1.001418434226643626e+03	2.787611500975479273e-01	1.814363273857246550e-01	2.346553617706866601e-01	1.408195999347235938e-01	6.828944385137100670e-02	2.680664633862406970e-02	6.923147062100715177e-02
1.002869765290740247e+03	2.784998254816453689e-01	1.812761962546506622e-01	2.348296386748749964e-01	1.409251604175320027e-01	6.833421841230061244e-02	2.683574145026747237e-02	6.929921930841398403e-02
1.004321096354836754e+03	2.782389637466705090e-01	1.811163233052289212e-01	2.350035615856431448e-01	1.410305361588808093e-01	6.837891462380299434e-02	2.686482837549530878e-02	6.936687220396341169e-02
1.005772427418933376e+03	2.779785640690973225e-01	1.809567080988637167e-01	2.351771313900856697e-01	1.411357274825984776e-01	6.842353262697838112e-02	2.689390670935569785e-02	6.943442962270590657e-02
1.007223758483029997e+03	2.777186256269377762e-01	1.807973501977919728e-01	2.353503489739861843e-01	1.412407347120959167e-01	6.846807256251560836e-02	2.692297605367802854e-02	6.950189187267974411e-02
1.008675089547126618e+03	2.774591475997381096e-01	1.806382491650818656e-01	2.355232152217755781e-01	1.413455581703578767e-01	6.851253457070240194e-02	2.695203601695028359e-02	6.956925925507917441e-02
1.010126420611223239e+03	2.772001291685749491e-01	1.804794045646311851e-01	2.356957310164913555e-01	1.414501981799348440e-01	6.855691879143523126e-02	2.698108621419885098e-02	6.963653206441891563e-02
1.011577751675319632e+03	2.769415695160512003e-01	1.803208159611660866e-01	2.358678972397386664e-01	1.415546550629355194e-01	6.860122536422837147e-02	2.701012626687065987e-02	6.970371058869484493e-02
1.013029082739416367e+03	2.766834678262922731e-01	1.801624829202393419e-01	2.360397147716520316e-01	1.416589291410199070e-01	6.864545442822264643e-02	2.703915580271770008e-02	6.977079510954137254e-02
1.014480413803512761e+03	2.764258232849423069e-01	1.800044050082290348e-01	2.362111844908584835e-01	1.417630207353928196e-01	6.868960612219356110e-02	2.706817445568380706e-02	6.983778590238526318e-02
1.015931744867609382e+03	2.761686350791601741e-01	1.798465817923368959e-01	2.363823072744417608e-01	1.418669301667976335e-01	6.873368058455904539e-02	2.709718186579370205e-02	6.990468323659605743e-02
1.017383075931706003e+03	2.759119023976159268e-01	1.796890128405868314e-01	2.365530839979076427e-01	1.419706577555107929e-01	6.877767795338667056e-02	2.712617767904422494e-02	6.997148737563323173e-02
1.018834406995802851e+03	2.756556244304867453e-01	1.795316977218233134e-01	2.367235155351504194e-01	1.420742038213365366e-01	6.882159836640062978e-02	2.715516154729769732e-02	7.003819857718998620e-02
1.020285738059899245e+03	2.753998003694534957e-01	1.793746360057099642e-01	2.368936027584202797e-01	1.421775686836019570e-01	6.886544196098812187e-02	2.718413312817742622e-02	7.010481709333403477e-02
1.021737069123995752e+03	2.751444294076970110e-01	1.792178272627278635e-01	2.370633465382919469e-01	1.422807526611525042e-01	6.890920887420556862e-02	2.721309208496523399e-02	7.017134317064514792e-02
1.023188400188092373e+03	2.748895107398942605e-01	1.790612710641740490e-01	2.372327477436340371e-01	1.423837560723478501e-01	6.895289924278431848e-02	2.724203808650104558e-02	7.023777705034971175e-02
1.024639731252188767e+03	2.746350435622149089e-01	1.789049669821599631e-01	2.374018072415796932e-01	1.424865792350578364e-01	6.899651320313622549e-02	2.727097080708441867e-02	7.030411896845231712e-02
1.026091062316285615e+03	2.743810270723173739e-01	1.787489145896097864e-01	2.375705258974979972e-01	1.425892224666590047e-01	6.904005089135875628e-02	2.729988992637803411e-02	7.037036915586436514e-02
1.027542393380382237e+03	2.741274604693456629e-01	1.785931134602590231e-01	2.377389045749665197e-01	1.426916860840311552e-01	6.908351244323987506e-02	2.732879512931307708e-02	7.043652783852998034e-02
1.028993724444478858e+03	2.738743429539255980e-01	1.784375631686527519e-01	2.379069441357444525e-01	1.427939704035544599e-01	6.912689799426270654e-02	2.735768610599648848e-02	7.050259523754892621e-02
1.030445055508575479e+03	2.736216737281611522e-01	1.782822632901440163e-01	2.380746454397469625e-01	1.428960757411064375e-01	6.917020767960987970e-02	2.738656255162000980e-02	7.056857156929692565e-02
1.031896386572671872e+03	2.733694519956312297e-01	1.781272134008923536e-01	2.382420093450203780e-01	1.429980024120594551e-01	6.921344163416767725e-02	2.741542416637102880e-02	7.063445704554327520e-02
1.033347717636768493e+03	2.731176769613859467e-01	1.779724130778621294e-01	2.384090367077179862e-01	1.430997507312783412e-01	6.925659999253000465e-02	2.744427065534519455e-02	7.070025187356583640e-02
1.034799048700865114e+03	2.728663478319432456e-01	1.778178618988208726e-01	2.385757283820770791e-01	1.432013210131180825e-01	6.929968288900201223e-02	2.747310172846069085e-02	7.076595625626352914e-02
1.036250379764961508e+03	2.726154638152853416e-01	1.776635594423377207e-01	2.387420852203963606e-01	1.433027135714220468e-01	6.934269045760367567e-02	2.750191710037423048e-02	7.083157039226614660e-02
1.037701710829058356e+03	2.723650241208556699e-01	1.775095052877817547e-01	2.389081080730144913e-01	1.434039287195199575e-01	6.938562283207309889e-02	2.753071649039868021e-02	7.089709447604194970e-02
1.039153041893154750e+03	2.721150279595549448e-01	1.773556990153204449e-01	2.390737977882893273e-01	1.435049667702262832e-01	6.942848014586969208e-02	2.755949962242226423e-02	7.096252869800270813e-02
1.040604372957251599e+03	2.718654745437381615e-01	1.772021402059179018e-01	2.392391552125778253e-01	1.436058280358388228e-01	6.947126253217715541e-02	2.758826622482940180e-02	7.102787324460642371e-02
1.042055704021347992e+03	2.716163630872110990e-01	1.770488284413333502e-01	2.394041811902168637e-01	1.437065128281373172e-01	6.951397012390632402e-02	2.761701603042301251e-02	7.109312829845776394e-02
1.043507035085444613e+03	2.713676928052270454e-01	1.768957633041194077e-01	2.395688765635045625e-01	1.438070214583821449e-01	6.955660305369787411e-02	2.764574877634840000e-02	7.115829403840630285e-02
1.044958366149541234e+03	2.711194629144834112e-01	1.767429443776205589e-01	2.397332421726825480e-01	1.439073542373133785e-01	6.959916145392486264e-02	2.767446420401858259e-02	7.122337063964244430e-02
1.046409697213637855e+03	2.708716726331183988e-01	1.765903712459713504e-01	2.398972788559187719e-01	1.440075114751498131e-01	6.964164545669519757e-02	2.770316205904106710e-02	7.128835827379129131e-02
1.047861028277734476e+03	2.706243211807077276e-01	1.764380434940948650e-01	2.400609874492909690e-01	1.441074934815879949e-01	6.968405519385388602e-02	2.773184209114605558e-02	7.135325710900439211e-02
1.049312359341831097e+03	2.703774077782615248e-01	1.762859607077010005e-01	2.402243687867710309e-01	1.442073005658016105e-01	6.972639079698529641e-02	2.776050405411605373e-02	7.141806731004937681e-02
1.050763690405927491e+03	2.701309316482209399e-01	1.761341224732848876e-01	2.403874237002096015e-01	1.443069330364407932e-01	6.976865239741525393e-02	2.778914770571682194e-02	7.148278903839763720e-02
1.052215021470024112e+03	2.698848920144549246e-01	1.759825283781251415e-01	2.405501530193216997e-01	1.444063912016315676e-01	6.981084012621296964e-02	2.781777280762965862e-02	7.154742245230995279e-02
1.053666352534120733e+03	2.696392881022570132e-01	1.758311780102822797e-01	2.407125575716727861e-01	1.445056753689755169e-01	6.985295411419302491e-02	2.784637912538501237e-02	7.161196770692031255e-02
1.055117683598217127e+03	2.693941191383421585e-01	1.756800709585970011e-01	2.408746381826653848e-01	1.446047858455493107e-01	6.989499449191710623e-02	2.787496642829735347e-02	7.167642495431768290e-02
1.056569014662313975e+03	2.691493843508435124e-01	1.755292068126886040e-01	2.410363956755262882e-01	1.447037229379043999e-01	6.993696138969578147e-02	2.790353448940131181e-02	7.174079434362606866e-02
1.058020345726410369e+03	2.689050829693095390e-01	1.753785851629532655e-01	2.411978308712945385e-01	1.448024869520669056e-01	6.997885493759012365e-02	2.793208308538904991e-02	7.180507602108270049e-02
1.059471676790506763e+03	2.686612142247002399e-01	1.752282056005623201e-01	2.413589445888097429e-01	1.449010781935373415e-01	7.002067526541329301e-02	2.796061199654881202e-02	7.186927013011443210e-02
1.060923007854603611e+03	2.684177773493846009e-01	1.750780677174606503e-01	2.415197376447009991e-01	1.449994969672907252e-01	7.006242250273203576e-02	2.798912100670468417e-02	7.193337681141245832e-02
1.062374338918700232e+03	2.681747715771373719e-01	1.749281711063651046e-01	2.416802108533763482e-01	1.450977435777763558e-01	7.010409677886812740e-02	2.801760990315748864e-02	7.199739620300531218e-02
1.063825669982796853e+03	2.679321961431359034e-01	1.747785153607627484e-01	2.418403650270127825e-01	1.451958183289179805e-01	7.014569822289976053e-02	2.804607847662683034e-02	7.206132844033012741e-02
1.065277001046893474e+03	2.676900502839569262e-01	1.746291000749091160e-01	2.420002009755467254e-01	1.452937215241139335e-01	7.018722696366280767e-02	2.807452652119420827e-02	7.212517365630247146e-02
1.066728332110990095e+03	2.674483332375736100e-01	1.744799248438266559e-01	2.421597195066649832e-01	1.453914534662370805e-01	7.022868312975219518e-02	2.810295383424728580e-02	7.218893198138436051e-02
1.068179663175086489e+03	2.672070442433526205e-01	1.743309892633029823e-01	2.423189214257962798e-01	1.454890144576353184e-01	7.027006684952299964e-02	2.813136021642514278e-02	7.225260354365087290e-02
1.069630994239183110e+03	2.669661825420509560e-01	1.741822929298892930e-01	2.424778075361030127e-01	1.455864048001314637e-01	7.031137825109166906e-02	2.815974547156463795e-02	7.231618846885518037e-02
1.071082325303279504e+03	2.667257473758128938e-01	1.740338354408985932e-01	2.426363786384739263e-01	1.456836247950238361e-01	7.035261746233714697e-02	2.818810940664774611e-02	7.237968688049213617e-02
1.072533656367376352e+03	2.664857379881670485e-01	1.738856163944040856e-01	2.427946355315166171e-01	1.457806747430863969e-01	7.039378461090191330e-02	2.821645183174992244e-02	7.244309889986032258e-02
1.073984987431472746e+03	2.662461536240233184e-01	1.737376353892374770e-01	2.429525790115510120e-01	1.458775549445692488e-01	7.043487982419303906e-02	2.824477255998943462e-02	7.250642464612276628e-02
1.075436318495569594e+03	2.660069935296700550e-01	1.735898920249873689e-01	2.431102098726030114e-01	1.459742656991988297e-01	7.047590322938321328e-02	2.827307140747766304e-02	7.256966423636619645e-02
1.076887649559666215e+03	2.657682569527708427e-01	1.734423859019974812e-01	2.432675289063985502e-01	1.460708073061785239e-01	7.051685495341163123e-02	2.830134819327032730e-02	7.263281778565899849e-02
1.078338980623762609e+03	2.655299431423617795e-01	1.732951166213649863e-01	2.434245369023581018e-01	1.461671800641890506e-01	7.055773512298499361e-02	2.832960273931964951e-02	7.269588540710776592e-02
1.079790311687859230e+03	2.652920513488484788e-01	1.731480837849389276e-01	2.435812346475916823e-01	1.462633842713889354e-01	7.059854386457835307e-02	2.835783487042741607e-02	7.275886721191257567e-02
1.081241642751955851e+03	2.650545808240029610e-01	1.730012869953185262e-01	2.437376229268939931e-01	1.463594202254150378e-01	7.063928130443600240e-02	2.838604441419892085e-02	7.282176330942100040e-02
1.082692973816052472e+03	2.648175308209609335e-01	1.728547258558514321e-01	2.438937025227401467e-01	1.464552882233830511e-01	7.067994756857229333e-02	2.841423120099777558e-02	7.288457380718083023e-02
1.084144304880149093e+03	2.645809005942188485e-01	1.727083999706321704e-01	2.440494742152816698e-01	1.465509885618881125e-01	7.072054278277245531e-02	2.844239506390156685e-02	7.294729881099164259e-02
1.085595635944245487e+03	2.643446893996309610e-01	1.725623089445003644e-01	2.442049387823428952e-01	1.466465215370053587e-01	7.076106707259340045e-02	2.847053583865836318e-02	7.300993842495512309e-02
1.087046967008342108e+03	2.641088964944066086e-01	1.724164523830390983e-01	2.443600969994176308e-01	1.467418874442904808e-01	7.080152056336444510e-02	2.849865336364400606e-02	7.307249275152419288e-02
1.088498298072438729e+03	2.638735211371070477e-01	1.722708298925733350e-01	2.445149496396662736e-01	1.468370865787804735e-01	7.084190338018808708e-02	2.852674747982023029e-02	7.313496189155103966e-02
1.089949629136535123e+03	2.636385625876427885e-01	1.721254410801681400e-01	2.446694974739131723e-01	1.469321192349941907e-01	7.088221564794068563e-02	2.855481803069353369e-02	7.319734594433401076e-02
1.091400960200631971e+03	2.634040201072708198e-01	1.719802855536270991e-01	2.448237412706442406e-01	1.470269857069329000e-01	7.092245749127319698e-02	2.858286486227485171e-02	7.325964500766340981e-02
1.092852291264728365e+03	2.631698929585916669e-01	1.718353629214905975e-01	2.449776817960052089e-01	1.471216862880810883e-01	7.096262903461182658e-02	2.861088782303996061e-02	7.332185917786622487e-02
1.094303622328825213e+03	2.629361804055464491e-01	1.716906727930341825e-01	2.451313198137996807e-01	1.472162212714071550e-01	7.100273040215869524e-02	2.863888676389060237e-02	7.338398854984981567e-02
1.095754953392921607e+03	2.627028817134143268e-01	1.715462147782669255e-01	2.452846560854878566e-01	1.473105909493640786e-01	7.104276171789247751e-02	2.866686153811637966e-02	7.344603321714454625e-02
1.097206284457018228e+03	2.624699961488096145e-01	1.714019884879297573e-01	2.454376913701854235e-01	1.474047956138900828e-01	7.108272310556905393e-02	2.869481200135729632e-02	7.350799327194540433e-02
1.098657615521114849e+03	2.622375229796789498e-01	1.712579935334937187e-01	2.455904264246627777e-01	1.474988355564093301e-01	7.112261468872212167e-02	2.872273801156704012e-02	7.356986880515269112e-02
1.100108946585211470e+03	2.620054614752984623e-01	1.711142295271585179e-01	2.457428620033444144e-01	1.475927110678328658e-01	7.116243659066376348e-02	2.875063942897691446e-02	7.363165990641172554e-02
1.101560277649308091e+03	2.617738109062710539e-01	1.709706960818506705e-01	2.458949988583086776e-01	1.476864224385590618e-01	7.120218893448507225e-02	2.877851611606045690e-02	7.369336666415163273e-02
1.103011608713404712e+03	2.615425705445238447e-01	1.708273928112220286e-01	2.460468377392877048e-01	1.477799699584746440e-01	7.124187184305670606e-02	2.880636793749868224e-02	7.375498916562311935e-02
1.104462939777501106e+03	2.613117396633050094e-01	1.706843193296478656e-01	2.461983793936677045e-01	1.478733539169552191e-01	7.128148543902945722e-02	2.883419476014598484e-02	7.381652749693545790e-02
1.105914270841597499e+03	2.610813175371814454e-01	1.705414752522256272e-01	2.463496245664894002e-01	1.479665746028662465e-01	7.132102984483479347e-02	2.886199645299666883e-02	7.387798174309255506e-02
1.107365601905694348e+03	2.608513034420358312e-01	1.703988601947728776e-01	2.465005740004487245e-01	1.480596323045637042e-01	7.136050518268539922e-02	2.888977288715207162e-02	7.393935198802810416e-02
1.108816932969790741e+03	2.606216966550639613e-01	1.702564737738259393e-01	2.466512284358977902e-01	1.481525273098948936e-01	7.139991157457574456e-02	2.891752393578831196e-02	7.400063831464000208e-02
1.110268264033887590e+03	2.603924964547721377e-01	1.701143156066381446e-01	2.468015886108460566e-01	1.482452599061992449e-01	7.143924914228258483e-02	2.894524947412460344e-02	7.406184080482386412e-02
1.111719595097984211e+03	2.601637021209742273e-01	1.699723853111782534e-01	2.469516552609616888e-01	1.483378303803091214e-01	7.147851800736543249e-02	2.897294937939216483e-02	7.412295953950576166e-02
1.113170926162080832e+03	2.599353129347892755e-01	1.698306825061288161e-01	2.471014291195731682e-01	1.484302390185505693e-01	7.151771829116709833e-02	2.900062353080368888e-02	7.418399459867411339e-02
1.114622257226177226e+03	2.597073281786385635e-01	1.696892068108844243e-01	2.472509109176710407e-01	1.485224861067441782e-01	7.155685011481423274e-02	2.902827180952335939e-02	7.424494606141093800e-02
1.116073588290273847e+03	2.594797471362431662e-01	1.695479578455502123e-01	2.474001013839101648e-01	1.486145719302059409e-01	7.159591359921771425e-02	2.905589409863741299e-02	7.430581400592219110e-02
1.117524919354370468e+03	2.592525690926211768e-01	1.694069352309402199e-01	2.475490012446115162e-01	1.487064967737479482e-01	7.163490886507323241e-02	2.908349028312524898e-02	7.436659850956751916e-02
1.118976250418467089e+03	2.590257933340849861e-01	1.692661385885757541e-01	2.476976112237649630e-01	1.487982609216792762e-01	7.167383603286170413e-02	2.911106024983103197e-02	7.442729964888915306e-02
1.120427581482563710e+03	2.587994191482389517e-01	1.691255675406837244e-01	2.478459320430315693e-01	1.488898646578067919e-01	7.171269522284978715e-02	2.913860388743583565e-02	7.448791749964019104e-02
1.121878912546660331e+03	2.585734458239763445e-01	1.689852217101951160e-01	2.479939644217465933e-01	1.489813082654360965e-01	7.175148655509025475e-02	2.916612108643026890e-02	7.454845213681218774e-02
1.123330243610756725e+03	2.583478726514771284e-01	1.688451007207432963e-01	2.481417090769221512e-01	1.490725920273721361e-01	7.179021014942256473e-02	2.919361173908759793e-02	7.460890363466197994e-02
1.124781574674853118e+03	2.581226989222050183e-01	1.687052041966624338e-01	2.482891667232505761e-01	1.491637162259203120e-01	7.182886612547326188e-02	2.922107573943734729e-02	7.466927206673795725e-02
1.126232905738949967e+03	2.578979239289051484e-01	1.685655317629859151e-01	2.484363380731074711e-01	1.492546811428870357e-01	7.186745460265640817e-02	2.924851298323938309e-02	7.472955750590562496e-02
1.127684236803046360e+03	2.576735469656012412e-01	1.684260830454447355e-01	2.485832238365552616e-01	1.493454870595807282e-01	7.190597570017404072e-02	2.927592336795844380e-02	7.478976002437258408e-02
1.129135567867143209e+03	2.574495673275932206e-01	1.682868576704658337e-01	2.487298247213467206e-01	1.494361342568126527e-01	7.194442953701662979e-02	2.930330679273913247e-02	7.484987969371283134e-02
1.130586898931239830e+03	2.572259843114545474e-01	1.681478552651705927e-01	2.488761414329288268e-01	1.495266230148977471e-01	7.198281623196349510e-02	2.933066315838135998e-02	7.490991658489049021e-02
1.132038229995336451e+03	2.570027972150296658e-01	1.680090754573731471e-01	2.490221746744464282e-01	1.496169536136554290e-01	7.202113590358323603e-02	2.935799236731620118e-02	7.496987076828298679e-02
1.133489561059432845e+03	2.567800053374314495e-01	1.678705178755788840e-01	2.491679251467463496e-01	1.497071263324105117e-01	7.205938867023414796e-02	2.938529432358220894e-02	7.502974231370355962e-02
1.134940892123529466e+03	2.565576079790385378e-01	1.677321821489827780e-01	2.493133935483816954e-01	1.497971414499939813e-01	7.209757465006465249e-02	2.941256893280211684e-02	7.508953129042329755e-02
1.136392223187626087e+03	2.563356044414931700e-01	1.675940679074679196e-01	2.494585805756158736e-01	1.498869992447438571e-01	7.213569396101371378e-02	2.943981610215997552e-02	7.514923776719253934e-02
1.137843554251722708e+03	2.561139940276981886e-01	1.674561747816037394e-01	2.496034869224272590e-01	1.499766999945060797e-01	7.217374672081126874e-02	2.946703574037867757e-02	7.520886181226184297e-02
1.139294885315819101e+03	2.558927760418147068e-01	1.673185024026446199e-01	2.497481132805135784e-01	1.500662439766353162e-01	7.221173304697862949e-02	2.949422775769787800e-02	7.526840349340231662e-02
1.140746216379915950e+03	2.556719497892596671e-01	1.671810504025282029e-01	2.498924603392966293e-01	1.501556314679959037e-01	7.224965305682889971e-02	2.952139206585229977e-02	7.532786287792544999e-02
1.142197547444012343e+03	2.554515145767032314e-01	1.670438184138739457e-01	2.500365287859270258e-01	1.502448627449625429e-01	7.228750686746730769e-02	2.954852857805043836e-02	7.538724003270254326e-02
1.143648878508108737e+03	2.552314697120663389e-01	1.669068060699813727e-01	2.501803193052892227e-01	1.503339380834212424e-01	7.232529459579174758e-02	2.957563720895359585e-02	7.544653502418352531e-02
1.145100209572205586e+03	2.550118145045182083e-01	1.667700130048286877e-01	2.503238325800062891e-01	1.504228577587702342e-01	7.236301635849305691e-02	2.960271787465532795e-02	7.550574791841530020e-02
1.146551540636302207e+03	2.547925482644737283e-01	1.666334388530711363e-01	2.504670692904452656e-01	1.505116220459206955e-01	7.240067227205550238e-02	2.962977049266120669e-02	7.556487878105971889e-02
1.148002871700398828e+03	2.545736703035910709e-01	1.664970832500393960e-01	2.506100301147221043e-01	1.506002312192976367e-01	7.243826245275708509e-02	2.965679498186895441e-02	7.562392767741098198e-02
1.149454202764495449e+03	2.543551799347694153e-01	1.663609458317380496e-01	2.507527157287073871e-01	1.506886855528407898e-01	7.247578701667001244e-02	2.968379126254892808e-02	7.568289467241264001e-02
1.150905533828591842e+03	2.541370764721461728e-01	1.662250262348441976e-01	2.508951268060312101e-01	1.507769853200055243e-01	7.251324607966104507e-02	2.971075925632490553e-02	7.574177983067414965e-02
1.152356864892688463e+03	2.539193592310947101e-01	1.660893240967056539e-01	2.510372640180892345e-01	1.508651307937634856e-01	7.255063975739192705e-02	2.973769888615524978e-02	7.580058321648698583e-02
1.153808195956785084e+03	2.537020275282219073e-01	1.659538390553395859e-01	2.511791280340477384e-01	1.509531222466036493e-01	7.258796816531971896e-02	2.976461007631435104e-02	7.585930489384035136e-02
1.155259527020881706e+03	2.534850806813654378e-01	1.658185707494308769e-01	2.513207195208497780e-01	1.510409599505330991e-01	7.262523141869720034e-02	2.979149275237441552e-02	7.591794492643647030e-02
1.156710858084978327e+03	2.532685180095918254e-01	1.656835188183306551e-01	2.514620391432206281e-01	1.511286441770778310e-01	7.266242963257329990e-02	2.981834684118754922e-02	7.597650337770543716e-02
1.158162189149074720e+03	2.530523388331936685e-01	1.655486829020547668e-01	2.516030875636738329e-01	1.512161751972836699e-01	7.269956292179338697e-02	2.984517227086816785e-02	7.603498031081970532e-02
1.159613520213171569e+03	2.528365424736873091e-01	1.654140626412822224e-01	2.517438654425169786e-01	1.513035532817170736e-01	7.273663140099972946e-02	2.987196897077566693e-02	7.609337578870825625e-02
1.161064851277267962e+03	2.526211282538104452e-01	1.652796576773536141e-01	2.518843734378577448e-01	1.513907787004660499e-01	7.277363518463181302e-02	2.989873687149742498e-02	7.615168987407024137e-02
1.162516182341364356e+03	2.524060954975196336e-01	1.651454676522697007e-01	2.520246122056098992e-01	1.514778517231408494e-01	7.281057438692681294e-02	2.992547590483207384e-02	7.620992262938838802e-02
1.163967513405461204e+03	2.521914435299880686e-01	1.650114922086898250e-01	2.521645823994995705e-01	1.515647726188749933e-01	7.284744912191983002e-02	2.995218600377304655e-02	7.626807411694201677e-02
1.165418844469557826e+03	2.519771716776030845e-01	1.648777309899304711e-01	2.523042846710713549e-01	1.516515416563260499e-01	7.288425950344436244e-02	2.997886710249242359e-02	7.632614439881960089e-02
1.166870175533654447e+03	2.517632792679637133e-01	1.647441836399636261e-01	2.524437196696948105e-01	1.517381591036763844e-01	7.292100564513265271e-02	3.000551913632501858e-02	7.638413353693118690e-02
1.168321506597751068e+03	2.515497656298784634e-01	1.646108498034153933e-01	2.525828880425703415e-01	1.518246252286341857e-01	7.295768766041603459e-02	3.003214204175276222e-02	7.644204159302026014e-02
1.169772837661847461e+03	2.513366300933627673e-01	1.644777291255645202e-01	2.527217904347359156e-01	1.519109402984341328e-01	7.299430566252534947e-02	3.005873575638932232e-02	7.649986862867544368e-02
1.171224168725944082e+03	2.511238719896367599e-01	1.643448212523407892e-01	2.528604274890735026e-01	1.519971045798383102e-01	7.303085976449127936e-02	3.008530021896498388e-02	7.655761470534180879e-02
1.172675499790040703e+03	2.509114906511229481e-01	1.642121258303235187e-01	2.529987998463155141e-01	1.520831183391370689e-01	7.306735007914470781e-02	3.011183536931180335e-02	7.661527988433185221e-02
1.174126830854137097e+03	2.506994854114437121e-01	1.640796425067402309e-01	2.531369081450512981e-01	1.521689818421498308e-01	7.310377671911710840e-02	3.013834114834896410e-02	7.667286422683620983e-02
1.175578161918233945e+03	2.504878556054191963e-01	1.639473709294649861e-01	2.532747530217339671e-01	1.522546953542259496e-01	7.314013979684086397e-02	3.016481749806841639e-02	7.673036779393403728e-02
1.177029492982330339e+03	2.502766005690645890e-01	1.638153107470170233e-01	2.534123351106867261e-01	1.523402591402455153e-01	7.317643942454969685e-02	3.019126436152072893e-02	7.678779064660314069e-02
1.178480824046426733e+03	2.500657196395881798e-01	1.636834616085592331e-01	2.535496550441098673e-01	1.524256734646201872e-01	7.321267571427898802e-02	3.021768168280118336e-02	7.684513284572978831e-02
1.179932155110523581e+03	2.498552121553888616e-01	1.635518231638967146e-01	2.536867134520873757e-01	1.525109385912941096e-01	7.324884877786612403e-02	3.024406940703608382e-02	7.690239445211820291e-02
1.181383486174620202e+03	2.496450774560538544e-01	1.634203950634751934e-01	2.538235109625936459e-01	1.525960547837446613e-01	7.328495872695087177e-02	3.027042748036931630e-02	7.695957552649991540e-02
1.182834817238716823e+03	2.494353148823563737e-01	1.632891769583798003e-01	2.539600482015004768e-01	1.526810223049833160e-01	7.332100567297576699e-02	3.029675584994908147e-02	7.701667612954267439e-02
1.184286148302813444e+03	2.492259237762533275e-01	1.631581685003333504e-01	2.540963257925839547e-01	1.527658414175564472e-01	7.335698972718643351e-02	3.032305446391489467e-02	7.707369632185923081e-02
1.185737479366910065e+03	2.490169034808830117e-01	1.630273693416949832e-01	2.542323443575310038e-01	1.528505123835461610e-01	7.339291100063193019e-02	3.034932327138475591e-02	7.713063616401577560e-02
1.187188810431006686e+03	2.488082533405628904e-01	1.628967791354588024e-01	2.543681045159469356e-01	1.529350354645711840e-01	7.342876960416513943e-02	3.037556222244254187e-02	7.718749571654025254e-02
1.188640141495103080e+03	2.485999727007872084e-01	1.627663975352522663e-01	2.545036068853616662e-01	1.530194109217876131e-01	7.346456564844312809e-02	3.040177126812561303e-02	7.724427503993025468e-02
1.190091472559199701e+03	2.483920609082247988e-01	1.626362241953349108e-01	2.546388520812374323e-01	1.531036390158898308e-01	7.350029924392741110e-02	3.042795036041259435e-02	7.730097419466080977e-02
1.191542803623296322e+03	2.481845173107167513e-01	1.625062587705967121e-01	2.547738407169753971e-01	1.531877200071112000e-01	7.353597050088445108e-02	3.045409945221136741e-02	7.735759324119195757e-02
1.192994134687392716e+03	2.479773412572741920e-01	1.623765009165568374e-01	2.549085734039227558e-01	1.532716541552249789e-01	7.357157952938588041e-02	3.048021849734724661e-02	7.741413223997592463e-02
1.194445465751489564e+03	2.477705320980759796e-01	1.622469502893620630e-01	2.550430507513800626e-01	1.533554417195451547e-01	7.360712643930891752e-02	3.050630745055135998e-02	7.747059125146429914e-02
1.195896796815585958e+03	2.475640891844665403e-01	1.621176065457854976e-01	2.551772733666079485e-01	1.534390829589271921e-01	7.364261134033669998e-02	3.053236626744918608e-02	7.752697033611481714e-02
1.197348127879682352e+03	2.473580118689534535e-01	1.619884693432250000e-01	2.553112418548345586e-01	1.535225781317688942e-01	7.367803434195863144e-02	3.055839490454929225e-02	7.758326955439803774e-02
1.198799458943779200e+03	2.471522995052054250e-01	1.618595383397018750e-01	2.554449568192626585e-01	1.536059274960112353e-01	7.371339555347070083e-02	3.058439331923224619e-02	7.763948896680375467e-02
1.200250790007875821e+03	2.469469514480498451e-01	1.617308131938593740e-01	2.555784188610766838e-01	1.536891313091391653e-01	7.374869508397592643e-02	3.061036146973969765e-02	7.769562863384726903e-02
1.201702121071972442e+03	2.467419670534706788e-01	1.616022935649613079e-01	2.557116285794500121e-01	1.537721898281823596e-01	7.378393304238456407e-02	3.063629931516363009e-02	7.775168861607537063e-02
1.203153452136069063e+03	2.465373456786062734e-01	1.614739791128907698e-01	2.558445865715521794e-01	1.538551033097161624e-01	7.381910953741455117e-02	3.066220681543579268e-02	7.780766897407220828e-02
1.204604783200165684e+03	2.463330866817469988e-01	1.613458694981484420e-01	2.559772934325561522e-01	1.539378720098622810e-01	7.385422467759183984e-02	3.068808393131727125e-02	7.786356976846493805e-02
1.206056114264262078e+03	2.461291894223331667e-01	1.612179643818515140e-01	2.561097497556454328e-01	1.540204961842896458e-01	7.388927857125070220e-02	3.071393062438825330e-02	7.791939105992919112e-02
1.207507445328358699e+03	2.459256532609527812e-01	1.610902634257320165e-01	2.562419561320216088e-01	1.541029760882151878e-01	7.392427132653409116e-02	3.073974685703792509e-02	7.797513290919440287e-02
1.208958776392455093e+03	2.457224775593393196e-01	1.609627662921356284e-01	2.563739131509110702e-01	1.541853119764047264e-01	7.395920305139400130e-02	3.076553259245453503e-02	7.803079537704886437e-02
1.210410107456551941e+03	2.455196616803695386e-01	1.608354726440201499e-01	2.565056213995728362e-01	1.542675041031736638e-01	7.399407385359178801e-02	3.079128779461559953e-02	7.808637852434469062e-02
1.211861438520648335e+03	2.453172049880612826e-01	1.607083821449541983e-01	2.566370814633054942e-01	1.543495527223878172e-01	7.402888384069851446e-02	3.081701242827829257e-02	7.814188241200263618e-02
1.213312769584745183e+03	2.451151068475713735e-01	1.605814944591157922e-01	2.567682939254548602e-01	1.544314580874643350e-01	7.406363312009528466e-02	3.084270645896992208e-02	7.819730710101666094e-02
1.214764100648841804e+03	2.449133666251933628e-01	1.604548092512910473e-01	2.568992593674208069e-01	1.545132204513724183e-01	7.409832179897361815e-02	3.086836985297860755e-02	7.825265265245841262e-02
1.216215431712937971e+03	2.447119836883553112e-01	1.603283261868725940e-01	2.570299783686649797e-01	1.545948400666339873e-01	7.413294998433572758e-02	3.089400257734407559e-02	7.830791912748151506e-02
1.217666762777034819e+03	2.445109574056177626e-01	1.602020449318585227e-01	2.571604515067180130e-01	1.546763171853247354e-01	7.416751778299490727e-02	3.091960459984858037e-02	7.836310658732571766e-02
1.219118093841131440e+03	2.443102871466714121e-01	1.600759651528507743e-01	2.572906793571865802e-01	1.547576520590747406e-01	7.420202530157586629e-02	3.094517588900800101e-02	7.841821509332091988e-02
1.220569424905228061e+03	2.441099722823350526e-01	1.599500865170538633e-01	2.574206624937611099e-01	1.548388449390692978e-01	7.423647264651500599e-02	3.097071641406301881e-02	7.847324470689095999e-02
1.222020755969324682e+03	2.439100121845534652e-01	1.598244086922734897e-01	2.575504014882227799e-01	1.549198960760498345e-01	7.427085992406085024e-02	3.099622614497047485e-02	7.852819548955741746e-02
1.223472087033421303e+03	2.437104062263951987e-01	1.596989313469152350e-01	2.576798969104511783e-01	1.550008057203144662e-01	7.430518724027429522e-02	3.102170505239483511e-02	7.858306750294313803e-02
1.224923418097517697e+03	2.435111537820504324e-01	1.595736541499832017e-01	2.578091493284313529e-01	1.550815741217190236e-01	7.433945470102898412e-02	3.104715310769976325e-02	7.863786080877564755e-02
1.226374749161614318e+03	2.433122542268288113e-01	1.594485767710786261e-01	2.579381593082612500e-01	1.551622015296777179e-01	7.437366241201166794e-02	3.107257028293985632e-02	7.869257546889052435e-02
1.227826080225710712e+03	2.431137069371573922e-01	1.593236988803986287e-01	2.580669274141590419e-01	1.552426881931639191e-01	7.440781047872249698e-02	3.109795655085248814e-02	7.874721154523457722e-02
1.229277411289807560e+03	2.429155112905785341e-01	1.591990201487346601e-01	2.581954542084703985e-01	1.553230343607110431e-01	7.444189900647531222e-02	3.112331188484975322e-02	7.880176909986885692e-02
1.230728742353903954e+03	2.427176666657476778e-01	1.590745402474715298e-01	2.583237402516758707e-01	1.554032402804131907e-01	7.447592810039808942e-02	3.114863625901055297e-02	7.885624819497162596e-02
1.232180073418000802e+03	2.425201724424313199e-01	1.589502588485857404e-01	2.584517861023982177e-01	1.554833061999261190e-01	7.450989786543318893e-02	3.117392964807278594e-02	7.891064889284114814e-02
1.233631404482097196e+03	2.423230280015048199e-01	1.588261756246443501e-01	2.585795923174097899e-01	1.555632323664678240e-01	7.454380840633767491e-02	3.119919202742565262e-02	7.896497125589843624e-02
1.235082735546193817e+03	2.421262327249503743e-01	1.587022902488035292e-01	2.587071594516396345e-01	1.556430190268194569e-01	7.457765982768373159e-02	3.122442337310206775e-02	7.901921534668980562e-02
1.236534066610290438e+03	2.419297859958549624e-01	1.585786023948073387e-01	2.588344880581807672e-01	1.557226664273260730e-01	7.461145223385888536e-02	3.124962366177120102e-02	7.907338122788934442e-02
1.237985397674387059e+03	2.417336871984080149e-01	1.584551117369864259e-01	2.589615786882978887e-01	1.558021748138974372e-01	7.464518572906643501e-02	3.127479287073110098e-02	7.912746896230130056e-02
1.239436728738483680e+03	2.415379357178996655e-01	1.583318179502566092e-01	2.590884318914342677e-01	1.558815444320086341e-01	7.467886041732567370e-02	3.129993097790143702e-02	7.918147861286234379e-02
1.240888059802580301e+03	2.413425309407183639e-01	1.582087207101176562e-01	2.592150482152191238e-01	1.559607755267011509e-01	7.471247640247231925e-02	3.132503796181633493e-02	7.923541024264373067e-02
1.242339390866676695e+03	2.411474722543490157e-01	1.580858196926520076e-01	2.593414282054748998e-01	1.560398683425833488e-01	7.474603378815876387e-02	3.135011380161734085e-02	7.928926391485334457e-02
1.243790721930773088e+03	2.409527590473707903e-01	1.579631145745233611e-01	2.594675724062246447e-01	1.561188231238314073e-01	7.477953267785442115e-02	3.137515847704644423e-02	7.934303969283769409e-02
1.245242052994869937e+03	2.407583907094550391e-01	1.578406050329755062e-01	2.595934813596991186e-01	1.561976401141900173e-01	7.481297317484608689e-02	3.140017196843924302e-02	7.939673764008374490e-02
1.246693384058966330e+03	2.405643666313633244e-01	1.577182907458309635e-01	2.597191556063441209e-01	1.562763195569732699e-01	7.484635538223821660e-02	3.142515425671816437e-02	7.945035782022073778e-02
1.248144715123063179e+03	2.403706862049453663e-01	1.575961713914896534e-01	2.598445956848275951e-01	1.563548616950652670e-01	7.487967940295328639e-02	3.145010532338581716e-02	7.950390029702185390e-02
1.249596046187159800e+03	2.401773488231367659e-01	1.574742466489277848e-01	2.599698021320470676e-01	1.564332667709209534e-01	7.491294533973207048e-02	3.147502515051839311e-02	7.955736513440578306e-02
1.251047377251256421e+03	2.399843538799573128e-01	1.573525161976964126e-01	2.600947754831366976e-01	1.565115350265669225e-01	7.494615329513402979e-02	3.149991372075922058e-02	7.961075239643827794e-02
1.252498708315352815e+03	2.397917007705086534e-01	1.572309797179202162e-01	2.602195162714744936e-01	1.565896667036021372e-01	7.497930337153756175e-02	3.152477101731233911e-02	7.966406214733358360e-02
1.253950039379449436e+03	2.395993888909723757e-01	1.571096368902961948e-01	2.603440250286894186e-01	1.566676620431986799e-01	7.501239567114034723e-02	3.154959702393622667e-02	7.971729445145575577e-02
1.255401370443546057e+03	2.394074176386079278e-01	1.569884873960924743e-01	2.604683022846687179e-01	1.567455212861026403e-01	7.504543029595975301e-02	3.157439172493756163e-02	7.977044937331995156e-02
1.256852701507642678e+03	2.392157864117506749e-01	1.568675309171470023e-01	2.605923485675650242e-01	1.568232446726346152e-01	7.507840734783298442e-02	3.159915510516510262e-02	7.982352697759359517e-02
1.258304032571739299e+03	2.390244946098097345e-01	1.567467671358662995e-01	2.607161644038035186e-01	1.569008324426907630e-01	7.511132692841757108e-02	3.162388715000363781e-02	7.987652732909754361e-02
1.259755363635835920e+03	2.388335416332660610e-01	1.566261957352241829e-01	2.608397503180888144e-01	1.569782848357433036e-01	7.514418913919157506e-02	3.164858784536801750e-02	7.992945049280705816e-02
1.261206694699932314e+03	2.386429268836704476e-01	1.565058163987604611e-01	2.609631068334125059e-01	1.570556020908415173e-01	7.517699408145397943e-02	3.167325717769728377e-02	7.998229653385283133e-02
1.262658025764028707e+03	2.384526497636414721e-01	1.563856288105798797e-01	2.610862344710597749e-01	1.571327844466122725e-01	7.520974185632496589e-02	3.169789513394884878e-02	8.003506551752183340e-02
1.264109356828125556e+03	2.382627096768633879e-01	1.562656326553506503e-01	2.612091337506168842e-01	1.572098321412609134e-01	7.524243256474624775e-02	3.172250170159277016e-02	8.008775750925818671e-02
1.265560687892221949e+03	2.380731060280843470e-01	1.561458276183033400e-01	2.613318051899779504e-01	1.572867454125719822e-01	7.527506630748136141e-02	3.174707686860611666e-02	8.014037257466394282e-02
1.267012018956318798e+03	2.378838382231142079e-01	1.560262133852296229e-01	2.614542493053521044e-01	1.573635244979099956e-01	7.530764318511602717e-02	3.177162062346737537e-02	8.019291077949973479e-02
1.268463350020415419e+03	2.376949056688226480e-01	1.559067896424810029e-01	2.615764666112704862e-01	1.574401696342200840e-01	7.534016329805842682e-02	3.179613295515095611e-02	8.024537218968545715e-02
1.269914681084511813e+03	2.375063077731371375e-01	1.557875560769675927e-01	2.616984576205932944e-01	1.575166810580289067e-01	7.537262674653953665e-02	3.182061385312177221e-02	8.029775687130079331e-02
1.271366012148608434e+03	2.373180439450409962e-01	1.556685123761569201e-01	2.618202228445167812e-01	1.575930590054452352e-01	7.540503363061344666e-02	3.184506330732987667e-02	8.035006489058578449e-02
1.272817343212705055e+03	2.371301135945713401e-01	1.555496582280727347e-01	2.619417627925800240e-01	1.576693037121608132e-01	7.543738405015765203e-02	3.186948130820518171e-02	8.040229631394128773e-02
1.274268674276801676e+03	2.369425161328171658e-01	1.554309933212936756e-01	2.620630779726721427e-01	1.577454154134510789e-01	7.546967810487338613e-02	3.189386784665223379e-02	8.045445120792933669e-02
1.275720005340898297e+03	2.367552509719174358e-01	1.553125173449521890e-01	2.621841688910390711e-01	1.578213943441758305e-01	7.550191589428592587e-02	3.191822291404507184e-02	8.050652963927350247e-02
1.277171336404994690e+03	2.365683175250589410e-01	1.551942299887331678e-01	2.623050360522906077e-01	1.578972407387800869e-01	7.553409751774491088e-02	3.194254650222214109e-02	8.055853167485926836e-02
1.278622667469091539e+03	2.363817152064744964e-01	1.550761309428729251e-01	2.624256799594070211e-01	1.579729548312946430e-01	7.556622307442463493e-02	3.196683860348129014e-02	8.061045738173414077e-02
1.280073998533187932e+03	2.361954434314409157e-01	1.549582198981578063e-01	2.625461011137461553e-01	1.580485368553370962e-01	7.559829266332439290e-02	3.199109921057481654e-02	8.066230682710792688e-02
1.281525329597284326e+03	2.360095016162770953e-01	1.548404965459231897e-01	2.626663000150503691e-01	1.581239870441122908e-01	7.563030638326874444e-02	3.201532831670454715e-02	8.071408007835285947e-02
1.282976660661381175e+03	2.358238891783420443e-01	1.547229605780520711e-01	2.627862771614531412e-01	1.581993056304132061e-01	7.566226433290788866e-02	3.203952591551705725e-02	8.076577720300370800e-02
1.284427991725477568e+03	2.356386055360329967e-01	1.546056116869740094e-01	2.629060330494857878e-01	1.582744928466216783e-01	7.569416661071790009e-02	3.206369200109888962e-02	8.081739826875780630e-02
1.285879322789574417e+03	2.354536501087833300e-01	1.544884495656639878e-01	2.630255681740847340e-01	1.583495489247090937e-01	7.572601331500106170e-02	3.208782656797184302e-02	8.086894334347505264e-02
1.287330653853671038e+03	2.352690223170608164e-01	1.543714739076410547e-01	2.631448830285976204e-01	1.584244740962371389e-01	7.575780454388621188e-02	3.211192961108834398e-02	8.092041249517788193e-02
1.288781984917767431e+03	2.350847215823655134e-01	1.542546844069672962e-01	2.632639781047906857e-01	1.584992685923585498e-01	7.578954039532902198e-02	3.213600112582683938e-02	8.097180579205121020e-02
1.290233315981864052e+03	2.349007473272280155e-01	1.541380807582465318e-01	2.633828538928549290e-01	1.585739326438177776e-01	7.582122096711227388e-02	3.216004110798729304e-02	8.102312330244225425e-02
