1.301360187473271253e+03	2.357269284697912082e-01	1.508657969880537186e-01	2.601386598705134889e-01	1.610875264679658692e-01	7.654290774650876483e-02	3.193997722084376822e-02	8.369820323600773992e-02
1.306197957686926657e+03	2.351474116095193523e-01	1.504602693983281558e-01	2.605073592961223428e-01	1.613426212491871348e-01	7.665421507033787218e-02	3.201176974643724082e-02	8.387635362975244535e-02
1.311035727900581833e+03	2.345712332000369493e-01	1.500569746688726058e-01	2.608739172070207446e-01	1.615962170701146228e-01	7.676489082780324491e-02	3.208329438191828004e-02	8.405347264391808959e-02
1.315873498114237009e+03	2.339983720969674441e-01	1.496559020176324306e-01	2.612383470906063376e-01	1.618483236762823518e-01	7.687493846887355486e-02	3.215455062118195706e-02	8.422956602814042626e-02
1.320711268327892412e+03	2.334288073503526795e-01	1.492570406618479451e-01	2.616006623306464940e-01	1.620989507333742696e-01	7.698436142863891718e-02	3.222553799164097621e-02	8.440463950318319308e-02
1.325549038541547588e+03	2.328625182011082873e-01	1.488603798201122430e-01	2.619608762084810749e-01	1.623481078281480139e-01	7.709316312729801168e-02	3.229625605355856272e-02	8.457869876097830197e-02
1.330386808755202765e+03	2.322994840775791103e-01	1.484659087143496703e-01	2.623190019041984899e-01	1.625958044693473770e-01	7.720134697014678637e-02	3.236670439939291072e-02	8.475174946467012305e-02
1.335224578968857941e+03	2.317396845921916027e-01	1.480736165717173036e-01	2.626750524977869428e-01	1.628420500886036681e-01	7.730891634756859032e-02	3.243688265315307351e-02	8.492379724866326585e-02
1.340062349182513572e+03	2.311830995381997933e-01	1.476834926264322945e-01	2.630290409702613075e-01	1.630868540413252243e-01	7.741587463502586086e-02	3.250679046976590048e-02	8.509484771867406594e-02
1.344900119396168748e+03	2.306297088865222056e-01	1.472955261215273259e-01	2.633809802047667459e-01	1.633302256075754022e-01	7.752222519305321247e-02	3.257642753445404160e-02	8.526490645178542993e-02
1.349737889609823924e+03	2.300794927826666780e-01	1.469097063105370415e-01	2.637308829876606753e-01	1.635721739929384133e-01	7.762797136725198277e-02	3.264579356212465172e-02	8.543397899650495564e-02
1.354575659823479100e+03	2.295324315437402285e-01	1.465260224591170279e-01	2.640787620095726984e-01	1.638127083293733077e-01	7.773311648828616638e-02	3.271488829676871130e-02	8.560207087282620253e-02
1.359413430037134731e+03	2.289885056555414355e-01	1.461444638465985713e-01	2.644246298664450490e-01	1.640518376760560226e-01	7.783766387187970870e-02	3.278371151087067226e-02	8.576918757229291812e-02
1.364251200250789907e+03	2.284476957697324229e-01	1.457650197674807691e-01	2.647684990605523869e-01	1.642895710202091353e-01	7.794161681881517367e-02	3.285226300482836648e-02	8.593533455806617871e-02
1.369088970464445310e+03	2.279099827010881985e-01	1.453876795328620519e-01	2.651103820015034973e-01	1.645259172779197365e-01	7.804497861493371602e-02	3.292054260638288543e-02	8.610051726499433344e-02
1.373926740678100487e+03	2.273753474248208784e-01	1.450124324718137514e-01	2.654502910072241706e-01	1.647608852949453417e-01	7.814775253113644127e-02	3.298855017005834778e-02	8.626474109968547410e-02
1.378764510891755890e+03	2.268437710739762414e-01	1.446392679326969910e-01	2.657882383049226527e-01	1.649944838475077558e-01	7.824994182338691762e-02	3.305628557661132588e-02	8.642801144058248619e-02
1.383602281105411066e+03	2.263152349369005334e-01	1.442681752844253984e-01	2.661242360320381084e-01	1.652267216430750307e-01	7.835154973271507561e-02	3.312374873248975088e-02	8.659033363804047312e-02
1.388440051319066470e+03	2.257897204547751335e-01	1.438991439176749709e-01	2.664582962371724317e-01	1.654576073211317944e-01	7.845257948522231517e-02	3.319093956930120604e-02	8.675171301440651184e-02
1.393277821532721646e+03	2.252672092192170294e-01	1.435321632460435648e-01	2.667904308810062353e-01	1.656871494539376988e-01	7.855303429208781996e-02	3.325785804329039336e-02	8.691215486410158730e-02
1.398115591746377049e+03	2.247476829699431855e-01	1.431672227071610348e-01	2.671206518371991856e-01	1.659153565472746006e-01	7.865291734957612080e-02	3.332450413482556523e-02	8.707166445370466412e-02
1.402953361960032225e+03	2.242311235924963619e-01	1.428043117637520509e-01	2.674489708932755727e-01	1.661422370411820282e-01	7.875223183904578317e-02	3.339087784789392110e-02	8.723024702203863168e-02
1.407791132173687402e+03	2.237175131160309416e-01	1.424434199046533400e-01	2.677753997514952244e-01	1.663677993106816300e-01	7.885098092695939920e-02	3.345697920960561539e-02	8.738790778025826156e-02
1.412628902387342805e+03	2.232068337111565159e-01	1.420845366457865466e-01	2.680999500297101545e-01	1.665920516664901596e-01	7.894916776489455112e-02	3.352280826970643890e-02	8.754465191194003848e-02
1.417466672600997981e+03	2.226990676878377873e-01	1.417276515310886553e-01	2.684226332622077216e-01	1.668150023557218309e-01	7.904679548955606538e-02	3.358836510009882009e-02	8.770048457317353163e-02
1.422304442814653157e+03	2.221941974933485109e-01	1.413727541334010296e-01	2.687434609005401875e-01	1.670366595625796258e-01	7.914386722278934916e-02	3.365364979437117376e-02	8.785541089265455628e-02
1.427142213028308333e+03	2.216922057102783394e-01	1.410198340553188157e-01	2.690624443143413425e-01	1.672570314090360277e-01	7.924038607159474001e-02	3.371866246733534744e-02	8.800943597177983413e-02
1.431979983241963964e+03	2.211930750545906543e-01	1.406688809300018494e-01	2.693795947921304723e-01	1.674761259555031245e-01	7.933635512814302126e-02	3.378340325457212384e-02	8.816256488474320807e-02
1.436817753455619140e+03	2.206967883737295244e-01	1.403198844219485375e-01	2.696949235421041147e-01	1.676939512014926081e-01	7.943177746979203369e-02	3.384787231198448099e-02	8.831480267863320299e-02
1.441655523669274316e+03	2.202033286447749594e-01	1.399728342277339610e-01	2.700084416929153797e-01	1.679105150862653661e-01	7.952665615910423091e-02	3.391206981535870718e-02	8.846615437353187728e-02
1.446493293882929493e+03	2.197126789726441820e-01	1.396277200767133964e-01	2.703201602944421689e-01	1.681258254894712201e-01	7.962099424386534507e-02	3.397599595993303773e-02	8.861662496261508981e-02
1.451331064096585123e+03	2.192248225883381696e-01	1.392845317316925013e-01	2.706300903185433482e-01	1.683398902317787826e-01	7.971479475710400997e-02	3.403965095997376483e-02	8.876621941225382173e-02
1.456168834310240300e+03	2.187397428472314942e-01	1.389432589895651937e-01	2.709382426598040960e-01	1.685527170754957393e-01	7.980806071711245286e-02	3.410303504835875132e-02	8.891494266211670550e-02
1.461006604523895703e+03	2.182574232274044901e-01	1.386038916819206379e-01	2.712446281362700939e-01	1.687643137251793879e-01	7.990079512746808832e-02	3.416614847616809836e-02	8.906279962527360872e-02
1.465844374737550879e+03	2.177778473280163607e-01	1.382664196756201169e-01	2.715492574901713363e-01	1.689746878282383236e-01	7.999300097705609736e-02	3.422899151228195325e-02	8.920979518830021715e-02
1.470682144951206283e+03	2.173009988677178372e-01	1.379308328733448719e-01	2.718521413886353932e-01	1.691838469755244934e-01	8.008468124009297806e-02	3.429156444298532558e-02	8.935593421138354753e-02
1.475519915164861459e+03	2.168268616831023621e-01	1.375971212141161859e-01	2.721532904243902928e-01	1.693917987019165072e-01	8.017583887615099825e-02	3.435386757157969650e-02	8.950122152842841794e-02
1.480357685378516862e+03	2.163554197271944368e-01	1.372652746737884066e-01	2.724527151164577998e-01	1.695985504868940952e-01	8.026647683018353630e-02	3.441590121800144203e-02	8.964566194716473702e-02
1.485195455592172038e+03	2.158866570679741637e-01	1.369352832655159058e-01	2.727504259108366469e-01	1.698041097551039880e-01	8.035659803255136568e-02	3.447766571844686906e-02	8.978926024925550087e-02
1.490033225805827215e+03	2.154205578869366478e-01	1.366071370401950036e-01	2.730464331811764400e-01	1.700084838769170548e-01	8.044620539904977219e-02	3.453916142500379483e-02	8.993202119040562270e-02
1.494870996019482618e+03	2.149571064776855112e-01	1.362808260868817178e-01	2.733407472294421270e-01	1.702116801689774472e-01	8.053530183093650374e-02	3.460038870528951011e-02	9.007394950047142856e-02
1.499708766233137567e+03	2.144962872445591306e-01	1.359563405331859209e-01	2.736333782865693620e-01	1.704137058947432781e-01	8.062389021496070562e-02	3.466134794209507763e-02	9.021504988357074983e-02
1.504546536446793198e+03	2.140380847012889054e-01	1.356336705456433200e-01	2.739243365131106556e-01	1.706145682650193340e-01	8.071197342339249403e-02	3.472203953303588247e-02	9.035532701819364021e-02
1.509384306660448374e+03	2.135824834696882502e-01	1.353128063300653439e-01	2.742136319998733640e-01	1.708142744384820166e-01	8.079955431405341781e-02	3.478246389020818452e-02	9.049478555731364782e-02
1.514222076874103550e+03	2.131294682783718419e-01	1.349937381318682683e-01	2.745012747685484089e-01	1.710128315221965956e-01	8.088663573034773902e-02	3.484262143985176335e-02	9.063343012849958691e-02
1.519059847087758726e+03	2.126790239615038436e-01	1.346764562363820528e-01	2.747872747723310027e-01	1.712102465721266065e-01	8.097322050129449056e-02	3.490251262201838484e-02	9.077126533402778141e-02
1.523897617301414357e+03	2.122311354575741049e-01	1.343609509691396087e-01	2.750716418965331589e-01	1.714065265936361160e-01	8.105931144156018620e-02	3.496213789024617963e-02	9.090829575099469706e-02
1.528735387515069533e+03	2.117857878082021195e-01	1.340472126961475274e-01	2.753543859591878196e-01	1.716016785419844926e-01	8.114491135149246026e-02	3.502149771123960059e-02	9.104452593143003147e-02
1.533573157728724709e+03	2.113429661569671825e-01	1.337352318241382121e-01	2.756355167116449345e-01	1.717957093228142107e-01	8.123002301715420703e-02	3.508059256455509090e-02	9.117996040241015121e-02
1.538410927942380113e+03	2.109026557482643061e-01	1.334249988008050225e-01	2.759150438391606008e-01	1.719886257926314943e-01	8.131464921035864990e-02	3.513942294229223384e-02	9.131460366617170921e-02
1.543248698156035516e+03	2.104648419261854198e-01	1.331165041150202122e-01	2.761929769614773211e-01	1.721804347592800488e-01	8.139879268870493789e-02	3.519798934879030811e-02	9.144846020022577571e-02
1.548086468369690692e+03	2.100295101334243297e-01	1.328097382970367668e-01	2.764693256333979332e-01	1.723711429824081598e-01	8.148245619561451936e-02	3.525629230033024836e-02	9.158153445747203858e-02
1.552924238583346096e+03	2.095966459102055479e-01	1.325046919186746164e-01	2.767440993453515463e-01	1.725607571739291579e-01	8.156564246036811239e-02	3.531433232484176149e-02	9.171383086631329506e-02
1.557762008797001272e+03	2.091662348932356030e-01	1.322013555934917206e-01	2.770173075239522609e-01	1.727492839984752504e-01	8.164835419814338302e-02	3.537210996161568172e-02	9.184535383077015169e-02
1.562599779010656675e+03	2.087382628146768337e-01	1.318997199769405548e-01	2.772889595325510048e-01	1.729367300738451907e-01	8.173059411005323405e-02	3.542962576102138411e-02	9.197610773059582134e-02
1.567437549224311852e+03	2.083127155011423037e-01	1.315997757665106904e-01	2.775590646717807086e-01	1.731231019714454533e-01	8.181236488318464894e-02	3.548688028422915947e-02	9.210609692139108684e-02
1.572275319437967255e+03	2.078895788727118110e-01	1.313015137018578582e-01	2.778276321800937088e-01	1.733084062167254413e-01	8.189366919063821582e-02	3.554387410293751576e-02	9.223532573471941720e-02
1.577113089651622431e+03	2.074688389419678536e-01	1.310049245649199667e-01	2.780946712342937110e-01	1.734926492896066985e-01	8.197450969156822032e-02	3.560060779910535073e-02	9.236379847822209777e-02
1.581950859865277607e+03	2.070504818130516067e-01	1.307099991800206862e-01	2.783601909500599825e-01	1.736758376249060709e-01	8.205488903122326594e-02	3.565708196468878738e-02	9.249151943573344359e-02
1.586788630078933011e+03	2.066344936807374688e-01	1.304167284139608751e-01	2.786242003824659919e-01	1.738579776127531229e-01	8.213480984098750493e-02	3.571329720138276265e-02	9.261849286739602671e-02
1.591626400292587959e+03	2.062208608295265644e-01	1.301251031760984889e-01	2.788867085264913337e-01	1.740390755990018912e-01	8.221427473842236877e-02	3.576925412036714713e-02	9.274472300977595896e-02
1.596464170506243590e+03	2.058095696327578716e-01	1.298351144184173023e-01	2.791477243175271017e-01	1.742191378856371986e-01	8.229328632730885384e-02	3.582495334205743759e-02	9.287021407597806366e-02
1.601301940719898766e+03	2.054006065517369750e-01	1.295467531355848634e-01	2.794072566318755446e-01	1.743981707311751395e-01	8.237184719769027885e-02	3.588039549585982785e-02	9.299497025576115850e-02
1.606139710933553943e+03	2.049939581348818041e-01	1.292600103650000110e-01	2.796653142872440045e-01	1.745761803510585131e-01	8.244995992591558354e-02	3.593558121993069981e-02	9.311899571565314393e-02
1.610977481147209119e+03	2.045896110168846094e-01	1.289748771868306498e-01	2.799219060432320827e-01	1.747531729180468174e-01	8.252762707468309922e-02	3.599051116094038882e-02	9.324229459906607786e-02
1.615815251360864750e+03	2.041875519178899256e-01	1.286913447240418118e-01	2.801770406018137538e-01	1.749291545626011357e-01	8.260485119308473567e-02	3.604518597384119560e-02	9.336487102641116698e-02
1.620653021574519926e+03	2.037877676426884666e-01	1.284094041424143351e-01	2.804307266078131522e-01	1.751041313732638882e-01	8.268163481665072312e-02	3.609960632163950606e-02	9.348672909521363317e-02
1.625490791788175102e+03	2.033902450799255635e-01	1.281290466505550230e-01	2.806829726493752508e-01	1.752781093970336712e-01	8.275798046739471503e-02	3.615377287517203275e-02	9.360787288022741348e-02
1.630328562001830505e+03	2.029949712013245089e-01	1.278502634998980314e-01	2.809337872584308227e-01	1.754510946397349891e-01	8.283389065385934891e-02	3.620768631288610179e-02	9.372830643354977675e-02
1.635166332215485909e+03	2.026019330609241109e-01	1.275730459846982356e-01	2.811831789111559066e-01	1.756230930663835454e-01	8.290936787116220952e-02	3.626134732062381849e-02	9.384803378473577373e-02
1.640004102429141085e+03	2.022111177943301530e-01	1.272973854420163531e-01	2.814311560284258884e-01	1.757941106015463995e-01	8.298441460104220846e-02	3.631475659141020218e-02	9.396705894091239575e-02
1.644841872642796488e+03	2.018225126179800655e-01	1.270232732516970997e-01	2.816777269762645863e-01	1.759641531296977646e-01	8.305903331190635230e-02	3.636791482524508179e-02	9.408538588689274729e-02
1.649679642856451665e+03	2.014361048284209477e-01	1.267507008363395471e-01	2.819229000662877849e-01	1.761332264955701166e-01	8.313322645887684381e-02	3.642082272889877320e-02	9.420301858528976058e-02
1.654517413070107068e+03	2.010518818016000520e-01	1.264796596612606794e-01	2.821666835561421061e-01	1.763013365045008607e-01	8.320699648383865499e-02	3.647348101571146889e-02	9.431996097662992407e-02
1.659355183283762244e+03	2.006698309921678969e-01	1.262101412344522611e-01	2.824090856499386626e-01	1.764684889227747244e-01	8.328034581548730830e-02	3.652589040539626353e-02	9.443621697946663618e-02
1.664192953497417420e+03	2.002899399327929542e-01	1.259421371065314044e-01	2.826501144986816039e-01	1.766346894779615706e-01	8.335327686937707425e-02	3.657805162384571845e-02	9.455179049049337869e-02
1.669030723711072824e+03	1.999121962334885760e-01	1.256756388706845584e-01	2.828897782006923323e-01	1.767999438592501860e-01	8.342579204796954362e-02	3.662996540294197190e-02	9.466668538465652927e-02
1.673868493924728000e+03	1.995365875809507472e-01	1.254106381626060029e-01	2.831280848020283902e-01	1.769642577177778231e-01	8.349789374068240788e-02	3.668163248037032559e-02	9.478090551526807683e-02
1.678706264138383403e+03	1.991631017379071888e-01	1.251471266604303190e-01	2.833650422968979066e-01	1.771276366669556623e-01	8.356958432393858660e-02	3.673305359943619675e-02	9.489445471411789290e-02
1.683544034352038352e+03	1.987917265424770930e-01	1.248850960846596136e-01	2.836006586280697683e-01	1.772900862827902491e-01	8.364086616121570172e-02	3.678422950888544929e-02	9.500733679158583633e-02
1.688381804565693983e+03	1.984224499075414871e-01	1.246245381980854300e-01	2.838349416872786857e-01	1.774516121042010175e-01	8.371174160309569068e-02	3.683516096272799328e-02	9.511955553675344177e-02
1.693219574779349159e+03	1.980552598201234527e-01	1.243654448057056328e-01	2.840678993156258714e-01	1.776122196333338732e-01	8.378221298731489131e-02	3.688584872006461096e-02	9.523111471751539991e-02
1.698057344993004335e+03	1.976901443407785841e-01	1.241078077546364788e-01	2.842995393039758900e-01	1.777719143358708620e-01	8.385228263881419619e-02	3.693629354491703015e-02	9.534201808069063533e-02
1.702895115206659511e+03	1.973270916029948030e-01	1.238516189340201773e-01	2.845298693933485668e-01	1.779307016413363696e-01	8.392195286978952617e-02	3.698649620606100918e-02	9.545226935213314834e-02
1.707732885420315142e+03	1.969660898126017190e-01	1.235968702749279113e-01	2.847588972753068437e-01	1.780885869433994073e-01	8.399122597974256754e-02	3.703645747686264145e-02	9.556187223684242671e-02
1.712570655633970318e+03	1.966071272471890119e-01	1.233435537502587387e-01	2.849866305923405285e-01	1.782455756001723179e-01	8.406010425553171739e-02	3.708617813511757427e-02	9.567083041907359364e-02
1.717408425847625494e+03	1.962501922555339451e-01	1.230916613746343702e-01	2.852130769382457132e-01	1.784016729345059282e-01	8.412858997142319550e-02	3.713565896289323931e-02	9.577914756244709782e-02
1.722246196061280898e+03	1.958952732570371502e-01	1.228411852042902153e-01	2.854382438585002513e-01	1.785568842342812046e-01	8.419668538914241995e-02	3.718490074637406662e-02	9.588682731005819526e-02
1.727083966274936301e+03	1.955423587411671826e-01	1.225921173369625972e-01	2.856621388506353498e-01	1.787112147526974393e-01	8.426439275792556305e-02	3.723390427570948125e-02	9.599387328458590385e-02
1.731921736488591478e+03	1.951914372669131259e-01	1.223444499117725681e-01	2.858847693646028865e-01	1.788646697085571058e-01	8.433171431457130163e-02	3.728267034486480030e-02	9.610028908840172190e-02
1.736759506702246881e+03	1.948424974622451622e-01	1.220981751091062689e-01	2.861061428031392850e-01	1.790172542865473559e-01	8.439865228349265058e-02	3.733119975147489167e-02	9.620607830367788882e-02
1.741597276915902057e+03	1.944955280235831085e-01	1.218532851504921244e-01	2.863262665221251169e-01	1.791689736375181585e-01	8.446520887676908784e-02	3.737949329670059440e-02	9.631124449249528485e-02
1.746435047129557461e+03	1.941505177152724471e-01	1.216097722984749302e-01	2.865451478309412603e-01	1.793198328787573570e-01	8.453138629419880423e-02	3.742755178508778285e-02	9.641579119695090072e-02
1.751272817343212637e+03	1.938074553690676549e-01	1.213676288564871086e-01	2.867627939928211744e-01	1.794698370942624521e-01	8.459718672335103662e-02	3.747537602442911620e-02	9.651972193926500188e-02
1.756110587556867813e+03	1.934663298836230283e-01	1.211268471687170223e-01	2.869792122251993982e-01	1.796189913350092759e-01	8.466261233961860921e-02	3.752296682562841768e-02	9.662304022188780706e-02
1.760948357770523216e+03	1.931271302239902232e-01	1.208874196199748730e-01	2.871944097000568852e-01	1.797673006192177236e-01	8.472766530627051651e-02	3.757032500256753810e-02	9.672574952760581990e-02
1.765786127984178393e+03	1.927898454211229295e-01	1.206493386355557973e-01	2.874083935442623972e-01	1.799147699326142380e-01	8.479234777450475602e-02	3.761745137197581440e-02	9.682785331964770259e-02
1.770623898197833569e+03	1.924544645713881230e-01	1.204125966811007975e-01	2.876211708399103451e-01	1.800614042286914906e-01	8.485666188350117489e-02	3.766434675330196380e-02	9.692935504178973316e-02
1.775461668411488745e+03	1.921209768360837566e-01	1.201771862624552711e-01	2.878327486246555766e-01	1.802072084289652043e-01	8.492060976047442755e-02	3.771101196858841348e-02	9.703025811846094362e-02
1.780299438625144376e+03	1.917893714409630301e-01	1.199430999255254315e-01	2.880431338920443896e-01	1.803521874232278666e-01	8.498419352072704436e-02	3.775744784234808665e-02	9.713056595484770295e-02
1.785137208838799552e+03	1.914596376757647100e-01	1.197103302561326466e-01	2.882523335918424356e-01	1.804963460697998345e-01	8.504741526770259741e-02	3.780365520144342295e-02	9.723028193699793931e-02
1.789974979052454728e+03	1.911317648937495284e-01	1.194788698798658205e-01	2.884603546303590171e-01	1.806396891957774975e-01	8.511027709303894961e-02	3.784963487496784823e-02	9.732940943192494587e-02
1.794812749266109904e+03	1.908057425112426597e-01	1.192487114619319583e-01	2.886672038707684962e-01	1.807822215972788027e-01	8.517278107662151765e-02	3.789538769412943708e-02	9.742795178771072873e-02
1.799650519479765535e+03	1.904815600071817216e-01	1.190198477070050359e-01	2.888728881334282628e-01	1.809239480396861166e-01	8.523492928663668755e-02	3.794091449213683048e-02	9.752591233360896616e-02
1.804488289693420711e+03	1.901592069226706039e-01	1.187922713590731233e-01	2.890774141961936494e-01	1.810648732578862274e-01	8.529672377962518870e-02	3.798621610408739468e-02	9.762329438014742677e-02
1.809326059907075887e+03	1.898386728605387375e-01	1.185659752012840212e-01	2.892807887947296264e-01	1.812050019565080161e-01	8.535816660053559268e-02	3.803129336685749651e-02	9.772010121923004056e-02
1.814163830120731291e+03	1.895199474849059151e-01	1.183409520557894834e-01	2.894830186228196101e-01	1.813443388101572407e-01	8.541925978277779830e-02	3.807614711899493659e-02	9.781633612423856761e-02
1.819001600334386467e+03	1.892030205207520521e-01	1.181171947835879532e-01	2.896841103326707745e-01	1.814828884636490169e-01	8.548000534827662755e-02	3.812077820061346434e-02	9.791200235013365616e-02
1.823839370548041643e+03	1.888878817534922760e-01	1.178946962843660518e-01	2.898840705352169755e-01	1.816206555322378569e-01	8.554040530752533844e-02	3.816518745328937451e-02	9.800710313355563696e-02
1.828677140761696819e+03	1.885745210285570683e-01	1.176734494963389277e-01	2.900829058004184002e-01	1.817576446018449587e-01	8.560046165963926257e-02	3.820937571996010917e-02	9.810164169292474867e-02
1.833514910975352450e+03	1.882629282509772628e-01	1.174534473960893582e-01	2.902806226575583293e-01	1.818938602292833051e-01	8.566017639240935955e-02	3.825334384482485112e-02	9.819562122854098851e-02
1.838352681189008081e+03	1.879530933849738183e-01	1.172346829984059063e-01	2.904772275955370686e-01	1.820293069424802623e-01	8.571955148235589628e-02	3.829709267324706706e-02	9.828904492268342175e-02
1.843190451402663257e+03	1.876450064535522544e-01	1.170171493561199955e-01	2.906727270631629390e-01	1.821639892406980432e-01	8.577858889478200133e-02	3.834062305165901463e-02	9.838191593970915805e-02
1.848028221616318433e+03	1.873386575381018049e-01	1.168008395599421240e-01	2.908671274694407116e-01	1.822979115947515327e-01	8.583729058382730259e-02	3.838393582746812971e-02	9.847423742615177278e-02
1.852865991829973609e+03	1.870340367779989854e-01	1.165857467382971635e-01	2.910604351838570469e-01	1.824310784472240599e-01	8.589565849252153718e-02	3.842703184896521101e-02	9.856601251081932580e-02
1.857703762043628785e+03	1.867311343702154069e-01	1.163718640571590468e-01	2.912526565366633791e-01	1.825634942126808935e-01	8.595369455283806415e-02	3.846991196523453366e-02	9.865724430489193619e-02
1.862541532257283961e+03	1.864299405689302247e-01	1.161591847198845118e-01	2.914437978191560807e-01	1.826951632778804901e-01	8.601140068574750219e-02	3.851257702606570438e-02	9.874793590201880189e-02
1.867379302470939592e+03	1.861304456851463340e-01	1.159477019670462627e-01	2.916338652839537415e-01	1.828260900019834656e-01	8.606877880127120073e-02	3.855502788186729313e-02	9.883809037841494172e-02
1.872217072684594768e+03	1.858326400863112016e-01	1.157374090762656599e-01	2.918228651452725031e-01	1.829562787167596793e-01	8.612583079853473877e-02	3.859726538358221326e-02	9.892771079295728520e-02
1.877054842898249490e+03	1.855365141959411934e-01	1.155282993620446452e-01	2.920108035791978973e-01	1.830857337267929319e-01	8.618255856582142382e-02	3.863929038260481563e-02	9.901680018728041544e-02
1.881892613111905121e+03	1.852420584932502057e-01	1.153203661755972942e-01	2.921976867239548525e-01	1.832144593096837748e-01	8.623896398062561031e-02	3.868110373069966190e-02	9.910536158587184008e-02
1.886730383325560297e+03	1.849492635127821805e-01	1.151136029046809228e-01	2.923835206801750908e-01	1.833424597162501002e-01	8.629504890970614295e-02	3.872270627992192155e-02	9.919339799616681830e-02
1.891568153539215928e+03	1.846581198440470639e-01	1.149080029734268205e-01	2.925683115111616939e-01	1.834697391707258429e-01	8.635081520913959197e-02	3.876409888253946889e-02	9.928091240864267419e-02
1.896405923752871104e+03	1.843686181311608718e-01	1.147035598421705105e-01	2.927520652431515047e-01	1.835963018709576011e-01	8.640626472437351602e-02	3.880528239095647897e-02	9.936790779691266617e-02
1.901243693966526507e+03	1.840807490724890305e-01	1.145002670072818723e-01	2.929347878655750859e-01	1.837221519885993692e-01	8.646139929027966964e-02	3.884625765763870253e-02	9.945438711781942609e-02
1.906081464180181683e+03	1.837945034202936034e-01	1.142981180009949166e-01	2.931164853313142360e-01	1.838472936693051896e-01	8.651622073120704415e-02	3.888702553504019138e-02	9.954035331152796817e-02
1.910919234393836859e+03	1.835098719803837652e-01	1.140971063912373795e-01	2.932971635569573410e-01	1.839717310329200273e-01	8.657073086103490855e-02	3.892758687553159874e-02	9.962580930161810122e-02
1.915757004607492036e+03	1.832268456117698285e-01	1.138972257814600819e-01	2.934768284230521718e-01	1.840954681736686471e-01	8.662493148322585046e-02	3.896794253132996461e-02	9.971075799517659100e-02
1.920594774821147894e+03	1.829454152263205458e-01	1.136984698104662600e-01	2.936554857743563507e-01	1.842185091603428526e-01	8.667882439087847002e-02	3.900809335442995129e-02	9.979520228288865646e-02
1.925432545034802843e+03	1.826655717884237418e-01	1.135008321522407299e-01	2.938331414200859859e-01	1.843408580364865879e-01	8.673241136678033758e-02	3.904804019653655006e-02	9.987914503912913300e-02
1.930270315248458019e+03	1.823873063146502493e-01	1.133043065157790102e-01	2.940098011341615303e-01	1.844625188205793742e-01	8.678569418346056275e-02	3.908778390899917549e-02	9.996258912205316371e-02
1.935108085462113195e+03	1.821106098734208423e-01	1.131088866449164038e-01	2.941854706554518084e-01	1.845834955062180538e-01	8.683867460324240506e-02	3.912732534274718232e-02	1.000455373736863773e-01
1.939945855675768371e+03	1.818354735846764159e-01	1.129145663181571752e-01	2.943601556880157122e-01	1.847037920622965346e-01	8.689135437829581532e-02	3.916666534822673545e-02	1.001279926200147191e-01
1.944783625889424002e+03	1.815618886195511372e-01	1.127213393485036741e-01	2.945338619013416759e-01	1.848234124331841477e-01	8.694373525068974096e-02	3.920580477533905372e-02	1.002099576710736711e-01
1.949621396103079178e+03	1.812898462000487321e-01	1.125291995832855274e-01	2.947065949305853194e-01	1.849423605389019787e-01	8.699581895244447305e-02	3.924474447337993749e-02	1.002914353210371257e-01
1.954459166316734354e+03	1.810193375987214914e-01	1.123381409039890116e-01	2.948783603768047601e-01	1.850606402752975610e-01	8.704760720558375742e-02	3.928348529098063535e-02	1.003724283483058421e-01
1.959296936530389530e+03	1.807503541383523038e-01	1.121481572260865783e-01	2.950491638071938150e-01	1.851782555142181541e-01	8.709910172218691959e-02	3.932202807604997380e-02	1.004529395155953075e-01
1.964134706744044706e+03	1.804828871916396293e-01	1.119592424988663792e-01	2.952190107553133158e-01	1.852952101036819677e-01	8.715030420444071224e-02	3.936037367571775664e-02	1.005329715700232773e-01
1.968972476957700337e+03	1.802169281808849721e-01	1.117713907052621525e-01	2.953879067213203147e-01	1.854115078680481921e-01	8.720121634469119032e-02	3.939852293627939955e-02	1.006125272431968032e-01
1.973810247171355968e+03	1.799524685776833777e-01	1.115845958616832612e-01	2.955558571721952354e-01	1.855271526081851419e-01	8.725183982549536421e-02	3.943647670314177900e-02	1.006916092512988165e-01
1.978648017385010689e+03	1.796894999026165396e-01	1.113988520178449265e-01	2.957228675419673047e-01	1.856421481016369002e-01	8.730217631967276959e-02	3.947423582077024679e-02	1.007702202951742398e-01
1.983485787598666320e+03	1.794280137249483487e-01	1.112141532565987939e-01	2.958889432319378177e-01	1.857564981027884365e-01	8.735222749035689849e-02	3.951180113263690757e-02	1.008483630604157522e-01
1.988323557812321269e+03	1.791680016623234117e-01	1.110304936937637071e-01	2.960540896109013498e-01	1.858702063430291151e-01	8.740199499104644998e-02	3.954917348116994413e-02	1.009260402174489563e-01
1.993161328025976900e+03	1.789094553804678744e-01	1.108478674779568990e-01	2.962183120153654703e-01	1.859832765309148150e-01	8.745148046565655309e-02	3.958635370770414302e-02	1.010032544216172279e-01
1.997999098239632076e+03	1.786523665928927695e-01	1.106662687904253484e-01	2.963816157497681791e-01	1.860957123523283852e-01	8.750068554856975378e-02	3.962334265243251663e-02	1.010800083132660093e-01
2.002836868453287707e+03	1.783967270605999744e-01	1.104856918448776509e-01	2.965440060866937344e-01	1.862075174706388225e-01	8.754961186468686318e-02	3.966014115435904930e-02	1.011563045178268117e-01
2.007674638666942428e+03	1.781425285917905277e-01	1.103061308873161395e-01	2.967054882670866478e-01	1.863186955268588130e-01	8.759826102947769477e-02	3.969675005125246348e-02	1.012321456459006064e-01
2.012512408880597604e+03	1.778897630415752218e-01	1.101275801958693928e-01	2.968660675004636262e-01	1.864292501398008839e-01	8.764663464903170442e-02	3.973317017960112385e-02	1.013075342933408562e-01
2.017350179094252780e+03	1.776384223116879713e-01	1.099500340806252169e-01	2.970257489651241256e-01	1.865391849062321694e-01	8.769473432010828351e-02	3.976940237456888516e-02	1.013824730413361574e-01
2.022187949307908411e+03	1.773884983502008184e-01	1.097734868834640415e-01	2.971845378083585731e-01	1.866485034010278155e-01	8.774256163018717691e-02	3.980544746995207106e-02	1.014569644564923129e-01
2.027025719521564042e+03	1.771399831512419920e-01	1.095979329778925815e-01	2.973424391466553685e-01	1.867572091773228304e-01	8.779011815751852632e-02	3.984130629813736196e-02	1.015310110909141278e-01
2.031863489735218764e+03	1.768928687547156320e-01	1.094233667688781914e-01	2.974994580659059418e-01	1.868653057666627704e-01	8.783740547117283026e-02	3.987697969006075843e-02	1.016046154822866088e-01
2.036701259948874394e+03	1.766471472460240388e-01	1.092497826926834836e-01	2.976555996216082578e-01	1.869727966791529528e-01	8.788442513109076537e-02	3.991246847516743967e-02	1.016777801539558435e-01
2.041539030162529116e+03	1.764028107557919778e-01	1.090771752167015995e-01	2.978108688390679326e-01	1.870796854036063661e-01	8.793117868813282723e-02	3.994777348137261430e-02	1.017505076150094501e-01
2.046376800376184747e+03	1.761598514595932308e-01	1.089055388392917018e-01	2.979652707135989620e-01	1.871859754076901916e-01	8.797766768412879079e-02	3.998289553502334254e-02	1.018228003603565135e-01
2.051214570589840150e+03	1.759182615776792025e-01	1.087348680896153691e-01	2.981188102107215077e-01	1.872916701380712978e-01	8.802389365192705983e-02	4.001783546086117721e-02	1.018946608708071327e-01
2.056052340803495554e+03	1.756780333747096634e-01	1.085651575274730468e-01	2.982714922663589063e-01	1.873967730205600146e-01	8.806985811544371101e-02	4.005259408198581783e-02	1.019660916131515382e-01
2.060890111017150957e+03	1.754391591594854360e-01	1.083964017431414129e-01	2.984233217870327914e-01	1.875012874602529911e-01	8.811556258971159350e-02	4.008717221981962509e-02	1.020370950402388482e-01
2.065727881230805451e+03	1.752016312846833568e-01	1.082285953572110354e-01	2.985743036500562719e-01	1.876052168416746935e-01	8.816100858092906778e-02	4.012157069407296106e-02	1.021076735910552979e-01
2.070565651444461309e+03	1.749654421465930421e-01	1.080617330204246690e-01	2.987244427037261674e-01	1.877085645289176541e-01	8.820619758650857789e-02	4.015579032271045234e-02	1.021778296908020939e-01
2.075403421658116713e+03	1.747305841848555974e-01	1.078958094135161333e-01	2.988737437675133557e-01	1.878113338657814158e-01	8.825113109512519594e-02	4.018983192191805109e-02	1.022475657509728519e-01
2.080241191871772116e+03	1.744970498822045191e-01	1.077308192470496778e-01	2.990222116322514556e-01	1.879135281759105047e-01	8.829581058676483352e-02	4.022369630607097041e-02	1.023168841694306191e-01
2.085078962085427065e+03	1.742648317642082334e-01	1.075667572612599571e-01	2.991698510603242878e-01	1.880151507629308771e-01	8.834023753277238378e-02	4.025738428770238297e-02	1.023857873304844512e-01
2.089916732299082469e+03	1.740339223990147732e-01	1.074036182258926581e-01	2.993166667858513930e-01	1.881162049105855605e-01	8.838441339589959977e-02	4.029089667747295933e-02	1.024542776049656156e-01
2.094754502512737417e+03	1.738043143970980919e-01	1.072413969400456274e-01	2.994626635148726623e-01	1.882166938828687963e-01	8.842833963035284794e-02	4.032423428414119715e-02	1.025223573503032948e-01
2.099592272726392821e+03	1.735760004110065424e-01	1.070800882320105535e-01	2.996078459255310245e-01	1.883166209241592393e-01	8.847201768184061177e-02	4.035739791453448605e-02	1.025900289106000118e-01
2.104430042940048224e+03	1.733489731351128826e-01	1.069196869591154536e-01	2.997522186682536893e-01	1.884159892593519625e-01	8.851544898762096769e-02	4.039038837352095651e-02	1.026572946167065709e-01
2.109267813153704083e+03	1.731232253053661685e-01	1.067601880075675497e-01	2.998957863659321710e-01	1.885148020939893254e-01	8.855863497654867245e-02	4.042320646398207123e-02	1.027241567862964972e-01
2.114105583367359031e+03	1.728987496990455064e-01	1.066015862922969071e-01	3.000385536141009224e-01	1.886130626143907307e-01	8.860157706912218101e-02	4.045585298678596592e-02	1.027906177239402558e-01
2.118943353581013525e+03	1.726755391345156099e-01	1.064438767568006011e-01	3.001805249811140830e-01	1.887107739877812163e-01	8.864427667753051188e-02	4.048832874076147698e-02	1.028566797211789285e-01
2.123781123794669384e+03	1.724535864709837441e-01	1.062870543729876327e-01	3.003217050083215045e-01	1.888079393624192692e-01	8.868673520569979318e-02	4.052063452267288396e-02	1.029223450565975723e-01
2.128618894008324787e+03	1.722328846082589460e-01	1.061311141410243714e-01	3.004620982102427784e-01	1.889045618677231420e-01	8.872895404933971164e-02	4.055277112719540139e-02	1.029876159958980353e-01
2.133456664221980191e+03	1.720134264865123552e-01	1.059760510891806784e-01	3.006017090747403198e-01	1.890006446143963348e-01	8.877093459598978109e-02	4.058473934689125345e-02	1.030524947919715939e-01
2.138294434435635139e+03	1.717952050860396540e-01	1.058218602736766822e-01	3.007405420631910076e-01	1.890961906945520798e-01	8.881267822506538900e-02	4.061653997218649809e-02	1.031169836849709920e-01
2.143132204649290543e+03	1.715782134270250059e-01	1.056685367785301782e-01	3.008786016106561045e-01	1.891912031818366591e-01	8.885418630790362093e-02	4.064817379134848946e-02	1.031810849023821752e-01
2.147969974862945492e+03	1.713624445693065490e-01	1.055160757154047502e-01	3.010158921260505660e-01	1.892856851315518063e-01	8.889546020780896007e-02	4.067964159046398576e-02	1.032448006590956230e-01
2.152807745076601350e+03	1.711478916121435545e-01	1.053644722234584330e-01	3.011524179923105171e-01	1.893796395807759436e-01	8.893650128009872313e-02	4.071094415341785372e-02	1.033081331574772499e-01
2.157645515290255844e+03	1.709345476939853059e-01	1.052137214691931527e-01	3.012881835665592867e-01	1.894730695484846961e-01	8.897731087214838519e-02	4.074208226187247400e-02	1.033710845874389883e-01
2.162483285503912157e+03	1.707224059922414494e-01	1.050638186463047491e-01	3.014231931802728304e-01	1.895659780356700741e-01	8.901789032343658536e-02	4.077305669524769471e-02	1.034336571265089266e-01
2.167321055717567106e+03	1.705114597230538154e-01	1.049147589755337340e-01	3.015574511394433221e-01	1.896583680254589899e-01	8.905824096559006309e-02	4.080386823070140945e-02	1.034958529399010452e-01
2.172158825931222509e+03	1.703017021410699883e-01	1.047665377045166601e-01	3.016909617247414688e-01	1.897502424832305523e-01	8.909836412242831682e-02	4.083451764311073207e-02	1.035576741805846329e-01
2.176996596144877003e+03	1.700931265392182645e-01	1.046191501076381425e-01	3.018237291916781584e-01	1.898416043567326128e-01	8.913826111000813790e-02	4.086500570505374047e-02	1.036191229893532739e-01
2.181834366358532861e+03	1.698857262484841091e-01	1.044725914858836840e-01	3.019557577707641105e-01	1.899324565761972838e-01	8.917793323666783900e-02	4.089533318679178936e-02	1.036802014948934314e-01
2.186672136572187810e+03	1.696794946376883051e-01	1.043268571666930294e-01	3.020870516676689710e-01	1.900228020544554586e-01	8.921738180307139943e-02	4.092550085625239198e-02	1.037409118138526848e-01
2.191509906785843214e+03	1.694744251132662693e-01	1.041819425038142954e-01	3.022176150633786307e-01	1.901126436870504421e-01	8.925660810225227726e-02	4.095550947901263616e-02	1.038012560509076476e-01
2.196347676999498617e+03	1.692705111190490885e-01	1.040378428771586983e-01	3.023474521143518778e-01	1.902019843523508058e-01	8.929561341965719379e-02	4.098535981828317631e-02	1.038612362988313442e-01
2.201185447213154021e+03	1.690677461360459155e-01	1.038945536926560165e-01	3.024765669526754408e-01	1.902908269116621587e-01	8.933439903318958486e-02	4.101505263489269026e-02	1.039208546385604059e-01
2.206023217426809424e+03	1.688661236822276424e-01	1.037520703821108031e-01	3.026049636862180869e-01	1.903791742093380590e-01	8.937296621325288570e-02	4.104458868727292598e-02	1.039801131392617123e-01
2.210860987640464373e+03	1.686656373123124331e-01	1.036103884030590838e-01	3.027326463987837224e-01	1.904670290728901205e-01	8.941131622279363533e-02	4.107396873144419230e-02	1.040390138583988655e-01
2.215698757854119776e+03	1.684662806175521166e-01	1.034695032386259567e-01	3.028596191502628820e-01	1.905543943130972029e-01	8.944945031734437280e-02	4.110319352100141183e-02	1.040975588417980546e-01
2.220536528067775180e+03	1.682680472255203563e-01	1.033294103973838030e-01	3.029858859767833867e-01	1.906412727241137695e-01	8.948736974506628361e-02	4.113226380710063163e-02	1.041557501237137806e-01
2.225374298281430583e+03	1.680709307999019853e-01	1.031901054132110113e-01	3.031114508908599459e-01	1.907276670835773014e-01	8.952507574679172131e-02	4.116118033844601287e-02	1.042135897268940264e-01
2.230212068495085077e+03	1.678749250402838400e-01	1.030515838451517285e-01	3.032363178815424831e-01	1.908135801527148789e-01	8.956256955606652082e-02	4.118994386127731305e-02	1.042710796626452330e-01
2.235049838708740936e+03	1.676800236819469547e-01	1.029138412772759720e-01	3.033604909145632966e-01	1.908990146764490969e-01	8.959985239919204814e-02	4.121855511935782618e-02	1.043282219308968028e-01
2.239887608922396339e+03	1.674862204956599210e-01	1.027768733185406569e-01	3.034839739324833863e-01	1.909839733835028974e-01	8.963692549526709741e-02	4.124701485396276013e-02	1.043850185202652436e-01
2.244725379136052197e+03	1.672935092874736906e-01	1.026406756026511519e-01	3.036067708548376709e-01	1.910684589865037364e-01	8.967379005622951038e-02	4.127532380386811361e-02	1.044414714081180334e-01
2.249563149349706237e+03	1.671018838985177113e-01	1.025052437879236389e-01	3.037288855782787622e-01	1.911524741820870288e-01	8.971044728689772652e-02	4.130348270533990701e-02	1.044975825606370284e-01
2.254400919563362095e+03	1.669113382047973659e-01	1.023705735571480702e-01	3.038503219767202390e-01	1.912360216509984834e-01	8.974689838501208328e-02	4.133149229212395442e-02	1.045533539328816069e-01
2.259238689777017044e+03	1.667218661169926064e-01	1.022366606174518744e-01	3.039710839014782007e-01	1.913191040581959379e-01	8.978314454127579725e-02	4.135935329543596189e-02	1.046087874688514247e-01
2.264076459990672902e+03	1.665334615802579465e-01	1.021035007001643014e-01	3.040911751814124875e-01	1.914017240529503061e-01	8.981918693939588971e-02	4.138706644395207662e-02	1.046638851015487814e-01
