1.001418434226643626e+03	2.788381204949283987e-01	1.813668384521325283e-01	2.346796131462927093e-01	1.408253211078970835e-01	6.829164840112673940e-02	2.680614737095084882e-02	6.919231102635502173e-02
1.002869765290740247e+03	2.785779008096249676e-01	1.812057024444956033e-01	2.348549971515740409e-01	1.409311299827060437e-01	6.833655479932890242e-02	2.683490737964630210e-02	6.925880743230754255e-02
1.004321096354836754e+03	2.783181389926163707e-01	1.810448280325368808e-01	2.350300361622657819e-01	1.410367543031066651e-01	6.838138285397746263e-02	2.686365681717321763e-02	6.932520283800701344e-02
1.005772427418933376e+03	2.780588342382396272e-01	1.808842147729982919e-01	2.352047309107631046e-01	1.411421943903998222e-01	6.842613270559488869e-02	2.689239528324283840e-02	6.939149769844490945e-02
1.007223758483029997e+03	2.777999857423454899e-01	1.807238622234186298e-01	2.353790821292481572e-01	1.412474505654919832e-01	6.847080449428237514e-02	2.692112238499475702e-02	6.945769245990210394e-02
1.008675089547126618e+03	2.775415927022936713e-01	1.805637699421324405e-01	2.355530905496505401e-01	1.413525231488861056e-01	6.851539835973104176e-02	2.694983773685770759e-02	6.952378756013199990e-02
1.010126420611223239e+03	2.772836543169479584e-01	1.804039374882688562e-01	2.357267569036088639e-01	1.414574124606724770e-01	6.855991444123245293e-02	2.697854096041306729e-02	6.958978342853985866e-02
1.011577751675319632e+03	2.770261697866711614e-01	1.802443644217505969e-01	2.359000819224331413e-01	1.415621188205206382e-01	6.860435287768854029e-02	2.700723168426101897e-02	6.965568048635853438e-02
1.013029082739416367e+03	2.767691383133202843e-01	1.800850503032927208e-01	2.360730663370679827e-01	1.416666425476716118e-01	6.864871380762097020e-02	2.703590954388933668e-02	6.972147914682069736e-02
1.014480413803512761e+03	2.765125591002420835e-01	1.799259946944016531e-01	2.362457108780570414e-01	1.417709839609307410e-01	6.869299736917991450e-02	2.706457418154469691e-02	6.978717981532747694e-02
1.015931744867609382e+03	2.762564313522680171e-01	1.797671971573737981e-01	2.364180162755079861e-01	1.418751433786610006e-01	6.873720370015250214e-02	2.709322524610651567e-02	6.985278288961378756e-02
1.017383075931706003e+03	2.760007542757099142e-01	1.796086572552945682e-01	2.365899832590583896e-01	1.419791211187766966e-01	6.878133293797053516e-02	2.712186239296323145e-02	6.991828875991025483e-02
1.018834406995802851e+03	2.757455270783551460e-01	1.794503745520371618e-01	2.367616125578426156e-01	1.420829174987377208e-01	6.882538521971799661e-02	2.715048528389100296e-02	6.998369780910186633e-02
1.020285738059899245e+03	2.754907489694623512e-01	1.792923486122613708e-01	2.369329049004593735e-01	1.421865328355441382e-01	6.886936068213800333e-02	2.717909358693476954e-02	7.004901041288341679e-02
1.021737069123995752e+03	2.752364191597567178e-01	1.791345790014124417e-01	2.371038610149402703e-01	1.422899674457311914e-01	6.891325946163941174e-02	2.720768697629160834e-02	7.011422693991181676e-02
1.023188400188092373e+03	2.749825368614256527e-01	1.789770652857198552e-01	2.372744816287187808e-01	1.423932216453644983e-01	6.895708169430309065e-02	2.723626513219637793e-02	7.017934775195530661e-02
1.024639731252188767e+03	2.747291012881143413e-01	1.788198070321960764e-01	2.374447674686003817e-01	1.424962957500359173e-01	6.900082751588776375e-02	2.726482774080955795e-02	7.024437320403958962e-02
1.026091062316285615e+03	2.744761116549215840e-01	1.786628038086354453e-01	2.376147192607332426e-01	1.425991900748593555e-01	6.904449706183553304e-02	2.729337449410729893e-02	7.030930364459112014e-02
1.027542393380382237e+03	2.742235671783954665e-01	1.785060551836129272e-01	2.377843377305797479e-01	1.427019049344672164e-01	6.908809046727724945e-02	2.732190508977360224e-02	7.037413941557735253e-02
1.028993724444478858e+03	2.739714670765290849e-01	1.783495607264828364e-01	2.379536236028886309e-01	1.428044406430068469e-01	6.913160786703738403e-02	2.735041923109456097e-02	7.043888085264425614e-02
1.030445055508575479e+03	2.737198105687562721e-01	1.781933200073776979e-01	2.381225776016678564e-01	1.429067975141373736e-01	6.917504939563874633e-02	2.737891662685469629e-02	7.050352828525097149e-02
1.031896386572671872e+03	2.734685968759475450e-01	1.780373325972068876e-01	2.382912004501583081e-01	1.430089758610268991e-01	6.921841518730692533e-02	2.740739699123528189e-02	7.056808203680171865e-02
1.033347717636768493e+03	2.732178252204060520e-01	1.778815980676556052e-01	2.384594928708080597e-01	1.431109759963496431e-01	6.926170537597449439e-02	2.743586004371463896e-02	7.063254242477508271e-02
1.034799048700865114e+03	2.729674948258634659e-01	1.777261159911833754e-01	2.386274555852472001e-01	1.432127982322835835e-01	6.930492009528495256e-02	2.746430550897038109e-02	7.069690976085064860e-02
1.036250379764961508e+03	2.727176049174758199e-01	1.775708859410229379e-01	2.387950893142636033e-01	1.433144428805081250e-01	6.934805947859652708e-02	2.749273311678353954e-02	7.076118435103301296e-02
1.037701710829058356e+03	2.724681547218197886e-01	1.774159074911789979e-01	2.389623947777790580e-01	1.434159102522021001e-01	6.939112365898568446e-02	2.752114260194454820e-02	7.082536649577339527e-02
1.039153041893154750e+03	2.722191434668886356e-01	1.772611802164269224e-01	2.391293726948261478e-01	1.435172006580417436e-01	6.943411276925053055e-02	2.754953370416105343e-02	7.088945649008862593e-02
1.040604372957251599e+03	2.719705703820881615e-01	1.771067036923113514e-01	2.392960237835257964e-01	1.436183144081990548e-01	6.947702694191400241e-02	2.757790616796751762e-02	7.095345462367777523e-02
1.042055704021347992e+03	2.717224346982330396e-01	1.769524774951451995e-01	2.394623487610652302e-01	1.437192518123402429e-01	6.951986630922686594e-02	2.760625974263654706e-02	7.101736118103645079e-02
1.043507035085444613e+03	2.714747356475430418e-01	1.767985012020081848e-01	2.396283483436766892e-01	1.438200131796242842e-01	6.956263100317064407e-02	2.763459418209196494e-02	7.108117644156874970e-02
1.044958366149541234e+03	2.712274724636389855e-01	1.766447743907454959e-01	2.397940232466167498e-01	1.439205988187017005e-01	6.960532115546026743e-02	2.766290924482354627e-02	7.114490067969683751e-02
1.046409697213637855e+03	2.709806443815391264e-01	1.764912966399666827e-01	2.399593741841459793e-01	1.440210090377132823e-01	6.964793689754671113e-02	2.769120469380341801e-02	7.120853416496841781e-02
1.047861028277734476e+03	2.707342506376554381e-01	1.763380675290441846e-01	2.401244018695093962e-01	1.441212441442891734e-01	6.969047836061940948e-02	2.771948029640404487e-02	7.127207716216195366e-02
1.049312359341831097e+03	2.704882904697900048e-01	1.761850866381121650e-01	2.402891070149172914e-01	1.442213044455480098e-01	6.973294567560861523e-02	2.774773582431783181e-02	7.133552993138971010e-02
1.050763690405927491e+03	2.702427631171311351e-01	1.760323535480650958e-01	2.404534903315267147e-01	1.443211902480960318e-01	6.977533897318760614e-02	2.777597105347828430e-02	7.139889272819875676e-02
1.052215021470024112e+03	2.699976678202499758e-01	1.758798678405565918e-01	2.406175525294233231e-01	1.444209018580265014e-01	6.981765838377479438e-02	2.780418576398264313e-02	7.146216580366984705e-02
1.053666352534120733e+03	2.697530038210968484e-01	1.757276290979978561e-01	2.407812943176038945e-01	1.445204395809189524e-01	6.985990403753569722e-02	2.783237974001606316e-02	7.152534940451438228e-02
1.055117683598217127e+03	2.695087703629975295e-01	1.755756369035566811e-01	2.409447164039592582e-01	1.446198037218388854e-01	6.990207606438486598e-02	2.786055276977723177e-02	7.158844377316921082e-02
1.056569014662313975e+03	2.692649666906500316e-01	1.754238908411559217e-01	2.411078194952576692e-01	1.447189945853372128e-01	6.994417459398771797e-02	2.788870464540542382e-02	7.165144914788967867e-02
1.058020345726410369e+03	2.690215920501208280e-01	1.752723904954722189e-01	2.412706042971287101e-01	1.448180124754500364e-01	6.998619975576227115e-02	2.791683516290895811e-02	7.171436576284066777e-02
1.059471676790506763e+03	2.687786456888415221e-01	1.751211354519346952e-01	2.414330715140476924e-01	1.449168576956982590e-01	7.002815167888074011e-02	2.794494412209504522e-02	7.177719384818577464e-02
1.060923007854603611e+03	2.685361268556052949e-01	1.749701252967235665e-01	2.415952218493204462e-01	1.450155305490875013e-01	7.007003049227121527e-02	2.797303132650097793e-02	7.183993363017475431e-02
1.062374338918700232e+03	2.682940348005636855e-01	1.748193596167688935e-01	2.417570560050685546e-01	1.451140313381079905e-01	7.011183632461900905e-02	2.800109658332664703e-02	7.190258533122900753e-02
1.063825669982796853e+03	2.680523687752229822e-01	1.746688379997492213e-01	2.419185746822150596e-01	1.452123603647343941e-01	7.015356930436826566e-02	2.802913970336835120e-02	7.196514917002551359e-02
1.065277001046893474e+03	2.678111280324410037e-01	1.745185600340902199e-01	2.420797785804706392e-01	1.453105179304259587e-01	7.019522955972322398e-02	2.805716050095389408e-02	7.202762536157882034e-02
1.066728332110990095e+03	2.675703118264237679e-01	1.743685253089633791e-01	2.422406683983200359e-01	1.454085043361264540e-01	7.023681721864957761e-02	2.808515879387891295e-02	7.209001411732160469e-02
1.068179663175086489e+03	2.673299194127221057e-01	1.742187334142846211e-01	2.424012448330091218e-01	1.455063198822643677e-01	7.027833240887572386e-02	2.811313440334444261e-02	7.215231564518333196e-02
1.069630994239183110e+03	2.670899500482284417e-01	1.740691839407129959e-01	2.425615085805321314e-01	1.456039648687530164e-01	7.031977525789394334e-02	2.814108715389566917e-02	7.221453014966749961e-02
1.071082325303279504e+03	2.668504029911735742e-01	1.739198764796493490e-01	2.427214603356194766e-01	1.457014395949906838e-01	7.036114589296160737e-02	2.816901687336186705e-02	7.227665783192713245e-02
1.072533656367376352e+03	2.666112775011233449e-01	1.737708106232349337e-01	2.428811007917258125e-01	1.457987443598610378e-01	7.040244444110227429e-02	2.819692339279748772e-02	7.233869888983886220e-02
1.073984987431472746e+03	2.663725728389754188e-01	1.736219859643500507e-01	2.430404306410185733e-01	1.458958794617331856e-01	7.044367102910674416e-02	2.822480654642436915e-02	7.240065351807539740e-02
1.075436318495569594e+03	2.661342882669563426e-01	1.734734020966127999e-01	2.431994505743667878e-01	1.459928451984622289e-01	7.048482578353409966e-02	2.825266617157507973e-02	7.246252190817648042e-02
1.076887649559666215e+03	2.658964230486179914e-01	1.733250586143776084e-01	2.433581612813303374e-01	1.460896418673894581e-01	7.052590883071267747e-02	2.828050210863729610e-02	7.252430424861851244e-02
1.078338980623762609e+03	2.656589764488348493e-01	1.731769551127338436e-01	2.435165634501495202e-01	1.461862697653427967e-01	7.056692029674101196e-02	2.830831420099931550e-02	7.258600072488259614e-02
1.079790311687859230e+03	2.654219477338005118e-01	1.730290911875046467e-01	2.436746577677348646e-01	1.462827291886372449e-01	7.060786030748882058e-02	2.833610229499655339e-02	7.264761151952123241e-02
1.081241642751955851e+03	2.651853361710250212e-01	1.728814664352454622e-01	2.438324449196575816e-01	1.463790204330752687e-01	7.064872898859779482e-02	2.836386623985907851e-02	7.270913681222371250e-02
1.082692973816052472e+03	2.649491410293312588e-01	1.727340804532426777e-01	2.439899255901399888e-01	1.464751437939473544e-01	7.068952646548250229e-02	2.839160588766017831e-02	7.277057677987999740e-02
1.084144304880149093e+03	2.647133615788524463e-01	1.725869328395122082e-01	2.441471004620463237e-01	1.465710995660323701e-01	7.073025286333123329e-02	2.841932109326588199e-02	7.283193159664347327e-02
1.085595635944245487e+03	2.644779970910288158e-01	1.724400231927982197e-01	2.443039702168742500e-01	1.466668880435983147e-01	7.077090830710673630e-02	2.844701171428543757e-02	7.289320143399224960e-02
1.087046967008342108e+03	2.642430468386045561e-01	1.722933511125717965e-01	2.444605355347460596e-01	1.467625095204025953e-01	7.081149292154706454e-02	2.847467761102277437e-02	7.295438646078923617e-02
1.088498298072438729e+03	2.640085100956249820e-01	1.721469161990294983e-01	2.446167970944005954e-01	1.468579642896928328e-01	7.085200683116628373e-02	2.850231864642885360e-02	7.301548684334105421e-02
1.089949629136535123e+03	2.637743861374335363e-01	1.720007180530920277e-01	2.447727555731855631e-01	1.469532526442073328e-01	7.089245016025516599e-02	2.852993468605493493e-02	7.307650274545558766e-02
1.091400960200631971e+03	2.635406742406687375e-01	1.718547562764028147e-01	2.449284116470496486e-01	1.470483748761756693e-01	7.093282303288198087e-02	2.855752559800675550e-02	7.313743432849847959e-02
1.092852291264728365e+03	2.633073736832615142e-01	1.717090304713268512e-01	2.450837659905354127e-01	1.471433312773193502e-01	7.097312557289310597e-02	2.858509125289955544e-02	7.319828175144833804e-02
1.094303622328825213e+03	2.630744837444319306e-01	1.715635402409489974e-01	2.452388192767720465e-01	1.472381221388525119e-01	7.101335790391376246e-02	2.861263152381398125e-02	7.325904517095092883e-02
1.095754953392921607e+03	2.628420037046865221e-01	1.714182851890729831e-01	2.453935721774687662e-01	1.473327477514824457e-01	7.105352014934855631e-02	2.864014628625280445e-02	7.331972474137209150e-02
1.097206284457018228e+03	2.626099328458154081e-01	1.712732649202197699e-01	2.455480253629083176e-01	1.474272084054103482e-01	7.109361243238221384e-02	2.866763541809848326e-02	7.338032061484967006e-02
1.098657615521114849e+03	2.623782704508894614e-01	1.711284790396262745e-01	2.457021795019406207e-01	1.475215043903319312e-01	7.113363487598016455e-02	2.869509879957152579e-02	7.344083294134431950e-02
1.100108946585211470e+03	2.621470158042572551e-01	1.709839271532439808e-01	2.458560352619768019e-01	1.476156359954382269e-01	7.117358760288913788e-02	2.872253631318963038e-02	7.350126186868922995e-02
1.101560277649308091e+03	2.619161681915426199e-01	1.708396088677376634e-01	2.460095933089835041e-01	1.477096035094161985e-01	7.121347073563771835e-02	2.874994784372762735e-02	7.356160754263892099e-02
1.103011608713404712e+03	2.616857268996414798e-01	1.706955237904839717e-01	2.461628543074773356e-01	1.478034072204494620e-01	7.125328439653698387e-02	2.877733327817815628e-02	7.362187010691688405e-02
1.104462939777501106e+03	2.614556912167192437e-01	1.705516715295699870e-01	2.463158189205195692e-01	1.478970474162190352e-01	7.129302870768103317e-02	2.880469250571310313e-02	7.368204970326226733e-02
1.105914270841597499e+03	2.612260604322081403e-01	1.704080516937919731e-01	2.464684878097111176e-01	1.479905243839040319e-01	7.133270379094749924e-02	2.883202541764576243e-02	7.374214647147567248e-02
1.107365601905694348e+03	2.609968338368042207e-01	1.702646638926539335e-01	2.466208616351878158e-01	1.480838384101824390e-01	7.137230976799817384e-02	2.885933190739370727e-02	7.380216054946389659e-02
1.108816932969790741e+03	2.607680107224647492e-01	1.701215077363662787e-01	2.467729410556156744e-01	1.481769897812318937e-01	7.141184676027943767e-02	2.888661187044239131e-02	7.386209207328379989e-02
1.110268264033887590e+03	2.605395903824054837e-01	1.699785828358444939e-01	2.469247267281865776e-01	1.482699787827302662e-01	7.145131488902285721e-02	2.891386520430939272e-02	7.392194117718517421e-02
1.111719595097984211e+03	2.603115721110979552e-01	1.698358888027077240e-01	2.470762193086140646e-01	1.483628056998566591e-01	7.149071427524564259e-02	2.894109180850937615e-02	7.398170799365282047e-02
1.113170926162080832e+03	2.600839552042668035e-01	1.696934252492773576e-01	2.472274194511294432e-01	1.484554708172920456e-01	7.153004503975116113e-02	2.896829158451969671e-02	7.404139265344768239e-02
1.114622257226177226e+03	2.598567389588871124e-01	1.695511917885758613e-01	2.473783278084780157e-01	1.485479744192199913e-01	7.156930730312946465e-02	2.899546443574664914e-02	7.410099528564711990e-02
1.116073588290273847e+03	2.596299226731815790e-01	1.694091880343252254e-01	2.475289450319154427e-01	1.486403167893275423e-01	7.160850118575771972e-02	2.902261026749236583e-02	7.416051601768434975e-02
1.117524919354370468e+03	2.594035056466181266e-01	1.692674136009456320e-01	2.476792717712044123e-01	1.487324982108059468e-01	7.164762680780070725e-02	2.904972898692232894e-02	7.421995497538702580e-02
1.118976250418467089e+03	2.591774871799071844e-01	1.691258681035542055e-01	2.478293086746115037e-01	1.488245189663514878e-01	7.168668428921128044e-02	2.907682050303348961e-02	7.427931228301509758e-02
1.120427581482563710e+03	2.589518665749988569e-01	1.689845511579635140e-01	2.479790563889040511e-01	1.489163793381661771e-01	7.172567374973083665e-02	2.910388472662301176e-02	7.433858806329773916e-02
1.121878912546660331e+03	2.587266431350807583e-01	1.688434623806803481e-01	2.481285155593475067e-01	1.490080796079586434e-01	7.176459530888980309e-02	2.913092157025756399e-02	7.439778243746961173e-02
1.123330243610756725e+03	2.585018161645749046e-01	1.687026013889042220e-01	2.482776868297026651e-01	1.490996200569448815e-01	7.180344908600799769e-02	2.915793094824322904e-02	7.445689552530632138e-02
1.124781574674853118e+03	2.582773849691356038e-01	1.685619678005260691e-01	2.484265708422231933e-01	1.491910009658491132e-01	7.184223520019517029e-02	2.918491277659594416e-02	7.451592744515908584e-02
1.126232905738949967e+03	2.580533488556466803e-01	1.684215612341269652e-01	2.485751682376534377e-01	1.492822226149045084e-01	7.188095377035139122e-02	2.921186697301252078e-02	7.457487831398874889e-02
1.127684236803046360e+03	2.578297071322186995e-01	1.682813813089766852e-01	2.487234796552261484e-01	1.493732852838540459e-01	7.191960491516748155e-02	2.923879345684219158e-02	7.463374824739901769e-02
1.129135567867143209e+03	2.576064591081869137e-01	1.681414276450323986e-01	2.488715057326605362e-01	1.494641892519512627e-01	7.195818875312547103e-02	2.926569214905869187e-02	7.469253735966903396e-02
1.130586898931239830e+03	2.573836040941082648e-01	1.680016998629372538e-01	2.490192471061604962e-01	1.495549347979611698e-01	7.199670540249900053e-02	2.929256297223287869e-02	7.475124576378518182e-02
1.132038229995336451e+03	2.571611414017593855e-01	1.678621975840190461e-01	2.491667044104128870e-01	1.496455222001609464e-01	7.203515498135373840e-02	2.931940585050583567e-02	7.480987357147236838e-02
1.133489561059432845e+03	2.569390703441336021e-01	1.677229204302889409e-01	2.493138782785860597e-01	1.497359517363408832e-01	7.207353760754781069e-02	2.934622070956250175e-02	7.486842089322445770e-02
1.134940892123529466e+03	2.567173902354386583e-01	1.675838680244400858e-01	2.494607693423283867e-01	1.498262236838049932e-01	7.211185339873221745e-02	2.937300747660577874e-02	7.492688783833419131e-02
1.136392223187626087e+03	2.564961003910942172e-01	1.674450399898461395e-01	2.496073782317671519e-01	1.499163383193720667e-01	7.215010247235122132e-02	2.939976608033114183e-02	7.498527451492241480e-02
1.137843554251722708e+03	2.562752001277294744e-01	1.673064359505601340e-01	2.497537055755073565e-01	1.500062959193763368e-01	7.218828494564275000e-02	2.942649645090168048e-02	7.504358102996666613e-02
1.139294885315819101e+03	2.560546887631806046e-01	1.671680555313129757e-01	2.498997520006307760e-01	1.500960967596682849e-01	7.222640093563884034e-02	2.945319851992366650e-02	7.510180748932922257e-02
1.140746216379915950e+03	2.558345656164883186e-01	1.670298983575122242e-01	2.500455181326952103e-01	1.501857411156156119e-01	7.226445055916595750e-02	2.947987222042251082e-02	7.515995399778450936e-02
1.142197547444012343e+03	2.556148300078955882e-01	1.668919640552406214e-01	2.501910045957336237e-01	1.502752292621038765e-01	7.230243393284549458e-02	2.950651748681921982e-02	7.521802065904591161e-02
1.143648878508108737e+03	2.553954812588450918e-01	1.667542522512548142e-01	2.503362120122537560e-01	1.503645614735374114e-01	7.234035117309406404e-02	2.953313425490724370e-02	7.527600757579198942e-02
1.145100209572205586e+03	2.551765186919766060e-01	1.666167625729840507e-01	2.504811410032375396e-01	1.504537380238401278e-01	7.237820239612392792e-02	2.955972246182980365e-02	7.533391484969222118e-02
1.146551540636302207e+03	2.549579416311251179e-01	1.664794946485287364e-01	2.506257921881409612e-01	1.505427591864564041e-01	7.241598771794341416e-02	2.958628204605758677e-02	7.539174258143205298e-02
1.148002871700398828e+03	2.547397494013179942e-01	1.663424481066592686e-01	2.507701661848935060e-01	1.506316252343516959e-01	7.245370725435726356e-02	2.961281294736689551e-02	7.544949087073758720e-02
1.149454202764495449e+03	2.545219413287727606e-01	1.662056225768145656e-01	2.509142636098985468e-01	1.507203364400136192e-01	7.249136112096703222e-02	2.963931510681817524e-02	7.550715981639960495e-02
1.150905533828591842e+03	2.543045167408946594e-01	1.660690176891007064e-01	2.510580850780328444e-01	1.508088930754526158e-01	7.252894943317143850e-02	2.966578846673495820e-02	7.556474951629710279e-02
1.152356864892688463e+03	2.540874749662744847e-01	1.659326330742897093e-01	2.512016312026470466e-01	1.508972954122027865e-01	7.256647230616677935e-02	2.969223297068317169e-02	7.562226006742034379e-02
1.153808195956785084e+03	2.538708153346860841e-01	1.657964683638182279e-01	2.513449025955658556e-01	1.509855437213226959e-01	7.260392985494726337e-02	2.971864856345084877e-02	7.567969156589339497e-02
1.155259527020881706e+03	2.536545371770839163e-01	1.656605231897860797e-01	2.514878998670881938e-01	1.510736382733962879e-01	7.264132219430546877e-02	2.974503519102821014e-02	7.573704410699616529e-02
1.156710858084978327e+03	2.534386398256011086e-01	1.655247971849549693e-01	2.516306236259878704e-01	1.511615793385336359e-01	7.267864943883259321e-02	2.977139280058809651e-02	7.579431778518604113e-02
1.158162189149074720e+03	2.532231226135467361e-01	1.653892899827472951e-01	2.517730744795139697e-01	1.512493671863717470e-01	7.271591170291889783e-02	2.979772134046678594e-02	7.585151269411895270e-02
1.159613520213171569e+03	2.530079848754037131e-01	1.652540012172446227e-01	2.519152530333914619e-01	1.513370020860754228e-01	7.275310910075409587e-02	2.982402076014513057e-02	7.590862892666998263e-02
1.161064851277267962e+03	2.527932259468263498e-01	1.651189305231865190e-01	2.520571598918221468e-01	1.514244843063379808e-01	7.279024174632768573e-02	2.985029101023007475e-02	7.596566657495365527e-02
1.162516182341364356e+03	2.525788451646382993e-01	1.649840775359691925e-01	2.521987956574853196e-01	1.515118141153822817e-01	7.282730975342927016e-02	2.987653204243648219e-02	7.602262573034365700e-02
1.163967513405461204e+03	2.523648418668300586e-01	1.648494418916441329e-01	2.523401609315385485e-01	1.515989917809612841e-01	7.286431323564900031e-02	2.990274380956931335e-02	7.607950648349212641e-02
1.165418844469557826e+03	2.521512153925568600e-01	1.647150232269169179e-01	2.524812563136190069e-01	1.516860175703590163e-01	7.290125230637788112e-02	2.992892626550612556e-02	7.613630892434865294e-02
1.166870175533654447e+03	2.519379650821362837e-01	1.645808211791457421e-01	2.526220824018444167e-01	1.517728917503914088e-01	7.293812707880818758e-02	2.995507936517988190e-02	7.619303314217867884e-02
1.168321506597751068e+03	2.517250902770459819e-01	1.644468353863402232e-01	2.527626397928139923e-01	1.518596145874069880e-01	7.297493766593375619e-02	2.998120306456209666e-02	7.624967922558167910e-02
1.169772837661847461e+03	2.515125903199215696e-01	1.643130654871600427e-01	2.529029290816099396e-01	1.519461863472878205e-01	7.301168418055037357e-02	3.000729732064625135e-02	7.630624726250875844e-02
1.171224168725944082e+03	2.513004645545544036e-01	1.641795111209136127e-01	2.530429508617987877e-01	1.520326072954502061e-01	7.304836673525616497e-02	3.003336209143154731e-02	7.636273734028004023e-02
1.172675499790040703e+03	2.510887123258891962e-01	1.640461719275568830e-01	2.531827057254327773e-01	1.521188776968456224e-01	7.308498544245188577e-02	3.005939733590694968e-02	7.641914954560154183e-02
1.174126830854137097e+03	2.508773329800218499e-01	1.639130475476919535e-01	2.533221942630511925e-01	1.522049978159613626e-01	7.312154041434132390e-02	3.008540301403548126e-02	7.647548396458175857e-02
1.175578161918233945e+03	2.506663258641972925e-01	1.637801376225657413e-01	2.534614170636821373e-01	1.522909679168215347e-01	7.315803176293160515e-02	3.011137908673886671e-02	7.653174068274781749e-02
1.177029492982330339e+03	2.504556903268072565e-01	1.636474417940688153e-01	2.536003747148439236e-01	1.523767882629877002e-01	7.319445960003360951e-02	3.013732551588238842e-02	7.658791978506131193e-02
1.178480824046426733e+03	2.502454257173880592e-01	1.635149597047340364e-01	2.537390678025470137e-01	1.524624591175597899e-01	7.323082403726226264e-02	3.016324226426007546e-02	7.664402135593378906e-02
1.179932155110523581e+03	2.500355313866185480e-01	1.633826909977351416e-01	2.538774969112955748e-01	1.525479807431768531e-01	7.326712518603693824e-02	3.018912929558010064e-02	7.670004547924186289e-02
1.181383486174620202e+03	2.498260066863176587e-01	1.632506353168856617e-01	2.540156626240894777e-01	1.526333534020178906e-01	7.330336315758173571e-02	3.021498657445049682e-02	7.675599223834204954e-02
1.182834817238716823e+03	2.496168509694424720e-01	1.631187923066375056e-01	2.541535655224261281e-01	1.527185773558027149e-01	7.333953806292588251e-02	3.024081406636509872e-02	7.681186171608520019e-02
1.184286148302813444e+03	2.494080635900859100e-01	1.629871616120796840e-01	2.542912061863023543e-01	1.528036528657925885e-01	7.337565001290405342e-02	3.026661173768973104e-02	7.686765399483064254e-02
1.185737479366910065e+03	2.491996439034747657e-01	1.628557428789370876e-01	2.544285851942164611e-01	1.528885801927911958e-01	7.341169911815675908e-02	3.029237955564867760e-02	7.692336915646000306e-02
1.187188810431006686e+03	2.489915912659673158e-01	1.627245357535691272e-01	2.545657031231704504e-01	1.529733595971453086e-01	7.344768548913060968e-02	3.031811748831136563e-02	7.697900728239077950e-02
1.188640141495103080e+03	2.487839050350513503e-01	1.625935398829685408e-01	2.547025605486717970e-01	1.530579913387457303e-01	7.348360923607874517e-02	3.034382550457928596e-02	7.703456845358949701e-02
1.190091472559199701e+03	2.485765845693420351e-01	1.624627549147600047e-01	2.548391580447361138e-01	1.531424756770279061e-01	7.351947046906114058e-02	3.036950357417317684e-02	7.709005275058461448e-02
1.191542803623296322e+03	2.483696292285795804e-01	1.623321804971989413e-01	2.549754961838889833e-01	1.532268128709729227e-01	7.355526929794491131e-02	3.039515166762040213e-02	7.714546025347922276e-02
1.192994134687392716e+03	2.481630383736274370e-01	1.622018162791702967e-01	2.551115755371685112e-01	1.533110031791081740e-01	7.359100583240468785e-02	3.042076975624257926e-02	7.720079104196331254e-02
1.194445465751489564e+03	2.479568113664698814e-01	1.620716619101871536e-01	2.552473966741276024e-01	1.533950468595081384e-01	7.362668018192299046e-02	3.044635781214341183e-02	7.725604519532586201e-02
1.195896796815585958e+03	2.477509475702101283e-01	1.619417170403894823e-01	2.553829601628362367e-01	1.534789441697952950e-01	7.366229245579050677e-02	3.047191580819675130e-02	7.731122279246663287e-02
1.197348127879682352e+03	2.475454463490681656e-01	1.618119813205430024e-01	2.555182665698840783e-01	1.535626953671407335e-01	7.369784276310645255e-02	3.049744371803485635e-02	7.736632391190767510e-02
1.198799458943779200e+03	2.473403070683786453e-01	1.616824544020377397e-01	2.556533164603830288e-01	1.536463007082651822e-01	7.373333121277890478e-02	3.052294151603688471e-02	7.742134863180460957e-02
1.200250790007875821e+03	2.471355290945887462e-01	1.615531359368868880e-01	2.557881103979695037e-01	1.537297604494395065e-01	7.376875791352516254e-02	3.054840917731755853e-02	7.747629702995756373e-02
1.201702121071972442e+03	2.469311117952562029e-01	1.614240255777255328e-01	2.559226489448073183e-01	1.538130748464857922e-01	7.380412297387205223e-02	3.057384667771604128e-02	7.753116918382201017e-02
1.203153452136069063e+03	2.467270545390471692e-01	1.612951229778094020e-01	2.560569326615900754e-01	1.538962441547778726e-01	7.383942650215626069e-02	3.059925399378503330e-02	7.758596517051918884e-02
1.204604783200165684e+03	2.465233566957341638e-01	1.611664277910135334e-01	2.561909621075438848e-01	1.539792686292423274e-01	7.387466860652472378e-02	3.062463110278002346e-02	7.764068506684639048e-02
1.206056114264262078e+03	2.463200176361939886e-01	1.610379396718311096e-01	2.563247378404301391e-01	1.540621485243591215e-01	7.390984939493487615e-02	3.064997798264875242e-02	7.769532894928701805e-02
1.207507445328358699e+03	2.461170367324057306e-01	1.609096582753722082e-01	2.564582604165484558e-01	1.541448840941624376e-01	7.394496897515506761e-02	3.067529461202085639e-02	7.774989689402031501e-02
1.208958776392455093e+03	2.459144133574487079e-01	1.607815832573625259e-01	2.565915303907390088e-01	1.542274755922414531e-01	7.398002745476481290e-02	3.070058097019768770e-02	7.780438897693098266e-02
1.210410107456551941e+03	2.457121468855003599e-01	1.606537142741420732e-01	2.567245483163856923e-01	1.543099232717411173e-01	7.401502494115518027e-02	3.072583703714232978e-02	7.785880527361850600e-02
1.211861438520648335e+03	2.455102366918342216e-01	1.605260509826640924e-01	2.568573147454188965e-01	1.543922273853629290e-01	7.404996154152909682e-02	3.075106279346976820e-02	7.791314585940622983e-02
1.213312769584745183e+03	2.453086821528180639e-01	1.603985930404937532e-01	2.569898302283183944e-01	1.544743881853657408e-01	7.408483736290169541e-02	3.077625822043723175e-02	7.796741080935036539e-02
1.214764100648841804e+03	2.451074826459116729e-01	1.602713401058067921e-01	2.571220953141163390e-01	1.545564059235664534e-01	7.411965251210064776e-02	3.080142329993472428e-02	7.802160019824859460e-02
1.216215431712937971e+03	2.449066375496648518e-01	1.601442918373884583e-01	2.572541105504001502e-01	1.546382808513409313e-01	7.415440709576645584e-02	3.082655801447569538e-02	7.807571410064864659e-02
1.217666762777034819e+03	2.447061462437155333e-01	1.600174478946322087e-01	2.573858764833156787e-01	1.547200132196245581e-01	7.418910122035281274e-02	3.085166234718789147e-02	7.812975259085652713e-02
1.219118093841131440e+03	2.445060081087876702e-01	1.598908079375384594e-01	2.575173936575699263e-01	1.548016032789132912e-01	7.422373499212693571e-02	3.087673628180435600e-02	7.818371574294469273e-02
1.220569424905228061e+03	2.443062225266892651e-01	1.597643716267133362e-01	2.576486626164342097e-01	1.548830512792641612e-01	7.425830851716984371e-02	3.090177980265458937e-02	7.823760363075990543e-02
1.222020755969324682e+03	2.441067888803104546e-01	1.596381386233675648e-01	2.577796839017475472e-01	1.549643574702962157e-01	7.429282190137675990e-02	3.092679289465586831e-02	7.829141632793097660e-02
1.223472087033421303e+03	2.439077065536213451e-01	1.595121085893151935e-01	2.579104580539193781e-01	1.550455221011911855e-01	7.432727525045737527e-02	3.095177554330468331e-02	7.834515390787626099e-02
1.224923418097517697e+03	2.437089749316701803e-01	1.593862811869723450e-01	2.580409856119329493e-01	1.551265454206943173e-01	7.436166866993616786e-02	3.097672773466838073e-02	7.839881644381113679e-02
1.226374749161614318e+03	2.435105934005813710e-01	1.592606560793559389e-01	2.581712671133483128e-01	1.552074276771151229e-01	7.439600226515277748e-02	3.100164945537688815e-02	7.845240400875501396e-02
1.227826080225710712e+03	2.433125613475534410e-01	1.591352329300826929e-01	2.583013030943057120e-01	1.552881691183281010e-01	7.443027614126231095e-02	3.102654069261462366e-02	7.850591667553849518e-02
1.229277411289807560e+03	2.431148781608570841e-01	1.590100114033677070e-01	2.584310940895288011e-01	1.553687699917735421e-01	7.446449040323564750e-02	3.105140143411251955e-02	7.855935451681010651e-02
1.230728742353903954e+03	2.429175432298332216e-01	1.588849911640233536e-01	2.585606406323274764e-01	1.554492305444583333e-01	7.449864515585974400e-02	3.107623166814020219e-02	7.861271760504304207e-02
1.232180073418000802e+03	2.427205559448910865e-01	1.587601718774580561e-01	2.586899432546017619e-01	1.555295510229565970e-01	7.453274050373803750e-02	3.110103138349827601e-02	7.866600601254163105e-02
1.233631404482097196e+03	2.425239156975061705e-01	1.586355532096750398e-01	2.588190024868446404e-01	1.556097316734104674e-01	7.456677655129065330e-02	3.112580056951077742e-02	7.871921981144773539e-02
1.235082735546193817e+03	2.423276218802184190e-01	1.585111348272712217e-01	2.589478188581453844e-01	1.556897727415310073e-01	7.460075340275480749e-02	3.115053921601772940e-02	7.877235907374686985e-02
1.236534066610290438e+03	2.421316738866301777e-01	1.583869163974359340e-01	2.590763928961932749e-01	1.557696744725987348e-01	7.463467116218511221e-02	3.117524731336782443e-02	7.882542387127434991e-02
1.237985397674387059e+03	2.419360711114043050e-01	1.582628975879497579e-01	2.592047251272805997e-01	1.558494371114645949e-01	7.466852993345385325e-02	3.119992485241124269e-02	7.887841427572107877e-02
1.239436728738483680e+03	2.417408129502622571e-01	1.581390780671833585e-01	2.593328160763059276e-01	1.559290609025505148e-01	7.470232982025137858e-02	3.122457182449258489e-02	7.893133035863937608e-02
1.240888059802580301e+03	2.415458987999821450e-01	1.580154575040962628e-01	2.594606662667778285e-01	1.560085460898502641e-01	7.473607092608636204e-02	3.124918822144391942e-02	7.898417219144854284e-02
1.242339390866676695e+03	2.413513280583968468e-01	1.578920355682356669e-01	2.595882762208181482e-01	1.560878929169302598e-01	7.476975335428612257e-02	3.127377403557796143e-02	7.903693984544037099e-02
1.243790721930773088e+03	2.411571001243919821e-01	1.577688119297352976e-01	2.597156464591652836e-01	1.561671016269301215e-01	7.480337720799695722e-02	3.129832925968134560e-02	7.908963339178440299e-02
1.245242052994869937e+03	2.409632143979042185e-01	1.576457862593141357e-01	2.598427775011777352e-01	1.562461724625636428e-01	7.483694259018448813e-02	3.132285388700802031e-02	7.914225290153319159e-02
1.246693384058966330e+03	2.407696702799191624e-01	1.575229582282753060e-01	2.599696698648376048e-01	1.563251056661193739e-01	7.487044960363388457e-02	3.134734791127277709e-02	7.919479844562735127e-02
1.248144715123063179e+03	2.405764671724695269e-01	1.574003275085049669e-01	2.600963240667539811e-01	1.564039014794613991e-01	7.490389835095027926e-02	3.137181132664483563e-02	7.924727009490045715e-02
1.249596046187159800e+03	2.403836044786333004e-01	1.572778937724710335e-01	2.602227406221664374e-01	1.564825601440301972e-01	7.493728893455904594e-02	3.139624412774159185e-02	7.929966792008386056e-02
1.251047377251256421e+03	2.401910816025318585e-01	1.571556566932219845e-01	2.603489200449484731e-01	1.565610819008431687e-01	7.497062145670607691e-02	3.142064630962242144e-02	7.935199199181144913e-02
1.252498708315352815e+03	2.399988979493279662e-01	1.570336159443858071e-01	2.604748628476111771e-01	1.566394669904955794e-01	7.500389601945815776e-02	3.144501786778262226e-02	7.940424238062410156e-02
1.253950039379449436e+03	2.398070529252239180e-01	1.569117712001687759e-01	2.606005695413066148e-01	1.567177156531611992e-01	7.503711272470323101e-02	3.146935879814743292e-02	7.945641915697425339e-02
1.255401370443546057e+03	2.396155459374598451e-01	1.567901221353542318e-01	2.607260406358313243e-01	1.567958281285930511e-01	7.507027167415074309e-02	3.149366909706616258e-02	7.950852239123011589e-02
1.256852701507642678e+03	2.394243763943116610e-01	1.566686684253014994e-01	2.608512766396298699e-01	1.568738046561241328e-01	7.510337296933190798e-02	3.151794876130641770e-02	7.956055215367996425e-02
1.258304032571739299e+03	2.392335437050892299e-01	1.565474097459446379e-01	2.609762780597987275e-01	1.569516454746681666e-01	7.513641671160008195e-02	3.154219778804841917e-02	7.961250851453623156e-02
1.259755363635835920e+03	2.390430472801345352e-01	1.564263457737914975e-01	2.611010454020891158e-01	1.570293508227203483e-01	7.516940300213102721e-02	3.156641617487940255e-02	7.966439154393951949e-02
1.261206694699932314e+03	2.388528865308198190e-01	1.563054761859222486e-01	2.612255791709113817e-01	1.571069209383581522e-01	7.520233194192327275e-02	3.159060391978813637e-02	7.971620131196244241e-02
1.262658025764028707e+03	2.386630608695457789e-01	1.561848006599885486e-01	2.613498798693379976e-01	1.571843560592418310e-01	7.523520363179832249e-02	3.161476102115950981e-02	7.976793788861348544e-02
1.264109356828125556e+03	2.384735697097396245e-01	1.560643188742121545e-01	2.614739479991073923e-01	1.572616564226153590e-01	7.526801817240109937e-02	3.163888747776919669e-02	7.981960134384068206e-02
1.265560687892221949e+03	2.382844124658532736e-01	1.559440305073838406e-01	2.615977840606275584e-01	1.573388222653071544e-01	7.530077566420012580e-02	3.166298328877845125e-02	7.987119174753515294e-02
1.267012018956318798e+03	2.380955885533615757e-01	1.558239352388623711e-01	2.617213885529795503e-01	1.574158538237306615e-01	7.533347620748792606e-02	3.168704845372892487e-02	7.992270916953463089e-02
1.268463350020415419e+03	2.379070973887603968e-01	1.557040327485731679e-01	2.618447619739210919e-01	1.574927513338851837e-01	7.536611990238126224e-02	3.171108297253762837e-02	7.997415367962688870e-02
1.269914681084511813e+03	2.377189383895647878e-01	1.555843227170073673e-01	2.619679048198904070e-01	1.575695150313565773e-01	7.539870684882152285e-02	3.173508684549193604e-02	8.002552534755298652e-02
1.271366012148608434e+03	2.375311109743073468e-01	1.554648048252205705e-01	2.620908175860095501e-01	1.576461451513180012e-01	7.543123714657494483e-02	3.175906007324467289e-02	8.007682424301051927e-02
1.272817343212705055e+03	2.373436145625360538e-01	1.553454787548317617e-01	2.622135007660881811e-01	1.577226419285306380e-01	7.546371089523297437e-02	3.178300265680931297e-02	8.012805043565673913e-02
1.274268674276801676e+03	2.371564485748127449e-01	1.552263441880220585e-01	2.623359548526271734e-01	1.577990055973443606e-01	7.549612819421255838e-02	3.180691459755519840e-02	8.017920399511158092e-02
1.275720005340898297e+03	2.369696124327111686e-01	1.551074008075337962e-01	2.624581803368223332e-01	1.578752363916984536e-01	7.552848914275640813e-02	3.183079589720288344e-02	8.023028499096060417e-02
1.277171336404994690e+03	2.367831055588152933e-01	1.549886482966691681e-01	2.625801777085680078e-01	1.579513345451224182e-01	7.556079383993337395e-02	3.185464655781954091e-02	8.028129349275790749e-02
1.278622667469091539e+03	2.365969273767173364e-01	1.548700863392893090e-01	2.627019474564604162e-01	1.580273002907366664e-01	7.559304238463870895e-02	3.187846658181443110e-02	8.033222957002887632e-02
1.280073998533187932e+03	2.364110773110160990e-01	1.547517146198130189e-01	2.628234900678019237e-01	1.581031338612531312e-01	7.562523487559437430e-02	3.190225597193444701e-02	8.038309329227286137e-02
1.281525329597284326e+03	2.362255547873151063e-01	1.546335328232157358e-01	2.629448060286039834e-01	1.581788354889760995e-01	7.565737141134933064e-02	3.192601473125972894e-02	8.043388472896587094e-02
1.282976660661381175e+03	2.360403592322208588e-01	1.545155406350283978e-01	2.630658958235914113e-01	1.582544054058028504e-01	7.568945209027985732e-02	3.194974286319935547e-02	8.048460394956308273e-02
1.284427991725477568e+03	2.358554900733409732e-01	1.543977377413363883e-01	2.631867599362058274e-01	1.583298438432243771e-01	7.572147701058988545e-02	3.197344037148706908e-02	8.053525102350132803e-02
1.285879322789574417e+03	2.356709467392825164e-01	1.542801238287782872e-01	2.633073988486090422e-01	1.584051510323261913e-01	7.575344627031120603e-02	3.199710726017713364e-02	8.058582602020147867e-02
1.287330653853671038e+03	2.354867286596501186e-01	1.541626985845448439e-01	2.634278130416871089e-01	1.584803272037889066e-01	7.578535996730388635e-02	3.202074353364019882e-02	8.063632900907082013e-02
1.288781984917767431e+03	2.353028352650442245e-01	1.540454616963779499e-01	2.635480029950537650e-01	1.585553725878890152e-01	7.581721819925645034e-02	3.204434919655925473e-02	8.068676005950527197e-02
1.290233315981864052e+03	2.351192659870593726e-01	1.539284128525693907e-01	2.636679691870540965e-01	1.586302874144995267e-01	7.584902106368629493e-02	3.206792425392562124e-02	8.073711924089160830e-02
