1.001418434226643626e+03	2.788641772321617252e-01	1.813427572457529668e-01	2.346854329078067181e-01	1.408270415529977448e-01	6.829235982377113157e-02	2.680657348497962958e-02	6.918165775221181424e-02
1.002869765290740247e+03	2.786043462430712880e-01	1.811812638943793852e-01	2.348611615385923779e-01	1.409329366738627798e-01	6.833731194255147912e-02	2.683522574803613031e-02	6.924775395918826570e-02
1.004321096354836754e+03	2.783449713531961356e-01	1.810200333408278905e-01	2.350365489873492697e-01	1.410386473087316128e-01	6.838218572063270440e-02	2.686386668966156757e-02	6.931374659928248028e-02
1.005772427418933376e+03	2.780860517622267825e-01	1.808590651403871041e-01	2.352115959405705614e-01	1.411441737779823846e-01	6.842698129835404763e-02	2.689249590618820671e-02	6.937963617397258087e-02
1.007223758483029997e+03	2.778275866713704190e-01	1.806983588491321291e-01	2.353863030847311577e-01	1.412495164016087656e-01	6.847169881562777116e-02	2.692111300165200491e-02	6.944542317555939259e-02
1.008675089547126618e+03	2.775695752833459706e-01	1.805379140239234403e-01	2.355606711062510072e-01	1.413546754992098808e-01	6.851633841195084451e-02	2.694971758764769243e-02	6.951110808735279367e-02
1.010126420611223239e+03	2.773120168023783250e-01	1.803777302224059964e-01	2.357347006914592424e-01	1.414596513899812613e-01	6.856090022641579684e-02	2.697830928318667443e-02	6.957669138385440266e-02
1.011577751675319632e+03	2.770549104341931690e-01	1.802178070030081292e-01	2.359083925265590409e-01	1.415644443927060181e-01	6.860538439772102814e-02	2.700688771455764595e-02	6.964217353093664353e-02
1.013029082739416367e+03	2.767982553860118267e-01	1.800581439249405169e-01	2.360817472975934861e-01	1.416690548257470150e-01	6.864979106418055144e-02	2.703545251518992346e-02	6.970755498601831357e-02
1.014480413803512761e+03	2.765420508665462629e-01	1.798987405481950463e-01	2.362547656904120386e-01	1.417734830070392360e-01	6.869412036373311048e-02	2.706400332551939583e-02	6.977283619823654304e-02
1.015931744867609382e+03	2.762862960859937544e-01	1.797395964335438134e-01	2.364274483906378677e-01	1.418777292540827906e-01	6.873837243395086727e-02	2.709253979285706701e-02	6.983801760861553520e-02
1.017383075931706003e+03	2.760309902560319495e-01	1.795807111425380131e-01	2.365997960836358771e-01	1.419817938839363636e-01	6.878254741204749279e-02	2.712106157126013828e-02	6.990309965023182304e-02
1.018834406995802851e+03	2.757761325898142046e-01	1.794220842375068847e-01	2.367718094544815910e-01	1.420856772132112478e-01	6.882664543488592468e-02	2.714956832140557816e-02	6.996808274837630626e-02
1.020285738059899245e+03	2.755217223019642003e-01	1.792637152815564905e-01	2.369434891879307059e-01	1.421893795580655706e-01	6.887066663898552821e-02	2.717805971046611396e-02	7.003296732071306874e-02
1.021737069123995752e+03	2.752677586085717221e-01	1.791056038385687721e-01	2.371148359683893925e-01	1.422929012341990207e-01	6.891461116052897962e-02	2.720653541198864503e-02	7.009775377743510116e-02
1.023188400188092373e+03	2.750142407271874423e-01	1.789477494732003848e-01	2.372858504798852075e-01	1.423962425568481016e-01	6.895847913536877483e-02	2.723499510577497354e-02	7.016244252141681792e-02
1.024639731252188767e+03	2.747611678768182575e-01	1.787901517508815041e-01	2.374565334060387278e-01	1.424994038407815244e-01	6.900227069903326627e-02	2.726343847776483212e-02	7.022703394836364577e-02
1.026091062316285615e+03	2.745085392779228473e-01	1.786328102378147709e-01	2.376268854300359890e-01	1.426023854002959057e-01	6.904598598673242216e-02	2.729186521992119779e-02	7.029152844695867042e-02
1.027542393380382237e+03	2.742563541524069559e-01	1.784757245009740978e-01	2.377969072346013957e-01	1.427051875492120203e-01	6.908962513336328048e-02	2.732027503011778477e-02	7.035592639900627165e-02
1.028993724444478858e+03	2.740046117236189516e-01	1.783188941081035872e-01	2.379665995019713542e-01	1.428078106008710824e-01	6.913318827351512541e-02	2.734866761202870214e-02	7.042022817957301062e-02
1.030445055508575479e+03	2.737533112163452187e-01	1.781623186277163373e-01	2.381359629138687373e-01	1.429102548681314422e-01	6.917667554147427511e-02	2.737704267502025918e-02	7.048443415712561666e-02
1.031896386572671872e+03	2.735024518568056617e-01	1.780059976290933044e-01	2.383049981514774596e-01	1.430125206633655333e-01	6.922008707122871696e-02	2.740539993404484884e-02	7.054854469366636516e-02
1.033347717636768493e+03	2.732520328726494308e-01	1.778499306822821924e-01	2.384737058954182476e-01	1.431146082984570411e-01	6.926342299647245127e-02	2.743373910953685046e-02	7.061256014486565202e-02
1.034799048700865114e+03	2.730020534929507581e-01	1.776941173580961486e-01	2.386420868257246586e-01	1.432165180847981834e-01	6.930668345060955748e-02	2.746205992731056908e-02	7.067648086019201470e-02
1.036250379764961508e+03	2.727525129482041844e-01	1.775385572281127644e-01	2.388101416218196826e-01	1.433182503332874891e-01	6.934986856675810774e-02	2.749036211846011060e-02	7.074030718303953025e-02
1.037701710829058356e+03	2.725034104703208393e-01	1.773832498646727429e-01	2.389778709624930941e-01	1.434198053543274676e-01	6.939297847775385830e-02	2.751864541926120344e-02	7.080403945085264605e-02
1.039153041893154750e+03	2.722547452926238343e-01	1.772281948408787888e-01	2.391452755258792751e-01	1.435211834578226930e-01	6.943601331615370520e-02	2.754690957107490054e-02	7.086767799524866518e-02
1.040604372957251599e+03	2.720065166498443210e-01	1.770733917305944150e-01	2.393123559894355656e-01	1.436223849531778618e-01	6.947897321423897321e-02	2.757515432025312366e-02	7.093122314213760882e-02
1.042055704021347992e+03	2.717587237781172727e-01	1.769188401084427487e-01	2.394791130299210313e-01	1.437234101492962657e-01	6.952185830401856614e-02	2.760337941804604997e-02	7.099467521183989993e-02
1.043507035085444613e+03	2.715113659149775982e-01	1.767645395498053384e-01	2.396455473233761735e-01	1.438242593545780990e-01	6.956466871723190892e-02	2.763158462051124031e-02	7.105803451920149338e-02
1.044958366149541234e+03	2.712644422993558679e-01	1.766104896308209049e-01	2.398116595451026123e-01	1.439249328769192648e-01	6.960740458535175090e-02	2.765976968842455072e-02	7.112130137370692440e-02
1.046409697213637855e+03	2.710179521715744277e-01	1.764566899283841472e-01	2.399774503696436856e-01	1.440254310237101543e-01	6.965006603958685816e-02	2.768793438719273012e-02	7.118447607958991452e-02
1.047861028277734476e+03	2.707718947733435688e-01	1.763031400201445498e-01	2.401429204707653531e-01	1.441257541018343691e-01	6.969265321088448373e-02	2.771607848676771804e-02	7.124755893594195144e-02
1.049312359341831097e+03	2.705262693477573088e-01	1.761498394845051885e-01	2.403080705214376001e-01	1.442259024176679727e-01	6.973516622993282399e-02	2.774420176156256260e-02	7.131055023681856508e-02
1.050763690405927491e+03	2.702810751392898392e-01	1.759967879006214819e-01	2.404729011938163963e-01	1.443258762770784076e-01	6.977760522716328073e-02	2.777230399036897598e-02	7.137345027134359143e-02
1.052215021470024112e+03	2.700363113937916948e-01	1.758439848483999146e-01	2.406374131592260435e-01	1.444256759854239958e-01	6.981997033275262610e-02	2.780038495627646170e-02	7.143625932381125754e-02
1.053666352534120733e+03	2.697919773584856462e-01	1.756914299084968989e-01	2.408016070881419946e-01	1.445253018475530782e-01	6.986226167662504261e-02	2.782844444659298561e-02	7.149897767378636526e-02
1.055117683598217127e+03	2.695480722819630914e-01	1.755391226623174983e-01	2.409654836501742003e-01	1.446247541678035431e-01	6.990447938845410769e-02	2.785648225276718404e-02	7.156160559620235173e-02
1.056569014662313975e+03	2.693045954141806697e-01	1.753870626920141507e-01	2.411290435140507338e-01	1.447240332500023541e-01	6.994662359766465332e-02	2.788449817031205674e-02	7.162414336145743465e-02
1.058020345726410369e+03	2.690615460064558762e-01	1.752352495804855026e-01	2.412922873476019692e-01	1.448231393974651338e-01	6.998869443343454233e-02	2.791249199873012746e-02	7.168659123550887025e-02
1.059471676790506763e+03	2.688189233114641197e-01	1.750836829113751325e-01	2.414552158177451224e-01	1.449220729129959417e-01	7.003069202469637544e-02	2.794046354144002348e-02	7.174894947996535155e-02
1.060923007854603611e+03	2.685767265832345596e-01	1.749323622690702740e-01	2.416178295904692908e-01	1.450208340988869693e-01	7.007261650013907328e-02	2.796841260570448115e-02	7.181121835217744998e-02
1.062374338918700232e+03	2.683349550771467751e-01	1.747812872387006222e-01	2.417801293308207145e-01	1.451194232569183729e-01	7.011446798820945847e-02	2.799633900255972183e-02	7.187339810532637763e-02
1.063825669982796853e+03	2.680936080499273233e-01	1.746304574061370296e-01	2.419421157028887326e-01	1.452178406883581907e-01	7.015624661711368504e-02	2.802424254674617740e-02	7.193548898851090390e-02
1.065277001046893474e+03	2.678526847596459093e-01	1.744798723579902844e-01	2.421037893697917109e-01	1.453160866939623430e-01	7.019795251481870946e-02	2.805212305664054814e-02	7.199749124683250956e-02
1.066728332110990095e+03	2.676121844657121107e-01	1.743295316816098339e-01	2.422651509936638026e-01	1.454141615739746041e-01	7.023958580905356741e-02	2.807998035418916502e-02	7.205940512147900046e-02
1.068179663175086489e+03	2.673721064288716032e-01	1.741794349650825913e-01	2.424262012356416252e-01	1.455120656281266578e-01	7.028114662731071993e-02	2.810781426484261145e-02	7.212123084980620602e-02
1.069630994239183110e+03	2.671324499112033846e-01	1.740295817972315473e-01	2.425869407558517432e-01	1.456097991556383198e-01	7.032263509684723302e-02	2.813562461749159749e-02	7.218296866541824841e-02
1.071082325303279504e+03	2.668932141761155563e-01	1.738799717676145773e-01	2.427473702133981504e-01	1.457073624552175928e-01	7.036405134468599887e-02	2.816341124440408655e-02	7.224461879824609079e-02
1.072533656367376352e+03	2.666543984883425478e-01	1.737306044665232474e-01	2.429074902663503066e-01	1.458047558250609443e-01	7.040539549761686000e-02	2.819117398116359474e-02	7.230618147462458678e-02
1.073984987431472746e+03	2.664160021139414525e-01	1.735814794849813436e-01	2.430673015717314256e-01	1.459019795628535288e-01	7.044666768219771946e-02	2.821891266660868369e-02	7.236765691736793404e-02
1.075436318495569594e+03	2.661780243202887530e-01	1.734325964147438448e-01	2.432268047855071502e-01	1.459990339657695202e-01	7.048786802475555391e-02	2.824662714277359141e-02	7.242904534584360121e-02
1.076887649559666215e+03	2.659404643760773235e-01	1.732839548482955072e-01	2.433860005625745060e-01	1.460959193304724180e-01	7.052899665138739893e-02	2.827431725483003228e-02	7.249034697604488098e-02
1.078338980623762609e+03	2.657033215513125990e-01	1.731355543788495599e-01	2.435448895567511596e-01	1.461926359531154074e-01	7.057005368796138989e-02	2.830198285103007264e-02	7.255156202066184723e-02
1.079790311687859230e+03	2.654665951173098559e-01	1.729873946003464835e-01	2.437034724207651770e-01	1.462891841293417761e-01	7.061103926011763621e-02	2.832962378265011308e-02	7.261269068915095215e-02
1.081241642751955851e+03	2.652302843466907700e-01	1.728394751074528446e-01	2.438617498062446987e-01	1.463855641542853303e-01	7.065195349326913732e-02	2.835723990393593588e-02	7.267373318780334657e-02
1.082692973816052472e+03	2.649943885133801413e-01	1.726917954955597967e-01	2.440197223637083357e-01	1.464817763225708114e-01	7.069279651260267083e-02	2.838483107204880715e-02	7.273468971981156272e-02
1.084144304880149093e+03	2.647589068926028411e-01	1.725443553607818870e-01	2.441773907425556500e-01	1.465778209283145062e-01	7.073356844307959745e-02	2.841239714701259897e-02	7.279556048533508683e-02
1.085595635944245487e+03	2.645238387608807029e-01	1.723971542999558904e-01	2.443347555910578839e-01	1.466736982651245524e-01	7.077426940943669365e-02	2.843993799166191078e-02	7.285634568156455770e-02
1.087046967008342108e+03	2.642891833960293591e-01	1.722501919106393942e-01	2.444918175563491336e-01	1.467694086261016329e-01	7.081489953618690103e-02	2.846745347159121073e-02	7.291704550278459152e-02
1.088498298072438729e+03	2.640549400771550204e-01	1.721034677911095767e-01	2.446485772844176343e-01	1.468649523038394467e-01	7.085545894762011743e-02	2.849494345510491383e-02	7.297766014043548244e-02
1.089949629136535123e+03	2.638211080846517009e-01	1.719569815403618196e-01	2.448050354200974332e-01	1.469603295904253204e-01	7.089594776780396013e-02	2.852240781316841070e-02	7.303818978317352939e-02
1.091400960200631971e+03	2.635876867001979429e-01	1.718107327581085697e-01	2.449611926070602574e-01	1.470555407774407630e-01	7.093636612058440427e-02	2.854984641936006082e-02	7.309863461693022479e-02
1.092852291264728365e+03	2.633546752067537633e-01	1.716647210447779515e-01	2.451170494878076311e-01	1.471505861559620487e-01	7.097671412958651838e-02	2.857725914982405663e-02	7.315899482497024986e-02
1.094303622328825213e+03	2.631220728885577120e-01	1.715189460015125733e-01	2.452726067036633539e-01	1.472454660165609663e-01	7.101699191821515822e-02	2.860464588322422438e-02	7.321927058794827636e-02
1.095754953392921607e+03	2.628898790311239297e-01	1.713734072301680567e-01	2.454278648947660901e-01	1.473401806493052912e-01	7.105719960965556359e-02	2.863200650069867154e-02	7.327946208396461658e-02
1.097206284457018228e+03	2.626580929212392612e-01	1.712281043333119812e-01	2.455828247000623188e-01	1.474347303437595347e-01	7.109733732687405217e-02	2.865934088581530495e-02	7.333956948861983238e-02
1.098657615521114849e+03	2.624267138469600358e-01	1.710830369142224416e-01	2.457374867572994226e-01	1.475291153889855544e-01	7.113740519261857465e-02	2.868664892452821302e-02	7.339959297506808145e-02
1.100108946585211470e+03	2.621957410976093472e-01	1.709382045768867986e-01	2.458918517030190543e-01	1.476233360735433042e-01	7.117740332941943637e-02	2.871393050513484577e-02	7.345953271406957530e-02
1.101560277649308091e+03	2.619651739637740562e-01	1.707936069260004297e-01	2.460459201725508360e-01	1.477173926854914443e-01	7.121733185958972756e-02	2.874118551823402062e-02	7.351938887404181611e-02
1.103011608713404712e+03	2.617350117373021812e-01	1.706492435669653418e-01	2.461996928000060314e-01	1.478112855123881186e-01	7.125719090522603105e-02	2.876841385668474013e-02	7.357916162110995917e-02
1.104462939777501106e+03	2.615052537112995679e-01	1.705051141058889774e-01	2.463531702182716332e-01	1.479050148412915655e-01	7.129698058820892193e-02	2.879561541556576593e-02	7.363885111915596804e-02
1.105914270841597499e+03	2.612758991801273911e-01	1.703612181495829103e-01	2.465063530590046181e-01	1.479985809587609780e-01	7.133670103020355036e-02	2.882279009213597337e-02	7.369845752986697862e-02
1.107365601905694348e+03	2.610469474393992684e-01	1.702175553055614576e-01	2.466592419526265068e-01	1.480919841508570867e-01	7.137635235266014122e-02	2.884993778579544518e-02	7.375798101278249752e-02
1.108816932969790741e+03	2.608183977859783731e-01	1.700741251820405420e-01	2.468118375283178678e-01	1.481852247031429370e-01	7.141593467681457696e-02	2.887705839804732832e-02	7.381742172534076774e-02
1.110268264033887590e+03	2.605902495179747147e-01	1.699309273879363036e-01	2.469641404140132113e-01	1.482783029006847220e-01	7.145544812368886944e-02	2.890415183246038133e-02	7.387677982292417678e-02
1.111719595097984211e+03	2.603625019347423075e-01	1.697879615328637959e-01	2.471161512363962143e-01	1.483712190280523924e-01	7.149489281409171504e-02	2.893121799463224328e-02	7.393605545890372110e-02
1.113170926162080832e+03	2.601351543368765618e-01	1.696452272271357364e-01	2.472678706208947808e-01	1.484639733693205177e-01	7.153426886861891099e-02	2.895825679215340356e-02	7.399524878468254074e-02
1.114622257226177226e+03	2.599082060262111749e-01	1.695027240817612302e-01	2.474192991916765727e-01	1.485565662080690075e-01	7.157357640765397988e-02	2.898526813457184825e-02	7.405435994973864899e-02
1.116073588290273847e+03	2.596816563058158001e-01	1.693604517084444927e-01	2.475704375716446526e-01	1.486489978273839163e-01	7.161281555136850274e-02	2.901225193335837255e-02	7.411338910166671845e-02
1.117524919354370468e+03	2.594555044799933263e-01	1.692184097195834902e-01	2.477212863824332090e-01	1.487412685098581100e-01	7.165198641972272964e-02	2.903920810187254897e-02	7.417233638621907599e-02
1.118976250418467089e+03	2.592297498542769363e-01	1.690765977282686350e-01	2.478718462444036985e-01	1.488333785375921536e-01	7.169108913246595438e-02	2.906613655532932702e-02	7.423120194734582344e-02
1.120427581482563710e+03	2.590043917354275527e-01	1.689350153482816475e-01	2.480221177766407936e-01	1.489253281921950889e-01	7.173012380913701413e-02	2.909303721076629892e-02	7.428998592723413952e-02
1.121878912546660331e+03	2.587794294314313404e-01	1.687936621940941129e-01	2.481721015969488298e-01	1.490171177547851000e-01	7.176909056906470574e-02	2.911990998701153438e-02	7.434868846634688777e-02
1.123330243610756725e+03	2.585548622514968198e-01	1.686525378808662601e-01	2.483217983218483360e-01	1.491087475059904577e-01	7.180798953136834084e-02	2.914675480465206067e-02	7.440730970346025319e-02
1.124781574674853118e+03	2.583306895060524799e-01	1.685116420244456570e-01	2.484712085665725101e-01	1.492002177259501849e-01	7.184682081495802342e-02	2.917357158600291170e-02	7.446584977570075425e-02
1.126232905738949967e+03	2.581069105067438363e-01	1.683709742413660448e-01	2.486203329450642763e-01	1.492915286943149733e-01	7.188558453853526042e-02	2.920036025507677727e-02	7.452430881858145006e-02
1.127684236803046360e+03	2.578835245664311548e-01	1.682305341488457284e-01	2.487691720699730102e-01	1.493826806902478210e-01	7.192428082059325323e-02	2.922712073755420401e-02	7.458268696603741199e-02
1.129135567867143209e+03	2.576605309991867321e-01	1.680903213647866878e-01	2.489177265526517913e-01	1.494736739924250324e-01	7.196290977941741107e-02	2.925385296075437916e-02	7.464098435046051527e-02
1.130586898931239830e+03	2.574379291202924525e-01	1.679503355077730797e-01	2.490659970031546544e-01	1.495645088790368282e-01	7.200147153308573966e-02	2.928055685360645213e-02	7.469920110273341185e-02
1.132038229995336451e+03	2.572157182462370129e-01	1.678105761970699328e-01	2.492139840302338982e-01	1.496551856277882064e-01	7.203996619946925750e-02	2.930723234662139035e-02	7.475733735226294807e-02
1.133489561059432845e+03	2.569938976947135356e-01	1.676710430526219542e-01	2.493616882413377256e-01	1.497457045158998301e-01	7.207839389623242610e-02	2.933387937186437283e-02	7.481539322701277750e-02
1.134940892123529466e+03	2.567724667846170705e-01	1.675317356950522807e-01	2.495091102426079677e-01	1.498360658201088047e-01	7.211675474083353854e-02	2.936049786292769040e-02	7.487336885353537697e-02
1.136392223187626087e+03	2.565514248360419858e-01	1.673926537456609798e-01	2.496562506388777247e-01	1.499262698166693719e-01	7.215504885052513584e-02	2.938708775490417313e-02	7.493126435700339649e-02
1.137843554251722708e+03	2.563307711702795255e-01	1.672537968264240227e-01	2.498031100336695620e-01	1.500163167813537979e-01	7.219327634235443714e-02	2.941364898436108974e-02	7.498907986124034308e-02
1.139294885315819101e+03	2.561105051098153118e-01	1.671151645599918689e-01	2.499496890291934281e-01	1.501062069894533169e-01	7.223143733316368664e-02	2.944018148931457080e-02	7.504681548875061226e-02
1.140746216379915950e+03	2.558906259783270132e-01	1.669767565696882727e-01	2.500959882263448231e-01	1.501959407157786308e-01	7.226953193959056998e-02	2.946668520920446566e-02	7.510447136074901997e-02
1.142197547444012343e+03	2.556711331006815691e-01	1.668385724795088954e-01	2.502420082247033273e-01	1.502855182346610474e-01	7.230756027806861663e-02	2.949316008486971286e-02	7.516204759718961292e-02
1.143648878508108737e+03	2.554520258029330804e-01	1.667006119141201670e-01	2.503877496225308530e-01	1.503749398199530629e-01	7.234552246482760240e-02	2.951960605852415459e-02	7.521954431679390984e-02
1.145100209572205586e+03	2.552333034123199784e-01	1.665628744988578991e-01	2.505332130167703397e-01	1.504642057450292780e-01	7.238341861589389636e-02	2.954602307373278836e-02	7.527696163707854604e-02
1.146551540636302207e+03	2.550149652572631376e-01	1.664253598597260630e-01	2.506783990030444498e-01	1.505533162827872307e-01	7.242124884709086330e-02	2.957241107538848002e-02	7.533429967438241837e-02
1.148002871700398828e+03	2.547970106673630997e-01	1.662880676233955135e-01	2.508233081756542360e-01	1.506422717056481453e-01	7.245901327403925229e-02	2.959877000968910710e-02	7.539155854389327505e-02
1.149454202764495449e+03	2.545794389733976870e-01	1.661509974172027393e-01	2.509679411275781424e-01	1.507310722855577101e-01	7.249671201215759919e-02	2.962509982411513573e-02	7.544873835967358389e-02
1.150905533828591842e+03	2.543622495073197820e-01	1.660141488691485312e-01	2.511122984504711164e-01	1.508197182939870207e-01	7.253434517666251802e-02	2.965140046740760010e-02	7.550583923468609515e-02
1.152356864892688463e+03	2.541454416022547180e-01	1.658775216078967885e-01	2.512563807346635536e-01	1.509082100019332184e-01	7.257191288256920059e-02	2.967767188954649818e-02	7.556286128081873832e-02
1.153808195956785084e+03	2.539290145924981146e-01	1.657411152627731310e-01	2.514001885691606875e-01	1.509965476799205453e-01	7.260941524469165242e-02	2.970391404172960034e-02	7.561980460890901923e-02
1.155259527020881706e+03	2.537129678135134347e-01	1.656049294637638447e-01	2.515437225416417566e-01	1.510847315980009264e-01	7.264685237764317849e-02	2.973012687635163270e-02	7.567666932876798702e-02
1.156710858084978327e+03	2.534973006019297648e-01	1.654689638415144382e-01	2.516869832384595052e-01	1.511727620257548588e-01	7.268422439583668848e-02	2.975631034698386981e-02	7.573345554920360434e-02
1.158162189149074720e+03	2.532820122955393716e-01	1.653332180273284213e-01	2.518299712446398497e-01	1.512606392322922433e-01	7.272153141348508543e-02	2.978246440835407780e-02	7.579016337804367343e-02
1.159613520213171569e+03	2.530671022332953712e-01	1.651976916531661121e-01	2.519726871438812132e-01	1.513483634862532179e-01	7.275877354460161262e-02	2.980858901632686686e-02	7.584679292215835977e-02
1.161064851277267962e+03	2.528525697553095086e-01	1.650623843516433042e-01	2.521151315185544139e-01	1.514359350558088790e-01	7.279595090300024218e-02	2.983468412788436996e-02	7.590334428748209128e-02
1.162516182341364356e+03	2.526384142028496593e-01	1.649272957560300179e-01	2.522573049497025544e-01	1.515233542086621699e-01	7.283306360229602205e-02	2.986074970110731697e-02	7.595981757903512432e-02
1.163967513405461204e+03	2.524246349183377203e-01	1.647924255002492788e-01	2.523992080170406327e-01	1.516106212120486851e-01	7.287011175590543677e-02	2.988678569515642106e-02	7.601621290094466576e-02
1.165418844469557826e+03	2.522112312453475003e-01	1.646577732188758414e-01	2.525408412989557649e-01	1.516977363327374206e-01	7.290709547704675442e-02	2.991279207025413639e-02	7.607253035646545369e-02
1.166870175533654447e+03	2.519982025286020000e-01	1.645233385471349397e-01	2.526822053725071293e-01	1.517846998370316336e-01	7.294401487874040135e-02	2.993876878766674882e-02	7.612877004800001901e-02
1.168321506597751068e+03	2.517855481139715801e-01	1.643891211209011216e-01	2.528233008134260773e-01	1.518715119907695921e-01	7.298087007380930913e-02	2.996471580968678924e-02	7.618493207711843351e-02
1.169772837661847461e+03	2.515732673484714077e-01	1.642551205766967504e-01	2.529641281961165222e-01	1.519581730593254909e-01	7.301766117487926144e-02	2.999063309961578355e-02	7.624101654457773880e-02
1.171224168725944082e+03	2.513613595802594025e-01	1.641213365516910883e-01	2.531046880936549393e-01	1.520446833076101456e-01	7.305438829437929660e-02	3.001652062174730087e-02	7.629702355034086170e-02
1.172675499790040703e+03	2.511498241586339608e-01	1.639877686836987980e-01	2.532449810777909760e-01	1.521310430000718250e-01	7.309105154454195730e-02	3.004237834135034535e-02	7.635295319359523825e-02
1.174126830854137097e+03	2.509386604340315685e-01	1.638544166111787492e-01	2.533850077189479522e-01	1.522172524006970562e-01	7.312765103740373474e-02	3.006820622465302545e-02	7.640880557277097973e-02
1.175578161918233945e+03	2.507278677580249138e-01	1.637212799732329638e-01	2.535247685862230815e-01	1.523033117730114572e-01	7.316418688480541554e-02	3.009400423882652859e-02	7.646458078555866400e-02
1.177029492982330339e+03	2.505174454833204445e-01	1.635883584096051446e-01	2.536642642473884712e-01	1.523892213800805140e-01	7.320065919839233159e-02	3.011977235196940800e-02	7.652027892892680760e-02
1.178480824046426733e+03	2.503073929637562034e-01	1.634556515606794547e-01	2.538034952688912882e-01	1.524749814845103579e-01	7.323706808961481796e-02	3.014551053309214371e-02	7.657590009913883833e-02
1.179932155110523581e+03	2.500977095542997741e-01	1.633231590674794342e-01	2.539424622158548694e-01	1.525605923484485982e-01	7.327341366972850434e-02	3.017121875210197757e-02	7.663144439176991507e-02
1.181383486174620202e+03	2.498883946110459497e-01	1.631908805716666688e-01	2.540811656520794437e-01	1.526460542335850989e-01	7.330969604979464815e-02	3.019689697978806750e-02	7.668691190172320649e-02
1.182834817238716823e+03	2.496794474912145678e-01	1.630588157155395401e-01	2.542196061400429086e-01	1.527313674011527844e-01	7.334591534068055085e-02	3.022254518780685337e-02	7.674230272324586433e-02
1.184286148302813444e+03	2.494708675531485120e-01	1.629269641420320602e-01	2.543577842409017187e-01	1.528165321119284437e-01	7.338207165305977997e-02	3.024816334866773510e-02	7.679761694994483023e-02
1.185737479366910065e+03	2.492626541563114084e-01	1.627953254947125394e-01	2.544957005144920514e-01	1.529015486262334800e-01	7.341816509741265484e-02	3.027375143571901100e-02	7.685285467480200416e-02
1.187188810431006686e+03	2.490548066612854883e-01	1.626638994177824760e-01	2.546333555193305842e-01	1.529864172039347436e-01	7.345419578402645477e-02	3.029930942313403819e-02	7.690801599018937118e-02
1.188640141495103080e+03	2.488473244297695619e-01	1.625326855560752792e-01	2.547707498126158820e-01	1.530711381044453367e-01	7.349016382299586314e-02	3.032483728589770167e-02	7.696310098788362863e-02
1.190091472559199701e+03	2.486402068245767705e-01	1.624016835550549653e-01	2.549078839502292304e-01	1.531557115867253349e-01	7.352606932422320329e-02	3.035033499979306396e-02	7.701810975908060519e-02
1.191542803623296322e+03	2.484334532096325598e-01	1.622708930608151301e-01	2.550447584867363005e-01	1.532401379092826477e-01	7.356191239741888266e-02	3.037580254138832342e-02	7.707304239440936067e-02
1.192994134687392716e+03	2.482270629499725434e-01	1.621403137200775058e-01	2.551813739753879262e-01	1.533244173301737956e-01	7.359769315210165641e-02	3.040123988802395302e-02	7.712789898394586952e-02
1.194445465751489564e+03	2.480210354117403093e-01	1.620099451801909340e-01	2.553177309681217144e-01	1.534085501070046598e-01	7.363341169759897442e-02	3.042664701780012013e-02	7.718267961722656556e-02
1.195896796815585958e+03	2.478153699621854777e-01	1.618797870891300061e-01	2.554538300155632102e-01	1.534925364969312866e-01	7.366906814304738371e-02	3.045202390956430055e-02	7.723738438326153977e-02
1.197348127879682352e+03	2.476100659696615358e-01	1.617498390954940080e-01	2.555896716670277291e-01	1.535763767566606930e-01	7.370466259739275050e-02	3.047737054289913552e-02	7.729201337054740495e-02
1.198799458943779200e+03	2.474051228036237005e-01	1.616201008485054769e-01	2.557252564705213560e-01	1.536600711424515597e-01	7.374019516939066266e-02	3.050268689811050718e-02	7.734656666707999395e-02
1.200250790007875821e+03	2.472005398346269478e-01	1.614905719980092302e-01	2.558605849727426662e-01	1.537436199101151479e-01	7.377566596760677664e-02	3.052797295621582224e-02	7.740104436036669699e-02
1.201702121071972442e+03	2.469963164343238482e-01	1.613612521944710332e-01	2.559956577190842797e-01	1.538270233150160204e-01	7.381107510041710895e-02	3.055322869893251081e-02	7.745544653743850760e-02
1.203153452136069063e+03	2.467924519754626511e-01	1.612321410889763773e-01	2.561304752536345264e-01	1.539102816120727357e-01	7.384642267600839693e-02	3.057845410866674718e-02	7.750977328486192974e-02
1.204604783200165684e+03	2.465889458318850369e-01	1.611032383332293427e-01	2.562650381191788895e-01	1.539933950557587361e-01	7.388170880237841798e-02	3.060364916850234415e-02	7.756402468875052414e-02
1.206056114264262078e+03	2.463857973785242572e-01	1.609745435795513768e-01	2.563993468572020595e-01	1.540763639001031249e-01	7.391693358733629482e-02	3.062881386218987631e-02	7.761820083477624643e-02
1.207507445328358699e+03	2.461830059914029978e-01	1.608460564808801008e-01	2.565334020078894328e-01	1.541591883986913603e-01	7.395209713850287025e-02	3.065394817413599413e-02	7.767230180818054941e-02
1.208958776392455093e+03	2.459805710476312690e-01	1.607177766907680605e-01	2.566672041101287771e-01	1.542418688046660602e-01	7.398719956331101244e-02	3.067905208939290806e-02	7.772632769378522155e-02
1.210410107456551941e+03	2.457784919254046296e-01	1.605897038633815888e-01	2.568007537015122299e-01	1.543244053707278352e-01	7.402224096900594796e-02	3.070412559364809474e-02	7.778027857600294803e-02
1.211861438520648335e+03	2.455767680040019663e-01	1.604618376534995561e-01	2.569340513183382413e-01	1.544067983491359541e-01	7.405722146264556716e-02	3.072916867321416265e-02	7.783415453884780233e-02
1.213312769584745183e+03	2.453753986637834672e-01	1.603341777165123161e-01	2.570670974956133503e-01	1.544890479917092052e-01	7.409214115110079879e-02	3.075418131501891222e-02	7.788795566594527986e-02
1.214764100648841804e+03	2.451743832861887351e-01	1.602067237084203177e-01	2.571998927670539614e-01	1.545711545498266171e-01	7.412700014105587376e-02	3.077916350659556932e-02	7.794168204054228999e-02
1.216215431712937971e+03	2.449737212537347608e-01	1.600794752858330228e-01	2.573324376650885648e-01	1.546531182744282362e-01	7.416179853900869978e-02	3.080411523607319221e-02	7.799533374551691212e-02
1.217666762777034819e+03	2.447734119500138694e-01	1.599524321059677956e-01	2.574647327208595682e-01	1.547349394160158209e-01	7.419653645127118058e-02	3.082903649216725897e-02	7.804891086338783257e-02
1.219118093841131440e+03	2.445734547596918051e-01	1.598255938266485987e-01	2.575967784642255731e-01	1.548166182246537848e-01	7.423121398396949344e-02	3.085392726417041098e-02	7.810241347632365660e-02
1.220569424905228061e+03	2.443738490685056775e-01	1.596989601063048547e-01	2.577285754237630955e-01	1.548981549499698074e-01	7.426583124304449168e-02	3.087878754194336994e-02	7.815584166615202610e-02
1.222020755969324682e+03	2.441745942632620459e-01	1.595725306039702807e-01	2.578601241267688415e-01	1.549795498411556116e-01	7.430038833425195444e-02	3.090361731590601443e-02	7.820919551436847361e-02
1.223472087033421303e+03	2.439756897318350326e-01	1.594463049792816389e-01	2.579914250992620395e-01	1.550608031469677961e-01	7.433488536316296136e-02	3.092841657702860569e-02	7.826247510214516534e-02
1.224923418097517697e+03	2.437771348631641022e-01	1.593202828924777659e-01	2.581224788659861602e-01	1.551419151157285015e-01	7.436932243516417018e-02	3.095318531682318686e-02	7.831568051033935274e-02
1.226374749161614318e+03	2.435789290472523960e-01	1.591944640043981285e-01	2.582532859504114708e-01	1.552228859953262152e-01	7.440369965545817754e-02	3.097792352733513485e-02	7.836881181950172692e-02
1.227826080225710712e+03	2.433810716751645953e-01	1.590688479764818530e-01	2.583838468747371997e-01	1.553037160332165489e-01	7.443801712906379653e-02	3.100263120113483026e-02	7.842186910988449555e-02
1.229277411289807560e+03	2.431835621390250612e-01	1.589434344707664759e-01	2.585141621598934791e-01	1.553844054764229043e-01	7.447227496081638976e-02	3.102730833130951452e-02	7.847485246144940418e-02
1.230728742353903954e+03	2.429863998320159479e-01	1.588182231498868058e-01	2.586442323255440656e-01	1.554649545715373893e-01	7.450647325536823018e-02	3.105195491145525816e-02	7.852776195387549396e-02
1.232180073418000802e+03	2.427895841483750927e-01	1.586932136770737856e-01	2.587740578900883381e-01	1.555453635647214283e-01	7.454061211718877866e-02	3.107657093566910944e-02	7.858059766656665113e-02
1.233631404482097196e+03	2.425931144833942676e-01	1.585684057161532157e-01	2.589036393706637407e-01	1.556256327017065122e-01	7.457469165056500315e-02	3.110115639854134709e-02	7.863335967865908716e-02
1.235082735546193817e+03	2.423969902334171256e-01	1.584437989315447548e-01	2.590329772831481137e-01	1.557057622277950026e-01	7.460871195960171176e-02	3.112571129514787177e-02	7.868604806902858295e-02
1.236534066610290438e+03	2.422012107958374516e-01	1.583193929882606432e-01	2.591620721421619700e-01	1.557857523878609096e-01	7.464267314822183030e-02	3.115023562104274335e-02	7.873866291629758041e-02
1.237985397674387059e+03	2.420057755690970813e-01	1.581951875519046202e-01	2.592909244610709929e-01	1.558656034263506129e-01	7.467657532016679089e-02	3.117472937225086727e-02	7.879120429884213517e-02
1.239436728738483680e+03	2.418106839526840968e-01	1.580711822886707307e-01	2.594195347519885342e-01	1.559453155872835006e-01	7.471041857899678174e-02	3.119919254526075034e-02	7.884367229479868899e-02
1.240888059802580301e+03	2.416159353471309112e-01	1.579473768653421872e-01	2.595479035257778899e-01	1.560248891142528294e-01	7.474420302809108019e-02	3.122362513701745779e-02	7.889606698207071722e-02
1.242339390866676695e+03	2.414215291540122987e-01	1.578237709492902596e-01	2.596760312920547431e-01	1.561043242504265016e-01	7.477792877064839971e-02	3.124802714491562924e-02	7.894838843833519582e-02
1.243790721930773088e+03	2.412274647759436175e-01	1.577003642084731094e-01	2.598039185591898836e-01	1.561836212385476763e-01	7.481159590968713968e-02	3.127239856679265434e-02	7.900063674104894351e-02
1.245242052994869937e+03	2.410337416165789781e-01	1.575771563114345408e-01	2.599315658343113733e-01	1.562627803209355737e-01	7.484520454804574618e-02	3.129673940092196627e-02	7.905281196745479744e-02
1.246693384058966330e+03	2.408403590806090788e-01	1.574541469273030569e-01	2.600589736233074878e-01	1.563418017394862525e-01	7.487875478838304510e-02	3.132104964600641167e-02	7.910491419458766382e-02
1.248144715123063179e+03	2.406473165737596787e-01	1.573313357257906109e-01	2.601861424308287152e-01	1.564206857356733038e-01	7.491224673317846416e-02	3.134532930117180788e-02	7.915694349928040219e-02
1.249596046187159800e+03	2.404546135027895437e-01	1.572087223771914122e-01	2.603130727602907535e-01	1.564994325505485451e-01	7.494568048473244926e-02	3.136957836596053484e-02	7.920889995816968177e-02
1.251047377251256421e+03	2.402622492754885875e-01	1.570863065523809277e-01	2.604397651138770087e-01	1.565780424247429081e-01	7.497905614516671424e-02	3.139379684032529011e-02	7.926078364770150486e-02
1.252498708315352815e+03	2.400702233006760666e-01	1.569640879228146602e-01	2.605662199925409817e-01	1.566565155984669389e-01	7.501237381642456015e-02	3.141798472462292713e-02	7.931259464413678573e-02
1.253950039379449436e+03	2.398785349881987772e-01	1.568420661605269828e-01	2.606924378960090993e-01	1.567348523115117409e-01	7.504563360027122210e-02	3.144214201960841837e-02	7.936433302355673514e-02
1.255401370443546057e+03	2.396871837489289447e-01	1.567202409381301953e-01	2.608184193227831016e-01	1.568130528032495863e-01	7.507883559829407749e-02	3.146626872642890177e-02	7.941599886186810620e-02
1.256852701507642678e+03	2.394961689947628369e-01	1.565986119288132195e-01	2.609441647701430389e-01	1.568911173126347203e-01	7.511197991190309009e-02	3.149036484661784513e-02	7.946759223480828749e-02
1.258304032571739299e+03	2.393054901386184596e-01	1.564771788063405167e-01	2.610696747341493817e-01	1.569690460782039443e-01	7.514506664233103206e-02	3.151443038208929376e-02	7.951911321795036847e-02
1.259755363635835920e+03	2.391151465944340304e-01	1.563559412450510056e-01	2.611949497096462403e-01	1.570468393380776151e-01	7.517809589063381703e-02	3.153846533513224304e-02	7.957056188670803831e-02
1.261206694699932314e+03	2.389251377771660356e-01	1.562348989198569238e-01	2.613199901902638622e-01	1.571244973299600334e-01	7.521106775769076380e-02	3.156246970840509425e-02	7.962193831634033214e-02
1.262658025764028707e+03	2.387354631027874263e-01	1.561140515062427181e-01	2.614447966684210201e-01	1.572020202911404430e-01	7.524398234420497100e-02	3.158644350493017283e-02	7.967324258195629394e-02
1.264109356828125556e+03	2.385461219882857864e-01	1.559933986802639061e-01	2.615693696353281195e-01	1.572794084584936136e-01	7.527683975070360856e-02	3.161038672808841321e-02	7.972447475851961174e-02
1.265560687892221949e+03	2.383571138516615284e-01	1.558729401185460217e-01	2.616937095809897529e-01	1.573566620684805628e-01	7.530964007753816747e-02	3.163429938161406441e-02	7.977563492085296137e-02
1.267012018956318798e+03	2.381684381119261174e-01	1.557526754982834771e-01	2.618178169942073086e-01	1.574337813571493883e-01	7.534238342488483453e-02	3.165818146958951362e-02	7.982672314364244737e-02
1.268463350020415419e+03	2.379800941891001831e-01	1.556326044972383971e-01	2.619416923625819682e-01	1.575107665601358509e-01	7.537506989274478375e-02	3.168203299644020698e-02	7.987773950144176627e-02
1.269914681084511813e+03	2.377920815042118274e-01	1.555127267937395918e-01	2.620653361725171493e-01	1.575876179126641519e-01	7.540769958094441228e-02	3.170585396692962576e-02	7.992868406867639774e-02
1.271366012148608434e+03	2.376043994792947089e-01	1.553930420666815027e-01	2.621887489092216694e-01	1.576643356495476267e-01	7.544027258913571510e-02	3.172964438615440141e-02	7.997955691964760139e-02
1.272817343212705055e+03	2.374170475373863776e-01	1.552735499955229248e-01	2.623119310567119666e-01	1.577409200051895222e-01	7.547278901679660423e-02	3.175340425953945139e-02	8.003035812853638575e-02
1.274268674276801676e+03	2.372300251025263873e-01	1.551542502602860640e-01	2.624348830978154856e-01	1.578173712135836348e-01	7.550524896323110302e-02	3.177713359283322603e-02	8.008108776940736639e-02
1.275720005340898297e+03	2.370433315997546309e-01	1.550351425415554263e-01	2.625576055141728427e-01	1.578936895083150882e-01	7.553765252756979021e-02	3.180083239210303864e-02	8.013174591621249898e-02
1.277171336404994690e+03	2.368569664551093690e-01	1.549162265204766242e-01	2.626800987862411563e-01	1.579698751225609710e-01	7.556999980876996648e-02	3.182450066373048586e-02	8.018233264279471528e-02
1.278622667469091539e+03	2.366709290956256206e-01	1.547975018787554613e-01	2.628023633932965453e-01	1.580459282890911143e-01	7.560229090561608467e-02	3.184813841440689575e-02	8.023284802289154527e-02
1.280073998533187932e+03	2.364852189493333867e-01	1.546789682986567105e-01	2.629243998134370708e-01	1.581218492402687581e-01	7.563452591671993019e-02	3.187174565112891461e-02	8.028329213013857268e-02
1.281525329597284326e+03	2.362998354452557626e-01	1.545606254630029208e-01	2.630462085235853453e-01	1.581976382080512999e-01	7.566670494052098184e-02	3.189532238119410779e-02	8.033366503807283510e-02
1.282976660661381175e+03	2.361147780134073282e-01	1.544424730551736680e-01	2.631677899994918080e-01	1.582732954239909340e-01	7.569882807528671709e-02	3.191886861219667831e-02	8.038396682013612682e-02
1.284427991725477568e+03	2.359300460847922887e-01	1.543245107591042220e-01	2.632891447157369447e-01	1.583488211192354278e-01	7.573089541911290357e-02	3.194238435202326198e-02	8.043419754967824631e-02
1.285879322789574417e+03	2.357456390914027811e-01	1.542067382592844371e-01	2.634102731457345081e-01	1.584242155245287886e-01	7.576290706992387658e-02	3.196586960884871542e-02	8.048435729996014643e-02
1.287330653853671038e+03	2.355615564662170702e-01	1.540891552407578358e-01	2.635311757617345152e-01	1.584994788702119572e-01	7.579486312547285831e-02	3.198932439113209153e-02	8.053444614415697367e-02
1.288781984917767431e+03	2.353777976431978558e-01	1.539717613891204429e-01	2.636518530348256339e-01	1.585746113862235018e-01	7.582676368334223538e-02	3.201274870761256636e-02	8.058446415536110741e-02
1.290233315981864052e+03	2.351943620572904681e-01	1.538545563905197311e-01	2.637723054349383478e-01	1.586496133021003674e-01	7.585860884094387802e-02	3.203614256730552556e-02	8.063441140658504647e-02
