1.301360187473271253e+03	2.357391273548339605e-01	1.508527278370982994e-01	2.600817114246991579e-01	1.610999370175983936e-01	7.653030335658547734e-02	3.192398454746625536e-02	8.377220846140120969e-02
1.306197957686926657e+03	2.351591549353780342e-01	1.504477171206309860e-01	2.604497480689356714e-01	1.613547477831932253e-01	7.664160209405304625e-02	3.199533738520192461e-02	8.395169261228987989e-02
1.311035727900581833e+03	2.345825252580071296e-01	1.500449355446802913e-01	2.608156513593947179e-01	1.616080575484601378e-01	7.675226508041602114e-02	3.206642912196793621e-02	8.413013608675652677e-02
1.315873498114237009e+03	2.340092173470696979e-01	1.496443721738214272e-01	2.611794346730602068e-01	1.618598760999980790e-01	7.686229584054431185e-02	3.213725917816460248e-02	8.430754468702449100e-02
1.320711268327892412e+03	2.334392104069525353e-01	1.492460160844379102e-01	2.615411112836294460e-01	1.621102131462162643e-01	7.697169788435190285e-02	3.220782700824771638e-02	8.448392418584697861e-02
1.325549038541547588e+03	2.328724838192632596e-01	1.488498563661505847e-01	2.619006943628450212e-01	1.623590783180547947e-01	7.708047470673673462e-02	3.227813210005991973e-02	8.465928032657241142e-02
1.330386808755202765e+03	2.323090171400813697e-01	1.484558821231935777e-01	2.622581969817872616e-01	1.626064811697089940e-01	7.718862978752506765e-02	3.234817397417388135e-02	8.483361882321253933e-02
1.335224578968857941e+03	2.317487900972765580e-01	1.480640824757397667e-01	2.626136321121299577e-01	1.628524311793566881e-01	7.729616659141984314e-02	3.241795218324693834e-02	8.500694536051295325e-02
1.340062349182513572e+03	2.311917825878917754e-01	1.476744465611768697e-01	2.629670126273612185e-01	1.630969377498867057e-01	7.740308856795297121e-02	3.248746631138704766e-02	8.517926559402613784e-02
1.344900119396168748e+03	2.306379746755895799e-01	1.472869635353355744e-01	2.633183513039710211e-01	1.633400102096284057e-01	7.750939915144140768e-02	3.255671597352979146e-02	8.535058515018689729e-02
1.349737889609823924e+03	2.300873465881599911e-01	1.469016225736715364e-01	2.636676608226077856e-01	1.635816578130801779e-01	7.761510176094693625e-02	3.262570081482625561e-02	8.552090962639000149e-02
1.354575659823479100e+03	2.295398787150876863e-01	1.465184128724024981e-01	2.640149537692045301e-01	1.638218897416371111e-01	7.772019980023930907e-02	3.269442051004150390e-02	8.569024459106998337e-02
1.359413430037134731e+03	2.289955516051773166e-01	1.461373236496016637e-01	2.643602426360777691e-01	1.640607151043163292e-01	7.782469665776285683e-02	3.276287476296353696e-02	8.585859558378307332e-02
1.364251200250789907e+03	2.284543459642351948e-01	1.457583441462492191e-01	2.647035398229986569e-01	1.642981429384795800e-01	7.792859570660631841e-02	3.283106330582246518e-02	8.602596811529103493e-02
1.369088970464445310e+03	2.279162426528055785e-01	1.453814636272427741e-01	2.650448576382390398e-01	1.645341822105525209e-01	7.803190030447576531e-02	3.289898589871975698e-02	8.619236766764701296e-02
1.373926740678100487e+03	2.273812226839601047e-01	1.450066713823683073e-01	2.653842082995931384e-01	1.647688418167399527e-01	7.813461379367056536e-02	3.296664232906729164e-02	8.635779969428315772e-02
1.378764510891755890e+03	2.268492672211389893e-01	1.446339567272327264e-01	2.657216039353758608e-01	1.650021305837367502e-01	7.823673950106221908e-02	3.303403241103616134e-02	8.652226962009990086e-02
1.383602281105411066e+03	2.263203575760424358e-01	1.442633090041592070e-01	2.660570565853991876e-01	1.652340572694336873e-01	7.833828073807609649e-02	3.310115598501494477e-02	8.668578284155709079e-02
1.388440051319066470e+03	2.257944752065709493e-01	1.438947175830466718e-01	2.663905782019272417e-01	1.654646305636182091e-01	7.843924080067571358e-02	3.316801291707729971e-02	8.684834472676654371e-02
1.393277821532721646e+03	2.252716017148128358e-01	1.435281718621940761e-01	2.667221806506114845e-01	1.656938590886694318e-01	7.853962296934985376e-02	3.323460309845871485e-02	8.700996061558624595e-02
1.398115591746377049e+03	2.247517188450782188e-01	1.431636612690912191e-01	2.670518757114057617e-01	1.659217514002472027e-01	7.863943050910199295e-02	3.330092644504231009e-02	8.717063581971593034e-02
1.402953361960032225e+03	2.242348084819774934e-01	1.428011752611764995e-01	2.673796750794636967e-01	1.661483159879750815e-01	7.873866666944237536e-02	3.336698289685339353e-02	8.733037562279406807e-02
1.407791132173687402e+03	2.237208526485436888e-01	1.424407033265631672e-01	2.677055903660178204e-01	1.663735612761166882e-01	7.883733468438228198e-02	3.343277241756276164e-02	8.748918528049616505e-02
1.412628902387342805e+03	2.232098335043970483e-01	1.420822349847346566e-01	2.680296330992417153e-01	1.665974956242455840e-01	7.893543777243075543e-02	3.349829499399851335e-02	8.764707002063433505e-02
1.417466672600997981e+03	2.227017333439509361e-01	1.417257597872101371e-01	2.683518147250955055e-01	1.668201273279083519e-01	7.903297913659339258e-02	3.356355063566618391e-02	8.780403504325808017e-02
1.422304442814653157e+03	2.221965345946575465e-01	1.413712673181814761e-01	2.686721466081562482e-01	1.670414646192805719e-01	7.912996196437339924e-02	3.362853937427719847e-02	8.796008552075619547e-02
1.427142213028308333e+03	2.216942198152929422e-01	1.410187471951218352e-01	2.689906400324321711e-01	1.672615156678158577e-01	7.922638942777471271e-02	3.369326126328536786e-02	8.811522659795971435e-02
1.431979983241963964e+03	2.211947716942797293e-01	1.406681890693676495e-01	2.693073062021632547e-01	1.674802885808876485e-01	7.932226468330706715e-02	3.375771637743126691e-02	8.826946339224595039e-02
1.436817753455619140e+03	2.206981730480466475e-01	1.403195826266739332e-01	2.696221562426069362e-01	1.676977914044239237e-01	7.941759087199311284e-02	3.382190481229456480e-02	8.842280099364342727e-02
1.441655523669274316e+03	2.202044068194238258e-01	1.399729175877446052e-01	2.699352012008105484e-01	1.679140321235344235e-01	7.951237111937736746e-02	3.388582668385389796e-02	8.857524446493784953e-02
1.446493293882929493e+03	2.197134560760732602e-01	1.396281837087379740e-01	2.702464520463706554e-01	1.681290186631304862e-01	7.960660853553699901e-02	3.394948212805434101e-02	8.872679884177880894e-02
1.451331064096585123e+03	2.192253040089526817e-01	1.392853707817486020e-01	2.705559196721792903e-01	1.683427588885377801e-01	7.970030621509446855e-02	3.401287130038230244e-02	8.887746913278739280e-02
1.456168834310240300e+03	2.187399339308128410e-01	1.389444686352658831e-01	2.708636148951584222e-01	1.685552606061013758e-01	7.979346723723178270e-02	3.407599437544767129e-02	8.902726031966454179e-02
1.461006604523895703e+03	2.182573292747264915e-01	1.386054671346105827e-01	2.711695484569819903e-01	1.687665315637836283e-01	7.988609466570655016e-02	3.413885154657318038e-02	8.917617735730012929e-02
1.465844374737550879e+03	2.177774735926488459e-01	1.382683561823494778e-01	2.714737310247867796e-01	1.689765794517544273e-01	7.997819154886955106e-02	3.420144302539073616e-02	8.932422517388270700e-02
1.470682144951206283e+03	2.173003505540081759e-01	1.379331257186892923e-01	2.717761731918720280e-01	1.691854119029743420e-01	8.006976091968394382e-02	3.426376904144472907e-02	8.947140867100998596e-02
1.475519915164861459e+03	2.168259439443260272e-01	1.375997657218503700e-01	2.720768854783878199e-01	1.693930364937703270e-01	8.016080579574601239e-02	3.432582984180217178e-02	8.961773272379978950e-02
1.480357685378516862e+03	2.163542376638660503e-01	1.372682662084205585e-01	2.723758783320134325e-01	1.695994607444040736e-01	8.025132917930734300e-02	3.438762569066944330e-02	8.976320218100164450e-02
1.485195455592172038e+03	2.158852157263108640e-01	1.369386172336903573e-01	2.726731621286250795e-01	1.698046921196331716e-01	8.034133405729849964e-02	3.444915686901568741e-02	8.990782186510885843e-02
1.490033225805827215e+03	2.154188622574662038e-01	1.366108088919694985e-01	2.729687471729539960e-01	1.700087380292650274e-01	8.043082340135403185e-02	3.451042367420266432e-02	9.005159657247110983e-02
1.494870996019482618e+03	2.149551614939911037e-01	1.362848313168859016e-01	2.732626436992345309e-01	1.702116058287036771e-01	8.051980016783891192e-02	3.457142641962094448e-02	9.019453107340746900e-02
1.499708766233137567e+03	2.144940977821544748e-01	1.359606746816673650e-01	2.735548618718429137e-01	1.704133028194893817e-01	8.060826729787619327e-02	3.463216543433237510e-02	9.033663011231983508e-02
1.504546536446793198e+03	2.140356555766160240e-01	1.356383291994066043e-01	2.738454117859269732e-01	1.706138362498314520e-01	8.069622771737605671e-02	3.469264106271869458e-02	9.047789840780673387e-02
1.509384306660448374e+03	2.135798194392322102e-01	1.353177851233101914e-01	2.741343034680267521e-01	1.708132133151337162e-01	8.078368433706600849e-02	3.475285366413619070e-02	9.061834065277751815e-02
1.514222076874103550e+03	2.131265740378854301e-01	1.349990327469320350e-01	2.744215468766862398e-01	1.710114411585134664e-01	8.087064005252225796e-02	3.481280361257632627e-02	9.075796151456677618e-02
1.519059847087758726e+03	2.126759041453366028e-01	1.346820624043915671e-01	2.747071519030572229e-01	1.712085268713133823e-01	8.095709774420237204e-02	3.487249129633217953e-02	9.089676563504918427e-02
1.523897617301414357e+03	2.122277946381001812e-01	1.343668644705774684e-01	2.749911283714940313e-01	1.714044774936068494e-01	8.104306027747891494e-02	3.493191711767068552e-02	9.103475763075441485e-02
1.528735387515069533e+03	2.117822304953408952e-01	1.340534293613374062e-01	2.752734860401406247e-01	1.715993000146964209e-01	8.112853050267428145e-02	3.499108149251048405e-02	9.117194209298248864e-02
1.533573157728724709e+03	2.113391967977919783e-01	1.337417475336539485e-01	2.755542346015096289e-01	1.717930013736058970e-01	8.121351125509658486e-02	3.504998485010538817e-02	9.130832358791914072e-02
1.538410927942380113e+03	2.108986787266942109e-01	1.334318094858074066e-01	2.758333836830539343e-01	1.719855884595658524e-01	8.129800535507644699e-02	3.510862763273327886e-02	9.144390665675145025e-02
1.543248698156035516e+03	2.104606615627549193e-01	1.331236057575259368e-01	2.761109428477300787e-01	1.721770681124926705e-01	8.138201560800496781e-02	3.516701029539039125e-02	9.157869581578362284e-02
1.548086468369690692e+03	2.100251306851268207e-01	1.328171269301230695e-01	2.763869215945549684e-01	1.723674471234614147e-01	8.146554480437252777e-02	3.522513330549094379e-02	9.171269555655284234e-02
1.552924238583346096e+03	2.095920715704060189e-01	1.325123636266237748e-01	2.766613293591549394e-01	1.725567322351721777e-01	8.154859571980857536e-02	3.528299714257188135e-02	9.184591034594524750e-02
1.557762008797001272e+03	2.091614697916486521e-01	1.322093065118785937e-01	2.769341755143076012e-01	1.727449301424105743e-01	8.163117111512227519e-02	3.534060229800285724e-02	9.197834462631201968e-02
1.562599779010656675e+03	2.087333110174056650e-01	1.319079462926669166e-01	2.772054693704772421e-01	1.729320474925020723e-01	8.171327373634407198e-02	3.539794927470114871e-02	9.211000281558549829e-02
1.567437549224311852e+03	2.083075810107752890e-01	1.316082737177892703e-01	2.774752201763428516e-01	1.731180908857602452e-01	8.179490631476808715e-02	3.545503858685156162e-02	9.224088930739522685e-02
1.572275319437967255e+03	2.078842656284728974e-01	1.313102795781493914e-01	2.777434371193202578e-01	1.733030668759291959e-01	8.187607156699530653e-02	3.551187075963127548e-02	9.237100847118422109e-02
1.577113089651622431e+03	2.074633508199174581e-01	1.310139547068261967e-01	2.780101293260767159e-01	1.734869819706201521e-01	8.195677219497761457e-02	3.556844632893937930e-02	9.250036465232504279e-02
1.581950859865277607e+03	2.070448226263344738e-01	1.307192899791359553e-01	2.782753058630402232e-01	1.736698426317423993e-01	8.203701088606253633e-02	3.562476584113116046e-02	9.262896217223590134e-02
1.586788630078933011e+03	2.066286671798748253e-01	1.304262763126852742e-01	2.785389757369014507e-01	1.738516552759284683e-01	8.211679031303874277e-02	3.568082985275709829e-02	9.275680532849674143e-02
1.591626400292587959e+03	2.062148707027492422e-01	1.301349046674148968e-01	2.788011478951108457e-01	1.740324262749538553e-01	8.219611313418223597e-02	3.573663893030629146e-02	9.288389839496520584e-02
1.596464170506243590e+03	2.058034195063777327e-01	1.298451660456348133e-01	2.790618312263682399e-01	1.742121619561513013e-01	8.227498199330335327e-02	3.579219364995451375e-02	9.301024562189262601e-02
1.601301940719898766e+03	2.053942999905540023e-01	1.295570514920508509e-01	2.793210345611077394e-01	1.743908686028194932e-01	8.235339951979424311e-02	3.584749459731657872e-02	9.313585123603972116e-02
1.606139710933553943e+03	2.049874986426240553e-01	1.292705520937832142e-01	2.795787666719761755e-01	1.745685524546267131e-01	8.243136832867711816e-02	3.590254236720308301e-02	9.326071944079239451e-02
1.610977481147209119e+03	2.045830020366788404e-01	1.289856589803771714e-01	2.798350362743059483e-01	1.747452197080090752e-01	8.250889102065303571e-02	3.595733756338145154e-02	9.338485441627721040e-02
1.615815251360864750e+03	2.041807968327608303e-01	1.287023633238060516e-01	2.800898520265825975e-01	1.749208765165638224e-01	8.258597018215137198e-02	3.601188079834113931e-02	9.350826031947688521e-02
1.620653021574519926e+03	2.037808697760834509e-01	1.284206563384670818e-01	2.803432225309065440e-01	1.750955289914373214e-01	8.266260838537985156e-02	3.606617269306298251e-02	9.363094128434550079e-02
1.625490791788175102e+03	2.033832076962638624e-01	1.281405292811699514e-01	2.805951563334494470e-01	1.752691832017082563e-01	8.273880818837497930e-02	3.612021387679262979e-02	9.375290142192362064e-02
1.630328562001830505e+03	2.029877975065682849e-01	1.278619734511186601e-01	2.808456619249055652e-01	1.754418451747659091e-01	8.281457213505326320e-02	3.617400498681795640e-02	9.387414482045311481e-02
1.635166332215485909e+03	2.025946262031697309e-01	1.275849801898869262e-01	2.810947477409375117e-01	1.756135208966835559e-01	8.288990275526268714e-02	3.622754666825043351e-02	9.399467554549194304e-02
1.640004102429141085e+03	2.022036808644176731e-01	1.273095408813871010e-01	2.813424221626171784e-01	1.757842163125870882e-01	8.296480256483490523e-02	3.628083957381033481e-02	9.411449764002857710e-02
1.644841872642796488e+03	2.018149486501195633e-01	1.270356469518329479e-01	2.815886935168614436e-01	1.759539373270191664e-01	8.303927406563769986e-02	3.633388436361578017e-02	9.423361512459625666e-02
1.649679642856451665e+03	2.014284168008336762e-01	1.267632898696967325e-01	2.818335700768633267e-01	1.761226898042985156e-01	8.311331974562803648e-02	3.638668170497551951e-02	9.435203199738702307e-02
1.654517413070107068e+03	2.010440726371733877e-01	1.264924611456604842e-01	2.820770600625175928e-01	1.762904795688749748e-01	8.318694207890552084e-02	3.643923227218539423e-02	9.446975223436547553e-02
1.659355183283762244e+03	2.006619035591219735e-01	1.262231523325617888e-01	2.823191716408424146e-01	1.764573124056797448e-01	8.326014352576620314e-02	3.649153674632839989e-02	9.458677978938226372e-02
1.664192953497417420e+03	2.002818970453584535e-01	1.259553550253344478e-01	2.825599129263954845e-01	1.766231940604716666e-01	8.333292653275686801e-02	3.654359581507839183e-02	9.470311859428741375e-02
1.669030723711072824e+03	1.999040406525935676e-01	1.256890608609439464e-01	2.827992919816862960e-01	1.767881302401788646e-01	8.340529353272968516e-02	3.659541017250719785e-02	9.481877255904315460e-02
1.673868493924728000e+03	1.995283220149158265e-01	1.254242615183181475e-01	2.830373168175832066e-01	1.769521266132364490e-01	8.347724694489713770e-02	3.664698051889525576e-02	9.493374557183673068e-02
1.678706264138383403e+03	1.991547288431476659e-01	1.251609487182731850e-01	2.832739953937164490e-01	1.771151888099197214e-01	8.354878917488742229e-02	3.669830756054561632e-02	9.504804149919267309e-02
1.683544034352038352e+03	1.987832489242112033e-01	1.248991142234349982e-01	2.835093356188767011e-01	1.772773224226735500e-01	8.361992261480008515e-02	3.674939200960128383e-02	9.516166418608493216e-02
1.688381804565693983e+03	1.984138701205032107e-01	1.246387498381563569e-01	2.837433453514090487e-01	1.774385330064375821e-01	8.369064964326203282e-02	3.680023458386583873e-02	9.527461745604862142e-02
1.693219574779349159e+03	1.980465803692795512e-01	1.243798474084298333e-01	2.839760323996031732e-01	1.775988260789675421e-01	8.376097262548379274e-02	3.685083600662730774e-02	9.538690511129148397e-02
1.698057344993004335e+03	1.976813676820484977e-01	1.241223988217967367e-01	2.842074045220787659e-01	1.777582071211525339e-01	8.383089391331605134e-02	3.690119700648519102e-02	9.549853093280494254e-02
1.702895115206659511e+03	1.973182201439726280e-01	1.238663960072521331e-01	2.844374694281672777e-01	1.779166815773286781e-01	8.390041584530655294e-02	3.695131831718063281e-02	9.560949868047492750e-02
1.707732885420315142e+03	1.969571259132796015e-01	1.236118309351462302e-01	2.846662347782891733e-01	1.780742548555887261e-01	8.396954074675713753e-02	3.700120067742966590e-02	9.571981209319224693e-02
1.712570655633970318e+03	1.965980732206812354e-01	1.233586956170822369e-01	2.848937081843277985e-01	1.782309323280882041e-01	8.403827092978104207e-02	3.705084483075945373e-02	9.582947488896276234e-02
1.717408425847625494e+03	1.962410503688004626e-01	1.231069821058106833e-01	2.851198972099988072e-01	1.783867193313477817e-01	8.410660869336049339e-02	3.710025152534756482e-02	9.593849076501702322e-02
1.722246196061280898e+03	1.958860457316065617e-01	1.228566824951206476e-01	2.853448093712155353e-01	1.785416211665518949e-01	8.417455632340442584e-02	3.714942151386409902e-02	9.604686339791966565e-02
1.727083966274936301e+03	1.955330477538581579e-01	1.226077889197276505e-01	2.855684521364513784e-01	1.786956430998440370e-01	8.424211609280646273e-02	3.719835555331678367e-02	9.615459644367840841e-02
1.731921736488591478e+03	1.951820449505537181e-01	1.223602935551586918e-01	2.857908329270973935e-01	1.788487903626185538e-01	8.430929026150307815e-02	3.724705440489882446e-02	9.626169353785267446e-02
1.736759506702246881e+03	1.948330259063895675e-01	1.221141886176343311e-01	2.860119591178169052e-01	1.790010681518089397e-01	8.437608107653182810e-02	3.729551883383955269e-02	9.636815829566179603e-02
1.741597276915902057e+03	1.944859792752253180e-01	1.218694663639480619e-01	2.862318380368963355e-01	1.791524816301725831e-01	8.444249077208988707e-02	3.734374960925788273e-02	9.647399431209294218e-02
1.746435047129557461e+03	1.941408937795559564e-01	1.216261190913429241e-01	2.864504769665920936e-01	1.793030359265725404e-01	8.450852156959265393e-02	3.739174750401836472e-02	9.657920516200850514e-02
1.751272817343212637e+03	1.937977582099915386e-01	1.213841391373857437e-01	2.866678831434742447e-01	1.794527361362558415e-01	8.457417567773249656e-02	3.743951329458998500e-02	9.668379440025325067e-02
1.756110587556867813e+03	1.934565614247431009e-01	1.211435188798388463e-01	2.868840637587665721e-01	1.796015873211284919e-01	8.463945529253763533e-02	3.748704776090750618e-02	9.678776556176094115e-02
1.760948357770523216e+03	1.931172923491156213e-01	1.209042507365295366e-01	2.870990259586832516e-01	1.797495945100274772e-01	8.470436259743113760e-02	3.753435168623541623e-02	9.689112216166065328e-02
1.765786127984178393e+03	1.927799399750071974e-01	1.206663271652172742e-01	2.873127768447620856e-01	1.798967626989895763e-01	8.476889976329000931e-02	3.758142585703435484e-02	9.699386769538261011e-02
1.770623898197833569e+03	1.924444933604148034e-01	1.204297406634588230e-01	2.875253234741942387e-01	1.800430968515170649e-01	8.483306894850436986e-02	3.762827106283007927e-02	9.709600563876366608e-02
1.775461668411488745e+03	1.921109416289461247e-01	1.201944837684713607e-01	2.877366728601512547e-01	1.801886018988404226e-01	8.489687229903671029e-02	3.767488809608483119e-02	9.719753944815237579e-02
1.780299438625144376e+03	1.917792739693374993e-01	1.199605490569937150e-01	2.879468319721077973e-01	1.803332827401781246e-01	8.496031194848126245e-02	3.772127775207114592e-02	9.729847256051360471e-02
1.785137208838799552e+03	1.914494796349779093e-01	1.197279291451456562e-01	2.881558077361621728e-01	1.804771442429934092e-01	8.502339001812335428e-02	3.776744082874795849e-02	9.739880839353270980e-02
1.789974979052454728e+03	1.911215479434387465e-01	1.194966166882856645e-01	2.883636070353531866e-01	1.806201912432482404e-01	8.508610861699887618e-02	3.781337812663910364e-02	9.749855034571940082e-02
1.794812749266109904e+03	1.907954682760091003e-01	1.192666043808668641e-01	2.885702367099740040e-01	1.807624285456542745e-01	8.514846984195374724e-02	3.785909044871407086e-02	9.759770179651108823e-02
1.799650519479765535e+03	1.904712300772369860e-01	1.190378849562914176e-01	2.887757035578831233e-01	1.809038609239213002e-01	8.521047577770347881e-02	3.790457860027101472e-02	9.769626610637580089e-02
1.804488289693420711e+03	1.901488228544757075e-01	1.188104511867635327e-01	2.889800143348118522e-01	1.810444931210027086e-01	8.527212849689268237e-02	3.794984338882195773e-02	9.779424661691467346e-02
1.809326059907075887e+03	1.898282361774358273e-01	1.185842958831409971e-01	2.891831757546690640e-01	1.811843298493382715e-01	8.533343006015460530e-02	3.799488562398019992e-02	9.789164665096414253e-02
1.814163830120731291e+03	1.895094596777420481e-01	1.183594118947853269e-01	2.893851944898434003e-01	1.813233757910943378e-01	8.539438251617072206e-02	3.803970611734985158e-02	9.798846951269744865e-02
1.819001600334386467e+03	1.891924830484956466e-01	1.181357921094108171e-01	2.895860771715015880e-01	1.814616355984013663e-01	8.545498790173029768e-02	3.808430568241748249e-02	9.808471848772593038e-02
1.823839370548041643e+03	1.888772960438415138e-01	1.179134294529321642e-01	2.897858303898850907e-01	1.815991138935887372e-01	8.551524824178992346e-02	3.812868513444581109e-02	9.818039684319980476e-02
1.828677140761696819e+03	1.885638884785404978e-01	1.176923168893111993e-01	2.899844606946029857e-01	1.817358152694173168e-01	8.557516554953303878e-02	3.817284529036948232e-02	9.827550782790844819e-02
1.833514910975352450e+03	1.882522502275463250e-01	1.174724474204024843e-01	2.901819745949224538e-01	1.818717442893091896e-01	8.563474182642943910e-02	3.821678696869278830e-02	9.837005467238034429e-02
1.838352681189008081e+03	1.879423712255871293e-01	1.172538140857978112e-01	2.903783785600563827e-01	1.820069054875751158e-01	8.569397906229472839e-02	3.826051098938940825e-02	9.846404058898247658e-02
1.843190451402663257e+03	1.876342414667520886e-01	1.170364099626699239e-01	2.905736790194484165e-01	1.821413033696394068e-01	8.575287923534977153e-02	3.830401817380405666e-02	9.855746877201938816e-02
1.848028221616318433e+03	1.873278510040820299e-01	1.168202281656152836e-01	2.907678823630552856e-01	1.822749424122625250e-01	8.581144431228006353e-02	3.834730934455606033e-02	9.865034239783175563e-02
1.852865991829973609e+03	1.870231899491648919e-01	1.166052618464960972e-01	2.909609949416264718e-01	1.824078270637612964e-01	8.586967624829504320e-02	3.839038532544478827e-02	9.874266462489442175e-02
1.857703762043628785e+03	1.867202484717353783e-01	1.163915041942814727e-01	2.911530230669809871e-01	1.825399617442267364e-01	8.592757698718732351e-02	3.843324694135694108e-02	9.883443859391415065e-02
1.862541532257283961e+03	1.864190167992789970e-01	1.161789484348879492e-01	2.913439730122820981e-01	1.826713508457395718e-01	8.598514846139196366e-02	3.847589501817563068e-02	9.892566742792680001e-02
1.867379302470939592e+03	1.861194852166399571e-01	1.159675878310194030e-01	2.915338510123091087e-01	1.828019987325835982e-01	8.604239259204547741e-02	3.851833038269127790e-02	9.901635423239411871e-02
1.872217072684594768e+03	1.858216440656337565e-01	1.157574156820063288e-01	2.917226632637268113e-01	1.829319097414567052e-01	8.609931128904495246e-02	3.856055386251424494e-02	9.910650209530011412e-02
1.877054842898249490e+03	1.855254837446632943e-01	1.155484253236444547e-01	2.919104159253523845e-01	1.830610881816798208e-01	8.615590645110694779e-02	3.860256628598917467e-02	9.919611408724685053e-02
1.881892613111905121e+03	1.852309947083391750e-01	1.153406101280330803e-01	2.920971151184199033e-01	1.831895383354034679e-01	8.621217996582637710e-02	3.864436848211106473e-02	9.928519326154994218e-02
1.886730383325560297e+03	1.849381674671037590e-01	1.151339635034127340e-01	2.922827669268423523e-01	1.833172644578124344e-01	8.626813370973523964e-02	3.868596128044297922e-02	9.937374265433346343e-02
1.891568153539215928e+03	1.846469925868592654e-01	1.149284788940026086e-01	2.924673773974716395e-01	1.834442707773282222e-01	8.632376954836123994e-02	3.872734551103540479e-02	9.946176528462455368e-02
1.896405923752871104e+03	1.843574606885994283e-01	1.147241497798374560e-01	2.926509525403555578e-01	1.835705614958094145e-01	8.637908933628640762e-02	3.876852200434725143e-02	9.954926415444743937e-02
1.901243693966526507e+03	1.840695624480448156e-01	1.145209696766042451e-01	2.928334983289928584e-01	1.836961407887501285e-01	8.643409491720543958e-02	3.880949159116840047e-02	9.963624224891709513e-02
1.906081464180181683e+03	1.837832885952817852e-01	1.143189321354785570e-01	2.930150207005862151e-01	1.838210128054761916e-01	8.648878812398405613e-02	3.885025510254381392e-02	9.972270253633239157e-02
1.910919234393836859e+03	1.834986299144050204e-01	1.141180307429606050e-01	2.931955255562925799e-01	1.839451816693395969e-01	8.654317077871712116e-02	3.889081336969923280e-02	9.980864796826884044e-02
1.915757004607492036e+03	1.832155772431636187e-01	1.139182591207111989e-01	2.933750187614713734e-01	1.840686514779109051e-01	8.659724469278674841e-02	3.893116722396831181e-02	9.989408147967088203e-02
1.920594774821147894e+03	1.829341214726103448e-01	1.137196109253873905e-01	2.935535061459305650e-01	1.841914263031696475e-01	8.665101166692015799e-02	3.897131749672126666e-02	9.997900598894370050e-02
1.925432545034802843e+03	1.826542535467544637e-01	1.135220798484780497e-01	2.937309935041706455e-01	1.843135101916928975e-01	8.670447349124747738e-02	3.901126501929502721e-02	1.000634243980445676e-01
1.930270315248458019e+03	1.823759644622177656e-01	1.133256596161393015e-01	2.939074865956260441e-01	1.844349071648420380e-01	8.675763194535940359e-02	3.905101062292473668e-02	1.001473395925738252e-01
1.935108085462113195e+03	1.820992452678938944e-01	1.131303439890299495e-01	2.940829911449051592e-01	1.845556212189474743e-01	8.681048879836458787e-02	3.909055513867673581e-02	1.002307544418653551e-01
1.939945855675768371e+03	1.818240870646108120e-01	1.129361267621466908e-01	2.942575128420274466e-01	1.846756563254917383e-01	8.686304580894704808e-02	3.912989939738290013e-02	1.003136717990765620e-01
1.944783625889424002e+03	1.815504810047963158e-01	1.127430017646595256e-01	2.944310573426589528e-01	1.847950164312906207e-01	8.691530472542333130e-02	3.916904422957635801e-02	1.003960945012780243e-01
1.949621396103079178e+03	1.812784182921468867e-01	1.125509628597470280e-01	2.946036302683458508e-01	1.849137054586728057e-01	8.696726728579949606e-02	3.920799046542854105e-02	1.004780253695426034e-01
1.954459166316734354e+03	1.810078901812992302e-01	1.123600039444316440e-01	2.947752372067454774e-01	1.850317273056572565e-01	8.701893521782795571e-02	3.924673893468753894e-02	1.005594672090340813e-01
1.959296936530389530e+03	1.807388879775050083e-01	1.121701189494152262e-01	2.949458837118560384e-01	1.851490858461294631e-01	8.707031023906421086e-02	3.928529046661780044e-02	1.006404228090955200e-01
1.964134706744044706e+03	1.804714030363084309e-01	1.119813018389144293e-01	2.951155753042436491e-01	1.852657849300154980e-01	8.712139405692329031e-02	3.932364588994104182e-02	1.007208949433369416e-01
1.968972476957700337e+03	1.802054267632267892e-01	1.117935466104964110e-01	2.952843174712679875e-01	1.853818283834547664e-01	8.717218836873615040e-02	3.936180603277847356e-02	1.008008863697227447e-01
1.973810247171355968e+03	1.799409506134335979e-01	1.116068472949145601e-01	2.954521156673057258e-01	1.854972200089708423e-01	8.722269486180578291e-02	3.939977172259421373e-02	1.008803998306586347e-01
1.978648017385010689e+03	1.796779660914448462e-01	1.114211979559444343e-01	2.956189753139720766e-01	1.856119635856407213e-01	8.727291521346326741e-02	3.943754378613995720e-02	1.009594380530780405e-01
1.983485787598666320e+03	1.794164647508077748e-01	1.112365926902198904e-01	2.957849018003406161e-01	1.857260628692626592e-01	8.732285109112344901e-02	3.947512304940077599e-02	1.010380037485281851e-01
1.988323557812321269e+03	1.791564381937923445e-01	1.110530256270694099e-01	2.959499004831609437e-01	1.858395215925220945e-01	8.737250415234067147e-02	3.951251033754216158e-02	1.011160996132556555e-01
1.993161328025976900e+03	1.788978780710853977e-01	1.108704909283526330e-01	2.961139766870750090e-01	1.859523434651563500e-01	8.742187604486414965e-02	3.954970647485818447e-02	1.011937283282915573e-01
1.997999098239632076e+03	1.786407760814874846e-01	1.106889827882971827e-01	2.962771357048309961e-01	1.860645321741173919e-01	8.747096840669313367e-02	3.958671228472076392e-02	1.012708925595362380e-01
2.002836868453287707e+03	1.783851239716122972e-01	1.105084954333357267e-01	2.964393827974959872e-01	1.861760913837335329e-01	8.751978286613205926e-02	3.962352858953009649e-02	1.013475949578435259e-01
2.007674638666942428e+03	1.781309135355882978e-01	1.103290231219433426e-01	2.966007231946664602e-01	1.862870247358690834e-01	8.756832104184529564e-02	3.966015621066614621e-02	1.014238381591045790e-01
2.012512408880597604e+03	1.778781366147634269e-01	1.101505601444751764e-01	2.967611620946770667e-01	1.863973358500831401e-01	8.761658454291182396e-02	3.969659596844125893e-02	1.014996247843313326e-01
2.017350179094252780e+03	1.776267850974116436e-01	1.099731008230044188e-01	2.969207046648080772e-01	1.865070283237862669e-01	8.766457496887965217e-02	3.973284868205375492e-02	1.015749574397394189e-01
2.022187949307908411e+03	1.773768509184424358e-01	1.097966395111606569e-01	2.970793560414904944e-01	1.866161057323962313e-01	8.771229390982007712e-02	3.976891516954264572e-02	1.016498387168307121e-01
2.027025719521564042e+03	1.771283260591122455e-01	1.096211705939684894e-01	2.972371213305101678e-01	1.867245716294919367e-01	8.775974294638168305e-02	3.980479624774332231e-02	1.017242711924754434e-01
2.031863489735218764e+03	1.768812025467385030e-01	1.094466884876866414e-01	2.973940056072094107e-01	1.868324295469663554e-01	8.780692364984414577e-02	3.984049273224424953e-02	1.017982574289938991e-01
2.036701259948874394e+03	1.766354724544160482e-01	1.092731876396473567e-01	2.975500139166880054e-01	1.869396829951776307e-01	8.785383758217189809e-02	3.987600543734469427e-02	1.018717999742375924e-01
2.041539030162529116e+03	1.763911279007356059e-01	1.091006625280962206e-01	2.977051512740012118e-01	1.870463354630990394e-01	8.790048629606746211e-02	3.991133517601337666e-02	1.019449013616701982e-01
2.046376800376184747e+03	1.761481610495046757e-01	1.089291076620324261e-01	2.978594226643577758e-01	1.871523904184676512e-01	8.794687133502468446e-02	3.994648275984809260e-02	1.020175641104478503e-01
2.051214570589840150e+03	1.759065641094704480e-01	1.087585175810493743e-01	2.980128330433147177e-01	1.872578513079314888e-01	8.799299423338163839e-02	3.998144899903628702e-02	1.020897907254991605e-01
2.056052340803495554e+03	1.756663293340452181e-01	1.085888868551758563e-01	2.981653873369720653e-01	1.873627215571953553e-01	8.803885651637344267e-02	4.001623470231652213e-02	1.021615836976047520e-01
2.060890111017150957e+03	1.754274490210336324e-01	1.084202100847175138e-01	2.983170904421644232e-01	1.874670045711655797e-01	8.808445970018473348e-02	4.005084067694089645e-02	1.022329455034764051e-01
2.065727881230805451e+03	1.751899155123622931e-01	1.082524819000989375e-01	2.984679472266526523e-01	1.875707037340931804e-01	8.812980529200203916e-02	4.008526772863829635e-02	1.023038786058357297e-01
2.070565651444461309e+03	1.749537211938113901e-01	1.080856969617060293e-01	2.986179625293127748e-01	1.876738224097160290e-01	8.817489479006579423e-02	4.011951666157859142e-02	1.023743854534924780e-01
2.075403421658116713e+03	1.747188584947483303e-01	1.079198499597290445e-01	2.987671411603239346e-01	1.877763639413995156e-01	8.821972968372225610e-02	4.015358827833764854e-02	1.024444684814224266e-01
2.080241191871772116e+03	1.744853198878633660e-01	1.077549356140060227e-01	2.989154879013545263e-01	1.878783316522761315e-01	8.826431145347514440e-02	4.018748337986318558e-02	1.025141301108448144e-01
2.085078962085427065e+03	1.742530978889074988e-01	1.075909486738667181e-01	2.990630075057473247e-01	1.879797288453837756e-01	8.830864157103701650e-02	4.022120276544148554e-02	1.025833727492993508e-01
2.089916732299082469e+03	1.740221850564321882e-01	1.074278839179770711e-01	2.992097046987028386e-01	1.880805588038027276e-01	8.835272149938051822e-02	4.025474723266491556e-02	1.026521987907229316e-01
2.094754502512737417e+03	1.737925739915309464e-01	1.072657361541841936e-01	2.993555841774609982e-01	1.881808247907916787e-01	8.839655269278927363e-02	4.028811757740025784e-02	1.027206106155258009e-01
2.099592272726392821e+03	1.735642573375830722e-01	1.071045002193618256e-01	2.995006506114820111e-01	1.882805300499224010e-01	8.844013659690869167e-02	4.032131459375780380e-02	1.027886105906673647e-01
2.104430042940048224e+03	1.733372277799990480e-01	1.069441709792564033e-01	2.996449086426251629e-01	1.883796778052132526e-01	8.848347464879641189e-02	4.035433907406126702e-02	1.028562010697315898e-01
2.109267813153704083e+03	1.731114780459681035e-01	1.067847433283336395e-01	2.997883628853267313e-01	1.884782712612615707e-01	8.852656827697261144e-02	4.038719180881840398e-02	1.029233843930020542e-01
2.114105583367359031e+03	1.728870009042074163e-01	1.066262121896256188e-01	2.999310179267761778e-01	1.885763136033749565e-01	8.856941890147002061e-02	4.041987358669245356e-02	1.029901628875364433e-01
2.118943353581013525e+03	1.726637891647133383e-01	1.064685725145785439e-01	3.000728783270910638e-01	1.886738079977012816e-01	8.861202793388375798e-02	4.045238519447424963e-02	1.030565388672408378e-01
2.123781123794669384e+03	1.724418356785142326e-01	1.063118192829009545e-01	3.002139486194906337e-01	1.887707575913578628e-01	8.865439677742090185e-02	4.048472741705509692e-02	1.031225146329434461e-01
2.128618894008324787e+03	1.722211333374252806e-01	1.061559475024124455e-01	3.003542333104681217e-01	1.888671655125591653e-01	8.869652682694981194e-02	4.051690103740033383e-02	1.031880924724679904e-01
2.133456664221980191e+03	1.720016750738050104e-01	1.060009522088931899e-01	3.004937368799616149e-01	1.889630348707437568e-01	8.873841946904922895e-02	4.054890683652360994e-02	1.032532746607067592e-01
2.138294434435635139e+03	1.717834538603135730e-01	1.058468284659338510e-01	3.006324637815235845e-01	1.890583687567000126e-01	8.878007608205722156e-02	4.058074559346185051e-02	1.033180634596931324e-01
2.143132204649290543e+03	1.715664627096726291e-01	1.056935713647861041e-01	3.007704184424891958e-01	1.891531702426907935e-01	8.882149803611973093e-02	4.061241808525088703e-02	1.033824611186738296e-01
2.147969974862945492e+03	1.713506946744273729e-01	1.055411760242138258e-01	3.009076052641434518e-01	1.892474423825770413e-01	8.886268669323901803e-02	4.064392508690174710e-02	1.034464698741806854e-01
2.152807745076601350e+03	1.711361428467095547e-01	1.053896375903448368e-01	3.010440286218867278e-01	1.893411882119404588e-01	8.890364340732186121e-02	4.067526737137761722e-02	1.035100919501021344e-01
2.157645515290255844e+03	1.709228003580028632e-01	1.052389512365231317e-01	3.011796928653993621e-01	1.894344107482049122e-01	8.894436952422742071e-02	4.070644570957142327e-02	1.035733295577541263e-01
2.162483285503912157e+03	1.707106603789095289e-01	1.050891121631619546e-01	3.013146023188046918e-01	1.895271129907571961e-01	8.898486638181496433e-02	4.073746087028402851e-02	1.036361848959509030e-01
2.167321055717567106e+03	1.704997161189186761e-01	1.049401155975972638e-01	3.014487612808312011e-01	1.896192979210664653e-01	8.902513530999134339e-02	4.076831362020310462e-02	1.036986601510751643e-01
2.172158825931222509e+03	1.702899608261764508e-01	1.047919567939419316e-01	3.015821740249733929e-01	1.897109685028027792e-01	8.906517763075816330e-02	4.079900472388255095e-02	1.037607574971479707e-01
2.176996596144877003e+03	1.700813877872574820e-01	1.046446310329404439e-01	3.017148447996508831e-01	1.898021276819547853e-01	8.910499465825881538e-02	4.082953494372253134e-02	1.038224790958982430e-01
2.181834366358532861e+03	1.698739903269380902e-01	1.044981336218243628e-01	3.018467778283673297e-01	1.898927783869462926e-01	8.914458769882518951e-02	4.085990503995009376e-02	1.038838270968318461e-01
2.186672136572187810e+03	1.696677618079710237e-01	1.043524598941683035e-01	3.019779773098670850e-01	1.899829235287518736e-01	8.918395805102417861e-02	4.089011577060038677e-02	1.039448036373003398e-01
2.191509906785843214e+03	1.694626956308618315e-01	1.042076052097465483e-01	3.021084474182914592e-01	1.900725660010116613e-01	8.922310700570394715e-02	4.092016789149840322e-02	1.040054108425693263e-01
2.196347676999498617e+03	1.692587852336464305e-01	1.040635649543903279e-01	3.022381923033335416e-01	1.901617086801451473e-01	8.926203584604000540e-02	4.095006215624129309e-02	1.040656508258864660e-01
2.201185447213154021e+03	1.690560240916706980e-01	1.039203345398456990e-01	3.023672160903917439e-01	1.902503544254639523e-01	8.930074584758092293e-02	4.097979931618123822e-02	1.041255256885490199e-01
2.206023217426809424e+03	1.688544057173711754e-01	1.037779094036320043e-01	3.024955228807223451e-01	1.903385060792838479e-01	8.933923827829394482e-02	4.100938012040885455e-02	1.041850375199711159e-01
2.210860987640464373e+03	1.686539236600573255e-01	1.036362850089011245e-01	3.026231167515910370e-01	1.904261664670357790e-01	8.937751439861028879e-02	4.103880531573710078e-02	1.042441883977506256e-01
2.215698757854119776e+03	1.684545715056954274e-01	1.034954568442971595e-01	3.027500017564231372e-01	1.905133383973759698e-01	8.941557546147020641e-02	4.106807564668572136e-02	1.043029803877356665e-01
2.220536528067775180e+03	1.682563428766936930e-01	1.033554204238168600e-01	3.028761819249526366e-01	1.906000246622953087e-01	8.945342271236784992e-02	4.109719185546618914e-02	1.043614155440906605e-01
2.225374298281430583e+03	1.680592314316890212e-01	1.032161712866707104e-01	3.030016612633706363e-01	1.906862280372276508e-01	8.949105738939586163e-02	4.112615468196715446e-02	1.044194959093622116e-01
2.230212068495085077e+03	1.678632308653349448e-01	1.030777049971445952e-01	3.031264437544717305e-01	1.907719512811573426e-01	8.952848072328972728e-02	4.115496486374038698e-02	1.044772235145444289e-01
2.235049838708740936e+03	1.676683349080913543e-01	1.029400171444621453e-01	3.032505333578007778e-01	1.908571971367258591e-01	8.956569393747197683e-02	4.118362313598716157e-02	1.045346003791439854e-01
2.239887608922396339e+03	1.674745373260150827e-01	1.028031033426476532e-01	3.033739340097968418e-01	1.909419683303377746e-01	8.960269824809595496e-02	4.121213023154516458e-02	1.045916285112448024e-01
2.244725379136052197e+03	1.672818319205524595e-01	1.026669592303897094e-01	3.034966496239377975e-01	1.910262675722655956e-01	8.963949486408957779e-02	4.124048688087583042e-02	1.046483099075723594e-01
2.249563149349706237e+03	1.670902125283327544e-01	1.025315804709054923e-01	3.036186840908824958e-01	1.911100975567540106e-01	8.967608498719870092e-02	4.126869381205214987e-02	1.047046465535576981e-01
2.254400919563362095e+03	1.668996730209632295e-01	1.023969627518055842e-01	3.037400412786128712e-01	1.911934609621232795e-01	8.971246981203034876e-02	4.129675175074690174e-02	1.047606404234010247e-01
2.259238689777017044e+03	1.667102073048255251e-01	1.022631017849595925e-01	3.038607250325745524e-01	1.912763604508716520e-01	8.974865052609562466e-02	4.132466142022136329e-02	1.048162934801349089e-01
2.264076459990672902e+03	1.665218093208731820e-01	1.021299933063622295e-01	3.039807391758164723e-01	1.913587986697772025e-01	8.978462830985244059e-02	4.135242354131439535e-02	1.048716076756872895e-01
