1.001418434226643626e+03	2.789690968502229751e-01	1.812381568515268604e-01	2.347108567956409653e-01	1.408283009381575690e-01	6.829286253491820280e-02	2.681531020808381599e-02	6.914541582113258034e-02
1.003837319333471214e+03	2.785388465158514792e-01	1.809667223814704629e-01	2.350058882310439301e-01	1.410050861483773121e-01	6.836796091280117338e-02	2.686243486237176181e-02	6.925306094776685628e-02
1.006256204440298802e+03	2.781098417377335652e-01	1.806960308065552467e-01	2.353000247151174340e-01	1.411813608666167008e-01	6.844284223320805383e-02	2.690951869250191725e-02	6.936038094794999553e-02
1.008675089547126618e+03	2.776820788962430231e-01	1.804260800480300964e-01	2.355932687770183609e-01	1.413571265539970145e-01	6.851750714056009661e-02	2.695655971679952051e-02	6.946737886703478748e-02
1.011093974653954206e+03	2.772555543837978420e-01	1.801568680329753980e-01	2.358856229458133336e-01	1.415323846689734433e-01	6.859195627580266796e-02	2.700355602116309706e-02	6.957405767115716622e-02
1.013512859760782021e+03	2.768302646047691162e-01	1.798883926942903000e-01	2.361770897502324384e-01	1.417071366671895094e-01	6.866619027657371033e-02	2.705050575697454107e-02	6.968042024965330483e-02
1.015931744867609382e+03	2.764062059753922274e-01	1.796206519706797788e-01	2.364676717184319432e-01	1.418813840013468941e-01	6.874020977735625926e-02	2.709740713907355519e-02	6.978646941740228316e-02
1.018350629974437197e+03	2.759833749236801359e-01	1.793536438066417327e-01	2.367573713777643418e-01	1.420551281210892525e-01	6.881401540961651353e-02	2.714425844379443620e-02	6.989220791709657710e-02
1.020769515081264785e+03	2.755617678893386158e-01	1.790873661524538807e-01	2.370461912545569205e-01	1.422283704728985743e-01	6.888760780192904054e-02	2.719105800706334702e-02	6.999763842144259007e-02
1.023188400188092373e+03	2.751413813236835981e-01	1.788218169641606070e-01	2.373341338738977624e-01	1.424011125000030908e-01	6.896098758009024110e-02	2.723780422255411837e-02	7.010276353529351634e-02
1.025607285294920075e+03	2.747222116895604027e-01	1.785569942035598046e-01	2.376212017594291070e-01	1.425733556422952020e-01	6.903415536722111445e-02	2.728449553990089371e-02	7.020758579771640973e-02
1.028026170401747549e+03	2.743042554612647455e-01	1.782928958381894968e-01	2.379073974331478158e-01	1.427451013362588950e-01	6.910711178386069742e-02	2.733113046296578239e-02	7.031210768399555333e-02
1.030445055508575479e+03	2.738875091244654669e-01	1.780295198413144597e-01	2.381927234152129425e-01	1.429163510149052685e-01	6.917985744805070503e-02	2.737770754815983462e-02	7.041633160757430898e-02
1.032863940615402726e+03	2.734719691761290927e-01	1.777668641919128156e-01	2.384771822237601036e-01	1.430871061077158002e-01	6.925239297541252448e-02	2.742422540281574256e-02	7.052025992193693138e-02
1.035282825722230655e+03	2.730576321244458371e-01	1.775049268746625997e-01	2.387607763747220668e-01	1.432573680405922201e-01	6.932471897921710369e-02	2.747068268361063312e-02	7.062389492243255351e-02
1.037701710829058356e+03	2.726444944887576605e-01	1.772437058799280207e-01	2.390435083816558615e-01	1.434271382358126012e-01	6.939683607044848379e-02	2.751707809503741928e-02	7.072723884804296701e-02
1.040120595935886058e+03	2.722325527994871597e-01	1.769831992037459445e-01	2.393253807555760782e-01	1.435964181119928629e-01	6.946874485786175280e-02	2.756341038792323866e-02	7.083029388309601548e-02
1.042539481042713533e+03	2.718218035980684566e-01	1.767234048478121544e-01	2.396063960047938868e-01	1.437652090840534080e-01	6.954044594803564239e-02	2.760967835799347722e-02	7.093306215892603017e-02
1.044958366149541234e+03	2.714122434368793080e-01	1.764643208194676960e-01	2.398865566347619938e-01	1.439335125631900636e-01	6.961193994542061447e-02	2.765588084448002484e-02	7.103554575548337580e-02
1.047377251256368709e+03	2.710038688791746586e-01	1.762059451316849989e-01	2.401658651479250672e-01	1.441013299568491002e-01	6.968322745238263172e-02	2.770201672877239951e-02	7.113774670289421675e-02
1.049796136363196410e+03	2.705966764990215823e-01	1.759482758030539995e-01	2.404443240435755469e-01	1.442686626687060270e-01	6.975430906924322272e-02	2.774808493311035559e-02	7.123966698297233557e-02
1.052215021470024112e+03	2.701906628812353328e-01	1.756913108577684013e-01	2.407219358177147550e-01	1.444355120986473562e-01	6.982518539431600835e-02	2.779408441931680365e-02	7.134130853068439138e-02
1.054633906576851814e+03	2.697858246213168387e-01	1.754350483256117144e-01	2.409987029629188648e-01	1.446018796427556430e-01	6.989585702394020272e-02	2.784001418756968521e-02	7.144267323557004779e-02
1.057052791683679516e+03	2.693821583253913632e-01	1.751794862419432386e-01	2.412746279682100869e-01	1.447677666932969953e-01	6.996632455251129701e-02	2.788587327521170958e-02	7.154376294311831641e-02
1.059471676790506763e+03	2.689796606101481635e-01	1.749246226476840471e-01	2.415497133189322965e-01	1.449331746387110265e-01	7.003658857250918968e-02	2.793166075559670725e-02	7.164457945610155920e-02
1.061890561897334692e+03	2.685783281027815939e-01	1.746704555893030808e-01	2.418239614966314899e-01	1.450981048636028059e-01	7.010664967452411023e-02	2.797737573697151731e-02	7.174512453586838479e-02
1.064309447004162394e+03	2.681781574409328184e-01	1.744169831188030206e-01	2.420973749789405716e-01	1.452625587487371694e-01	7.017650844728035020e-02	2.802301736139229532e-02	7.184539990359675721e-02
1.066728332110990095e+03	2.677791452726333010e-01	1.741642032937061602e-01	2.423699562394684148e-01	1.454265376710342228e-01	7.024616547765825947e-02	2.806858480367417988e-02	7.194540724150842725e-02
1.069147217217817570e+03	2.673812882562486837e-01	1.739121141770403889e-01	2.426417077476931972e-01	1.455900430035667881e-01	7.031562135071449393e-02	2.811407727037331869e-02	7.204514819404607417e-02
1.071566102324645271e+03	2.669845830604239967e-01	1.736607138373249815e-01	2.429126319688598157e-01	1.457530761155591270e-01	7.038487664970075053e-02	2.815949399880020645e-02	7.214462436901408759e-02
1.073984987431472746e+03	2.665890263640295910e-01	1.734100003485564701e-01	2.431827313638809662e-01	1.459156383723869965e-01	7.045393195608115611e-02	2.820483425606343589e-02	7.224383733868432189e-02
1.076403872538300675e+03	2.661946148561083469e-01	1.731599717901944613e-01	2.434520083892425246e-01	1.460777311355786756e-01	7.052278784954837954e-02	2.825009733814284885e-02	7.234278864086766958e-02
1.078822757645127922e+03	2.658013452358234940e-01	1.729106262471474531e-01	2.437204654969119533e-01	1.462393557628172136e-01	7.059144490803866134e-02	2.829528256899127223e-02	7.244147977995278598e-02
1.081241642751955851e+03	2.654092142124075404e-01	1.726619618097586517e-01	2.439881051342508433e-01	1.464005136079435387e-01	7.065990370774573315e-02	2.834038929966386719e-02	7.253991222791265903e-02
1.083660527858783553e+03	2.650182185051118688e-01	1.724139765737916496e-01	2.442549297439305100e-01	1.465612060209602052e-01	7.072816482313402930e-02	2.838541690747430069e-02	7.263808742528030105e-02
1.086079412965611255e+03	2.646283548431571653e-01	1.721666686404162983e-01	2.445209417638511684e-01	1.467214343480361394e-01	7.079622882695084385e-02	2.843036479517690313e-02	7.273600678209439507e-02
1.088498298072438729e+03	2.642396199656847355e-01	1.719200361161943857e-01	2.447861436270642177e-01	1.468811999315119965e-01	7.086409629023783519e-02	2.847523239017400037e-02	7.283367167881570070e-02
1.090917183179266431e+03	2.638520106217088768e-01	1.716740771130653986e-01	2.450505377616978286e-01	1.470405041099059062e-01	7.093176778234189239e-02	2.852001914374764288e-02	7.293108346721531576e-02
1.093336068286093905e+03	2.634655235700694709e-01	1.714287897483323664e-01	2.453141265908851676e-01	1.471993482179199397e-01	7.099924387092530764e-02	2.856472453031499298e-02	7.302824347123568205e-02
1.095754953392921607e+03	2.630801555793855218e-01	1.711841721446474007e-01	2.455769125326960622e-01	1.473577335864469373e-01	7.106652512197546290e-02	2.860934804670665563e-02	7.312515298782487627e-02
1.098173838499749309e+03	2.626959034280096361e-01	1.709402224299975959e-01	2.458388980000711932e-01	1.475156615425779194e-01	7.113361209981401700e-02	2.865388921146719628e-02	7.322181328774531039e-02
1.100592723606577010e+03	2.623127639039829484e-01	1.706969387376906233e-01	2.461000854007592276e-01	1.476731334096096637e-01	7.120050536710553768e-02	2.869834756417721441e-02	7.331822561635760460e-02
1.103011608713404712e+03	2.619307338049909339e-01	1.704543192063405765e-01	2.463604771372562563e-01	1.478301505070527821e-01	7.126720548486586981e-02	2.874272266479628232e-02	7.341439119438017413e-02
1.105430493820231959e+03	2.615498099383193331e-01	1.702123619798535659e-01	2.466200756067482847e-01	1.479867141506399919e-01	7.133371301247003193e-02	2.878701409302610731e-02	7.351031121862550144e-02
1.107849378927059888e+03	2.611699891208116298e-01	1.699710652074136463e-01	2.468788832010559986e-01	1.481428256523346643e-01	7.140002850765979348e-02	2.883122144769332054e-02	7.360598686271378754e-02
1.110268264033887590e+03	2.607912681788264186e-01	1.697304270434682461e-01	2.471369023065819182e-01	1.482984863203396231e-01	7.146615252655094674e-02	2.887534434615125073e-02	7.370141927776446833e-02
1.112687149140715292e+03	2.604136439481954390e-01	1.694904456477142052e-01	2.473941353042598823e-01	1.484536974591062763e-01	7.153208562364032908e-02	2.891938242370011361e-02	7.379660959306665047e-02
1.115106034247542766e+03	2.600371132741826630e-01	1.692511191850832875e-01	2.476505845695070318e-01	1.486084603693435813e-01	7.159782835181259519e-02	2.896333533302505869e-02	7.389155891672867515e-02
1.117524919354370468e+03	2.596616730114433835e-01	1.690124458257281359e-01	2.479062524721775962e-01	1.487627763480275922e-01	7.166338126234673978e-02	2.900720274365152854e-02	7.398626833630791988e-02
1.119943804461197942e+03	2.592873200239842468e-01	1.687744237450078122e-01	2.481611413765192620e-01	1.489166466884108975e-01	7.172874490492234245e-02	2.905098434141736158e-02	7.408073891942097700e-02
1.122362689568025871e+03	2.589140511851236726e-01	1.685370511234736968e-01	2.484152536411311507e-01	1.490700726800321674e-01	7.179391982762579894e-02	2.909467982796116667e-02	7.417497171433520831e-02
1.124781574674853118e+03	2.585418633774528296e-01	1.683003261468552503e-01	2.486685916189242118e-01	1.492230556087258964e-01	7.185890657695624684e-02	2.913828892022643502e-02	7.426896775054202260e-02
1.127200459781681047e+03	2.581707534927970005e-01	1.680642470060457194e-01	2.489211576570831974e-01	1.493755967566322285e-01	7.192370569783133882e-02	2.918181134998093507e-02	7.436272803931248676e-02
1.129619344888508749e+03	2.578007184321776113e-01	1.678288118970880094e-01	2.491729540970306633e-01	1.495276974022068939e-01	7.198831773359294639e-02	2.922524686335089064e-02	7.445625357423590884e-02
1.132038229995336451e+03	2.574317551057747622e-01	1.675940190211604175e-01	2.494239832743928298e-01	1.496793588202310343e-01	7.205274322601266934e-02	2.926859522036950878e-02	7.454954533174169840e-02
1.134457115102163925e+03	2.570638604328900345e-01	1.673598665845625055e-01	2.496742475189671073e-01	1.498305822818213617e-01	7.211698271529726201e-02	2.931185619453939226e-02	7.464260427160532285e-02
1.136876000208991627e+03	2.566970313419097427e-01	1.671263527987010000e-01	2.499237491546912604e-01	1.499813690544400668e-01	7.218103674009393456e-02	2.935502957240844826e-02	7.473543133743855427e-02
1.139294885315819101e+03	2.563312647702689628e-01	1.668934758800754981e-01	2.501724904996143750e-01	1.501317204019049778e-01	7.224490583749559880e-02	2.939811515315883181e-02	7.482802745716470028e-02
1.141713770422646803e+03	2.559665576644157281e-01	1.666612340502644229e-01	2.504204738658692975e-01	1.502816375843997743e-01	7.230859054304594746e-02	2.944111274820855953e-02	7.492039354347919400e-02
1.144132655529474505e+03	2.556029069797756126e-01	1.664296255359108412e-01	2.506677015596466829e-01	1.504311218584839793e-01	7.237209139074449182e-02	2.948402218082537066e-02	7.501253049429598696e-02
1.146551540636302207e+03	2.552403096807168703e-01	1.661986485687084736e-01	2.509141758811702649e-01	1.505801744771031736e-01	7.243540891305157159e-02	2.952684328575249165e-02	7.510443919318018913e-02
1.148970425743129908e+03	2.548787627405157963e-01	1.659683013853875677e-01	2.511598991246739576e-01	1.507287966895993203e-01	7.249854364089318437e-02	2.956957590884593326e-02	7.519612050976741402e-02
1.151389310849957155e+03	2.545182631413225871e-01	1.657385822277006870e-01	2.514048735783801503e-01	1.508769897417206740e-01	7.256149610366592617e-02	2.961221990672291068e-02	7.528757530017024524e-02
1.153808195956785084e+03	2.541588078741277013e-01	1.655094893424088887e-01	2.516491015244794460e-01	1.510247548756322722e-01	7.262426682924162658e-02	2.965477514642114384e-02	7.537880440737212973e-02
1.156227081063612786e+03	2.538003939387284968e-01	1.652810209812675957e-01	2.518925852391112885e-01	1.511720933299259273e-01	7.268685634397215045e-02	2.969724150506860422e-02	7.546980866160915569e-02
1.158645966170440488e+03	2.534430183436958695e-01	1.650531754010126084e-01	2.521353269923466422e-01	1.513190063396304408e-01	7.274926517269408865e-02	2.973961886956343753e-02	7.556058888074014546e-02
1.161064851277267962e+03	2.530866781063418891e-01	1.648259508633461157e-01	2.523773290481710618e-01	1.514654951362218449e-01	7.281149383873329606e-02	2.978190713626376745e-02	7.565114587060527140e-02
1.163483736384095664e+03	2.527313702526873818e-01	1.645993456349227335e-01	2.526185936644694263e-01	1.516115609476334780e-01	7.287354286390955449e-02	2.982410621068701945e-02	7.574148042537369452e-02
1.165902621490923138e+03	2.523770918174296218e-01	1.643733579873355999e-01	2.528591230930117839e-01	1.517572049982663096e-01	7.293541276854104138e-02	2.986621600721850456e-02	7.583159332788048934e-02
1.168321506597751068e+03	2.520238398439109684e-01	1.641479861971024135e-01	2.530989195794400293e-01	1.519024285089988768e-01	7.299710407144889557e-02	2.990823644882899951e-02	7.592148534995320219e-02
1.170740391704578315e+03	2.516716113840874458e-01	1.639232285456515836e-01	2.533379853632559131e-01	1.520472326971974986e-01	7.305861728996164428e-02	2.995016746680098305e-02	7.601115725272832024e-02
1.173159276811406244e+03	2.513204034984974911e-01	1.636990833193083250e-01	2.535763226778100510e-01	1.521916187767264061e-01	7.311995293991967182e-02	2.999200900046335161e-02	7.610060978695808165e-02
1.175578161918233945e+03	2.509702132562313115e-01	1.634755488092808628e-01	2.538139337502917647e-01	1.523355879579578187e-01	7.318111153567957716e-02	3.003376099693423965e-02	7.618984369330775164e-02
1.177997047025061647e+03	2.506210377349002982e-01	1.632526233116466108e-01	2.540508208017202008e-01	1.524791414477819351e-01	7.324209359011858711e-02	3.007542341087182311e-02	7.627885970264386417e-02
1.180415932131889122e+03	2.502728740206069391e-01	1.630303051273384041e-01	2.542869860469358367e-01	1.526222804496170371e-01	7.330289961463891391e-02	3.011699620423275228e-02	7.636765853631349854e-02
1.182834817238716823e+03	2.499257192079146483e-01	1.628085925621306218e-01	2.545224316945935428e-01	1.527650061634195922e-01	7.336353011917204348e-02	3.015847934603803002e-02	7.645624090641495174e-02
1.185253702345544298e+03	2.495795703998184012e-01	1.625874839266255867e-01	2.547571599471559756e-01	1.529073197856940236e-01	7.342398561218307917e-02	3.019987281214611338e-02	7.654460751606023683e-02
1.187672587452371999e+03	2.492344247077152852e-01	1.623669775362397150e-01	2.549911730008882493e-01	1.530492225095028969e-01	7.348426660067496063e-02	3.024117658503298195e-02	7.663275905962929624e-02
1.190091472559199701e+03	2.488902792513751627e-01	1.621470717111900550e-01	2.552244730458531063e-01	1.531907155244767726e-01	7.354437359019276588e-02	3.028239065357899926e-02	7.672069622301658232e-02
1.192510357666027403e+03	2.485471311589120547e-01	1.619277647764803540e-01	2.554570622659068091e-01	1.533318000168240602e-01	7.360430708482794404e-02	3.032351501286230724e-02	7.680841968386990792e-02
1.194929242772855105e+03	2.482049775667552749e-01	1.617090550618876243e-01	2.556889428386963092e-01	1.534724771693409817e-01	7.366406758722252035e-02	3.036454966395861488e-02	7.689593011182205284e-02
1.197348127879682352e+03	2.478638156196212583e-01	1.614909409019485154e-01	2.559201169356565275e-01	1.536127481614214252e-01	7.372365559857328721e-02	3.040549461374712770e-02	7.698322816871520924e-02
1.199767012986510281e+03	2.475236424704851668e-01	1.612734206359456579e-01	2.561505867220088550e-01	1.537526141690667980e-01	7.378307161863596753e-02	3.044634987472246909e-02	7.707031450881847434e-02
1.202185898093337983e+03	2.471844552805530504e-01	1.610564926078942305e-01	2.563803543567598209e-01	1.538920763648957413e-01	7.384231614572941971e-02	3.048711546481238169e-02	7.715718977903879283e-02
1.204604783200165684e+03	2.468462512192342584e-01	1.608401551665283036e-01	2.566094219927009812e-01	1.540311359181539552e-01	7.390138967673970383e-02	3.052779140720103535e-02	7.724385461912525175e-02
1.207023668306993159e+03	2.465090274641137669e-01	1.606244066652875169e-01	2.568377917764088636e-01	1.541697939947239693e-01	7.396029270712431436e-02	3.056837773015780649e-02	7.733030966186721367e-02
1.209442553413820860e+03	2.461727812009250060e-01	1.604092454623035069e-01	2.570654658482462995e-01	1.543080517571348009e-01	7.401902573091621862e-02	3.060887446687129282e-02	7.741655553328627426e-02
1.211861438520648335e+03	2.458375096235227153e-01	1.601946699203865287e-01	2.572924463423635344e-01	1.544459103645717257e-01	7.407758924072795070e-02	3.064928165528846976e-02	7.750259285282243282e-02
1.214280323627476264e+03	2.455032099338562146e-01	1.599806784070121057e-01	2.575187353867003370e-01	1.545833709728858252e-01	7.413598372775569156e-02	3.068959933795877004e-02	7.758842223351439249e-02
1.216699208734303511e+03	2.451698793419425648e-01	1.597672692943075679e-01	2.577443351029887197e-01	1.547204347346037012e-01	7.419420968178337683e-02	3.072982756188299275e-02	7.767404428217442036e-02
1.219118093841131440e+03	2.448375150658402000e-01	1.595544409590387291e-01	2.579692476067559914e-01	1.548571027989370241e-01	7.425226759118670750e-02	3.076996637836686144e-02	7.775945959955783693e-02
1.221536978947959142e+03	2.445061143316226704e-01	1.593421917825966760e-01	2.581934750073283658e-01	1.549933763117921637e-01	7.431015794293718835e-02	3.081001584287906478e-02	7.784466878052721805e-02
1.223955864054786844e+03	2.441756743733524415e-01	1.591305201509844447e-01	2.584170194078353466e-01	1.551292564157796261e-01	7.436788122260616640e-02	3.084997601491369645e-02	7.792967241421167035e-02
1.226374749161614318e+03	2.438461924330550812e-01	1.589194244548037260e-01	2.586398829052140580e-01	1.552647442502236574e-01	7.442543791436885547e-02	3.088984695785693818e-02	7.801447108416108278e-02
1.228793634268442020e+03	2.435176657606935025e-01	1.587089030892417374e-01	2.588620675902146284e-01	1.553998409511716250e-01	7.448282850100829133e-02	3.092962873885781935e-02	7.809906536849572922e-02
1.231212519375269494e+03	2.431900916141424007e-01	1.584989544540580109e-01	2.590835755474057422e-01	1.555345476514035929e-01	7.454005346391932851e-02	3.096932142870297000e-02	7.818345584005127746e-02
1.233631404482097196e+03	2.428634672591628574e-01	1.582895769535711816e-01	2.593044088551804127e-01	1.556688654804416760e-01	7.459711328311265099e-02	3.100892510169524913e-02	7.826764306651928793e-02
1.236050289588924898e+03	2.425377899693771655e-01	1.580807689966459983e-01	2.595245695857625878e-01	1.558027955645593654e-01	7.465400843721864410e-02	3.104843983553607495e-02	7.835162761058341030e-02
1.238469174695752372e+03	2.422130570262436833e-01	1.578725289966801948e-01	2.597440598052139782e-01	1.559363390267909932e-01	7.471073940349143294e-02	3.108786571121142581e-02	7.843541003005148615e-02
1.240888059802580301e+03	2.418892657190320483e-01	1.576648553715913614e-01	2.599628815734411624e-01	1.560694969869410864e-01	7.476730665781272656e-02	3.112720281288131052e-02	7.851899087798346055e-02
1.243306944909407548e+03	2.415664133447983364e-01	1.574577465438039836e-01	2.601810369442033033e-01	1.562022705615935259e-01	7.482371067469585635e-02	3.116645122777265964e-02	7.860237070281546334e-02
1.245725830016235477e+03	2.412444972083606365e-01	1.572512009402365352e-01	2.603985279651198637e-01	1.563346608641209001e-01	7.487995192728956473e-02	3.120561104607552996e-02	7.868555004848006018e-02
1.248144715123063179e+03	2.409235146222744595e-01	1.570452169922883501e-01	2.606153566776791553e-01	1.564666690046938313e-01	7.493603088738197415e-02	3.124468236084249062e-02	7.876852945452281207e-02
1.250563600229890881e+03	2.406034629068085073e-01	1.568397931358268271e-01	2.608315251172468874e-01	1.565982960902900789e-01	7.499194802540443128e-02	3.128366526789110036e-02	7.885130945621524057e-02
1.252982485336718355e+03	2.402843393899206093e-01	1.566349278111745513e-01	2.610470353130750487e-01	1.567295432247037268e-01	7.504770381043540661e-02	3.132255986570941370e-02	7.893389058466433739e-02
1.255401370443546057e+03	2.399661414072336296e-01	1.564306194630963320e-01	2.612618892883112331e-01	1.568604115085544537e-01	7.510329871020433867e-02	3.136136625536438405e-02	7.901627336691872949e-02
1.257820255550373531e+03	2.396488663020117094e-01	1.562268665407864632e-01	2.614760890600081877e-01	1.569909020392965260e-01	7.515873319109551975e-02	3.140008454041309099e-02	7.909845832607159677e-02
1.260239140657201460e+03	2.393325114251364516e-01	1.560236674978559279e-01	2.616896366391336937e-01	1.571210159112280125e-01	7.521400771815189845e-02	3.143871482681669105e-02	7.918044598136038392e-02
1.262658025764028707e+03	2.390170741350834127e-01	1.558210207923196589e-01	2.619025340305807248e-01	1.572507542154997773e-01	7.526912275507890993e-02	3.147725722285706074e-02	7.926223684826352867e-02
1.265076910870856636e+03	2.387025517978985933e-01	1.556189248865836872e-01	2.621147832331777172e-01	1.573801180401246114e-01	7.532407876424832005e-02	3.151571183905595847e-02	7.934383143859416454e-02
1.267495795977684338e+03	2.383889417871752348e-01	1.554173782474326249e-01	2.623263862396993940e-01	1.575091084699861421e-01	7.537887620670198630e-02	3.155407878809670524e-02	7.942523026059097879e-02
1.269914681084511813e+03	2.380762414840304764e-01	1.552163793460168695e-01	2.625373450368775896e-01	1.576377265868479094e-01	7.543351554215571575e-02	3.159235818474826624e-02	7.950643381900630857e-02
1.272333566191339514e+03	2.377644482770824019e-01	1.550159266578400585e-01	2.627476616054121861e-01	1.577659734693623028e-01	7.548799722900295661e-02	3.163055014579169155e-02	7.958744261519146157e-02
1.274752451298167216e+03	2.374535595624270579e-01	1.548160186627464685e-01	2.629573379199829919e-01	1.578938501930795268e-01	7.554232172431865622e-02	3.166865478994881217e-02	7.966825714717952478e-02
1.277171336404994690e+03	2.371435727436156382e-01	1.546166538449084138e-01	2.631663759492608445e-01	1.580213578304564270e-01	7.559648948386299416e-02	3.170667223781312855e-02	7.974887790976555035e-02
1.279590221511822392e+03	2.368344852316317806e-01	1.544178306928137845e-01	2.633747776559196563e-01	1.581484974508654551e-01	7.565050096208512931e-02	3.174460261178283643e-02	7.982930539458436836e-02
1.282009106618650094e+03	2.365262944448689730e-01	1.542195476992535286e-01	2.635825449966482936e-01	1.582752701206034951e-01	7.570435661212691902e-02	3.178244603599592044e-02	7.990954009018598481e-02
1.284427991725477568e+03	2.362189978091080167e-01	1.540218033613091064e-01	2.637896799221628452e-01	1.584016769029005789e-01	7.575805688582669395e-02	3.182020263626724604e-02	7.998958248210862043e-02
1.286846876832305497e+03	2.359125927574948212e-01	1.538245961803401674e-01	2.639961843772190564e-01	1.585277188579289898e-01	7.581160223372292173e-02	3.185787254002758057e-02	8.006943305294959845e-02
1.289265761939132744e+03	2.356070767305181168e-01	1.536279246619721983e-01	2.642020603006246526e-01	1.586533970428116724e-01	7.586499310505795401e-02	3.189545587626452239e-02	8.014909228243401185e-02
1.291684647045960673e+03	2.353024471759871117e-01	1.534317873160840617e-01	2.644073096252524402e-01	1.587787125116312537e-01	7.591822994778170408e-02	3.193295277546522037e-02	8.022856064748133675e-02
1.294103532152788375e+03	2.349987015490097586e-01	1.532361826567957275e-01	2.646119342780529071e-01	1.589036663154385631e-01	7.597131320855536607e-02	3.197036336956089048e-02	8.030783862226993641e-02
1.296522417259616077e+03	2.346958373119706065e-01	1.530411092024558939e-01	2.648159361800674350e-01	1.590282595022614598e-01	7.602424333275503709e-02	3.200768779187301155e-02	8.038692667829969163e-02
1.298941302366443551e+03	2.343938519345091231e-01	1.528465654756299141e-01	2.650193172464413438e-01	1.591524931171134638e-01	7.607702076447543649e-02	3.204492617706121427e-02	8.046582528445266058e-02
1.301360187473271253e+03	2.340927428934978516e-01	1.526525500030873894e-01	2.652220793864373261e-01	1.592763682020023885e-01	7.612964594653351402e-02	3.208207866107273820e-02	8.054453490705190677e-02
1.303779072580098727e+03	2.337925076730209273e-01	1.524590613157900953e-01	2.654242245034491021e-01	1.593998857959389448e-01	7.618211932047211365e-02	3.211914538109350570e-02	8.062305600991845345e-02
1.306197957686926657e+03	2.334931437643523733e-01	1.522660979488797417e-01	2.656257544950147431e-01	1.595230469349453728e-01	7.623444132656359562e-02	3.215612647550062514e-02	8.070138905442665600e-02
1.308616842793753904e+03	2.331946486659349227e-01	1.520736584416658987e-01	2.658266712528306042e-01	1.596458526520638799e-01	7.628661240381352793e-02	3.219302208381646935e-02	8.077953449955775633e-02
1.311035727900581833e+03	2.328970198833585081e-01	1.518817413376138681e-01	2.660269766627650911e-01	1.597683039773654112e-01	7.633863298996422520e-02	3.222983234666404462e-02	8.085749280195188293e-02
1.313454613007409534e+03	2.326002549293390564e-01	1.516903451843327755e-01	2.662266726048727605e-01	1.598904019379579211e-01	7.639050352149831524e-02	3.226655740572384468e-02	8.093526441595835785e-02
1.315873498114237009e+03	2.323043513236973667e-01	1.514994685335632751e-01	2.664257609534082527e-01	1.600121475579950048e-01	7.644222443364245834e-02	3.230319740369199527e-02	8.101284979368465755e-02
1.318292383221064711e+03	2.320093065933382104e-01	1.513091099411658091e-01	2.666242435768405583e-01	1.601335418586843362e-01	7.649379616037083052e-02	3.233975248423965471e-02	8.109024938504368063e-02
1.320711268327892412e+03	2.317151182722290703e-01	1.511192679671085060e-01	2.668221223378672846e-01	1.602545858582960503e-01	7.654521913440871794e-02	3.237622279197373970e-02	8.116746363779973883e-02
1.323130153434719887e+03	2.314217839013795741e-01	1.509299411754553011e-01	2.670193990934291439e-01	1.603752805721711527e-01	7.659649378723608348e-02	3.241260847239883086e-02	8.124449299761299370e-02
1.325549038541547588e+03	2.311293010288205663e-01	1.507411281343541132e-01	2.672160756947242755e-01	1.604956270127300411e-01	7.664762054909116107e-02	3.244890967188021613e-02	8.132133790808274143e-02
1.327967923648375290e+03	2.308376672095834303e-01	1.505528274160249091e-01	2.674121539872228448e-01	1.606156261894806647e-01	7.669859984897391125e-02	3.248512653760816243e-02	8.139799881078918498e-02
1.330386808755202765e+03	2.305468800056795220e-01	1.503650375967479080e-01	2.676076358106817543e-01	1.607352791090270461e-01	7.674943211464962944e-02	3.252125921756320731e-02	8.147447614533405436e-02
1.332805693862030694e+03	2.302569369860796855e-01	1.501777572568517294e-01	2.678025229991592981e-01	1.608545867750774683e-01	7.680011777265242923e-02	3.255730786048257469e-02	8.155077034937999181e-02
1.335224578968857941e+03	2.299678357266937145e-01	1.499909849807017637e-01	2.679968173810297616e-01	1.609735501884528297e-01	7.685065724828876732e-02	3.259327261582761065e-02	8.162688185868864632e-02
1.337643464075685870e+03	2.296795738103501183e-01	1.498047193566883761e-01	2.681905207789987977e-01	1.610921703470948596e-01	7.690105096564094078e-02	3.262915363375223921e-02	8.170281110715776896e-02
1.340062349182513572e+03	2.293921488267758324e-01	1.496189589772151662e-01	2.683836350101178048e-01	1.612104482460743615e-01	7.695129934757059809e-02	3.266495106507236179e-02	8.177855852685701754e-02
1.342481234289341273e+03	2.291055583725758460e-01	1.494337024386874213e-01	2.685761618857991362e-01	1.613283848775994567e-01	7.700140281572215306e-02	3.270066506123624900e-02	8.185412454806283156e-02
1.344900119396168748e+03	2.288198000512134123e-01	1.492489483415004592e-01	2.687681032118311442e-01	1.614459812310237719e-01	7.705136179052636536e-02	3.273629577429582049e-02	8.192950959929209964e-02
1.347319004502996449e+03	2.285348714729897868e-01	1.490646952900279432e-01	2.689594607883932231e-01	1.615632382928545996e-01	7.710117669120374051e-02	3.277184335687879924e-02	8.200471410733498057e-02
1.349737889609823924e+03	2.282507702550243545e-01	1.488809418926104744e-01	2.691502364100709643e-01	1.616801570467610027e-01	7.715084793576794386e-02	3.280730796216178163e-02	8.207973849728655846e-02
1.352156774716651853e+03	2.279674940212347567e-01	1.486976867615439901e-01	2.693404318658713104e-01	1.617967384735819747e-01	7.720037594102933942e-02	3.284268974384407097e-02	8.215458319257765152e-02
1.354575659823479100e+03	2.276850404023171015e-01	1.485149285130682451e-01	2.695300489392378207e-01	1.619129835513345161e-01	7.724976112259833438e-02	3.287798885612239902e-02	8.222924861500470473e-02
1.356994544930307029e+03	2.274034070357262016e-01	1.483326657673553761e-01	2.697190894080659374e-01	1.620288932552217398e-01	7.729900389488887635e-02	3.291320545366636929e-02	8.230373518475865569e-02
1.359413430037134731e+03	2.271225915656559791e-01	1.481508971484985504e-01	2.699075550447181948e-01	1.621444685576408362e-01	7.734810467112179788e-02	3.294833969159465664e-02	8.237804332045310651e-02
1.361832315143962205e+03	2.268425916430198419e-01	1.479696212845004744e-01	2.700954476160398188e-01	1.622597104281911784e-01	7.739706386332828592e-02	3.298339172545201176e-02	8.245217343915151043e-02
1.364251200250789907e+03	2.265634049254312554e-01	1.477888368072620695e-01	2.702827688833738251e-01	1.623746198336822877e-01	7.744588188235321247e-02	3.301836171118692487e-02	8.252612595639356730e-02
1.366670085357617609e+03	2.262850290771842576e-01	1.476085423525711204e-01	2.704695206025764520e-01	1.624891977381418273e-01	7.749455913785859018e-02	3.305324980512999722e-02	8.259990128622089756e-02
1.369088970464445310e+03	2.260074617692341137e-01	1.474287365600910893e-01	2.706557045240327586e-01	1.626034451028235128e-01	7.754309603832686137e-02	3.308805616397296478e-02	8.267349984120185569e-02
1.371507855571272785e+03	2.257307006791779702e-01	1.472494180733497637e-01	2.708413223926719460e-01	1.627173628862150778e-01	7.759149299106433972e-02	3.312278094474840201e-02	8.274692203245567756e-02
1.373926740678100487e+03	2.254547434912357873e-01	1.470705855397279049e-01	2.710263759479829004e-01	1.628309520440461844e-01	7.763975040220455481e-02	3.315742430481005698e-02	8.282016826967583678e-02
1.376345625784927961e+03	2.251795878962310482e-01	1.468922376104482841e-01	2.712108669240295145e-01	1.629442135292963056e-01	7.768786867671156893e-02	3.319198640181376947e-02	8.289323896115270707e-02
1.378764510891755890e+03	2.249052315915717748e-01	1.467143729405644692e-01	2.713947970494663964e-01	1.630571482922025806e-01	7.773584821838332160e-02	3.322646739369900654e-02	8.296613451379562798e-02
1.381183395998583137e+03	2.246316722812314870e-01	1.465369901889495285e-01	2.715781680475544135e-01	1.631697572802675855e-01	7.778368942985496026e-02	3.326086743867094631e-02	8.303885533315422118e-02
1.383602281105411066e+03	2.243589076757302458e-01	1.463600880182851227e-01	2.717609816361760688e-01	1.632820414382673002e-01	7.783139271260217096e-02	3.329518669518315849e-02	8.311140182343909610e-02
1.386021166212238768e+03	2.240869354921157519e-01	1.461836650950503191e-01	2.719432395278510994e-01	1.633940017082587126e-01	7.787895846694448121e-02	3.332942532192079838e-02	8.318377438754195885e-02
1.388440051319066470e+03	2.238157534539446103e-01	1.460077200895106286e-01	2.721249434297520753e-01	1.635056390295878126e-01	7.792638709204854908e-02	3.336358347778429351e-02	8.325597342705515214e-02
1.390858936425893944e+03	2.235453592912635123e-01	1.458322516757069309e-01	2.723060950437199423e-01	1.636169543388971415e-01	7.797367898593149382e-02	3.339766132187363401e-02	8.332799934229048744e-02
1.393277821532721646e+03	2.232757507405906672e-01	1.456572585314445389e-01	2.724866960662796767e-01	1.637279485701335635e-01	7.802083454546410168e-02	3.343165901347302377e-02	8.339985253229763307e-02
1.395696706639549120e+03	2.230069255448970111e-01	1.454827393382822631e-01	2.726667481886554945e-01	1.638386226545560931e-01	7.806785416637417041e-02	3.346557671203613527e-02	8.347153339488198875e-02
1.398115591746377049e+03	2.227388814535878059e-01	1.453086927815215590e-01	2.728462530967870614e-01	1.639489775207433886e-01	7.811473824324972892e-02	3.349941457717173221e-02	8.354304232662190799e-02
1.400534476853204296e+03	2.224716162224840976e-01	1.451351175501955360e-01	2.730252124713444251e-01	1.640590140946015241e-01	7.816148716954234021e-02	3.353317276862977786e-02	8.361437972288547626e-02
1.402953361960032225e+03	2.222051276138042597e-01	1.449620123370581881e-01	2.732036279877440577e-01	1.641687332993716497e-01	7.820810133757023774e-02	3.356685144628799439e-02	8.368554597784678972e-02
1.405372247066859927e+03	2.219394133961457571e-01	1.447893758385735696e-01	2.733815013161641216e-01	1.642781360556374581e-01	7.825458113852171160e-02	3.360045077013879694e-02	8.375654148450178971e-02
1.407791132173687402e+03	2.216744713444665782e-01	1.446172067549049978e-01	2.735588341215601793e-01	1.643872232813330114e-01	7.830092696245820327e-02	3.363397090027667180e-02	8.382736663468355609e-02
1.410210017280515103e+03	2.214102992400673320e-01	1.444455037899043115e-01	2.737356280636806249e-01	1.644959958917500686e-01	7.834713919831760853e-02	3.366741199688596392e-02	8.389802181907722589e-02
1.412628902387342805e+03	2.211468948705727633e-01	1.442742656511012134e-01	2.739118847970825610e-01	1.646044547995458018e-01	7.839321823391742772e-02	3.370077422022897673e-02	8.396850742723439842e-02
1.415047787494170507e+03	2.208842560299138780e-01	1.441034910496924726e-01	2.740876059711468415e-01	1.647126009147502623e-01	7.843916445595798537e-02	3.373405773063452295e-02	8.403882384758720736e-02
1.417466672600997981e+03	2.206223805183096798e-01	1.439331787005312946e-01	2.742627932300939486e-01	1.648204351447738469e-01	7.848497825002564987e-02	3.376726268848679463e-02	8.410897146746187936e-02
1.419885557707825683e+03	2.203612661422493513e-01	1.437633273221168295e-01	2.744374482129994242e-01	1.649279583944148753e-01	7.853066000059596985e-02	3.380038925421458701e-02	8.417895067309201507e-02
1.422304442814653157e+03	2.201009107144741850e-01	1.435939356365834307e-01	2.746115725538094132e-01	1.650351715658669727e-01	7.857621009103683829e-02	3.383343758828087633e-02	8.424876184963132897e-02
1.424723327921481086e+03	2.198413120539597365e-01	1.434250023696901077e-01	2.747851678813559295e-01	1.651420755587265365e-01	7.862162890361172607e-02	3.386640785117269598e-02	8.431840538116620876e-02
1.427142213028308333e+03	2.195824679858980333e-01	1.432565262508100623e-01	2.749582358193727871e-01	1.652486712700001470e-01	7.866691681948276282e-02	3.389930020339134570e-02	8.438788165072776126e-02
1.429561098135136262e+03	2.193243763416796999e-01	1.430885060129201691e-01	2.751307779865105885e-01	1.653549595941120887e-01	7.871207421871388721e-02	3.393211480544293390e-02	8.445719104030356694e-02
1.431979983241963964e+03	2.190670349588763610e-01	1.429209403925904287e-01	2.753027959963524340e-01	1.654609414229114006e-01	7.875710148027403879e-02	3.396485181782918361e-02	8.452633393084907354e-02
1.434398868348791666e+03	2.188104416812229891e-01	1.427538281299736700e-01	2.754742914574292434e-01	1.655666176456796201e-01	7.880199898204023889e-02	3.399751140103852293e-02	8.459531070229867056e-02
1.436817753455619140e+03	2.185545943586001960e-01	1.425871679687949756e-01	2.756452659732351318e-01	1.656719891491378882e-01	7.884676710080071316e-02	3.403009371553749468e-02	8.466412173357650006e-02
1.439236638562446842e+03	2.182994908470168027e-01	1.424209586563414953e-01	2.758157211422430088e-01	1.657770568174543324e-01	7.889140621225801397e-02	3.406259892176241588e-02	8.473276740260687889e-02
1.441655523669274316e+03	2.180451290085922977e-01	1.422551989434519548e-01	2.759856585579196775e-01	1.658818215322512557e-01	7.893591669103208752e-02	3.409502718011128697e-02	8.480124808632440170e-02
1.444074408776102018e+03	2.177915067115394065e-01	1.420898875845063580e-01	2.761550798087413217e-01	1.659862841726126581e-01	7.898029891066339625e-02	3.412737865093599249e-02	8.486956416068384967e-02
1.446493293882929493e+03	2.175386218301467445e-01	1.419250233374157733e-01	2.763239864782087718e-01	1.660904456150911757e-01	7.902455324361601363e-02	3.415965349453472383e-02	8.493771600066976624e-02
1.448912178989757422e+03	2.172864722447614694e-01	1.417606049636120358e-01	2.764923801448627705e-01	1.661943067337155744e-01	7.906868006128069115e-02	3.419185187114463093e-02	8.500570398030579677e-02
1.451331064096585123e+03	2.170350558417720455e-01	1.415966312280374784e-01	2.766602623822993490e-01	1.662978683999978002e-01	7.911267973397786979e-02	3.422397394093473766e-02	8.507352847266369533e-02
1.453749949203412370e+03	2.167843705135909793e-01	1.414331008991347727e-01	2.768276347591850373e-01	1.664011314829402233e-01	7.915655263096081640e-02	3.425601986399906540e-02	8.514118984987209537e-02
1.456168834310240300e+03	2.165344141586376669e-01	1.412700127488368540e-01	2.769944988392719631e-01	1.665040968490427709e-01	7.920029912041863518e-02	3.428798980034998556e-02	8.520868848312508625e-02
1.458587719417068001e+03	2.162851846813213796e-01	1.411073655525565962e-01	2.771608561814132288e-01	1.666067653623101164e-01	7.924391956947929305e-02	3.431988390991176641e-02	8.527602474269051214e-02
1.461006604523895703e+03	2.160366799920241110e-01	1.409451580891769029e-01	2.773267083395779542e-01	1.667091378842588401e-01	7.928741434421265888e-02	3.435170235251435583e-02	8.534319899791803499e-02
1.463425489630723177e+03	2.157888980070835627e-01	1.407833891410405214e-01	2.774920568628664874e-01	1.668112152739243959e-01	7.933078380963355658e-02	3.438344528788732368e-02	8.541021161724697552e-02
1.465844374737550879e+03	2.155418366487762971e-01	1.406220574939399670e-01	2.776569032955254479e-01	1.669129983878683832e-01	7.937402832970473499e-02	3.441511287565403310e-02	8.547706296821397376e-02
1.468263259844378354e+03	2.152954938453007228e-01	1.404611619371076148e-01	2.778212491769628256e-01	1.670144880801854581e-01	7.941714826733989319e-02	3.444670527532597837e-02	8.554375341746031647e-02
1.470682144951206283e+03	2.150498675307603857e-01	1.403007012632056516e-01	2.779850960417629691e-01	1.671156852025104944e-01	7.946014398440669202e-02	3.447822264629731709e-02	8.561028333073925078e-02
1.473101030058033530e+03	2.148049556451470110e-01	1.401406742683161122e-01	2.781484454197018508e-01	1.672165906040255223e-01	7.950301584172971003e-02	3.450966514783956884e-02	8.567665307292293697e-02
1.475519915164861459e+03	2.145607561343239600e-01	1.399810797519309702e-01	2.783112988357618334e-01	1.673172051314667785e-01	7.954576419909344109e-02	3.454103293909648043e-02	8.574286300800927629e-02
1.477938800271689161e+03	2.143172669500092997e-01	1.398219165169422851e-01	2.784736578101466020e-01	1.674175296291316728e-01	7.958838941524529198e-02	3.457232617907908534e-02	8.580891349912854460e-02
1.480357685378516862e+03	2.140744860497593993e-01	1.396631833696322100e-01	2.786355238582961524e-01	1.675175649388858101e-01	7.963089184789848285e-02	3.460354502666089516e-02	8.587480490854987325e-02
1.482776570485344337e+03	2.138324113969521378e-01	1.395048791196632498e-01	2.787968984909017789e-01	1.676173119001698186e-01	7.967327185373505871e-02	3.463468964057324351e-02	8.594053759768748024e-02
