1.001418434226643626e+03	2.789689239921034902e-01	1.812428187459464157e-01	2.346999750249156025e-01	1.408247738750765254e-01	6.829265037771434232e-02	2.681401175861929456e-02	6.915684622530511583e-02
1.002869765290740247e+03	2.787107409760912757e-01	1.810797950947442281e-01	2.348769237854763936e-01	1.409309069797387848e-01	6.833773496451482632e-02	2.684229938013192596e-02	6.922159881898334866e-02
1.004321096354836754e+03	2.784530066446506691e-01	1.809170393315881753e-01	2.350535492235324431e-01	1.410368561643748631e-01	6.838274134606830978e-02	2.687057319519835230e-02	6.928623409426794277e-02
1.005772427418933376e+03	2.781957202149500930e-01	1.807545510061015492e-01	2.352298518888131795e-01	1.411426217446219433e-01	6.842766966210586665e-02	2.689883276130647718e-02	6.935075272178158057e-02
1.007223758483029997e+03	2.779388809057261045e-01	1.805923296686670343e-01	2.354058323311098988e-01	1.412482040357966040e-01	6.847252005188110557e-02	2.692707764498309189e-02	6.941515536151686427e-02
1.008675089547126618e+03	2.776824879372757349e-01	1.804303748704255417e-01	2.355814911002546974e-01	1.413536033528818847e-01	6.851729265418508852e-02	2.695530742162531232e-02	6.947944266303246463e-02
1.010126420611223239e+03	2.774265405314498278e-01	1.802686861632752935e-01	2.357568287460995449e-01	1.414588200105147686e-01	6.856198760736043063e-02	2.698352167533518697e-02	6.954361526564567519e-02
1.011577751675319632e+03	2.771710379116456568e-01	1.801072630998707680e-01	2.359318458184961609e-01	1.415638543229749413e-01	6.860660504931455350e-02	2.701171999875732685e-02	6.960767379862131676e-02
1.013029082739416367e+03	2.769159793028002081e-01	1.799461052336218669e-01	2.361065428672758371e-01	1.416687066041738552e-01	6.865114511753214743e-02	2.703990199291961272e-02	6.967161888135718628e-02
1.014480413803512761e+03	2.766613639313831863e-01	1.797852121186927499e-01	2.362809204422300635e-01	1.417733771676448484e-01	6.869560794908695367e-02	2.706806726707680286e-02	6.973545112356605014e-02
1.015931744867609382e+03	2.764071910253904640e-01	1.796245833100009737e-01	2.364549790930914053e-01	1.418778663265336526e-01	6.873999368065286664e-02	2.709621543855710024e-02	6.979917112545416802e-02
1.017383075931706003e+03	2.761534598143374764e-01	1.794642183632164101e-01	2.366287193695146562e-01	1.419821743935896496e-01	6.878430244851432840e-02	2.712434613261153343e-02	6.986277947789663878e-02
1.018834406995802851e+03	2.759001695292523371e-01	1.793041168347602465e-01	2.368021418210586593e-01	1.420863016811577673e-01	6.882853438857623740e-02	2.715245898226615121e-02	6.992627676260934622e-02
1.020285738059899245e+03	2.756473194026696771e-01	1.791442782818039592e-01	2.369752469971682651e-01	1.421902485011708184e-01	6.887268963637319108e-02	2.718055362817695803e-02	6.998966355231783787e-02
1.021737069123995752e+03	2.753949086686243719e-01	1.789847022622683137e-01	2.371480354471567908e-01	1.422940151651424234e-01	6.891676832707827050e-02	2.720862971848755571e-02	7.005294041092294255e-02
1.023188400188092373e+03	2.751429365626450463e-01	1.788253883348223938e-01	2.373205077201888114e-01	1.423976019841602936e-01	6.896077059551128374e-02	2.723668690868942185e-02	7.011610789366337637e-02
1.024639731252188767e+03	2.748914023217480795e-01	1.786663360588824911e-01	2.374926643652632563e-01	1.425010092688801522e-01	6.900469657614655139e-02	2.726472486148478341e-02	7.017916654727530956e-02
1.026091062316285615e+03	2.746403051844313326e-01	1.785075449946111337e-01	2.376645059311969510e-01	1.426042373295199339e-01	6.904854640312023395e-02	2.729274324665204379e-02	7.024211691014894954e-02
1.027542393380382237e+03	2.743896443906683191e-01	1.783490147029160311e-01	2.378360329666084627e-01	1.427072864758545112e-01	6.909232021023724302e-02	2.732074174091371141e-02	7.030495951248227904e-02
1.028993724444478858e+03	2.741394191819020998e-01	1.781907447454490478e-01	2.380072460199023354e-01	1.428101570172106427e-01	6.913601813097788873e-02	2.734872002780676381e-02	7.036769487643179666e-02
1.030445055508575479e+03	2.738896288010395086e-01	1.780327346846050929e-01	2.381781456392534913e-01	1.429128492624624491e-01	6.917964029850391661e-02	2.737667779755545774e-02	7.043032351626063448e-02
1.031896386572671872e+03	2.736402724924454910e-01	1.778749840835212592e-01	2.383487323725921869e-01	1.430153635200270834e-01	6.922318684566440561e-02	2.740461474694646724e-02	7.049284593848371971e-02
1.033347717636768493e+03	2.733913495019371087e-01	1.777174925060755473e-01	2.385190067675890535e-01	1.431177000978608727e-01	6.926665790500124986e-02	2.743253057920635660e-02	7.055526264201046616e-02
1.034799048700865114e+03	2.731428590767781550e-01	1.775602595168859765e-01	2.386889693716408023e-01	1.432198593034554324e-01	6.931005360875437671e-02	2.746042500388132940e-02	7.061757411828456510e-02
1.036250379764961508e+03	2.728948004656735482e-01	1.774032846813094755e-01	2.388586207318558197e-01	1.433218414438345023e-01	6.935337408886663169e-02	2.748829773671920482e-02	7.067978085142136158e-02
1.037701710829058356e+03	2.726471729187638915e-01	1.772465675654408546e-01	2.390279613950403170e-01	1.434236468255507546e-01	6.939661947698838595e-02	2.751614849955361791e-02	7.074188331834263543e-02
1.039153041893154750e+03	2.723999756876198663e-01	1.770901077361117237e-01	2.391969919076848139e-01	1.435252757546828795e-01	6.943978990448200495e-02	2.754397702019031197e-02	7.080388198890878726e-02
1.040604372957251599e+03	2.721532080252372365e-01	1.769339047608893545e-01	2.393657128159506764e-01	1.436267285368329205e-01	6.948288550242594230e-02	2.757178303229560618e-02	7.086577732604867896e-02
1.042055704021347992e+03	2.719068691860311304e-01	1.767779582080757639e-01	2.395341246656572110e-01	1.437280054771238325e-01	6.952590640161862567e-02	2.759956627528688602e-02	7.092756978588700412e-02
1.043507035085444613e+03	2.716609584258310450e-01	1.766222676467065766e-01	2.397022280022687857e-01	1.438291068801973993e-01	6.956885273258223146e-02	2.762732649422517534e-02	7.098925981786924355e-02
1.044958366149541234e+03	2.714154750018757944e-01	1.764668326465498871e-01	2.398700233708825624e-01	1.439300330502119585e-01	6.961172462556615426e-02	2.765506343970966507e-02	7.105084786488444215e-02
1.046409697213637855e+03	2.711704181728082919e-01	1.763116527781053156e-01	2.400375113162160901e-01	1.440307842908406799e-01	6.965452221055033755e-02	2.768277686777420935e-02	7.111233436338552927e-02
1.047861028277734476e+03	2.709257871986704425e-01	1.761567276126028980e-01	2.402046923825955360e-01	1.441313609052698730e-01	6.969724561724843781e-02	2.771046653978577121e-02	7.117371974350750197e-02
1.049312359341831097e+03	2.706815813408984250e-01	1.760020567220019205e-01	2.403715671139438625e-01	1.442317631961973212e-01	6.973989497511079438e-02	2.773813222234470729e-02	7.123500442918342945e-02
1.050763690405927491e+03	2.704377998623175294e-01	1.758476396789899199e-01	2.405381360537695579e-01	1.443319914658310887e-01	6.978247041332723277e-02	2.776577368718696412e-02	7.129618883825819542e-02
1.052215021470024112e+03	2.701944420271373826e-01	1.756934760569816290e-01	2.407043997451552841e-01	1.444320460158881325e-01	6.982497206082978469e-02	2.779339071108805070e-02	7.135727338260022812e-02
1.053666352534120733e+03	2.699515071009473410e-01	1.755395654301177555e-01	2.408703587307471361e-01	1.445319271475931366e-01	6.986740004629521383e-02	2.782098307576878413e-02	7.141825846821109325e-02
1.055117683598217127e+03	2.697089943507113841e-01	1.753859073732641216e-01	2.410360135527439551e-01	1.446316351616776796e-01	6.990975449814738896e-02	2.784855056780284610e-02	7.147914449533307457e-02
1.056569014662313975e+03	2.694669030447638391e-01	1.752325014620103039e-01	2.412013647528866711e-01	1.447311703583792075e-01	6.995203554455964312e-02	2.787609297852598061e-02	7.153993185855475612e-02
1.058020345726410369e+03	2.692252324528043861e-01	1.750793472726688282e-01	2.413664128724483382e-01	1.448305330374403399e-01	6.999424331345689698e-02	2.790361010394694363e-02	7.160062094691460599e-02
1.059471676790506763e+03	2.689839818458937271e-01	1.749264443822738380e-01	2.415311584522240596e-01	1.449297234981082316e-01	7.003637793251775434e-02	2.793110174466006956e-02	7.166121214400268669e-02
1.060923007854603611e+03	2.687431504964489792e-01	1.747737923685801498e-01	2.416956020325211341e-01	1.450287420391338511e-01	7.007843952917644503e-02	2.795856770575947531e-02	7.172170582806040862e-02
1.062374338918700232e+03	2.685027376782390673e-01	1.746213908100620882e-01	2.418597441531496750e-01	1.451275889587716195e-01	7.012042823062471231e-02	2.798600779675485331e-02	7.178210237207847955e-02
1.063825669982796853e+03	2.682627426663805048e-01	1.744692392859124308e-01	2.420235853534131176e-01	1.452262645547789666e-01	7.016234416381360306e-02	2.801342183148883280e-02	7.184240214389303603e-02
1.065277001046893474e+03	2.680231647373330084e-01	1.743173373760412703e-01	2.421871261720992818e-01	1.453247691244160256e-01	7.020418745545513317e-02	2.804080962805587107e-02	7.190260550627992908e-02
1.066728332110990095e+03	2.677840031688950018e-01	1.741656846610749876e-01	2.423503671474712962e-01	1.454231029644453277e-01	7.024595823202393896e-02	2.806817100872267129e-02	7.196271281704731682e-02
1.068179663175086489e+03	2.675452572401993412e-01	1.740142807223550858e-01	2.425133088172591322e-01	1.455212663711317189e-01	7.028765661975876211e-02	2.809550579985004362e-02	7.202272442912652228e-02
1.069630994239183110e+03	2.673069262317092631e-01	1.738631251419370805e-01	2.426759517186507231e-01	1.456192596402421380e-01	7.032928274466400398e-02	2.812281383181624780e-02	7.208264069066117052e-02
1.071082325303279504e+03	2.670690094252140545e-01	1.737122175025894166e-01	2.428382963882839696e-01	1.457170830670456718e-01	7.037083673251107174e-02	2.815009493894174777e-02	7.214246194509468801e-02
1.072533656367376352e+03	2.668315061038248892e-01	1.735615573877924700e-01	2.430003433622385800e-01	1.458147369463134724e-01	7.041231870883975230e-02	2.817734895941537143e-02	7.220218853125616454e-02
1.073984987431472746e+03	2.665944155519707204e-01	1.734111443817372422e-01	2.431620931760279936e-01	1.459122215723188121e-01	7.045372879895946128e-02	2.820457573522182002e-02	7.226182078344464688e-02
1.075436318495569594e+03	2.663577370553944501e-01	1.732609780693243895e-01	2.433235463645917473e-01	1.460095372388372781e-01	7.049506712795050589e-02	2.823177511207056178e-02	7.232135903151182266e-02
1.076887649559666215e+03	2.661214699011484885e-01	1.731110580361631124e-01	2.434847034622878437e-01	1.461066842391468279e-01	7.053633382066523683e-02	2.825894693932601287e-02	7.238080360094321930e-02
1.078338980623762609e+03	2.658856133775910902e-01	1.729613838685700178e-01	2.436455650028854780e-01	1.462036628660280946e-01	7.057752900172921395e-02	2.828609106993903652e-02	7.244015481293782088e-02
1.079790311687859230e+03	2.656501667743823569e-01	1.728119551535680087e-01	2.438061315195577394e-01	1.463004734117644423e-01	7.061865279554224717e-02	2.831320736037969479e-02	7.249941298448626947e-02
1.081241642751955851e+03	2.654151293824801860e-01	1.726627714788852019e-01	2.439664035448745050e-01	1.463971161681424660e-01	7.065970532627947887e-02	2.834029567057127705e-02	7.255857842844759542e-02
1.082692973816052472e+03	2.651805004941366062e-01	1.725138324329538453e-01	2.441263816107956952e-01	1.464935914264522132e-01	7.070068671789229986e-02	2.836735586382552882e-02	7.261765145362449048e-02
1.084144304880149093e+03	2.649462794028939472e-01	1.723651376049090134e-01	2.442860662486645296e-01	1.465898994774874897e-01	7.074159709410945962e-02	2.839438780677908808e-02	7.267663236483717926e-02
1.085595635944245487e+03	2.647124654035807878e-01	1.722166865845878581e-01	2.444454579892008927e-01	1.466860406115462756e-01	7.078243657843781567e-02	2.842139136933111154e-02	7.273552146299597232e-02
1.087046967008342108e+03	2.644790577923085140e-01	1.720684789625280542e-01	2.446045573624950620e-01	1.467820151184311694e-01	7.082320529416334665e-02	2.844836642458206666e-02	7.279431904517244534e-02
1.088498298072438729e+03	2.642460558664675441e-01	1.719205143299671057e-01	2.447633648980013510e-01	1.468778232874497769e-01	7.086390336435197113e-02	2.847531284877363733e-02	7.285302540466924437e-02
1.089949629136535123e+03	2.640134589247234431e-01	1.717727922788409856e-01	2.449218811245321981e-01	1.469734654074152380e-01	7.090453091185035250e-02	2.850223052122975373e-02	7.291164083108865601e-02
1.091400960200631971e+03	2.637812662670135366e-01	1.716253124017830811e-01	2.450801065702520320e-01	1.470689417666466714e-01	7.094508805928674555e-02	2.852911932429873926e-02	7.297016561039988691e-02
1.092852291264728365e+03	2.635494771945430803e-01	1.714780742921230838e-01	2.452380417626715825e-01	1.471642526529696737e-01	7.098557492907173194e-02	2.855597914329649836e-02	7.302860002500503878e-02
1.094303622328825213e+03	2.633180910097819294e-01	1.713310775438858513e-01	2.453956872286423008e-01	1.472593983537168472e-01	7.102599164339899740e-02	2.858280986645079028e-02	7.308694435380394538e-02
1.095754953392921607e+03	2.630871070164607639e-01	1.711843217517903526e-01	2.455530434943507256e-01	1.473543791557284655e-01	7.106633832424602559e-02	2.860961138484650196e-02	7.314519887225776063e-02
1.097206284457018228e+03	2.628565245195677580e-01	1.710378065112485302e-01	2.457101110853132098e-01	1.474491953453529181e-01	7.110661509337481978e-02	2.863638359237198616e-02	7.320336385245129751e-02
1.098657615521114849e+03	2.626263428253450272e-01	1.708915314183642176e-01	2.458668905263706461e-01	1.475438472084473207e-01	7.114682207233261058e-02	2.866312638566635360e-02	7.326143956315434025e-02
1.100108946585211470e+03	2.623965612412851867e-01	1.707454960699318625e-01	2.460233823416833887e-01	1.476383350303782094e-01	7.118695938245241106e-02	2.868983966406775735e-02	7.331942626988172118e-02
1.101560277649308091e+03	2.621671790761277987e-01	1.705997000634356386e-01	2.461795870547262566e-01	1.477326590960220398e-01	7.122702714485382169e-02	2.871652332956264875e-02	7.337732423495230138e-02
1.103011608713404712e+03	2.619381956398562639e-01	1.704541429970481414e-01	2.463355051882838154e-01	1.478268196897659092e-01	7.126702548044350216e-02	2.874317728673597000e-02	7.343513371754685493e-02
1.104462939777501106e+03	2.617096102436942684e-01	1.703088244696294717e-01	2.464911372644454646e-01	1.479208170955082502e-01	7.130695450991587914e-02	2.876980144272225232e-02	7.349285497376487064e-02
1.105914270841597499e+03	2.614814222001025090e-01	1.701637440807259316e-01	2.466464838046009966e-01	1.480146515966593024e-01	7.134681435375370140e-02	2.879639570715766470e-02	7.355048825668032697e-02
1.107365601905694348e+03	2.612536308227754733e-01	1.700189014305690249e-01	2.468015453294360728e-01	1.481083234761419454e-01	7.138660513222860882e-02	2.882295999213290577e-02	7.360803381639641207e-02
1.108816932969790741e+03	2.610262354266379980e-01	1.698742961200742363e-01	2.469563223589280043e-01	1.482018330163923647e-01	7.142632696540170134e-02	2.884949421214700119e-02	7.366549190009917536e-02
1.110268264033887590e+03	2.607992353278421049e-01	1.697299277508400317e-01	2.471108154123412559e-01	1.482951804993606904e-01	7.146597997312412187e-02	2.887599828406195793e-02	7.372286275211026307e-02
1.111719595097984211e+03	2.605726298437638921e-01	1.695857959251467484e-01	2.472650250082235324e-01	1.483883662065117737e-01	7.150556427503758361e-02	2.890247212705824090e-02	7.378014661393862694e-02
1.113170926162080832e+03	2.603464182930002591e-01	1.694419002459553181e-01	2.474189516644016984e-01	1.484813904188257982e-01	7.154507999057485579e-02	2.892891566259109953e-02	7.383734372433128912e-02
1.114622257226177226e+03	2.601205999953657422e-01	1.692982403169063788e-01	2.475725958979779207e-01	1.485742534167990847e-01	7.158452723896031877e-02	2.895532881434768890e-02	7.389445431932314956e-02
1.116073588290273847e+03	2.598951742718893509e-01	1.691548157423189980e-01	2.477259582253258097e-01	1.486669554804448123e-01	7.162390613921044979e-02	2.898171150820499573e-02	7.395147863228584972e-02
1.117524919354370468e+03	2.596701404448115147e-01	1.690116261271895903e-01	2.478790391620868394e-01	1.487594968892936298e-01	7.166321681013435030e-02	2.900806367218854501e-02	7.400841689397576195e-02
1.118976250418467089e+03	2.594454978375810295e-01	1.688686710771908350e-01	2.480318392231666003e-01	1.488518779223945432e-01	7.170245937033421779e-02	2.903438523643186997e-02	7.406526933258110457e-02
1.120427581482563710e+03	2.592212457748519494e-01	1.687259501986705656e-01	2.481843589227314684e-01	1.489440988583156100e-01	7.174163393820576218e-02	2.906067613313674178e-02	7.412203617376808551e-02
1.121878912546660331e+03	2.589973835824804227e-01	1.685834630986506599e-01	2.483365987742052194e-01	1.490361599751446608e-01	7.178074063193881638e-02	2.908693629653413132e-02	7.417871764072626883e-02
1.123330243610756725e+03	2.587739105875220269e-01	1.684412093848259018e-01	2.484885592902655871e-01	1.491280615504900764e-01	7.181977956951762776e-02	2.911316566284588223e-02	7.423531395421313628e-02
1.124781574674853118e+03	2.585508261182283829e-01	1.682991886655628155e-01	2.486402409828412097e-01	1.492198038614815370e-01	7.185875086872146877e-02	2.913936417024714023e-02	7.429182533259769128e-02
1.126232905738949967e+03	2.583281295040444903e-01	1.681574005498987223e-01	2.487916443631086050e-01	1.493113871847707719e-01	7.189765464712497001e-02	2.916553175882942439e-02	7.434825199190332745e-02
1.127684236803046360e+03	2.581058200756055632e-01	1.680158446475404910e-01	2.489427699414889228e-01	1.494028117965323643e-01	7.193649102209863366e-02	2.919166837056442684e-02	7.440459414584991993e-02
1.129135567867143209e+03	2.578838971647344214e-01	1.678745205688634001e-01	2.490936182276452804e-01	1.494940779724645008e-01	7.197526011080920827e-02	2.921777394926846835e-02	7.446085200589512565e-02
1.130586898931239830e+03	2.576623601044380485e-01	1.677334279249101945e-01	2.492441897304797926e-01	1.495851859877897205e-01	7.201396203022020215e-02	2.924384844056760260e-02	7.451702578127482324e-02
1.132038229995336451e+03	2.574412082289054271e-01	1.675925663273898081e-01	2.493944849581308798e-01	1.496761361172557203e-01	7.205259689709218873e-02	2.926989179186339010e-02	7.457311567904294225e-02
1.133489561059432845e+03	2.572204408735040970e-01	1.674519353886763651e-01	2.495445044179706584e-01	1.497669286351361317e-01	7.209116482798334780e-02	2.929590395229929659e-02	7.462912190411047364e-02
1.134940892123529466e+03	2.570000573747776018e-01	1.673115347218079862e-01	2.496942486166022213e-01	1.498575638152312428e-01	7.212966593924979852e-02	2.932188487272771940e-02	7.468504465928374469e-02
1.136392223187626087e+03	2.567800570704427132e-01	1.671713639404857621e-01	2.498437180598573337e-01	1.499480419308688861e-01	7.216810034704602972e-02	2.934783450567761062e-02	7.474088414530198621e-02
1.137843554251722708e+03	2.565604392993863780e-01	1.670314226590726425e-01	2.499929132527939080e-01	1.500383632549051049e-01	7.220646816732531614e-02	2.937375280532273161e-02	7.479664056087424739e-02
1.139294885315819101e+03	2.563412034016631647e-01	1.668917104925922157e-01	2.501418346996937547e-01	1.501285280597250416e-01	7.224476951584010709e-02	2.939963972745046270e-02	7.485231410271558916e-02
1.140746216379915950e+03	2.561223487184924874e-01	1.667522270567277365e-01	2.502904829040601964e-01	1.502185366172436032e-01	7.228300450814241496e-02	2.942549522943123039e-02	7.490790496558259737e-02
1.142197547444012343e+03	2.559038745922558866e-01	1.666129719678209609e-01	2.504388583686160685e-01	1.503083891989064058e-01	7.232117325958423160e-02	2.945131927018845852e-02	7.496341334230824383e-02
1.143648878508108737e+03	2.556857803664941975e-01	1.664739448428710633e-01	2.505869615953015828e-01	1.503980860756904403e-01	7.235927588531788912e-02	2.947711181016911264e-02	7.501883942383609505e-02
1.145100209572205586e+03	2.554680653859048300e-01	1.663351452995335544e-01	2.507347930852720785e-01	1.504876275181048495e-01	7.239731250029646237e-02	2.950287281131477174e-02	7.507418339925389650e-02
1.146551540636302207e+03	2.552507289963393822e-01	1.661965729561190597e-01	2.508823533388962468e-01	1.505770137961918442e-01	7.243528321927414360e-02	2.952860223703324821e-02	7.512944545582650457e-02
1.148002871700398828e+03	2.550337705448007530e-01	1.660582274315924589e-01	2.510296428557542425e-01	1.506662451795273694e-01	7.247318815680661719e-02	2.955430005217073858e-02	7.518462577902829125e-02
1.149454202764495449e+03	2.548171893794403675e-01	1.659201083455714987e-01	2.511766621346360195e-01	1.507553219372219089e-01	7.251102742725146211e-02	2.957996622298446343e-02	7.523972455257478542e-02
1.150905533828591842e+03	2.546009848495559003e-01	1.657822153183258762e-01	2.513234116735390544e-01	1.508442443379214015e-01	7.254880114476848496e-02	2.960560071711584862e-02	7.529474195845388407e-02
1.152356864892688463e+03	2.543851563055884446e-01	1.656445479707761570e-01	2.514698919696673474e-01	1.509330126498078517e-01	7.258650942332010858e-02	2.963120350356418520e-02	7.534967817695638337e-02
1.153808195956785084e+03	2.541697030991199036e-01	1.655071059244925258e-01	2.516161035194292572e-01	1.510216271406001898e-01	7.262415237667177448e-02	2.965677455266078899e-02	7.540453338670603800e-02
1.155259527020881706e+03	2.539546245828704918e-01	1.653698888016938429e-01	2.517620468184362248e-01	1.511100880775551603e-01	7.266173011839223428e-02	2.968231383604362852e-02	7.545930776468894041e-02
1.156710858084978327e+03	2.537399201106961821e-01	1.652328962252464506e-01	2.519077223615011074e-01	1.511983957274679602e-01	7.269924276185396605e-02	2.970782132663243869e-02	7.551400148628240050e-02
1.158162189149074720e+03	2.535255890375862631e-01	1.650961278186631465e-01	2.520531306426367912e-01	1.512865503566731551e-01	7.273669042023352127e-02	2.973329699860428540e-02	7.556861472528333956e-02
1.159613520213171569e+03	2.533116307196604522e-01	1.649595832061020728e-01	2.521982721550550255e-01	1.513745522310452896e-01	7.277407320651189948e-02	2.975874082736957443e-02	7.562314765393614302e-02
1.161064851277267962e+03	2.530980445141669533e-01	1.648232620123656067e-01	2.523431473911648126e-01	1.514624016159999143e-01	7.281139123347486752e-02	2.978415278954853890e-02	7.567760044295988864e-02
1.162516182341364356e+03	2.528848297794792366e-01	1.646871638628991941e-01	2.524877568425711871e-01	1.515500987764942242e-01	7.284864461371336197e-02	2.980953286294812585e-02	7.573197326157521392e-02
1.163967513405461204e+03	2.526719858750944292e-01	1.645512883837904616e-01	2.526321010000741052e-01	1.516376439770278639e-01	7.288583345962378057e-02	2.983488102653933383e-02	7.578626627753060063e-02
1.165418844469557826e+03	2.524595121616299842e-01	1.644156352017679124e-01	2.527761803536674456e-01	1.517250374816436764e-01	7.292295788340841245e-02	2.986019726043496678e-02	7.584047965712817363e-02
1.166870175533654447e+03	2.522474080008219044e-01	1.642802039441999817e-01	2.529199953925375111e-01	1.518122795539286751e-01	7.296001799707570179e-02	2.988548154586779734e-02	7.589461356524902780e-02
1.168321506597751068e+03	2.520356727555220222e-01	1.641449942390938721e-01	2.530635466050622506e-01	1.518993704570145709e-01	7.299701391244065030e-02	2.991073386516913957e-02	7.594866816537815257e-02
1.169772837661847461e+03	2.518243057896954462e-01	1.640100057150944979e-01	2.532068344788102610e-01	1.519863104535787435e-01	7.303394574112516413e-02	2.993595420174782404e-02	7.600264361962873194e-02
1.171224168725944082e+03	2.516133064684184517e-01	1.638752380014833754e-01	2.533498595005397869e-01	1.520730998058449357e-01	7.307081359455838698e-02	2.996114254006954081e-02	7.605654008876616690e-02
1.172675499790040703e+03	2.514026741578758717e-01	1.637406907281776514e-01	2.534926221561978887e-01	1.521597387755841413e-01	7.310761758397703314e-02	2.998629886563659863e-02	7.611035773223151502e-02
1.174126830854137097e+03	2.511924082253588764e-01	1.636063635257288262e-01	2.536351229309194433e-01	1.522462276241152157e-01	7.314435782042573442e-02	3.001142316496803117e-02	7.616409670816465249e-02
1.175578161918233945e+03	2.509825080392624197e-01	1.634722560253218104e-01	2.537773623090265329e-01	1.523325666123057920e-01	7.318103441475738713e-02	3.003651542558009174e-02	7.621775717342674228e-02
1.177029492982330339e+03	2.507729729690831855e-01	1.633383678587738141e-01	2.539193407740275577e-01	1.524187560005730024e-01	7.321764747763348513e-02	3.006157563596710547e-02	7.627133928362261894e-02
1.178480824046426733e+03	2.505638023854168117e-01	1.632046986585332649e-01	2.540610588086167354e-01	1.525047960488843390e-01	7.325419711952446677e-02	3.008660378558266485e-02	7.632484319312249355e-02
1.179932155110523581e+03	2.503549956599560034e-01	1.630712480576787526e-01	2.542025168946731584e-01	1.525906870167583196e-01	7.329068345071004797e-02	3.011159986482119313e-02	7.637826905508333930e-02
1.181383486174620202e+03	2.501465521654879787e-01	1.629380156899178367e-01	2.543437155132604044e-01	1.526764291632652926e-01	7.332710658127954140e-02	3.013656386499983034e-02	7.643161702146991643e-02
1.182834817238716823e+03	2.499384712758922211e-01	1.628050011895861571e-01	2.544846551446258154e-01	1.527620227470282976e-01	7.336346662113223116e-02	3.016149577834068007e-02	7.648488724307536679e-02
1.184286148302813444e+03	2.497307523661382034e-01	1.626722041916462413e-01	2.546253362682001087e-01	1.528474680262237595e-01	7.339976367997765039e-02	3.018639559795335478e-02	7.653807986954144771e-02
1.185737479366910065e+03	2.495233948122831114e-01	1.625396243316864497e-01	2.547657593625967665e-01	1.529327652585822372e-01	7.343599786733594204e-02	3.021126331781788521e-02	7.659119504937834944e-02
1.187188810431006686e+03	2.493163979914695405e-01	1.624072612459198928e-01	2.549059249056116472e-01	1.530179147013892849e-01	7.347216929253821971e-02	3.023609893276789709e-02	7.664423292998420734e-02
1.188640141495103080e+03	2.491097612819233309e-01	1.622751145711833765e-01	2.550458333742226524e-01	1.531029166114861728e-01	7.350827806472685910e-02	3.026090243847414166e-02	7.669719365766418384e-02
1.190091472559199701e+03	2.489034840629512080e-01	1.621431839449363477e-01	2.551854852445891719e-01	1.531877712452706375e-01	7.354432429285581718e-02	3.028567383142831415e-02	7.675007737764920346e-02
1.191542803623296322e+03	2.486975657149386454e-01	1.620114690052598116e-01	2.553248809920519169e-01	1.532724788586977138e-01	7.358030808569100689e-02	3.031041310892718110e-02	7.680288423411443799e-02
1.192994134687392716e+03	2.484920056193476445e-01	1.618799693908553050e-01	2.554640210911325315e-01	1.533570397072804292e-01	7.361622955181058858e-02	3.033512026905698170e-02	7.685561437019727826e-02
1.194445465751489564e+03	2.482868031587144864e-01	1.617486847410437023e-01	2.556029060155333710e-01	1.534414540460906085e-01	7.365208879960528920e-02	3.035979531067814832e-02	7.690826792801513934e-02
1.195896796815585958e+03	2.480819577166475665e-01	1.616176146957643001e-01	2.557415362381373347e-01	1.535257221297596508e-01	7.368788593727876313e-02	3.038443823341029082e-02	7.696084504868284937e-02
1.197348127879682352e+03	2.478774686778252023e-01	1.614867588955736788e-01	2.558799122310075891e-01	1.536098442124792796e-01	7.372362107284788357e-02	3.040904903761745826e-02	7.701334587232964990e-02
1.198799458943779200e+03	2.476733354279934407e-01	1.613561169816446483e-01	2.560180344653874562e-01	1.536938205480022634e-01	7.375929431414311732e-02	3.043362772439369215e-02	7.706577053811608513e-02
1.200250790007875821e+03	2.474695573539639204e-01	1.612256885957652486e-01	2.561559034117004141e-01	1.537776513896432773e-01	7.379490576880876063e-02	3.045817429554881911e-02	7.711811918425030832e-02
1.201702121071972442e+03	2.472661338436117628e-01	1.610954733803376115e-01	2.562935195395496524e-01	1.538613369902795680e-01	7.383045554430334168e-02	3.048268875359454524e-02	7.717039194800431878e-02
1.203153452136069063e+03	2.470630642858732962e-01	1.609654709783769067e-01	2.564308833177184610e-01	1.539448776023517318e-01	7.386594374789991202e-02	3.050717110173076577e-02	7.722258896572976872e-02
1.204604783200165684e+03	2.468603480707440567e-01	1.608356810335103415e-01	2.565679952141699527e-01	1.540282734778644635e-01	7.390137048668636577e-02	3.053162134383216944e-02	7.727471037287350630e-02
1.206056114264262078e+03	2.466579845892766243e-01	1.607061031899760239e-01	2.567048556960471184e-01	1.541115248683873895e-01	7.393673586756578653e-02	3.055603948443505816e-02	7.732675630399284128e-02
1.207507445328358699e+03	2.464559732335784847e-01	1.605767370926220183e-01	2.568414652296729939e-01	1.541946320250557334e-01	7.397203999725666945e-02	3.058042552872443018e-02	7.737872689277050520e-02
1.208958776392455093e+03	2.462543133968099762e-01	1.604475823869051798e-01	2.569778242805505486e-01	1.542775951985710936e-01	7.400728298229340696e-02	3.060477948252129932e-02	7.743062227202934800e-02
1.210410107456551941e+03	2.460530044731820409e-01	1.603186387188902384e-01	2.571139333133627969e-01	1.543604146392022480e-01	7.404246492902644139e-02	3.062910135227024655e-02	7.748244257374678479e-02
1.211861438520648335e+03	2.458520458579544488e-01	1.601899057352486055e-01	2.572497927919730754e-01	1.544430905967857925e-01	7.407758594362268134e-02	3.065339114502720758e-02	7.753418792906890955e-02
1.213312769584745183e+03	2.456514369474334381e-01	1.600613830832574580e-01	2.573854031794252650e-01	1.545256233207269736e-01	7.411264613206576535e-02	3.067764886844748240e-02	7.758585846832440069e-02
1.214764100648841804e+03	2.454511771389697727e-01	1.599330704107985446e-01	2.575207649379435138e-01	1.546080130600004376e-01	7.414764560015645045e-02	3.070187453077396350e-02	7.763745432103813515e-02
1.216215431712937971e+03	2.452512658309566329e-01	1.598049673663572701e-01	2.576558785289328468e-01	1.546902600631509528e-01	7.418258445351282038e-02	3.072606814082559298e-02	7.768897561594462209e-02
1.217666762777034819e+03	2.450517024228276719e-01	1.596770735990216128e-01	2.577907444129795000e-01	1.547723645782941582e-01	7.421746279757071574e-02	3.075022970798602789e-02	7.774042248100104802e-02
1.219118093841131440e+03	2.448524863150548236e-01	1.595493887584810699e-01	2.579253630498509198e-01	1.548543268531172856e-01	7.425228073758394221e-02	3.077435924219252064e-02	7.779179504340022477e-02
1.220569424905228061e+03	2.446536169091464152e-01	1.594219124950255750e-01	2.580597348984960404e-01	1.549361471348799368e-01	7.428703837862464521e-02	3.079845675392499024e-02	7.784309342958321831e-02
1.222020755969324682e+03	2.444550936076450576e-01	1.592946444595445543e-01	2.581938604170457285e-01	1.550178256704147772e-01	7.432173582558361524e-02	3.082252225419531561e-02	7.789431776525172768e-02
1.223472087033421303e+03	2.442569158141257024e-01	1.591675843035258719e-01	2.583277400628131715e-01	1.550993627061283409e-01	7.435637318317060707e-02	3.084655575453681964e-02	7.794546817538029748e-02
1.224923418097517697e+03	2.440590829331935330e-01	1.590407316790546643e-01	2.584613742922940438e-01	1.551807584880017521e-01	7.439095055591458949e-02	3.087055726699394417e-02	7.799654478422825277e-02
1.226374749161614318e+03	2.438615943704821598e-01	1.589140862388125353e-01	2.585947635611670625e-01	1.552620132615913640e-01	7.442546804816413397e-02	3.089452680411212959e-02	7.804754771535142577e-02
1.227826080225710712e+03	2.436644495326513171e-01	1.587876476360762790e-01	2.587279083242942646e-01	1.553431272720296463e-01	7.445992576408769215e-02	3.091846437892786445e-02	7.809847709161368834e-02
1.229277411289807560e+03	2.434676478273852251e-01	1.586614155247170199e-01	2.588608090357215619e-01	1.554241007640258521e-01	7.449432380767392892e-02	3.094237000495892939e-02	7.814933303519824848e-02
1.230728742353903954e+03	2.432711886633903975e-01	1.585353895591990470e-01	2.589934661486791301e-01	1.555049339818666831e-01	7.452866228273195837e-02	3.096624369619482495e-02	7.820011566761868316e-02
1.232180073418000802e+03	2.430750714503937815e-01	1.584095693945790084e-01	2.591258801155817970e-01	1.555856271694171511e-01	7.456294129289174621e-02	3.099008546708736933e-02	7.825082510972987404e-02
1.233631404482097196e+03	2.428792955991407321e-01	1.582839546865046354e-01	2.592580513880296533e-01	1.556661805701211876e-01	7.459716094160434574e-02	3.101389533254147665e-02	7.830146148173870724e-02
1.235082735546193817e+03	2.426838605213931244e-01	1.581585450912138258e-01	2.593899804168085521e-01	1.557465944270023939e-01	7.463132133214224473e-02	3.103767330790610859e-02	7.835202490321448165e-02
1.236534066610290438e+03	2.424887656299274108e-01	1.580333402655336172e-01	2.595216676518905530e-01	1.558268689826648734e-01	7.466542256759965690e-02	3.106141940896537529e-02	7.840251549309923407e-02
1.237985397674387059e+03	2.422940103385326227e-01	1.579083398668791605e-01	2.596531135424346437e-01	1.559070044792938148e-01	7.469946475089282723e-02	3.108513365192983047e-02	7.845293336971784215e-02
1.239436728738483680e+03	2.420995940620084830e-01	1.577835435532527197e-01	2.597843185367870733e-01	1.559870011586562966e-01	7.473344798476033723e-02	3.110881605342790540e-02	7.850327865078789158e-02
1.240888059802580301e+03	2.419055162161635186e-01	1.576589509832426184e-01	2.599152830824821847e-01	1.560668592621020367e-01	7.476737237176342421e-02	3.113246663049750937e-02	7.855355145342943213e-02
1.242339390866676695e+03	2.417117762178130902e-01	1.575345618160222394e-01	2.600460076262427478e-01	1.561465790305640033e-01	7.480123801428627262e-02	3.115608540057778625e-02	7.860375189417451169e-02
1.243790721930773088e+03	2.415183734847775043e-01	1.574103757113489988e-01	2.601764926139809586e-01	1.562261607045592471e-01	7.483504501453630553e-02	3.117967238150102724e-02	7.865388008897654382e-02
1.245242052994869937e+03	2.413253074358802375e-01	1.572863923295633182e-01	2.603067384907987170e-01	1.563056045241895953e-01	7.486879347454453160e-02	3.120322759148472930e-02	7.870393615321946701e-02
1.246693384058966330e+03	2.411325774909457986e-01	1.571626113315876538e-01	2.604367457009884590e-01	1.563849107291422624e-01	7.490248349616576706e-02	3.122675104912379235e-02	7.875392020172682084e-02
1.248144715123063179e+03	2.409401830707980641e-01	1.570390323789254694e-01	2.605665146880337679e-01	1.564640795586907385e-01	7.493611518107901048e-02	3.125024277338288303e-02	7.880383234877053056e-02
1.249596046187159800e+03	2.407481235972583067e-01	1.569156551336602090e-01	2.606960458946102621e-01	1.565431112516953716e-01	7.496968863078773415e-02	3.127370278358891642e-02	7.885367270807963624e-02
1.251047377251256421e+03	2.405563984931433641e-01	1.567924792584542704e-01	2.608253397625859282e-01	1.566220060466041730e-01	7.500320394662017554e-02	3.129713109942370425e-02	7.890344139284882763e-02
1.252498708315352815e+03	2.403650071822636958e-01	1.566695044165480333e-01	2.609543967330222869e-01	1.567007641814534280e-01	7.503666122972960095e-02	3.132052774091670377e-02	7.895313851574674302e-02
1.253950039379449436e+03	2.401739490894216067e-01	1.565467302717588050e-01	2.610832172461747258e-01	1.567793858938685003e-01	7.507006058109465252e-02	3.134389272843792623e-02	7.900276418892426822e-02
1.255401370443546057e+03	2.399832236404094155e-01	1.564241564884799596e-01	2.612118017414934990e-01	1.568578714210644709e-01	7.510340210151965346e-02	3.136722608269098406e-02	7.905231852402251624e-02
1.256852701507642678e+03	2.397928302620074836e-01	1.563017827316797725e-01	2.613401506576244482e-01	1.569362209998469426e-01	7.513668589163485789e-02	3.139052782470623526e-02	7.910180163218079319e-02
1.258304032571739299e+03	2.396027683819825782e-01	1.561796086669003936e-01	2.614682644324097249e-01	1.570144348666126233e-01	7.516991205189678393e-02	3.141379797583410127e-02	7.915121362404434202e-02
1.259755363635835920e+03	2.394130374290858454e-01	1.560576339602570417e-01	2.615961435028886783e-01	1.570925132573500749e-01	7.520308068258851897e-02	3.143703655773844724e-02	7.920055460977194761e-02
1.261206694699932314e+03	2.392236368330510343e-01	1.559358582784368397e-01	2.617237883052986325e-01	1.571704564076405186e-01	7.523619188381999723e-02	3.146024359239014967e-02	7.924982469904340299e-02
1.262658025764028707e+03	2.390345660245928039e-01	1.558142812886978978e-01	2.618511992750756634e-01	1.572482645526583900e-01	7.526924575552827734e-02	3.148341910206072652e-02	7.929902400106692006e-02
1.264109356828125556e+03	2.388458244354047244e-01	1.556929026588682596e-01	2.619783768468553764e-01	1.573259379271720604e-01	7.530224239747788928e-02	3.150656310931613385e-02	7.934815262458622120e-02
1.265560687892221949e+03	2.386574114981576122e-01	1.555717220573450132e-01	2.621053214544739052e-01	1.574034767655446976e-01	7.533518190926108415e-02	3.152967563701064568e-02	7.939721067788765851e-02
1.267012018956318798e+03	2.384693266464976702e-01	1.554507391530931260e-01	2.622320335309688000e-01	1.574808813017347653e-01	7.536806439029815341e-02	3.155275670828086576e-02	7.944619826880719438e-02
1.268463350020415419e+03	2.382815693150446834e-01	1.553299536156446670e-01	2.623585135085798048e-01	1.575581517692968003e-01	7.540088993983774801e-02	3.157580634653982254e-02	7.949511550473710442e-02
1.269914681084511813e+03	2.380941389393902985e-01	1.552093651150976139e-01	2.624847618187495790e-01	1.576352884013821343e-01	7.543365865695710049e-02	3.159882457547120993e-02	7.954396249263274987e-02
1.271366012148608434e+03	2.379070349560961084e-01	1.550889733221149924e-01	2.626107788921248631e-01	1.577122914307395873e-01	7.546637064056237187e-02	3.162181141902371123e-02	7.959273933901910014e-02
1.272817343212705055e+03	2.377202568026919871e-01	1.549687779079238492e-01	2.627365651585572559e-01	1.577891610897161068e-01	7.549902598938891540e-02	3.164476690140544807e-02	7.964144614999711658e-02
1.274268674276801676e+03	2.375338039176743410e-01	1.548487785443143083e-01	2.628621210471042136e-01	1.578658976102574885e-01	7.553162480200163731e-02	3.166769104707849863e-02	7.969008303125020565e-02
1.275720005340898297e+03	2.373476757405041382e-01	1.547289749036385442e-01	2.629874469860299380e-01	1.579425012239090709e-01	7.556416717679519113e-02	3.169058388075355476e-02	7.973865008805024190e-02
1.277171336404994690e+03	2.371618717116054653e-01	1.546093666588097826e-01	2.631125434028062093e-01	1.580189721618164844e-01	7.559665321199435239e-02	3.171344542738464140e-02	7.978714742526378523e-02
1.278622667469091539e+03	2.369763912723634736e-01	1.544899534833014398e-01	2.632374107241134409e-01	1.580953106547262066e-01	7.562908300565421293e-02	3.173627571216398879e-02	7.983557514735796501e-02
1.280073998533187932e+03	2.367912338651227966e-01	1.543707350511459575e-01	2.633620493758417336e-01	1.581715169329863668e-01	7.566145665566059719e-02	3.175907476051692546e-02	7.988393335840640597e-02
1.281525329597284326e+03	2.366063989331858020e-01	1.542517110369339695e-01	2.634864597830915423e-01	1.582475912265473850e-01	7.569377425973025653e-02	3.178184259809693074e-02	7.993222216209491804e-02
1.282976660661381175e+03	2.364218859208107870e-01	1.541328811158132750e-01	2.636106423701750634e-01	1.583235337649626651e-01	7.572603591541117452e-02	3.180457925078074982e-02	7.998044166172717240e-02
1.284427991725477568e+03	2.362376942732102303e-01	1.540142449634878952e-01	2.637345975606167903e-01	1.583993447773892616e-01	7.575824172008290003e-02	3.182728474466359897e-02	8.002859196023023869e-02
1.285879322789574417e+03	2.360538234365491261e-01	1.538958022562170180e-01	2.638583257771548451e-01	1.584750244925886009e-01	7.579039177095679702e-02	3.184995910605446096e-02	8.007667316015999737e-02
1.287330653853671038e+03	2.358702728579432362e-01	1.537775526708141660e-01	2.639818274417419786e-01	1.585505731389271200e-01	7.582248616507632211e-02	3.187260236147148457e-02	8.012468536370651040e-02
1.288781984917767431e+03	2.356870419854573684e-01	1.536594958846461689e-01	2.641051029755462909e-01	1.586259909443769600e-01	7.585452499931734371e-02	3.189521453763743269e-02	8.017262867269923932e-02
1.290233315981864052e+03	2.355041302681037119e-01	1.535416315756321093e-01	2.642281527989525092e-01	1.587012781365166603e-01	7.588650837038841968e-02	3.191779566147526920e-02	8.022050318861216611e-02
