1.001418434226643626e+03	2.790112359063782188e-01	1.811962064127274064e-01	2.347129053176289504e-01	1.408224691585479027e-01	6.829126375360190793e-02	2.682213075224204255e-02	6.914378869855325460e-02
1.003837319333471214e+03	2.785821468980608784e-01	1.809236714305233196e-01	2.350086306080354792e-01	1.409993057325133192e-01	6.836640074917944843e-02	2.686908558094844995e-02	6.925075900041871568e-02
1.006256204440298802e+03	2.781542948307549890e-01	1.806518853789833845e-01	2.353034837731464990e-01	1.411756328959375140e-01	6.844132102938847717e-02	2.691599714182461509e-02	6.935738494964414913e-02
1.008675089547126618e+03	2.777276761084838119e-01	1.803808461689450637e-01	2.355974671987346170e-01	1.413514520986584866e-01	6.851602523778552167e-02	2.696286333744022864e-02	6.946366984963189828e-02
1.011093974653954206e+03	2.773022871475563922e-01	1.801105517170502601e-01	2.358905832689017212e-01	1.415267647881385538e-01	6.859051401419460903e-02	2.700968214257654099e-02	6.956961692126158170e-02
1.013512859760782021e+03	2.768781243764669164e-01	1.798409999457318553e-01	2.361828343659220786e-01	1.417015724092928475e-01	6.866478799490219331e-02	2.705645160201162330e-02	6.967522930535212378e-02
1.015931744867609382e+03	2.764551842357969025e-01	1.795721887831999708e-01	2.364742228700910387e-01	1.418758764043361598e-01	6.873884781283350065e-02	2.710316982837293956e-02	6.978051006504912279e-02
1.018350629974437197e+03	2.760334631781196091e-01	1.793041161634283953e-01	2.367647511595787901e-01	1.420496782126456914e-01	6.881269409771222090e-02	2.714983500005519954e-02	6.988546218813970756e-02
1.020769515081264785e+03	2.756129576679068327e-01	1.790367800261407627e-01	2.370544216102893342e-01	1.422229792706387885e-01	6.888632747620511421e-02	2.719644535920151540e-02	6.999008858929728349e-02
1.023188400188092373e+03	2.751936641814378137e-01	1.787701783167968128e-01	2.373432365957241774e-01	1.423957810116636691e-01	6.895974857205303121e-02	2.724299920974593281e-02	7.009439211225820809e-02
1.025607285294920075e+03	2.747755792067105851e-01	1.785043089865786803e-01	2.376311984868507698e-01	1.425680848659021116e-01	6.903295800618960976e-02	2.728949491551547687e-02	7.019837553193238044e-02
1.028026170401747549e+03	2.743586992433551530e-01	1.782391699923769057e-01	2.379183096519757734e-01	1.427398922602831077e-01	6.910595639684891101e-02	2.733593089838988466e-02	7.030204155644989572e-02
1.030445055508575479e+03	2.739430208025486202e-01	1.779747592967766967e-01	2.382045724566224099e-01	1.429112046184059237e-01	6.917874435966302193e-02	2.738230563651732064e-02	7.040539282914563823e-02
1.032863940615402726e+03	2.735285404069325854e-01	1.777110748680438834e-01	2.384899892634124441e-01	1.430820233604719882e-01	6.925132250775070664e-02	2.742861766258431963e-02	7.050843193048367263e-02
1.035282825722230655e+03	2.731152545905321527e-01	1.774481146801110687e-01	2.387745624319521920e-01	1.432523499032248293e-01	6.932369145179771708e-02	2.747486556213833350e-02	7.061116137992327901e-02
1.037701710829058356e+03	2.727031598986764949e-01	1.771858767125636669e-01	2.390582943187226084e-01	1.434221856598970335e-01	6.939585180012998455e-02	2.752104797196127869e-02	7.071358363772850542e-02
1.040120595935886058e+03	2.722922528879218040e-01	1.769243589506258041e-01	2.393411872769733439e-01	1.435915320401634221e-01	6.946780415877991388e-02	2.756716357849257892e-02	7.081570110672270879e-02
1.042539481042713533e+03	2.718825301259751859e-01	1.766635593851464958e-01	2.396232436566204937e-01	1.437603904501002783e-01	6.953954913154690443e-02	2.761321111630009664e-02	7.091751613399006893e-02
1.044958366149541234e+03	2.714739881916207742e-01	1.764034760125854084e-01	2.399044658041482592e-01	1.439287622921497645e-01	6.961108732005225064e-02	2.765918936659761754e-02	7.101903101252540762e-02
1.047377251256368709e+03	2.710666236746471780e-01	1.761441068349988703e-01	2.401848560625139128e-01	1.440966489650886972e-01	6.968241932378932413e-02	2.770509715580738927e-02	7.112024798283406168e-02
1.049796136363196410e+03	2.706604331757762050e-01	1.758854498600258831e-01	2.404644167710564828e-01	1.442640518640020686e-01	6.975354574016916220e-02	2.775093335416638565e-02	7.122116923448326697e-02
1.052215021470024112e+03	2.702554133065933617e-01	1.756275031008738829e-01	2.407431502654085731e-01	1.444309723802599255e-01	6.982446716456226776e-02	2.779669687437495013e-02	7.132179690760652446e-02
1.054633906576851814e+03	2.698515606894797414e-01	1.753702645763046963e-01	2.410210588774115981e-01	1.445974119014979409e-01	6.989518419033664831e-02	2.784238667028654177e-02	7.142213309436230839e-02
1.057052791683679516e+03	2.694488719575452440e-01	1.751137323106204402e-01	2.412981449350341256e-01	1.447633718116009827e-01	6.996569740889263533e-02	2.788800173563733484e-02	7.152217984034868470e-02
1.059471676790506763e+03	2.690473437545629065e-01	1.748579043336493943e-01	2.415744107622933290e-01	1.449288534906894577e-01	7.003600740969484484e-02	2.793354110281446798e-02	7.162193914597497768e-02
1.061890561897334692e+03	2.686469727349050096e-01	1.746027786807317905e-01	2.418498586791792415e-01	1.450938583151082373e-01	7.010611478030141785e-02	2.797900384166172177e-02	7.172141296779195596e-02
1.064309447004162394e+03	2.682477555634798505e-01	1.743483533927057683e-01	2.421244910015819818e-01	1.452583876574177757e-01	7.017602010639081844e-02	2.802438905832157004e-02	7.182060321978162021e-02
1.066728332110990095e+03	2.678496889156702920e-01	1.740946265158930528e-01	2.423983100412218650e-01	1.454224428863871987e-01	7.024572397178661942e-02	2.806969589411241819e-02	7.191951177460799427e-02
1.069147217217817570e+03	2.674527694772727560e-01	1.738415961020850220e-01	2.426713181055820401e-01	1.455860253669893356e-01	7.031522695848020643e-02	2.811492352444003306e-02	7.201814046483005771e-02
1.071566102324645271e+03	2.670569939444382701e-01	1.735892602085283565e-01	2.429435174978438194e-01	1.457491364603974160e-01	7.038452964665171951e-02	2.816007115774205732e-02	7.211649108407779118e-02
1.073984987431472746e+03	2.666623590236138486e-01	1.733376168979109400e-01	2.432149105168245617e-01	1.459117775239830161e-01	7.045363261468953753e-02	2.820513803446463713e-02	7.221456538819280568e-02
1.076403872538300675e+03	2.662688614314854263e-01	1.730866642383477316e-01	2.434854994569179698e-01	1.460739499113156425e-01	7.052253643920809723e-02	2.825012342607020888e-02	7.231236509633427734e-02
1.078822757645127922e+03	2.658764978949213487e-01	1.728364003033665275e-01	2.437552866080366920e-01	1.462356549721632315e-01	7.059124169506462987e-02	2.829502663407544930e-02	7.240989189205146448e-02
1.081241642751955851e+03	2.654852651509173600e-01	1.725868231718938051e-01	2.440242742555574218e-01	1.463968940524939533e-01	7.065974895537459333e-02	2.833984698911851466e-02	7.250714742432370907e-02
1.083660527858783553e+03	2.650951599465423136e-01	1.723379309282405680e-01	2.442924646802681343e-01	1.465576684944786823e-01	7.072805879152606334e-02	2.838458385005464962e-02	7.260413330856899106e-02
1.086079412965611255e+03	2.647061790388847147e-01	1.720897216620882186e-01	2.445598601583172382e-01	1.467179796364946609e-01	7.079617177319323662e-02	2.842923660307933309e-02	7.270085112762192381e-02
1.088498298072438729e+03	2.643183191950005395e-01	1.718421934684744301e-01	2.448264629611653920e-01	1.468778288131297460e-01	7.086408846834893471e-02	2.847380466087808676e-02	7.279730243268220380e-02
1.090917183179266431e+03	2.639315771918614995e-01	1.715953444477788803e-01	2.450922753555387079e-01	1.470372173551874051e-01	7.093180944327642790e-02	2.851828746180217616e-02	7.289348874423422220e-02
1.093336068286093905e+03	2.635459498163045255e-01	1.713491727057092351e-01	2.453572996033843989e-01	1.471961465896921561e-01	7.099933526258053740e-02	2.856268446906938888e-02	7.298941155293901806e-02
1.095754953392921607e+03	2.631614338649820306e-01	1.711036763532869098e-01	2.456215379618280903e-01	1.473546178398958961e-01	7.106666648919805762e-02	2.860699516998914740e-02	7.308507232049910041e-02
1.098173838499749309e+03	2.627780261443127263e-01	1.708588535068330250e-01	2.458849926831330190e-01	1.475126324252844512e-01	7.113380368440759549e-02	2.865121907521119698e-02	7.318047248049719400e-02
1.100592723606577010e+03	2.623957234704336061e-01	1.706147022879542785e-01	2.461476660146610373e-01	1.476701916615846544e-01	7.120074740783892409e-02	2.869535571799717785e-02	7.327561343920953318e-02
1.103011608713404712e+03	2.620145226691523166e-01	1.703712208235288184e-01	2.464095601988354756e-01	1.478272968607717563e-01	7.126749821748187830e-02	2.873940465351434992e-02	7.337049657639463374e-02
1.105430493820231959e+03	2.616344205759005281e-01	1.701284072456921148e-01	2.466706774731054208e-01	1.479839493310774190e-01	7.133405666969470926e-02	2.878336545815084538e-02	7.346512324605815325e-02
1.107849378927059888e+03	2.612554140356882493e-01	1.698862596918230272e-01	2.469310200699117996e-01	1.481401503769976258e-01	7.140042331921217511e-02	2.882723772885175881e-02	7.355949477719461727e-02
1.110268264033887590e+03	2.608774999030579744e-01	1.696447763045295376e-01	2.471905902166550151e-01	1.482959012993012582e-01	7.146659871915322926e-02	2.887102108247543986e-02	7.365361247450680215e-02
1.112687149140715292e+03	2.605006750420406636e-01	1.694039552316348451e-01	2.474493901356639991e-01	1.484512033950387000e-01	7.153258342102837564e-02	2.891471515516940566e-02	7.374747761910323274e-02
1.115106034247542766e+03	2.601249363261116110e-01	1.691637946261632941e-01	2.477074220441670138e-01	1.486060579575506357e-01	7.159837797474671861e-02	2.895831960176525194e-02	7.384109146917466893e-02
1.117524919354370468e+03	2.597502806381472018e-01	1.689242926463263572e-01	2.479646881542634795e-01	1.487604662764771823e-01	7.166398292862281860e-02	2.900183409519197994e-02	7.393445526065019202e-02
1.119943804461197942e+03	2.593767048703821132e-01	1.686854474555085914e-01	2.482211906728976070e-01	1.489144296377671040e-01	7.172939882938321465e-02	2.904525832590721529e-02	7.402757020783332087e-02
1.122362689568025871e+03	2.590042059243675143e-01	1.684472572222536768e-01	2.484769318018330841e-01	1.490679493236871933e-01	7.179462622217290535e-02	2.908859200134572900e-02	7.412043750401908770e-02
1.124781574674853118e+03	2.586327807109296550e-01	1.682097201202504555e-01	2.487319137376290124e-01	1.492210266128316531e-01	7.185966565056133015e-02	2.913183484538476795e-02	7.421305832209232345e-02
1.127200459781681047e+03	2.582624261501286766e-01	1.679728343283189984e-01	2.489861386716174796e-01	1.493736627801319217e-01	7.192451765654850337e-02	2.917498659782567436e-02	7.430543381510791578e-02
1.129619344888508749e+03	2.578931391712187549e-01	1.677365980303965609e-01	2.492396087898820223e-01	1.495258590968661372e-01	7.198918278057077347e-02	2.921804701389129136e-02	7.439756511685358120e-02
1.132038229995336451e+03	2.575249167126080763e-01	1.675010094155238716e-01	2.494923262732372804e-01	1.496776168306691301e-01	7.205366156150644352e-02	2.926101586373869995e-02	7.448945334239559513e-02
1.134457115102163925e+03	2.571577557218196475e-01	1.672660666778310601e-01	2.497442932972099294e-01	1.498289372455421931e-01	7.211795453668143341e-02	2.930389293198677400e-02	7.458109958860802136e-02
1.136876000208991627e+03	2.567916531554526594e-01	1.670317680165238905e-01	2.499955120320207502e-01	1.499798216018629615e-01	7.218206224187459497e-02	2.934667801725816122e-02	7.467250493468609307e-02
1.139294885315819101e+03	2.564266059791442953e-01	1.667981116358698002e-01	2.502459846425674206e-01	1.501302711563954617e-01	7.224598521132308271e-02	2.938937093173521475e-02	7.476367044264388417e-02
1.141713770422646803e+03	2.560626111675319838e-01	1.665650957451841607e-01	2.504957132884089166e-01	1.502802871622999914e-01	7.230972397772744698e-02	2.943197150072944870e-02	7.485459715779718692e-02
1.144132655529474505e+03	2.556996657042162058e-01	1.663327185588164836e-01	2.507447001237503859e-01	1.504298708691433895e-01	7.237327907225687973e-02	2.947447956226412549e-02	7.494528610923166523e-02
1.146551540636302207e+03	2.553377665817236908e-01	1.661009782961365699e-01	2.509929472974293252e-01	1.505790235229088336e-01	7.243665102455414118e-02	2.951689496666958998e-02	7.503573831025694973e-02
1.148970425743129908e+03	2.549769108014712238e-01	1.658698731815207994e-01	2.512404569529024800e-01	1.507277463660061656e-01	7.249984036274054189e-02	2.955921757619090970e-02	7.512595475884700780e-02
1.151389310849957155e+03	2.546170953737295628e-01	1.656394014443383633e-01	2.514872312282339095e-01	1.508760406372817997e-01	7.256284761342080003e-02	2.960144726460748471e-02	7.521593643806730178e-02
1.153808195956785084e+03	2.542583173175880784e-01	1.654095613189375535e-01	2.517332722560835512e-01	1.510239075720289370e-01	7.262567330168784308e-02	2.964358391686428007e-02	7.530568431648893002e-02
1.156227081063612786e+03	2.539005736609200037e-01	1.651803510446320788e-01	2.519785821636971734e-01	1.511713484019976683e-01	7.268831795112756788e-02	2.968562742871428892e-02	7.539519934859048589e-02
1.158645966170440488e+03	2.535438614403472402e-01	1.649517688656873815e-01	2.522231630728965501e-01	1.513183643554050217e-01	7.275078208382350364e-02	2.972757770637189656e-02	7.548448247514759346e-02
1.161064851277267962e+03	2.531881777012067181e-01	1.647238130313070370e-01	2.524670171000710783e-01	1.514649566569451211e-01	7.281306622036148868e-02	2.976943466617683678e-02	7.557353462361086904e-02
1.163483736384095664e+03	2.528335194975162015e-01	1.644964817956190983e-01	2.527101463561694517e-01	1.516111265277993447e-01	7.287517087983419461e-02	2.981119823426838650e-02	7.566235670847241968e-02
1.165902621490923138e+03	2.524798838919409816e-01	1.642697734176624957e-01	2.529525529466926659e-01	1.517568751856463172e-01	7.293709657984574768e-02	2.985286834626951422e-02	7.575094963162132267e-02
1.168321506597751068e+03	2.521272679557606256e-01	1.640436861613735475e-01	2.531942389716875796e-01	1.519022038446719569e-01	7.299884383651616959e-02	2.989444494698065974e-02	7.583931428268839148e-02
1.170740391704578315e+03	2.517756687688364470e-01	1.638182182955723876e-01	2.534352065257410302e-01	1.520471137155797181e-01	7.306041316448586009e-02	2.993592799008286051e-02	7.592745153938058877e-02
1.173159276811406244e+03	2.514250834195788653e-01	1.635933680939494206e-01	2.536754576979748377e-01	1.521916060056004161e-01	7.312180507692003784e-02	2.997731743784994712e-02	7.601536226780535033e-02
1.175578161918233945e+03	2.510755090049156535e-01	1.633691338350518607e-01	2.539149945720411972e-01	1.523356819185024136e-01	7.318302008551311189e-02	3.001861326086951998e-02	7.610304732278519446e-02
1.177997047025061647e+03	2.507269426302597970e-01	1.631455138022702145e-01	2.541538192261189599e-01	1.524793426546015296e-01	7.324405870049308098e-02	3.005981543777245038e-02	7.619050754816281135e-02
1.180415932131889122e+03	2.503793814094785741e-01	1.629225062838250415e-01	2.543919337329105246e-01	1.526225894107711700e-01	7.330492143062582178e-02	3.010092395497064588e-02	7.627774377709703457e-02
1.182834817238716823e+03	2.500328224648621367e-01	1.627001095727533264e-01	2.546293401596391726e-01	1.527654233804520700e-01	7.336560878321944645e-02	3.014193880640281265e-02	7.636475683234984768e-02
1.185253702345544298e+03	2.496872629270928123e-01	1.624783219668952117e-01	2.548660405680470142e-01	1.529078457536623692e-01	7.342612126412852158e-02	3.018285999328801372e-02	7.645154752656488362e-02
1.187672587452371999e+03	2.493426999352146012e-01	1.622571417688807305e-01	2.551020370143935456e-01	1.530498577170074925e-01	7.348645937775835635e-02	3.022368752388671087e-02	7.653811666253740320e-02
1.190091472559199701e+03	2.489991306366030888e-01	1.620365672861163453e-01	2.553373315494545381e-01	1.531914604536900870e-01	7.354662362706926304e-02	3.026442141326915469e-02	7.662446503347630777e-02
1.192510357666027403e+03	2.486565521869354145e-01	1.618165968307716807e-01	2.555719262185220941e-01	1.533326551435198470e-01	7.360661451358072038e-02	3.030506168309083509e-02	7.671059342325821373e-02
1.194929242772855105e+03	2.483149617501606565e-01	1.615972287197664226e-01	2.558058230614042583e-01	1.534734429629232566e-01	7.366643253737556463e-02	3.034560836137480469e-02	7.679650260667386652e-02
1.197348127879682352e+03	2.479743564984705217e-01	1.613784612747569125e-01	2.560390241124256838e-01	1.536138250849535813e-01	7.372607819710419452e-02	3.038606148230063239e-02	7.688219334966729657e-02
1.199767012986510281e+03	2.476347336122703136e-01	1.611602928221229913e-01	2.562715314004288536e-01	1.537538026793004442e-01	7.378555198998867914e-02	3.042642108599984824e-02	7.696766640956766159e-02
1.202185898093337983e+03	2.472960902801498717e-01	1.609427216929548710e-01	2.565033469487755791e-01	1.538933769122996786e-01	7.384485441182693510e-02	3.046668721835762289e-02	7.705292253531421942e-02
1.204604783200165684e+03	2.469584236988552894e-01	1.607257462230399780e-01	2.567344727753486655e-01	1.540325489469430986e-01	7.390398595699675111e-02	3.050685993082052211e-02	7.713796246767451459e-02
1.207023668306993159e+03	2.466217310732602697e-01	1.605093647528497980e-01	2.569649108925544656e-01	1.541713199428880465e-01	7.396294711846000680e-02	3.054693928021014887e-02	7.722278693945605621e-02
1.209442553413820860e+03	2.462860096163382306e-01	1.602935756275268853e-01	2.571946633073257105e-01	1.543096910564671354e-01	7.402173838776665571e-02	3.058692532854246499e-02	7.730739667571166762e-02
1.211861438520648335e+03	2.459512565491344116e-01	1.600783771968717351e-01	2.574237320211244517e-01	1.544476634406979076e-01	7.408036025505881916e-02	3.062681814285269505e-02	7.739179239393867427e-02
1.214280323627476264e+03	2.456174691007381450e-01	1.598637678153297659e-01	2.576521190299458919e-01	1.545852382452923834e-01	7.413881320907483863e-02	3.066661779502553170e-02	7.747597480427209637e-02
1.216699208734303511e+03	2.452846445082555726e-01	1.596497458419784132e-01	2.578798263243220479e-01	1.547224166166666082e-01	7.419709773715328638e-02	3.070632436163058671e-02	7.755994460967215176e-02
1.219118093841131440e+03	2.449527800167824454e-01	1.594363096405140290e-01	2.581068558893260256e-01	1.548591996979502561e-01	7.425521432523699006e-02	3.074593792376286924e-02	7.764370250610608259e-02
1.221536978947959142e+03	2.446218728793769226e-01	1.592234575792390305e-01	2.583332097045769049e-01	1.549955886289961227e-01	7.431316345787707112e-02	3.078545856688813878e-02	7.772724918272454209e-02
1.223955864054786844e+03	2.442919203570331210e-01	1.590111880310491055e-01	2.585588897442442913e-01	1.551315845463895893e-01	7.437094561823687222e-02	3.082488638069302150e-02	7.781058532203276312e-02
1.226374749161614318e+03	2.439629197186543585e-01	1.587994993734201110e-01	2.587838979770539782e-01	1.552671885834580046e-01	7.442856128809596794e-02	3.086422145893971333e-02	7.789371160005660599e-02
1.228793634268442020e+03	2.436348682410268973e-01	1.585883899883953896e-01	2.590082363662931653e-01	1.554024018702803156e-01	7.448601094785411991e-02	3.090346389932513427e-02	7.797662868650365176e-02
1.231212519375269494e+03	2.433077632087936870e-01	1.583778582625730291e-01	2.592319068698167861e-01	1.555372255336961995e-01	7.454329507653521814e-02	3.094261380334440911e-02	7.805933724491941061e-02
1.233631404482097196e+03	2.429816019144283856e-01	1.581679025870929012e-01	2.594549114400531709e-01	1.556716606973155004e-01	7.460041415179125002e-02	3.098167127615852889e-02	7.814183793283903390e-02
1.236050289588924898e+03	2.426563816582096855e-01	1.579585213576240321e-01	2.596772520240106519e-01	1.558057084815277493e-01	7.465736864990613064e-02	3.102063642646609234e-02	7.822413140193439085e-02
1.238469174695752372e+03	2.423320997481955841e-01	1.577497129743519189e-01	2.598989305632845581e-01	1.559393700035112129e-01	7.471415904579972733e-02	3.105950936637897133e-02	7.830621829815674617e-02
1.240888059802580301e+03	2.420087535001980705e-01	1.575414758419657613e-01	2.601199489940638210e-01	1.560726463772422468e-01	7.477078581303166216e-02	3.109829021130178922e-02	7.838809926187532973e-02
1.243306944909407548e+03	2.416863402377578129e-01	1.573338083696458334e-01	2.603403092471383573e-01	1.562055387135045936e-01	7.482724942380526711e-02	3.113697907981513233e-02	7.846977492801161802e-02
1.245725830016235477e+03	2.413648572921190116e-01	1.571267089710509379e-01	2.605600132479066189e-01	1.563380481198985705e-01	7.488355034897141438e-02	3.117557609356230719e-02	7.855124592616974377e-02
1.248144715123063179e+03	2.410443020022046690e-01	1.569201760643057497e-01	2.607790629163830309e-01	1.564701757008501171e-01	7.493968905803236047e-02	3.121408137713961931e-02	7.863251288076300582e-02
1.250563600229890881e+03	2.407246717145917203e-01	1.567142080719882424e-01	2.609974601672060968e-01	1.566019225576202045e-01	7.499566601914564590e-02	3.125249505799000682e-02	7.871357641113654879e-02
1.252982485336718355e+03	2.404059637834864704e-01	1.565088034211172541e-01	2.612152069096466134e-01	1.567332897883137455e-01	7.505148169912789768e-02	3.129081726629993898e-02	7.879443713168655938e-02
1.255401370443546057e+03	2.400881755707002241e-01	1.563039605431398860e-01	2.614323050476156651e-01	1.568642784878887531e-01	7.510713656345864575e-02	3.132904813489952034e-02	7.887509565197575734e-02
1.257820255550373531e+03	2.397713044456249443e-01	1.560996778739191237e-01	2.616487564796736165e-01	1.569948897481653893e-01	7.516263107628419482e-02	3.136718779916562727e-02	7.895555257684556960e-02
1.260239140657201460e+03	2.394553477852091883e-01	1.558959538537213474e-01	2.618645630990385498e-01	1.571251246578350691e-01	7.521796570042132979e-02	3.140523639692806984e-02	7.903580850652497380e-02
1.262658025764028707e+03	2.391403029739340991e-01	1.556927869272040632e-01	2.620797267935950914e-01	1.572549843024694527e-01	7.527314089736117375e-02	3.144319406837860903e-02	7.911586403673610823e-02
1.265076910870856636e+03	2.388261674037897020e-01	1.554901755434033306e-01	2.622942494459038487e-01	1.573844697645292723e-01	7.532815712727296276e-02	3.148106095598279808e-02	7.919571975879673154e-02
1.267495795977684338e+03	2.385129384742510350e-01	1.552881181557215773e-01	2.625081329332104585e-01	1.575135821233734634e-01	7.538301484900780669e-02	3.151883720439457165e-02	7.927537625971969870e-02
1.269914681084511813e+03	2.382006135922548062e-01	1.550866132219153315e-01	2.627213791274550791e-01	1.576423224552681024e-01	7.543771452010243628e-02	3.155652296037339544e-02	7.935483412230949496e-02
1.272333566191339514e+03	2.378891901721759405e-01	1.548856592040827873e-01	2.629339898952819388e-01	1.577706918333950936e-01	7.549225659678293621e-02	3.159411837270403173e-02	7.943409392525595247e-02
1.274752451298167216e+03	2.375786656358042093e-01	1.546852545686516756e-01	2.631459670980491050e-01	1.578986913278612736e-01	7.554664153396853377e-02	3.163162359211878216e-02	7.951315624322505271e-02
1.277171336404994690e+03	2.372690374123213042e-01	1.544853977863671068e-01	2.633573125918384772e-01	1.580263220057070983e-01	7.560086978527523482e-02	3.166903877122211053e-02	7.959202164694732795e-02
1.279590221511822392e+03	2.369603029382776338e-01	1.542860873322792481e-01	2.635680282274656117e-01	1.581535849309154973e-01	7.565494180301965410e-02	3.170636406441761090e-02	7.967069070330337621e-02
1.282009106618650094e+03	2.366524596575696193e-01	1.540873216857313599e-01	2.637781158504900469e-01	1.582804811644206999e-01	7.570885803822259563e-02	3.174359962783720318e-02	7.974916397540708635e-02
1.284427991725477568e+03	2.363455050214168518e-01	1.538890993303475563e-01	2.639875773012256288e-01	1.584070117641168951e-01	7.576261894061282753e-02	3.178074561927257680e-02	7.982744202268628186e-02
1.286846876832305497e+03	2.360394364883395546e-01	1.536914187540207588e-01	2.641964144147507243e-01	1.585331777848670576e-01	7.581622495863074573e-02	3.181780219810870919e-02	7.990552540096104717e-02
1.289265761939132744e+03	2.357342515241360181e-01	1.534942784489006229e-01	2.644046290209191019e-01	1.586589802785116077e-01	7.586967653943200995e-02	3.185476952525946592e-02	7.998341466251977783e-02
1.291684647045960673e+03	2.354299476018602566e-01	1.532976769113815751e-01	2.646122229443702567e-01	1.587844202938770710e-01	7.592297412889123520e-02	3.189164776310519228e-02	8.006111035619301042e-02
1.294103532152788375e+03	2.351265222017997480e-01	1.531016126420908230e-01	2.648191980045404015e-01	1.589094988767847660e-01	7.597611817160562775e-02	3.192843707543221998e-02	8.013861302742497639e-02
1.296522417259616077e+03	2.348239728114532854e-01	1.529060841458763642e-01	2.650255560156732360e-01	1.590342170700594360e-01	7.602910911089864887e-02	3.196513762737430292e-02	8.021592321834326855e-02
1.298941302366443551e+03	2.345222969255089940e-01	1.527110899317951631e-01	2.652312987868309935e-01	1.591585759135377698e-01	7.608194738882359531e-02	3.200174958535581538e-02	8.029304146782627327e-02
1.301360187473271253e+03	2.342214920458222938e-01	1.525166285131010491e-01	2.654364281219054322e-01	1.592825764440769787e-01	7.613463344616726303e-02	3.203827311703675434e-02	8.036996831156882626e-02
1.303779072580098727e+03	2.339215556813942221e-01	1.523226984072331425e-01	2.656409458196291040e-01	1.594062196955634558e-01	7.618716772245352764e-02	3.207470839125942802e-02	8.044670428214578672e-02
1.306197957686926657e+03	2.336224853483496178e-01	1.521292981358038088e-01	2.658448536735864010e-01	1.595295066989211585e-01	7.623955065594693881e-02	3.211105557799680960e-02	8.052324990907387681e-02
1.308616842793753904e+03	2.333242785699157495e-01	1.519364262245869734e-01	2.660481534722252128e-01	1.596524384821201847e-01	7.629178268365635618e-02	3.214731484830250785e-02	8.059960571887163361e-02
1.311035727900581833e+03	2.330269328764005277e-01	1.517440812035063258e-01	2.662508469988681403e-01	1.597750160701851829e-01	7.634386424133843274e-02	3.218348637426229897e-02	8.067577223511773754e-02
1.313454613007409534e+03	2.327304458051713265e-01	1.515522616066235784e-01	2.664529360317239304e-01	1.598972404852038176e-01	7.639579576350125079e-02	3.221957032894715717e-02	8.075174997850759206e-02
1.315873498114237009e+03	2.324348149006335573e-01	1.513609659721268652e-01	2.666544223438991890e-01	1.600191127463352070e-01	7.644757768340788850e-02	3.225556688636773556e-02	8.082753946690818259e-02
1.318292383221064711e+03	2.321400377142097127e-01	1.511701928423189178e-01	2.668553077034099830e-01	1.601406338698182219e-01	7.649921043307990332e-02	3.229147622143031804e-02	8.090314121541151982e-02
1.320711268327892412e+03	2.318461118043180502e-01	1.509799407636055468e-01	2.670555938731935530e-01	1.602618048689799790e-01	7.655069444330092621e-02	3.232729850989410347e-02	8.097855573638640392e-02
1.323130153434719887e+03	2.315530347363516650e-01	1.507902082864839843e-01	2.672552826111200819e-01	1.603826267542440565e-01	7.660203014362014506e-02	3.236303392832984294e-02	8.105378353952881476e-02
1.325549038541547588e+03	2.312608040826576727e-01	1.506009939655313656e-01	2.674543756700043518e-01	1.605031005331388483e-01	7.665321796235585738e-02	3.239868265407978148e-02	8.112882513191067846e-02
1.327967923648375290e+03	2.309694174225163654e-01	1.504122963593930995e-01	2.676528747976179567e-01	1.606232272103059466e-01	7.670425832659893972e-02	3.243424486521882810e-02	8.120368101802741267e-02
1.330386808755202765e+03	2.306788723421205056e-01	1.502241140307714606e-01	2.678507817367009602e-01	1.607430077875081909e-01	7.675515166221638652e-02	3.246972074051696772e-02	8.127835169984405639e-02
1.332805693862030694e+03	2.303891664345546209e-01	1.500364455464140434e-01	2.680480982249740518e-01	1.608624432636381330e-01	7.680589839385473794e-02	3.250511045940285282e-02	8.135283767683999800e-02
1.335224578968857941e+03	2.301002972997747420e-01	1.498492894771023820e-01	2.682448259951505931e-01	1.609815346347260867e-01	7.685649894494359091e-02	3.254041420192852613e-02	8.142713944605255161e-02
1.337643464075685870e+03	2.298122625445876699e-01	1.496626443976404319e-01	2.684409667749484973e-01	1.611002828939483711e-01	7.690695373769906862e-02	3.257563214873526042e-02	8.150125750211914544e-02
1.340062349182513572e+03	2.295250597826307970e-01	1.494765088868432734e-01	2.686365222871025527e-01	1.612186890316355536e-01	7.695726319312728991e-02	3.261076448102047387e-02	8.157519233731846953e-02
1.342481234289341273e+03	2.292386866343518459e-01	1.492908815275257317e-01	2.688314942493766346e-01	1.613367540352804164e-01	7.700742773102774164e-02	3.264581138050568626e-02	8.164894444161034659e-02
1.344900119396168748e+03	2.289531407269886354e-01	1.491057609064910805e-01	2.690258843745756967e-01	1.614544788895462268e-01	7.705744776999681744e-02	3.268077302940548129e-02	8.172251430267446493e-02
1.347319004502996449e+03	2.286684196945489855e-01	1.489211456145196899e-01	2.692196943705582601e-01	1.615718645762747596e-01	7.710732372743114849e-02	3.271564961039748892e-02	8.179590240594809825e-02
1.349737889609823924e+03	2.283845211777908168e-01	1.487370342463577855e-01	2.694129259402484045e-01	1.616889120744943731e-01	7.715705601953111448e-02	3.275044130659323510e-02	8.186910923466267365e-02
1.352156774716651853e+03	2.281014428242021108e-01	1.485534254007062627e-01	2.696055807816484795e-01	1.618056223604280586e-01	7.720664506130416049e-02	3.278514830151000453e-02	8.194213526987936813e-02
1.354575659823479100e+03	2.278191822879810924e-01	1.483703176802095292e-01	2.697976605878508738e-01	1.619219964075014062e-01	7.725609126656826642e-02	3.281977077904354306e-02	8.201498099052366431e-02
1.356994544930307029e+03	2.275377372300166068e-01	1.481877096914442082e-01	2.699891670470510596e-01	1.620380351863507373e-01	7.730539504795527761e-02	3.285430892344162745e-02	8.208764687341894850e-02
1.359413430037134731e+03	2.272571053178681910e-01	1.480056000449080644e-01	2.701801018425593615e-01	1.621537396648309037e-01	7.735455681691430496e-02	3.288876291927849554e-02	8.216013339331915133e-02
1.361832315143962205e+03	2.269772842257466450e-01	1.478239873550089289e-01	2.703704666528138345e-01	1.622691108080233091e-01	7.740357698371509720e-02	3.292313295143009522e-02	8.223244102294050006e-02
1.364251200250789907e+03	2.266982716344945192e-01	1.476428702400535420e-01	2.705602631513925327e-01	1.623841495782438749e-01	7.745245595745144096e-02	3.295741920505009664e-02	8.230457023299239672e-02
1.366670085357617609e+03	2.264200652315664919e-01	1.474622473222367280e-01	2.707494930070257766e-01	1.624988569350509504e-01	7.750119414604440815e-02	3.299162186554667475e-02	8.237652149220740794e-02
1.369088970464445310e+03	2.261426627110102172e-01	1.472821172276300161e-01	2.709381578836088100e-01	1.626132338352530571e-01	7.754979195624579769e-02	3.302574111856006189e-02	8.244829526737039449e-02
1.371507855571272785e+03	2.258660617734468967e-01	1.471024785861710094e-01	2.711262594402144566e-01	1.627272812329168816e-01	7.759824979364139674e-02	3.305977714994078748e-02	8.251989202334691909e-02
1.373926740678100487e+03	2.255902601260520723e-01	1.469233300316522550e-01	2.713137993311052210e-01	1.628410000793750478e-01	7.764656806265433919e-02	3.309373014572862537e-02	8.259131222311076603e-02
1.376345625784927961e+03	2.253152554825364751e-01	1.467446702017103366e-01	2.715007792057462233e-01	1.629543913232339436e-01	7.769474716654840851e-02	3.312760029213222129e-02	8.266255632777078088e-02
1.378764510891755890e+03	2.250410455631269568e-01	1.465664977378149936e-01	2.716872007088173002e-01	1.630674559103814647e-01	7.774278750743134070e-02	3.316138777550939332e-02	8.273362479659694679e-02
1.381183395998583137e+03	2.247676280945475336e-01	1.463888112852582968e-01	2.718730654802258839e-01	1.631801947839948419e-01	7.779068948625809943e-02	3.319509278234801519e-02	8.280451808704572536e-02
1.383602281105411066e+03	2.244950008100003169e-01	1.462116094931438237e-01	2.720583751551193807e-01	1.632926088845483570e-01	7.783845350283417897e-02	3.322871549924757972e-02	8.287523665478474522e-02
1.386021166212238768e+03	2.242231614491467795e-01	1.460348910143757506e-01	2.722431313638978834e-01	1.634046991498210033e-01	7.788607995581887933e-02	3.326225611290131029e-02	8.294578095371676896e-02
1.388440051319066470e+03	2.239521077580889086e-01	1.458586545056481942e-01	2.724273357322265499e-01	1.635164665149042018e-01	7.793356924272853981e-02	3.329571481007886913e-02	8.301615143600304947e-02
1.390858936425893944e+03	2.236818374893504990e-01	1.456828986274344706e-01	2.726109898810482046e-01	1.636279119122096282e-01	7.798092175993985575e-02	3.332909177760964847e-02	8.308634855208600623e-02
1.393277821532721646e+03	2.234123484018584738e-01	1.455076220439762980e-01	2.727940954265959395e-01	1.637390362714766234e-01	7.802813790269307048e-02	3.336238720236656824e-02	8.315637275071137424e-02
1.395696706639549120e+03	2.231436382609241764e-01	1.453328234232731941e-01	2.729766539804056591e-01	1.638498405197799657e-01	7.807521806509522266e-02	3.339560127125043576e-02	8.322622447894967301e-02
1.398115591746377049e+03	2.228757048382251083e-01	1.451585014370717908e-01	2.731586671493287377e-01	1.639603255815374472e-01	7.812216264012337985e-02	3.342873417117475654e-02	8.329590418221707870e-02
1.400534476853204296e+03	2.226085459117862764e-01	1.449846547608552028e-01	2.733401365355444534e-01	1.640704923785174518e-01	7.816897201962785813e-02	3.346178608905114177e-02	8.336541230429588001e-02
1.402953361960032225e+03	2.223421592659618751e-01	1.448112820738325368e-01	2.735210637365725894e-01	1.641803418298464767e-01	7.821564659433542788e-02	3.349475721177511828e-02	8.343474928735418461e-02
1.405372247066859927e+03	2.220765426914168839e-01	1.446383820589281777e-01	2.737014503452861458e-01	1.642898748520167373e-01	7.826218675385254731e-02	3.352764772621240341e-02	8.350391557196532033e-02
1.407791132173687402e+03	2.218116939851088598e-01	1.444659534027713799e-01	2.738812979499235523e-01	1.643990923588936892e-01	7.830859288666848494e-02	3.356045781918567256e-02	8.357291159712651463e-02
1.410210017280515103e+03	2.215476109502698132e-01	1.442939947956856372e-01	2.740606081341017131e-01	1.645079952617234109e-01	7.835486538015855318e-02	3.359318767746176382e-02	8.364173780027725491e-02
1.412628902387342805e+03	2.212842913963879166e-01	1.441225049316783857e-01	2.742393824768280530e-01	1.646165844691402369e-01	7.840100462058725850e-02	3.362583748773926434e-02	8.371039461731702436e-02
1.415047787494170507e+03	2.210217331391894913e-01	1.439514825084304284e-01	2.744176225525133961e-01	1.647248608871740572e-01	7.844701099311150727e-02	3.365840743663654072e-02	8.377888248262269077e-02
1.417466672600997981e+03	2.207599340006210775e-01	1.437809262272855548e-01	2.745953299309843443e-01	1.648328254192578946e-01	7.849288488178371437e-02	3.369089771068015798e-02	8.384720182906532648e-02
1.419885557707825683e+03	2.204988918088313377e-01	1.436108347932401053e-01	2.747725061774960453e-01	1.649404789662351767e-01	7.853862666955493954e-02	3.372330849629370103e-02	8.391535308802673676e-02
1.422304442814653157e+03	2.202386043981533481e-01	1.434412069149327562e-01	2.749491528527442386e-01	1.650478224263672022e-01	7.858423673827809319e-02	3.375563997978693609e-02	8.398333668941540542e-02
1.424723327921481086e+03	2.199790696090866415e-01	1.432720413046340846e-01	2.751252715128782445e-01	1.651548566953405239e-01	7.862971546871098949e-02	3.378789234734538849e-02	8.405115306168210731e-02
1.427142213028308333e+03	2.197202852882794155e-01	1.431033366782362704e-01	2.753008637095132327e-01	1.652615826662742204e-01	7.867506324051949662e-02	3.382006578502022576e-02	8.411880263183516004e-02
1.429561098135136262e+03	2.194622492885109077e-01	1.429350917552428823e-01	2.754759309897426567e-01	1.653680012297272239e-01	7.872028043228067318e-02	3.385216047871848766e-02	8.418628582545517602e-02
1.431979983241963964e+03	2.192049594686737990e-01	1.427673052587586089e-01	2.756504748961507989e-01	1.654741132737057030e-01	7.876536742148582126e-02	3.388417661419369786e-02	8.425360306670952315e-02
1.434398868348791666e+03	2.189484136937564218e-01	1.425999759154790436e-01	2.758244969668253721e-01	1.655799196836703069e-01	7.881032458454360901e-02	3.391611437703671850e-02	8.432075477836643851e-02
1.436817753455619140e+03	2.186926098348254410e-01	1.424331024556804715e-01	2.759979987353698427e-01	1.656854213425433819e-01	7.885515229678315141e-02	3.394797395266695855e-02	8.438774138180867024e-02
1.439236638562446842e+03	2.184375457690082845e-01	1.422666836132098211e-01	2.761709817309156989e-01	1.657906191307162436e-01	7.889985093245707737e-02	3.397975552632390150e-02	8.445456329704689735e-02
1.441655523669274316e+03	2.181832193794757402e-01	1.421007181254743956e-01	2.763434474781350514e-01	1.658955139260564482e-01	7.894442086474462439e-02	3.401145928305889660e-02	8.452122094273276098e-02
1.444074408776102018e+03	2.179296285554245816e-01	1.419352047334319356e-01	2.765153974972530126e-01	1.660001066039148432e-01	7.898886246575465009e-02	3.404308540772724850e-02	8.458771473617160419e-02
1.446493293882929493e+03	2.176767711920602755e-01	1.417701421815804330e-01	2.766868333040601868e-01	1.661043980371329221e-01	7.903317610652869918e-02	3.407463408498054291e-02	8.465404509333478156e-02
1.448912178989757422e+03	2.174246451905798017e-01	1.416055292179481118e-01	2.768577564099248822e-01	1.662083890960498467e-01	7.907736215704409821e-02	3.410610549925930518e-02	8.472021242887187165e-02
1.451331064096585123e+03	2.171732484581543055e-01	1.414413645940834630e-01	2.770281683218053792e-01	1.663120806485096359e-01	7.912142098621691155e-02	3.413749983478586714e-02	8.478621715612236209e-02
1.453749949203412370e+03	2.169225789079121669e-01	1.412776470650452532e-01	2.771980705422624203e-01	1.664154735598682988e-01	7.916535296190498061e-02	3.416881727555750453e-02	8.485205968712729308e-02
1.456168834310240300e+03	2.166726344589217645e-01	1.411143753893925323e-01	2.773674645694716445e-01	1.665185686930008568e-01	7.920915845091099083e-02	3.420005800533980345e-02	8.491774043264034566e-02
1.458587719417068001e+03	2.164234130361745445e-01	1.409515483291746973e-01	2.775363518972356336e-01	1.666213669083085325e-01	7.925283781898539992e-02	3.423122220766026957e-02	8.498325980213890241e-02
1.461006604523895703e+03	2.161749125705679786e-01	1.407891646499216942e-01	2.777047340149962906e-01	1.667238690637256882e-01	7.929639143082949093e-02	3.426231006580218036e-02	8.504861820383473325e-02
1.463425489630723177e+03	2.159271309988886611e-01	1.406272231206339984e-01	2.778726124078469972e-01	1.668260760147269040e-01	7.933981965009835602e-02	3.429332176279862449e-02	8.511381604468440387e-02
1.465844374737550879e+03	2.156800662637956001e-01	1.404657225137729559e-01	2.780399885565452145e-01	1.669279886143340830e-01	7.938312283940386627e-02	3.432425748142677729e-02	8.517885373039950359e-02
1.468263259844378354e+03	2.154337163138031475e-01	1.403046616052508189e-01	2.782068639375241403e-01	1.670296077131232515e-01	7.942630136031762766e-02	3.435511740420239823e-02	8.524373166545659575e-02
1.470682144951206283e+03	2.151880791032644846e-01	1.401440391744210312e-01	2.783732400229053661e-01	1.671309341592316644e-01	7.946935557337397871e-02	3.438590171337448792e-02	8.530845025310695995e-02
1.473101030058033530e+03	2.149431525923547748e-01	1.399838540040684309e-01	2.785391182805108667e-01	1.672319687983647718e-01	7.951228583807291861e-02	3.441661059092016722e-02	8.537300989538607054e-02
1.475519915164861459e+03	2.146989347470545095e-01	1.398241048803995357e-01	2.787045001738750472e-01	1.673327124738030747e-01	7.955509251288309103e-02	3.444724421853976454e-02	8.543741099312289478e-02
1.477938800271689161e+03	2.144554235391329944e-01	1.396647905930328559e-01	2.788693871622572873e-01	1.674331660264090638e-01	7.959777595524469840e-02	3.447780277765202794e-02	8.550165394594895496e-02
1.480357685378516862e+03	2.142126169461318619e-01	1.395059099349892084e-01	2.790337807006534332e-01	1.675333302946341585e-01	7.964033652157238852e-02	3.450828644938958023e-02	8.556573915230719640e-02
1.482776570485344337e+03	2.139705129513483628e-01	1.393474617026820572e-01	2.791976822398083979e-01	1.676332061145255625e-01	7.968277456725825214e-02	3.453869541459449188e-02	8.562966700946063325e-02
