1.001418434226643626e+03	2.790182131381293562e-01	1.811933969552470824e-01	2.347013168894257762e-01	1.408184677925888861e-01	6.829173462640353298e-02	2.682249308040132035e-02	6.915437751748325368e-02
1.002869765290740247e+03	2.787608622158671001e-01	1.810295834152576555e-01	2.348787144222646839e-01	1.409246253326045528e-01	6.833684496560328558e-02	2.685066540723066511e-02	6.921870424085124762e-02
1.004321096354836754e+03	2.785039563713447852e-01	1.808660403467312605e-01	2.350557979890252336e-01	1.410305988567113200e-01	6.838187703567964737e-02	2.687882310873472916e-02	6.928290629145218704e-02
1.005772427418933376e+03	2.782474948278488847e-01	1.807027672964754139e-01	2.352325681047119921e-01	1.411363886779631871e-01	6.842683097453144958e-02	2.690696571405316873e-02	6.934698440409504949e-02
1.007223758483029997e+03	2.779914768102640377e-01	1.805397638120536108e-01	2.354090252841430364e-01	1.412419951091906378e-01	6.847170691961032563e-02	2.693509276205716813e-02	6.941093930236043319e-02
1.008675089547126618e+03	2.777359015450648339e-01	1.803770294417843256e-01	2.355851700419369921e-01	1.413474184629841257e-01	6.851650500793642073e-02	2.696320380116903545e-02	6.947477169880357517e-02
1.010126420611223239e+03	2.774807682603083747e-01	1.802145637347398188e-01	2.357610028925003764e-01	1.414526590516788640e-01	6.856122537611306078e-02	2.699129838918516711e-02	6.953848229515377510e-02
1.011577751675319632e+03	2.772260761856260580e-01	1.800523662407452208e-01	2.359365243500150811e-01	1.415577171873402262e-01	6.860586816034063007e-02	2.701937609310222851e-02	6.960207178251001658e-02
1.013029082739416367e+03	2.769718245522164168e-01	1.798904365103774217e-01	2.361117349284261591e-01	1.416625931817503681e-01	6.865043349642942216e-02	2.704743648894655100e-02	6.966554084153310511e-02
1.014480413803512761e+03	2.767180125928374590e-01	1.797287740949640167e-01	2.362866351414300292e-01	1.417672873463952377e-01	6.869492151981192174e-02	2.707547916160664772e-02	6.972889014263422558e-02
1.015931744867609382e+03	2.764646395417989511e-01	1.795673785465821681e-01	2.364612255024626242e-01	1.418717999924528350e-01	6.873933236555408721e-02	2.710350370466884165e-02	6.979212034616000260e-02
1.017383075931706003e+03	2.762117046349555904e-01	1.794062494180577449e-01	2.366355065246880940e-01	1.419761314307818878e-01	6.878366616836613379e-02	2.713150972025588775e-02	6.985523210257424398e-02
1.018834406995802851e+03	2.759592071096995114e-01	1.792453862629640182e-01	2.368094787209874263e-01	1.420802819719112764e-01	6.882792306261246995e-02	2.715949681886856495e-02	6.991822605263633972e-02
1.020285738059899245e+03	2.757071462049533461e-01	1.790847886356206620e-01	2.369831426039477051e-01	1.421842519260302640e-01	6.887210318232116213e-02	2.718746461923019636e-02	6.998110282757633027e-02
1.021737069123995752e+03	2.754555211611631749e-01	1.789244560910928095e-01	2.371564986858511470e-01	1.422880416029791151e-01	6.891620666119269156e-02	2.721541274813401787e-02	7.004386304926676909e-02
1.023188400188092373e+03	2.752043312202917535e-01	1.787643881851897210e-01	2.373295474786647485e-01	1.423916513122404082e-01	6.896023363260828098e-02	2.724334084029335357e-02	7.010650733039150428e-02
1.024639731252188767e+03	2.749535756258115748e-01	1.786045844744639788e-01	2.375022894940298779e-01	1.424950813629309587e-01	6.900418422963762455e-02	2.727124853819455283e-02	7.016903627461125448e-02
1.026091062316285615e+03	2.747032536226983179e-01	1.784450445162102938e-01	2.376747252432522828e-01	1.425983320637939922e-01	6.904805858504613203e-02	2.729913549195263009e-02	7.023145047672622876e-02
1.027542393380382237e+03	2.744533644574241871e-01	1.782857678684643954e-01	2.378468552372922096e-01	1.427014037231920940e-01	6.909185683130174283e-02	2.732700135916955181e-02	7.029375052283572123e-02
1.028993724444478858e+03	2.742039073779515279e-01	1.781267540900019486e-01	2.380186799867547165e-01	1.428042966491004651e-01	6.913557910058136524e-02	2.735484580479513247e-02	7.035593699049481897e-02
1.030445055508575479e+03	2.739548816337262216e-01	1.779680027403375275e-01	2.381902000018802645e-01	1.429070111491005379e-01	6.917922552477681619e-02	2.738266850099050492e-02	7.041801044886816796e-02
1.031896386572671872e+03	2.737062864756714675e-01	1.778095133797235328e-01	2.383614157925355026e-01	1.430095475303741204e-01	6.922279623550042782e-02	2.741046912699408519e-02	7.047997145888099113e-02
1.033347717636768493e+03	2.734581211561815661e-01	1.776512855691489701e-01	2.385323278682041359e-01	1.431119060996978443e-01	6.926629136409036269e-02	2.743824736898999722e-02	7.054182057336726153e-02
1.034799048700865114e+03	2.732103849291156461e-01	1.774933188703386455e-01	2.387029367379781553e-01	1.432140871634380586e-01	6.930971104161551266e-02	2.746600291997893656e-02	7.060355833721522478e-02
1.036250379764961508e+03	2.729630770497918357e-01	1.773356128457516945e-01	2.388732429105491495e-01	1.433160910275458610e-01	6.935305539888010629e-02	2.749373547965138984e-02	7.066518528751018768e-02
1.037701710829058356e+03	2.727161967749809346e-01	1.771781670585808321e-01	2.390432468941998123e-01	1.434179179975525187e-01	6.939632456642812197e-02	2.752144475426320305e-02	7.072670195367478096e-02
1.039153041893154750e+03	2.724697433629008625e-01	1.770209810727511046e-01	2.392129491967956711e-01	1.435195683785654430e-01	6.943951867454721538e-02	2.754913045651343970e-02	7.078810885760650207e-02
1.040604372957251599e+03	2.722237160732104977e-01	1.768640544529187508e-01	2.393823503257769547e-01	1.436210424752639991e-01	6.948263785327270237e-02	2.757679230542444890e-02	7.084940651381287091e-02
1.042055704021347992e+03	2.719781141670041258e-01	1.767073867644702589e-01	2.395514507881507660e-01	1.437223405918958974e-01	6.952568223239095901e-02	2.760443002622420261e-02	7.091059542954404604e-02
1.043507035085444613e+03	2.717329369068055556e-01	1.765509775735211451e-01	2.397202510904831996e-01	1.438234630322737517e-01	6.956865194144290498e-02	2.763204335023073180e-02	7.097167610492305379e-02
1.044958366149541234e+03	2.714881835565627344e-01	1.763948264469148985e-01	2.398887517388917645e-01	1.439244100997717213e-01	6.961154710972704274e-02	2.765963201473873104e-02	7.103264903307350553e-02
1.046409697213637855e+03	2.712438533816420305e-01	1.762389329522218995e-01	2.400569532390380290e-01	1.440251820973226515e-01	6.965436786630245514e-02	2.768719576290824130e-02	7.109351470024513620e-02
1.047861028277734476e+03	2.709999456488228486e-01	1.760832966577383085e-01	2.402248560961203483e-01	1.441257793274151322e-01	6.969711433999155326e-02	2.771473434365536934e-02	7.115427358593691409e-02
1.049312359341831097e+03	2.707564596262920786e-01	1.759279171324849567e-01	2.403924608148667319e-01	1.442262020920909993e-01	6.973978665938267152e-02	2.774224751154502275e-02	7.121492616301798584e-02
1.050763690405927491e+03	2.705133945836390441e-01	1.757727939462062627e-01	2.405597678995279876e-01	1.443264506929428093e-01	6.978238495283242693e-02	2.776973502668562271e-02	7.127547289784631757e-02
1.052215021470024112e+03	2.702707497918498958e-01	1.756179266693691510e-01	2.407267778538707825e-01	1.444265254311116464e-01	6.982490934846807829e-02	2.779719665462574221e-02	7.133591425038521283e-02
1.053666352534120733e+03	2.700285245233026155e-01	1.754633148731618852e-01	2.408934911811712043e-01	1.445264266072849302e-01	6.986735997418958011e-02	2.782463216625266633e-02	7.139625067431767946e-02
1.055117683598217127e+03	2.697867180517616870e-01	1.753089581294930421e-01	2.410599083842081269e-01	1.446261545216945554e-01	6.990973695767166429e-02	2.785204133769279486e-02	7.145648261715871474e-02
1.056569014662313975e+03	2.695453296523732112e-01	1.751548560109904007e-01	2.412260299652569939e-01	1.447257094741150052e-01	6.995204042636560260e-02	2.787942395021389408e-02	7.151661052036550892e-02
1.058020345726410369e+03	2.693043586016597990e-01	1.750010080909997767e-01	2.413918564260835453e-01	1.448250917638617408e-01	6.999427050750106627e-02	2.790677979012913534e-02	7.157663481944559480e-02
1.059471676790506763e+03	2.690638041775155198e-01	1.748474139435839680e-01	2.415573882679378503e-01	1.449243016897895919e-01	7.003642732808772198e-02	2.793410864870290652e-02	7.163655594406315164e-02
1.060923007854603611e+03	2.688236656592010720e-01	1.746940731435216720e-01	2.417226259915482289e-01	1.450233395502914524e-01	7.007851101491677226e-02	2.796141032205835472e-02	7.169637431814317174e-02
1.062374338918700232e+03	2.685839423273389537e-01	1.745409852663062922e-01	2.418875700971157283e-01	1.451222056432968366e-01	7.012052169456242656e-02	2.798868461108663247e-02	7.175609035997385088e-02
1.063825669982796853e+03	2.683446334639086328e-01	1.743881498881450220e-01	2.420522210843082944e-01	1.452209002662707416e-01	7.016245949338324739e-02	2.801593132135780234e-02	7.181570448230703563e-02
1.065277001046893474e+03	2.681057383522417181e-01	1.742355665859574576e-01	2.422165794522553317e-01	1.453194237162125091e-01	7.020432453752346869e-02	2.804315026303339994e-02	7.187521709245692225e-02
1.066728332110990095e+03	2.678672562770174070e-01	1.740832349373747923e-01	2.423806456995422631e-01	1.454177762896548820e-01	7.024611695291411995e-02	2.807034125078059633e-02	7.193462859239677099e-02
1.068179663175086489e+03	2.676291865242578227e-01	1.739311545207384846e-01	2.425444203242053676e-01	1.455159582826630049e-01	7.028783686527424746e-02	2.809750410368792514e-02	7.199393937885403827e-02
1.069630994239183110e+03	2.673915283813233512e-01	1.737793249150992314e-01	2.427079038237265618e-01	1.456139699908336194e-01	7.032948440011189961e-02	2.812463864518257792e-02	7.205314984340363549e-02
1.071082325303279504e+03	2.671542811369082560e-01	1.736277457002159963e-01	2.428710966950284600e-01	1.457118117092943144e-01	7.037105968272512613e-02	2.815174470294922598e-02	7.211226037255955013e-02
1.072533656367376352e+03	2.669174440810360149e-01	1.734764164565546496e-01	2.430339994344694887e-01	1.458094837327028603e-01	7.041256283820296336e-02	2.817882210885032032e-02	7.217127134786471832e-02
1.073984987431472746e+03	2.666810165050549908e-01	1.733253367652870247e-01	2.431966125378389187e-01	1.459069863552465429e-01	7.045399399142630859e-02	2.820587069884786940e-02	7.223018314597934308e-02
1.075436318495569594e+03	2.664449977016340454e-01	1.731745062082898079e-01	2.433589365003525629e-01	1.460043198706417189e-01	7.049535326706868332e-02	2.823289031292664300e-02	7.228899613876756114e-02
1.076887649559666215e+03	2.662093869647582101e-01	1.730239243681434003e-01	2.435209718166479187e-01	1.461014845721332056e-01	7.053664078959707984e-02	2.825988079501880884e-02	7.234771069338238880e-02
1.078338980623762609e+03	2.659741835897244666e-01	1.728735908281308353e-01	2.436827189807798111e-01	1.461984807524940033e-01	7.057785668327269668e-02	2.828684199292994320e-02	7.240632717234933569e-02
1.079790311687859230e+03	2.657393868731371400e-01	1.727235051722366688e-01	2.438441784862161454e-01	1.462953087040248235e-01	7.061900107215159095e-02	2.831377375826639800e-02	7.246484593364838078e-02
1.081241642751955851e+03	2.655049961129042346e-01	1.725736669851457572e-01	2.440053508258336612e-01	1.463919687185538110e-01	7.066007408008537216e-02	2.834067594636401413e-02	7.252326733079433874e-02
1.082692973816052472e+03	2.652710106082328823e-01	1.724240758522424255e-01	2.441662364919136574e-01	1.464884610874363224e-01	7.070107583072178514e-02	2.836754841621816001e-02	7.258159171291597711e-02
1.084144304880149093e+03	2.650374296596255119e-01	1.722747313596090790e-01	2.443268359761382180e-01	1.465847861015546760e-01	7.074200644750533451e-02	2.839439103041501919e-02	7.263981942483346832e-02
1.085595635944245487e+03	2.648042525688754645e-01	1.721256330940252599e-01	2.444871497695861318e-01	1.466809440513179852e-01	7.078286605367781203e-02	2.842120365506418597e-02	7.269795080713455093e-02
1.087046967008342108e+03	2.645714786390631623e-01	1.719767806429664536e-01	2.446471783627290897e-01	1.467769352266620753e-01	7.082365477227882400e-02	2.844798615973246486e-02	7.275598619624931707e-02
1.088498298072438729e+03	2.643391071745522236e-01	1.718281735946031175e-01	2.448069222454280769e-01	1.468727599170493170e-01	7.086437272614629079e-02	2.847473841737891559e-02	7.281392592452348711e-02
1.089949629136535123e+03	2.641071374809851879e-01	1.716798115377994316e-01	2.449663819069296256e-01	1.469684184114686820e-01	7.090502003791693264e-02	2.850146030429109509e-02	7.287177032029046320e-02
1.091400960200631971e+03	2.638755688652800746e-01	1.715316940621122721e-01	2.451255578358622900e-01	1.470639109984356319e-01	7.094559683002668593e-02	2.852815170002242703e-02	7.292951970794207817e-02
1.092852291264728365e+03	2.636444006356259417e-01	1.713838207577900730e-01	2.452844505202332603e-01	1.471592379659922845e-01	7.098610322471117506e-02	2.855481248733078917e-02	7.298717440799797063e-02
1.094303622328825213e+03	2.634136321014795556e-01	1.712361912157717714e-01	2.454430604474250044e-01	1.472543996017072754e-01	7.102653934400605940e-02	2.858144255211819348e-02	7.304473473717364163e-02
1.095754953392921607e+03	2.631832625735613385e-01	1.710888050276856420e-01	2.456013881041919644e-01	1.473493961926760354e-01	7.106690530974744957e-02	2.860804178337158013e-02	7.310220100844745661e-02
1.097206284457018228e+03	2.629532913638517599e-01	1.709416617858483256e-01	2.457594339766574210e-01	1.474442280255207904e-01	7.110720124357230998e-02	2.863461007310470416e-02	7.315957353112624573e-02
1.098657615521114849e+03	2.627237177855873962e-01	1.707947610832634688e-01	2.459171985503103564e-01	1.475388953863907282e-01	7.114742726691875019e-02	2.866114731630109783e-02	7.321685261090979391e-02
1.100108946585211470e+03	2.624945411532574879e-01	1.706481025136209195e-01	2.460746823100024572e-01	1.476333985609621924e-01	7.118758350102639965e-02	2.868765341085807372e-02	7.327403854995409582e-02
1.101560277649308091e+03	2.622657607826002213e-01	1.705016856712954498e-01	2.462318857399451999e-01	1.477277378344388492e-01	7.122767006693674074e-02	2.871412825753176870e-02	7.333113164693347286e-02
1.103011608713404712e+03	2.620373759905990085e-01	1.703555101513456738e-01	2.463888093237070198e-01	1.478219134915519650e-01	7.126768708549335862e-02	2.874057175988319057e-02	7.338813219710157987e-02
1.104462939777501106e+03	2.618093860954789354e-01	1.702095755495130203e-01	2.465454535442104800e-01	1.479159258165605173e-01	7.130763467734235750e-02	2.876698382422526040e-02	7.344504049235126009e-02
1.105914270841597499e+03	2.615817904167033747e-01	1.700638814622205397e-01	2.467018188837296067e-01	1.480097750932515832e-01	7.134751296293251333e-02	2.879336435957084023e-02	7.350185682127333142e-02
1.107365601905694348e+03	2.613545882749703786e-01	1.699184274865719046e-01	2.468579058238873358e-01	1.481034616049405894e-01	7.138732206251567625e-02	2.881971327758170442e-02	7.355858146921423479e-02
1.108816932969790741e+03	2.611277789922090142e-01	1.697732132203502442e-01	2.470137148456527654e-01	1.481969856344715619e-01	7.142706209614696489e-02	2.884603049251844784e-02	7.361521471833273877e-02
1.110268264033887590e+03	2.609013618915762556e-01	1.696282382620170615e-01	2.471692464293389901e-01	1.482903474642175146e-01	7.146673318368504391e-02	2.887231592119133758e-02	7.367175684765549237e-02
1.111719595097984211e+03	2.606753362974533750e-01	1.694835022107111233e-01	2.473245010546004097e-01	1.483835473760807266e-01	7.150633544479238768e-02	2.889856948291204264e-02	7.372820813313164801e-02
1.113170926162080832e+03	2.604497015354423906e-01	1.693390046662474335e-01	2.474794792004305355e-01	1.484765856514931037e-01	7.154586899893553009e-02	2.892479109944627938e-02	7.378456884768638813e-02
1.114622257226177226e+03	2.602244569323630685e-01	1.691947452291160670e-01	2.476341813451597706e-01	1.485694625714165662e-01	7.158533396538530047e-02	2.895098069496730361e-02	7.384083926127359143e-02
1.116073588290273847e+03	2.599996018162493150e-01	1.690507235004810871e-01	2.477886079664531060e-01	1.486621784163433824e-01	7.162473046321705950e-02	2.897713819601028737e-02	7.389701964092745823e-02
1.117524919354370468e+03	2.597751355163460119e-01	1.689069390821794081e-01	2.479427595413080110e-01	1.487547334662965848e-01	7.166405861131093513e-02	2.900326353142750405e-02	7.395311025081320599e-02
1.118976250418467089e+03	2.595510573631056306e-01	1.687633915767198789e-01	2.480966365460524348e-01	1.488471280008304698e-01	7.170331852835203079e-02	2.902935663234436012e-02	7.400911135227684901e-02
1.120427581482563710e+03	2.593273666881851791e-01	1.686200805872820063e-01	2.482502394563427806e-01	1.489393622990308752e-01	7.174251033283068901e-02	2.905541743211624561e-02	7.406502320389400651e-02
1.121878912546660331e+03	2.591040628244426491e-01	1.684770057177149005e-01	2.484035687471618792e-01	1.490314366395156243e-01	7.178163414304263024e-02	2.908144586628614095e-02	7.412084606151797539e-02
1.123330243610756725e+03	2.588811451059341850e-01	1.683341665725362479e-01	2.485566248928172128e-01	1.491233513004351086e-01	7.182069007708928587e-02	2.910744187254304602e-02	7.417658017832669259e-02
1.124781574674853118e+03	2.586586128679108643e-01	1.681915627569312011e-01	2.487094083669390554e-01	1.492151065594725656e-01	7.185967825287786770e-02	2.913340539068116214e-02	7.423222580486907307e-02
1.126232905738949967e+03	2.584364654468153111e-01	1.680491938767512405e-01	2.488619196424787239e-01	1.493067026938446618e-01	7.189859878812170091e-02	2.915933636255980954e-02	7.428778318911032075e-02
1.127684236803046360e+03	2.582147021802789211e-01	1.679070595385131204e-01	2.490141591917068298e-01	1.493981399803019361e-01	7.193745180034034903e-02	2.918523473206410465e-02	7.434325257647654561e-02
1.129135567867143209e+03	2.579933224071184195e-01	1.677651593493978410e-01	2.491661274862117248e-01	1.494894186951292447e-01	7.197623740685987759e-02	2.921110044506634862e-02	7.439863420989839549e-02
1.130586898931239830e+03	2.577723254673330855e-01	1.676234929172494836e-01	2.493178249968977800e-01	1.495805391141462604e-01	7.201495572481299290e-02	2.923693344938813748e-02	7.445392832985414655e-02
1.132038229995336451e+03	2.575517107021015328e-01	1.674820598505740721e-01	2.494692521939840535e-01	1.496715015127080273e-01	7.205360687113930573e-02	2.926273369476316624e-02	7.450913517441169753e-02
1.133489561059432845e+03	2.573314774537789895e-01	1.673408597585386848e-01	2.496204095470025142e-01	1.497623061657054333e-01	7.209219096258549786e-02	2.928850113280070597e-02	7.456425497927010593e-02
1.134940892123529466e+03	2.571116250658938007e-01	1.671998922509701779e-01	2.497712975247968759e-01	1.498529533475657094e-01	7.213070811570551633e-02	2.931423571694978178e-02	7.461928797780009726e-02
1.136392223187626087e+03	2.568921528831449863e-01	1.670591569383542141e-01	2.499219165955210709e-01	1.499434433322529570e-01	7.216915844686079551e-02	2.933993740246398571e-02	7.467423440108397759e-02
1.137843554251722708e+03	2.566730602513990211e-01	1.669186534318341242e-01	2.500722672266379454e-01	1.500337763932687030e-01	7.220754207222040977e-02	2.936560614636694183e-02	7.472909447795481053e-02
1.139294885315819101e+03	2.564543465176870041e-01	1.667783813432098805e-01	2.502223498849180383e-01	1.501239528036523996e-01	7.224585910776132325e-02	2.939124190741841669e-02	7.478386843503490033e-02
1.140746216379915950e+03	2.562360110302017158e-01	1.666383402849369588e-01	2.503721650364382212e-01	1.502139728359820070e-01	7.228410966926857029e-02	2.941684464608106814e-02	7.483855649677344235e-02
1.142197547444012343e+03	2.560180531382946212e-01	1.664985298701253391e-01	2.505217131465807823e-01	1.503038367623745208e-01	7.232229387233542195e-02	2.944241432448775966e-02	7.489315888548360445e-02
1.143648878508108737e+03	2.558004721924734270e-01	1.663589497125383121e-01	2.506709946800319000e-01	1.503935448544864717e-01	7.236041183236362195e-02	2.946795090640953046e-02	7.494767582137890072e-02
1.145100209572205586e+03	2.555832675443986957e-01	1.662195994265914800e-01	2.508200101007808103e-01	1.504830973835146191e-01	7.239846366456353932e-02	2.949345435722412409e-02	7.500210752260892677e-02
1.146551540636302207e+03	2.553664385468815134e-01	1.660804786273517297e-01	2.509687598721187518e-01	1.505724946201963954e-01	7.243644948395441818e-02	2.951892464388510343e-02	7.505645420529438727e-02
1.148002871700398828e+03	2.551499845538803823e-01	1.659415869305360391e-01	2.511172444566378559e-01	1.506617368348104613e-01	7.247436940536453043e-02	2.954436173489154854e-02	7.511071608356152673e-02
1.149454202764495449e+03	2.549339049204985552e-01	1.658029239525105614e-01	2.512654643162302581e-01	1.507508242971774270e-01	7.251222354343138388e-02	2.956976560025828538e-02	7.516489336957586642e-02
1.150905533828591842e+03	2.547181990029814269e-01	1.656644893102894034e-01	2.514134199120870994e-01	1.508397572766602690e-01	7.255001201260194432e-02	2.959513621148670073e-02	7.521898627357545553e-02
1.152356864892688463e+03	2.545028661587135921e-01	1.655262826215335992e-01	2.515611117046978595e-01	1.509285360421649957e-01	7.258773492713278819e-02	2.962047354153606038e-02	7.527299500390337295e-02
1.153808195956785084e+03	2.542879057462162917e-01	1.653883035045500827e-01	2.517085401538492473e-01	1.510171608621412864e-01	7.262539240109036620e-02	2.964577756479537529e-02	7.532691976703974335e-02
1.155259527020881706e+03	2.540733171251444711e-01	1.652505515782905776e-01	2.518557057186244785e-01	1.511056320045829071e-01	7.266298454835114218e-02	2.967104825705578833e-02	7.538076076763307320e-02
1.156710858084978327e+03	2.538590996562844482e-01	1.651130264623505428e-01	2.520026088574026657e-01	1.511939497370284879e-01	7.270051148260180118e-02	2.969628559548345356e-02	7.543451820853110112e-02
1.158162189149074720e+03	2.536452527015509717e-01	1.649757277769681452e-01	2.521492500278579296e-01	1.512821143265620227e-01	7.273797331733949934e-02	2.972148955859293604e-02	7.548819229081105142e-02
1.159613520213171569e+03	2.534317756239847785e-01	1.648386551430231495e-01	2.522956296869588444e-01	1.513701260398134796e-01	7.277537016587200258e-02	2.974666012622109029e-02	7.554178321380931871e-02
1.161064851277267962e+03	2.532186677877498737e-01	1.647018081820358637e-01	2.524417482909677157e-01	1.514579851429594670e-01	7.281270214131792262e-02	2.977179727950141422e-02	7.559529117515062513e-02
1.162516182341364356e+03	2.530059285581308659e-01	1.645651865161660288e-01	2.525876062954397483e-01	1.515456919017237336e-01	7.284996935660692507e-02	2.979690100083890597e-02	7.564871637077666411e-02
1.163967513405461204e+03	2.527935573015305248e-01	1.644287897682118749e-01	2.527332041552231012e-01	1.516332465813779173e-01	7.288717192447993765e-02	2.982197127388534416e-02	7.570205899497418900e-02
1.165418844469557826e+03	2.525815533854672279e-01	1.642926175616090112e-01	2.528785423244577224e-01	1.517206494467420452e-01	7.292430995748930278e-02	2.984700808351505377e-02	7.575531924040260212e-02
1.166870175533654447e+03	2.523699161785722955e-01	1.641566695204292325e-01	2.530236212565750709e-01	1.518079007621852272e-01	7.296138356799906910e-02	2.987201141580110228e-02	7.580849729812107196e-02
1.168321506597751068e+03	2.521586450505873267e-01	1.640209452693797421e-01	2.531684414042975617e-01	1.518950007916261558e-01	7.299839286818514406e-02	2.989698125799195028e-02	7.586159335761510913e-02
1.169772837661847461e+03	2.519477393723620895e-01	1.638854444338019023e-01	2.533130032196385106e-01	1.519819497985338830e-01	7.303533797003550210e-02	2.992191759848852883e-02	7.591460760682265663e-02
1.171224168725944082e+03	2.517371985158516345e-01	1.637501666396700972e-01	2.534573071539010791e-01	1.520687480459284036e-01	7.307221898535042059e-02	2.994682042682171932e-02	7.596754023215976370e-02
1.172675499790040703e+03	2.515270218541139080e-01	1.636151115135909273e-01	2.536013536576784411e-01	1.521553957963812098e-01	7.310903602574268800e-02	2.997168973363028080e-02	7.602039141854571858e-02
1.174126830854137097e+03	2.513172087613074202e-01	1.634802786828019605e-01	2.537451431808531166e-01	1.522418933120159301e-01	7.314578920263779815e-02	2.999652551063916595e-02	7.607316134942777863e-02
1.175578161918233945e+03	2.511077586126886363e-01	1.633456677751707886e-01	2.538886761725968610e-01	1.523282408545090505e-01	7.318247862727418618e-02	3.002132775063823950e-02	7.612585020680542880e-02
1.177029492982330339e+03	2.508986707846095898e-01	1.632112784191938615e-01	2.540319530813702209e-01	1.524144386850904698e-01	7.321910441070336728e-02	3.004609644746138522e-02	7.617845817125419583e-02
1.178480824046426733e+03	2.506899446545155508e-01	1.630771102439956266e-01	2.541749743549224783e-01	1.525004870645441379e-01	7.325566666379031144e-02	3.007083159596602231e-02	7.623098542194900462e-02
1.179932155110523581e+03	2.504815796009423612e-01	1.629431628793272802e-01	2.543177404402910957e-01	1.525863862532087500e-01	7.329216549721349894e-02	3.009553319201296526e-02	7.628343213668721534e-02
1.181383486174620202e+03	2.502735750035141593e-01	1.628094359555658788e-01	2.544602517838018274e-01	1.526721365109783290e-01	7.332860102146521175e-02	3.012020123244668265e-02	7.633579849191106381e-02
1.182834817238716823e+03	2.500659302429412145e-01	1.626759291037131461e-01	2.546025088310684414e-01	1.527577380973028920e-01	7.336497334685176952e-02	3.014483571507590304e-02	7.638808466272983821e-02
1.184286148302813444e+03	2.498586447010172074e-01	1.625426419553946122e-01	2.547445120269924423e-01	1.528431912711890883e-01	7.340128258349370993e-02	3.016943663865459882e-02	7.644029082294162558e-02
1.185737479366910065e+03	2.496517177606170923e-01	1.624095741428583928e-01	2.548862618157631266e-01	1.529284962912007828e-01	7.343752884132601078e-02	3.019400400286328945e-02	7.649241714505461420e-02
1.187188810431006686e+03	2.494451488056946831e-01	1.622767252989742726e-01	2.550277586408574715e-01	1.530136534154598049e-01	7.347371223009832586e-02	3.021853780829074007e-02	7.654446380030802133e-02
1.188640141495103080e+03	2.492389372212803489e-01	1.621440950572325956e-01	2.551690029450398578e-01	1.530986629016465872e-01	7.350983285937526257e-02	3.024303805641593776e-02	7.659643095869271556e-02
1.190091472559199701e+03	2.490330823934786830e-01	1.620116830517432938e-01	2.553099951703624026e-01	1.531835250070006649e-01	7.354589083853647902e-02	3.026750474959044590e-02	7.664831878897138129e-02
1.191542803623296322e+03	2.488275837094661713e-01	1.618794889172347484e-01	2.554507357581645155e-01	1.532682399883215363e-01	7.358188627677701710e-02	3.029193789102106737e-02	7.670012745869825288e-02
1.192994134687392716e+03	2.486224405574890273e-01	1.617475122890528472e-01	2.555912251490732867e-01	1.533528081019691625e-01	7.361781928310751066e-02	3.031633748475284079e-02	7.675185713423873790e-02
1.194445465751489564e+03	2.484176523268607217e-01	1.616157528031599566e-01	2.557314637830030990e-01	1.534372296038646333e-01	7.365368996635437981e-02	3.034070353565232470e-02	7.680350798078834640e-02
1.195896796815585958e+03	2.482132184079597903e-01	1.614842100961338123e-01	2.558714520991560715e-01	1.535215047494908613e-01	7.368949843516008069e-02	3.036503604939121831e-02	7.685508016239163409e-02
1.197348127879682352e+03	2.480091381922276961e-01	1.613528838051665748e-01	2.560111905360218376e-01	1.536056337938933036e-01	7.372524479798334140e-02	3.038933503243026329e-02	7.690657384196046553e-02
1.198799458943779200e+03	2.478054110721664427e-01	1.612217735680636921e-01	2.561506795313779339e-01	1.536896169916804333e-01	7.376092916309938408e-02	3.041360049200346125e-02	7.695798918129218014e-02
1.200250790007875821e+03	2.476020364413363817e-01	1.610908790232430110e-01	2.562899195222895221e-01	1.537734545970245725e-01	7.379655163860013301e-02	3.043783243610258954e-02	7.700932634108734187e-02
1.201702121071972442e+03	2.473990136943540752e-01	1.609601998097335840e-01	2.564289109451098891e-01	1.538571468636624195e-01	7.383211233239451998e-02	3.046203087346195312e-02	7.706058548096714200e-02
1.203153452136069063e+03	2.471963422268899091e-01	1.608297355671748086e-01	2.565676542354804468e-01	1.539406940448957428e-01	7.386761135220862307e-02	3.048619581354348324e-02	7.711176675949056591e-02
1.204604783200165684e+03	2.469940214356661223e-01	1.606994859358153172e-01	2.567061498283307874e-01	1.540240963935921303e-01	7.390304880558597189e-02	3.051032726652208593e-02	7.716287033417115748e-02
1.206056114264262078e+03	2.467920507184545309e-01	1.605694505565119778e-01	2.568443981578790725e-01	1.541073541621855170e-01	7.393842479988775584e-02	3.053442524327123694e-02	7.721389636149350588e-02
1.207507445328358699e+03	2.465904294740741964e-01	1.604396290707288397e-01	2.569823996576321989e-01	1.541904676026769061e-01	7.397373944229307385e-02	3.055848975534888878e-02	7.726484499692949648e-02
1.208958776392455093e+03	2.463891571023895111e-01	1.603100211205361059e-01	2.571201547603860216e-01	1.542734369666349803e-01	7.400899283979914256e-02	3.058252081498358949e-02	7.731571639495420090e-02
1.210410107456551941e+03	2.461882330043079214e-01	1.601806263486092452e-01	2.572576638982255193e-01	1.543562625051968784e-01	7.404418509922158775e-02	3.060651843506091013e-02	7.736651070906150340e-02
1.211861438520648335e+03	2.459876565817777916e-01	1.600514443982277712e-01	2.573949275025251837e-01	1.544389444690687785e-01	7.407931632719461090e-02	3.063048262911007014e-02	7.741722809177939424e-02
1.213312769584745183e+03	2.457874272377862934e-01	1.599224749132744372e-01	2.575319460039492414e-01	1.545214831085264806e-01	7.411438663017129447e-02	3.065441341129086089e-02	7.746786869468511028e-02
1.214764100648841804e+03	2.455875443763572974e-01	1.597937175382339592e-01	2.576687198324519312e-01	1.546038786734161841e-01	7.414939611442381007e-02	3.067831079638078107e-02	7.751843266841980384e-02
1.216215431712937971e+03	2.453880074025492353e-01	1.596651719181923224e-01	2.578052494172778375e-01	1.546861314131551257e-01	7.418434488604366828e-02	3.070217479976240435e-02	7.756892016270321155e-02
1.217666762777034819e+03	2.451888157224529907e-01	1.595368376988355874e-01	2.579415351869623896e-01	1.547682415767321629e-01	7.421923305094196843e-02	3.072600543741100740e-02	7.761933132634775412e-02
1.219118093841131440e+03	2.449899687431897899e-01	1.594087145264488359e-01	2.580775775693319174e-01	1.548502094127086059e-01	7.425406071484962067e-02	3.074980272588240943e-02	7.766966630727266396e-02
1.220569424905228061e+03	2.447914658729092863e-01	1.592808020479152264e-01	2.582133769915044286e-01	1.549320351692187181e-01	7.428882798331760962e-02	3.077356668230103037e-02	7.771992525251761319e-02
1.222020755969324682e+03	2.445933065207872570e-01	1.591530999107150790e-01	2.583489338798894419e-01	1.550137190939704090e-01	7.432353496171723028e-02	3.079729732434819886e-02	7.777010830825629994e-02
1.223472087033421303e+03	2.443954900970237154e-01	1.590256077629246534e-01	2.584842486601889866e-01	1.550952614342459845e-01	7.435818175524033791e-02	3.082099467025064057e-02	7.782021561980964619e-02
1.224923418097517697e+03	2.441980160128407185e-01	1.588983252532154278e-01	2.586193217573974357e-01	1.551766624369026737e-01	7.439276846889958383e-02	3.084465873876921296e-02	7.787024733165887058e-02
1.226374749161614318e+03	2.440008836804804793e-01	1.587712520308528219e-01	2.587541535958025607e-01	1.552579223483734616e-01	7.442729520752867922e-02	3.086828954918782383e-02	7.792020358745817277e-02
1.227826080225710712e+03	2.438040925132032022e-01	1.586443877456953644e-01	2.588887445989853098e-01	1.553390414146675891e-01	7.446176207578264483e-02	3.089188712130256503e-02	7.797008453004732054e-02
1.229277411289807560e+03	2.436076419252851122e-01	1.585177320481935825e-01	2.590230951898209177e-01	1.554200198813713019e-01	7.449616917813803307e-02	3.091545147541105085e-02	7.801989030146401494e-02
1.230728742353903954e+03	2.434115313320164564e-01	1.583912845893891974e-01	2.591572057904787396e-01	1.555008579936486002e-01	7.453051661889317780e-02	3.093898263230195761e-02	7.806962104295588067e-02
1.232180073418000802e+03	2.432157601496993948e-01	1.582650450209139026e-01	2.592910768224234719e-01	1.555815559962416272e-01	7.456480450216849964e-02	3.096248061324472639e-02	7.811927689499247041e-02
1.233631404482097196e+03	2.430203277956462515e-01	1.581390129949884482e-01	2.594247087064148194e-01	1.556621141334716685e-01	7.459903293190667251e-02	3.098594543997950854e-02	7.816885799727681106e-02
1.235082735546193817e+03	2.428252336881772111e-01	1.580131881644217251e-01	2.595581018625086611e-01	1.557425326492395401e-01	7.463320201187292890e-02	3.100937713470726040e-02	7.821836448875690850e-02
1.236534066610290438e+03	2.426304772466185422e-01	1.578875701826096545e-01	2.596912567100572722e-01	1.558228117870264495e-01	7.466731184565529589e-02	3.103277572008001847e-02	7.826779650763700247e-02
1.237985397674387059e+03	2.424360578913005715e-01	1.577621587035342721e-01	2.598241736677099900e-01	1.559029517898945782e-01	7.470136253666487258e-02	3.105614121919139312e-02	7.831715419138859935e-02
1.239436728738483680e+03	2.422419750435556851e-01	1.576369533817627566e-01	2.599568531534137139e-01	1.559829529004877202e-01	7.473535418813603837e-02	3.107947365556718716e-02	7.836643767676128303e-02
1.240888059802580301e+03	2.420482281257164414e-01	1.575119538724463197e-01	2.600892955844133492e-01	1.560628153610319757e-01	7.476928690312670267e-02	3.110277305315623311e-02	7.841564709979341463e-02
1.242339390866676695e+03	2.418548165611135448e-01	1.573871598313194009e-01	2.602215013772524732e-01	1.561425394133364175e-01	7.480316078451862416e-02	3.112603943632137951e-02	7.846478259582254089e-02
1.243790721930773088e+03	2.416617397740739304e-01	1.572625709146985851e-01	2.603534709477741682e-01	1.562221252987937847e-01	7.483697593501757728e-02	3.114927282983063692e-02	7.851384429949570531e-02
1.245242052994869937e+03	2.414689971899189325e-01	1.571381867794814646e-01	2.604852047111212432e-01	1.563015732583810935e-01	7.487073245715368530e-02	3.117247325884851122e-02	7.856283234477946797e-02
1.246693384058966330e+03	2.412765882349621749e-01	1.570140070831460566e-01	2.606167030817369556e-01	1.563808835326603031e-01	7.490443045328164240e-02	3.119564074892747924e-02	7.861174686496988362e-02
1.248144715123063179e+03	2.410845123365077947e-01	1.568900314837493593e-01	2.607479664733656222e-01	1.564600563617790652e-01	7.493807002558093566e-02	3.121877532599962729e-02	7.866058799270214674e-02
1.249596046187159800e+03	2.408927689228484992e-01	1.567662596399267139e-01	2.608789952990533401e-01	1.565390919854712515e-01	7.497165127605613655e-02	3.124187701636845990e-02	7.870935585996020889e-02
1.251047377251256421e+03	2.407013574232635955e-01	1.566426912108906389e-01	2.610097899711485425e-01	1.566179906430577029e-01	7.500517430653716455e-02	3.126494584670082288e-02	7.875805059808611841e-02
1.252498708315352815e+03	2.405102772680172141e-01	1.565193258564299972e-01	2.611403509013026647e-01	1.566967525734469235e-01	7.503863921867955089e-02	3.128798184401904159e-02	7.880667233778920755e-02
1.253950039379449436e+03	2.403195278883563379e-01	1.563961632369089139e-01	2.612706785004708099e-01	1.567753780151356358e-01	7.507204611396461891e-02	3.131098503569311464e-02	7.885522120915516853e-02
1.255401370443546057e+03	2.401291087165089155e-01	1.562732030132658323e-01	2.614007731789124156e-01	1.568538672062095574e-01	7.510539509369983102e-02	3.133395544943314709e-02	7.890369734165492144e-02
1.256852701507642678e+03	2.399390191856820287e-01	1.561504448470125705e-01	2.615306353461918643e-01	1.569322203843439845e-01	7.513868625901899689e-02	3.135689311328185291e-02	7.895210086415331563e-02
1.258304032571739299e+03	2.397492587300600886e-01	1.560278884002332112e-01	2.616602654111793158e-01	1.570104377868044854e-01	7.517191971088256486e-02	3.137979805560723451e-02	7.900043190491774781e-02
1.259755363635835920e+03	2.395598267848027818e-01	1.559055333355834072e-01	2.617896637820512629e-01	1.570885196504475667e-01	7.520509555007783009e-02	3.140267030509540785e-02	7.904869059162651646e-02
1.261206694699932314e+03	2.393707227860433495e-01	1.557833793162891611e-01	2.619188308662912523e-01	1.571664662117212563e-01	7.523821387721923992e-02	3.142550989074349710e-02	7.909687705137706526e-02
1.262658025764028707e+03	2.391819461708868111e-01	1.556614260061460198e-01	2.620477670706906625e-01	1.572442777066659358e-01	7.527127479274864363e-02	3.144831684185275117e-02	7.914499141069412935e-02
1.264109356828125556e+03	2.389934963774079657e-01	1.555396730695179086e-01	2.621764728013492030e-01	1.573219543709148405e-01	7.530427839693554226e-02	3.147109118802172978e-02	7.919303379553772892e-02
1.265560687892221949e+03	2.388053728446496993e-01	1.554181201713364935e-01	2.623049484636761353e-01	1.573994964396948082e-01	7.533722478987731064e-02	3.149383295913960740e-02	7.924100433131092691e-02
1.267012018956318798e+03	2.386175750126209860e-01	1.552967669770999037e-01	2.624331944623904400e-01	1.574769041478269183e-01	7.537011407149953046e-02	3.151654218537965763e-02	7.928890314286755892e-02
1.268463350020415419e+03	2.384301023222953064e-01	1.551756131528719274e-01	2.625612112015219268e-01	1.575541777297270740e-01	7.540294634155621234e-02	3.153921889719280697e-02	7.933673035451972722e-02
1.269914681084511813e+03	2.382429542156086211e-01	1.550546583652810950e-01	2.626889990844118450e-01	1.576313174194068079e-01	7.543572169963003171e-02	3.156186312530134125e-02	7.938448609004529477e-02
1.271366012148608434e+03	2.380561301354576220e-01	1.549339022815195421e-01	2.628165585137136051e-01	1.577083234504738085e-01	7.546844024513263416e-02	3.158447490069270225e-02	7.943217047269506004e-02
1.272817343212705055e+03	2.378696295256980953e-01	1.548133445693422039e-01	2.629438898913937783e-01	1.577851960561326983e-01	7.550110207730485745e-02	3.160705425461343004e-02	7.947978362519997342e-02
1.274268674276801676e+03	2.376834518311427835e-01	1.546929848970658439e-01	2.630709936187325404e-01	1.578619354691855603e-01	7.553370729521703686e-02	3.162960121856318169e-02	7.952732566977813167e-02
1.275720005340898297e+03	2.374975964975599985e-01	1.545728229335681103e-01	2.631978700963245599e-01	1.579385419220327158e-01	7.556625599776919944e-02	3.165211582428890252e-02	7.957479672814167515e-02
1.277171336404994690e+03	2.373120629716715113e-01	1.544528583482865092e-01	2.633245197240798863e-01	1.580150156466732514e-01	7.559874828369138322e-02	3.167459810377907387e-02	7.962219692150356021e-02
1.278622667469091539e+03	2.371268507011509430e-01	1.543330908112174882e-01	2.634509429012247828e-01	1.580913568747058517e-01	7.563118425154387314e-02	3.169704808925808553e-02	7.966952637058422049e-02
1.280073998533187932e+03	2.369419591346219323e-01	1.542135199929155764e-01	2.635771400263022257e-01	1.581675658373293269e-01	7.566356399971747859e-02	3.171946581318071251e-02	7.971678519561804788e-02
1.281525329597284326e+03	2.367573877216564704e-01	1.540941455644923297e-01	2.637031114971730150e-01	1.582436427653432232e-01	7.569588762643376934e-02	3.174185130822667483e-02	7.976397351635987343e-02
1.282976660661381175e+03	2.365731359127730138e-01	1.539749671976153589e-01	2.638288577110163846e-01	1.583195878891486830e-01	7.572815522974535307e-02	3.176420460729532935e-02	7.981109145209122624e-02
1.284427991725477568e+03	2.363892031594348186e-01	1.538559845645075530e-01	2.639543790643310572e-01	1.583954014387488340e-01	7.576036690753613911e-02	3.178652574350043780e-02	7.985813912162656458e-02
1.285879322789574417e+03	2.362055889140480536e-01	1.537371973379459411e-01	2.640796759529358551e-01	1.584710836437496773e-01	7.579252275752157431e-02	3.180881475016504589e-02	7.990511664331928499e-02
1.287330653853671038e+03	2.360222926299603008e-01	1.536186051912608874e-01	2.642047487719705323e-01	1.585466347333606141e-01	7.582462287724894834e-02	3.183107166081646650e-02	7.995202413506771744e-02
1.288781984917767431e+03	2.358393137614585855e-01	1.535002077983351754e-01	2.643295979158967191e-01	1.586220549363951127e-01	7.585666736409761579e-02	3.185329650918130445e-02	7.999886171432105120e-02
1.290233315981864052e+03	2.356566517637677938e-01	1.533820048336029251e-01	2.644542237784985872e-01	1.586973444812713741e-01	7.588865631527927369e-02	3.187548932918066180e-02	8.004562949808499694e-02
