1.001418434226643626e+03	2.790410507960432995e-01	1.811699356371681280e-01	2.347011263677957205e-01	1.408184766136984511e-01	6.829447535772820155e-02	2.682674943216183799e-02	6.914818579508366647e-02
1.002869765290740247e+03	2.787841023982099986e-01	1.810057350223007455e-01	2.348787148042522366e-01	1.409246358099311980e-01	6.833960355728932456e-02	2.685486186945389153e-02	6.921234653824195893e-02
1.004321096354836754e+03	2.785275974411137168e-01	1.808418061385530795e-01	2.350559940348609100e-01	1.410306093365589208e-01	6.838465284041196635e-02	2.688295953901844240e-02	6.927638066916244619e-02
1.005772427418933376e+03	2.782715351507472623e-01	1.806781485314186142e-01	2.352329645657909307e-01	1.411363975057199349e-01	6.842962333953070408e-02	2.691104196118351832e-02	6.934028894528851406e-02
1.007223758483029997e+03	2.780159147546971687e-01	1.805147617471477284e-01	2.354096269028520538e-01	1.412420006295127539e-01	6.847451518684909144e-02	2.693910866624622813e-02	6.940407211237441254e-02
1.008675089547126618e+03	2.777607354821358121e-01	1.803516453327465296e-01	2.355859815514856903e-01	1.413474190199763281e-01	6.851932851435010852e-02	2.696715919428682370e-02	6.946773090469821055e-02
1.010126420611223239e+03	2.775059965638135284e-01	1.801887988359756332e-01	2.357620290167559418e-01	1.414526529890716700e-01	6.856406345380573752e-02	2.699519309498621053e-02	6.953126604527086474e-02
1.011577751675319632e+03	2.772516972320506201e-01	1.800262218053492180e-01	2.359377698033413850e-01	1.415577028486642575e-01	6.860872013678578907e-02	2.702320992744685832e-02	6.959467824604143038e-02
1.013029082739416367e+03	2.769978367207305281e-01	1.798639137901338336e-01	2.361132044155263843e-01	1.416625689105074359e-01	6.865329869466596513e-02	2.705120926001700066e-02	6.965796820809846968e-02
1.014480413803512761e+03	2.767444142652916161e-01	1.797018743403473451e-01	2.362883333571931532e-01	1.417672514862265143e-01	6.869779925863531145e-02	2.707919067011809594e-02	6.972113662186764371e-02
1.015931744867609382e+03	2.764914291027202320e-01	1.795401030067577119e-01	2.364631571318135950e-01	1.418717508873039990e-01	6.874222195970293436e-02	2.710715374407548367e-02	6.978418416730580720e-02
1.017383075931706003e+03	2.762388804715433244e-01	1.793785993408819335e-01	2.366376762424415026e-01	1.419760674250652444e-01	6.878656692870420419e-02	2.713509807695218407e-02	6.984711151409139784e-02
1.018834406995802851e+03	2.759867676118214486e-01	1.792173628949849384e-01	2.368118911917049818e-01	1.420802014106649636e-01	6.883083429630634797e-02	2.716302327238575773e-02	6.990991932181135626e-02
1.020285738059899245e+03	2.757350897651416610e-01	1.790563932220784749e-01	2.369858024817987907e-01	1.421841531550745996e-01	6.887502419301361201e-02	2.719092894242818720e-02	6.997260824014456260e-02
1.021737069123995752e+03	2.754838461746104139e-01	1.788956898759199721e-01	2.371594106144771230e-01	1.422879229690698910e-01	6.891913674917182764e-02	2.721881470738873876e-02	7.003517890904191467e-02
1.023188400188092373e+03	2.752330360848471158e-01	1.787352524110114027e-01	2.373327160910464473e-01	1.423915111632195474e-01	6.896317209497265788e-02	2.724668019567971777e-02	7.009763195890300613e-02
1.024639731252188767e+03	2.749826587419769708e-01	1.785750803825982003e-01	2.375057194123585125e-01	1.424949180478741750e-01	6.900713036045731663e-02	2.727452504366507588e-02	7.015996801074962652e-02
1.026091062316285615e+03	2.747327133936247612e-01	1.784151733466680934e-01	2.376784210788034368e-01	1.425981439331558132e-01	6.905101167551999652e-02	2.730234889551183888e-02	7.022218767639604176e-02
1.027542393380382237e+03	2.744831992889077421e-01	1.782555308599500232e-01	2.378508215903030187e-01	1.427011891289479695e-01	6.909481616991090813e-02	2.733015140304425813e-02	7.028429155861604105e-02
1.028993724444478858e+03	2.742341156784299239e-01	1.780961524799130058e-01	2.380229214463042420e-01	1.428040539448862944e-01	6.913854397323893064e-02	2.735793222560068891e-02	7.034628025130695850e-02
1.030445055508575479e+03	2.739854618142749665e-01	1.779370377647649937e-01	2.381947211457727809e-01	1.429067386903494219e-01	6.918219521497409596e-02	2.738569102989310208e-02	7.040815433965069703e-02
1.031896386572671872e+03	2.737372369500004066e-01	1.777781862734517659e-01	2.383662211871869496e-01	1.430092436744504758e-01	6.922577002444960104e-02	2.741342748986919445e-02	7.046991440027172704e-02
1.033347717636768493e+03	2.734894403406311625e-01	1.776195975656558179e-01	2.385374220685313185e-01	1.431115692060288824e-01	6.926926853086369518e-02	2.744114128657706639e-02	7.053156100139214291e-02
1.034799048700865114e+03	2.732420712426536502e-01	1.774612712017952232e-01	2.387083242872908850e-01	1.432137155936425987e-01	6.931269086328133155e-02	2.746883210803238717e-02	7.059309470298394396e-02
1.036250379764961508e+03	2.729951289140096771e-01	1.773032067430224956e-01	2.388789283404453567e-01	1.433156831455607017e-01	6.935603715063545782e-02	2.749649964908803743e-02	7.065451605691840109e-02
1.037701710829058356e+03	2.727486126140902245e-01	1.771454037512234791e-01	2.390492347244631555e-01	1.434174721697561994e-01	6.939930752172822348e-02	2.752414361130612816e-02	7.071582560711274501e-02
1.039153041893154750e+03	2.725025216037298414e-01	1.769878617890162098e-01	2.392192439352961164e-01	1.435190829738994811e-01	6.944250210523197908e-02	2.755176370283245191e-02	7.077702388967406499e-02
1.040604372957251599e+03	2.722568551452009267e-01	1.768305804197498610e-01	2.393889564683738813e-01	1.436205158653516833e-01	6.948562102969001175e-02	2.757935963827319939e-02	7.083811143304061253e-02
1.042055704021347992e+03	2.720116125022077891e-01	1.766735592075035222e-01	2.395583728185986805e-01	1.437217711511586393e-01	6.952866442351721132e-02	2.760693113857397296e-02	7.089908875812046818e-02
1.043507035085444613e+03	2.717667929398809856e-01	1.765167977170850055e-01	2.397274934803400870e-01	1.438228491380449392e-01	6.957163241500052830e-02	2.763447793090106908e-02	7.095995637842765491e-02
1.044958366149541234e+03	2.715223957247718811e-01	1.763602955140299022e-01	2.398963189474300484e-01	1.439237501324083790e-01	6.961452513229936245e-02	2.766199974852491181e-02	7.102071480021572569e-02
1.046409697213637855e+03	2.712784201248472082e-01	1.762040521646004443e-01	2.400648497131577241e-01	1.440244744403145760e-01	6.965734270344568768e-02	2.768949633070569294e-02	7.108136452260892246e-02
1.047861028277734476e+03	2.710348654094832388e-01	1.760480672357842002e-01	2.402330862702649061e-01	1.441250223674918618e-01	6.970008525634421859e-02	2.771696742258108678e-02	7.114190603773085098e-02
1.049312359341831097e+03	2.707917308494606767e-01	1.758923402952930481e-01	2.404010291109411612e-01	1.442253942193262861e-01	6.974275291877234106e-02	2.774441277505607095e-02	7.120233983083079643e-02
1.050763690405927491e+03	2.705490157169594401e-01	1.757368709115621486e-01	2.405686787268192239e-01	1.443255903008570096e-01	6.978534581838000128e-02	2.777183214469476635e-02	7.126266638040777701e-02
1.052215021470024112e+03	2.703067192855533318e-01	1.755816586537486401e-01	2.407360356089705833e-01	1.444256109167718627e-01	6.982786408268955303e-02	2.779922529361431721e-02	7.132288615833216883e-02
1.053666352534120733e+03	2.700648408302046555e-01	1.754267030917306125e-01	2.409031002479010142e-01	1.445254563714028773e-01	6.987030783909541076e-02	2.782659198938068276e-02	7.138299962996522141e-02
1.055117683598217127e+03	2.698233796272593854e-01	1.752720037961059685e-01	2.410698731335463862e-01	1.446251269687223728e-01	6.991267721486368880e-02	2.785393200490639265e-02	7.144300725427631116e-02
1.056569014662313975e+03	2.695823349544417824e-01	1.751175603381913137e-01	2.412363547552684451e-01	1.447246230123389321e-01	6.995497233713182661e-02	2.788124511835019664e-02	7.150290948395798818e-02
1.058020345726410369e+03	2.693417060908498972e-01	1.749633722900207911e-01	2.414025456018507321e-01	1.448239448054935152e-01	6.999719333290797818e-02	2.790853111301856010e-02	7.156270676553896926e-02
1.059471676790506763e+03	2.691014923169502415e-01	1.748094392243449979e-01	2.415684461614946155e-01	1.449230926510561013e-01	7.003934032907058183e-02	2.793578977726897741e-02	7.162239953949502136e-02
1.060923007854603611e+03	2.688616929145728474e-01	1.746557607146297653e-01	2.417340569218154323e-01	1.450220668515219413e-01	7.008141345236770792e-02	2.796302090441509999e-02	7.168198824035774963e-02
1.062374338918700232e+03	2.686223071669066043e-01	1.745023363350552137e-01	2.418993783698387690e-01	1.451208677090084775e-01	7.012341282941640663e-02	2.799022429263359549e-02	7.174147329682148411e-02
1.063825669982796853e+03	2.683833343584945963e-01	1.743491656605143936e-01	2.420644109919967424e-01	1.452194955252520125e-01	7.016533858670201407e-02	2.801739974487274520e-02	7.180085513184802926e-02
1.065277001046893474e+03	2.681447737752291616e-01	1.741962482666123690e-01	2.422291552741243914e-01	1.453179506016047395e-01	7.020719085057744446e-02	2.804454706876273115e-02	7.186013416276970656e-02
1.066728332110990095e+03	2.679066247043473403e-01	1.740435837296649690e-01	2.423936117014561520e-01	1.454162332390317169e-01	7.024896974726245469e-02	2.807166607652758147e-02	7.191931080139023214e-02
1.068179663175086489e+03	2.676688864344262675e-01	1.738911716266977880e-01	2.425577807586226653e-01	1.455143437381081761e-01	7.029067540284282545e-02	2.809875658489875694e-02	7.197838545408397071e-02
1.069630994239183110e+03	2.674315582553786208e-01	1.737390115354448816e-01	2.427216629296471695e-01	1.456122823990167459e-01	7.033230794326958413e-02	2.812581841503031602e-02	7.203735852189320499e-02
1.071082325303279504e+03	2.671946394584480133e-01	1.735871030343477117e-01	2.428852586979424744e-01	1.457100495215448710e-01	7.037386749435814437e-02	2.815285139241568285e-02	7.209623040062365651e-02
1.072533656367376352e+03	2.669581293362046637e-01	1.734354457025541196e-01	2.430485685463077417e-01	1.458076454050823700e-01	7.041535418178748729e-02	2.817985534680592444e-02	7.215500148093825783e-02
1.073984987431472746e+03	2.667220271825408995e-01	1.732840391199171604e-01	2.432115929569254598e-01	1.459050703486190204e-01	7.045676813109928716e-02	2.820683011212955435e-02	7.221367214844919002e-02
1.075436318495569594e+03	2.664863322926668832e-01	1.731328828669939091e-01	2.433743324113584461e-01	1.460023246507423378e-01	7.049810946769707876e-02	2.823377552641383181e-02	7.227224278380818545e-02
1.076887649559666215e+03	2.662510439631061154e-01	1.729819765250443786e-01	2.435367873905469327e-01	1.460994086096352451e-01	7.053937831684528592e-02	2.826069143170750059e-02	7.233071376279522069e-02
1.078338980623762609e+03	2.660161614916914941e-01	1.728313196760304093e-01	2.436989583748058186e-01	1.461963225230741015e-01	7.058057480366841663e-02	2.828757767400497461e-02	7.238908545640553027e-02
1.079790311687859230e+03	2.657816841775607064e-01	1.726809119026145589e-01	2.438608458438218385e-01	1.462930666884265651e-01	7.062169905315014706e-02	2.831443410317190795e-02	7.244735823093503835e-02
1.081241642751955851e+03	2.655476113211523437e-01	1.725307527881589920e-01	2.440224502766509818e-01	1.463896414026497339e-01	7.066275119013239181e-02	2.834126057287216990e-02	7.250553244806420827e-02
1.082692973816052472e+03	2.653139422242015710e-01	1.723808419167242589e-01	2.441837721517158000e-01	1.464860469622883132e-01	7.070373133931441567e-02	2.836805694049614884e-02	7.256360846494032402e-02
1.084144304880149093e+03	2.650806761897361308e-01	1.722311788730683801e-01	2.443448119468030477e-01	1.465822836634726734e-01	7.074463962525193161e-02	2.839482306709039186e-02	7.262158663425825889e-02
1.085595635944245487e+03	2.648478125220724011e-01	1.720817632426454857e-01	2.445055701390609904e-01	1.466783518019172949e-01	7.078547617235622647e-02	2.842155881728855582e-02	7.267946730433981484e-02
1.087046967008342108e+03	2.646153505268111772e-01	1.719325946116049275e-01	2.446660472049972945e-01	1.467742516729190205e-01	7.082624110489321723e-02	2.844826405924362825e-02	7.273725081921153524e-02
1.088498298072438729e+03	2.643832895108337300e-01	1.717836725667900299e-01	2.448262436204765025e-01	1.468699835713554447e-01	7.086693454698259065e-02	2.847493866456140763e-02	7.279493751868107432e-02
1.089949629136535123e+03	2.641516287822981424e-01	1.716349966957369522e-01	2.449861598607179503e-01	1.469655477916835262e-01	7.090755662259690117e-02	2.850158250823520145e-02	7.285252773841220664e-02
1.091400960200631971e+03	2.639203676506349239e-01	1.714865665866736333e-01	2.451457964002935197e-01	1.470609446279379784e-01	7.094810745556068277e-02	2.852819546858176639e-02	7.291002180999837934e-02
1.092852291264728365e+03	2.636895054265437355e-01	1.713383818285186821e-01	2.453051537131255289e-01	1.471561743737299643e-01	7.098858716954956072e-02	2.855477742717840717e-02	7.296742006103505707e-02
1.094303622328825213e+03	2.634590414219891152e-01	1.711904420108803226e-01	2.454642322724845949e-01	1.472512373222457094e-01	7.102899588808944675e-02	2.858132826880123781e-02	7.302472281519055419e-02
1.095754953392921607e+03	2.632289749501969811e-01	1.710427467240550892e-01	2.456230325509878853e-01	1.473461337662452242e-01	7.106933373455558145e-02	2.860784788136461546e-02	7.308193039227563192e-02
1.097206284457018228e+03	2.629993053256508007e-01	1.708952955590268830e-01	2.457815550205969812e-01	1.474408639980611113e-01	7.110960083217174321e-02	2.863433615586166367e-02	7.313904310831186029e-02
1.098657615521114849e+03	2.627700318640878163e-01	1.707480881074658341e-01	2.459398001526161004e-01	1.475354283095973162e-01	7.114979730400942948e-02	2.866079298630593367e-02	7.319606127559866171e-02
1.100108946585211470e+03	2.625411538824955482e-01	1.706011239617271358e-01	2.460977684176902935e-01	1.476298269923279893e-01	7.118992327298696854e-02	2.868721826967409599e-02	7.325298520277916114e-02
1.101560277649308091e+03	2.623126706991079082e-01	1.704544027148499896e-01	2.462554602858036124e-01	1.477240603372964312e-01	7.122997886186875627e-02	2.871361190584975284e-02	7.330981519490475939e-02
1.103011608713404712e+03	2.620845816334019807e-01	1.703079239605565232e-01	2.464128762262774719e-01	1.478181286351140933e-01	7.126996419326438181e-02	2.873997379756823567e-02	7.336655155349855462e-02
1.104462939777501106e+03	2.618568860060940251e-01	1.701616872932505964e-01	2.465700167077692073e-01	1.479120321759594958e-01	7.130987938962787820e-02	2.876630385036247142e-02	7.342319457661762583e-02
1.105914270841597499e+03	2.616295831391362015e-01	1.700156923080167193e-01	2.467268821982701310e-01	1.480057712495773392e-01	7.134972457325695905e-02	2.879260197250982714e-02	7.347974455891412293e-02
1.107365601905694348e+03	2.614026723557131282e-01	1.698699386006190526e-01	2.468834731651042558e-01	1.480993461452775328e-01	7.138949986629219979e-02	2.881886807497993294e-02	7.353620179169524651e-02
1.108816932969790741e+03	2.611761529802381632e-01	1.697244257675001311e-01	2.470397900749267683e-01	1.481927571519343900e-01	7.142920539071630215e-02	2.884510207138349727e-02	7.359256656298210353e-02
1.110268264033887590e+03	2.609500243383501839e-01	1.695791534057798922e-01	2.471958333937225860e-01	1.482860045579857122e-01	7.146884126835337248e-02	2.887130387792205544e-02	7.364883915756752220e-02
1.111719595097984211e+03	2.607242857569101457e-01	1.694341211132545655e-01	2.473516035868049689e-01	1.483790886514321228e-01	7.150840762086817237e-02	2.889747341333865141e-02	7.370501985707274273e-02
1.113170926162080832e+03	2.604989365639975851e-01	1.692893284883954519e-01	2.475071011188142156e-01	1.484720097198361510e-01	7.154790456976539703e-02	2.892361059886942171e-02	7.376110894000315055e-02
1.114622257226177226e+03	2.602739760889074550e-01	1.691447751303480074e-01	2.476623264537164137e-01	1.485647680503216495e-01	7.158733223638895360e-02	2.894971535819610559e-02	7.381710668180285762e-02
1.116073588290273847e+03	2.600494036621466276e-01	1.690004606389305108e-01	2.478172800548021915e-01	1.486573639295730442e-01	7.162669074192132279e-02	2.897578761739940181e-02	7.387301335490839560e-02
1.117524919354370468e+03	2.598252186154306753e-01	1.688563846146332870e-01	2.479719623846854681e-01	1.487497976438346137e-01	7.166598020738286501e-02	2.900182730491321706e-02	7.392882922880134045e-02
1.118976250418467089e+03	2.596014202816807614e-01	1.687125466586172906e-01	2.481263739053024275e-01	1.488420694789100440e-01	7.170520075363115420e-02	2.902783435147974697e-02	7.398455457006006264e-02
1.120427581482563710e+03	2.593780079950201434e-01	1.685689463727131909e-01	2.482805150779103798e-01	1.489341797201617079e-01	7.174435250136032560e-02	2.905380869010538991e-02	7.404018964241039502e-02
1.121878912546660331e+03	2.591549810907712303e-01	1.684255833594202334e-01	2.484343863630867066e-01	1.490261286525100815e-01	7.178343557110045126e-02	2.907975025601750030e-02	7.409573470677542628e-02
1.123330243610756725e+03	2.589323389054520863e-01	1.682824572219051573e-01	2.485879882207278624e-01	1.491179165604333001e-01	7.182245008321688773e-02	2.910565898662189829e-02	7.415119002132447568e-02
1.124781574674853118e+03	2.587100807767735988e-01	1.681395675640010856e-01	2.487413211100483745e-01	1.492095437279666592e-01	7.186139615790974877e-02	2.913153482146121562e-02	7.420655584152095752e-02
1.126232905738949967e+03	2.584882060436362594e-01	1.679969139902063868e-01	2.488943854895800667e-01	1.493010104387020587e-01	7.190027391521328082e-02	2.915737770217398384e-02	7.426183242016959341e-02
1.127684236803046360e+03	2.582667140461269994e-01	1.678544961056837315e-01	2.490471818171709484e-01	1.493923169757876424e-01	7.193908347499526623e-02	2.918318757245449285e-02	7.431702000746258363e-02
1.129135567867143209e+03	2.580456041255160260e-01	1.677123135162588707e-01	2.491997105499846044e-01	1.494834636219273538e-01	7.197782495695646821e-02	2.920896437801338841e-02	7.437211885102497366e-02
1.130586898931239830e+03	2.578248756242541018e-01	1.675703658284195818e-01	2.493519721444992232e-01	1.495744506593805201e-01	7.201649848063011727e-02	2.923470806653899814e-02	7.442712919595921572e-02
1.132038229995336451e+03	2.576045278859691035e-01	1.674286526493146410e-01	2.495039670565069312e-01	1.496652783699615186e-01	7.205510416538131457e-02	2.926041858765938627e-02	7.448205128488892546e-02
1.133489561059432845e+03	2.573845602554633571e-01	1.672871735867525467e-01	2.496556957411129873e-01	1.497559470350394439e-01	7.209364213040657388e-02	2.928609589290510212e-02	7.453688535800177817e-02
1.134940892123529466e+03	2.571649720787105298e-01	1.671459282492007148e-01	2.498071586527352006e-01	1.498464569355377196e-01	7.213211249473330811e-02	2.931173993567262256e-02	7.459163165309166954e-02
1.136392223187626087e+03	2.569457627028526869e-01	1.670049162457842573e-01	2.499583562451031526e-01	1.499368083519339312e-01	7.217051537721928811e-02	2.933735067118847795e-02	7.464629040560000206e-02
1.137843554251722708e+03	2.567269314761971843e-01	1.668641371862848166e-01	2.501092889712577816e-01	1.500270015642594379e-01	7.220885089655224021e-02	2.936292805647401291e-02	7.470086184865636081e-02
1.139294885315819101e+03	2.565084777482141698e-01	1.667235906811396218e-01	2.502599572835504937e-01	1.501170368520991227e-01	7.224711917124930494e-02	2.938847205031084805e-02	7.475534621311828720e-02
1.140746216379915950e+03	2.562904008695332525e-01	1.665832763414404061e-01	2.504103616336428861e-01	1.502069144945912815e-01	7.228532031965663462e-02	2.941398261320696261e-02	7.480974372761049762e-02
1.142197547444012343e+03	2.560727001919409496e-01	1.664431937789321025e-01	2.505605024725060526e-01	1.502966347704273176e-01	7.232345445994892152e-02	2.943945970736338430e-02	7.486405461856315835e-02
1.143648878508108737e+03	2.558553750683777439e-01	1.663033426060121778e-01	2.507103802504203616e-01	1.503861979578515473e-01	7.236152171012900924e-02	2.946490329664152447e-02	7.491827911024963316e-02
1.145100209572205586e+03	2.556384248529351422e-01	1.661637224357291609e-01	2.508599954169745128e-01	1.504756043346610894e-01	7.239952218802744865e-02	2.949031334653110306e-02	7.497241742482352311e-02
1.146551540636302207e+03	2.554218489008530657e-01	1.660243328817818109e-01	2.510093484210656478e-01	1.505648541782056982e-01	7.243745601130212319e-02	2.951568982411869463e-02	7.502646978235491537e-02
1.148002871700398828e+03	2.552056465685169084e-01	1.658851735585179510e-01	2.511584397108988509e-01	1.506539477653876802e-01	7.247532329743781865e-02	2.954103269805682247e-02	7.508043640086604908e-02
1.149454202764495449e+03	2.549898172134548724e-01	1.657462440809333859e-01	2.513072697339863160e-01	1.507428853726616447e-01	7.251312416374589009e-02	2.956634193853363915e-02	7.513431749636631518e-02
1.150905533828591842e+03	2.547743601943352476e-01	1.656075440646708752e-01	2.514558389371476799e-01	1.508316672760345867e-01	7.255085872736388719e-02	2.959161751724319334e-02	7.518811328288661777e-02
1.152356864892688463e+03	2.545592748709636366e-01	1.654690731260191339e-01	2.516041477665092452e-01	1.509202937510657205e-01	7.258852710525517948e-02	2.961685940735620665e-02	7.524182397251304166e-02
1.153808195956785084e+03	2.543445606042800677e-01	1.653308308819115002e-01	2.517521966675040357e-01	1.510087650728664244e-01	7.262612941420863721e-02	2.964206758349142642e-02	7.529544977542004802e-02
1.155259527020881706e+03	2.541302167563567194e-01	1.651928169499251864e-01	2.518999860848712413e-01	1.510970815161002401e-01	7.266366577083832601e-02	2.966724202168749894e-02	7.534899089990286514e-02
1.156710858084978327e+03	2.539162426903949776e-01	1.650550309482800571e-01	2.520475164626563291e-01	1.511852433549827901e-01	7.270113629158314605e-02	2.969238269937535257e-02	7.540244755240946284e-02
1.158162189149074720e+03	2.537026377707227165e-01	1.649174724958375748e-01	2.521947882442106548e-01	1.512732508632818607e-01	7.273854109270654067e-02	2.971748959535111187e-02	7.545581993757176364e-02
1.159613520213171569e+03	2.534894013627919107e-01	1.647801412120997178e-01	2.523418018721911293e-01	1.513611043143173185e-01	7.277588029029621874e-02	2.974256268974951115e-02	7.550910825823645145e-02
1.161064851277267962e+03	2.532765328331757493e-01	1.646430367172079801e-01	2.524885577885604970e-01	1.514488039809611941e-01	7.281315400026386331e-02	2.976760196401778691e-02	7.556231271549514183e-02
1.162516182341364356e+03	2.530640315495664705e-01	1.645061586319423175e-01	2.526350564345868910e-01	1.515363501356377096e-01	7.285036233834482622e-02	2.979260740089008028e-02	7.561543350871396951e-02
1.163967513405461204e+03	2.528518968807722533e-01	1.643695065777199538e-01	2.527812982508439443e-01	1.516237430503232508e-01	7.288750542009793387e-02	2.981757898436228696e-02	7.566847083556260678e-02
1.165418844469557826e+03	2.526401281967149415e-01	1.642330801765945203e-01	2.529272836772106237e-01	1.517109829965466727e-01	7.292458336090519577e-02	2.984251669966738602e-02	7.572142489204292115e-02
1.166870175533654447e+03	2.524287248684275453e-01	1.640968790512548625e-01	2.530730131528710625e-01	1.517980702453891051e-01	7.296159627597155473e-02	2.986742053325124047e-02	7.577429587251689747e-02
1.168321506597751068e+03	2.522176862680516329e-01	1.639609028250240685e-01	2.532184871163148387e-01	1.518850050674841745e-01	7.299854428032466480e-02	2.989229047274882117e-02	7.582708396973411591e-02
1.169772837661847461e+03	2.520070117688346101e-01	1.638251511218583034e-01	2.533637060053368639e-01	1.519717877330181155e-01	7.303542748881471092e-02	2.991712650696089909e-02	7.587978937485882758e-02
1.171224168725944082e+03	2.517967007451276662e-01	1.636896235663458654e-01	2.535086702570372164e-01	1.520584185117298814e-01	7.307224601611411741e-02	2.994192862583114345e-02	7.593241227749641942e-02
1.172675499790040703e+03	2.515867525723829434e-01	1.635543197837061313e-01	2.536533803078214189e-01	1.521448976729113389e-01	7.310899997671743700e-02	2.996669682042366403e-02	7.598495286571937957e-02
1.174126830854137097e+03	2.513771666271512051e-01	1.634192393997884740e-01	2.537978365934004388e-01	1.522312254854072677e-01	7.314568948494108713e-02	2.999143108290097323e-02	7.603741132609287412e-02
1.175578161918233945e+03	2.511679422870793377e-01	1.632843820410712077e-01	2.539420395487907989e-01	1.523174022176156661e-01	7.318231465492319732e-02	3.001613140650232978e-02	7.608978784369985204e-02
1.177029492982330339e+03	2.509590789309079084e-01	1.631497473346605609e-01	2.540859896083146330e-01	1.524034281374878619e-01	7.321887560062344258e-02	3.004079778552252653e-02	7.614208260216553947e-02
1.178480824046426733e+03	2.507505759384687782e-01	1.630153349082895942e-01	2.542296872055997969e-01	1.524893035125286789e-01	7.325537243582289082e-02	3.006543021529103563e-02	7.619429578368169809e-02
1.179932155110523581e+03	2.505424326906827148e-01	1.628811443903172285e-01	2.543731327735802572e-01	1.525750286097966590e-01	7.329180527412380852e-02	3.009002869215156306e-02	7.624642756903030061e-02
1.181383486174620202e+03	2.503346485695570056e-01	1.627471754097271628e-01	2.545163267444958688e-01	1.526606036959042845e-01	7.332817422894954973e-02	3.011459321344197443e-02	7.629847813760676223e-02
1.182834817238716823e+03	2.501272229581829043e-01	1.626134275961267917e-01	2.546592695498928194e-01	1.527460290370181717e-01	7.336447941354440339e-02	3.013912377747458154e-02	7.635044766744289446e-02
1.184286148302813444e+03	2.499201552407335214e-01	1.624799005797463169e-01	2.548019616206239624e-01	1.528313048988592382e-01	7.340072094097346844e-02	3.016362038351683844e-02	7.640233633522924839e-02
1.185737479366910065e+03	2.497134448024613262e-01	1.623465939914374712e-01	2.549444033868487058e-01	1.529164315467030910e-01	7.343689892412252895e-02	3.018808303177233573e-02	7.645414431633715258e-02
1.187188810431006686e+03	2.495070910296958433e-01	1.622135074626726847e-01	2.550865952780334567e-01	1.530014092453801100e-01	7.347301347569795693e-02	3.021251172336219745e-02	7.650587178484034856e-02
1.188640141495103080e+03	2.493010933098412651e-01	1.620806406255440313e-01	2.552285377229518426e-01	1.530862382592758364e-01	7.350906470822660133e-02	3.023690646030680745e-02	7.655751891353619609e-02
1.190091472559199701e+03	2.490954510313742598e-01	1.619479931127620898e-01	2.553702311496849897e-01	1.531709188523311671e-01	7.354505273405569088e-02	3.026126724550785504e-02	7.660908587396651759e-02
1.191542803623296322e+03	2.488901635838415560e-01	1.618155645576550006e-01	2.555116759856219666e-01	1.532554512880426045e-01	7.358097766535270923e-02	3.028559408273075529e-02	7.666057283643802622e-02
1.192994134687392716e+03	2.486852303578577228e-01	1.616833545941673278e-01	2.556528726574597288e-01	1.533398358294626729e-01	7.361683961410535326e-02	3.030988697658735728e-02	7.671197997004244873e-02
1.194445465751489564e+03	2.484806507451029212e-01	1.615513628568592264e-01	2.557938215912038404e-01	1.534240727392000014e-01	7.365263869212147763e-02	3.033414593251899244e-02	7.676330744267617634e-02
1.195896796815585958e+03	2.482764241383205450e-01	1.614195889809051931e-01	2.559345232121685298e-01	1.535081622794198797e-01	7.368837501102898369e-02	3.035837095677984543e-02	7.681455542105963818e-02
1.197348127879682352e+03	2.480725499313150006e-01	1.612880326020932620e-01	2.560749779449772445e-01	1.535921047118443683e-01	7.372404868227579178e-02	3.038256205642062002e-02	7.686572407075629998e-02
1.198799458943779200e+03	2.478690275189495973e-01	1.611566933568237825e-01	2.562151862135629843e-01	1.536759002977526878e-01	7.375965981712977182e-02	3.040671923927251025e-02	7.691681355619131577e-02
1.200250790007875821e+03	2.476658562971440769e-01	1.610255708821084764e-01	2.563551484411685233e-01	1.537595492979815792e-01	7.379520852667870168e-02	3.043084251393147338e-02	7.696782404066980499e-02
1.201702121071972442e+03	2.474630356628726435e-01	1.608946648155694659e-01	2.564948650503470762e-01	1.538430519729256651e-01	7.383069492183023941e-02	3.045493188974281173e-02	7.701875568639483804e-02
1.203153452136069063e+03	2.472605650141615763e-01	1.607639747954381637e-01	2.566343364629624091e-01	1.539264085825376438e-01	7.386611911331186775e-02	3.047898737678599382e-02	7.706960865448510278e-02
1.204604783200165684e+03	2.470584437500872033e-01	1.606335004605543293e-01	2.567735631001895613e-01	1.540096193863287888e-01	7.390148121167088024e-02	3.050300898585981899e-02	7.712038310499218230e-02
1.206056114264262078e+03	2.468566712707735977e-01	1.605032414503650140e-01	2.569125453825151228e-01	1.540926846433692543e-01	7.393678132727438124e-02	3.052699672846780413e-02	7.717107919691755524e-02
1.207507445328358699e+03	2.466552469773903578e-01	1.603731974049235620e-01	2.570512837297378450e-01	1.541756046122885193e-01	7.397201957030925812e-02	3.055095061680389301e-02	7.722169708822934631e-02
1.208958776392455093e+03	2.464541702721506633e-01	1.602433679648886111e-01	2.571897785609688070e-01	1.542583795512755818e-01	7.400719605078213970e-02	3.057487066373838075e-02	7.727223693587864650e-02
1.210410107456551941e+03	2.462534405583089170e-01	1.601137527715229547e-01	2.573280302946321929e-01	1.543410097180795137e-01	7.404231087851945170e-02	3.059875688280414008e-02	7.732269889581562528e-02
1.211861438520648335e+03	2.460530572401587179e-01	1.599843514666927924e-01	2.574660393484656806e-01	1.544234953700097945e-01	7.407736416316740291e-02	3.062260928818308012e-02	7.737308312300535118e-02
1.213312769584745183e+03	2.458530197230306413e-01	1.598551636928664810e-01	2.576038061395209411e-01	1.545058367639366992e-01	7.411235601419199903e-02	3.064642789469287226e-02	7.742338977144323786e-02
1.214764100648841804e+03	2.456533274132902123e-01	1.597261890931135631e-01	2.577413310841641381e-01	1.545880341562916593e-01	7.414728654087902882e-02	3.067021271777390853e-02	7.747361899417030962e-02
1.216215431712937971e+03	2.454539797183357963e-01	1.595974273111039343e-01	2.578786145980764832e-01	1.546700878030677906e-01	7.418215585233411957e-02	3.069396377347652360e-02	7.752377094328814777e-02
1.217666762777034819e+03	2.452549760465964623e-01	1.594688779911065390e-01	2.580156570962548468e-01	1.547519979598201700e-01	7.421696405748276493e-02	3.071768107844842499e-02	7.757384576997351788e-02
1.219118093841131440e+03	2.450563158075298731e-01	1.593405407779887317e-01	2.581524589930122016e-01	1.548337648816663081e-01	7.425171126507036645e-02	3.074136464992240081e-02	7.762384362449284425e-02
1.220569424905228061e+03	2.448579984116202590e-01	1.592124153172149725e-01	2.582890207019781781e-01	1.549153888232866483e-01	7.428639758366219203e-02	3.076501450570420446e-02	7.767376465621628201e-02
1.222020755969324682e+03	2.446600232703763089e-01	1.590845012548459392e-01	2.584253426360998418e-01	1.549968700389248721e-01	7.432102312164354241e-02	3.078863066416070299e-02	7.772360901363162267e-02
1.223472087033421303e+03	2.444623897963290882e-01	1.589567982375375277e-01	2.585614252076419151e-01	1.550782087823884270e-01	7.435558798721969564e-02	3.081221314420823712e-02	7.777337684435796372e-02
1.224923418097517697e+03	2.442650974030301236e-01	1.588293059125399087e-01	2.586972688281876653e-01	1.551594053070489421e-01	7.439009228841605981e-02	3.083576196530118940e-02	7.782306829515901747e-02
1.226374749161614318e+03	2.440681455050491833e-01	1.587020239276963895e-01	2.588328739086394603e-01	1.552404598658426726e-01	7.442453613307811744e-02	3.085927714742078484e-02	7.787268351195630878e-02
1.227826080225710712e+03	2.438715335179723609e-01	1.585749519314426370e-01	2.589682408592192120e-01	1.553213727112709441e-01	7.445891962887157822e-02	3.088275871106406500e-02	7.792222263984203978e-02
1.229277411289807560e+03	2.436752608584000224e-01	1.584480895728054284e-01	2.591033700894693759e-01	1.554021440954006794e-01	7.449324288328239285e-02	3.090620667723311538e-02	7.797168582309177420e-02
1.230728742353903954e+03	2.434793269439447794e-01	1.583214365014018465e-01	2.592382620082532285e-01	1.554827742698647874e-01	7.452750600361687794e-02	3.092962106742444539e-02	7.802107320517685796e-02
1.232180073418000802e+03	2.432837311932295465e-01	1.581949923674382530e-01	2.593729170237554227e-01	1.555632634858626073e-01	7.456170909700172988e-02	3.095300190361860784e-02	7.807038492877661773e-02
1.233631404482097196e+03	2.430884730258853765e-01	1.580687568217092331e-01	2.595073355434830975e-01	1.556436119941605190e-01	7.459585227038416366e-02	3.097634920826998484e-02	7.811962113579039302e-02
1.235082735546193817e+03	2.428935518625497114e-01	1.579427295155966804e-01	2.596415179742662116e-01	1.557238200450922483e-01	7.462993563053195445e-02	3.099966300429677149e-02	7.816878196734922124e-02
1.236534066610290438e+03	2.426989671248641622e-01	1.578169101010687692e-01	2.597754647222582092e-01	1.558038878885595335e-01	7.466395928403356252e-02	3.102294331507115394e-02	7.821786756382745343e-02
1.237985397674387059e+03	2.425047182354727049e-01	1.576912982306790112e-01	2.599091761929367417e-01	1.558838157740324304e-01	7.469792333729818878e-02	3.104619016440966425e-02	7.826687806485407850e-02
1.239436728738483680e+03	2.423108046180197372e-01	1.575658935575652286e-01	2.600426527911044450e-01	1.559636039505499783e-01	7.473182789655589964e-02	3.106940357656371235e-02	7.831581360932385327e-02
1.240888059802580301e+03	2.421172256971479142e-01	1.574406957354486103e-01	2.601758949208894944e-01	1.560432526667205055e-01	7.476567306785773803e-02	3.109258357621029825e-02	7.836467433540823813e-02
1.242339390866676695e+03	2.419239808984964268e-01	1.573157044186327402e-01	2.603089029857464931e-01	1.561227621707223234e-01	7.479945895707580672e-02	3.111573018844291175e-02	7.841346038056615231e-02
1.243790721930773088e+03	2.417310696486989208e-01	1.571909192620025153e-01	2.604416773884569158e-01	1.562021327103041146e-01	7.483318566990337928e-02	3.113884343876256386e-02	7.846217188155449329e-02
1.245242052994869937e+03	2.415384913753816365e-01	1.570663399210233679e-01	2.605742185311299974e-01	1.562813645327854606e-01	7.486685331185499725e-02	3.116192335306903344e-02	7.851080897443844797e-02
1.246693384058966330e+03	2.413462455071614665e-01	1.569419660517400172e-01	2.607065268152033988e-01	1.563604578850574245e-01	7.490046198826665058e-02	3.118496995765223864e-02	7.855937179460174835e-02
1.248144715123063179e+03	2.411543314736440402e-01	1.568177973107758028e-01	2.608386026414439840e-01	1.564394130135829120e-01	7.493401180429583308e-02	3.120798327918379578e-02	7.860786047675658028e-02
1.249596046187159800e+03	2.409627487054218087e-01	1.566938333553315466e-01	2.609704464099485421e-01	1.565182301643973650e-01	7.496750286492169513e-02	3.123096334470872038e-02	7.865627515495338118e-02
1.251047377251256421e+03	2.407714966340720741e-01	1.565700738431844707e-01	2.611020585201444533e-01	1.565969095831091784e-01	7.500093527494512691e-02	3.125391018163729134e-02	7.870461596259048509e-02
1.252498708315352815e+03	2.405805746921552135e-01	1.564465184326874758e-01	2.612334393707905766e-01	1.566754515149002824e-01	7.503430913898896659e-02	3.127682381773705389e-02	7.875288303242353183e-02
1.253950039379449436e+03	2.403899823132127911e-01	1.563231667827680582e-01	2.613645893599778058e-01	1.567538562045265871e-01	7.506762456149808360e-02	3.129970428112498898e-02	7.880107649657477897e-02
1.255401370443546057e+03	2.401997189317655323e-01	1.562000185529272556e-01	2.614955088851301235e-01	1.568321238963186759e-01	7.510088164673950351e-02	3.132255160025983892e-02	7.884919648654216406e-02
1.256852701507642678e+03	2.400097839833116031e-01	1.560770734032388696e-01	2.616261983430050453e-01	1.569102548341821945e-01	7.513408049880260231e-02	3.134536580393453703e-02	7.889724313320831128e-02
1.258304032571739299e+03	2.398201769043246945e-01	1.559543309943483280e-01	2.617566581296945083e-01	1.569882492615984615e-01	7.516722122159918973e-02	3.136814692126881771e-02	7.894521656684923283e-02
1.259755363635835920e+03	2.396308971322521075e-01	1.558317909874718521e-01	2.618868886406258145e-01	1.570661074216249120e-01	7.520030391886367571e-02	3.139089498170193060e-02	7.899311691714297479e-02
1.261206694699932314e+03	2.394419441055129494e-01	1.557094530443953739e-01	2.620168902705622971e-01	1.571438295568958199e-01	7.523332869415322310e-02	3.141361001498552824e-02	7.904094431317812419e-02
1.262658025764028707e+03	2.392533172634963290e-01	1.555873168274737595e-01	2.621466634136038754e-01	1.572214159096227415e-01	7.526629565084791418e-02	3.143629205117666470e-02	7.908869888346203858e-02
1.264109356828125556e+03	2.390650160465594420e-01	1.554653819996296149e-01	2.622762084631883317e-01	1.572988667215950431e-01	7.529920489215090329e-02	3.145894112063093301e-02	7.913638075592907550e-02
1.265560687892221949e+03	2.388770398960257668e-01	1.553436482243525374e-01	2.624055258120917000e-01	1.573761822341805394e-01	7.533205652108852790e-02	3.148155725399570670e-02	7.918399005794858614e-02
1.267012018956318798e+03	2.386893882541832046e-01	1.552221151656980880e-01	2.625346158524292650e-01	1.574533626883259374e-01	7.536485064051053062e-02	3.150414048220356172e-02	7.923152691633277012e-02
1.268463350020415419e+03	2.385020605642823588e-01	1.551007824882867925e-01	2.626634789756564503e-01	1.575304083245575026e-01	7.539758735309017024e-02	3.152669083646575388e-02	7.927899145734439157e-02
1.269914681084511813e+03	2.383150562705346198e-01	1.549796498573032533e-01	2.627921155725692071e-01	1.576073193829816421e-01	7.543026676132441599e-02	3.154920834826588361e-02	7.932638380670442579e-02
1.271366012148608434e+03	2.381283748181104165e-01	1.548587169384951501e-01	2.629205260333055127e-01	1.576840961032852928e-01	7.546288896753411413e-02	3.157169304935363019e-02	7.937370408959941448e-02
1.272817343212705055e+03	2.379420156531373287e-01	1.547379833981723796e-01	2.630487107473455377e-01	1.577607387247366988e-01	7.549545407386415441e-02	3.159414497173862468e-02	7.942095243068886257e-02
1.274268674276801676e+03	2.377559782226983942e-01	1.546174489032060007e-01	2.631766701035128664e-01	1.578372474861858277e-01	7.552796218228363667e-02	3.161656414768444778e-02	7.946812895411241306e-02
1.275720005340898297e+03	2.375702619748303324e-01	1.544971131210273463e-01	2.633044044899752190e-01	1.579136226260650921e-01	7.556041339458605122e-02	3.163895060970271095e-02	7.951523378349685534e-02
1.277171336404994690e+03	2.373848663585216012e-01	1.543769757196271075e-01	2.634319142942453396e-01	1.579898643823897109e-01	7.559280781238944535e-02	3.166130439054728324e-02	7.956226704196307786e-02
1.278622667469091539e+03	2.371997908237108432e-01	1.542570363675543343e-01	2.635591999031817734e-01	1.580659729927585411e-01	7.562514553713663157e-02	3.168362552320860143e-02	7.960922885213291000e-02
1.280073998533187932e+03	2.370150348212849423e-01	1.541372947339154920e-01	2.636862617029896994e-01	1.581419486943544395e-01	7.565742667009529854e-02	3.170591404090807031e-02	7.965611933613570006e-02
1.281525329597284326e+03	2.368305978030772752e-01	1.540177504883736281e-01	2.638131000792218184e-01	1.582177917239450116e-01	7.568965131235830257e-02	3.172816997709265036e-02	7.970293861561501825e-02
1.282976660661381175e+03	2.366464792218660185e-01	1.538984033011472630e-01	2.639397154167792414e-01	1.582935023178830281e-01	7.572181956484376475e-02	3.175039336542943846e-02	7.974968681173495721e-02
1.284427991725477568e+03	2.364626785313723445e-01	1.537792528430096672e-01	2.640661080999123778e-01	1.583690807121071187e-01	7.575393152829526522e-02	3.177258423980042212e-02	7.979636404518655746e-02
1.285879322789574417e+03	2.362791951862587836e-01	1.536602987852876967e-01	2.641922785122214901e-01	1.584445271421423829e-01	7.578598730328212074e-02	3.179474263429729608e-02	7.984297043619398293e-02
1.287330653853671038e+03	2.360960286421272813e-01	1.535415407998610426e-01	2.643182270366580822e-01	1.585198418431008616e-01	7.581798699019945409e-02	3.181686858321641775e-02	7.988950610452062728e-02
1.288781984917767431e+03	2.359131783555176165e-01	1.534229785591612327e-01	2.644439540555252321e-01	1.585950250496822866e-01	7.584993068926845772e-02	3.183896212105381124e-02	7.993597116947512293e-02
1.290233315981864052e+03	2.357306437839057078e-01	1.533046117361706873e-01	2.645694599504789246e-01	1.586700769961744695e-01	7.588181850053657418e-02	3.186102328250029619e-02	7.998236574991718362e-02
