1.001418434226643626e+03	2.790503813492729579e-01	1.811561853532453747e-01	2.347133443564577426e-01	1.408215227944164816e-01	6.829498593467184242e-02	2.682927166375353306e-02	6.913430854786138668e-02
1.003837319333471214e+03	2.786224219174481265e-01	1.808825647173901430e-01	2.350096646091263675e-01	1.409983553747991836e-01	6.837016653961112966e-02	2.687605803172349317e-02	6.924076880958086877e-02
1.006256204440298802e+03	2.781956915784330464e-01	1.806096989348480453e-01	2.353051362524916368e-01	1.411746717185018984e-01	6.844512773427834096e-02	2.692280006652224278e-02	6.934687371460407368e-02
1.008675089547126618e+03	2.777701867564776328e-01	1.803375859068102882e-01	2.355997616049264332e-01	1.413504732650175677e-01	6.851987012535953880e-02	2.696949559437909413e-02	6.945262674670867054e-02
1.011093974653954206e+03	2.773459038881120331e-01	1.800662235402828715e-01	2.358935429808407258e-01	1.415257614535010977e-01	6.859439431807907994e-02	2.701614251698488539e-02	6.955803130187847294e-02
1.013512859760782021e+03	2.769228394220457634e-01	1.797956097480714610e-01	2.361864826906133752e-01	1.417005377225378226e-01	6.866870091630690454e-02	2.706273880916097024e-02	6.966309069094288320e-02
1.015931744867609382e+03	2.765009898190691207e-01	1.795257424487667341e-01	2.364785830405261580e-01	1.418748035099314242e-01	6.874279052265072631e-02	2.710928251659956364e-02	6.976780814213542903e-02
1.018350629974437197e+03	2.760803515519573148e-01	1.792566195667294748e-01	2.367698463327007619e-01	1.420485602525093927e-01	6.881666373853471963e-02	2.715577175367329607e-02	6.987218680357420997e-02
1.020769515081264785e+03	2.756609211053767661e-01	1.789882390320757521e-01	2.370602748650379454e-01	1.422218093859441979e-01	6.889032116426629937e-02	2.720220470131181484e-02	6.997622974566636289e-02
1.023188400188092373e+03	2.752426949757936780e-01	1.787205987806620433e-01	2.373498709311593347e-01	1.423945523445892258e-01	6.896376339909233988e-02	2.724857960494342715e-02	7.007993996343905851e-02
1.025607285294920075e+03	2.748256696713847758e-01	1.784536967540704400e-01	2.376386368203512733e-01	1.425667905613275666e-01	6.903699104124605412e-02	2.729489477249975177e-02	7.018332037879923546e-02
1.028026170401747549e+03	2.744098417119500977e-01	1.781875308995937712e-01	2.379265748175111717e-01	1.427385254674327919e-01	6.911000468798551843e-02	2.734114857248146763e-02	7.028637384272427846e-02
1.030445055508575479e+03	2.739952076288278415e-01	1.779220991702208099e-01	2.382136872030958252e-01	1.429097584924405584e-01	6.918280493562505018e-02	2.738733943208332064e-02	7.038910313738569458e-02
1.032863940615402726e+03	2.735817639648110977e-01	1.776573995246214510e-01	2.384999762530720102e-01	1.430804910640301464e-01	6.925539237956000738e-02	2.743346583537650818e-02	7.049151097820791079e-02
1.035282825722230655e+03	2.731695072740665808e-01	1.773934299271318626e-01	2.387854442388689102e-01	1.432507246079147978e-01	6.932776761428606493e-02	2.747952632154675862e-02	7.059360001586423294e-02
1.037701710829058356e+03	2.727584341220548048e-01	1.771301883477396366e-01	2.390700934273328193e-01	1.434204605477404637e-01	6.939993123341348102e-02	2.752551948318633646e-02	7.069537283821167306e-02
1.040120595935886058e+03	2.723485410854527000e-01	1.768676727620691336e-01	2.393539260806833435e-01	1.435897003049919074e-01	6.947188382967699194e-02	2.757144396463837369e-02	7.079683197216676827e-02
1.042539481042713533e+03	2.719398247520770084e-01	1.766058811513665228e-01	2.396369444564719897e-01	1.437584452989056905e-01	6.954362599494202934e-02	2.761729846039190361e-02	7.089797988552411223e-02
1.044958366149541234e+03	2.715322817208100648e-01	1.763448115024850993e-01	2.399191508075419754e-01	1.439266969463893209e-01	6.961515832020749583e-02	2.766308171352602902e-02	7.099881898871925057e-02
1.047377251256368709e+03	2.711259086015267994e-01	1.760844618078705459e-01	2.402005473819902315e-01	1.440944566619462019e-01	6.968648139560576493e-02	2.770879251420177089e-02	7.109935163653784140e-02
1.049796136363196410e+03	2.707207020150233512e-01	1.758248300655460838e-01	2.404811364231308757e-01	1.442617258576059935e-01	6.975759581040021085e-02	2.775442969820007474e-02	7.119958012977255224e-02
1.052215021470024112e+03	2.703166585929469568e-01	1.755659142790978455e-01	2.407609201694603518e-01	1.444285059428594420e-01	6.982850215298057328e-02	2.779999214550462477e-02	7.129950671682937224e-02
1.054633906576851814e+03	2.699137749777275053e-01	1.753077124576599144e-01	2.410399008546241784e-01	1.445947983245979562e-01	6.989920101085655979e-02	2.784547877892804696e-02	7.139913359528494985e-02
1.057052791683679516e+03	2.695120478225105920e-01	1.750502226159000030e-01	2.413180807073851408e-01	1.447606044070571252e-01	6.996969297064979665e-02	2.789088856278018266e-02	7.149846291339621851e-02
1.059471676790506763e+03	2.691114737910915711e-01	1.747934427740043539e-01	2.415954619515930935e-01	1.449259255917640654e-01	7.003997861808462788e-02	2.793622050157719069e-02	7.159749677156418413e-02
1.061890561897334692e+03	2.687120495578508850e-01	1.745373709576633903e-01	2.418720468061561490e-01	1.450907632774880440e-01	7.011005853797766529e-02	2.798147363879016636e-02	7.169623722375281782e-02
1.064309447004162394e+03	2.683137718076910594e-01	1.742820051980567553e-01	2.421478374850132287e-01	1.452551188601947374e-01	7.017993331422654746e-02	2.802664705563207709e-02	7.179468627886473331e-02
1.066728332110990095e+03	2.679166372359745862e-01	1.740273435318389628e-01	2.424228361971078605e-01	1.454189937330030435e-01	7.024960352979790768e-02	2.807173986988190789e-02	7.189284590207489778e-02
1.069147217217817570e+03	2.675206425484629169e-01	1.737733840011245756e-01	2.426970451463635603e-01	1.455823892861448088e-01	7.031906976671487008e-02	2.811675123474478150e-02	7.199071801612361154e-02
1.071566102324645271e+03	2.671257844612571208e-01	1.735201246534736341e-01	2.429704665316602397e-01	1.457453069069270801e-01	7.038833260604387965e-02	2.816168033774704010e-02	7.208830450257007472e-02
1.073984987431472746e+03	2.667320597007388217e-01	1.732675635418771398e-01	2.432431025468119179e-01	1.459077479796969390e-01	7.045739262788142110e-02	2.820652639966515079e-02	7.218560720300765121e-02
1.076403872538300675e+03	2.663394650035129652e-01	1.730156987247424005e-01	2.435149553805455724e-01	1.460697138858081390e-01	7.052625041134037709e-02	2.825128867348744924e-02	7.228262792024214844e-02
1.078822757645127922e+03	2.659479971163510870e-01	1.727645282658785697e-01	2.437860272164811548e-01	1.462312060035902694e-01	7.059490653453621978e-02	2.829596644340767395e-02	7.237936841943404254e-02
1.081241642751955851e+03	2.655576527961361344e-01	1.725140502344820470e-01	2.440563202331128001e-01	1.463922257083194456e-01	7.066336157457323019e-02	2.834055902384937167e-02	7.247583042920595353e-02
1.083660527858783553e+03	2.651684288098076214e-01	1.722642627051220177e-01	2.443258366037910356e-01	1.465527743721910803e-01	7.073161610753067596e-02	2.838506575852017474e-02	7.257201564271638372e-02
1.086079412965611255e+03	2.647803219343082826e-01	1.720151637577260195e-01	2.445945784967058501e-01	1.467128533642941823e-01	7.079967070844900290e-02	2.842948601949506562e-02	7.266792571870056561e-02
1.088498298072438729e+03	2.643933289565313371e-01	1.717667514775653992e-01	2.448625480748712058e-01	1.468724640505873480e-01	7.086752595131615151e-02	2.847381920632774052e-02	7.276356228247973790e-02
1.090917183179266431e+03	2.640074466732688085e-01	1.715190239552409901e-01	2.451297474961101619e-01	1.470316077938761956e-01	7.093518240905405392e-02	2.851806474518920817e-02	7.285892692693951567e-02
1.093336068286093905e+03	2.636226718911605094e-01	1.712719792866686241e-01	2.453961789130409965e-01	1.471902859537920494e-01	7.100264065350529730e-02	2.856222208803278761e-02	7.295402121347857594e-02
1.095754953392921607e+03	2.632390014266444700e-01	1.710256155730647543e-01	2.456618444730643003e-01	1.473484998867722606e-01	7.106990125542003711e-02	2.860629071178470706e-02	7.304884667292832479e-02
1.098173838499749309e+03	2.628564321059070896e-01	1.707799309209320771e-01	2.459267463183510694e-01	1.475062509460414728e-01	7.113696478444307691e-02	2.865027011755949884e-02	7.314340480644455911e-02
1.100592723606577010e+03	2.624749607648352301e-01	1.705349234420453219e-01	2.461908865858313533e-01	1.476635404815941632e-01	7.120383180910136445e-02	2.869415982989946545e-02	7.323769708637198339e-02
1.103011608713404712e+03	2.620945842489681432e-01	1.702905912534367905e-01	2.464542674071840689e-01	1.478203698401783783e-01	7.127050289679158490e-02	2.873795939603745672e-02	7.333172495708235872e-02
1.105430493820231959e+03	2.617152994134511745e-01	1.700469324773822566e-01	2.467168909088273410e-01	1.479767403652804125e-01	7.133697861376822602e-02	2.878166838518224011e-02	7.342548983578718602e-02
1.107849378927059888e+03	2.613371031229890229e-01	1.698039452413864780e-01	2.469787592119097597e-01	1.481326533971104031e-01	7.140325952513187913e-02	2.882528638782578048e-02	7.351899311332550646e-02
1.110268264033887590e+03	2.609599922518005544e-01	1.695616276781692078e-01	2.472398744323023867e-01	1.482881102725891187e-01	7.146934619481788709e-02	2.886881301507179115e-02	7.361223615492781813e-02
1.112687149140715292e+03	2.605839636835742268e-01	1.693199779256508164e-01	2.475002386805914556e-01	1.484431123253353857e-01	7.153523918558533923e-02	2.891224789798483435e-02	7.370522030095670585e-02
1.115106034247542766e+03	2.602090143114235699e-01	1.690789941269382757e-01	2.477598540620717382e-01	1.485976608856544867e-01	7.160093905900635769e-02	2.895559068695941624e-02	7.379794686762490563e-02
1.117524919354370468e+03	2.598351410378441084e-01	1.688386744303108367e-01	2.480187226767406328e-01	1.487517572805273913e-01	7.166644637545580010e-02	2.899884105110840313e-02	7.389041714769151170e-02
1.119943804461197942e+03	2.594623407746704524e-01	1.685990169892060686e-01	2.482768466192929735e-01	1.489054028336006807e-01	7.173176169410123981e-02	2.904199867767021798e-02	7.398263241113697819e-02
1.122362689568025871e+03	2.590906104430341639e-01	1.683600199622057314e-01	2.485342279791162567e-01	1.490585988651772498e-01	7.179688557289330697e-02	2.908506327143423054e-02	7.407459390581763725e-02
1.124781574674853118e+03	2.587199469733220680e-01	1.681216815130216480e-01	2.487908688402868385e-01	1.492113466922076470e-01	7.186181856855644590e-02	2.912803455418373419e-02	7.416630285810019152e-02
1.127200459781681047e+03	2.583503473051351751e-01	1.678839998104817433e-01	2.490467712815663537e-01	1.493636476282822756e-01	7.192656123657989453e-02	2.917091226415604796e-02	7.425776047347702746e-02
1.129619344888508749e+03	2.579818083872486012e-01	1.676469730285160831e-01	2.493019373763989410e-01	1.495155029836239546e-01	7.199111413120912184e-02	2.921369615551916779e-02	7.434896793716271046e-02
1.132038229995336451e+03	2.576143271775711563e-01	1.674105993461427466e-01	2.495563691929089389e-01	1.496669140650812857e-01	7.205547780543751502e-02	2.925638599786448829e-02	7.443992641467241100e-02
1.134457115102163925e+03	2.572479006431064863e-01	1.671748769474540874e-01	2.498100687938991371e-01	1.498178821761225743e-01	7.211965281099844138e-02	2.929898157571508496e-02	7.453063705238266445e-02
1.136876000208991627e+03	2.568825257599140488e-01	1.669398040216026891e-01	2.500630382368496663e-01	1.499684086168302510e-01	7.218363969835768501e-02	2.934148268804907811e-02	7.462110097807517217e-02
1.139294885315819101e+03	2.565181995130705328e-01	1.667053787627874595e-01	2.503152795739170822e-01	1.501184946838958201e-01	7.224743901670607760e-02	2.938388914783764821e-02	7.471131930146396316e-02
1.141713770422646803e+03	2.561549188966324997e-01	1.664715993702398922e-01	2.505667948519342270e-01	1.502681416706155015e-01	7.231105131395254570e-02	2.942620078159721361e-02	7.480129311470667952e-02
1.144132655529474505e+03	2.557926809135986912e-01	1.662384640482101605e-01	2.508175861124104511e-01	1.504173508668861792e-01	7.237447713671751881e-02	2.946841742895535410e-02	7.489102349290016614e-02
1.146551540636302207e+03	2.554314825758732810e-01	1.660059710059534066e-01	2.510676553915324183e-01	1.505661235592017921e-01	7.243771703032649001e-02	2.951053894223008844e-02	7.498051149456108622e-02
1.148970425743129908e+03	2.550713209042294038e-01	1.657741184577158355e-01	2.513170047201649937e-01	1.507144610306503374e-01	7.250077153880403469e-02	2.955256518602204438e-02	7.506975816209195129e-02
1.151389310849957155e+03	2.547121929282731845e-01	1.655429046227211709e-01	2.515656361238529093e-01	1.508623645609112607e-01	7.256364120486799574e-02	2.959449603681915675e-02	7.515876452223296811e-02
1.153808195956785084e+03	2.543540956864080993e-01	1.653123277251568046e-01	2.518135516228227622e-01	1.510098354262532083e-01	7.262632656992404345e-02	2.963633138261351566e-02	7.524753158650013263e-02
1.156227081063612786e+03	2.539970262258000600e-01	1.650823859941602245e-01	2.520607532319854571e-01	1.511568748995321954e-01	7.268882817406049912e-02	2.967807112252997953e-02	7.533606035161015402e-02
1.158645966170440488e+03	2.536409816023424413e-01	1.648530776638053030e-01	2.523072429609387046e-01	1.513034842501902455e-01	7.275114655604338065e-02	2.971971516646619918e-02	7.542435179989230576e-02
1.161064851277267962e+03	2.532859588806217754e-01	1.646244009730887803e-01	2.525530228139702404e-01	1.514496647442543364e-01	7.281328225331179516e-02	2.976126343474369551e-02	7.551240689968787001e-02
1.163483736384095664e+03	2.529319551338840566e-01	1.643963541659166638e-01	2.527980947900614339e-01	1.515954176443356505e-01	7.287523580197349804e-02	2.980271585776966131e-02	7.560022660573753606e-02
1.165902621490923138e+03	2.525789674440009347e-01	1.641689354910905729e-01	2.530424608828908406e-01	1.517407442096292414e-01	7.293700773680084071e-02	2.984407237570915750e-02	7.568781185955689161e-02
1.168321506597751068e+03	2.522269929014365197e-01	1.639421432022943881e-01	2.532861230808385877e-01	1.518856456959141454e-01	7.299859859122681538e-02	2.988533293816740544e-02	7.577516358980064537e-02
1.170740391704578315e+03	2.518760286052146857e-01	1.637159755580807063e-01	2.535290833669905930e-01	1.520301233555534648e-01	7.306000889734141912e-02	2.992649750388179375e-02	7.586228271261578893e-02
1.173159276811406244e+03	2.515260716628864857e-01	1.634904308218574076e-01	2.537713437191436716e-01	1.521741784374952278e-01	7.312123918588826765e-02	2.996756604042341218e-02	7.594917013198401734e-02
1.175578161918233945e+03	2.511771191904980105e-01	1.632655072618742209e-01	2.540129061098101437e-01	1.523178121872731106e-01	7.318228998626138959e-02	3.000853852390771709e-02	7.603582674005381070e-02
1.177997047025061647e+03	2.508291683125585814e-01	1.630412031512093463e-01	2.542537725062238296e-01	1.524610258470077973e-01	7.324316182650228435e-02	3.004941493871413419e-02	7.612225341746242657e-02
1.180415932131889122e+03	2.504822161620092746e-01	1.628175167677561597e-01	2.544939448703450458e-01	1.526038206554083398e-01	7.330385523329713271e-02	3.009019527721426210e-02	7.620845103364820572e-02
1.182834817238716823e+03	2.501362598801918358e-01	1.625944463942098073e-01	2.547334251588668219e-01	1.527461978477738791e-01	7.336437073197429881e-02	3.013087953950843376e-02	7.629442044715334381e-02
1.185253702345544298e+03	2.497912966168175097e-01	1.623719903180539104e-01	2.549722153232212296e-01	1.528881586559958372e-01	7.342470884650194318e-02	3.017146773317039982e-02	7.638016250591753153e-02
1.187672587452371999e+03	2.494473235299367875e-01	1.621501468315474925e-01	2.552103173095855992e-01	1.530297043085599440e-01	7.348487009948592719e-02	3.021195987299985994e-02	7.646567804756274067e-02
1.190091472559199701e+03	2.491043377859090691e-01	1.619289142317115460e-01	2.554477330588890704e-01	1.531708360305487626e-01	7.354485501216788401e-02	3.025235598078260951e-02	7.655096789966937820e-02
1.192510357666027403e+03	2.487623365593725211e-01	1.617082908203159586e-01	2.556844645068197530e-01	1.533115550436445484e-01	7.360466410442334517e-02	3.029265608505809018e-02	7.663603288004405822e-02
1.194929242772855105e+03	2.484213170332145448e-01	1.614882749038663301e-01	2.559205135838317768e-01	1.534518625661319413e-01	7.366429789476028334e-02	3.033286022089404579e-02	7.672087379697931087e-02
1.197348127879682352e+03	2.480812763985421887e-01	1.612688647935908715e-01	2.561558822151525083e-01	1.535917598129013517e-01	7.372375690031761353e-02	3.037296842966819704e-02	7.680549144950549190e-02
1.199767012986510281e+03	2.477422118546530883e-01	1.610500588054272764e-01	2.563905723207902110e-01	1.537312479954520972e-01	7.378304163686393025e-02	3.041298075885656357e-02	7.688988662763494852e-02
1.202185898093337983e+03	2.474041206090065170e-01	1.608318552600096762e-01	2.566245858155418169e-01	1.538703283218961215e-01	7.384215261879653602e-02	3.045289726182836415e-02	7.697406011259902425e-02
1.204604783200165684e+03	2.470669998771946874e-01	1.606142524826556506e-01	2.568579246090008095e-01	1.540090019969616031e-01	7.390109035914042834e-02	3.049271799764719654e-02	7.705801267707762525e-02
1.207023668306993159e+03	2.467308468829143564e-01	1.603972488033531818e-01	2.570905906055653278e-01	1.541472702219969515e-01	7.395985536954752249e-02	3.053244303087836869e-02	7.714174508542219477e-02
1.209442553413820860e+03	2.463956588579387652e-01	1.601808425567477767e-01	2.573225857044465492e-01	1.542851341949748323e-01	7.401844816029609642e-02	3.057207243140216968e-02	7.722525809387167928e-02
1.211861438520648335e+03	2.460614330420894946e-01	1.599650320821294214e-01	2.575539117996772376e-01	1.544225951104965244e-01	7.407686924029024955e-02	3.061160627423289635e-02	7.730855245076212467e-02
1.214280323627476264e+03	2.457281666832088485e-01	1.597498157234198135e-01	2.577845707801200148e-01	1.545596541597962781e-01	7.413511911705959745e-02	3.065104463934344853e-02	7.739162889672994428e-02
1.216699208734303511e+03	2.453958570371324865e-01	1.595351918291594284e-01	2.580145645294766865e-01	1.546963125307458942e-01	7.419319829675906364e-02	3.069038761149535041e-02	7.747448816490906665e-02
1.219118093841131440e+03	2.450645013676620576e-01	1.593211587524947237e-01	2.582438949262968464e-01	1.548325714078594706e-01	7.425110728416879635e-02	3.072963528007400733e-02	7.755713098112207438e-02
1.221536978947959142e+03	2.447340969465380822e-01	1.591077148511653161e-01	2.584725638439872575e-01	1.549684319722983428e-01	7.430884658269422405e-02	3.076878773892906260e-02	7.763955806406570848e-02
1.223955864054786844e+03	2.444046410534132796e-01	1.588948584874912140e-01	2.587005731508207340e-01	1.551038954018760796e-01	7.436641669436624968e-02	3.080784508621966719e-02	7.772177012549073838e-02
1.226374749161614318e+03	2.440761309758258391e-01	1.586825880283601331e-01	2.589279247099459669e-01	1.552389628710635905e-01	7.442381811984150053e-02	3.084680742426452668e-02	7.780376787037633635e-02
1.228793634268442020e+03	2.437485640091730243e-01	1.584709018452148122e-01	2.591546203793967940e-01	1.553736355509944822e-01	7.448105135840277224e-02	3.088567485939660434e-02	7.788555199709944199e-02
1.231212519375269494e+03	2.434219374566848892e-01	1.582597983140402453e-01	2.593806620121018036e-01	1.555079146094704712e-01	7.453811690795951461e-02	3.092444750182227892e-02	7.796712319759878385e-02
1.233631404482097196e+03	2.430962486293982983e-01	1.580492758153511923e-01	2.596060514558941601e-01	1.556418012109668514e-01	7.459501526504848379e-02	3.096312546548488087e-02	7.804848215753411311e-02
1.236050289588924898e+03	2.427714948461310307e-01	1.578393327341794661e-01	2.598307905535216511e-01	1.557752965166382397e-01	7.465174692483446395e-02	3.100170886793244748e-02	7.812962955644067731e-02
1.238469174695752372e+03	2.424476734334561900e-01	1.576299674600613598e-01	2.600548811426564577e-01	1.559084016843242659e-01	7.470831238111108608e-02	3.104019783018955106e-02	7.821056606787900323e-02
1.240888059802580301e+03	2.421247817256766133e-01	1.574211783870253512e-01	2.602783250559054240e-01	1.560411178685554845e-01	7.476471212630175778e-02	3.107859247663311009e-02	7.829129235958019739e-02
1.243306944909407548e+03	2.418028170647995856e-01	1.572129639135792234e-01	2.605011241208201600e-01	1.561734462205593699e-01	7.482094665146064860e-02	3.111689293487203065e-02	7.837180909358691661e-02
1.245725830016235477e+03	2.414817768005117771e-01	1.570053224426978811e-01	2.607232801599073113e-01	1.563053878882663117e-01	7.487701644627381414e-02	3.115509933563057401e-02	7.845211692639016132e-02
1.248144715123063179e+03	2.411616582901542349e-01	1.567982523818108875e-01	2.609447949906392172e-01	1.564369440163158875e-01	7.493292199906038953e-02	3.119321181263536025e-02	7.853221650906186402e-02
1.250563600229890881e+03	2.408424588986974313e-01	1.565917521427899473e-01	2.611656704254640138e-01	1.565681157460630246e-01	7.498866379677390781e-02	3.123123050250583774e-02	7.861210848738363344e-02
1.252982485336718355e+03	2.405241759987169492e-01	1.563858201419366101e-01	2.613859082718165139e-01	1.566989042155844669e-01	7.504424232500357672e-02	3.126915554464816671e-02	7.869179350197157141e-02
1.255401370443546057e+03	2.402068069703686415e-01	1.561804547999699200e-01	2.616055103321286990e-01	1.568293105596850479e-01	7.509965806797577748e-02	3.130698708115239870e-02	7.877127218839739820e-02
1.257820255550373531e+03	2.398903492013645944e-01	1.559756545420141194e-01	2.618244784038405437e-01	1.569593359099043239e-01	7.515491150855554969e-02	3.134472525669281667e-02	7.885054517730594181e-02
1.260239140657201460e+03	2.395748000869487582e-01	1.557714177975864089e-01	2.620428142794107851e-01	1.570889813945231805e-01	7.521000312824815959e-02	3.138237021843141850e-02	7.892961309452919960e-02
1.262658025764028707e+03	2.392601570298730218e-01	1.555677430005846518e-01	2.622605197463278026e-01	1.572182481385704100e-01	7.526493340720077918e-02	3.141992211592432860e-02	7.900847656119690254e-02
1.265076910870856636e+03	2.389464174403732322e-01	1.553646285892751888e-01	2.624775965871206651e-01	1.573471372638295396e-01	7.531970282420420715e-02	3.145738110103117602e-02	7.908713619384383220e-02
1.267495795977684338e+03	2.386335787361456851e-01	1.551620730062807374e-01	2.626940465793700108e-01	1.574756498888455203e-01	7.537431185669463130e-02	3.149474732782725495e-02	7.916559260451398738e-02
1.269914681084511813e+03	2.383216383423232831e-01	1.549600746985681232e-01	2.629098714957192051e-01	1.576037871289317494e-01	7.542876098075551594e-02	3.153202095251842613e-02	7.924384640086155895e-02
1.272333566191339514e+03	2.380105936914521936e-01	1.547586321174362900e-01	2.631250731038853319e-01	1.577315500961768979e-01	7.548305067111946154e-02	3.156920213335866893e-02	7.932189818624899025e-02
1.274752451298167216e+03	2.377004422234686165e-01	1.545577437185041425e-01	2.633396531666706841e-01	1.578589398994518500e-01	7.553718140117024471e-02	3.160629103057018691e-02	7.939974855984212321e-02
1.277171336404994690e+03	2.373911813856754149e-01	1.543574079616985562e-01	2.635536134419737553e-01	1.579859576444169467e-01	7.559115364294474726e-02	3.164328780626600446e-02	7.947739811670245791e-02
1.279590221511822392e+03	2.370828086327192163e-01	1.541576233112423033e-01	2.637669556828005635e-01	1.581126044335289249e-01	7.564496786713512111e-02	3.168019262437497818e-02	7.955484744787674756e-02
1.282009106618650094e+03	2.367753214265674033e-01	1.539583882356421740e-01	2.639796816372761423e-01	1.582388813660481064e-01	7.569862454309089772e-02	3.171700565056914667e-02	7.963209714048394283e-02
1.284427991725477568e+03	2.364687172364853540e-01	1.537597012076769576e-01	2.641917930486558097e-01	1.583647895380456416e-01	7.575212413882115303e-02	3.175372705219334235e-02	7.970914777779949945e-02
1.286846876832305497e+03	2.361629935390138213e-01	1.535615607043855357e-01	2.644032916553366030e-01	1.584903300424107819e-01	7.580546712099674178e-02	3.179035699819698912e-02	7.978599993933727097e-02
1.289265761939132744e+03	2.358581478179462843e-01	1.533639652070550030e-01	2.646141791908687702e-01	1.586155039688580959e-01	7.585865395495258734e-02	3.182689565906803714e-02	7.986265420092893141e-02
1.291684647045960673e+03	2.355541775643065217e-01	1.531669132012088708e-01	2.648244573839673710e-01	1.587403124039348801e-01	7.591168510468999930e-02	3.186334320676897230e-02	7.993911113480108022e-02
1.294103532152788375e+03	2.352510802763263797e-01	1.529704031765951322e-01	2.650341279585236576e-01	1.588647564310285420e-01	7.596456103287904660e-02	3.189969981467481036e-02	8.001537130965012679e-02
1.296522417259616077e+03	2.349488534594235956e-01	1.527744336271746051e-01	2.652431926336167312e-01	1.589888371303739834e-01	7.601728220086093057e-02	3.193596565751302685e-02	8.009143529071484358e-02
1.298941302366443551e+03	2.346474946261795924e-01	1.525790030511091355e-01	2.654516531235251442e-01	1.591125555790610102e-01	7.606984906865049689e-02	3.197214091130538144e-02	8.016730363984696239e-02
1.301360187473271253e+03	2.343470012963175531e-01	1.523841099507498298e-01	2.656595111377386131e-01	1.592359128510419664e-01	7.612226209493867801e-02	3.200822575331156022e-02	8.024297691557955026e-02
1.303779072580098727e+03	2.340473709966806315e-01	1.521897528326253413e-01	2.658667683809696203e-01	1.593589100171391715e-01	7.617452173709500507e-02	3.204422036197455970e-02	8.031845567319338686e-02
1.306197957686926657e+03	2.337486012612101649e-01	1.519959302074303797e-01	2.660734265531650711e-01	1.594815481450525263e-01	7.622662845117018915e-02	3.208012491686783318e-02	8.039374046478156566e-02
1.308616842793753904e+03	2.334506896309239410e-01	1.518026405900139431e-01	2.662794873495180070e-01	1.596038282993670065e-01	7.627858269189873031e-02	3.211593959864404019e-02	8.046883183931201333e-02
1.311035727900581833e+03	2.331536336538948539e-01	1.516098824993677152e-01	2.664849524604795405e-01	1.597257515415603790e-01	7.633038491270148496e-02	3.215166458898543328e-02	8.054373034268827447e-02
1.313454613007409534e+03	2.328574308852292551e-01	1.514176544586145201e-01	2.666898235717703458e-01	1.598473189300107788e-01	7.638203556568839980e-02	3.218730007055582709e-02	8.061843651780851994e-02
1.315873498114237009e+03	2.325620788870457756e-01	1.512259549949969417e-01	2.668941023643925381e-01	1.599685315200044533e-01	7.643353510166113474e-02	3.222284622695402445e-02	8.069295090462280662e-02
1.318292383221064711e+03	2.322675752284539819e-01	1.510347826398655002e-01	2.670977905146414977e-01	1.600893903637433391e-01	7.648488397011581064e-02	3.225830324266874827e-02	8.076727404018874124e-02
1.320711268327892412e+03	2.319739174855333097e-01	1.508441359286675498e-01	2.673008896941176937e-01	1.602098965103528616e-01	7.653608261924574330e-02	3.229367130303496120e-02	8.084140645872542330e-02
1.323130153434719887e+03	2.316811032413120530e-01	1.506540134009355658e-01	2.675034015697385081e-01	1.603300510058896788e-01	7.658713149594423286e-02	3.232895059419162165e-02	8.091534869166593091e-02
1.325549038541547588e+03	2.313891300857462974e-01	1.504644136002758481e-01	2.677053278037498374e-01	1.604498548933492863e-01	7.663803104580732550e-02	3.236414130304068881e-02	8.098910126770816897e-02
1.327967923648375290e+03	2.310979956156992698e-01	1.502753350743572247e-01	2.679066700537384160e-01	1.605693092126740107e-01	7.668878171313661674e-02	3.239924361720750851e-02	8.106266471286439901e-02
1.330386808755202765e+03	2.308076974349204114e-01	1.500867763748995054e-01	2.681074299726431409e-01	1.606884150007606149e-01	7.673938394094216575e-02	3.243425772500239251e-02	8.113603955050921468e-02
1.332805693862030694e+03	2.305182331540247820e-01	1.498987360576622963e-01	2.683076092087672837e-01	1.608071732914682084e-01	7.678983817094532649e-02	3.246918381538341225e-02	8.120922630142615728e-02
1.335224578968857941e+03	2.302296003904724386e-01	1.497112126824337863e-01	2.685072094057902037e-01	1.609255851156259354e-01	7.684014484358159258e-02	3.250402207792043446e-02	8.128222548385304058e-02
1.337643464075685870e+03	2.299417967685481179e-01	1.495242048130193402e-01	2.687062322027792272e-01	1.610436515010409131e-01	7.689030439800355332e-02	3.253877270276020472e-02	8.135503761352595731e-02
1.340062349182513572e+03	2.296548199193406692e-01	1.493377110172304234e-01	2.689046792342016934e-01	1.611613734725060865e-01	7.694031727208379412e-02	3.257343588059261746e-02	8.142766320372196720e-02
1.342481234289341273e+03	2.293686674807228487e-01	1.491517298668732783e-01	2.691025521299367229e-01	1.612787520518079165e-01	7.699018390241786636e-02	3.260801180261803378e-02	8.150010276530061937e-02
1.344900119396168748e+03	2.290833370973309469e-01	1.489662599377378771e-01	2.692998525152868750e-01	1.613957882577344571e-01	7.703990472432721559e-02	3.264250066051561233e-02	8.157235680674429501e-02
1.347319004502996449e+03	2.287988264205448874e-01	1.487812998095866812e-01	2.694965820109903598e-01	1.615124831060830435e-01	7.708948017186217916e-02	3.267690264641268799e-02	8.164442583419738442e-02
1.349737889609823924e+03	2.285151331084680215e-01	1.485968480661437052e-01	2.696927422332328073e-01	1.616288376096682300e-01	7.713891067780495603e-02	3.271121795285510114e-02	8.171631035150433986e-02
1.352156774716651853e+03	2.282322548259072270e-01	1.484129032950832483e-01	2.698883347936592014e-01	1.617448527783297008e-01	7.718819667367264603e-02	3.274544677277849841e-02	8.178801086024663214e-02
1.354575659823479100e+03	2.279501892443529520e-01	1.482294640880190695e-01	2.700833612993855382e-01	1.618605296189401244e-01	7.723733858972026134e-02	3.277958929948050770e-02	8.185952785977873569e-02
1.356994544930307029e+03	2.276689340419594532e-01	1.480465290404932299e-01	2.702778233530110374e-01	1.619758691354130087e-01	7.728633685494375183e-02	3.281364572659384998e-02	8.193086184726296184e-02
1.359413430037134731e+03	2.273884869035250333e-01	1.478640967519651295e-01	2.704717225526296898e-01	1.620908723287106390e-01	7.733519189708305819e-02	3.284761624806029068e-02	8.200201331770347324e-02
1.361832315143962205e+03	2.271088455204725298e-01	1.476821658258006542e-01	2.706650604918423020e-01	1.622055401968519883e-01	7.738390414262519279e-02	3.288150105810545148e-02	8.207298276397922976e-02
1.364251200250789907e+03	2.268300075908295799e-01	1.475007348692611575e-01	2.708578387597683212e-01	1.623198737349206278e-01	7.743247401680725117e-02	3.291530035121439240e-02	8.214377067687600453e-02
1.366670085357617609e+03	2.265519708192091919e-01	1.473198024934926631e-01	2.710500589410577144e-01	1.624338739350725258e-01	7.748090194361960392e-02	3.294901432210798481e-02	8.221437754511760898e-02
1.369088970464445310e+03	2.262747329167903720e-01	1.471393673135149571e-01	2.712417226159029027e-01	1.625475417865440420e-01	7.752918834580885266e-02	3.298264316572010330e-02	8.228480385539613251e-02
1.371507855571272785e+03	2.259982916012986953e-01	1.469594279482107635e-01	2.714328313600502529e-01	1.626608782756598093e-01	7.757733364488100802e-02	3.301618707717546980e-02	8.235505009240134955e-02
1.373926740678100487e+03	2.257226445969871265e-01	1.467799830203149747e-01	2.716233867448123451e-01	1.627738843858406170e-01	7.762533826110466773e-02	3.304964625176828874e-02	8.242511673884937717e-02
1.376345625784927961e+03	2.254477896346167021e-01	1.466010311564038826e-01	2.718133903370794635e-01	1.628865610976113210e-01	7.767320261351397248e-02	3.308302088494153442e-02	8.249500427551054171e-02
1.378764510891755890e+03	2.251737244514376290e-01	1.464225709868844094e-01	2.720028436993315313e-01	1.629989093886086982e-01	7.772092711991188119e-02	3.311631117226691151e-02	8.256471318123632941e-02
1.381183395998583137e+03	2.249004467911700222e-01	1.462446011459834216e-01	2.721917483896499901e-01	1.631109302335894407e-01	7.776851219687321015e-02	3.314951730942547470e-02	8.263424393298578197e-02
1.383602281105411066e+03	2.246279544039850584e-01	1.460671202717370998e-01	2.723801059617294573e-01	1.632226246044379547e-01	7.781595825974783887e-02	3.318263949218890757e-02	8.270359700585103169e-02
1.386021166212238768e+03	2.243562450464859914e-01	1.458901270059802247e-01	2.725679179648894945e-01	1.633339934701742435e-01	7.786326572266379087e-02	3.321567791640134271e-02	8.277277287308223985e-02
1.388440051319066470e+03	2.240853164816893894e-01	1.457136199943356303e-01	2.727551859440864312e-01	1.634450377969618728e-01	7.791043499853043952e-02	3.324863277796184791e-02	8.284177200611173020e-02
1.390858936425893944e+03	2.238151664790062334e-01	1.455375978862035180e-01	2.729419114399251334e-01	1.635557585481157428e-01	7.795746649904165826e-02	3.328150427280744672e-02	8.291059487457759503e-02
1.393277821532721646e+03	2.235457928142234596e-01	1.453620593347509649e-01	2.731280959886705495e-01	1.636661566841099980e-01	7.800436063467895698e-02	3.331429259689672184e-02	8.297924194634659356e-02
1.395696706639549120e+03	2.232771932694850858e-01	1.451870029969014320e-01	2.733137411222597568e-01	1.637762331625859658e-01	7.805111781471466004e-02	3.334699794619392504e-02	8.304771368753635641e-02
1.398115591746377049e+03	2.230093656332738095e-01	1.450124275333241619e-01	2.734988483683134519e-01	1.638859889383598722e-01	7.809773844721512592e-02	3.337962051665363528e-02	8.311601056253715980e-02
1.400534476853204296e+03	2.227423077003923835e-01	1.448383316084237982e-01	2.736834192501474972e-01	1.639954249634307804e-01	7.814422293904380035e-02	3.341216050420592332e-02	8.318413303403299208e-02
1.402953361960032225e+03	2.224760172719453255e-01	1.446647138903299212e-01	2.738674552867849110e-01	1.641045421869884446e-01	7.819057169586451916e-02	3.344461810474199520e-02	8.325208156302209284e-02
1.405372247066859927e+03	2.222104921553204604e-01	1.444915730508865570e-01	2.740509579929672479e-01	1.642133415554210552e-01	7.823678512214461700e-02	3.347699351410034913e-02	8.331985660883688138e-02
1.407791132173687402e+03	2.219457301641706293e-01	1.443189077656419628e-01	2.742339288791664775e-01	1.643218240123232032e-01	7.828286362115811914e-02	3.350928692805331399e-02	8.338745862916349672e-02
1.410210017280515103e+03	2.216817291183954541e-01	1.441467167138381078e-01	2.744163694515962537e-01	1.644299904985035699e-01	7.832880759498897505e-02	3.354149854229412919e-02	8.345488808006067127e-02
1.412628902387342805e+03	2.214184868441232412e-01	1.439749985784004593e-01	2.745982812122239602e-01	1.645378419519928082e-01	7.837461744453416701e-02	3.357362855242439909e-02	8.352214541597816067e-02
1.415047787494170507e+03	2.211560011736927733e-01	1.438037520459275742e-01	2.747796656587818687e-01	1.646453793080512595e-01	7.842029356950694363e-02	3.360567715394199156e-02	8.358923108977475702e-02
1.417466672600997981e+03	2.208942699456353242e-01	1.436329758066809126e-01	2.749605242847790731e-01	1.647526034991768640e-01	7.846583636843995624e-02	3.363764454222934602e-02	8.365614555273570563e-02
1.419885557707825683e+03	2.206332910046566176e-01	1.434626685545746794e-01	2.751408585795127593e-01	1.648595154551127651e-01	7.851124623868856178e-02	3.366953091254214214e-02	8.372288925458971909e-02
1.422304442814653157e+03	2.203730622016189800e-01	1.432928289871654159e-01	2.753206700280796948e-01	1.649661161028552481e-01	7.855652357643386208e-02	3.370133645999841276e-02	8.378946264352561679e-02
1.424723327921481086e+03	2.201135813935234109e-01	1.431234558056419248e-01	2.754999601113880536e-01	1.650724063666614283e-01	7.860166877668600671e-02	3.373306137956796902e-02	8.385586616620843703e-02
1.427142213028308333e+03	2.198548464434918470e-01	1.429545477148151389e-01	2.756787303061686845e-01	1.651783871680569393e-01	7.864668223328731556e-02	3.376470586606220708e-02	8.392210026779516052e-02
1.429561098135136262e+03	2.195968552207493707e-01	1.427861034231079074e-01	2.758569820849864351e-01	1.652840594258437046e-01	7.869156433891549840e-02	3.379627011412429660e-02	8.398816539195005926e-02
1.431979983241963964e+03	2.193396056006065575e-01	1.426181216425450038e-01	2.760347169162518655e-01	1.653894240561077089e-01	7.873631548508681910e-02	3.382775431821963275e-02	8.405406198085961511e-02
1.434398868348791666e+03	2.190830954644418516e-01	1.424506010887430507e-01	2.762119362642325160e-01	1.654944819722266314e-01	7.878093606215931521e-02	3.385915867262668383e-02	8.411979047524711928e-02
1.436817753455619140e+03	2.188273226996839960e-01	1.422835404809003057e-01	2.763886415890643988e-01	1.655992340848775890e-01	7.882542645933592051e-02	3.389048337142813727e-02	8.418535131438681374e-02
1.439236638562446842e+03	2.185722851997944916e-01	1.421169385417869191e-01	2.765648343467631554e-01	1.657036813020447419e-01	7.886978706466771238e-02	3.392172860850233007e-02	8.425074493611774129e-02
1.441655523669274316e+03	2.183179808642502773e-01	1.419507939977346644e-01	2.767405159892358801e-01	1.658078245290270092e-01	7.891401826505706207e-02	3.395289457751500539e-02	8.431597177685723477e-02
1.444074408776102018e+03	2.180644075985261610e-01	1.417851055786272518e-01	2.769156879642917235e-01	1.659116646684458130e-01	7.895812044626078496e-02	3.398398147191134672e-02	8.438103227161407316e-02
1.446493293882929493e+03	2.178115633140776386e-01	1.416198720178901416e-01	2.770903517156539375e-01	1.660152026202524889e-01	7.900209399289337409e-02	3.401498948490826874e-02	8.444592685400126308e-02
1.448912178989757422e+03	2.175594459283235749e-01	1.414550920524809130e-01	2.772645086829707006e-01	1.661184392817361410e-01	7.904593928843013650e-02	3.404591880948704824e-02	8.451065595624862592e-02
1.451331064096585123e+03	2.173080533646289114e-01	1.412907644228791060e-01	2.774381603018265530e-01	1.662213755475311361e-01	7.908965671521037133e-02	3.407676963838614237e-02	8.457522000921488536e-02
1.453749949203412370e+03	2.170573835522876527e-01	1.411268878730765897e-01	2.776113080037536651e-01	1.663240123096247636e-01	7.913324665444053385e-02	3.410754216409427747e-02	8.463961944239967172e-02
1.456168834310240300e+03	2.168074344265056019e-01	1.409634611505675983e-01	2.777839532162429403e-01	1.664263504573647301e-01	7.917670948619741356e-02	3.413823657884382246e-02	8.470385468395508211e-02
1.458587719417068001e+03	2.165582039283834026e-01	1.408004830063391000e-01	2.779560973627551723e-01	1.665283908774667920e-01	7.922004558943127051e-02	3.416885307460438420e-02	8.476792616069703246e-02
1.461006604523895703e+03	2.163096900048995797e-01	1.406379521948608324e-01	2.781277418627325360e-01	1.666301344540223051e-01	7.926325534196899947e-02	3.419939184307661112e-02	8.483183429811627652e-02
1.463425489630723177e+03	2.160618906088934699e-01	1.404758674740756996e-01	2.782988881316093566e-01	1.667315820685057182e-01	7.930633912051730794e-02	3.422985307568622571e-02	8.489557952038929989e-02
1.465844374737550879e+03	2.158148036990484298e-01	1.403142276053900572e-01	2.784695375808233786e-01	1.668327345997822342e-01	7.934929730066583864e-02	3.426023696357833465e-02	8.495916225038875613e-02
1.468263259844378354e+03	2.155684272398749601e-01	1.401530313536640537e-01	2.786396916178269789e-01	1.669335929241150818e-01	7.939213025689033365e-02	3.429054369761184995e-02	8.502258290969379184e-02
1.470682144951206283e+03	2.153227592016939973e-01	1.399922774872017495e-01	2.788093516460979915e-01	1.670341579151732037e-01	7.943483836255578467e-02	3.432077346835420151e-02	8.508584191860016355e-02
1.473101030058033530e+03	2.150777975606200654e-01	1.398319647777418184e-01	2.789785190651509206e-01	1.671344304440386119e-01	7.947742198991952778e-02	3.435092646607619538e-02	8.514893969612995217e-02
1.475519915164861459e+03	2.148335402985447062e-01	1.396720920004476951e-01	2.791471952705479320e-01	1.672344113792139930e-01	7.951988151013442141e-02	3.438100288074708022e-02	8.521187666004123584e-02
1.477938800271689161e+03	2.145899854031198262e-01	1.395126579338981099e-01	2.793153816539098444e-01	1.673341015866299797e-01	7.956221729325194114e-02	3.441100290202982886e-02	8.527465322683742965e-02
1.480357685378516862e+03	2.143471308677410703e-01	1.393536613600775964e-01	2.794830796029272868e-01	1.674335019296527005e-01	7.960442970822532993e-02	3.444092671927655169e-02	8.533726981177645887e-02
1.482776570485344337e+03	2.141049746915314467e-01	1.391951010643667774e-01	2.796502905013711349e-01	1.675326132690911074e-01	7.964651912291270675e-02	3.447077452152407656e-02	8.539972682887968236e-02
