1.001418434226643626e+03	2.848615190158874655e-01	1.715625035254224606e-01	2.350977442911756088e-01	1.421448956315631007e-01	6.898928291112885192e-02	2.755202256230506602e-02	6.979203206248349445e-02
1.003837319333471214e+03	2.844256024107135183e-01	1.712944551130844983e-01	2.353969745540746838e-01	1.423237622229929777e-01	6.906306376532646285e-02	2.759467208182387124e-02	6.990146985195001827e-02
1.006256204440298802e+03	2.839909417355737098e-01	1.710271790569571626e-01	2.356953218154445584e-01	1.425020835185529244e-01	6.913663199054245756e-02	2.763723948579745876e-02	7.001060239709784583e-02
1.008675089547126618e+03	2.835575333645607987e-01	1.707606731268457578e-01	2.359927886328017643e-01	1.426798613212022504e-01	6.920998819691125126e-02	2.767972484136104958e-02	7.011943051628329038e-02
1.011093974653954206e+03	2.831253736822714751e-01	1.704949350990191126e-01	2.362893775562739107e-01	1.428570974269592897e-01	6.928313299303387462e-02	2.772212821612694139e-02	7.022795502628161046e-02
1.013512859760782021e+03	2.826944590837754956e-01	1.702299627561906226e-01	2.365850911286210279e-01	1.430337936249374275e-01	6.935606698597980568e-02	2.776444967818141041e-02	7.033617674228043182e-02
1.015931744867609382e+03	2.822647859745853194e-01	1.699657538874994045e-01	2.368799318852570224e-01	1.432099516973805997e-01	6.942879078128862125e-02	2.780668929608160270e-02	7.044409647787362727e-02
1.018350629974437197e+03	2.818363507706254656e-01	1.697023062884915612e-01	2.371739023542707436e-01	1.433855734196989862e-01	6.950130498297185655e-02	2.784884713885239435e-02	7.055171504505518276e-02
1.020769515081264785e+03	2.814091498982022044e-01	1.694396177611012799e-01	2.374670050564473833e-01	1.435606605605039832e-01	6.957361019351464282e-02	2.789092327598330368e-02	7.065903325421334091e-02
1.023188400188092373e+03	2.809831797939733034e-01	1.691776861136322918e-01	2.377592425052894864e-01	1.437352148816432584e-01	6.964570701387751139e-02	2.793291777742536175e-02	7.076605191412491114e-02
1.025607285294920075e+03	2.805584369049176074e-01	1.689165091607392477e-01	2.380506172070381288e-01	1.439092381382353070e-01	6.971759604349815620e-02	2.797483071358800033e-02	7.087277183194974628e-02
1.028026170401747549e+03	2.801349176883050074e-01	1.686560847234090388e-01	2.383411316606937891e-01	1.440827320787038957e-01	6.978927788029308521e-02	2.801666215533591894e-02	7.097919381322539967e-02
1.030445055508575479e+03	2.797126186116667412e-01	1.683964106289423945e-01	2.386307883580374989e-01	1.442556984448121193e-01	6.986075312065943843e-02	2.805841217398599013e-02	7.108531866186193482e-02
1.032863940615402726e+03	2.792915361527648632e-01	1.681374847109354254e-01	2.389195897836516591e-01	1.444281389716963737e-01	6.993202235947675038e-02	2.810008084130412656e-02	7.119114718013691556e-02
1.035282825722230655e+03	2.788716667995627674e-01	1.678793048092611373e-01	2.392075384149408845e-01	1.446000553878999395e-01	7.000308619010861544e-02	2.814166822950217237e-02	7.129668016869057656e-02
1.037701710829058356e+03	2.784530070501954335e-01	1.676218687700511689e-01	2.394946367221527095e-01	1.447714494154064002e-01	7.007394520440450580e-02	2.818317441123478068e-02	7.140191842652109100e-02
1.040120595935886058e+03	2.780355534129396733e-01	1.673651744456774726e-01	2.397808871683983767e-01	1.449423227696726990e-01	7.014459999270150625e-02	2.822459945959631192e-02	7.150686275098008804e-02
1.042539481042713533e+03	2.776193024061844872e-01	1.671092196947340514e-01	2.400662922096734875e-01	1.451126771596621123e-01	7.021505114382604884e-02	2.826594344811770437e-02	7.161151393776825358e-02
1.044958366149541234e+03	2.772042505584016436e-01	1.668540023820188345e-01	2.403508542948786242e-01	1.452825142878768905e-01	7.028529924509571702e-02	2.830720645076337597e-02	7.171587278093109752e-02
1.047377251256368709e+03	2.767903944081163692e-01	1.665995203785155532e-01	2.406345758658397505e-01	1.454518358503905373e-01	7.035534488232096650e-02	2.834838854192811564e-02	7.181994007285490145e-02
1.049796136363196410e+03	2.763777305038778165e-01	1.663457715613756716e-01	2.409174593573288892e-01	1.456206435368801733e-01	7.042518863980695709e-02	2.838948979643397472e-02	7.192371660426274960e-02
1.052215021470024112e+03	2.759662554042298654e-01	1.660927538139002901e-01	2.411995071970843840e-01	1.457889390306583988e-01	7.049483110035525968e-02	2.843051028952715484e-02	7.202720316421078184e-02
1.054633906576851814e+03	2.755559656776824240e-01	1.658404650255223267e-01	2.414807218058313554e-01	1.459567240087049078e-01	7.056427284526574362e-02	2.847145009687491665e-02	7.213040054008450219e-02
1.057052791683679516e+03	2.751468579026816186e-01	1.655889030917884752e-01	2.417611055973019063e-01	1.461240001416981293e-01	7.063351445433828368e-02	2.851230929456248508e-02	7.223330951759530938e-02
1.059471676790506763e+03	2.747389286675813169e-01	1.653380659143414977e-01	2.420406609782554119e-01	1.462907690940463412e-01	7.070255650587461971e-02	2.855308795908995112e-02	7.233593088077708289e-02
1.061890561897334692e+03	2.743321745706142623e-01	1.650879514009022386e-01	2.423193903484986977e-01	1.464570325239187287e-01	7.077139957668016068e-02	2.859378616736917011e-02	7.243826541198296332e-02
1.064309447004162394e+03	2.739265922198630410e-01	1.648385574652521113e-01	2.425972961009061624e-01	1.466227920832761933e-01	7.084004424206577499e-02	2.863440399672068787e-02	7.254031389188224377e-02
1.066728332110990095e+03	2.735221782332315499e-01	1.645898820272151952e-01	2.428743806214398726e-01	1.467880494179019668e-01	7.090849107584966393e-02	2.867494152487065628e-02	7.264207709945735836e-02
1.069147217217817570e+03	2.731189292384162970e-01	1.643419230126407227e-01	2.431506462891694642e-01	1.469528061674318375e-01	7.097674065035916580e-02	2.871539882994774903e-02	7.274355581200106502e-02
1.071566102324645271e+03	2.727168418728778687e-01	1.640946783533854814e-01	2.434260954762921814e-01	1.471170639653844592e-01	7.104479353643265716e-02	2.875577599048009456e-02	7.284475080511364220e-02
1.073984987431472746e+03	2.723159127838123417e-01	1.638481459872962176e-01	2.437007305481527220e-01	1.472808244391911325e-01	7.111265030342137083e-02	2.879607308539219174e-02	7.294566285270032147e-02
1.076403872538300675e+03	2.719161386281232495e-01	1.636023238581923445e-01	2.439745538632631383e-01	1.474440892102255596e-01	7.118031151919131105e-02	2.883629019400186719e-02	7.304629272696880338e-02
1.078822757645127922e+03	2.715175160723930503e-01	1.633572099158481505e-01	2.442475677733225159e-01	1.476068598938334309e-01	7.124777775012509917e-02	2.887642739601719091e-02	7.314664119842682888e-02
1.081241642751955851e+03	2.711200417928549267e-01	1.631128021159758412e-01	2.445197746232367075e-01	1.477691380993615411e-01	7.131504956112387494e-02	2.891648477153344055e-02	7.324670903587994497e-02
1.083660527858783553e+03	2.707237124753646973e-01	1.628690984202079972e-01	2.447911767511380399e-01	1.479309254301869880e-01	7.138212751560922553e-02	2.895646240103003435e-02	7.334649700642929815e-02
1.086079412965611255e+03	2.703285248153729503e-01	1.626260967960802828e-01	2.450617764884048255e-01	1.480922234837460105e-01	7.144901217552510064e-02	2.899636036536750935e-02	7.344600587546969150e-02
1.088498298072438729e+03	2.699344755178966770e-01	1.623837952170143206e-01	2.453315761596810141e-01	1.482530338515626878e-01	7.151570410133972766e-02	2.903617874578446126e-02	7.354523640668753082e-02
1.090917183179266431e+03	2.695415612974918496e-01	1.621421916623004555e-01	2.456005780828956209e-01	1.484133581192773610e-01	7.158220385204756842e-02	2.907591762389452605e-02	7.364418936205906208e-02
1.093336068286093905e+03	2.691497788782253875e-01	1.619012841170806849e-01	2.458687845692821838e-01	1.485731978666749442e-01	7.164851198517126207e-02	2.911557708168334077e-02	7.374286550184863676e-02
1.095754953392921607e+03	2.687591249936475690e-01	1.616610705723315611e-01	2.461361979233980812e-01	1.487325546677129851e-01	7.171462905676362354e-02	2.915515720150553894e-02	7.384126558460703260e-02
1.098173838499749309e+03	2.683695963867643308e-01	1.614215490248472884e-01	2.464028204431439051e-01	1.488914300905495591e-01	7.178055562140960022e-02	2.919465806608173217e-02	7.393939036717002422e-02
1.100592723606577010e+03	2.679811898100097345e-01	1.611827174772225146e-01	2.466686544197826403e-01	1.490498256975708868e-01	7.184629223222828431e-02	2.923407975849549173e-02	7.403724060465685652e-02
1.103011608713404712e+03	2.675939020252185441e-01	1.609445739378357609e-01	2.469337021379590102e-01	1.492077430454188669e-01	7.191183944087484181e-02	2.927342236219036137e-02	7.413481705046899572e-02
1.105430493820231959e+03	2.672077298035988591e-01	1.607071164208322134e-01	2.471979658757185172e-01	1.493651836850184156e-01	7.197719779754266356e-02	2.931268596096685969e-02	7.423212045628881095e-02
1.107849378927059888e+03	2.668226699257048584e-01	1.604703429461071529e-01	2.474614479045265381e-01	1.495221491616045006e-01	7.204236785096530815e-02	2.935187063897948603e-02	7.432915157207850565e-02
1.110268264033887590e+03	2.664387191814094336e-01	1.602342515392891353e-01	2.477241504892874202e-01	1.496786410147490642e-01	7.210735014841855584e-02	2.939097648073376104e-02	7.442591114607902125e-02
1.112687149140715292e+03	2.660558743698772100e-01	1.599988402317231717e-01	2.479860758883633831e-01	1.498346607783878348e-01	7.217214523572249019e-02	2.943000357108322904e-02	7.452239992480909347e-02
1.115106034247542766e+03	2.656741322995372911e-01	1.597641070604542413e-01	2.482472263535935864e-01	1.499902099808468614e-01	7.223675365724359365e-02	2.946895199522650902e-02	7.461861865306436414e-02
1.117524919354370468e+03	2.652934897880566134e-01	1.595300500682105549e-01	2.485076041303128092e-01	1.501452901448687982e-01	7.230117595589675983e-02	2.950782183870433520e-02	7.471456807391660404e-02
1.119943804461197942e+03	2.649139436623128563e-01	1.592966673033870684e-01	2.487672114573703797e-01	1.502999027876391891e-01	7.236541267314745840e-02	2.954661318739660800e-02	7.481024892871301901e-02
1.122362689568025871e+03	2.645354907583675197e-01	1.590639568200288567e-01	2.490260505671489655e-01	1.504540494208124191e-01	7.242946434901378905e-02	2.958532612751944152e-02	7.490566195707556996e-02
1.124781574674853118e+03	2.641581279214393341e-01	1.588319166778148217e-01	2.492841236855832254e-01	1.506077315505376379e-01	7.249333152206870190e-02	2.962396074562224577e-02	7.500080789690052874e-02
1.127200459781681047e+03	2.637818520058777816e-01	1.586005449420410940e-01	2.495414330321784613e-01	1.507609506774843511e-01	7.255701472944199593e-02	2.966251712858479495e-02	7.509568748435795082e-02
1.129619344888508749e+03	2.634066598751361732e-01	1.583698396836048794e-01	2.497979808200292695e-01	1.509137082968678711e-01	7.262051450682265041e-02	2.970099536361430273e-02	7.519030145389131448e-02
1.132038229995336451e+03	2.630325484017452808e-01	1.581397989789878888e-01	2.500537692558379432e-01	1.510660058984747700e-01	7.268383138846082336e-02	2.973939553824251486e-02	7.528465053821722930e-02
1.134457115102163925e+03	2.626595144672869142e-01	1.579104209102402956e-01	2.503088005399332627e-01	1.512178449666878310e-01	7.274696590717011357e-02	2.977771774032281563e-02	7.537873546832518645e-02
1.136876000208991627e+03	2.622875549623677749e-01	1.576817035649644427e-01	2.505630768662885921e-01	1.513692269805111956e-01	7.280991859432975333e-02	2.981596205802733435e-02	7.547255697347740599e-02
1.139294885315819101e+03	2.619166667865928666e-01	1.574536450362985507e-01	2.508166004225403367e-01	1.515201534135951211e-01	7.287268997988680108e-02	2.985412857984404492e-02	7.556611578120878137e-02
1.141713770422646803e+03	2.615468468485395714e-01	1.572262434229007577e-01	2.510693733900066227e-01	1.516706257342604891e-01	7.293528059235834804e-02	2.989221739457391044e-02	7.565941261732686551e-02
1.144132655529474505e+03	2.611780920657312821e-01	1.569994968289329107e-01	2.513213979437050605e-01	1.518206454055235632e-01	7.299769095883376635e-02	2.993022859132801056e-02	7.575244820591192640e-02
1.146551540636302207e+03	2.608103993646117558e-01	1.567734033640447167e-01	2.515726762523712856e-01	1.519702138851200535e-01	7.305992160497694343e-02	2.996816225952467910e-02	7.584522326931707192e-02
1.148970425743129908e+03	2.604437656805186907e-01	1.565479611433575891e-01	2.518232104784771108e-01	1.521193326255294298e-01	7.312197305502857181e-02	3.000601848888665574e-02	7.593773852816848580e-02
1.151389310849957155e+03	2.600781879576583577e-01	1.563231682874487716e-01	2.520730027782484006e-01	1.522680030739987922e-01	7.318384583180836955e-02	3.004379736943824791e-02	7.602999470136562188e-02
1.153808195956785084e+03	2.597136631490792880e-01	1.560990229223354619e-01	2.523220553016835010e-01	1.524162266725667125e-01	7.324554045671741176e-02	3.008149899150249634e-02	7.612199250608159273e-02
1.156227081063612786e+03	2.593501882166470152e-01	1.558755231794589913e-01	2.525703701925711142e-01	1.525640048580871044e-01	7.330705744974039262e-02	3.011912344569835781e-02	7.621373265776354433e-02
1.158645966170440488e+03	2.589877601310179855e-01	1.556526671956689756e-01	2.528179495885080619e-01	1.527113390622525102e-01	7.336839732944795689e-02	3.015667082293789492e-02	7.630521587013315565e-02
1.161064851277267962e+03	2.586263758716143002e-01	1.554304531132076062e-01	2.530647956209174376e-01	1.528582307116175820e-01	7.342956061299903137e-02	3.019414121442346929e-02	7.639644285518706890e-02
1.163483736384095664e+03	2.582660324265982354e-01	1.552088790796939954e-01	2.533109104150663149e-01	1.530046812276223411e-01	7.349054781614311471e-02	3.023153471164493483e-02	7.648741432319758338e-02
1.165902621490923138e+03	2.579067267928464857e-01	1.549879432481084118e-01	2.535562960900837326e-01	1.531506920266151317e-01	7.355135945322266444e-02	3.026885140637687946e-02	7.657813098271322449e-02
1.168321506597751068e+03	2.575484559759251835e-01	1.547676437767767643e-01	2.538009547589782366e-01	1.532962645198756302e-01	7.361199603717542839e-02	3.030609139067582877e-02	7.666859354055940989e-02
1.170740391704578315e+03	2.571912169900644751e-01	1.545479788293550316e-01	2.540448885286556990e-01	1.534414001136375771e-01	7.367245807953688719e-02	3.034325475687750170e-02	7.675880270183930987e-02
1.173159276811406244e+03	2.568350068581332080e-01	1.543289465748136913e-01	2.542880994999369704e-01	1.535861002091113980e-01	7.373274609044253025e-02	3.038034159759403149e-02	7.684875916993455514e-02
1.175578161918233945e+03	2.564798226116141167e-01	1.541105451874223708e-01	2.545305897675754769e-01	1.537303662025066575e-01	7.379286057863035375e-02	3.041735200571122830e-02	7.693846364650619440e-02
1.177997047025061647e+03	2.561256612905784547e-01	1.538927728467343325e-01	2.547723614202745956e-01	1.538741994850544859e-01	7.385280205144317822e-02	3.045428607438585566e-02	7.702791683149554092e-02
1.180415932131889122e+03	2.557725199436611807e-01	1.536756277375710134e-01	2.550134165407055287e-01	1.540176014430296170e-01	7.391257101483113268e-02	3.049114389704288969e-02	7.711711942312517165e-02
1.182834817238716823e+03	2.554203956280359233e-01	1.534591080500069260e-01	2.552537572055242343e-01	1.541605734577725373e-01	7.397216797335406935e-02	3.052792556737280935e-02	7.720607211789998203e-02
1.185253702345544298e+03	2.550692854093903894e-01	1.532432119793541436e-01	2.554933854853894126e-01	1.543031169057114127e-01	7.403159343018400618e-02	3.056463117932889037e-02	7.729477561060824065e-02
1.187672587452371999e+03	2.547191863619014396e-01	1.530279377261471729e-01	2.557323034449793808e-01	1.544452331583837379e-01	7.409084788710755543e-02	3.060126082712450596e-02	7.738323059432272721e-02
1.190091472559199701e+03	2.543700955682103304e-01	1.528132834961278552e-01	2.559705131430095038e-01	1.545869235824580967e-01	7.414993184452843555e-02	3.063781460523044842e-02	7.747143776040188445e-02
1.192510357666027403e+03	2.540220101193982893e-01	1.525992475002299342e-01	2.562080166322495134e-01	1.547281895397555063e-01	7.420884580146991372e-02	3.067429260837224031e-02	7.755939779849106708e-02
1.194929242772855105e+03	2.536749271149619234e-01	1.523858279545642347e-01	2.564448159595407728e-01	1.548690323872709274e-01	7.426759025557730376e-02	3.071069493152748381e-02	7.764711139652383243e-02
1.197348127879682352e+03	2.533288436627886275e-01	1.521730230804034245e-01	2.566809131658132070e-01	1.550094534771943589e-01	7.432616570312046422e-02	3.074702166992320310e-02	7.773457924072320335e-02
1.199767012986510281e+03	2.529837568791323821e-01	1.519608311041671656e-01	2.569163102861023451e-01	1.551494541569319874e-01	7.438457263899632410e-02	3.078327291903317983e-02	7.782180201560311150e-02
1.202185898093337983e+03	2.526396638885892165e-01	1.517492502574068480e-01	2.571510093495668059e-01	1.552890357691271705e-01	7.444281155673135308e-02	3.081944877457534759e-02	7.790878040396972959e-02
1.204604783200165684e+03	2.522965618240731733e-01	1.515382787767910744e-01	2.573850123795047296e-01	1.554281996516811981e-01	7.450088294848414283e-02	3.085554933250914816e-02	7.799551508692299795e-02
1.207023668306993159e+03	2.519544478267919940e-01	1.513279149040903937e-01	2.576183213933712080e-01	1.555669471377739699e-01	7.455878730504794660e-02	3.089157468903292250e-02	7.808200674385806783e-02
1.209442553413820860e+03	2.516133190462230274e-01	1.511181568861626467e-01	2.578509384027948270e-01	1.557052795558846459e-01	7.461652511585317726e-02	3.092752494058130519e-02	7.816825605246685571e-02
1.211861438520648335e+03	2.512731726400892485e-01	1.509090029749381445e-01	2.580828654135947642e-01	1.558431982298119634e-01	7.467409686897001631e-02	3.096340018382263970e-02	7.825426368873963923e-02
1.214280323627476264e+03	2.509340057743352226e-01	1.507004514274049300e-01	2.583141044257974417e-01	1.559807044786947483e-01	7.473150305111098124e-02	3.099920051565639018e-02	7.834003032696668090e-02
1.216699208734303511e+03	2.505958156231033462e-01	1.504925005055940401e-01	2.585446574336532355e-01	1.561177996170318161e-01	7.478874414763349299e-02	3.103492603321056018e-02	7.842555663973986568e-02
1.219118093841131440e+03	2.502585993687097554e-01	1.502851484765648782e-01	2.587745264256534061e-01	1.562544849547023440e-01	7.484582064254245715e-02	3.107057683383915303e-02	7.851084329795442185e-02
1.221536978947959142e+03	2.499223542016208166e-01	1.500783936123905038e-01	2.590037133845464190e-01	1.563907617969855224e-01	7.490273301849285914e-02	3.110615301511960445e-02	7.859589097081068343e-02
1.223955864054786844e+03	2.495870773204293402e-01	1.498722341901430888e-01	2.592322202873549308e-01	1.565266314445805940e-01	7.495948175679240100e-02	3.114165467485024638e-02	7.868070032581578332e-02
1.226374749161614318e+03	2.492527659318309607e-01	1.496666684918795398e-01	2.594600491053919988e-01	1.566620951936263939e-01	7.501606733740412425e-02	3.117708191104777773e-02	7.876527202878558231e-02
1.228793634268442020e+03	2.489194172506006553e-01	1.494616948046267046e-01	2.596872018042778452e-01	1.567971543357210285e-01	7.507249023894897733e-02	3.121243482194475255e-02	7.884960674384643153e-02
1.231212519375269494e+03	2.485870284995691515e-01	1.492573114203671614e-01	2.599136803439560661e-01	1.569318101579413316e-01	7.512875093870849397e-02	3.124771350598705422e-02	7.893370513343710149e-02
1.233631404482097196e+03	2.482555969095996407e-01	1.490535166360247299e-01	2.601394866787103410e-01	1.570660639428620720e-01	7.518484991262743000e-02	3.128291806183142176e-02	7.901756785831068330e-02
1.236050289588924898e+03	2.479251197195643519e-01	1.488503087534501224e-01	2.603646227571805305e-01	1.571999169685752984e-01	7.524078763531642788e-02	3.131804858834293798e-02	7.910119557753657327e-02
1.238469174695752372e+03	2.475955941763213486e-01	1.486476860794065935e-01	2.605890905223792187e-01	1.573333705087094636e-01	7.529656458005463959e-02	3.135310518459258344e-02	7.918458894850240182e-02
1.240888059802580301e+03	2.472670175346911858e-01	1.484456469255556466e-01	2.608128919117077560e-01	1.574664258324483257e-01	7.535218121879243280e-02	3.138808794985474548e-02	7.926774862691612911e-02
1.243306944909407548e+03	2.469393870574339844e-01	1.482441896084427391e-01	2.610360288569726905e-01	1.575990842045498774e-01	7.540763802215404155e-02	3.142299698360477567e-02	7.935067526680807115e-02
1.245725830016235477e+03	2.466127000152261717e-01	1.480433124494833497e-01	2.612585032844018107e-01	1.577313468853651091e-01	7.546293545944028625e-02	3.145783238551654731e-02	7.943336952053295374e-02
1.248144715123063179e+03	2.462869536866376385e-01	1.478430137749485174e-01	2.614803171146602989e-01	1.578632151308566323e-01	7.551807399863118275e-02	3.149259425546001301e-02	7.951583203877204964e-02
1.250563600229890881e+03	2.459621453581086470e-01	1.476432919159507973e-01	2.617014722628668300e-01	1.579946901926172209e-01	7.557305410638873178e-02	3.152728269349881068e-02	7.959806347053537123e-02
1.252982485336718355e+03	2.456382723239271260e-01	1.474441452084302995e-01	2.619219706386095581e-01	1.581257733178883240e-01	7.562787624805956954e-02	3.156189779988780725e-02	7.968006446316375224e-02
1.255401370443546057e+03	2.453153318862057453e-01	1.472455719931405893e-01	2.621418141459622708e-01	1.582564657495782456e-01	7.568254088767772947e-02	3.159643967507074630e-02	7.976183566233112365e-02
1.257820255550373531e+03	2.449933213548592392e-01	1.470475706156346984e-01	2.623610046835001541e-01	1.583867687262804635e-01	7.573704848796730671e-02	3.163090841967783340e-02	7.984337771204676193e-02
1.260239140657201460e+03	2.446722380475817860e-01	1.468501394262511639e-01	2.625795441443157241e-01	1.585166834822916981e-01	7.579139951034520595e-02	3.166530413452334908e-02	7.992469125465748170e-02
1.262658025764028707e+03	2.443520792898243310e-01	1.466532767801000670e-01	2.627974344160348696e-01	1.586462112476299813e-01	7.584559441492391696e-02	3.169962692060331738e-02	8.000577693084996722e-02
1.265076910870856636e+03	2.440328424147721331e-01	1.464569810370493497e-01	2.630146773808322291e-01	1.587753532480524477e-01	7.589963366051416527e-02	3.173387687909311194e-02	8.008663537965308998e-02
1.267495795977684338e+03	2.437145247633221157e-01	1.462612505617107983e-01	2.632312749154472886e-01	1.589041107050731816e-01	7.595351770462774321e-02	3.176805411134513840e-02	8.016726723844024016e-02
1.269914681084511813e+03	2.433971236840607455e-01	1.460660837234263321e-01	2.634472288912001470e-01	1.590324848359808974e-01	7.600724700348021612e-02	3.180215871888647516e-02	8.024767314293171361e-02
1.272333566191339514e+03	2.430806365332415508e-01	1.458714788962542364e-01	2.636625411740068370e-01	1.591604768538565362e-01	7.606082201199371173e-02	3.183619080341658358e-02	8.032785372719705719e-02
1.274752451298167216e+03	2.427650606747628059e-01	1.456774344589555070e-01	2.638772136243953681e-01	1.592880879675906414e-01	7.611424318379965415e-02	3.187015046680496955e-02	8.040780962365755291e-02
1.277171336404994690e+03	2.424503934801453542e-01	1.454839487949801391e-01	2.640912480975210475e-01	1.594153193819009551e-01	7.616751097124155323e-02	3.190403781108887976e-02	8.048754146308863267e-02
1.279590221511822392e+03	2.421366323285105704e-01	1.452910202924534988e-01	2.643046464431819120e-01	1.595421722973494882e-01	7.622062582537776632e-02	3.193785293847102580e-02	8.056704987462229295e-02
1.282009106618650094e+03	2.418237746065582117e-01	1.450986473441627789e-01	2.645174105058344938e-01	1.596686479103598677e-01	7.627358819598431539e-02	3.197159595131730814e-02	8.064633548574966226e-02
1.284427991725477568e+03	2.415118177085443518e-01	1.449068283475433982e-01	2.647295421246089742e-01	1.597947474132342116e-01	7.632639853155760712e-02	3.200526695215452633e-02	8.072539892232349912e-02
1.286846876832305497e+03	2.412007590362595377e-01	1.447155617046655129e-01	2.649410431333249494e-01	1.599204719941703934e-01	7.637905727931729172e-02	3.203886604366814467e-02	8.080424080856066227e-02
1.289265761939132744e+03	2.408905959990069456e-01	1.445248458222206378e-01	2.651519153605064738e-01	1.600458228372786118e-01	7.643156488520901071e-02	3.207239332870003706e-02	8.088286176704471975e-02
1.291684647045960673e+03	2.405813260135803711e-01	1.443346791115081018e-01	2.653621606293974922e-01	1.601708011225984885e-01	7.648392179390726964e-02	3.210584891024624576e-02	8.096126241872854401e-02
1.294103532152788375e+03	2.402729465042426349e-01	1.441450599884216976e-01	2.655717807579769385e-01	1.602954080261155267e-01	7.653612844881813038e-02	3.213923289145476786e-02	8.103944338293683769e-02
1.296522417259616077e+03	2.399654549027038508e-01	1.439559868734363590e-01	2.657807775589741683e-01	1.604196447197778763e-01	7.658818529208213932e-02	3.217254537562332095e-02	8.111740527736883977e-02
1.298941302366443551e+03	2.396588486480998592e-01	1.437674581915948657e-01	2.659891528398840022e-01	1.605435123715127088e-01	7.664009276457707520e-02	3.220578646619716434e-02	8.119514871810089296e-02
1.301360187473271253e+03	2.393531251869705501e-01	1.435794723724944655e-01	2.661969084029820465e-01	1.606670121452427047e-01	7.669185130592078015e-02	3.223895626676690634e-02	8.127267431958913602e-02
1.303779072580098727e+03	2.390482819732384634e-01	1.433920278502738010e-01	2.664040460453394044e-01	1.607901452009024568e-01	7.674346135447399075e-02	3.227205488106629772e-02	8.134998269467215437e-02
1.306197957686926657e+03	2.387443164681873342e-01	1.432051230635995875e-01	2.666105675588381629e-01	1.609129126944544852e-01	7.679492334734318304e-02	3.230508241297009447e-02	8.142707445457371407e-02
1.308616842793753904e+03	2.384412261404406930e-01	1.430187564556535396e-01	2.668164747301860484e-01	1.610353157779056132e-01	7.684623772038336187e-02	3.233803896649187215e-02	8.150395020890544018e-02
1.311035727900581833e+03	2.381390084659405493e-01	1.428329264741192428e-01	2.670217693409315252e-01	1.611573555993228435e-01	7.689740490820091978e-02	3.237092464578190248e-02	8.158061056566956459e-02
1.313454613007409534e+03	2.378376609279261866e-01	1.426476315711690812e-01	2.672264531674787835e-01	1.612790333028494283e-01	7.694842534415648194e-02	3.240373955512498155e-02	8.165705613126164608e-02
1.315873498114237009e+03	2.375371810169129294e-01	1.424628702034511363e-01	2.674305279811024505e-01	1.614003500287206072e-01	7.699929946036775108e-02	3.243648379893835504e-02	8.173328751047338747e-02
1.318292383221064711e+03	2.372375662306711042e-01	1.422786408320762530e-01	2.676339955479624666e-01	1.615213069132796220e-01	7.705002768771233856e-02	3.246915748176955330e-02	8.180930530649535570e-02
1.320711268327892412e+03	2.369388140742048343e-01	1.420949419226051058e-01	2.678368576291188519e-01	1.616419050889931208e-01	7.710061045583060935e-02	3.250176070829430969e-02	8.188511012091982677e-02
1.323130153434719887e+03	2.366409220597312513e-01	1.419117719450351534e-01	2.680391159805465828e-01	1.617621456844670902e-01	7.715104819312856854e-02	3.253429358331446503e-02	8.196070255374360292e-02
1.325549038541547588e+03	2.363438877066593169e-01	1.417291293737878988e-01	2.682407723531500809e-01	1.618820298244620370e-01	7.720134132678066474e-02	3.256675621175587898e-02	8.203608320337081594e-02
1.327967923648375290e+03	2.360477085415691456e-01	1.415470126876959833e-01	2.684418284927779785e-01	1.620015586299087262e-01	7.725149028273271823e-02	3.259914869866638309e-02	8.211125266661574440e-02
1.330386808755202765e+03	2.357523820981910212e-01	1.413654203699903356e-01	2.686422861402378848e-01	1.621207332179233629e-01	7.730149548570471041e-02	3.263147114921367137e-02	8.218621153870574181e-02
1.332805693862030694e+03	2.354579059173848576e-01	1.411843509082874593e-01	2.688421470313105965e-01	1.622395547018229134e-01	7.735135735919367039e-02	3.266372366868329491e-02	8.226096041328403996e-02
1.335224578968857941e+03	2.351642775471192159e-01	1.410038027945765826e-01	2.690414128967648644e-01	1.623580241911402877e-01	7.740107632547654770e-02	3.269590636247660803e-02	8.233549988241273265e-02
1.337643464075685870e+03	2.348714945424509315e-01	1.408237745252071682e-01	2.692400854623718809e-01	1.624761427916394663e-01	7.745065280561308496e-02	3.272801933610872127e-02	8.240983053657553736e-02
1.340062349182513572e+03	2.345795544655044640e-01	1.406442646008761177e-01	2.694381664489197137e-01	1.625939116053305156e-01	7.750008721944867673e-02	3.276006269520652381e-02	8.248395296468083449e-02
1.342481234289341273e+03	2.342884548854512472e-01	1.404652715266151430e-01	2.696356575722276272e-01	1.627113317304844653e-01	7.754937998561722834e-02	3.279203654550662261e-02	8.255786775406455391e-02
1.344900119396168748e+03	2.339981933784894552e-01	1.402867938117782209e-01	2.698325605431603491e-01	1.628284042616482963e-01	7.759853152154408407e-02	3.282394099285339956e-02	8.263157549049307549e-02
1.347319004502996449e+03	2.337087675278234633e-01	1.401088299700289919e-01	2.700288770676427808e-01	1.629451302896596510e-01	7.764754224344885825e-02	3.285577614319699219e-02	8.270507675816624049e-02
1.349737889609823924e+03	2.334201749236435586e-01	1.399313785193282422e-01	2.702246088466738194e-01	1.630615109016614883e-01	7.769641256634828019e-02	3.288754210259132310e-02	8.277837213972027985e-02
1.352156774716651853e+03	2.331324131631056784e-01	1.397544379819216087e-01	2.704197575763409023e-01	1.631775471811167666e-01	7.774514290405912242e-02	3.291923897719214315e-02	8.285146221623077012e-02
1.354575659823479100e+03	2.328454798503111489e-01	1.395780068843269217e-01	2.706143249478340507e-01	1.632932402078230427e-01	7.779373366920108723e-02	3.295086687325508162e-02	8.292434756721570044e-02
1.356994544930307029e+03	2.325593725962865621e-01	1.394020837573217986e-01	2.708083126474600255e-01	1.634085910579268497e-01	7.784218527319966552e-02	3.298242589713368950e-02	8.299702877063840079e-02
1.359413430037134731e+03	2.322740890189637364e-01	1.392266671359315422e-01	2.710017223566565381e-01	1.635236008039381295e-01	7.789049812628902336e-02	3.301391615527750345e-02	8.306950640291056731e-02
1.361832315143962205e+03	2.319896267431595660e-01	1.390517555594164845e-01	2.711945557520062389e-01	1.636382705147444994e-01	7.793867263751486085e-02	3.304533775423015157e-02	8.314178103889528770e-02
1.364251200250789907e+03	2.317059834005560925e-01	1.388773475712598293e-01	2.713868145052507619e-01	1.637526012556256017e-01	7.798670921473734030e-02	3.307669080062741740e-02	8.321385325191008042e-02
1.366670085357617609e+03	2.314231566296806597e-01	1.387034417191554958e-01	2.715785002833046580e-01	1.638665940882671479e-01	7.803460826463394506e-02	3.310797540119534560e-02	8.328572361372992006e-02
1.369088970464445310e+03	2.311411440758859015e-01	1.385300365549957113e-01	2.717696147482694946e-01	1.639802500707751021e-01	7.808237019270239387e-02	3.313919166274835459e-02	8.335739269459026268e-02
1.371507855571272785e+03	2.308599433913300636e-01	1.383571306348590491e-01	2.719601595574475672e-01	1.640935702576896416e-01	7.812999540326345804e-02	3.317033969218735612e-02	8.342886106319018225e-02
1.373926740678100487e+03	2.305795522349571580e-01	1.381847225189979378e-01	2.721501363633558879e-01	1.642065556999990905e-01	7.817748429946393129e-02	3.320141959649788171e-02	8.350012928669536816e-02
1.376345625784927961e+03	2.302999682724773678e-01	1.380128107718268660e-01	2.723395468137401743e-01	1.643192074451539086e-01	7.822483728327948860e-02	3.323243148274820924e-02	8.357119793074122005e-02
1.378764510891755890e+03	2.300211891763473404e-01	1.378413939619102246e-01	2.725283925515882832e-01	1.644315265370803469e-01	7.827205475551753111e-02	3.326337545808755874e-02	8.364206755943592864e-02
1.381183395998583137e+03	2.297432126257507312e-01	1.376704706619501783e-01	2.727166752151441997e-01	1.645435140161941590e-01	7.831913711582014215e-02	3.329425162974421204e-02	8.371273873536362597e-02
1.383602281105411066e+03	2.294660363065785247e-01	1.375000394487746469e-01	2.729043964379216369e-01	1.646551709194144231e-01	7.836608476266690437e-02	3.332506010502370858e-02	8.378321201958739695e-02
1.386021166212238768e+03	2.291896579114097166e-01	1.373300989033254815e-01	2.730915578487177475e-01	1.647664982801770317e-01	7.841289809337785577e-02	3.335580099130701359e-02	8.385348797165245727e-02
1.388440051319066470e+03	2.289140751394917739e-01	1.371606476106463079e-01	2.732781610716268350e-01	1.648774971284481250e-01	7.845957750411633458e-02	3.338647439604872785e-02	8.392356714958922048e-02
1.390858936425893944e+03	2.286392856967214282e-01	1.369916841598708968e-01	2.734642077260537318e-01	1.649881684907376633e-01	7.850612338989190753e-02	3.341708042677526969e-02	8.399345010991646210e-02
1.393277821532721646e+03	2.283652872956252466e-01	1.368232071442110065e-01	2.736496994267275662e-01	1.650985133901127777e-01	7.855253614456317313e-02	3.344761919108309861e-02	8.406313740764445597e-02
1.395696706639549120e+03	2.280920776553405638e-01	1.366552151609448096e-01	2.738346377837150847e-01	1.652085328462110370e-01	7.859881616084073153e-02	3.347809079663695286e-02	8.413262959627809678e-02
1.398115591746377049e+03	2.278196545015961916e-01	1.364877068114048464e-01	2.740190244024344191e-01	1.653182278752537149e-01	7.864496383029005722e-02	3.350849535116805916e-02	8.420192722782000871e-02
1.400534476853204296e+03	2.275480155666932680e-01	1.363206807009664789e-01	2.742028608836681314e-01	1.654275994900590019e-01	7.869097954333433009e-02	3.353883296247240492e-02	8.427103085277377892e-02
1.402953361960032225e+03	2.272771585894862723e-01	1.361541354390359559e-01	2.743861488235768142e-01	1.655366487000549391e-01	7.873686368925739143e-02	3.356910373840896189e-02	8.433994102014703842e-02
1.405372247066859927e+03	2.270070813153640676e-01	1.359880696390389221e-01	2.745688898137124689e-01	1.656453765112926857e-01	7.878261665620660270e-02	3.359930778689797226e-02	8.440865827745465400e-02
1.407791132173687402e+03	2.267377814962308058e-01	1.358224819184085941e-01	2.747510854410317727e-01	1.657537839264593693e-01	7.882823883119569053e-02	3.362944521591922781e-02	8.447718317072196170e-02
1.410210017280515103e+03	2.264692568904870529e-01	1.356573708985742421e-01	2.749327372879093456e-01	1.658618719448909928e-01	7.887373060010767489e-02	3.365951613351033517e-02	8.454551624448780611e-02
1.412628902387342805e+03	2.262015052630110268e-01	1.354927352049494493e-01	2.751138469321510183e-01	1.659696415625853128e-01	7.891909234769774184e-02	3.368952064776502275e-02	8.461365804180782935e-02
1.415047787494170507e+03	2.259345243851397789e-01	1.353285734669207596e-01	2.752944159470070429e-01	1.660770937722145790e-01	7.896432445759610230e-02	3.371945886683144072e-02	8.468160910425766297e-02
1.417466672600997981e+03	2.256683120346504590e-01	1.351648843178359372e-01	2.754744459011852498e-01	1.661842295631383304e-01	7.900942731231089255e-02	3.374933089891049565e-02	8.474936997193602273e-02
1.419885557707825683e+03	2.254028659957415803e-01	1.350016663949926421e-01	2.756539383588640924e-01	1.662910499214159121e-01	7.905440129323104692e-02	3.377913685225414353e-02	8.481694118346798372e-02
1.422304442814653157e+03	2.251381840590145622e-01	1.348389183396268842e-01	2.758328948797056923e-01	1.663975558298192159e-01	7.909924678062912884e-02	3.380887683516375225e-02	8.488432327600818617e-02
1.424723327921481086e+03	2.248742640214548560e-01	1.346766387969016154e-01	2.760113170188691623e-01	1.665037482678450864e-01	7.914396415366430071e-02	3.383855095598841539e-02	8.495151678524395789e-02
1.427142213028308333e+03	2.246111036864137100e-01	1.345148264158953222e-01	2.761892063270234843e-01	1.666096282117278393e-01	7.918855379038514108e-02	3.386815932312336325e-02	8.501852224539861724e-02
1.429561098135136262e+03	2.243487008635896840e-01	1.343534798495907290e-01	2.763665643503601110e-01	1.667151966344515845e-01	7.923301606773248962e-02	3.389770204500826972e-02	8.508534018923465114e-02
1.431979983241963964e+03	2.240870533690100808e-01	1.341925977548633075e-01	2.765433926306066215e-01	1.668204545057626609e-01	7.927735136154231976e-02	3.392717923012565640e-02	8.515197114805689305e-02
1.434398868348791666e+03	2.238261590250126554e-01	1.340321787924702579e-01	2.767196927050389887e-01	1.669254027921819317e-01	7.932156004654868087e-02	3.395659098699926881e-02	8.521841565171581201e-02
1.436817753455619140e+03	2.235660156602274351e-01	1.338722216270389898e-01	2.768954661064947365e-01	1.670300424570168307e-01	7.936564249638648760e-02	3.398593742419247360e-02	8.528467422861067682e-02
1.439236638562446842e+03	2.233066211095583453e-01	1.337127249270560203e-01	2.770707143633855951e-01	1.671343744603737969e-01	7.940959908359440655e-02	3.401521865030666253e-02	8.535074740569280338e-02
1.441655523669274316e+03	2.230479732141650573e-01	1.335536873648557332e-01	2.772454389997106028e-01	1.672383997591700699e-01	7.945343017961772891e-02	3.404443477397966350e-02	8.541663570846878828e-02
1.444074408776102018e+03	2.227900698214448361e-01	1.333951076166092764e-01	2.774196415350685396e-01	1.673421193071459590e-01	7.949713615481117379e-02	3.407358590388416542e-02	8.548233966100374226e-02
1.446493293882929493e+03	2.225329087850144438e-01	1.332369843623133765e-01	2.775933234846706399e-01	1.674455340548766935e-01	7.954071737844185808e-02	3.410267214872616387e-02	8.554785978592455153e-02
1.448912178989757422e+03	2.222764879646921266e-01	1.330793162857792644e-01	2.777664863593535260e-01	1.675486449497843866e-01	7.958417421869201647e-02	3.413169361724337908e-02	8.561319660442301416e-02
1.451331064096585123e+03	2.220208052264796561e-01	1.329221020746215731e-01	2.779391316655916433e-01	1.676514529361499140e-01	7.962750704266197133e-02	3.416065041820373627e-02	8.567835063625921233e-02
1.453749949203412370e+03	2.217658584425443169e-01	1.327653404202474297e-01	2.781112609055099161e-01	1.677539589551247656e-01	7.967071621637290824e-02	3.418954266040380441e-02	8.574332239976467651e-02
1.456168834310240300e+03	2.215116454912011146e-01	1.326090300178452697e-01	2.782828755768961271e-01	1.678561639447426201e-01	7.971380210476974870e-02	3.421837045266728355e-02	8.580811241184561899e-02
1.458587719417068001e+03	2.212581642568949569e-01	1.324531695663740405e-01	2.784539771732138513e-01	1.679580688399312238e-01	7.975676507172398122e-02	3.424713390384347134e-02	8.587272118798625065e-02
1.461006604523895703e+03	2.210054126301827793e-01	1.322977577685521267e-01	2.786245671836146687e-01	1.680596745725239372e-01	7.979960548003652010e-02	3.427583312280576416e-02	8.593714924225195895e-02
1.463425489630723177e+03	2.207533885077159197e-01	1.321427933308465807e-01	2.787946470929507092e-01	1.681609820712713366e-01	7.984232369144056429e-02	3.430446821845015842e-02	8.600139708729258314e-02
1.465844374737550879e+03	2.205020897922223833e-01	1.319882749634621322e-01	2.789642183817867549e-01	1.682619922618527053e-01	7.988492006660435907e-02	3.433303929969376556e-02	8.606546523434567553e-02
1.468263259844378354e+03	2.202515143924893559e-01	1.318342013803304180e-01	2.791332825264132289e-01	1.683627060668875797e-01	7.992739496513411035e-02	3.436154647547332019e-02	8.612935419323974884e-02
1.470682144951206283e+03	2.200016602233454133e-01	1.316805712990991584e-01	2.793018409988581863e-01	1.684631244059470734e-01	7.996974874557677415e-02	3.438998985474368136e-02	8.619306447239750979e-02
1.473101030058033530e+03	2.197525252056432288e-01	1.315273834411213316e-01	2.794698952668994707e-01	1.685632481955652850e-01	8.001198176542290152e-02	3.441836954647644470e-02	8.625659657883912035e-02
1.475519915164861459e+03	2.195041072662420045e-01	1.313746365314445164e-01	2.796374467940772601e-01	1.686630783492506225e-01	8.005409438110944187e-02	3.444668565965842283e-02	8.631995101818548677e-02
1.477938800271689161e+03	2.192564043379900407e-01	1.312223292988001500e-01	2.798044970397063347e-01	1.687626157774970437e-01	8.009608694802260176e-02	3.447493830329021597e-02	8.638312829466147924e-02
1.480357685378516862e+03	2.190094143597073606e-01	1.310704604755928149e-01	2.799710474588879006e-01	1.688618613877951591e-01	8.013795982050059274e-02	3.450312758638479638e-02	8.644612891109917929e-02
1.482776570485344337e+03	2.187631352761685299e-01	1.309190287978895528e-01	2.801370995025224131e-01	1.689608160846435281e-01	8.017971335183654569e-02	3.453125361796607201e-02	8.650895336894119658e-02
