1.001418434226643626e+03	2.790625858056748343e-01	1.811476280951521689e-01	2.347000697077528675e-01	1.408177658597813964e-01	6.829730719705429109e-02	2.683175567609544232e-02	6.914288765816713200e-02
1.002869765290740247e+03	2.788060281053352241e-01	1.809830520288866207e-01	2.348778168999155480e-01	1.409239086240060834e-01	6.834244553512094922e-02	2.685982169306665515e-02	6.920692711334704150e-02
1.004321096354836754e+03	2.785499122987653009e-01	1.808187489088111666e-01	2.350552594631667436e-01	1.410298638018076256e-01	6.838750419288432136e-02	2.688787285786157361e-02	6.927083847638146330e-02
1.005772427418933376e+03	2.782942376144425523e-01	1.806547182791426454e-01	2.352323978982211461e-01	1.411356317038940655e-01	6.843248329684396836e-02	2.691590868335081571e-02	6.933462252378295998e-02
1.007223758483029997e+03	2.780390032824295310e-01	1.804909596848565667e-01	2.354092327052540179e-01	1.412412126411590751e-01	6.847738297351314840e-02	2.694392869258279907e-02	6.939828001988299078e-02
1.008675089547126618e+03	2.777842085343654732e-01	1.803274726716858622e-01	2.355857643838963345e-01	1.413466069246583912e-01	6.852220334942313307e-02	2.697193241859232107e-02	6.946181171705659296e-02
1.010126420611223239e+03	2.775298526034586932e-01	1.801642567861197752e-01	2.357619934332299549e-01	1.414518148655872221e-01	6.856694455112691267e-02	2.699991940421274730e-02	6.952521835594277499e-02
1.011577751675319632e+03	2.772759347244793116e-01	1.800013115754026116e-01	2.359379203517827650e-01	1.415568367752586265e-01	6.861160670520216609e-02	2.702788920189168331e-02	6.958850066566087122e-02
1.013029082739416367e+03	2.770224541337517610e-01	1.798386365875326853e-01	2.361135456375242081e-01	1.416616729650828077e-01	6.865618993825367555e-02	2.705584137351010193e-02	6.965165936402281655e-02
1.014480413803512761e+03	2.767694100691472925e-01	1.796762313712610415e-01	2.362888697878607058e-01	1.417663237465474346e-01	6.870069437691525560e-02	2.708377549020485678e-02	6.971469515774145198e-02
1.015931744867609382e+03	2.765168017700769809e-01	1.795140954760902907e-01	2.364638932996313281e-01	1.418707894311987683e-01	6.874512014785118252e-02	2.711169113219449173e-02	6.977760874263493063e-02
1.017383075931706003e+03	2.762646284774846195e-01	1.793522284522735821e-01	2.366386166691034076e-01	1.419750703306235928e-01	6.878946737775709641e-02	2.713958788860832208e-02	6.984040080382730720e-02
1.018834406995802851e+03	2.760128894338395589e-01	1.791906298508132156e-01	2.368130403919685434e-01	1.420791667564319238e-01	6.883373619336057014e-02	2.716746535731870416e-02	6.990307201594542219e-02
1.020285738059899245e+03	2.757615838831299349e-01	1.790292992234596425e-01	2.369871649633383537e-01	1.421830790202402994e-01	6.887792672142124817e-02	2.719532314477643084e-02	6.996562304331202520e-02
1.021737069123995752e+03	2.755107110708558404e-01	1.788682361227102169e-01	2.371609908777405629e-01	1.422868074336560429e-01	6.892203908873069385e-02	2.722316086584921843e-02	7.002805454013535935e-02
1.023188400188092373e+03	2.752602702440226090e-01	1.787074401018080572e-01	2.373345186291152265e-01	1.423903523082618860e-01	6.896607342211179270e-02	2.725097814366320842e-02	7.009036715069512369e-02
1.024639731252188767e+03	2.750102606511343750e-01	1.785469107147408252e-01	2.375077487108108176e-01	1.424937139556013144e-01	6.901002984841804466e-02	2.727877460944740443e-02	7.015256150952506320e-02
1.026091062316285615e+03	2.747606815421872462e-01	1.783866475162396714e-01	2.376806816155806745e-01	1.425968926871646336e-01	6.905390849453242608e-02	2.730654990238105470e-02	7.021463824159210332e-02
1.027542393380382237e+03	2.745115321686631971e-01	1.782266500617779581e-01	2.378533178355792532e-01	1.426998888143753697e-01	6.909770948736611296e-02	2.733430366944385528e-02	7.027659796247207047e-02
1.028993724444478858e+03	2.742628117835235746e-01	1.780669179075700659e-01	2.380256578623587693e-01	1.428027026485772788e-01	6.914143295385691279e-02	2.736203556526897035e-02	7.033844127852224848e-02
1.030445055508575479e+03	2.740145196412026585e-01	1.779074506105703946e-01	2.381977021868658950e-01	1.429053345010219134e-01	6.918507902096755757e-02	2.738974525199878995e-02	7.040016878705059045e-02
1.031896386572671872e+03	2.737666549976019437e-01	1.777482477284720308e-01	2.383694512994382064e-01	1.430077846828565757e-01	6.922864781568378867e-02	2.741743239914339395e-02	7.046178107648190525e-02
1.033347717636768493e+03	2.735192171100836456e-01	1.775893088197056102e-01	2.385409056898010471e-01	1.431100535051127443e-01	6.927213946501228903e-02	2.744509668344163184e-02	7.052327872652081053e-02
1.034799048700865114e+03	2.732722052374649824e-01	1.774306334434382348e-01	2.387120658470645307e-01	1.432121412786950543e-01	6.931555409597846273e-02	2.747273778872483599e-02	7.058466230831174359e-02
1.036250379764961508e+03	2.730256186400120133e-01	1.772722211595722241e-01	2.388829322597202931e-01	1.433140483143703903e-01	6.935889183562400639e-02	2.750035540578305709e-02	7.064593238459589142e-02
1.037701710829058356e+03	2.727794565794339210e-01	1.771140715287440326e-01	2.390535054156386063e-01	1.434157749227576994e-01	6.940215281100459155e-02	2.752794923223379764e-02	7.070708950986526187e-02
1.039153041893154750e+03	2.725337183188771828e-01	1.769561841123229728e-01	2.392237858020655195e-01	1.435173214143179721e-01	6.944533714918715850e-02	2.755551897239321563e-02	7.076813423051388219e-02
1.040604372957251599e+03	2.722884031229200752e-01	1.767985584724101333e-01	2.393937739056199721e-01	1.436186880993445825e-01	6.948844497724733504e-02	2.758306433714971875e-02	7.082906708498609705e-02
1.042055704021347992e+03	2.720435102575667341e-01	1.766411941718371570e-01	2.395634702122911019e-01	1.437198752879541575e-01	6.953147642226664704e-02	2.761058504383993167e-02	7.088988860392217428e-02
1.043507035085444613e+03	2.717990389902416593e-01	1.764840907741652698e-01	2.397328752074356362e-01	1.438208832900774725e-01	6.957443161132978449e-02	2.763808081612696699e-02	7.095059931030116285e-02
1.044958366149541234e+03	2.715549885897844962e-01	1.763272478436837265e-01	2.399019893757751432e-01	1.439217124154508476e-01	6.961731067152163166e-02	2.766555138388098259e-02	7.101119971958111399e-02
1.046409697213637855e+03	2.713113583264443740e-01	1.761706649454090889e-01	2.400708132013937290e-01	1.440223629736078204e-01	6.966011372992442219e-02	2.769299648306196293e-02	7.107169033983659623e-02
1.047861028277734476e+03	2.710681474718745210e-01	1.760143416450837828e-01	2.402393471677353731e-01	1.441228352738710417e-01	6.970284091361481082e-02	2.772041585560470339e-02	7.113207167189375402e-02
1.049312359341831097e+03	2.708253552991271573e-01	1.758582775091750705e-01	2.404075917576017352e-01	1.442231296253445316e-01	6.974549234966076483e-02	2.774780924930592488e-02	7.119234420946279895e-02
1.050763690405927491e+03	2.705829810826481663e-01	1.757024721048737470e-01	2.405755474531497962e-01	1.443232463369059915e-01	6.978806816511862188e-02	2.777517641771351173e-02	7.125250843926801692e-02
1.052215021470024112e+03	2.703410240982720425e-01	1.755469250000932235e-01	2.407432147358896657e-01	1.444231857171996702e-01	6.983056848703009245e-02	2.780251712001781048e-02	7.131256484117531880e-02
1.053666352534120733e+03	2.700994836232166185e-01	1.753916357634681400e-01	2.409105940866823337e-01	1.445229480746291761e-01	6.987299344241906796e-02	2.782983112094497904e-02	7.137251388831751531e-02
1.055117683598217127e+03	2.698583589360781243e-01	1.752366039643532825e-01	2.410776859857375887e-01	1.446225337173506487e-01	6.991534315828870638e-02	2.785711819065229272e-02	7.143235604721716314e-02
1.056569014662313975e+03	2.696176493168262467e-01	1.750818291728225562e-01	2.412444909126120196e-01	1.447219429532661805e-01	6.995761776161824042e-02	2.788437810462543812e-02	7.149209177790710745e-02
1.058020345726410369e+03	2.693773540467992444e-01	1.749273109596675702e-01	2.414110093462069895e-01	1.448211760900174061e-01	6.999981737936000759e-02	2.791161064357771532e-02	7.155172153404885937e-02
1.059471676790506763e+03	2.691374724086989523e-01	1.747730488963967210e-01	2.415772417647667758e-01	1.449202334349792010e-01	7.004194213843630001e-02	2.793881559335112397e-02	7.161124576304872535e-02
1.060923007854603611e+03	2.688980036865860068e-01	1.746190425552339165e-01	2.417431886458766832e-01	1.450191152952537421e-01	7.008399216573639456e-02	2.796599274481929506e-02	7.167066490617172991e-02
1.062374338918700232e+03	2.686589471658752948e-01	1.744652915091174927e-01	2.419088504664612393e-01	1.451178219776646239e-01	7.012596758811343034e-02	2.799314189379224077e-02	7.172997939865342898e-02
1.063825669982796853e+03	2.684203021333309014e-01	1.743117953316990487e-01	2.420742277027824740e-01	1.452163537887512512e-01	7.016786853238143884e-02	2.802026284092288058e-02	7.178918966980973870e-02
1.065277001046893474e+03	2.681820678770618915e-01	1.741585535973422250e-01	2.422393208304382539e-01	1.453147110347632887e-01	7.020969512531231860e-02	2.804735539161531607e-02	7.184829614314451607e-02
1.066728332110990095e+03	2.679442436865172583e-01	1.740055658811216210e-01	2.424041303243605616e-01	1.454128940216553034e-01	7.025144749363280983e-02	2.807441935593482304e-02	7.190729923645534927e-02
1.068179663175086489e+03	2.677068288524818152e-01	1.738528317588216854e-01	2.425686566588141080e-01	1.455109030550817140e-01	7.029312576402162172e-02	2.810145454851952287e-02	7.196619936193718314e-02
1.069630994239183110e+03	2.674698226670715884e-01	1.737003508069355218e-01	2.427329003073946112e-01	1.456087384403917107e-01	7.033473006310639319e-02	2.812846078849369144e-02	7.202499692628415440e-02
1.071082325303279504e+03	2.672332244237290988e-01	1.735481226026636403e-01	2.428968617430274368e-01	1.457064004826243986e-01	7.037626051746082023e-02	2.815543789938271257e-02	7.208369233078948390e-02
1.072533656367376352e+03	2.669970334172194759e-01	1.733961467239130416e-01	2.430605414379662377e-01	1.458038894865040236e-01	7.041771725360182477e-02	2.818238570902961010e-02	7.214228597144348165e-02
1.073984987431472746e+03	2.667612489436254619e-01	1.732444227492958566e-01	2.432239398637914551e-01	1.459012057564354758e-01	7.045910039798664037e-02	2.820930404951312032e-02	7.220077823902969205e-02
1.075436318495569594e+03	2.665258703003438590e-01	1.730929502581283197e-01	2.433870574914090978e-01	1.459983495964998212e-01	7.050041007700998119e-02	2.823619275706733961e-02	7.225916951921936004e-02
1.076887649559666215e+03	2.662908967860805887e-01	1.729417288304296862e-01	2.435498947910494094e-01	1.460953213104498882e-01	7.054164641700134963e-02	2.826305167200282228e-02	7.231746019266403758e-02
1.078338980623762609e+03	2.660563277008470284e-01	1.727907580469209003e-01	2.437124522322657583e-01	1.461921212017062155e-01	7.058280954422221920e-02	2.828988063862919108e-02	7.237565063508648311e-02
1.079790311687859230e+03	2.658221623459555150e-01	1.726400374890235956e-01	2.438747302839333331e-01	1.462887495733529164e-01	7.062389958486331443e-02	2.831667950517919100e-02	7.243374121736990967e-02
1.081241642751955851e+03	2.655884000240154030e-01	1.724895667388589848e-01	2.440367294142481713e-01	1.463852067281336822e-01	7.066491666504198799e-02	2.834344812373412736e-02	7.249173230564548431e-02
1.082692973816052472e+03	2.653550400389288466e-01	1.723393453792465835e-01	2.441984500907258548e-01	1.464814929684479516e-01	7.070586091079950064e-02	2.837018635015074383e-02	7.254962426137828713e-02
1.084144304880149093e+03	2.651220816958869686e-01	1.721893729937032103e-01	2.443598927802007603e-01	1.465776085963471920e-01	7.074673244809853712e-02	2.839689404398943948e-02	7.260741744145161880e-02
1.085595635944245487e+03	2.648895243013657530e-01	1.720396491664417937e-01	2.445210579488247549e-01	1.466735539135313460e-01	7.078753140282055545e-02	2.842357106844382517e-02	7.266511219824973999e-02
1.087046967008342108e+03	2.646573671631218816e-01	1.718901734823702621e-01	2.446819460620665021e-01	1.467693292213451406e-01	7.082825790076327510e-02	2.845021729027161564e-02	7.272270887973908415e-02
1.088498298072438729e+03	2.644256095901892367e-01	1.717409455270903773e-01	2.448425575847104352e-01	1.468649348207747563e-01	7.086891206763822060e-02	2.847683257972679835e-02	7.278020782954792989e-02
1.089949629136535123e+03	2.641942508928748490e-01	1.715919648868965974e-01	2.450028929808558409e-01	1.469603710124445517e-01	7.090949402906829291e-02	2.850341681049307560e-02	7.283760938704460230e-02
1.091400960200631971e+03	2.639632903827548449e-01	1.714432311487750216e-01	2.451629527139161380e-01	1.470556380966137611e-01	7.095000391058531308e-02	2.852996985961855220e-02	7.289491388741421718e-02
1.092852291264728365e+03	2.637327273726710053e-01	1.712947439004021688e-01	2.453227372466180167e-01	1.471507363731733020e-01	7.099044183762773241e-02	2.855649160745163395e-02	7.295212166173402346e-02
1.094303622328825213e+03	2.635025611767267684e-01	1.711465027301439235e-01	2.454822470410007174e-01	1.472456661416428891e-01	7.103080793553823158e-02	2.858298193757814049e-02	7.300923303704728862e-02
1.095754953392921607e+03	2.632727911102835661e-01	1.709985072270543971e-01	2.456414825584152528e-01	1.473404277011678420e-01	7.107110232956148632e-02	2.860944073675957683e-02	7.306624833643581007e-02
1.097206284457018228e+03	2.630434164899572713e-01	1.708507569808747351e-01	2.458004442595238259e-01	1.474350213505164486e-01	7.111132514484191924e-02	2.863586789487257075e-02	7.312316787909116378e-02
1.098657615521114849e+03	2.628144366336143123e-01	1.707032515820321172e-01	2.459591326042991077e-01	1.475294473880769397e-01	7.115147650642153487e-02	2.866226330484943768e-02	7.317999198038449560e-02
1.100108946585211470e+03	2.625858508603681751e-01	1.705559906216385091e-01	2.461175480520236269e-01	1.476237061118549909e-01	7.119155653923768534e-02	2.868862686261985928e-02	7.323672095193506371e-02
1.101560277649308091e+03	2.623576584905759068e-01	1.704089736914896347e-01	2.462756910612892425e-01	1.477177978194708918e-01	7.123156536812098871e-02	2.871495846705364799e-02	7.329335510167757362e-02
1.103011608713404712e+03	2.621298588458343404e-01	1.702622003840638387e-01	2.464335620899966439e-01	1.478117228081570478e-01	7.127150311779326119e-02	2.874125801990457668e-02	7.334989473392816706e-02
1.104462939777501106e+03	2.619024512489768197e-01	1.701156702925208930e-01	2.465911615953547131e-01	1.479054813747555652e-01	7.131136991286543547e-02	2.876752542575528038e-02	7.340634014944920349e-02
1.105914270841597499e+03	2.616754350240695359e-01	1.699693830107009418e-01	2.467484900338801634e-01	1.479990738157156427e-01	7.135116587783560393e-02	2.879376059196316062e-02	7.346269164551286202e-02
1.107365601905694348e+03	2.614488094964081966e-01	1.698233381331234193e-01	2.469055478613969845e-01	1.480925004270914336e-01	7.139089113708703416e-02	2.881996342860730989e-02	7.351894951596353589e-02
1.108816932969790741e+03	2.612225739925144730e-01	1.696775352549859395e-01	2.470623355330361925e-01	1.481857615045396037e-01	7.143054581488621213e-02	2.884613384843645253e-02	7.357511405127904747e-02
1.110268264033887590e+03	2.609967278401327251e-01	1.695319739721630470e-01	2.472188535032353029e-01	1.482788573433172497e-01	7.147013003538102427e-02	2.887227176681782248e-02	7.363118553863078064e-02
1.111719595097984211e+03	2.607712703682265043e-01	1.693866538812052736e-01	2.473751022257380527e-01	1.483717882382795950e-01	7.150964392259884228e-02	2.889837710168700544e-02	7.368716426194264757e-02
1.113170926162080832e+03	2.605462009069755003e-01	1.692415745793378890e-01	2.475310821535940953e-01	1.484645544838780473e-01	7.154908760044476068e-02	2.892444977349874213e-02	7.374305050194891742e-02
1.114622257226177226e+03	2.603215187877717662e-01	1.690967356644599295e-01	2.476867937391585839e-01	1.485571563741580614e-01	7.158846119269975106e-02	2.895048970517863016e-02	7.379884453625110141e-02
1.116073588290273847e+03	2.600972233432169989e-01	1.689521367351430325e-01	2.478422374340920886e-01	1.486495942027573069e-01	7.162776482301903835e-02	2.897649682207572783e-02	7.385454663937361663e-02
1.117524919354370468e+03	2.598733139071188192e-01	1.688077773906302426e-01	2.479974136893602354e-01	1.487418682629035593e-01	7.166699861493029677e-02	2.900247105191605668e-02	7.391015708281852004e-02
1.118976250418467089e+03	2.596497898144878858e-01	1.686636572308350679e-01	2.481523229552335397e-01	1.488339788474130343e-01	7.170616269183202607e-02	2.902841232475696781e-02	7.396567613511921546e-02
1.120427581482563710e+03	2.594266504015343422e-01	1.685197758563402592e-01	2.483069656812872117e-01	1.489259262486885282e-01	7.174525717699192784e-02	2.905432057294234788e-02	7.402110406189310599e-02
1.121878912546660331e+03	2.592038950056651525e-01	1.683761328683966996e-01	2.484613423164010182e-01	1.490177107587176142e-01	7.178428219354526796e-02	2.908019573105869240e-02	7.407644112589330254e-02
1.123330243610756725e+03	2.589815229654804374e-01	1.682327278689224603e-01	2.486154533087590879e-01	1.491093326690711152e-01	7.182323786449336389e-02	2.910603773589198057e-02	7.413168758705936112e-02
1.124781574674853118e+03	2.587595336207706431e-01	1.680895604605014693e-01	2.487692991058499115e-01	1.492007922709012724e-01	7.186212431270205814e-02	2.913184652638535488e-02	7.418684370256710403e-02
1.126232905738949967e+03	2.585379263125134885e-01	1.679466302463825667e-01	2.489228801544661474e-01	1.492920898549403019e-01	7.190094166090019168e-02	2.915762204359758844e-02	7.424190972687748358e-02
1.127684236803046360e+03	2.583167003828707453e-01	1.678039368304784507e-01	2.490761969007046772e-01	1.493832257114988959e-01	7.193969003167816068e-02	2.918336423066236057e-02	7.429688591178450208e-02
1.129135567867143209e+03	2.580958551751852958e-01	1.676614798173644283e-01	2.492292497899664672e-01	1.494742001304645573e-01	7.197836954748647320e-02	2.920907303274824715e-02	7.435177250646232694e-02
1.130586898931239830e+03	2.578753900339780802e-01	1.675192588122774440e-01	2.493820392669566233e-01	1.495650134013003230e-01	7.201698033063438920e-02	2.923474839701949157e-02	7.440656975751143432e-02
1.132038229995336451e+03	2.576553043049450431e-01	1.673772734211149693e-01	2.495345657756843916e-01	1.496556658130432926e-01	7.205552250328854658e-02	2.926039027259750777e-02	7.446127790900396171e-02
1.133489561059432845e+03	2.574355973349544136e-01	1.672355232504338096e-01	2.496868297594631581e-01	1.497461576543033801e-01	7.209399618747160121e-02	2.928599861052308753e-02	7.451589720252822791e-02
1.134940892123529466e+03	2.572162684720434855e-01	1.670940079074491880e-01	2.498388316609105320e-01	1.498364892132618698e-01	7.213240150506095016e-02	2.931157336371933639e-02	7.457042787723236477e-02
1.136392223187626087e+03	2.569973170654157313e-01	1.669527270000334962e-01	2.499905719219484568e-01	1.499266607776703064e-01	7.217073857778744106e-02	2.933711448695525831e-02	7.462487016986710242e-02
1.137843554251722708e+03	2.567787424654379702e-01	1.668116801367153512e-01	2.501420509838031547e-01	1.500166726348491630e-01	7.220900752723416471e-02	2.936262193681009325e-02	7.467922431482791612e-02
1.139294885315819101e+03	2.565605440236374823e-01	1.666708669266783460e-01	2.502932692870055154e-01	1.501065250716867583e-01	7.224720847483520614e-02	2.938809567163825492e-02	7.473349054419622939e-02
1.140746216379915950e+03	2.563427210926991773e-01	1.665302869797601615e-01	2.504442272713910400e-01	1.501962183746380353e-01	7.228534154187449268e-02	2.941353565153496247e-02	7.478766908777995104e-02
1.142197547444012343e+03	2.561252730264627075e-01	1.663899399064512896e-01	2.505949253760999529e-01	1.502857528297235901e-01	7.232340684948461440e-02	2.943894183830250005e-02	7.484176017315320728e-02
1.143648878508108737e+03	2.559081991799196931e-01	1.662498253178941732e-01	2.507453640395774230e-01	1.503751287225284783e-01	7.236140451864572776e-02	2.946431419541710450e-02	7.489576402569528280e-02
1.145100209572205586e+03	2.556914989092107793e-01	1.661099428258818733e-01	2.508955436995739530e-01	1.504643463382012714e-01	7.239933467018440372e-02	2.948965268799649472e-02	7.494968086862903445e-02
1.146551540636302207e+03	2.554751715716231941e-01	1.659702920428571815e-01	2.510454647931453787e-01	1.505534059614531683e-01	7.243719742477262857e-02	2.951495728276798403e-02	7.500351092305833356e-02
1.148002871700398828e+03	2.552592165255875845e-01	1.658308725819115093e-01	2.511951277566530361e-01	1.506423078765568857e-01	7.247499290292667984e-02	2.954022794803719612e-02	7.505725440800500858e-02
1.149454202764495449e+03	2.550436331306755733e-01	1.656916840567836946e-01	2.513445330257642607e-01	1.507310523673458524e-01	7.251272122500618256e-02	2.956546465365736745e-02	7.511091154044498286e-02
1.150905533828591842e+03	2.548284207475968732e-01	1.655527260818591417e-01	2.514936810354524988e-01	1.508196397172133496e-01	7.255038251121306847e-02	2.959066737099923586e-02	7.516448253534380175e-02
1.152356864892688463e+03	2.546135787381966220e-01	1.654139982721685720e-01	2.516425722199975290e-01	1.509080702091115944e-01	7.258797688159061845e-02	2.961583607292147050e-02	7.521796760569149365e-02
1.153808195956785084e+03	2.543991064654529399e-01	1.652755002433869969e-01	2.517912070129859625e-01	1.509963441255510186e-01	7.262550445602250493e-02	2.964097073374166724e-02	7.527136696253676484e-02
1.155259527020881706e+03	2.541850032934738768e-01	1.651372316118327188e-01	2.519395858473114092e-01	1.510844617485994634e-01	7.266296535423193148e-02	2.966607132920789577e-02	7.532468081502056989e-02
1.156710858084978327e+03	2.539712685874949138e-01	1.649991919944661933e-01	2.520877091551748661e-01	1.511724233598814859e-01	7.270035969578064750e-02	2.969113783647075663e-02	7.537790937040902972e-02
1.158162189149074720e+03	2.537579017138765769e-01	1.648613810088889464e-01	2.522355773680849400e-01	1.512602292405775262e-01	7.273768760006815715e-02	2.971617023405598301e-02	7.543105283412578077e-02
1.159613520213171569e+03	2.535449020401014386e-01	1.647237982733425754e-01	2.523831909168583465e-01	1.513478796714234076e-01	7.277494918633083121e-02	2.974116850183754213e-02	7.548411140978372735e-02
1.161064851277267962e+03	2.533322689347718981e-01	1.645864434067077775e-01	2.525305502316201878e-01	1.514353749327095600e-01	7.281214457364108827e-02	2.976613262101124313e-02	7.553708529921611403e-02
1.162516182341364356e+03	2.531200017676072944e-01	1.644493160285029620e-01	2.526776557418046742e-01	1.515227153042804364e-01	7.284927388090656208e-02	2.979106257406884811e-02	7.558997470250714001e-02
1.163967513405461204e+03	2.529080999094414639e-01	1.643124157588835565e-01	2.528245078761548470e-01	1.516099010655340140e-01	7.288633722686940764e-02	2.981595834477263757e-02	7.564277981802194906e-02
1.165418844469557826e+03	2.526965627322203534e-01	1.641757422186407578e-01	2.529711070627237435e-01	1.516969324954210441e-01	7.292333473010544076e-02	2.984081991813050672e-02	7.569550084243602261e-02
1.166870175533654447e+03	2.524853896089991334e-01	1.640392950292005048e-01	2.531174537288743975e-01	1.517838098724447193e-01	7.296026650902348587e-02	2.986564728037146774e-02	7.574813797076412891e-02
1.168321506597751068e+03	2.522745799139402001e-01	1.639030738126224518e-01	2.532635483012802280e-01	1.518705334746601465e-01	7.299713268186459880e-02	2.989044041892165160e-02	7.580069139638860587e-02
1.169772837661847461e+03	2.520641330223101217e-01	1.637670781915988305e-01	2.534093912059259268e-01	1.519571035796736524e-01	7.303393336670137292e-02	2.991519932238074012e-02	7.585316131108725546e-02
1.171224168725944082e+03	2.518540483104776406e-01	1.636313077894535617e-01	2.535549828681074036e-01	1.520435204646425897e-01	7.307066868143727301e-02	2.993992398049884554e-02	7.590554790506058580e-02
1.172675499790040703e+03	2.516443251559107863e-01	1.634957622301410618e-01	2.537003237124327848e-01	1.521297844062748095e-01	7.310733874380601072e-02	2.996461438415383080e-02	7.595785136695865081e-02
1.174126830854137097e+03	2.514349629371748218e-01	1.633604411382452437e-01	2.538454141628223582e-01	1.522158956808282726e-01	7.314394367137085073e-02	2.998927052532903217e-02	7.601007188390734859e-02
1.175578161918233945e+03	2.512259610339295235e-01	1.632253441389785176e-01	2.539902546425095720e-01	1.523018545641106336e-01	7.318048358152402788e-02	3.001389239709142259e-02	7.606220964153422026e-02
1.177029492982330339e+03	2.510173188269270161e-01	1.630904708581806251e-01	2.541348455740412571e-01	1.523876613314789352e-01	7.321695859148615038e-02	3.003847999357017046e-02	7.611426482399380467e-02
1.178480824046426733e+03	2.508090356980089419e-01	1.629558209223176957e-01	2.542791873792784041e-01	1.524733162578392753e-01	7.325336881830558922e-02	3.006303330993560091e-02	7.616623761399247960e-02
1.179932155110523581e+03	2.506011110301046285e-01	1.628213939584812198e-01	2.544232804793963298e-01	1.525588196176465017e-01	7.328971437885793694e-02	3.008755234237856305e-02	7.621812819281290063e-02
1.181383486174620202e+03	2.503935442072281470e-01	1.626871895943868829e-01	2.545671252948856211e-01	1.526441716849038510e-01	7.332599538984543863e-02	3.011203708809016485e-02	7.626993674033791248e-02
1.182834817238716823e+03	2.501863346144764799e-01	1.625532074583737052e-01	2.547107222455525233e-01	1.527293727331628381e-01	7.336221196779650622e-02	3.013648754524189330e-02	7.632166343507407191e-02
1.184286148302813444e+03	2.499794816380268569e-01	1.624194471794028760e-01	2.548540717505194397e-01	1.528144230355228672e-01	7.339836422906513558e-02	3.016090371296613337e-02	7.637330845417472647e-02
1.185737479366910065e+03	2.497729846651343677e-01	1.622859083870567265e-01	2.549971742282257647e-01	1.528993228646310931e-01	7.343445228983046247e-02	3.018528559133700287e-02	7.642487197346262140e-02
1.187188810431006686e+03	2.495668430841298246e-01	1.621525907115377585e-01	2.551400300964282719e-01	1.529840724926822548e-01	7.347047626609629067e-02	3.020963318135158962e-02	7.647635416745215964e-02
1.188640141495103080e+03	2.493610562844173761e-01	1.620194937836675064e-01	2.552826397722015583e-01	1.530686721914183424e-01	7.350643627369059241e-02	3.023394648491151485e-02	7.652775520937120379e-02
1.190091472559199701e+03	2.491556236564722304e-01	1.618866172348856491e-01	2.554250036719391548e-01	1.531531222321286800e-01	7.354233242826507810e-02	3.025822550480485387e-02	7.657907527118246183e-02
1.191542803623296322e+03	2.489505445918383242e-01	1.617539606972488719e-01	2.555671222113536922e-01	1.532374228856495380e-01	7.357816484529475232e-02	3.028247024468839338e-02	7.663031452360451190e-02
1.192994134687392716e+03	2.487458184831260466e-01	1.616215238034298951e-01	2.557089958054778456e-01	1.533215744223641874e-01	7.361393364007752516e-02	3.030668070907021824e-02	7.668147313613239702e-02
1.194445465751489564e+03	2.485414447240100189e-01	1.614893061867164192e-01	2.558506248686646667e-01	1.534055771122027345e-01	7.364963892773376819e-02	3.033085690329262105e-02	7.673255127705788659e-02
1.195896796815585958e+03	2.483374227092268183e-01	1.613573074810100427e-01	2.559920098145885281e-01	1.534894312246420367e-01	7.368528082320596750e-02	3.035499883351534811e-02	7.678354911348933554e-02
1.197348127879682352e+03	2.481337518345728410e-01	1.612255273208254014e-01	2.561331510562455671e-01	1.535731370287056474e-01	7.372085944125830737e-02	3.037910650669914392e-02	7.683446681137115486e-02
1.198799458943779200e+03	2.479304314969018319e-01	1.610939653412889749e-01	2.562740490059546294e-01	1.536566947929637328e-01	7.375637489647633716e-02	3.040317993058960430e-02	7.688530453550296295e-02
1.200250790007875821e+03	2.477274610941229416e-01	1.609626211781381711e-01	2.564147040753574913e-01	1.537401047855330993e-01	7.379182730326665218e-02	3.042721911370133842e-02	7.693606244955837614e-02
1.201702121071972442e+03	2.475248400251982839e-01	1.608314944677202707e-01	2.565551166754199697e-01	1.538233672740771663e-01	7.382721677585649123e-02	3.045122406530243256e-02	7.698674071610338288e-02
1.203153452136069063e+03	2.473225676901410208e-01	1.607005848469914289e-01	2.566952872164324773e-01	1.539064825258059099e-01	7.386254342829347286e-02	3.047519479539919154e-02	7.703733949661448199e-02
1.204604783200165684e+03	2.471206434900128923e-01	1.605698919535155922e-01	2.568352161080105778e-01	1.539894508074759749e-01	7.389780737444524850e-02	3.049913131472117497e-02	7.708785895149643241e-02
1.206056114264262078e+03	2.469190668269222455e-01	1.604394154254636107e-01	2.569749037590959850e-01	1.540722723853906462e-01	7.393300872799925261e-02	3.052303363470650760e-02	7.713829924009962813e-02
1.207507445328358699e+03	2.467178371040218143e-01	1.603091549016120720e-01	2.571143505779569516e-01	1.541549475253999046e-01	7.396814760246238352e-02	3.054690176748748459e-02	7.718866052073725115e-02
1.208958776392455093e+03	2.465169537255064991e-01	1.601791100213424413e-01	2.572535569721892124e-01	1.542374764929004827e-01	7.400322411116073973e-02	3.057073572587641272e-02	7.723894295070204974e-02
1.210410107456551941e+03	2.463164160966113125e-01	1.600492804246399781e-01	2.573925233487165953e-01	1.543198595528360306e-01	7.403823836723938401e-02	3.059453552335174992e-02	7.728914668628279749e-02
1.211861438520648335e+03	2.461162236236092427e-01	1.599196657520927101e-01	2.575312501137918542e-01	1.544020969696970336e-01	7.407319048366210745e-02	3.061830117404449117e-02	7.733927188278046094e-02
1.213312769584745183e+03	2.459163757138091155e-01	1.597902656448903780e-01	2.576697376729973343e-01	1.544841890075210888e-01	7.410808057321112419e-02	3.064203269272479727e-02	7.738931869452406187e-02
1.214764100648841804e+03	2.457168717755534582e-01	1.596610797448236307e-01	2.578079864312456948e-01	1.545661359298929616e-01	7.414290874848690482e-02	3.066573009478890111e-02	7.743928727488627595e-02
1.216215431712937971e+03	2.455177112182164167e-01	1.595321076942828320e-01	2.579459967927808517e-01	1.546479379999447235e-01	7.417767512190796830e-02	3.068939339624623952e-02	7.748917777629871217e-02
1.217666762777034819e+03	2.453188934522017861e-01	1.594033491362571719e-01	2.580837691611785334e-01	1.547295954803559470e-01	7.421237980571068760e-02	3.071302261370682796e-02	7.753899035026690090e-02
1.219118093841131440e+03	2.451204178889407059e-01	1.592748037143334738e-01	2.582213039393469467e-01	1.548111086333537334e-01	7.424702291194903991e-02	3.073661776436888843e-02	7.758872514738507364e-02
1.220569424905228061e+03	2.449222839408897734e-01	1.591464710726955001e-01	2.583586015295278870e-01	1.548924777207130177e-01	7.428160455249446792e-02	3.076017886600668563e-02	7.763838231735052664e-02
1.222020755969324682e+03	2.447244910215288505e-01	1.590183508561227310e-01	2.584956623332972936e-01	1.549737030037567076e-01	7.431612483903575483e-02	3.078370593695861288e-02	7.768796200897790105e-02
1.223472087033421303e+03	2.445270385453591488e-01	1.588904427099894212e-01	2.586324867515660819e-01	1.550547847433559334e-01	7.435058388307873301e-02	3.080719899611548615e-02	7.773746437021307465e-02
1.224923418097517697e+03	2.443299259279010927e-01	1.587627462802636280e-01	2.587690751845809212e-01	1.551357231999301589e-01	7.438498179594628390e-02	3.083065806290906721e-02	7.778688954814678980e-02
1.226374749161614318e+03	2.441331525856922646e-01	1.586352612135062123e-01	2.589054280319249557e-01	1.552165186334474867e-01	7.441931868877811607e-02	3.085408315730079828e-02	7.783623768902814266e-02
1.227826080225710712e+03	2.439367179362854632e-01	1.585079871568698395e-01	2.590415456925187487e-01	1.552971713034248802e-01	7.445359467253061247e-02	3.087747429977074839e-02	7.788550893827768384e-02
1.229277411289807560e+03	2.437406213982466485e-01	1.583809237580979801e-01	2.591774285646210596e-01	1.553776814689283303e-01	7.448780985797677501e-02	3.090083151130676789e-02	7.793470344050039411e-02
1.230728742353903954e+03	2.435448623911529720e-01	1.582540706655239382e-01	2.593130770458295653e-01	1.554580493885732440e-01	7.452196435570608568e-02	3.092415481339384417e-02	7.798382133949834094e-02
1.232180073418000802e+03	2.433494403355905833e-01	1.581274275280698804e-01	2.594484915330816377e-01	1.555382753205246105e-01	7.455605827612438175e-02	3.094744422800367253e-02	7.803286277828315465e-02
1.233631404482097196e+03	2.431543546531529654e-01	1.580009939952458919e-01	2.595836724226554537e-01	1.556183595224972793e-01	7.459009172945375854e-02	3.097069977758439355e-02	7.808182789908824084e-02
1.235082735546193817e+03	2.429596047664386305e-01	1.578747697171488384e-01	2.597186201101703840e-01	1.556983022517563209e-01	7.462406482573251398e-02	3.099392148505054900e-02	7.813071684338074308e-02
1.236534066610290438e+03	2.427651900990494271e-01	1.577487543444615337e-01	2.598533349905880474e-01	1.557781037651173039e-01	7.465797767481507918e-02	3.101710937377321828e-02	7.817952975187339448e-02
1.237985397674387059e+03	2.425711100755883476e-01	1.576229475284517123e-01	2.599878174582133106e-01	1.558577643189465178e-01	7.469183038637187966e-02	3.104026346757033164e-02	7.822826676453596695e-02
1.239436728738483680e+03	2.423773641216576957e-01	1.574973489209710031e-01	2.601220679066947317e-01	1.559372841691613887e-01	7.472562306988933534e-02	3.106338379069717437e-02	7.827692802060674804e-02
1.240888059802580301e+03	2.421839516638570888e-01	1.573719581744540408e-01	2.602560867290257818e-01	1.560166635712307848e-01	7.475935583466979117e-02	3.108647036783708170e-02	7.832551365860354609e-02
1.242339390866676695e+03	2.419908721297815146e-01	1.572467749419174665e-01	2.603898743175454000e-01	1.560959027801752941e-01	7.479302878983146163e-02	3.110952322409227949e-02	7.837402381633473691e-02
1.243790721930773088e+03	2.417981249480194161e-01	1.571217988769589569e-01	2.605234310639389372e-01	1.561750020505676129e-01	7.482664204430838906e-02	3.113254238497491569e-02	7.842245863090992197e-02
1.245242052994869937e+03	2.416057095481507488e-01	1.569970296337561133e-01	2.606567573592391551e-01	1.562539616365329620e-01	7.486019570685042979e-02	3.115552787639826529e-02	7.847081823875047546e-02
1.246693384058966330e+03	2.414136253607450933e-01	1.568724668670657685e-01	2.607898535938268925e-01	1.563327817917492535e-01	7.489368988602321253e-02	3.117847972466808101e-02	7.851910277559986939e-02
1.248144715123063179e+03	2.412218718173597121e-01	1.567481102322227371e-01	2.609227201574319532e-01	1.564114627694477011e-01	7.492712469020808286e-02	3.120139795647413131e-02	7.856731237653385991e-02
1.249596046187159800e+03	2.410304483505375239e-01	1.566239593851390111e-01	2.610553574391340503e-01	1.564900048224130702e-01	7.496050022760218645e-02	3.122428259888187368e-02	7.861544717597043763e-02
1.251047377251256421e+03	2.408393543938055215e-01	1.565000139823027880e-01	2.611877658273634717e-01	1.565684082029840662e-01	7.499381660621841361e-02	3.124713367932430499e-02	7.866350730767956989e-02
1.252498708315352815e+03	2.406485893816725785e-01	1.563762736807774167e-01	2.613199457099022460e-01	1.566466731630537512e-01	7.502707393388538537e-02	3.126995122559394352e-02	7.871149290479280414e-02
1.253950039379449436e+03	2.404581527496276738e-01	1.562527381382005642e-01	2.614518974738847534e-01	1.567247999540699321e-01	7.506027231824745349e-02	3.129273526583498805e-02	7.875940409981274648e-02
1.255401370443546057e+03	2.402680439341380592e-01	1.561294070127831057e-01	2.615836215057987246e-01	1.568027888270355497e-01	7.509341186676476987e-02	3.131548582853559831e-02	7.880724102462224878e-02
1.256852701507642678e+03	2.400782623726472609e-01	1.560062799633082919e-01	2.617151181914862401e-01	1.568806400325091222e-01	7.512649268671327263e-02	3.133820294252034205e-02	7.885500381049351248e-02
1.258304032571739299e+03	2.398888075035733591e-01	1.558833566491307221e-01	2.618463879161442298e-01	1.569583538206052453e-01	7.515951488518472778e-02	3.136088663694277384e-02	7.890269258809699815e-02
1.259755363635835920e+03	2.396996787663070450e-01	1.557606367301754002e-01	2.619774310643256943e-01	1.570359304409948698e-01	7.519247856908674310e-02	3.138353694127814231e-02	7.895030748751015459e-02
1.261206694699932314e+03	2.395108756012098439e-01	1.556381198669368193e-01	2.621082480199404818e-01	1.571133701429058560e-01	7.522538384514280974e-02	3.140615388531627084e-02	7.899784863822602310e-02
1.262658025764028707e+03	2.393223974496120898e-01	1.555158057204779065e-01	2.622388391662562324e-01	1.571906731751233077e-01	7.525823081989235774e-02	3.142873749915453541e-02	7.904531616916167513e-02
1.264109356828125556e+03	2.391342437538113985e-01	1.553936939524291905e-01	2.623692048858990433e-01	1.572678397859901822e-01	7.529101959969083935e-02	3.145128781319096734e-02	7.909271020866648350e-02
1.265560687892221949e+03	2.389464139570705026e-01	1.552717842249877744e-01	2.624993455608546911e-01	1.573448702234075958e-01	7.532375029070971506e-02	3.147380485811755724e-02	7.914003088453021306e-02
1.267012018956318798e+03	2.387589075036156694e-01	1.551500762009164480e-01	2.626292615724692969e-01	1.574217647348354066e-01	7.535642299893659246e-02	3.149628866491358675e-02	7.918727832399102828e-02
1.268463350020415419e+03	2.385717238386347583e-01	1.550285695435427435e-01	2.627589533014503820e-01	1.574985235672925477e-01	7.538903783017519844e-02	3.151873926483915456e-02	7.923445265374332025e-02
1.269914681084511813e+03	2.383848624082754164e-01	1.549072639167578258e-01	2.628884211278674776e-01	1.575751469673576377e-01	7.542159489004555961e-02	3.154115668942881340e-02	7.928155399994535335e-02
1.271366012148608434e+03	2.381983226596433578e-01	1.547861589850157704e-01	2.630176654311533468e-01	1.576516351811693972e-01	7.545409428398400231e-02	3.156354097048529039e-02	7.932858248822685643e-02
1.272817343212705055e+03	2.380121040408005040e-01	1.546652544133325091e-01	2.631466865901048724e-01	1.577279884544271205e-01	7.548653611724326362e-02	3.158589214007338081e-02	7.937553824369641964e-02
1.274268674276801676e+03	2.378262060007631518e-01	1.545445498672849138e-01	2.632754849828836119e-01	1.578042070323912305e-01	7.551892049489258851e-02	3.160821023051391121e-02	7.942242139094869702e-02
1.275720005340898297e+03	2.376406279895002527e-01	1.544240450130097975e-01	2.634040609870170746e-01	1.578802911598836678e-01	7.555124752181775760e-02	3.163049527437784142e-02	7.946923205407166457e-02
1.277171336404994690e+03	2.374553694579316088e-01	1.543037395172030535e-01	2.635324149793995541e-01	1.579562410812885287e-01	7.558351730272130919e-02	3.165274730448047052e-02	7.951597035665351754e-02
1.278622667469091539e+03	2.372704298579260684e-01	1.541836330471186844e-01	2.636605473362929053e-01	1.580320570405524816e-01	7.561572994212251153e-02	3.167496635387574005e-02	7.956263642178960926e-02
1.280073998533187932e+03	2.370858086422997779e-01	1.540637252705679139e-01	2.637884584333275995e-01	1.581077392811852944e-01	7.564788554435755707e-02	3.169715245585068286e-02	7.960923037208916808e-02
1.281525329597284326e+03	2.369015052648144048e-01	1.539440158559182148e-01	2.639161486455035566e-01	1.581832880462604174e-01	7.567998421357960415e-02	3.171930564391992058e-02	7.965575232968194475e-02
1.282976660661381175e+03	2.367175191801754452e-01	1.538245044720922827e-01	2.640436183471909781e-01	1.582587035784153717e-01	7.571202605375894346e-02	3.174142595182032067e-02	7.970220241622472113e-02
1.284427991725477568e+03	2.365338498440303638e-01	1.537051907885673141e-01	2.641708679121314018e-01	1.583339861198524157e-01	7.574401116868308137e-02	3.176351341350571594e-02	7.974858075290769399e-02
1.285879322789574417e+03	2.363504967129669287e-01	1.535860744753739238e-01	2.642978977134387564e-01	1.584091359123389886e-01	7.577593966195690645e-02	3.178556806314174893e-02	7.979488746046073389e-02
1.287330653853671038e+03	2.361674592445114351e-01	1.534671552030952291e-01	2.644247081235999164e-01	1.584841531972082662e-01	7.580781163700275882e-02	3.180758993510077182e-02	7.984112265915956075e-02
1.288781984917767431e+03	2.359847368971269288e-01	1.533484326428659894e-01	2.645512995144759238e-01	1.585590382153597433e-01	7.583962719706063837e-02	3.182957906395690595e-02	7.988728646883180851e-02
1.290233315981864052e+03	2.358023291302115687e-01	1.532299064663715793e-01	2.646776722573028207e-01	1.586337912072597334e-01	7.587138644518821862e-02	3.185153548448114991e-02	7.993337900886289538e-02
