1.001418434226643626e+03	2.790827912152616386e-01	1.811266963753541681e-01	2.346976034990525817e-01	1.408166593849509707e-01	6.830025184406371408e-02	2.683737074696703265e-02	6.913862693402723913e-02
1.002869765290740247e+03	2.788266121670600062e-01	1.809617596917277582e-01	2.348754563355458513e-01	1.409227727734160551e-01	6.834539465093486532e-02	2.686540450497186538e-02	6.920259987602099538e-02
1.004321096354836754e+03	2.785708735838657857e-01	1.807970971073632194e-01	2.350530086277787256e-01	1.410286964257869702e-01	6.839045689776382386e-02	2.689342343057074536e-02	6.926644392654816851e-02
1.005772427418933376e+03	2.783155746964762756e-01	1.806327081651735722e-01	2.352302608737145140e-01	1.411344306519655145e-01	6.843543870520726879e-02	2.692142703113748620e-02	6.933015987600288366e-02
1.007223758483029997e+03	2.780607147372582966e-01	1.804685924088329507e-01	2.354072135706079261e-01	1.412399757623071239e-01	6.848034019421125884e-02	2.694941482438697328e-02	6.939374850207308265e-02
1.008675089547126618e+03	2.778062929401403092e-01	1.803047493827755476e-01	2.355838672150038782e-01	1.413453320675918945e-01	6.852516148600837353e-02	2.697738633817854323e-02	6.945721056997906928e-02
1.010126420611223239e+03	2.775523085406055301e-01	1.801411786321943931e-01	2.357602223027360500e-01	1.414504998789966328e-01	6.856990270211436866e-02	2.700534111032309309e-02	6.952054683270758595e-02
1.011577751675319632e+03	2.772987607756843276e-01	1.799778797030399669e-01	2.359362793289259685e-01	1.415554795080679051e-01	6.861456396432431826e-02	2.703327868839384279e-02	6.958375803124133840e-02
1.013029082739416367e+03	2.770456488839471709e-01	1.798148521420191714e-01	2.361120387879816485e-01	1.416602712666963082e-01	6.865914539470843736e-02	2.706119862954068159e-02	6.964684489478427387e-02
1.014480413803512761e+03	2.767929721054977477e-01	1.796520954965939165e-01	2.362875011735965647e-01	1.417648754670914335e-01	6.870364711560750237e-02	2.708910050030802555e-02	6.970980814098247380e-02
1.015931744867609382e+03	2.765407296819659133e-01	1.794896093149800087e-01	2.364626669787486257e-01	1.418692924217579976e-01	6.874806924962797994e-02	2.711698387645610636e-02	6.977264847614099430e-02
1.017383075931706003e+03	2.762889208565009191e-01	1.793273931461459580e-01	2.366375366956991189e-01	1.419735224434726384e-01	6.879241191963686441e-02	2.714484834278569486e-02	6.983536659543640446e-02
1.018834406995802851e+03	2.760375448737645288e-01	1.791654465398116736e-01	2.368121108159917665e-01	1.420775658452617940e-01	6.883667524875627941e-02	2.717269349296607545e-02	6.989796318312546664e-02
1.020285738059899245e+03	2.757866009799245233e-01	1.790037690464472975e-01	2.369863898304518657e-01	1.421814229403800256e-01	6.888085936035777401e-02	2.720051892936632687e-02	6.996043891274979221e-02
1.021737069123995752e+03	2.755360884226482621e-01	1.788423602172718729e-01	2.371603742291852890e-01	1.422850940422893118e-01	6.892496437805656351e-02	2.722832426288977412e-02	7.002279444733651437e-02
1.023188400188092373e+03	2.752860064510959104e-01	1.786812196042523726e-01	2.373340645015777073e-01	1.423885794646391201e-01	6.896899042570553418e-02	2.725610911281157664e-02	7.008503043959536660e-02
1.024639731252188767e+03	2.750363543159144997e-01	1.785203467601022276e-01	2.375074611362938126e-01	1.424918795212468670e-01	6.901293762738899829e-02	2.728387310661939402e-02	7.014714753211181986e-02
1.026091062316285615e+03	2.747871312692311552e-01	1.783597412382801894e-01	2.376805646212766243e-01	1.425949945260793772e-01	6.905680610741656011e-02	2.731161587985707698e-02	7.020914635753666699e-02
1.027542393380382237e+03	2.745383365646472673e-01	1.781994025929891923e-01	2.378533754437466563e-01	1.426979247932346206e-01	6.910059599031662114e-02	2.733933707597129004e-02	7.027102753877198515e-02
1.028993724444478858e+03	2.742899694572323854e-01	1.780393303791751314e-01	2.380258940902012232e-01	1.428006706369243373e-01	6.914430740082999627e-02	2.736703634616106245e-02	7.033279168915354540e-02
1.030445055508575479e+03	2.740420292035178895e-01	1.778795241525255588e-01	2.381981210464139131e-01	1.429032323714570230e-01	6.918794046390333574e-02	2.739471334923017712e-02	7.039443941262983617e-02
1.031896386572671872e+03	2.737945150614913836e-01	1.777199834694685177e-01	2.383700567974338935e-01	1.430056103112214982e-01	6.923149530468251933e-02	2.742236775144235930e-02	7.045597130393756180e-02
1.033347717636768493e+03	2.735474262905907561e-01	1.775607078871714040e-01	2.385417018275853562e-01	1.431078047706710321e-01	6.927497204850606438e-02	2.744999922637918893e-02	7.051738794877400462e-02
1.034799048700865114e+03	2.733007621516980734e-01	1.774016969635396068e-01	2.387130566204670457e-01	1.432098160643080209e-01	6.931837082089846447e-02	2.747760745480072944e-02	7.057868992396590380e-02
1.036250379764961508e+03	2.730545219071343066e-01	1.772429502572154536e-01	2.388841216589516481e-01	1.433116445066689171e-01	6.936169174756345868e-02	2.750519212450876563e-02	7.063987779763528096e-02
1.037701710829058356e+03	2.728087048206533360e-01	1.770844673275770165e-01	2.390548974251854586e-01	1.434132904123097962e-01	6.940493495437746740e-02	2.753275293021265405e-02	7.070095212936210183e-02
1.039153041893154750e+03	2.725633101574366224e-01	1.769262477347367524e-01	2.392253844005877983e-01	1.435147540957923962e-01	6.944810056738277837e-02	2.756028957339769561e-02	7.076191347034378742e-02
1.040604372957251599e+03	2.723183371840875999e-01	1.767682910395404483e-01	2.393955830658507367e-01	1.436160358716703223e-01	6.949118871278095466e-02	2.758780176219601324e-02	7.082276236355175558e-02
1.042055704021347992e+03	2.720737851686262920e-01	1.766105968035659446e-01	2.395654939009386197e-01	1.437171360544759469e-01	6.953419951692620116e-02	2.761528921125985803e-02	7.088349934388499252e-02
1.043507035085444613e+03	2.718296533804837600e-01	1.764531645891219969e-01	2.397351173850878758e-01	1.438180549587075030e-01	6.957713310631871706e-02	2.764275164163731979e-02	7.094412493832071009e-02
1.044958366149541234e+03	2.715859410904970517e-01	1.762959939592469993e-01	2.399044539968065159e-01	1.439187928988166498e-01	6.961998960759813171e-02	2.767018878065040030e-02	7.100463966606214428e-02
1.046409697213637855e+03	2.713426475709038166e-01	1.761390844777079023e-01	2.400735042138740782e-01	1.440193501891962324e-01	6.966276914753698202e-02	2.769760036177537632e-02	7.106504403868350861e-02
1.047861028277734476e+03	2.710997720953372547e-01	1.759824357089988522e-01	2.402422685133411284e-01	1.441197271441687078e-01	6.970547185303421767e-02	2.772498612452544212e-02	7.112533856027231094e-02
1.049312359341831097e+03	2.708573139388208428e-01	1.758260472183402479e-01	2.404107473715292598e-01	1.442199240779744873e-01	6.974809785110877569e-02	2.775234581433556197e-02	7.118552372756881130e-02
1.050763690405927491e+03	2.706152723777633939e-01	1.756699185716772138e-01	2.405789412640307323e-01	1.443199413047609181e-01	6.979064726889315506e-02	2.777967918244950499e-02	7.124560003010302345e-02
1.052215021470024112e+03	2.703736466899541724e-01	1.755140493356788511e-01	2.407468506657084173e-01	1.444197791385713747e-01	6.983312023362717169e-02	2.780698598580901362e-02	7.130556795032899631e-02
1.053666352534120733e+03	2.701324361545576203e-01	1.753584390777365998e-01	2.409144760506956306e-01	1.445194378933348511e-01	6.987551687265168565e-02	2.783426598694509202e-02	7.136542796375656972e-02
1.055117683598217127e+03	2.698916400521088610e-01	1.752030873659633503e-01	2.410818178923960498e-01	1.446189178828555244e-01	6.991783731340237007e-02	2.786151895387131358e-02	7.142518053908060438e-02
1.056569014662313975e+03	2.696512576645087589e-01	1.750479937691921672e-01	2.412488766634834914e-01	1.447182194208029571e-01	6.996008168340367428e-02	2.788874465997917898e-02	7.148482613830788035e-02
1.058020345726410369e+03	2.694112882750189786e-01	1.748931578569750678e-01	2.414156528359020504e-01	1.448173428207023550e-01	7.000225011026273148e-02	2.791594288393544135e-02	7.154436521688148365e-02
1.059471676790506763e+03	2.691717311682574887e-01	1.747385791995819115e-01	2.415821468808659611e-01	1.449162883959250747e-01	7.004434272166341902e-02	2.794311340958138476e-02	7.160379822380284753e-02
1.060923007854603611e+03	2.689325856301940099e-01	1.745842573679991516e-01	2.417483592688595140e-01	1.450150564596794089e-01	7.008635964536050200e-02	2.797025602583398315e-02	7.166312560175153168e-02
1.062374338918700232e+03	2.686938509481450743e-01	1.744301919339287521e-01	2.419142904696372220e-01	1.451136473250016767e-01	7.012830100917376297e-02	2.799737052658896053e-02	7.172234778720265602e-02
1.063825669982796853e+03	2.684555264107697514e-01	1.742763824697869113e-01	2.420799409522237378e-01	1.452120613047475084e-01	7.017016694098232588e-02	2.802445671062567256e-02	7.178146521054221130e-02
1.065277001046893474e+03	2.682176113080650404e-01	1.741228285487029515e-01	2.422453111849139917e-01	1.453102987115833244e-01	7.021195756871903559e-02	2.805151438151377852e-02	7.184047829618006586e-02
1.066728332110990095e+03	2.679801049313613737e-01	1.739695297445181532e-01	2.424104016352731650e-01	1.454083598579780923e-01	7.025367302036483741e-02	2.807854334752169292e-02	7.189938746266093250e-02
1.068179663175086489e+03	2.677430065733183984e-01	1.738164856317844786e-01	2.425752127701368555e-01	1.455062450561951937e-01	7.029531342394335081e-02	2.810554342152677201e-02	7.195819312277319801e-02
1.069630994239183110e+03	2.675063155279204796e-01	1.736636957857635721e-01	2.427397450556112724e-01	1.456039546182846811e-01	7.033687890751547100e-02	2.813251442092717935e-02	7.201689568365567118e-02
1.071082325303279504e+03	2.672700310904723708e-01	1.735111597824254281e-01	2.429039989570732916e-01	1.457014888560754506e-01	7.037836959917403989e-02	2.815945616755544806e-02	7.207549554690231841e-02
1.072533656367376352e+03	2.670341525575950503e-01	1.733588771984473087e-01	2.430679749391706224e-01	1.457988480811680532e-01	7.041978562703865574e-02	2.818636848759364585e-02	7.213399310866502878e-02
1.073984987431472746e+03	2.667986792272215024e-01	1.732068476112126332e-01	2.432316734658219737e-01	1.458960326049271172e-01	7.046112711925052452e-02	2.821325121149018123e-02	7.219238875975443614e-02
1.075436318495569594e+03	2.665636103985924987e-01	1.730550705988096460e-01	2.433950950002173319e-01	1.459930427384744933e-01	7.050239420396743617e-02	2.824010417387814997e-02	7.225068288573878450e-02
1.076887649559666215e+03	2.663289453722524902e-01	1.729035457400304454e-01	2.435582400048181828e-01	1.460898787926822318e-01	7.054358700935875470e-02	2.826692721349524651e-02	7.230887586704100312e-02
1.078338980623762609e+03	2.660946834500454994e-01	1.727522726143697063e-01	2.437211089413576504e-01	1.461865410781658936e-01	7.058470566360056098e-02	2.829372017310519127e-02	7.236696807903386652e-02
1.079790311687859230e+03	2.658608239351111235e-01	1.726012508020235148e-01	2.438837022708408853e-01	1.462830299052780003e-01	7.062575029487087874e-02	2.832048289942063618e-02	7.242495989213335039e-02
1.081241642751955851e+03	2.656273661318804269e-01	1.724504798838883413e-01	2.440460204535452315e-01	1.463793455841015945e-01	7.066672103134494232e-02	2.834721524302753065e-02	7.248285167189029432e-02
1.082692973816052472e+03	2.653943093460722769e-01	1.722999594415596525e-01	2.442080639490205873e-01	1.464754884244440225e-01	7.070761800119060303e-02	2.837391705831092403e-02	7.254064377908030214e-02
1.084144304880149093e+03	2.651616528846889587e-01	1.721496890573310234e-01	2.443698332160897935e-01	1.465714587358309118e-01	7.074844133256370793e-02	2.840058820338216272e-02	7.259833656979187977e-02
1.085595635944245487e+03	2.649293960560126782e-01	1.719996683141927774e-01	2.445313287128487167e-01	1.466672568275001198e-01	7.078919115360372827e-02	2.842722854000747507e-02	7.265593039551292154e-02
1.087046967008342108e+03	2.646975381696016205e-01	1.718498967958309309e-01	2.446925508966669438e-01	1.467628830083960723e-01	7.082986759242933250e-02	2.845383793353790589e-02	7.271342560321562842e-02
1.088498298072438729e+03	2.644660785362861199e-01	1.717003740866261119e-01	2.448535002241877812e-01	1.468583375871641006e-01	7.087047077713412579e-02	2.848041625284056244e-02	7.277082253543973311e-02
1.089949629136535123e+03	2.642350164681646629e-01	1.715510997716521990e-01	2.450141771513289768e-01	1.469536208721448911e-01	7.091100083578241731e-02	2.850696337023118573e-02	7.282812153037422631e-02
1.091400960200631971e+03	2.640043512786006685e-01	1.714020734366753784e-01	2.451745821332828035e-01	1.470487331713691559e-01	7.095145789640504297e-02	2.853347916140797774e-02	7.288532292193747320e-02
1.092852291264728365e+03	2.637740822822183251e-01	1.712532946681529222e-01	2.453347156245167526e-01	1.471436747925525534e-01	7.099184208699541032e-02	2.855996350538668113e-02	7.294242703985583109e-02
1.094303622328825213e+03	2.635442087948992040e-01	1.711047630532321062e-01	2.454945780787737286e-01	1.472384460430903597e-01	7.103215353550541844e-02	2.858641628443691490e-02	7.299943420974076835e-02
1.095754953392921607e+03	2.633147301337784851e-01	1.709564781797489608e-01	2.456541699490726316e-01	1.473330472300526106e-01	7.107239236984158604e-02	2.861283738401966190e-02	7.305634475316455378e-02
1.097206284457018228e+03	2.630856456172414592e-01	1.708084396362271606e-01	2.458134916877087461e-01	1.474274786601793563e-01	7.111255871786127669e-02	2.863922669272599836e-02	7.311315898773450284e-02
1.098657615521114849e+03	2.628569545649198091e-01	1.706606470118769703e-01	2.459725437462542408e-01	1.475217406398758868e-01	7.115265270736889636e-02	2.866558410221693026e-02	7.316987722716578046e-02
1.100108946585211470e+03	2.626286562976882788e-01	1.705130998965940226e-01	2.461313265755586399e-01	1.476158334752080414e-01	7.119267446611224348e-02	2.869190950716441965e-02	7.322649978135284399e-02
1.101560277649308091e+03	2.624007501376611762e-01	1.703657978809582363e-01	2.462898406257492678e-01	1.477097574718978790e-01	7.123262412177890079e-02	2.871820280519347610e-02	7.328302695643960918e-02
1.103011608713404712e+03	2.621732354081885985e-01	1.702187405562326505e-01	2.464480863462318594e-01	1.478035129353191812e-01	7.127250180199268259e-02	2.874446389682537920e-02	7.333945905488814532e-02
1.104462939777501106e+03	2.619461114338535457e-01	1.700719275143623144e-01	2.466060641856910318e-01	1.478971001704933452e-01	7.131230763431024855e-02	2.877069268542195926e-02	7.339579637554613512e-02
1.105914270841597499e+03	2.617193775404678679e-01	1.699253583479731489e-01	2.467637745920907288e-01	1.479905194820850256e-01	7.135204174621766204e-02	2.879688907713093618e-02	7.345203921371318279e-02
1.107365601905694348e+03	2.614930330550694904e-01	1.697790326503708092e-01	2.469212180126749423e-01	1.480837711743983598e-01	7.139170426512707335e-02	2.882305298083229217e-02	7.350818786120560944e-02
1.108816932969790741e+03	2.612670773059186380e-01	1.696329500155396020e-01	2.470783948939681285e-01	1.481768555513728602e-01	7.143129531837348611e-02	2.884918430808565762e-02	7.356424260642023538e-02
1.110268264033887590e+03	2.610415096224948939e-01	1.694871100381412643e-01	2.472353056817758465e-01	1.482697729165795286e-01	7.147081503321157936e-02	2.887528297307869612e-02	7.362020373439685794e-02
1.111719595097984211e+03	2.608163293354934242e-01	1.693415123135139921e-01	2.473919508211852580e-01	1.483625235732173309e-01	7.151026353681258496e-02	2.890134889257646444e-02	7.367607152687960514e-02
1.113170926162080832e+03	2.605915357768222584e-01	1.691961564376711913e-01	2.475483307565658209e-01	1.484551078241093669e-01	7.154964095626127618e-02	2.892738198587173348e-02	7.373184626237701267e-02
1.114622257226177226e+03	2.603671282795987363e-01	1.690510420073003950e-01	2.477044459315698721e-01	1.485475259716993734e-01	7.158894741855292843e-02	2.895338217473623216e-02	7.378752821622112934e-02
1.116073588290273847e+03	2.601431061781463439e-01	1.689061686197622092e-01	2.478602967891331832e-01	1.486397783180483934e-01	7.162818305059041879e-02	2.897934938337283842e-02	7.384311766062534588e-02
1.117524919354370468e+03	2.599194688079916604e-01	1.687615358730890081e-01	2.480158837714755704e-01	1.487318651648312229e-01	7.166734797918139499e-02	2.900528353836866538e-02	7.389861486474123831e-02
1.118976250418467089e+03	2.596962155058609723e-01	1.686171433659841290e-01	2.481712073201016444e-01	1.488237868133332753e-01	7.170644233103543042e-02	2.903118456864902178e-02	7.395402009471428728e-02
1.120427581482563710e+03	2.594733456096774415e-01	1.684729906978204572e-01	2.483262678758014208e-01	1.489155435644473613e-01	7.174546623276134572e-02	2.905705240543226403e-02	7.400933361373855657e-02
1.121878912546660331e+03	2.592508584585577758e-01	1.683290774686394542e-01	2.484810658786507920e-01	1.490071357186705525e-01	7.178441981086448875e-02	2.908288698218548796e-02	7.406455568211027518e-02
1.123330243610756725e+03	2.590287533928093411e-01	1.681854032791501030e-01	2.486356017680124431e-01	1.490985635761012396e-01	7.182330319174413946e-02	2.910868823458106699e-02	7.411968655728053135e-02
1.124781574674853118e+03	2.588070297539268871e-01	1.680419677307277149e-01	2.487898759825363515e-01	1.491898274364361066e-01	7.186211650169091469e-02	2.913445610045400577e-02	7.417472649390685624e-02
1.126232905738949967e+03	2.585856868845897716e-01	1.678987704254127633e-01	2.489438889601605920e-01	1.492809275989673556e-01	7.190085986688433961e-02	2.916019051976010898e-02	7.422967574390386403e-02
1.127684236803046360e+03	2.583647241286587404e-01	1.677558109659099961e-01	2.490976411381119471e-01	1.493718643625799036e-01	7.193953341339030805e-02	2.918589143453492740e-02	7.428453455649294823e-02
1.129135567867143209e+03	2.581441408311730967e-01	1.676130889555871029e-01	2.492511329529065733e-01	1.494626380257486620e-01	7.197813726715875104e-02	2.921155878885349846e-02	7.433930317825106215e-02
1.130586898931239830e+03	2.579239363383477590e-01	1.674706039984736883e-01	2.494043648403508617e-01	1.495532488865358722e-01	7.201667155402127762e-02	2.923719252879083963e-02	7.439398185315850009e-02
1.132038229995336451e+03	2.577041099975700411e-01	1.673283556992603283e-01	2.495573372355419095e-01	1.496436972425886358e-01	7.205513639968888495e-02	2.926279260238318081e-02	7.444857082264581816e-02
1.133489561059432845e+03	2.574846611573972099e-01	1.671863436632971545e-01	2.497100505728684916e-01	1.497339833911364437e-01	7.209353192974971014e-02	2.928835895958994615e-02	7.450307032563988074e-02
1.134940892123529466e+03	2.572655891675532103e-01	1.670445674965931049e-01	2.498625052860116436e-01	1.498241076289885954e-01	7.213185826966687919e-02	2.931389155225645055e-02	7.455748059860899113e-02
1.136392223187626087e+03	2.570468933789258892e-01	1.669030268058145916e-01	2.500147018079454386e-01	1.499140702525320890e-01	7.217011554477635593e-02	2.933939033407728311e-02	7.461180187560725874e-02
1.137843554251722708e+03	2.568285731435643315e-01	1.667617211982844738e-01	2.501666405709377372e-01	1.500038715577292070e-01	7.220830388028486035e-02	2.936485526056040879e-02	7.466603438831795336e-02
1.139294885315819101e+03	2.566106278146757513e-01	1.666206502819809754e-01	2.503183220065509085e-01	1.500935118401152957e-01	7.224642340126777307e-02	2.939028628899195000e-02	7.472017836609626262e-02
1.140746216379915950e+03	2.563930567466229382e-01	1.664798136655367133e-01	2.504697465456428018e-01	1.501829913947966832e-01	7.228447423266727567e-02	2.941568337840160322e-02	7.477423403601105023e-02
1.142197547444012343e+03	2.561758592949212043e-01	1.663392109582373102e-01	2.506209146183670522e-01	1.502723105164485429e-01	7.232245649929026909e-02	2.944104648952873896e-02	7.482820162288590649e-02
1.143648878508108737e+03	2.559590348162359974e-01	1.661988417700206722e-01	2.507718266541743013e-01	1.503614694993129219e-01	7.236037032580655559e-02	2.946637558478913677e-02	7.488208134933946325e-02
1.145100209572205586e+03	2.557425826683798475e-01	1.660587057114756016e-01	2.509224830818128082e-01	1.504504686371967437e-01	7.239821583674695138e-02	2.949167062824234464e-02	7.493587343582483462e-02
1.146551540636302207e+03	2.555265022103095918e-01	1.659188023938408807e-01	2.510728843293292267e-01	1.505393082234698920e-01	7.243599315650151027e-02	2.951693158555965604e-02	7.498957810066841922e-02
1.148002871700398828e+03	2.553107928021238759e-01	1.657791314290041618e-01	2.512230308240693266e-01	1.506279885510634076e-01	7.247370240931771956e-02	2.954215842399269751e-02	7.504319556010785597e-02
1.149454202764495449e+03	2.550954538050605458e-01	1.656396924295009121e-01	2.513729229926791042e-01	1.507165099124676833e-01	7.251134371929880695e-02	2.956735111234260263e-02	7.509672602832941080e-02
1.150905533828591842e+03	2.548804845814935383e-01	1.655004850085132206e-01	2.515225612611052264e-01	1.508048725997307438e-01	7.254891721040206132e-02	2.959250962092977930e-02	7.515016971750450303e-02
1.152356864892688463e+03	2.546658844949306055e-01	1.653615087798689098e-01	2.516719460545959186e-01	1.508930769044565523e-01	7.258642300643715350e-02	2.961763392156424937e-02	7.520352683782563497e-02
1.153808195956785084e+03	2.544516529100106506e-01	1.652227633580402866e-01	2.518210777977019643e-01	1.509811231178034285e-01	7.262386123106455427e-02	2.964272398751652271e-02	7.525679759754164144e-02
1.155259527020881706e+03	2.542377891925009514e-01	1.650842483581431708e-01	2.519699569142773710e-01	1.510690115304823555e-01	7.266123200779397995e-02	2.966777979348906441e-02	7.530998220299213453e-02
1.156710858084978327e+03	2.540242927092947189e-01	1.649459633959357296e-01	2.521185838274802582e-01	1.511567424327556197e-01	7.269853545998289368e-02	2.969280131558827210e-02	7.536308085864157347e-02
1.158162189149074720e+03	2.538111628284082655e-01	1.648079080878175895e-01	2.522669589597736350e-01	1.512443161144352843e-01	7.273577171083495108e-02	2.971778853129698750e-02	7.541609376711240487e-02
1.159613520213171569e+03	2.535983989189787291e-01	1.646700820508285590e-01	2.524150827329262881e-01	1.513317328648816629e-01	7.277294088339859857e-02	2.974274141944753883e-02	7.546902112921771710e-02
1.161064851277267962e+03	2.533860003512613535e-01	1.645324849026476854e-01	2.525629555680136695e-01	1.514189929730021533e-01	7.281004310056567175e-02	2.976765996019528626e-02	7.552186314399327027e-02
1.162516182341364356e+03	2.531739664966269898e-01	1.643951162615921724e-01	2.527105778854186191e-01	1.515060967272497394e-01	7.284707848507000760e-02	2.979254413499266702e-02	7.557462000872887387e-02
1.163967513405461204e+03	2.529622967275595435e-01	1.642579757466163248e-01	2.528579501048323075e-01	1.515930444156217693e-01	7.288404715948607060e-02	2.981739392656371571e-02	7.562729191899923709e-02
1.165418844469557826e+03	2.527509904176535871e-01	1.641210629773104668e-01	2.530050726452551801e-01	1.516798363256587623e-01	7.292094924622771757e-02	2.984220931887911210e-02	7.567987906869416692e-02
1.166870175533654447e+03	2.525400469416116955e-01	1.639843775738998588e-01	2.531519459249975679e-01	1.517664727444431316e-01	7.295778486754683767e-02	2.986699029713164866e-02	7.573238165004823885e-02
1.168321506597751068e+03	2.523294656752421150e-01	1.638479191572436988e-01	2.532985703616807971e-01	1.518529539585981303e-01	7.299455414553217281e-02	2.989173684771220113e-02	7.578479985366989857e-02
1.169772837661847461e+03	2.521192459954560983e-01	1.637116873488340951e-01	2.534449463722379670e-01	1.519392802542867127e-01	7.303125720210811023e-02	2.991644895818611899e-02	7.583713386856999472e-02
1.171224168725944082e+03	2.519093872802657397e-01	1.635756817707948174e-01	2.535910743729147820e-01	1.520254519172104246e-01	7.306789415903344742e-02	2.994112661727010502e-02	7.588938388218978426e-02
1.172675499790040703e+03	2.516998889087814217e-01	1.634399020458805196e-01	2.537369547792704960e-01	1.521114692326084594e-01	7.310446513790035128e-02	2.996576981480948698e-02	7.594155008042839661e-02
1.174126830854137097e+03	2.514907502612092616e-01	1.633043477974754631e-01	2.538825880061787998e-01	1.521973324852566589e-01	7.314097026013313685e-02	2.999037854175595416e-02	7.599363264766982595e-02
1.175578161918233945e+03	2.512819707188490015e-01	1.631690186495926842e-01	2.540279744678287099e-01	1.522830419594664864e-01	7.317740964698726813e-02	3.001495279014568945e-02	7.604563176680932679e-02
1.177029492982330339e+03	2.510735496640912334e-01	1.630339142268726338e-01	2.541731145777254008e-01	1.523685979390842771e-01	7.321378341954824787e-02	3.003949255307794206e-02	7.609754761927939315e-02
1.178480824046426733e+03	2.508654864804154005e-01	1.628990341545825393e-01	2.543180087486910934e-01	1.524540007074902670e-01	7.325009169873060444e-02	3.006399782469398180e-02	7.614938038507521045e-02
1.179932155110523581e+03	2.506577805523872993e-01	1.627643780586149613e-01	2.544626573928661095e-01	1.525392505475978155e-01	7.328633460527692045e-02	3.008846860015645247e-02	7.620113024277959390e-02
1.181383486174620202e+03	2.504504312656564702e-01	1.626299455654870441e-01	2.546070609217094827e-01	1.526243477418524896e-01	7.332251225975684739e-02	3.011290487562913801e-02	7.625279736958755217e-02
1.182834817238716823e+03	2.502434380069543662e-01	1.624957363023393220e-01	2.547512197460003458e-01	1.527092925722315642e-01	7.335862478256616193e-02	3.013730664825709296e-02	7.630438194133024044e-02
1.184286148302813444e+03	2.500368001640916327e-01	1.623617498969347206e-01	2.548951342758382088e-01	1.527940853202429672e-01	7.339467229392583614e-02	3.016167391614714421e-02	7.635588413249862205e-02
1.185737479366910065e+03	2.498305171259558310e-01	1.622279859776575295e-01	2.550388049206444019e-01	1.528787262669249192e-01	7.343065491388119093e-02	3.018600667834877085e-02	7.640730411626651952e-02
1.187188810431006686e+03	2.496245882825093854e-01	1.620944441735123753e-01	2.551822320891626306e-01	1.529632156928450171e-01	7.346657276230100786e-02	3.021030493483535875e-02	7.645864206451340184e-02
1.188640141495103080e+03	2.494190130247870563e-01	1.619611241141231672e-01	2.553254161894601415e-01	1.530475538780997902e-01	7.350242595887665487e-02	3.023456868648578474e-02	7.650989814784657506e-02
1.190091472559199701e+03	2.492137907448937206e-01	1.618280254297320697e-01	2.554683576289285551e-01	1.531317411023140063e-01	7.353821462312136459e-02	3.025879793506635121e-02	7.656107253562306758e-02
1.191542803623296322e+03	2.490089208360021789e-01	1.616951477511984481e-01	2.556110568142848649e-01	1.532157776446401165e-01	7.357393887436934621e-02	3.028299268321309190e-02	7.661216539597108521e-02
1.192994134687392716e+03	2.488044026923508234e-01	1.615624907099979246e-01	2.557535141515721033e-01	1.532996637837578113e-01	7.360959883177509155e-02	3.030715293441437266e-02	7.666317689581096662e-02
1.194445465751489564e+03	2.486002357092415294e-01	1.614300539382212407e-01	2.558957300461605633e-01	1.533833997978734653e-01	7.364519461431261182e-02	3.033127869299384952e-02	7.671410720087590285e-02
1.195896796815585958e+03	2.483964192830372397e-01	1.612978370685733409e-01	2.560377049027485752e-01	1.534669859647195822e-01	7.368072634077471594e-02	3.035536996409374591e-02	7.676495647573208791e-02
1.197348127879682352e+03	2.481929528111598005e-01	1.611658397343722071e-01	2.561794391253633951e-01	1.535504225615545171e-01	7.371619412977227503e-02	3.037942675365841796e-02	7.681572488379866115e-02
1.198799458943779200e+03	2.479898356920879066e-01	1.610340615695479705e-01	2.563209331173623706e-01	1.536337098651619770e-01	7.375159809973362568e-02	3.040344906841827705e-02	7.686641258736712223e-02
1.200250790007875821e+03	2.477870673253547429e-01	1.609025022086418566e-01	2.564621872814337178e-01	1.537168481518506880e-01	7.378693836890386215e-02	3.042743691587397950e-02	7.691701974762045479e-02
1.201702121071972442e+03	2.475846471115458747e-01	1.607711612868051032e-01	2.566032020195972985e-01	1.537998376974538672e-01	7.382221505534425354e-02	3.045139030428092863e-02	7.696754652465194468e-02
1.203153452136069063e+03	2.473825744522970271e-01	1.606400384397980441e-01	2.567439777332059525e-01	1.538826787773291405e-01	7.385742827693152213e-02	3.047530924263407506e-02	7.701799307748345702e-02
1.204604783200165684e+03	2.471808487502919760e-01	1.605091333039889989e-01	2.568845148229462194e-01	1.539653716663580696e-01	7.389257815135739926e-02	3.049919374065298422e-02	7.706835956408361610e-02
1.206056114264262078e+03	2.469794694092602994e-01	1.603784455163533296e-01	2.570248136888391155e-01	1.540479166389459587e-01	7.392766479612798702e-02	3.052304380876722303e-02	7.711864614138543017e-02
1.207507445328358699e+03	2.467784358339754069e-01	1.602479747144724131e-01	2.571648747302412996e-01	1.541303139690214374e-01	7.396268832856316144e-02	3.054685945810198255e-02	7.716885296530366645e-02
1.208958776392455093e+03	2.465777474302521810e-01	1.601177205365325873e-01	2.573046983458461279e-01	1.542125639300365170e-01	7.399764886579610068e-02	3.057064070046399198e-02	7.721898019075193464e-02
1.210410107456551941e+03	2.463774036049450611e-01	1.599876826213241510e-01	2.574442849336843198e-01	1.542946667949660344e-01	7.403254652477277153e-02	3.059438754832771376e-02	7.726902797165939585e-02
1.211861438520648335e+03	2.461774037659458236e-01	1.598578606082404208e-01	2.575836348911251239e-01	1.543766228363078474e-01	7.406738142225138821e-02	3.061810001482175719e-02	7.731899646098713830e-02
1.213312769584745183e+03	2.459777473221814448e-01	1.597282541372766762e-01	2.577227486148770952e-01	1.544584323260823344e-01	7.410215367480198212e-02	3.064177811371560436e-02	7.736888581074433113e-02
1.214764100648841804e+03	2.457784336836121297e-01	1.595988628490291883e-01	2.578616265009892605e-01	1.545400955358324224e-01	7.413686339880591614e-02	3.066542185940653725e-02	7.741869617200396181e-02
1.216215431712937971e+03	2.455794622612291478e-01	1.594696863846940815e-01	2.580002689448520625e-01	1.546216127366235038e-01	7.417151071045546828e-02	3.068903126690684241e-02	7.746842769491833758e-02
1.217666762777034819e+03	2.453808324670527230e-01	1.593407243860666123e-01	2.581386763411980256e-01	1.547029841990432419e-01	7.420609572575334600e-02	3.071260635183124810e-02	7.751808052873433719e-02
1.219118093841131440e+03	2.451825437141300357e-01	1.592119764955398364e-01	2.582768490841029219e-01	1.547842101932015157e-01	7.424061856051235309e-02	3.073614713038459734e-02	7.756765482180827398e-02
1.220569424905228061e+03	2.449845954165331130e-01	1.590834423561038879e-01	2.584147875669868255e-01	1.548652909887303641e-01	7.427507933035495946e-02	3.075965361934975342e-02	7.761715072162053697e-02
1.222020755969324682e+03	2.447869869893569139e-01	1.589551216113448129e-01	2.585524921826150013e-01	1.549462268547840416e-01	7.430947815071292650e-02	3.078312583607574482e-02	7.766656837478996822e-02
1.223472087033421303e+03	2.445897178487170531e-01	1.588270139054436536e-01	2.586899633230987927e-01	1.550270180600389625e-01	7.434381513682691844e-02	3.080656379846611476e-02	7.771590792708790718e-02
1.224923418097517697e+03	2.443927874117479693e-01	1.586991188831754218e-01	2.588272013798966764e-01	1.551076648726935625e-01	7.437809040374619707e-02	3.082996752496751716e-02	7.776516952345202682e-02
1.226374749161614318e+03	2.441961950966008155e-01	1.585714361899081548e-01	2.589642067438151507e-01	1.551881675604685484e-01	7.441230406632831640e-02	3.085333703455851034e-02	7.781435330799992001e-02
1.227826080225710712e+03	2.439999403224414332e-01	1.584439654716018608e-01	2.591009798050097901e-01	1.552685263906067592e-01	7.444645623923872024e-02	3.087667234673855884e-02	7.786345942404236664e-02
1.229277411289807560e+03	2.438040225094484370e-01	1.583167063748075754e-01	2.592375209529860225e-01	1.553487416298732771e-01	7.448054703695050627e-02	3.089997348151724693e-02	7.791248801409639269e-02
1.230728742353903954e+03	2.436084410788111054e-01	1.581896585466663618e-01	2.593738305766004615e-01	1.554288135445556218e-01	7.451457657374413457e-02	3.092324045940372107e-02	7.796143921989806547e-02
1.232180073418000802e+03	2.434131954527274933e-01	1.580628216349083126e-01	2.595099090640615169e-01	1.555087424004636953e-01	7.454854496370712236e-02	3.094647330139629199e-02	7.801031318241506696e-02
1.233631404482097196e+03	2.432182850544023778e-01	1.579361952878515774e-01	2.596457568029306162e-01	1.555885284629299481e-01	7.458245232073378028e-02	3.096967202897225879e-02	7.805911004185901725e-02
1.235082735546193817e+03	2.430237093080452326e-01	1.578097791544013639e-01	2.597813741801229259e-01	1.556681719968094901e-01	7.461629875852503202e-02	3.099283666407792043e-02	7.810782993769757598e-02
1.236534066610290438e+03	2.428294676388684237e-01	1.576835728840490780e-01	2.599167615819085730e-01	1.557476732664803132e-01	7.465008439058808121e-02	3.101596722911877449e-02	7.815647300866628011e-02
1.237985397674387059e+03	2.426355594730851550e-01	1.575575761268711572e-01	2.600519193939134777e-01	1.558270325358433461e-01	7.468380933023630042e-02	3.103906374694989645e-02	7.820503939278017347e-02
1.239436728738483680e+03	2.424419842379075263e-01	1.574317885335282108e-01	2.601868480011203522e-01	1.559062500683226771e-01	7.471747369058891197e-02	3.106212624086652010e-02	7.825352922734528371e-02
1.240888059802580301e+03	2.422487413615445340e-01	1.573062097552640204e-01	2.603215477878697559e-01	1.559853261268657476e-01	7.475107758457087692e-02	3.108515473459476028e-02	7.830194264896978007e-02
1.242339390866676695e+03	2.420558302732002676e-01	1.571808394439045686e-01	2.604560191378609280e-01	1.560642609739435749e-01	7.478462112491265912e-02	3.110814925228256103e-02	7.835027979357497840e-02
1.243790721930773088e+03	2.418632504030718278e-01	1.570556772518570676e-01	2.605902624341527307e-01	1.561430548715509181e-01	7.481810442415004481e-02	3.113110981849075837e-02	7.839854079640612428e-02
1.245242052994869937e+03	2.416710011823475779e-01	1.569307228321089598e-01	2.607242780591649267e-01	1.562217080812065562e-01	7.485152759462407324e-02	3.115403645818436498e-02	7.844672579204298168e-02
1.246693384058966330e+03	2.414790820432050067e-01	1.568059758382269742e-01	2.608580663946790112e-01	1.563002208639535928e-01	7.488489074848074523e-02	3.117692919672398338e-02	7.849483491441021366e-02
1.248144715123063179e+03	2.412874924188090631e-01	1.566814359243561550e-01	2.609916278218388230e-01	1.563785934803595679e-01	7.491819399767100929e-02	3.119978805985739595e-02	7.854286829678752690e-02
1.249596046187159800e+03	2.410962317433101298e-01	1.565571027452189179e-01	2.611249627211520985e-01	1.564568261905168733e-01	7.495143745395053958e-02	3.122261307371131112e-02	7.859082607181974711e-02
1.251047377251256421e+03	2.409052994518420809e-01	1.564329759561140787e-01	2.612580714724910269e-01	1.565349192540429202e-01	7.498462122887969428e-02	3.124540426478326569e-02	7.863870837152658888e-02
1.252498708315352815e+03	2.407146949805205050e-01	1.563090552129158539e-01	2.613909544550934716e-01	1.566128729300805544e-01	7.501774543382333515e-02	3.126816165993369367e-02	7.868651532731223142e-02
1.253950039379449436e+03	2.405244177664407623e-01	1.561853401720729451e-01	2.615236120475638026e-01	1.566906874772983627e-01	7.505081017995078596e-02	3.129088528637811312e-02	7.873424706997482481e-02
1.255401370443546057e+03	2.403344672476761534e-01	1.560618304906075116e-01	2.616560446278740626e-01	1.567683631538908939e-01	7.508381557823572139e-02	3.131357517167949328e-02	7.878190372971570488e-02
1.256852701507642678e+03	2.401448428632760590e-01	1.559385258261143381e-01	2.617882525733647436e-01	1.568459002175790762e-01	7.511676173945609769e-02	3.133623134374075025e-02	7.882948543614851089e-02
1.258304032571739299e+03	2.399555440532639417e-01	1.558154258367598355e-01	2.619202362607457313e-01	1.569232989256106048e-01	7.514964877419406941e-02	3.135885383079739519e-02	7.887699231830806734e-02
1.259755363635835920e+03	2.397665702586357084e-01	1.556925301812809026e-01	2.620519960660974701e-01	1.570005595347601646e-01	7.518247679283596163e-02	3.138144266141029010e-02	7.892442450465916859e-02
1.261206694699932314e+03	2.395779209213577121e-01	1.555698385189842603e-01	2.621835323648718519e-01	1.570776823013299572e-01	7.521524590557215895e-02	3.140399786445859792e-02	7.897178212310515533e-02
1.262658025764028707e+03	2.393895954843650031e-01	1.554473505097452579e-01	2.623148455318932704e-01	1.571546674811499789e-01	7.524795622239711934e-02	3.142651946913281591e-02	7.901906530099629677e-02
1.264109356828125556e+03	2.392015933915593862e-01	1.553250658140070961e-01	2.624459359413593984e-01	1.572315153295784362e-01	7.528060785310934644e-02	3.144900750492794772e-02	7.906627416513810347e-02
1.265560687892221949e+03	2.390139140878076995e-01	1.552029840927798832e-01	2.625768039668424647e-01	1.573082261015021632e-01	7.531320090731133399e-02	3.147146200163683516e-02	7.911340884179940414e-02
1.267012018956318798e+03	2.388265570189399556e-01	1.550811050076394693e-01	2.627074499812898645e-01	1.573848000513370926e-01	7.534573549440953810e-02	3.149388298934358704e-02	7.916046945672031154e-02
1.268463350020415419e+03	2.386395216317474810e-01	1.549594282207267248e-01	2.628378743570254916e-01	1.574612374330285336e-01	7.537821172361440503e-02	3.151627049841713990e-02	7.920745613512000793e-02
1.269914681084511813e+03	2.384528073739811682e-01	1.548379533947465414e-01	2.629680774657505715e-01	1.575375385000517547e-01	7.541062970394035725e-02	3.153862455950493665e-02	7.925436900170446108e-02
1.271366012148608434e+03	2.382664136943496991e-01	1.547166801929668600e-01	2.630980596785444936e-01	1.576137035054123170e-01	7.544298954420582126e-02	3.156094520352674404e-02	7.930120818067383504e-02
1.272817343212705055e+03	2.380803400425176020e-01	1.545956082792177277e-01	2.632278213658660326e-01	1.576897327016466288e-01	7.547529135303319980e-02	3.158323246166856724e-02	7.934797379572997023e-02
1.274268674276801676e+03	2.378945858691036419e-01	1.544747373178903538e-01	2.633573628975542924e-01	1.577656263408223070e-01	7.550753523884894125e-02	3.160548636537668238e-02	7.939466597008353055e-02
1.275720005340898297e+03	2.377091506256789055e-01	1.543540669739362214e-01	2.634866846428294829e-01	1.578413846745386762e-01	7.553972130988355349e-02	3.162770694635178015e-02	7.944128482646117817e-02
1.277171336404994690e+03	2.375240337647651079e-01	1.542335969128661166e-01	2.636157869702940859e-01	1.579170079539272964e-01	7.557184967417160393e-02	3.164989423654323425e-02	7.948783048711245691e-02
1.278622667469091539e+03	2.373392347398327051e-01	1.541133268007492396e-01	2.637446702479336325e-01	1.579924964296523793e-01	7.560392043955185826e-02	3.167204826814347396e-02	7.953430307381666176e-02
1.280073998533187932e+03	2.371547530052992292e-01	1.539932563042121505e-01	2.638733348431180348e-01	1.580678503519113431e-01	7.563593371366721108e-02	3.169416907358244689e-02	7.958070270788958345e-02
1.281525329597284326e+03	2.369705880165274836e-01	1.538733850904379641e-01	2.640017811226022526e-01	1.581430699704352849e-01	7.566788960396485242e-02	3.171625668552220667e-02	7.962702951019004494e-02
1.282976660661381175e+03	2.367867392298237950e-01	1.537537128271653508e-01	2.641300094525272923e-01	1.582181555344894797e-01	7.569978821769626776e-02	3.173831113685159078e-02	7.967328360112632679e-02
1.284427991725477568e+03	2.366032061024362365e-01	1.536342391826877041e-01	2.642580201984213728e-01	1.582931072928739358e-01	7.573162966191734902e-02	3.176033246068100946e-02	7.971946510066252323e-02
1.285879322789574417e+03	2.364199880925529074e-01	1.535149638258521132e-01	2.643858137252007023e-01	1.583679254939238668e-01	7.576341404348845010e-02	3.178232069033731094e-02	7.976557412832482874e-02
1.287330653853671038e+03	2.362370846593002394e-01	1.533958864260584198e-01	2.645133903971705336e-01	1.584426103855102463e-01	7.579514146907445626e-02	3.180427585935878543e-02	7.981161080320753332e-02
1.288781984917767431e+03	2.360544952627411097e-01	1.532770066532583852e-01	2.646407505780261626e-01	1.585171622150404469e-01	7.582681204514493678e-02	3.182619800149021072e-02	7.985757524397903151e-02
1.290233315981864052e+03	2.358722193638732589e-01	1.531583241779547189e-01	2.647678946308537618e-01	1.585915812294586003e-01	7.585842587797415881e-02	3.184808715067803664e-02	7.990346756888773438e-02
