1.001418434226643626e+03	2.791013786458895196e-01	1.811076280135702210e-01	2.346924499545138265e-01	1.408149962805671229e-01	6.830322155625762059e-02	2.684356617625012140e-02	6.913675937262737936e-02
1.002869765290740247e+03	2.788455629125673463e-01	1.809423532819291192e-01	2.348703068872592392e-01	1.409210723222471540e-01	6.834836344456038382e-02	2.687158802706629893e-02	6.920075312404626311e-02
1.004321096354836754e+03	2.785901863997155559e-01	1.807773536998169561e-01	2.350478661530425728e-01	1.410269564746935156e-01	6.839342386080497771e-02	2.689959526613206267e-02	6.926461814547017759e-02
1.005772427418933376e+03	2.783352483403623290e-01	1.806126288086665754e-01	2.352251282488754258e-01	1.411326490493237662e-01	6.843840292102360001e-02	2.692758739757458025e-02	6.932835523384953125e-02
1.007223758483029997e+03	2.780807479690826645e-01	1.804481781506754035e-01	2.354020936709383671e-01	1.412381503583018394e-01	6.848330074183088534e-02	2.695556393596438768e-02	6.939196517288219457e-02
1.008675089547126618e+03	2.778266845219914405e-01	1.802840012688042004e-01	2.355787629145823792e-01	1.413434607145021282e-01	6.852811744041283071e-02	2.698352440611410594e-02	6.945544873326861546e-02
1.010126420611223239e+03	2.775730572367364202e-01	1.801200977067755893e-01	2.357551364743303013e-01	1.414485804314748740e-01	6.857285313451544351e-02	2.701146834288103288e-02	6.951880667296202188e-02
1.011577751675319632e+03	2.773198653524914792e-01	1.799564670090730012e-01	2.359312148438780787e-01	1.415535098234125821e-01	6.861750794243323681e-02	2.703939529097353078e-02	6.958203973741375337e-02
1.013029082739416367e+03	2.770671081099499999e-01	1.797931087209392875e-01	2.361069985160963169e-01	1.416582492051176312e-01	6.866208198299739163e-02	2.706730480476114697e-02	6.964514865981383251e-02
1.014480413803512761e+03	2.768147847513183213e-01	1.796300223883755265e-01	2.362824879830315583e-01	1.417627988919709370e-01	6.870657537556396077e-02	2.709519644808839819e-02	6.970813416132694285e-02
1.015931744867609382e+03	2.765628945203090217e-01	1.794672075581396631e-01	2.364576837359076977e-01	1.418671591999015602e-01	6.875098824000185072e-02	2.712306979409214586e-02	6.977099695132368828e-02
1.017383075931706003e+03	2.763114366621347573e-01	1.793046637777453434e-01	2.366325862651274814e-01	1.419713304453572855e-01	6.879532069668073402e-02	2.715092442502246156e-02	6.983373772760752274e-02
1.018834406995802851e+03	2.760604104235017675e-01	1.791423905954605822e-01	2.368071960602737835e-01	1.420753129452762276e-01	6.883957286645893403e-02	2.717875993206698287e-02	6.989635717663721104e-02
1.020285738059899245e+03	2.758098150526039349e-01	1.789803875603065697e-01	2.369815136101109943e-01	1.421791070170591864e-01	6.888374487067122631e-02	2.720657591517861018e-02	6.995885597374494613e-02
1.021737069123995752e+03	2.755596497991162352e-01	1.788186542220563668e-01	2.371555394025863794e-01	1.422827129785428635e-01	6.892783683111666782e-02	2.723437198290656891e-02	7.002123478335035844e-02
1.023188400188092373e+03	2.753099139141890195e-01	1.786571901312336563e-01	2.373292739248316074e-01	1.423861311479739378e-01	6.897184887004637055e-02	2.726214775223067752e-02	7.008349425917023701e-02
1.024639731252188767e+03	2.750606066504417968e-01	1.784959948391114659e-01	2.375027176631638870e-01	1.424893618439838361e-01	6.901578111015144179e-02	2.728990284839883165e-02	7.014563504442430930e-02
1.026091062316285615e+03	2.748117272619573503e-01	1.783350678977110026e-01	2.376758711030875770e-01	1.425924053855642804e-01	6.905963367455072999e-02	2.731763690476763859e-02	7.020765777203691327e-02
1.027542393380382237e+03	2.745632750042762971e-01	1.781744088598003484e-01	2.378487347292953802e-01	1.426952620920436399e-01	6.910340668677884823e-02	2.734534956264607006e-02	7.026956306483488068e-02
1.028993724444478858e+03	2.743152491343908150e-01	1.780140172788932662e-01	2.380213090256698139e-01	1.427979322830637277e-01	6.914710027077414223e-02	2.737304047114216821e-02	7.033135153574156251e-02
1.030445055508575479e+03	2.740676489107393143e-01	1.778538927092477850e-01	2.381935944752845147e-01	1.429004162785575405e-01	6.919071455086671374e-02	2.740070928701267977e-02	7.039302378796698234e-02
1.031896386572671872e+03	2.738204735932006639e-01	1.776940347058651726e-01	2.383655915604056263e-01	1.430027143987272764e-01	6.923424965176666612e-02	2.742835567451561152e-02	7.045458041519449266e-02
1.033347717636768493e+03	2.735737224430887515e-01	1.775344428244885753e-01	2.385373007624932429e-01	1.431048269640233517e-01	6.927770569855228044e-02	2.745597930526558553e-02	7.051602200176371182e-02
1.034799048700865114e+03	2.733273947231469880e-01	1.773751166216018249e-01	2.387087225622025466e-01	1.432067542951237504e-01	6.932108281665845528e-02	2.748357985809201168e-02	7.057734912284983897e-02
1.036250379764961508e+03	2.730814896975430339e-01	1.772160556544281895e-01	2.388798574393854179e-01	1.433084967129139298e-01	6.936438113186511878e-02	2.751115701889998016e-02	7.063856234463969375e-02
1.037701710829058356e+03	2.728360066318633037e-01	1.770572594809291245e-01	2.390507058730916845e-01	1.434100545384673353e-01	6.940760077028589048e-02	2.753871048053383244e-02	7.069966222450417559e-02
1.039153041893154750e+03	2.725909447931078033e-01	1.768987276598030511e-01	2.392212683415703700e-01	1.435114280930265551e-01	6.945074185835675706e-02	2.756623994264335159e-02	7.076064931116747558e-02
1.040604372957251599e+03	2.723463034496848012e-01	1.767404597504841912e-01	2.393915453222712209e-01	1.436126176979846403e-01	6.949380452282497012e-02	2.759374511155254436e-02	7.082152414487298542e-02
1.042055704021347992e+03	2.721020818714060541e-01	1.765824553131412067e-01	2.395615372918458441e-01	1.437136236748673135e-01	6.953678889073799940e-02	2.762122570013093512e-02	7.088228725754600057e-02
1.043507035085444613e+03	2.718582793294812561e-01	1.764247139086760618e-01	2.397312447261493173e-01	1.438144463453153721e-01	6.957969508943270820e-02	2.764868142766733344e-02	7.094293917295323160e-02
1.044958366149541234e+03	2.716148950965134867e-01	1.762672350987228298e-01	2.399006681002412711e-01	1.439150860310676183e-01	6.962252324652462576e-02	2.767611201974605126e-02	7.100348040685931783e-02
1.046409697213637855e+03	2.713719284464939374e-01	1.761100184456463880e-01	2.400698078883874154e-01	1.440155430539443171e-01	6.966527348989741408e-02	2.770351720812548948e-02	7.106391146718016305e-02
1.047861028277734476e+03	2.711293786547972484e-01	1.759530635125412523e-01	2.402386645640607887e-01	1.441158177358309034e-01	6.970794594769237629e-02	2.773089673061905625e-02	7.112423285413350948e-02
1.049312359341831097e+03	2.708872449981764019e-01	1.757963698632303839e-01	2.404072385999430628e-01	1.442159103986622726e-01	6.975054074829822870e-02	2.775825033097838179e-02	7.118444506038640318e-02
1.050763690405927491e+03	2.706455267547581700e-01	1.756399370622638567e-01	2.405755304679259299e-01	1.443158213644074594e-01	6.979305802034101169e-02	2.778557775877879554e-02	7.124454857119989770e-02
1.052215021470024112e+03	2.704042232040383964e-01	1.754837646749177749e-01	2.407435406391124633e-01	1.444155509550544558e-01	6.983549789267408381e-02	2.781287876930697844e-02	7.130454386457096838e-02
1.053666352534120733e+03	2.701633336268772223e-01	1.753278522671929962e-01	2.409112695838183382e-01	1.445150994925958332e-01	6.987786049436837954e-02	2.784015312345080456e-02	7.136443141137160939e-02
1.055117683598217127e+03	2.699228573054944791e-01	1.751721994058139664e-01	2.410787177715732477e-01	1.446144672990142543e-01	6.992014595470270877e-02	2.786740058759128516e-02	7.142421167548532179e-02
1.056569014662313975e+03	2.696827935234650808e-01	1.750168056582274978e-01	2.412458856711221511e-01	1.447136546962688175e-01	6.996235440315429210e-02	2.789462093349659097e-02	7.148388511394085376e-02
1.058020345726410369e+03	2.694431415657146944e-01	1.748616705926014925e-01	2.414127737504266624e-01	1.448126620062813175e-01	7.000448596938942114e-02	2.792181393821813185e-02	7.154345217704352611e-02
1.059471676790506763e+03	2.692039007185151878e-01	1.747067937778238322e-01	2.415793824766663545e-01	1.449114895509230894e-01	7.004654078325435462e-02	2.794897938398862094e-02	7.160291330850378222e-02
1.060923007854603611e+03	2.689650702694800777e-01	1.745521747835011572e-01	2.417457123162400634e-01	1.450101376520021856e-01	7.008851897476618686e-02	2.797611705812208874e-02	7.166226894556343430e-02
1.062374338918700232e+03	2.687266495075603112e-01	1.743978131799576448e-01	2.419117637347671657e-01	1.451086066312507472e-01	7.013042067410407698e-02	2.800322675291585378e-02	7.172151951911938383e-02
1.063825669982796853e+03	2.684886377230399912e-01	1.742437085382338158e-01	2.420775371970888823e-01	1.452068968103126800e-01	7.017224601160051978e-02	2.803030826555434965e-02	7.178066545384496899e-02
1.065277001046893474e+03	2.682510342075318799e-01	1.740898604300852859e-01	2.422430331672696946e-01	1.453050085107317202e-01	7.021399511773279700e-02	2.805736139801481149e-02	7.183970716830898051e-02
1.066728332110990095e+03	2.680138382539734021e-01	1.739362684279817384e-01	2.424082521085985931e-01	1.454029420539398043e-01	7.025566812311456744e-02	2.808438595697478751e-02	7.189864507509229063e-02
1.068179663175086489e+03	2.677770491566223154e-01	1.737829321051055642e-01	2.425731944835902709e-01	1.455006977612456620e-01	7.029726515848765123e-02	2.811138175372140599e-02	7.195747958090233098e-02
1.069630994239183110e+03	2.675406662110524914e-01	1.736298510353507796e-01	2.427378607539865674e-01	1.455982759538236859e-01	7.033878635471393914e-02	2.813834860406240826e-02	7.201621108668529447e-02
1.071082325303279504e+03	2.673046887141501959e-01	1.734770247933217491e-01	2.429022513807577721e-01	1.456956769527029960e-01	7.038023184276742672e-02	2.816528632823888864e-02	7.207483998773615841e-02
1.072533656367376352e+03	2.670691159641095380e-01	1.733244529543320755e-01	2.430663668241037911e-01	1.457929010787570034e-01	7.042160175372644271e-02	2.819219475083970666e-02	7.213336667380661205e-02
1.073984987431472746e+03	2.668339472604288054e-01	1.731721350944033788e-01	2.432302075434555622e-01	1.458899486526930023e-01	7.046289621876603015e-02	2.821907370071754032e-02	7.219179152921086084e-02
1.075436318495569594e+03	2.665991819039064126e-01	1.730200707902641022e-01	2.433937739974762482e-01	1.459868199950420387e-01	7.050411536915039690e-02	2.824592301090657689e-02	7.225011493292940457e-02
1.076887649559666215e+03	2.663648191966367929e-01	1.728682596193484300e-01	2.435570666440625975e-01	1.460835154261491964e-01	7.054525933622561584e-02	2.827274251854175469e-02	7.230833725871080309e-02
1.078338980623762609e+03	2.661308584420066792e-01	1.727167011597949275e-01	2.437200859403463038e-01	1.461800352661639379e-01	7.058632825141235301e-02	2.829953206477957978e-02	7.236645887517144382e-02
1.079790311687859230e+03	2.658972989446912183e-01	1.725653949904455697e-01	2.438828323426950606e-01	1.462763798350306677e-01	7.062732224619884536e-02	2.832629149472046595e-02	7.242448014589340788e-02
1.081241642751955851e+03	2.656641400106501405e-01	1.724143406908444087e-01	2.440453063067140604e-01	1.463725494524796555e-01	7.066824145213394803e-02	2.835302065733255258e-02	7.248240142952043497e-02
1.082692973816052472e+03	2.654313809471238184e-01	1.722635378412365470e-01	2.442075082872471603e-01	1.464685444380181278e-01	7.070908600082038975e-02	2.837971940537700397e-02	7.254022307985202866e-02
1.084144304880149093e+03	2.651990210626299915e-01	1.721129860225668051e-01	2.443694387383782696e-01	1.465643651109215517e-01	7.074985602390802819e-02	2.840638759533472765e-02	7.259794544593571597e-02
1.085595635944245487e+03	2.649670596669593814e-01	1.719626848164786670e-01	2.445310981134324879e-01	1.466600117902251144e-01	7.079055165308736908e-02	2.843302508733451528e-02	7.265556887215754434e-02
1.087046967008342108e+03	2.647354960711724714e-01	1.718126338053131419e-01	2.446924868649774099e-01	1.467554847947154240e-01	7.083117302008318239e-02	2.845963174508256074e-02	7.271309369833083014e-02
1.088498298072438729e+03	2.645043295875958433e-01	1.716628325721074044e-01	2.448536054448245958e-01	1.468507844429225162e-01	7.087172025664822961e-02	2.848620743579332454e-02	7.277052025978315852e-02
1.089949629136535123e+03	2.642735595298182916e-01	1.715132807005939342e-01	2.450144543040304879e-01	1.469459110531117774e-01	7.091219349455710197e-02	2.851275203012174075e-02	7.282784888744173180e-02
1.091400960200631971e+03	2.640431852126876033e-01	1.713639777751991000e-01	2.451750338928979367e-01	1.470408649432763670e-01	7.095259286560025302e-02	2.853926540209672513e-02	7.288507990791706637e-02
1.092852291264728365e+03	2.638132059523066730e-01	1.712149233810421334e-01	2.453353446609773947e-01	1.471356464311298073e-01	7.099291850157805894e-02	2.856574742905595293e-02	7.294221364358498272e-02
1.094303622328825213e+03	2.635836210660303380e-01	1.710661171039339068e-01	2.454953870570682206e-01	1.472302558340983780e-01	7.103317053429512862e-02	2.859219799158188927e-02	7.299925041266715209e-02
1.095754953392921607e+03	2.633544298724616040e-01	1.709175585303758238e-01	2.456551615292198176e-01	1.473246934693142052e-01	7.107334909555454439e-02	2.861861697343904762e-02	7.305619052930995005e-02
1.097206284457018228e+03	2.631256316914482585e-01	1.707692472475586809e-01	2.458146685247330210e-01	1.474189596536081559e-01	7.111345431715246357e-02	2.864500426151248350e-02	7.311303430366186684e-02
1.098657615521114849e+03	2.628972258440796517e-01	1.706211828433614741e-01	2.459739084901613193e-01	1.475130547035031214e-01	7.115348633087258123e-02	2.867135974574741911e-02	7.316978204194937718e-02
1.100108946585211470e+03	2.626692116526830323e-01	1.704733649063502610e-01	2.461328818713120758e-01	1.476069789352073003e-01	7.119344526848093990e-02	2.869768331909007195e-02	7.322643404655131139e-02
1.101560277649308091e+03	2.624415884408202171e-01	1.703257930257770225e-01	2.462915891132477497e-01	1.477007326646077590e-01	7.123333126172068375e-02	2.872397487742959707e-02	7.328299061607189413e-02
1.103011608713404712e+03	2.622143555332846487e-01	1.701784667915784977e-01	2.464500306602872837e-01	1.477943162072640759e-01	7.127314444230697932e-02	2.875023431954115347e-02	7.333945204541225671e-02
1.104462939777501106e+03	2.619875122560975655e-01	1.700313857943751561e-01	2.466082069560071588e-01	1.478877298784022631e-01	7.131288494192207505e-02	2.877646154703005638e-02	7.339581862584057537e-02
1.105914270841597499e+03	2.617610579365050594e-01	1.698845496254698662e-01	2.467661184432428656e-01	1.479809739929087153e-01	7.135255289221044406e-02	2.880265646427701207e-02	7.345209064506094676e-02
1.107365601905694348e+03	2.615349919029746339e-01	1.697379578768468400e-01	2.469237655640898754e-01	1.480740488653244091e-01	7.139214842477399625e-02	2.882881897838439691e-02	7.350826838728076462e-02
1.108816932969790741e+03	2.613093134851920407e-01	1.695916101411705790e-01	2.470811487599051393e-01	1.481669548098390465e-01	7.143167167116745708e-02	2.885494899912357039e-02	7.356435213327701395e-02
1.110268264033887590e+03	2.610840220140583368e-01	1.694455060117846246e-01	2.472382684713081979e-01	1.482596921402856704e-01	7.147112276289376009e-02	2.888104643888321152e-02	7.362034216046098312e-02
1.111719595097984211e+03	2.608591168216862766e-01	1.692996450827105592e-01	2.473951251381824312e-01	1.483522611701351690e-01	7.151050183139970318e-02	2.890711121261861291e-02	7.367623874294200459e-02
1.113170926162080832e+03	2.606345972413975365e-01	1.691540269486467019e-01	2.475517191996762789e-01	1.484446622124909465e-01	7.154980900807150768e-02	2.893314323780199135e-02	7.373204215158983554e-02
1.114622257226177226e+03	2.604104626077193285e-01	1.690086512049670808e-01	2.477080510942044345e-01	1.485368955800838164e-01	7.158904442423055792e-02	2.895914243437373511e-02	7.378775265409580342e-02
1.116073588290273847e+03	2.601867122563815138e-01	1.688635174477202683e-01	2.478641212594492604e-01	1.486289615852670054e-01	7.162820821112925174e-02	2.898510872469457073e-02	7.384337051503282734e-02
1.117524919354370468e+03	2.599633455243133828e-01	1.687186252736283532e-01	2.480199301323618155e-01	1.487208605400112682e-01	7.166730049994697593e-02	2.901104203349866642e-02	7.389889599591417668e-02
1.118976250418467089e+03	2.597403617496408246e-01	1.685739742800857199e-01	2.481754781491631590e-01	1.488125927559000306e-01	7.170632142178604007e-02	2.903694228784764464e-02	7.395432935525124429e-02
1.120427581482563710e+03	2.595177602716829401e-01	1.684295640651579107e-01	2.483307657453455719e-01	1.489041585441248650e-01	7.174527110766784621e-02	2.906280941708545146e-02	7.400967084861008460e-02
1.121878912546660331e+03	2.592955404309494338e-01	1.682853942275805703e-01	2.484857933556737508e-01	1.489955582154809111e-01	7.178414968852904476e-02	2.908864335279410726e-02	7.406492072866686927e-02
1.123330243610756725e+03	2.590737015691373935e-01	1.681414643667582809e-01	2.486405614141860843e-01	1.490867920803624624e-01	7.182295729521787075e-02	2.911444402875031437e-02	7.412007924526231584e-02
1.124781574674853118e+03	2.588522430291283483e-01	1.679977740827635069e-01	2.487950703541958464e-01	1.491778604487587756e-01	7.186169405849042457e-02	2.914021138088287305e-02	7.417514664545497849e-02
1.126232905738949967e+03	2.586311641549854379e-01	1.678543229763354294e-01	2.489493206082923626e-01	1.492687636302497955e-01	7.190036010900717478e-02	2.916594534723093712e-02	7.423012317357358114e-02
1.127684236803046360e+03	2.584104642919505257e-01	1.677111106488788639e-01	2.491033126083422589e-01	1.493595019340021313e-01	7.193895557732950252e-02	2.919164586790306756e-02	7.428500907126833752e-02
1.129135567867143209e+03	2.581901427864412568e-01	1.675681367024630941e-01	2.492570467854907101e-01	1.494500756687651422e-01	7.197748059391625985e-02	2.921731288503706322e-02	7.433980457756118876e-02
1.130586898931239830e+03	2.579701989860480049e-01	1.674254007398208732e-01	2.494105235701626344e-01	1.495404851428670245e-01	7.201593528912049458e-02	2.924294634276056182e-02	7.439450992889513892e-02
1.132038229995336451e+03	2.577506322395313743e-01	1.672829023643472024e-01	2.495637433920638026e-01	1.496307306642111201e-01	7.205431979318614732e-02	2.926854618715241454e-02	7.444912535918267460e-02
1.133489561059432845e+03	2.575314418968190910e-01	1.671406411800982483e-01	2.497167066801821989e-01	1.497208125402723633e-01	7.209263423624498457e-02	2.929411236620476852e-02	7.450365109985306045e-02
1.134940892123529466e+03	2.573126273090033389e-01	1.669986167917902886e-01	2.498694138627891581e-01	1.498107310780935619e-01	7.213087874831346225e-02	2.931964482978590900e-02	7.455808737989901014e-02
1.136392223187626087e+03	2.570941878283379833e-01	1.668568288047986570e-01	2.500218653674404767e-01	1.499004865842820944e-01	7.216905345928967264e-02	2.934514352960380587e-02	7.461243442592212227e-02
1.137843554251722708e+03	2.568761228082355741e-01	1.667152768251564388e-01	2.501740616209777168e-01	1.499900793650064956e-01	7.220715849895045779e-02	2.937060841917034371e-02	7.466669246217773337e-02
1.139294885315819101e+03	2.566584316032650137e-01	1.665739604595536383e-01	2.503260030495293997e-01	1.500795097259932931e-01	7.224519399694853683e-02	2.939603945376625602e-02	7.472086171061864679e-02
1.140746216379915950e+03	2.564411135691484489e-01	1.664328793153358743e-01	2.504776900785121718e-01	1.501687779725238425e-01	7.228316008280960547e-02	2.942143659040671877e-02	7.477494239093820938e-02
1.142197547444012343e+03	2.562241680627586615e-01	1.662920330005033809e-01	2.506291231326320257e-01	1.502578844094311084e-01	7.232105688592971315e-02	2.944679978780761348e-02	7.482893472061241669e-02
1.143648878508108737e+03	2.560075944421165151e-01	1.661514211237099248e-01	2.507803026358853549e-01	1.503468293410968881e-01	7.235888453557251521e-02	2.947212900635244257e-02	7.488283891494133815e-02
1.145100209572205586e+03	2.557913920663880125e-01	1.660110432942616676e-01	2.509312290115603417e-01	1.504356130714488426e-01	7.239664316086667772e-02	2.949742420805985185e-02	7.493665518708954310e-02
1.146551540636302207e+03	2.555755602958820205e-01	1.658708991221161111e-01	2.510819026822380673e-01	1.505242359039576650e-01	7.243433289080332405e-02	2.952268535655180187e-02	7.499038374812595775e-02
1.148002871700398828e+03	2.553600984920472161e-01	1.657309882178810423e-01	2.512323240697936777e-01	1.506126981416343602e-01	7.247195385423356451e-02	2.954791241702234630e-02	7.504402480706275080e-02
1.149454202764495449e+03	2.551450060174696999e-01	1.655913101928133124e-01	2.513824935953974937e-01	1.507010000870276645e-01	7.250950617986608171e-02	2.957310535620698982e-02	7.509757857089360833e-02
1.150905533828591842e+03	2.549302822358703313e-01	1.654518646588179764e-01	2.515324116795164544e-01	1.507891420422214912e-01	7.254698999626472966e-02	2.959826414235266698e-02	7.515104524463125935e-02
1.152356864892688463e+03	2.547159265121021754e-01	1.653126512284469607e-01	2.516820787419149497e-01	1.508771243088322667e-01	7.258440543184623006e-02	2.962338874518825188e-02	7.520442503134409928e-02
1.153808195956785084e+03	2.545019382121478380e-01	1.651736695148981748e-01	2.518314952016560970e-01	1.509649471880067928e-01	7.262175261487795186e-02	2.964847913589567507e-02	7.525771813219234163e-02
1.155259527020881706e+03	2.542883167031169123e-01	1.650349191320144016e-01	2.519806614771031850e-01	1.510526109804197215e-01	7.265903167347566305e-02	2.967353528708156427e-02	7.531092474646330914e-02
1.156710858084978327e+03	2.540750613532436475e-01	1.648963996942821308e-01	2.521295779859205055e-01	1.511401159862713894e-01	7.269624273560149064e-02	2.969855717274945059e-02	7.536404507160608668e-02
1.158162189149074720e+03	2.538621715318841732e-01	1.647581108168305331e-01	2.522782451450747421e-01	1.512274625052855703e-01	7.273338592906171407e-02	2.972354476827248834e-02	7.541707930326552178e-02
1.159613520213171569e+03	2.536496466095139457e-01	1.646200521154304319e-01	2.524266633708358576e-01	1.513146508367074483e-01	7.277046138150479460e-02	2.974849805036670555e-02	7.547002763531547587e-02
1.161064851277267962e+03	2.534374859577254724e-01	1.644822232064932221e-01	2.525748330787787044e-01	1.514016812793014810e-01	7.280746922041941849e-02	2.977341699706476108e-02	7.552289025989160354e-02
1.162516182341364356e+03	2.532256889492257579e-01	1.643446237070697591e-01	2.527227546837837457e-01	1.514885541313494011e-01	7.284440957313248477e-02	2.979830158769022908e-02	7.557566736742325764e-02
1.163967513405461204e+03	2.530142549578336952e-01	1.642072532348493041e-01	2.528704286000386103e-01	1.515752696906484398e-01	7.288128256680732886e-02	2.982315180283233794e-02	7.562835914666499182e-02
1.165418844469557826e+03	2.528031833584778454e-01	1.640701114081584422e-01	2.530178552410388693e-01	1.516618282545093011e-01	7.291808832844180743e-02	2.984796762432121581e-02	7.568096578472734148e-02
1.166870175533654447e+03	2.525924735271936616e-01	1.639331978459600825e-01	2.531650350195893129e-01	1.517482301197545236e-01	7.295482698486653594e-02	2.987274903520360445e-02	7.573348746710700796e-02
1.168321506597751068e+03	2.523821248411213802e-01	1.637965121678523206e-01	2.533119683478055051e-01	1.518344755827167603e-01	7.299149866274319554e-02	2.989749601971904494e-02	7.578592437771648760e-02
1.169772837661847461e+03	2.521721366785035223e-01	1.636600539940675225e-01	2.534586556371142829e-01	1.519205649392369184e-01	7.302810348856277056e-02	2.992220856327650752e-02	7.583827669891309020e-02
1.171224168725944082e+03	2.519625084186825070e-01	1.635238229454710479e-01	2.536050972982554774e-01	1.520064984846627720e-01	7.306464158864393876e-02	2.994688665243146891e-02	7.589054461152747177e-02
1.172675499790040703e+03	2.517532394420980424e-01	1.633878186435603619e-01	2.537512937412825242e-01	1.520922765138473520e-01	7.310111308913148920e-02	2.997153027486345461e-02	7.594272829489144561e-02
1.174126830854137097e+03	2.515443291302851270e-01	1.632520407104638971e-01	2.538972453755640735e-01	1.521778993211473641e-01	7.313751811599471242e-02	2.999613941935396280e-02	7.599482792686546029e-02
1.175578161918233945e+03	2.513357768658713298e-01	1.631164887689400822e-01	2.540429526097850998e-01	1.522633672004219119e-01	7.317385679502594331e-02	3.002071407576484968e-02	7.604684368386539772e-02
1.177029492982330339e+03	2.511275820325746255e-01	1.629811624423762317e-01	2.541884158519477355e-01	1.523486804450310261e-01	7.321012925183903453e-02	3.004525423501712075e-02	7.609877574088888541e-02
1.178480824046426733e+03	2.509197440152010072e-01	1.628460613547874636e-01	2.543336355093726575e-01	1.524338393478342768e-01	7.324633561186795483e-02	3.006975988907012107e-02	7.615062427154117852e-02
1.179932155110523581e+03	2.507122621996422662e-01	1.627111851308156998e-01	2.544786119887001430e-01	1.525188442011896905e-01	7.328247600036537357e-02	3.009423103090111407e-02	7.620238944806033421e-02
1.181383486174620202e+03	2.505051359728735494e-01	1.625765333957286396e-01	2.546233456958912900e-01	1.526036952969523630e-01	7.331855054240132841e-02	3.011866765448528022e-02	7.625407144134213611e-02
1.182834817238716823e+03	2.502983647229511943e-01	1.624421057754187048e-01	2.547678370362290168e-01	1.526883929264733764e-01	7.335455936286186529e-02	3.014306975477606607e-02	7.630567042096440822e-02
1.184286148302813444e+03	2.500919478390102868e-01	1.623079018964019848e-01	2.549120864143192278e-01	1.527729373805985502e-01	7.339050258644783109e-02	3.016743732768592534e-02	7.635718655521082920e-02
1.185737479366910065e+03	2.498858847112623571e-01	1.621739213858171269e-01	2.550560942340921455e-01	1.528573289496676091e-01	7.342638033767355521e-02	3.019177037006743822e-02	7.640862001109438584e-02
1.187188810431006686e+03	2.496801747309934094e-01	1.620401638714244752e-01	2.551998608988030881e-01	1.529415679235129333e-01	7.346219274086565609e-02	3.021606887969476365e-02	7.645997095438024360e-02
1.188640141495103080e+03	2.494748172905613126e-01	1.619066289816048498e-01	2.553433868110340788e-01	1.530256545914585875e-01	7.349793992016193100e-02	3.024033285524545950e-02	7.651123954960825646e-02
1.190091472559199701e+03	2.492698117833938021e-01	1.617733163453586587e-01	2.554866723726944566e-01	1.531095892423195992e-01	7.353362199951016254e-02	3.026456229628266686e-02	7.656242596011510193e-02
1.191542803623296322e+03	2.490651576039861204e-01	1.616402255923047593e-01	2.556297179850222645e-01	1.531933721644008206e-01	7.356923910266703615e-02	3.028875720323761025e-02	7.661353034805577777e-02
1.192994134687392716e+03	2.488608541478988245e-01	1.615073563526794320e-01	2.557725240485854701e-01	1.532770036454962626e-01	7.360479135319704380e-02	3.031291757739244114e-02	7.666455287442487665e-02
1.194445465751489564e+03	2.486569008117556212e-01	1.613747082573354086e-01	2.559150909632829096e-01	1.533604839728881231e-01	7.364027887447148479e-02	3.033704342086342501e-02	7.671549369907734728e-02
1.195896796815585958e+03	2.484532969932410906e-01	1.612422809377408173e-01	2.560574191283453982e-01	1.534438134333462045e-01	7.367570178966743877e-02	3.036113473658441295e-02	7.676635298074892255e-02
1.197348127879682352e+03	2.482500420910986050e-01	1.611100740259781561e-01	2.561995089423369509e-01	1.535269923131270253e-01	7.371106022176678041e-02	3.038519152829065317e-02	7.681713087707607579e-02
1.198799458943779200e+03	2.480471355051279692e-01	1.609780871547432657e-01	2.563413608031559487e-01	1.536100208979732651e-01	7.374635429355526350e-02	3.040921380050292180e-02	7.686782754461558842e-02
1.200250790007875821e+03	2.478445766361834501e-01	1.608463199573443303e-01	2.564829751080359710e-01	1.536928994731130427e-01	7.378158412762159113e-02	3.043320155851193809e-02	7.691844313886381235e-02
1.201702121071972442e+03	2.476423648861715843e-01	1.607147720677007952e-01	2.566243522535473498e-01	1.537756283232593890e-01	7.381674984635654135e-02	3.045715480836307457e-02	7.696897781427550211e-02
1.203153452136069063e+03	2.474404996580487903e-01	1.605834431203424228e-01	2.567654926355977807e-01	1.538582077326095254e-01	7.385185157195209293e-02	3.048107355684137251e-02	7.701943172428223072e-02
1.204604783200165684e+03	2.472389803558195931e-01	1.604523327504082386e-01	2.569063966494337659e-01	1.539406379848445305e-01	7.388688942640060653e-02	3.050495781145683843e-02	7.706980502131061117e-02
1.206056114264262078e+03	2.470378063845342365e-01	1.603214405936454756e-01	2.570470646896417244e-01	1.540229193631286742e-01	7.392186353149406142e-02	3.052880758043002157e-02	7.712009785679994900e-02
1.207507445328358699e+03	2.468369771502866850e-01	1.601907662864086590e-01	2.571874971501488805e-01	1.541050521501090842e-01	7.395677400882320895e-02	3.055262287267786550e-02	7.717031038121975606e-02
1.208958776392455093e+03	2.466364920602124033e-01	1.600603094656585235e-01	2.573276944242245401e-01	1.541870366279152471e-01	7.399162097977689256e-02	3.057640369779981646e-02	7.722044274408670916e-02
1.210410107456551941e+03	2.464363505224863582e-01	1.599300697689609585e-01	2.574676569044812013e-01	1.542688730781585638e-01	7.402640456554127057e-02	3.060015006606422658e-02	7.727049509398149774e-02
1.211861438520648335e+03	2.462365519463208530e-01	1.598000468344860925e-01	2.576073849828755535e-01	1.543505617819322107e-01	7.406112488709919173e-02	3.062386198839500001e-02	7.732046757856517183e-02
1.213312769584745183e+03	2.460370957419635296e-01	1.596702403010072657e-01	2.577468790507095320e-01	1.544321030198105016e-01	7.409578206522945965e-02	3.064753947635846798e-02	7.737036034459522649e-02
1.214764100648841804e+03	2.458379813206951758e-01	1.595406498078999757e-01	2.578861394986317057e-01	1.545134970718488043e-01	7.413037622050623610e-02	3.067118254215056572e-02	7.742017353794149181e-02
1.216215431712937971e+03	2.456392080948278100e-01	1.594112749951408781e-01	2.580251667166379992e-01	1.545947442175832354e-01	7.416490747329836097e-02	3.069479119858421756e-02	7.746990730360145405e-02
1.217666762777034819e+03	2.454407754777024608e-01	1.592821155033068703e-01	2.581639610940729135e-01	1.546758447360304101e-01	7.419937594376882495e-02	3.071836545907697183e-02	7.751956178571550726e-02
1.219118093841131440e+03	2.452426828836871686e-01	1.591531709735739819e-01	2.583025230196308031e-01	1.547567989056871651e-01	7.423378175187414496e-02	3.074190533763886124e-02	7.756913712758185808e-02
1.220569424905228061e+03	2.450449297281750149e-01	1.590244410477164860e-01	2.584408528813566530e-01	1.548376070045305031e-01	7.426812501736380911e-02	3.076541084886052699e-02	7.761863347167102800e-02
1.222020755969324682e+03	2.448475154275820131e-01	1.588959253681057338e-01	2.585789510666474111e-01	1.549182693100173147e-01	7.430240585977979095e-02	3.078888200790152324e-02	7.766805095964016137e-02
1.223472087033421303e+03	2.446504393993451099e-01	1.587676235777093769e-01	2.587168179622529318e-01	1.549987860990844069e-01	7.433662439845598047e-02	3.081231883047888531e-02	7.771738973234715298e-02
1.224923418097517697e+03	2.444537010619202144e-01	1.586395353200902025e-01	2.588544539542773082e-01	1.550791576481482803e-01	7.437078075251775389e-02	3.083572133285588171e-02	7.776664992986422054e-02
1.226374749161614318e+03	2.442572998347800894e-01	1.585116602394051610e-01	2.589918594281794828e-01	1.551593842331051021e-01	7.440487504088144632e-02	3.085908953183101253e-02	7.781583169149156043e-02
1.227826080225710712e+03	2.440612351384124079e-01	1.583839979804044229e-01	2.591290347687747464e-01	1.552394661293306777e-01	7.443890738225394932e-02	3.088242344472719517e-02	7.786493515577042057e-02
1.229277411289807560e+03	2.438655063943177825e-01	1.582565481884304903e-01	2.592659803602355706e-01	1.553194036116803955e-01	7.447287789513226675e-02	3.090572308938115478e-02	7.791396046049611779e-02
1.230728742353903954e+03	2.436701130250077119e-01	1.581293105094169482e-01	2.594026965860929401e-01	1.553991969544892549e-01	7.450678669780309848e-02	3.092898848413303675e-02	7.796290774273074986e-02
1.232180073418000802e+03	2.434750544540026929e-01	1.580022845898877426e-01	2.595391838292370745e-01	1.554788464315719210e-01	7.454063390834247960e-02	3.095221964781618568e-02	7.801177713881561615e-02
1.233631404482097196e+03	2.432803301058301670e-01	1.578754700769559594e-01	2.596754424719188714e-01	1.555583523162226978e-01	7.457441964461536399e-02	3.097541659974715339e-02	7.806056878438344393e-02
1.235082735546193817e+03	2.430859394060226053e-01	1.577488666183230748e-01	2.598114728957506836e-01	1.556377148812157496e-01	7.460814402427529135e-02	3.099857935971587694e-02	7.810928281437036491e-02
1.236534066610290438e+03	2.428918817811155650e-01	1.576224738622778176e-01	2.599472754817074849e-01	1.557169343988050181e-01	7.464180716476409572e-02	3.102170794797604048e-02	7.815791936302764198e-02
1.237985397674387059e+03	2.426981566586456085e-01	1.574962914576952255e-01	2.600828506101279802e-01	1.557960111407244996e-01	7.467540918331148914e-02	3.104480238523562793e-02	7.820647856393320163e-02
1.239436728738483680e+03	2.425047634671485541e-01	1.573703190540357011e-01	2.602181986607156605e-01	1.558749453781882732e-01	7.470895019693488126e-02	3.106786269264765962e-02	7.825496055000286111e-02
1.240888059802580301e+03	2.423117016361574505e-01	1.572445563013440128e-01	2.603533200125398572e-01	1.559537373818907224e-01	7.474243032243899076e-02	3.109088889180109533e-02	7.830336545350145838e-02
1.242339390866676695e+03	2.421189705962006333e-01	1.571190028502482405e-01	2.604882150440367417e-01	1.560323874220067297e-01	7.477584967641563718e-02	3.111388100471191090e-02	7.835169340605364907e-02
1.243790721930773088e+03	2.419265697787998382e-01	1.569936583519589701e-01	2.606228841330104906e-01	1.561108957681918430e-01	7.480920837524344946e-02	3.113683905381435871e-02	7.839994453865455071e-02
1.245242052994869937e+03	2.417344986164682852e-01	1.568685224582682392e-01	2.607573276566341747e-01	1.561892626895825531e-01	7.484250653508768558e-02	3.115976306195236342e-02	7.844811898168020659e-02
1.246693384058966330e+03	2.415427565427086809e-01	1.567435948215485098e-01	2.608915459914510904e-01	1.562674884547964327e-01	7.487574427189996884e-02	3.118265305237111554e-02	7.849621686489774430e-02
1.248144715123063179e+03	2.413513429920114972e-01	1.566188750947517805e-01	2.610255395133754264e-01	1.563455733319325525e-01	7.490892170141805195e-02	3.120550904870880715e-02	7.854423831747543716e-02
1.249596046187159800e+03	2.411602573998529175e-01	1.564943629314085594e-01	2.611593085976937068e-01	1.564235175885715923e-01	7.494203893916571990e-02	3.122833107498853081e-02	7.859218346799251576e-02
1.251047377251256421e+03	2.409694992026930327e-01	1.563700579856269479e-01	2.612928536190656237e-01	1.565013214917763129e-01	7.497509610045252626e-02	3.125111915561031711e-02	7.864005244444881304e-02
1.252498708315352815e+03	2.407790678379738702e-01	1.562459599120916698e-01	2.614261749515251476e-01	1.565789853080916672e-01	7.500809330037364053e-02	3.127387331534334236e-02	7.868784537427418735e-02
1.253950039379449436e+03	2.405889627441177292e-01	1.561220683660630715e-01	2.615592729684814710e-01	1.566565093035453271e-01	7.504103065380977877e-02	3.129659357931827146e-02	7.873556238433779275e-02
1.255401370443546057e+03	2.403991833605250428e-01	1.559983830033762897e-01	2.616921480427203406e-01	1.567338937436479063e-01	7.507390827542696765e-02	3.131927997301975353e-02	7.878320360095718289e-02
1.256852701507642678e+03	2.402097291275726576e-01	1.558749034804400579e-01	2.618248005464046679e-01	1.568111388933934314e-01	7.510672627967644732e-02	3.134193252227905624e-02	7.883076914990715112e-02
1.258304032571739299e+03	2.400205994866120296e-01	1.557516294542359570e-01	2.619572308510759173e-01	1.568882450172595922e-01	7.513948478079461590e-02	3.136455125326684246e-02	7.887825915642848740e-02
1.259755363635835920e+03	2.398317938799672533e-01	1.556285605823174156e-01	2.620894393276549938e-01	1.569652123792082687e-01	7.517218389280289070e-02	3.138713619248608561e-02	7.892567374523656865e-02
1.261206694699932314e+03	2.396433117509332578e-01	1.555056965228086285e-01	2.622214263464433537e-01	1.570420412426858370e-01	7.520482372950758332e-02	3.140968736676509609e-02	7.897301304052967152e-02
1.262658025764028707e+03	2.394551525437740302e-01	1.553830369344038342e-01	2.623531922771240033e-01	1.571187318706236402e-01	7.523740440449989964e-02	3.143220480325072813e-02	7.902027716599727136e-02
1.264109356828125556e+03	2.392673157037207010e-01	1.552605814763661496e-01	2.624847374887624984e-01	1.571952845254384612e-01	7.526992603115587044e-02	3.145468852940166288e-02	7.906746624482802188e-02
1.265560687892221949e+03	2.390798006769697948e-01	1.551383298085267370e-01	2.626160623498079993e-01	1.572716994690329662e-01	7.530238872263622651e-02	3.147713857298184426e-02	7.911458039971773493e-02
1.267012018956318798e+03	2.388926069106813432e-01	1.550162815912838055e-01	2.627471672280943804e-01	1.573479769627961211e-01	7.533479259188645416e-02	3.149955496205405353e-02	7.916161975287709651e-02
1.268463350020415419e+03	2.387057338529771366e-01	1.548944364856017220e-01	2.628780524908412297e-01	1.574241172676037193e-01	7.536713775163671192e-02	3.152193772497357410e-02	7.920858442603921634e-02
1.269914681084511813e+03	2.385191809529388085e-01	1.547727941530099849e-01	2.630087185046546816e-01	1.575001206438188528e-01	7.539942431440180282e-02	3.154428689038200201e-02	7.925547454046716345e-02
1.271366012148608434e+03	2.383329476606061148e-01	1.546513542556024190e-01	2.631391656355286934e-01	1.575759873512924958e-01	7.543165239248125764e-02	3.156660248720113277e-02	7.930229021696119651e-02
1.272817343212705055e+03	2.381470334269751576e-01	1.545301164560360374e-01	2.632693942488459338e-01	1.576517176493638928e-01	7.546382209795923779e-02	3.158888454462704942e-02	7.934903157586596645e-02
1.274268674276801676e+03	2.379614377039965811e-01	1.544090804175302367e-01	2.633994047093789481e-01	1.577273117968612248e-01	7.549593354270457690e-02	3.161113309212420369e-02	7.939569873707749692e-02
1.275720005340898297e+03	2.377761599445736840e-01	1.542882458038658811e-01	2.635291973812909361e-01	1.578027700521020815e-01	7.552798683837082250e-02	3.163334815941971218e-02	7.944229182005006773e-02
1.277171336404994690e+03	2.375911996025607820e-01	1.541676122793843029e-01	2.636587726281370281e-01	1.578780926728940159e-01	7.555998209639629148e-02	3.165552977649770811e-02	7.948881094380298717e-02
1.278622667469091539e+03	2.374065561327613483e-01	1.540471795089863594e-01	2.637881308128651181e-01	1.579532799165351831e-01	7.559191942800407016e-02	3.167767797359381104e-02	7.953525622692717012e-02
1.280073998533187932e+03	2.372222289909262927e-01	1.539269471581315440e-01	2.639172722978169738e-01	1.580283320398147562e-01	7.562379894420208359e-02	3.169979278118971455e-02	7.958162778759166056e-02
1.281525329597284326e+03	2.370382176337521019e-01	1.538069148928370156e-01	2.640461974447292914e-01	1.581032492990137872e-01	7.565562075578315115e-02	3.172187423000782935e-02	7.962792574354993214e-02
1.282976660661381175e+03	2.368545215188791464e-01	1.536870823796766539e-01	2.641749066147344727e-01	1.581780319499054843e-01	7.568738497332504200e-02	3.174392235100609999e-02	7.967415021214616089e-02
1.284427991725477568e+03	2.366711401048900154e-01	1.535674492857802276e-01	2.643034001683619572e-01	1.582526802477561279e-01	7.571909170719061388e-02	3.176593717537285616e-02	7.972030131032130373e-02
1.285879322789574417e+03	2.364880728513075459e-01	1.534480152788323670e-01	2.644316784655389996e-01	1.583271944473254866e-01	7.575074106752784087e-02	3.178791873452178202e-02	7.976637915461909367e-02
1.287330653853671038e+03	2.363053192185932960e-01	1.533287800270716761e-01	2.645597418655916688e-01	1.584015748028675397e-01	7.578233316426992439e-02	3.180986706008702425e-02	7.981238386119192396e-02
1.288781984917767431e+03	2.361228786681457137e-01	1.532097431992898440e-01	2.646875907272461248e-01	1.584758215681310589e-01	7.581386810713541813e-02	3.183178218391829323e-02	7.985831554580659353e-02
1.290233315981864052e+03	2.359407506622983597e-01	1.530909044648306461e-01	2.648152254086292290e-01	1.585499349963603311e-01	7.584534600562829743e-02	3.185366413807616537e-02	7.990417432384994134e-02
