1.001418434226643626e+03	2.791188202224268999e-01	1.810903545731783748e-01	2.346814449908280198e-01	1.408127652931382701e-01	6.830595068844237672e-02	2.685044568212366367e-02	6.914021854953815438e-02
1.002869765290740247e+03	2.788633637768039297e-01	1.809247625195838649e-01	2.348590880716851237e-01	1.409188084791095918e-01	6.835108939544203011e-02	2.687849024115078825e-02	6.920439751590043431e-02
1.004321096354836754e+03	2.786083455862720104e-01	1.807594465290184305e-01	2.350364335551997086e-01	1.410246580454614929e-01	6.839614584960604371e-02	2.690652084344884523e-02	6.926844959066927321e-02
1.005772427418933376e+03	2.783537648862832170e-01	1.805944061407912526e-01	2.352134819388142228e-01	1.411303143107073554e-01	6.844112016542233667e-02	2.693453699300746296e-02	6.933237556465003670e-02
1.007223758483029997e+03	2.780996209138029140e-01	1.804296408949805086e-01	2.353902337191385030e-01	1.412357775943883509e-01	6.848601245825398920e-02	2.696253820426110573e-02	6.939617621485050236e-02
1.008675089547126618e+03	2.778459129073036493e-01	1.802651503324322058e-01	2.355666893919512450e-01	1.413410482170292803e-01	6.853082284431884219e-02	2.699052400188427583e-02	6.945985230475638927e-02
1.010126420611223239e+03	2.775926401067587146e-01	1.801009339947587662e-01	2.357428494522014473e-01	1.414461265000956092e-01	6.857555144066920794e-02	2.701849392059076441e-02	6.952340458460133654e-02
1.011577751675319632e+03	2.773398017536365390e-01	1.799369914243378887e-01	2.359187143940096043e-01	1.415510127659518891e-01	6.862019836517153915e-02	2.704644750493683664e-02	6.958683379163155269e-02
1.013029082739416367e+03	2.770873970908943051e-01	1.797733221643111334e-01	2.360942847106693165e-01	1.416557073378214293e-01	6.866476373648629228e-02	2.707438430912832011e-02	6.965014065036506663e-02
1.014480413803512761e+03	2.768354253629722317e-01	1.796099257585827835e-01	2.362695608946486225e-01	1.417602105397470225e-01	6.870924767404777700e-02	2.710230389683149568e-02	6.971332587284591320e-02
1.015931744867609382e+03	2.765838858157878555e-01	1.794468017518184577e-01	2.364445434375913313e-01	1.418645226965530859e-01	6.875365029804422767e-02	2.713020584098771795e-02	6.977639015889321172e-02
1.017383075931706003e+03	2.763327776967300919e-01	1.792839496894439166e-01	2.366192328303184933e-01	1.419686441338085525e-01	6.879797172939797201e-02	2.715808972363168566e-02	6.983933419634517914e-02
1.018834406995802851e+03	2.760821002546539060e-01	1.791213691176437306e-01	2.367936295628297327e-01	1.420725751777910384e-01	6.884221208974575235e-02	2.718595513571331335e-02	6.990215866129841082e-02
1.020285738059899245e+03	2.758318527398743725e-01	1.789590595833600584e-01	2.369677341243046353e-01	1.421763161554520649e-01	6.888637150141929677e-02	2.721380167692310365e-02	6.996486421834233194e-02
1.021737069123995752e+03	2.755820344041615133e-01	1.787970206342913426e-01	2.371415470031041917e-01	1.422798673943829473e-01	6.893045008742598734e-02	2.724162895552096827e-02	7.002745152078890256e-02
1.023188400188092373e+03	2.753326445007345247e-01	1.786352518188910887e-01	2.373150686867721570e-01	1.423832292227820151e-01	6.897444797142981976e-02	2.726943658816841434e-02	7.008992121089781258e-02
1.024639731252188767e+03	2.750836822842567253e-01	1.784737526863665602e-01	2.374882996620363285e-01	1.424864019694224715e-01	6.901836527773250185e-02	2.729722419976405787e-02	7.015227392009719398e-02
1.026091062316285615e+03	2.748351470108299499e-01	1.783125227866775298e-01	2.376612404148100988e-01	1.425893859636211680e-01	6.906220213125488505e-02	2.732499142328236735e-02	7.021451026919982297e-02
1.027542393380382237e+03	2.745870379379895532e-01	1.781515616705351135e-01	2.378338914301936224e-01	1.426921815352082401e-01	6.910595865751857636e-02	2.735273789961558885e-02	7.027663086861510311e-02
1.028993724444478858e+03	2.743393543246990807e-01	1.779908688894003832e-01	2.380062531924754254e-01	1.427947890144976306e-01	6.914963498262770292e-02	2.738046327741878311e-02	7.033863631855682974e-02
1.030445055508575479e+03	2.740920954313453284e-01	1.778304439954831728e-01	2.381783261851335154e-01	1.428972087322581408e-01	6.919323123325107905e-02	2.740816721295792971e-02	7.040052720924667995e-02
1.031896386572671872e+03	2.738452605197331247e-01	1.776702865417408017e-01	2.383501108908369637e-01	1.429994410196856192e-01	6.923674753660456760e-02	2.743584936996102189e-02	7.046230412111377517e-02
1.033347717636768493e+03	2.735988488530803342e-01	1.775103960818768811e-01	2.385216077914471544e-01	1.431014862083755113e-01	6.928018402043366331e-02	2.746350941947207566e-02	7.052396762499019145e-02
1.034799048700865114e+03	2.733528596960131396e-01	1.773507721703400375e-01	2.386928173680191723e-01	1.432033446302964086e-01	6.932354081299639537e-02	2.749114703970804291e-02	7.058551828230259784e-02
1.036250379764961508e+03	2.731072923145610454e-01	1.771914143623226634e-01	2.388637401008031069e-01	1.433050166177640139e-01	6.936681804304646592e-02	2.751876191591852774e-02	7.064695664526000896e-02
1.037701710829058356e+03	2.728621459761518264e-01	1.770323222137596963e-01	2.390343764692455519e-01	1.434065025034159946e-01	6.941001583981665224e-02	2.754635374024827152e-02	7.070828325703785999e-02
1.039153041893154750e+03	2.726174199496071426e-01	1.768734952813272865e-01	2.392047269519908537e-01	1.435078026201873358e-01	6.945313433300247252e-02	2.757392221160234053e-02	7.076949865195839018e-02
1.040604372957251599e+03	2.723731135051377650e-01	1.767149331224417141e-01	2.393747920268823881e-01	1.436089173012864428e-01	6.949617365274617098e-02	2.760146703551399558e-02	7.083060335566736254e-02
1.042055704021347992e+03	2.721292259143386905e-01	1.765566352952579743e-01	2.395445721709640596e-01	1.437098468801716600e-01	6.953913392962095263e-02	2.762898792401511164e-02	7.089159788530735584e-02
1.043507035085444613e+03	2.718857564501847013e-01	1.763986013586687218e-01	2.397140678604816055e-01	1.438105916905285941e-01	6.958201529461539858e-02	2.765648459550921340e-02	7.095248274968751767e-02
1.044958366149541234e+03	2.716427043870258684e-01	1.762408308723029671e-01	2.398832795708839283e-01	1.439111520662477994e-01	6.962481787911833919e-02	2.768395677464694990e-02	7.101325844944990362e-02
1.046409697213637855e+03	2.714000690005828886e-01	1.760833233965248268e-01	2.400522077768244000e-01	1.440115283414031833e-01	6.966754181490379672e-02	2.771140419220406367e-02	7.107392547723262455e-02
1.047861028277734476e+03	2.711578495679426992e-01	1.759260784924322474e-01	2.402208529521621949e-01	1.441117208502309122e-01	6.971018723411631646e-02	2.773882658496175727e-02	7.113448431782962156e-02
1.049312359341831097e+03	2.709160453675542590e-01	1.757690957218559225e-01	2.403892155699637045e-01	1.442117299271087338e-01	6.975275426925657551e-02	2.776622369558938777e-02	7.119493544834722132e-02
1.050763690405927491e+03	2.706746556792238301e-01	1.756123746473579050e-01	2.405572961025037870e-01	1.443115559065359654e-01	6.979524305316715804e-02	2.779359527252950324e-02	7.125527933835772154e-02
1.052215021470024112e+03	2.704336797841108697e-01	1.754559148322305251e-01	2.407250950212672103e-01	1.444111991231137593e-01	6.983765371901871910e-02	2.782094106988510993e-02	7.131551645004970130e-02
1.053666352534120733e+03	2.701931169647238673e-01	1.752997158404950850e-01	2.408926127969498454e-01	1.445106599115261181e-01	6.987998640029625952e-02	2.784826084730919471e-02	7.137564723837554193e-02
1.055117683598217127e+03	2.699529665049158478e-01	1.751437772369006662e-01	2.410598498994601102e-01	1.446099386065211878e-01	6.992224123078583098e-02	2.787555436989638813e-02	7.143567215119582536e-02
1.056569014662313975e+03	2.697132276898805969e-01	1.749880985869229355e-01	2.412268067979202180e-01	1.447090355428931052e-01	6.996441834456136599e-02	2.790282140807678196e-02	7.149559162942090151e-02
1.058020345726410369e+03	2.694738998061479984e-01	1.748326794567628961e-01	2.413934839606675098e-01	1.448079510554641236e-01	7.000651787597181319e-02	2.793006173751181806e-02	7.155540610714972161e-02
1.059471676790506763e+03	2.692349821415804256e-01	1.746775194133456943e-01	2.415598818552558147e-01	1.449066854790674597e-01	7.004853995962855018e-02	2.795727513899223457e-02	7.161511601180568787e-02
1.060923007854603611e+03	2.689964739853683562e-01	1.745226180243193981e-01	2.417260009484567540e-01	1.450052391485303072e-01	7.009048473039296290e-02	2.798446139833802096e-02	7.167472176427003294e-02
1.062374338918700232e+03	2.687583746280265973e-01	1.743679748580538313e-01	2.418918417062609627e-01	1.451036123986573223e-01	7.013235232336438585e-02	2.801162030630033675e-02	7.173422377901236824e-02
1.063825669982796853e+03	2.685206833613900668e-01	1.742135894836393251e-01	2.420574045938796159e-01	1.452018055642146643e-01	7.017414287386815330e-02	2.803875165846536621e-02	7.179362246421863714e-02
1.065277001046893474e+03	2.682833994786100740e-01	1.740594614708854959e-01	2.422226900757455392e-01	1.452998189799141748e-01	7.021585651744401135e-02	2.806585525516003266e-02	7.185291822191658406e-02
1.066728332110990095e+03	2.680465222741502673e-01	1.739055903903201084e-01	2.423876986155145408e-01	1.453976529803980566e-01	7.025749338983466874e-02	2.809293090135962442e-02	7.191211144809865619e-02
1.068179663175086489e+03	2.678100510437828596e-01	1.737519758131878533e-01	2.425524306760668269e-01	1.454953079002241079e-01	7.029905362697465299e-02	2.811997840659717987e-02	7.197120253284246261e-02
1.069630994239183110e+03	2.675739850845847978e-01	1.735986173114491271e-01	2.427168867195082513e-01	1.455927840738509282e-01	7.034053736497934695e-02	2.814699758487467646e-02	7.203019186042881883e-02
1.071082325303279504e+03	2.673383236949339881e-01	1.734455144577787822e-01	2.428810672071715637e-01	1.456900818356238192e-01	7.038194474013427515e-02	2.817398825457597539e-02	7.208907980945743199e-02
1.072533656367376352e+03	2.671030661745055212e-01	1.732926668255651004e-01	2.430449725996178534e-01	1.457872015197609894e-01	7.042327588888461221e-02	2.820095023838146628e-02	7.214786675296029628e-02
1.073984987431472746e+03	2.668682118242679535e-01	1.731400739889084606e-01	2.432086033566375760e-01	1.458841434603397880e-01	7.046453094782489934e-02	2.822788336318437022e-02	7.220655305851277073e-02
1.075436318495569594e+03	2.666337599464795871e-01	1.729877355226201729e-01	2.433719599372521636e-01	1.459809079912837149e-01	7.050571005368895527e-02	2.825478746000872898e-02	7.226513908834249211e-02
1.076887649559666215e+03	2.663997098446849177e-01	1.728356510022213133e-01	2.435350427997151068e-01	1.460774954463494313e-01	7.054681334334007847e-02	2.828166236392896243e-02	7.232362519943603962e-02
1.078338980623762609e+03	2.661660608237108594e-01	1.726838200039415572e-01	2.436978524015133429e-01	1.461739061591141864e-01	7.058784095376134660e-02	2.830850791399103575e-02	7.238201174364353174e-02
1.079790311687859230e+03	2.659328121896633590e-01	1.725322421047179866e-01	2.438603891993684769e-01	1.462701404629636326e-01	7.062879302204622123e-02	2.833532395313516361e-02	7.244029906778108596e-02
1.081241642751955851e+03	2.656999632499236208e-01	1.723809168821938131e-01	2.440226536492381415e-01	1.463661986910797796e-01	7.066966968538927751e-02	2.836211032812002014e-02	7.249848751373126621e-02
1.082692973816052472e+03	2.654675133131448317e-01	1.722298439147173788e-01	2.441846462063172463e-01	1.464620811764293651e-01	7.071047108107722523e-02	2.838886688944845804e-02	7.255657741854144860e-02
1.084144304880149093e+03	2.652354616892484973e-01	1.720790227813407958e-01	2.443463673250391988e-01	1.465577882517524744e-01	7.075119734647995762e-02	2.841559349129467449e-02	7.261456911452031371e-02
1.085595635944245487e+03	2.650038076894210559e-01	1.719284530618189200e-01	2.445078174590772924e-01	1.466533202495514943e-01	7.079184861904201653e-02	2.844228999143280298e-02	7.267246292933232654e-02
1.087046967008342108e+03	2.647725506261103812e-01	1.717781343366080737e-01	2.446689970613458720e-01	1.467486775020802048e-01	7.083242503627407149e-02	2.846895625116691725e-02	7.273025918609035689e-02
1.088498298072438729e+03	2.645416898130223959e-01	1.716280661868649637e-01	2.448299065840017774e-01	1.468438603413333154e-01	7.087292673574459301e-02	2.849559213526240212e-02	7.278795820344642620e-02
1.089949629136535123e+03	2.643112245651177972e-01	1.714782481944454318e-01	2.449905464784453701e-01	1.469388690990360569e-01	7.091335385507185896e-02	2.852219751187866359e-02	7.284556029568069191e-02
1.091400960200631971e+03	2.640811541986085587e-01	1.713286799419032613e-01	2.451509171953220600e-01	1.470337041066342720e-01	7.095370653191596100e-02	2.854877225250316772e-02	7.290306577278858613e-02
1.092852291264728365e+03	2.638514780309547114e-01	1.711793610124891507e-01	2.453110191845233323e-01	1.471283656952845353e-01	7.099398490397108852e-02	2.857531623188678052e-02	7.296047494056624727e-02
1.094303622328825213e+03	2.636221953808610130e-01	1.710302909901494361e-01	2.454708528951882462e-01	1.472228541958447157e-01	7.103418910895790972e-02	2.860182932798034997e-02	7.301778810069417536e-02
1.095754953392921607e+03	2.633933055682737279e-01	1.708814694595249262e-01	2.456304187757045177e-01	1.473171699388645672e-01	7.107431928461623027e-02	2.862831142187255429e-02	7.307500555081929139e-02
1.097206284457018228e+03	2.631648079143773522e-01	1.707328960059498746e-01	2.457897172737098790e-01	1.474113132545767368e-01	7.111437556869772136e-02	2.865476239772896810e-02	7.313212758463533136e-02
1.098657615521114849e+03	2.629367017415914498e-01	1.705845702154505927e-01	2.459487488360932450e-01	1.475052844728879098e-01	7.115435809895885588e-02	2.868118214273231159e-02	7.318915449196157497e-02
1.100108946585211470e+03	2.627089863735672104e-01	1.704364916747444780e-01	2.461075139089961283e-01	1.475990839233702612e-01	7.119426701315394179e-02	2.870757054702387234e-02	7.324608655882004771e-02
1.101560277649308091e+03	2.624816611351847295e-01	1.702886599712388760e-01	2.462660129378137219e-01	1.476927119352529627e-01	7.123410244902840527e-02	2.873392750364607562e-02	7.330292406751116874e-02
1.103011608713404712e+03	2.622547253525495670e-01	1.701410746930297202e-01	2.464242463671963146e-01	1.477861688374141058e-01	7.127386454431218488e-02	2.876025290848618216e-02	7.335966729668789987e-02
1.104462939777501106e+03	2.620281783529896380e-01	1.699937354289006719e-01	2.465822146410503179e-01	1.478794549583726803e-01	7.131355343671327840e-02	2.878654666022110314e-02	7.341631652142829867e-02
1.105914270841597499e+03	2.618020194650523269e-01	1.698466417683217045e-01	2.467399182025397930e-01	1.479725706262808305e-01	7.135316926391137293e-02	2.881280866026325257e-02	7.347287201330679474e-02
1.107365601905694348e+03	2.615762480185011007e-01	1.696997933014481041e-01	2.468973574940874494e-01	1.480655161689163057e-01	7.139271216355173866e-02	2.883903881270750633e-02	7.352933404046387011e-02
1.108816932969790741e+03	2.613508633443126783e-01	1.695531896191193322e-01	2.470545329573760884e-01	1.481582919136751608e-01	7.143218227323917813e-02	2.886523702427917781e-02	7.358570286767443513e-02
1.110268264033887590e+03	2.611258647746740880e-01	1.694068303128578035e-01	2.472114450333496860e-01	1.482508981875645115e-01	7.147157973053214208e-02	2.889140320428300671e-02	7.364197875641476099e-02
1.111719595097984211e+03	2.609012516429795037e-01	1.692607149748678042e-01	2.473680941622147245e-01	1.483433353171955960e-01	7.151090467293702568e-02	2.891753726455316767e-02	7.369816196492819105e-02
1.113170926162080832e+03	2.606770232838272472e-01	1.691148431980343259e-01	2.475244807834413863e-01	1.484356036287769742e-01	7.155015723790246474e-02	2.894363911940422973e-02	7.375425274828940891e-02
1.114622257226177226e+03	2.604531790330169017e-01	1.689692145759219832e-01	2.476806053357648585e-01	1.485277034481079228e-01	7.158933756281390948e-02	2.896970868558308709e-02	7.381025135846742968e-02
1.116073588290273847e+03	2.602297182275463694e-01	1.688238287027737650e-01	2.478364682571864153e-01	1.486196351005720229e-01	7.162844578498826775e-02	2.899574588222184404e-02	7.386615804438739774e-02
1.117524919354370468e+03	2.600066402056090964e-01	1.686786851735099790e-01	2.479920699849748611e-01	1.487113989111308598e-01	7.166748204166864533e-02	2.902175063079159845e-02	7.392197305199108004e-02
1.118976250418467089e+03	2.597839443065907972e-01	1.685337835837271703e-01	2.481474109556675578e-01	1.488029952043180004e-01	7.170644647001929439e-02	2.904772285505713078e-02	7.397769662429616588e-02
1.120427581482563710e+03	2.595616298710669567e-01	1.683891235296968991e-01	2.483024916050718400e-01	1.488944243042329696e-01	7.174533920712057589e-02	2.907366248103250561e-02	7.403332900145440099e-02
1.121878912546660331e+03	2.593396962407998330e-01	1.682447046083646314e-01	2.484573123682660423e-01	1.489856865345355885e-01	7.178416038996408843e-02	2.909956943693750575e-02	7.408887042080844476e-02
1.123330243610756725e+03	2.591181427587355701e-01	1.681005264173486557e-01	2.486118736796008866e-01	1.490767822184403957e-01	7.182291015544796375e-02	2.912544365315493725e-02	7.414432111694774230e-02
1.124781574674853118e+03	2.588969687690015342e-01	1.679565885549389737e-01	2.487661759727006205e-01	1.491677116787110402e-01	7.186158864037220373e-02	2.915128506218876009e-02	7.419968132176316122e-02
1.126232905738949967e+03	2.586761736169032044e-01	1.678128906200960502e-01	2.489202196804641831e-01	1.492584752376550916e-01	7.190019598143417012e-02	2.917709359862304813e-02	7.425495126450054606e-02
1.127684236803046360e+03	2.584557566489217306e-01	1.676694322124497871e-01	2.490740052350666478e-01	1.493490732171189606e-01	7.193873231522412981e-02	2.920286919908172962e-02	7.431013117181323180e-02
1.129135567867143209e+03	2.582357172127111578e-01	1.675262129322985238e-01	2.492275330679601109e-01	1.494395059384828195e-01	7.197719777822100817e-02	2.922861180218914653e-02	7.436522126781346109e-02
1.130586898931239830e+03	2.580160546570953728e-01	1.673832323806076772e-01	2.493808036098751901e-01	1.495297737226557178e-01	7.201559250678815638e-02	2.925432134853133900e-02	7.442022177412281614e-02
1.132038229995336451e+03	2.577967683320654957e-01	1.672404901590087978e-01	2.495338172908221075e-01	1.496198768900709186e-01	7.205391663716921580e-02	2.927999778061812775e-02	7.447513290992155421e-02
1.133489561059432845e+03	2.575778575887775479e-01	1.670979858697984322e-01	2.496865745400918546e-01	1.497098157606813196e-01	7.209217030548417671e-02	2.930564104284591118e-02	7.452995489199702728e-02
1.134940892123529466e+03	2.573593217795490662e-01	1.669557191159369292e-01	2.498390757862574973e-01	1.497995906539549837e-01	7.213035364772546476e-02	2.933125108146119112e-02	7.458468793479107461e-02
1.136392223187626087e+03	2.571411602578571043e-01	1.668136895010474408e-01	2.499913214571753139e-01	1.498892018888708655e-01	7.216846679975413847e-02	2.935682784452481667e-02	7.463933225044648567e-02
1.137843554251722708e+03	2.569233723783352907e-01	1.666718966294147009e-01	2.501433119799860716e-01	1.499786497839145361e-01	7.220650989729612834e-02	2.938237128187692893e-02	7.469388804885254696e-02
1.139294885315819101e+03	2.567059574967709423e-01	1.665303401059840538e-01	2.502950477811160535e-01	1.500679346570742423e-01	7.224448307593868412e-02	2.940788134510256835e-02	7.474835553768964524e-02
1.140746216379915950e+03	2.564889149701027882e-01	1.663890195363602886e-01	2.504465292862785297e-01	1.501570568258368543e-01	7.228238647112684989e-02	2.943335798749797602e-02	7.480273492247292710e-02
1.142197547444012343e+03	2.562722441564183051e-01	1.662479345268064734e-01	2.505977569204746458e-01	1.502460166071841186e-01	7.232022021816002233e-02	2.945880116403752635e-02	7.485702640659513962e-02
1.143648878508108737e+03	2.560559444149508868e-01	1.661070846842429560e-01	2.507487311079947823e-01	1.503348143175889384e-01	7.235798445218856456e-02	2.948421083134133633e-02	7.491123019136863848e-02
1.145100209572205586e+03	2.558400151060775674e-01	1.659664696162462538e-01	2.508994522724199427e-01	1.504234502730118217e-01	7.239567930821061426e-02	2.950958694764347495e-02	7.496534647606643842e-02
1.146551540636302207e+03	2.556244555913162464e-01	1.658260889310478048e-01	2.510499208366225310e-01	1.505119247888972722e-01	7.243330492106883622e-02	2.953492947276080763e-02	7.501937545796251439e-02
1.148002871700398828e+03	2.554092652333232460e-01	1.656859422375331625e-01	2.512001372227678497e-01	1.506002381801705980e-01	7.247086142544735543e-02	2.956023836806244073e-02	7.507331733237131155e-02
1.149454202764495449e+03	2.551944433958907577e-01	1.655460291452406363e-01	2.513501018523150998e-01	1.506883907612345808e-01	7.250834895586877327e-02	2.958551359643976642e-02	7.512717229268632557e-02
1.150905533828591842e+03	2.549799894439442327e-01	1.654063492643602917e-01	2.514998151460187126e-01	1.507763828459663669e-01	7.254576764669118383e-02	2.961075512227708331e-02	7.518094053041811387e-02
1.152356864892688463e+03	2.547659027435399959e-01	1.652669022057329518e-01	2.516492775239293489e-01	1.508642147477142481e-01	7.258311763210534284e-02	2.963596291142278974e-02	7.523462223523130765e-02
1.153808195956785084e+03	2.545521826618625805e-01	1.651276875808490308e-01	2.517984894053953426e-01	1.509518867792949970e-01	7.262039904613187824e-02	2.966113693116113892e-02	7.528821759498105504e-02
1.155259527020881706e+03	2.543388285672224525e-01	1.649887050018473411e-01	2.519474512090636997e-01	1.510393992529908136e-01	7.265761202261858398e-02	2.968627715018455279e-02	7.534172679574864528e-02
1.156710858084978327e+03	2.541258398290534570e-01	1.648499540815142328e-01	2.520961633528812085e-01	1.511267524805466334e-01	7.269475669523776939e-02	2.971138353856643891e-02	7.539515002187643922e-02
1.158162189149074720e+03	2.539132158179101539e-01	1.647114344332823721e-01	2.522446262540958273e-01	1.512139467731674902e-01	7.273183319748373343e-02	2.973645606773459016e-02	7.544848745600200857e-02
1.159613520213171569e+03	2.537009559054659302e-01	1.645731456712296870e-01	2.523928403292575173e-01	1.513009824415159632e-01	7.276884166267019727e-02	2.976149471044505293e-02	7.550173927909181737e-02
1.161064851277267962e+03	2.534890594645099471e-01	1.644350874100782844e-01	2.525408059942199634e-01	1.513878597957096228e-01	7.280578222392795895e-02	2.978649944075651909e-02	7.555490567047386252e-02
1.162516182341364356e+03	2.532775258689451969e-01	1.642972592651933683e-01	2.526885236641411292e-01	1.514745791453187551e-01	7.284265501420249256e-02	2.981147023400522109e-02	7.560798680787002291e-02
1.163967513405461204e+03	2.530663544937857279e-01	1.641596608525822953e-01	2.528359937534848112e-01	1.515611407993639748e-01	7.287946016625164447e-02	2.983640706678031621e-02	7.566098286742747869e-02
1.165418844469557826e+03	2.528555447151544788e-01	1.640222917888932153e-01	2.529832166760217493e-01	1.516475450663140878e-01	7.291619781264338518e-02	2.986130991689972536e-02	7.571389402374964495e-02
1.166870175533654447e+03	2.526450959102807814e-01	1.638851516914142659e-01	2.531301928448306815e-01	1.517337922540839268e-01	7.295286808575369986e-02	2.988617876338645757e-02	7.576672044992642518e-02
1.168321506597751068e+03	2.524350074574982505e-01	1.637482401780724350e-01	2.532769226722995648e-01	1.518198826700322690e-01	7.298947111776447894e-02	2.991101358644541672e-02	7.581946231756385435e-02
1.169772837661847461e+03	2.522252787362420645e-01	1.636115568674324228e-01	2.534234065701266303e-01	1.519058166209600047e-01	7.302600704066136705e-02	2.993581436744059687e-02	7.587211979681313112e-02
1.171224168725944082e+03	2.520159091270469109e-01	1.634751013786956975e-01	2.535696449493217708e-01	1.519915944131080832e-01	7.306247598623188955e-02	2.996058108887278068e-02	7.592469305639910904e-02
1.172675499790040703e+03	2.518068980115443778e-01	1.633388733316992469e-01	2.537156382202074845e-01	1.520772163521557641e-01	7.309887808606349568e-02	2.998531373435763675e-02	7.597718226364817695e-02
1.174126830854137097e+03	2.515982447724610660e-01	1.632028723469147180e-01	2.538613867924200962e-01	1.521626827432188966e-01	7.313521347154162966e-02	3.001001228860422990e-02	7.602958758451552890e-02
1.175578161918233945e+03	2.513899487936157584e-01	1.630670980454472507e-01	2.540068910749109787e-01	1.522479938908481711e-01	7.317148227384798198e-02	3.003467673739400670e-02	7.608190918361197597e-02
1.177029492982330339e+03	2.511820094599174769e-01	1.629315500490344515e-01	2.541521514759476075e-01	1.523331500990277032e-01	7.320768462395865761e-02	3.005930706756011067e-02	7.613414722423013370e-02
1.178480824046426733e+03	2.509744261573630952e-01	1.627962279800452550e-01	2.542971684031146151e-01	1.524181516711733408e-01	7.324382065264252450e-02	3.008390326696714148e-02	7.618630186837009599e-02
1.179932155110523581e+03	2.507671982730350080e-01	1.626611314614790915e-01	2.544419422633152350e-01	1.525029989101312766e-01	7.327989049045952052e-02	3.010846532449129934e-02	7.623837327676462328e-02
1.181383486174620202e+03	2.505603251950991317e-01	1.625262601169644994e-01	2.545864734627720782e-01	1.525876921181766044e-01	7.331589426775907137e-02	3.013299323000092483e-02	7.629036160890383111e-02
1.182834817238716823e+03	2.503538063128021296e-01	1.623916135707583475e-01	2.547307624070285770e-01	1.526722315970120425e-01	7.335183211467845299e-02	3.015748697433736497e-02	7.634226702305919876e-02
1.184286148302813444e+03	2.501476410164695796e-01	1.622571914477447252e-01	2.548748095009499282e-01	1.527566176477667403e-01	7.338770416114136219e-02	3.018194654929629364e-02	7.639408967630741121e-02
1.185737479366910065e+03	2.499418286975037540e-01	1.621229933734338324e-01	2.550186151487244257e-01	1.528408505709948906e-01	7.342351053685641782e-02	3.020637194760929581e-02	7.644582972455343794e-02
1.187188810431006686e+03	2.497363687483811490e-01	1.619890189739609243e-01	2.551621797538644043e-01	1.529249306666747299e-01	7.345925137131578686e-02	3.023076316292587842e-02	7.649748732255318151e-02
1.188640141495103080e+03	2.495312605626504587e-01	1.618552678760853958e-01	2.553055037192072940e-01	1.530088582342074843e-01	7.349492679379372728e-02	3.025512018979580747e-02	7.654906262393587624e-02
1.190091472559199701e+03	2.493265035349302716e-01	1.617217397071896157e-01	2.554485874469171192e-01	1.530926335724162313e-01	7.353053693334531127e-02	3.027944302365177462e-02	7.660055578122572373e-02
1.191542803623296322e+03	2.491220970609069330e-01	1.615884340952779274e-01	2.555914313384852754e-01	1.531762569795450113e-01	7.356608191880516234e-02	3.030373166079240385e-02	7.665196694586333404e-02
1.192994134687392716e+03	2.489180405373322968e-01	1.614553506689755669e-01	2.557340357947318621e-01	1.532597287532579677e-01	7.360156187878615086e-02	3.032798609836559120e-02	7.670329626822659785e-02
1.194445465751489564e+03	2.487143333620216723e-01	1.613224890575277459e-01	2.558764012158066259e-01	1.533430491906383197e-01	7.363697694167829766e-02	3.035220633435216711e-02	7.675454389765121177e-02
1.195896796815585958e+03	2.485109749338514640e-01	1.611898488907984595e-01	2.560185280011902931e-01	1.534262185881877794e-01	7.367232723564748342e-02	3.037639236754985719e-02	7.680570998245066228e-02
1.197348127879682352e+03	2.483079646527572293e-01	1.610574297992696247e-01	2.561604165496955687e-01	1.535092372418256357e-01	7.370761288863442173e-02	3.040054419755756909e-02	7.685679466993597386e-02
1.198799458943779200e+03	2.481053019197313747e-01	1.609252314140398599e-01	2.563020672594681915e-01	1.535921054468881719e-01	7.374283402835356271e-02	3.042466182475997774e-02	7.690779810643490200e-02
1.200250790007875821e+03	2.479029861368210463e-01	1.607932533668235686e-01	2.564434805279882101e-01	1.536748234981279437e-01	7.377799078229202445e-02	3.044874525031239162e-02	7.695872043731082079e-02
1.201702121071972442e+03	2.477010167071260205e-01	1.606614952899499404e-01	2.565846567520710386e-01	1.537573916897131965e-01	7.381308327770863542e-02	3.047279447612593478e-02	7.700956180698122211e-02
1.203153452136069063e+03	2.474993930347966220e-01	1.605299568163618407e-01	2.567255963278684550e-01	1.538398103152273655e-01	7.384811164163290753e-02	3.049680950485299247e-02	7.706032235893577054e-02
1.204604783200165684e+03	2.472981145250315316e-01	1.603986375796148389e-01	2.568662996508698781e-01	1.539220796676684655e-01	7.388307600086416183e-02	3.052079033987295867e-02	7.711100223575406698e-02
1.206056114264262078e+03	2.470971805840757318e-01	1.602675372138762100e-01	2.570067671159033673e-01	1.540042000394487853e-01	7.391797648197064030e-02	3.054473698527822301e-02	7.716160157912298201e-02
1.207507445328358699e+03	2.468965906192183701e-01	1.601366553539237680e-01	2.571469991171367875e-01	1.540861717223942495e-01	7.395281321128852059e-02	3.056864944586046295e-02	7.721212052985369778e-02
1.208958776392455093e+03	2.466963440387907880e-01	1.600059916351450062e-01	2.572869960480790308e-01	1.541679950077443351e-01	7.398758631492126370e-02	3.059252772709717544e-02	7.726255922789833364e-02
1.210410107456551941e+03	2.464964402521641340e-01	1.598755456935360419e-01	2.574267583015807936e-01	1.542496701861514885e-01	7.402229591873869807e-02	3.061637183513847213e-02	7.731291781236632188e-02
1.211861438520648335e+03	2.462968786697477264e-01	1.597453171657005622e-01	2.575662862698359645e-01	1.543311975476809594e-01	7.405694214837629796e-02	3.064018177679414534e-02	7.736319642154036724e-02
1.213312769584745183e+03	2.460976587029866658e-01	1.596153056888488242e-01	2.577055803443825677e-01	1.544125773818105507e-01	7.409152512923446177e-02	3.066395755952094557e-02	7.741339519289208715e-02
1.214764100648841804e+03	2.458987797643598372e-01	1.594855109007966565e-01	2.578446409161039288e-01	1.544938099774303686e-01	7.412604498647780427e-02	3.068769919141012617e-02	7.746351426309734667e-02
1.216215431712937971e+03	2.457002412673779668e-01	1.593559324399644317e-01	2.579834683752298963e-01	1.545748956228426840e-01	7.416050184503443499e-02	3.071140668117523786e-02	7.751355376805131592e-02
1.217666762777034819e+03	2.455020426265815403e-01	1.592265699453760952e-01	2.581220631113377295e-01	1.546558346057618494e-01	7.419489582959541696e-02	3.073508003814013137e-02	7.756351384288320827e-02
1.219118093841131440e+03	2.453041832575386660e-01	1.590974230566581105e-01	2.582604255133532645e-01	1.547366272133141041e-01	7.422922706461407283e-02	3.075871927222719598e-02	7.761339462197058836e-02
1.220569424905228061e+03	2.451066625768432150e-01	1.589684914140384042e-01	2.583985559695520240e-01	1.548172737320375469e-01	7.426349567430541587e-02	3.078232439394583755e-02	7.766319623895361068e-02
1.222020755969324682e+03	2.449094800021125728e-01	1.588397746583454784e-01	2.585364548675602725e-01	1.548977744478821361e-01	7.429770178264563651e-02	3.080589541438115420e-02	7.771291882674873086e-02
1.223472087033421303e+03	2.447126349519859745e-01	1.587112724310074108e-01	2.586741225943561817e-01	1.549781296462097446e-01	7.433184551337153334e-02	3.082943234518284448e-02	7.776256251756236137e-02
1.224923418097517697e+03	2.445161268461221171e-01	1.585829843740507172e-01	2.588115595362707744e-01	1.550583396117940771e-01	7.436592698997999962e-02	3.085293519855433070e-02	7.781212744290402772e-02
1.226374749161614318e+03	2.443199551051974394e-01	1.584549101300994356e-01	2.589487660789891454e-01	1.551384046288208918e-01	7.439994633572759308e-02	3.087640398724206606e-02	7.786161373359941351e-02
1.227826080225710712e+03	2.441241191509039843e-01	1.583270493423741820e-01	2.590857426075515724e-01	1.552183249808880283e-01	7.443390367363002247e-02	3.089983872452507080e-02	7.791102151980311419e-02
1.229277411289807560e+03	2.439286184059475393e-01	1.581994016546910686e-01	2.592224895063543477e-01	1.552981009510055466e-01	7.446779912646180055e-02	3.092323942420465918e-02	7.796035093101101598e-02
1.230728742353903954e+03	2.437334522940455273e-01	1.580719667114607319e-01	2.593590071591512225e-01	1.553777328215958931e-01	7.450163281675575844e-02	3.094660610059434686e-02	7.800960209607256390e-02
1.232180073418000802e+03	2.435386202399250910e-01	1.579447441576873334e-01	2.594952959490540723e-01	1.554572208744942063e-01	7.453540486680269861e-02	3.096993876850998029e-02	7.805877514320266886e-02
1.233631404482097196e+03	2.433441216693211506e-01	1.578177336389676166e-01	2.596313562585343404e-01	1.555365653909484280e-01	7.456911539865107574e-02	3.099323744326002578e-02	7.810787019999344827e-02
1.235082735546193817e+03	2.431499560089744882e-01	1.576909348014898515e-01	2.597671884694238709e-01	1.556157666516195248e-01	7.460276453410662201e-02	3.101650214063606317e-02	7.815688739342567526e-02
1.236534066610290438e+03	2.429561226866296941e-01	1.575643472920328914e-01	2.599027929629161293e-01	1.556948249365819881e-01	7.463635239473201399e-02	3.103973287690344265e-02	7.820582684987996414e-02
1.237985397674387059e+03	2.427626211310333348e-01	1.574379707579652288e-01	2.600381701195670914e-01	1.557737405253238616e-01	7.466987910184665067e-02	3.106292966879213580e-02	7.825468869514784487e-02
1.239436728738483680e+03	2.425694507719318438e-01	1.573118048472438857e-01	2.601733203192965749e-01	1.558525136967473801e-01	7.470334477652630645e-02	3.108609253348775317e-02	7.830347305444246286e-02
1.240888059802580301e+03	2.423766110400698282e-01	1.571858492084134695e-01	2.603082439413890725e-01	1.559311447291690522e-01	7.473674953960292300e-02	3.110922148862271461e-02	7.835218005240912609e-02
1.242339390866676695e+03	2.421841013671880150e-01	1.570601034906053128e-01	2.604429413644949176e-01	1.560096339003202159e-01	7.477009351166441498e-02	3.113231655226762415e-02	7.840080981313567177e-02
1.243790721930773088e+03	2.419919211860213082e-01	1.569345673435363631e-01	2.605774129666313388e-01	1.560879814873475102e-01	7.480337681305439246e-02	3.115537774292278378e-02	7.844936246016252779e-02
1.245242052994869937e+03	2.418000699302968737e-01	1.568092404175082666e-01	2.607116591251834592e-01	1.561661877668131249e-01	7.483659956387199441e-02	3.117840507950985288e-02	7.849783811649264920e-02
1.246693384058966330e+03	2.416085470347324182e-01	1.566841223634063418e-01	2.608456802169054622e-01	1.562442530146953557e-01	7.486976188397176379e-02	3.120139858136371236e-02	7.854623690460119101e-02
1.248144715123063179e+03	2.414173519350340802e-01	1.565592128326986354e-01	2.609794766179215353e-01	1.563221775063891317e-01	7.490286389296342551e-02	3.122435826822443639e-02	7.859455894644501450e-02
1.249596046187159800e+03	2.412264840678945421e-01	1.564345114774349510e-01	2.611130487037269798e-01	1.563999615167065149e-01	7.493590571021180313e-02	3.124728416022943406e-02	7.864280436347197145e-02
1.251047377251256421e+03	2.410359428709913099e-01	1.563100179502459608e-01	2.612463968491894328e-01	1.564776053198771444e-01	7.496888745483665240e-02	3.127017627790574378e-02	7.869097327663002184e-02
1.252498708315352815e+03	2.408457277829847420e-01	1.561857319043420123e-01	2.613795214285494217e-01	1.565551091895488744e-01	7.500180924571263341e-02	3.129303464216248026e-02	7.873906580637612951e-02
1.253950039379449436e+03	2.406558382435161070e-01	1.560616529935123509e-01	2.615124228154220298e-01	1.566324733987882745e-01	7.503467120146914415e-02	3.131585927428337524e-02	7.878708207268500519e-02
1.255401370443546057e+03	2.404662736932057510e-01	1.559377808721241487e-01	2.616451013827975070e-01	1.567096982200813227e-01	7.506747344049032045e-02	3.133865019591954709e-02	7.883502219505765518e-02
1.256852701507642678e+03	2.402770335736513774e-01	1.558141151951214776e-01	2.617775575030424906e-01	1.567867839253339057e-01	7.510021608091493883e-02	3.136140742908231221e-02	7.888288629252972195e-02
1.258304032571739299e+03	2.400881173274260483e-01	1.556906556180242818e-01	2.619097915479011718e-01	1.568637307858724295e-01	7.513289924063641656e-02	3.138413099613618362e-02	7.893067448367971362e-02
1.259755363635835920e+03	2.398995243980762415e-01	1.555674017969275735e-01	2.620418038884959611e-01	1.569405390724446514e-01	7.516552303730279772e-02	3.140682091979201535e-02	7.897838688663701145e-02
1.261206694699932314e+03	2.397112542301202964e-01	1.554443533885003781e-01	2.621735948953288209e-01	1.570172090552201527e-01	7.519808758831668383e-02	3.142947722310022313e-02	7.902602361908971085e-02
1.262658025764028707e+03	2.395233062690463322e-01	1.553215100499847900e-01	2.623051649382822648e-01	1.570937410037910875e-01	7.523059301083530326e-02	3.145209992944417859e-02	7.907358479829232345e-02
1.264109356828125556e+03	2.393356799613104435e-01	1.551988714391950297e-01	2.624365143866204120e-01	1.571701351871728491e-01	7.526303942177051121e-02	3.147468906253370752e-02	7.912107054107331283e-02
1.265560687892221949e+03	2.391483747543349248e-01	1.550764372145163883e-01	2.625676436089899868e-01	1.572463918738049582e-01	7.529542693778884521e-02	3.149724464639871296e-02	7.916848096384243583e-02
1.267012018956318798e+03	2.389613900965064930e-01	1.549542070349045064e-01	2.626985529734212621e-01	1.573225113315515067e-01	7.532775567531155292e-02	3.151976670538290948e-02	7.921581618259801449e-02
1.268463350020415419e+03	2.387747254371743733e-01	1.548321805598841527e-01	2.628292428473291698e-01	1.573984938277021572e-01	7.536002575051466146e-02	3.154225526413770297e-02	7.926307631293397216e-02
1.269914681084511813e+03	2.385883802266484943e-01	1.547103574495484746e-01	2.629597135975144662e-01	1.574743396289727537e-01	7.539223727932908847e-02	3.156471034761613309e-02	7.931026147004673066e-02
1.271366012148608434e+03	2.384023539161977678e-01	1.545887373645579710e-01	2.630899655901645651e-01	1.575500490015061816e-01	7.542439037744066987e-02	3.158713198106699593e-02	7.935737176874201049e-02
1.272817343212705055e+03	2.382166459580482287e-01	1.544673199661394936e-01	2.632199991908545367e-01	1.576256222108731453e-01	7.545648516029029862e-02	3.160952019002902236e-02	7.940440732344143659e-02
1.274268674276801676e+03	2.380312558053812033e-01	1.543461049160853582e-01	2.633498147645483844e-01	1.577010595220729172e-01	7.548852174307404961e-02	3.163187500032518112e-02	7.945136824818906096e-02
1.275720005340898297e+03	2.378461829123315885e-01	1.542250918767524570e-01	2.634794126755997112e-01	1.577763611995343096e-01	7.552050024074327683e-02	3.165419643805710698e-02	7.949825465665770474e-02
1.277171336404994690e+03	2.376614267339859365e-01	1.541042805110612035e-01	2.636087932877532181e-01	1.578515275071162849e-01	7.555242076800476603e-02	3.167648452959960503e-02	7.954506666215514776e-02
1.278622667469091539e+03	2.374769867263809009e-01	1.539836704824946723e-01	2.637379569641450927e-01	1.579265587081089550e-01	7.558428343932088733e-02	3.169873930159525233e-02	7.959180437763027638e-02
1.280073998533187932e+03	2.372928623465012654e-01	1.538632614550975997e-01	2.638669040673047861e-01	1.580014550652344973e-01	7.561608836890974794e-02	3.172096078094916588e-02	7.963846791567899541e-02
1.281525329597284326e+03	2.371090530522781958e-01	1.537430530934755235e-01	2.639956349591552898e-01	1.580762168406478485e-01	7.564783567074535864e-02	3.174314899482377078e-02	7.968505738855005682e-02
1.282976660661381175e+03	2.369255583025875744e-01	1.536230450627937283e-01	2.641241500010146348e-01	1.581508442959377592e-01	7.567952545855777258e-02	3.176530397063373479e-02	7.973157290815083287e-02
1.284427991725477568e+03	2.367423775572480849e-01	1.535032370287764958e-01	2.642524495535967244e-01	1.582253376921275156e-01	7.571115784583337671e-02	3.178742573604097926e-02	7.977801458605285334e-02
1.285879322789574417e+03	2.365595102770196578e-01	1.533836286577059393e-01	2.643805339770123886e-01	1.582996972896760224e-01	7.574273294581500282e-02	3.180951431894977338e-02	7.982438253349725954e-02
1.287330653853671038e+03	2.363769559236015005e-01	1.532642196164212822e-01	2.645084036307704389e-01	1.583739233484786069e-01	7.577425087150216343e-02	3.183156974750191159e-02	7.987067686140021661e-02
1.288781984917767431e+03	2.361947139596304868e-01	1.531450095723177474e-01	2.646360588737783903e-01	1.584480161278680188e-01	7.580571173565130161e-02	3.185359205007202293e-02	7.991689768035813157e-02
1.290233315981864052e+03	2.360127838486794360e-01	1.530259981933458080e-01	2.647635000643439596e-01	1.585219758866152906e-01	7.583711565077597139e-02	3.187558125526290809e-02	7.996304510065278814e-02
