1.001418434226643626e+03	2.791456643519343306e-01	1.810600230344563133e-01	2.346743159221336139e-01	1.408122879977657393e-01	6.830881808647204512e-02	2.686093303804769350e-02	6.913795756886598198e-02
1.003837319333471214e+03	2.787208040327364689e-01	1.807835761556730036e-01	2.349698865788512614e-01	1.409888530415014940e-01	6.838399524487462355e-02	2.690772936725870437e-02	6.924515557878019312e-02
1.006256204440298802e+03	2.782971566305578182e-01	1.805078983259685299e-01	2.352646313547715473e-01	1.411648760601075803e-01	6.845894180664324757e-02	2.695448714230522236e-02	6.935200867932179991e-02
1.008675089547126618e+03	2.778747186246273704e-01	1.802329874039951263e-01	2.355585525527243151e-01	1.413403585894431602e-01	6.853365831299969291e-02	2.700120413031329575e-02	6.945852038557279173e-02
1.011093974653954206e+03	2.774534865055090505e-01	1.799588412543691729e-01	2.358516524691106064e-01	1.415153021748038475e-01	6.860814531386696946e-02	2.704787817634957126e-02	6.956469410566654132e-02
1.013512859760782021e+03	2.770334567750354915e-01	1.796854577476544867e-01	2.361439333939207852e-01	1.416897083702546301e-01	6.868240336747767627e-02	2.709450720084045916e-02	6.967053314449221657e-02
1.015931744867609382e+03	2.766146259462436974e-01	1.794128347603458074e-01	2.364353976107524957e-01	1.418635787379932400e-01	6.875643303999080802e-02	2.714108919707819423e-02	6.977604070727158603e-02
1.018350629974437197e+03	2.761969905433108163e-01	1.791409701748522265e-01	2.367260473968287315e-01	1.420369148477427512e-01	6.883023490511745723e-02	2.718762222881080520e-02	6.988121990301307540e-02
1.020769515081264785e+03	2.757805471014925236e-01	1.788698618794807849e-01	2.370158850230155712e-01	1.422097182761711820e-01	6.890380954375580069e-02	2.723410442791318262e-02	6.998607374784680812e-02
1.023188400188092373e+03	2.753652921670615150e-01	1.785995077684200683e-01	2.373049127538402470e-01	1.423819906063368279e-01	6.897715754363556440e-02	2.728053399213651448e-02	7.009060516824515419e-02
1.025607285294920075e+03	2.749512222972478326e-01	1.783299057417236377e-01	2.375931328475087700e-01	1.425537334271579359e-01	6.905027949897220296e-02	2.732690918293336282e-02	7.019481700413228442e-02
1.028026170401747549e+03	2.745383340601795230e-01	1.780610537052937925e-01	2.378805475559238602e-01	1.427249483329052770e-01	6.912317601013076573e-02	2.737322832335586931e-02	7.029871201188707397e-02
1.030445055508575479e+03	2.741266240348250172e-01	1.777929495708653052e-01	2.381671591247024045e-01	1.428956369227168399e-01	6.919584768329961610e-02	2.741948979602459868e-02	7.040229286724233870e-02
1.032863940615402726e+03	2.737160888109365642e-01	1.775255912559891291e-01	2.384529697931933034e-01	1.430658008001328418e-01	6.926829513017404572e-02	2.746569204116562635e-02	7.050556216808455401e-02
1.035282825722230655e+03	2.733067249889939432e-01	1.772589766840162728e-01	2.387379817944950411e-01	1.432354415726506125e-01	6.934051896764947820e-02	2.751183355471354536e-02	7.060852243715719234e-02
1.037701710829058356e+03	2.728985291801496182e-01	1.769931037840814514e-01	2.390221973554731705e-01	1.434045608512982961e-01	6.941251981752447064e-02	2.755791288647815862e-02	7.071117612467094082e-02
1.040120595935886058e+03	2.724914980061746705e-01	1.767279704910871552e-01	2.393056186967777998e-01	1.435731602502264004e-01	6.948429830621313807e-02	2.760392863837273988e-02	7.081352561082414343e-02
1.042539481042713533e+03	2.720856280994058407e-01	1.764635747456875237e-01	2.395882480328610786e-01	1.437412413863164151e-01	6.955585506446707034e-02	2.764987946270169861e-02	7.091557320823639599e-02
1.044958366149541234e+03	2.716809161026929598e-01	1.761999144942722750e-01	2.398700875719945724e-01	1.439088058788055846e-01	6.962719072710649160e-02	2.769576406050570580e-02	7.101732116429836095e-02
1.047377251256368709e+03	2.712773586693477124e-01	1.759369876889508022e-01	2.401511395162866380e-01	1.440758553489275562e-01	6.969830593276034325e-02	2.774158117996230674e-02	7.111877166344064694e-02
1.049796136363196410e+03	2.708749524630927885e-01	1.756747922875360746e-01	2.404314060616996040e-01	1.442423914195675450e-01	6.976920132361544291e-02	2.778732961484014358e-02	7.121992682932445917e-02
1.052215021470024112e+03	2.704736941580118126e-01	1.754133262535290116e-01	2.407108893980670627e-01	1.444084157149322367e-01	6.983987754517412272e-02	2.783300820300495942e-02	7.132078872695683802e-02
1.054633906576851814e+03	2.700735804385006045e-01	1.751525875561024126e-01	2.409895917091111062e-01	1.445739298602329859e-01	6.991033524602048577e-02	2.787861582497566659e-02	7.142135936473284485e-02
1.057052791683679516e+03	2.696746079992182188e-01	1.748925741700852188e-01	2.412675151724594513e-01	1.447389354813821971e-01	6.998057507759486429e-02	2.792415140252873726e-02	7.152164069640749855e-02
1.059471676790506763e+03	2.692767735450394828e-01	1.746332840759467764e-01	2.415446619596624545e-01	1.449034342047025026e-01	7.005059769397622982e-02	2.796961389734931719e-02	7.162163462299951655e-02
1.061890561897334692e+03	2.688800737910077565e-01	1.743747152597810157e-01	2.418210342362102083e-01	1.450674276566477627e-01	7.012040375167255535e-02	2.801500230972746655e-02	7.172134299462948337e-02
1.064309447004162394e+03	2.684845054622886917e-01	1.741168657132910469e-01	2.420966341615495288e-01	1.452309174635356970e-01	7.018999390941869920e-02	2.806031567729799781e-02	7.182076761229458373e-02
1.066728332110990095e+03	2.680900652941242690e-01	1.738597334337732003e-01	2.423714638891008855e-01	1.453939052512917829e-01	7.025936882798172745e-02	2.810555307382244308e-02	7.191991022958194035e-02
1.069147217217817570e+03	2.676967500317877224e-01	1.736033164241017057e-01	2.426455255662753052e-01	1.455563926452036749e-01	7.032852916997331394e-02	2.815071360801171818e-02	7.201877255432288794e-02
1.071566102324645271e+03	2.673045564305389088e-01	1.733476126927129268e-01	2.429188213344911917e-01	1.457183812696859759e-01	7.039747559966921808e-02	2.819579642238810926e-02	7.211735625019007057e-02
1.073984987431472746e+03	2.669134812555803427e-01	1.730926202535900404e-01	2.431913533291910345e-01	1.458798727480550561e-01	7.046620878283538225e-02	2.824080069218526737e-02	7.221566293823934723e-02
1.076403872538300675e+03	2.665235212820137312e-01	1.728383371262474932e-01	2.434631236798583676e-01	1.460408687023130314e-01	7.053472938656066282e-02	2.828572562428488882e-02	7.231369419839830948e-02
1.078822757645127922e+03	2.661346732947972304e-01	1.725847613357156252e-01	2.437341345100342838e-01	1.462013707529411788e-01	7.060303807909582008e-02	2.833057045618887423e-02	7.241145157090342344e-02
1.081241642751955851e+03	2.657469340887031461e-01	1.723318909125253207e-01	2.440043879373341718e-01	1.463613805187020667e-01	7.067113552969869761e-02	2.837533445502575871e-02	7.250893655768736457e-02
1.083660527858783553e+03	2.653603004682757449e-01	1.720797238926926598e-01	2.442738860734642026e-01	1.465208996164500677e-01	7.073902240848523038e-02	2.842001691659025095e-02	7.260615062371841844e-02
1.086079412965611255e+03	2.649747692477904537e-01	1.718282583177035416e-01	2.445426310242380386e-01	1.466799296609501702e-01	7.080669938628632309e-02	2.846461716441475720e-02	7.270309519829334932e-02
1.088498298072438729e+03	2.645903372512126150e-01	1.715774922344985576e-01	2.448106248895932091e-01	1.468384722647045892e-01	7.087416713451019645e-02	2.850913454887181453e-02	7.279977167628561008e-02
1.090917183179266431e+03	2.642070013121575744e-01	1.713274236954578367e-01	2.450778697636076531e-01	1.469965290377867329e-01	7.094142632501011791e-02	2.855356844630639948e-02	7.289618141935028106e-02
1.093336068286093905e+03	2.638247582738503794e-01	1.710780507583858079e-01	2.453443677345160667e-01	1.471541015876828007e-01	7.100847762995729506e-02	2.859791825819707825e-02	7.299232575708716753e-02
1.095754953392921607e+03	2.634436049890866438e-01	1.708293714864960178e-01	2.456101208847263073e-01	1.473111915191401278e-01	7.107532172171886209e-02	2.864218341034505469e-02	7.308820598816356817e-02
1.098173838499749309e+03	2.630635383201935240e-01	1.705813839483961702e-01	2.458751312908356856e-01	1.474678004340223558e-01	7.114195927274061249e-02	2.868636335209013774e-02	7.318382338139810261e-02
1.100592723606577010e+03	2.626845551389910272e-01	1.703340862180731385e-01	2.461394010236472307e-01	1.476239299311710995e-01	7.120839095543449182e-02	2.873045755555277136e-02	7.327917917680686066e-02
1.103011608713404712e+03	2.623066523267539307e-01	1.700874763748778662e-01	2.464029321481859824e-01	1.477795816062738021e-01	7.127461744207055916e-02	2.877446551490118326e-02	7.337427458661328894e-02
1.105430493820231959e+03	2.619298267741743125e-01	1.698415525035104900e-01	2.466657267237149787e-01	1.479347570517378363e-01	7.134063940467341713e-02	2.881838674564285094e-02	7.346911079622285567e-02
1.107849378927059888e+03	2.615540753813238029e-01	1.695963126940052967e-01	2.469277868037516033e-01	1.480894578565700448e-01	7.140645751492266657e-02	2.886222078393944554e-02	7.356368896516390921e-02
1.110268264033887590e+03	2.611793950576169476e-01	1.693517550417160955e-01	2.471891144360835457e-01	1.482436856062622210e-01	7.147207244405766324e-02	2.890596718594447972e-02	7.365801022799578490e-02
1.112687149140715292e+03	2.608057827217745150e-01	1.691078776473012302e-01	2.474497116627849269e-01	1.483974418826818631e-01	7.153748486278604934e-02	2.894962552716286511e-02	7.375207569518531237e-02
1.115106034247542766e+03	2.604332353017872470e-01	1.688646786167088687e-01	2.477095805202321199e-01	1.485507282639680071e-01	7.160269544119611529e-02	2.899319540183166108e-02	7.384588645395268047e-02
1.117524919354370468e+03	2.600617497348802210e-01	1.686221560611622095e-01	2.479687230391199593e-01	1.487035463244321676e-01	7.166770484867286684e-02	2.903667642232129684e-02	7.393944356908797866e-02
1.119943804461197942e+03	2.596913229674771006e-01	1.683803080971449095e-01	2.482271412444773673e-01	1.488558976344640239e-01	7.173251375381758943e-02	2.908006821855657620e-02	7.403274808373920546e-02
1.122362689568025871e+03	2.593219519551651642e-01	1.681391328463862078e-01	2.484848371556833413e-01	1.490077837604418531e-01	7.179712282437081261e-02	2.912337043745679213e-02	7.412580102017267414e-02
1.124781574674853118e+03	2.589536336626601654e-01	1.678986284358465475e-01	2.487418127864828576e-01	1.491592062646474037e-01	7.186153272713859119e-02	2.916658274239430568e-02	7.421860338050705053e-02
1.127200459781681047e+03	2.585863650637721944e-01	1.676587929977027824e-01	2.489980701450023870e-01	1.493101667051849046e-01	7.192574412792199223e-02	2.920970481267099600e-02	7.431115614742160591e-02
1.129619344888508749e+03	2.582201431413714832e-01	1.674196246693338830e-01	2.492536112337659093e-01	1.494606666359043767e-01	7.198975769144957959e-02	2.925273634301192929e-02	7.440346028483976748e-02
1.132038229995336451e+03	2.578549648873542099e-01	1.671811215933062256e-01	2.495084380497102905e-01	1.496107076063289409e-01	7.205357408131286834e-02	2.929567704307572615e-02	7.449551673858870182e-02
1.134457115102163925e+03	2.574908273026090821e-01	1.669432819173592708e-01	2.497625525842012140e-01	1.497602911615858456e-01	7.211719395990466575e-02	2.933852663698099592e-02	7.458732643703593068e-02
1.136876000208991627e+03	2.571277273969840849e-01	1.667061037943910751e-01	2.500159568230485019e-01	1.499094188423413521e-01	7.218061798836013232e-02	2.938128486284837318e-02	7.467889029170349247e-02
1.139294885315819101e+03	2.567656621892535629e-01	1.664695853824439964e-01	2.502686527465217692e-01	1.500580921847390337e-01	7.224384682650052125e-02	2.942395147235756306e-02	7.477020919786064868e-02
1.141713770422646803e+03	2.564046287070851360e-01	1.662337248446902893e-01	2.505206423293659390e-01	1.502063127203415727e-01	7.230688113277934648e-02	2.946652623031893736e-02	7.486128403509582918e-02
1.144132655529474505e+03	2.560446239870076690e-01	1.659985203494178940e-01	2.507719275408167858e-01	1.503540819760759706e-01	7.236972156423124303e-02	2.950900891425918549e-02	7.495211566786841306e-02
1.146551540636302207e+03	2.556856450743788534e-01	1.657639700700160312e-01	2.510225103446160344e-01	1.505014014741815898e-01	7.243236877642303395e-02	2.955139931402050654e-02	7.504270494604120545e-02
1.148970425743129908e+03	2.553276890233532881e-01	1.655300721849611578e-01	2.512723926990270140e-01	1.506482727321616644e-01	7.249482342340710095e-02	2.959369723137295072e-02	7.513305270539409608e-02
1.151389310849957155e+03	2.549707528968508385e-01	1.652968248778027838e-01	2.515215765568499240e-01	1.507946972627375593e-01	7.255708615767700320e-02	2.963590247963942409e-02	7.522315976811976002e-02
1.153808195956785084e+03	2.546148337665252726e-01	1.650642263371491780e-01	2.517700638654370993e-01	1.509406765738058043e-01	7.261915763012524727e-02	2.967801488333294060e-02	7.531302694330177516e-02
1.156227081063612786e+03	2.542599287127329521e-01	1.648322747566534352e-01	2.520178565667082204e-01	1.510862121683979875e-01	7.268103849000302763e-02	2.972003427780571527e-02	7.540265502737603098e-02
1.158645966170440488e+03	2.539060348245020804e-01	1.646009683349993757e-01	2.522649565971654129e-01	1.512313055446432020e-01	7.274272938488200724e-02	2.976196050890970307e-02	7.549204480457566424e-02
1.161064851277267962e+03	2.535531491995018372e-01	1.643703052758874461e-01	2.525113658879086231e-01	1.513759581957330180e-01	7.280423096061797161e-02	2.980379343266819497e-02	7.558119704736047939e-02
1.163483736384095664e+03	2.532012689440119035e-01	1.641402837880208965e-01	2.527570863646504962e-01	1.515201716098888707e-01	7.286554386131631478e-02	2.984553291495810681e-02	7.567011251683103401e-02
1.165902621490923138e+03	2.528503911728923748e-01	1.639109020850917364e-01	2.530021199477315852e-01	1.516639472703318892e-01	7.292666872929932931e-02	2.988717883120257934e-02	7.575879196312819419e-02
1.168321506597751068e+03	2.525005130095534511e-01	1.636821583857668294e-01	2.532464685521353398e-01	1.518072866552548361e-01	7.298760620507517560e-02	2.992873106607358072e-02	7.584723612581850682e-02
1.170740391704578315e+03	2.521516315859258506e-01	1.634540509136741260e-01	2.534901340875030940e-01	1.519501912377962394e-01	7.304835692730847485e-02	2.997018951320414362e-02	7.593544573426583288e-02
1.173159276811406244e+03	2.518037440424311102e-01	1.632265778973887305e-01	2.537331184581488874e-01	1.520926624860166609e-01	7.310892153279247019e-02	3.001155407490993521e-02	7.602342150798990783e-02
1.175578161918233945e+03	2.514568475279523319e-01	1.629997375704192453e-01	2.539754235630745649e-01	1.522347018628769921e-01	7.316930065642278380e-02	3.005282466191983720e-02	7.611116415701209281e-02
1.177997047025061647e+03	2.511109391998045393e-01	1.627735281711938375e-01	2.542170512959843753e-01	1.523763108262184141e-01	7.322949493117257569e-02	3.009400119311522737e-02	7.619867438218887179e-02
1.180415932131889122e+03	2.507660162237061452e-01	1.625479479430467222e-01	2.544580035453001265e-01	1.525174908287446340e-01	7.328950498806907632e-02	3.013508359527770908e-02	7.628595287553345539e-02
1.182834817238716823e+03	2.504220757737499192e-01	1.623229951342044231e-01	2.546982821941755626e-01	1.526582433180054543e-01	7.334933145617164585e-02	3.017607180284493512e-02	7.637300032052594945e-02
1.185253702345544298e+03	2.500791150323743994e-01	1.620986679977721168e-01	2.549378891205113518e-01	1.527985697363824225e-01	7.340897496255088805e-02	3.021696575767434528e-02	7.645981739241242137e-02
1.187672587452371999e+03	2.497371311903354707e-01	1.618749647917200607e-01	2.551768261969696305e-01	1.529384715210757306e-01	7.346843613226926306e-02	3.025776540881448470e-02	7.654640475849332215e-02
1.190091472559199701e+03	2.493961214466780263e-01	1.616518837788700480e-01	2.554150952909887695e-01	1.530779501040931134e-01	7.352771558836272703e-02	3.029847071228364622e-02	7.663276307840159729e-02
1.192510357666027403e+03	2.490560830087080457e-01	1.614294232268819185e-01	2.556526982647979729e-01	1.532170069122399392e-01	7.358681395182366247e-02	3.033908163085566670e-02	7.671889300437077785e-02
1.194929242772855105e+03	2.487170130919645616e-01	1.612075814082399861e-01	2.558896369754316003e-01	1.533556433671107999e-01	7.364573184158490493e-02	3.037959813385255822e-02	7.680479518149359308e-02
1.197348127879682352e+03	2.483789089201919598e-01	1.609863566002397439e-01	2.561259132747440437e-01	1.534938608850826558e-01	7.370446987450475496e-02	3.042002019694377626e-02	7.689047024797110441e-02
1.199767012986510281e+03	2.480417677253125008e-01	1.607657470849742642e-01	2.563615290094239385e-01	1.536316608773091452e-01	7.376302866535319747e-02	3.046034780195192374e-02	7.697591883535312429e-02
1.202185898093337983e+03	2.477055867473987871e-01	1.605457511493210143e-01	2.565964860210087073e-01	1.537690447497162272e-01	7.382140882679895377e-02	3.050058093666464451e-02	7.706114156876978094e-02
1.204604783200165684e+03	2.473703632346466730e-01	1.603263670849284783e-01	2.568307861458989372e-01	1.539060139029991281e-01	7.387961096939760219e-02	3.054071959465250868e-02	7.714613906715483971e-02
1.207023668306993159e+03	2.470360944433481198e-01	1.601075931882028347e-01	2.570644312153727018e-01	1.540425697326203158e-01	7.393763570158057297e-02	3.058076377509270916e-02	7.723091194346093369e-02
1.209442553413820860e+03	2.467027776378643011e-01	1.598894277602946890e-01	2.572974230555999386e-01	1.541787136288087778e-01	7.399548362964504522e-02	3.062071348259835096e-02	7.731546080486707828e-02
1.211861438520648335e+03	2.463704100905988459e-01	1.596718691070858898e-01	2.575297634876567709e-01	1.543144469765602711e-01	7.405315535774469049e-02	3.066056872705315295e-02	7.739978625297858073e-02
1.214280323627476264e+03	2.460389890819713044e-01	1.594549155391763451e-01	2.577614543275396075e-01	1.544497711556385711e-01	7.411065148788126278e-02	3.070032952345141952e-02	7.748388888401976093e-02
1.216699208734303511e+03	2.457085119003905305e-01	1.592385653718708660e-01	2.579924973861792981e-01	1.545846875405778864e-01	7.416797261989697965e-02	3.073999589174302230e-02	7.756776928901967794e-02
1.219118093841131440e+03	2.453789758422285916e-01	1.590228169251660661e-01	2.582228944694555661e-01	1.547191975006860509e-01	7.422511935146758333e-02	3.077956785668332571e-02	7.765142805399107007e-02
1.221536978947959142e+03	2.450503782117944562e-01	1.588076685237373165e-01	2.584526473782108869e-01	1.548533024000487424e-01	7.428209227809623449e-02	3.081904544768781715e-02	7.773486576010284199e-02
1.223955864054786844e+03	2.447227163213080703e-01	1.585931184969256724e-01	2.586817579082645313e-01	1.549870035975345062e-01	7.433889199310804441e-02	3.085842869869132726e-02	7.781808298384614020e-02
1.226374749161614318e+03	2.443959874908743779e-01	1.583791651787248844e-01	2.589102278504268329e-01	1.551203024468007785e-01	7.439551908764530097e-02	3.089771764801167372e-02	7.790108029719453042e-02
1.228793634268442020e+03	2.440701890484576753e-01	1.581658069077684081e-01	2.591380589905129539e-01	1.552532002963002977e-01	7.445197415066333313e-02	3.093691233821756897e-02	7.798385826775817986e-02
1.231212519375269494e+03	2.437453183298559922e-01	1.579530420273165536e-01	2.593652531093569857e-01	1.553856984892888482e-01	7.450825776892699981e-02	3.097601281600068091e-02	7.806641745893240503e-02
1.233631404482097196e+03	2.434213726786756404e-01	1.577408688852435514e-01	2.595918119828257153e-01	1.555177983638332817e-01	7.456437052700774781e-02	3.101501913205168340e-02	7.814875843004084888e-02
1.236050289588924898e+03	2.430983494463058170e-01	1.575292858340247570e-01	2.598177373818327252e-01	1.556495012528205379e-01	7.462031300728129424e-02	3.105393134094018917e-02	7.823088173647324561e-02
1.238469174695752372e+03	2.427762459918934856e-01	1.573182912307236336e-01	2.600430310723520488e-01	1.557808084839670537e-01	7.467608578992582236e-02	3.109274950099839493e-02	7.831278792981823111e-02
1.240888059802580301e+03	2.424550596823182302e-01	1.571078834369792065e-01	2.602676948154319936e-01	1.559117213798290602e-01	7.473168945292069099e-02	3.113147367420836947e-02	7.839447755799121287e-02
1.243306944909407548e+03	2.421347878921673580e-01	1.568980608189932402e-01	2.604917303672090179e-01	1.560422412578133244e-01	7.478712457204567121e-02	3.117010392609282504e-02	7.847595116535742432e-02
1.245725830016235477e+03	2.418154280037110582e-01	1.566888217475174705e-01	2.607151394789212762e-01	1.561723694301886123e-01	7.484239172088064107e-02	3.120864032560928189e-02	7.855720929285053833e-02
1.248144715123063179e+03	2.414969774068777275e-01	1.564801645978410038e-01	2.609379238969224413e-01	1.563021072040976789e-01	7.489749147080577985e-02	3.124708294504748018e-02	7.863825247808679808e-02
1.250563600229890881e+03	2.411794334992292954e-01	1.562720877497776606e-01	2.611600853626953600e-01	1.564314558815695089e-01	7.495242439100219256e-02	3.128543185992997688e-02	7.871908125547490143e-02
1.252982485336718355e+03	2.408627936859369933e-01	1.560645895876532629e-01	2.613816256128655979e-01	1.565604167595325003e-01	7.500719104845293694e-02	3.132368714891581307e-02	7.879969615632180513e-02
1.255401370443546057e+03	2.405470553797566802e-01	1.558576685002932560e-01	2.616025463792150396e-01	1.566889911298278704e-01	7.506179200794452222e-02	3.136184889370709217e-02	7.888009770893450456e-02
1.257820255550373531e+03	2.402322160010048890e-01	1.556513228810099958e-01	2.618228493886953223e-01	1.568171802792235059e-01	7.511622783206865772e-02	3.139991717895847245e-02	7.896028643871813579e-02
1.260239140657201460e+03	2.399182729775346801e-01	1.554455511275903978e-01	2.620425363634413807e-01	1.569449854894283958e-01	7.517049908122454271e-02	3.143789209218938313e-02	7.904026286827020575e-02
1.262658025764028707e+03	2.396052237447115207e-01	1.552403516422833363e-01	2.622616090207850470e-01	1.570724080371072862e-01	7.522460631362143380e-02	3.147577372369896737e-02	7.912002751747136686e-02
1.265076910870856636e+03	2.392930657453895549e-01	1.550357228317873481e-01	2.624800690732683184e-01	1.571994491938959182e-01	7.527855008528153147e-02	3.151356216648355107e-02	7.919958090357283320e-02
1.267495795977684338e+03	2.389817964298876773e-01	1.548316631072380878e-01	2.626979182286566794e-01	1.573261102264164601e-01	7.533233095004322755e-02	3.155125751615667912e-02	7.927892354128029950e-02
1.269914681084511813e+03	2.386714132559660251e-01	1.546281708841960867e-01	2.629151581899526469e-01	1.574523923962933836e-01	7.538594945956467175e-02	3.158885987087153152e-02	7.935805594283480702e-02
1.272333566191339514e+03	2.383619136888022738e-01	1.544252445826344022e-01	2.631317906554088148e-01	1.575782969601698114e-01	7.543940616332761584e-02	3.162636933124569893e-02	7.943697861809052851e-02
1.274752451298167216e+03	2.380532952009683789e-01	1.542228826269262942e-01	2.633478173185413995e-01	1.577038251697237825e-01	7.549270160864157697e-02	3.166378600028824097e-02	7.951569207458951405e-02
1.277171336404994690e+03	2.377455552724070664e-01	1.540210834458329570e-01	2.635632398681432842e-01	1.578289782716852940e-01	7.554583634064818143e-02	3.170110998332888175e-02	7.959419681763357790e-02
1.279590221511822392e+03	2.374386913904086294e-01	1.538198454724913899e-01	2.637780599882972865e-01	1.579537575078532596e-01	7.559881090232586920e-02	3.173834138794941889e-02	7.967249335035350710e-02
1.282009106618650094e+03	2.371327010495878629e-01	1.536191671444020468e-01	2.639922793583891480e-01	1.580781641151128569e-01	7.565162583449486222e-02	3.177548032391709631e-02	7.975058217377548053e-02
1.284427991725477568e+03	2.368275817518609161e-01	1.534190469034168725e-01	2.642058996531210235e-01	1.582021993254532910e-01	7.570428167582222978e-02	3.181252690312002390e-02	7.982846378688501776e-02
1.286846876832305497e+03	2.365233310064225603e-01	1.532194831957269798e-01	2.644189225425241929e-01	1.583258643659854470e-01	7.575677896282731472e-02	3.184948123950447074e-02	7.990613868668840214e-02
1.289265761939132744e+03	2.362199463297231516e-01	1.530204744718507426e-01	2.646313496919723285e-01	1.584491604589601255e-01	7.580911822988732618e-02	3.188634344901408041e-02	7.998360736827168915e-02
1.291684647045960673e+03	2.359174252454460108e-01	1.528220191866216104e-01	2.648431827621942070e-01	1.585720888217862223e-01	7.586130000924309891e-02	3.192311364953082098e-02	8.006087032485749433e-02
1.294103532152788375e+03	2.356157652844846628e-01	1.526241157991762021e-01	2.650544234092871432e-01	1.586946506670491586e-01	7.591332483100518558e-02	3.195979196081771140e-02	8.013792804785939417e-02
1.296522417259616077e+03	2.353149639849205221e-01	1.524267627729421759e-01	2.652650732847295911e-01	1.588168472025296707e-01	7.596519322315986589e-02	3.199637850446324094e-02	8.021478102693442580e-02
1.298941302366443551e+03	2.350150188920002992e-01	1.522299585756264062e-01	2.654751340353940781e-01	1.589386796312224903e-01	7.601690571157561360e-02	3.203287340382739157e-02	8.029142975003325522e-02
1.301360187473271253e+03	2.347159275581136018e-01	1.520337016792029650e-01	2.656846073035601941e-01	1.590601491513553845e-01	7.606846282000961912e-02	3.206927678398925619e-02	8.036787470344856910e-02
1.303779072580098727e+03	2.344176875427707862e-01	1.518379905599013258e-01	2.658934947269272486e-01	1.591812569564082791e-01	7.611986507011439529e-02	3.210558877169617659e-02	8.044411637186135722e-02
1.306197957686926657e+03	2.341202964125807806e-01	1.516428236981944566e-01	2.661017979386272603e-01	1.593020042351324939e-01	7.617111298144463305e-02	3.214180949531438014e-02	8.052015523838551569e-02
1.308616842793753904e+03	2.338237517412289912e-01	1.514481995787870516e-01	2.663095185672375020e-01	1.594223921715702263e-01	7.622220707146419583e-02	3.217793908478101816e-02	8.059599178461054891e-02
1.311035727900581833e+03	2.335280511094553479e-01	1.512541166906036239e-01	2.665166582367934911e-01	1.595424219450738423e-01	7.627314785555315557e-02	3.221397767155761288e-02	8.067162649064256452e-02
1.313454613007409534e+03	2.332331921050322943e-01	1.510605735267768757e-01	2.667232185668012567e-01	1.596620947303256655e-01	7.632393584701506473e-02	3.224992538858482971e-02	8.074705983514367247e-02
1.315873498114237009e+03	2.329391723227431932e-01	1.508675685846358472e-01	2.669292011722504410e-01	1.597814116973576282e-01	7.637457155708432532e-02	3.228578237023854713e-02	8.082229229536971871e-02
1.318292383221064711e+03	2.326459893643605392e-01	1.506751003656943699e-01	2.671346076636265665e-01	1.599003740115710059e-01	7.642505549493354422e-02	3.232154875228722413e-02	8.089732434720646459e-02
1.320711268327892412e+03	2.323536408386241980e-01	1.504831673756393540e-01	2.673394396469239154e-01	1.600189828337564013e-01	7.647538816768116587e-02	3.235722467185039863e-02	8.097215646520433685e-02
1.323130153434719887e+03	2.320621243612199791e-01	1.502917681243191583e-01	2.675436987236577968e-01	1.601372393201135336e-01	7.652557008039917452e-02	3.239281026735846974e-02	8.104678912261170654e-02
1.325549038541547588e+03	2.317714375547582917e-01	1.501009011257319892e-01	2.677473864908771484e-01	1.602551446222713338e-01	7.657560173612075471e-02	3.242830567851352763e-02	8.112122279140686343e-02
1.327967923648375290e+03	2.314815780487526065e-01	1.499105648980142425e-01	2.679505045411770814e-01	1.603726998873079845e-01	7.662548363584818778e-02	3.246371104625135617e-02	8.119545794232847780e-02
1.330386808755202765e+03	2.311925434795981948e-01	1.497207579634292351e-01	2.681530544627112600e-01	1.604899062577710422e-01	7.667521627856078992e-02	3.249902651270444864e-02	8.126949504490503517e-02
1.332805693862030694e+03	2.309043314905510347e-01	1.495314788483554369e-01	2.683550378392042246e-01	1.606067648716975049e-01	7.672480016122287805e-02	3.253425222116611976e-02	8.134333456748278623e-02
1.335224578968857941e+03	2.306169397317066605e-01	1.493427260832751180e-01	2.685564562499639374e-01	1.607232768626341290e-01	7.677423577879187444e-02	3.256938831605555446e-02	8.141697697725268357e-02
1.337643464075685870e+03	2.303303658599790138e-01	1.491544982027630528e-01	2.687573112698939948e-01	1.608394433596574691e-01	7.682352362422642522e-02	3.260443494288390448e-02	8.149042274027611110e-02
1.340062349182513572e+03	2.300446075390796818e-01	1.489667937454748903e-01	2.689576044695058954e-01	1.609552654873942501e-01	7.687266418849460214e-02	3.263939224822125229e-02	8.156367232150948943e-02
1.342481234289341273e+03	2.297596624394968312e-01	1.487796112541358295e-01	2.691573374149313636e-01	1.610707443660414628e-01	7.692165796058217375e-02	3.267426037966450481e-02	8.163672618482785415e-02
1.344900119396168748e+03	2.294755282384746131e-01	1.485929492755294623e-01	2.693565116679345617e-01	1.611858811113868195e-01	7.697050542750090429e-02	3.270903948580623777e-02	8.170958479304739341e-02
1.347319004502996449e+03	2.291922026199922913e-01	1.484068063604862819e-01	2.695551287859244138e-01	1.613006768348288489e-01	7.701920707429693591e-02	3.274372971620430339e-02	8.178224860794701401e-02
1.349737889609823924e+03	2.289096832747436749e-01	1.482211810638724148e-01	2.697531903219664295e-01	1.614151326433971578e-01	7.706776338405914306e-02	3.277833122135230537e-02	8.185471809028892209e-02
1.352156774716651853e+03	2.286279679001166631e-01	1.480360719445785733e-01	2.699506978247951938e-01	1.615292496397728317e-01	7.711617483792763961e-02	3.281284415265088572e-02	8.192699369983834357e-02
1.354575659823479100e+03	2.283470542001725390e-01	1.478514775655086211e-01	2.701476528388263021e-01	1.616430289223085015e-01	7.716444191510217487e-02	3.284726866237978188e-02	8.199907589538230068e-02
1.356994544930307029e+03	2.280669398856257912e-01	1.476673964935684424e-01	2.703440569041683506e-01	1.617564715850487167e-01	7.721256509285076564e-02	3.288160490367063316e-02	8.207096513474763932e-02
1.359413430037134731e+03	2.277876226738236587e-01	1.474838272996548683e-01	2.705399115566350376e-01	1.618695787177500400e-01	7.726054484651810605e-02	3.291585303048052275e-02	8.214266187481812642e-02
1.361832315143962205e+03	2.275091002887260627e-01	1.473007685586445181e-01	2.707352183277571545e-01	1.619823514059013370e-01	7.730838164953422742e-02	3.295001319756622749e-02	8.221416657155082575e-02
1.364251200250789907e+03	2.272313704608852347e-01	1.471182188493827814e-01	2.709299787447946306e-01	1.620947907307438429e-01	7.735607597342306074e-02	3.298408556045914763e-02	8.228547967999171042e-02
1.366670085357617609e+03	2.269544309274256766e-01	1.469361767546726316e-01	2.711241943307482472e-01	1.622068977692913416e-01	7.740362828781102711e-02	3.301807027544092360e-02	8.235660165429058155e-02
1.369088970464445310e+03	2.266782794320241767e-01	1.467546408612636633e-01	2.713178666043717935e-01	1.623186735943502879e-01	7.745103906043566966e-02	3.305196749951966328e-02	8.242753294771519579e-02
1.371507855571272785e+03	2.264029137248899093e-01	1.465736097598411558e-01	2.715109970801836137e-01	1.624301192745398192e-01	7.749830875715434109e-02	3.308577739040681476e-02	8.249827401266485172e-02
1.373926740678100487e+03	2.261283315627444779e-01	1.463930820450149994e-01	2.717035872684785969e-01	1.625412358743117680e-01	7.754543784195279399e-02	3.311950010649464260e-02	8.256882530068321291e-02
1.376345625784927961e+03	2.258545307088021259e-01	1.462130563153088703e-01	2.718956386753400567e-01	1.626520244539707283e-01	7.759242677695386836e-02	3.315313580683430100e-02	8.263918726247052038e-02
1.378764510891755890e+03	2.255815089327500855e-01	1.460335311731492391e-01	2.720871528026514441e-01	1.627624860696938180e-01	7.763927602242613746e-02	3.318668465111446197e-02	8.270936034789531932e-02
1.381183395998583137e+03	2.253092640107288713e-01	1.458545052248545471e-01	2.722781311481078936e-01	1.628726217735506354e-01	7.768598603679258141e-02	3.322014679964051254e-02	8.277934500600547807e-02
1.383602281105411066e+03	2.250377937253126570e-01	1.456759770806243803e-01	2.724685752052280474e-01	1.629824326135231038e-01	7.773255727663928860e-02	3.325352241331425152e-02	8.284914168503872134e-02
1.386021166212238768e+03	2.247670958654898188e-01	1.454979453545286738e-01	2.726584864633657679e-01	1.630919196335252896e-01	7.777899019672410152e-02	3.328681165361415534e-02	8.291875083243266387e-02
1.388440051319066470e+03	2.244971682266434787e-01	1.453204086644968029e-01	2.728478664077217397e-01	1.632010838734229141e-01	7.782528524998523489e-02	3.332001468257610177e-02	8.298817289483415016e-02
1.390858936425893944e+03	2.242280086105321590e-01	1.451433656323069532e-01	2.730367165193550161e-01	1.633099263690531711e-01	7.787144288755003252e-02	3.335313166277463492e-02	8.305740831810844160e-02
1.393277821532721646e+03	2.239596148252704366e-01	1.449668148835754067e-01	2.732250382751945095e-01	1.634184481522442667e-01	7.791746355874355767e-02	3.338616275730465349e-02	8.312645754734758474e-02
1.395696706639549120e+03	2.236919846853097360e-01	1.447907550477457728e-01	2.734128331480507046e-01	1.635266502508349318e-01	7.796334771109721118e-02	3.341910812976357087e-02	8.319532102687850206e-02
1.398115591746377049e+03	2.234251160114191503e-01	1.446151847580783856e-01	2.736001026066269270e-01	1.636345336886938784e-01	7.800909579035743280e-02	3.345196794423396097e-02	8.326399920027063861e-02
1.400534476853204296e+03	2.231590066306663733e-01	1.444401026516396458e-01	2.737868481155311118e-01	1.637420994857392009e-01	7.805470824049427769e-02	3.348474236526658571e-02	8.333249251034319238e-02
1.402953361960032225e+03	2.228936543763986311e-01	1.442655073692914180e-01	2.739730711352870163e-01	1.638493486579575831e-01	7.810018550371003454e-02	3.351743155786385958e-02	8.340080139917188662e-02
1.405372247066859927e+03	2.226290570882238085e-01	1.440913975556804838e-01	2.741587731223456004e-01	1.639562822174236711e-01	7.814552802044781588e-02	3.355003568746375148e-02	8.346892630809536751e-02
1.407791132173687402e+03	2.223652126119914085e-01	1.439177718592279664e-01	2.743439555290964615e-01	1.640629011723192254e-01	7.819073622940012069e-02	3.358255491992404723e-02	8.353686767772133814e-02
1.410210017280515103e+03	2.221021187997738178e-01	1.437446289321188397e-01	2.745286198038791592e-01	1.641692065269521328e-01	7.823581056751741092e-02	3.361498942150699387e-02	8.360462594793222069e-02
1.412628902387342805e+03	2.218397735098475987e-01	1.435719674302914362e-01	2.747127673909946499e-01	1.642751992817755025e-01	7.828075147001663237e-02	3.364733935886436017e-02	8.367220155789045766e-02
1.415047787494170507e+03	2.215781746066747271e-01	1.433997860134269831e-01	2.748963997307162788e-01	1.643808804334065121e-01	7.832555937038973570e-02	3.367960489902281640e-02	8.373959494604363285e-02
1.417466672600997981e+03	2.213173199608838848e-01	1.432280833449391666e-01	2.750795182593013255e-01	1.644862509746453649e-01	7.837023470041215578e-02	3.371178620936966797e-02	8.380680655012913427e-02
1.419885557707825683e+03	2.210572074492521411e-01	1.430568580919638344e-01	2.752621244090019403e-01	1.645913118944939968e-01	7.841477789015127708e-02	3.374388345763896374e-02	8.387383680717859502e-02
1.422304442814653157e+03	2.207978349546861618e-01	1.428861089253484484e-01	2.754442196080765792e-01	1.646960641781747281e-01	7.845918936797491305e-02	3.377589681189790277e-02	8.394068615352201501e-02
1.424723327921481086e+03	2.205392003662039746e-01	1.427158345196418709e-01	2.756258052808009396e-01	1.648005088071490265e-01	7.850346956055966052e-02	3.380782644053358793e-02	8.400735502479160510e-02
1.427142213028308333e+03	2.202813015789165108e-01	1.425460335530840672e-01	2.758068828474792844e-01	1.649046467591359089e-01	7.854761889289935128e-02	3.383967251224009182e-02	8.407384385592540921e-02
1.429561098135136262e+03	2.200241364940093702e-01	1.423767047075957526e-01	2.759874537244553228e-01	1.650084790081304265e-01	7.859163778831340652e-02	3.387143519600579328e-02	8.414015308117060721e-02
1.431979983241963964e+03	2.197677030187244751e-01	1.422078466687681786e-01	2.761675193241232562e-01	1.651120065244219837e-01	7.863552666845513572e-02	3.390311466110104699e-02	8.420628313408663745e-02
1.434398868348791666e+03	2.195119990663419729e-01	1.420394581258529187e-01	2.763470810549390477e-01	1.652152302746126289e-01	7.867928595332004948e-02	3.393471107706611672e-02	8.427223444754802784e-02
1.436817753455619140e+03	2.192570225561620845e-01	1.418715377717516268e-01	2.765261403214311908e-01	1.653181512216352622e-01	7.872291606125417229e-02	3.396622461369942086e-02	8.433800745374707419e-02
1.439236638562446842e+03	2.190027714134870351e-01	1.417040843030058783e-01	2.767046985242116452e-01	1.654207703247717043e-01	7.876641740896223043e-02	3.399765544104600690e-02	8.440360258419626893e-02
1.441655523669274316e+03	2.187492435696031245e-01	1.415370964197870951e-01	2.768827570599871057e-01	1.655230885396707097e-01	7.880979041151593700e-02	3.402900372938631735e-02	8.446902026973049371e-02
1.444074408776102018e+03	2.184964369617627133e-01	1.413705728258863592e-01	2.770603173215694937e-01	1.656251068183658415e-01	7.885303548236211046e-02	3.406026964922519856e-02	8.453426094050905948e-02
1.446493293882929493e+03	2.182443495331664596e-01	1.412045122287043653e-01	2.772373806978870037e-01	1.657268261092933459e-01	7.889615303333082086e-02	3.409145337128117320e-02	8.459932502601759385e-02
1.448912178989757422e+03	2.179929792329453886e-01	1.410389133392413730e-01	2.774139485739949285e-01	1.658282473573099158e-01	7.893914347464354997e-02	3.412255506647594860e-02	8.466421295506962319e-02
1.451331064096585123e+03	2.177423240161431572e-01	1.408737748720872152e-01	2.775900223310864834e-01	1.659293715037102324e-01	7.898200721492124043e-02	3.415357490592414724e-02	8.472892515580819628e-02
1.453749949203412370e+03	2.174923818436985123e-01	1.407090955454112224e-01	2.777656033465036312e-01	1.660301994862446173e-01	7.902474466119233099e-02	3.418451306092329389e-02	8.479346205570707784e-02
1.456168834310240300e+03	2.172431506824274994e-01	1.405448740809522035e-01	2.779406929937477400e-01	1.661307322391364638e-01	7.906735621890076393e-02	3.421536970294398322e-02	8.485782408157208079e-02
1.458587719417068001e+03	2.169946285050059487e-01	1.403811092040087027e-01	2.781152926424902971e-01	1.662309706930995279e-01	7.910984229191399264e-02	3.424614500362033881e-02	8.492201165954198216e-02
1.461006604523895703e+03	2.167468132899519617e-01	1.402177996434288698e-01	2.782894036585836228e-01	1.663309157753553591e-01	7.915220328253089188e-02	3.427683913474059707e-02	8.498602521508950847e-02
1.463425489630723177e+03	2.164997030216084528e-01	1.400549441316007171e-01	2.784630274040716391e-01	1.664305684096504256e-01	7.919443959148965428e-02	3.430745226823795485e-02	8.504986517302201565e-02
1.465844374737550879e+03	2.162532956901258296e-01	1.398925414044421833e-01	2.786361652372002506e-01	1.665299295162731286e-01	7.923655161797567292e-02	3.433798457618157662e-02	8.511353195748222467e-02
1.468263259844378354e+03	2.160075892914445628e-01	1.397305902013913637e-01	2.788088185124282248e-01	1.666290000120708714e-01	7.927853975962932676e-02	3.436843623076786536e-02	8.517702599194863777e-02
1.470682144951206283e+03	2.157625818272779494e-01	1.395690892653966564e-01	2.789809885804376277e-01	1.667277808104670467e-01	7.932040441255382157e-02	3.439880740431181666e-02	8.524034769923599653e-02
1.473101030058033530e+03	2.155182713050949328e-01	1.394080373429069930e-01	2.791526767881442606e-01	1.668262728214776058e-01	7.936214597132290605e-02	3.442909826923866434e-02	8.530349750149557320e-02
1.475519915164861459e+03	2.152746557381028936e-01	1.392474331838620405e-01	2.793238844787084285e-01	1.669244769517281013e-01	7.940376482898858779e-02	3.445930899807563702e-02	8.536647582021533731e-02
1.477938800271689161e+03	2.150317331452305247e-01	1.390872755416826256e-01	2.794946129915450439e-01	1.670223941044700344e-01	7.944526137708882163e-02	3.448943976344390899e-02	8.542928307622006667e-02
1.480357685378516862e+03	2.147895015511108729e-01	1.389275631732608540e-01	2.796648636623345063e-01	1.671200251795976199e-01	7.948663600565511467e-02	3.451949073805073848e-02	8.549191968967130573e-02
1.482776570485344337e+03	2.145479589860642966e-01	1.387682948389505622e-01	2.798346378230329168e-01	1.672173710736639951e-01	7.952788910322015903e-02	3.454946209468174462e-02	8.555438608006731005e-02
