1.001418434226643626e+03	2.791348816746458961e-01	1.810748430102600282e-01	2.346707663127736709e-01	1.408100580962983461e-01	6.830877475932037313e-02	2.685763553773249518e-02	6.914304060864434609e-02
1.002869765290740247e+03	2.788797669003437174e-01	1.809089558325120972e-01	2.348481978063837461e-01	1.409160630564533223e-01	6.835390531390896085e-02	2.688571095827126806e-02	6.920740013180205763e-02
1.004321096354836754e+03	2.786250894651782772e-01	1.807433455632910524e-01	2.350253317916054518e-01	1.410218727797863947e-01	6.839895284869244863e-02	2.691377294566919473e-02	6.927163460545236739e-02
1.005772427418933376e+03	2.783708486067065779e-01	1.805780117399419238e-01	2.352021687662363414e-01	1.411274875951318009e-01	6.844391747866297726e-02	2.694182100517787323e-02	6.933574480781769245e-02
1.007223758483029997e+03	2.781170435639646610e-01	1.804129539005830118e-01	2.353787092272399961e-01	1.412329078326233223e-01	6.848879931997700621e-02	2.696985465244897129e-02	6.939973150283826331e-02
1.008675089547126618e+03	2.778636735774622779e-01	1.802481715841044718e-01	2.355549536707474412e-01	1.413381338236401330e-01	6.853359848992469916e-02	2.699787341332667012e-02	6.946359544046956658e-02
1.010126420611223239e+03	2.776107378891776167e-01	1.800836643301672035e-01	2.357309025920586443e-01	1.414431659007541198e-01	6.857831510689961496e-02	2.702587682364434099e-02	6.952733735697377848e-02
1.011577751675319632e+03	2.773582357425520839e-01	1.799194316792014081e-01	2.359065564856437924e-01	1.415480043976787561e-01	6.862294929036889812e-02	2.705386442902533994e-02	6.959095797520502280e-02
1.013029082739416367e+03	2.771061663824855303e-01	1.797554731724053390e-01	2.360819158451447353e-01	1.416526496492194476e-01	6.866750116084367750e-02	2.708183578468780980e-02	6.965445800488880013e-02
1.014480413803512761e+03	2.768545290553307003e-01	1.795917883517440805e-01	2.362569811633764005e-01	1.417571019912250152e-01	6.871197083984997844e-02	2.710979045525348588e-02	6.971783814289564396e-02
1.015931744867609382e+03	2.766033230088886241e-01	1.794283767599481882e-01	2.364317529323282097e-01	1.418613617605408994e-01	6.875635844989998191e-02	2.713772801456033890e-02	6.978109907350905916e-02
1.017383075931706003e+03	2.763525474924035108e-01	1.792652379405124674e-01	2.366062316431653267e-01	1.419654292949633079e-01	6.880066411446375541e-02	2.716564804547903084e-02	6.984424146868795091e-02
1.018834406995802851e+03	2.761022017565578635e-01	1.791023714376946407e-01	2.367804177862302406e-01	1.420693049331946123e-01	6.884488795794126148e-02	2.719355013973307963e-02	6.990726598832365524e-02
1.020285738059899245e+03	2.758522850534677606e-01	1.789397767965140995e-01	2.369543118510440971e-01	1.421729890148002162e-01	6.888903010563496299e-02	2.722143389772266678e-02	6.997017328049154328e-02
1.021737069123995752e+03	2.756027966366780824e-01	1.787774535627506545e-01	2.371279143263080036e-01	1.422764818801663111e-01	6.893309068372277526e-02	2.724929892835201498e-02	7.003296398169757409e-02
1.023188400188092373e+03	2.753537357611575698e-01	1.786154012829432314e-01	2.373012256999044445e-01	1.423797838704587981e-01	6.897706981923147629e-02	2.727714484886027344e-02	7.009563871711958771e-02
1.024639731252188767e+03	2.751051016832946061e-01	1.784536195043885942e-01	2.374742464588987245e-01	1.424828953275834031e-01	6.902096764001056095e-02	2.730497128465579279e-02	7.015819810084367170e-02
1.026091062316285615e+03	2.748568936608922209e-01	1.782921077751400962e-01	2.376469770895403011e-01	1.425858165941467637e-01	6.906478427470651160e-02	2.733277786915379315e-02	7.022064273609572582e-02
1.027542393380382237e+03	2.746091109531635932e-01	1.781308656440064586e-01	2.378194180772640887e-01	1.426885480134184314e-01	6.910851985273755438e-02	2.736056424361726913e-02	7.028297321546803089e-02
1.028993724444478858e+03	2.743617528207277778e-01	1.779698926605504383e-01	2.379915699066919854e-01	1.427910899292939295e-01	6.915217450426885959e-02	2.738833005700118048e-02	7.034519012114130720e-02
1.030445055508575479e+03	2.741148185256049308e-01	1.778091883750875513e-01	2.381634330616340944e-01	1.428934426862589480e-01	6.919574836018813069e-02	2.741607496579971659e-02	7.040729402510211010e-02
1.031896386572671872e+03	2.738683073312121463e-01	1.776487523386848788e-01	2.383350080250901670e-01	1.429956066293541495e-01	6.923924155208172060e-02	2.744379863389672519e-02	7.046928548935568748e-02
1.033347717636768493e+03	2.736222185023589049e-01	1.774885841031598188e-01	2.385062952792510182e-01	1.430975821041410578e-01	6.928265421221116438e-02	2.747150073241909005e-02	7.053116506613446579e-02
1.034799048700865114e+03	2.733765513052428542e-01	1.773286832210787534e-01	2.386772953054997204e-01	1.431993694566687236e-01	6.932598647349008658e-02	2.749918093959314094e-02	7.059293329810223394e-02
1.036250379764961508e+03	2.731313050074454796e-01	1.771690492457558830e-01	2.388480085844131573e-01	1.433009690334413333e-01	6.936923846946164984e-02	2.752683894060392253e-02	7.065459071855409445e-02
1.037701710829058356e+03	2.728864788779278849e-01	1.770096817312518667e-01	2.390184355957632734e-01	1.434023811813865401e-01	6.941241033427636431e-02	2.755447442745732542e-02	7.071613785161220966e-02
1.039153041893154750e+03	2.726420721870266850e-01	1.768505802323727394e-01	2.391885768185184336e-01	1.435036062478247110e-01	6.945550220267036889e-02	2.758208709884499635e-02	7.077757521241756500e-02
1.040604372957251599e+03	2.723980842064496199e-01	1.766917443046684966e-01	2.393584327308447557e-01	1.436046445804387839e-01	6.949851420994408724e-02	2.760967666001196835e-02	7.083890330731777707e-02
1.042055704021347992e+03	2.721545142092716696e-01	1.765331735044319283e-01	2.395280038101075815e-01	1.437054965272450691e-01	6.954144649194142491e-02	2.763724282262699020e-02	7.090012263405084947e-02
1.043507035085444613e+03	2.719113614699307235e-01	1.763748673886974261e-01	2.396972905328726700e-01	1.438061624365646052e-01	6.958429918502924416e-02	2.766478530465545094e-02	7.096123368192538972e-02
1.044958366149541234e+03	2.716686252642239174e-01	1.762168255152395946e-01	2.398662933749076964e-01	1.439066426569953205e-01	6.962707242607731051e-02	2.769230383023486494e-02	7.102223693199680166e-02
1.046409697213637855e+03	2.714263048693033586e-01	1.760590474425722252e-01	2.400350128111834458e-01	1.440069375373849991e-01	6.966976635243866955e-02	2.771979812955291042e-02	7.108313285724003616e-02
1.047861028277734476e+03	2.711843995636720739e-01	1.759015327299468245e-01	2.402034493158752004e-01	1.441070474268046075e-01	6.971238110193039850e-02	2.774726793872786881e-02	7.114392192271867810e-02
1.049312359341831097e+03	2.709429086271804565e-01	1.757442809373515324e-01	2.403716033623641279e-01	1.442069726745227043e-01	6.975491681281481560e-02	2.777471299969153096e-02	7.120460458575050833e-02
1.050763690405927491e+03	2.707018313410219923e-01	1.755872916255099281e-01	2.405394754232386412e-01	1.443067136299801267e-01	6.979737362378093946e-02	2.780213306007442778e-02	7.126518129606967955e-02
1.052215021470024112e+03	2.704611669877295954e-01	1.754305643558796424e-01	2.407070659702956472e-01	1.444062706427654552e-01	6.983975167392650341e-02	2.782952787309339940e-02	7.132565249598551982e-02
1.053666352534120733e+03	2.702209148511717784e-01	1.752740986906512755e-01	2.408743754745418519e-01	1.445056440625912264e-01	6.988205110274024745e-02	2.785689719744141937e-02	7.138601862053796376e-02
1.055117683598217127e+03	2.699810742165488775e-01	1.751178941927470645e-01	2.410414044061952865e-01	1.446048342392703967e-01	6.992427205008464042e-02	2.788424079717962897e-02	7.144628009764984744e-02
1.056569014662313975e+03	2.697416443703892774e-01	1.749619504258197455e-01	2.412081532346863622e-01	1.447038415226937769e-01	6.996641465617890743e-02	2.791155844163158845e-02	7.150643734827609455e-02
1.058020345726410369e+03	2.695026246005456372e-01	1.748062669542513048e-01	2.413746224286594244e-01	1.448026662628077721e-01	7.000847906158247369e-02	2.793884990527959952e-02	7.156649078654961360e-02
1.059471676790506763e+03	2.692640141961911704e-01	1.746508433431517016e-01	2.415408124559739467e-01	1.449013088095927326e-01	7.005046540717878301e-02	2.796611496766316513e-02	7.162644081992433631e-02
1.060923007854603611e+03	2.690258124478162038e-01	1.744956791583577027e-01	2.417067237837058624e-01	1.449997695130419428e-01	7.009237383415940770e-02	2.799335341327946827e-02	7.168628784931523057e-02
1.062374338918700232e+03	2.687880186472244026e-01	1.743407739664317446e-01	2.418723568781489530e-01	1.450980487231409710e-01	7.013420448400853324e-02	2.802056503148587716e-02	7.174603226923537136e-02
1.063825669982796853e+03	2.685506320875291064e-01	1.741861273346605454e-01	2.420377122048161245e-01	1.451961467898477132e-01	7.017595749848777598e-02	2.804774961640437922e-02	7.180567446793024999e-02
1.065277001046893474e+03	2.683136520631498323e-01	1.740317388310540225e-01	2.422027902284406842e-01	1.452940640630727975e-01	7.021763301962138937e-02	2.807490696682796855e-02	7.186521482750921064e-02
1.066728332110990095e+03	2.680770778698088330e-01	1.738776080243440714e-01	2.423675914129776732e-01	1.453918008926606276e-01	7.025923118968169234e-02	2.810203688612889286e-02	7.192465372407413904e-02
1.068179663175086489e+03	2.678409088045274333e-01	1.737237344839833164e-01	2.425321162216051984e-01	1.454893576283706746e-01	7.030075215117495557e-02	2.812913918216877751e-02	7.198399152784561161e-02
1.069630994239183110e+03	2.676051441656226437e-01	1.735701177801439732e-01	2.426963651167257652e-01	1.455867346198594647e-01	7.034219604682741267e-02	2.815621366721053273e-02	7.204322860328626899e-02
1.071082325303279504e+03	2.673697832527036633e-01	1.734167574837164605e-01	2.428603385599674702e-01	1.456839322166628981e-01	7.038356301957185424e-02	2.818326015783202687e-02	7.210236530922170539e-02
1.072533656367376352e+03	2.671348253666684380e-01	1.732636531663085122e-01	2.430240370121854454e-01	1.457809507681791794e-01	7.042485321253420805e-02	2.821027847484151169e-02	7.216140199895880458e-02
1.073984987431472746e+03	2.669002698097004411e-01	1.731108044002436785e-01	2.431874609334630510e-01	1.458777906236518318e-01	7.046606676902072985e-02	2.823726844319474072e-02	7.222033902040167486e-02
1.075436318495569594e+03	2.666661158852650648e-01	1.729582107585602713e-01	2.433506107831132081e-01	1.459744521321535704e-01	7.050720383250524970e-02	2.826422989191375648e-02	7.227917671616508610e-02
1.076887649559666215e+03	2.664323628981064007e-01	1.728058718150101980e-01	2.435134870196796752e-01	1.460709356425703154e-01	7.054826454661679291e-02	2.829116265400728747e-02	7.233791542368563088e-02
1.078338980623762609e+03	2.661990101542437981e-01	1.726537871440576855e-01	2.436760901009383806e-01	1.461672415035856210e-01	7.058924905512753423e-02	2.831806656639278275e-02	7.239655547533049851e-02
1.079790311687859230e+03	2.659660569609687553e-01	1.725019563208781692e-01	2.438384204838987268e-01	1.462633700636656875e-01	7.063015750194097386e-02	2.834494146981997309e-02	7.245509719850404262e-02
1.081241642751955851e+03	2.657335026268414779e-01	1.723503789213570170e-01	2.440004786248048396e-01	1.463593216710445399e-01	7.067099003108037736e-02	2.837178720879599339e-02	7.251354091575210048e-02
1.082692973816052472e+03	2.655013464616878260e-01	1.721990545220883628e-01	2.441622649791367894e-01	1.464550966737097615e-01	7.071174678667752067e-02	2.839860363151197956e-02	7.257188694486411962e-02
1.084144304880149093e+03	2.652695877765958166e-01	1.720479827003740525e-01	2.443237800016120620e-01	1.465506954193884492e-01	7.075242791296164346e-02	2.842539058977116770e-02	7.263013559897318894e-02
1.085595635944245487e+03	2.650382258839127370e-01	1.718971630342222279e-01	2.444850241461865858e-01	1.466461182555336973e-01	7.079303355424873545e-02	2.845214793891841926e-02	7.268828718665401589e-02
1.087046967008342108e+03	2.648072600972416479e-01	1.717465951023463278e-01	2.446459978660562584e-01	1.467413655293112462e-01	7.083356385493098928e-02	2.847887553777114431e-02	7.274634201201875261e-02
1.088498298072438729e+03	2.645766897314385524e-01	1.715962784841638389e-01	2.448067016136581397e-01	1.468364375875867156e-01	7.087401895946658648e-02	2.850557324855164734e-02	7.280430037481090688e-02
1.089949629136535123e+03	2.643465141026089538e-01	1.714462127597951857e-01	2.449671358406716182e-01	1.469313347769128919e-01	7.091439901236960830e-02	2.853224093682078799e-02	7.286216257049733802e-02
1.091400960200631971e+03	2.641167325281050804e-01	1.712963975100623704e-01	2.451273009980197426e-01	1.470260574435176548e-01	7.095470415820034904e-02	2.855887847141299132e-02	7.291992889035821268e-02
1.092852291264728365e+03	2.638873443265223329e-01	1.711468323164880845e-01	2.452871975358706658e-01	1.471206059332918759e-01	7.099493454155565708e-02	2.858548572437256616e-02	7.297759962157515656e-02
1.094303622328825213e+03	2.636583488176968415e-01	1.709975167612943214e-01	2.454468259036386157e-01	1.472149805917780385e-01	7.103509030705973393e-02	2.861206257089127236e-02	7.303517504731757426e-02
1.095754953392921607e+03	2.634297453227018027e-01	1.708484504274012106e-01	2.456061865499854224e-01	1.473091817641588031e-01	7.107517159935490547e-02	2.863860888924715450e-02	7.309265544682710947e-02
1.097206284457018228e+03	2.632015331638447586e-01	1.706996328984260181e-01	2.457652799228216278e-01	1.474032097952460985e-01	7.111517856309283736e-02	2.866512456074459675e-02	7.315004109550043987e-02
1.098657615521114849e+03	2.629737116646647110e-01	1.705510637586817868e-01	2.459241064693077905e-01	1.474970650294704921e-01	7.115511134292581974e-02	2.869160946965558165e-02	7.320733226497018464e-02
1.100108946585211470e+03	2.627462801499288458e-01	1.704027425931762540e-01	2.460826666358557346e-01	1.475907478108706983e-01	7.119497008349834344e-02	2.871806350316210774e-02	7.326452922318432703e-02
1.101560277649308091e+03	2.625192379456297576e-01	1.702546689876107688e-01	2.462409608681298823e-01	1.476842584830835303e-01	7.123475492943878717e-02	2.874448655129976937e-02	7.332163223448379119e-02
1.103011608713404712e+03	2.622925843789823963e-01	1.701068425283789876e-01	2.463989896110484190e-01	1.477775973893340755e-01	7.127446602535145170e-02	2.877087850690245724e-02	7.337864155967850632e-02
1.104462939777501106e+03	2.620663187784212367e-01	1.699592628025658192e-01	2.465567533087845709e-01	1.478707648724261470e-01	7.131410351580859397e-02	2.879723926554817251e-02	7.343555745612180552e-02
1.105914270841597499e+03	2.618404404735972246e-01	1.698119293979462319e-01	2.467142524047678531e-01	1.479637612747328745e-01	7.135366754534284983e-02	2.882356872550590962e-02	7.349238017778333965e-02
1.107365601905694348e+03	2.616149487953751684e-01	1.696648419029841426e-01	2.468714873416853750e-01	1.480565869381879063e-01	7.139315825843972618e-02	2.884986678768360763e-02	7.354910997532043693e-02
1.108816932969790741e+03	2.613898430758305191e-01	1.695179999068311405e-01	2.470284585614829498e-01	1.481492422042763879e-01	7.143257579953028735e-02	2.887613335557713198e-02	7.360574709614797762e-02
1.110268264033887590e+03	2.611651226482465948e-01	1.693714029993255155e-01	2.471851665053665104e-01	1.482417274140266084e-01	7.147192031298409132e-02	2.890236833522028329e-02	7.366229178450671433e-02
1.111719595097984211e+03	2.609407868471120828e-01	1.692250507709910090e-01	2.473416116138032750e-01	1.483340429080016176e-01	7.151119194310223692e-02	2.892857163513579133e-02	7.371874428153034342e-02
1.113170926162080832e+03	2.607168350081177643e-01	1.690789428130355654e-01	2.474977943265229408e-01	1.484261890262912331e-01	7.155039083411059153e-02	2.895474316628730491e-02	7.377510482531098035e-02
1.114622257226177226e+03	2.604932664681539056e-01	1.689330787173504156e-01	2.476537150825189604e-01	1.485181661085041294e-01	7.158951713015321294e-02	2.898088284203229753e-02	7.383137365096341387e-02
1.116073588290273847e+03	2.602700805653075378e-01	1.687874580765087729e-01	2.478093743200498189e-01	1.486099744937603717e-01	7.162857097528589623e-02	2.900699057807596196e-02	7.388755099068790300e-02
1.117524919354370468e+03	2.600472766388595702e-01	1.686420804837648058e-01	2.479647724766402550e-01	1.487016145206839501e-01	7.166755251346997035e-02	2.903306629242598594e-02	7.394363707383171114e-02
1.118976250418467089e+03	2.598248540292821263e-01	1.684969455330523336e-01	2.481199099890824544e-01	1.487930865273956460e-01	7.170646188856613645e-02	2.905910990534824045e-02	7.399963212694934955e-02
1.120427581482563710e+03	2.596028120782356563e-01	1.683520528189838550e-01	2.482747872934372158e-01	1.488843908515060932e-01	7.174529924432855588e-02	2.908512133932333876e-02	7.405553637386153021e-02
1.121878912546660331e+03	2.593811501285663845e-01	1.682074019368493267e-01	2.484294048250353937e-01	1.489755278301090891e-01	7.178406472439903541e-02	2.911110051900408363e-02	7.411135003571289737e-02
1.123330243610756725e+03	2.591598675243034777e-01	1.680629924826150812e-01	2.485837630184789260e-01	1.490664977997750162e-01	7.182275847230142063e-02	2.913704737117372642e-02	7.416707333102853794e-02
1.124781574674853118e+03	2.589389636106564363e-01	1.679188240529226051e-01	2.487378623076421380e-01	1.491573010965444868e-01	7.186138063143605870e-02	2.916296182470508314e-02	7.422270647576935387e-02
1.126232905738949967e+03	2.587184377340124852e-01	1.677748962450875125e-01	2.488917031256729084e-01	1.492479380559222635e-01	7.189993134507441375e-02	2.918884381052043800e-02	7.427824968338615774e-02
1.127684236803046360e+03	2.584982892419335765e-01	1.676312086570984350e-01	2.490452859049939738e-01	1.493384090128712371e-01	7.193841075635395987e-02	2.921469326155226934e-02	7.433370316487272755e-02
1.129135567867143209e+03	2.582785174831542241e-01	1.674877608876157442e-01	2.491986110773040941e-01	1.494287143018067643e-01	7.197681900827297696e-02	2.924051011270472830e-02	7.438906712881773742e-02
1.130586898931239830e+03	2.580591218075783400e-01	1.673445525359705532e-01	2.493516790735792465e-01	1.495188542565910050e-01	7.201515624368566570e-02	2.926629430081589822e-02	7.444434178145556413e-02
1.132038229995336451e+03	2.578401015662772355e-01	1.672015832021635784e-01	2.495044903240739298e-01	1.496088292105274553e-01	7.205342260529734588e-02	2.929204576462079296e-02	7.449952732671603906e-02
1.133489561059432845e+03	2.576214561114863466e-01	1.670588524868640012e-01	2.496570452583222743e-01	1.496986394963558675e-01	7.209161823565977956e-02	2.931776444471509077e-02	7.455462396627308974e-02
1.134940892123529466e+03	2.574031847966030684e-01	1.669163599914083584e-01	2.498093443051392637e-01	1.497882854462470881e-01	7.212974327716653589e-02	2.934345028351958984e-02	7.460963189959249342e-02
1.136392223187626087e+03	2.571852869761842575e-01	1.667741053177994592e-01	2.499613878926220112e-01	1.498777673917982278e-01	7.216779787204864738e-02	2.936910322524536807e-02	7.466455132397850636e-02
1.137843554251722708e+03	2.569677620059431788e-01	1.666320880687051642e-01	2.501131764481509534e-01	1.499670856640278049e-01	7.220578216237023839e-02	2.939472321585960904e-02	7.471938243461954954e-02
1.139294885315819101e+03	2.567506092427475628e-01	1.664903078474574416e-01	2.502647103983909327e-01	1.500562405933712484e-01	7.224369629002434789e-02	2.942031020305213920e-02	7.477412542463292289e-02
1.140746216379915950e+03	2.565338280446164965e-01	1.663487642580510628e-01	2.504159901692925572e-01	1.501452325096764850e-01	7.228154039672883557e-02	2.944586413620260690e-02	7.482878048510860358e-02
1.142197547444012343e+03	2.563174177707183699e-01	1.662074569051426309e-01	2.505670161860932277e-01	1.502340617421996094e-01	7.231931462402241273e-02	2.947138496634829977e-02	7.488334780515205902e-02
1.143648878508108737e+03	2.561013777813679337e-01	1.660663853940494705e-01	2.507177888733186921e-01	1.503227286196008872e-01	7.235701911326079816e-02	2.949687264615262136e-02	7.493782757192624100e-02
1.145100209572205586e+03	2.558857074380242458e-01	1.659255493307484897e-01	2.508683086547837116e-01	1.504112334699405362e-01	7.239465400561294339e-02	2.952232712987416796e-02	7.499221997069258072e-02
1.146551540636302207e+03	2.556704061032877839e-01	1.657849483218749864e-01	2.510185759535936145e-01	1.504995766206751739e-01	7.243221944205739671e-02	2.954774837333643336e-02	7.504652518485124824e-02
1.148002871700398828e+03	2.554554731408982260e-01	1.656445819747217607e-01	2.511685911921454628e-01	1.505877583986538482e-01	7.246971556337876430e-02	2.957313633389808960e-02	7.510074339598044046e-02
1.149454202764495449e+03	2.552409079157319516e-01	1.655044498972378098e-01	2.513183547921292171e-01	1.506757791301146787e-01	7.250714251016426859e-02	2.959849097042388175e-02	7.515487478387490594e-02
1.150905533828591842e+03	2.550267097937993777e-01	1.653645516980273567e-01	2.514678671745286254e-01	1.507636391406812770e-01	7.254450042280037592e-02	2.962381224325606049e-02	7.520891952658362301e-02
1.152356864892688463e+03	2.548128781422427935e-01	1.652248869863487124e-01	2.516171287596229988e-01	1.508513387553595542e-01	7.258178944146960465e-02	2.964910011418640107e-02	7.526287780044672859e-02
1.153808195956785084e+03	2.545994123293336964e-01	1.650854553721131657e-01	2.517661399669878231e-01	1.509388782985344457e-01	7.261900970614731943e-02	2.967435454642877724e-02	7.531674978013158661e-02
1.155259527020881706e+03	2.543863117244706262e-01	1.649462564658839003e-01	2.519149012154962564e-01	1.510262580939669141e-01	7.265616135659869190e-02	2.969957550459224882e-02	7.537053563866819017e-02
1.156710858084978327e+03	2.541735756981764460e-01	1.648072898788749407e-01	2.520634129233202958e-01	1.511134784647910068e-01	7.269324453237575867e-02	2.972476295465470084e-02	7.542423554748366177e-02
1.158162189149074720e+03	2.539612036220962876e-01	1.646685552229500138e-01	2.522116755079318873e-01	1.512005397335110246e-01	7.273025937281447917e-02	2.974991686393698223e-02	7.547784967643618448e-02
1.159613520213171569e+03	2.537491948689949428e-01	1.645300521106214942e-01	2.523596893861039248e-01	1.512874422219987747e-01	7.276720601703200175e-02	2.977503720107757892e-02	7.553137819384814211e-02
1.161064851277267962e+03	2.535375488127545318e-01	1.643917801550493218e-01	2.525074549739118046e-01	1.513741862514910996e-01	7.280408460392392977e-02	2.980012393600774828e-02	7.558482126653853772e-02
1.162516182341364356e+03	2.533262648283720608e-01	1.642537389700398920e-01	2.526549726867342582e-01	1.514607721425872133e-01	7.284089527216167093e-02	2.982517703992716013e-02	7.563817905985470436e-02
1.163967513405461204e+03	2.531153422919573126e-01	1.641159281700450001e-01	2.528022429392546844e-01	1.515472002152465081e-01	7.287763816018995311e-02	2.985019648528003042e-02	7.569145173770347457e-02
1.165418844469557826e+03	2.529047805807302374e-01	1.639783473701607597e-01	2.529492661454623703e-01	1.516334707887861677e-01	7.291431340622428481e-02	2.987518224573168860e-02	7.574463946258148950e-02
1.166870175533654447e+03	2.526945790730187325e-01	1.638409961861265196e-01	2.530960427186534911e-01	1.517195841818790303e-01	7.295092114824862362e-02	2.990013429614562027e-02	7.579774239560498061e-02
1.168321506597751068e+03	2.524847371482563663e-01	1.637038742343237818e-01	2.532425730714323864e-01	1.518055407125515899e-01	7.298746152401303089e-02	2.992505261256096089e-02	7.585076069653895470e-02
1.169772837661847461e+03	2.522752541869798804e-01	1.635669811317751188e-01	2.533888576157126149e-01	1.518913406981818870e-01	7.302393467103145130e-02	2.994993717217043008e-02	7.590369452382564330e-02
1.171224168725944082e+03	2.520661295708271910e-01	1.634303164961431465e-01	2.535348967627183980e-01	1.519769844554977600e-01	7.306034072657952017e-02	2.997478795329868578e-02	7.595654403461241100e-02
1.172675499790040703e+03	2.518573626825347800e-01	1.632938799457294421e-01	2.536806909229852303e-01	1.520624723005749301e-01	7.309667982769252337e-02	2.999960493538111547e-02	7.600930938477906684e-02
1.174126830854137097e+03	2.516489529059356967e-01	1.631576710994734059e-01	2.538262405063616556e-01	1.521478045488354747e-01	7.313295211116328798e-02	3.002438809894302299e-02	7.606199072896456526e-02
1.175578161918233945e+03	2.514408996259570039e-01	1.630216895769512897e-01	2.539715459220100446e-01	1.522329815150461341e-01	7.316915771354028097e-02	3.004913742557924206e-02	7.611458822059319340e-02
1.177029492982330339e+03	2.512332022286176691e-01	1.628859349983750593e-01	2.541166075784077605e-01	1.523180035133167853e-01	7.320529677112572187e-02	3.007385289793412797e-02	7.616710201190013407e-02
1.178480824046426733e+03	2.510258601010263435e-01	1.627504069845913670e-01	2.542614258833484908e-01	1.524028708570989987e-01	7.324136941997370920e-02	3.009853449968194136e-02	7.621953225395645959e-02
1.179932155110523581e+03	2.508188726313789751e-01	1.626151051570805528e-01	2.544060012439431917e-01	1.524875838591847610e-01	7.327737579588849970e-02	3.012318221550764133e-02	7.627187909669375099e-02
1.181383486174620202e+03	2.506122392089566442e-01	1.624800291379554507e-01	2.545503340666214753e-01	1.525721428317051431e-01	7.331331603442278744e-02	3.014779603108799083e-02	7.632414268892794007e-02
1.182834817238716823e+03	2.504059592241234533e-01	1.623451785499604172e-01	2.546944247571323872e-01	1.526565480861291346e-01	7.334919027087602461e-02	3.017237593307310964e-02	7.637632317838287388e-02
1.184286148302813444e+03	2.502000320683241408e-01	1.622105530164702492e-01	2.548382737205459603e-01	1.527407999332625888e-01	7.338499864029295050e-02	3.019692190906831178e-02	7.642842071171325469e-02
1.185737479366910065e+03	2.499944571340818877e-01	1.620761521614891565e-01	2.549818813612539925e-01	1.528248986832470846e-01	7.342074127746191226e-02	3.022143394761633850e-02	7.648043543452708037e-02
1.187188810431006686e+03	2.497892338149961255e-01	1.619419756096497354e-01	2.551252480829714897e-01	1.529088446455590111e-01	7.345641831691350487e-02	3.024591203817991736e-02	7.653236749140761297e-02
1.188640141495103080e+03	2.495843615057405096e-01	1.618080229862117470e-01	2.552683742887376650e-01	1.529926381290086790e-01	7.349202989291914179e-02	3.027035617112466825e-02	7.658421702593500024e-02
1.190091472559199701e+03	2.493798396020604491e-01	1.616742939170613402e-01	2.554112603809169935e-01	1.530762794417395156e-01	7.352757613948965321e-02	3.029476633770233560e-02	7.663598418070716178e-02
1.191542803623296322e+03	2.491756675007711364e-01	1.615407880287097475e-01	2.555539067612004889e-01	1.531597688912272881e-01	7.356305719037400936e-02	3.031914253003434312e-02	7.668766909736050852e-02
1.192994134687392716e+03	2.489718445997552432e-01	1.614075049482924795e-01	2.556963138306066474e-01	1.532431067842794092e-01	7.359847317905807151e-02	3.034348474109567484e-02	7.673927191659007940e-02
1.194445465751489564e+03	2.487683702979608669e-01	1.612744443035680209e-01	2.558384819894827800e-01	1.533262934270343547e-01	7.363382423876338456e-02	3.036779296469904743e-02	7.679079277816920623e-02
1.195896796815585958e+03	2.485652439953993376e-01	1.611416057229169974e-01	2.559804116375060112e-01	1.534093291249610802e-01	7.366911050244596970e-02	3.039206719547941915e-02	7.684223182096881766e-02
1.197348127879682352e+03	2.483624650931431088e-01	1.610089888353410659e-01	2.561221031736845566e-01	1.534922141828585496e-01	7.370433210279529745e-02	3.041630742887876937e-02	7.689358918297636847e-02
1.198799458943779200e+03	2.481600329933235094e-01	1.608765932704618318e-01	2.562635569963584992e-01	1.535749489048552074e-01	7.373948917223319133e-02	3.044051366113117302e-02	7.694486500131426931e-02
1.200250790007875821e+03	2.479579470991287726e-01	1.607444186585199053e-01	2.564047735032014552e-01	1.536575335944087572e-01	7.377458184291277310e-02	3.046468588924818727e-02	7.699605941225792782e-02
1.201702121071972442e+03	2.477562068148017049e-01	1.606124646303737913e-01	2.565457530912211292e-01	1.537399685543057171e-01	7.380961024671754689e-02	3.048882411100449843e-02	7.704717255125345665e-02
1.203153452136069063e+03	2.475548115456378262e-01	1.604807308174988623e-01	2.566864961567607573e-01	1.538222540866611976e-01	7.384457451526044158e-02	3.051292832492383256e-02	7.709820455293497909e-02
1.204604783200165684e+03	2.473537606979830383e-01	1.603492168519863592e-01	2.568270030955001060e-01	1.539043904929187356e-01	7.387947477988297817e-02	3.053699853026516781e-02	7.714915555114150447e-02
1.206056114264262078e+03	2.471530536792316823e-01	1.602179223665423646e-01	2.569672743024568051e-01	1.539863780738500998e-01	7.391431117165432607e-02	3.056103472700918977e-02	7.720002567893352596e-02
1.207507445328358699e+03	2.469526898978243457e-01	1.600868469944866923e-01	2.571073101719870135e-01	1.540682171295551794e-01	7.394908382137060920e-02	3.058503691584501735e-02	7.725081506860917435e-02
1.208958776392455093e+03	2.467526687632458082e-01	1.599559903697520269e-01	2.572471110977869735e-01	1.541499079594619293e-01	7.398379285955408724e-02	3.060900509815716805e-02	7.730152385172009422e-02
1.210410107456551941e+03	2.465529896860230441e-01	1.598253521268827027e-01	2.573866774728937323e-01	1.542314508623264524e-01	7.401843841645244781e-02	3.063293927601279387e-02	7.735215215908687603e-02
1.211861438520648335e+03	2.463536520777229455e-01	1.596949319010338986e-01	2.575260096896867523e-01	1.543128461362329173e-01	7.405302062203812652e-02	3.065683945214913234e-02	7.740270012081430784e-02
1.213312769584745183e+03	2.461546553509504631e-01	1.595647293279703338e-01	2.576651081398885768e-01	1.543940940785937521e-01	7.408753960600765465e-02	3.068070562996123157e-02	7.745316786630609962e-02
1.214764100648841804e+03	2.459559989193465523e-01	1.594347440440655739e-01	2.578039732145659402e-01	1.544751949861497275e-01	7.412199549778102081e-02	3.070453781348987665e-02	7.750355552427945494e-02
1.216215431712937971e+03	2.457576821975859249e-01	1.593049756863007260e-01	2.579426053041310452e-01	1.545561491549702071e-01	7.415638842650115747e-02	3.072833600740976917e-02	7.755386322277925404e-02
1.217666762777034819e+03	2.455597046013752449e-01	1.591754238922636067e-01	2.580810047983427835e-01	1.546369568804532857e-01	7.419071852103335807e-02	3.075210021701792543e-02	7.760409108919189003e-02
1.219118093841131440e+03	2.453620655474509082e-01	1.590460883001476589e-01	2.582191720863075135e-01	1.547176184573260949e-01	7.422498590996476353e-02	3.077583044822228275e-02	7.765423925025886909e-02
1.220569424905228061e+03	2.451647644535770720e-01	1.589169685487509531e-01	2.583571075564803365e-01	1.547981341796451638e-01	7.425919072160393208e-02	3.079952670753054525e-02	7.770430783209011927e-02
1.222020755969324682e+03	2.449678007385437117e-01	1.587880642774751883e-01	2.584948115966660409e-01	1.548785043407967799e-01	7.429333308398032576e-02	3.082318900203922032e-02	7.775429696017686909e-02
1.223472087033421303e+03	2.447711738221645117e-01	1.586593751263246366e-01	2.586322845940204895e-01	1.549587292334972388e-01	7.432741312484400509e-02	3.084681733942287382e-02	7.780420675940445674e-02
1.224923418097517697e+03	2.445748831252748390e-01	1.585309007359051447e-01	2.587695269350513416e-01	1.550388091497934273e-01	7.436143097166514337e-02	3.087041172792359331e-02	7.785403735406470904e-02
1.226374749161614318e+03	2.443789280697298005e-01	1.584026407474232179e-01	2.589065390056194405e-01	1.551187443810632949e-01	7.439538675163373527e-02	3.089397217634062484e-02	7.790378886786809842e-02
1.227826080225710712e+03	2.441833080784023280e-01	1.582745948026849092e-01	2.590433211909397571e-01	1.551985352180161315e-01	7.442928059165926369e-02	3.091749869402024564e-02	7.795346142395558064e-02
1.229277411289807560e+03	2.439880225751809850e-01	1.581467625440948488e-01	2.591798738755823894e-01	1.552781819506934557e-01	7.446311261837040840e-02	3.094099129084579639e-02	7.800305514491027992e-02
1.230728742353903954e+03	2.437930709849681632e-01	1.580191436146552442e-01	2.593161974434739503e-01	1.553576848684693201e-01	7.449688295811481009e-02	3.096444997722791123e-02	7.805257015276879928e-02
1.232180073418000802e+03	2.435984527336779448e-01	1.578917376579649645e-01	2.594522922778981222e-01	1.554370442600510049e-01	7.453059173695876505e-02	3.098787476409494215e-02	7.810200656903235061e-02
1.233631404482097196e+03	2.434041672482343543e-01	1.577645443182183749e-01	2.595881587614975450e-01	1.555162604134797122e-01	7.456423908068705864e-02	3.101126566288353592e-02	7.815136451467762091e-02
1.235082735546193817e+03	2.432102139565691379e-01	1.576375632402044480e-01	2.597237972762738711e-01	1.555953336161311207e-01	7.459782511480282652e-02	3.103462268552942271e-02	7.820064411016738881e-02
1.236534066610290438e+03	2.430165922876199591e-01	1.575107940693057929e-01	2.598592082035897088e-01	1.556742641547161909e-01	7.463134996452731873e-02	3.105794584445835740e-02	7.824984547546093294e-02
1.237985397674387059e+03	2.428233016713284564e-01	1.573842364514976000e-01	2.599943919241691770e-01	1.557530523152818591e-01	7.466481375479981641e-02	3.108123515257723776e-02	7.829896873002414881e-02
1.239436728738483680e+03	2.426303415386382445e-01	1.572578900333466423e-01	2.601293488180992930e-01	1.558316983832117864e-01	7.469821661027746529e-02	3.110449062326537534e-02	7.834801399283954082e-02
1.240888059802580301e+03	2.424377113214929436e-01	1.571317544620103590e-01	2.602640792648308055e-01	1.559102026432271637e-01	7.473155865533524789e-02	3.112771227036594673e-02	7.839698138241588121e-02
1.242339390866676695e+03	2.422454104528342644e-01	1.570058293852358844e-01	2.603985836431793599e-01	1.559885653793876004e-01	7.476484001406591418e-02	3.115090010817760102e-02	7.844587101679775798e-02
1.243790721930773088e+03	2.420534383666002043e-01	1.568801144513589096e-01	2.605328623313266090e-01	1.560667868750918175e-01	7.479806081027991216e-02	3.117405415144621633e-02	7.849468301357481748e-02
1.245242052994869937e+03	2.418617944977228817e-01	1.567546093093028226e-01	2.606669157068212672e-01	1.561448674130785641e-01	7.483122116750537400e-02	3.119717441535682298e-02	7.854341748989082661e-02
1.246693384058966330e+03	2.416704782821268993e-01	1.566293136085777360e-01	2.608007441465798881e-01	1.562228072754276720e-01	7.486432120898814380e-02	3.122026091552565844e-02	7.859207456245261014e-02
1.248144715123063179e+03	2.414794891567271784e-01	1.565042269992793778e-01	2.609343480268884741e-01	1.563006067435607493e-01	7.489736105769176366e-02	3.124331366799238535e-02	7.864065434753868267e-02
1.249596046187159800e+03	2.412888265594271830e-01	1.563793491320882856e-01	2.610677277234030313e-01	1.563782660982423467e-01	7.493034083629751541e-02	3.126633268921245185e-02	7.868915696100774182e-02
1.251047377251256421e+03	2.410984899291170047e-01	1.562546796582687803e-01	2.612008836111509580e-01	1.564557856195806784e-01	7.496326066720454540e-02	3.128931799604959402e-02	7.873758251830695332e-02
1.252498708315352815e+03	2.409084787056715304e-01	1.561302182296678553e-01	2.613338160645318764e-01	1.565331655870288718e-01	7.499612067252989234e-02	3.131226960576845991e-02	7.878593113448004170e-02
1.253950039379449436e+03	2.407187923299483889e-01	1.560059644987143446e-01	2.614665254573188546e-01	1.566104062793857721e-01	7.502892097410855665e-02	3.133518753602741735e-02	7.883420292417527009e-02
1.255401370443546057e+03	2.405294302437862020e-01	1.558819181184179226e-01	2.615990121626591836e-01	1.566875079747971078e-01	7.506166169349370865e-02	3.135807180487141382e-02	7.888239800165311455e-02
1.256852701507642678e+03	2.403403918900026415e-01	1.557580787423680779e-01	2.617312765530757646e-01	1.567644709507564904e-01	7.509434295195674403e-02	3.138092243072505838e-02	7.893051648079388305e-02
1.258304032571739299e+03	2.401516767123926255e-01	1.556344460247332806e-01	2.618633190004679423e-01	1.568412954841064966e-01	7.512696487048747818e-02	3.140373943238577298e-02	7.897855847510507066e-02
1.259755363635835920e+03	2.399632841557263752e-01	1.555110196202597883e-01	2.619951398761127259e-01	1.569179818510397506e-01	7.515952756979429883e-02	3.142652282901708949e-02	7.902652409772865927e-02
1.261206694699932314e+03	2.397752136657475552e-01	1.553877991842709527e-01	2.621267395506655662e-01	1.569945303271000903e-01	7.519203117030437422e-02	3.144927264014206469e-02	7.907441346144809813e-02
1.262658025764028707e+03	2.395874646891714699e-01	1.552647843726660259e-01	2.622581183941616323e-01	1.570709411871836492e-01	7.522447579216381963e-02	3.147198888563682018e-02	7.912222667869527049e-02
1.264109356828125556e+03	2.394000366736832586e-01	1.551419748419192446e-01	2.623892767760168110e-01	1.571472147055400503e-01	7.525686155523794718e-02	3.149467158572419323e-02	7.916996386155723819e-02
1.265560687892221949e+03	2.392129290679357867e-01	1.550193702490789971e-01	2.625202150650286503e-01	1.572233511557735164e-01	7.528918857911147400e-02	3.151732076096751961e-02	7.921762512178279203e-02
1.267012018956318798e+03	2.390261413215481745e-01	1.548969702517667690e-01	2.626509336293774144e-01	1.572993508108440630e-01	7.532145698308881365e-02	3.153993643226452037e-02	7.926521057078900201e-02
1.268463350020415419e+03	2.388396728851036599e-01	1.547747745081761717e-01	2.627814328366271934e-01	1.573752139430687758e-01	7.535366688619428432e-02	3.156251862084128584e-02	7.931272031966736524e-02
1.269914681084511813e+03	2.386535232101479886e-01	1.546527826770719705e-01	2.629117130537269587e-01	1.574509408241229480e-01	7.538581840717242799e-02	3.158506734824639839e-02	7.936015447919010646e-02
1.271366012148608434e+03	2.384676917491873882e-01	1.545309944177892247e-01	2.630417746470113949e-01	1.575265317250413299e-01	7.541791166448824635e-02	3.160758263634514537e-02	7.940751315981610381e-02
1.272817343212705055e+03	2.382821779556868746e-01	1.544094093902322606e-01	2.631716179822021773e-01	1.576019869162194054e-01	7.544994677632757551e-02	3.163006450731383618e-02	7.945479647169678694e-02
1.274268674276801676e+03	2.380969812840683653e-01	1.542880272548736997e-01	2.633012434244088595e-01	1.576773066674145851e-01	7.548192386059734971e-02	3.165251298363421645e-02	7.950200452468189627e-02
1.275720005340898297e+03	2.379121011897089577e-01	1.541668476727536263e-01	2.634306513381298731e-01	1.577524912477475671e-01	7.551384303492593431e-02	3.167492808808801408e-02	7.954913742832503409e-02
1.277171336404994690e+03	2.377275371289390704e-01	1.540458703054784217e-01	2.635598420872536374e-01	1.578275409257035578e-01	7.554570441666350056e-02	3.169730984375154770e-02	7.959619529188924347e-02
1.278622667469091539e+03	2.375432885590405552e-01	1.539250948152200704e-01	2.636888160350596144e-01	1.579024559691335761e-01	7.557750812288234477e-02	3.171965827399046006e-02	7.964317822435228178e-02
1.280073998533187932e+03	2.373593549382450874e-01	1.538045208647150497e-01	2.638175735442192527e-01	1.579772366452558696e-01	7.560925427037726299e-02	3.174197340245451388e-02	7.969008633441188039e-02
1.281525329597284326e+03	2.371757357257321674e-01	1.536841481172634971e-01	2.639461149767970416e-01	1.580518832206570801e-01	7.564094297566589797e-02	3.176425525307252640e-02	7.973691973049081005e-02
1.282976660661381175e+03	2.369924303816275113e-01	1.535639762367281003e-01	2.640744406942512890e-01	1.581263959612936587e-01	7.567257435498916940e-02	3.178650385004734569e-02	7.978367852074194633e-02
1.284427991725477568e+03	2.368094383670011349e-01	1.534440048875333196e-01	2.642025510574356195e-01	1.582007751324932543e-01	7.570414852431166242e-02	3.180871921785095868e-02	7.983036281305307125e-02
1.285879322789574417e+03	2.366267591438656892e-01	1.533242337346643613e-01	2.643304464265996412e-01	1.582750209989559620e-01	7.573566559932201625e-02	3.183090138121967561e-02	7.987697271505168894e-02
1.287330653853671038e+03	2.364443921751745170e-01	1.532046624436662896e-01	2.644581271613900553e-01	1.583491338247558222e-01	7.576712569543335440e-02	3.185305036514937682e-02	7.992350833410963307e-02
1.288781984917767431e+03	2.362623369248200711e-01	1.530852906806431102e-01	2.645855936208514891e-01	1.584231138733421251e-01	7.579852892778368711e-02	3.187516619489088460e-02	7.996996977734763257e-02
1.290233315981864052e+03	2.360805928576321100e-01	1.529661181122567437e-01	2.647128461634278840e-01	1.584969614075407984e-01	7.582987541123638320e-02	3.189724889594536261e-02	8.001635715163971097e-02
