1.001418434226643626e+03	2.791495605200620678e-01	1.810611817207564977e-01	2.346604562236634106e-01	1.408066436629363261e-01	6.831135524468592846e-02	2.686519672244912921e-02	6.914560590512178195e-02
1.002869765290740247e+03	2.788947688810567982e-01	1.808950232644869482e-01	2.348376790397979641e-01	1.409126015734745996e-01	6.835647123897034549e-02	2.689331346326596928e-02	6.921014253862246834e-02
1.004321096354836754e+03	2.786404137137763470e-01	1.807291424889841680e-01	2.350146044586310656e-01	1.410183627850085386e-01	6.840150348104094558e-02	2.692141713902628311e-02	6.927455593320777649e-02
1.005772427418933376e+03	2.783864942575536294e-01	1.805635389298026472e-01	2.351912329782310518e-01	1.411239276399011144e-01	6.844645208862483454e-02	2.694950725776331865e-02	6.933884684779843821e-02
1.007223758483029997e+03	2.781330097531670709e-01	1.803982121232738101e-01	2.353675650958313437e-01	1.412292964820589802e-01	6.849131718088677379e-02	2.697758333781614254e-02	6.940301602664093739e-02
1.008675089547126618e+03	2.778799594428359443e-01	1.802331616065048769e-01	2.355436013078314461e-01	1.413344696568666903e-01	6.853609887838753301e-02	2.700564490762032491e-02	6.946706419962819790e-02
1.010126420611223239e+03	2.776273425702164843e-01	1.800683869173774487e-01	2.357193421097987240e-01	1.414394475111230010e-01	6.858079730304283972e-02	2.703369150550302344e-02	6.953099208261349917e-02
1.011577751675319632e+03	2.773751583803975573e-01	1.799038875945463134e-01	2.358947879964694849e-01	1.415442303929787538e-01	6.862541257808306427e-02	2.706172267948234178e-02	6.959480037771746674e-02
1.013029082739416367e+03	2.771234061198965537e-01	1.797396631774380860e-01	2.360699394617506164e-01	1.416488186518765624e-01	6.866994482801362654e-02	2.708973798707088251e-02	6.965848977362859573e-02
1.014480413803512761e+03	2.768720850366553909e-01	1.795757132062498762e-01	2.362447969987208907e-01	1.417532126384919988e-01	6.871439417857617971e-02	2.711773699508339408e-02	6.972206094589716852e-02
1.015931744867609382e+03	2.766211943800362949e-01	1.794120372219481507e-01	2.364193610996323247e-01	1.418574127046765276e-01	6.875876075671036314e-02	2.714571927944841798e-02	6.978551455722288577e-02
1.017383075931706003e+03	2.763707334008178029e-01	1.792486347662672896e-01	2.365936322559115956e-01	1.419614192034017452e-01	6.880304469051638783e-02	2.717368442502388765e-02	6.984885125773625247e-02
1.018834406995802851e+03	2.761207013511907671e-01	1.790855053817083653e-01	2.367676109581615118e-01	1.420652324887053675e-01	6.884724610921831578e-02	2.720163202541656111e-02	6.991207168527395488e-02
1.020285738059899245e+03	2.758710974847547459e-01	1.789226486115378378e-01	2.369412976961623174e-01	1.421688529156383829e-01	6.889136514312804715e-02	2.722956168280521450e-02	6.997517646564826999e-02
1.021737069123995752e+03	2.756219210565135080e-01	1.787600639997863616e-01	2.371146929588731078e-01	1.422722808402138162e-01	6.893540192360995966e-02	2.725747300776752355e-02	7.003816621291054922e-02
1.023188400188092373e+03	2.753731713228714240e-01	1.785977510912473698e-01	2.372877972344331621e-01	1.423755166193567401e-01	6.897935658304631124e-02	2.728536561911055341e-02	7.010104152960922042e-02
1.024639731252188767e+03	2.751248475416296912e-01	1.784357094314758807e-01	2.374606110101634415e-01	1.424785606108555924e-01	6.902322925480335047e-02	2.731323914370476988e-02	7.016380300704200268e-02
1.026091062316285615e+03	2.748769489719823378e-01	1.782739385667872212e-01	2.376331347725678389e-01	1.425814131733147971e-01	6.906702007319805159e-02	2.734109321632153047e-02	7.022645122550290331e-02
1.027542393380382237e+03	2.746294748745126135e-01	1.781124380442557498e-01	2.378053690073346216e-01	1.426840746661086068e-01	6.911072917346561262e-02	2.736892747947390972e-02	7.028898675452360800e-02
1.028993724444478858e+03	2.743824245111888827e-01	1.779512074117134968e-01	2.379773141993377916e-01	1.427865454493361663e-01	6.915435669172753652e-02	2.739674158326089667e-02	7.035141015310986123e-02
1.030445055508575479e+03	2.741357971453612929e-01	1.777902462177490261e-01	2.381489708326385013e-01	1.428888258837777703e-01	6.919790276496046166e-02	2.742453518521478784e-02	7.041372196997272570e-02
1.031896386572671872e+03	2.738895920417578345e-01	1.776295540117061311e-01	2.383203393904863576e-01	1.429909163308520914e-01	6.924136753096564456e-02	2.745230795015177194e-02	7.047592274375469312e-02
1.033347717636768493e+03	2.736438084664805648e-01	1.774691303436825851e-01	2.384914203553207546e-01	1.430928171525747694e-01	6.928475112833902549e-02	2.748005955002562339e-02	7.053801300325111823e-02
1.034799048700865114e+03	2.733984456870022783e-01	1.773089747645287817e-01	2.386622142087723997e-01	1.431945287115178600e-01	6.932805369644201576e-02	2.750778966378442103e-02	7.059999326762664285e-02
1.036250379764961508e+03	2.731535029721625096e-01	1.771490868258465412e-01	2.388327214316645075e-01	1.432960513707705330e-01	6.937127537537285393e-02	2.753549797723025064e-02	7.066186404662715137e-02
1.037701710829058356e+03	2.729089795921640915e-01	1.769894660799879449e-01	2.390029425040142430e-01	1.433973854939005199e-01	6.941441630593868373e-02	2.756318418288183567e-02	7.072362584078695225e-02
1.039153041893154750e+03	2.726648748185697135e-01	1.768301120800539195e-01	2.391728779050340814e-01	1.434985314449168103e-01	6.945747662962810376e-02	2.759084797983999554e-02	7.078527914163164347e-02
1.040604372957251599e+03	2.724211879242980916e-01	1.766710243798930713e-01	2.393425281131331406e-01	1.435994895882331535e-01	6.950045648858442504e-02	2.761848907365590730e-02	7.084682443187644008e-02
1.042055704021347992e+03	2.721779181836205819e-01	1.765122025341003820e-01	2.395118936059184578e-01	1.437002602886326696e-01	6.954335602557953910e-02	2.764610717620210809e-02	7.090826218562039374e-02
1.043507035085444613e+03	2.719350648721577945e-01	1.763536460980160980e-01	2.396809748601965440e-01	1.438008439112331005e-01	6.958617538398828573e-02	2.767370200554614482e-02	7.096959286853614379e-02
1.044958366149541234e+03	2.716926272668758746e-01	1.761953546277242599e-01	2.398497723519745217e-01	1.439012408214532523e-01	6.962891470776344516e-02	2.770127328582689188e-02	7.103081693805581021e-02
1.046409697213637855e+03	2.714506046460831157e-01	1.760373276800516473e-01	2.400182865564616519e-01	1.440014513849802169e-01	6.967157414141128546e-02	2.772882074713337378e-02	7.109193484355273707e-02
1.047861028277734476e+03	2.712089962894267403e-01	1.758795648125664746e-01	2.401865179480704160e-01	1.441014759677371748e-01	6.971415382996772048e-02	2.775634412538614815e-02	7.115294702651932257e-02
1.049312359341831097e+03	2.709678014778890698e-01	1.757220655835770862e-01	2.403544670004181816e-01	1.442013149358525592e-01	6.975665391897488410e-02	2.778384316222110018e-02	7.121385392074099097e-02
1.050763690405927491e+03	2.707270194937846930e-01	1.755648295521308466e-01	2.405221341863283124e-01	1.443009686556294968e-01	6.979907455445837072e-02	2.781131760487568633e-02	7.127465595246638974e-02
1.052215021470024112e+03	2.704866496207565252e-01	1.754078562780127803e-01	2.406895199778316119e-01	1.444004374935164980e-01	6.984141588290494751e-02	2.783876720607749919e-02	7.133535354057389533e-02
1.053666352534120733e+03	2.702466911437728658e-01	1.752511453217444060e-01	2.408566248461675996e-01	1.444997218160783969e-01	6.988367805124079402e-02	2.786619172393516031e-02	7.139594709673455220e-02
1.055117683598217127e+03	2.700071433491237904e-01	1.750946962445824873e-01	2.410234492617858437e-01	1.445988219899685678e-01	6.992586120681015815e-02	2.789359092183143693e-02	7.145643702557143151e-02
1.056569014662313975e+03	2.697680055244182085e-01	1.749385086085177565e-01	2.411899936943472933e-01	1.446977383819016139e-01	6.996796549735467829e-02	2.792096456831861043e-02	7.151682372481549255e-02
1.058020345726410369e+03	2.695292769585801440e-01	1.747825819762738320e-01	2.413562586127257215e-01	1.447964713586266661e-01	7.000999107099309393e-02	2.794831243701596801e-02	7.157710758545816898e-02
1.059471676790506763e+03	2.692909569418457938e-01	1.746269159113058023e-01	2.415222444850088912e-01	1.448950212869016541e-01	7.005193807620141433e-02	2.797563430650942817e-02	7.163728899190058286e-02
1.060923007854603611e+03	2.690530447657601965e-01	1.744715099777990885e-01	2.416879517784998876e-01	1.449933885334680483e-01	7.009380666179358677e-02	2.800292996025324430e-02	7.169736832209946953e-02
1.062374338918700232e+03	2.688155397231739574e-01	1.743163637406682787e-01	2.418533809597185891e-01	1.450915734650262967e-01	7.013559697690259498e-02	2.803019918647372405e-02	7.175734594771002173e-02
1.063825669982796853e+03	2.685784411082401402e-01	1.741614767655557949e-01	2.420185324944028604e-01	1.451895764482120377e-01	7.017730917096208498e-02	2.805744177807494022e-02	7.181722223422558338e-02
1.065277001046893474e+03	2.683417482164108248e-01	1.740068486188308117e-01	2.421834068475098301e-01	1.452873978495728413e-01	7.021894339368835170e-02	2.808465753254638098e-02	7.187699754111431805e-02
1.066728332110990095e+03	2.681054603444344431e-01	1.738524788675878952e-01	2.423480044832173330e-01	1.453850380355454774e-01	7.026049979506278353e-02	2.811184625187250485e-02	7.193667222195286592e-02
1.068179663175086489e+03	2.678695767903521152e-01	1.736983670796458379e-01	2.425123258649251323e-01	1.454824973724340720e-01	7.030197852531470948e-02	2.813900774244417619e-02	7.199624662455719748e-02
1.069630994239183110e+03	2.676340968534947629e-01	1.735445128235465484e-01	2.426763714552562790e-01	1.455797762263884854e-01	7.034337973490470408e-02	2.816614181497188035e-02	7.205572109111048340e-02
1.071082325303279504e+03	2.673990198344800562e-01	1.733909156685536634e-01	2.428401417160583886e-01	1.456768749633836901e-01	7.038470357450826720e-02	2.819324828440077091e-02	7.211509595828827224e-02
1.072533656367376352e+03	2.671643450352091942e-01	1.732375751846514933e-01	2.430036371084049185e-01	1.457737939491992041e-01	7.042595019499990616e-02	2.822032696982744449e-02	7.217437155738093413e-02
1.073984987431472746e+03	2.669300717588637961e-01	1.730844909425437173e-01	2.431668580925965550e-01	1.458705335493996058e-01	7.046711974743760654e-02	2.824737769441841573e-02	7.223354821441342610e-02
1.075436318495569594e+03	2.666961993099029593e-01	1.729316625136522179e-01	2.433298051281624352e-01	1.459670941293151336e-01	7.050821238304769145e-02	2.827440028533029573e-02	7.229262625026239286e-02
1.076887649559666215e+03	2.664627269940602061e-01	1.727790894701159152e-01	2.434924786738613955e-01	1.460634760540231170e-01	7.054922825321002788e-02	2.830139457363157682e-02	7.235160598077083893e-02
1.078338980623762609e+03	2.662296541183404308e-01	1.726267713847894625e-01	2.436548791876835263e-01	1.461596796883297966e-01	7.059016750944364926e-02	2.832836039422605146e-02	7.241048771686017793e-02
1.079790311687859230e+03	2.659969799910167909e-01	1.724747078312422466e-01	2.438170071268511430e-01	1.462557053967525889e-01	7.063103030339265564e-02	2.835529758577778198e-02	7.246927176463993647e-02
1.081241642751955851e+03	2.657647039216278206e-01	1.723228983837568895e-01	2.439788629478201742e-01	1.463515535435030157e-01	7.067181678681257184e-02	2.838220599063762464e-02	7.252795842551497396e-02
1.082692973816052472e+03	2.655328252209744888e-01	1.721713426173283601e-01	2.441404471062816328e-01	1.464472244924698852e-01	7.071252711155692761e-02	2.840908545477124902e-02	7.258654799629039867e-02
1.084144304880149093e+03	2.653013432011173123e-01	1.720200401076625862e-01	2.443017600571626979e-01	1.465427186072031929e-01	7.075316142956424026e-02	2.843593582768863190e-02	7.264504076927424947e-02
1.085595635944245487e+03	2.650702571753731362e-01	1.718689904311752892e-01	2.444628022546280754e-01	1.466380362508981627e-01	7.079371989284537203e-02	2.846275696237501179e-02	7.270343703237784616e-02
1.087046967008342108e+03	2.648395664583123033e-01	1.717181931649909565e-01	2.446235741520812468e-01	1.467331777863800091e-01	7.083420265347105393e-02	2.848954871522322782e-02	7.276173706921401640e-02
1.088498298072438729e+03	2.646092703657559331e-01	1.715676478869413990e-01	2.447840762021657735e-01	1.468281435760891429e-01	7.087460986355992310e-02	2.851631094596747407e-02	7.281994115919311616e-02
1.089949629136535123e+03	2.643793682147727586e-01	1.714173541755647789e-01	2.449443088567666016e-01	1.469229339820665170e-01	7.091494167526667114e-02	2.854304351761837236e-02	7.287804957761698232e-02
1.091400960200631971e+03	2.641498593236765724e-01	1.712673116101043336e-01	2.451042725670113109e-01	1.470175493659395816e-01	7.095519824077066440e-02	2.856974629639941546e-02	7.293606259577083140e-02
1.092852291264728365e+03	2.639207430120228959e-01	1.711175197705072093e-01	2.452639677832713361e-01	1.471119900889086840e-01	7.099537971226473065e-02	2.859641915168467316e-02	7.299398048101315983e-02
1.094303622328825213e+03	2.636920186006065370e-01	1.709679782374232682e-01	2.454233949551633542e-01	1.472062565117338573e-01	7.103548624194429284e-02	2.862306195593777511e-02	7.305180349686359043e-02
1.095754953392921607e+03	2.634636854114585369e-01	1.708186865922039499e-01	2.455825545315504510e-01	1.473003489947218581e-01	7.107551798199676640e-02	2.864967458465215305e-02	7.310953190308898397e-02
1.097206284457018228e+03	2.632357427678433393e-01	1.706696444169010507e-01	2.457414469605433971e-01	1.473942678977136767e-01	7.111547508459126199e-02	2.867625691629249740e-02	7.316716595578741378e-02
1.098657615521114849e+03	2.630081899942561252e-01	1.705208512942656129e-01	2.459000726895020361e-01	1.474880135800724357e-01	7.115535770186852405e-02	2.870280883223738644e-02	7.322470590747051644e-02
1.100108946585211470e+03	2.627810264164198717e-01	1.703723068077467040e-01	2.460584321650363948e-01	1.475815864006715938e-01	7.119516598593107759e-02	2.872933021672310905e-02	7.328215200714387201e-02
1.101560277649308091e+03	2.625542513612825757e-01	1.702240105414902227e-01	2.462165258330079598e-01	1.476749867178835662e-01	7.123490008883381908e-02	2.875582095678862887e-02	7.333950450038576041e-02
1.103011608713404712e+03	2.623278641570145342e-01	1.700759620803378724e-01	2.463743541385311209e-01	1.477682148895686221e-01	7.127456016257460725e-02	2.878228094222164482e-02	7.339676362942407217e-02
1.104462939777501106e+03	2.621018641330057353e-01	1.699281610098257733e-01	2.465319175259740869e-01	1.478612712730641432e-01	7.131414635908531197e-02	2.880871006550576527e-02	7.345392963321165092e-02
1.105914270841597499e+03	2.618762506198626938e-01	1.697806069161835185e-01	2.466892164389605235e-01	1.479541562251741882e-01	7.135365883022298794e-02	2.883510822176876820e-02	7.351100274749980401e-02
1.107365601905694348e+03	2.616510229494060646e-01	1.696332993863328420e-01	2.468462513203704967e-01	1.480468701021595002e-01	7.139309772776128438e-02	2.886147530873187789e-02	7.356798320491035603e-02
1.108816932969790741e+03	2.614261804546677559e-01	1.694862380078866471e-01	2.470030226123419159e-01	1.481394132597276259e-01	7.143246320338218769e-02	2.888781122666009629e-02	7.362487123500610631e-02
1.110268264033887590e+03	2.612017224698884310e-01	1.693394223691476463e-01	2.471595307562716448e-01	1.482317860530235065e-01	7.147175540866786136e-02	2.891411587831354060e-02	7.368166706435964886e-02
1.111719595097984211e+03	2.609776483305145112e-01	1.691928520591073348e-01	2.473157761928168885e-01	1.483239888366202908e-01	7.151097449509276338e-02	2.894038916889974181e-02	7.373837091662067966e-02
1.113170926162080832e+03	2.607539573731957327e-01	1.690465266674447964e-01	2.474717593618963596e-01	1.484160219645103973e-01	7.155012061401597179e-02	2.896663100602695287e-02	7.379498301258193005e-02
1.114622257226177226e+03	2.605306489357824273e-01	1.689004457845255658e-01	2.476274807026914992e-01	1.485078857900970217e-01	7.158919391667374621e-02	2.899284129965836246e-02	7.385150357024355960e-02
1.116073588290273847e+03	2.603077223573226351e-01	1.687546090014004629e-01	2.477829406536476986e-01	1.485995806661857543e-01	7.162819455417225589e-02	2.901901996206723497e-02	7.390793280487611971e-02
1.117524919354370468e+03	2.600851769780598288e-01	1.686090159098045105e-01	2.479381396524755754e-01	1.486911069449765033e-01	7.166712267748051590e-02	2.904516690779300470e-02	7.396427092908221257e-02
1.118976250418467089e+03	2.598630121394299164e-01	1.684636661021556570e-01	2.480930781361523341e-01	1.487824649780558339e-01	7.170597843742353150e-02	2.907128205359818529e-02	7.402051815285665137e-02
1.120427581482563710e+03	2.596412271840589647e-01	1.683185591715537222e-01	2.482477565409227371e-01	1.488736551163892530e-01	7.174476198467566457e-02	2.909736531842620905e-02	7.407667468364545482e-02
1.121878912546660331e+03	2.594198214557602578e-01	1.681736947117793424e-01	2.484021753023005485e-01	1.489646777103142139e-01	7.178347346975409715e-02	2.912341662336008843e-02	7.413274072640341217e-02
1.123330243610756725e+03	2.591987942995320204e-01	1.680290723172926104e-01	2.485563348550696716e-01	1.490555331095327618e-01	7.182211304301258648e-02	2.914943589158190684e-02	7.418871648365041316e-02
1.124781574674853118e+03	2.589781450615544767e-01	1.678846915832321318e-01	2.487102356332853981e-01	1.491462216631050108e-01	7.186068085463528932e-02	2.917542304833314198e-02	7.424460215552651510e-02
1.126232905738949967e+03	2.587578730891874068e-01	1.677405521054138038e-01	2.488638780702756015e-01	1.492367437194425106e-01	7.189917705463087783e-02	2.920137802087576992e-02	7.430039793984588581e-02
1.127684236803046360e+03	2.585379777309678162e-01	1.675966534803297048e-01	2.490172625986420418e-01	1.493270996263019457e-01	7.193760179282671086e-02	2.922730073845416013e-02	7.435610403214942821e-02
1.129135567867143209e+03	2.583184583366069931e-01	1.674529953051469844e-01	2.491703896502614479e-01	1.494172897307790016e-01	7.197595521886329673e-02	2.925319113225775119e-02	7.441172062575628077e-02
1.130586898931239830e+03	2.580993142569882326e-01	1.673095771777066421e-01	2.493232596562868775e-01	1.495073143793025361e-01	7.201423748218878373e-02	2.927904913538443080e-02	7.446724791181420777e-02
1.132038229995336451e+03	2.578805448441641168e-01	1.671663986965225279e-01	2.494758730471488828e-01	1.495971739176289173e-01	7.205244873205371436e-02	2.930487468280470326e-02	7.452268607934880995e-02
1.133489561059432845e+03	2.576621494513541832e-01	1.670234594607800938e-01	2.496282302525565933e-01	1.496868686908365553e-01	7.209058911750590437e-02	2.933066771132654058e-02	7.457803531531172203e-02
1.134940892123529466e+03	2.574441274329422047e-01	1.668807590703353938e-01	2.497803317014992419e-01	1.497763990433206849e-01	7.212865878738544678e-02	2.935642815956094817e-02	7.463329580462763069e-02
1.136392223187626087e+03	2.572264781444738579e-01	1.667382971257138358e-01	2.499321778222470813e-01	1.498657653187883132e-01	7.216665789031989631e-02	2.938215596788821410e-02	7.468846773024037655e-02
1.137843554251722708e+03	2.570092009426540036e-01	1.665960732281091261e-01	2.500837690423526882e-01	1.499549678602533076e-01	7.220458657471959252e-02	2.940785107842485563e-02	7.474355127315797376e-02
1.139294885315819101e+03	2.567922951853445768e-01	1.664540869793821598e-01	2.502351057886521568e-01	1.500440070100318157e-01	7.224244498877313569e-02	2.943351343499118339e-02	7.479854661249651926e-02
1.140746216379915950e+03	2.565757602315615338e-01	1.663123379820599101e-01	2.503861884872663479e-01	1.501328831097377692e-01	7.228023328044298756e-02	2.945914298307955245e-02	7.485345392552333887e-02
1.142197547444012343e+03	2.563595954414729094e-01	1.661708258393342907e-01	2.505370175636021379e-01	1.502215965002786091e-01	7.231795159746118307e-02	2.948473966982322753e-02	7.490827338769896759e-02
1.143648878508108737e+03	2.561438001763963190e-01	1.660295501550610731e-01	2.506875934423534180e-01	1.503101475218511507e-01	7.235560008732519477e-02	2.951030344396587610e-02	7.496300517271832498e-02
1.145100209572205586e+03	2.559283737987961271e-01	1.658885105337586652e-01	2.508379165475023709e-01	1.503985365139375030e-01	7.239317889729397770e-02	2.953583425583166180e-02	7.501764945255091910e-02
1.146551540636302207e+03	2.557133156722814493e-01	1.657477065806071126e-01	2.509879873023209695e-01	1.504867638153015719e-01	7.243068817438408358e-02	2.956133205729593455e-02	7.507220639748012070e-02
1.148002871700398828e+03	2.554986251616032100e-01	1.656071379014470712e-01	2.511378061293716990e-01	1.505748297639852018e-01	7.246812806536587215e-02	2.958679680175650001e-02	7.512667617614166016e-02
1.149454202764495449e+03	2.552843016326523662e-01	1.654668041027784198e-01	2.512873734505089440e-01	1.506627346973048454e-01	7.250549871675995850e-02	2.961222844410547200e-02	7.518105895556118079e-02
1.150905533828591842e+03	2.550703444524570207e-01	1.653267047917594268e-01	2.514366896868803769e-01	1.507504789518481769e-01	7.254280027483357707e-02	2.963762694070166959e-02	7.523535490119091784e-02
1.152356864892688463e+03	2.548567529891800909e-01	1.651868395762056130e-01	2.515857552589278456e-01	1.508380628634710396e-01	7.258003288559734811e-02	2.966299224934357617e-02	7.528956417694566972e-02
1.153808195956785084e+03	2.546435266121170882e-01	1.650472080645885020e-01	2.517345705863886507e-01	1.509254867672943923e-01	7.261719669480187767e-02	2.968832432924279827e-02	7.534368694523788101e-02
1.155259527020881706e+03	2.544306646916935644e-01	1.649078098660346769e-01	2.518831360882968773e-01	1.510127509977014504e-01	7.265429184793462114e-02	2.971362314099811400e-02	7.539772336701192068e-02
1.156710858084978327e+03	2.542181665994627804e-01	1.647686445903245311e-01	2.520314521829842280e-01	1.510998558883350495e-01	7.269131849021681635e-02	2.973888864656995534e-02	7.545167360177772176e-02
1.158162189149074720e+03	2.540060317081034857e-01	1.646297118478913524e-01	2.521795192880817438e-01	1.511868017720950363e-01	7.272827676660051366e-02	2.976412080925545933e-02	7.550553780764343581e-02
1.159613520213171569e+03	2.537942593914173650e-01	1.644910112498201293e-01	2.523273378205204698e-01	1.512735889811357703e-01	7.276516682176573103e-02	2.978931959366397375e-02	7.555931614134758778e-02
1.161064851277267962e+03	2.535828490243267619e-01	1.643525424078464137e-01	2.524749081965329545e-01	1.513602178468637927e-01	7.280198880011769236e-02	2.981448496569306592e-02	7.561300875829035650e-02
1.162516182341364356e+03	2.533717999828722922e-01	1.642143049343553207e-01	2.526222308316541376e-01	1.514466886999358830e-01	7.283874284578416292e-02	2.983961689250498248e-02	7.566661581256424463e-02
1.163967513405461204e+03	2.531611116442106790e-01	1.640762984423804749e-01	2.527693061407227382e-01	1.515330018702567005e-01	7.287542910261288198e-02	2.986471534250359494e-02	7.572013745698392972e-02
1.165418844469557826e+03	2.529507833866121991e-01	1.639385225456027328e-01	2.529161345378824199e-01	1.516191576869770630e-01	7.291204771416913422e-02	2.988978028531178235e-02	7.577357384311560196e-02
1.166870175533654447e+03	2.527408145894585179e-01	1.638009768583493786e-01	2.530627164365828463e-01	1.517051564784920592e-01	7.294859882373325166e-02	2.991481169174926499e-02	7.582692512130552454e-02
1.168321506597751068e+03	2.525312046332403582e-01	1.636636609955927635e-01	2.532090522495810681e-01	1.517909985724393007e-01	7.298508257429849044e-02	2.993980953381086482e-02	7.588019144070794197e-02
1.169772837661847461e+03	2.523219528995551131e-01	1.635265745729494458e-01	2.533551423889423559e-01	1.518766842956974783e-01	7.302149910856868542e-02	2.996477378464520308e-02	7.593337294931247483e-02
1.171224168725944082e+03	2.521130587711047921e-01	1.633897172066790249e-01	2.535009872660415886e-01	1.519622139743846967e-01	7.305784856895616852e-02	2.998970441853379687e-02	7.598646979397075119e-02
1.172675499790040703e+03	2.519045216316933566e-01	1.632530885136829479e-01	2.536465872915643072e-01	1.520475879338572811e-01	7.309413109757975646e-02	3.001460141087059288e-02	7.603948212042253851e-02
1.174126830854137097e+03	2.516963408662247215e-01	1.631166881115037048e-01	2.537919428755079920e-01	1.521328064987084727e-01	7.313034683626276622e-02	3.003946473814186197e-02	7.609241007332120943e-02
1.175578161918233945e+03	2.514885158607005899e-01	1.629805156183234960e-01	2.539370544271831176e-01	1.522178699927672074e-01	7.316649592653118317e-02	3.006429437790652387e-02	7.614525379625865231e-02
1.177029492982330339e+03	2.512810460022177339e-01	1.628445706529632886e-01	2.540819223552143180e-01	1.523027787390970611e-01	7.320257850961177370e-02	3.008909030877682592e-02	7.619801343178966846e-02
1.178480824046426733e+03	2.510739306789663838e-01	1.627088528348817342e-01	2.542265470675416639e-01	1.523875330599953337e-01	7.323859472643041990e-02	3.011385251039940328e-02	7.625068912145573086e-02
1.179932155110523581e+03	2.508671692802273978e-01	1.625733617841741419e-01	2.543709289714216060e-01	1.524721332769921611e-01	7.327454471761045418e-02	3.013858096343673479e-02	7.630328100580822948e-02
1.181383486174620202e+03	2.506607611963702631e-01	1.624380971215712843e-01	2.545150684734281410e-01	1.525565797108497379e-01	7.331042862347106337e-02	3.016327564954890753e-02	7.635578922443124472e-02
1.182834817238716823e+03	2.504547058188510422e-01	1.623030584684384547e-01	2.546589659794542548e-01	1.526408726815616512e-01	7.334624658402580377e-02	3.018793655137578386e-02	7.640821391596365475e-02
1.184286148302813444e+03	2.502490025402097640e-01	1.621682454467743562e-01	2.548026218947126997e-01	1.527250125083521870e-01	7.338199873898113013e-02	3.021256365251948420e-02	7.646055521812096523e-02
1.185737479366910065e+03	2.500436507540686470e-01	1.620336576792100469e-01	2.549460366237373821e-01	1.528089995096759413e-01	7.341768522773500782e-02	3.023715693752721326e-02	7.651281326771638969e-02
1.187188810431006686e+03	2.498386498551295187e-01	1.618992947890079137e-01	2.550892105703842505e-01	1.528928340032172373e-01	7.345330618937560840e-02	3.026171639187442974e-02	7.656498820068159683e-02
1.188640141495103080e+03	2.496339992391718443e-01	1.617651564000605890e-01	2.552321441378327394e-01	1.529765163058899591e-01	7.348886176268011605e-02	3.028624200194832486e-02	7.661708015208698597e-02
1.190091472559199701e+03	2.494296983030503678e-01	1.616312421368898133e-01	2.553748377285867122e-01	1.530600467338371351e-01	7.352435208611340922e-02	3.031073375503162692e-02	7.666908925616142123e-02
1.191542803623296322e+03	2.492257464446930859e-01	1.614975516246455745e-01	2.555172917444757386e-01	1.531434256024307716e-01	7.355977729782704755e-02	3.033519163928672172e-02	7.672101564631154946e-02
1.192994134687392716e+03	2.490221430630989718e-01	1.613640844891048864e-01	2.556595065866559269e-01	1.532266532262717140e-01	7.359513753565816163e-02	3.035961564374006771e-02	7.677285945514068788e-02
1.194445465751489564e+03	2.488188875583358661e-01	1.612308403566707904e-01	2.558014826556113674e-01	1.533097299191896745e-01	7.363043293712842607e-02	3.038400575826691319e-02	7.682462081446725377e-02
1.195896796815585958e+03	2.486159793315382560e-01	1.610978188543713552e-01	2.559432203511552428e-01	1.533926559942431767e-01	7.366566363944311580e-02	3.040836197357631165e-02	7.687629985534275012e-02
1.197348127879682352e+03	2.484134177849051661e-01	1.609650196098585673e-01	2.560847200724307715e-01	1.534754317637196386e-01	7.370082977949020397e-02	3.043268428119641836e-02	7.692789670806941815e-02
1.198799458943779200e+03	2.482112023216979380e-01	1.608324422514073593e-01	2.562259822179123736e-01	1.535580575391355673e-01	7.373593149383951550e-02	3.045697267346007125e-02	7.697941150221739026e-02
1.200250790007875821e+03	2.480093323462381483e-01	1.607000864079144165e-01	2.563670071854068921e-01	1.536405336312367531e-01	7.377096891874190820e-02	3.048122714349063914e-02	7.703084436664145440e-02
1.201702121071972442e+03	2.478078072639054996e-01	1.605679517088972885e-01	2.565077953720547033e-01	1.537228603499985191e-01	7.380594219012852342e-02	3.050544768518815078e-02	7.708219542949748537e-02
1.203153452136069063e+03	2.476066264811355444e-01	1.604360377844933905e-01	2.566483471743307154e-01	1.538050380046262211e-01	7.384085144361011988e-02	3.052963429321568084e-02	7.713346481825847367e-02
1.204604783200165684e+03	2.474057894054177420e-01	1.603043442654587536e-01	2.567886629880457017e-01	1.538870669035554417e-01	7.387569681447637981e-02	3.055378696298598901e-02	7.718465265973016576e-02
1.206056114264262078e+03	2.472052954452932660e-01	1.601728707831671095e-01	2.569287432083471878e-01	1.539689473544525455e-01	7.391047843769533998e-02	3.057790569064843672e-02	7.723575908006630186e-02
1.207507445328358699e+03	2.470051440103528673e-01	1.600416169696090019e-01	2.570685882297206182e-01	1.540506796642152065e-01	7.394519644791280877e-02	3.060199047307611206e-02	7.728678420478360400e-02
1.208958776392455093e+03	2.468053345112347918e-01	1.599105824573904822e-01	2.572081984459905213e-01	1.541322641389729631e-01	7.397985097945186661e-02	3.062604130785323911e-02	7.733772815877630602e-02
1.210410107456551941e+03	2.466058663596226719e-01	1.597797668797322490e-01	2.573475742503217867e-01	1.542137010840878564e-01	7.401444216631238027e-02	3.065005819326279551e-02	7.738859106633040608e-02
1.211861438520648335e+03	2.464067389682434717e-01	1.596491698704685658e-01	2.574867160352204420e-01	1.542949908041551521e-01	7.404897014217060036e-02	3.067404112827437287e-02	7.743937305113757219e-02
1.213312769584745183e+03	2.462079517508653781e-01	1.595187910640462614e-01	2.576256241925348189e-01	1.543761336030039788e-01	7.408343504037870342e-02	3.069799011253227655e-02	7.749007423630870084e-02
1.214764100648841804e+03	2.460095041222957468e-01	1.593886300955237312e-01	2.577642991134568851e-01	1.544571297836981327e-01	7.411783699396454206e-02	3.072190514634383016e-02	7.754069474438721188e-02
1.216215431712937971e+03	2.458113954983789651e-01	1.592586866005698543e-01	2.579027411885232435e-01	1.545379796485369106e-01	7.415217613563125643e-02	3.074578623066791597e-02	7.759123469736192713e-02
1.217666762777034819e+03	2.456136252959943977e-01	1.591289602154629113e-01	2.580409508076161318e-01	1.546186834990560532e-01	7.418645259775703826e-02	3.076963336710372005e-02	7.764169421667976856e-02
1.219118093841131440e+03	2.454161929330544445e-01	1.589994505770897515e-01	2.581789283599645879e-01	1.546992416360285505e-01	7.422066651239489499e-02	3.079344655787968552e-02	7.769207342325806787e-02
1.220569424905228061e+03	2.452190978285023470e-01	1.588701573229446551e-01	2.583166742341455047e-01	1.547796543594656682e-01	7.425481801127245540e-02	3.081722580584268789e-02	7.774237243749662629e-02
1.222020755969324682e+03	2.450223394023102186e-01	1.587410800911282782e-01	2.584541888180849067e-01	1.548599219686178918e-01	7.428890722579177541e-02	3.084097111444739428e-02	7.779259137928946910e-02
1.223472087033421303e+03	2.448259170754769898e-01	1.586122185203467649e-01	2.585914724990587277e-01	1.549400447619760368e-01	7.432293428702922700e-02	3.086468248774583770e-02	7.784273036803636414e-02
1.224923418097517697e+03	2.446298302700262994e-01	1.584835722499105259e-01	2.587285256636941977e-01	1.550200230372723309e-01	7.435689932573542882e-02	3.088835993037716485e-02	7.789278952265396572e-02
1.226374749161614318e+03	2.444340784090046070e-01	1.583551409197334892e-01	2.588653486979707319e-01	1.550998570914814689e-01	7.439080247233512133e-02	3.091200344755758861e-02	7.794276896158680579e-02
1.227826080225710712e+03	2.442386609164790556e-01	1.582269241703319618e-01	2.590019419872212070e-01	1.551795472208218341e-01	7.442464385692720841e-02	3.093561304507052787e-02	7.799266880281800762e-02
1.229277411289807560e+03	2.440435772175355011e-01	1.580989216428235478e-01	2.591383059161328495e-01	1.552590937207566635e-01	7.445842360928468795e-02	3.095918872925691734e-02	7.804248916387962476e-02
1.230728742353903954e+03	2.438488267382764585e-01	1.579711329789262597e-01	2.592744408687484015e-01	1.553384968859953252e-01	7.449214185885474904e-02	3.098273050700571518e-02	7.809223016186289668e-02
1.232180073418000802e+03	2.436544089058191309e-01	1.578435578209574641e-01	2.594103472284672307e-01	1.554177570104944561e-01	7.452579873475875805e-02	3.100623838574456323e-02	7.814189191342815755e-02
1.233631404482097196e+03	2.434603231482934949e-01	1.577161958118328822e-01	2.595460253780463300e-01	1.554968743874594606e-01	7.455939436579236967e-02	3.102971237343063807e-02	7.819147453481450905e-02
1.235082735546193817e+03	2.432665688948401073e-01	1.575890465950655628e-01	2.596814756996015938e-01	1.555758493093456762e-01	7.459292888042566572e-02	3.105315247854165822e-02	7.824097814184932664e-02
1.236534066610290438e+03	2.430731455756083015e-01	1.574621098147650222e-01	2.598166985746086510e-01	1.556546820678598175e-01	7.462640240680329384e-02	3.107655871006706136e-02	7.829040284995743282e-02
1.237985397674387059e+03	2.428800526217540778e-01	1.573353851156359950e-01	2.599516943839040306e-01	1.557333729539613076e-01	7.465981507274457862e-02	3.109993107749934108e-02	7.833974877417020088e-02
1.239436728738483680e+03	2.426872894654382162e-01	1.572088721429776292e-01	2.600864635076864384e-01	1.558119222578637497e-01	7.469316700574375745e-02	3.112326959082554328e-02	7.838901602913425637e-02
1.240888059802580301e+03	2.424948555398242500e-01	1.570825705426824592e-01	2.602210063255172567e-01	1.558903302690363701e-01	7.472645833297020257e-02	3.114657426051891873e-02	7.843820472912008124e-02
1.242339390866676695e+03	2.423027502790765508e-01	1.569564799612354067e-01	2.603553232163222098e-01	1.559685972762054895e-01	7.475968918126862928e-02	3.116984509753072466e-02	7.848731498803043771e-02
1.243790721930773088e+03	2.421109731183582747e-01	1.568306000457127258e-01	2.604894145583923071e-01	1.560467235673560216e-01	7.479285967715940120e-02	3.119308211328218269e-02	7.853634691940845902e-02
1.245242052994869937e+03	2.419195234938295302e-01	1.567049304437811430e-01	2.606232807293847320e-01	1.561247094297329441e-01	7.482596994683878011e-02	3.121628531965656150e-02	7.858530063644565689e-02
1.246693384058966330e+03	2.417284008426453523e-01	1.565794708036967187e-01	2.607569221063239517e-01	1.562025551498429921e-01	7.485902011617923124e-02	3.123945472899142956e-02	7.863417625198967920e-02
1.248144715123063179e+03	2.415376046029537316e-01	1.564542207743039315e-01	2.608903390656027721e-01	1.562802610134561010e-01	7.489201031072977022e-02	3.126259035407103620e-02	7.868297387855192893e-02
1.249596046187159800e+03	2.413471342138938103e-01	1.563291800050347624e-01	2.610235319829836143e-01	1.563578273056071000e-01	7.492494065571632389e-02	3.128569220811881768e-02	7.873169362831490548e-02
1.251047377251256421e+03	2.411569891155937173e-01	1.562043481459075844e-01	2.611565012335992364e-01	1.564352543105971827e-01	7.495781127604204952e-02	3.130876030479008004e-02	7.878033561313946276e-02
1.252498708315352815e+03	2.409671687491689029e-01	1.560797248475262189e-01	2.612892471919540105e-01	1.565125423119958226e-01	7.499062229628777887e-02	3.133179465816474107e-02	7.882889994457181748e-02
1.253950039379449436e+03	2.407776725567200571e-01	1.559553097610790751e-01	2.614217702319248660e-01	1.565896915926421606e-01	7.502337384071240678e-02	3.135479528274028038e-02	7.887738673385041865e-02
1.255401370443546057e+03	2.405884999813311942e-01	1.558311025383379844e-01	2.615540707267624554e-01	1.566667024346467818e-01	7.505606603325332138e-02	3.137776219342475192e-02	7.892579609191263668e-02
1.256852701507642678e+03	2.403996504670678214e-01	1.557071028316573957e-01	2.616861490490922093e-01	1.567435751193935467e-01	7.508869899752680654e-02	3.140069540552998389e-02	7.897412812940129978e-02
1.258304032571739299e+03	2.402111234589749678e-01	1.555833102939732648e-01	2.618180055709151688e-01	1.568203099275411183e-01	7.512127285682859701e-02	3.142359493476482718e-02	7.902238295667103618e-02
1.259755363635835920e+03	2.400229184030752971e-01	1.554597245788021387e-01	2.619496406636093178e-01	1.568969071390248216e-01	7.515378773413423918e-02	3.144646079722859811e-02	7.907056068379451907e-02
1.261206694699932314e+03	2.398350347463672205e-01	1.553363453402401562e-01	2.620810546979304712e-01	1.569733670330583364e-01	7.518624375209970179e-02	3.146929300940456281e-02	7.911866142056843410e-02
1.262658025764028707e+03	2.396474719368229811e-01	1.552131722329621877e-01	2.622122480440132741e-01	1.570496898881355574e-01	7.521864103306179217e-02	3.149209158815360898e-02	7.916668527651946063e-02
1.264109356828125556e+03	2.394602294233868223e-01	1.550902049122207249e-01	2.623432210713723678e-01	1.571258759820322592e-01	7.525097969903872530e-02	3.151485655070798003e-02	7.921463236090996174e-02
1.265560687892221949e+03	2.392733066559730171e-01	1.549674430338449371e-01	2.624739741489033884e-01	1.572019255918080116e-01	7.528325987173067890e-02	3.153758791466512723e-02	7.926250278274364625e-02
1.267012018956318798e+03	2.390867030854640918e-01	1.548448862542398385e-01	2.626045076448840221e-01	1.572778389938079280e-01	7.531548167252032078e-02	3.156028569798170064e-02	7.931029665077095336e-02
1.268463350020415419e+03	2.389004181637088553e-01	1.547225342303851225e-01	2.627348219269749485e-01	1.573536164636645251e-01	7.534764522247339169e-02	3.158294991896760245e-02	7.935801407349440950e-02
1.269914681084511813e+03	2.387144513435206228e-01	1.546003866198343846e-01	2.628649173622208957e-01	1.574292582762995552e-01	7.537975064233928824e-02	3.160558059628017918e-02	7.940565515917383244e-02
1.271366012148608434e+03	2.385288020786753560e-01	1.544784430807140674e-01	2.629947943170519165e-01	1.575047647059259481e-01	7.541179805255164570e-02	3.162817774891849010e-02	7.945322001583136895e-02
1.272817343212705055e+03	2.383434698239097205e-01	1.543567032717224619e-01	2.631244531572839440e-01	1.575801360260495054e-01	7.544378757322894868e-02	3.165074139621769367e-02	7.950070875125642145e-02
1.274268674276801676e+03	2.381584540349192813e-01	1.542351668521289021e-01	2.632538942481204014e-01	1.576553725094709535e-01	7.547571932417518337e-02	3.167327155784353115e-02	7.954812147301044967e-02
1.275720005340898297e+03	2.379737541683566437e-01	1.541138334817726274e-01	2.633831179541527012e-01	1.577304744282878035e-01	7.550759342488043424e-02	3.169576825378687956e-02	7.959545828843159199e-02
1.277171336404994690e+03	2.377893696818296210e-01	1.539927028210619220e-01	2.635121246393616889e-01	1.578054420538961555e-01	7.553940999452153637e-02	3.171823150435842953e-02	7.964271930463932836e-02
1.278622667469091539e+03	2.376053000338994858e-01	1.538717745309731988e-01	2.636409146671182535e-01	1.578802756569926968e-01	7.557116915196272766e-02	3.174066133018346031e-02	7.968990462853879631e-02
1.280073998533187932e+03	2.374215446840789723e-01	1.537510482730500005e-01	2.637694884001847706e-01	1.579549755075766726e-01	7.560287101575635660e-02	3.176305775219665645e-02	7.973701436682517629e-02
1.281525329597284326e+03	2.372381030928305268e-01	1.536305237094020282e-01	2.638978462007158798e-01	1.580295418749517178e-01	7.563451570414349290e-02	3.178542079163707706e-02	7.978404862598793834e-02
1.282976660661381175e+03	2.370549747215645320e-01	1.535102005027041971e-01	2.640259884302594839e-01	1.581039750277278000e-01	7.566610333505464914e-02	3.180775047004314598e-02	7.983100751231482495e-02
1.284427991725477568e+03	2.368721590326374193e-01	1.533900783161957770e-01	2.641539154497579700e-01	1.581782752338232734e-01	7.569763402611048853e-02	3.183004680924780144e-02	7.987789113189593115e-02
1.285879322789574417e+03	2.366896554893498650e-01	1.532701568136793924e-01	2.642816276195489311e-01	1.582524427604667383e-01	7.572910789462250492e-02	3.185230983137367355e-02	7.992469959062756257e-02
1.287330653853671038e+03	2.365074635559450689e-01	1.531504356595199678e-01	2.644091252993664987e-01	1.583264778741991230e-01	7.576052505759371669e-02	3.187453955882834505e-02	7.997143299421598239e-02
1.288781984917767431e+03	2.363255826976068119e-01	1.530309145186440345e-01	2.645364088483420084e-01	1.584003808408755154e-01	7.579188563171947168e-02	3.189673601429971611e-02	8.001809144818115838e-02
1.290233315981864052e+03	2.361440123804577351e-01	1.529115930565385084e-01	2.646634786250053883e-01	1.584741519256671616e-01	7.582318973338808554e-02	3.191889922075145242e-02	8.006467505786030170e-02
