1.301360187473271253e+03	2.356848503098361303e-01	1.507700934119725333e-01	2.595872654793620615e-01	1.613254003726902475e-01	7.691352189918437832e-02	3.184450482304911761e-02	8.387436370358158921e-02
1.306197957686926657e+03	2.351036420916765846e-01	1.503658512643618050e-01	2.599483216808422537e-01	1.615850192490913828e-01	7.702551709579789907e-02	3.191484159928251185e-02	8.405680701862353055e-02
1.311035727900581833e+03	2.345257831105451163e-01	1.499638438577856614e-01	2.603072159409093311e-01	1.618431685674260323e-01	7.713687878205285897e-02	3.198492166003828047e-02	8.423818808091863841e-02
1.315873498114237009e+03	2.339512528666417568e-01	1.495640597064409882e-01	2.606639629874976660e-01	1.620998567144762703e-01	7.724761056341310217e-02	3.205474432184046707e-02	8.441851283936567529e-02
1.320711268327892412e+03	2.333800310128990585e-01	1.491664873614795550e-01	2.610185774231170708e-01	1.623550920275791121e-01	7.735771602430958904e-02	3.212430893871532495e-02	8.459778721157615311e-02
1.325549038541547588e+03	2.328120973532624705e-01	1.487711154114733092e-01	2.613710737262753270e-01	1.626088827949533355e-01	7.746719872827459441e-02	3.219361490144415083e-02	8.477601708399269687e-02
1.330386808755202765e+03	2.322474318410002181e-01	1.483779324828607138e-01	2.617214662528796754e-01	1.628612372560235000e-01	7.757606221807465674e-02	3.226266163682890709e-02	8.495320831200821321e-02
1.335224578968857941e+03	2.316860145770421597e-01	1.479869272403752378e-01	2.620697692376187105e-01	1.631121636017409671e-01	7.768431001584270856e-02	3.233144860697050038e-02	8.512936672008568351e-02
1.340062349182513572e+03	2.311278258083466486e-01	1.475980883874559724e-01	2.624159967953242911e-01	1.633616699749021739e-01	7.779194562320883299e-02	3.239997530855939778e-02	8.530449810187863691e-02
1.344900119396168748e+03	2.305728459262955943e-01	1.472114046666410103e-01	2.627601629223143553e-01	1.636097644704640197e-01	7.789897252143018758e-02	3.246824127217846218e-02	8.547860822035230344e-02
1.349737889609823924e+03	2.300210554651162809e-01	1.468268648599440618e-01	2.631022814977161950e-01	1.638564551358564769e-01	7.800539417151970689e-02	3.253624606161782673e-02	8.565170280790533608e-02
1.354575659823479100e+03	2.294724351003299412e-01	1.464444577892148047e-01	2.634423662847711900e-01	1.641017499712925376e-01	7.811121401437386147e-02	3.260398927320148910e-02	8.582378756649211571e-02
1.359413430037134731e+03	2.289269656472260883e-01	1.460641723164830819e-01	2.637804309321208907e-01	1.643456569300754122e-01	7.821643547089940363e-02	3.267147053512550747e-02	8.599486816774552789e-02
1.364251200250789907e+03	2.283846280593627986e-01	1.456859973442878042e-01	2.641164889750753919e-01	1.645881839189030638e-01	7.832106194213896144e-02	3.273868950680764583e-02	8.616495025310030864e-02
1.369088970464445310e+03	2.278454034270912254e-01	1.453099218159906725e-01	2.644505538368630559e-01	1.648293387981700775e-01	7.842509680939582783e-02	3.280564587824823936e-02	8.633403943391682045e-02
1.373926740678100487e+03	2.273092729761052311e-01	1.449359347160751876e-01	2.647826388298634703e-01	1.650691293822670880e-01	7.852854343435762552e-02	3.287233936940202328e-02	8.650214129160530008e-02
1.378764510891755890e+03	2.267762180660142513e-01	1.445640250704313401e-01	2.651127571568225316e-01	1.653075634398775418e-01	7.863140515921895890e-02	3.293876972956086280e-02	8.666926137775045336e-02
1.383602281105411066e+03	2.262462201889401392e-01	1.441941819466263652e-01	2.654409219120507091e-01	1.655446486942718232e-01	7.873368530680330268e-02	3.300493673674713413e-02	8.683540521423649405e-02
1.388440051319066470e+03	2.257192609681364925e-01	1.438263944541619543e-01	2.657671460826045440e-01	1.657803928235992152e-01	7.883538718068371087e-02	3.307084019711763884e-02	8.700057829337251580e-02
1.393277821532721646e+03	2.251953221566306285e-01	1.434606517447181984e-01	2.660914425494516622e-01	1.660148034611770851e-01	7.893651406530270698e-02	3.313647994437773914e-02	8.716478607801811385e-02
1.398115591746377049e+03	2.246743856358874025e-01	1.430969430123848196e-01	2.664138240886197995e-01	1.662478881957778210e-01	7.903706922609118890e-02	3.320185583920573502e-02	8.732803400170939534e-02
1.402953361960032225e+03	2.241564334144947324e-01	1.427352574938797192e-01	2.667343033723293400e-01	1.664796545719133825e-01	7.913705590958647340e-02	3.326696776868717786e-02	8.749032746878529498e-02
1.407791132173687402e+03	2.236414476268699381e-01	1.423755844687554228e-01	2.670528929701109777e-01	1.667101100901173805e-01	7.923647734354938299e-02	3.333181564575898870e-02	8.765167185451401555e-02
1.412628902387342805e+03	2.231294105319868715e-01	1.420179132595936200e-01	2.673696053499072245e-01	1.669392622072249643e-01	7.933533673708048628e-02	3.339639940866324930e-02	8.781207250521971819e-02
1.417466672600997981e+03	2.226203045121231960e-01	1.416622332321883504e-01	2.676844528791590405e-01	1.671671183366502667e-01	7.943363728073532526e-02	3.346071902041047180e-02	8.797153473840950422e-02
1.422304442814653157e+03	2.221141120716276229e-01	1.413085337957177834e-01	2.679974478258773107e-01	1.673936858486617940e-01	7.953138214663894867e-02	3.352477446825223584e-02	8.813006384290050788e-02
1.427142213028308333e+03	2.216108158357061320e-01	1.409568044029051170e-01	2.683086023597002767e-01	1.676189720706552644e-01	7.962857448859941845e-02	3.358856576316290865e-02	8.828766507894708626e-02
1.431979983241963964e+03	2.211103985492276769e-01	1.406070345501689023e-01	2.686179285529356475e-01	1.678429842874245848e-01	7.972521744222056672e-02	3.365209293933051071e-02	8.844434367836825905e-02
1.436817753455619140e+03	2.206128430755482095e-01	1.402592137777630699e-01	2.689254383815892213e-01	1.680657297414303308e-01	7.982131412501379530e-02	3.371535605365638677e-02	8.860010484467518987e-02
1.441655523669274316e+03	2.201181323953528557e-01	1.399133316699069096e-01	2.692311437263786300e-01	1.682872156330662838e-01	7.991686763650918124e-02	3.377835518526360603e-02	8.875495375319872315e-02
1.446493293882929493e+03	2.196262496055162716e-01	1.395693778549049746e-01	2.695350563737344829e-01	1.685074491209238023e-01	8.001188105836562481e-02	3.384109043501398045e-02	8.890889555121707366e-02
1.451331064096585123e+03	2.191371779179800694e-01	1.392273420052581034e-01	2.698371880167867998e-01	1.687264373220540015e-01	8.010635745448026201e-02	3.390356192503352767e-02	8.906193535808350215e-02
1.456168834310240300e+03	2.186509006586477566e-01	1.388872138377645615e-01	2.701375502563387876e-01	1.689441873122279059e-01	8.020029987109697500e-02	3.396576979824617731e-02	8.921407826535408814e-02
1.461006604523895703e+03	2.181674012662962181e-01	1.385489831136126615e-01	2.704361546018274609e-01	1.691607061261945488e-01	8.029371133691425022e-02	3.402771421791572076e-02	8.936532933691543334e-02
1.465844374737550879e+03	2.176866632915037125e-01	1.382126396384643352e-01	2.707330124722709397e-01	1.693760007579371007e-01	8.038659486319207903e-02	3.408939536719571284e-02	8.951569360911240669e-02
1.470682144951206283e+03	2.172086703955940223e-01	1.378781732625304901e-01	2.710281351972034791e-01	1.695900781609269159e-01	8.047895344385816441e-02	3.415081344868736019e-02	8.966517609087588936e-02
1.475519915164861459e+03	2.167334063495965357e-01	1.375455738806377892e-01	2.713215340175975099e-01	1.698029452483756085e-01	8.057079005561332274e-02	3.421196868400507712e-02	8.981378176385043655e-02
1.480357685378516862e+03	2.162608550332213442e-01	1.372148314322878260e-01	2.716132200867740765e-01	1.700146088934851862e-01	8.066210765803621952e-02	3.427286131334975061e-02	8.996151558252189762e-02
1.485195455592172038e+03	2.157910004338501053e-01	1.368859359017080279e-01	2.719032044713002860e-01	1.702250759296962956e-01	8.075290919368713349e-02	3.433349159508946452e-02	9.010838247434499459e-02
1.490033225805827215e+03	2.153238266455412830e-01	1.365588773178954551e-01	2.721914981518753773e-01	1.704343531509345533e-01	8.084319758821117974e-02	3.439385980534767628e-02	9.025438733987074802e-02
1.494870996019482618e+03	2.148593178680502647e-01	1.362336457546528823e-01	2.724781120242050769e-01	1.706424473118548502e-01	8.093297575044069991e-02	3.445396623759856142e-02	9.039953505287393054e-02
1.499708766233137567e+03	2.143974584058636057e-01	1.359102313306178589e-01	2.727630568998640759e-01	1.708493651280839631e-01	8.102224657249690321e-02	3.451381120226958144e-02	9.054383046048024297e-02
1.504546536446793198e+03	2.139382326672473189e-01	1.355886242092849414e-01	2.730463435071474043e-01	1.710551132764613069e-01	8.111101292989075784e-02	3.457339502635104617e-02	9.068727838329351809e-02
1.509384306660448374e+03	2.134816251633089024e-01	1.352688145990209312e-01	2.733279824919102041e-01	1.712596983952777430e-01	8.119927768162332749e-02	3.463271805301255946e-02	9.082988361552260526e-02
1.514222076874103550e+03	2.130276205070728013e-01	1.349507927530739226e-01	2.736079844183971210e-01	1.714631270845126954e-01	8.128704367028519173e-02	3.469178064122628580e-02	9.097165092510829665e-02
1.519059847087758726e+03	2.125762034125689703e-01	1.346345489695755238e-01	2.738863597700603170e-01	1.716654059060694348e-01	8.137431372215524206e-02	3.475058316539689912e-02	9.111258505384994821e-02
1.523897617301414357e+03	2.121273586939346201e-01	1.343200735915373034e-01	2.741631189503669352e-01	1.718665413840086420e-01	8.146109064729881166e-02	3.480912601499805414e-02	9.125269071753197569e-02
1.528735387515069533e+03	2.116810712645282588e-01	1.340073570068411324e-01	2.744382722835961852e-01	1.720665400047802218e-01	8.154737723966504204e-02	3.486740959421540109e-02	9.139197260605014250e-02
1.533573157728724709e+03	2.112373261360564469e-01	1.336963896482236680e-01	2.747118300156257131e-01	1.722654082174533419e-01	8.163317627718370828e-02	3.492543432159585237e-02	9.153043538353769493e-02
1.538410927942380113e+03	2.107961084177126521e-01	1.333871619932551211e-01	2.749838023147084254e-01	1.724631524339448052e-01	8.171849052186115625e-02	3.498320062970315669e-02	9.166808368849113653e-02
1.543248698156035516e+03	2.103574033153281231e-01	1.330796645643126663e-01	2.752541992722385422e-01	1.726597790292457857e-01	8.180332271987579562e-02	3.504070896477960717e-02	9.180492213389594702e-02
1.548086468369690692e+03	2.099211961305342822e-01	1.327738879285486340e-01	2.755230309035082703e-01	1.728552943416468146e-01	8.188767560167270476e-02	3.509795978641377240e-02	9.194095530735200972e-02
1.552924238583346096e+03	2.094874722599367467e-01	1.324698226978533178e-01	2.757903071484544832e-01	1.730497046729612687e-01	8.197155188205779153e-02	3.515495356721419495e-02	9.207618777119874753e-02
1.557762008797001272e+03	2.090562171943007308e-01	1.321674595288128973e-01	2.760560378723958541e-01	1.732430162887469705e-01	8.205495426029114914e-02	3.521169079248888389e-02	9.221062406264003697e-02
1.562599779010656675e+03	2.086274165177472162e-01	1.318667891226625311e-01	2.763202328667609953e-01	1.734352354185264011e-01	8.213788542017987082e-02	3.526817195993058041e-02	9.234426869386888614e-02
1.567437549224311852e+03	2.082010559069602806e-01	1.315678022252347590e-01	2.765829018498065506e-01	1.736263682560053034e-01	8.222034803017012894e-02	3.532439757930768559e-02	9.247712615219177978e-02
1.572275319437967255e+03	2.077771211304047239e-01	1.312704896269033528e-01	2.768440544673266834e-01	1.738164209592895360e-01	8.230234474343872675e-02	3.538036817216070468e-02	9.260920090015278827e-02
1.577113089651622431e+03	2.073555980475544347e-01	1.309748421625226700e-01	2.771037002933532389e-01	1.740053996511006229e-01	8.238387819798392853e-02	3.543608427150418683e-02	9.274049737565732976e-02
1.581950859865277607e+03	2.069364726081308337e-01	1.306808507113629558e-01	2.773618488308475794e-01	1.741933104189895554e-01	8.246495101671577621e-02	3.549154642153400097e-02	9.287101999209572412e-02
1.586788630078933011e+03	2.065197308513512797e-01	1.303885061970410653e-01	2.776185095123830937e-01	1.743801593155490659e-01	8.254556580754568440e-02	3.554675517733989903e-02	9.300077313846634441e-02
1.591626400292587959e+03	2.061053589051876633e-01	1.300977995874477711e-01	2.778736917008190477e-01	1.745659523586245432e-01	8.262572516347552187e-02	3.560171110462331812e-02	9.312976117949854638e-02
1.596464170506243590e+03	2.056933429856341033e-01	1.298087218946707977e-01	2.781274046899668839e-01	1.747506955315233923e-01	8.270543166268597146e-02	3.565641477942020632e-02	9.325798845577513985e-02
1.601301940719898766e+03	2.052836693959847192e-01	1.295212641749140525e-01	2.783796577052468635e-01	1.749343947832228130e-01	8.278468786862448747e-02	3.571086678782894874e-02	9.338545928385466599e-02
1.606139710933553943e+03	2.048763245261203125e-01	1.292354175284134710e-01	2.786304599043377128e-01	1.751170560285761624e-01	8.286349633009242044e-02	3.576506772574316456e-02	9.351217795639331365e-02
1.610977481147209119e+03	2.044712948518043194e-01	1.289511730993492533e-01	2.788798203778172780e-01	1.752986851485180408e-01	8.294185958133179493e-02	3.581901819858939601e-02	9.363814874226636387e-02
1.615815251360864750e+03	2.040685669339877828e-01	1.286685220757546599e-01	2.791277481497960733e-01	1.754792879902676017e-01	8.301978014211129631e-02	3.587271882106956439e-02	9.376337588668949563e-02
1.620653021574519926e+03	2.036681274181229573e-01	1.283874556894214203e-01	2.793742521785417265e-01	1.756588703675307783e-01	8.309726051781186895e-02	3.592617021690812373e-02	9.388786361133952263e-02
1.625490791788175102e+03	2.032699630334857122e-01	1.281079652158022275e-01	2.796193413570972064e-01	1.758374380607009568e-01	8.317430319951159279e-02	3.597937301860379411e-02	9.401161611447494959e-02
1.630328562001830505e+03	2.028740605925062612e-01	1.278300419739098748e-01	2.798630245138901684e-01	1.760149968170581225e-01	8.325091066407008800e-02	3.603232786718588154e-02	9.413463757105605678e-02
1.635166332215485909e+03	2.024804069901083858e-01	1.275536773262136159e-01	2.801053104133355842e-01	1.761915523509668402e-01	8.332708537421236461e-02	3.608503541197504577e-02	9.425693213286458205e-02
1.640004102429141085e+03	2.020889892030566515e-01	1.272788626785326116e-01	2.803462077564308208e-01	1.763671103440728194e-01	8.340282977861203373e-02	3.613749631034841175e-02	9.437850392862313920e-02
1.644841872642796488e+03	2.016997942893118678e-01	1.270055894799264617e-01	2.805857251813428377e-01	1.765416764454980636e-01	8.347814631197408852e-02	3.618971122750905267e-02	9.449935706411415060e-02
1.649679642856451665e+03	2.013128093873940427e-01	1.267338492225832947e-01	2.808238712639893331e-01	1.767152562720347153e-01	8.355303739511700523e-02	3.624168083625969872e-02	9.461949562229844679e-02
1.654517413070107068e+03	2.009280217157534687e-01	1.264636334417051367e-01	2.810606545186117855e-01	1.768878554083376520e-01	8.362750543505445555e-02	3.629340581678060229e-02	9.473892366343343585e-02
1.659355183283762244e+03	2.005454185721492200e-01	1.261949337153907558e-01	2.812960833983422781e-01	1.770594794071154998e-01	8.370155282507636685e-02	3.634488685641147632e-02	9.485764522519092579e-02
1.664192953497417420e+03	2.001649873330350882e-01	1.259277416645163128e-01	2.815301662957629403e-01	1.772301337893206763e-01	8.377518194482948266e-02	3.639612464943755427e-02	9.497566432277448900e-02
1.669030723711072824e+03	1.997867154529529288e-01	1.256620489526133755e-01	2.817629115434587828e-01	1.773998240443380170e-01	8.384839516039743756e-02	3.644711989687952208e-02	9.509298494903643817e-02
1.673868493924728000e+03	1.994105904639329740e-01	1.253978472857449900e-01	2.819943274145644274e-01	1.775685556301720702e-01	8.392119482438029077e-02	3.649787330628739140e-02	9.520961107459438577e-02
1.678706264138383403e+03	1.990365999749015291e-01	1.251351284123794760e-01	2.822244221233032313e-01	1.777363339736331149e-01	8.399358327597349072e-02	3.654838559153819610e-02	9.532554664794747057e-02
1.683544034352038352e+03	1.986647316710954403e-01	1.248738841232621549e-01	2.824532038255208599e-01	1.779031644705221515e-01	8.406556284104642340e-02	3.659865747263746361e-02	9.544079559559202897e-02
1.688381804565693983e+03	1.982949733134833081e-01	1.246141062512850783e-01	2.826806806192121435e-01	1.780690524858143109e-01	8.413713583222037773e-02	3.664868967552437767e-02	9.555536182213691943e-02
1.693219574779349159e+03	1.979273127381935837e-01	1.243557866713549537e-01	2.829068605450416052e-01	1.782340033538412638e-01	8.420830454894605299e-02	3.669848293188058413e-02	9.566924921041841667e-02
1.698057344993004335e+03	1.975617378559491044e-01	1.240989173002591123e-01	2.831317515868580492e-01	1.783980223784723540e-01	8.427907127758053896e-02	3.674803797894261176e-02	9.578246162161471733e-02
1.702895115206659511e+03	1.971982366515080409e-01	1.238434900965297153e-01	2.833553616722026547e-01	1.785611148332945097e-01	8.434943829146383798e-02	3.679735555931776952e-02	9.589500289535991817e-02
1.707732885420315142e+03	1.968367971831113672e-01	1.235894970603063636e-01	2.835776986728116289e-01	1.787232859617910452e-01	8.441940785099481814e-02	3.684643642080351333e-02	9.600687684985764747e-02
1.712570655633970318e+03	1.964774075819365196e-01	1.233369302331969869e-01	2.837987704051125326e-01	1.788845409775191575e-01	8.448898220370677781e-02	3.689528131621022666e-02	9.611808728199423835e-02
1.717408425847625494e+03	1.961200560515570790e-01	1.230857816981371783e-01	2.840185846307146655e-01	1.790448850642862577e-01	8.455816358434246893e-02	3.694389100318737351e-02	9.622863796745143028e-02
1.722246196061280898e+03	1.957647308674086706e-01	1.228360435792480720e-01	2.842371490568942338e-01	1.792043233763252197e-01	8.462695421492869019e-02	3.699226624405289182e-02	9.633853266081868205e-02
1.727083966274936301e+03	1.954114203762604973e-01	1.225877080416928333e-01	2.844544713370735223e-01	1.793628610384684630e-01	8.469535630485032496e-02	3.704040780562586205e-02	9.644777509570498508e-02
1.731921736488591478e+03	1.950601129956930913e-01	1.223407672915316352e-01	2.846705590712944600e-01	1.795205031463207312e-01	8.476337205092397686e-02	3.708831645906229824e-02	9.655636898485024655e-02
1.736759506702246881e+03	1.947107972135815046e-01	1.220952135755754286e-01	2.848854198066868015e-01	1.796772547664310937e-01	8.483100363747113348e-02	3.713599297969413099e-02	9.666431802023628395e-02
1.741597276915902057e+03	1.943634615875842464e-01	1.218510391812385046e-01	2.850990610379308121e-01	1.798331209364634475e-01	8.489825323639080268e-02	3.718343814687126436e-02	9.677162587319730613e-02
1.746435047129557461e+03	1.940180947446375759e-01	1.216082364363897383e-01	2.853114902077147352e-01	1.799881066653659933e-01	8.496512300723187139e-02	3.723065274380657486e-02	9.687829619452992258e-02
1.751272817343212637e+03	1.936746853804555135e-01	1.213667977092027367e-01	2.855227147071868199e-01	1.801422169335398504e-01	8.503161509726471501e-02	3.727763755742396351e-02	9.698433261460277788e-02
1.756110587556867813e+03	1.933332222590350979e-01	1.211267154080049868e-01	2.857327418764023519e-01	1.802954566930063396e-01	8.509773164155262637e-02	3.732439337820929459e-02	9.708973874346568667e-02
1.760948357770523216e+03	1.929936942121667776e-01	1.208879819811258527e-01	2.859415790047654116e-01	1.804478308675731557e-01	8.516347476302267572e-02	3.737092100006420003e-02	9.719451817095829671e-02
1.765786127984178393e+03	1.926560901389502145e-01	1.206505899167436557e-01	2.861492333314657466e-01	1.805993443529996245e-01	8.522884657253605722e-02	3.741722122016272190e-02	9.729867446681832177e-02
1.770623898197833569e+03	1.923203990053149737e-01	1.204145317427318534e-01	2.863557120459105376e-01	1.807500020171608490e-01	8.529384916895819957e-02	3.746329483881072342e-02	9.740221118078928875e-02
1.775461668411488745e+03	1.919866098435461799e-01	1.201798000265042049e-01	2.865610222881511682e-01	1.808998087002106903e-01	8.535848463922829366e-02	3.750914265930802710e-02	9.750513184272789624e-02
1.780299438625144376e+03	1.916547117518154764e-01	1.199463873748592424e-01	2.867651711493056088e-01	1.810487692147438321e-01	8.542275505842827910e-02	3.755476548781322421e-02	9.760743996271080414e-02
1.785137208838799552e+03	1.913246938937162855e-01	1.197142864338239104e-01	2.869681656719756391e-01	1.811968883459567914e-01	8.548666248985173355e-02	3.760016413321112111e-02	9.770913903114103460e-02
1.789974979052454728e+03	1.909965454978044541e-01	1.194834898884964136e-01	2.871700128506592398e-01	1.813441708518077344e-01	8.555020898507198490e-02	3.764533940698282233e-02	9.781023251885387348e-02
1.794812749266109904e+03	1.906702558571428952e-01	1.192539904628883984e-01	2.873707196321589885e-01	1.814906214631755721e-01	8.561339658400998753e-02	3.769029212307827698e-02	9.791072387722238313e-02
1.799650519479765535e+03	1.903458143288514759e-01	1.190257809197664829e-01	2.875702929159853483e-01	1.816362448840176946e-01	8.567622731500174060e-02	3.773502309779139946e-02	9.801061653826229070e-02
1.804488289693420711e+03	1.900232103336610967e-01	1.187988540604931614e-01	2.877687395547556259e-01	1.817810457915270406e-01	8.573870319486533165e-02	3.777953314963763271e-02	9.810991391473665446e-02
1.809326059907075887e+03	1.897024333554722941e-01	1.185732027248671272e-01	2.879660663545882127e-01	1.819250288362877777e-01	8.580082622896742506e-02	3.782382309923391223e-02	9.820861940025976677e-02
1.814163830120731291e+03	1.893834729409183404e-01	1.183488197909630252e-01	2.881622800754932712e-01	1.820681986424304566e-01	8.586259841128951464e-02	3.786789376918101718e-02	9.830673636940087667e-02
1.819001600334386467e+03	1.890663186989325895e-01	1.181256981749707613e-01	2.883573874317580943e-01	1.822105598077858324e-01	8.592402172449364883e-02	3.791174598394828066e-02	9.840426817778724633e-02
1.823839370548041643e+03	1.887509603003200698e-01	1.179038308310342981e-01	2.885513950923290216e-01	1.823521169040378809e-01	8.598509813998782281e-02	3.795538056976056202e-02	9.850121816220681892e-02
1.828677140761696819e+03	1.884373874773333790e-01	1.176832107510900755e-01	2.887443096811885823e-01	1.824928744768756494e-01	8.604582961799088492e-02	3.799879835448750909e-02	9.859758964071042853e-02
1.833514910975352450e+03	1.881255900232526312e-01	1.174638309647049600e-01	2.889361377777287521e-01	1.826328370461444695e-01	8.610621810759715167e-02	3.804200016753501307e-02	9.869338591271353822e-02
1.838352681189008081e+03	1.878155577919694841e-01	1.172456845389139302e-01	2.891268859171203243e-01	1.827720091059959473e-01	8.616626554684052308e-02	3.808498683973887688e-02	9.878861025909746463e-02
1.843190451402663257e+03	1.875072806975751627e-01	1.170287645780573038e-01	2.893165605906778404e-01	1.829103951250372062e-01	8.622597386275829279e-02	3.812775920326059304e-02	9.888326594231017230e-02
1.848028221616318433e+03	1.872007487139524529e-01	1.168130642236177852e-01	2.895051682462209675e-01	1.830479995464790177e-01	8.628534497145450011e-02	3.817031809148527244e-02	9.897735620646663790e-02
1.852865991829973609e+03	1.868959518743715797e-01	1.165985766540572621e-01	2.896927152884315460e-01	1.831848267882830728e-01	8.634438077816293522e-02	3.821266433892157866e-02	9.907088427744867309e-02
1.857703762043628785e+03	1.865928802710899448e-01	1.163852950846532147e-01	2.898792080792072512e-01	1.833208812433083923e-01	8.640308317730974186e-02	3.825479878110379928e-02	9.916385336300430342e-02
1.862541532257283961e+03	1.862915240549555540e-01	1.161732127673350823e-01	2.900646529380109806e-01	1.834561672794568499e-01	8.646145405257565919e-02	3.829672225449581163e-02	9.925626665284671690e-02
1.867379302470939592e+03	1.859918734350141378e-01	1.159623229905203806e-01	2.902490561422167992e-01	1.835906892398176116e-01	8.651949527695786124e-02	3.833843559639708853e-02	9.934812731875272696e-02
1.872217072684594768e+03	1.856939186781201290e-01	1.157526190789506665e-01	2.904324239274522212e-01	1.837244514428107989e-01	8.657720871283143549e-02	3.837993964485060527e-02	9.943943851466072181e-02
1.877054842898249490e+03	1.853976501085511097e-01	1.155440943935274051e-01	2.906147624879364955e-01	1.838574581823302634e-01	8.663459621201043126e-02	3.842123523855264788e-02	9.953020337676823925e-02
1.881892613111905121e+03	1.851030581076255899e-01	1.153367423311477541e-01	2.907960779768155590e-01	1.839897137278855288e-01	8.669165961580867219e-02	3.846232321676452265e-02	9.962042502362897234e-02
1.886730383325560297e+03	1.848101331133247538e-01	1.151305563245401814e-01	2.909763765064934393e-01	1.841212223247427060e-01	8.674840075510006909e-02	3.850320441922606279e-02	9.971010655624942820e-02
1.891568153539215928e+03	1.845188656199173161e-01	1.149255298421001659e-01	2.911556641489600472e-01	1.842519881940646032e-01	8.680482145037862751e-02	3.854387968607093928e-02	9.979925105818499009e-02
1.896405923752871104e+03	1.842292461775878187e-01	1.147216563877258289e-01	2.913339469361155287e-01	1.843820155330500310e-01	8.686092351181806670e-02	3.858434985774375492e-02	9.988786159563564637e-02
1.901243693966526507e+03	1.839412653920683982e-01	1.145189295006535241e-01	2.915112308600912860e-01	1.845113085150722754e-01	8.691670873933111940e-02	3.862461577491892173e-02	9.997594121754113661e-02
1.906081464180181683e+03	1.836549139242737438e-01	1.143173427552934968e-01	2.916875218735676678e-01	1.846398712898164873e-01	8.697217892262842920e-02	3.866467827842116206e-02	1.000634929556757091e-01
1.910919234393836859e+03	1.833701824899394150e-01	1.141168897610655847e-01	2.918628258900878847e-01	1.847677079834164626e-01	8.702733584127711475e-02	3.870453820914777215e-02	1.001505198247424205e-01
1.915757004607492036e+03	1.830870618592632670e-01	1.139175641622349605e-01	2.920371487843694824e-01	1.848948226985905607e-01	8.708218126475895937e-02	3.874419640799249553e-02	1.002370248224669635e-01
1.920594774821147894e+03	1.828055428565499296e-01	1.137193596377480131e-01	2.922104963926117627e-01	1.850212195147766525e-01	8.713671695252833693e-02	3.878365371577104093e-02	1.003230109296909534e-01
1.925432545034802843e+03	1.825256163598588111e-01	1.135222699010682429e-01	2.923828745128004836e-01	1.851469024882664016e-01	8.719094465406963812e-02	3.882291097314818917e-02	1.004084811104649227e-01
1.930270315248458019e+03	1.822472733006547940e-01	1.133262887000124203e-01	2.925542889050092854e-01	1.852718756523386301e-01	8.724486610895448857e-02	3.886196902056646141e-02	1.004934383121406788e-01
1.935108085462113195e+03	1.819705046634620127e-01	1.131314098165867310e-01	2.927247452916979520e-01	1.853961430173918512e-01	8.729848304689852290e-02	3.890082869817636235e-02	1.005778854654633264e-01
1.939945855675768371e+03	1.816953014855208770e-01	1.129376270668232263e-01	2.928942493580077855e-01	1.855197085710759974e-01	8.735179718781796443e-02	3.893949084576808772e-02	1.006618254846627925e-01
1.944783625889424002e+03	1.814216548564477616e-01	1.127449343006163979e-01	2.930628067520537616e-01	1.856425762784235656e-01	8.740481024188567760e-02	3.897795630270477207e-02	1.007452612675448916e-01
1.949621396103079178e+03	1.811495559178976089e-01	1.125533254015599061e-01	2.932304230852135762e-01	1.857647500819795405e-01	8.745752390958703992e-02	3.901622590785715217e-02	1.008281956955819486e-01
1.954459166316734354e+03	1.808789958632297801e-01	1.123627942867835988e-01	2.933971039324144159e-01	1.858862339019309862e-01	8.750993988177532823e-02	3.905430049953969446e-02	1.009106316340029064e-01
1.959296936530389530e+03	1.806099659371762922e-01	1.121733349067906976e-01	2.935628548324159537e-01	1.860070316362354703e-01	8.756205983972699392e-02	3.909218091544814505e-02	1.009925719318831433e-01
1.964134706744044706e+03	1.803424574355129983e-01	1.119849412452953302e-01	2.937276812880909582e-01	1.861271471607489625e-01	8.761388545519636917e-02	3.912986799259843274e-02	1.010740194222335964e-01
1.968972476957700337e+03	1.800764617047336535e-01	1.117976073190602021e-01	2.938915887667030158e-01	1.862465843293528989e-01	8.766541839047023443e-02	3.916736256726696674e-02	1.011549769220897038e-01
1.973810247171355968e+03	1.798119701417265626e-01	1.116113271777345595e-01	2.940545827001814216e-01	1.863653469740803037e-01	8.771666029842191403e-02	3.920466547493226678e-02	1.012354472325996957e-01
1.978648017385010689e+03	1.795489741934539196e-01	1.114260949036925963e-01	2.942166684853932401e-01	1.864834389052414665e-01	8.776761282256520524e-02	3.924177755021789060e-02	1.013154331391124818e-01
1.983485787598666320e+03	1.792874653566338405e-01	1.112419046118719584e-01	2.943778514844128669e-01	1.866008639115485368e-01	8.781827759710780779e-02	3.927869962683668004e-02	1.013949374112651652e-01
1.988323557812321269e+03	1.790274351774250872e-01	1.110587504496127059e-01	2.945381370247885378e-01	1.867176257602396749e-01	8.786865624700460065e-02	3.931543253753626288e-02	1.014739628030700280e-01
1.993161328025976900e+03	1.787688752511142065e-01	1.108766265964965247e-01	2.946975303998065621e-01	1.868337281972021757e-01	8.791875038801053033e-02	3.935197711404580384e-02	1.015525120530011288e-01
1.997999098239632076e+03	1.785117772218052790e-01	1.106955272641863414e-01	2.948560368687527244e-01	1.869491749470950093e-01	8.796856162673313828e-02	3.938833418702399058e-02	1.016305878840804283e-01
2.002836868453287707e+03	1.782561327821123032e-01	1.105154466962662563e-01	2.950136616571710779e-01	1.870639697134706958e-01	8.801809156068490791e-02	3.942450458600820634e-02	1.017081930039634846e-01
2.007674638666942428e+03	1.780019336728538570e-01	1.103363791680818662e-01	2.951704099571204054e-01	1.871781161788961534e-01	8.806734177833513977e-02	3.946048913936488906e-02	1.017853301050247045e-01
2.012512408880597604e+03	1.777491716827503676e-01	1.101583189865809054e-01	2.953262869274276836e-01	1.872916180050731849e-01	8.811631385916166015e-02	3.949628867424110484e-02	1.018620018644421088e-01
2.017350179094252780e+03	1.774978386481237957e-01	1.099812604901543589e-01	2.954812976939398261e-01	1.874044788329579381e-01	8.816500937370211344e-02	3.953190401651716229e-02	1.019382109442817930e-01
2.022187949307908411e+03	1.772479264525996523e-01	1.098051980484779783e-01	2.956354473497722068e-01	1.875167022828799213e-01	8.821342988360506010e-02	3.956733599076042718e-02	1.020139599915818318e-01
2.027025719521564042e+03	1.769994270268113734e-01	1.096301260623540330e-01	2.957887409555550184e-01	1.876282919546600203e-01	8.826157694168068613e-02	3.960258542018022659e-02	1.020892516384357268e-01
2.031863489735218764e+03	1.767523323481070274e-01	1.094560389635537562e-01	2.959411835396775770e-01	1.877392514277280988e-01	8.830945209195129042e-02	3.963765312658382167e-02	1.021640885020755618e-01
2.036701259948874394e+03	1.765066344402584642e-01	1.092829312146599563e-01	2.960927800985296288e-01	1.878495842612396827e-01	8.835705686970134198e-02	3.967253993033343501e-02	1.022384731849545897e-01
2.041539030162529116e+03	1.762623253731724904e-01	1.091107973089102678e-01	2.962435355967411033e-01	1.879592939941920338e-01	8.840439280152739832e-02	3.970724665030433975e-02	1.023124082748294583e-01
2.046376800376184747e+03	1.760193972626045711e-01	1.089396317700406791e-01	2.963934549674186458e-01	1.880683841455395855e-01	8.845146140538764912e-02	3.974177410384396869e-02	1.023858963448420201e-01
2.051214570589840150e+03	1.757778422698744736e-01	1.087694291521296569e-01	2.965425431123807631e-01	1.881768582143084068e-01	8.849826419065119631e-02	3.977612310673203644e-02	1.024589399536006279e-01
2.056052340803495554e+03	1.755376526015844096e-01	1.086001840394426599e-01	2.966908049023898597e-01	1.882847196797105549e-01	8.854480265814697326e-02	3.981029447314163305e-02	1.025315416452610984e-01
2.060890111017150957e+03	1.752988205093390650e-01	1.084318910462770819e-01	2.968382451773828867e-01	1.883919720012570964e-01	8.859107830021252517e-02	3.984428901560131686e-02	1.026037039496072167e-01
2.065727881230805451e+03	1.750613382894679049e-01	1.082645448168077784e-01	2.969848687466993264e-01	1.884986186188709334e-01	8.863709260074230378e-02	3.987810754495811627e-02	1.026754293821308117e-01
2.070565651444461309e+03	1.748251982827496998e-01	1.080981400249330093e-01	2.971306803893069559e-01	1.886046629529987695e-01	8.868284703523589274e-02	3.991175087034154467e-02	1.027467204441114140e-01
2.075403421658116713e+03	1.745903928741388278e-01	1.079326713741208671e-01	2.972756848540256125e-01	1.887101084047222987e-01	8.872834307084576100e-02	3.994521979912842718e-02	1.028175796226955124e-01
2.080241191871772116e+03	1.743569144924941028e-01	1.077681335972562188e-01	2.974198868597490164e-01	1.888149583558690892e-01	8.877358216642486366e-02	3.997851513690874048e-02	1.028880093909753518e-01
2.085078962085427065e+03	1.741247556103091287e-01	1.076045214564881891e-01	2.975632910956641508e-01	1.889192161691223282e-01	8.881856577257393748e-02	4.001163768745229221e-02	1.029580122080673427e-01
2.089916732299082469e+03	1.738939087434452080e-01	1.074418297430780461e-01	2.977059022214689765e-01	1.890228851881304017e-01	8.886329533168843553e-02	4.004458825267624006e-02	1.030275905191900959e-01
2.094754502512737417e+03	1.736643664508657758e-01	1.072800532772477528e-01	2.978477248675875932e-01	1.891259687376155574e-01	8.890777227800530924e-02	4.007736763261351975e-02	1.030967467557419442e-01
2.099592272726392821e+03	1.734361213343731389e-01	1.071191869080288794e-01	2.979887636353838465e-01	1.892284701234818456e-01	8.895199803764948510e-02	4.010997662538209885e-02	1.031654833353781581e-01
2.104430042940048224e+03	1.732091660383470177e-01	1.069592255131121966e-01	2.981290230973728805e-01	1.893303926329227282e-01	8.899597402867998053e-02	4.014241602715502844e-02	1.032338026620876620e-01
2.109267813153704083e+03	1.729834932494850597e-01	1.068001639986976836e-01	2.982685077974304710e-01	1.894317395345276600e-01	8.903970166113586715e-02	4.017468663213132757e-02	1.033017071262694181e-01
2.114105583367359031e+03	1.727590956965451841e-01	1.066419972993451343e-01	2.984072222510007477e-01	1.895325140783885309e-01	8.908318233708188705e-02	4.020678923250768644e-02	1.033691991048083514e-01
2.118943353581013525e+03	1.725359661500900088e-01	1.064847203778253037e-01	2.985451709453016411e-01	1.896327194962049711e-01	8.912641745065386090e-02	4.023872461845089121e-02	1.034362809611508865e-01
2.123781123794669384e+03	1.723140974222329425e-01	1.063283282249715272e-01	2.986823583395287196e-01	1.897323590013894057e-01	8.916940838810379077e-02	4.027049357807107460e-02	1.035029550453800823e-01
2.128618894008324787e+03	1.720934823663862467e-01	1.061728158595320326e-01	2.988187888650571944e-01	1.898314357891713045e-01	8.921215652784472705e-02	4.030209689739568113e-02	1.035692236942903910e-01
2.133456664221980191e+03	1.718741138770109034e-01	1.060181783280226275e-01	2.989544669256417597e-01	1.899299530367008770e-01	8.925466324049530220e-02	4.033353536034419567e-02	1.036350892314619465e-01
2.138294434435635139e+03	1.716559848893681739e-01	1.058644107045800947e-01	2.990893968976148787e-01	1.900279139031521292e-01	8.929692988892418137e-02	4.036480974870356592e-02	1.037005539673345467e-01
2.143132204649290543e+03	1.714390883792731857e-01	1.057115080908161142e-01	2.992235831300832927e-01	1.901253215298254751e-01	8.933895782829398557e-02	4.039592084210438111e-02	1.037656201992811777e-01
2.147969974862945492e+03	1.712234173628500444e-01	1.055594656156716576e-01	2.993570299451223660e-01	1.902221790402494339e-01	8.938074840610522875e-02	4.042686941799770312e-02	1.038302902116811088e-01
2.152807745076601350e+03	1.710089648962889453e-01	1.054082784352721180e-01	2.994897416379692645e-01	1.903184895402819932e-01	8.942230296223986630e-02	4.045765625163261908e-02	1.038945662759927363e-01
2.157645515290255844e+03	1.707957240756046990e-01	1.052579417327828282e-01	2.996217224772138032e-01	1.904142561182113336e-01	8.946362282900453822e-02	4.048828211603446720e-02	1.039584506508258593e-01
2.162483285503912157e+03	1.705836880363972574e-01	1.051084507182652866e-01	2.997529767049880722e-01	1.905094818448558325e-01	8.950470933117371519e-02	4.051874778198366611e-02	1.040219455820137057e-01
2.167321055717567106e+03	1.703728499536138197e-01	1.049598006285338836e-01	2.998835085371539533e-01	1.906041697736637341e-01	8.954556378603242828e-02	4.054905401799529380e-02	1.040850533026844438e-01
2.172158825931222509e+03	1.701632030413126329e-01	1.048119867270133482e-01	3.000133221634891378e-01	1.906983229408118763e-01	8.958618750341890147e-02	4.057920159029921453e-02	1.041477760333324731e-01
2.176996596144877003e+03	1.699547405524284016e-01	1.046650043035965150e-01	3.001424217478717571e-01	1.907919443653041391e-01	8.962658178576679568e-02	4.060919126282088593e-02	1.042101159818891593e-01
2.181834366358532861e+03	1.697474557785394467e-01	1.045188486745029649e-01	3.002708114284626251e-01	1.908850370490692283e-01	8.966674792814736950e-02	4.063902379716272800e-02	1.042720753437932912e-01
2.186672136572187810e+03	1.695413420496363899e-01	1.043735151821380130e-01	3.003984953178868156e-01	1.909776039770579026e-01	8.970668721831123738e-02	4.066869995258614451e-02	1.043336563020611091e-01
2.191509906785843214e+03	1.693363927338925601e-01	1.042289991949524736e-01	3.005254775034129078e-01	1.910696481173395911e-01	8.974640093672996144e-02	4.069822048599412018e-02	1.043948610273560118e-01
2.196347676999498617e+03	1.691326012374358978e-01	1.040852961073029243e-01	3.006517620471307883e-01	1.911611724211984276e-01	8.978589035663742113e-02	4.072758615191437309e-02	1.044556916780577799e-01
2.201185447213154021e+03	1.689299610041224142e-01	1.039424013393124985e-01	3.007773529861282880e-01	1.912521798232288406e-01	8.982515674407090533e-02	4.075679770248311767e-02	1.045161504003315617e-01
2.206023217426809424e+03	1.687284655153113710e-01	1.038003103367324820e-01	3.009022543326657084e-01	1.913426732414304499e-01	8.986420135791196862e-02	4.078585588742933421e-02	1.045762393281963604e-01
2.210860987640464373e+03	1.685281082896417926e-01	1.036590185708042289e-01	3.010264700743492949e-01	1.914326555773025185e-01	8.990302544992706535e-02	4.081476145405962819e-02	1.046359605835932155e-01
2.215698757854119776e+03	1.683288828828108097e-01	1.035185215381219243e-01	3.011500041743026546e-01	1.915221297159377667e-01	8.994163026480797574e-02	4.084351514724363086e-02	1.046953162764529960e-01
2.220536528067775180e+03	1.681307828873531141e-01	1.033788147604958046e-01	3.012728605713375085e-01	1.916110985261157140e-01	8.998001704021191260e-02	4.087211770939987859e-02	1.047543085047638184e-01
2.225374298281430583e+03	1.679338019324223552e-01	1.032398937848159753e-01	3.013950431801220575e-01	1.916995648603954383e-01	9.001818700680151719e-02	4.090056988048226816e-02	1.048129393546381183e-01
2.230212068495085077e+03	1.677379336835736479e-01	1.031017541829169354e-01	3.015165558913485144e-01	1.917875315552078352e-01	9.005614138828452186e-02	4.092887239796696996e-02	1.048712109003793608e-01
2.235049838708740936e+03	1.675431718425478833e-01	1.029643915514425745e-01	3.016374025718987495e-01	1.918750014309472396e-01	9.009388140145323243e-02	4.095702599683986866e-02	1.049291252045482931e-01
2.239887608922396339e+03	1.673495101470571234e-01	1.028278015117118360e-01	3.017575870650090475e-01	1.919619772920626577e-01	9.013140825622374674e-02	4.098503140958448948e-02	1.049866843180289888e-01
2.244725379136052197e+03	1.671569423705718815e-01	1.026919797095850184e-01	3.018771131904328109e-01	1.920484619271483617e-01	9.016872315567500684e-02	4.101288936617039638e-02	1.050438902800944208e-01
2.249563149349706237e+03	1.669654623221094591e-01	1.025569218153306178e-01	3.019959847446023748e-01	1.921344581090340398e-01	9.020582729608761507e-02	4.104060059404204125e-02	1.051007451184717140e-01
2.254400919563362095e+03	1.667750638460239465e-01	1.024226235234927951e-01	3.021142055007893235e-01	1.922199685948743075e-01	9.024272186698231724e-02	4.106816581810811273e-02	1.051572508494070385e-01
2.259238689777017044e+03	1.665857408217974456e-01	1.022890805527594399e-01	3.022317792092632516e-01	1.923049961262379148e-01	9.027940805115841627e-02	4.109558576073132213e-02	1.052134094777300855e-01
2.264076459990672902e+03	1.663974871638329023e-01	1.021562886458308728e-01	3.023487095974491945e-01	1.923895434291960915e-01	9.031588702473189456e-02	4.112286114171861268e-02	1.052692229969183629e-01
