1.001418434226643626e+03	2.791633748861771513e-01	1.810488600190691133e-01	2.346505609853032914e-01	1.408023321867091782e-01	6.831367769273469226e-02	2.687316465617892863e-02	6.914802957350067725e-02
1.002869765290740247e+03	2.789088957222086718e-01	1.808824456827122784e-01	2.348275779213512549e-01	1.409082335434374555e-01	6.835877202797664698e-02	2.690133577665176565e-02	6.921273932533499040e-02
1.004321096354836754e+03	2.786548521795247368e-01	1.807163097522985762e-01	2.350042975825296920e-01	1.410139369684569877e-01	6.840378195331867084e-02	2.692949400576638216e-02	6.927732755777808726e-02
1.005772427418933376e+03	2.784012434989998619e-01	1.805504517617024240e-01	2.351807204671286788e-01	1.411194428203497997e-01	6.844870759141785665e-02	2.695763885602234927e-02	6.934179500405220076e-02
1.007223758483029997e+03	2.781480689229225978e-01	1.803848712455787817e-01	2.353568470726020712e-01	1.412247514594355824e-01	6.849354906660941322e-02	2.698576985008099491e-02	6.940614238244371959e-02
1.008675089547126618e+03	2.778953276949919782e-01	1.802195677393619855e-01	2.355326778955690592e-01	1.413298632476936989e-01	6.853830650485334686e-02	2.701388652055555090e-02	6.947037039664756553e-02
1.010126420611223239e+03	2.776430190603147996e-01	1.800545407792643327e-01	2.357082134318153055e-01	1.414347785486871345e-01	6.858298003368218376e-02	2.704198840980583107e-02	6.953447973610360489e-02
1.011577751675319632e+03	2.773911422654023462e-01	1.798897899022747215e-01	2.358834541762946102e-01	1.415394977274886945e-01	6.862756978214983039e-02	2.707007506973732255e-02	6.959847107632566310e-02
1.013029082739416367e+03	2.771396965581673921e-01	1.797253146461575413e-01	2.360584006231302157e-01	1.416440211506090618e-01	6.867207588078147462e-02	2.709814606160461381e-02	6.966234507922290653e-02
1.014480413803512761e+03	2.768886811879211485e-01	1.795611145494512562e-01	2.362330532656161386e-01	1.417483491859270195e-01	6.871649846152469432e-02	2.712620095581905200e-02	6.972610239341399396e-02
1.015931744867609382e+03	2.766380954053700991e-01	1.793971891514670181e-01	2.364074125962186690e-01	1.418524822026212551e-01	6.876083765770145406e-02	2.715423933176052892e-02	6.978974365453424755e-02
1.017383075931706003e+03	2.763879384626132807e-01	1.792335379922875838e-01	2.365814791065777578e-01	1.419564205711043858e-01	6.880509360396125373e-02	2.718226077759335751e-02	6.985326948553571835e-02
1.018834406995802851e+03	2.761382096131388408e-01	1.790701606127658441e-01	2.367552532875083215e-01	1.420601646629585380e-01	6.884926643623529019e-02	2.721026489008605137e-02	6.991668049698046561e-02
1.020285738059899245e+03	2.758889081118213737e-01	1.789070565545236302e-01	2.369287356290016855e-01	1.421637148508727022e-01	6.889335629169167363e-02	2.723825127443501790e-02	6.997997728732729961e-02
1.021737069123995752e+03	2.756400332149185894e-01	1.787442253599503539e-01	2.371019266202270270e-01	1.422670715085818105e-01	6.893736330869160156e-02	2.726621954409202617e-02	7.004316044321196033e-02
1.023188400188092373e+03	2.753915841800685382e-01	1.785816665722018137e-01	2.372748267495326802e-01	1.423702350108074777e-01	6.898128762674651804e-02	2.729416932059538364e-02	7.010623053972095398e-02
1.024639731252188767e+03	2.751435602662864466e-01	1.784193797351988076e-01	2.374474365044475788e-01	1.424732057332002977e-01	6.902512938647635543e-02	2.732210023340472804e-02	7.016918814065911669e-02
1.026091062316285615e+03	2.748959607339619415e-01	1.782573643936259666e-01	2.376197563716825334e-01	1.425759840522836941e-01	6.906888872956858105e-02	2.735001191973937193e-02	7.023203379881128028e-02
1.027542393380382237e+03	2.746487848448557201e-01	1.780956200929303956e-01	2.377917868371317578e-01	1.426785703453993248e-01	6.911256579873832628e-02	2.737790402442011328e-02	7.029476805619780388e-02
1.028993724444478858e+03	2.744020318620968846e-01	1.779341463793203404e-01	2.379635283858740624e-01	1.427809649906538469e-01	6.915616073768940386e-02	2.740577619971441836e-02	7.035739144432448522e-02
1.030445055508575479e+03	2.741557010501796676e-01	1.777729427997641054e-01	2.381349815021744920e-01	1.428831683668673747e-01	6.919967369107618560e-02	2.743362810518496647e-02	7.041990448442668471e-02
1.031896386572671872e+03	2.739097916749607675e-01	1.776120089019885273e-01	2.383061466694854080e-01	1.429851808535230195e-01	6.924310480446642380e-02	2.746145940754137968e-02	7.048230768770798182e-02
1.033347717636768493e+03	2.736643030036561841e-01	1.774513442344779479e-01	2.384770243704480430e-01	1.430870028307179020e-01	6.928645422430497469e-02	2.748926978049516176e-02	7.054460155557334966e-02
1.034799048700865114e+03	2.734192343048382212e-01	1.772909483464727709e-01	2.386476150868937773e-01	1.431886346791156339e-01	6.932972209787832685e-02	2.751705890461773191e-02	7.060678657985706985e-02
1.036250379764961508e+03	2.731745848484328221e-01	1.771308207879682961e-01	2.388179192998455824e-01	1.432900767798998554e-01	6.937290857328005933e-02	2.754482646720148725e-02	7.066886324304548495e-02
1.037701710829058356e+03	2.729303539057161831e-01	1.769709611097133872e-01	2.389879374895193254e-01	1.433913295147291600e-01	6.941601379937703542e-02	2.757257216212384218e-02	7.073083201849467150e-02
1.039153041893154750e+03	2.726865407493122562e-01	1.768113688632091951e-01	2.391576701353250733e-01	1.434923932656932688e-01	6.945903792577647062e-02	2.760029568971416117e-02	7.079269337064315881e-02
1.040604372957251599e+03	2.724431446531895284e-01	1.766520436007080475e-01	2.393271177158686480e-01	1.435932684152702588e-01	6.950198110279379171e-02	2.762799675662354001e-02	7.085444775521980432e-02
1.042055704021347992e+03	2.722001648926581363e-01	1.764929848752120056e-01	2.394962807089527634e-01	1.436939553462851238e-01	6.954484348142130068e-02	2.765567507569735919e-02	7.091609561944697826e-02
1.043507035085444613e+03	2.719576007443669785e-01	1.763341922404717543e-01	2.396651595915784694e-01	1.437944544418692794e-01	6.958762521329754647e-02	2.768333036585055029e-02	7.097763740223912710e-02
1.044958366149541234e+03	2.717154514863009407e-01	1.761756652509851584e-01	2.398337548399465113e-01	1.438947660854213439e-01	6.963032645067751547e-02	2.771096235194552698e-02	7.103907353439674333e-02
1.046409697213637855e+03	2.714737163977777312e-01	1.760174034619962913e-01	2.400020669294586628e-01	1.439948906605689194e-01	6.967294734640346043e-02	2.773857076467271809e-02	7.110040443879600547e-02
1.047861028277734476e+03	2.712323947594452167e-01	1.758594064294938808e-01	2.401700963347190854e-01	1.440948285511313709e-01	6.971548805387661751e-02	2.776615534043362643e-02	7.116163053057407428e-02
1.049312359341831097e+03	2.709914858532783133e-01	1.757016737102102821e-01	2.403378435295356330e-01	1.441945801410837724e-01	6.975794872702946459e-02	2.779371582122637865e-02	7.122275221731011463e-02
1.050763690405927491e+03	2.707509889625761557e-01	1.755442048616202011e-01	2.405053089869212124e-01	1.442941458145216571e-01	6.980032952029870119e-02	2.782125195453373501e-02	7.128376989920229279e-02
1.052215021470024112e+03	2.705109033719594325e-01	1.753869994419393064e-01	2.406724931790952260e-01	1.443935259556268225e-01	6.984263058859904727e-02	2.784876349321343050e-02	7.134468396924063816e-02
1.053666352534120733e+03	2.702712283673673888e-01	1.752300570101231469e-01	2.408393965774846546e-01	1.444927209486343012e-01	6.988485208729747211e-02	2.787625019539089269e-02	7.140549481337604698e-02
1.055117683598217127e+03	2.700319632360547728e-01	1.750733771258658755e-01	2.410060196527256948e-01	1.445917311777998038e-01	6.992699417218829760e-02	2.790371182435418332e-02	7.146620281068538638e-02
1.056569014662313975e+03	2.697931072665890606e-01	1.749169593495988884e-01	2.411723628746648695e-01	1.446905570273685215e-01	6.996905699946874557e-02	2.793114814845120905e-02	7.152680833353278200e-02
1.058020345726410369e+03	2.695546597488477358e-01	1.747608032424897984e-01	2.413384267123604432e-01	1.447891988815444286e-01	7.001104072571524839e-02	2.795855894098909708e-02	7.158731174772729744e-02
1.059471676790506763e+03	2.693166199740155697e-01	1.746049083664410473e-01	2.415042116340837541e-01	1.448876571244607225e-01	7.005294550786025920e-02	2.798594398013568713e-02	7.164771341267703320e-02
1.060923007854603611e+03	2.690789872345813460e-01	1.744492742840887123e-01	2.416697181073204637e-01	1.449859321401510415e-01	7.009477150316975602e-02	2.801330304882312938e-02	7.170801368153964517e-02
1.062374338918700232e+03	2.688417608243353074e-01	1.742939005588013401e-01	2.418349465987720548e-01	1.450840243125213203e-01	7.013651886922120382e-02	2.804063593465350168e-02	7.176821290136937981e-02
1.063825669982796853e+03	2.686049400383662689e-01	1.741387867546786428e-01	2.419998975743569702e-01	1.451819340253226731e-01	7.017818776388223823e-02	2.806794242980642853e-02	7.182831141326087576e-02
1.065277001046893474e+03	2.683685241730588977e-01	1.739839324365502482e-01	2.421645714992120002e-01	1.452796616621249981e-01	7.021977834528971008e-02	2.809522233094865692e-02	7.188830955248957932e-02
1.066728332110990095e+03	2.681325125260908271e-01	1.738293371699745626e-01	2.423289688376935869e-01	1.453772076062911367e-01	7.026129077182950711e-02	2.812247543914551950e-02	7.194820764864894025e-02
1.068179663175086489e+03	2.678969043964298247e-01	1.736750005212375769e-01	2.424930900533791289e-01	1.454745722409520881e-01	7.030272520211665321e-02	2.814970155977428515e-02	7.200800602578456833e-02
1.069630994239183110e+03	2.676616990843309618e-01	1.735209220573514510e-01	2.426569356090683971e-01	1.455717559489827506e-01	7.034408179497611546e-02	2.817690050243933444e-02	7.206770500252514255e-02
1.071082325303279504e+03	2.674268958913339489e-01	1.733671013460535426e-01	2.428205059667846721e-01	1.456687591129784409e-01	7.038536070942402745e-02	2.820407208088909767e-02	7.212730489221051700e-02
1.072533656367376352e+03	2.671924941202601378e-01	1.732135379558050192e-01	2.429838015877761881e-01	1.457655821152319675e-01	7.042656210464946775e-02	2.823121611293476219e-02	7.218680600301671801e-02
1.073984987431472746e+03	2.669584930752100793e-01	1.730602314557897758e-01	2.431468229325173536e-01	1.458622253377116207e-01	7.046768613999662700e-02	2.825833242037068330e-02	7.224620863807817983e-02
1.075436318495569594e+03	2.667248920615604146e-01	1.729071814159130471e-01	2.433095704607101117e-01	1.459586891620395788e-01	7.050873297494753000e-02	2.828542082889645704e-02	7.230551309560717677e-02
1.076887649559666215e+03	2.664916903859613773e-01	1.727543874068003804e-01	2.434720446312852449e-01	1.460549739694711191e-01	7.054970276910522975e-02	2.831248116804064782e-02	7.236471966901041053e-02
1.078338980623762609e+03	2.662588873563337399e-01	1.726018489997963312e-01	2.436342459024035678e-01	1.461510801408742732e-01	7.059059568217734837e-02	2.833951327108609475e-02	7.242382864700304401e-02
1.079790311687859230e+03	2.660264822818664276e-01	1.724495657669632975e-01	2.437961747314573713e-01	1.462470080567103425e-01	7.063141187396017318e-02	2.836651697499678604e-02	7.248284031371998726e-02
1.081241642751955851e+03	2.657944744730135200e-01	1.722975372810803263e-01	2.439578315750716153e-01	1.463427580970147746e-01	7.067215150432311355e-02	2.839349212034628783e-02	7.254175494882476871e-02
1.082692973816052472e+03	2.655628632414915868e-01	1.721457631156418366e-01	2.441192168891052339e-01	1.464383306413787056e-01	7.071281473319364352e-02	2.842043855124763013e-02	7.260057282761579744e-02
1.084144304880149093e+03	2.653316479002769124e-01	1.719942428448565097e-01	2.442803311286525225e-01	1.465337260689311416e-01	7.075340172054256360e-02	2.844735611528469502e-02	7.265929422113019676e-02
1.085595635944245487e+03	2.651008277636028865e-01	1.718429760436460396e-01	2.444411747480442765e-01	1.466289447583215000e-01	7.079391262636972049e-02	2.847424466344502039e-02	7.271791939624522305e-02
1.087046967008342108e+03	2.648704021469571179e-01	1.716919622876439400e-01	2.446017482008491228e-01	1.467239870877029007e-01	7.083434761069015706e-02	2.850110405005399500e-02	7.277644861577743651e-02
1.088498298072438729e+03	2.646403703670789920e-01	1.715412011531943781e-01	2.447620519398748806e-01	1.468188534347159291e-01	7.087470683352052603e-02	2.852793413271046200e-02	7.283488213857952642e-02
1.089949629136535123e+03	2.644107317419567282e-01	1.713906922173510095e-01	2.449220864171697820e-01	1.469135441764727046e-01	7.091499045486603092e-02	2.855473477222361320e-02	7.289322021963483278e-02
1.091400960200631971e+03	2.641814855908247717e-01	1.712404350578757561e-01	2.450818520840236936e-01	1.470080596895418090e-01	7.095519863470761690e-02	2.858150583255123986e-02	7.295146311014985563e-02
1.092852291264728365e+03	2.639526312341611280e-01	1.710904292532375581e-01	2.452413493909695319e-01	1.471024003499333543e-01	7.099533153298952237e-02	2.860824718073924633e-02	7.300961105764440517e-02
1.094303622328825213e+03	2.637241679936846994e-01	1.709406743826112629e-01	2.454005787877844291e-01	1.471965665330847717e-01	7.103538930960726083e-02	2.863495868686243007e-02	7.306766430603990614e-02
1.095754953392921607e+03	2.634960951923525085e-01	1.707911700258764875e-01	2.455595407234910099e-01	1.472905586138468781e-01	7.107537212439590801e-02	2.866164022396647248e-02	7.312562309574548169e-02
1.097206284457018228e+03	2.632684121543572009e-01	1.706419157636163142e-01	2.457182356463587514e-01	1.473843769664706371e-01	7.111528013711865270e-02	2.868829166801115452e-02	7.318348766374210834e-02
1.098657615521114849e+03	2.630411182051242136e-01	1.704929111771162076e-01	2.458766640039050932e-01	1.474780219645940305e-01	7.115511350745572228e-02	2.871491289781473444e-02	7.324125824366482795e-02
1.100108946585211470e+03	2.628142126713093329e-01	1.703441558483627938e-01	2.460348262428968258e-01	1.475714939812297344e-01	7.119487239499369680e-02	2.874150379499948796e-02	7.329893506588307239e-02
1.101560277649308091e+03	2.625876948807956968e-01	1.701956493600426668e-01	2.461927228093513664e-01	1.476647933887527964e-01	7.123455695921500352e-02	2.876806424393835507e-02	7.335651835757903139e-02
1.103011608713404712e+03	2.623615641626916295e-01	1.700473912955413336e-01	2.463503541485379811e-01	1.477579205588890887e-01	7.127416735948782778e-02	2.879459413170271792e-02	7.341400834282432730e-02
1.104462939777501106e+03	2.621358198473277001e-01	1.698993812389419100e-01	2.465077207049789776e-01	1.478508758627040676e-01	7.131370375505619030e-02	2.882109334801122302e-02	7.347140524265485806e-02
1.105914270841597499e+03	2.619104612662540577e-01	1.697516187750240102e-01	2.466648229224511213e-01	1.479436596705917539e-01	7.135316630503048263e-02	2.884756178517968936e-02	7.352870927514384980e-02
1.107365601905694348e+03	2.616854877522380440e-01	1.696041034892625532e-01	2.468216612439866897e-01	1.480362723522642421e-01	7.139255516837811344e-02	2.887399933807202612e-02	7.358592065547331362e-02
1.108816932969790741e+03	2.614608986392615853e-01	1.694568349678265973e-01	2.469782361118748881e-01	1.481287142767415688e-01	7.143187050391451576e-02	2.890040590405216353e-02	7.364303959600371208e-02
1.110268264033887590e+03	2.612366932625183047e-01	1.693098127975782297e-01	2.471345479676629875e-01	1.482209858123419433e-01	7.147111247029447334e-02	2.892678138293698631e-02	7.370006630634214073e-02
1.111719595097984211e+03	2.610128709584111917e-01	1.691630365660713731e-01	2.472905972521576567e-01	1.483130873266722549e-01	7.151028122600357195e-02	2.895312567695021780e-02	7.375700099340883054e-02
1.113170926162080832e+03	2.607894310645498814e-01	1.690165058615505922e-01	2.474463844054262396e-01	1.484050191866190249e-01	7.154937692935001148e-02	2.897943869067725123e-02	7.381384386150208199e-02
1.114622257226177226e+03	2.605663729197482126e-01	1.688702202729500113e-01	2.476019098667978646e-01	1.484967817583396354e-01	7.158839973845662619e-02	2.900572033102091427e-02	7.387059511236181153e-02
1.116073588290273847e+03	2.603436958640215626e-01	1.687241793898920927e-01	2.477571740748647777e-01	1.485883754072538920e-01	7.162734981125318257e-02	2.903197050715812869e-02	7.392725494523143259e-02
1.117524919354370468e+03	2.601213992385844054e-01	1.685783828026864994e-01	2.479121774674835077e-01	1.486798004980358912e-01	7.166622730546885756e-02	2.905818913049747210e-02	7.398382355691848766e-02
1.118976250418467089e+03	2.598994823858472580e-01	1.684328301023289842e-01	2.480669204817762818e-01	1.487710573946062487e-01	7.170503237862502210e-02	2.908437611463758621e-02	7.404030114185369826e-02
1.120427581482563710e+03	2.596779446494150156e-01	1.682875208805001965e-01	2.482214035541320252e-01	1.488621464601246058e-01	7.174376518802814962e-02	2.911053137532644206e-02	7.409668789214866880e-02
1.121878912546660331e+03	2.594567853740835650e-01	1.681424547295644889e-01	2.483756271202078314e-01	1.489530680569823573e-01	7.178242589076307134e-02	2.913665483042143442e-02	7.415298399765235526e-02
1.123330243610756725e+03	2.592360039058378418e-01	1.679976312425689178e-01	2.485295916149299345e-01	1.490438225467958233e-01	7.182101464368631505e-02	2.916274639985030545e-02	7.420918964600600742e-02
1.124781574674853118e+03	2.590155995918488330e-01	1.678530500132419667e-01	2.486832974724951517e-01	1.491344102903995605e-01	7.185953160341979062e-02	2.918880600557281768e-02	7.426530502269705625e-02
1.126232905738949967e+03	2.587955717804714117e-01	1.677087106359924640e-01	2.488367451263720220e-01	1.492248316478399228e-01	7.189797692634454507e-02	2.921483357154325278e-02	7.432133031111154420e-02
1.127684236803046360e+03	2.585759198212416732e-01	1.675646127059084167e-01	2.489899350093020824e-01	1.493150869783691492e-01	7.193635076859483668e-02	2.924082902367365275e-02	7.437726569258537590e-02
1.129135567867143209e+03	2.583566430648744361e-01	1.674207558187559008e-01	2.491428675533009507e-01	1.494051766404393411e-01	7.197465328605229251e-02	2.926679228979779321e-02	7.443311134645444471e-02
1.130586898931239830e+03	2.581377408632608006e-01	1.672771395709779230e-01	2.492955431896597684e-01	1.494951009916969942e-01	7.201288463434035725e-02	2.929272329963589910e-02	7.448886745010348254e-02
1.132038229995336451e+03	2.579192125694655391e-01	1.671337635596932270e-01	2.494479623489461728e-01	1.495848603889776141e-01	7.205104496881886700e-02	2.931862198476007514e-02	7.454453417901377166e-02
1.133489561059432845e+03	2.577010575377246537e-01	1.669906273826952114e-01	2.496001254610057674e-01	1.496744551883005536e-01	7.208913444457881736e-02	2.934448827856043010e-02	7.460011170680977410e-02
1.134940892123529466e+03	2.574832751234430450e-01	1.668477306384508474e-01	2.497520329549631490e-01	1.497638857448642669e-01	7.212715321643733968e-02	2.937032211621186731e-02	7.465560020530466467e-02
1.136392223187626087e+03	2.572658646831918472e-01	1.667050729260994846e-01	2.499036852592231572e-01	1.498531524130415904e-01	7.216510143893277440e-02	2.939612343464156896e-02	7.471099984454472598e-02
1.137843554251722708e+03	2.570488255747060413e-01	1.665626538454517136e-01	2.500550828014721505e-01	1.499422555463753859e-01	7.220297926632000818e-02	2.942189217249712926e-02	7.476631079285271653e-02
1.139294885315819101e+03	2.568321571568819572e-01	1.664204729969882834e-01	2.502062260086791445e-01	1.500311954975742934e-01	7.224078685256588028e-02	2.944762827011531206e-02	7.482153321687026737e-02
1.140746216379915950e+03	2.566158587897748866e-01	1.662785299818589635e-01	2.503571153070970889e-01	1.501199726185087069e-01	7.227852435134485276e-02	2.947333166949144337e-02	7.487666728159921015e-02
1.142197547444012343e+03	2.563999298345965849e-01	1.661368244018814055e-01	2.505077511222639775e-01	1.502085872602070826e-01	7.231619191603473606e-02	2.949900231424942149e-02	7.493171315044191982e-02
1.143648878508108737e+03	2.561843696537128845e-01	1.659953558595400891e-01	2.506581338790042079e-01	1.502970397728523311e-01	7.235378969971260898e-02	2.952464014961230995e-02	7.498667098524078312e-02
1.145100209572205586e+03	2.559691776106411965e-01	1.658541239579851001e-01	2.508082640014295261e-01	1.503853305057783196e-01	7.239131785515091899e-02	2.955024512237355155e-02	7.504154094631662608e-02
1.146551540636302207e+03	2.557543530700481238e-01	1.657131283010311318e-01	2.509581419129404134e-01	1.504734598074669027e-01	7.242877653481369360e-02	2.957581718086871314e-02	7.509632319250629517e-02
1.148002871700398828e+03	2.555398953977470744e-01	1.655723684931562356e-01	2.511077680362273634e-01	1.505614280255446469e-01	7.246616589085284887e-02	2.960135627494782720e-02	7.515101788119930848e-02
1.149454202764495449e+03	2.553258039606958185e-01	1.654318441395008221e-01	2.512571427932718260e-01	1.506492355067801381e-01	7.250348607510476162e-02	2.962686235594826079e-02	7.520562516837366041e-02
1.150905533828591842e+03	2.551120781269941018e-01	1.652915548458665784e-01	2.514062666053475392e-01	1.507368825970813453e-01	7.254073723908681381e-02	2.965233537666812913e-02	7.526014520863073820e-02
1.152356864892688463e+03	2.548987172658812583e-01	1.651515002187152192e-01	2.515551398930218618e-01	1.508243696414930946e-01	7.257791953399424234e-02	2.967777529134025746e-02	7.531457815522941968e-02
1.153808195956785084e+03	2.546857207477336016e-01	1.650116798651675154e-01	2.517037630761566058e-01	1.509116969841946543e-01	7.261503311069690547e-02	2.970318205560661465e-02	7.536892416011940765e-02
1.155259527020881706e+03	2.544730879440625371e-01	1.648720933930021004e-01	2.518521365739094797e-01	1.509988649684977369e-01	7.265207811973642404e-02	2.972855562649329847e-02	7.542318337397364847e-02
1.156710858084978327e+03	2.542608182275116202e-01	1.647327404106544158e-01	2.520002608047354209e-01	1.510858739368444170e-01	7.268905471132322549e-02	2.975389596238597889e-02	7.547735594622008437e-02
1.158162189149074720e+03	2.540489109718547245e-01	1.645936205272155450e-01	2.521481361863873727e-01	1.511727242308052166e-01	7.272596303533383766e-02	2.977920302300584438e-02	7.553144202507260097e-02
1.159613520213171569e+03	2.538373655519931549e-01	1.644547333524312704e-01	2.522957631359177277e-01	1.512594161910775781e-01	7.276280324130822430e-02	2.980447676938602006e-02	7.558544175756119754e-02
1.161064851277267962e+03	2.536261813439537049e-01	1.643160784967008514e-01	2.524431420696793826e-01	1.513459501574840604e-01	7.279957547844727317e-02	2.982971716384843694e-02	7.563935528956150511e-02
1.162516182341364356e+03	2.534153577248860478e-01	1.641776555710758589e-01	2.525902734033271257e-01	1.514323264689711179e-01	7.283627989561038130e-02	2.985492416998116946e-02	7.569318276582352734e-02
1.163967513405461204e+03	2.532048940730605713e-01	1.640394641872592874e-01	2.527371575518184699e-01	1.515185454636077955e-01	7.287291664131316515e-02	2.988009775261620329e-02	7.574692432999972913e-02
1.165418844469557826e+03	2.529947897678658797e-01	1.639015039576042776e-01	2.528837949294152065e-01	1.516046074785844799e-01	7.290948586372526796e-02	2.990523787780765413e-02	7.580058012467243145e-02
1.166870175533654447e+03	2.527850441898065736e-01	1.637637744951131735e-01	2.530301859496843497e-01	1.516905128502119837e-01	7.294598771066818088e-02	2.993034451281039593e-02	7.585415029138053988e-02
1.168321506597751068e+03	2.525756567205010295e-01	1.636262754134363007e-01	2.531763310254993016e-01	1.517762619139206015e-01	7.298242232961332787e-02	2.995541762605911582e-02	7.590763497064557941e-02
1.169772837661847461e+03	2.523666267426787901e-01	1.634890063268709948e-01	2.533222305690410181e-01	1.518618550042593607e-01	7.301878986768013668e-02	2.998045718714776112e-02	7.596103430199724338e-02
1.171224168725944082e+03	2.521579536401785671e-01	1.633519668503604083e-01	2.534678849917992305e-01	1.519472924548953829e-01	7.305509047163419312e-02	3.000546316680940961e-02	7.601434842399815150e-02
1.172675499790040703e+03	2.519496367979456308e-01	1.632151565994925668e-01	2.536132947045736663e-01	1.520325745986133292e-01	7.309132428788553404e-02	3.003043553689651798e-02	7.606757747426812211e-02
1.174126830854137097e+03	2.517416756020297575e-01	1.630785751904991476e-01	2.537584601174751597e-01	1.521177017673150111e-01	7.312749146248705145e-02	3.005537427036153106e-02	7.612072158950779210e-02
1.175578161918233945e+03	2.515340694395828414e-01	1.629422222402544806e-01	2.539033816399267063e-01	1.522026742920190301e-01	7.316359214113288267e-02	3.008027934123791089e-02	7.617378090552166803e-02
1.177029492982330339e+03	2.513268176988566194e-01	1.628060973662744937e-01	2.540480596806646285e-01	1.522874925028606108e-01	7.319962646915702253e-02	3.010515072462149888e-02	7.622675555724067742e-02
1.178480824046426733e+03	2.511199197692004503e-01	1.626702001867155467e-01	2.541924946477399638e-01	1.523721567290914902e-01	7.323559459153183848e-02	3.012998839665223180e-02	7.627964567874405410e-02
1.179932155110523581e+03	2.509133750410590391e-01	1.625345303203734049e-01	2.543366869485193527e-01	1.524566672990799177e-01	7.327149665286689095e-02	3.015479233449623944e-02	7.633245140328076550e-02
1.181383486174620202e+03	2.507071829059699386e-01	1.623990873866822116e-01	2.544806369896863152e-01	1.525410245403107101e-01	7.330733279740761499e-02	3.017956251632826492e-02	7.638517286329046807e-02
1.182834817238716823e+03	2.505013427565617179e-01	1.622638710057133782e-01	2.546243451772425281e-01	1.526252287793856133e-01	7.334310316903422389e-02	3.020429892131441460e-02	7.643781019042379665e-02
1.184286148302813444e+03	2.502958539865512977e-01	1.621288807981745017e-01	2.547678119165084909e-01	1.527092803420232736e-01	7.337880791126062674e-02	3.022900152959525841e-02	7.649036351556226521e-02
1.185737479366910065e+03	2.500907159907418964e-01	1.619941163854083932e-01	2.549110376121251909e-01	1.527931795530599324e-01	7.341444716723340147e-02	3.025367032226923894e-02	7.654283296883765408e-02
1.187188810431006686e+03	2.498859281650208930e-01	1.618595773893918011e-01	2.550540226680551581e-01	1.528769267364496753e-01	7.345002107973092054e-02	3.027830528137639976e-02	7.659521867965092545e-02
1.188640141495103080e+03	2.496814899063573845e-01	1.617252634327346061e-01	2.551967674875831871e-01	1.529605222152650990e-01	7.348552979116240724e-02	3.030290638988241900e-02	7.664752077669063912e-02
1.190091472559199701e+03	2.494774006128000488e-01	1.615911741386785727e-01	2.553392724733181685e-01	1.530439663116978377e-01	7.352097344356722797e-02	3.032747363166296908e-02	7.669973938795093815e-02
1.191542803623296322e+03	2.492736596834750351e-01	1.614573091310964326e-01	2.554815380271935887e-01	1.531272593470593135e-01	7.355635217861405950e-02	3.035200699148831588e-02	7.675187464074907651e-02
1.192994134687392716e+03	2.490702665185835218e-01	1.613236680344906360e-01	2.556235645504689735e-01	1.532104016417815406e-01	7.359166613760030617e-02	3.037650645500828556e-02	7.680392666174254424e-02
1.194445465751489564e+03	2.488672205193997178e-01	1.611902504739925468e-01	2.557653524437310533e-01	1.532933935154179306e-01	7.362691546145144761e-02	3.040097200873745006e-02	7.685589557694569307e-02
1.195896796815585958e+03	2.486645210882685308e-01	1.610570560753611657e-01	2.559069021068946514e-01	1.533762352866443190e-01	7.366210029072048360e-02	3.042540364004063178e-02	7.690778151174604282e-02
1.197348127879682352e+03	2.484621676286034309e-01	1.609240844649822144e-01	2.560482139392041279e-01	1.534589272732598264e-01	7.369722076558746227e-02	3.044980133711865100e-02	7.695958459092008819e-02
1.198799458943779200e+03	2.482601595448842846e-01	1.607913352698670528e-01	2.561892883392343223e-01	1.535414697921879679e-01	7.373227702585904986e-02	3.047416508899437187e-02	7.701130493864878634e-02
1.200250790007875821e+03	2.480584962426551077e-01	1.606588081176515970e-01	2.563301257048916648e-01	1.536238631594779025e-01	7.376726921096808665e-02	3.049849488549898416e-02	7.706294267853257274e-02
1.201702121071972442e+03	2.478571771285218994e-01	1.605265026365952918e-01	2.564707264334152859e-01	1.537061076903054602e-01	7.380219745997336489e-02	3.052279071725854179e-02	7.711449793360609928e-02
1.203153452136069063e+03	2.476562016101505059e-01	1.603944184555800567e-01	2.566110909213783486e-01	1.537882036989745016e-01	7.383706191155922638e-02	3.054705257568078244e-02	7.716597082635254234e-02
1.204604783200165684e+03	2.474555690962644827e-01	1.602625552041092860e-01	2.567512195646888817e-01	1.538701514989181951e-01	7.387186270403545141e-02	3.057128045294214141e-02	7.721736147871753608e-02
1.206056114264262078e+03	2.472552789966428466e-01	1.601309125123068222e-01	2.568911127585911114e-01	1.539519514027004321e-01	7.390659997533698122e-02	3.059547434197506383e-02	7.726867001212278652e-02
1.207507445328358699e+03	2.470553307221179939e-01	1.599994900109157903e-01	2.570307708976664052e-01	1.540336037220171594e-01	7.394127386302386251e-02	3.061963423645549728e-02	7.731989654747929708e-02
1.208958776392455093e+03	2.468557236845735636e-01	1.598682873312976815e-01	2.571701943758345488e-01	1.541151087676980724e-01	7.397588450428112250e-02	3.064376013079066555e-02	7.737104120520035822e-02
1.210410107456551941e+03	2.466564572969421887e-01	1.597373041054312992e-01	2.573093835863548562e-01	1.541964668497078639e-01	7.401043203591871344e-02	3.066785202010701566e-02	7.742210410521406516e-02
1.211861438520648335e+03	2.464575309732034980e-01	1.596065399659117034e-01	2.574483389218271134e-01	1.542776782771480837e-01	7.404491659437155426e-02	3.069190990023843574e-02	7.747308536697564141e-02
1.213312769584745183e+03	2.462589441283819514e-01	1.594759945459491013e-01	2.575870607741926888e-01	1.543587433582586377e-01	7.407933831569958605e-02	3.071593376771466349e-02	7.752398510947937360e-02
1.214764100648841804e+03	2.460606961785446467e-01	1.593456674793680417e-01	2.577255495347359204e-01	1.544396624004194529e-01	7.411369733558777206e-02	3.073992361974989956e-02	7.757480345127025501e-02
1.216215431712937971e+03	2.458627865407992941e-01	1.592155584006061109e-01	2.578638055940849494e-01	1.545204357101523374e-01	7.414799378934633367e-02	3.076387945423166362e-02	7.762554051045535142e-02
1.217666762777034819e+03	2.456652146332920506e-01	1.590856669447131000e-01	2.580018293422128850e-01	1.546010635931225619e-01	7.418222781191081971e-02	3.078780126970980316e-02	7.767619640471483400e-02
1.219118093841131440e+03	2.454679798752054387e-01	1.589559927473498946e-01	2.581396211684389153e-01	1.546815463541408864e-01	7.421639953784237020e-02	3.081168906538574170e-02	7.772677125131280396e-02
1.220569424905228061e+03	2.452710816867562371e-01	1.588265354447875310e-01	2.582771814614294725e-01	1.547618842971652808e-01	7.425050910132792448e-02	3.083554284110192126e-02	7.777726516710771476e-02
1.222020755969324682e+03	2.450745194891933432e-01	1.586972946739060308e-01	2.584145106091993438e-01	1.548420777253028680e-01	7.428455663618049876e-02	3.085936259733140438e-02	7.782767826856265558e-02
1.223472087033421303e+03	2.448782927047958025e-01	1.585682700721934846e-01	2.585516089991125033e-01	1.549221269408118662e-01	7.431854227583951922e-02	3.088314833516769484e-02	7.787801067175530167e-02
1.224923418097517697e+03	2.446824007568706716e-01	1.584394612777450528e-01	2.586884770178835558e-01	1.550020322451035326e-01	7.435246615337108567e-02	3.090690005631472823e-02	7.792826249238754555e-02
1.226374749161614318e+03	2.444868430697508810e-01	1.583108679292618837e-01	2.588251150515786247e-01	1.550817939387443001e-01	7.438632840146847114e-02	3.093061776307704652e-02	7.797843384579504489e-02
1.227826080225710712e+03	2.442916190687932088e-01	1.581824896660501134e-01	2.589615234856164627e-01	1.551614123214576091e-01	7.442012915245239946e-02	3.095430145835014954e-02	7.802852484695635416e-02
1.229277411289807560e+03	2.440967281803762545e-01	1.580543261280199230e-01	2.590977027047695058e-01	1.552408876921261838e-01	7.445386853827154483e-02	3.097795114561101640e-02	7.807853561050186186e-02
1.230728742353903954e+03	2.439021698318983578e-01	1.579263769556843999e-01	2.592336530931652616e-01	1.553202203487940303e-01	7.448754669050297594e-02	3.100156682890878659e-02	7.812846625072256135e-02
1.232180073418000802e+03	2.437079434517755161e-01	1.577986417901586225e-01	2.593693750342868642e-01	1.553994105886686294e-01	7.452116374035266944e-02	3.102514851285563535e-02	7.817831688157848846e-02
1.233631404482097196e+03	2.435140484694393592e-01	1.576711202731586325e-01	2.595048689109745732e-01	1.554784587081230463e-01	7.455471981865599562e-02	3.104869620261777735e-02	7.822808761670703437e-02
1.235082735546193817e+03	2.433204843153350949e-01	1.575438120470004089e-01	2.596401351054268281e-01	1.555573650026982058e-01	7.458821505587827361e-02	3.107220990390665086e-02	7.827777856943096690e-02
1.236534066610290438e+03	2.431272504209195384e-01	1.574167167545988955e-01	2.597751739992009701e-01	1.556361297671051136e-01	7.462164958211539578e-02	3.109568962297025452e-02	7.832738985276624377e-02
1.237985397674387059e+03	2.429343462186589753e-01	1.572898340394669470e-01	2.599099859732147966e-01	1.557147532952270486e-01	7.465502352709432743e-02	3.111913536658463680e-02	7.837692157942963145e-02
1.239436728738483680e+03	2.427417711420272184e-01	1.571631635457144127e-01	2.600445714077473380e-01	1.557932358801218664e-01	7.468833702017382836e-02	3.114254714204552077e-02	7.842637386184615755e-02
1.240888059802580301e+03	2.425495246255035819e-01	1.570367049180470265e-01	2.601789306824400239e-01	1.558715778140243313e-01	7.472159019034502192e-02	3.116592495716009881e-02	7.847574681215628567e-02
1.242339390866676695e+03	2.423576061045708274e-01	1.569104578017654905e-01	2.603130641762976261e-01	1.559497793883484196e-01	7.475478316623210273e-02	3.118926882023895231e-02	7.852504054222297913e-02
1.243790721930773088e+03	2.421660150157131375e-01	1.567844218427644487e-01	2.604469722676895915e-01	1.560278408936896510e-01	7.478791607609298897e-02	3.121257874008812744e-02	7.857425516363845952e-02
1.245242052994869937e+03	2.419747507964142286e-01	1.566585966875314595e-01	2.605806553343508192e-01	1.561057626198275039e-01	7.482098904782007176e-02	3.123585472600133583e-02	7.862339078773095125e-02
1.246693384058966330e+03	2.417838128851552415e-01	1.565329819831461355e-01	2.607141137533829367e-01	1.561835448557277739e-01	7.485400220894092294e-02	3.125909678775229406e-02	7.867244752557103760e-02
1.248144715123063179e+03	2.415932007214128541e-01	1.564075773772789502e-01	2.608473479012552998e-01	1.562611878895449613e-01	7.488695568661907220e-02	3.128230493558720182e-02	7.872142548797804451e-02
1.249596046187159800e+03	2.414029137456571161e-01	1.562823825181904325e-01	2.609803581538060469e-01	1.563386920086246856e-01	7.491984960765474266e-02	3.130547918021734516e-02	7.877032478552609129e-02
1.251047377251256421e+03	2.412129513993496455e-01	1.561573970547300294e-01	2.611131448862429871e-01	1.564160574995062669e-01	7.495268409848565572e-02	3.132861953281183137e-02	7.881914552855004419e-02
1.252498708315352815e+03	2.410233131249415739e-01	1.560326206363352175e-01	2.612457084731450996e-01	1.564932846479249462e-01	7.498545928518782211e-02	3.135172600499043505e-02	7.886788782715133117e-02
1.253950039379449436e+03	2.408339983658715766e-01	1.559080529130305315e-01	2.613780492884631435e-01	1.565703737388146333e-01	7.501817529347641622e-02	3.137479860881656896e-02	7.891655179120354857e-02
1.255401370443546057e+03	2.406450065665640126e-01	1.557836935354264818e-01	2.615101677055209350e-01	1.566473250563101827e-01	7.505083224870653935e-02	3.139783735679041454e-02	7.896513753035787342e-02
1.256852701507642678e+03	2.404563371724267595e-01	1.556595421547186664e-01	2.616420640970164024e-01	1.567241388837499749e-01	7.508343027587412177e-02	3.142084226184211487e-02	7.901364515404844802e-02
1.258304032571739299e+03	2.402679896298494377e-01	1.555355984226867438e-01	2.617737388350224181e-01	1.568008155036784979e-01	7.511596949961679703e-02	3.144381333732509248e-02	7.906207477149750085e-02
1.259755363635835920e+03	2.400799633862014115e-01	1.554118619916934341e-01	2.619051922909882979e-01	1.568773551978487613e-01	7.514845004421474850e-02	3.146675059700952681e-02	7.911042649172035646e-02
1.261206694699932314e+03	2.398922578898298186e-01	1.552883325146836579e-01	2.620364248357402448e-01	1.569537582472249337e-01	7.518087203359166693e-02	3.148965405507587328e-02	7.915870042353034819e-02
1.262658025764028707e+03	2.397048725900575994e-01	1.551650096451834271e-01	2.621674368394829591e-01	1.570300249319848407e-01	7.521323559131563863e-02	3.151252372610855584e-02	7.920689667554352276e-02
1.264109356828125556e+03	2.395178069371816931e-01	1.550418930372989001e-01	2.622982286718004152e-01	1.571061555315225455e-01	7.524554084060003367e-02	3.153535962508972196e-02	7.925501535618323379e-02
1.265560687892221949e+03	2.393310603824710114e-01	1.549189823457154669e-01	2.624288007016568613e-01	1.571821503244510143e-01	7.527778790430450506e-02	3.155816176739311557e-02	7.930305657368459660e-02
1.267012018956318798e+03	2.391446323781645233e-01	1.547962772256966935e-01	2.625591532973979847e-01	1.572580095886045026e-01	7.530997690493591856e-02	3.158093016877805415e-02	7.935102043609888745e-02
1.268463350020415419e+03	2.389585223774693679e-01	1.546737773330835175e-01	2.626892868267518000e-01	1.573337336010413867e-01	7.534210796464929638e-02	3.160366484538351672e-02	7.939890705129772075e-02
1.269914681084511813e+03	2.387727298345588556e-01	1.545514823242930547e-01	2.628192016568299261e-01	1.574093226380466060e-01	7.537418120524883025e-02	3.162636581372229444e-02	7.944671652697711528e-02
1.271366012148608434e+03	2.385872542045707201e-01	1.544293918563177659e-01	2.629488981541283632e-01	1.574847769751342441e-01	7.540619674818882512e-02	3.164903309067528675e-02	7.949444897066150484e-02
1.272817343212705055e+03	2.384020949436050640e-01	1.543075055867245415e-01	2.630783766845287142e-01	1.575600968870503049e-01	7.543815471457473998e-02	3.167166669348584623e-02	7.954210448970752689e-02
1.274268674276801676e+03	2.382172515087224995e-01	1.541858231736535634e-01	2.632076376132991835e-01	1.576352826477752100e-01	7.547005522516414544e-02	3.169426663975425523e-02	7.958968319130786673e-02
1.275720005340898297e+03	2.380327233579423718e-01	1.540643442758175830e-01	2.633366813050954658e-01	1.577103345305264637e-01	7.550189840036777844e-02	3.171683294743227188e-02	7.963718518249476852e-02
1.277171336404994690e+03	2.378485099502407329e-01	1.539430685525007003e-01	2.634655081239619112e-01	1.577852528077613448e-01	7.553368436025056920e-02	3.173936563481773859e-02	7.968461057014365745e-02
1.278622667469091539e+03	2.376646107455484824e-01	1.538219956635576702e-01	2.635941184333326359e-01	1.578600377511793773e-01	7.556541322453264042e-02	3.176186472054935706e-02	7.973195946097649811e-02
1.280073998533187932e+03	2.374810252047495907e-01	1.537011252694127361e-01	2.637225125960322436e-01	1.579346896317251892e-01	7.559708511259037589e-02	3.178433022360146326e-02	7.977923196156508356e-02
1.281525329597284326e+03	2.372977527896790728e-01	1.535804570310587980e-01	2.638506909742771578e-01	1.580092087195909822e-01	7.562870014345743352e-02	3.180676216327894129e-02	7.982642817833431048e-02
1.282976660661381175e+03	2.371147929631212403e-01	1.534599906100563294e-01	2.639786539296765100e-01	1.580835952842193082e-01	7.566025843582586952e-02	3.182916055921218568e-02	7.987354821756524614e-02
1.284427991725477568e+03	2.369321451888078134e-01	1.533397256685326282e-01	2.641064018232331390e-01	1.581578495943056772e-01	7.569176010804715138e-02	3.185152543135217479e-02	7.992059218539813992e-02
1.285879322789574417e+03	2.367498089314159782e-01	1.532196618691807066e-01	2.642339350153446453e-01	1.582319719178011674e-01	7.572320527813322655e-02	3.187385679996560667e-02	7.996756018783540698e-02
1.287330653853671038e+03	2.365677836565667214e-01	1.530997988752583749e-01	2.643612538658043909e-01	1.583059625219151445e-01	7.575459406375763260e-02	3.189615468563010425e-02	8.001445233074439001e-02
1.288781984917767431e+03	2.363860688308227764e-01	1.529801363505873257e-01	2.644883587338026087e-01	1.583798216731178987e-01	7.578592658225656586e-02	3.191841910922953163e-02	8.006126871986010696e-02
1.290233315981864052e+03	2.362046639216869026e-01	1.528606739595521902e-01	2.646152499779272360e-01	1.584535496371433094e-01	7.581720295062992221e-02	3.194065009194932414e-02	8.010800946078795726e-02
