1.001418434226643626e+03	2.791984276877472748e-01	1.810190276128073317e-01	2.346255987902468587e-01	1.407841841710798514e-01	6.831854301648780659e-02	2.689959305683612897e-02	6.915462566446592407e-02
1.002869765290740247e+03	2.789447970058861470e-01	1.808519241929935351e-01	2.348020528664652995e-01	1.408898582039979919e-01	6.836353015557034007e-02	2.692801477510437663e-02	6.921982279965338547e-02
1.004321096354836754e+03	2.786915995538055135e-01	1.806851011274773211e-01	2.349782100064923551e-01	1.409953321775665736e-01	6.840843151172995573e-02	2.695642275976393998e-02	6.928490286283545130e-02
1.005772427418933376e+03	2.784388345756729222e-01	1.805185579456132783e-01	2.351540707092040217e-01	1.411006065111202190e-01	6.845324723471996053e-02	2.698481654879120520e-02	6.934986647454950692e-02
1.007223758483029997e+03	2.781865013170036760e-01	1.803522941775462518e-01	2.353296354726371609e-01	1.412056816258207559e-01	6.849797747635186229e-02	2.701319568957432152e-02	6.941471424073705765e-02
1.008675089547126618e+03	2.779345990246613329e-01	1.801863093542100391e-01	2.355049047939909990e-01	1.413105579445413373e-01	6.854262239040773141e-02	2.704155973871102611e-02	6.947944675314857155e-02
1.010126420611223239e+03	2.776831269468583163e-01	1.800206030073258912e-01	2.356798791696285422e-01	1.414152358917543373e-01	6.858718213255508844e-02	2.706990826181132626e-02	6.954406458973753924e-02
1.011577751675319632e+03	2.774320843331561925e-01	1.798551746694014575e-01	2.358545590950779092e-01	1.415197158934223820e-01	6.863165686026433121e-02	2.709824083330486869e-02	6.960856831504387554e-02
1.013029082739416367e+03	2.771814704344662816e-01	1.796900238737292044e-01	2.360289450650338294e-01	1.416239983768933786e-01	6.867604673272857674e-02	2.712655703625293027e-02	6.967295848056688501e-02
1.014480413803512761e+03	2.769312845030496018e-01	1.795251501543851935e-01	2.362030375733589205e-01	1.417280837707984853e-01	6.872035191078572358e-02	2.715485646216487040e-02	6.973723562512826324e-02
1.015931744867609382e+03	2.766815257925172022e-01	1.793605530462278885e-01	2.363768371130852419e-01	1.418319725049534685e-01	6.876457255684299830e-02	2.718313871081896871e-02	6.980140027522527268e-02
1.017383075931706003e+03	2.764321935578299416e-01	1.791962320848966284e-01	2.365503441764156556e-01	1.419356650102633621e-01	6.880870883480362521e-02	2.721140339008751297e-02	6.986545294537427342e-02
1.018834406995802851e+03	2.761832870552987096e-01	1.790321868068104061e-01	2.367235592547251299e-01	1.420391617186299582e-01	6.885276090999566112e-02	2.723965011576602938e-02	6.992939413844510843e-02
1.020285738059899245e+03	2.759348055425837609e-01	1.788684167491667032e-01	2.368964828385621557e-01	1.421424630628624064e-01	6.889672894910302270e-02	2.726787851140657568e-02	6.999322434598630183e-02
1.021737069123995752e+03	2.756867482786948820e-01	1.787049214499399630e-01	2.370691154176502724e-01	1.422455694765908107e-01	6.894061312009849840e-02	2.729608820815495468e-02	7.005694404854161117e-02
1.023188400188092373e+03	2.754391145239905025e-01	1.785417004478803693e-01	2.372414574808892895e-01	1.423484813941823246e-01	6.898441359217882818e-02	2.732427884459179626e-02	7.012055371595786457e-02
1.024639731252188767e+03	2.751919035401777514e-01	1.783787532825125421e-01	2.374135095163568410e-01	1.424511992506602709e-01	6.902813053570165669e-02	2.735245006657736899e-02	7.018405380768451274e-02
1.026091062316285615e+03	2.749451145903115123e-01	1.782160794941342885e-01	2.375852720113096617e-01	1.425537234816258714e-01	6.907176412212451266e-02	2.738060152710004164e-02	7.024744477306506252e-02
1.027542393380382237e+03	2.746987469387938696e-01	1.780536786238152147e-01	2.377567454521849477e-01	1.426560545231824184e-01	6.911531452394553687e-02	2.740873288612832859e-02	7.031072705162068337e-02
1.028993724444478858e+03	2.744527998513732747e-01	1.778915502133955051e-01	2.379279303246017718e-01	1.427581928118620835e-01	6.915878191464605584e-02	2.743684381046638740e-02	7.037390107332591738e-02
1.030445055508575479e+03	2.742072725951439360e-01	1.777296938054845621e-01	2.380988271133625267e-01	1.428601387845550019e-01	6.920216646863487642e-02	2.746493397361290945e-02	7.043696725887715893e-02
1.031896386572671872e+03	2.739621644385447086e-01	1.775681089434597848e-01	2.382694363024542572e-01	1.429618928784408549e-01	6.924546836119437054e-02	2.749300305562330307e-02	7.049992601995361263e-02
1.033347717636768493e+03	2.737174746513583723e-01	1.774067951714651814e-01	2.384397583750500205e-01	1.430634555309228118e-01	6.928868776842807276e-02	2.752105074297509987e-02	7.056277775947131237e-02
1.034799048700865114e+03	2.734732025047102444e-01	1.772457520344102588e-01	2.386097938135102459e-01	1.431648271795634142e-01	6.933182486721006788e-02	2.754907672843650082e-02	7.062552287183017363e-02
1.036250379764961508e+03	2.732293472710672910e-01	1.770849790779685240e-01	2.387795430993841783e-01	1.432660082620228759e-01	6.937487983513578038e-02	2.757708071093797550e-02	7.068816174315428746e-02
1.037701710829058356e+03	2.729859082242369617e-01	1.769244758485762903e-01	2.389490067134111273e-01	1.433669992159993800e-01	6.941785285047444298e-02	2.760506239544683812e-02	7.075069475152580278e-02
1.039153041893154750e+03	2.727428846393659678e-01	1.767642418934314841e-01	2.391181851355219379e-01	1.434678004791715145e-01	6.946074409212293910e-02	2.763302149284474138e-02	7.081312226721225844e-02
1.040604372957251599e+03	2.725002757929386732e-01	1.766042767604922015e-01	2.392870788448403507e-01	1.435684124891424829e-01	6.950355373956115801e-02	2.766095771980800477e-02	7.087544465288790618e-02
1.042055704021347992e+03	2.722580809627762055e-01	1.764445799984755980e-01	2.394556883196843067e-01	1.436688356833864810e-01	6.954628197280875168e-02	2.768887079869069429e-02	7.093766226384883022e-02
1.043507035085444613e+03	2.720162994280346247e-01	1.762851511568564178e-01	2.396240140375673344e-01	1.437690704991966828e-01	6.958892897238315445e-02	2.771676045741041164e-02	7.099977544822226594e-02
1.044958366149541234e+03	2.717749304692035905e-01	1.761259897858659662e-01	2.397920564751998829e-01	1.438691173736353635e-01	6.963149491925910151e-02	2.774462642933669607e-02	7.106178454717025639e-02
1.046409697213637855e+03	2.715339733681049195e-01	1.759670954364905837e-01	2.399598161084907644e-01	1.439689767434854939e-01	6.967397999482934090e-02	2.777246845318201429e-02	7.112368989508766060e-02
1.047861028277734476e+03	2.712934274078909747e-01	1.758084676604706187e-01	2.401272934125483205e-01	1.440686490452041668e-01	6.971638438086658063e-02	2.780028627289522075e-02	7.118549181979481888e-02
1.049312359341831097e+03	2.710532918730428342e-01	1.756501060102989287e-01	2.402944888616820596e-01	1.441681347148777437e-01	6.975870825948674026e-02	2.782807963755747072e-02	7.124719064272483360e-02
1.050763690405927491e+03	2.708135660493688479e-01	1.754920100392198812e-01	2.404614029294037392e-01	1.442674341881785005e-01	6.980095181311331276e-02	2.785584830128052039e-02	7.130878667910586777e-02
1.052215021470024112e+03	2.705742492240026387e-01	1.753341793012277716e-01	2.406280360884288094e-01	1.443665479003228280e-01	6.984311522444291986e-02	2.788359202310730298e-02	7.137028023813833666e-02
1.053666352534120733e+03	2.703353406854017704e-01	1.751766133510658796e-01	2.407943888106778008e-01	1.444654762860310970e-01	6.988519867641199146e-02	2.791131056691481885e-02	7.143167162316732544e-02
1.055117683598217127e+03	2.700968397233452500e-01	1.750193117442249424e-01	2.409604615672776007e-01	1.445642197794889117e-01	6.992720235216455527e-02	2.793900370131920455e-02	7.149296113185020507e-02
1.056569014662313975e+03	2.698587456289324171e-01	1.748622740369420725e-01	2.411262548285628138e-01	1.446627788143097504e-01	6.996912643502099793e-02	2.796667119958293549e-02	7.155414905631965472e-02
1.058020345726410369e+03	2.696210576945804460e-01	1.747054997861994807e-01	2.412917690640771495e-01	1.447611538234991890e-01	7.001097110844796412e-02	2.799431283952414848e-02	7.161523568334224321e-02
1.059471676790506763e+03	2.693837752140227915e-01	1.745489885497231997e-01	2.414570047425746713e-01	1.448593452394200676e-01	7.005273655602919924e-02	2.802192840342801819e-02	7.167622129447265289e-02
1.060923007854603611e+03	2.691468974823069682e-01	1.743927398859818068e-01	2.416219623320211840e-01	1.449573534937595443e-01	7.009442296143739148e-02	2.804951767796009382e-02	7.173710616620361524e-02
1.062374338918700232e+03	2.689104237957926635e-01	1.742367533541852032e-01	2.417866422995955111e-01	1.450551790174969269e-01	7.013603050840695741e-02	2.807708045408161338e-02	7.179789057011172482e-02
1.063825669982796853e+03	2.686743534521496835e-01	1.740810285142833647e-01	2.419510451116909100e-01	1.451528222408730306e-01	7.017755938070770194e-02	2.810461652696669144e-02	7.185857477299927021e-02
1.065277001046893474e+03	2.684386857503557322e-01	1.739255649269650927e-01	2.421151712339163209e-01	1.452502835933605074e-01	7.021900976211944978e-02	2.813212569592139431e-02	7.191915903703213764e-02
1.066728332110990095e+03	2.682034199906944139e-01	1.737703621536568488e-01	2.422790211310977271e-01	1.453475635036356739e-01	7.026038183640745394e-02	2.815960776430456378e-02	7.197964361987384263e-02
1.068179663175086489e+03	2.679685554747533449e-01	1.736154197565213941e-01	2.424425952672795148e-01	1.454446623995510890e-01	7.030167578729878963e-02	2.818706253945046231e-02	7.204002877481599509e-02
1.069630994239183110e+03	2.677340915054213788e-01	1.734607372984566243e-01	2.426058941057256668e-01	1.455415807081094637e-01	7.034289179845937268e-02	2.821448983259309401e-02	7.210031475090503128e-02
1.071082325303279504e+03	2.675000273868868295e-01	1.733063143430943198e-01	2.427689181089212056e-01	1.456383188554385977e-01	7.038403005347192154e-02	2.824188945879223603e-02	7.216050179306543466e-02
1.072533656367376352e+03	2.672663624246354175e-01	1.731521504547988977e-01	2.429316677385734424e-01	1.457348772667673709e-01	7.042509073581466883e-02	2.826926123686107281e-02	7.222059014221970941e-02
1.073984987431472746e+03	2.670330959254474945e-01	1.729982451986662173e-01	2.430941434556133096e-01	1.458312563664025674e-01	7.046607402884079441e-02	2.829660498929544368e-02	7.228058003540480114e-02
1.075436318495569594e+03	2.668002271973959894e-01	1.728445981405223320e-01	2.432563457201966928e-01	1.459274565777068933e-01	7.050698011575858015e-02	2.832392054220464819e-02	7.234047170588543685e-02
1.076887649559666215e+03	2.665677555498444651e-01	1.726912088469222395e-01	2.434182749917056798e-01	1.460234783230778821e-01	7.054780917961230025e-02	2.835120772524375721e-02	7.240026538326424510e-02
1.078338980623762609e+03	2.663356802934441769e-01	1.725380768851487445e-01	2.435799317287499766e-01	1.461193220239276058e-01	7.058856140326379147e-02	2.837846637154742627e-02	7.245996129358890647e-02
1.079790311687859230e+03	2.661040007401321850e-01	1.723852018232110705e-01	2.437413163891680168e-01	1.462149881006633012e-01	7.062923696937471740e-02	2.840569631766514530e-02	7.251955965945615368e-02
1.081241642751955851e+03	2.658727162031288560e-01	1.722325832298438608e-01	2.439024294300285167e-01	1.463104769726690235e-01	7.066983606038940158e-02	2.843289740349787958e-02	7.257906070011307942e-02
1.082692973816052472e+03	2.656418259969354212e-01	1.720802206745057072e-01	2.440632713076315574e-01	1.464057890582879939e-01	7.071035885851842395e-02	2.846006947223612624e-02	7.263846463155540500e-02
1.084144304880149093e+03	2.654113294373316445e-01	1.719281137273781512e-01	2.442238424775100003e-01	1.465009247748056687e-01	7.075080554572268920e-02	2.848721237029927869e-02	7.269777166662323709e-02
1.085595635944245487e+03	2.651812258413732692e-01	1.717762619593643791e-01	2.443841433944307362e-01	1.465958845384337794e-01	7.079117630369818892e-02	2.851432594727632344e-02	7.275698201509391005e-02
1.087046967008342108e+03	2.649515145273898531e-01	1.716246649420880288e-01	2.445441745123960453e-01	1.466906687642951235e-01	7.083147131386127726e-02	2.854141005586780661e-02	7.281609588377242759e-02
1.088498298072438729e+03	2.647221948149821591e-01	1.714733222478919128e-01	2.447039362846447075e-01	1.467852778664088809e-01	7.087169075733454338e-02	2.856846455182904948e-02	7.287511347657922578e-02
1.089949629136535123e+03	2.644932660250196022e-01	1.713222334498369359e-01	2.448634291636535565e-01	1.468797122576768754e-01	7.091183481493328056e-02	2.859548929391459923e-02	7.293403499463560480e-02
1.091400960200631971e+03	2.642647274796378620e-01	1.711713981217007907e-01	2.450226536011385625e-01	1.469739723498704465e-01	7.095190366715231622e-02	2.862248414382382450e-02	7.299286063634664867e-02
1.092852291264728365e+03	2.640365785022364409e-01	1.710208158379767640e-01	2.451816100480561644e-01	1.470680585536179863e-01	7.099189749415352191e-02	2.864944896614773223e-02	7.305159059748186912e-02
1.094303622328825213e+03	2.638088184174759432e-01	1.708704861738725711e-01	2.453402989546046020e-01	1.471619712783931166e-01	7.103181647575378121e-02	2.867638362831686355e-02	7.311022507125357339e-02
1.095754953392921607e+03	2.635814465512759108e-01	1.707204087053091346e-01	2.454987207702251928e-01	1.472557109325035030e-01	7.107166079141336024e-02	2.870328800055033797e-02	7.316876424839302562e-02
1.097206284457018228e+03	2.633544622308119920e-01	1.705705830089194186e-01	2.456568759436034421e-01	1.473492779230803629e-01	7.111143062022484695e-02	2.873016195580593499e-02	7.322720831722445700e-02
1.098657615521114849e+03	2.631278647845134988e-01	1.704210086620471243e-01	2.458147649226706255e-01	1.474426726560683909e-01	7.115112614090254861e-02	2.875700536973126512e-02	7.328555746373699442e-02
1.100108946585211470e+03	2.629016535420608536e-01	1.702716852427456629e-01	2.459723881546047874e-01	1.475358955362164604e-01	7.119074753177216663e-02	2.878381812061594699e-02	7.334381187165454896e-02
1.101560277649308091e+03	2.626758278343830355e-01	1.701226123297768233e-01	2.461297460858321573e-01	1.476289469670687415e-01	7.123029497076112382e-02	2.881060008934480457e-02	7.340197172250369217e-02
1.103011608713404712e+03	2.624503869936551381e-01	1.699737895026096623e-01	2.462868391620283426e-01	1.477218273509564028e-01	7.126976863538916906e-02	2.883735115935202875e-02	7.346003719567967272e-02
1.104462939777501106e+03	2.622253303532954272e-01	1.698252163414192828e-01	2.464436678281196891e-01	1.478145370889897836e-01	7.130916870275939845e-02	2.886407121657630706e-02	7.351800846851051785e-02
1.105914270841597499e+03	2.620006572479631202e-01	1.696768924270856960e-01	2.466002325282844465e-01	1.479070765810512056e-01	7.134849534954974815e-02	2.889076014941687962e-02	7.357588571631930308e-02
1.107365601905694348e+03	2.617763670135556664e-01	1.695288173411925170e-01	2.467565337059541009e-01	1.479994462257881727e-01	7.138774875200472325e-02	2.891741784869051798e-02	7.363366911248467317e-02
1.108816932969790741e+03	2.615524589872061934e-01	1.693809906660259101e-01	2.469125718038145401e-01	1.480916464206069871e-01	7.142692908592765400e-02	2.894404420758937835e-02	7.369135882849967012e-02
1.110268264033887590e+03	2.613289325072807867e-01	1.692334119845733953e-01	2.470683472638074696e-01	1.481836775616669766e-01	7.146603652667320172e-02	2.897063912163974631e-02	7.374895503402877084e-02
1.111719595097984211e+03	2.611057869133759368e-01	1.690860808805225990e-01	2.472238605271314948e-01	1.482755400438750537e-01	7.150507124914022572e-02	2.899720248866159353e-02	7.380645789696345382e-02
1.113170926162080832e+03	2.608830215463160407e-01	1.689389969382600332e-01	2.473791120342435090e-01	1.483672342608807204e-01	7.154403342776502472e-02	2.902373420872902260e-02	7.386386758347596171e-02
1.114622257226177226e+03	2.606606357481506264e-01	1.687921597428702070e-01	2.475341022248598588e-01	1.484587606050714603e-01	7.158292323651486988e-02	2.905023418413144737e-02	7.392118425807178705e-02
1.116073588290273847e+03	2.604386288621518553e-01	1.686455688801341002e-01	2.476888315379577044e-01	1.485501194675687142e-01	7.162174084888188463e-02	2.907670231933563720e-02	7.397840808364042342e-02
1.117524919354370468e+03	2.602170002328116905e-01	1.684992239365281641e-01	2.478433004117760741e-01	1.486413112382239665e-01	7.166048643787716055e-02	2.910313852094847595e-02	7.403553922150474254e-02
1.118976250418467089e+03	2.599957492058395658e-01	1.683531244992231835e-01	2.479975092838172801e-01	1.487323363056154146e-01	7.169916017602528946e-02	2.912954269768051191e-02	7.409257783146905307e-02
1.120427581482563710e+03	2.597748751281594437e-01	1.682072701560830275e-01	2.481514585908481396e-01	1.488231950570449158e-01	7.173776223535902052e-02	2.915591476031022602e-02	7.414952407186549410e-02
1.121878912546660331e+03	2.595543773479074279e-01	1.680616604956635673e-01	2.483051487689011683e-01	1.489138878785352671e-01	7.177629278741440300e-02	2.918225462164901127e-02	7.420637809959940157e-02
1.123330243610756725e+03	2.593342552144291546e-01	1.679162951072113441e-01	2.484585802532758014e-01	1.490044151548279017e-01	7.181475200322595676e-02	2.920856219650689797e-02	7.426314007019317598e-02
1.124781574674853118e+03	2.591145080782768506e-01	1.677711735806626803e-01	2.486117534785396987e-01	1.490947772693808349e-01	7.185314005332232856e-02	2.923483740165890368e-02	7.431981013782892886e-02
1.126232905738949967e+03	2.588951352912068904e-01	1.676262955066423199e-01	2.487646688785299653e-01	1.491849746043669989e-01	7.189145710772204545e-02	2.926108015581211155e-02	7.437638845538986632e-02
1.127684236803046360e+03	2.586761362061772984e-01	1.674816604764623185e-01	2.489173268863543176e-01	1.492750075406728272e-01	7.192970333592960119e-02	2.928729037957334899e-02	7.443287517450054847e-02
1.129135567867143209e+03	2.584575101773448069e-01	1.673372680821208491e-01	2.490697279343923320e-01	1.493648764578971444e-01	7.196787890693172318e-02	2.931346799541756365e-02	7.448927044556580279e-02
1.130586898931239830e+03	2.582392565600624690e-01	1.671931179163012315e-01	2.492218724542967778e-01	1.494545817343503613e-01	7.200598398919388909e-02	2.933961292765677534e-02	7.454557441780872151e-02
1.132038229995336451e+03	2.580213747108768274e-01	1.670492095723704884e-01	2.493737608769947545e-01	1.495441237470539197e-01	7.204401875065713501e-02	2.936572510240966632e-02	7.460178723930738220e-02
1.133489561059432845e+03	2.578038639875254723e-01	1.669055426443784573e-01	2.495253936326889133e-01	1.496335028717400706e-01	7.208198335873496065e-02	2.939180444757176144e-02	7.465790905703051372e-02
1.134940892123529466e+03	2.575867237489343209e-01	1.667621167270565141e-01	2.496767711508587062e-01	1.497227194828517072e-01	7.211987798031051222e-02	2.941785089278618759e-02	7.471394001687220454e-02
1.136392223187626087e+03	2.573699533552147867e-01	1.666189314158164625e-01	2.498278938602616073e-01	1.498117739535428372e-01	7.215770278173393171e-02	2.944386436941501956e-02	7.476988026368551477e-02
1.137843554251722708e+03	2.571535521676615588e-01	1.664759863067493406e-01	2.499787621889342226e-01	1.499006666556788048e-01	7.219545792881996993e-02	2.946984481051114976e-02	7.482572994131508892e-02
1.139294885315819101e+03	2.569375195487494934e-01	1.663332809966244497e-01	2.501293765641937061e-01	1.499893979598371230e-01	7.223314358684571057e-02	2.949579215079074085e-02	7.488148919262882508e-02
1.140746216379915950e+03	2.567218548621315044e-01	1.661908150828879660e-01	2.502797374126388141e-01	1.500779682353084454e-01	7.227075992054851628e-02	2.952170632660617786e-02	7.493715815954862802e-02
1.142197547444012343e+03	2.565065574726352882e-01	1.660485881636619698e-01	2.504298451601513209e-01	1.501663778500975377e-01	7.230830709412414126e-02	2.954758727591956860e-02	7.499273698308020486e-02
1.143648878508108737e+03	2.562916267462613806e-01	1.659065998377432793e-01	2.505797002318968514e-01	1.502546271709247483e-01	7.234578527122506597e-02	2.957343493827672629e-02	7.504822580334200022e-02
1.145100209572205586e+03	2.560770620501799932e-01	1.657648497046022851e-01	2.507293030523264354e-01	1.503427165632274798e-01	7.238319461495885954e-02	2.959924925478165866e-02	7.510362475959327100e-02
1.146551540636302207e+03	2.558628627527286814e-01	1.656233373643818951e-01	2.508786540451776736e-01	1.504306463911619374e-01	7.242053528788687522e-02	2.962503016807155679e-02	7.515893399026131461e-02
1.148002871700398828e+03	2.556490282234097910e-01	1.654820624178962862e-01	2.510277536334757365e-01	1.505184170176050718e-01	7.245780745202300144e-02	2.965077762229224173e-02	7.521415363296785062e-02
1.149454202764495449e+03	2.554355578328875165e-01	1.653410244666298767e-01	2.511766022395346409e-01	1.506060288041566608e-01	7.249501126883250990e-02	2.967649156307407624e-02	7.526928382455466693e-02
1.150905533828591842e+03	2.552224509529855134e-01	1.652002231127361886e-01	2.513252002849587496e-01	1.506934821111414746e-01	7.253214689923125069e-02	2.970217193750832735e-02	7.532432470110846101e-02
1.152356864892688463e+03	2.550097069566843455e-01	1.650596579590366264e-01	2.514735481906433812e-01	1.507807772976118288e-01	7.256921450358472248e-02	2.972781869412399053e-02	7.537927639798493173e-02
1.153808195956785084e+03	2.547973252181188197e-01	1.649193286090195054e-01	2.516216463767766975e-01	1.508679147213501659e-01	7.260621424170750349e-02	2.975343178286503007e-02	7.543413904983212181e-02
1.155259527020881706e+03	2.545853051125751554e-01	1.647792346668388586e-01	2.517694952628403149e-01	1.509548947388716922e-01	7.264314627286265480e-02	2.977901115506804974e-02	7.548891279061310799e-02
1.156710858084978327e+03	2.543736460164887636e-01	1.646393757373132427e-01	2.519170952676108022e-01	1.510417177054272642e-01	7.268001075576137338e-02	2.980455676344037977e-02	7.554359775362795570e-02
1.158162189149074720e+03	2.541623473074415829e-01	1.644997514259247673e-01	2.520644468091607360e-01	1.511283839750064972e-01	7.271680784856268676e-02	2.983006856203855930e-02	7.559819407153499371e-02
1.159613520213171569e+03	2.539514083641590814e-01	1.643603613388179008e-01	2.522115503048600327e-01	1.512148939003408743e-01	7.275353770887321714e-02	2.985554650624722486e-02	7.565270187637150590e-02
1.161064851277267962e+03	2.537408285665082586e-01	1.642212050827983327e-01	2.523584061713769477e-01	1.513012478329069654e-01	7.279020049374725077e-02	2.988099055275839078e-02	7.570712129957364589e-02
1.162516182341364356e+03	2.535306072954947587e-01	1.640822822653319191e-01	2.525050148246794079e-01	1.513874461229299251e-01	7.282679635968672405e-02	2.990640065955109742e-02	7.576145247199592148e-02
1.163967513405461204e+03	2.533207439332602617e-01	1.639435924945435996e-01	2.526513766800361216e-01	1.514734891193869337e-01	7.286332546264136234e-02	2.993177678587144452e-02	7.581569552392995737e-02
1.165418844469557826e+03	2.531112378630801518e-01	1.638051353792161768e-01	2.527974921520178553e-01	1.515593771700109171e-01	7.289978795800898526e-02	2.995711889221295068e-02	7.586985058512271674e-02
1.166870175533654447e+03	2.529020884693605198e-01	1.636669105287892889e-01	2.529433616544983776e-01	1.516451106212941824e-01	7.293618400063585361e-02	2.998242694029733257e-02	7.592391778479409825e-02
1.168321506597751068e+03	2.526932951376361647e-01	1.635289175533583272e-01	2.530889856006560135e-01	1.517306898184923591e-01	7.297251374481714126e-02	3.000770089305557567e-02	7.597789725165408903e-02
1.169772837661847461e+03	2.524848572545676517e-01	1.633911560636732707e-01	2.532343644029744212e-01	1.518161151056282576e-01	7.300877734429743471e-02	3.003294071460935535e-02	7.603178911391929307e-02
1.171224168725944082e+03	2.522767742079388698e-01	1.632536256711376310e-01	2.533794984732439248e-01	1.519013868254959765e-01	7.304497495227139925e-02	3.005814637025281885e-02	7.608559349932897398e-02
1.172675499790040703e+03	2.520690453866545888e-01	1.631163259878073701e-01	2.535243882225627909e-01	1.519865053196650384e-01	7.308110672138451447e-02	3.008331782643465860e-02	7.613931053516062586e-02
1.174126830854137097e+03	2.518616701807377400e-01	1.629792566263897624e-01	2.536690340613381722e-01	1.520714709284845256e-01	7.311717280373386529e-02	3.010845505074051867e-02	7.619294034824493356e-02
1.175578161918233945e+03	2.516546479813270842e-01	1.628424172002422843e-01	2.538134363992876064e-01	1.521562839910874099e-01	7.315317335086894690e-02	3.013355801187572042e-02	7.624648306498044148e-02
1.177029492982330339e+03	2.514479781806745473e-01	1.627058073233715874e-01	2.539575956454397376e-01	1.522409448453949654e-01	7.318910851379274718e-02	3.015862667964826910e-02	7.629993881134757017e-02
1.178480824046426733e+03	2.512416601721428888e-01	1.625694266104323882e-01	2.541015122081359268e-01	1.523254538281211268e-01	7.322497844296264879e-02	3.018366102495219014e-02	7.635330771292231367e-02
1.179932155110523581e+03	2.510356933502028154e-01	1.624332746767263025e-01	2.542451864950309726e-01	1.524098112747771516e-01	7.326078328829162267e-02	3.020866101975112905e-02	7.640658989488946506e-02
1.181383486174620202e+03	2.508300771104308713e-01	1.622973511382009570e-01	2.543886189130946662e-01	1.524940175196760339e-01	7.329652319914929659e-02	3.023362663706224626e-02	7.645978548205538405e-02
1.182834817238716823e+03	2.506248108495067739e-01	1.621616556114486296e-01	2.545318098686127350e-01	1.525780728959372778e-01	7.333219832436327357e-02	3.025855785094041031e-02	7.651289459886032041e-02
1.184286148302813444e+03	2.504198939652110267e-01	1.620261877137053608e-01	2.546747597671879526e-01	1.526619777354916163e-01	7.336780881222031148e-02	3.028345463646263391e-02	7.656591736939048765e-02
1.185737479366910065e+03	2.502153258564222549e-01	1.618909470628498992e-01	2.548174690137414156e-01	1.527457323690856461e-01	7.340335481046780797e-02	3.030831696971280492e-02	7.661885391738958162e-02
1.187188810431006686e+03	2.500111059231147626e-01	1.617559332774023972e-01	2.549599380125137649e-01	1.528293371262867684e-01	7.343883646631504947e-02	3.033314482776665669e-02	7.667170436626999375e-02
1.188640141495103080e+03	2.498072335663563404e-01	1.616211459765236058e-01	2.551021671670660185e-01	1.529127923354879903e-01	7.347425392643480713e-02	3.035793818867700555e-02	7.672446883912364957e-02
1.190091472559199701e+03	2.496037081883054065e-01	1.614865847800135978e-01	2.552441568802810701e-01	1.529960983239128935e-01	7.350960733696473848e-02	3.038269703145925552e-02	7.677714745873247260e-02
1.191542803623296322e+03	2.494005291922088419e-01	1.613522493083107967e-01	2.553859075543645218e-01	1.530792554176205467e-01	7.354489684350901113e-02	3.040742133607711797e-02	7.682974034757854287e-02
1.192994134687392716e+03	2.491976959823993809e-01	1.612181391824908661e-01	2.555274195908461832e-01	1.531622639415105847e-01	7.358012259113991260e-02	3.043211108342860211e-02	7.688224762785386690e-02
1.194445465751489564e+03	2.489952079642931970e-01	1.610842540242657106e-01	2.556686933905807368e-01	1.532451242193281771e-01	7.361528472439943238e-02	3.045676625533222381e-02	7.693466942146981458e-02
1.195896796815585958e+03	2.487930645443875988e-01	1.609505934559822271e-01	2.558097293537494599e-01	1.533278365736691351e-01	7.365038338730105216e-02	3.048138683451345060e-02	7.698700585006633401e-02
1.197348127879682352e+03	2.485912651302583931e-01	1.608171571006214717e-01	2.559505278798607786e-01	1.534104013259850463e-01	7.368541872333141118e-02	3.050597280459137195e-02	7.703925703502070843e-02
1.198799458943779200e+03	2.483898091305575817e-01	1.606839445817975220e-01	2.560910893677518230e-01	1.534928187965883817e-01	7.372039087545212421e-02	3.053052415006559175e-02	7.709142309745614652e-02
1.200250790007875821e+03	2.481886959550109184e-01	1.605509555237561725e-01	2.562314142155893704e-01	1.535750893046577414e-01	7.375529998610158566e-02	3.055504085630335667e-02	7.714350415824999807e-02
1.201702121071972442e+03	2.479879250144155500e-01	1.604181895513742684e-01	2.563715028208710112e-01	1.536572131682429621e-01	7.379014619719681534e-02	3.057952290952685448e-02	7.719550033804167821e-02
1.203153452136069063e+03	2.477874957206375184e-01	1.602856462901584012e-01	2.565113555804262591e-01	1.537391907042704176e-01	7.382492965013534580e-02	3.060397029680076569e-02	7.724741175724041120e-02
1.204604783200165684e+03	2.475874074866094565e-01	1.601533253662438538e-01	2.566509728904176058e-01	1.538210222285483209e-01	7.385965048579717918e-02	3.062838300601999214e-02	7.729923853603264117e-02
1.206056114264262078e+03	2.473876597263282018e-01	1.600212264063936018e-01	2.567903551463419642e-01	1.539027080557718308e-01	7.389430884454667448e-02	3.065276102589760063e-02	7.735098079438912366e-02
1.207507445328358699e+03	2.471882518548522978e-01	1.598893490379973414e-01	2.569295027430313350e-01	1.539842484995285199e-01	7.392890486623458768e-02	3.067710434595295743e-02	7.740263865207189231e-02
1.208958776392455093e+03	2.469891832882997740e-01	1.597576928890702408e-01	2.570684160746542490e-01	1.540656438723035926e-01	7.396343869020002848e-02	3.070141295650005708e-02	7.745421222864090627e-02
1.210410107456551941e+03	2.467904534438457032e-01	1.596262575882520796e-01	2.572070955347168231e-01	1.541468944854852419e-01	7.399791045527254196e-02	3.072568684863602115e-02	7.750570164346043400e-02
1.211861438520648335e+03	2.465920617397198145e-01	1.594950427648060831e-01	2.573455415160637583e-01	1.542280006493699507e-01	7.403232029977412088e-02	3.074992601422982599e-02	7.755710701570527055e-02
1.213312769584745183e+03	2.463940075952042175e-01	1.593640480486178679e-01	2.574837544108795062e-01	1.543089626731679043e-01	7.406666836152135669e-02	3.077413044591115893e-02	7.760842846436670495e-02
1.214764100648841804e+03	2.461962904306310151e-01	1.592332730701944976e-01	2.576217346106896011e-01	1.543897808650083192e-01	7.410095477782749351e-02	3.079830013705949984e-02	7.765966610825826566e-02
1.216215431712937971e+03	2.459989096673799724e-01	1.591027174606633732e-01	2.577594825063613260e-01	1.544704555319448003e-01	7.413517968550456527e-02	3.082243508179333125e-02	7.771082006602125780e-02
1.217666762777034819e+03	2.458018647278762125e-01	1.589723808517712056e-01	2.578969984881052113e-01	1.545509869799606972e-01	7.416934322086556064e-02	3.084653527495956685e-02	7.776189045613009221e-02
1.219118093841131440e+03	2.456051550355878299e-01	1.588422628758828503e-01	2.580342829454761455e-01	1.546313755139746005e-01	7.420344551972654634e-02	3.087060071212310158e-02	7.781287739689743410e-02
1.220569424905228061e+03	2.454087800150236698e-01	1.587123631659805856e-01	2.581713362673740408e-01	1.547116214378455867e-01	7.423748671740892924e-02	3.089463138955655247e-02	7.786378100647910194e-02
1.222020755969324682e+03	2.452127390917309413e-01	1.585826813556627246e-01	2.583081588420454433e-01	1.547917250543786871e-01	7.427146694874160737e-02	3.091862730423016251e-02	7.791460140287888303e-02
1.223472087033421303e+03	2.450170316922929414e-01	1.584532170791428385e-01	2.584447510570844209e-01	1.548716866653302160e-01	7.430538634806317655e-02	3.094258845380185030e-02	7.796533870395304378e-02
1.224923418097517697e+03	2.448216572443267791e-01	1.583239699712485349e-01	2.585811132994335626e-01	1.549515065714132667e-01	7.433924504922417853e-02	3.096651483660741583e-02	7.801599302741478448e-02
1.226374749161614318e+03	2.446266151764810715e-01	1.581949396674205144e-01	2.587172459553852000e-01	1.550311850723029850e-01	7.437304318558936311e-02	3.099040645165090230e-02	7.806656449083843041e-02
1.227826080225710712e+03	2.444319049184337234e-01	1.580661258037115990e-01	2.588531494105826281e-01	1.551107224666420092e-01	7.440678089003990858e-02	3.101426329859510722e-02	7.811705321166348415e-02
1.229277411289807560e+03	2.442375259008895405e-01	1.579375280167856221e-01	2.589888240500208827e-01	1.551901190520459106e-01	7.444045829497572542e-02	3.103808537775223225e-02	7.816745930719855295e-02
1.230728742353903954e+03	2.440434775555780922e-01	1.578091459439163735e-01	2.591242702580481283e-01	1.552693751251084386e-01	7.447407553231769062e-02	3.106187269007469262e-02	7.821778289462508194e-02
1.232180073418000802e+03	2.438497593152513798e-01	1.576809792229866003e-01	2.592594884183664905e-01	1.553484909814069892e-01	7.450763273350999305e-02	3.108562523714603759e-02	7.826802409100090674e-02
1.233631404482097196e+03	2.436563706136815888e-01	1.575530274924871743e-01	2.593944789140334994e-01	1.554274669155079058e-01	7.454113002952236777e-02	3.110934302117205480e-02	7.831818301326379239e-02
1.235082735546193817e+03	2.434633108856589234e-01	1.574252903915157598e-01	2.595292421274627559e-01	1.555063032209719476e-01	7.457456755085245526e-02	3.113302604497194745e-02	7.836825977823462519e-02
1.236534066610290438e+03	2.432705795669892479e-01	1.572977675597759528e-01	2.596637784404252081e-01	1.555850001903595070e-01	7.460794542752806346e-02	3.115667431196970927e-02	7.841825450262067398e-02
1.237985397674387059e+03	2.430781760944919767e-01	1.571704586375762824e-01	2.597980882340504283e-01	1.556635581152360226e-01	7.464126378910952708e-02	3.118028782618558273e-02	7.846816730301856002e-02
1.239436728738483680e+03	2.428860999059977710e-01	1.570433632658291834e-01	2.599321718888273347e-01	1.557419772861772522e-01	7.467452276469199735e-02	3.120386659222766992e-02	7.851799829591717128e-02
1.240888059802580301e+03	2.426943504403464014e-01	1.569164810860499137e-01	2.600660297846054680e-01	1.558202579927746578e-01	7.470772248290778739e-02	3.122741061528365100e-02	7.856774759770045191e-02
1.242339390866676695e+03	2.425029271373845274e-01	1.567898117403555835e-01	2.601996623005961573e-01	1.558984005236407067e-01	7.474086307192870371e-02	3.125091990111264484e-02	7.861741532465005289e-02
1.243790721930773088e+03	2.423118294379633941e-01	1.566633548714642388e-01	2.603330698153733525e-01	1.559764051664140061e-01	7.477394465946834989e-02	3.127439445603717727e-02	7.866700159294785777e-02
1.245242052994869937e+03	2.421210567839367778e-01	1.565371101226936124e-01	2.604662527068748457e-01	1.560542722077648270e-01	7.480696737278451358e-02	3.129783428693526381e-02	7.871650651867845294e-02
1.246693384058966330e+03	2.419306086181587656e-01	1.564110771379604303e-01	2.605992113524033815e-01	1.561320019334001830e-01	7.483993133868149794e-02	3.132123940123263117e-02	7.876593021783136195e-02
1.248144715123063179e+03	2.417404843844815909e-01	1.562852555617791628e-01	2.607319461286276563e-01	1.562095946280691316e-01	7.487283668351236987e-02	3.134460980689503240e-02	7.881527280630327981e-02
1.249596046187159800e+03	2.415506835277534126e-01	1.561596450392611080e-01	2.608644574115833725e-01	1.562870505755679928e-01	7.490568353318144412e-02	3.136794551242068352e-02	7.886453439990023795e-02
1.251047377251256421e+03	2.413612054938161500e-01	1.560342452161133930e-01	2.609967455766743494e-01	1.563643700587455942e-01	7.493847201314654538e-02	3.139124652683279032e-02	7.891371511433950547e-02
1.252498708315352815e+03	2.411720497295034016e-01	1.559090557386379750e-01	2.611288109986734662e-01	1.564415533595083785e-01	7.497120224842131198e-02	3.141451285967222784e-02	7.896281506525155980e-02
1.253950039379449436e+03	2.409832156826382799e-01	1.557840762537305856e-01	2.612606540517239395e-01	1.565186007588257322e-01	7.500387436357761062e-02	3.143774452099027533e-02	7.901183436818186301e-02
1.255401370443546057e+03	2.407947028020312463e-01	1.556593064088798439e-01	2.613922751093402663e-01	1.565955125367349821e-01	7.503648848274784011e-02	3.146094152134149002e-02	7.906077313859261047e-02
1.256852701507642678e+03	2.406065105374779467e-01	1.555347458521661730e-01	2.615236745444092792e-01	1.566722889723466683e-01	7.506904472962727670e-02	3.148410387177667802e-02	7.910963149186429899e-02
1.258304032571739299e+03	2.404186383397571847e-01	1.554103942322608012e-01	2.616548527291912007e-01	1.567489303438495407e-01	7.510154322747636391e-02	3.150723158383594152e-02	7.915840954329732282e-02
1.259755363635835920e+03	2.402310856606286738e-01	1.552862511984248184e-01	2.617858100353206430e-01	1.568254369285157768e-01	7.513398409912311338e-02	3.153032466954186486e-02	7.920710740811344464e-02
1.261206694699932314e+03	2.400438519528309833e-01	1.551623164005082045e-01	2.619165468338078839e-01	1.569018090027060053e-01	7.516636746696539473e-02	3.155338314139275596e-02	7.925572520145711397e-02
1.262658025764028707e+03	2.398569366700795680e-01	1.550385894889487748e-01	2.620470634950395894e-01	1.569780468418743302e-01	7.519869345297326702e-02	3.157640701235601977e-02	7.930426303839682722e-02
1.264109356828125556e+03	2.396703392670644917e-01	1.549150701147711529e-01	2.621773603887801452e-01	1.570541507205733822e-01	7.523096217869128244e-02	3.159939629586160093e-02	7.935272103392633503e-02
1.265560687892221949e+03	2.394840591994483181e-01	1.547917579295859380e-01	2.623074378841726007e-01	1.571301209124594256e-01	7.526317376524079006e-02	3.162235100579553759e-02	7.940109930296576635e-02
1.267012018956318798e+03	2.392980959238641958e-01	1.546686525855886785e-01	2.624372963497396127e-01	1.572059576902972156e-01	7.529532833332230890e-02	3.164527115649358457e-02	7.944939796036278035e-02
1.268463350020415419e+03	2.391124488979136653e-01	1.545457537355587052e-01	2.625669361533846669e-01	1.572816613259650775e-01	7.532742600321774840e-02	3.166815676273494057e-02	7.949761712089353782e-02
1.269914681084511813e+03	2.389271175801646330e-01	1.544230610328583830e-01	2.626963576623930208e-01	1.573572320904597921e-01	7.535946689479278149e-02	3.169100783973605867e-02	7.954575689926361715e-02
1.271366012148608434e+03	2.387421014301492894e-01	1.543005741314320833e-01	2.628255612434328148e-01	1.574326702539015077e-01	7.539145112749907895e-02	3.171382440314454015e-02	7.959381741010897182e-02
1.272817343212705055e+03	2.385573999083620278e-01	1.541782926858050740e-01	2.629545472625559599e-01	1.575079760855386812e-01	7.542337882037664087e-02	3.173660646903312538e-02	7.964179876799673541e-02
1.274268674276801676e+03	2.383730124762574454e-01	1.540562163510826865e-01	2.630833160851993591e-01	1.575831498537529907e-01	7.545525009205603095e-02	3.175935405389374716e-02	7.968970108742598479e-02
1.275720005340898297e+03	2.381889385962483452e-01	1.539343447829492617e-01	2.632118680761857954e-01	1.576581918260640536e-01	7.548706506076068024e-02	3.178206717463167436e-02	7.973752448282842020e-02
1.277171336404994690e+03	2.380051777317035155e-01	1.538126776376672333e-01	2.633402035997250978e-01	1.577331022691344231e-01	7.551882384430916306e-02	3.180474584855975256e-02	7.978526906856904521e-02
1.278622667469091539e+03	2.378217293469459259e-01	1.536912145720760736e-01	2.634683230194151404e-01	1.578078814487742232e-01	7.555052656011740364e-02	3.182739009339270730e-02	7.983293495894680514e-02
1.280073998533187932e+03	2.376385929072505065e-01	1.535699552435914883e-01	2.635962266982427304e-01	1.578825296299460612e-01	7.558217332520099363e-02	3.184999992724150270e-02	7.988052226819501722e-02
1.281525329597284326e+03	2.374557678788423443e-01	1.534488993102042786e-01	2.637239149985847186e-01	1.579570470767697188e-01	7.561376425617737096e-02	3.187257536860783197e-02	7.992803111048203679e-02
1.282976660661381175e+03	2.372732537288944898e-01	1.533280464304793977e-01	2.638513882822091650e-01	1.580314340525268979e-01	7.564529946926809578e-02	3.189511643637863575e-02	7.997546159991159032e-02
1.284427991725477568e+03	2.370910499255260706e-01	1.532073962635550901e-01	2.639786469102762267e-01	1.581056908196659117e-01	7.567677908030108480e-02	3.191762314982070359e-02	8.002281385052319174e-02
1.285879322789574417e+03	2.369091559378002365e-01	1.530869484691418925e-01	2.641056912433391579e-01	1.581798176398063749e-01	7.570820320471274845e-02	3.194009552857537959e-02	8.007008797629254493e-02
1.287330653853671038e+03	2.367275712357221618e-01	1.529667027075215513e-01	2.642325216413454192e-01	1.582538147737437839e-01	7.573957195755029459e-02	3.196253359265328192e-02	8.011728409113183513e-02
1.288781984917767431e+03	2.365462952902371296e-01	1.528466586395462179e-01	2.643591384636376773e-01	1.583276824814542627e-01	7.577088545347386572e-02	3.198493736242915414e-02	8.016440230889000651e-02
1.290233315981864052e+03	2.363653275732285064e-01	1.527268159266374770e-01	2.644855420689546932e-01	1.584014210220991148e-01	7.580214380675877328e-02	3.200730685863674430e-02	8.021144274335298419e-02
