1.001418434226643626e+03	2.792100423780513041e-01	1.810032917884842329e-01	2.346289712106744418e-01	1.407857423481219117e-01	6.831826014351244369e-02	2.690315689002132846e-02	6.915053524080504166e-02
1.003837319333471214e+03	2.787876647883058001e-01	1.807248066545373566e-01	2.349229113567969929e-01	1.409617465919116019e-01	6.839319230893048385e-02	2.695053513371032869e-02	6.925914316547807092e-02
1.006256204440298802e+03	2.783664886343673039e-01	1.804471002019156223e-01	2.352160271785795898e-01	1.411371959393026287e-01	6.846788642469869846e-02	2.699787401499507272e-02	6.936742760581163236e-02
1.008675089547126618e+03	2.779465104254639218e-01	1.801701702520245862e-01	2.355083209840392877e-01	1.413120923481074043e-01	6.854234319899447925e-02	2.704517144533934159e-02	6.947539134570142327e-02
1.011093974653954206e+03	2.775277266812269383e-01	1.798940146323660949e-01	2.357997950747238447e-01	1.414864377887817548e-01	6.861656335482239910e-02	2.709242540661229576e-02	6.958303706113715126e-02
1.013512859760782021e+03	2.771101339316967560e-01	1.796186311765210208e-01	2.360904517457299567e-01	1.416602342430163530e-01	6.869054762894280519e-02	2.713963394859266950e-02	6.969036732517090715e-02
1.015931744867609382e+03	2.766937287173271698e-01	1.793440177241323874e-01	2.363802932857214378e-01	1.418334837024022022e-01	6.876429677085243997e-02	2.718679518657168837e-02	6.979738461266317417e-02
1.018350629974437197e+03	2.762785075889865882e-01	1.790701721208882990e-01	2.366693219769471224e-01	1.420061881671668136e-01	6.883781154181473072e-02	2.723390729905054292e-02	6.990409130481643751e-02
1.020769515081264785e+03	2.758644671079569233e-01	1.787970922185051492e-01	2.369575400952590727e-01	1.421783496449774975e-01	6.891109271393769387e-02	2.728096852552850532e-02	7.001048969350563700e-02
1.023188400188092373e+03	2.754516038459310923e-01	1.785247758747106617e-01	2.372449499101304260e-01	1.423499701498086301e-01	6.898414106929741385e-02	2.732797716437785490e-02	7.011658198541441400e-02
1.025607285294920075e+03	2.750399143850074668e-01	1.782532209532270429e-01	2.375315536846733522e-01	1.425210517008698441e-01	6.905695739910494568e-02	2.737493157080203576e-02	7.022237030598582619e-02
1.028026170401747549e+03	2.746293953176831004e-01	1.779824253237542730e-01	2.378173536756569562e-01	1.426915963215921734e-01	6.912954250291489244e-02	2.742183015487354575e-02	7.032785670319559312e-02
1.030445055508575479e+03	2.742200432468449023e-01	1.777123868619533142e-01	2.381023521335250415e-01	1.428616060386695974e-01	6.920189718787378430e-02	2.746867137964821917e-02	7.043304315115571368e-02
1.032863940615402726e+03	2.738118547857589236e-01	1.774431034494294568e-01	2.383865513024139571e-01	1.430310828811529877e-01	6.927402226800639939e-02	2.751545375935277385e-02	7.053793155355603250e-02
1.035282825722230655e+03	2.734048265580583670e-01	1.771745729737156938e-01	2.386699534201702499e-01	1.432000288795943765e-01	6.934591856353841677e-02	2.756217585764254852e-02	7.064252374695086101e-02
1.037701710829058356e+03	2.729989551977297091e-01	1.769067933282560956e-01	2.389525607183684286e-01	1.433684460652386861e-01	6.941758690025379153e-02	2.760883628592650935e-02	7.074682150389734192e-02
1.040120595935886058e+03	2.725942373490974902e-01	1.766397624123892396e-01	2.392343754223285601e-01	1.435363364692611443e-01	6.948902810888506199e-02	2.765543370175673962e-02	7.085082653595238533e-02
1.042539481042713533e+03	2.721906696668076608e-01	1.763734781313317790e-01	2.395153997511337840e-01	1.437037021220479438e-01	6.956024302453547858e-02	2.770196680727979657e-02	7.095454049653417139e-02
1.044958366149541234e+03	2.717882488158098186e-01	1.761079383961619560e-01	2.397956359176480756e-01	1.438705450525178953e-01	6.963123248613112271e-02	2.774843434774728820e-02	7.105796498365440916e-02
1.047377251256368709e+03	2.713869714713382231e-01	1.758431411238032260e-01	2.400750861285334270e-01	1.440368672874837441e-01	6.970199733590186353e-02	2.779483511008330396e-02	7.116110154252684727e-02
1.049796136363196410e+03	2.709868343188911455e-01	1.755790842370077987e-01	2.403537525842674716e-01	1.442026708510504296e-01	6.977253841888979291e-02	2.784116792150630182e-02	7.126395166805767067e-02
1.052215021470024112e+03	2.705878340542099414e-01	1.753157656643404561e-01	2.406316374791608592e-01	1.443679577640492595e-01	6.984285658248386153e-02	2.788743164820325568e-02	7.136651680722300162e-02
1.054633906576851814e+03	2.701899673832562909e-01	1.750531833401621495e-01	2.409087430013746034e-01	1.445327300435057805e-01	6.991295267597945340e-02	2.793362519405389460e-02	7.146879836133838981e-02
1.057052791683679516e+03	2.697932310221893282e-01	1.747913352046139013e-01	2.411850713329373452e-01	1.446969897021399276e-01	6.998282755016187184e-02	2.797974749940295575e-02	7.157079768822517674e-02
1.059471676790506763e+03	2.693976216973411053e-01	1.745302192036005950e-01	2.414606246497625341e-01	1.448607387478969555e-01	7.005248205691247398e-02	2.802579753987852890e-02	7.167251610427828601e-02
1.061890561897334692e+03	2.690031361451916125e-01	1.742698332887747392e-01	2.417354051216657751e-01	1.450239791835074843e-01	7.012191704883655174e-02	2.807177432525459482e-02	7.177395488643967258e-02
1.064309447004162394e+03	2.686097711123429099e-01	1.740101754175204518e-01	2.420094149123819260e-01	1.451867130060753852e-01	7.019113337891183524e-02	2.811767689835591166e-02	7.187511527408195489e-02
1.066728332110990095e+03	2.682175233554926486e-01	1.737512435529375010e-01	2.422826561795821121e-01	1.453489422066920334e-01	7.026013190015663323e-02	2.816350433400358413e-02	7.197599847080575486e-02
1.069147217217817570e+03	2.678263896414067591e-01	1.734930356638251792e-01	2.425551310748909339e-01	1.455106687700759571e-01	7.032891346531688903e-02	2.820925573799963615e-02	7.207660564615492316e-02
1.071566102324645271e+03	2.674363667468914185e-01	1.732355497246663989e-01	2.428268417439033988e-01	1.456718946742360243e-01	7.039747892657091666e-02	2.825493024614897722e-02	7.217693793725316054e-02
1.073984987431472746e+03	2.670474514587645731e-01	1.729787837156117891e-01	2.430977903262017958e-01	1.458326218901578042e-01	7.046582913525140102e-02	2.830052702331729494e-02	7.227699645036558818e-02
1.076403872538300675e+03	2.666596405738271836e-01	1.727227356224638466e-01	2.433679789553727379e-01	1.459928523815112733e-01	7.053396494158346852e-02	2.834604526252338177e-02	7.237678226238841717e-02
1.078822757645127922e+03	2.662729308988331378e-01	1.724674034366610598e-01	2.436374097590239818e-01	1.461525881043791442e-01	7.060188719443818983e-02	2.839148418406452212e-02	7.247629642227028379e-02
1.081241642751955851e+03	2.658873192504596639e-01	1.722127851552621436e-01	2.439060848588012753e-01	1.463118310070047889e-01	7.066959674110104284e-02	2.843684303467359717e-02	7.257553995236784572e-02
1.083660527858783553e+03	2.655028024552765209e-01	1.719588787809304409e-01	2.441740063704049835e-01	1.464705830295588151e-01	7.073709442705411465e-02	2.848212108670665141e-02	7.267451384973890038e-02
1.086079412965611255e+03	2.651193773497150796e-01	1.717056823219180461e-01	2.444411764036070744e-01	1.466288461039230440e-01	7.080438109577182060e-02	2.852731763735968581e-02	7.277321908737569012e-02
1.088498298072438729e+03	2.647370407800372361e-01	1.714531937920502624e-01	2.447075970622675511e-01	1.467866221534914750e-01	7.087145758852932131e-02	2.857243200791349802e-02	7.287165661538105854e-02
1.090917183179266431e+03	2.643557896023037701e-01	1.712014112107099750e-01	2.449732704443512155e-01	1.469439130929870718e-01	7.093832474422294421e-02	2.861746354300545581e-02	7.296982736208995624e-02
1.093336068286093905e+03	2.639756206823422602e-01	1.709503326028221082e-01	2.452381986419442106e-01	1.471007208282935907e-01	7.100498339920220670e-02	2.866241160992713879e-02	7.306773223513889082e-02
1.095754953392921607e+03	2.635965308957147757e-01	1.706999559988381654e-01	2.455023837412705356e-01	1.472570472563018984e-01	7.107143438711276129e-02	2.870727559794682485e-02	7.316537212248545863e-02
1.098173838499749309e+03	2.632185171276856805e-01	1.704502794347206307e-01	2.457658278227085880e-01	1.474128942647696949e-01	7.113767853874969349e-02	2.875205491765579421e-02	7.326274789338031723e-02
1.100592723606577010e+03	2.628415762731886596e-01	1.702013009519277031e-01	2.460285329608075389e-01	1.475682637321943103e-01	7.120371668192090886e-02	2.879674900033755286e-02	7.335986039929372204e-02
1.103011608713404712e+03	2.624657052367938559e-01	1.699530185973977259e-01	2.462905012243038205e-01	1.477231575276976849e-01	7.126954964131966552e-02	2.884135729735905901e-02	7.345671047479859772e-02
1.105430493820231959e+03	2.620909009326746752e-01	1.697054304235340316e-01	2.465517346761373352e-01	1.478775775109228419e-01	7.133517823840629379e-02	2.888587927958306475e-02	7.355329893841205946e-02
1.107849378927059888e+03	2.617171602845747014e-01	1.694585344881895939e-01	2.468122353734679142e-01	1.480315255319415435e-01	7.140060329129833960e-02	2.893031443680077822e-02	7.364962659339745199e-02
1.110268264033887590e+03	2.613444802257739452e-01	1.692123288546516779e-01	2.470720053676914718e-01	1.481850034311720521e-01	7.146582561466875705e-02	2.897466227718399276e-02	7.374569422852839118e-02
1.112687149140715292e+03	2.609728576990554827e-01	1.689668115916267421e-01	2.473310467044562699e-01	1.483380130393071594e-01	7.153084601965187250e-02	2.901892232675600328e-02	7.384150261881675115e-02
1.115106034247542766e+03	2.606022896566717595e-01	1.687219807732252275e-01	2.475893614236789886e-01	1.484905561772511262e-01	7.159566531375653742e-02	2.906309412888051502e-02	7.393705252620612345e-02
1.117524919354370468e+03	2.602327730603106182e-01	1.684778344789464311e-01	2.478469515595610184e-01	1.486426346560657530e-01	7.166028430078635880e-02	2.910717724376784415e-02	7.403234470023221936e-02
1.119943804461197942e+03	2.598643048810617140e-01	1.682343707936633792e-01	2.481038191406043647e-01	1.487942502769246389e-01	7.172470378076639674e-02	2.915117124799776818e-02	7.412737987865192224e-02
1.122362689568025871e+03	2.594968820993824310e-01	1.679915878076079505e-01	2.483599661896277455e-01	1.489454048310754342e-01	7.178892454987606531e-02	2.919507573405840523e-02	7.422215878804216960e-02
1.124781574674853118e+03	2.591305017050640203e-01	1.677494836163556657e-01	2.486153947237825512e-01	1.490961000998092811e-01	7.185294740038811190e-02	2.923889030990042132e-02	7.431668214437016362e-02
1.127200459781681047e+03	2.587651606971974050e-01	1.675080563208108941e-01	2.488701067545688594e-01	1.492463378544377495e-01	7.191677312061309224e-02	2.928261459850604181e-02	7.441095065353620086e-02
1.129619344888508749e+03	2.584008560841395408e-01	1.672673040271917821e-01	2.491241042878511724e-01	1.493961198562760440e-01	7.198040249484918829e-02	2.932624823747230491e-02	7.450496501189025900e-02
1.132038229995336451e+03	2.580375848834788877e-01	1.670272248470155430e-01	2.493773893238744044e-01	1.495454478566325407e-01	7.204383630333714705e-02	2.936979087860797435e-02	7.459872590672363135e-02
1.134457115102163925e+03	2.576753441220021035e-01	1.667878168970835517e-01	2.496299638572796742e-01	1.496943235968044850e-01	7.210707532221992400e-02	2.941324218754360481e-02	7.469223401673677487e-02
1.136876000208991627e+03	2.573141308356592383e-01	1.665490782994666075e-01	2.498818298771199320e-01	1.498427488080788794e-01	7.217012032350689221e-02	2.945660184335427076e-02	7.478549001248427364e-02
1.139294885315819101e+03	2.569539420695303167e-01	1.663110071814900282e-01	2.501329893668758353e-01	1.499907252117388679e-01	7.223297207504238149e-02	2.949986953819448698e-02	7.487849455679813915e-02
1.141713770422646803e+03	2.565947748777913096e-01	1.660736016757191069e-01	2.503834443044712366e-01	1.501382545190750595e-01	7.229563134047817252e-02	2.954304497694482112e-02	7.497124830519036331e-02
1.144132655529474505e+03	2.562366263236801056e-01	1.658368599199444293e-01	2.506331966622889484e-01	1.502853384314012108e-01	7.235809887924994632e-02	2.958612787686981313e-02	7.506375190623562621e-02
1.146551540636302207e+03	2.558794934794627607e-01	1.656007800571671351e-01	2.508822484071863701e-01	1.504319786400747094e-01	7.242037544655734183e-02	2.962911796728672637e-02	7.515600600193507452e-02
1.148970425743129908e+03	2.555233734263996914e-01	1.653653602355844854e-01	2.511306015005106973e-01	1.505781768265207765e-01	7.248246179334742745e-02	2.967201498924476599e-02	7.524801122806225318e-02
1.151389310849957155e+03	2.551682632547120355e-01	1.651305986085752076e-01	2.513782578981148541e-01	1.507239346622606391e-01	7.254435866630137841e-02	2.971481869521435878e-02	7.533976821449155092e-02
1.153808195956785084e+03	2.548141600635480675e-01	1.648964933346850903e-01	2.516252195503727029e-01	1.508692538089433099e-01	7.260606680782433209e-02	2.975752884878611615e-02	7.543127758551045059e-02
1.156227081063612786e+03	2.544610609609495033e-01	1.646630425776123841e-01	2.518714884021943101e-01	1.510141359183807264e-01	7.266758695603806051e-02	2.980014522437914037e-02	7.552253996011598636e-02
1.158645966170440488e+03	2.541089630638180830e-01	1.644302445061935347e-01	2.521170663930416000e-01	1.511585826325859694e-01	7.272891984477634908e-02	2.984266760695831328e-02	7.561355595229628246e-02
1.161064851277267962e+03	2.537578634978824299e-01	1.641980972943886397e-01	2.523619554569435652e-01	1.513025955838144809e-01	7.279006620358302593e-02	2.988509579176023764e-02	7.570432617129782549e-02
1.163483736384095664e+03	2.534077593976644671e-01	1.639665991212672647e-01	2.526061575225112543e-01	1.514461763946080008e-01	7.285102675771235048e-02	2.992742958402754005e-02	7.579485122187920587e-02
1.165902621490923138e+03	2.530586479064467209e-01	1.637357481709940943e-01	2.528496745129534817e-01	1.515893266778411130e-01	7.291180222813174738e-02	2.996966879875120893e-02	7.588513170455173096e-02
1.168321506597751068e+03	2.527105261762387367e-01	1.635055426328146377e-01	2.530925083460916492e-01	1.517320480367700120e-01	7.297239333152660823e-02	3.001181326042067984e-02	7.597516821580779789e-02
1.170740391704578315e+03	2.523633913677445495e-01	1.632759807010409903e-01	2.533346609343750111e-01	1.518743420650836007e-01	7.303280078030717493e-02	3.005386280278139061e-02	7.606496134833741485e-02
1.173159276811406244e+03	2.520172406503297657e-01	1.630470605750377611e-01	2.535761341848957739e-01	1.520162103469565318e-01	7.309302528261729659e-02	3.009581726859954232e-02	7.615451169123345354e-02
1.175578161918233945e+03	2.516720712019890338e-01	1.628187804592077514e-01	2.538169299994041395e-01	1.521576544571042189e-01	7.315306754234499054e-02	3.013767650943382365e-02	7.624381983018617415e-02
1.177997047025061647e+03	2.513278802093132924e-01	1.625911385629781047e-01	2.540570502743232928e-01	1.522986759608395135e-01	7.321292825913458535e-02	3.017944038541379645e-02	7.633288634766757785e-02
1.180415932131889122e+03	2.509846648674573522e-01	1.623641331007860122e-01	2.542964969007643905e-01	1.524392764141311030e-01	7.327260812840061255e-02	3.022110876502477964e-02	7.642171182310587840e-02
1.182834817238716823e+03	2.506424223801078655e-01	1.621377622920648354e-01	2.545352717645414931e-01	1.525794573636631846e-01	7.333210784134293336e-02	3.026268152489895377e-02	7.651029683305085594e-02
1.185253702345544298e+03	2.503011499594510747e-01	1.619120243612300336e-01	2.547733767461864418e-01	1.527192203468966392e-01	7.339142808496340598e-02	3.030415854961247824e-02	7.659864195133013476e-02
1.187672587452371999e+03	2.499608448261406157e-01	1.616869175376652590e-01	2.550108137209636805e-01	1.528585668921313145e-01	7.345056954208374622e-02	3.034553973148841621e-02	7.668674774919723158e-02
1.190091472559199701e+03	2.496215042092659042e-01	1.614624400557085060e-01	2.552475845588850767e-01	1.529974985185695302e-01	7.350953289136459567e-02	3.038682497040526634e-02	7.677461479547140200e-02
1.192510357666027403e+03	2.492831253463204111e-01	1.612385901546381228e-01	2.554836911247246323e-01	1.531360167363806368e-01	7.356831880732572770e-02	3.042801417361090666e-02	7.686224365666989577e-02
1.194929242772855105e+03	2.489457054831699379e-01	1.610153660786591001e-01	2.557191352780332494e-01	1.532741230467661309e-01	7.362692796036729437e-02	3.046910725554175664e-02	7.694963489713284310e-02
1.197348127879682352e+03	2.486092418740213916e-01	1.607927660768892486e-01	2.559539188731534409e-01	1.534118189420261014e-01	7.368536101679189210e-02	3.051010413764699072e-02	7.703678907914129903e-02
1.199767012986510281e+03	2.482737317813913103e-01	1.605707884033454047e-01	2.561880437592337634e-01	1.535491059056259822e-01	7.374361863882770984e-02	3.055100474821760906e-02	7.712370676302854333e-02
1.202185898093337983e+03	2.479391724760750260e-01	1.603494313169297469e-01	2.564215117802436938e-01	1.536859854122641367e-01	7.380170148465237112e-02	3.059180902222025447e-02	7.721038850728509373e-02
1.204604783200165684e+03	2.476055612371154402e-01	1.601286930814161957e-01	2.566543247749879519e-01	1.538224589279398591e-01	7.385961020841756708e-02	3.063251690113552583e-02	7.729683486865780717e-02
1.207023668306993159e+03	2.472728953517723260e-01	1.599085719654366744e-01	2.568864845771210437e-01	1.539585279100220971e-01	7.391734546027439734e-02	3.067312833280073925e-02	7.738304640224311082e-02
1.209442553413820860e+03	2.469411721154916306e-01	1.596890662424675367e-01	2.571179930151618054e-01	1.540941938073182582e-01	7.397490788639932147e-02	3.071364327125690116e-02	7.746902366157489006e-02
1.211861438520648335e+03	2.466103888318751103e-01	1.594701741908160775e-01	2.573488519125078366e-01	1.542294580601435705e-01	7.403229812902070717e-02	3.075406167659981357e-02	7.755476719870724178e-02
1.214280323627476264e+03	2.462805428126497997e-01	1.592518940936069050e-01	2.575790630874497111e-01	1.543643221003907495e-01	7.408951682644596137e-02	3.079438351483514830e-02	7.764027756429210669e-02
1.216699208734303511e+03	2.459516313776379803e-01	1.590342242387685623e-01	2.578086283531855205e-01	1.544987873515996091e-01	7.414656461308899438e-02	3.083460875773734802e-02	7.772555530765239140e-02
1.219118093841131440e+03	2.456236518547270375e-01	1.588171629190200107e-01	2.580375495178350853e-01	1.546328552290271441e-01	7.420344211949828073e-02	3.087473738271227092e-02	7.781060097685056631e-02
1.221536978947959142e+03	2.452966015798397070e-01	1.586007084318572513e-01	2.582658283844541103e-01	1.547665271397174747e-01	7.426014997238533644e-02	3.091476937266341568e-02	7.789541511875304469e-02
1.223955864054786844e+03	2.449704778969042929e-01	1.583848590795399747e-01	2.584934667510487283e-01	1.548998044825720122e-01	7.431668879465327948e-02	3.095470471586161954e-02	7.797999827909044002e-02
1.226374749161614318e+03	2.446452781578251356e-01	1.581696131690782103e-01	2.587204664105891561e-01	1.550326886484194588e-01	7.437305920542608417e-02	3.099454340581816320e-02	7.806435100251411796e-02
1.228793634268442020e+03	2.443209997224531638e-01	1.579549690122190320e-01	2.589468291510244047e-01	1.551651810200859460e-01	7.442926182007778002e-02	3.103428544116108509e-02	7.814847383264895975e-02
1.231212519375269494e+03	2.439976399585567501e-01	1.577409249254332346e-01	2.591725567552959908e-01	1.552972829724648118e-01	7.448529725026206694e-02	3.107393082551468400e-02	7.823236731214280870e-02
1.233631404482097196e+03	2.436751962417925965e-01	1.575274792299022619e-01	2.593976510013521475e-01	1.554289958725866283e-01	7.454116610394216635e-02	3.111347956738208867e-02	7.831603198271250288e-02
1.236050289588924898e+03	2.433536659556767845e-01	1.573146302515049388e-01	2.596221136621617576e-01	1.555603210796887015e-01	7.459686898542064459e-02	3.115293168003076957e-02	7.839946838518684069e-02
1.238469174695752372e+03	2.430330464915560207e-01	1.571023763208042601e-01	2.598459465057283979e-01	1.556912599452846269e-01	7.465240649536963868e-02	3.119228718138091286e-02	7.848267705954657669e-02
1.240888059802580301e+03	2.427133352485790763e-01	1.568907157730344282e-01	2.600691512951042728e-01	1.558218138132334285e-01	7.470777923086097116e-02	3.123154609389662204e-02	7.856565854496157242e-02
1.243306944909407548e+03	2.423945296336683652e-01	1.566796469480876697e-01	2.602917297884041470e-01	1.559519840198085316e-01	7.476298778539657020e-02	3.127070844447975978e-02	7.864841337982531044e-02
1.245725830016235477e+03	2.420766270614915505e-01	1.564691681905012455e-01	2.605136837388191129e-01	1.560817718937664578e-01	7.481803274893876476e-02	3.130977426436644395e-02	7.873094210178681329e-02
1.248144715123063179e+03	2.417596249544335107e-01	1.562592778494444057e-01	2.607350148946303570e-01	1.562111787564151311e-01	7.487291470794071868e-02	3.134874358902603464e-02	7.881324524778023088e-02
1.250563600229890881e+03	2.414435207425682794e-01	1.560499742787054833e-01	2.609557249992232042e-01	1.563402059216818241e-01	7.492763424537685069e-02	3.138761645806262962e-02	7.889532335405202712e-02
1.252982485336718355e+03	2.411283118636312894e-01	1.558412558366789602e-01	2.611758157911007183e-01	1.564688546961809645e-01	7.498219194077329619e-02	3.142639291511891558e-02	7.897717695618619582e-02
1.255401370443546057e+03	2.408139957629917005e-01	1.556331208863525328e-01	2.613952890038971910e-01	1.565971263792810819e-01	7.503658837023834127e-02	3.146507300778232652e-02	7.905880658912717296e-02
1.257820255550373531e+03	2.405005698936248382e-01	1.554255677952942893e-01	2.616141463663921307e-01	1.567250222631718370e-01	7.509082410649273176e-02	3.150365678749345033e-02	7.914021278720102803e-02
1.260239140657201460e+03	2.401880317160849376e-01	1.552185949356399142e-01	2.618323896025237518e-01	1.568525436329303302e-01	7.514489971890006559e-02	3.154214430945662118e-02	7.922139608413468481e-02
1.262658025764028707e+03	2.398763786984777491e-01	1.550122006840798650e-01	2.620500204314024639e-01	1.569796917665871039e-01	7.519881577349697699e-02	3.158053563255262125e-02	7.930235701307346285e-02
1.265076910870856636e+03	2.395656083164337258e-01	1.548063834218466606e-01	2.622670405673246385e-01	1.571064679351914795e-01	7.525257283302332068e-02	3.161883081925343647e-02	7.938309610659693982e-02
1.267495795977684338e+03	2.392557180530809902e-01	1.546011415347020579e-01	2.624834517197859318e-01	1.572328734028766994e-01	7.530617145695221726e-02	3.165702993553900363e-02	7.946361389673323172e-02
1.269914681084511813e+03	2.389467053990185219e-01	1.543964734129246175e-01	2.626992555934948292e-01	1.573589094269243760e-01	7.535961220151995987e-02	3.169513305081587268e-02	7.954391091497188537e-02
1.272333566191339514e+03	2.386385678522896792e-01	1.541923774512967971e-01	2.629144538883861348e-01	1.574845772578284675e-01	7.541289561975587918e-02	3.173314023783779109e-02	7.962398769227528594e-02
1.274752451298167216e+03	2.383313029183557197e-01	1.539888520490925450e-01	2.631290482996341829e-01	1.576098781393587833e-01	7.546602226151197246e-02	3.177105157262808538e-02	7.970384475908878774e-02
1.277171336404994690e+03	2.380249081100693775e-01	1.537858956100645880e-01	2.633430405176664379e-01	1.577348133086239335e-01	7.551899267349240774e-02	3.180886713440382596e-02	7.978348264534958212e-02
1.279590221511822392e+03	2.377193809476488562e-01	1.535835065424319690e-01	2.635564322281764849e-01	1.578593839961337508e-01	7.557180739928288926e-02	3.184658700550171972e-02	7.986290188049445515e-02
1.282009106618650094e+03	2.374147189586516826e-01	1.533816832588675849e-01	2.637692251121377951e-01	1.579835914258611862e-01	7.562446697937987017e-02	3.188421127130567495e-02	7.994210299346633797e-02
1.284427991725477568e+03	2.371109196779490058e-01	1.531804241764856411e-01	2.639814208458164946e-01	1.581074368153035647e-01	7.567697195121947384e-02	3.192174002017601070e-02	8.002108651271992723e-02
1.286846876832305497e+03	2.368079806476997284e-01	1.529797277168293279e-01	2.641930211007847973e-01	1.582309213755434540e-01	7.572932284920638746e-02	3.195917334338024135e-02	8.009985296622622319e-02
1.289265761939132744e+03	2.365058994173249718e-01	1.527795923058581917e-01	2.644040275439341614e-01	1.583540463113088104e-01	7.578152020474239470e-02	3.199651133502538769e-02	8.017840288147622119e-02
1.291684647045960673e+03	2.362046735434825684e-01	1.525800163739361448e-01	2.646144418374883900e-01	1.584768128210325977e-01	7.583356454625489462e-02	3.203375409199185619e-02	8.025673678548368717e-02
1.294103532152788375e+03	2.359043005900419154e-01	1.523809983558188086e-01	2.648242656390167316e-01	1.585992220969118238e-01	7.588545639922497643e-02	3.207090171386869221e-02	8.033485520478712838e-02
1.296522417259616077e+03	2.356047781280587172e-01	1.521825366906414123e-01	2.650335006014469807e-01	1.587212753249661323e-01	7.593719628621553586e-02	3.210795430289031110e-02	8.041275866545098683e-02
1.298941302366443551e+03	2.353061037357498941e-01	1.519846298219064140e-01	2.652421483730784679e-01	1.588429736850955898e-01	7.598878472689893360e-02	3.214491196387461031e-02	8.049044769306619440e-02
1.301360187473271253e+03	2.350082749984688801e-01	1.517872761974714269e-01	2.654502105975948822e-01	1.589643183511380009e-01	7.604022223808459824e-02	3.218177480416239272e-02	8.056792281274989531e-02
1.303779072580098727e+03	2.347112895086806428e-01	1.515904742695368956e-01	2.656576889140775388e-01	1.590853104909257798e-01	7.609150933374629611e-02	3.221854293355818494e-02	8.064518454914471057e-02
1.306197957686926657e+03	2.344151448659373693e-01	1.513942224946339954e-01	2.658645849570180353e-01	1.592059512663419052e-01	7.614264652504924846e-02	3.225521646427221417e-02	8.072223342641726695e-02
1.308616842793753904e+03	2.341198386768537365e-01	1.511985193336125299e-01	2.660709003563312969e-01	1.593262418333755703e-01	7.619363432037698503e-02	3.229179551086373834e-02	8.079906996825626797e-02
1.311035727900581833e+03	2.338253685550825689e-01	1.510033632516287749e-01	2.662766367373681220e-01	1.594461833421771946e-01	7.624447322535783667e-02	3.232828019018554877e-02	8.087569469787003751e-02
1.313454613007409534e+03	2.335317321212908859e-01	1.508087527181335985e-01	2.664817957209283938e-01	1.595657769371126855e-01	7.629516374289144198e-02	3.236467062132961786e-02	8.095210813798352223e-02
1.315873498114237009e+03	2.332389270031355322e-01	1.506146862068601933e-01	2.666863789232734594e-01	1.596850237568173125e-01	7.634570637317472652e-02	3.240096692557398184e-02	8.102831081083491926e-02
1.318292383221064711e+03	2.329469508352394469e-01	1.504211621958123080e-01	2.668903879561391190e-01	1.598039249342488310e-01	7.639610161372782648e-02	3.243716922633067823e-02	8.110430323817183207e-02
1.320711268327892412e+03	2.326558012591676827e-01	1.502281791672522016e-01	2.670938244267483386e-01	1.599224815967402458e-01	7.644634995941965161e-02	3.247327764909480746e-02	8.118008594124709321e-02
1.323130153434719887e+03	2.323654759234038414e-01	1.500357356076887083e-01	2.672966899378236838e-01	1.600406948660516304e-01	7.649645190249330928e-02	3.250929232139465608e-02	8.125565944081422631e-02
1.325549038541547588e+03	2.320759724833263704e-01	1.498438300078654140e-01	2.674989860876000325e-01	1.601585658584217531e-01	7.654640793259115394e-02	3.254521337274288162e-02	8.133102425712250561e-02
1.327967923648375290e+03	2.317872886011852485e-01	1.496524608627487485e-01	2.677007144698371754e-01	1.602760956846188412e-01	7.659621853677961445e-02	3.258104093458866202e-02	8.140618090991179334e-02
1.330386808755202765e+03	2.314994219460786706e-01	1.494616266715161901e-01	2.679018766738324175e-01	1.603932854499909300e-01	7.664588419957386878e-02	3.261677514027091357e-02	8.148112991840708585e-02
1.332805693862030694e+03	2.312123701939297615e-01	1.492713259375445245e-01	2.681024742844331787e-01	1.605101362545154620e-01	7.669540540296206077e-02	3.265241612497240403e-02	8.155587180131274039e-02
1.335224578968857941e+03	2.309261310274635937e-01	1.490815571683980212e-01	2.683025088820490400e-01	1.606266491928485529e-01	7.674478262642950299e-02	3.268796402567484410e-02	8.163040707680656316e-02
1.337643464075685870e+03	2.306407021361842336e-01	1.488923188758167759e-01	2.685019820426647330e-01	1.607428253543734531e-01	7.679401634698240775e-02	3.272341898111491565e-02	8.170473626253357824e-02
1.340062349182513572e+03	2.303560812163518989e-01	1.487036095757049703e-01	2.687008953378521303e-01	1.608586658232485922e-01	7.684310703917149321e-02	3.275878113174118117e-02	8.177885987559975478e-02
1.342481234289341273e+03	2.300722659709602547e-01	1.485154277881192697e-01	2.688992503347830132e-01	1.609741716784550414e-01	7.689205517511527033e-02	3.279405061967183288e-02	8.185277843256534569e-02
1.344900119396168748e+03	2.297892541097138197e-01	1.483277720372572217e-01	2.690970485962409509e-01	1.610893439938433092e-01	7.694086122452307996e-02	3.282922758865339241e-02	8.192649244943826792e-02
1.347319004502996449e+03	2.295070433490056239e-01	1.481406408514455431e-01	2.692942916806339015e-01	1.612041838381796099e-01	7.698952565471793574e-02	3.286431218402015991e-02	8.200000244166723296e-02
1.349737889609823924e+03	2.292256314118946425e-01	1.479540327631286845e-01	2.694909811420064805e-01	1.613186922751918551e-01	7.703804893065901993e-02	3.289930455265453746e-02	8.207330892413476631e-02
1.352156774716651853e+03	2.289450160280837032e-01	1.477679463088572842e-01	2.696871185300521168e-01	1.614328703636145890e-01	7.708643151496399892e-02	3.293420484294811573e-02	8.214641241115015757e-02
1.354575659823479100e+03	2.286651949338973644e-01	1.475823800292766774e-01	2.698827053901252659e-01	1.615467191572338423e-01	7.713467386793100566e-02	3.296901320476355868e-02	8.221931341644229951e-02
1.356994544930307029e+03	2.283861658722597943e-01	1.473973324691153775e-01	2.700777432632535113e-01	1.616602397049311801e-01	7.718277644756045552e-02	3.300372978939727919e-02	8.229201245315237445e-02
1.359413430037134731e+03	2.281079265926731214e-01	1.472128021771737238e-01	2.702722336861498320e-01	1.617734330507273055e-01	7.723073970957658463e-02	3.303835474954278789e-02	8.236451003382659619e-02
1.361832315143962205e+03	2.278304748511953692e-01	1.470287877063125026e-01	2.704661781912245933e-01	1.618863002338251644e-01	7.727856410744869675e-02	3.307288823925484678e-02	8.243680667040879928e-02
1.364251200250789907e+03	2.275538084104190006e-01	1.468452876134414831e-01	2.706595783065976479e-01	1.619988422886524115e-01	7.732625009241217429e-02	3.310733041391430292e-02	8.250890287423302827e-02
1.366670085357617609e+03	2.272779250394491857e-01	1.466623004595081770e-01	2.708524355561102159e-01	1.621110602449034876e-01	7.737379811348929493e-02	3.314168143019362300e-02	8.258079915601601595e-02
1.369088970464445310e+03	2.270028225138825406e-01	1.464798248094865141e-01	2.710447514593372631e-01	1.622229551275810866e-01	7.742120861750972916e-02	3.317594144602307310e-02	8.265249602584980038e-02
1.371507855571272785e+03	2.267284986157855897e-01	1.462978592323655180e-01	2.712365275315990476e-01	1.623345279570370947e-01	7.746848204913087121e-02	3.321011062055765489e-02	8.272399399319410596e-02
1.373926740678100487e+03	2.264549511336736987e-01	1.461164023011382318e-01	2.714277652839733879e-01	1.624457797490132527e-01	7.751561885085785086e-02	3.324418911414460387e-02	8.279529356686891883e-02
1.376345625784927961e+03	2.261821778624897861e-01	1.459354525927903379e-01	2.716184662233070979e-01	1.625567115146809571e-01	7.756261946306330923e-02	3.327817708829156756e-02	8.286639525504690962e-02
1.378764510891755890e+03	2.259101766035834236e-01	1.457550086882890283e-01	2.718086318522284217e-01	1.626673242606807290e-01	7.760948432400704977e-02	3.331207470563540135e-02	8.293729956524599489e-02
1.381183395998583137e+03	2.256389451646898525e-01	1.455750691725719304e-01	2.719982636691583577e-01	1.627776189891613490e-01	7.765621386985527286e-02	3.334588212991157485e-02	8.300800700432177381e-02
1.383602281105411066e+03	2.253684813599091397e-01	1.453956326345359207e-01	2.721873631683227046e-01	1.628875966978182710e-01	7.770280853469974103e-02	3.337959952592418206e-02	8.307851807846014514e-02
1.386021166212238768e+03	2.250987830096855824e-01	1.452166976670261067e-01	2.723759318397638851e-01	1.629972583799316754e-01	7.774926875057658338e-02	3.341322705951651345e-02	8.314883329316982707e-02
1.388440051319066470e+03	2.248298479407868922e-01	1.450382628668247520e-01	2.725639711693523815e-01	1.631066050244039944e-01	7.779559494748493342e-02	3.344676489754221799e-02	8.321895315327494658e-02
1.390858936425893944e+03	2.245616739862838773e-01	1.448603268346402573e-01	2.727514826387988367e-01	1.632156376157970212e-01	7.784178755340534495e-02	3.348021320783704791e-02	8.328887816290773960e-02
1.393277821532721646e+03	2.242942589855299040e-01	1.446828881750961415e-01	2.729384677256653235e-01	1.633243571343684919e-01	7.788784699431797187e-02	3.351357215919109622e-02	8.335860882550116813e-02
1.395696706639549120e+03	2.240276007841406625e-01	1.445059454967201895e-01	2.731249279033771682e-01	1.634327645561082787e-01	7.793377369422047063e-02	3.354684192132162401e-02	8.342814564378171760e-02
1.398115591746377049e+03	2.237616972339738219e-01	1.443294974119333773e-01	2.733108646412344966e-01	1.635408608527741392e-01	7.797956807514574984e-02	3.358002266484636650e-02	8.349748911976216659e-02
1.400534476853204296e+03	2.234965461931090747e-01	1.441535425370390755e-01	2.734962794044238921e-01	1.636486469919267717e-01	7.802523055717945633e-02	3.361311456125741504e-02	8.356663975473448136e-02
1.402953361960032225e+03	2.232321455258279852e-01	1.439780794922121687e-01	2.736811736540297746e-01	1.637561239369648425e-01	7.807076155847726684e-02	3.364611778289552935e-02	8.363559804926266883e-02
1.405372247066859927e+03	2.229684931025940620e-01	1.438031069014882313e-01	2.738655488470458366e-01	1.638632926471592366e-01	7.811616149528197162e-02	3.367903250292499789e-02	8.370436450317582378e-02
1.407791132173687402e+03	2.227055868000329952e-01	1.436286233927527578e-01	2.740494064363869220e-01	1.639701540776870303e-01	7.816143078194029425e-02	3.371185889530897706e-02	8.377293961556117607e-02
1.410210017280515103e+03	2.224434245009128674e-01	1.434546275977302554e-01	2.742327478709000732e-01	1.640767091796649924e-01	7.820656983091954506e-02	3.374459713478526746e-02	8.384132388475723507e-02
1.412628902387342805e+03	2.221820040941244467e-01	1.432811181519736132e-01	2.744155745953757997e-01	1.641829589001826961e-01	7.825157905282403847e-02	3.377724739684260374e-02	8.390951780834700335e-02
1.415047787494170507e+03	2.219213234746617580e-01	1.431080936948533888e-01	2.745978880505599573e-01	1.642889041823351048e-01	7.829645885641134395e-02	3.380980985769734687e-02	8.397752188315125987e-02
1.417466672600997981e+03	2.216613805436025431e-01	1.429355528695470667e-01	2.747796896731647398e-01	1.643945459652549346e-01	7.834120964860827319e-02	3.384228469427067593e-02	8.404533660522191252e-02
1.419885557707825683e+03	2.214021732080888039e-01	1.427634943230285114e-01	2.749609808958800028e-01	1.644998851841444065e-01	7.838583183452671466e-02	3.387467208416618247e-02	8.411296246983554492e-02
1.422304442814653157e+03	2.211436993813076513e-01	1.425919167060571979e-01	2.751417631473845327e-01	1.646049227703067497e-01	7.843032581747921839e-02	3.390697220564789505e-02	8.418039997148688003e-02
1.424723327921481086e+03	2.208859569824720426e-01	1.424208186731677206e-01	2.753220378523574263e-01	1.647096596511772870e-01	7.847469199899448355e-02	3.393918523761872696e-02	8.424764960388246571e-02
1.427142213028308333e+03	2.206289439368016581e-01	1.422501988826592456e-01	2.755018064314890824e-01	1.648140967503539667e-01	7.851893077883247141e-02	3.397131135959935433e-02	8.431471185993440198e-02
1.429561098135136262e+03	2.203726581755038882e-01	1.420800559965848531e-01	2.756810703014925812e-01	1.649182349876276987e-01	7.856304255499953204e-02	3.400335075170746180e-02	8.438158723175415155e-02
1.431979983241963964e+03	2.201170976357548770e-01	1.419103886807411563e-01	2.758598308751147865e-01	1.650220752790122758e-01	7.860702772376321201e-02	3.403530359463740468e-02	8.444827621064641965e-02
1.434398868348791666e+03	2.198622602606807586e-01	1.417411956046578103e-01	2.760380895611473373e-01	1.651256185367738771e-01	7.865088667966682601e-02	3.406717006964026656e-02	8.451477928710325604e-02
1.436817753455619140e+03	2.196081439993387563e-01	1.415724754415869924e-01	2.762158477644378052e-01	1.652288656694601565e-01	7.869461981554405627e-02	3.409895035850429162e-02	8.458109695079810142e-02
1.439236638562446842e+03	2.193547468066985862e-01	1.414042268684930215e-01	2.763931068859008522e-01	1.653318175819289970e-01	7.873822752253308022e-02	3.413064464353565003e-02	8.464722969057995872e-02
1.441655523669274316e+03	2.191020666436238329e-01	1.412364485660420332e-01	2.765698683225291110e-01	1.654344751753770437e-01	7.878171019009076737e-02	3.416225310753963351e-02	8.471317799446775876e-02
1.444074408776102018e+03	2.188501014768534092e-01	1.410691392185915438e-01	2.767461334674041207e-01	1.655368393473676258e-01	7.882506820600655717e-02	3.419377593380217711e-02	8.477894234964473974e-02
1.446493293882929493e+03	2.185988492789831816e-01	1.409022975141801526e-01	2.769219037097075398e-01	1.656389109918584845e-01	7.886830195641621188e-02	3.422521330607170009e-02	8.484452324245289612e-02
1.448912178989757422e+03	2.183483080284475963e-01	1.407359221445171893e-01	2.770971804347318046e-01	1.657406909992291955e-01	7.891141182581537517e-02	3.425656540854138399e-02	8.490992115838766341e-02
1.451331064096585123e+03	2.180984757095013049e-01	1.405700118049725555e-01	2.772719650238910649e-01	1.658421802563081193e-01	7.895439819707290863e-02	3.428783242583166579e-02	8.497513658209251974e-02
1.453749949203412370e+03	2.178493503122011510e-01	1.404045651945663997e-01	2.774462588547323416e-01	1.659433796463990751e-01	7.899726145144417289e-02	3.431901454297316134e-02	8.504016999735386495e-02
1.456168834310240300e+03	2.176009298323879071e-01	1.402395810159588474e-01	2.776200633009460184e-01	1.660442900493076246e-01	7.904000196858404492e-02	3.435011194538988011e-02	8.510502188709584415e-02
1.458587719417068001e+03	2.173532122716682891e-01	1.400750579754399816e-01	2.777933797323766663e-01	1.661449123413672180e-01	7.908262012655982442e-02	3.438112481888274535e-02	8.516969273337537949e-02
1.461006604523895703e+03	2.171061956373970814e-01	1.399109947829195177e-01	2.779662095150341461e-01	1.662452473954646737e-01	7.912511630186394584e-02	3.441205334961344037e-02	8.523418301737727132e-02
1.463425489630723177e+03	2.168598779426590961e-01	1.397473901519168116e-01	2.781385540111039334e-01	1.663452960810657966e-01	7.916749086942652391e-02	3.444289772408856698e-02	8.529849321940935480e-02
1.465844374737550879e+03	2.166142572062515204e-01	1.395842427995505897e-01	2.783104145789581096e-01	1.664450592642401638e-01	7.920974420262771876e-02	3.447365812914409550e-02	8.536262381889785089e-02
1.468263259844378354e+03	2.163693314526660971e-01	1.394215514465290962e-01	2.784817925731660204e-01	1.665445378076860494e-01	7.925187667331001773e-02	3.450433475193010607e-02	8.542657529438268948e-02
1.470682144951206283e+03	2.161250987120715283e-01	1.392593148171398787e-01	2.786526893445046560e-01	1.666437325707547379e-01	7.929388865179033685e-02	3.453492777989585621e-02	8.549034812351305468e-02
1.473101030058033530e+03	2.158815570202958778e-01	1.390975316392398242e-01	2.788231062399697535e-01	1.667426444094746996e-01	7.933578050687187244e-02	3.456543740077506338e-02	8.555394278304295774e-02
1.475519915164861459e+03	2.156387044188090019e-01	1.389362006442451392e-01	2.789930446027859556e-01	1.668412741765754048e-01	7.937755260585598049e-02	3.459586380257156230e-02	8.561735974882690725e-02
1.477938800271689161e+03	2.153965389547053133e-01	1.387753205671215240e-01	2.791625057724176351e-01	1.669396227215108608e-01	7.941920531455369525e-02	3.462620717354512878e-02	8.568059949581575963e-02
1.480357685378516862e+03	2.151550586806862397e-01	1.386148901463740701e-01	2.793314910845793309e-01	1.670376908904828706e-01	7.946073899729731715e-02	3.465646770219765749e-02	8.574366249805248641e-02
1.482776570485344337e+03	2.149142616550429596e-01	1.384549081240373791e-01	2.795000018712461842e-01	1.671354795264638482e-01	7.950215401695166773e-02	3.468664557725956860e-02	8.580654922866828849e-02
