1.001418434226643626e+03	2.792072884235540786e-01	1.810112934510979821e-01	2.346193982627957086e-01	1.407757987758304075e-01	6.831886662478184324e-02	2.690981500988128688e-02	6.915753945172875561e-02
1.002869765290740247e+03	2.789538973128412591e-01	1.808439850461940057e-01	2.347956937551708145e-01	1.408813794482453585e-01	6.836380452288323695e-02	2.693835688660682973e-02	6.922288302772866553e-02
1.004321096354836754e+03	2.787009387119079862e-01	1.806769575774367365e-01	2.349716923901546961e-01	1.409867600858824843e-01	6.840865652286308440e-02	2.696688414433769457e-02	6.928811056708737703e-02
1.005772427418933376e+03	2.784484118658524521e-01	1.805102105728251249e-01	2.351473946668428405e-01	1.410919411270992185e-01	6.845342278499312594e-02	2.699539633446898859e-02	6.935322264758829458e-02
1.007223758483029997e+03	2.781963160211107233e-01	1.803437435611512096e-01	2.353228010834906847e-01	1.411969230119259622e-01	6.849810347158649670e-02	2.702389301747408143e-02	6.941821983293090803e-02
1.008675089547126618e+03	2.779446504254589057e-01	1.801775560719988678e-01	2.354979121375150308e-01	1.413017061819408227e-01	6.854269874690108177e-02	2.705237376270798813e-02	6.948310267314732058e-02
1.010126420611223239e+03	2.776934143280148648e-01	1.800116476357423168e-01	2.356727283254954897e-01	1.414062910801487383e-01	6.858720877704609087e-02	2.708083814821565100e-02	6.954787170500691118e-02
1.011577751675319632e+03	2.774426069792392813e-01	1.798460177835450036e-01	2.358472501431758961e-01	1.415106781508642664e-01	6.863163372989140865e-02	2.710928576054494332e-02	6.961252745240928408e-02
1.013029082739416367e+03	2.771922276309373157e-01	1.796806660473581063e-01	2.360214780854656691e-01	1.416148678395988403e-01	6.867597377497990097e-02	2.713771619456429446e-02	6.967707042676600515e-02
1.014480413803512761e+03	2.769422755362593302e-01	1.795155919599193128e-01	2.361954126464412829e-01	1.417188605929516620e-01	6.872022908344255221e-02	2.716612905328478350e-02	6.974150112737123597e-02
1.015931744867609382e+03	2.766927499497021659e-01	1.793507950547514884e-01	2.363690543193475990e-01	1.418226568585043146e-01	6.876439982791617000e-02	2.719452394768662878e-02	6.980582004176172362e-02
1.017383075931706003e+03	2.764436501271099189e-01	1.791862748661613158e-01	2.365424035965993377e-01	1.419262570847191762e-01	6.880848618246393489e-02	2.722290049654992744e-02	6.987002764606645155e-02
1.018834406995802851e+03	2.761949753256743856e-01	1.790220309292380185e-01	2.367154609697824930e-01	1.420296617208412493e-01	6.885248832249829531e-02	2.725125832628951320e-02	6.993412440534613195e-02
1.020285738059899245e+03	2.759467248039358389e-01	1.788580627798519451e-01	2.368882269296556375e-01	1.421328712168033748e-01	6.889640642470651333e-02	2.727959707079387341e-02	6.999811077392296965e-02
1.021737069123995752e+03	2.756988978217832509e-01	1.786943699546533759e-01	2.370607019661513659e-01	1.422358860231348887e-01	6.894024066697848618e-02	2.730791637126797275e-02	7.006198719570086442e-02
1.023188400188092373e+03	2.754514936404545700e-01	1.785309519910712184e-01	2.372328865683777377e-01	1.423387065908733318e-01	6.898399122833706598e-02	2.733621587607991052e-02	7.012575410447639823e-02
1.024639731252188767e+03	2.752045115225369432e-01	1.783678084273115916e-01	2.374047812246195821e-01	1.424413333714795171e-01	6.902765828887048871e-02	2.736449524061129387e-02	7.018941192424080211e-02
1.026091062316285615e+03	2.749579507319666605e-01	1.782049388023565495e-01	2.375763864223399413e-01	1.425437668167554017e-01	6.907124202966716253e-02	2.739275412711122959e-02	7.025296106947316599e-02
1.027542393380382237e+03	2.747118105340292660e-01	1.780423426559629152e-01	2.377477026481814582e-01	1.426460073787649274e-01	6.911474263275250995e-02	2.742099220455384082e-02	7.031640194542522482e-02
1.028993724444478858e+03	2.744660901953588361e-01	1.778800195286607544e-01	2.379187303879677362e-01	1.427480555097577763e-01	6.915816028102787782e-02	2.744920914849922899e-02	7.037973494839788735e-02
1.030445055508575479e+03	2.742207889839383128e-01	1.777179689617522651e-01	2.380894701267047275e-01	1.428499116620957909e-01	6.920149515821155672e-02	2.747740464095778379e-02	7.044296046600968808e-02
1.031896386572671872e+03	2.739759061690984487e-01	1.775561904973103899e-01	2.382599223485821205e-01	1.429515762881821417e-01	6.924474744878172938e-02	2.750557837025770572e-02	7.050607887745756475e-02
1.033347717636768493e+03	2.737314410215178073e-01	1.773946836781774838e-01	2.384300875369747275e-01	1.430530498403931039e-01	6.928791733792126484e-02	2.753373003091575885e-02	7.056909055376996143e-02
1.034799048700865114e+03	2.734873928132218190e-01	1.772334480479641206e-01	2.385999661744437894e-01	1.431543327710122215e-01	6.933100501146442773e-02	2.756185932351107315e-02	7.063199585805265968e-02
1.036250379764961508e+03	2.732437608175821153e-01	1.770724831510477326e-01	2.387695587427385024e-01	1.432554255321670245e-01	6.937401065584536397e-02	2.758996595456196174e-02	7.069479514572746259e-02
1.037701710829058356e+03	2.730005443093158068e-01	1.769117885325713624e-01	2.389388657227972390e-01	1.433563285757679939e-01	6.941693445804830720e-02	2.761804963640566296e-02	7.075748876476391225e-02
1.039153041893154750e+03	2.727577425644843734e-01	1.767513637384423297e-01	2.391078875947489357e-01	1.434570423534499151e-01	6.945977660555956168e-02	2.764611008708094467e-02	7.082007705590426250e-02
1.040604372957251599e+03	2.725153548604928866e-01	1.765912083153309831e-01	2.392766248379145921e-01	1.435575673165154498e-01	6.950253728632097006e-02	2.767414703021347719e-02	7.088256035288197088e-02
1.042055704021347992e+03	2.722733804760890108e-01	1.764313218106694225e-01	2.394450779308084365e-01	1.436579039158806803e-01	6.954521668868514361e-02	2.770216019490389855e-02	7.094493898263376508e-02
1.043507035085444613e+03	2.720318186913615044e-01	1.762717037726501679e-01	2.396132473511394245e-01	1.437580526020229843e-01	6.958781500137208031e-02	2.773014931561854080e-02	7.100721326550557544e-02
1.044958366149541234e+03	2.717906687877393312e-01	1.761123537502249925e-01	2.397811335758126550e-01	1.438580138249307416e-01	6.963033241342740653e-02	2.775811413208270628e-02	7.106938351545237509e-02
1.046409697213637855e+03	2.715499300479902733e-01	1.759532712931034804e-01	2.399487370809305076e-01	1.439577880340551508e-01	6.967276911418203433e-02	2.778605438917643167e-02	7.113145004023228857e-02
1.047861028277734476e+03	2.713096017562195983e-01	1.757944559517518879e-01	2.401160583417942251e-01	1.440573756782636550e-01	6.971512529321315099e-02	2.781396983683270818e-02	7.119341314159501055e-02
1.049312359341831097e+03	2.710696831978683385e-01	1.756359072773918117e-01	2.402830978329051070e-01	1.441567772057956165e-01	6.975740114030669348e-02	2.784186022993806811e-02	7.125527311546467346e-02
1.050763690405927491e+03	2.708301736597121256e-01	1.754776248219989399e-01	2.404498560279659525e-01	1.442559930642193788e-01	6.979959684542108578e-02	2.786972532823545415e-02	7.131703025211739988e-02
1.052215021470024112e+03	2.705910724298594694e-01	1.753196081383018023e-01	2.406163333998823650e-01	1.443550237003912995e-01	6.984171259865229464e-02	2.789756489622937860e-02	7.137868483635367856e-02
1.053666352534120733e+03	2.703523787977503701e-01	1.751618567797804393e-01	2.407825304207641404e-01	1.444538695604163925e-01	6.988374859020010654e-02	2.792537870309325446e-02	7.144023714766560562e-02
1.055117683598217127e+03	2.701140920541542645e-01	1.750043703006652351e-01	2.409484475619265709e-01	1.445525310896105253e-01	6.992570501033555652e-02	2.795316652257885323e-02	7.150168746039933798e-02
1.056569014662313975e+03	2.698762114911685273e-01	1.748471482559355028e-01	2.411140852938918056e-01	1.446510087324642257e-01	6.996758204936970316e-02	2.798092813292786182e-02	7.156303604391271722e-02
1.058020345726410369e+03	2.696387364022166389e-01	1.746901902013184293e-01	2.412794440863901546e-01	1.447493029326079594e-01	7.000937989762340274e-02	2.800866331678545512e-02	7.162428316272827222e-02
1.059471676790506763e+03	2.694016660820463538e-01	1.745334956932876880e-01	2.414445244083615050e-01	1.448474141327790454e-01	7.005109874539816595e-02	2.803637186111584967e-02	7.168542907668168374e-02
1.060923007854603611e+03	2.691649998267278132e-01	1.743770642890622169e-01	2.416093267279565970e-01	1.449453427747897927e-01	7.009273878294823568e-02	2.806405355711977245e-02	7.174647404106596071e-02
1.062374338918700232e+03	2.689287369336514910e-01	1.742208955466048870e-01	2.417738515125383292e-01	1.450430892994971077e-01	7.013430020045352542e-02	2.809170820015381709e-02	7.180741830677131454e-02
1.063825669982796853e+03	2.686928767015263619e-01	1.740649890246214193e-01	2.419380992286832011e-01	1.451406541467732958e-01	7.017578318799369552e-02	2.811933558965160757e-02	7.186826212042093931e-02
1.065277001046893474e+03	2.684574184303777922e-01	1.739093442825589697e-01	2.421020703421824793e-01	1.452380377554785829e-01	7.021718793552313154e-02	2.814693552904677654e-02	7.192900572450278140e-02
1.066728332110990095e+03	2.682223614215454854e-01	1.737539608806050184e-01	2.422657653180436965e-01	1.453352405634343036e-01	7.025851463284693565e-02	2.817450782569764361e-02	7.198964935749745109e-02
1.068179663175086489e+03	2.679877049776813736e-01	1.735988383796860102e-01	2.424291846204918721e-01	1.454322630073976996e-01	7.029976346959776468e-02	2.820205229081361106e-02	7.205019325400220664e-02
1.069630994239183110e+03	2.677534484027475625e-01	1.734439763414661884e-01	2.425923287129708450e-01	1.455291055230377439e-01	7.034093463521354228e-02	2.822956873938317970e-02	7.211063764485148297e-02
1.071082325303279504e+03	2.675195910020140011e-01	1.732893743283463184e-01	2.427551980581446056e-01	1.456257685449121597e-01	7.038202831891615663e-02	2.825705699010360242e-02	7.217098275723374257e-02
1.072533656367376352e+03	2.672861320820562048e-01	1.731350319034624663e-01	2.429177931178986283e-01	1.457222525064454932e-01	7.042304470969087959e-02	2.828451686531208153e-02	7.223122881480480151e-02
1.073984987431472746e+03	2.670530709507532574e-01	1.729809486306847499e-01	2.430801143533411202e-01	1.458185578399083249e-01	7.046398399626660480e-02	2.831194819091849973e-02	7.229137603779790811e-02
1.075436318495569594e+03	2.668204069172854798e-01	1.728271240746161175e-01	2.432421622248044646e-01	1.459146849763973131e-01	7.050484636709691832e-02	2.833935079633964280e-02	7.235142464313051858e-02
1.076887649559666215e+03	2.665881392921317650e-01	1.726735578005911820e-01	2.434039371918463868e-01	1.460106343458164868e-01	7.054563201034193265e-02	2.836672451443486564e-02	7.241137484450788087e-02
1.078338980623762609e+03	2.663562673870675801e-01	1.725202493746748056e-01	2.435654397132513416e-01	1.461064063768593435e-01	7.058634111385078680e-02	2.839406918144317740e-02	7.247122685252348206e-02
1.079790311687859230e+03	2.661247905151625792e-01	1.723671983636610727e-01	2.437266702470318458e-01	1.462020014969919179e-01	7.062697386514488196e-02	2.842138463692169340e-02	7.253098087475659539e-02
1.081241642751955851e+03	2.658937079907779388e-01	1.722144043350719023e-01	2.438876292504296994e-01	1.462974201324367951e-01	7.066753045140186651e-02	2.844867072368545066e-02	7.259063711586689893e-02
1.082692973816052472e+03	2.656630191295643595e-01	1.720618668571559373e-01	2.440483171799173456e-01	1.463926627081579002e-01	7.070801105944025944e-02	2.847592728774851756e-02	7.265019577768623560e-02
1.084144304880149093e+03	2.654327232484591792e-01	1.719095854988872962e-01	2.442087344911991476e-01	1.464877296478462321e-01	7.074841587570468437e-02	2.850315417826638706e-02	7.270965705930759748e-02
1.085595635944245487e+03	2.652028196656842085e-01	1.717575598299643513e-01	2.443688816392127205e-01	1.465826213739062911e-01	7.078874508625179751e-02	2.853035124747960866e-02	7.276902115717154285e-02
1.087046967008342108e+03	2.649733077007428994e-01	1.716057894208085355e-01	2.445287590781301812e-01	1.466773383074434778e-01	7.082899887673671513e-02	2.855751835065865191e-02	7.282828826514996245e-02
1.088498298072438729e+03	2.647441866744184580e-01	1.714542738425630375e-01	2.446883672613594518e-01	1.467718808682520748e-01	7.086917743240023215e-02	2.858465534604993225e-02	7.288745857462730626e-02
1.089949629136535123e+03	2.645154559087705137e-01	1.713030126670916642e-01	2.448477066415455650e-01	1.468662494748040059e-01	7.090928093805634602e-02	2.861176209482300600e-02	7.294653227457940925e-02
1.091400960200631971e+03	2.642871147271330101e-01	1.711520054669775914e-01	2.450067776705719957e-01	1.469604445442384555e-01	7.094930957808054384e-02	2.863883846101889299e-02	7.300550955164994416e-02
1.092852291264728365e+03	2.640591624541118176e-01	1.710012518155222538e-01	2.451655807995618275e-01	1.470544664923519596e-01	7.098926353639853359e-02	2.866588431149948504e-02	7.306439059022457050e-02
1.094303622328825213e+03	2.638315984155816807e-01	1.708507512867439571e-01	2.453241164788791673e-01	1.471483157335892467e-01	7.102914299647553054e-02	2.869289951589804738e-02	7.312317557250279376e-02
1.095754953392921607e+03	2.636044219386838861e-01	1.707005034553768508e-01	2.454823851581303396e-01	1.472419926810348556e-01	7.106894814130597371e-02	2.871988394657073659e-02	7.318186467856774291e-02
1.097206284457018228e+03	2.633776323518237095e-01	1.705505078968696242e-01	2.456403872861651627e-01	1.473354977464050308e-01	7.110867915340385315e-02	2.874683747854916635e-02	7.324045808645376909e-02
1.098657615521114849e+03	2.631512289846675845e-01	1.704007641873843959e-01	2.457981233110783648e-01	1.474288313400407002e-01	7.114833621479332848e-02	2.877375998949395150e-02	7.329895597221201820e-02
1.100108946585211470e+03	2.629252111681405490e-01	1.702512719037953259e-01	2.459555936802106935e-01	1.475219938709005918e-01	7.118791950700001370e-02	2.880065135964922710e-02	7.335735850997397722e-02
1.101560277649308091e+03	2.626995782344235808e-01	1.701020306236876167e-01	2.461127988401501931e-01	1.476149857465551829e-01	7.122742921104253944e-02	2.882751147179810763e-02	7.341566587201317495e-02
1.103011608713404712e+03	2.624743295169509882e-01	1.699530399253562363e-01	2.462697392367336757e-01	1.477078073731809549e-01	7.126686550742454551e-02	2.885434021121909345e-02	7.347387822880492581e-02
1.104462939777501106e+03	2.622494643504076905e-01	1.698042993878047802e-01	2.464264153150477199e-01	1.478004591555554526e-01	7.130622857612724241e-02	2.888113746564333409e-02	7.353199574908424185e-02
1.105914270841597499e+03	2.620249820707264421e-01	1.696558085907441116e-01	2.465828275194301145e-01	1.478929414970526490e-01	7.134551859660219486e-02	2.890790312521282143e-02	7.359001859990207950e-02
1.107365601905694348e+03	2.618008820150852789e-01	1.695075671145914453e-01	2.467389762934711073e-01	1.479852547996388379e-01	7.138473574776454944e-02	2.893463708243940863e-02	7.364794694667975428e-02
1.108816932969790741e+03	2.615771635219047986e-01	1.693595745404689323e-01	2.468948620800145988e-01	1.480773994638689695e-01	7.142388020798667858e-02	2.896133923216467551e-02	7.370578095326171808e-02
1.110268264033887590e+03	2.613538259308454403e-01	1.692118304502025494e-01	2.470504853211594465e-01	1.481693758888835144e-01	7.146295215509214371e-02	2.898800947152060242e-02	7.376352078196676820e-02
1.111719595097984211e+03	2.611308685828044873e-01	1.690643344263209336e-01	2.472058464582607695e-01	1.482611844724056882e-01	7.150195176634996375e-02	2.901464769989106976e-02	7.382116659363760491e-02
1.113170926162080832e+03	2.609082908199138462e-01	1.689170860520541884e-01	2.473609459319310311e-01	1.483528256107391474e-01	7.154087921846934151e-02	2.904125381887409305e-02	7.387871854768890412e-02
1.114622257226177226e+03	2.606860919855369940e-01	1.687700849113326906e-01	2.475157841820415650e-01	1.484442996987659635e-01	7.157973468759459834e-02	2.906782773224485944e-02	7.393617680215390509e-02
1.116073588290273847e+03	2.604642714242662582e-01	1.686233305887859246e-01	2.476703616477235748e-01	1.485356071299452907e-01	7.161851834930045568e-02	2.909436934591948590e-02	7.399354151372961041e-02
1.117524919354370468e+03	2.602428284819200965e-01	1.684768226697413718e-01	2.478246787673695217e-01	1.486267482963119779e-01	7.165723037858770517e-02	2.912087856791949203e-02	7.405081283782044554e-02
1.118976250418467089e+03	2.600217625055404325e-01	1.683305607402232063e-01	2.479787359786343182e-01	1.487177235884759585e-01	7.169587094987898979e-02	2.914735530833700156e-02	7.410799092858069703e-02
1.120427581482563710e+03	2.598010728433898797e-01	1.681845443869512124e-01	2.481325337184366320e-01	1.488085333956216394e-01	7.173444023701508465e-02	2.917379947930062029e-02	7.416507593895553530e-02
1.121878912546660331e+03	2.595807588449489112e-01	1.680387731973396193e-01	2.482860724229600802e-01	1.488991781055078456e-01	7.177293841325130264e-02	2.920021099494199759e-02	7.422206802072087162e-02
1.123330243610756725e+03	2.593608198609131943e-01	1.678932467594958511e-01	2.484393525276544779e-01	1.489896581044680424e-01	7.181136565125417759e-02	2.922658977136302627e-02	7.427896732452186901e-02
1.124781574674853118e+03	2.591412552431908156e-01	1.677479646622195009e-01	2.485923744672370039e-01	1.490799737774108347e-01	7.184972212309849449e-02	2.925293572660371544e-02	7.433577399991024570e-02
1.126232905738949967e+03	2.589220643448995052e-01	1.676029264950010533e-01	2.487451386756936444e-01	1.491701255078208277e-01	7.188800800026445836e-02	2.927924878061066369e-02	7.439248819538053781e-02
1.127684236803046360e+03	2.587032465203638054e-01	1.674581318480207470e-01	2.488976455862801918e-01	1.492601136777595983e-01	7.192622345363519631e-02	2.930552885520615672e-02	7.444911005840504359e-02
1.129135567867143209e+03	2.584848011251124067e-01	1.673135803121474363e-01	2.490498956315236601e-01	1.493499386678671936e-01	7.196436865349437051e-02	2.933177587405786171e-02	7.450563973546779628e-02
1.130586898931239830e+03	2.582667275158754827e-01	1.671692714789374257e-01	2.492018892432234234e-01	1.494396008573636858e-01	7.200244376952417980e-02	2.935798976264912194e-02	7.456207737209744058e-02
1.132038229995336451e+03	2.580490250505818040e-01	1.670252049406332762e-01	2.493536268524524369e-01	1.495291006240511145e-01	7.204044897080340293e-02	2.938417044824977870e-02	7.461842311289901275e-02
1.133489561059432845e+03	2.578316930883558511e-01	1.668813802901627508e-01	2.495051088895584579e-01	1.496184383443156241e-01	7.207838442580577487e-02	2.941031785988760736e-02	7.467467710158473548e-02
1.134940892123529466e+03	2.576147309895154280e-01	1.667377971211375653e-01	2.496563357841653785e-01	1.497076143931298231e-01	7.211625030239848799e-02	2.943643192832025302e-02	7.473083948100393836e-02
1.136392223187626087e+03	2.573981381155683867e-01	1.665944550278523062e-01	2.498073079651743356e-01	1.497966291440553377e-01	7.215404676784091531e-02	2.946251258600773859e-02	7.478691039317182654e-02
1.137843554251722708e+03	2.571819138292105733e-01	1.664513536052831810e-01	2.499580258607649041e-01	1.498854829692456980e-01	7.219177398878352803e-02	2.948855976708544824e-02	7.484288997929752774e-02
1.139294885315819101e+03	2.569660574943223308e-01	1.663084924490870475e-01	2.501084898983964577e-01	1.499741762394492806e-01	7.222943213126702122e-02	2.951457340733764853e-02	7.489877837981111230e-02
1.140746216379915950e+03	2.567505684759662232e-01	1.661658711556000811e-01	2.502587005048092506e-01	1.500627093240126109e-01	7.226702136072143956e-02	2.954055344417151271e-02	7.495457573438976673e-02
1.142197547444012343e+03	2.565354461403841491e-01	1.660234893218367203e-01	2.504086581060258054e-01	1.501510825908837221e-01	7.230454184196576095e-02	2.956649981659159945e-02	7.501028218198314834e-02
1.143648878508108737e+03	2.563206898549947321e-01	1.658813465454885561e-01	2.505583631273518019e-01	1.502392964066156800e-01	7.234199373920734144e-02	2.959241246517483812e-02	7.506589786083799065e-02
1.145100209572205586e+03	2.561062989883901575e-01	1.657394424249231668e-01	2.507078159933776584e-01	1.503273511363704962e-01	7.237937721604177643e-02	2.961829133204596509e-02	7.512142290852175108e-02
1.146551540636302207e+03	2.558922729103340066e-01	1.655977765591829798e-01	2.508570171279794203e-01	1.504152471439229033e-01	7.241669243545266477e-02	2.964413636085340767e-02	7.517685746194556484e-02
1.148002871700398828e+03	2.556786109917581484e-01	1.654563485479840779e-01	2.510059669543203142e-01	1.505029847916645735e-01	7.245393955981169198e-02	2.966994749674560852e-02	7.523220165738654652e-02
1.149454202764495449e+03	2.554653126047601308e-01	1.653151579917151726e-01	2.511546658948515254e-01	1.505905644406082544e-01	7.249111875087882462e-02	2.969572468634780471e-02	7.528745563050920353e-02
1.150905533828591842e+03	2.552523771226004046e-01	1.651742044914364382e-01	2.513031143713137516e-01	1.506779864503922650e-01	7.252823016980258775e-02	2.972146787773920912e-02	7.534261951638626664e-02
1.152356864892688463e+03	2.550398039196996036e-01	1.650334876488783187e-01	2.514513128047383694e-01	1.507652511792848260e-01	7.256527397712042582e-02	2.974717702043061865e-02	7.539769344951874341e-02
1.153808195956785084e+03	2.548275923716359914e-01	1.648930070664405279e-01	2.515992616154483774e-01	1.508523589841889168e-01	7.260225033275929940e-02	2.977285206534241446e-02	7.545267756385541646e-02
1.155259527020881706e+03	2.546157418551424634e-01	1.647527623471907732e-01	2.517469612230597842e-01	1.509393102206470216e-01	7.263915939603640681e-02	2.979849296478296813e-02	7.550757199281159238e-02
1.156710858084978327e+03	2.544042517481041044e-01	1.646127530948637008e-01	2.518944120464827741e-01	1.510261052428459039e-01	7.267600132565983639e-02	2.982409967242743987e-02	7.556237686928730934e-02
1.158162189149074720e+03	2.541931214295551911e-01	1.644729789138598686e-01	2.520416145039230393e-01	1.511127444036217404e-01	7.271277627972951019e-02	2.984967214329693405e-02	7.561709232568482320e-02
1.159613520213171569e+03	2.539823502796769716e-01	1.643334394092444417e-01	2.521885690128826130e-01	1.511992280544652012e-01	7.274948441573821090e-02	2.987521033373805382e-02	7.567171849392569094e-02
1.161064851277267962e+03	2.537719376797944459e-01	1.641941341867462767e-01	2.523352759901613673e-01	1.512855565455266671e-01	7.278612589057256721e-02	2.990071420140279906e-02	7.572625550546710493e-02
1.162516182341364356e+03	2.535618830123739786e-01	1.640550628527566168e-01	2.524817358518580690e-01	1.513717302256215591e-01	7.282270086051435831e-02	2.992618370522881141e-02	7.578070349131778294e-02
1.163967513405461204e+03	2.533521856610205791e-01	1.639162250143281208e-01	2.526279490133717109e-01	1.514577494422358062e-01	7.285920948124169350e-02	2.995161880541999042e-02	7.583506258205324757e-02
1.165418844469557826e+03	2.531428450104752925e-01	1.637776202791736968e-01	2.527739158894025118e-01	1.515436145415312574e-01	7.289565190783039994e-02	2.997701946342743590e-02	7.588933290783067553e-02
1.166870175533654447e+03	2.529338604466121465e-01	1.636392482556653372e-01	2.529196368939530259e-01	1.516293258683513168e-01	7.293202829475547988e-02	3.000238564193071292e-02	7.594351459840313623e-02
1.168321506597751068e+03	2.527252313564362085e-01	1.635011085528331465e-01	2.530651124403296426e-01	1.517148837662266325e-01	7.296833879589262328e-02	3.002771730481946719e-02	7.599760778313344178e-02
1.169772837661847461e+03	2.525169571280802550e-01	1.633632007803640651e-01	2.532103429411434736e-01	1.518002885773807320e-01	7.300458356451985931e-02	3.005301441717532496e-02	7.605161259100741422e-02
1.171224168725944082e+03	2.523090371508024399e-01	1.632255245486009532e-01	2.533553288083116861e-01	1.518855406427359334e-01	7.304076275331913837e-02	3.007827694525412945e-02	7.610552915064683344e-02
1.172675499790040703e+03	2.521014708149836858e-01	1.630880794685413138e-01	2.535000704530586124e-01	1.519706403019191188e-01	7.307687651437815013e-02	3.010350485646846874e-02	7.615935759032181618e-02
1.174126830854137097e+03	2.518942575121248528e-01	1.629508651518363216e-01	2.536445682859168049e-01	1.520555878932678129e-01	7.311292499919215537e-02	3.012869811937051237e-02	7.621309803796276483e-02
1.175578161918233945e+03	2.516873966348442404e-01	1.628138812107896294e-01	2.537888227167284239e-01	1.521403837538359838e-01	7.314890835866579011e-02	3.015385670363513598e-02	7.626675062117201087e-02
1.177029492982330339e+03	2.514808875768750340e-01	1.626771272583563410e-01	2.539328341546462919e-01	1.522250282194002602e-01	7.318482674311505010e-02	3.017898058004332001e-02	7.632031546723493098e-02
1.178480824046426733e+03	2.512747297330625296e-01	1.625406029081418735e-01	2.540766030081350602e-01	1.523095216244658712e-01	7.322068030226934476e-02	3.020406972046583635e-02	7.637379270313074398e-02
1.179932155110523581e+03	2.510689224993616908e-01	1.624043077744009023e-01	2.542201296849723180e-01	1.523938643022728634e-01	7.325646918527345397e-02	3.022912409784722296e-02	7.642718245554283585e-02
1.181383486174620202e+03	2.508634652728344294e-01	1.622682414720362232e-01	2.543634145922498146e-01	1.524780565848022351e-01	7.329219354068967907e-02	3.025414368618999442e-02	7.648048485086884896e-02
1.182834817238716823e+03	2.506583574516470514e-01	1.621324036165977533e-01	2.545064581363747913e-01	1.525620988027822367e-01	7.332785351650000782e-02	3.027912846053915086e-02	7.653370001523029931e-02
1.184286148302813444e+03	2.504535984350677036e-01	1.619967938242812822e-01	2.546492607230706473e-01	1.526459912856945322e-01	7.336344926010833489e-02	3.030407839696691585e-02	7.658682807448186081e-02
1.185737479366910065e+03	2.502491876234638757e-01	1.618614117119275553e-01	2.547918227573786054e-01	1.527297343617805003e-01	7.339898091834269611e-02	3.032899347255773453e-02	7.663986915422035806e-02
1.187188810431006686e+03	2.500451244182995136e-01	1.617262568970210534e-01	2.549341446436586001e-01	1.528133283580476731e-01	7.343444863745753060e-02	3.035387366539352844e-02	7.669282337979341224e-02
1.188640141495103080e+03	2.498414082221328547e-01	1.615913289976890765e-01	2.550762267855904430e-01	1.528967736002758704e-01	7.346985256313610935e-02	3.037871895453918628e-02	7.674569087630774000e-02
1.190091472559199701e+03	2.496380384386136797e-01	1.614566276327004946e-01	2.552180695861751003e-01	1.529800704130237776e-01	7.350519284049281121e-02	3.040352932002827677e-02	7.679847176863718872e-02
1.191542803623296322e+03	2.494350144724807872e-01	1.613221524214646929e-01	2.553596734477356911e-01	1.530632191196351355e-01	7.354046961407560701e-02	3.042830474284901124e-02	7.685116618143042477e-02
1.192994134687392716e+03	2.492323357295594399e-01	1.611879029840306288e-01	2.555010387719187648e-01	1.531462200422453179e-01	7.357568302786844650e-02	3.045304520493043177e-02	7.690377423911839982e-02
1.194445465751489564e+03	2.490300016167588948e-01	1.610538789410856375e-01	2.556421659596951890e-01	1.532290735017876881e-01	7.361083322529379802e-02	3.047775068912880747e-02	7.695629606592145622e-02
1.195896796815585958e+03	2.488280115420698491e-01	1.609200799139543503e-01	2.557830554113615928e-01	1.533117798180000102e-01	7.364592034921514652e-02	3.050242117921427021e-02	7.700873178585626588e-02
1.197348127879682352e+03	2.486263649145619148e-01	1.607865055245977226e-01	2.559237075265413108e-01	1.533943393094309993e-01	7.368094454193947762e-02	3.052705665985765149e-02	7.706108152274235290e-02
1.198799458943779200e+03	2.484250611443812040e-01	1.606531553956118685e-01	2.560641227041857149e-01	1.534767522934466777e-01	7.371590594521992834e-02	3.055165711661752409e-02	7.711334540020851891e-02
1.200250790007875821e+03	2.482240996427476920e-01	1.605200291502270338e-01	2.562043013425751026e-01	1.535590190862369253e-01	7.375080470025834056e-02	3.057622253592745878e-02	7.716552354169893546e-02
1.201702121071972442e+03	2.480234798219527748e-01	1.603871264123065410e-01	2.563442438393199185e-01	1.536411400028218632e-01	7.378564094770784232e-02	3.060075290508347881e-02	7.721761607047901432e-02
1.203153452136069063e+03	2.478232010953568820e-01	1.602544468063457073e-01	2.564839505913620310e-01	1.537231153570584596e-01	7.382041482767554008e-02	3.062524821223171559e-02	7.726962310964106961e-02
1.204604783200165684e+03	2.476232628773869238e-01	1.601219899574707617e-01	2.566234219949756756e-01	1.538049454616469414e-01	7.385512647972516942e-02	3.064970844635623790e-02	7.732154478210968851e-02
1.206056114264262078e+03	2.474236645835338755e-01	1.599897554914378184e-01	2.567626584457685657e-01	1.538866306281372887e-01	7.388977604287974565e-02	3.067413359726711003e-02	7.737338121064697705e-02
1.207507445328358699e+03	2.472244056303502246e-01	1.598577430346318495e-01	2.569016603386831687e-01	1.539681711669357023e-01	7.392436365562427003e-02	3.069852365558859916e-02	7.742513251785754225e-02
1.208958776392455093e+03	2.470254854354476670e-01	1.597259522140655752e-01	2.570404280679978171e-01	1.540495673873110705e-01	7.395888945590847752e-02	3.072287861274757698e-02	7.747679882619322445e-02
1.210410107456551941e+03	2.468269034174945531e-01	1.595943826573783253e-01	2.571789620273275956e-01	1.541308195974014916e-01	7.399335358114951522e-02	3.074719846096211559e-02	7.752838025795778798e-02
1.211861438520648335e+03	2.466286589962135289e-01	1.594630339928352070e-01	2.573172626096258409e-01	1.542119281042207135e-01	7.402775616823470406e-02	3.077148319323022921e-02	7.757987693531123718e-02
1.213312769584745183e+03	2.464307515923790659e-01	1.593319058493258833e-01	2.574553302071848626e-01	1.542928932136645725e-01	7.406209735352428658e-02	3.079573280331881352e-02	7.763128898027404912e-02
1.214764100648841804e+03	2.462331806278151014e-01	1.592009978563635464e-01	2.575931652116372761e-01	1.543737152305174609e-01	7.409637727285421638e-02	3.081994728575274123e-02	7.768261651473121199e-02
1.216215431712937971e+03	2.460359455253926242e-01	1.590703096440839182e-01	2.577307680139571122e-01	1.544543944584587658e-01	7.413059606153885039e-02	3.084412663580412758e-02	7.773385966043612483e-02
1.217666762777034819e+03	2.458390457090271763e-01	1.589398408432441678e-01	2.578681390044608723e-01	1.545349312000693642e-01	7.416475385437387713e-02	3.086827084948176245e-02	7.778501853901421959e-02
1.219118093841131440e+03	2.456424806036766328e-01	1.588095910852218573e-01	2.580052785728088049e-01	1.546153257568379513e-01	7.419885078563898118e-02	3.089237992352068113e-02	7.783609327196655547e-02
1.220569424905228061e+03	2.454462496353387591e-01	1.586795600020139696e-01	2.581421871080056829e-01	1.546955784291673408e-01	7.423288698910066041e-02	3.091645385537191912e-02	7.788708398067314964e-02
1.222020755969324682e+03	2.452503522310487405e-01	1.585497472262357432e-01	2.582788649984021356e-01	1.547756895163811264e-01	7.426686259801508483e-02	3.094049264319241599e-02	7.793799078639625233e-02
1.223472087033421303e+03	2.450547878188769624e-01	1.584201523911197840e-01	2.584153126316957039e-01	1.548556593167298157e-01	7.430077774513085820e-02	3.096449628583504421e-02	7.798881381028339999e-02
1.224923418097517697e+03	2.448595558279265949e-01	1.582907751305149269e-01	2.585515303949319499e-01	1.549354881273971862e-01	7.433463256269184916e-02	3.098846478283881489e-02	7.803955317337028796e-02
1.226374749161614318e+03	2.446646556883312063e-01	1.581616150788851816e-01	2.586875186745056232e-01	1.550151762445067527e-01	7.436842718243998063e-02	3.101239813441921539e-02	7.809020899658367099e-02
1.227826080225710712e+03	2.444700868312525976e-01	1.580326718713088163e-01	2.588232778561615488e-01	1.550947239631280117e-01	7.440216173561804702e-02	3.103629634145869606e-02	7.814078140074397216e-02
1.229277411289807560e+03	2.442758486888781388e-01	1.579039451434771646e-01	2.589588083249959594e-01	1.551741315772826590e-01	7.443583635297261469e-02	3.106015940549728543e-02	7.819127050656786426e-02
1.230728742353903954e+03	2.440819406944188530e-01	1.577754345316937368e-01	2.590941104654574945e-01	1.552533993799509460e-01	7.446945116475671422e-02	3.108398732872335798e-02	7.824167643467061506e-02
1.232180073418000802e+03	2.438883622821068353e-01	1.576471396728731378e-01	2.592291846613481998e-01	1.553325276630778962e-01	7.450300630073274089e-02	3.110778011396452339e-02	7.829199930556841880e-02
1.233631404482097196e+03	2.436951128871929773e-01	1.575190602045399846e-01	2.593640312958249150e-01	1.554115167175794676e-01	7.453650189017523020e-02	3.113153776467865799e-02	7.834223923968057501e-02
1.235082735546193817e+03	2.435021919459447459e-01	1.573911957648280180e-01	2.594986507513998286e-01	1.554903668333488809e-01	7.456993806187368901e-02	3.115526028494505426e-02	7.839239635733157019e-02
1.236534066610290438e+03	2.433095988956439359e-01	1.572635459924789370e-01	2.596330434099421436e-01	1.555690782992626975e-01	7.460331494413542652e-02	3.117894767945571938e-02	7.844247077875300678e-02
1.237985397674387059e+03	2.431173331745842270e-01	1.571361105268414271e-01	2.597672096526787988e-01	1.556476514031868708e-01	7.463663266478832992e-02	3.120259995350676413e-02	7.849246262408542119e-02
1.239436728738483680e+03	2.429253942220691020e-01	1.570088890078701616e-01	2.599011498601957459e-01	1.557260864319831017e-01	7.466989135118366760e-02	3.122621711298996863e-02	7.854237201338014340e-02
1.240888059802580301e+03	2.427337814784094328e-01	1.568818810761247740e-01	2.600348644124387820e-01	1.558043836715147235e-01	7.470309113019893421e-02	3.124979916438441058e-02	7.859219906660082355e-02
1.242339390866676695e+03	2.425424943849212589e-01	1.567550863727688593e-01	2.601683536887148818e-01	1.558825434066528903e-01	7.473623212824059836e-02	3.127334611474824611e-02	7.864194390362506948e-02
1.243790721930773088e+03	2.423515323839236790e-01	1.566285045395689191e-01	2.603016180676932523e-01	1.559605659212825457e-01	7.476931447124690600e-02	3.129685797171060518e-02	7.869160664424593166e-02
1.245242052994869937e+03	2.421608949187363524e-01	1.565021352188933346e-01	2.604346579274063322e-01	1.560384514983084170e-01	7.480233828469065593e-02	3.132033474346359453e-02	7.874118740817319384e-02
1.246693384058966330e+03	2.419705814336775562e-01	1.563759780537114508e-01	2.605674736452506246e-01	1.561162004196610664e-01	7.483530369358200318e-02	3.134377643875441849e-02	7.879068631503476083e-02
1.248144715123063179e+03	2.417805913740618262e-01	1.562500326875924384e-01	2.607000655979883064e-01	1.561938129663027752e-01	7.486821082247119286e-02	3.136718306687760055e-02	7.884010348437781035e-02
1.249596046187159800e+03	2.415909241861976253e-01	1.561242987647043778e-01	2.608324341617478948e-01	1.562712894182334555e-01	7.490105979545134962e-02	3.139055463766732279e-02	7.888943903566997262e-02
1.251047377251256421e+03	2.414015793173853452e-01	1.559987759298132048e-01	2.609645797120253019e-01	1.563486300544965901e-01	7.493385073616121161e-02	3.141389116148989025e-02	7.893869308830034348e-02
1.252498708315352815e+03	2.412125562159150582e-01	1.558734638282818219e-01	2.610965026236852227e-01	1.564258351531851166e-01	7.496658376778790600e-02	3.143719264923625079e-02	7.898786576158051131e-02
1.253950039379449436e+03	2.410238543310642412e-01	1.557483621060688495e-01	2.612282032709619117e-01	1.565029049914471171e-01	7.499925901306964127e-02	3.146045911231466763e-02	7.903695717474543136e-02
1.255401370443546057e+03	2.408354731130956661e-01	1.556234704097279042e-01	2.613596820274602939e-01	1.565798398454917029e-01	7.503187659429845502e-02	3.148369056264348209e-02	7.908596744695430003e-02
1.256852701507642678e+03	2.406474120132552075e-01	1.554987883864063780e-01	2.614909392661571852e-01	1.566566399905947593e-01	7.506443663332294791e-02	3.150688701264395958e-02	7.913489669729134590e-02
1.258304032571739299e+03	2.404596704837696219e-01	1.553743156838446049e-01	2.616219753594021258e-01	1.567333057011047470e-01	7.509693925155094818e-02	3.153004847523323967e-02	7.918374504476649589e-02
1.259755363635835920e+03	2.402722479778446052e-01	1.552500519503747234e-01	2.617527906789184899e-01	1.568098372504482529e-01	7.512938456995223169e-02	3.155317496381738335e-02	7.923251260831606912e-02
1.261206694699932314e+03	2.400851439496622941e-01	1.551259968349198159e-01	2.618833855958047074e-01	1.568862349111357912e-01	7.516177270906121421e-02	3.157626649228455207e-02	7.928119950680337369e-02
1.262658025764028707e+03	2.398983578543794348e-01	1.550021499869927710e-01	2.620137604805352072e-01	1.569624989547672711e-01	7.519410378897962988e-02	3.159932307499819376e-02	7.932980585901920623e-02
1.264109356828125556e+03	2.397118891481251346e-01	1.548785110566954781e-01	2.621439157029613609e-01	1.570386296520377700e-01	7.522637792937916790e-02	3.162234472679042313e-02	7.937833178368240705e-02
1.265560687892221949e+03	2.395257372879986690e-01	1.547550796947176066e-01	2.622738516323127045e-01	1.571146272727430016e-01	7.525859524950409551e-02	3.164533146295541582e-02	7.942677739944019322e-02
1.267012018956318798e+03	2.393399017320674560e-01	1.546318555523358007e-01	2.624035686371978815e-01	1.571904920857848387e-01	7.529075586817403354e-02	3.166828329924292751e-02	7.947514282486864423e-02
1.268463350020415419e+03	2.391543819393649462e-01	1.545088382814126804e-01	2.625330670856058646e-01	1.572662243591768372e-01	7.532285990378641272e-02	3.169120025185190315e-02	7.952342817847296574e-02
1.269914681084511813e+03	2.389691773698884580e-01	1.543860275343957311e-01	2.626623473449066215e-01	1.573418243600496758e-01	7.535490747431919378e-02	3.171408233742414873e-02	7.957163357868779485e-02
1.271366012148608434e+03	2.387842874845971519e-01	1.542634229643164712e-01	2.627914097818525585e-01	1.574172923546565683e-01	7.538689869733340709e-02	3.173692957303809320e-02	7.961975914387740827e-02
1.272817343212705055e+03	2.385997117454098371e-01	1.541410242247893414e-01	2.629202547625793529e-01	1.574926286083786764e-01	7.541883368997578940e-02	3.175974197620266143e-02	7.966780499233598600e-02
1.274268674276801676e+03	2.384154496152030289e-01	1.540188309700108171e-01	2.630488826526070634e-01	1.575678333857305213e-01	7.545071256898135126e-02	3.178251956485118879e-02	7.971577124228772238e-02
1.275720005340898297e+03	2.382315005578087841e-01	1.538968428547583811e-01	2.631772938168410181e-01	1.576429069503651748e-01	7.548253545067593051e-02	3.180526235733546758e-02	7.976365801188692317e-02
1.277171336404994690e+03	2.380478640380126465e-01	1.537750595343895799e-01	2.633054886195732025e-01	1.577178495650796153e-01	7.551430245097870420e-02	3.182797037241980043e-02	7.981146541921815829e-02
1.278622667469091539e+03	2.378645395215516489e-01	1.536534806648409968e-01	2.634334674244828700e-01	1.577926614918200299e-01	7.554601368540481143e-02	3.185064362927519932e-02	7.985919358229617848e-02
1.280073998533187932e+03	2.376815264751122037e-01	1.535321059026273638e-01	2.635612305946377631e-01	1.578673429916869209e-01	7.557766926906775429e-02	3.187328214747365412e-02	7.990684261906605412e-02
1.281525329597284326e+03	2.374988243663280763e-01	1.534109349048404791e-01	2.636887784924952793e-01	1.579418943249403795e-01	7.560926931668202067e-02	3.189588594698240104e-02	7.995441264740303644e-02
1.282976660661381175e+03	2.373164326637783039e-01	1.532899673291483467e-01	2.638161114799033036e-01	1.580163157510052208e-01	7.564081394256552682e-02	3.191845504815837842e-02	8.000190378511257139e-02
1.284427991725477568e+03	2.371343508369853081e-01	1.531692028337941769e-01	2.639432299181013186e-01	1.580906075284759793e-01	7.567230326064207369e-02	3.194098947174267566e-02	8.004931614993013311e-02
1.285879322789574417e+03	2.369525783564126464e-01	1.530486410775953321e-01	2.640701341677213487e-01	1.581647699151221831e-01	7.570373738444385880e-02	3.196348923885509313e-02	8.009664985952119620e-02
1.287330653853671038e+03	2.367711146934632360e-01	1.529282817199424938e-01	2.641968245887890698e-01	1.582388031678932105e-01	7.573511642711387715e-02	3.198595437098873673e-02	8.014390503148099976e-02
1.288781984917767431e+03	2.365899593204772444e-01	1.528081244207986356e-01	2.643233015407248643e-01	1.583127075429233699e-01	7.576644050140839137e-02	3.200838489000472353e-02	8.019108178333438086e-02
1.290233315981864052e+03	2.364091117107300632e-01	1.526881688406980242e-01	2.644495653823447090e-01	1.583864832955368951e-01	7.579770971969934656e-02	3.203078081812693600e-02	8.023818023253562193e-02
