1.001418434226643626e+03	2.792140297299591789e-01	1.810042122102089313e-01	2.346135366260599653e-01	1.407593302963354998e-01	6.831192378419270739e-02	2.692492150267713352e-02	6.917204585023754848e-02
1.002869765290740247e+03	2.789608410993761889e-01	1.808367131262051120e-01	2.347896853890935054e-01	1.408648257760097555e-01	6.835681296947741792e-02	2.695364138008814886e-02	6.923748025942079443e-02
1.004321096354836754e+03	2.787080842054252550e-01	1.806694955200805475e-01	2.349655373638666889e-01	1.409701232302179585e-01	6.840161730882970970e-02	2.698234462024523550e-02	6.930279775100557649e-02
1.005772427418933376e+03	2.784557582968520406e-01	1.805025589185697554e-01	2.351410930496830587e-01	1.410752230762543635e-01	6.844633695090196479e-02	2.701103079185908362e-02	6.936799891555063546e-02
1.007223758483029997e+03	2.782038626237135492e-01	1.803359028492031446e-01	2.353163529450054137e-01	1.411801257333405168e-01	6.849097204655027471e-02	2.703969947265322596e-02	6.943308432920482220e-02
1.008675089547126618e+03	2.779523964373796785e-01	1.801695268403055716e-01	2.354913175474571407e-01	1.412848316224950551e-01	6.853552274873411787e-02	2.706835024916450644e-02	6.949805455413494981e-02
1.010126420611223239e+03	2.777013589905353297e-01	1.800034304209950364e-01	2.356659873538236860e-01	1.413893411664078337e-01	6.857998921241932611e-02	2.709698271654849971e-02	6.956291013894129460e-02
1.011577751675319632e+03	2.774507495371824617e-01	1.798376131211813778e-01	2.358403628600538315e-01	1.414936547893183849e-01	6.862437159448404878e-02	2.712559647838984345e-02	6.962765161906106504e-02
1.013029082739416367e+03	2.772005673326413122e-01	1.796720744715649409e-01	2.360144445612613051e-01	1.415977729168982624e-01	6.866867005362771448e-02	2.715419114651733412e-02	6.969227951716014391e-02
1.014480413803512761e+03	2.769508116335518966e-01	1.795068140036351900e-01	2.361882329517261403e-01	1.417016959761378259e-01	6.871288475028287934e-02	2.718276634082364071e-02	6.975679434351354791e-02
1.015931744867609382e+03	2.767014816978753400e-01	1.793418312496694034e-01	2.363617285248958699e-01	1.418054243952364679e-01	6.875701584652979537e-02	2.721132168908951127e-02	6.982119659637477105e-02
1.017383075931706003e+03	2.764525767848948767e-01	1.791771257427313691e-01	2.365349317733872192e-01	1.419089586034968653e-01	6.880106350601393472e-02	2.723985682681236836e-02	6.988548676233448387e-02
1.018834406995802851e+03	2.762040961552170715e-01	1.790126970166701081e-01	2.367078431889873547e-01	1.420122990312227829e-01	6.884502789386588717e-02	2.726837139703917195e-02	6.994966531666878262e-02
1.020285738059899245e+03	2.759560390707722632e-01	1.788485446061184037e-01	2.368804632626552997e-01	1.421154461096204580e-01	6.888890917662407465e-02	2.729686505020340742e-02	7.001373272367725220e-02
1.021737069123995752e+03	2.757084047948154537e-01	1.786846680464916348e-01	2.370527924845233780e-01	1.422184002707034822e-01	6.893270752215974184e-02	2.732533744396614325e-02	7.007768943701138398e-02
1.023188400188092373e+03	2.754611925919267512e-01	1.785210668739864170e-01	2.372248313438985179e-01	1.423211619472007083e-01	6.897642309960459739e-02	2.735378824306100229e-02	7.014153589999326532e-02
1.024639731252188767e+03	2.752144017280118704e-01	1.783577406255792419e-01	2.373965803292636956e-01	1.424237315724677932e-01	6.902005607928063391e-02	2.738221711914294934e-02	7.020527254592513755e-02
1.026091062316285615e+03	2.749680314703022432e-01	1.781946888390252004e-01	2.375680399282794064e-01	1.425261095804015443e-01	6.906360663263229338e-02	2.741062375064081541e-02	7.026889979838985001e-02
1.027542393380382237e+03	2.747220810873554075e-01	1.780319110528567339e-01	2.377392106277848305e-01	1.426282964053574576e-01	6.910707493216090846e-02	2.743900782261343707e-02	7.033241807154258507e-02
1.028993724444478858e+03	2.744765498490548405e-01	1.778694068063821632e-01	2.379100929137995535e-01	1.427302924820701147e-01	6.915046115136125326e-02	2.746736902660933122e-02	7.039582777039414541e-02
1.030445055508575479e+03	2.742314370266099588e-01	1.777071756396845226e-01	2.380806872715245937e-01	1.428320982455764665e-01	6.919376546466017575e-02	2.749570706052978375e-02	7.045912929108588685e-02
1.031896386572671872e+03	2.739867418925560072e-01	1.775452170936202556e-01	2.382509941853440394e-01	1.429337141311418091e-01	6.923698804735724244e-02	2.752402162849530015e-02	7.052232302115672702e-02
1.033347717636768493e+03	2.737424637207536704e-01	1.773835307098178271e-01	2.384210141388262982e-01	1.430351405741885629e-01	6.928012907556743705e-02	2.755231244071529653e-02	7.058540933980231302e-02
1.034799048700865114e+03	2.734986017863885732e-01	1.772221160306765020e-01	2.385907476147255402e-01	1.431363780102275773e-01	6.932318872616570482e-02	2.758057921336095827e-02	7.064838861812659798e-02
1.036250379764961508e+03	2.732551553659710031e-01	1.770609725993650407e-01	2.387601950949830298e-01	1.432374268747917401e-01	6.936616717673335653e-02	2.760882166844118302e-02	7.071126121938609010e-02
1.037701710829058356e+03	2.730121237373352994e-01	1.769000999598203117e-01	2.389293570607285422e-01	1.433382876033724718e-01	6.940906460550630430e-02	2.763703953368152819e-02	7.077402749922705183e-02
1.039153041893154750e+03	2.727695061796389098e-01	1.767394976567461251e-01	2.390982339922816113e-01	1.434389606313581089e-01	6.945188119132501836e-02	2.766523254240607632e-02	7.083668780591559355e-02
1.040604372957251599e+03	2.725273019733621127e-01	1.765791652356119290e-01	2.392668263691531405e-01	1.435394463939748677e-01	6.949461711358617677e-02	2.769340043342212801e-02	7.089924248056113376e-02
1.042055704021347992e+03	2.722855104003065740e-01	1.764191022426513933e-01	2.394351346700464567e-01	1.436397453262299728e-01	6.953727255219604997e-02	2.772154295090770160e-02	7.096169185733333662e-02
1.043507035085444613e+03	2.720441307435948475e-01	1.762593082248612719e-01	2.396031593728589482e-01	1.437398578628568679e-01	6.957984768752531468e-02	2.774965984430168703e-02	7.102403626367258249e-02
1.044958366149541234e+03	2.718031622876691533e-01	1.760997827300000429e-01	2.397709009546832859e-01	1.438397844382624524e-01	6.962234270036553319e-02	2.777775086819665382e-02	7.108627602049440164e-02
1.046409697213637855e+03	2.715626043182903793e-01	1.759405253065866315e-01	2.399383598918088112e-01	1.439395254864765661e-01	6.966475777188714524e-02	2.780581578223419864e-02	7.114841144238780168e-02
1.047861028277734476e+03	2.713224561225369147e-01	1.757815355038992167e-01	2.401055366597228402e-01	1.440390814411031672e-01	6.970709308359884782e-02	2.783385435100279789e-02	7.121044283780780804e-02
1.049312359341831097e+03	2.710827169888032073e-01	1.756228128719737880e-01	2.402724317331121906e-01	1.441384527352735367e-01	6.974934881730845970e-02	2.786186634393805761e-02	7.127237050926236994e-02
1.050763690405927491e+03	2.708433862067988196e-01	1.754643569616030074e-01	2.404390455858642917e-01	1.442376398016013417e-01	6.979152515508509069e-02	2.788985153522534691e-02	7.133419475349372929e-02
1.052215021470024112e+03	2.706044630675467633e-01	1.753061673243349328e-01	2.406053786910687109e-01	1.443366430721394200e-01	6.983362227922265686e-02	2.791780970370473167e-02	7.139591586165451587e-02
1.053666352534120733e+03	2.703659468633821117e-01	1.751482435124716297e-01	2.407714315210183753e-01	1.444354629783382304e-01	6.987564037220474200e-02	2.794574063277812173e-02	7.145753411947849965e-02
1.055117683598217127e+03	2.701278368879505565e-01	1.749905850790680617e-01	2.409372045472110979e-01	1.445340999510061619e-01	6.991757961667063870e-02	2.797364411031861078e-02	7.151904980744652751e-02
1.056569014662313975e+03	2.698901324362069643e-01	1.748331915779307022e-01	2.411026982403507435e-01	1.446325544202711755e-01	6.995944019538265224e-02	2.800151992858194994e-02	7.158046320094742232e-02
1.058020345726410369e+03	2.696528328044136558e-01	1.746760625636163411e-01	2.412679130703486718e-01	1.447308268155442779e-01	7.000122229119454254e-02	2.802936788412007524e-02	7.164177457043412189e-02
1.059471676790506763e+03	2.694159372901385185e-01	1.745191975914307247e-01	2.414328495063249314e-01	1.448289175654843830e-01	7.004292608702111789e-02	2.805718777769665093e-02	7.170298418157530773e-02
1.060923007854603611e+03	2.691794451922536191e-01	1.743625962174274735e-01	2.415975080166099243e-01	1.449268270979645890e-01	7.008455176580893897e-02	2.808497941420458333e-02	7.176409229540249568e-02
1.062374338918700232e+03	2.689433558109333711e-01	1.742062579984066384e-01	2.417618890687453503e-01	1.450245558400400647e-01	7.012609951050813306e-02	2.811274260258541519e-02	7.182509916845269959e-02
1.063825669982796853e+03	2.687076684476526478e-01	1.740501824919135354e-01	2.419259931294856780e-01	1.451221042179170473e-01	7.016756950404515192e-02	2.814047715575063863e-02	7.188600505290698717e-02
1.065277001046893474e+03	2.684723824051848395e-01	1.738943692562374688e-01	2.420898206647996709e-01	1.452194726569234762e-01	7.020896192929665380e-02	2.816818289050475321e-02	7.194681019672485855e-02
1.066728332110990095e+03	2.682374969876000770e-01	1.737388178504105651e-01	2.422533721398714146e-01	1.453166615814806273e-01	7.025027696906423202e-02	2.819585962747013508e-02	7.200751484377465594e-02
1.068179663175086489e+03	2.680030115002633440e-01	1.735835278342063859e-01	2.424166480191018158e-01	1.454136714150761900e-01	7.029151480605022595e-02	2.822350719101361996e-02	7.206811923396012898e-02
1.069630994239183110e+03	2.677689252498322015e-01	1.734284987681387613e-01	2.425796487661099343e-01	1.455105025802385099e-01	7.033267562283436469e-02	2.825112540917475157e-02	7.212862360334316991e-02
1.071082325303279504e+03	2.675352375442551778e-01	1.732737302134605140e-01	2.427423748437342321e-01	1.456071554985118865e-01	7.037375960185129897e-02	2.827871411359566406e-02	7.218902818426298218e-02
1.072533656367376352e+03	2.673019476927692151e-01	1.731192217321622373e-01	2.429048267140339057e-01	1.457036305904332030e-01	7.041476692536902116e-02	2.830627313945256740e-02	7.224933320545157134e-02
1.073984987431472746e+03	2.670690550058980595e-01	1.729649728869710745e-01	2.430670048382902459e-01	1.457999282755095272e-01	7.045569777546813184e-02	2.833380232538876622e-02	7.230953889214597474e-02
1.075436318495569594e+03	2.668365587954497631e-01	1.728109832413493863e-01	2.432289096770078318e-01	1.458960489721967402e-01	7.049655233402188359e-02	2.836130151344921566e-02	7.236964546619696625e-02
1.076887649559666215e+03	2.666044583745146301e-01	1.726572523594936681e-01	2.433905416899160290e-01	1.459919930978792746e-01	7.053733078267702961e-02	2.838877054901651001e-02	7.242965314617459682e-02
1.078338980623762609e+03	2.663727530574631075e-01	1.725037798063332184e-01	2.435519013359701834e-01	1.460877610688508799e-01	7.057803330283540788e-02	2.841620928074834254e-02	7.248956214747061255e-02
1.079790311687859230e+03	2.661414421599433977e-01	1.723505651475288614e-01	2.437129890733529536e-01	1.461833533002961649e-01	7.061866007563633030e-02	2.844361756051635298e-02	7.254937268239772252e-02
1.081241642751955851e+03	2.659105249988792941e-01	1.721976079494717815e-01	2.438738053594755595e-01	1.462787702062733064e-01	7.065921128193956846e-02	2.847099524334632467e-02	7.260908496028592451e-02
1.082692973816052472e+03	2.656800008924679601e-01	1.720449077792823023e-01	2.440343506509791704e-01	1.463740121996975063e-01	7.069968710230910280e-02	2.849834218735971744e-02	7.266869918757599967e-02
1.084144304880149093e+03	2.654498691601774318e-01	1.718924642048086648e-01	2.441946254037362374e-01	1.464690796923252825e-01	7.074008771699757947e-02	2.852565825371650848e-02	7.272821556791009279e-02
1.085595635944245487e+03	2.652201291227444524e-01	1.717402767946257236e-01	2.443546300728516030e-01	1.465639730947397301e-01	7.078041330593135005e-02	2.855294330655927526e-02	7.278763430221964204e-02
1.087046967008342108e+03	2.649907801021720299e-01	1.715883451180338359e-01	2.445143651126640283e-01	1.466586928163366166e-01	7.082066404869609422e-02	2.858019721295850663e-02	7.284695558881067179e-02
1.088498298072438729e+03	2.647618214217269950e-01	1.714366687450575855e-01	2.446738309767473307e-01	1.467532392653110307e-01	7.086084012452321945e-02	2.860741984285914211e-02	7.290617962344646263e-02
1.089949629136535123e+03	2.645332524059378354e-01	1.712852472464445053e-01	2.448330281179117718e-01	1.468476128486450039e-01	7.090094171227667719e-02	2.863461106902824224e-02	7.296530659942772334e-02
1.091400960200631971e+03	2.643050723805919766e-01	1.711340801936639955e-01	2.449919569882052506e-01	1.469418139720958527e-01	7.094096899044041726e-02	2.866177076700382118e-02	7.302433670767038976e-02
1.092852291264728365e+03	2.640772806727336719e-01	1.709831671589060464e-01	2.451506180389146361e-01	1.470358430401851879e-01	7.098092213710638365e-02	2.868889881504478601e-02	7.308327013678106443e-02
1.094303622328825213e+03	2.638498766106610049e-01	1.708325077150799343e-01	2.453090117205671272e-01	1.471297004561885058e-01	7.102080132996310691e-02	2.871599509408195167e-02	7.314210707313012483e-02
1.095754953392921607e+03	2.636228595239241135e-01	1.706821014358131383e-01	2.454671384829314185e-01	1.472233866221256682e-01	7.106060674628467133e-02	2.874305948767013133e-02	7.320084770092263882e-02
1.097206284457018228e+03	2.633962287433220806e-01	1.705319478954501200e-01	2.456249987750191155e-01	1.473169019387517431e-01	7.110033856292037602e-02	2.877009188194122255e-02	7.325949220226717074e-02
1.098657615521114849e+03	2.631699836009008253e-01	1.703820466690510460e-01	2.457825930450857899e-01	1.474102468055487891e-01	7.113999695628465958e-02	2.879709216555833076e-02	7.331804075724238090e-02
1.100108946585211470e+03	2.629441234299504382e-01	1.702323973323905948e-01	2.459399217406325333e-01	1.475034216207179727e-01	7.117958210234769101e-02	2.882406022967085035e-02	7.337649354396175161e-02
1.101560277649308091e+03	2.627186475650025166e-01	1.700829994619568741e-01	2.460969853084070125e-01	1.475964267811723518e-01	7.121909417662632136e-02	2.885099596787051371e-02	7.343485073863620372e-02
1.103011608713404712e+03	2.624935553418279444e-01	1.699338526349500611e-01	2.462537841944048567e-01	1.476892626825302979e-01	7.125853335417542400e-02	2.887789927614836313e-02	7.349311251563483971e-02
1.104462939777501106e+03	2.622688460974340052e-01	1.697849564292812918e-01	2.464103188438709069e-01	1.477819297191092229e-01	7.129789980957979001e-02	2.890477005285263523e-02	7.355127904754388268e-02
1.105914270841597499e+03	2.620445191700619958e-01	1.696363104235714681e-01	2.465665897013004926e-01	1.478744282839201674e-01	7.133719371694634270e-02	2.893160819864753347e-02	7.360935050522376955e-02
1.107365601905694348e+03	2.618205738991844500e-01	1.694879141971500358e-01	2.467225972104406806e-01	1.479667587686625818e-01	7.137641524989674080e-02	2.895841361647285769e-02	7.366732705786442625e-02
1.108816932969790741e+03	2.615970096255028632e-01	1.693397673300537920e-01	2.468783418142914410e-01	1.480589215637197475e-01	7.141556458156045339e-02	2.898518621150448019e-02	7.372520887303897485e-02
1.110268264033887590e+03	2.613738256909448610e-01	1.691918694030256909e-01	2.470338239551071458e-01	1.481509170581546408e-01	7.145464188456807086e-02	2.901192589111564399e-02	7.378299611675570580e-02
1.111719595097984211e+03	2.611510214386616457e-01	1.690442199975136783e-01	2.471890440743976236e-01	1.482427456397061860e-01	7.149364733104514313e-02	2.903863256483906266e-02	7.384068895350845430e-02
1.113170926162080832e+03	2.609285962130253322e-01	1.688968186956695261e-01	2.473440026129294644e-01	1.483344076947860635e-01	7.153258109260619835e-02	2.906530614432980414e-02	7.389828754632540853e-02
1.114622257226177226e+03	2.607065493596263939e-01	1.687496650803476106e-01	2.474987000107273238e-01	1.484259036084757954e-01	7.157144334034921951e-02	2.909194654332893787e-02	7.395579205681648838e-02
1.116073588290273847e+03	2.604848802252711093e-01	1.686027587351037194e-01	2.476531367070751721e-01	1.485172337645243312e-01	7.161023424485038480e-02	2.911855367762793481e-02	7.401320264521912828e-02
1.117524919354370468e+03	2.602635881579786759e-01	1.684560992441939409e-01	2.478073131405175156e-01	1.486083985453460210e-01	7.164895397615914097e-02	2.914512746503377175e-02	7.407051947044274165e-02
1.118976250418467089e+03	2.600426725069788780e-01	1.683096861925733601e-01	2.479612297488605899e-01	1.486993983320188950e-01	7.168760270379360977e-02	2.917166782533477803e-02	7.412774269011178363e-02
1.120427581482563710e+03	2.598221326227091454e-01	1.681635191658950035e-01	2.481148869691737202e-01	1.487902335042833035e-01	7.172618059673616098e-02	2.919817468026714158e-02	7.418487246060741225e-02
1.121878912546660331e+03	2.596019678568121658e-01	1.680175977505086182e-01	2.482682852377905425e-01	1.488809044405410287e-01	7.176468782342948494e-02	2.922464795348211908e-02	7.424190893710794215e-02
1.123330243610756725e+03	2.593821775621331094e-01	1.678719215334595338e-01	2.484214249903101135e-01	1.489714115178545628e-01	7.180312455177273456e-02	2.925108757051388467e-02	7.429885227362789668e-02
1.124781574674853118e+03	2.591627610927169645e-01	1.677264901024874411e-01	2.485743066615983821e-01	1.490617551119469142e-01	7.184149094911804201e-02	2.927749345874803427e-02	7.435570262305604694e-02
1.126232905738949967e+03	2.589437178038059284e-01	1.675813030460252540e-01	2.487269306857892159e-01	1.491519355972014682e-01	7.187978718226724351e-02	2.930386554739071100e-02	7.441246013719203523e-02
1.127684236803046360e+03	2.587250470518366319e-01	1.674363599531978886e-01	2.488792974962857618e-01	1.492419533466623205e-01	7.191801341746890952e-02	2.933020376743836546e-02	7.446912496678195770e-02
1.129135567867143209e+03	2.585067481944376411e-01	1.672916604138212360e-01	2.490314075257616389e-01	1.493318087320348320e-01	7.195616982041552756e-02	2.935650805164807808e-02	7.452569726155283680e-02
1.130586898931239830e+03	2.582888205904267931e-01	1.671472040184008023e-01	2.491832612061621877e-01	1.494215021236865448e-01	7.199425655624094866e-02	2.938277833450849558e-02	7.458217717024595572e-02
1.132038229995336451e+03	2.580712635998084203e-01	1.670029903581307651e-01	2.493348589687056083e-01	1.495110338906482927e-01	7.203227378951815307e-02	2.940901455221132943e-02	7.463856484064916585e-02
1.133489561059432845e+03	2.578540765837706861e-01	1.668590190248926408e-01	2.494862012438843479e-01	1.496004044006154221e-01	7.207022168425705755e-02	2.943521664262342338e-02	7.469486041962816736e-02
1.134940892123529466e+03	2.576372589046829198e-01	1.667152896112542304e-01	2.496372884614662113e-01	1.496896140199496239e-01	7.210810040390262798e-02	2.946138454525933092e-02	7.475106405315677660e-02
1.136392223187626087e+03	2.574208099260931748e-01	1.665718017104683979e-01	2.497881210504955818e-01	1.497786631136806546e-01	7.214591011133317244e-02	2.948751820125447218e-02	7.480717588634622217e-02
1.137843554251722708e+03	2.572047290127252861e-01	1.664285549164719880e-01	2.499386994392948091e-01	1.498675520455083621e-01	7.218365096885892562e-02	2.951361755333877304e-02	7.486319606347356659e-02
1.139294885315819101e+03	2.569890155304762613e-01	1.662855488238846047e-01	2.500890240554651256e-01	1.499562811778051286e-01	7.222132313822056393e-02	2.953968254581082475e-02	7.491912472800912881e-02
1.140746216379915950e+03	2.567736688464138939e-01	1.661427830280075291e-01	2.502390953258881723e-01	1.500448508716182572e-01	7.225892678058817853e-02	2.956571312451255346e-02	7.497496202264306020e-02
1.142197547444012343e+03	2.565586883287737097e-01	1.660002571248225256e-01	2.503889136767269985e-01	1.501332614866726922e-01	7.229646205656026225e-02	2.959170923680434426e-02	7.503070808931115721e-02
1.143648878508108737e+03	2.563440733469564692e-01	1.658579707109906765e-01	2.505384795334273940e-01	1.502215133813739056e-01	7.233392912616291859e-02	2.961767083154065797e-02	7.508636306921966097e-02
1.145100209572205586e+03	2.561298232715256695e-01	1.657159233838513546e-01	2.506877933207190545e-01	1.503096069128109502e-01	7.237132814884914001e-02	2.964359785904611619e-02	7.514192710286939081e-02
1.146551540636302207e+03	2.559159374742046578e-01	1.655741147414209191e-01	2.508368554626168034e-01	1.503975424367597624e-01	7.240865928349843328e-02	2.966949027109201317e-02	7.519740033007904501e-02
1.148002871700398828e+03	2.557024153278741885e-01	1.654325443823917163e-01	2.509856663824218126e-01	1.504853203076865209e-01	7.244592268841634763e-02	2.969534802087329256e-02	7.525278289000777998e-02
1.149454202764495449e+03	2.554892562065695927e-01	1.652912119061308860e-01	2.511342265027226572e-01	1.505729408787512269e-01	7.248311852133434985e-02	2.972117106298594741e-02	7.530807492117697066e-02
1.150905533828591842e+03	2.552764594854782798e-01	1.651501169126791957e-01	2.512825362453968148e-01	1.506604045018113680e-01	7.252024693940974098e-02	2.974695935340482961e-02	7.536327656149133247e-02
1.152356864892688463e+03	2.550640245409370732e-01	1.650092590027499584e-01	2.514305960316117194e-01	1.507477115274259427e-01	7.255730809922569802e-02	2.977271284946189644e-02	7.541838794825933556e-02
1.153808195956785084e+03	2.548519507504294346e-01	1.648686377777279222e-01	2.515784062818257061e-01	1.508348623048592907e-01	7.259430215679148202e-02	2.979843150982482494e-02	7.547340921821295290e-02
1.155259527020881706e+03	2.546402374925830769e-01	1.647282528396680490e-01	2.517259674157896754e-01	1.509218571820852839e-01	7.263122926754274344e-02	2.982411529447606333e-02	7.552834050752670059e-02
1.156710858084978327e+03	2.544288841471670781e-01	1.645881037912944600e-01	2.518732798525480376e-01	1.510086965057917119e-01	7.266808958634195237e-02	2.984976416469222599e-02	7.558318195183613697e-02
1.158162189149074720e+03	2.542178900950896048e-01	1.644481902359992698e-01	2.520203440104397674e-01	1.510953806213845285e-01	7.270488326747893970e-02	2.987537808302388395e-02	7.563793368625565394e-02
1.159613520213171569e+03	2.540072547183948592e-01	1.643085117778415316e-01	2.521671603070998469e-01	1.511819098729924038e-01	7.274161046467154945e-02	2.990095701327572311e-02	7.569259584539572705e-02
1.161064851277267962e+03	2.537969774002608037e-01	1.641690680215459885e-01	2.523137291594603759e-01	1.512682846034713313e-01	7.277827133106640201e-02	2.992650092048705635e-02	7.574716856337958271e-02
1.162516182341364356e+03	2.535870575249964398e-01	1.640298585725021296e-01	2.524600509837517381e-01	1.513545051544093745e-01	7.281486601923974067e-02	2.995200977091269645e-02	7.580165197385933806e-02
1.163967513405461204e+03	2.533774944780392557e-01	1.638908830367629132e-01	2.526061261955038217e-01	1.514405718661314404e-01	7.285139468119836148e-02	2.997748353200415522e-02	7.585604621003150250e-02
1.165418844469557826e+03	2.531682876459524500e-01	1.637521410210437678e-01	2.527519552095470745e-01	1.515264850777041650e-01	7.288785746838070956e-02	3.000292217239119638e-02	7.591035140465202113e-02
1.166870175533654447e+03	2.529594364164227116e-01	1.636136321327213428e-01	2.528975384400138915e-01	1.516122451269409921e-01	7.292425453165793381e-02	3.002832566186371469e-02	7.596456769005084653e-02
1.168321506597751068e+03	2.527509401782571663e-01	1.634753559798325651e-01	2.530428763003396142e-01	1.516978523504071696e-01	7.296058602133517756e-02	3.005369397135390988e-02	7.601869519814591358e-02
1.169772837661847461e+03	2.525427983213812122e-01	1.633373121710733900e-01	2.531879692032636409e-01	1.517833070834249953e-01	7.299685208715281370e-02	3.007902707291882846e-02	7.607273406045668429e-02
1.171224168725944082e+03	2.523350102368356329e-01	1.631995003157977187e-01	2.533328175608309807e-01	1.518686096600789792e-01	7.303305287828784631e-02	3.010432493972315174e-02	7.612668440811726223e-02
1.172675499790040703e+03	2.521275753167742661e-01	1.630619200240163713e-01	2.534774217843929756e-01	1.519537604132211450e-01	7.306918854335536784e-02	3.012958754602233780e-02	7.618054637188900746e-02
1.174126830854137097e+03	2.519204929544613947e-01	1.629245709063959213e-01	2.536217822846087988e-01	1.520387596744764702e-01	7.310525923041007179e-02	3.015481486714601672e-02	7.623432008217274902e-02
1.175578161918233945e+03	2.517137625442690263e-01	1.627874525742575851e-01	2.537658994714465654e-01	1.521236077742482706e-01	7.314126508694782092e-02	3.018000687948170849e-02	7.628800566902048386e-02
1.177029492982330339e+03	2.515073834816745069e-01	1.626505646395761118e-01	2.539097737541842759e-01	1.522083050417236960e-01	7.317720625990728478e-02	3.020516356045878370e-02	7.634160326214681214e-02
1.178480824046426733e+03	2.513013551632580223e-01	1.625139067149787286e-01	2.540534055414112036e-01	1.522928518048792812e-01	7.321308289567171612e-02	3.023028488853275048e-02	7.639511299093983132e-02
1.179932155110523581e+03	2.510956769866998783e-01	1.623774784137440585e-01	2.541967952410288945e-01	1.523772483904865527e-01	7.324889514007064395e-02	3.025537084316975295e-02	7.644853498447176654e-02
1.181383486174620202e+03	2.508903483507781140e-01	1.622412793498009542e-01	2.543399432602526100e-01	1.524614951241176908e-01	7.328464313838176092e-02	3.028042140483139244e-02	7.650186937150910138e-02
1.182834817238716823e+03	2.506853686553660032e-01	1.621053091377274158e-01	2.544828500056121046e-01	1.525455923301511363e-01	7.332032703533276907e-02	3.030543655495976027e-02	7.655511628052247275e-02
1.184286148302813444e+03	2.504807373014293348e-01	1.619695673927495916e-01	2.546255158829531240e-01	1.526295403317774191e-01	7.335594697510333662e-02	3.033041627596275852e-02	7.660827583969606613e-02
1.185737479366910065e+03	2.502764536910242477e-01	1.618340537307405291e-01	2.547679412974383495e-01	1.527133394510049313e-01	7.339150310132708244e-02	3.035536055119963592e-02	7.666134817693683046e-02
1.187188810431006686e+03	2.500725172272944552e-01	1.616987677682192870e-01	2.549101266535486743e-01	1.527969900086656729e-01	7.342699555709353287e-02	3.038026936496679084e-02	7.671433341988326271e-02
1.188640141495103080e+03	2.498689273144688583e-01	1.615637091223496025e-01	2.550520723550840918e-01	1.528804923244210801e-01	7.346242448495032829e-02	3.040514270248381029e-02	7.676723169591385953e-02
1.190091472559199701e+03	2.496656833578590473e-01	1.614288774109390312e-01	2.551937788051653611e-01	1.529638467167679650e-01	7.349779002690520757e-02	3.042998054987973433e-02	7.682004313215533287e-02
1.191542803623296322e+03	2.494627847638567208e-01	1.612942722524377814e-01	2.553352464062346172e-01	1.530470535030443446e-01	7.353309232442822863e-02	3.045478289417954607e-02	7.687276785549047864e-02
1.192994134687392716e+03	2.492602309399314375e-01	1.611598932659376315e-01	2.554764755600567594e-01	1.531301129994353805e-01	7.356833151845391938e-02	3.047954972329088019e-02	7.692540599256574019e-02
1.194445465751489564e+03	2.490580212946279792e-01	1.610257400711707643e-01	2.556174666677205609e-01	1.532130255209793734e-01	7.360350774938355378e-02	3.050428102599098482e-02	7.697795766979852183e-02
1.195896796815585958e+03	2.488561552375639641e-01	1.608918122885088509e-01	2.557582201296399460e-01	1.532957913815735929e-01	7.363862115708735834e-02	3.052897679191384286e-02	7.703042301338419717e-02
1.197348127879682352e+03	2.486546321794273762e-01	1.607581095389618853e-01	2.558987363455548780e-01	1.533784108939803548e-01	7.367367188090684360e-02	3.055363701153755024e-02	7.708280214930285368e-02
1.198799458943779200e+03	2.484534515319740955e-01	1.606246314441771295e-01	2.560390157145326917e-01	1.534608843698329617e-01	7.370866005965708012e-02	3.057826167617188132e-02	7.713509520332588465e-02
1.200250790007875821e+03	2.482526127080255662e-01	1.604913776264380032e-01	2.561790586349691479e-01	1.535432121196417254e-01	7.374358583162909930e-02	3.060285077794604180e-02	7.718730230102212320e-02
1.201702121071972442e+03	2.480521151214662712e-01	1.603583477086631126e-01	2.563188655045894881e-01	1.536253944528000182e-01	7.377844933459223875e-02	3.062740430979664016e-02	7.723942356776396234e-02
1.203153452136069063e+03	2.478519581872413446e-01	1.602255413144050289e-01	2.564584367204497117e-01	1.537074316775902116e-01	7.381325070579652925e-02	3.065192226545586027e-02	7.729145912873303104e-02
1.204604783200165684e+03	2.476521413213542411e-01	1.600929580678493447e-01	2.565977726789377411e-01	1.537893241011896728e-01	7.384799008197510950e-02	3.067640463943978671e-02	7.734340910892582854e-02
1.206056114264262078e+03	2.474526639408641815e-01	1.599605975938135916e-01	2.567368737757743102e-01	1.538710720296769252e-01	7.388266759934673800e-02	3.070085142703694175e-02	7.739527363315902575e-02
1.207507445328358699e+03	2.472535254638838498e-01	1.598284595177461853e-01	2.568757404060142413e-01	1.539526757680376445e-01	7.391728339361816613e-02	3.072526262429701310e-02	7.744705282607458607e-02
1.208958776392455093e+03	2.470547253095770335e-01	1.596965434657252603e-01	2.570143729640476660e-01	1.540341356201705425e-01	7.395183759998669171e-02	3.074963822801973432e-02	7.749874681214469208e-02
1.210410107456551941e+03	2.468562628981562090e-01	1.595648490644577255e-01	2.571527718436010246e-01	1.541154518888936120e-01	7.398633035314258755e-02	3.077397823574395952e-02	7.755035571567645003e-02
1.211861438520648335e+03	2.466581376508801271e-01	1.594333759412782103e-01	2.572909374377381764e-01	1.541966248759500391e-01	7.402076178727169664e-02	3.079828264573690119e-02	7.760187966081644184e-02
1.213312769584745183e+03	2.464603489900515643e-01	1.593021237241478982e-01	2.574288701388613987e-01	1.542776548820142257e-01	7.405513203605787464e-02	3.082255145698353793e-02	7.765331877155502716e-02
1.214764100648841804e+03	2.462628963390148529e-01	1.591710920416536390e-01	2.575665703387129413e-01	1.543585422066977852e-01	7.408944123268562665e-02	3.084678466917618531e-02	7.770467317173053445e-02
1.216215431712937971e+03	2.460657791221536050e-01	1.590402805230066996e-01	2.577040384283755814e-01	1.544392871485556484e-01	7.412368950984256355e-02	3.087098228270424016e-02	7.775594298503320234e-02
1.217666762777034819e+03	2.458689967648883534e-01	1.589096887980418760e-01	2.578412747982741782e-01	1.545198900050920032e-01	7.415787699972203884e-02	3.089514429864406025e-02	7.780712833500907921e-02
1.219118093841131440e+03	2.456725486936741920e-01	1.587793164972163829e-01	2.579782798381764497e-01	1.546003510727662622e-01	7.419200383402570209e-02	3.091927071874902427e-02	7.785822934506357595e-02
1.220569424905228061e+03	2.454764343359984724e-01	1.586491632516087713e-01	2.581150539371943609e-01	1.546806706469991133e-01	7.422607014396606639e-02	3.094336154543972719e-02	7.790924613846501867e-02
1.222020755969324682e+03	2.452806531203785556e-01	1.585192286929179850e-01	2.582515974837851225e-01	1.547608490221784872e-01	7.426007606026910346e-02	3.096741678179433868e-02	7.796017883834797935e-02
1.223472087033421303e+03	2.450852044763593973e-01	1.583895124534622223e-01	2.583879108657521906e-01	1.548408864916653860e-01	7.429402171317686654e-02	3.099143643153908986e-02	7.801102756771646773e-02
1.224923418097517697e+03	2.448900878345112719e-01	1.582600141661778814e-01	2.585239944702464321e-01	1.549207833477999896e-01	7.432790723245007170e-02	3.101542049903892317e-02	7.806179244944698448e-02
1.226374749161614318e+03	2.446953026264276354e-01	1.581307334646186169e-01	2.586598486837674016e-01	1.550005398819075397e-01	7.436173274737072070e-02	3.103936898928828098e-02	7.811247360629140768e-02
1.227826080225710712e+03	2.445008482847225717e-01	1.580016699829542293e-01	2.587954738921641740e-01	1.550801563843041686e-01	7.439549838674469617e-02	3.106328190790200866e-02	7.816307116087982398e-02
1.229277411289807560e+03	2.443067242430287112e-01	1.578728233559697214e-01	2.589308704806363992e-01	1.551596331443028942e-01	7.442920427890437063e-02	3.108715926110643818e-02	7.821358523572312371e-02
1.230728742353903954e+03	2.441129299359948990e-01	1.577441932190640494e-01	2.590660388337359121e-01	1.552389704502194212e-01	7.446285055171127099e-02	3.111100105573056177e-02	7.826401595321554050e-02
1.232180073418000802e+03	2.439194647992840026e-01	1.576157792082493458e-01	2.592009793353672320e-01	1.553181685893780251e-01	7.449643733255860434e-02	3.113480729919736525e-02	7.831436343563707991e-02
1.233631404482097196e+03	2.437263282695705802e-01	1.574875809601497256e-01	2.593356923687888949e-01	1.553972278481174085e-01	7.452996474837397800e-02	3.115857799951527243e-02	7.836462780515578153e-02
1.235082735546193817e+03	2.435335197845385491e-01	1.573595981120003706e-01	2.594701783166147302e-01	1.554761485117964470e-01	7.456343292562195302e-02	3.118231316526972469e-02	7.841480918382991161e-02
1.236534066610290438e+03	2.433410387828792432e-01	1.572318303016463636e-01	2.596044375608144161e-01	1.555549308648000728e-01	7.459684199030673646e-02	3.120601280561488902e-02	7.846490769360997541e-02
1.237985397674387059e+03	2.431488847042889423e-01	1.571042771675417449e-01	2.597384704827151447e-01	1.556335751905449649e-01	7.463019206797466554e-02	3.122967693026548058e-02	7.851492345634072945e-02
1.239436728738483680e+03	2.429570569894666243e-01	1.569769383487485126e-01	2.598722774630023991e-01	1.557120817714853500e-01	7.466348328371694154e-02	3.125330554948870659e-02	7.856485659376302721e-02
1.240888059802580301e+03	2.427655550801119666e-01	1.568498134849355685e-01	2.600058588817211747e-01	1.557904508891187201e-01	7.469671576217221109e-02	3.127689867409631785e-02	7.861470722751555396e-02
1.242339390866676695e+03	2.425743784189229313e-01	1.567229022163776908e-01	2.601392151182769230e-01	1.558686828239914668e-01	7.472988962752916131e-02	3.130045631543679902e-02	7.866447547913650584e-02
1.243790721930773088e+03	2.423835264495936836e-01	1.565962041839545071e-01	2.602723465514367174e-01	1.559467778557046269e-01	7.476300500352911493e-02	3.132397848538765600e-02	7.871416147006517205e-02
1.245242052994869937e+03	2.421929986168123994e-01	1.564697190291494955e-01	2.604052535593301965e-01	1.560247362629195167e-01	7.479606201346863936e-02	3.134746519634781098e-02	7.876376532164340583e-02
1.246693384058966330e+03	2.420027943662590442e-01	1.563434463940489572e-01	2.605379365194508967e-01	1.561025583233633107e-01	7.482906078020212792e-02	3.137091646123010835e-02	7.881328715511701222e-02
1.248144715123063179e+03	2.418129131446032087e-01	1.562173859213410732e-01	2.606703958086570849e-01	1.561802443138346763e-01	7.486200142614445052e-02	3.139433229345395260e-02	7.886272709163706651e-02
1.249596046187159800e+03	2.416233543995019162e-01	1.560915372543147384e-01	2.608026318031729240e-01	1.562577945102093246e-01	7.489488407327342390e-02	3.141771270693802243e-02	7.891208525226116322e-02
1.251047377251256421e+03	2.414341175795975125e-01	1.559659000368587012e-01	2.609346448785895833e-01	1.563352091874455618e-01	7.492770884313251778e-02	3.144105771609308209e-02	7.896136175795456791e-02
1.252498708315352815e+03	2.412452021345155573e-01	1.558404739134605088e-01	2.610664354098662376e-01	1.564124886195897568e-01	7.496047585683329739e-02	3.146436733581493145e-02	7.901055672959127196e-02
1.253950039379449436e+03	2.410566075148625476e-01	1.557152585292054248e-01	2.611980037713311775e-01	1.564896330797819202e-01	7.499318523505808798e-02	3.148764158147742548e-02	7.905967028795504725e-02
1.255401370443546057e+03	2.408683331722239473e-01	1.555902535297755129e-01	2.613293503366826975e-01	1.565666428402610333e-01	7.502583709806245893e-02	3.151088046892560474e-02	7.910870255374038984e-02
1.256852701507642678e+03	2.406803785591618561e-01	1.554654585614486106e-01	2.614604754789905949e-01	1.566435181723705994e-01	7.505843156567780505e-02	3.153408401446891607e-02	7.915765364755332489e-02
1.258304032571739299e+03	2.404927431292130935e-01	1.553408732710973572e-01	2.615913795706966694e-01	1.567202593465639171e-01	7.509096875731387233e-02	3.155725223487453046e-02	7.920652368991230874e-02
1.259755363635835920e+03	2.403054263368869514e-01	1.552164973061881392e-01	2.617220629836162216e-01	1.567968666324094928e-01	7.512344879196128367e-02	3.158038514736076496e-02	7.925531280124895050e-02
1.261206694699932314e+03	2.401184276376631677e-01	1.550923303147800636e-01	2.618525260889388862e-01	1.568733402985964254e-01	7.515587178819405079e-02	3.160348276959057401e-02	7.930402110190866438e-02
1.262658025764028707e+03	2.399317464879897333e-01	1.549683719455240971e-01	2.619827692572297417e-01	1.569496806129396516e-01	7.518823786417209998e-02	3.162654511966516563e-02	7.935264871215136351e-02
1.264109356828125556e+03	2.397453823452809218e-01	1.548446218476619007e-01	2.621127928584304212e-01	1.570258878423852478e-01	7.522054713764375622e-02	3.164957221611764543e-02	7.940119575215198733e-02
1.265560687892221949e+03	2.395593346679151525e-01	1.547210796710249692e-01	2.622425972618599999e-01	1.571019622530155924e-01	7.525279972594822731e-02	3.167256407790682710e-02	7.944966234200104283e-02
1.267012018956318798e+03	2.393736029152328804e-01	1.545977450660336039e-01	2.623721828362163278e-01	1.571779041100547780e-01	7.528499574601808797e-02	3.169552072441107760e-02	7.949804860170507637e-02
1.268463350020415419e+03	2.391881865475345981e-01	1.544746176836958862e-01	2.625015499495766402e-01	1.572537136778734967e-01	7.531713531438176401e-02	3.171844217542224564e-02	7.954635465118715942e-02
1.269914681084511813e+03	2.390030850260786710e-01	1.543516971756066780e-01	2.626306989693992233e-01	1.573293912199944522e-01	7.534921854716596090e-02	3.174132845113969426e-02	7.959458061028713838e-02
1.271366012148608434e+03	2.388182978130794498e-01	1.542289831939467337e-01	2.627596302625237468e-01	1.574049369990973279e-01	7.538124556009812016e-02	3.176417957216439575e-02	7.964272659876206473e-02
1.272817343212705055e+03	2.386338243717050500e-01	1.541064753914815899e-01	2.628883441951729294e-01	1.574803512770239222e-01	7.541321646850883409e-02	3.178699555949314470e-02	7.969079273628648652e-02
1.274268674276801676e+03	2.384496641660753535e-01	1.539841734215606495e-01	2.630168411329530942e-01	1.575556343147831440e-01	7.544513138733428825e-02	3.180977643451279174e-02	7.973877914245261489e-02
1.275720005340898297e+03	2.382658166612600936e-01	1.538620769381162379e-01	2.631451214408555561e-01	1.576307863725561476e-01	7.547699043111866235e-02	3.183252221899459528e-02	7.978668593677062937e-02
1.277171336404994690e+03	2.380822813232767177e-01	1.537401855956625485e-01	2.632731854832575658e-01	1.577058077097012179e-01	7.550879371401654494e-02	3.185523293508865650e-02	7.983451323866874727e-02
1.278622667469091539e+03	2.378990576190884165e-01	1.536184990492946989e-01	2.634010336239230865e-01	1.577806985847587662e-01	7.554054134979526491e-02	3.187790860531839604e-02	7.988226116749340411e-02
1.280073998533187932e+03	2.377161450166020429e-01	1.534970169546877039e-01	2.635286662260042378e-01	1.578554592554562153e-01	7.557223345183734786e-02	3.190054925257511387e-02	7.992992984250936461e-02
1.281525329597284326e+03	2.375335429846662239e-01	1.533757389680956151e-01	2.636560836520420725e-01	1.579300899787128842e-01	7.560387013314275040e-02	3.192315490011266021e-02	7.997751938289975049e-02
1.282976660661381175e+03	2.373512509930693071e-01	1.532546647463504386e-01	2.637832862639676867e-01	1.580045910106449569e-01	7.563545150633134428e-02	3.194572557154212039e-02	8.002502990776606817e-02
1.284427991725477568e+03	2.371692685125373345e-01	1.531337939468612186e-01	2.639102744231033304e-01	1.580789626065701725e-01	7.566697768364513688e-02	3.196826129082660367e-02	8.007246153612819495e-02
1.285879322789574417e+03	2.369875950147320998e-01	1.530131262276129556e-01	2.640370484901630732e-01	1.581532050210126550e-01	7.569844877695068586e-02	3.199076208227610157e-02	8.011981438692436508e-02
1.287330653853671038e+03	2.368062299722491770e-01	1.528926612471659119e-01	2.641636088252543035e-01	1.582273185077077426e-01	7.572986489774133356e-02	3.201322797054240166e-02	8.016708857901108654e-02
1.288781984917767431e+03	2.366251728586159508e-01	1.527723986646543075e-01	2.642899557878784500e-01	1.583013033196066233e-01	7.576122615713948294e-02	3.203565898061408457e-02	8.021428423116304385e-02
1.290233315981864052e+03	2.364444231482896175e-01	1.526523381397855705e-01	2.644160897369322027e-01	1.583751597088810248e-01	7.579253266589898452e-02	3.205805513781157662e-02	8.026140146207302872e-02
