1.001418434226643626e+03	2.792320048816083755e-01	1.809807400037972136e-01	2.346109131810519555e-01	1.407366339966677482e-01	6.830023552352282312e-02	2.695101656708779811e-02	6.918845584593390219e-02
1.003837319333471214e+03	2.788107331872473060e-01	1.807012114292397831e-01	2.349040631394262724e-01	1.409120947493310294e-01	6.837486777841042529e-02	2.699935151906479938e-02	6.929767819695016595e-02
1.006256204440298802e+03	2.783906562494920522e-01	1.804224664814620960e-01	2.351963893556809626e-01	1.410870149957763608e-01	6.844926914900353876e-02	2.704762996586784762e-02	6.940657380238689222e-02
1.008675089547126618e+03	2.779717706217044171e-01	1.801445029626195793e-01	2.354878941411970572e-01	1.412613965329522492e-01	6.852344025738275890e-02	2.709585010025783447e-02	6.951514538355578476e-02
1.011093974653954206e+03	2.775540728670831125e-01	1.798673186810325342e-01	2.357785798008652511e-01	1.414352411737846982e-01	6.859738174308117886e-02	2.714401018095209672e-02	6.962339555287080928e-02
1.013512859760782021e+03	2.771375595586921259e-01	1.795909114511688165e-01	2.360684486331039444e-01	1.416085507455299430e-01	6.867109426181319809e-02	2.719210853013332915e-02	6.973132681922834808e-02
1.015931744867609382e+03	2.767222272794854776e-01	1.793152790936265728e-01	2.363575029298775609e-01	1.417813270882190280e-01	6.874457848426965278e-02	2.724014353106427380e-02	6.983894159312713235e-02
1.018350629974437197e+03	2.763080726223281491e-01	1.790404194351171152e-01	2.366457449767145615e-01	1.419535720531895362e-01	6.881783509497624296e-02	2.728811362580345692e-02	6.994624219154055300e-02
1.020769515081264785e+03	2.758950921900139019e-01	1.787663303084477129e-01	2.369331770527256797e-01	1.421252875016999762e-01	6.889086479121205031e-02	2.733601731301738003e-02	7.005323084255289656e-02
1.023188400188092373e+03	2.754832825952793773e-01	1.784930095525045224e-01	2.372198014306217961e-01	1.422964753036226326e-01	6.896366828198546850e-02	2.738385314588480043e-02	7.015990968977098285e-02
1.025607285294920075e+03	2.750726404608155873e-01	1.782204550122354070e-01	2.375056203767320351e-01	1.424671373362109139e-01	6.903624628706468702e-02	2.743161973008899010e-02	7.026628079652194603e-02
1.028026170401747549e+03	2.746631624192762411e-01	1.779486645386331722e-01	2.377906361510216116e-01	1.426372754829374201e-01	6.910859953606003636e-02	2.747931572189396890e-02	7.037234614984712311e-02
1.030445055508575479e+03	2.742548451132834630e-01	1.776776359887183854e-01	2.380748510071098167e-01	1.428068916323989579e-01	6.918072876755580747e-02	2.752693982630098971e-02	7.047810766430216700e-02
1.032863940615402726e+03	2.738476851954309566e-01	1.774073672255225831e-01	2.383582671922878371e-01	1.429759876772854488e-01	6.925263472828900591e-02	2.757449079528159763e-02	7.058356718557222409e-02
1.035282825722230655e+03	2.734416793282845037e-01	1.771378561180712852e-01	2.386408869475364625e-01	1.431445655134090389e-01	6.932431817237290350e-02	2.762196742608393971e-02	7.068872649391150231e-02
1.037701710829058356e+03	2.730368241843805777e-01	1.768691005413673967e-01	2.389227125075439606e-01	1.433126270387906631e-01	6.939577986056300052e-02	2.766936855960893879e-02	7.079358730741507066e-02
1.040120595935886058e+03	2.726331164462224566e-01	1.766010983763742492e-01	2.392037461007237298e-01	1.434801741528010099e-01	6.946702055956346933e-02	2.771669307885329947e-02	7.089815128513141107e-02
1.042539481042713533e+03	2.722305528062742286e-01	1.763338475099988922e-01	2.394839899492318958e-01	1.436472087553531951e-01	6.953804104137195630e-02	2.776393990741631013e-02	7.100242003002305013e-02
1.044958366149541234e+03	2.718291299669534644e-01	1.760673458350755227e-01	2.397634462689850476e-01	1.438137327461442572e-01	6.960884208266099327e-02	2.781110800806762748e-02	7.110639509178259821e-02
1.047377251256368709e+03	2.714288446406212807e-01	1.758015912503487210e-01	2.400421172696775851e-01	1.439797480239432825e-01	6.967942446419404801e-02	2.785819638137332702e-02	7.121007796951121793e-02
1.049796136363196410e+03	2.710296935495711823e-01	1.755365816604570472e-01	2.403200051547994542e-01	1.441452564859235508e-01	6.974978897027457603e-02	2.790520406437763112e-02	7.131347011426597549e-02
1.052215021470024112e+03	2.706316734260163503e-01	1.752723149759163046e-01	2.405971121216534947e-01	1.443102600270365077e-01	6.981993638822640846e-02	2.795213012933786892e-02	7.141657293148243046e-02
1.054633906576851814e+03	2.702347810120750982e-01	1.750087891131032192e-01	2.408734403613728425e-01	1.444747605394254841e-01	6.988986750790394942e-02	2.799897368251028432e-02	7.151938778327847357e-02
1.057052791683679516e+03	2.698390130597552172e-01	1.747460019942388698e-01	2.411489920589383051e-01	1.446387599118768297e-01	6.995958312123058687e-02	2.804573386298448920e-02	7.162191599064501868e-02
1.059471676790506763e+03	2.694443663309368797e-01	1.744839515473723679e-01	2.414237693931956807e-01	1.448022600293069617e-01	7.002908402176398484e-02	2.809240984156437596e-02	7.172415883552898941e-02
1.061890561897334692e+03	2.690508375973542643e-01	1.742226357063644815e-01	2.416977745368731056e-01	1.449652627722829157e-01	7.009837100428695233e-02	2.813900081969348405e-02	7.182611756281397086e-02
1.064309447004162394e+03	2.686584236405761827e-01	1.739620524108713706e-01	2.419710096565981239e-01	1.451277700165752860e-01	7.016744486442239026e-02	2.818550602842284994e-02	7.192779338220299523e-02
1.066728332110990095e+03	2.682671212519851522e-01	1.737021996063282114e-01	2.422434769129149235e-01	1.452897836327411984e-01	7.023630639827131705e-02	2.823192472741951203e-02	7.202918747000876254e-02
1.069147217217817570e+03	2.678769272327563011e-01	1.734430752439331536e-01	2.425151784603016281e-01	1.454513054857362597e-01	7.030495640207273800e-02	2.827825620401385603e-02	7.213030097085516845e-02
1.071566102324645271e+03	2.674878383938343873e-01	1.731846772806310275e-01	2.427861164471870614e-01	1.456123374345536237e-01	7.037339567188415079e-02	2.832449977228411811e-02	7.223113499929477432e-02
1.073984987431472746e+03	2.670998515559104836e-01	1.729270036790972187e-01	2.430562930159680113e-01	1.457728813318890371e-01	7.044162500328172982e-02	2.837065477217649151e-02	7.233169064134616077e-02
1.076403872538300675e+03	2.667129635493977191e-01	1.726700524077216803e-01	2.433257103030261326e-01	1.459329390238301993e-01	7.050964519107923156e-02	2.841672056865918519e-02	7.243196895595493956e-02
1.078822757645127922e+03	2.663271712144062997e-01	1.724138214405928349e-01	2.435943704387449060e-01	1.460925123495692146e-01	7.057745702906445540e-02	2.846269655090906056e-02	7.253197097638226787e-02
1.081241642751955851e+03	2.659424714007176949e-01	1.721583087574816151e-01	2.438622755475264858e-01	1.462516031411370265e-01	7.064506130975262144e-02	2.850858213152940301e-02	7.263169771152415410e-02
1.083660527858783553e+03	2.655588609677581036e-01	1.719035123438254764e-01	2.441294277478086028e-01	1.464102132231586417e-01	7.071245882415554129e-02	2.855437674579747176e-02	7.273115014716509397e-02
1.086079412965611255e+03	2.651763367845715869e-01	1.716494301907125763e-01	2.443958291520812731e-01	1.465683444126278379e-01	7.077965036156591561e-02	2.860007985094060318e-02	7.283032924716913159e-02
1.088498298072438729e+03	2.647948957297922568e-01	1.713960602948658984e-01	2.446614818669036462e-01	1.467259985187003568e-01	7.084663670935600899e-02	2.864569092543957710e-02	7.292923595461117681e-02
1.090917183179266431e+03	2.644145346916162986e-01	1.711434006586273204e-01	2.449263879929206023e-01	1.468831773425048337e-01	7.091341865278980028e-02	2.869120946835814617e-02	7.302787119285189532e-02
1.093336068286093905e+03	2.640352505677732720e-01	1.708914492899420434e-01	2.451905496248794614e-01	1.470398826769701572e-01	7.097999697484796977e-02	2.873663499869756263e-02	7.312623586655840613e-02
1.095754953392921607e+03	2.636570402654970779e-01	1.706402042023427434e-01	2.454539688516466089e-01	1.471961163066684286e-01	7.104637245606511275e-02	2.878196705477508582e-02	7.322433086267382540e-02
1.098173838499749309e+03	2.632799007014962611e-01	1.703896634149339728e-01	2.457166477562240103e-01	1.473518800076728807e-01	7.111254587437845776e-02	2.882720519362542630e-02	7.332215705133783568e-02
1.100592723606577010e+03	2.629038288019244218e-01	1.701398249523764505e-01	2.459785884157656977e-01	1.475071755474296475e-01	7.117851800498749271e-02	2.887234899042416536e-02	7.341971528676084768e-02
1.103011608713404712e+03	2.625288215023500182e-01	1.698906868448716023e-01	2.462397929015943121e-01	1.476620046846427170e-01	7.124428962022397172e-02	2.891739803793223068e-02	7.351700640805387821e-02
1.105430493820231959e+03	2.621548757477255021e-01	1.696422471281458233e-01	2.465002632792174797e-01	1.478163691691713189e-01	7.130986148943167791e-02	2.896235194596054677e-02	7.361403124001636433e-02
1.107849378927059888e+03	2.617819884923567875e-01	1.693945038434351291e-01	2.467600016083441872e-01	1.479702707419391638e-01	7.137523437885540112e-02	2.900721034085399289e-02	7.371079059388394028e-02
1.110268264033887590e+03	2.614101566998722759e-01	1.691474550374696961e-01	2.470190099429010744e-01	1.481237111348545910e-01	7.144040905153881127e-02	2.905197286499392254e-02	7.380728526803817524e-02
1.112687149140715292e+03	2.610393773431914921e-01	1.689010987624583460e-01	2.472772903310487547e-01	1.482766920707411507e-01	7.150538626723047797e-02	2.909663917631839791e-02	7.390351604867996527e-02
1.115106034247542766e+03	2.606696474044933320e-01	1.686554330760732523e-01	2.475348448151980796e-01	1.484292152632781248e-01	7.157016678229784212e-02	2.914120894785945590e-02	7.399948371046850826e-02
1.117524919354370468e+03	2.603009638751847543e-01	1.684104560414346474e-01	2.477916754320262371e-01	1.485812824169502055e-01	7.163475134964848723e-02	2.918568186729670472e-02	7.409518901712748573e-02
1.119943804461197942e+03	2.599333237558689724e-01	1.681661657270954457e-01	2.480477842124929333e-01	1.487328952270058624e-01	7.169914071865857164e-02	2.923005763652653660e-02	7.419063272202010284e-02
1.122362689568025871e+03	2.595667240563133138e-01	1.679225602070260892e-01	2.483031731818565735e-01	1.488840553794240629e-01	7.176333563510768621e-02	2.927433597124639089e-02	7.428581556869434666e-02
1.124781574674853118e+03	2.592011617954171898e-01	1.676796375605992540e-01	2.485578443596901388e-01	1.490347645508882379e-01	7.182733684112012351e-02	2.931851660055336678e-02	7.438073829140010029e-02
1.127200459781681047e+03	2.588366340011800104e-01	1.674373958725747791e-01	2.488117997598973119e-01	1.491850244087681854e-01	7.189114507511194796e-02	2.936259926655666874e-02	7.447540161557944516e-02
1.129619344888508749e+03	2.584731377106689876e-01	1.671958332330845398e-01	2.490650413907284644e-01	1.493348366111079961e-01	7.195476107174367253e-02	2.940658372400330178e-02	7.456980625833137255e-02
1.132038229995336451e+03	2.581106699699866613e-01	1.669549477376173208e-01	2.493175712547965051e-01	1.494842028066209472e-01	7.201818556187820908e-02	2.945046973991647873e-02	7.466395292885223689e-02
1.134457115102163925e+03	2.577492278342386478e-01	1.667147374870038556e-01	2.495693913490927007e-01	1.496331246346898902e-01	7.208141927254377301e-02	2.949425709324622266e-02	7.475784232885322733e-02
1.136876000208991627e+03	2.573888083675013316e-01	1.664752005874018392e-01	2.498205036650025801e-01	1.497816037253736632e-01	7.214446292690132601e-02	2.953794557453172723e-02	7.485147515295578757e-02
1.139294885315819101e+03	2.570294086427895031e-01	1.662363351502809394e-01	2.500709101883217267e-01	1.499296416994184145e-01	7.220731724421662612e-02	2.958153498557489908e-02	7.494485208906616347e-02
1.141713770422646803e+03	2.566710257420237729e-01	1.659981392924078925e-01	2.503206128992714330e-01	1.500772401682738955e-01	7.226998293983628863e-02	2.962502513912478042e-02	7.503797381873024419e-02
1.144132655529474505e+03	2.563136567559981538e-01	1.657606111358316536e-01	2.505696137725144657e-01	1.502244007341144716e-01	7.233246072516778813e-02	2.966841585857230013e-02	7.513084101746943244e-02
1.146551540636302207e+03	2.559572987843480862e-01	1.655237488078686869e-01	2.508179147771706918e-01	1.503711249898641023e-01	7.239475130766306887e-02	2.971170697765500995e-02	7.522345435509866785e-02
1.148970425743129908e+03	2.556019489355176311e-01	1.652875504410880048e-01	2.510655178768325668e-01	1.505174145192256507e-01	7.245685539080573556e-02	2.975489834017141372e-02	7.531581449602735290e-02
1.151389310849957155e+03	2.552476043267274397e-01	1.650520141732965407e-01	2.513124250295807882e-01	1.506632708967135803e-01	7.251877367410138053e-02	2.979798979970447667e-02	7.540792209954411129e-02
1.153808195956785084e+03	2.548942620839422246e-01	1.648171381475244390e-01	2.515586381880000610e-01	1.508086956876903140e-01	7.258050685307090855e-02	2.984098121935402012e-02	7.549977782008623906e-02
1.156227081063612786e+03	2.545419193418390624e-01	1.645829205120104000e-01	2.518041592991940303e-01	1.509536904484057029e-01	7.264205561924690080e-02	2.988387247147759884e-02	7.559138230749441745e-02
1.158645966170440488e+03	2.541905732437749199e-01	1.643493594201870245e-01	2.520489903048011016e-01	1.510982567260393816e-01	7.270342066017247695e-02	2.992666343743956986e-02	7.568273620725360362e-02
1.161064851277267962e+03	2.538402209417544020e-01	1.641164530306663816e-01	2.522931331410097067e-01	1.512423960587460647e-01	7.276460265940276617e-02	2.996935400736803340e-02	7.577384016072070960e-02
1.163483736384095664e+03	2.534908595963982214e-01	1.638841995072253255e-01	2.525365897385735692e-01	1.513861099757032036e-01	7.282560229650866801e-02	3.001194407991934765e-02	7.586469480533974963e-02
1.165902621490923138e+03	2.531424863769111133e-01	1.636525970187910628e-01	2.527793620228271365e-01	1.515293999971609740e-01	7.288642024708287537e-02	3.005443356204992589e-02	7.595530077484508036e-02
1.168321506597751068e+03	2.527950984610499163e-01	1.634216437394266641e-01	2.530214519137006235e-01	1.516722676344946230e-01	7.294705718274789585e-02	3.009682236879503842e-02	7.604565869945331680e-02
1.170740391704578315e+03	2.524486930350920977e-01	1.631913378483168253e-01	2.532628613257354999e-01	1.518147143902586205e-01	7.300751377116607155e-02	3.013911042305436952e-02	7.613576920604453457e-02
1.173159276811406244e+03	2.521032672938041119e-01	1.629616775297532405e-01	2.535035921680994231e-01	1.519567417582426139e-01	7.306779067605125022e-02	3.018129765538407269e-02	7.622563291833320265e-02
1.175578161918233945e+03	2.517588184404098706e-01	1.627326609731205020e-01	2.537436463446015589e-01	1.520983512235290769e-01	7.312788855718226066e-02	3.022338400379508475e-02	7.631525045702954035e-02
1.177997047025061647e+03	2.514153436865594893e-01	1.625042863728816400e-01	2.539830257537073477e-01	1.522395442625524842e-01	7.318780807041788683e-02	3.026536941355745941e-02	7.640462243999157632e-02
1.180415932131889122e+03	2.510728402522977576e-01	1.622765519285640501e-01	2.542217322885538811e-01	1.523803223431598741e-01	7.324754986771329912e-02	3.030725383701051920e-02	7.649374948236856153e-02
1.182834817238716823e+03	2.507313053660334412e-01	1.620494558447451161e-01	2.544597678369646121e-01	1.525206869246725216e-01	7.330711459713773470e-02	3.034903723337858267e-02	7.658263219673598632e-02
1.185253702345544298e+03	2.503907362645080292e-01	1.618229963310381658e-01	2.546971342814643990e-01	1.526606394579488601e-01	7.336650290289356557e-02	3.039071956859209708e-02	7.667127119322288131e-02
1.187672587452371999e+03	2.500511301927649810e-01	1.615971716020782600e-01	2.549338334992945487e-01	1.528001813854482915e-01	7.342571542533639362e-02	3.043230081511397872e-02	7.675966707963156888e-02
1.190091472559199701e+03	2.497124844041188618e-01	1.613719798775082037e-01	2.551698673624275271e-01	1.529393141412958568e-01	7.348475280099629747e-02	3.047378095177094917e-02	7.684782046155032298e-02
1.192510357666027403e+03	2.493747961601249508e-01	1.611474193819643352e-01	2.554052377375818361e-01	1.530780391513478500e-01	7.354361566259998151e-02	3.051515996358971153e-02	7.693573194245933999e-02
1.194929242772855105e+03	2.490380627305486816e-01	1.609234883450627596e-01	2.556399464862367243e-01	1.532163578332578768e-01	7.360230463909381293e-02	3.055643784163778257e-02	7.702340212383035345e-02
1.197348127879682352e+03	2.487022813933353615e-01	1.607001850013851374e-01	2.558739954646470638e-01	1.533542715965436620e-01	7.366082035566773323e-02	3.059761458286885255e-02	7.711083160522021196e-02
1.199767012986510281e+03	2.483674494345799455e-01	1.604775075904648907e-01	2.561073865238577829e-01	1.534917818426542735e-01	7.371916343377993286e-02	3.063869018997245758e-02	7.719802098435871174e-02
1.202185898093337983e+03	2.480335641484970877e-01	1.602554543567732692e-01	2.563401215097188546e-01	1.536288899650377349e-01	7.377733449118215048e-02	3.067966467122783605e-02	7.728497085723096127e-02
1.204604783200165684e+03	2.477006228373912766e-01	1.600340235497055841e-01	2.565722022628997290e-01	1.537655973492090822e-01	7.383533414194562439e-02	3.072053804036188607e-02	7.737168181815470835e-02
1.207023668306993159e+03	2.473686228116271368e-01	1.598132134235672186e-01	2.568036306189037665e-01	1.539019053728185038e-01	7.389316299648758524e-02	3.076131031641097732e-02	7.745815445985267111e-02
1.209442553413820860e+03	2.470375613895997302e-01	1.595930222375600005e-01	2.570344084080831148e-01	1.540378154057198412e-01	7.395082166159833159e-02	3.080198152358654476e-02	7.754438937352028938e-02
1.211861438520648335e+03	2.467074358977051629e-01	1.593734482557684351e-01	2.572645374556528086e-01	1.541733288100391452e-01	7.400831074046862468e-02	3.084255169114437714e-02	7.763038714888921554e-02
1.214280323627476264e+03	2.463782436703114698e-01	1.591544897471459941e-01	2.574940195817054800e-01	1.543084469402433156e-01	7.406563083271762438e-02	3.088302085325736468e-02	7.771614837428643396e-02
1.216699208734303511e+03	2.460499820497293044e-01	1.589361449855014596e-01	2.577228566012257915e-01	1.544431711432086296e-01	7.412278253442113052e-02	3.092338904889171611e-02	7.780167363668961944e-02
1.219118093841131440e+03	2.457226483861830457e-01	1.587184122494852967e-01	2.579510503241045916e-01	1.545775027582894923e-01	7.417976643814006010e-02	3.096365632168642662e-02	7.788696352177874871e-02
1.221536978947959142e+03	2.453962400377820152e-01	1.585012898225760802e-01	2.581786025551533470e-01	1.547114431173868265e-01	7.423658313294931310e-02	3.100382271983594812e-02	7.797201861398415923e-02
1.223955864054786844e+03	2.450707543704917779e-01	1.582847759930669784e-01	2.584055150941183543e-01	1.548449935450165182e-01	7.429323320446683254e-02	3.104388829597595767e-02	7.805683949653133280e-02
1.226374749161614318e+03	2.447461887581056372e-01	1.580688690540521524e-01	2.586317897356951168e-01	1.549781553583775007e-01	7.434971723488280337e-02	3.108385310707208193e-02	7.814142675148248729e-02
1.228793634268442020e+03	2.444225405822163799e-01	1.578535673034134057e-01	2.588574282695423889e-01	1.551109298674198389e-01	7.440603580298908726e-02	3.112371721431151858e-02	7.822578095977517076e-02
1.231212519375269494e+03	2.440998072321878265e-01	1.576388690438067230e-01	2.590824324802965539e-01	1.552433183749123702e-01	7.446218948420876838e-02	3.116348068299745755e-02	7.830990270125812169e-02
1.233631404482097196e+03	2.437779861051271035e-01	1.574247725826488087e-01	2.593068041475854457e-01	1.553753221765101222e-01	7.451817885062574087e-02	3.120314358244620501e-02	7.839379255472438135e-02
1.236050289588924898e+03	2.434570746058565271e-01	1.572112762321038193e-01	2.595305450460427266e-01	1.555069425608213707e-01	7.457400447101440732e-02	3.124270598588691980e-02	7.847745109794193596e-02
1.238469174695752372e+03	2.431370701468860418e-01	1.569983783090700691e-01	2.597536569453217647e-01	1.556381808094744745e-01	7.462966691086946047e-02	3.128216797036389302e-02	7.856087890768202742e-02
1.240888059802580301e+03	2.428179701483854369e-01	1.567860771351665405e-01	2.599761416101096789e-01	1.557690381971840732e-01	7.468516673243558168e-02	3.132152961664128044e-02	7.864407655974511857e-02
1.243306944909407548e+03	2.424997720381570909e-01	1.565743710367198671e-01	2.601980008001412714e-01	1.558995159918172557e-01	7.474050449473720881e-02	3.136079100911023237e-02	7.872704462898477695e-02
1.245725830016235477e+03	2.421824732516087153e-01	1.563632583447510660e-01	2.604192362702128505e-01	1.560296154544588421e-01	7.479568075360826240e-02	3.139995223569831684e-02	7.880978368932964329e-02
1.248144715123063179e+03	2.418660712317260431e-01	1.561527373949623820e-01	2.606398497701963857e-01	1.561593378394765252e-01	7.485069606172177481e-02	3.143901338778117699e-02	7.889229431380340163e-02
1.250563600229890881e+03	2.415505634290460724e-01	1.559428065277240760e-01	2.608598430450530525e-01	1.562886843945855142e-01	7.490555096861953310e-02	3.147797456009637784e-02	7.897457707454304254e-02
1.252982485336718355e+03	2.412359473016301159e-01	1.557334640880614074e-01	2.610792178348473325e-01	1.564176563609124826e-01	7.496024602074150001e-02	3.151683585065936238e-02	7.905663254281544705e-02
1.255401370443546057e+03	2.409222203150372110e-01	1.555247084256415335e-01	2.612979758747604464e-01	1.565462549730593511e-01	7.501478176145531807e-02	3.155559736068141996e-02	7.913846128903236077e-02
1.257820255550373531e+03	2.406093799422975577e-01	1.553165378947605757e-01	2.615161188951043436e-01	1.566744814591660984e-01	7.506915873108550852e-02	3.159425919448966003e-02	7.922006388276386923e-02
1.260239140657201460e+03	2.402974236638861782e-01	1.551089508543305184e-01	2.617336486213353020e-01	1.568023370409735162e-01	7.512337746694264240e-02	3.163282145944890794e-02	7.930144089275059649e-02
1.262658025764028707e+03	2.399863489676966610e-01	1.549019456678662754e-01	2.619505667740674726e-01	1.569298229338849937e-01	7.517743850335234512e-02	3.167128426588546736e-02	7.938259288691443261e-02
1.265076910870856636e+03	2.396761533490152085e-01	1.546955207034728941e-01	2.621668750690865912e-01	1.570569403470280512e-01	7.523134237168409288e-02	3.170964772701270057e-02	7.946352043236808160e-02
1.267495795977684338e+03	2.393668343104945473e-01	1.544896743338325384e-01	2.623825752173636894e-01	1.571836904833150139e-01	7.528508960037992581e-02	3.174791195885837136e-02	7.954422409542354078e-02
1.269914681084511813e+03	2.390583893621282541e-01	1.542844049361917214e-01	2.625976689250683616e-01	1.573100745395034361e-01	7.533868071498284191e-02	3.178607708019366013e-02	7.962470444159934491e-02
1.272333566191339514e+03	2.387508160212251651e-01	1.540797108923485370e-01	2.628121578935823655e-01	1.574360937062556087e-01	7.539211623816519103e-02	3.182414321246392064e-02	7.970496203562685289e-02
1.274752451298167216e+03	2.384441118123838133e-01	1.538755905886398101e-01	2.630260438195130002e-01	1.575617491681977622e-01	7.544539668975663860e-02	3.186211047972097032e-02	7.978499744145560457e-02
1.277171336404994690e+03	2.381382742674670872e-01	1.536720424159283838e-01	2.632393283947068174e-01	1.576870421039784087e-01	7.549852258677211547e-02	3.189997900855701118e-02	7.986481122225777551e-02
1.279590221511822392e+03	2.378333009255770847e-01	1.534690647695904631e-01	2.634520133062626668e-01	1.578119736863262401e-01	7.555149444343940701e-02	3.193774892804004950e-02	7.994440394043172970e-02
1.282009106618650094e+03	2.375291893330299942e-01	1.532666560495029306e-01	2.636641002365450737e-01	1.579365450821073880e-01	7.560431277122664495e-02	3.197542036965080742e-02	8.002377615760480900e-02
1.284427991725477568e+03	2.372259370433312531e-01	1.530648146600306903e-01	2.638755908631977287e-01	1.580607574523819892e-01	7.565697807886943849e-02	3.201299346722107086e-02	8.010292843463547030e-02
1.286846876832305497e+03	2.369235416171507069e-01	1.528635390100141767e-01	2.640864868591566439e-01	1.581846119524602245e-01	7.570949087239781106e-02	3.205046835687344609e-02	8.018186133161460394e-02
1.289265761939132744e+03	2.366220006222979899e-01	1.526628275127566992e-01	2.642967898926634196e-01	1.583081097319577191e-01	7.576185165516302611e-02	3.208784517696250393e-02	8.026057540786632472e-02
1.291684647045960673e+03	2.363213116336979891e-01	1.524626785860119516e-01	2.645065016272782898e-01	1.584312519348502757e-01	7.581406092786389939e-02	3.212512406801722870e-02	8.033907122194806905e-02
1.294103532152788375e+03	2.360214722333665582e-01	1.522630906519715499e-01	2.647156237218935004e-01	1.585540396995279988e-01	7.586611918857309733e-02	3.216230517268476446e-02	8.041734933165027577e-02
1.296522417259616077e+03	2.357224800103862317e-01	1.520640621372525425e-01	2.649241578307461875e-01	1.586764741588488903e-01	7.591802693276310243e-02	3.219938863567543830e-02	8.049541029399537306e-02
1.298941302366443551e+03	2.354243325608821324e-01	1.518655914728850587e-01	2.651321056034316448e-01	1.587985564401916128e-01	7.596978465333184549e-02	3.223637460370900459e-02	8.057325466523644619e-02
1.301360187473271253e+03	2.351270274879979916e-01	1.516676770942999020e-01	2.653394686849163686e-01	1.589202876655078089e-01	7.602139284062819913e-02	3.227326322546206216e-02	8.065088300085536399e-02
1.303779072580098727e+03	2.348305624018723614e-01	1.514703174413161990e-01	2.655462487155508811e-01	1.590416689513738935e-01	7.607285198247712432e-02	3.231005465151668560e-02	8.072829585556054455e-02
1.306197957686926657e+03	2.345349349196149125e-01	1.512735109581290482e-01	2.657524473310828861e-01	1.591627014090418457e-01	7.612416256420455329e-02	3.234674903431013215e-02	8.080549378328430454e-02
1.308616842793753904e+03	2.342401426652827856e-01	1.510772560932972797e-01	2.659580661626700926e-01	1.592833861444897525e-01	7.617532506866206421e-02	3.238334652808570746e-02	8.088247733717991717e-02
1.311035727900581833e+03	2.339461832698572497e-01	1.508815512997312980e-01	2.661631068368932040e-01	1.594037242584716296e-01	7.622633997625125057e-02	3.241984728884467898e-02	8.095924706961832307e-02
1.313454613007409534e+03	2.336530543712202757e-01	1.506863950346807590e-01	2.663675709757686305e-01	1.595237168465664934e-01	7.627720776494779920e-02	3.245625147429923724e-02	8.103580353218452215e-02
1.315873498114237009e+03	2.333607536141314720e-01	1.504917857597224129e-01	2.665714601967613118e-01	1.596433649992270165e-01	7.632792891032533222e-02	3.249255924382651178e-02	8.111214727567367389e-02
1.318292383221064711e+03	2.330692786502049363e-01	1.502977219407480303e-01	2.667747761127977624e-01	1.597626698018274893e-01	7.637850388557890224e-02	3.252877075842353777e-02	8.118827885008711442e-02
1.320711268327892412e+03	2.327786271378863570e-01	1.501042020479522177e-01	2.669775203322785062e-01	1.598816323347111157e-01	7.642893316154837635e-02	3.256488618066325641e-02	8.126419880462791567e-02
1.323130153434719887e+03	2.324887967424301149e-01	1.499112245558204271e-01	2.671796944590911771e-01	1.600002536732368641e-01	7.647921720674137613e-02	3.260090567465140365e-02	8.133990768769640278e-02
1.325549038541547588e+03	2.321997851358767184e-01	1.497187879431168822e-01	2.673813000926226202e-01	1.601185348878256254e-01	7.652935648735605112e-02	3.263682940598438414e-02	8.141540604688549121e-02
1.327967923648375290e+03	2.319115899970301264e-01	1.495268906928725328e-01	2.675823388277720483e-01	1.602364770440057318e-01	7.657935146730354692e-02	3.267265754170799869e-02	8.149069442897578786e-02
1.330386808755202765e+03	2.316242090114353502e-01	1.493355312923732026e-01	2.677828122549633649e-01	1.603540812024580320e-01	7.662920260823018193e-02	3.270839025027706681e-02	8.156577337993058119e-02
1.332805693862030694e+03	2.313376398713560822e-01	1.491447082331475438e-01	2.679827219601578769e-01	1.604713484190602446e-01	7.667891036953938810e-02	3.274402770151596531e-02	8.164064344489066483e-02
1.335224578968857941e+03	2.310518802757524359e-01	1.489544200109552130e-01	2.681820695248668396e-01	1.605882797449307564e-01	7.672847520841340196e-02	3.277957006657991612e-02	8.171530516816920275e-02
1.337643464075685870e+03	2.307669279302590193e-01	1.487646651257748809e-01	2.683808565261637802e-01	1.607048762264720876e-01	7.677789757983462249e-02	3.281501751791716243e-02	8.178975909324623372e-02
1.340062349182513572e+03	2.304827805471627022e-01	1.485754420817925470e-01	2.685790845366970991e-01	1.608211389054133300e-01	7.682717793660674699e-02	3.285037022923192884e-02	8.186400576276336993e-02
1.342481234289341273e+03	2.301994358453809397e-01	1.483867493873896326e-01	2.687767551247025599e-01	1.609370688188525300e-01	7.687631672937564331e-02	3.288562837544814488e-02	8.193804571851823204e-02
1.344900119396168748e+03	2.299168915504399002e-01	1.481985855551312958e-01	2.689738698540155570e-01	1.610526669992980442e-01	7.692531440664994447e-02	3.292079213267398718e-02	8.201187950145889805e-02
1.347319004502996449e+03	2.296351453944528997e-01	1.480109491017546353e-01	2.691704302840835505e-01	1.611679344747097842e-01	7.697417141482136571e-02	3.295586167816708101e-02	8.208550765167833829e-02
1.349737889609823924e+03	2.293541951160987802e-01	1.478238385481570050e-01	2.693664379699782230e-01	1.612828722685396010e-01	7.702288819818485510e-02	3.299083719030049960e-02	8.215893070840871171e-02
1.352156774716651853e+03	2.290740384606005375e-01	1.476372524193843572e-01	2.695618944624080804e-01	1.613974813997711699e-01	7.707146519895832770e-02	3.302571884852947143e-02	8.223214921001575917e-02
1.354575659823479100e+03	2.287946731797040056e-01	1.474511892446195571e-01	2.697568013077303872e-01	1.615117628829596530e-01	7.711990285730227490e-02	3.306050683335878121e-02	8.230516369399309973e-02
1.356994544930307029e+03	2.285160970316565954e-01	1.472656475571708368e-01	2.699511600479636009e-01	1.616257177282703350e-01	7.716820161133906841e-02	3.309520132631078859e-02	8.237797469695655461e-02
1.359413430037134731e+03	2.282383077811862837e-01	1.470806258944602207e-01	2.701449722207994175e-01	1.617393469415172036e-01	7.721636189717200061e-02	3.312980250989422393e-02	8.245058275463842956e-02
1.361832315143962205e+03	2.279613031994804917e-01	1.468961227980119244e-01	2.703382393596151512e-01	1.618526515242006414e-01	7.726438414890413053e-02	3.316431056757352530e-02	8.252298840188192208e-02
1.364251200250789907e+03	2.276850810641653511e-01	1.467121368134409465e-01	2.705309629934854465e-01	1.619656324735449793e-01	7.731226879865681079e-02	3.319872568373892496e-02	8.259519217263534829e-02
1.366670085357617609e+03	2.274096391592847766e-01	1.465286664904414948e-01	2.707231446471947689e-01	1.620782907825351060e-01	7.736001627658802005e-02	3.323304804367702842e-02	8.266719459994661956e-02
1.369088970464445310e+03	2.271349752752797879e-01	1.463457103827756067e-01	2.709147858412492837e-01	1.621906274399530501e-01	7.740762701091045972e-02	3.326727783354209433e-02	8.273899621595753873e-02
1.371507855571272785e+03	2.268610872089680541e-01	1.461632670482617136e-01	2.711058880918887914e-01	1.623026434304136734e-01	7.745510142790933139e-02	3.330141524032791123e-02	8.281059755189831839e-02
1.373926740678100487e+03	2.265879727635233265e-01	1.459813350487632888e-01	2.712964529110988288e-01	1.624143397344001982e-01	7.750243995196000324e-02	3.333546045184017370e-02	8.288199913808200203e-02
1.376345625784927961e+03	2.263156297484550106e-01	1.457999129501773850e-01	2.714864818066226593e-01	1.625257173282990131e-01	7.754964300554526013e-02	3.336941365666952486e-02	8.295320150389899616e-02
1.378764510891755890e+03	2.260440559795880155e-01	1.456189993224235868e-01	2.716759762819729307e-01	1.626367771844340893e-01	7.759671100927256759e-02	3.340327504416508442e-02	8.302420517781161635e-02
1.381183395998583137e+03	2.257732492790423817e-01	1.454385927394324374e-01	2.718649378364437763e-01	1.627475202711010926e-01	7.764364438189087780e-02	3.343704480440858051e-02	8.309501068734875817e-02
1.383602281105411066e+03	2.255032074752133520e-01	1.452586917791343080e-01	2.720533679651226944e-01	1.628579475526006903e-01	7.769044354030735233e-02	3.347072312818893253e-02	8.316561855910055423e-02
1.386021166212238768e+03	2.252339284027513600e-01	1.450792950234482126e-01	2.722412681589022609e-01	1.629680599892717463e-01	7.773710889960372405e-02	3.350431020697747231e-02	8.323602931871308674e-02
1.388440051319066470e+03	2.249654099025420739e-01	1.449004010582706226e-01	2.724286399044917872e-01	1.630778585375239065e-01	7.778364087305261743e-02	3.353780623290354701e-02	8.330624349088328051e-02
1.390858936425893944e+03	2.246976498216866625e-01	1.447220084734641699e-01	2.726154846844293100e-01	1.631873441498696842e-01	7.783003987213349406e-02	3.357121139873071175e-02	8.337626159935372649e-02
1.393277821532721646e+03	2.244306460134820325e-01	1.445441158628467393e-01	2.728018039770932490e-01	1.632965177749563235e-01	7.787630630654844566e-02	3.360452589783338717e-02	8.344608416690761643e-02
1.395696706639549120e+03	2.241643963374011783e-01	1.443667218241801720e-01	2.729875992567138976e-01	1.634053803575969133e-01	7.792244058423777875e-02	3.363774992417398885e-02	8.351571171536384397e-02
1.398115591746377049e+03	2.238988986590737806e-01	1.441898249591593018e-01	2.731728719933853022e-01	1.635139328388014179e-01	7.796844311139534967e-02	3.367088367228052159e-02	8.358514476557205031e-02
1.400534476853204296e+03	2.236341508502667497e-01	1.440134238734009642e-01	2.733576236530767534e-01	1.636221761558070975e-01	7.801431429248370519e-02	3.370392733722462481e-02	8.365438383740783634e-02
1.402953361960032225e+03	2.233701507888647686e-01	1.438375171764329219e-01	2.735418556976443316e-01	1.637301112421084559e-01	7.806005453024908447e-02	3.373688111460012434e-02	8.372342944976801649e-02
1.405372247066859927e+03	2.231068963588512255e-01	1.436621034816828457e-01	2.737255695848426207e-01	1.638377390274870227e-01	7.810566422573607392e-02	3.376974520050192441e-02	8.379228212056599734e-02
1.407791132173687402e+03	2.228443854502888122e-01	1.434871814064675732e-01	2.739087667683360872e-01	1.639450604380404686e-01	7.815114377830219283e-02	3.380251979150542679e-02	8.386094236672719804e-02
1.410210017280515103e+03	2.225826159593007059e-01	1.433127495719819511e-01	2.740914486977104603e-01	1.640520763962115269e-01	7.819649358563224295e-02	3.383520508464632481e-02	8.392941070418453997e-02
1.412628902387342805e+03	2.223215857880514179e-01	1.431388066032881490e-01	2.742736168184845003e-01	1.641587878208163875e-01	7.824171404375242223e-02	3.386780127740079971e-02	8.399768764787410302e-02
1.415047787494170507e+03	2.220612928447279200e-01	1.429653511293047241e-01	2.744552725721211561e-01	1.642651956270728131e-01	7.828680554704425809e-02	3.390030856766615419e-02	8.406577371173076796e-02
1.417466672600997981e+03	2.218017350435209367e-01	1.427923817827958242e-01	2.746364173960389454e-01	1.643713007266277837e-01	7.833176848825840199e-02	3.393272715374182763e-02	8.413366940868406696e-02
1.419885557707825683e+03	2.215429103046060166e-01	1.426198972003603627e-01	2.748170527236235006e-01	1.644771040275848917e-01	7.837660325852818799e-02	3.396505723431078594e-02	8.420137525065400641e-02
1.422304442814653157e+03	2.212848165541250189e-01	1.424478960224213608e-01	2.749971799842387821e-01	1.645826064345311535e-01	7.842131024738299705e-02	3.399729900842132779e-02	8.426889174854707010e-02
1.424723327921481086e+03	2.210274517241676007e-01	1.422763768932151229e-01	2.751768006032383473e-01	1.646878088485637104e-01	7.846588984276148260e-02	3.402945267546919617e-02	8.433621941225223628e-02
1.427142213028308333e+03	2.207708137527525372e-01	1.421053384607805503e-01	2.753559160019765639e-01	1.647927121673161133e-01	7.851034243102451848e-02	3.406151843518015476e-02	8.440335875063713356e-02
1.429561098135136262e+03	2.205149005838095977e-01	1.419347793769485389e-01	2.755345275978200448e-01	1.648973172849840241e-01	7.855466839696817472e-02	3.409349648759282814e-02	8.447031027154433547e-02
1.431979983241963964e+03	2.202597101671609492e-01	1.417646982973312930e-01	2.757126368041586395e-01	1.650016250923508621e-01	7.859886812383627686e-02	3.412538703304193732e-02	8.453707448178757189e-02
1.434398868348791666e+03	2.200052404585030874e-01	1.415950938813116955e-01	2.758902450304165921e-01	1.651056364768130336e-01	7.864294199333289603e-02	3.415719027214189629e-02	8.460365188714828732e-02
1.436817753455619140e+03	2.197514894193887403e-01	1.414259647920328156e-01	2.760673536820638097e-01	1.652093523224046900e-01	7.868689038563474181e-02	3.418890640577067902e-02	8.467004299237204656e-02
1.439236638562446842e+03	2.194984550172084659e-01	1.412573096963872787e-01	2.762439641606268537e-01	1.653127735098222917e-01	7.873071367940326359e-02	3.422053563505410984e-02	8.473624830116521789e-02
1.441655523669274316e+03	2.192461352251730278e-01	1.410891272650068029e-01	2.764200778637001532e-01	1.654159009164488658e-01	7.877441225179662720e-02	3.425207816135037581e-02	8.480226831619160077e-02
1.444074408776102018e+03	2.189945280222952706e-01	1.409214161722516789e-01	2.765956961849568851e-01	1.655187354163778490e-01	7.881798647848160810e-02	3.428353418623493465e-02	8.486810353906927562e-02
1.446493293882929493e+03	2.187436313933723286e-01	1.407541750962003069e-01	2.767708205141600208e-01	1.656212778804366237e-01	7.886143673364516549e-02	3.431490391148570018e-02	8.493375447036741188e-02
1.448912178989757422e+03	2.184934433289678346e-01	1.405874027186388153e-01	2.769454522371731509e-01	1.657235291762098328e-01	7.890476339000601635e-02	3.434618753906854005e-02	8.499922160960332596e-02
1.451331064096585123e+03	2.182439618253942115e-01	1.404210977250505976e-01	2.771195927359719202e-01	1.658254901680622506e-01	7.894796681882595979e-02	3.437738527112306486e-02	8.506450545523946971e-02
1.453749949203412370e+03	2.179951848846951312e-01	1.402552588046060145e-01	2.772932433886545756e-01	1.659271617171614588e-01	7.899104738992107633e-02	3.440849730994870875e-02	8.512960650468059942e-02
1.456168834310240300e+03	2.177471105146278063e-01	1.400898846501519301e-01	2.774664055694526787e-01	1.660285446815003008e-01	7.903400547167276080e-02	3.443952385799111532e-02	8.519452525427100020e-02
1.458587719417068001e+03	2.174997367286457262e-01	1.399249739582016094e-01	2.776390806487422647e-01	1.661296399159188086e-01	7.907684143103861640e-02	3.447046511782878714e-02	8.525926219929184924e-02
1.461006604523895703e+03	2.172530615458810599e-01	1.397605254289241428e-01	2.778112699930546103e-01	1.662304482721259358e-01	7.911955563356323773e-02	3.450132129215999904e-02	8.532381783395857899e-02
1.463425489630723177e+03	2.170070829911275034e-01	1.395965377661345097e-01	2.779829749650870596e-01	1.663309705987212617e-01	7.916214844338878565e-02	3.453209258379002361e-02	8.538819265141842085e-02
1.465844374737550879e+03	2.167617990948228768e-01	1.394330096772830319e-01	2.781541969237136813e-01	1.664312077412159752e-01	7.920462022326542340e-02	3.456277919561857870e-02	8.545238714374794875e-02
1.468263259844378354e+03	2.165172078930320265e-01	1.392699398734455196e-01	2.783249372239959829e-01	1.665311605420539409e-01	7.924697133456166942e-02	3.459338133062756643e-02	8.551640180195077545e-02
1.470682144951206283e+03	2.162733074274297007e-01	1.391073270693127806e-01	2.784951972171937906e-01	1.666308298406322941e-01	7.928920213727461141e-02	3.462389919186904114e-02	8.558023711595530436e-02
1.473101030058033530e+03	2.160300957452834514e-01	1.389451699831806553e-01	2.786649782507755746e-01	1.667302164733218683e-01	7.933131299003987058e-02	3.465433298245344795e-02	8.564389357461257846e-02
1.475519915164861459e+03	2.157875708994368147e-01	1.387834673369399419e-01	2.788342816684295511e-01	1.668293212734873465e-01	7.937330425014155200e-02	3.468468290553809036e-02	8.570737166569418475e-02
1.477938800271689161e+03	2.155457309482921302e-01	1.386222178560661822e-01	2.790031088100738965e-01	1.669281450715070780e-01	7.941517627352205622e-02	3.471494916431585448e-02	8.577067187589028363e-02
1.480357685378516862e+03	2.153045739557939986e-01	1.384614202696096419e-01	2.791714610118676276e-01	1.670266886947927298e-01	7.945692941479169658e-02	3.474513196200414850e-02	8.583379469080763824e-02
1.482776570485344337e+03	2.150640979914123230e-01	1.383010733101853740e-01	2.793393396062208156e-01	1.671249529678087709e-01	7.949856402723820548e-02	3.477523150183410572e-02	8.589674059496783809e-02
