1.001418434226643626e+03	2.792188546582689557e-01	1.809985217248470946e-01	2.346088688608627681e-01	1.407416645081529250e-01	6.830384677897044510e-02	2.694140474701839025e-02	6.918683872155181880e-02
1.002869765290740247e+03	2.789658364568656235e-01	1.808308492479521745e-01	2.347848881394801468e-01	1.408470510992602676e-01	6.834867545588146909e-02	2.697032843519714743e-02	6.925237116503549228e-02
1.004321096354836754e+03	2.787132493001650002e-01	1.806634587419487792e-01	2.349606106836237829e-01	1.409522419310973440e-01	6.839342046735903680e-02	2.699923309279835329e-02	6.931778578268002478e-02
1.005772427418933376e+03	2.784610924405841459e-01	1.804963497324190425e-01	2.351360369928046368e-01	1.410572373977156124e-01	6.843808194948840240e-02	2.702811831055335415e-02	6.938308317610718257e-02
1.007223758483029997e+03	2.782093651318223726e-01	1.803295217457433208e-01	2.353111675656920643e-01	1.411620378953521715e-01	6.848266004071858204e-02	2.705698368807868404e-02	6.944826393226515016e-02
1.008675089547126618e+03	2.779580666288636870e-01	1.801629743090990277e-01	2.354860029001154265e-01	1.412666438222949794e-01	6.852715488175868674e-02	2.708582883367437188e-02	6.951332862386619404e-02
1.010126420611223239e+03	2.777071961879790662e-01	1.799967069504591066e-01	2.356605434930651999e-01	1.413710555787525414e-01	6.857156661547754439e-02	2.711465336412741470e-02	6.957827780981147570e-02
1.011577751675319632e+03	2.774567530667284565e-01	1.798307191985908382e-01	2.358347898406946974e-01	1.414752735667280936e-01	6.861589538680647193e-02	2.714345690452026061e-02	6.964311203560351327e-02
1.013029082739416367e+03	2.772067365239626602e-01	1.796650105830543409e-01	2.360087424383213728e-01	1.415792981898978120e-01	6.866014134264519786e-02	2.717223908804419774e-02	6.970783183374663905e-02
1.014480413803512761e+03	2.769571458198253344e-01	1.794995806342014055e-01	2.361824017804281806e-01	1.416831298534934891e-01	6.870430463177068514e-02	2.720099955581746498e-02	6.977243772413571632e-02
1.015931744867609382e+03	2.767079802157539348e-01	1.793344288831741073e-01	2.363557683606649362e-01	1.417867689641889029e-01	6.874838540474886850e-02	2.722973795670802569e-02	6.983693021443349025e-02
1.017383075931706003e+03	2.764592389744818246e-01	1.791695548619033629e-01	2.365288426718499537e-01	1.418902159299901267e-01	6.879238381384926437e-02	2.725845394716078923e-02	6.990130980043697539e-02
1.018834406995802851e+03	2.762109213600389412e-01	1.790049581031077641e-01	2.367016252059712111e-01	1.419934711601298083e-01	6.883630001296227319e-02	2.728714719102924915e-02	6.996557696643303237e-02
1.020285738059899245e+03	2.759630266377533503e-01	1.788406381402921907e-01	2.368741164541878219e-01	1.420965350649648073e-01	6.888013415751906288e-02	2.731581735941135750e-02	7.002973218554366108e-02
1.021737069123995752e+03	2.757155540742519118e-01	1.786765945077463946e-01	2.370463169068314502e-01	1.421994080558776075e-01	6.892388640441422798e-02	2.734446413048953820e-02	7.009377592006110769e-02
1.023188400188092373e+03	2.754685029374611127e-01	1.785128267405438895e-01	2.372182270534076987e-01	1.423020905451808926e-01	6.896755691193073856e-02	2.737308718937473892e-02	7.015770862177315992e-02
1.024639731252188767e+03	2.752218724966077890e-01	1.783493343745404525e-01	2.373898473825975242e-01	1.424045829460255930e-01	6.901114583966747040e-02	2.740168622795438602e-02	7.022153073227895004e-02
1.026091062316285615e+03	2.749756620222197911e-01	1.781861169463728189e-01	2.375611783822585976e-01	1.425068856723122890e-01	6.905465334846902503e-02	2.743026094474416976e-02	7.028524268329547353e-02
1.027542393380382237e+03	2.747298707861261513e-01	1.780231739934574620e-01	2.377322205394266919e-01	1.426089991386053635e-01	6.909807960035783958e-02	2.745881104474352449e-02	7.034884489695515664e-02
1.028993724444478858e+03	2.744844980614573604e-01	1.778605050539892041e-01	2.379029743403171526e-01	1.427109237600505121e-01	6.914142475846857261e-02	2.748733623929472403e-02	7.041233778609465310e-02
1.030445055508575479e+03	2.742395431226459790e-01	1.776981096669399407e-01	2.380734402703260921e-01	1.428126599522949458e-01	6.918468898698454383e-02	2.751583624594549499e-02	7.047572175453520327e-02
1.031896386572671872e+03	2.739950052454261931e-01	1.775359873720573078e-01	2.382436188140319711e-01	1.429142081314105361e-01	6.922787245107642207e-02	2.754431078831504065e-02	7.053899719735469420e-02
1.033347717636768493e+03	2.737508837068340362e-01	1.773741377098634331e-01	2.384135104551968476e-01	1.430155687138198184e-01	6.927097531684278664e-02	2.757275959596339199e-02	7.060216450115185116e-02
1.034799048700865114e+03	2.735071777852071118e-01	1.772125602216535478e-01	2.385831156767678207e-01	1.431167421162243825e-01	6.931399775125275664e-02	2.760118240426399569e-02	7.066522404430247706e-02
1.036250379764961508e+03	2.732638867601844268e-01	1.770512544494947937e-01	2.387524349608784457e-01	1.432177287555361223e-01	6.935693992209052139e-02	2.762957895427943511e-02	7.072817619720832283e-02
1.037701710829058356e+03	2.730210099127060031e-01	1.768902199362247796e-01	2.389214687888499833e-01	1.433185290488107888e-01	6.939980199790168891e-02	2.765794899264025289e-02	7.079102132253861646e-02
1.039153041893154750e+03	2.727785465250123220e-01	1.767294562254504153e-01	2.390902176411928981e-01	1.434191434131840415e-01	6.944258414794146628e-02	2.768629227142671567e-02	7.085375977546430615e-02
1.040604372957251599e+03	2.725364958806439919e-01	1.765689628615465245e-01	2.392586819976080525e-01	1.435195722658098305e-01	6.948528654212460243e-02	2.771460854805350704e-02	7.091639190388565606e-02
1.042055704021347992e+03	2.722948572644409149e-01	1.764087393896546507e-01	2.394268623369883164e-01	1.436198160238012222e-01	6.952790935097695468e-02	2.774289758515723070e-02	7.097891804865291698e-02
1.043507035085444613e+03	2.720536299625415655e-01	1.762487853556816697e-01	2.395947591374197605e-01	1.437198751041731115e-01	6.957045274558879000e-02	2.777115915048667533e-02	7.104133854378062718e-02
1.044958366149541234e+03	2.718128132623824356e-01	1.760891003062985405e-01	2.397623728761830442e-01	1.438197499237872934e-01	6.961291689756964052e-02	2.779939301679573704e-02	7.110365371665547385e-02
1.046409697213637855e+03	2.715724064526969239e-01	1.759296837889390563e-01	2.399297040297548034e-01	1.439194408992996443e-01	6.965530197900467180e-02	2.782759896173896824e-02	7.116586388823818721e-02
1.047861028277734476e+03	2.713324088235142817e-01	1.757705353517984570e-01	2.400967530738089828e-01	1.440189484471090520e-01	6.969760816241257761e-02	2.785577676776964176e-02	7.122796937325920341e-02
1.049312359341831097e+03	2.710928196661588907e-01	1.756116545438322907e-01	2.402635204832183069e-01	1.441182729833086207e-01	6.973983562070500131e-02	2.788392622204029225e-02	7.128997048040880413e-02
1.050763690405927491e+03	2.708536382732489867e-01	1.754530409147549985e-01	2.404300067320553624e-01	1.442174149236384872e-01	6.978198452714722000e-02	2.791204711630565841e-02	7.135186751252145521e-02
1.052215021470024112e+03	2.706148639386954380e-01	1.752946940150387489e-01	2.405962122935942638e-01	1.443163746834406624e-01	6.982405505532032763e-02	2.794013924682795316e-02	7.141366076675481622e-02
1.053666352534120733e+03	2.703764959577005245e-01	1.751366133959121052e-01	2.407621376403117908e-01	1.444151526776153993e-01	6.986604737908468088e-02	2.796820241428444112e-02	7.147535053476326838e-02
1.055117683598217127e+03	2.701385336267567161e-01	1.749787986093586933e-01	2.409277832438888045e-01	1.445137493205796153e-01	6.990796167254464955e-02	2.799623642367718088e-02	7.153693710286650187e-02
1.056569014662313975e+03	2.699009762436451743e-01	1.748212492081160918e-01	2.410931495752116349e-01	1.446121650262267022e-01	6.994979811001460213e-02	2.802424108424497046e-02	7.159842075221294067e-02
1.058020345726410369e+03	2.696638231074345859e-01	1.746639647456743882e-01	2.412582371043733298e-01	1.447104002078878904e-01	6.999155686598614035e-02	2.805221620937736748e-02	7.165980175893837956e-02
1.059471676790506763e+03	2.694270735184793875e-01	1.745069447762750692e-01	2.414230463006750704e-01	1.448084552782955281e-01	7.003323811509641617e-02	2.808016161653076673e-02	7.172108039431990267e-02
1.060923007854603611e+03	2.691907267784182656e-01	1.743501888549096046e-01	2.415875776326275037e-01	1.449063306495474157e-01	7.007484203209769780e-02	2.810807712714645176e-02	7.178225692492522236e-02
1.062374338918700232e+03	2.689547821901727698e-01	1.741936965373182544e-01	2.417518315679519914e-01	1.450040267330729993e-01	7.011636879182794879e-02	2.813596256657061034e-02	7.184333161275756330e-02
1.063825669982796853e+03	2.687192390579455359e-01	1.740374673799888749e-01	2.419158085735819974e-01	1.451015439396006745e-01	7.015781856918257287e-02	2.816381776397620940e-02	7.190430471539620283e-02
1.065277001046893474e+03	2.684840966872186208e-01	1.738815009401555867e-01	2.420795091156645318e-01	1.451988826791266174e-01	7.019919153908703302e-02	2.819164255228672963e-02	7.196517648613290352e-02
1.066728332110990095e+03	2.682493543847517259e-01	1.737257967757974697e-01	2.422429336595613159e-01	1.452960433608849744e-01	7.024048787647066416e-02	2.821943676810166959e-02	7.202594717410418235e-02
1.068179663175086489e+03	2.680150114585804766e-01	1.735703544456374814e-01	2.424060826698501425e-01	1.453930263933191080e-01	7.028170775624130451e-02	2.824720025162381909e-02	7.208661702441966634e-02
1.069630994239183110e+03	2.677810672180145901e-01	1.734151735091409574e-01	2.425689566103262640e-01	1.454898321840543962e-01	7.032285135326098169e-02	2.827493284658819453e-02	7.214718627828663189e-02
1.071082325303279504e+03	2.675475209736359328e-01	1.732602535265146126e-01	2.427315559440036685e-01	1.455864611398718922e-01	7.036391884232240379e-02	2.830263440019266385e-02	7.220765517313076920e-02
1.072533656367376352e+03	2.673143720372967991e-01	1.731055940587051256e-01	2.428938811331164405e-01	1.456829136666835667e-01	7.040491039812646346e-02	2.833030476303016396e-02	7.226802394271339414e-02
1.073984987431472746e+03	2.670816197221178023e-01	1.729511946673979450e-01	2.430559326391200092e-01	1.457791901695081882e-01	7.044582619526049139e-02	2.835794378902246199e-02	7.232829281724506565e-02
1.075436318495569594e+03	2.668492633424859872e-01	1.727970549150160406e-01	2.432177109226924538e-01	1.458752910524487023e-01	7.048666640817739804e-02	2.838555133535550223e-02	7.238846202349587255e-02
1.076887649559666215e+03	2.666173022140527760e-01	1.726431743647187100e-01	2.433792164437359462e-01	1.459712167186704712e-01	7.052743121117555081e-02	2.841312726241617542e-02	7.244853178490236190e-02
1.078338980623762609e+03	2.663857356537317478e-01	1.724895525804002738e-01	2.435404496613780001e-01	1.460669675703805126e-01	7.056812077837956720e-02	2.844067143373059381e-02	7.250850232167126153e-02
1.079790311687859230e+03	2.661545629796971957e-01	1.723361891266888823e-01	2.437014110339726924e-01	1.461625440088077932e-01	7.060873528372171859e-02	2.846818371590372279e-02	7.256837385088003856e-02
1.081241642751955851e+03	2.659237835113811288e-01	1.721830835689452111e-01	2.438621010191019955e-01	1.462579464341844659e-01	7.064927490092416662e-02	2.849566397856044195e-02	7.262814658657458511e-02
1.082692973816052472e+03	2.656933965694718291e-01	1.720302354732613503e-01	2.440225200735772759e-01	1.463531752457280510e-01	7.068973980348183805e-02	2.852311209428790018e-02	7.268782073986372605e-02
1.084144304880149093e+03	2.654634014759114646e-01	1.718776444064594455e-01	2.441826686534402935e-01	1.464482308416244494e-01	7.073013016464600733e-02	2.855052793857921350e-02	7.274739651901104831e-02
1.085595635944245487e+03	2.652337975538938131e-01	1.717253099360905588e-01	2.443425472139647558e-01	1.465431136190118444e-01	7.077044615740864242e-02	2.857791138977839804e-02	7.280687412952394078e-02
1.087046967008342108e+03	2.650045841278620418e-01	1.715732316304333926e-01	2.445021562096574841e-01	1.466378239739654643e-01	7.081068795448719477e-02	2.860526232902656923e-02	7.286625377423980310e-02
1.088498298072438729e+03	2.647757605235067646e-01	1.714214090584930406e-01	2.446614960942596617e-01	1.467323623014830658e-01	7.085085572831023581e-02	2.863258064020933816e-02	7.292553565340983979e-02
1.089949629136535123e+03	2.645473260677633776e-01	1.712698417899999048e-01	2.448205673207483335e-01	1.468267289954713617e-01	7.089094965100345425e-02	2.865986620990537692e-02	7.298471996478013424e-02
1.091400960200631971e+03	2.643192800888100602e-01	1.711185293954083086e-01	2.449793703413374601e-01	1.469209244487330868e-01	7.093096989437648603e-02	2.868711892733614988e-02	7.304380690367037743e-02
1.092852291264728365e+03	2.640916219160653888e-01	1.709674714458953582e-01	2.451379056074793894e-01	1.470149490529547298e-01	7.097091662991018846e-02	2.871433868431674807e-02	7.310279666305020962e-02
1.094303622328825213e+03	2.638643508801858939e-01	1.708166675133596935e-01	2.452961735698659662e-01	1.471088031986950984e-01	7.101079002874441382e-02	2.874152537520780273e-02	7.316168943361310573e-02
1.095754953392921607e+03	2.636374663130639506e-01	1.706661171704203506e-01	2.454541746784300593e-01	1.472024872753744940e-01	7.105059026166640757e-02	2.876867889686848118e-02	7.322048540384819282e-02
1.097206284457018228e+03	2.634109675478253365e-01	1.705158199904154293e-01	2.456119093823465882e-01	1.472960016712646647e-01	7.109031749909969222e-02	2.879579914861050624e-02	7.327918476010975013e-02
1.098657615521114849e+03	2.631848539188266778e-01	1.703657755474010105e-01	2.457693781300339664e-01	1.473893467734791463e-01	7.112997191109338146e-02	2.882288603215317491e-02	7.333778768668457182e-02
1.100108946585211470e+03	2.629591247616533956e-01	1.702159834161498242e-01	2.459265813691553226e-01	1.474825229679644634e-01	7.116955366731213262e-02	2.884993945157938305e-02	7.339629436585742850e-02
1.101560277649308091e+03	2.627337794131169302e-01	1.700664431721501391e-01	2.460835195466198055e-01	1.475755306394918309e-01	7.120906293702637668e-02	2.887695931329258003e-02	7.345470497797430831e-02
1.103011608713404712e+03	2.625088172112525209e-01	1.699171543916044858e-01	2.462401931085838047e-01	1.476683701716493546e-01	7.124849988910314513e-02	2.890394552597467734e-02	7.351301970150390941e-02
1.104462939777501106e+03	2.622842374953169298e-01	1.697681166514285467e-01	2.463966025004522831e-01	1.477610419468349257e-01	7.128786469199724363e-02	2.893089800054485933e-02	7.357123871309712015e-02
1.105914270841597499e+03	2.620600396057857218e-01	1.696193295292498515e-01	2.465527481668800258e-01	1.478535463462495037e-01	7.132715751374288371e-02	2.895781665011928213e-02	7.362936218764469520e-02
1.107365601905694348e+03	2.618362228843507666e-01	1.694707926034066392e-01	2.467086305517728895e-01	1.479458837498910939e-01	7.136637852194574472e-02	2.898470138997163298e-02	7.368739029833321075e-02
1.108816932969790741e+03	2.616127866739181851e-01	1.693225054529466922e-01	2.468642500982889953e-01	1.480380545365489464e-01	7.140552788377539650e-02	2.901155213749454648e-02	7.374532321669922952e-02
1.110268264033887590e+03	2.613897303186053511e-01	1.691744676576260320e-01	2.470196072488402561e-01	1.481300590837985875e-01	7.144460576595805523e-02	2.903836881216183274e-02	7.380316111268182822e-02
1.111719595097984211e+03	2.611670531637388382e-01	1.690266787979078644e-01	2.471747024450932917e-01	1.482218977679970462e-01	7.148361233476985266e-02	2.906515133549150351e-02	7.386090415467347348e-02
1.113170926162080832e+03	2.609447545558517545e-01	1.688791384549612473e-01	2.473295361279709559e-01	1.483135709642786071e-01	7.152254775603032744e-02	2.909189963100959272e-02	7.391855250956937129e-02
1.114622257226177226e+03	2.607228338426811343e-01	1.687318462106600914e-01	2.474841087376534188e-01	1.484050790465509806e-01	7.156141219509629114e-02	2.911861362421473351e-02	7.397610634281522046e-02
1.116073588290273847e+03	2.605012903731655505e-01	1.685848016475817168e-01	2.476384207135795268e-01	1.484964223874919442e-01	7.160020581685609675e-02	2.914529324254348103e-02	7.403356581845352280e-02
1.117524919354370468e+03	2.602801234974426725e-01	1.684380043490059098e-01	2.477924724944480239e-01	1.485876013585463173e-01	7.163892878572412914e-02	2.917193841533636395e-02	7.409093109916844999e-02
1.118976250418467089e+03	2.600593325668464906e-01	1.682914538989136177e-01	2.479462645182188008e-01	1.486786163299233798e-01	7.167758126563567034e-02	2.919854907380462980e-02	7.414820234632928109e-02
1.120427581482563710e+03	2.598389169339050397e-01	1.681451498819857837e-01	2.480997972221141157e-01	1.487694676705945684e-01	7.171616342004209776e-02	2.922512515099770156e-02	7.420537972003254934e-02
1.121878912546660331e+03	2.596188759523377909e-01	1.679990918836021807e-01	2.482530710426198994e-01	1.488601557482917004e-01	7.175467541190623522e-02	2.925166658177128995e-02	7.426246337914275963e-02
1.123330243610756725e+03	2.593992089770529308e-01	1.678532794898402736e-01	2.484060864154869763e-01	1.489506809295053913e-01	7.179311740369817563e-02	2.927817330275617191e-02	7.431945348133195406e-02
1.124781574674853118e+03	2.591799153641452524e-01	1.677077122874738868e-01	2.485588437757322300e-01	1.490410435794837507e-01	7.183148955739117325e-02	2.930464525232761783e-02	7.437635018311793134e-02
1.126232905738949967e+03	2.589609944708931022e-01	1.675623898639723164e-01	2.487113435576399634e-01	1.491312440622316882e-01	7.186979203445800768e-02	2.933108237057542936e-02	7.443315363990135602e-02
1.127684236803046360e+03	2.587424456557561037e-01	1.674173118074988587e-01	2.488635861947630923e-01	1.492212827405101361e-01	7.190802499586744501e-02	2.935748459927459142e-02	7.448986400600160485e-02
1.129135567867143209e+03	2.585242682783726598e-01	1.672724777069098390e-01	2.490155721199243111e-01	1.493111599758359109e-01	7.194618860208097655e-02	2.938385188185653127e-02	7.454648143469157218e-02
1.130586898931239830e+03	2.583064616995572882e-01	1.671278871517533626e-01	2.491673017652174249e-01	1.494008761284816300e-01	7.198428301304983512e-02	2.941018416338093966e-02	7.460300607823126817e-02
1.132038229995336451e+03	2.580890252812980679e-01	1.669835397322682324e-01	2.493187755620085710e-01	1.494904315574761000e-01	7.202230838821221948e-02	2.943648139050818527e-02	7.465943808790045932e-02
1.133489561059432845e+03	2.578719583867540299e-01	1.668394350393826164e-01	2.494699939409373290e-01	1.495798266206047333e-01	7.206026488649071304e-02	2.946274351147224954e-02	7.471577761403017104e-02
1.134940892123529466e+03	2.576552603802527153e-01	1.666955726647130764e-01	2.496209573319180808e-01	1.496690616744104363e-01	7.209815266628996633e-02	2.948897047605424093e-02	7.477202480603332979e-02
1.136392223187626087e+03	2.574389306272876210e-01	1.665519522005632913e-01	2.497716661641412317e-01	1.497581370741945250e-01	7.213597188549451811e-02	2.951516223555639834e-02	7.482817981243421179e-02
1.137843554251722708e+03	2.572229684945155359e-01	1.664085732399229745e-01	2.499221208660743765e-01	1.498470531740181966e-01	7.217372270146690805e-02	2.954131874277663578e-02	7.488424278089719777e-02
1.139294885315819101e+03	2.570073733497541535e-01	1.662654353764666526e-01	2.500723218654634650e-01	1.499358103267038056e-01	7.221140527104583096e-02	2.956743995198359010e-02	7.494021385825436199e-02
1.140746216379915950e+03	2.567921445619791854e-01	1.661225382045525834e-01	2.502222695893341897e-01	1.500244088838367240e-01	7.224901975054467962e-02	2.959352581889213366e-02	7.499609319053239520e-02
1.142197547444012343e+03	2.565772815013221408e-01	1.659798813192215061e-01	2.503719644639930686e-01	1.501128491957672006e-01	7.228656629575005987e-02	2.961957630063940389e-02	7.505188092297851443e-02
1.143648878508108737e+03	2.563627835390676069e-01	1.658374643161956152e-01	2.505214069150286660e-01	1.502011316116124706e-01	7.232404506192063876e-02	2.964559135576127352e-02	7.510757720008556793e-02
1.145100209572205586e+03	2.561486500476508610e-01	1.656952867918772832e-01	2.506705973673127863e-01	1.502892564792591701e-01	7.236145620378599264e-02	2.967157094416928570e-02	7.516318216561636290e-02
1.146551540636302207e+03	2.559348804006550404e-01	1.655533483433480613e-01	2.508195362450019172e-01	1.503772241453656677e-01	7.239879987554578844e-02	2.969751502712802624e-02	7.521869596262718838e-02
1.148002871700398828e+03	2.557214739728088104e-01	1.654116485683674032e-01	2.509682239715381735e-01	1.504650349553647570e-01	7.243607623086906200e-02	2.972342356723295734e-02	7.527411873349050542e-02
1.149454202764495449e+03	2.555084301399837554e-01	1.652701870653716099e-01	2.511166609696504626e-01	1.505526892534665984e-01	7.247328542289352415e-02	2.974929652838865721e-02	7.532945061991704050e-02
1.150905533828591842e+03	2.552957482791917698e-01	1.651289634334726364e-01	2.512648476613559834e-01	1.506401873826616333e-01	7.251042760422515832e-02	2.977513387578747603e-02	7.538469176297700469e-02
1.152356864892688463e+03	2.550834277685826712e-01	1.649879772724570093e-01	2.514127844679610591e-01	1.507275296847236934e-01	7.254750292693790126e-02	2.980093557588860478e-02	7.543984230312071604e-02
1.153808195956785084e+03	2.548714679874414801e-01	1.648472281827846331e-01	2.515604718100626913e-01	1.508147165002133305e-01	7.258451154257347659e-02	2.982670159639753960e-02	7.549490238019852806e-02
1.155259527020881706e+03	2.546598683161859777e-01	1.647067157655876801e-01	2.517079101075495040e-01	1.509017481684812867e-01	7.262145360214122825e-02	2.985243190624592424e-02	7.554987213348002273e-02
1.156710858084978327e+03	2.544486281363640967e-01	1.645664396226695081e-01	2.518550997796031865e-01	1.509886250276719633e-01	7.265832925611832860e-02	2.987812647557178819e-02	7.560475170167270387e-02
1.158162189149074720e+03	2.542377468306515897e-01	1.644263993565034665e-01	2.520020412446993818e-01	1.510753474147271680e-01	7.269513865444984790e-02	2.990378527570015238e-02	7.565954122293994111e-02
1.159613520213171569e+03	2.540272237828493096e-01	1.642865945702317587e-01	2.521487349206090745e-01	1.511619156653899732e-01	7.273188194654905958e-02	2.992940827912398197e-02	7.571424083491840040e-02
1.161064851277267962e+03	2.538170583778806555e-01	1.641470248676643873e-01	2.522951812243997560e-01	1.512483301142085179e-01	7.276855928129787043e-02	2.995499545948550335e-02	7.576885067473485003e-02
1.162516182341364356e+03	2.536072500017892972e-01	1.640076898532779603e-01	2.524413805724365911e-01	1.513345910945401163e-01	7.280517080704729249e-02	2.998054679155786120e-02	7.582337087902241146e-02
1.163967513405461204e+03	2.533977980417364551e-01	1.638685891322146093e-01	2.525873333803835830e-01	1.514206989385554480e-01	7.284171667161801200e-02	3.000606225122713286e-02	7.587780158393629681e-02
1.165418844469557826e+03	2.531887018859984573e-01	1.637297223102808785e-01	2.527330400632047946e-01	1.515066539772427223e-01	7.287819702230115271e-02	3.003154181547464108e-02	7.593214292516894948e-02
1.166870175533654447e+03	2.529799609239640201e-01	1.635910889939465596e-01	2.528785010351655149e-01	1.515924565404120350e-01	7.291461200585902525e-02	3.005698546235962068e-02	7.598639503796476846e-02
1.168321506597751068e+03	2.527715745461322494e-01	1.634526887903436088e-01	2.530237167098335349e-01	1.516781069566997542e-01	7.295096176852598757e-02	3.008239317100216623e-02	7.604055805713418048e-02
1.169772837661847461e+03	2.525635421441098094e-01	1.633145213072650370e-01	2.531686875000801473e-01	1.517636055535731832e-01	7.298724645600943028e-02	3.010776492156654049e-02	7.609463211706742058e-02
1.171224168725944082e+03	2.523558631106083139e-01	1.631765861531637996e-01	2.533134138180813122e-01	1.518489526573350012e-01	7.302346621349078970e-02	3.013310069524470849e-02	7.614861735174768831e-02
1.172675499790040703e+03	2.521485368394420501e-01	1.630388829371516579e-01	2.534578960753190446e-01	1.519341485931278990e-01	7.305962118562671359e-02	3.015840047424025658e-02	7.620251389476394299e-02
1.174126830854137097e+03	2.519415627255256473e-01	1.629014112689980420e-01	2.536021346825824696e-01	1.520191936849395187e-01	7.309571151655015753e-02	3.018366424175252319e-02	7.625632187932321338e-02
1.175578161918233945e+03	2.517349401648711904e-01	1.627641707591290510e-01	2.537461300499689876e-01	1.521040882556070339e-01	7.313173734987174490e-02	3.020889198196104880e-02	7.631004143826250474e-02
1.177029492982330339e+03	2.515286685545860546e-01	1.626271610186263150e-01	2.538898825868853848e-01	1.521888326268221736e-01	7.316769882868105757e-02	3.023408368001030688e-02	7.636367270406023422e-02
1.178480824046426733e+03	2.513227472928705186e-01	1.624903816592258021e-01	2.540333927020491100e-01	1.522734271191361066e-01	7.320359609554800973e-02	3.025923932199467772e-02	7.641721580884737464e-02
1.179932155110523581e+03	2.511171757790149339e-01	1.623538322933167632e-01	2.541766608034892738e-01	1.523578720519644658e-01	7.323942929252434675e-02	3.028435889494371369e-02	7.647067088441809879e-02
1.181383486174620202e+03	2.509119534133976148e-01	1.622175125339406776e-01	2.543196872985480916e-01	1.524421677435922606e-01	7.327519856114513008e-02	3.030944238680764388e-02	7.652403806224013227e-02
1.182834817238716823e+03	2.507070795974823962e-01	1.620814219947901147e-01	2.544624725938817722e-01	1.525263145111791230e-01	7.331090404243031933e-02	3.033448978644314245e-02	7.657731747346467610e-02
1.184286148302813444e+03	2.505025537338158581e-01	1.619455602902076241e-01	2.546050170954618497e-01	1.526103126707643864e-01	7.334654587688639593e-02	3.035950108359934674e-02	7.663050924893602400e-02
1.185737479366910065e+03	2.502983752260253270e-01	1.618099270351847363e-01	2.547473212085762384e-01	1.526941625372722489e-01	7.338212420450804241e-02	3.038447626890409745e-02	7.668361351920079116e-02
1.187188810431006686e+03	2.500945434788162114e-01	1.616745218453607413e-01	2.548893853378302876e-01	1.527778644245170181e-01	7.341763916477989094e-02	3.040941533385044249e-02	7.673663041451686539e-02
1.188640141495103080e+03	2.498910578979695596e-01	1.615393443370216897e-01	2.550312098871482802e-01	1.528614186452083579e-01	7.345309089667825808e-02	3.043431827078334206e-02	7.678956006486196972e-02
1.190091472559199701e+03	2.496879178903397833e-01	1.614043941270992544e-01	2.551727952597742100e-01	1.529448255109565336e-01	7.348847953867300442e-02	3.045918507288664437e-02	7.684240259994200295e-02
1.191542803623296322e+03	2.494851228638521878e-01	1.612696708331696205e-01	2.553141418582731692e-01	1.530280853322778800e-01	7.352380522872935253e-02	3.048401573417024168e-02	7.689515814919897774e-02
1.192994134687392716e+03	2.492826722275005846e-01	1.611351740734525417e-01	2.554552500845322927e-01	1.531111984185999919e-01	7.355906810430982989e-02	3.050881024945745201e-02	7.694782684181873667e-02
1.194445465751489564e+03	2.490805653913449325e-01	1.610009034668100636e-01	2.555961203397620896e-01	1.531941650782671638e-01	7.359426830237615624e-02	3.053356861437263661e-02	7.700040880673836297e-02
1.195896796815585958e+03	2.488788017665088392e-01	1.608668586327455796e-01	2.557367530244975540e-01	1.532769856185457746e-01	7.362940595939129751e-02	3.055829082532900143e-02	7.705290417265329983e-02
1.197348127879682352e+03	2.486773807651773138e-01	1.607330391914027212e-01	2.558771485385992195e-01	1.533596603456298391e-01	7.366448121132136706e-02	3.058297687951661362e-02	7.710531306802426155e-02
1.198799458943779200e+03	2.484763018005943791e-01	1.605994447635642197e-01	2.560173072812543249e-01	1.534421895646462530e-01	7.369949419363776288e-02	3.060762677489060890e-02	7.715763562108376994e-02
1.200250790007875821e+03	2.482755642870606572e-01	1.604660749706509348e-01	2.561572296509780355e-01	1.535245735796603173e-01	7.373444504131917987e-02	3.063224051015961749e-02	7.720987195984257978e-02
1.201702121071972442e+03	2.480751676399310657e-01	1.603329294347206613e-01	2.562969160456144979e-01	1.536068126936812883e-01	7.376933388885373311e-02	3.065681808477434961e-02	7.726202221209578502e-02
1.203153452136069063e+03	2.478751112756124031e-01	1.602000077784671850e-01	2.564363668623378945e-01	1.536889072086677632e-01	7.380416087024112282e-02	3.068135949891638570e-02	7.731408650542867522e-02
1.204604783200165684e+03	2.476753946115610450e-01	1.600673096252190897e-01	2.565755824976537203e-01	1.537708574255332583e-01	7.383892611899467440e-02	3.070586475348716093e-02	7.736606496722243931e-02
1.206056114264262078e+03	2.474760170662807235e-01	1.599348345989387854e-01	2.567145633473998934e-01	1.538526636441517048e-01	7.387362976814364213e-02	3.073033385009710933e-02	7.741795772465959180e-02
1.207507445328358699e+03	2.472769780593200017e-01	1.598025823242213983e-01	2.568533098067476983e-01	1.539343261633628612e-01	7.390827195023533247e-02	3.075476679105499517e-02	7.746976490472916310e-02
1.208958776392455093e+03	2.470782770112700533e-01	1.596705524262937159e-01	2.569918222702031740e-01	1.540158452809779477e-01	7.394285279733732452e-02	3.077916357935741101e-02	7.752148663423176489e-02
1.210410107456551941e+03	2.468799133437624138e-01	1.595387445310131325e-01	2.571301011316081686e-01	1.540972212937850583e-01	7.397737244103974596e-02	3.080352421867845608e-02	7.757312303978439183e-02
1.211861438520648335e+03	2.466818864794665667e-01	1.594071582648665386e-01	2.572681467841413938e-01	1.541784544975547955e-01	7.401183101245749352e-02	3.082784871335957425e-02	7.762467424782505676e-02
1.213312769584745183e+03	2.464841958420876944e-01	1.592757932549693223e-01	2.574059596203194245e-01	1.542595451870457102e-01	7.404622864223252277e-02	3.085213706839954120e-02	7.767614038461723158e-02
1.214764100648841804e+03	2.462868408563644029e-01	1.591446491290642584e-01	2.575435400319980306e-01	1.543404936560098806e-01	7.408056546053615188e-02	3.087638928944464248e-02	7.772752157625412162e-02
1.216215431712937971e+03	2.460898209480663623e-01	1.590137255155204821e-01	2.576808884103732322e-01	1.544213001971983246e-01	7.411484159707130981e-02	3.090060538277898325e-02	7.777881794866273180e-02
1.217666762777034819e+03	2.458931355439922251e-01	1.588830220433324891e-01	2.578180051459823541e-01	1.545019651023666896e-01	7.414905718107490940e-02	3.092478535531495779e-02	7.783002962760779408e-02
1.219118093841131440e+03	2.456967840719671003e-01	1.587525383421189984e-01	2.579548906287052468e-01	1.545824886622805816e-01	7.418321234132013720e-02	3.094892921458385765e-02	7.788115673869552835e-02
1.220569424905228061e+03	2.455007659608404724e-01	1.586222740421218969e-01	2.580915452477651195e-01	1.546628711667211442e-01	7.421730720611884047e-02	3.097303696872667073e-02	7.793219940737725060e-02
1.222020755969324682e+03	2.453050806404838413e-01	1.584922287742052960e-01	2.582279693917302055e-01	1.547431129044905262e-01	7.425134190332380313e-02	3.099710862648494616e-02	7.798315775895275914e-02
1.223472087033421303e+03	2.451097275417886412e-01	1.583624021698543383e-01	2.583641634485142613e-01	1.548232141634174330e-01	7.428531656033116048e-02	3.102114419719189178e-02	7.803403191857370691e-02
1.224923418097517697e+03	2.449147060966638256e-01	1.582327938611742812e-01	2.585001278053778440e-01	1.549031752303624554e-01	7.431923130408275846e-02	3.104514369076353392e-02	7.808482201124669619e-02
1.226374749161614318e+03	2.447200157380337027e-01	1.581034034808893596e-01	2.586358628489297540e-01	1.549829963912236763e-01	7.435308626106848506e-02	3.106910711769007155e-02	7.813552816183634564e-02
1.227826080225710712e+03	2.445256558998356866e-01	1.579742306623418413e-01	2.587713689651277016e-01	1.550626779309420833e-01	7.438688155732865737e-02	3.109303448902732067e-02	7.818615049506809356e-02
1.229277411289807560e+03	2.443316260170181609e-01	1.578452750394908899e-01	2.589066465392796390e-01	1.551422201335068973e-01	7.442061731845643624e-02	3.111692581638830779e-02	7.823668913553102899e-02
1.230728742353903954e+03	2.441379255255382574e-01	1.577165362469115928e-01	2.590416959560447041e-01	1.552216232819611241e-01	7.445429366960018558e-02	3.114078111193499879e-02	7.828714420768047300e-02
1.232180073418000802e+03	2.439445538623594700e-01	1.575880139197938790e-01	2.591765175994345527e-01	1.553008876584068831e-01	7.448791073546588704e-02	3.116460038837014918e-02	7.833751583584044886e-02
1.233631404482097196e+03	2.437515104654498221e-01	1.574597076939414919e-01	2.593111118528141357e-01	1.553800135440107921e-01	7.452146864031949924e-02	3.118838365892926540e-02	7.838780414420618015e-02
1.235082735546193817e+03	2.435587947737792580e-01	1.573316172057710183e-01	2.594454790989031423e-01	1.554590012190094350e-01	7.455496750798935868e-02	3.121213093737270489e-02	7.843800925684625558e-02
1.236534066610290438e+03	2.433664062273178386e-01	1.572037420923107498e-01	2.595796197197767774e-01	1.555378509627145245e-01	7.458840746186858051e-02	3.123584223797788023e-02	7.848813129770480790e-02
1.237985397674387059e+03	2.431743442670332989e-01	1.570760819911997397e-01	2.597135340968670381e-01	1.556165630535184530e-01	7.462178862491744558e-02	3.125951757553160210e-02	7.853817039060363714e-02
1.239436728738483680e+03	2.429826083348890498e-01	1.569486365406867479e-01	2.598472226109636019e-01	1.556951377688993721e-01	7.465511111966581514e-02	3.128315696532250889e-02	7.858812665924411189e-02
1.240888059802580301e+03	2.427911978738419019e-01	1.568214053796292418e-01	2.599806856422152146e-01	1.557735753854267158e-01	7.468837506821549010e-02	3.130676042313363522e-02	7.863800022720902894e-02
1.242339390866676695e+03	2.426001123278400118e-01	1.566943881474923139e-01	2.601139235701305230e-01	1.558518761787662799e-01	7.472158059224262572e-02	3.133032796523507052e-02	7.868779121796440346e-02
1.243790721930773088e+03	2.424093511418207170e-01	1.565675844843476827e-01	2.602469367735791850e-01	1.559300404236856341e-01	7.475472781300013247e-02	3.135385960837673569e-02	7.873749975486112052e-02
1.245242052994869937e+03	2.422189137617084265e-01	1.564409940308726932e-01	2.603797256307930907e-01	1.560080683940592017e-01	7.478781685132003532e-02	3.137735536978127071e-02	7.878712596113653099e-02
1.246693384058966330e+03	2.420287996344123727e-01	1.563146164283492900e-01	2.605122905193672511e-01	1.560859603628735603e-01	7.482084782761586061e-02	3.140081526713701943e-02	7.883666995991592263e-02
1.248144715123063179e+03	2.418390082078246128e-01	1.561884513186629908e-01	2.606446318162610187e-01	1.561637166022325496e-01	7.485382086188502315e-02	3.142423931859111147e-02	7.888613187421396333e-02
1.249596046187159800e+03	2.416495389308178365e-01	1.560624983443018587e-01	2.607767498977991427e-01	1.562413373833625718e-01	7.488673607371118535e-02	3.144762754274267602e-02	7.893551182693603341e-02
1.251047377251256421e+03	2.414603912532433949e-01	1.559367571483555037e-01	2.609086451396726569e-01	1.563188229766175052e-01	7.491959358226667198e-02	3.147097995863610415e-02	7.898480994087944684e-02
1.252498708315352815e+03	2.412715646259290247e-01	1.558112273745140830e-01	2.610403179169403232e-01	1.563961736514839773e-01	7.495239350631477393e-02	3.149429658575443602e-02	7.903402633873468641e-02
1.253950039379449436e+03	2.410830585006769056e-01	1.556859086670673020e-01	2.611717686040291864e-01	1.564733896765864163e-01	7.498513596421213512e-02	3.151757744401288003e-02	7.908316114308645839e-02
1.255401370443546057e+03	2.408948723302614947e-01	1.555608006709033320e-01	2.613029975747360734e-01	1.565504713196920750e-01	7.501782107391112564e-02	3.154082255375235955e-02	7.913221447641480277e-02
1.256852701507642678e+03	2.407070055684274179e-01	1.554359030315078660e-01	2.614340052022286476e-01	1.566274188477161100e-01	7.505044895296214547e-02	3.156403193573318472e-02	7.918118646109599534e-02
1.258304032571739299e+03	2.405194576698874709e-01	1.553112153949631202e-01	2.615647918590459087e-01	1.567042325267265224e-01	7.508301971851599754e-02	3.158720561112881436e-02	7.923007721940350523e-02
1.259755363635835920e+03	2.403322280903205654e-01	1.551867374079467787e-01	2.616953579171000244e-01	1.567809126219491533e-01	7.511553348732621926e-02	3.161034360151970812e-02	7.927888687350884145e-02
1.261206694699932314e+03	2.401453162863696478e-01	1.550624687177310224e-01	2.618257037476770521e-01	1.568574593977726528e-01	7.514799037575133067e-02	3.163344592888726881e-02	7.932761554548233007e-02
1.262658025764028707e+03	2.399587217156396168e-01	1.549384089721815849e-01	2.619558297214377163e-01	1.569338731177534196e-01	7.518039049975727695e-02	3.165651261560784718e-02	7.937626335729383587e-02
1.264109356828125556e+03	2.397724438366952981e-01	1.548145578197566430e-01	2.620857362084189068e-01	1.570101540446204591e-01	7.521273397491960722e-02	3.167954368444687863e-02	7.942483043081347005e-02
1.265560687892221949e+03	2.395864821090595009e-01	1.546909149095058444e-01	2.622154235780344567e-01	1.570863024402802954e-01	7.524502091642590318e-02	3.170253915855303362e-02	7.947331688781218706e-02
1.267012018956318798e+03	2.394008359932107977e-01	1.545674798910694203e-01	2.623448921990763627e-01	1.571623185658217736e-01	7.527725143907795791e-02	3.172549906145253479e-02	7.952172284996236740e-02
1.268463350020415419e+03	2.392155049505817477e-01	1.544442524146771023e-01	2.624741424397156742e-01	1.572382026815208333e-01	7.530942565729409344e-02	3.174842341704347398e-02	7.957004843883833112e-02
1.269914681084511813e+03	2.390304884435566768e-01	1.543212321311470403e-01	2.626031746675036582e-01	1.573139550468453940e-01	7.534154368511143673e-02	3.177131224959026112e-02	7.961829377591679580e-02
1.271366012148608434e+03	2.388457859354697621e-01	1.541984186918850253e-01	2.627319892493726883e-01	1.573895759204600453e-01	7.537360563618818177e-02	3.179416558371812168e-02	7.966645898257737612e-02
1.272817343212705055e+03	2.386613968906029781e-01	1.540758117488833789e-01	2.628605865516376316e-01	1.574650655602307103e-01	7.540561162380583771e-02	3.181698344440770515e-02	7.971454418010290310e-02
1.274268674276801676e+03	2.384773207741842371e-01	1.539534109547199270e-01	2.629889669399965157e-01	1.575404242232294749e-01	7.543756176087146326e-02	3.183976585698970740e-02	7.976254948967978486e-02
1.275720005340898297e+03	2.382935570523852520e-01	1.538312159625570552e-01	2.631171307795318048e-01	1.576156521657392229e-01	7.546945615991990097e-02	3.186251284713964571e-02	7.981047503239829810e-02
1.277171336404994690e+03	2.381101051923195933e-01	1.537092264261407659e-01	2.632450784347111772e-01	1.576907496432581601e-01	7.550129493311599771e-02	3.188522444087264762e-02	7.985832092925285175e-02
1.278622667469091539e+03	2.379269646620408019e-01	1.535874419997996509e-01	2.633728102693888573e-01	1.577657169105045054e-01	7.553307819225678343e-02	3.190790066453832313e-02	7.990608730114223679e-02
1.280073998533187932e+03	2.377441349305403628e-01	1.534658623384439480e-01	2.635003266468065597e-01	1.578405542214211255e-01	7.556480604877370555e-02	3.193054154481572704e-02	7.995377426886979277e-02
1.281525329597284326e+03	2.375616154677456515e-01	1.533444870975645413e-01	2.636276279295942659e-01	1.579152618291799481e-01	7.559647861373483546e-02	3.195314710870835601e-02	8.000138195314356049e-02
1.282976660661381175e+03	2.373794057445181849e-01	1.532233159332319072e-01	2.637547144797718346e-01	1.579898399861866254e-01	7.562809599784693637e-02	3.197571738353925663e-02	8.004891047457644848e-02
1.284427991725477568e+03	2.371975052326514843e-01	1.531023485020952812e-01	2.638815866587493342e-01	1.580642889440848631e-01	7.565965831145776699e-02	3.199825239694616824e-02	8.009635995368621919e-02
1.285879322789574417e+03	2.370159134048692717e-01	1.529815844613816311e-01	2.640082448273286531e-01	1.581386089537610284e-01	7.569116566455813544e-02	3.202075217687674891e-02	8.014373051089566935e-02
1.287330653853671038e+03	2.368346297348234430e-01	1.528610234688945746e-01	2.641346893457041656e-01	1.582128002653485077e-01	7.572261816678403645e-02	3.204321675158383620e-02	8.019102226653256060e-02
1.288781984917767431e+03	2.366536536970922366e-01	1.527406651830136020e-01	2.642609205734638422e-01	1.582868631282320637e-01	7.575401592741884405e-02	3.206564614962081894e-02	8.023823534082970277e-02
1.290233315981864052e+03	2.364729847671781515e-01	1.526205092626929660e-01	2.643869388695904155e-01	1.583607977910523046e-01	7.578535905539536544e-02	3.208804039983702977e-02	8.028536985392484282e-02
