1.001418434226643626e+03	2.792212052898049301e-01	1.809947031974103171e-01	2.346053648863815899e-01	1.407228321143729755e-01	6.829465089203234918e-02	2.695941435664554048e-02	6.920182926302434478e-02
1.002869765290740247e+03	2.789683151192651756e-01	1.808268836427601167e-01	2.347812724041373755e-01	1.408280862703577274e-01	6.833940711369315690e-02	2.698856752589006217e-02	6.926746792356838767e-02
1.004321096354836754e+03	2.787158554159002155e-01	1.806593464748731948e-01	2.349568832373151728e-01	1.409331471942981140e-01	6.838408098176064487e-02	2.701769887982497301e-02	6.933298781569965930e-02
1.005772427418933376e+03	2.784638254357497122e-01	1.804920912183609061e-01	2.351321978855917538e-01	1.410380152546752697e-01	6.842867261875185125e-02	2.704680803634187600e-02	6.939838955020059819e-02
1.007223758483029997e+03	2.782122244361052710e-01	1.803251173986350486e-01	2.353072168478016757e-01	1.411426908224183430e-01	6.847318214970432582e-02	2.707589462201802355e-02	6.946367372298935250e-02
1.008675089547126618e+03	2.779610516755130489e-01	1.801584245419063646e-01	2.354819406219388622e-01	1.412471742707655242e-01	6.851760970206943746e-02	2.710495827191356996e-02	6.952884091556520152e-02
1.010126420611223239e+03	2.777103064137764754e-01	1.799920121751833746e-01	2.356563697051579365e-01	1.413514659751300140e-01	6.856195540560910962e-02	2.713399862937410784e-02	6.959389169544097364e-02
1.011577751675319632e+03	2.774599879119587498e-01	1.798258798262708513e-01	2.358305045937756639e-01	1.414555663129700436e-01	6.860621939229570587e-02	2.716301534583833235e-02	6.965882661656264130e-02
1.013029082739416367e+03	2.772100954323847843e-01	1.796600270237686536e-01	2.360043457832723124e-01	1.415594756636636420e-01	6.865040179621523242e-02	2.719200808065075359e-02	6.972364621971666176e-02
1.014480413803512761e+03	2.769606282386433138e-01	1.794944532970701723e-01	2.361778937682932067e-01	1.416631944083875105e-01	6.869450275347345480e-02	2.722097650087922788e-02	6.978835103292518882e-02
1.015931744867609382e+03	2.767115855955889492e-01	1.793291581763611919e-01	2.363511490426499217e-01	1.417667229299998388e-01	6.873852240210510944e-02	2.724992028113723888e-02	6.985294157182983521e-02
1.017383075931706003e+03	2.764629667693436210e-01	1.791641411926184480e-01	2.365241120993218649e-01	1.418700616129275338e-01	6.878246088198591845e-02	2.727883910341077564e-02	6.991741834006391654e-02
1.018834406995802851e+03	2.762147710272982448e-01	1.789994018776083773e-01	2.366967834304576079e-01	1.419732108430567241e-01	6.882631833474750493e-02	2.730773265688967930e-02	6.998178182961393989e-02
1.020285738059899245e+03	2.759669976381140533e-01	1.788349397638856475e-01	2.368691635273762475e-01	1.420761710076275108e-01	6.887009490369501441e-02	2.733660063780333355e-02	7.004603252117025391e-02
1.021737069123995752e+03	2.757196458717238174e-01	1.786707543847920188e-01	2.370412528805689589e-01	1.421789424951319381e-01	6.891379073372728981e-02	2.736544274926060172e-02	7.011017088446744316e-02
1.023188400188092373e+03	2.754727149993329571e-01	1.785068452744548728e-01	2.372130519797001902e-01	1.422815256952157104e-01	6.895740597125976645e-02	2.739425870109386471e-02	7.017419737861467499e-02
1.024639731252188767e+03	2.752262042934205954e-01	1.783432119677859362e-01	2.373845613136091326e-01	1.423839209985832688e-01	6.900094076414978184e-02	2.742304820970704535e-02	7.023811245241626255e-02
1.026091062316285615e+03	2.749801130277401140e-01	1.781798540004800036e-01	2.375557813703112475e-01	1.424861287969060586e-01	6.904439526162434171e-02	2.745181099792755319e-02	7.030191654468280482e-02
1.027542393380382237e+03	2.747344404773199855e-01	1.780167709090135220e-01	2.377267126369993766e-01	1.425881494827341001e-01	6.908776961421014828e-02	2.748054679486199720e-02	7.036561008453305621e-02
1.028993724444478858e+03	2.744891859184642735e-01	1.778539622306433421e-01	2.378973556000454348e-01	1.426899834494105568e-01	6.913106397366605704e-02	2.750925533575555859e-02	7.042919349168698384e-02
1.030445055508575479e+03	2.742443486287531873e-01	1.776914275034054136e-01	2.380677107450015484e-01	1.427916310909893849e-01	6.917427849291765685e-02	2.753793636185498592e-02	7.049266717675002625e-02
1.031896386572671872e+03	2.739999278870433042e-01	1.775291662661134251e-01	2.382377785566016093e-01	1.428930928021557856e-01	6.921741332599398722e-02	2.756658962027502824e-02	7.055603154148908096e-02
1.033347717636768493e+03	2.737559229734676247e-01	1.773671780583575275e-01	2.384075595187625796e-01	1.429943689781496552e-01	6.926046862796640669e-02	2.759521486386827885e-02	7.061928697910017927e-02
1.034799048700865114e+03	2.735123331694359061e-01	1.772054624205030293e-01	2.385770541145858237e-01	1.430954600146914502e-01	6.930344455488940403e-02	2.762381185109830453e-02	7.068243387446833392e-02
1.036250379764961508e+03	2.732691577576345510e-01	1.770440188936890924e-01	2.387462628263585518e-01	1.431963663079109939e-01	6.934634126374347729e-02	2.765238034591597713e-02	7.074547260441965690e-02
1.037701710829058356e+03	2.730263960220263297e-01	1.768828470198273717e-01	2.389151861355552353e-01	1.432970882542786706e-01	6.938915891237977529e-02	2.768092011763892066e-02	7.080840353796595543e-02
1.039153041893154750e+03	2.727840472478504918e-01	1.767219463416008218e-01	2.390838245228389114e-01	1.433976262505391452e-01	6.943189765946672365e-02	2.770943094083399769e-02	7.087122703654218092e-02
1.040604372957251599e+03	2.725421107216221550e-01	1.765613164024622816e-01	2.392521784680624874e-01	1.434979806936475533e-01	6.947455766443835778e-02	2.773791259520273431e-02	7.093394345423671699e-02
1.042055704021347992e+03	2.723005857311319722e-01	1.764009567466332806e-01	2.394202484502702677e-01	1.435981519807078832e-01	6.951713908744440451e-02	2.776636486546961435e-02	7.099655313801486733e-02
1.043507035085444613e+03	2.720594715654456874e-01	1.762408669191026234e-01	2.395880349476992022e-01	1.436981405089137187e-01	6.955964208930211223e-02	2.779478754127317694e-02	7.105905642793569621e-02
1.044958366149541234e+03	2.718187675149036364e-01	1.760810464656252516e-01	2.397555384377803300e-01	1.437979466754911728e-01	6.960206683144960771e-02	2.782318041705979933e-02	7.112145365736247116e-02
1.046409697213637855e+03	2.715784728711198026e-01	1.759214949327208566e-01	2.399227593971400008e-01	1.438975708776437379e-01	6.964441347590093201e-02	2.785154329198016171e-02	7.118374515316680529e-02
1.047861028277734476e+03	2.713385869269813178e-01	1.757622118676725465e-01	2.400896983016014563e-01	1.439970135124995498e-01	6.968668218520254753e-02	2.787987596978825158e-02	7.124593123592666555e-02
1.049312359341831097e+03	2.710991089766475737e-01	1.756031968185257086e-01	2.402563556261859135e-01	1.440962749770603180e-01	6.972887312239139934e-02	2.790817825874287658e-02	7.130801222011858009e-02
1.050763690405927491e+03	2.708600383155493341e-01	1.754444493340865663e-01	2.404227318451141460e-01	1.441953556681523640e-01	6.977098645095435037e-02	2.793644997151160936e-02	7.136998841430408635e-02
1.052215021470024112e+03	2.706213742403875688e-01	1.752859689639210128e-01	2.405888274318077613e-01	1.442942559823793547e-01	6.981302233478905994e-02	2.796469092507710905e-02	7.143186012131058638e-02
1.053666352534120733e+03	2.703831160491328989e-01	1.751277552583533070e-01	2.407546428588904497e-01	1.443929763160770041e-01	6.985498093816625009e-02	2.799290094064572215e-02	7.149362763840681756e-02
1.055117683598217127e+03	2.701452630410240419e-01	1.749698077684647135e-01	2.409201785981895105e-01	1.444915170652694980e-01	6.989686242569317920e-02	2.802107984355836287e-02	7.155529125747309149e-02
1.056569014662313975e+03	2.699078145165667575e-01	1.748121260460923365e-01	2.410854351207371016e-01	1.445898786256275825e-01	6.993866696227857283e-02	2.804922746320352711e-02	7.161685126516648126e-02
1.058020345726410369e+03	2.696707697775327373e-01	1.746547096438278157e-01	2.412504128967715433e-01	1.446880613924281800e-01	6.998039471309858151e-02	2.807734363293246799e-02	7.167830794308099884e-02
1.059471676790506763e+03	2.694341281269582167e-01	1.744975581150160493e-01	2.414151123957387624e-01	1.447860657605158086e-01	7.002204584356408468e-02	2.810542818997642522e-02	7.173966156790301252e-02
1.060923007854603611e+03	2.691978888691425320e-01	1.743406710137538618e-01	2.415795340862935403e-01	1.448838921242654176e-01	7.006362051928911872e-02	2.813348097536584602e-02	7.180091241156201509e-02
1.062374338918700232e+03	2.689620513096470655e-01	1.741840478948888937e-01	2.417436784363009017e-01	1.449815408775466108e-01	7.010511890606044294e-02	2.816150183385159392e-02	7.186206074137686806e-02
1.063825669982796853e+03	2.687266147552934137e-01	1.740276883140181308e-01	2.419075459128373629e-01	1.450790124136896730e-01	7.014654116980816034e-02	2.818949061382803808e-02	7.192310682019766033e-02
1.065277001046893474e+03	2.684915785141621103e-01	1.738715918274868211e-01	2.420711369821924031e-01	1.451763071254524862e-01	7.018788747657742078e-02	2.821744716725799879e-02	7.198405090654327876e-02
1.066728332110990095e+03	2.682569418955908502e-01	1.737157579923871431e-01	2.422344521098696857e-01	1.452734254049891927e-01	7.022915799250115110e-02	2.824537134959950388e-02	7.204489325473492634e-02
1.068179663175086489e+03	2.680227042101733237e-01	1.735601863665569011e-01	2.423974917605884183e-01	1.453703676438200809e-01	7.027035288377379840e-02	2.827326301973431127e-02	7.210563411502558806e-02
1.069630994239183110e+03	2.677888647697572178e-01	1.734048765085783872e-01	2.425602563982847126e-01	1.454671342328025252e-01	7.031147231662601693e-02	2.830112203989810712e-02	7.216627373372550003e-02
1.071082325303279504e+03	2.675554228874424956e-01	1.732498279777770489e-01	2.427227464861128337e-01	1.455637255621035075e-01	7.035251645730025705e-02	2.832894827561239712e-02	7.222681235332401029e-02
1.072533656367376352e+03	2.673223778775798420e-01	1.730950403342202126e-01	2.428849624864465873e-01	1.456601420211729725e-01	7.039348547202731177e-02	2.835674159561800065e-02	7.228725021260765105e-02
1.073984987431472746e+03	2.670897290557688875e-01	1.729405131387158345e-01	2.430469048608805971e-01	1.457563839987186527e-01	7.043437952700373761e-02	2.838450187181014786e-02	7.234758754677469983e-02
1.075436318495569594e+03	2.668574757388563201e-01	1.727862459528113903e-01	2.432085740702316368e-01	1.458524518826817273e-01	7.047519878837010809e-02	2.841222897917506512e-02	7.240782458754629891e-02
1.076887649559666215e+03	2.666256172449341100e-01	1.726322383387924597e-01	2.433699705745399899e-01	1.459483460602136740e-01	7.051594342219004441e-02	2.843992279572810089e-02	7.246796156327413307e-02
1.078338980623762609e+03	2.663941528933377323e-01	1.724784898596815608e-01	2.435310948330706160e-01	1.460440669176542583e-01	7.055661359443014813e-02	2.846758320245328794e-02	7.252799869904491548e-02
1.079790311687859230e+03	2.661630820046439472e-01	1.723250000792369285e-01	2.436919473043146489e-01	1.461396148405103568e-01	7.059720947094061394e-02	2.849521008324430726e-02	7.258793621678175101e-02
1.081241642751955851e+03	2.659324039006691343e-01	1.721717685619512106e-01	2.438525284459905629e-01	1.462349902134358892e-01	7.063773121743664729e-02	2.852280332484686057e-02	7.264777433534232165e-02
1.082692973816052472e+03	2.657021179044671833e-01	1.720187948730503014e-01	2.440128387150455325e-01	1.463301934202124732e-01	7.067817899948054816e-02	2.855036281680236113e-02	7.270751327061418523e-02
1.084144304880149093e+03	2.654722233403277176e-01	1.718660785784920653e-01	2.441728785676567925e-01	1.464252248437314663e-01	7.071855298246454424e-02	2.857788845139295694e-02	7.276715323560711823e-02
1.085595635944245487e+03	2.652427195337737076e-01	1.717136192449650878e-01	2.443326484592328041e-01	1.465200848659762856e-01	7.075885333159430413e-02	2.860538012358779594e-02	7.282669444054275243e-02
1.087046967008342108e+03	2.650136058115596382e-01	1.715614164398875097e-01	2.444921488444146973e-01	1.466147738680059487e-01	7.079908021187310274e-02	2.863283773099056448e-02	7.288613709294131104e-02
1.088498298072438729e+03	2.647848815016695112e-01	1.714094697314057503e-01	2.446513801770773822e-01	1.467092922299395030e-01	7.083923378808658355e-02	2.866026117378821236e-02	7.294548139770590245e-02
1.089949629136535123e+03	2.645565459333144576e-01	1.712577786883932307e-01	2.448103429103311024e-01	1.468036403309408988e-01	7.087931422478822852e-02	2.868765035470086100e-02	7.300472755720410767e-02
1.091400960200631971e+03	2.643285984369309061e-01	1.711063428804492637e-01	2.449690374965224349e-01	1.468978185492050004e-01	7.091932168628528599e-02	2.871500517893284948e-02	7.306387577134711153e-02
1.092852291264728365e+03	2.641010383441783071e-01	1.709551618778978321e-01	2.451274643872358716e-01	1.469918272619440691e-01	7.095925633662543419e-02	2.874232555412492562e-02	7.312292623766646071e-02
1.094303622328825213e+03	2.638738649879368570e-01	1.708042352517862295e-01	2.452856240332949023e-01	1.470856668453751348e-01	7.099911833958388874e-02	2.876961139030748474e-02	7.318187915138844868e-02
1.095754953392921607e+03	2.636470777023054990e-01	1.706535625738838935e-01	2.454435168847633464e-01	1.471793376747080884e-01	7.103890785865112079e-02	2.879686259985490132e-02	7.324073470550614140e-02
1.097206284457018228e+03	2.634206758225995371e-01	1.705031434166813242e-01	2.456011433909466857e-01	1.472728401241341911e-01	7.107862505702104705e-02	2.882407909744085991e-02	7.329949309084940468e-02
1.098657615521114849e+03	2.631946586853485259e-01	1.703529773533886682e-01	2.457585040003932852e-01	1.473661745668156109e-01	7.111827009757974716e-02	2.885126079999472681e-02	7.335815449615247508e-02
1.100108946585211470e+03	2.629690256282941063e-01	1.702030639579347471e-01	2.459155991608957259e-01	1.474593413748751802e-01	7.115784314289472223e-02	2.887840762665887587e-02	7.341671910811978230e-02
1.101560277649308091e+03	2.627437759903874515e-01	1.700534028049655588e-01	2.460724293194919976e-01	1.475523409193871260e-01	7.119734435520452820e-02	2.890551949874696838e-02	7.347518711148950943e-02
1.103011608713404712e+03	2.625189091117872686e-01	1.699039934698432786e-01	2.462289949224668872e-01	1.476451735703681878e-01	7.123677389640900581e-02	2.893259633970319059e-02	7.353355868909533521e-02
1.104462939777501106e+03	2.622944243338573567e-01	1.697548355286449817e-01	2.463852964153531722e-01	1.477378396967692353e-01	7.127613192805977438e-02	2.895963807506236540e-02	7.359183402192617796e-02
1.105914270841597499e+03	2.620703209991644966e-01	1.696059285581614784e-01	2.465413342429329524e-01	1.478303396664677472e-01	7.131541861135134996e-02	2.898664463241095585e-02	7.365001328918413526e-02
1.107365601905694348e+03	2.618465984514757317e-01	1.694572721358960643e-01	2.466971088492388164e-01	1.479226738462603719e-01	7.135463410711251342e-02	2.901361594134893238e-02	7.370809666834061968e-02
1.108816932969790741e+03	2.616232560357565906e-01	1.693088658400633550e-01	2.468526206775551735e-01	1.480148426018563779e-01	7.139377857579821962e-02	2.904055193345249017e-02	7.376608433519084296e-02
1.110268264033887590e+03	2.614002930981682016e-01	1.691607092495880371e-01	2.470078701704195856e-01	1.481068462978713807e-01	7.143285217748177041e-02	2.906745254223755404e-02	7.382397646390645440e-02
1.111719595097984211e+03	2.611777089860654044e-01	1.690128019441037299e-01	2.471628577696239337e-01	1.481986852978216529e-01	7.147185507184751485e-02	2.909431770312411597e-02	7.388177322708665284e-02
1.113170926162080832e+03	2.609555030479940307e-01	1.688651435039517923e-01	2.473175839162156109e-01	1.482903599641187953e-01	7.151078741818374385e-02	2.912114735340131169e-02	7.393947479580768867e-02
1.114622257226177226e+03	2.607336746336887390e-01	1.687177335101800735e-01	2.474720490504989656e-01	1.483818706580649904e-01	7.154964937537607039e-02	2.914794143219328823e-02	7.399708133967085322e-02
1.116073588290273847e+03	2.605122230940705164e-01	1.685705715445417474e-01	2.476262536120364954e-01	1.484732177398484509e-01	7.158844110190107357e-02	2.917469988042578621e-02	7.405459302684888612e-02
1.117524919354370468e+03	2.602911477812444585e-01	1.684236571894942303e-01	2.477801980396499570e-01	1.485644015685396169e-01	7.162716275582030334e-02	2.920142264079344380e-02	7.411201002413098093e-02
1.118976250418467089e+03	2.600704480484971604e-01	1.682769900281977926e-01	2.479338827714218096e-01	1.486554225020873254e-01	7.166581449477461840e-02	2.922810965772782571e-02	7.416933249696645858e-02
1.120427581482563710e+03	2.598501232502944958e-01	1.681305696445145603e-01	2.480873082446963251e-01	1.487462808973157857e-01	7.170439647597878774e-02	2.925476087736608721e-02	7.422656060950691415e-02
1.121878912546660331e+03	2.596301727422791750e-01	1.679843956230071822e-01	2.482404748960809759e-01	1.488369771099216088e-01	7.174290885621645297e-02	2.928137624752036317e-02	7.428369452464721190e-02
1.123330243610756725e+03	2.594105958812681911e-01	1.678384675489378031e-01	2.483933831614474619e-01	1.489275114944713929e-01	7.178135179183528503e-02	2.930795571764776078e-02	7.434073440406506472e-02
1.124781574674853118e+03	2.591913920252505998e-01	1.676927850082667315e-01	2.485460334759332091e-01	1.490178844043994755e-01	7.181972543874251547e-02	2.933449923882100116e-02	7.439768040825940620e-02
1.126232905738949967e+03	2.589725605333849101e-01	1.675473475876514129e-01	2.486984262739424800e-01	1.491080961920061287e-01	7.185802995240071767e-02	2.936100676369969922e-02	7.445453269658758311e-02
1.127684236803046360e+03	2.587541007659968084e-01	1.674021548744451804e-01	2.488505619891475118e-01	1.491981472084561167e-01	7.189626548782374060e-02	2.938747824650221260e-02	7.451129142730134047e-02
1.129135567867143209e+03	2.585360120845767162e-01	1.672572064566960059e-01	2.490024410544899591e-01	1.492880378037774458e-01	7.193443219957305901e-02	2.941391364297809077e-02	7.456795675758164099e-02
1.130586898931239830e+03	2.583182938517771254e-01	1.671125019231455289e-01	2.491540639021820325e-01	1.493777683268603385e-01	7.197253024175423453e-02	2.944031291038111744e-02	7.462452884357249905e-02
1.132038229995336451e+03	2.581009454314106555e-01	1.669680408632276680e-01	2.493054309637076915e-01	1.494673391254567607e-01	7.201055976801369607e-02	2.946667600744287685e-02	7.468100784041356577e-02
1.133489561059432845e+03	2.578839661884470003e-01	1.668238228670675949e-01	2.494565426698238941e-01	1.495567505461800617e-01	7.204852093153565895e-02	2.949300289434689942e-02	7.473739390227182589e-02
1.134940892123529466e+03	2.576673554890109297e-01	1.666798475254805401e-01	2.496073994505619009e-01	1.496460029345047238e-01	7.208641388503936320e-02	2.951929353270331055e-02	7.479368718237218439e-02
1.136392223187626087e+03	2.574511127003796807e-01	1.665361144299706275e-01	2.497580017352283577e-01	1.497350966347666401e-01	7.212423878077643680e-02	2.954554788552403097e-02	7.484988783302716497e-02
1.137843554251722708e+03	2.572352371909805702e-01	1.663926231727297089e-01	2.499083499524066554e-01	1.498240319901634199e-01	7.216199577052850866e-02	2.957176591719844205e-02	7.490599600566558158e-02
1.139294885315819101e+03	2.570197283303884972e-01	1.662493733466361978e-01	2.500584445299581238e-01	1.499128093427551378e-01	7.219968500560497437e-02	2.959794759346959236e-02	7.496201185086029395e-02
1.140746216379915950e+03	2.568045854893236113e-01	1.661063645452539317e-01	2.502082858950231969e-01	1.500014290334651113e-01	7.223730663684102549e-02	2.962409288141084479e-02	7.501793551835514440e-02
1.142197547444012343e+03	2.565898080396485925e-01	1.659635963628310062e-01	2.503578744740226902e-01	1.500898914020808717e-01	7.227486081459576217e-02	2.965020174940301984e-02	7.507376715709093706e-02
1.143648878508108737e+03	2.563753953543664865e-01	1.658210683942986097e-01	2.505072106926589104e-01	1.501781967872555801e-01	7.231234768875056951e-02	2.967627416711199687e-02	7.512950691523065383e-02
1.145100209572205586e+03	2.561613468076182620e-01	1.656787802352699401e-01	2.506562949759170156e-01	1.502663455265094705e-01	7.234976740870763257e-02	2.970231010546674558e-02	7.518515494018380985e-02
1.146551540636302207e+03	2.559476617746800908e-01	1.655367314820389846e-01	2.508051277480660701e-01	1.503543379562313764e-01	7.238712012338854862e-02	2.972830953663781889e-02	7.524071137862996250e-02
1.148002871700398828e+03	2.557343396319611828e-01	1.653949217315793530e-01	2.509537094326604878e-01	1.504421744116807291e-01	7.242440598123321693e-02	2.975427243401625871e-02	7.529617637654165141e-02
1.149454202764495449e+03	2.555213797570012879e-01	1.652533505815431958e-01	2.511020404525409755e-01	1.505298552269894174e-01	7.246162513019878404e-02	2.978019877219291109e-02	7.535155007920632531e-02
1.150905533828591842e+03	2.553087815284680873e-01	1.651120176302600662e-01	2.512501212298359210e-01	1.506173807351640914e-01	7.249877771775878332e-02	2.980608852693817507e-02	7.540683263124776936e-02
1.152356864892688463e+03	2.550965443261550281e-01	1.649709224767357540e-01	2.513979521859623367e-01	1.507047512680884382e-01	7.253586389090241338e-02	2.983194167518212619e-02	7.546202417664674145e-02
1.153808195956785084e+03	2.548846675309786591e-01	1.648300647206511205e-01	2.515455337416275250e-01	1.507919671565256525e-01	7.257288379613389961e-02	2.985775819499503561e-02	7.551712485876092840e-02
1.155259527020881706e+03	2.546731505249761884e-01	1.646894439623610429e-01	2.516928663168299107e-01	1.508790287301211286e-01	7.260983757947206407e-02	2.988353806556826378e-02	7.557213482034422225e-02
1.156710858084978327e+03	2.544619926913033181e-01	1.645490598028931384e-01	2.518399503308603182e-01	1.509659363174051805e-01	7.264672538644993682e-02	2.990928126719553590e-02	7.562705420356544139e-02
1.158162189149074720e+03	2.542511934142315799e-01	1.644089118439468200e-01	2.519867862023030813e-01	1.510526902457960119e-01	7.268354736211458944e-02	2.993498778125455728e-02	7.568188315002634392e-02
1.159613520213171569e+03	2.540407520791458928e-01	1.642689996878919645e-01	2.521333743490374313e-01	1.511392908416026026e-01	7.272030365102698235e-02	2.996065759018901389e-02	7.573662180077912753e-02
1.161064851277267962e+03	2.538306680725423981e-01	1.641293229377679685e-01	2.522797151882386069e-01	1.512257384300280671e-01	7.275699439726197870e-02	2.998629067749088162e-02	7.579127029634324941e-02
1.162516182341364356e+03	2.536209407820255723e-01	1.639898811972824444e-01	2.524258091363789092e-01	1.513120333351727909e-01	7.279361974440846927e-02	3.001188702768310332e-02	7.584582877672176038e-02
1.163967513405461204e+03	2.534115695963063963e-01	1.638506740708103038e-01	2.525716566092291449e-01	1.513981758800378996e-01	7.283017983556955288e-02	3.003744662630257120e-02	7.590029738141711169e-02
1.165418844469557826e+03	2.532025539051995233e-01	1.637117011633924257e-01	2.527172580218597364e-01	1.514841663865286736e-01	7.286667481336291108e-02	3.006296945988344918e-02	7.595467624944630958e-02
1.166870175533654447e+03	2.529938930996210034e-01	1.635729620807346574e-01	2.528626137886416658e-01	1.515700051754581557e-01	7.290310481992115510e-02	3.008845551594079015e-02	7.600896551935568124e-02
1.168321506597751068e+03	2.527855865715860073e-01	1.634344564292066204e-01	2.530077243232478068e-01	1.516556925665508981e-01	7.293946999689232547e-02	3.011390478295447939e-02	7.606316532923505791e-02
1.169772837661847461e+03	2.525776337142059957e-01	1.632961838158407120e-01	2.531525900386542571e-01	1.517412288784466823e-01	7.297577048544053036e-02	3.013931725035346246e-02	7.611727581673159715e-02
1.171224168725944082e+03	2.523700339216868316e-01	1.631581438483308832e-01	2.532972113471412823e-01	1.518266144287043484e-01	7.301200642624655623e-02	3.016469290850028184e-02	7.617129711906296674e-02
1.172675499790040703e+03	2.521627865893262266e-01	1.630203361350315294e-01	2.534415886602947032e-01	1.519118495338058483e-01	7.304817795950865889e-02	3.019003174867588082e-02	7.622522937303020940e-02
1.174126830854137097e+03	2.519558911135112989e-01	1.628827602849564349e-01	2.535857223890068957e-01	1.519969345091602420e-01	7.308428522494336832e-02	3.021533376306470564e-02	7.627907271503010789e-02
1.175578161918233945e+03	2.517493468917161303e-01	1.627454159077776075e-01	2.537296129434781222e-01	1.520818696691076111e-01	7.312032836178641859e-02	3.024059894474006097e-02	7.633282728106711990e-02
1.177029492982330339e+03	2.515431533224995464e-01	1.626083026138241960e-01	2.538732607332173652e-01	1.521666553269235278e-01	7.315630750879369149e-02	3.026582728764975680e-02	7.638649320676497989e-02
1.178480824046426733e+03	2.513373098055025623e-01	1.624714200140814357e-01	2.540166661670439918e-01	1.522512917948231070e-01	7.319222280424228511e-02	3.029101878660200170e-02	7.644007062737777358e-02
1.179932155110523581e+03	2.511318157414462182e-01	1.623347677201893990e-01	2.541598296530884760e-01	1.523357793839652530e-01	7.322807438593156859e-02	3.031617343725153887e-02	7.649355967780072096e-02
1.181383486174620202e+03	2.509266705321291924e-01	1.621983453444420242e-01	2.543027515987937859e-01	1.524201184044571278e-01	7.326386239118443111e-02	3.034129123608607370e-02	7.654696049258054302e-02
1.182834817238716823e+03	2.507218735804252474e-01	1.620621524997860052e-01	2.544454324109165499e-01	1.525043091653585647e-01	7.329958695684841985e-02	3.036637218041290248e-02	7.660027320592548150e-02
1.184286148302813444e+03	2.505174242902810655e-01	1.619261887998196259e-01	2.545878724955281669e-01	1.525883519746863981e-01	7.333524821929710003e-02	3.039141626834579446e-02	7.665349795171498559e-02
1.185737479366910065e+03	2.503133220667139169e-01	1.617904538587916774e-01	2.547300722580159160e-01	1.526722471394191261e-01	7.337084631443134553e-02	3.041642349879212365e-02	7.670663486350899618e-02
1.187188810431006686e+03	2.501095663158092175e-01	1.616549472916004593e-01	2.548720321030841784e-01	1.527559949655013516e-01	7.340638137768075444e-02	3.044139387144020881e-02	7.675968407455691089e-02
1.188640141495103080e+03	2.499061564447183081e-01	1.615196687137925580e-01	2.550137524347555473e-01	1.528395957578484177e-01	7.344185354400506460e-02	3.046632738674687896e-02	7.681264571780629935e-02
1.190091472559199701e+03	2.497030918616559569e-01	1.613846177415618199e-01	2.551552336563720491e-01	1.529230498203510147e-01	7.347726294789569401e-02	3.049122404592526786e-02	7.686551992591125759e-02
1.191542803623296322e+03	2.495003719758982219e-01	1.612497939917482137e-01	2.552964761705961982e-01	1.530063574558799544e-01	7.351260972337717026e-02	3.051608385093282361e-02	7.691830683124041557e-02
1.192994134687392716e+03	2.492979961977800918e-01	1.611151970818368306e-01	2.554374803794122184e-01	1.530895189662907219e-01	7.354789400400882360e-02	3.054090680445950209e-02	7.697100656588475032e-02
1.194445465751489564e+03	2.490959639386931268e-01	1.609808266299567470e-01	2.555782466841271527e-01	1.531725346524283049e-01	7.358311592288632741e-02	3.056569290991621377e-02	7.702361926166506612e-02
1.195896796815585958e+03	2.488942746110831827e-01	1.608466822548798580e-01	2.557187754853720296e-01	1.532554048141319125e-01	7.361827561264337738e-02	3.059044217142340913e-02	7.707614505013918316e-02
1.197348127879682352e+03	2.486929276284480794e-01	1.607127635760199624e-01	2.558590671831029173e-01	1.533381297502398599e-01	7.365337320545334299e-02	3.061515459379991755e-02	7.712858406260883481e-02
1.198799458943779200e+03	2.484919224053354081e-01	1.605790702134315684e-01	2.559991221766022007e-01	1.534207097585942592e-01	7.368840883303105771e-02	3.063983018255194216e-02	7.718093643012642613e-02
1.200250790007875821e+03	2.482912583573401999e-01	1.604456017878088114e-01	2.561389408644796917e-01	1.535031451360459043e-01	7.372338262663453989e-02	3.066446894386224906e-02	7.723320228350145922e-02
1.201702121071972442e+03	2.480909349011026221e-01	1.603123579204844829e-01	2.562785236446735726e-01	1.535854361784591282e-01	7.375829471706678298e-02	3.068907088457956123e-02	7.728538175330672277e-02
1.203153452136069063e+03	2.478909514543057024e-01	1.601793382334287807e-01	2.564178709144518398e-01	1.536675831807166603e-01	7.379314523467753184e-02	3.071363601220810161e-02	7.733747496988419012e-02
1.204604783200165684e+03	2.476913074356730804e-01	1.600465423492484218e-01	2.565569830704131915e-01	1.537495864367246223e-01	7.382793430936523960e-02	3.073816433489733393e-02	7.738948206335087565e-02
1.206056114264262078e+03	2.474920022649668427e-01	1.599139698911854202e-01	2.566958605084883605e-01	1.538314462394172466e-01	7.386266207057881616e-02	3.076265586143186320e-02	7.744140316360427490e-02
1.207507445328358699e+03	2.472930353629851363e-01	1.597816204831161435e-01	2.568345036239408907e-01	1.539131628807618724e-01	7.389732864731959894e-02	3.078711060122152343e-02	7.749323840032767974e-02
1.208958776392455093e+03	2.470944061515599754e-01	1.596494937495501198e-01	2.569729128113685812e-01	1.539947366517639138e-01	7.393193416814325403e-02	3.081152856429160772e-02	7.754498790299529931e-02
1.210410107456551941e+03	2.468961140535551047e-01	1.595175893156290381e-01	2.571110884647047623e-01	1.540761678424717174e-01	7.396647876116171916e-02	3.083590976127328215e-02	7.759665180087715886e-02
1.211861438520648335e+03	2.466981584928635285e-01	1.593859068071257490e-01	2.572490309772187955e-01	1.541574567419815300e-01	7.400096255404516044e-02	3.086025420339412809e-02	7.764823022304381817e-02
1.213312769584745183e+03	2.465005388944055686e-01	1.592544458504430438e-01	2.573867407415178499e-01	1.542386036384424952e-01	7.403538567402394299e-02	3.088456190246888569e-02	7.769972329837089575e-02
1.214764100648841804e+03	2.463032546841264214e-01	1.591232060726127662e-01	2.575242181495476790e-01	1.543196088190614268e-01	7.406974824789065714e-02	3.090883287089030151e-02	7.775113115554339871e-02
1.216215431712937971e+03	2.461063052889941316e-01	1.589921871012945909e-01	2.576614635925937868e-01	1.544004725701079994e-01	7.410405040200208904e-02	3.093306712162016692e-02	7.780245392305992769e-02
1.217666762777034819e+03	2.459096901369971777e-01	1.588613885647750801e-01	2.577984774612825936e-01	1.544811951769194114e-01	7.413829226228131619e-02	3.095726466818046405e-02	7.785369172923665981e-02
1.219118093841131440e+03	2.457134086571425291e-01	1.587308100919665454e-01	2.579352601455824345e-01	1.545617769239056027e-01	7.417247395421969203e-02	3.098142552464469221e-02	7.790484470221120672e-02
1.220569424905228061e+03	2.455174602794532313e-01	1.586004513124061599e-01	2.580718120348047817e-01	1.546422180945540292e-01	7.420659560287891365e-02	3.100554970562930529e-02	7.795591296994630603e-02
1.222020755969324682e+03	2.453218444349663518e-01	1.584703118562547086e-01	2.582081335176052983e-01	1.547225189714346028e-01	7.424065733289311741e-02	3.102963722628530180e-02	7.800689666023333246e-02
1.223472087033421303e+03	2.451265605557307881e-01	1.583403913542955899e-01	2.583442249819851155e-01	1.548026798362046597e-01	7.427465926847093280e-02	3.105368810228994678e-02	7.805779590069569784e-02
1.224923418097517697e+03	2.449316080748050184e-01	1.582106894379338158e-01	2.584800868152916098e-01	1.548827009696139567e-01	7.430860153339757801e-02	3.107770234983862900e-02	7.810861081879211243e-02
1.226374749161614318e+03	2.447369864262550765e-01	1.580812057391950132e-01	2.586157194042197349e-01	1.549625826515094451e-01	7.434248425103698321e-02	3.110167998563683270e-02	7.815934154181966576e-02
1.227826080225710712e+03	2.445426950451521919e-01	1.579519398907242578e-01	2.587511231348131324e-01	1.550423251608402941e-01	7.437630754433383062e-02	3.112562102689225840e-02	7.820998819691676873e-02
1.229277411289807560e+03	2.443487333675709305e-01	1.578228915257850473e-01	2.588862983924650751e-01	1.551219287756627485e-01	7.441007153581577493e-02	3.114952549130705142e-02	7.826055091106609574e-02
1.230728742353903954e+03	2.441551008305867798e-01	1.576940602782583301e-01	2.590212455619197440e-01	1.552013937731450410e-01	7.444377634759544171e-02	3.117339339707017251e-02	7.831102981109722139e-02
1.232180073418000802e+03	2.439617968722741226e-01	1.575654457826414501e-01	2.591559650272732829e-01	1.552807204295721943e-01	7.447742210137262009e-02	3.119722476284984836e-02	7.836142502368922957e-02
1.233631404482097196e+03	2.437688209317042110e-01	1.574370476740470370e-01	2.592904571719746309e-01	1.553599090203510169e-01	7.451100891843642771e-02	3.122101960778618859e-02	7.841173667537323921e-02
1.235082735546193817e+03	2.435761724489428071e-01	1.573088655882020903e-01	2.594247223788270773e-01	1.554389598200147937e-01	7.454453691966735074e-02	3.124477795148388262e-02	7.846196489253472184e-02
1.236534066610290438e+03	2.433838508650482679e-01	1.571808991614468409e-01	2.595587610299889825e-01	1.555178731022283378e-01	7.457800622553943659e-02	3.126849981400502132e-02	7.851210980141581919e-02
1.237985397674387059e+03	2.431918556220693806e-01	1.570531480307337524e-01	2.596925735069750552e-01	1.555966491397925977e-01	7.461141695612244495e-02	3.129218521586205060e-02	7.856217152811746651e-02
1.239436728738483680e+03	2.430001861630432802e-01	1.569256118336265493e-01	2.598261601906572404e-01	1.556752882046495978e-01	7.464476923108391559e-02	3.131583417801078045e-02	7.861215019860141873e-02
1.240888059802580301e+03	2.428088419319932578e-01	1.567982902082990238e-01	2.599595214612660521e-01	1.557537905678872125e-01	7.467806316969141656e-02	3.133944672184355018e-02	7.866204593869226269e-02
1.242339390866676695e+03	2.426178223739267614e-01	1.566711827935342305e-01	2.600926576983915162e-01	1.558321564997439124e-01	7.471129889081459807e-02	3.136302286918248028e-02	7.871185887407929072e-02
1.243790721930773088e+03	2.424271269348333424e-01	1.565442892287232657e-01	2.602255692809842813e-01	1.559103862696134546e-01	7.474447651292738526e-02	3.138656264227282500e-02	7.876158913031822140e-02
1.245242052994869937e+03	2.422367550616825183e-01	1.564176091538643787e-01	2.603582565873566734e-01	1.559884801460498516e-01	7.477759615411005978e-02	3.141006606377644284e-02	7.881123683283289272e-02
1.246693384058966330e+03	2.420467062024216909e-01	1.562911422095618619e-01	2.604907199951837504e-01	1.560664383967718394e-01	7.481065793205146641e-02	3.143353315676531562e-02	7.886080210691687187e-02
1.248144715123063179e+03	2.418569798059741205e-01	1.561648880370251069e-01	2.606229598815044679e-01	1.561442612886677350e-01	7.484366196405112248e-02	3.145696394471523410e-02	7.891028507773498180e-02
1.249596046187159800e+03	2.416675753222369549e-01	1.560388462780674945e-01	2.607549766227227339e-01	1.562219490877999883e-01	7.487660836702132727e-02	3.148035845149953910e-02	7.895968587032473063e-02
1.251047377251256421e+03	2.414784922020790092e-01	1.559130165751054509e-01	2.608867705946084081e-01	1.562995020594100115e-01	7.490949725748932697e-02	3.150371670138294583e-02	7.900900460959767169e-02
1.252498708315352815e+03	2.412897298973388227e-01	1.557873985711573928e-01	2.610183421722983010e-01	1.563769204679227032e-01	7.494232875159943796e-02	3.152703871901549326e-02	7.905824142034068025e-02
1.253950039379449436e+03	2.411012878608226329e-01	1.556619919098427840e-01	2.611496917302975618e-01	1.564542045769510281e-01	7.497510296511515626e-02	3.155032452942656274e-02	7.910739642721717479e-02
1.255401370443546057e+03	2.409131655463023214e-01	1.555367962353809697e-01	2.612808196424803997e-01	1.565313546493007080e-01	7.500782001342128080e-02	3.157357415801897993e-02	7.915646975476828273e-02
1.256852701507642678e+03	2.407253624085134158e-01	1.554118111925903711e-01	2.614117262820911947e-01	1.566083709469748009e-01	7.504048001152603675e-02	3.159678763056321393e-02	7.920546152741386736e-02
1.258304032571739299e+03	2.405378779031530634e-01	1.552870364268872927e-01	2.615424120217458848e-01	1.566852537311781979e-01	7.507308307406317105e-02	3.161996497319167349e-02	7.925437186945359647e-02
1.259755363635835920e+03	2.403507114868780326e-01	1.551624715842850333e-01	2.616728772334326325e-01	1.567620032623222026e-01	7.510562931529407571e-02	3.164310621239306565e-02	7.930320090506788600e-02
1.261206694699932314e+03	2.401638626173026869e-01	1.550381163113928595e-01	2.618031222885130460e-01	1.568386198000288889e-01	7.513811884910986949e-02	3.166621137500683775e-02	7.935194875831876049e-02
1.262658025764028707e+03	2.399773307529969868e-01	1.549139702554149234e-01	2.619331475577232893e-01	1.569151036031357915e-01	7.517055178903349344e-02	3.168928048821772342e-02	7.940061555315075514e-02
1.264109356828125556e+03	2.397911153534845741e-01	1.547900330641493460e-01	2.620629534111749148e-01	1.569914549297003192e-01	7.520292824822182032e-02	3.171231357955033026e-02	7.944920141339160968e-02
1.265560687892221949e+03	2.396052158792406905e-01	1.546663043859872466e-01	2.621925402183563070e-01	1.570676740370040292e-01	7.523524833946769463e-02	3.173531067686384544e-02	7.949770646275310104e-02
1.267012018956318798e+03	2.394196317916903183e-01	1.545427838699116319e-01	2.623219083481334035e-01	1.571437611815572066e-01	7.526751217520200044e-02	3.175827180834678992e-02	7.954613082483162623e-02
1.268463350020415419e+03	2.392343625532060702e-01	1.544194711654964802e-01	2.624510581687507504e-01	1.572197166191031670e-01	7.529971986749575685e-02	3.178119700251186980e-02	7.959447462310886845e-02
1.269914681084511813e+03	2.390494076271063584e-01	1.542963659229056594e-01	2.625799900478328341e-01	1.572955406046226690e-01	7.533187152806218589e-02	3.180408628819086231e-02	7.964273798095240775e-02
1.271366012148608434e+03	2.388647664776533674e-01	1.541734677928920938e-01	2.627087043523847476e-01	1.573712333923381612e-01	7.536396726825871084e-02	3.182693969452964067e-02	7.969092102161622060e-02
1.272817343212705055e+03	2.386804385700511399e-01	1.540507764267966817e-01	2.628372014487936337e-01	1.574467952357181677e-01	7.539600719908902404e-02	3.184975725098320581e-02	7.973902386824116562e-02
1.274268674276801676e+03	2.384964233704435221e-01	1.539282914765472132e-01	2.629654817028292957e-01	1.575222263874815898e-01	7.542799143120509919e-02	3.187253898731080837e-02	7.978704664385546930e-02
1.275720005340898297e+03	2.383127203459124988e-01	1.538060125946575374e-01	2.630935454796456408e-01	1.575975270996018140e-01	7.545992007490923137e-02	3.189528493357116079e-02	7.983498947137510071e-02
1.277171336404994690e+03	2.381293289644760003e-01	1.536839394342265075e-01	2.632213931437814569e-01	1.576726976233111810e-01	7.549179324015604930e-02	3.191799512011769119e-02	7.988285247360413233e-02
1.278622667469091539e+03	2.379462486950860434e-01	1.535620716489369542e-01	2.633490250591615234e-01	1.577477382091049818e-01	7.552361103655452768e-02	3.194066957759390118e-02	7.993063577323512858e-02
1.280073998533187932e+03	2.377634790076268156e-01	1.534404088930547694e-01	2.634764415890976652e-01	1.578226491067457327e-01	7.555537357336995774e-02	3.196330833692871687e-02	7.997833949284938182e-02
1.281525329597284326e+03	2.375810193729128994e-01	1.533189508214278796e-01	2.636036430962898081e-01	1.578974305652672550e-01	7.558708095952593187e-02	3.198591142933199238e-02	8.002596375491717595e-02
1.282976660661381175e+03	2.373988692626871622e-01	1.531976970894853574e-01	2.637306299428270329e-01	1.579720828329789772e-01	7.561873330360634193e-02	3.200847888629000659e-02	8.007350868179806402e-02
1.284427991725477568e+03	2.372170281496190081e-01	1.530766473532362837e-01	2.638574024901885751e-01	1.580466061574697656e-01	7.565033071385729446e-02	3.203101073956106382e-02	8.012097439574102087e-02
1.285879322789574417e+03	2.370354955073023795e-01	1.529558012692688873e-01	2.639839610992445462e-01	1.581210007856122257e-01	7.568187329818916453e-02	3.205350702117113620e-02	8.016836101888463739e-02
1.287330653853671038e+03	2.368542708102539529e-01	1.528351584947496011e-01	2.641103061302574884e-01	1.581952669635666719e-01	7.571336116417839990e-02	3.207596776340958245e-02	8.021566867325720385e-02
1.288781984917767431e+03	2.366733535339112238e-01	1.527147186874219520e-01	2.642364379428832621e-01	1.582694049367850964e-01	7.574479441906958876e-02	3.209839299882491503e-02	8.026289748077687636e-02
1.290233315981864052e+03	2.364927431546306746e-01	1.525944815056057002e-01	2.643623568961717130e-01	1.583434149500151933e-01	7.577617316977729167e-02	3.212078276022060225e-02	8.031004756325170468e-02
