1.001418434226643626e+03	2.850263767798181247e-01	1.713615052624599400e-01	2.349301138629101837e-01	1.422062134737959727e-01	6.902203253927924331e-02	2.757090161646248358e-02	6.988285646524440564e-02
1.003837319333471214e+03	2.845900803725674444e-01	1.710940958180378890e-01	2.352284816912975363e-01	1.423855392181215818e-01	6.909607919064940373e-02	2.761307970848684429e-02	6.999264400080973392e-02
1.006256204440298802e+03	2.841550405707068960e-01	1.708274566185361276e-01	2.355259701038991960e-01	1.425643200727007565e-01	6.916991299532899984e-02	2.765517530989825001e-02	7.010212432890017276e-02
1.008675089547126618e+03	2.837212537483949082e-01	1.705615854411650367e-01	2.358225816464778191e-01	1.427425578244728155e-01	6.924353455445367289e-02	2.769718851337183568e-02	7.021129827163433146e-02
1.011093974653954206e+03	2.832887162902826272e-01	1.702964800695701553e-01	2.361183188574450531e-01	1.429202542535324416e-01	6.931694446772361518e-02	2.773911941180990520e-02	7.032016664960659413e-02
1.013512859760782021e+03	2.828574245914837193e-01	1.700321382938135006e-01	2.364131842678830198e-01	1.430974111331654308e-01	6.939014333340488838e-02	2.778096809834052633e-02	7.042873028187938977e-02
1.015931744867609382e+03	2.824273750575436170e-01	1.697685579103546116e-01	2.367071804015652980e-01	1.432740302298843860e-01	6.946313174833076975e-02	2.782273466631612902e-02	7.053698998597567049e-02
1.018350629974437197e+03	2.819985641044093772e-01	1.695057367220320632e-01	2.370003097749782406e-01	1.434501133034640497e-01	6.953591030790304273e-02	2.786441920931207253e-02	7.064494657787169507e-02
1.020769515081264785e+03	2.815709881583991492e-01	1.692436725380446483e-01	2.372925748973419291e-01	1.436256621069763317e-01	6.960847960609328755e-02	2.790602182112524379e-02	7.075260087198996517e-02
1.023188400188092373e+03	2.811446436561719775e-01	1.689823631739330034e-01	2.375839782706312409e-01	1.438006783868252259e-01	6.968084023544421357e-02	2.794754259577259328e-02	7.085995368119234195e-02
1.025607285294920075e+03	2.807195270446977142e-01	1.687218064515609017e-01	2.378745223895968042e-01	1.439751638827811986e-01	6.975299278707086659e-02	2.798898162748969520e-02	7.096700581677334307e-02
1.028026170401747549e+03	2.802956347812270987e-01	1.684620001990969340e-01	2.381642097417859261e-01	1.441491203280155509e-01	6.982493785066197500e-02	2.803033901072928685e-02	7.107375808845373122e-02
1.030445055508575479e+03	2.798729633332616151e-01	1.682029422509960515e-01	2.384530428075632980e-01	1.443225494491344463e-01	6.989667601448115719e-02	2.807161484015980799e-02	7.118021130437417188e-02
1.032863940615402726e+03	2.794515091785235161e-01	1.679446304479811913e-01	2.387410240601318956e-01	1.444954529662125786e-01	6.996820786536822601e-02	2.811280921066392977e-02	7.128636627108916879e-02
1.035282825722230655e+03	2.790312688049264578e-01	1.676870626370250139e-01	2.390281559655536847e-01	1.446678325928267839e-01	7.003953398874043779e-02	2.815392221733705250e-02	7.139222379356109649e-02
1.037701710829058356e+03	2.786122387105453013e-01	1.674302366713317225e-01	2.393144409827701879e-01	1.448396900360891804e-01	7.011065496859375523e-02	2.819495395548583458e-02	7.149778467515451041e-02
1.040120595935886058e+03	2.781944154035870809e-01	1.671741504103187448e-01	2.395998815636231349e-01	1.450110269966802534e-01	7.018157138750408253e-02	2.823590452062668676e-02	7.160304971763051252e-02
1.042539481042713533e+03	2.777777954023609719e-01	1.669188017195987472e-01	2.398844801528750015e-01	1.451818451688815514e-01	7.025228382662855597e-02	2.827677400848425948e-02	7.170801972114142220e-02
1.044958366149541234e+03	2.773623752352490923e-01	1.666641884709614829e-01	2.401682391882294931e-01	1.453521462406082154e-01	7.032279286570675136e-02	2.831756251498994403e-02	7.181269548422551663e-02
1.047377251256368709e+03	2.769481514406773037e-01	1.664103085423557782e-01	2.404511611003518623e-01	1.455219318934412309e-01	7.039309908306203012e-02	2.835827013628034257e-02	7.191707780380197923e-02
1.049796136363196410e+03	2.765351205670857904e-01	1.661571598178715747e-01	2.407332483128893919e-01	1.456912038026594858e-01	7.046320305560269115e-02	2.839889696869573460e-02	7.202116747516594530e-02
1.052215021470024112e+03	2.761232791728998048e-01	1.659047401877220551e-01	2.410145032424916012e-01	1.458599636372714115e-01	7.053310535882331700e-02	2.843944310877857470e-02	7.212496529198386686e-02
1.054633906576851814e+03	2.757126238265009133e-01	1.656530475482257958e-01	2.412949282988305078e-01	1.460282130600467076e-01	7.060280656680598121e-02	2.847990865327192089e-02	7.222847204628884965e-02
1.057052791683679516e+03	2.753031511061977965e-01	1.654020798017888649e-01	2.415745258846208332e-01	1.461959537275475673e-01	7.067230725222155285e-02	2.852029369911790804e-02	7.233168852847622621e-02
1.059471676790506763e+03	2.748948576001973287e-01	1.651518348568872530e-01	2.418532983956400151e-01	1.463631872901597075e-01	7.074160798633098712e-02	2.856059834345620052e-02	7.243461552729929531e-02
1.061890561897334692e+03	2.744877399065758228e-01	1.649023106280489426e-01	2.421312482207484129e-01	1.465299153921233166e-01	7.081070933898657438e-02	2.860082268362243441e-02	7.253725382986520032e-02
1.064309447004162394e+03	2.740817946332504418e-01	1.646535050358365615e-01	2.424083777419092367e-01	1.466961396715636690e-01	7.087961187863323076e-02	2.864096681714665971e-02	7.263960422163091846e-02
1.066728332110990095e+03	2.736770183979503890e-01	1.644054160068294801e-01	2.426846893342084477e-01	1.468618617605213783e-01	7.094831617230981657e-02	2.868103084175177911e-02	7.274166748639943059e-02
1.069147217217817570e+03	2.732734078281882639e-01	1.641580414736065752e-01	2.429601853658747146e-01	1.470270832849827625e-01	7.101682278565039919e-02	2.872101485535197979e-02	7.284344440631601580e-02
1.071566102324645271e+03	2.728709595612319183e-01	1.639113793747285219e-01	2.432348681982992311e-01	1.471918058649096528e-01	7.108513228288559915e-02	2.876091895605115828e-02	7.294493576186467099e-02
1.073984987431472746e+03	2.724696702440757012e-01	1.636654276547204745e-01	2.435087401860554779e-01	1.473560311142692036e-01	7.115324522684385311e-02	2.880074324214135575e-02	7.304614233186468297e-02
1.076403872538300675e+03	2.720695365334124260e-01	1.634201842640546909e-01	2.437818036769188734e-01	1.475197606410634243e-01	7.122116217895284318e-02	2.884048781210116902e-02	7.314706489346735341e-02
1.078822757645127922e+03	2.716705550956051152e-01	1.631756471591331581e-01	2.440540610118864528e-01	1.476829960473584058e-01	7.128888369924070434e-02	2.888015276459417538e-02	7.324770422215279297e-02
1.081241642751955851e+03	2.712727226066586894e-01	1.629318143022703835e-01	2.443255145251965743e-01	1.478457389293134916e-01	7.135641034633743995e-02	2.891973819846734017e-02	7.334806109172689603e-02
1.083660527858783553e+03	2.708760357521921569e-01	1.626886836616761312e-01	2.445961665443483757e-01	1.480079908772100328e-01	7.142374267747628180e-02	2.895924421274944163e-02	7.344813627431842629e-02
1.086079412965611255e+03	2.704804912274105799e-01	1.624462532114381852e-01	2.448660193901211757e-01	1.481697534754801981e-01	7.149088124849502235e-02	2.899867090664947147e-02	7.354793054037621347e-02
1.088498298072438729e+03	2.700860857370769863e-01	1.622045209315054193e-01	2.451350753765940693e-01	1.483310283027354515e-01	7.155782661383740251e-02	2.903801837955503895e-02	7.364744465866644718e-02
1.090917183179266431e+03	2.696928159954849469e-01	1.619634848076705880e-01	2.454033368111651903e-01	1.484918169317946401e-01	7.162457932655451331e-02	2.907728673103078532e-02	7.374667939627019275e-02
1.093336068286093905e+03	2.693006787264305424e-01	1.617231428315533126e-01	2.456708059945710010e-01	1.486521209297121393e-01	7.169113993830615594e-02	2.911647606081678094e-02	7.384563551858089325e-02
1.095754953392921607e+03	2.689096706631848299e-01	1.614834930005832336e-01	2.459374852209056384e-01	1.488119418578058295e-01	7.175750899936228500e-02	2.915558646882692242e-02	7.394431378930205190e-02
1.098173838499749309e+03	2.685197885484663649e-01	1.612445333179828855e-01	2.462033767776401483e-01	1.489712812716846302e-01	7.182368705860442404e-02	2.919461805514733665e-02	7.404271497044501160e-02
1.100592723606577010e+03	2.681310291344136121e-01	1.610062617927510431e-01	2.464684829456414705e-01	1.491301407212758667e-01	7.188967466352709501e-02	2.923357092003478139e-02	7.414083982232691494e-02
1.103011608713404712e+03	2.677433891825576895e-01	1.607686764396458745e-01	2.467328059991916456e-01	1.492885217508527762e-01	7.195547236023921989e-02	2.927244516391503196e-02	7.423868910356859474e-02
1.105430493820231959e+03	2.673568654637948905e-01	1.605317752791680097e-01	2.469963482060068272e-01	1.494464258990613470e-01	7.202108069346567498e-02	2.931124088738128880e-02	7.433626357109276994e-02
1.107849378927059888e+03	2.669714547583595943e-01	1.602955563375440540e-01	2.472591118272562671e-01	1.496038546989474083e-01	7.208650020654865098e-02	2.934995819119256069e-02	7.443356398012224151e-02
1.110268264033887590e+03	2.665871538557970655e-01	1.600600176467097679e-01	2.475210991175812725e-01	1.497608096779831366e-01	7.215173144144923500e-02	2.938859717627206533e-02	7.453059108417818546e-02
1.112687149140715292e+03	2.662039595549365867e-01	1.598251572442935531e-01	2.477823123251139681e-01	1.499172923580936734e-01	7.221677493874884002e-02	2.942715794370561952e-02	7.462734563507855690e-02
1.115106034247542766e+03	2.658218686638638695e-01	1.595909731735997983e-01	2.480427536914962261e-01	1.500733042556834373e-01	7.228163123765075915e-02	2.946564059474002240e-02	7.472382838293667451e-02
1.117524919354370468e+03	2.654408779998949641e-01	1.593574634835924764e-01	2.483024254518983731e-01	1.502288468816621592e-01	7.234630087598162285e-02	2.950404523078146990e-02	7.482004007615974950e-02
1.119943804461197942e+03	2.650609843895488371e-01	1.591246262288785185e-01	2.485613298350379530e-01	1.503839217414709717e-01	7.241078439019302260e-02	2.954237195339392413e-02	7.491598146144760884e-02
1.122362689568025871e+03	2.646821846685208923e-01	1.588924594696916048e-01	2.488194690631982675e-01	1.505385303351080561e-01	7.247508231536300971e-02	2.958062086429751394e-02	7.501165328379154340e-02
1.124781574674853118e+03	2.643044756816561591e-01	1.586609612718755669e-01	2.490768453522470560e-01	1.506926741571543715e-01	7.253919518519766352e-02	2.961879206536693551e-02	7.510705628647314225e-02
1.127200459781681047e+03	2.639278542829228136e-01	1.584301297068682890e-01	2.493334609116550915e-01	1.508463546967988844e-01	7.260312353203267344e-02	2.965688565862983558e-02	7.520219121106327953e-02
1.129619344888508749e+03	2.635523173353858106e-01	1.581999628516853051e-01	2.495893179445144994e-01	1.509995734378639376e-01	7.266686788683494880e-02	2.969490174626519124e-02	7.529705879742118468e-02
1.132038229995336451e+03	2.631778617111799057e-01	1.579704587889036171e-01	2.498444186475573814e-01	1.511523318588303411e-01	7.273042877920420091e-02	2.973284043060173479e-02	7.539165978369362364e-02
1.134457115102163925e+03	2.628044842914840085e-01	1.577416156066455133e-01	2.500987652111741344e-01	1.513046314328621578e-01	7.279380673737458063e-02	2.977070181411632654e-02	7.548599490631409392e-02
1.136876000208991627e+03	2.624321819664944266e-01	1.575134313985624146e-01	2.503523598194316580e-01	1.514564736278314616e-01	7.285700228821631597e-02	2.980848599943234506e-02	7.558006490000220012e-02
1.139294885315819101e+03	2.620609516353987756e-01	1.572859042638188598e-01	2.506052046500917840e-01	1.516078599063429011e-01	7.292001595723736351e-02	2.984619308931810155e-02	7.567387049776298780e-02
1.141713770422646803e+03	2.616907902063499436e-01	1.570590323070763794e-01	2.508573018746296235e-01	1.517587917257581243e-01	7.298284826858503216e-02	2.988382318668522317e-02	7.576741243088645772e-02
1.144132655529474505e+03	2.613216945964399462e-01	1.568328136384776750e-01	2.511086536582512463e-01	1.519092705382198982e-01	7.304549974504770393e-02	2.992137639458705700e-02	7.586069142894717732e-02
1.146551540636302207e+03	2.609536617316741136e-01	1.566072463736305487e-01	2.513592621599123333e-01	1.520592977906762844e-01	7.310797090805652709e-02	2.995885281621707419e-02	7.595370821980382270e-02
1.148970425743129908e+03	2.605866885469449445e-01	1.563823286335920271e-01	2.516091295323359955e-01	1.522088749249043693e-01	7.317026227768710922e-02	2.999625255490726006e-02	7.604646352959898437e-02
1.151389310849957155e+03	2.602207719860065160e-01	1.561580585448525405e-01	2.518582579220308149e-01	1.523580033775341347e-01	7.323237437266123806e-02	3.003357571412652860e-02	7.613895808275888966e-02
1.153808195956785084e+03	2.598559090014486705e-01	1.559344342393201577e-01	2.521066494693087745e-01	1.525066845800719939e-01	7.329430771034860237e-02	3.007082239747911959e-02	7.623119260199331948e-02
1.156227081063612786e+03	2.594920965546713698e-01	1.557114538543047932e-01	2.523543063083031890e-01	1.526549199589241068e-01	7.335606280676859603e-02	3.010799270870300956e-02	7.632316780829551117e-02
1.158645966170440488e+03	2.591293316158590487e-01	1.554891155325025809e-01	2.526012305669866342e-01	1.528027109354198054e-01	7.341764017659199726e-02	3.014508675166831936e-02	7.641488442094217237e-02
1.161064851277267962e+03	2.587676111639551357e-01	1.552674174219800807e-01	2.528474243671887667e-01	1.529500589258344923e-01	7.347904033314284211e-02	3.018210463037571817e-02	7.650634315749356429e-02
1.163483736384095664e+03	2.584069321866366287e-01	1.550463576761588746e-01	2.530928898246137537e-01	1.530969653414127329e-01	7.354026378840017308e-02	3.021904644895485881e-02	7.659754473379362660e-02
1.165902621490923138e+03	2.580472916802887262e-01	1.548259344537997462e-01	2.533376290488584259e-01	1.532434315883909326e-01	7.360131105299980159e-02	3.025591231166276443e-02	7.668848986397022727e-02
1.168321506597751068e+03	2.576886866499795703e-01	1.546061459189873866e-01	2.535816441434297075e-01	1.533894590680201231e-01	7.366218263623620921e-02	3.029270232288226034e-02	7.677917926043538455e-02
1.170740391704578315e+03	2.573311141094349330e-01	1.543869902411148520e-01	2.538249372057621578e-01	1.535350491765883063e-01	7.372287904606435183e-02	3.032941658712039884e-02	7.686961363388561397e-02
1.173159276811406244e+03	2.569745710810132922e-01	1.541684655948680760e-01	2.540675103272356794e-01	1.536802033054428807e-01	7.378340078910146371e-02	3.036605520900687027e-02	7.695979369330240016e-02
1.175578161918233945e+03	2.566190545956804625e-01	1.539505701602105758e-01	2.543093655931928376e-01	1.538249228410127345e-01	7.384374837062900043e-02	3.040261829329244173e-02	7.704972014595257157e-02
1.177997047025061647e+03	2.562645616929848380e-01	1.537333021223681317e-01	2.545505050829565130e-01	1.539692091648304229e-01	7.390392229459444295e-02	3.043910594484737497e-02	7.713939369738888330e-02
1.180415932131889122e+03	2.559110894210324116e-01	1.535166596718133825e-01	2.547909308698470543e-01	1.541130636535540110e-01	7.396392306361326829e-02	3.047551826865986177e-02	7.722881505145058612e-02
1.182834817238716823e+03	2.555586348364619620e-01	1.533006410042506706e-01	2.550306450211998754e-01	1.542564876789887796e-01	7.402375117897076751e-02	3.051185536983445565e-02	7.731798491026406484e-02
1.185253702345544298e+03	2.552071950044201842e-01	1.530852443206008884e-01	2.552696495983825531e-01	1.543994826081089011e-01	7.408340714062403021e-02	3.054811735359051414e-02	7.740690397424353220e-02
1.187672587452371999e+03	2.548567669985370432e-01	1.528704678269861839e-01	2.555079466568122015e-01	1.545420498030789236e-01	7.414289144720385971e-02	3.058430432526063059e-02	7.749557294209181990e-02
1.190091472559199701e+03	2.545073479009011264e-01	1.526563097347150011e-01	2.557455382459725146e-01	1.546841906212750584e-01	7.420220459601667429e-02	3.062041639028909717e-02	7.758399251080115577e-02
1.192510357666027403e+03	2.541589348020352190e-01	1.524427682602669254e-01	2.559824264094311408e-01	1.548259064153063858e-01	7.426134708304654719e-02	3.065645365423032287e-02	7.767216337565409356e-02
1.194929242772855105e+03	2.538115248008716018e-01	1.522298416252776954e-01	2.562186131848564474e-01	1.549671985330360047e-01	7.432031940295709405e-02	3.069241622274731032e-02	7.776008623022434563e-02
1.197348127879682352e+03	2.534651150047279589e-01	1.520175280565241871e-01	2.564541006040350624e-01	1.551080683176017938e-01	7.437912204909355451e-02	3.072830420161009463e-02	7.784776176637780987e-02
1.199767012986510281e+03	2.531197025292826197e-01	1.518058257859095928e-01	2.566888906928883607e-01	1.552485171074373949e-01	7.443775551348467967e-02	3.076411769669420287e-02	7.793519067427358282e-02
1.202185898093337983e+03	2.527752844985506342e-01	1.515947330504483492e-01	2.569229854714897288e-01	1.553885462362926961e-01	7.449622028684484143e-02	3.079985681397912414e-02	7.802237364236505601e-02
1.204604783200165684e+03	2.524318580448594584e-01	1.513842480922514833e-01	2.571563869540812730e-01	1.555281570332544550e-01	7.455451685857598931e-02	3.083552165954676211e-02	7.810931135740102615e-02
1.207023668306993159e+03	2.520894203088247520e-01	1.511743691585117066e-01	2.573890971490907509e-01	1.556673508227666702e-01	7.461264571676973212e-02	3.087111233957991197e-02	7.819600450442687478e-02
1.209442553413820860e+03	2.517479684393265638e-01	1.509650945014886503e-01	2.576211180591484462e-01	1.558061289246508163e-01	7.467060734820937795e-02	3.090662896036072693e-02	7.828245376678574785e-02
1.211861438520648335e+03	2.514074995934850176e-01	1.507564223784942925e-01	2.578524516811039335e-01	1.559444926541260490e-01	7.472840223837196039e-02	3.094207162826920557e-02	7.836865982611991577e-02
1.214280323627476264e+03	2.510680109366366097e-01	1.505483510518780543e-01	2.580831000060424540e-01	1.560824433218292173e-01	7.478603087143037564e-02	3.097744044978165134e-02	7.845462336237199463e-02
1.216699208734303511e+03	2.507294996423104494e-01	1.503408787890123666e-01	2.583130650193020683e-01	1.562199822338345701e-01	7.484349373025539487e-02	3.101273553146918424e-02	7.854034505378636177e-02
1.219118093841131440e+03	2.503919628922042229e-01	1.501340038622780149e-01	2.585423487004897547e-01	1.563571106916737674e-01	7.490079129641784295e-02	3.104795697999620727e-02	7.862582557691054352e-02
1.221536978947959142e+03	2.500553978761607121e-01	1.499277245490495958e-01	2.587709530234983957e-01	1.564938299923553655e-01	7.495792405019062465e-02	3.108310490211890417e-02	7.871106560659665852e-02
1.223955864054786844e+03	2.497198017921440916e-01	1.497220391316810839e-01	2.589988799565231536e-01	1.566301414283843285e-01	7.501489247055093124e-02	3.111817940468375107e-02	7.879606581600293036e-02
1.226374749161614318e+03	2.493851718462163081e-01	1.495169458974912602e-01	2.592261314620777357e-01	1.567660462877814576e-01	7.507169703518234982e-02	3.115318059462598987e-02	7.888082687659517256e-02
1.228793634268442020e+03	2.490515052525137107e-01	1.493124431387493345e-01	2.594527094970110470e-01	1.569015458541026531e-01	7.512833822047694510e-02	3.118810857896815378e-02	7.896534945814842610e-02
1.231212519375269494e+03	2.487187992332234587e-01	1.491085291526607348e-01	2.596786160125234555e-01	1.570366414064580662e-01	7.518481650153750750e-02	3.122296346481857887e-02	7.904963422874849988e-02
1.233631404482097196e+03	2.483870510185603175e-01	1.489052022413525078e-01	2.599038529541830567e-01	1.571713342195310559e-01	7.524113235217966267e-02	3.125774535936991227e-02	7.913368185479370542e-02
1.236050289588924898e+03	2.480562578467432611e-01	1.487024607118592190e-01	2.601284222619422160e-01	1.573056255635972844e-01	7.529728624493410571e-02	3.129245436989761681e-02	7.921749300099646673e-02
1.238469174695752372e+03	2.477264169639723512e-01	1.485003028761086863e-01	2.603523258701534449e-01	1.574395167045432864e-01	7.535327865104869682e-02	3.132709060375852422e-02	7.930106833038511049e-02
1.240888059802580301e+03	2.473975256244055343e-01	1.482987270509077415e-01	2.605755657075857212e-01	1.575730089038853143e-01	7.540911004049076494e-02	3.136165416838933989e-02	7.938440850430561468e-02
1.243306944909407548e+03	2.470695810901354927e-01	1.480977315579281028e-01	2.607981436974407541e-01	1.577061034187877964e-01	7.546478088194927270e-02	3.139614517130519256e-02	7.946751418242338494e-02
1.245725830016235477e+03	2.467425806311667191e-01	1.478973147236922470e-01	2.610200617573689152e-01	1.578388015020818491e-01	7.552029164283703688e-02	3.143056372009813554e-02	7.955038602272512804e-02
1.248144715123063179e+03	2.464165215253925623e-01	1.476974748795592263e-01	2.612413217994851156e-01	1.579711044022836519e-01	7.557564278929296275e-02	3.146490992243574508e-02	7.963302468152069769e-02
1.250563600229890881e+03	2.460914010585723011e-01	1.474982103617107909e-01	2.614619257303851807e-01	1.581030133636125989e-01	7.563083478618431998e-02	3.149918388605962849e-02	7.971543081344505122e-02
1.252982485336718355e+03	2.457672165243083573e-01	1.472995195111373445e-01	2.616818754511615608e-01	1.582345296260094791e-01	7.568586809710896313e-02	3.153338571878397389e-02	7.979760507146015092e-02
1.255401370443546057e+03	2.454439652240235081e-01	1.471014006736239832e-01	2.619011728574193731e-01	1.583656544251543785e-01	7.574074318439759368e-02	3.156751552849412779e-02	7.987954810685693463e-02
1.257820255550373531e+03	2.451216444669382655e-01	1.469038521997365621e-01	2.621198198392918899e-01	1.584963889924846936e-01	7.579546050911604993e-02	3.160157342314514478e-02	7.996126056925734193e-02
1.260239140657201460e+03	2.448002515700482273e-01	1.467068724448078454e-01	2.623378182814568027e-01	1.586267345552128949e-01	7.585002053106755515e-02	3.163555951076034434e-02	8.004274310661635417e-02
1.262658025764028707e+03	2.444797838581015126e-01	1.465104597689235733e-01	2.625551700631517105e-01	1.587566923363441795e-01	7.590442370879509071e-02	3.166947389942990215e-02	8.012399636522407609e-02
1.265076910870856636e+03	2.441602386635762789e-01	1.463146125369089445e-01	2.627718770581898844e-01	1.588862635546941238e-01	7.595867049958361650e-02	3.170331669730942076e-02	8.020502098970777594e-02
1.267495795977684338e+03	2.438416133266583519e-01	1.461193291183145171e-01	2.629879411349760887e-01	1.590154494249060302e-01	7.601276135946243018e-02	3.173708801261850010e-02	8.028581762303413361e-02
1.269914681084511813e+03	2.435239051952188538e-01	1.459246078874027464e-01	2.632033641565219573e-01	1.591442511574683860e-01	7.606669674320744312e-02	3.177078795363934283e-02	8.036638690651125294e-02
1.272333566191339514e+03	2.432071116247918607e-01	1.457304472231343018e-01	2.634181479804618142e-01	1.592726699587321826e-01	7.612047710434353964e-02	3.180441662871531794e-02	8.044672947979100708e-02
1.274752451298167216e+03	2.428912299785522810e-01	1.455368455091542168e-01	2.636322944590679396e-01	1.594007070309279017e-01	7.617410289514693622e-02	3.183797414624959382e-02	8.052684598087112011e-02
1.277171336404994690e+03	2.425762576272935400e-01	1.453438011337785940e-01	2.638458054392663898e-01	1.595283635721827797e-01	7.622757456664748521e-02	3.187146061470370190e-02	8.060673704609751244e-02
1.279590221511822392e+03	2.422621919494056808e-01	1.451513124899808382e-01	2.640586827626520416e-01	1.596556407765376273e-01	7.628089256863106182e-02	3.190487614259617660e-02	8.068640331016652123e-02
1.282009106618650094e+03	2.419490303308532431e-01	1.449593779753782508e-01	2.642709282655044678e-01	1.597825398339638159e-01	7.633405734964188172e-02	3.193822083850114679e-02	8.076584540612719021e-02
1.284427991725477568e+03	2.416367701651532529e-01	1.447679959922184567e-01	2.644825437788028699e-01	1.599090619303799032e-01	7.638706935698495737e-02	3.197149481104695490e-02	8.084506396538364281e-02
1.286846876832305497e+03	2.413254088533534070e-01	1.445771649473661935e-01	2.646935311282414549e-01	1.600352082476684257e-01	7.643992903672837402e-02	3.200469816891480385e-02	8.092405961769738587e-02
1.289265761939132744e+03	2.410149438040102010e-01	1.443868832522896550e-01	2.649038921342450337e-01	1.601609799636923293e-01	7.649263683370574607e-02	3.203783102083735540e-02	8.100283299118973823e-02
1.291684647045960673e+03	2.407053724331671696e-01	1.441971493230472801e-01	2.651136286119837870e-01	1.602863782523115677e-01	7.654519319151861789e-02	3.207089347559738401e-02	8.108138471234417610e-02
1.294103532152788375e+03	2.403966921643331256e-01	1.440079615802745128e-01	2.653227423713888644e-01	1.604114042833994780e-01	7.659759855253882310e-02	3.210388564202640294e-02	8.115971540600877554e-02
1.296522417259616077e+03	2.400889004284606776e-01	1.438193184491702303e-01	2.655312352171671497e-01	1.605360592228589622e-01	7.664985335791092702e-02	3.213680762900332499e-02	8.123782569539868270e-02
1.298941302366443551e+03	2.397819946639244137e-01	1.436312183594838365e-01	2.657391089488166380e-01	1.606603442326387521e-01	7.670195804755461366e-02	3.216965954545308176e-02	8.131571620209854245e-02
1.301360187473271253e+03	2.394759723164995302e-01	1.434436597455019946e-01	2.659463653606413125e-01	1.607842604707495071e-01	7.675391306016712822e-02	3.220244150034530517e-02	8.139338754606506576e-02
1.303779072580098727e+03	2.391708308393404314e-01	1.432566410460353046e-01	2.661530062417661324e-01	1.609078090912797743e-01	7.680571883322573346e-02	3.223515360269300217e-02	8.147084034562944443e-02
1.306197957686926657e+03	2.388665676929591919e-01	1.430701607044052859e-01	2.663590333761521323e-01	1.610309912444118918e-01	7.685737580299011051e-02	3.226779596155118779e-02	8.154807521749996013e-02
1.308616842793753904e+03	2.385631803452042954e-01	1.428842171684313878e-01	2.665644485426112431e-01	1.611538080764378933e-01	7.690888440450484309e-02	3.230036868601558059e-02	8.162509277676449626e-02
1.311035727900581833e+03	2.382606662712394019e-01	1.426988088904177499e-01	2.667692535148212252e-01	1.612762607297751893e-01	7.696024507160179051e-02	3.233287188522126349e-02	8.170189363689316087e-02
1.313454613007409534e+03	2.379590229535220591e-01	1.425139343271403791e-01	2.669734500613402672e-01	1.613983503429821387e-01	7.701145823690265513e-02	3.236530566834136535e-02	8.177847840974085403e-02
1.315873498114237009e+03	2.376582478817826638e-01	1.423295919398340770e-01	2.671770399456222522e-01	1.615200780507737299e-01	7.706252433182136929e-02	3.239767014458577732e-02	8.185484770554991851e-02
1.318292383221064711e+03	2.373583385530032563e-01	1.421457801941795329e-01	2.673800249260309680e-01	1.616414449840369860e-01	7.711344378656655174e-02	3.242996542319982051e-02	8.193100213295273493e-02
1.320711268327892412e+03	2.370592924713966487e-01	1.419624975602904460e-01	2.675824067558550956e-01	1.617624522698462575e-01	7.716421703014408884e-02	3.246219161346295540e-02	8.200694229897440013e-02
1.323130153434719887e+03	2.367611071483853025e-01	1.417797425127006739e-01	2.677841871833228637e-01	1.618831010314786822e-01	7.721484449035949382e-02	3.249434882468749813e-02	8.208266880903537788e-02
1.325549038541547588e+03	2.364637801025806230e-01	1.415975135303513821e-01	2.679853679516166487e-01	1.620033923884292570e-01	7.726532659382048807e-02	3.252643716621730907e-02	8.215818226695424664e-02
1.327967923648375290e+03	2.361673088597618653e-01	1.414158090965783321e-01	2.681859507988873514e-01	1.621233274564260474e-01	7.731566376593942969e-02	3.255845674742652296e-02	8.223348327495037802e-02
1.330386808755202765e+03	2.358716909528556227e-01	1.412346276990990579e-01	2.683859374582692747e-01	1.622429073474451755e-01	7.736585643093583931e-02	3.259040767771826524e-02	8.230857243364662901e-02
1.332805693862030694e+03	2.355769239219150102e-01	1.410539678300002098e-01	2.685853296578944449e-01	1.623621331697256975e-01	7.741590501183891193e-02	3.262229006652340307e-02	8.238345034207213147e-02
1.335224578968857941e+03	2.352830053140989308e-01	1.408738279857248976e-01	2.687841291209069894e-01	1.624810060277846469e-01	7.746580993049001496e-02	3.265410402329924772e-02	8.245811759766506766e-02
1.337643464075685870e+03	2.349899326836516200e-01	1.406942066670600344e-01	2.689823375654775139e-01	1.625995270224317168e-01	7.751557160754520004e-02	3.268584965752831251e-02	8.253257479627539028e-02
1.340062349182513572e+03	2.346977035918819676e-01	1.405151023791237630e-01	2.691799567048176467e-01	1.627176972507839159e-01	7.756519046247774274e-02	3.271752707871705690e-02	8.260682253216766746e-02
1.342481234289341273e+03	2.344063156071431453e-01	1.403365136313528827e-01	2.693769882471943045e-01	1.628355178062803610e-01	7.761466691358064052e-02	3.274913639639463053e-02	8.268086139802388601e-02
1.344900119396168748e+03	2.341157663048121507e-01	1.401584389374903317e-01	2.695734338959437926e-01	1.629529897786965997e-01	7.766400137796913850e-02	3.278067772011164505e-02	8.275469198494621315e-02
1.347319004502996449e+03	2.338260532672695458e-01	1.399808768155726690e-01	2.697692953494862933e-01	1.630701142541592652e-01	7.771319427158329685e-02	3.281215115943891120e-02	8.282831488245991081e-02
1.349737889609823924e+03	2.335371740838790011e-01	1.398038257879177515e-01	2.699645743013399102e-01	1.631868923151603701e-01	7.776224600919048879e-02	3.284355682396623149e-02	8.290173067851613897e-02
1.352156774716651853e+03	2.332491263509671453e-01	1.396272843811121600e-01	2.701592724401349344e-01	1.633033250405716286e-01	7.781115700438799576e-02	3.287489482330116508e-02	8.297493995949485612e-02
1.354575659823479100e+03	2.329619076718034143e-01	1.394512511259989596e-01	2.703533914496278889e-01	1.634194135056586950e-01	7.785992766960546374e-02	3.290616526706781342e-02	8.304794331020766418e-02
1.356994544930307029e+03	2.326755156565799010e-01	1.392757245576652925e-01	2.705469330087155178e-01	1.635351587820952912e-01	7.790855841610754007e-02	3.293736826490560599e-02	8.312074131390075060e-02
1.359413430037134731e+03	2.323899479223912878e-01	1.391007032154300271e-01	2.707398987914490518e-01	1.636505619379773624e-01	7.795704965399638531e-02	3.296850392646807210e-02	8.319333455225773333e-02
1.361832315143962205e+03	2.321052020932148630e-01	1.389261856428316289e-01	2.709322904670479204e-01	1.637656240378369266e-01	7.800540179221424064e-02	3.299957236142166128e-02	8.326572360540263062e-02
1.364251200250789907e+03	2.318212757998905638e-01	1.387521703876158918e-01	2.711241096999139621e-01	1.638803461426562025e-01	7.805361523854598138e-02	3.303057367944454981e-02	8.333790905190274767e-02
1.366670085357617609e+03	2.315381666801011040e-01	1.385786560017236158e-01	2.713153581496450806e-01	1.639947293098812653e-01	7.810169039962168436e-02	3.306150799022541942e-02	8.340989146877167415e-02
1.369088970464445310e+03	2.312558723783521286e-01	1.384056410412785876e-01	2.715060374710495106e-01	1.641087745934359243e-01	7.814962768091919532e-02	3.309237540346230549e-02	8.348167143147218472e-02
1.371507855571272785e+03	2.309743905459524238e-01	1.382331240665754246e-01	2.716961493141591966e-01	1.642224830437354066e-01	7.819742748676672406e-02	3.312317602886140355e-02	8.355324951391923660e-02
1.373926740678100487e+03	2.306937188409943773e-01	1.380611036420673898e-01	2.718856953242438368e-01	1.643358557077000126e-01	7.824509022034535632e-02	3.315390997613588964e-02	8.362462628848293944e-02
1.376345625784927961e+03	2.304138549283340498e-01	1.378895783363545402e-01	2.720746771418245391e-01	1.644488936287686054e-01	7.829261628369167669e-02	3.318457735500477540e-02	8.369580232599151126e-02
1.378764510891755890e+03	2.301347964795718015e-01	1.377185467221715698e-01	2.722630964026876987e-01	1.645615978469121832e-01	7.834000607770036373e-02	3.321517827519172156e-02	8.376677819573434547e-02
1.381183395998583137e+03	2.298565411730326136e-01	1.375480073763757360e-01	2.724509547378985430e-01	1.646739693986472575e-01	7.838726000212671574e-02	3.324571284642388602e-02	8.383755446546496681e-02
1.383602281105411066e+03	2.295790866937466590e-01	1.373779588799351747e-01	2.726382537738146206e-01	1.647860093170491480e-01	7.843437845558930144e-02	3.327618117843077900e-02	8.390813170140404287e-02
1.386021166212238768e+03	2.293024307334299572e-01	1.372083998179167430e-01	2.728249951320996236e-01	1.648977186317652777e-01	7.848136183557247181e-02	3.330658338094312498e-02	8.397851046824247878e-02
1.388440051319066470e+03	2.290265709904648339e-01	1.370393287794742787e-01	2.730111804297369882e-01	1.650090983690284396e-01	7.852821053842901078e-02	3.333691956369172482e-02	8.404869132914435936e-02
1.390858936425893944e+03	2.287515051698807422e-01	1.368707443578367211e-01	2.731968112790432168e-01	1.651201495516698980e-01	7.857492495938271648e-02	3.336718983640630382e-02	8.411867484575007159e-02
1.393277821532721646e+03	2.284772309833349724e-01	1.367026451502962592e-01	2.733818892876813123e-01	1.652308731991324053e-01	7.862150549253096865e-02	3.339739430881439458e-02	8.418846157817931608e-02
1.395696706639549120e+03	2.282037461490934449e-01	1.365350297581965910e-01	2.735664160586745441e-01	1.653412703274832751e-01	7.866795253084733763e-02	3.342753309064023376e-02	8.425805208503421573e-02
1.398115591746377049e+03	2.279310483920116148e-01	1.363678967869212388e-01	2.737503931904194387e-01	1.654513419494272330e-01	7.871426646618419343e-02	3.345760629160363098e-02	8.432744692340231329e-02
1.400534476853204296e+03	2.276591354435152093e-01	1.362012448458817804e-01	2.739338222766994346e-01	1.655610890743193231e-01	7.876044768927531470e-02	3.348761402141883781e-02	8.439664664885976331e-02
1.402953361960032225e+03	2.273880050415814646e-01	1.360350725485061363e-01	2.741167049066979833e-01	1.656705127081777862e-01	7.880649658973841454e-02	3.351755638979349999e-02	8.446565181547428802e-02
1.405372247066859927e+03	2.271176549307199477e-01	1.358693785122270792e-01	2.742990426650121494e-01	1.657796138536966335e-01	7.885241355607787439e-02	3.354743350642749866e-02	8.453446297580838320e-02
1.407791132173687402e+03	2.268480828619536815e-01	1.357041613584704376e-01	2.744808371316655449e-01	1.658883935102584417e-01	7.889819897568722817e-02	3.357724548101190254e-02	8.460308068092237122e-02
1.410210017280515103e+03	2.265792865928002719e-01	1.355394197126436884e-01	2.746620898821215406e-01	1.659968526739468708e-01	7.894385323485184069e-02	3.360699242322786467e-02	8.467150548037749580e-02
1.412628902387342805e+03	2.263112638872531723e-01	1.353751522041243549e-01	2.748428024872967002e-01	1.661049923375592374e-01	7.898937671875146116e-02	3.363667444274553303e-02	8.473973792223910007e-02
1.415047787494170507e+03	2.260440125157628377e-01	1.352113574662484885e-01	2.750229765135736582e-01	1.662128134906189769e-01	7.903476981146288771e-02	3.366629164922300965e-02	8.480777855307969348e-02
1.417466672600997981e+03	2.257775302552180452e-01	1.350480341362992887e-01	2.752026135228143322e-01	1.663203171193880225e-01	7.908003289596252094e-02	3.369584415230524044e-02	8.487562791798208828e-02
1.419885557707825683e+03	2.255118148889273255e-01	1.348851808554954734e-01	2.753817150723729124e-01	1.664275042068792398e-01	7.912516635412901456e-02	3.372533206162296043e-02	8.494328656054259130e-02
1.422304442814653157e+03	2.252468642066002280e-01	1.347227962689800662e-01	2.755602827151089618e-01	1.665343757328686947e-01	7.917017056674587050e-02	3.375475548679167381e-02	8.501075502287407104e-02
1.424723327921481086e+03	2.249826760043288354e-01	1.345608790258090159e-01	2.757383179994001843e-01	1.666409326739077823e-01	7.921504591350404800e-02	3.378411453741056447e-02	8.507803384560912174e-02
1.427142213028308333e+03	2.247192480845693618e-01	1.343994277789397340e-01	2.759158224691556915e-01	1.667471760033354400e-01	7.925979277300460035e-02	3.381340932306146907e-02	8.514512356790326919e-02
1.429561098135136262e+03	2.244565782561236122e-01	1.342384411852198811e-01	2.760927976638286596e-01	1.668531066912902205e-01	7.930441152276122840e-02	3.384263995330781538e-02	8.521202472743809320e-02
1.431979983241963964e+03	2.241946643341206635e-01	1.340779179053761261e-01	2.762692451184292630e-01	1.669587257047224216e-01	7.934890253920298675e-02	3.387180653769362310e-02	8.527873786042437787e-02
1.434398868348791666e+03	2.239335041399985182e-01	1.339178566040028773e-01	2.764451663635374978e-01	1.670640340074059649e-01	7.939326619767682336e-02	3.390090918574243523e-02	8.534526350160531738e-02
1.436817753455619140e+03	2.236730955014858413e-01	1.337582559495509860e-01	2.766205629253160603e-01	1.671690325599503590e-01	7.943750287245020247e-02	3.392994800695633972e-02	8.541160218425965234e-02
1.439236638562446842e+03	2.234134362525837525e-01	1.335991146143166997e-01	2.767954363255228922e-01	1.672737223198125789e-01	7.948161293671374139e-02	3.395892311081490783e-02	8.547775444020487556e-02
1.441655523669274316e+03	2.231545242335476464e-01	1.334404312744305043e-01	2.769697880815241153e-01	1.673781042413087505e-01	7.952559676258381949e-02	3.398783460677423651e-02	8.554372079980039623e-02
1.444074408776102018e+03	2.228963572908690960e-01	1.332822046098459945e-01	2.771436197063065765e-01	1.674821792756260308e-01	7.956945472110518724e-02	3.401668260426587986e-02	8.560950179195074561e-02
1.446493293882929493e+03	2.226389332772577279e-01	1.331244333043287431e-01	2.773169327084905045e-01	1.675859483708342368e-01	7.961318718225357527e-02	3.404546721269589155e-02	8.567509794410875512e-02
1.448912178989757422e+03	2.223822500516232925e-01	1.329671160454453938e-01	2.774897285923423329e-01	1.676894124718974755e-01	7.965679451493834495e-02	3.407418854144383946e-02	8.574050978227876207e-02
1.451331064096585123e+03	2.221263054790577618e-01	1.328102515245525028e-01	2.776620088577868573e-01	1.677925725206856622e-01	7.970027708700504199e-02	3.410284669986177186e-02	8.580573783101980156e-02
1.453749949203412370e+03	2.218710974308172879e-01	1.326538384367856871e-01	2.778337750004201689e-01	1.678954294559861504e-01	7.974363526523803314e-02	3.413144179727328059e-02	8.587078261344879837e-02
1.456168834310240300e+03	2.216166237843044673e-01	1.324978754810485770e-01	2.780050285115218678e-01	1.679979842135150558e-01	7.978686941536317079e-02	3.415997394297250883e-02	8.593564465124380047e-02
1.458587719417068001e+03	2.213628824230503833e-01	1.323423613600020199e-01	2.781757708780676630e-01	1.681002377259286917e-01	7.982997990205034644e-02	3.418844324622317965e-02	8.600032446464715707e-02
1.461006604523895703e+03	2.211098712366970642e-01	1.321872947800530607e-01	2.783460035827418078e-01	1.682021909228350043e-01	7.987296708891609975e-02	3.421684981625761762e-02	8.606482257246873824e-02
1.463425489630723177e+03	2.208575881209796921e-01	1.320326744513442285e-01	2.785157281039494226e-01	1.683038447308047580e-01	7.991583133852626919e-02	3.424519376227581902e-02	8.612913949208916842e-02
1.465844374737550879e+03	2.206060309777089501e-01	1.318784990877425733e-01	2.786849459158289855e-01	1.684052000733827770e-01	7.995857301239858717e-02	3.427347519344445953e-02	8.619327573946303223e-02
1.468263259844378354e+03	2.203551977147534813e-01	1.317247674068289798e-01	2.788536584882643776e-01	1.685062578710991854e-01	8.000119247100527520e-02	3.430169421889597836e-02	8.625723182912206632e-02
1.470682144951206283e+03	2.201050862460222635e-01	1.315714781298874259e-01	2.790218672868974292e-01	1.686070190414804826e-01	8.004369007377570844e-02	3.432985094772763451e-02	8.632100827417844846e-02
1.473101030058033530e+03	2.198556944914471234e-01	1.314186299818941861e-01	2.791895737731400762e-01	1.687074844990606171e-01	8.008606617909889980e-02	3.435794548900053536e-02	8.638460558632791997e-02
1.475519915164861459e+03	2.196070203769654727e-01	1.312662216915072011e-01	2.793567794041865171e-01	1.688076551553920335e-01	8.012832114432626163e-02	3.438597795173874844e-02	8.644802427585311644e-02
1.477938800271689161e+03	2.193590618345027110e-01	1.311142519910553361e-01	2.795234856330254258e-01	1.689075319190565805e-01	8.017045532577411759e-02	3.441394844492835087e-02	8.651126485162673185e-02
1.480357685378516862e+03	2.191118168019550172e-01	1.309627196165278340e-01	2.796896939084522749e-01	1.690071156956765297e-01	8.021246907872631171e-02	3.444185707751651337e-02	8.657432782111473824e-02
1.482776570485344337e+03	2.188652832231719747e-01	1.308116233075636847e-01	2.798554056750810481e-01	1.691064073879253171e-01	8.025436275743685899e-02	3.446970395841059132e-02	8.663721369037970244e-02
