1.001418434226643626e+03	2.792331359148012004e-01	1.809763868809507459e-01	2.346064267265056402e-01	1.407037004065890551e-01	6.828356421679626642e-02	2.698300129048509730e-02	6.921378456354010389e-02
1.003837319333471214e+03	2.788121361180017632e-01	1.806965003801443426e-01	2.348993014866033180e-01	1.408787503242241168e-01	6.835797303062918218e-02	2.703201875681120192e-02	6.932331990325409088e-02
1.006256204440298802e+03	2.783923287880436526e-01	1.804173991852060788e-01	2.351913527178400853e-01	1.410532722669731454e-01	6.843215745406808215e-02	2.708096560914657197e-02	6.943252397839039247e-02
1.008675089547126618e+03	2.779737105058456836e-01	1.801390810917669894e-01	2.354825827326749443e-01	1.412272678218334521e-01	6.850611799927754098e-02	2.712984027842893844e-02	6.954139956984042859e-02
1.011093974653954206e+03	2.775562778617619575e-01	1.798615439016462425e-01	2.357729938370702327e-01	1.414007385951558671e-01	6.857985519782040795e-02	2.717864125822720689e-02	6.964994934798605930e-02
1.013512859760782021e+03	2.771400274556166110e-01	1.795847854228337925e-01	2.360625883305098871e-01	1.415736862109224226e-01	6.865336959933113214e-02	2.722736710225159840e-02	6.975817587820254406e-02
1.015931744867609382e+03	2.767249558967355139e-01	1.793088034694730049e-01	2.363513685060175951e-01	1.417461123091187936e-01	6.872666177025824052e-02	2.727601642197327592e-02	6.986608162609160566e-02
1.018350629974437197e+03	2.763110598039734689e-01	1.790335958618434198e-01	2.366393366501749196e-01	1.419180185441975550e-01	6.879973229267270785e-02	2.732458788434838012e-02	6.997366896245758860e-02
1.020769515081264785e+03	2.758983358057383595e-01	1.787591604263434608e-01	2.369264950431394234e-01	1.420894065836267317e-01	6.887258176313909575e-02	2.737308020964164187e-02	7.008094016803935455e-02
1.023188400188092373e+03	2.754867805400114111e-01	1.784854949954733649e-01	2.372128459586626270e-01	1.422602781065198940e-01	6.894521079164628308e-02	2.742149216934497077e-02	7.018789743800951664e-02
1.025607285294920075e+03	2.750763906543647330e-01	1.782125974078178909e-01	2.374983916641081882e-01	1.424306348023430813e-01	6.901762000059503965e-02	2.746982258418660672e-02	7.029454288625254510e-02
1.028026170401747549e+03	2.746671628059752512e-01	1.779404655080294440e-01	2.377831344204696384e-01	1.426004783696951106e-01	6.908981002383959846e-02	2.751807032222664678e-02	7.040087854943238854e-02
1.030445055508575479e+03	2.742590936616363662e-01	1.776690971468108948e-01	2.380670764823884233e-01	1.427698105151570807e-01	6.916178150578057571e-02	2.756623429703503741e-02	7.050690639085972766e-02
1.032863940615402726e+03	2.738521798977665012e-01	1.773984901808985937e-01	2.383502200981716668e-01	1.429386329522076837e-01	6.923353510050669901e-02	2.761431346594809405e-02	7.061262830416881187e-02
1.035282825722230655e+03	2.734464182004153754e-01	1.771286424730454667e-01	2.386325675098100729e-01	1.431069474002010788e-01	6.930507147098299847e-02	2.766230682840008920e-02	7.071804611681294095e-02
1.037701710829058356e+03	2.730418052652675565e-01	1.768595518920041687e-01	2.389141209529956067e-01	1.432747555834038844e-01	6.937639128828307356e-02	2.771021342432635620e-02	7.082316159338747363e-02
1.040120595935886058e+03	2.726383377976437927e-01	1.765912163125101242e-01	2.391948826571391462e-01	1.434420592300883202e-01	6.944749523086332643e-02	2.775803233263465092e-02	7.092797643878877289e-02
1.042539481042713533e+03	2.722360125125005692e-01	1.763236336152647910e-01	2.394748548453883297e-01	1.436088600716787234e-01	6.951838398387696905e-02	2.780576266974169042e-02	7.103249230121699842e-02
1.044958366149541234e+03	2.718348261344272765e-01	1.760568016869189512e-01	2.397540397346450136e-01	1.437751598419484689e-01	6.958905823852598593e-02	2.785340358817180867e-02	7.113671077503049001e-02
1.047377251256368709e+03	2.714347753976414923e-01	1.757907184200560302e-01	2.400324395355828977e-01	1.439409602762650453e-01	6.965951869144890174e-02	2.790095427521497098e-02	7.124063340345866691e-02
1.049796136363196410e+03	2.710358570459824867e-01	1.755253817131752492e-01	2.403100564526649829e-01	1.441062631108803449e-01	6.972976604414286850e-02	2.794841395164137515e-02	7.134426168118071510e-02
1.052215021470024112e+03	2.706380678329031730e-01	1.752607894706752489e-01	2.405868926841611410e-01	1.442710700822640857e-01	6.979980100241803265e-02	2.799578187047011696e-02	7.144759705677621031e-02
1.054633906576851814e+03	2.702414045214603378e-01	1.749969396028373536e-01	2.408629504221654893e-01	1.444353829264783118e-01	6.986962427588278013e-02	2.804305731578941169e-02	7.155064093505424105e-02
1.057052791683679516e+03	2.698458638843035939e-01	1.747338300258091670e-01	2.411382318526137380e-01	1.445992033785904185e-01	6.993923657745822198e-02	2.809023960162607136e-02	7.165339467926679085e-02
1.059471676790506763e+03	2.694514427036623361e-01	1.744714586615880303e-01	2.414127391553004820e-01	1.447625331721228703e-01	7.000863862292037998e-02	2.813732807086200341e-02	7.175585961321191697e-02
1.061890561897334692e+03	2.690581377713321398e-01	1.742098234380046184e-01	2.416864745038966589e-01	1.449253740385379186e-01	7.007783113046878176e-02	2.818432209419556231e-02	7.185803702323237396e-02
1.064309447004162394e+03	2.686659458886593299e-01	1.739489222887066200e-01	2.419594400659665911e-01	1.450877277067551541e-01	7.014681482032004978e-02	2.823122106914578364e-02	7.195992816011451132e-02
1.066728332110990095e+03	2.682748638665248264e-01	1.736887531531423612e-01	2.422316380029852223e-01	1.452495959027003680e-01	7.021559041432522130e-02	2.827802441909754716e-02	7.206153424089248305e-02
1.069147217217817570e+03	2.678848885253266032e-01	1.734293139765444025e-01	2.425030704703552975e-01	1.454109803488840003e-01	7.028415863560957821e-02	2.832473159238580590e-02	7.216285645056237652e-02
1.071566102324645271e+03	2.674960166949610363e-01	1.731706027099135514e-01	2.427737396174243500e-01	1.455718827640075930e-01	7.035252020823383468e-02	2.837134206141717421e-02	7.226389594371050717e-02
1.073984987431472746e+03	2.671082452148036968e-01	1.729126173100024588e-01	2.430436475875019098e-01	1.457323048625968898e-01	7.042067585687564191e-02	2.841785532182714707e-02	7.236465384606026452e-02
1.076403872538300675e+03	2.667215709336889784e-01	1.726553557392995208e-01	2.433127965178764340e-01	1.458922483546600257e-01	7.048862630653027206e-02	2.846427089167142058e-02	7.246513125594139515e-02
1.078822757645127922e+03	2.663359907098887258e-01	1.723988159660128638e-01	2.435811885398320997e-01	1.460517149453695041e-01	7.055637228222957913e-02	2.851058831064972460e-02	7.256532924568552534e-02
1.081241642751955851e+03	2.659515014110905851e-01	1.721429959640541074e-01	2.438488257786659008e-01	1.462107063347668767e-01	7.062391450877819610e-02	2.855680713936077642e-02	7.266524886295155916e-02
1.083660527858783553e+03	2.655680999143751331e-01	1.718878937130225992e-01	2.441157103537043849e-01	1.463692242174884084e-01	7.069125371050619111e-02	2.860292695858693626e-02	7.276489113198431058e-02
1.086079412965611255e+03	2.651857831061926740e-01	1.716335071981891502e-01	2.443818443783205840e-01	1.465272702825112794e-01	7.075839061103721128e-02	2.864894736860728111e-02	7.286425705480978343e-02
1.088498298072438729e+03	2.648045478823390364e-01	1.713798344104804361e-01	2.446472299599505851e-01	1.466848462129186625e-01	7.082532593307142021e-02	2.869486798853781995e-02	7.296334761236999977e-02
1.090917183179266431e+03	2.644243911479312592e-01	1.711268733464627878e-01	2.449118692001104325e-01	1.468419536856830077e-01	7.089206039818224392e-02	2.874068845569764316e-02	7.306216376560058234e-02
1.093336068286093905e+03	2.640453098173823343e-01	1.708746220083266210e-01	2.451757641944126154e-01	1.469985943714662013e-01	7.095859472662661982e-02	2.878640842499989236e-02	7.316070645645368631e-02
1.095754953392921607e+03	2.636673008143757269e-01	1.706230784038704762e-01	2.454389170325827763e-01	1.471547699344359084e-01	7.102492963716751373e-02	2.883202756836644384e-02	7.325897660886906970e-02
1.098173838499749309e+03	2.632903610718392295e-01	1.703722405464854206e-01	2.457013297984764200e-01	1.473104820320973452e-01	7.109106584690839947e-02	2.887754557416527881e-02	7.335697512969586997e-02
1.100592723606577010e+03	2.629144875319183727e-01	1.701221064551391993e-01	2.459630045700951229e-01	1.474657323151392363e-01	7.115700407113907666e-02	2.892296214666954107e-02	7.345470290956740422e-02
1.103011608713404712e+03	2.625396771459497236e-01	1.698726741543606922e-01	2.462239434196032695e-01	1.476205224272934546e-01	7.122274502319198008e-02	2.896827700553734203e-02	7.355216082373150499e-02
1.105430493820231959e+03	2.621659268744335192e-01	1.696239416742242045e-01	2.464841484133443728e-01	1.477748540052074844e-01	7.128828941430864763e-02	2.901348988531140746e-02	7.364934973283826514e-02
1.107849378927059888e+03	2.617932336870062993e-01	1.693759070503340347e-01	2.467436216118575332e-01	1.479287286783289856e-01	7.135363795351573613e-02	2.905860053493772299e-02	7.374627048368762039e-02
1.110268264033887590e+03	2.614215945624127069e-01	1.691285683238087922e-01	2.470023650698936757e-01	1.480821480688018499e-01	7.141879134751001612e-02	2.910360871730233862e-02	7.384292390993855981e-02
1.112687149140715292e+03	2.610510064884776771e-01	1.688819235412659381e-01	2.472603808364318978e-01	1.482351137913729966e-01	7.148375030055194312e-02	2.914851420878556559e-02	7.393931083278190708e-02
1.115106034247542766e+03	2.606814664620776822e-01	1.686359707548065190e-01	2.475176709546957621e-01	1.483876274533094120e-01	7.154851551436727797e-02	2.919331679883280933e-02	7.403543206157840728e-02
1.117524919354370468e+03	2.603129714891125324e-01	1.683907080219995966e-01	2.477742374621694499e-01	1.485396906543245688e-01	7.161308768805640934e-02	2.923801628954133744e-02	7.413128839446400664e-02
1.119943804461197942e+03	2.599455185844761762e-01	1.681461334058668988e-01	2.480300823906138319e-01	1.486913049865141168e-01	7.167746751801076788e-02	2.928261249526229945e-02	7.422688061892376843e-02
1.122362689568025871e+03	2.595791047720281131e-01	1.679022449748676649e-01	2.482852077660827050e-01	1.488424720342998442e-01	7.174165569783617913e-02	2.932710524221734949e-02	7.432220951233599326e-02
1.124781574674853118e+03	2.592137270845637498e-01	1.676590408028831580e-01	2.485396156089388631e-01	1.489931933743818826e-01	7.180565291828264196e-02	2.937149436812923689e-02	7.441727584248819527e-02
1.127200459781681047e+03	2.588493825637857015e-01	1.674165189692016220e-01	2.487933079338700837e-01	1.491434705756982393e-01	7.186945986718014379e-02	2.941577972186581666e-02	7.451208036806611368e-02
1.129619344888508749e+03	2.584860682602738713e-01	1.671746775585030431e-01	2.490462867499049771e-01	1.492933051993914351e-01	7.193307722938026283e-02	2.945996116309687954e-02	7.460662383911724482e-02
1.132038229995336451e+03	2.581237812334561954e-01	1.669335146608439957e-01	2.492985540604290839e-01	1.494426987987818589e-01	7.199650568670322437e-02	2.950403856196328820e-02	7.470090699749004637e-02
1.134457115102163925e+03	2.577625185515790562e-01	1.666930283716425709e-01	2.495501118632007520e-01	1.495916529193473121e-01	7.205974591789002237e-02	2.954801179875786096e-02	7.479493057725014604e-02
1.136876000208991627e+03	2.574022772916775281e-01	1.664532167916632499e-01	2.498009621503667621e-01	1.497401690987084644e-01	7.212279859855943998e-02	2.959188076361759720e-02	7.488869530507465122e-02
1.139294885315819101e+03	2.570430545395457900e-01	1.662140780270020268e-01	2.500511069084784821e-01	1.498882488666196944e-01	7.218566440116951088e-02	2.963564535622668222e-02	7.498220190062555857e-02
1.141713770422646803e+03	2.566848473897072047e-01	1.659756101890713931e-01	2.503005481185072156e-01	1.500358937449650931e-01	7.224834399498346327e-02	2.967930548552989364e-02	7.507545107690348496e-02
1.144132655529474505e+03	2.563276529453845654e-01	1.657378113945853215e-01	2.505492877558602727e-01	1.501831052477596018e-01	7.231083804603946619e-02	2.972286106945595807e-02	7.516844354058252464e-02
1.146551540636302207e+03	2.559714683184705075e-01	1.655006797655444728e-01	2.507973277903963738e-01	1.503298848811541466e-01	7.237314721712442833e-02	2.976631203465044534e-02	7.526117999232735667e-02
1.148970425743129908e+03	2.556162906294974224e-01	1.652642134292213183e-01	2.510446701864413321e-01	1.504762341434452977e-01	7.243527216775122457e-02	2.980965831621780818e-02	7.535366112709329656e-02
1.151389310849957155e+03	2.552621170076078139e-01	1.650284105181454020e-01	2.512913169028037630e-01	1.506221545250888971e-01	7.249721355413935031e-02	2.985289985747222735e-02	7.544588763441029133e-02
1.153808195956785084e+03	2.549089445905243778e-01	1.647932691700884633e-01	2.515372698927902939e-01	1.507676475087172396e-01	7.255897202919878164e-02	2.989603660969686674e-02	7.553786019865166290e-02
1.156227081063612786e+03	2.545567705245204149e-01	1.645587875280498658e-01	2.517825311042213854e-01	1.509127145691598337e-01	7.262054824251672203e-02	2.993906853191123651e-02	7.562957949928827972e-02
1.158645966170440488e+03	2.542055919643897433e-01	1.643249637402417751e-01	2.520271024794466519e-01	1.510573571734671050e-01	7.268194284034726338e-02	2.998199559064628969e-02	7.572104621112889233e-02
1.161064851277267962e+03	2.538554060734176110e-01	1.640917959600746157e-01	2.522709859553601275e-01	1.512015767809372913e-01	7.274315646560362836e-02	3.002481775972702313e-02	7.581226100454745154e-02
1.163483736384095664e+03	2.535062100233503868e-01	1.638592823461424708e-01	2.525141834634157534e-01	1.513453748431460855e-01	7.280418975785286906e-02	3.006753502006219089e-02	7.590322454569803368e-02
1.165902621490923138e+03	2.531580009943663057e-01	1.636274210622084835e-01	2.527566969296426436e-01	1.514887528039787212e-01	7.286504335331288329e-02	3.011014735944092524e-02	7.599393749671778941e-02
1.168321506597751068e+03	2.528107761750459370e-01	1.633962102771903679e-01	2.529985282746605724e-01	1.516317120996644452e-01	7.292571788485163742e-02	3.015265477233594962e-02	7.608440051591884579e-02
1.170740391704578315e+03	2.524645327623427082e-01	1.631656481651460044e-01	2.532396794136946294e-01	1.517742541588133209e-01	7.298621398198835986e-02	3.019505725971315113e-02	7.617461425796949459e-02
1.173159276811406244e+03	2.521192679615534837e-01	1.629357329052588954e-01	2.534801522565910403e-01	1.519163804024549203e-01	7.304653227089671907e-02	3.023735482884725226e-02	7.626457937406537491e-02
1.175578161918233945e+03	2.517749789862891996e-01	1.627064626818238435e-01	2.537199487078318771e-01	1.520580922440789018e-01	7.310667337440961144e-02	3.027954749314333907e-02	7.635429651209089952e-02
1.177997047025061647e+03	2.514316630584456647e-01	1.624778356842325744e-01	2.539590706665503239e-01	1.521993910896773661e-01	7.316663791202585032e-02	3.032163527196404113e-02	7.644376631677179956e-02
1.180415932131889122e+03	2.510893174081746393e-01	1.622498501069594701e-01	2.541975200265457202e-01	1.523402783377885983e-01	7.322642649991820130e-02	3.036361819046214106e-02	7.653298942981888453e-02
1.182834817238716823e+03	2.507479392738544144e-01	1.620225041495472196e-01	2.544352986762984381e-01	1.524807553795425596e-01	7.328603975094293010e-02	3.040549627941837446e-02	7.662196649006371152e-02
1.185253702345544298e+03	2.504075259020611677e-01	1.617957960165926912e-01	2.546724084989851478e-01	1.526208235987073225e-01	7.334547827465065506e-02	3.044726957508428131e-02	7.671069813358644129e-02
1.187672587452371999e+03	2.500680745475400424e-01	1.615697239177326383e-01	2.549088513724932503e-01	1.527604843717370042e-01	7.340474267729857338e-02	3.048893811902986251e-02	7.679918499383635300e-02
1.190091472559199701e+03	2.497295824731762814e-01	1.613442860676296553e-01	2.551446291694362545e-01	1.528997390678206170e-01	7.346383356186358959e-02	3.053050195799590985e-02	7.688742770174539221e-02
1.192510357666027403e+03	2.493920469499668058e-01	1.611194806859579942e-01	2.553797437571684315e-01	1.530385890489318612e-01	7.352275152805681779e-02	3.057196114375078724e-02	7.697542688583502990e-02
1.194929242772855105e+03	2.490554652569915706e-01	1.608953059973895205e-01	2.556141969977994144e-01	1.531770356698798352e-01	7.358149717233884723e-02	3.061331573295153485e-02	7.706318317231700132e-02
1.197348127879682352e+03	2.487198346813851713e-01	1.606717602315796689e-01	2.558479907482092419e-01	1.533150802783606048e-01	7.364007108793604872e-02	3.065456578700914356e-02	7.715069718518782760e-02
1.199767012986510281e+03	2.483851525183085884e-01	1.604488416231534820e-01	2.560811268600629020e-01	1.534527242150092730e-01	7.369847386485764429e-02	3.069571137195778107e-02	7.723796954631800826e-02
1.202185898093337983e+03	2.480514160709209603e-01	1.602265484116916494e-01	2.563136071798250426e-01	1.535899688134528263e-01	7.375670608991362343e-02	3.073675255832792122e-02	7.732500087553563495e-02
1.204604783200165684e+03	2.477186226503515776e-01	1.600048788417165468e-01	2.565454335487746262e-01	1.537268154003633147e-01	7.381476834673331155e-02	3.077768942102317509e-02	7.741179179070505068e-02
1.207023668306993159e+03	2.473867695756719887e-01	1.597838311626784136e-01	2.567766078030194743e-01	1.538632652955116975e-01	7.387266121578464628e-02	3.081852203920067493e-02	7.749834290780062418e-02
1.209442553413820860e+03	2.470558541738680780e-01	1.595634036289415303e-01	2.570071317735109218e-01	1.539993198118218554e-01	7.393038527439405039e-02	3.085925049615494478e-02	7.758465484097612497e-02
1.211861438520648335e+03	2.467258737798125046e-01	1.593435944997703968e-01	2.572370072860580836e-01	1.541349802554250470e-01	7.398794109676672115e-02	3.089987487920508799e-02	7.767072820262965749e-02
1.214280323627476264e+03	2.463968257362370295e-01	1.591244020393159375e-01	2.574662361613425654e-01	1.542702479257145598e-01	7.404532925400761356e-02	3.094039527958520469e-02	7.775656360346455687e-02
1.216699208734303511e+03	2.460687073937052327e-01	1.589058245166018457e-01	2.576948202149327294e-01	1.544051241154005549e-01	7.410255031414272886e-02	3.098081179233787633e-02	7.784216165254644049e-02
1.219118093841131440e+03	2.457415161105851176e-01	1.586878602055109277e-01	2.579227612572981831e-01	1.545396101105650510e-01	7.415960484214083326e-02	3.102112451621066858e-02	7.792752295735662360e-02
1.221536978947959142e+03	2.454152492530218554e-01	1.584705073847713364e-01	2.581500610938240459e-01	1.546737071907170191e-01	7.421649339993555139e-02	3.106133355355552086e-02	7.801264812384205161e-02
1.223955864054786844e+03	2.450899041949110291e-01	1.582537643379431092e-01	2.583767215248252702e-01	1.548074166288474496e-01	7.427321654644773730e-02	3.110143901023092183e-02	7.809753775646190166e-02
1.226374749161614318e+03	2.447654783178713489e-01	1.580376293534045129e-01	2.586027443455608532e-01	1.549407396914844748e-01	7.432977483760816462e-02	3.114144099550678058e-02	7.818219245823125607e-02
1.228793634268442020e+03	2.444419690112182020e-01	1.578221007243385543e-01	2.588281313462481581e-01	1.550736776387484639e-01	7.438616882638042493e-02	3.118133962197189649e-02	7.826661283076170872e-02
1.231212519375269494e+03	2.441193736719368124e-01	1.576071767487194908e-01	2.590528843120770142e-01	1.552062317244068679e-01	7.444239906278410368e-02	3.122113500544395140e-02	7.835079947429919589e-02
1.233631404482097196e+03	2.437976897046557623e-01	1.573928557292993413e-01	2.592770050232238721e-01	1.553384031959291756e-01	7.449846609391802543e-02	3.126082726488192687e-02	7.843475298775932913e-02
1.236050289588924898e+03	2.434769145216207076e-01	1.571791359735945637e-01	2.595004952548659038e-01	1.554701932945415088e-01	7.455437046398373513e-02	3.130041652230088761e-02	7.851847396876017460e-02
1.238469174695752372e+03	2.431570455426679267e-01	1.569660157938725376e-01	2.597233567771950469e-01	1.556016032552811901e-01	7.461011271430904868e-02	3.133990290268901663e-02	7.860196301365270088e-02
1.240888059802580301e+03	2.428380801951983692e-01	1.567534935071383528e-01	2.599455913554321596e-01	1.557326343070509211e-01	7.466569338337175621e-02	3.137928653392686035e-02	7.868522071754903424e-02
1.243306944909407548e+03	2.425200159141516765e-01	1.565415674351214870e-01	2.601672007498407324e-01	1.558632876726728511e-01	7.472111300682335311e-02	3.141856754670871443e-02	7.876824767434864594e-02
1.245725830016235477e+03	2.422028501419801194e-01	1.563302359042625100e-01	2.603881867157409880e-01	1.559935645689423667e-01	7.477637211751279878e-02	3.145774607446601839e-02	7.885104447676261064e-02
1.248144715123063179e+03	2.418865803286231464e-01	1.561194972456998453e-01	2.606085510035238695e-01	1.561234662066814938e-01	7.483147124551031704e-02	3.149682225329282492e-02	7.893361171633589413e-02
1.250563600229890881e+03	2.415712039314816262e-01	1.559093497952566132e-01	2.608282953586646968e-01	1.562529937907919941e-01	7.488641091813130757e-02	3.153579622187312193e-02	7.901594998346800347e-02
1.252982485336718355e+03	2.412567184153923683e-01	1.556997918934274749e-01	2.610474215217372107e-01	1.563821485203083506e-01	7.494119165996004917e-02	3.157466812141005580e-02	7.909805986743191630e-02
1.255401370443546057e+03	2.409431212526028931e-01	1.554908218853655044e-01	2.612659312284270618e-01	1.565109315884499752e-01	7.499581399287348626e-02	3.161343809555697271e-02	7.917994195639156685e-02
1.257820255550373531e+03	2.406304099227461468e-01	1.552824381208691429e-01	2.614838262095457999e-01	1.566393441826734456e-01	7.505027843606502935e-02	3.165210629035018070e-02	7.926159683741772211e-02
1.260239140657201460e+03	2.403185819128154932e-01	1.550746389543691262e-01	2.617011081910445291e-01	1.567673874847241300e-01	7.510458550606816108e-02	3.169067285414346041e-02	7.934302509650259516e-02
1.262658025764028707e+03	2.400076347171396784e-01	1.548674227449154672e-01	2.619177788940275087e-01	1.568950626706874518e-01	7.515873571678005627e-02	3.172913793754417872e-02	7.942422731857311236e-02
1.265076910870856636e+03	2.396975658373581564e-01	1.546607878561645777e-01	2.621338400347658637e-01	1.570223709110398769e-01	7.521272957948502147e-02	3.176750169335100515e-02	7.950520408750295920e-02
1.267495795977684338e+03	2.393883727823962748e-01	1.544547326563661949e-01	2.623492933247110748e-01	1.571493133706992340e-01	7.526656760287800396e-02	3.180576427649320359e-02	7.958595598612348831e-02
1.269914681084511813e+03	2.390800530684407954e-01	1.542492555183505865e-01	2.625641404705085780e-01	1.572758912090747585e-01	7.532025029308778152e-02	3.184392584397139486e-02	7.966648359623357267e-02
1.272333566191339514e+03	2.387726042189153852e-01	1.540443548195156720e-01	2.627783831740113651e-01	1.574021055801166635e-01	7.537377815370019385e-02	3.188198655479980437e-02	7.974678749860840410e-02
1.274752451298167216e+03	2.384660237644564140e-01	1.538400289418141442e-01	2.629920231322932511e-01	1.575279576323652952e-01	7.542715168578111029e-02	3.191994656994988355e-02	7.982686827300737586e-02
1.277171336404994690e+03	2.381603092428886681e-01	1.536362762717408403e-01	2.632050620376624739e-01	1.576534485089997328e-01	7.548037138789938372e-02	3.195780605229534693e-02	7.990672649818104933e-02
1.279590221511822392e+03	2.378554581992014250e-01	1.534330952003197801e-01	2.634175015776749618e-01	1.577785793478859167e-01	7.553343775614954070e-02	3.199556516655853444e-02	7.998636275187730182e-02
1.282009106618650094e+03	2.375514681855243337e-01	1.532304841230916204e-01	2.636293434351479337e-01	1.579033512816244711e-01	7.558635128417436067e-02	3.203322407925802973e-02	8.006577761084668343e-02
1.284427991725477568e+03	2.372483367611038230e-01	1.530284414401008597e-01	2.638405892881728887e-01	1.580277654375978336e-01	7.563911246318734405e-02	3.207078295865757600e-02	8.014497165084702446e-02
1.286846876832305497e+03	2.369460614922792863e-01	1.528269655558832929e-01	2.640512408101292618e-01	1.581518229380170504e-01	7.569172178199486123e-02	3.210824197471619929e-02	8.022394544664741833e-02
1.289265761939132744e+03	2.366446399524594901e-01	1.526260548794532990e-01	2.642612996696973027e-01	1.582755248999679343e-01	7.574417972701834312e-02	3.214560129903951124e-02	8.030269957203151066e-02
1.291684647045960673e+03	2.363440697220992037e-01	1.524257078242913788e-01	2.644707675308714534e-01	1.583988724354569722e-01	7.579648678231604153e-02	3.218286110483217777e-02	8.038123459980016372e-02
1.294103532152788375e+03	2.360443483886759397e-01	1.522259228083314986e-01	2.646796460529736161e-01	1.585218666514564834e-01	7.584864342960477568e-02	3.222002156685149082e-02	8.045955110177364922e-02
1.296522417259616077e+03	2.357454735466665563e-01	1.520266982539487111e-01	2.648879368906659759e-01	1.586445086499494173e-01	7.590065014828147050e-02	3.225708286136205055e-02	8.053764964879323029e-02
1.298941302366443551e+03	2.354474427975243866e-01	1.518280325879465820e-01	2.650956416939646010e-01	1.587667995279736510e-01	7.595250741544437578e-02	3.229404516609147430e-02	8.061553081072235505e-02
1.301360187473271253e+03	2.351502537496560630e-01	1.516299242415448112e-01	2.653027621082520437e-01	1.588887403776657603e-01	7.600421570591425757e-02	3.233090866018717424e-02	8.069319515644732266e-02
1.303779072580098727e+03	2.348539040183988680e-01	1.514323716503668815e-01	2.655092997742904415e-01	1.590103322863042901e-01	7.605577549225527034e-02	3.236767352417413424e-02	8.077064325387751931e-02
1.306197957686926657e+03	2.345583912259978365e-01	1.512353732544275686e-01	2.657152563282348390e-01	1.591315763363525815e-01	7.610718724479562103e-02	3.240433993991360950e-02	8.084787566994537655e-02
1.308616842793753904e+03	2.342637130015832736e-01	1.510389274981207286e-01	2.659206334016456785e-01	1.592524736055009882e-01	7.615845143164812203e-02	3.244090809056286023e-02	8.092489297060583009e-02
1.311035727900581833e+03	2.339698669811481058e-01	1.508430328302069190e-01	2.661254326215019006e-01	1.593730251667087316e-01	7.620956851873045279e-02	3.247737816053572479e-02	8.100169572083562586e-02
1.313454613007409534e+03	2.336768508075255657e-01	1.506476877038012696e-01	2.663296556102139889e-01	1.594932320882452015e-01	7.626053896978521318e-02	3.251375033546415050e-02	8.107828448463208493e-02
1.315873498114237009e+03	2.333846621303669044e-01	1.504528905763610480e-01	2.665333039856365716e-01	1.596130954337307284e-01	7.631136324639976876e-02	3.255002480216056399e-02	8.115465982501182673e-02
1.318292383221064711e+03	2.330932986061192425e-01	1.502586399096737246e-01	2.667363793610813549e-01	1.597326162621769130e-01	7.636204180802594332e-02	3.258620174858115059e-02	8.123082230400906212e-02
1.320711268327892412e+03	2.328027578980034762e-01	1.500649341698445938e-01	2.669388833453298915e-01	1.598517956280263996e-01	7.641257511199940622e-02	3.262228136378988314e-02	8.130677248267374757e-02
1.323130153434719887e+03	2.325130376759923512e-01	1.498717718272847832e-01	2.671408175426460696e-01	1.599706345811923724e-01	7.646296361355889304e-02	3.265826383792342497e-02	8.138251092106943418e-02
1.325549038541547588e+03	2.322241356167885074e-01	1.496791513566991250e-01	2.673421835527892698e-01	1.600891341670972745e-01	7.651320776586525985e-02	3.269414936215680328e-02	8.145803817827107496e-02
1.327967923648375290e+03	2.319360494038029408e-01	1.494870712370741095e-01	2.675429829710265772e-01	1.602072954267111937e-01	7.656330802002013491e-02	3.272993812866982488e-02	8.153335481236245741e-02
1.330386808755202765e+03	2.316487767271332709e-01	1.492955299516658396e-01	2.677432173881457156e-01	1.603251193965898325e-01	7.661326482508461211e-02	3.276563033061431762e-02	8.160846138043362230e-02
1.332805693862030694e+03	2.313623152835421748e-01	1.491045259879880402e-01	2.679428883904674263e-01	1.604426071089118944e-01	7.666307862809756957e-02	3.280122616208198255e-02	8.168335843857812972e-02
1.335224578968857941e+03	2.310766627764359871e-01	1.489140578378002344e-01	2.681419975598581806e-01	1.605597595915159714e-01	7.671274987409373858e-02	3.283672581807309254e-02	8.175804654189004761e-02
1.337643464075685870e+03	2.307918169158434674e-01	1.487241239970956141e-01	2.683405464737425583e-01	1.606765778679371814e-01	7.676227900612166144e-02	3.287212949446576687e-02	8.183252624446103740e-02
1.340062349182513572e+03	2.305077754183945116e-01	1.485347229660892998e-01	2.685385367051157934e-01	1.607930629574430281e-01	7.681166646526144115e-02	3.290743738798600909e-02	8.190679809937718991e-02
1.342481234289341273e+03	2.302245360072990299e-01	1.483458532492065163e-01	2.687359698225562643e-01	1.609092158750691781e-01	7.686091269064215803e-02	3.294264969617839017e-02	8.198086265871579181e-02
1.344900119396168748e+03	2.299420964123260192e-01	1.481575133550706025e-01	2.689328473902377614e-01	1.610250376316543497e-01	7.691001811945918920e-02	3.297776661737730070e-02	8.205472047354209209e-02
1.347319004502996449e+03	2.296604543697825795e-01	1.479697017964913819e-01	2.691291709679421440e-01	1.611405292338750905e-01	7.695898318699126439e-02	3.301278835067895240e-02	8.212837209390590198e-02
1.349737889609823924e+03	2.293796076224931813e-01	1.477824170904533663e-01	2.693249421110713304e-01	1.612556916842800003e-01	7.700780832661729969e-02	3.304771509591392098e-02	8.220181806883823661e-02
1.352156774716651853e+03	2.290995539197788478e-01	1.475956577581040152e-01	2.695201623706597882e-01	1.613705259813234816e-01	7.705649396983305088e-02	3.308254705362029952e-02	8.227505894634780381e-02
1.354575659823479100e+03	2.288202910174365889e-01	1.474094223247421065e-01	2.697148332933870241e-01	1.614850331193990185e-01	7.710504054626758641e-02	3.311728442501742087e-02	8.234809527341756252e-02
1.356994544930307029e+03	2.285418166777190008e-01	1.472237093198059399e-01	2.699089564215893522e-01	1.615992140888721784e-01	7.715344848369945496e-02	3.315192741198022541e-02	8.242092759600119778e-02
1.359413430037134731e+03	2.282641286693136706e-01	1.470385172768619020e-01	2.701025332932723289e-01	1.617130698761130858e-01	7.720171820807272822e-02	3.318647621701406591e-02	8.249355645901954026e-02
1.361832315143962205e+03	2.279872247673229435e-01	1.468538447335928088e-01	2.702955654421230203e-01	1.618266014635283689e-01	7.724985014351284929e-02	3.322093104323018548e-02	8.256598240635709685e-02
1.364251200250789907e+03	2.277111027532436882e-01	1.466696902317863038e-01	2.704880543975220486e-01	1.619398098295928845e-01	7.729784471234224519e-02	3.325529209432165345e-02	8.263820598085841462e-02
1.366670085357617609e+03	2.274357604149471745e-01	1.464860523173233398e-01	2.706800016845556378e-01	1.620526959488809704e-01	7.734570233509568959e-02	3.328955957453982178e-02	8.271022772432459758e-02
1.369088970464445310e+03	2.271611955466589228e-01	1.463029295401667151e-01	2.708714088240278262e-01	1.621652607920971156e-01	7.739342343053562390e-02	3.332373368867131563e-02	8.278204817750973998e-02
1.371507855571272785e+03	2.268874059489389694e-01	1.461203204543496392e-01	2.710622773324722345e-01	1.622775053261064637e-01	7.744100841566706195e-02	3.335781464201553054e-02	8.285366788011735983e-02
1.373926740678100487e+03	2.266143894286617444e-01	1.459382236179642967e-01	2.712526087221643345e-01	1.623894305139648442e-01	7.748845770575248093e-02	3.339180264036255286e-02	8.292508737079697101e-02
1.376345625784927961e+03	2.263421437989965590e-01	1.457566375931503844e-01	2.714424045011333830e-01	1.625010373149483323e-01	7.753577171432644854e-02	3.342569788997164226e-02	8.299630718714050281e-02
1.378764510891755890e+03	2.260706668793877050e-01	1.455755609460838429e-01	2.716316661731740800e-01	1.626123266845825310e-01	7.758295085321006979e-02	3.345950059755010281e-02	8.306732786567891380e-02
1.381183395998583137e+03	2.257999564955350258e-01	1.453949922469654765e-01	2.718203952378587807e-01	1.627232995746712985e-01	7.762999553252523943e-02	3.349321097023266747e-02	8.313814994187876395e-02
1.383602281105411066e+03	2.255300104793743210e-01	1.452149300700096290e-01	2.720085931905492638e-01	1.628339569333253356e-01	7.767690616070868637e-02	3.352682921556126433e-02	8.320877395013877298e-02
1.386021166212238768e+03	2.252608266690578898e-01	1.450353729934329705e-01	2.721962615224085558e-01	1.629442997049901920e-01	7.772368314452587912e-02	3.356035554146526850e-02	8.327920042378654519e-02
1.388440051319066470e+03	2.249924029089354072e-01	1.448563195994432284e-01	2.723834017204125324e-01	1.630543288304739935e-01	7.777032688908473712e-02	3.359379015624216341e-02	8.334942989507521105e-02
1.390858936425893944e+03	2.247247370495344398e-01	1.446777684742280301e-01	2.725700152673620202e-01	1.631640452469748648e-01	7.781683779784911992e-02	3.362713326853861151e-02	8.341946289518019364e-02
1.393277821532721646e+03	2.244578269475414056e-01	1.444997182079436893e-01	2.727561036418942875e-01	1.632734498881077689e-01	7.786321627265213596e-02	3.366038508733191353e-02	8.348929995419601680e-02
1.395696706639549120e+03	2.241916704657825055e-01	1.443221673947039929e-01	2.729416683184949788e-01	1.633825436839312639e-01	7.790946271370940979e-02	3.369354582191187719e-02	8.355894160113316871e-02
1.398115591746377049e+03	2.239262654732047386e-01	1.441451146325693211e-01	2.731267107675093841e-01	1.634913275609737870e-01	7.795557751963194670e-02	3.372661568186310910e-02	8.362838836391495168e-02
1.400534476853204296e+03	2.236616098448568624e-01	1.439685585235352394e-01	2.733112324551544292e-01	1.635998024422594954e-01	7.800156108743905303e-02	3.375959487704764672e-02	8.369764076937448449e-02
1.402953361960032225e+03	2.233977014618707679e-01	1.437924976735217852e-01	2.734952348435301106e-01	1.637079692473339954e-01	7.804741381257089550e-02	3.379248361758795116e-02	8.376669934325170486e-02
1.405372247066859927e+03	2.231345382114425790e-01	1.436169306923621714e-01	2.736787193906310978e-01	1.638158288922894890e-01	7.809313608890103287e-02	3.382528211385029543e-02	8.383556461019046890e-02
1.407791132173687402e+03	2.228721179868140556e-01	1.434418561937920167e-01	2.738616875503583903e-01	1.639233822897897819e-01	7.813872830874872555e-02	3.385799057642849968e-02	8.390423709373567851e-02
1.410210017280515103e+03	2.226104386872540530e-01	1.432672727954382719e-01	2.740441407725304757e-01	1.640306303490947915e-01	7.818419086289105091e-02	3.389060921612800648e-02	8.397271731633053349e-02
1.412628902387342805e+03	2.223494982180398982e-01	1.430931791188082836e-01	2.742260805028950976e-01	1.641375739760849717e-01	7.822952414057490755e-02	3.392313824395029598e-02	8.404100579931370052e-02
1.415047787494170507e+03	2.220892944904390154e-01	1.429195737892789975e-01	2.744075081831407470e-01	1.642442140732851830e-01	7.827472852952882532e-02	3.395557787107764125e-02	8.410910306291681515e-02
1.417466672600997981e+03	2.218298254216906629e-01	1.427464554360859950e-01	2.745884252509076529e-01	1.643505515398882844e-01	7.831980441597465037e-02	3.398792830885820349e-02	8.417700962626173400e-02
1.419885557707825683e+03	2.215710889349875035e-01	1.425738226923126961e-01	2.747688331397996619e-01	1.644565872717786426e-01	7.836475218463906378e-02	3.402018976879141177e-02	8.424472600735810612e-02
1.422304442814653157e+03	2.213130829594575355e-01	1.424016741948796461e-01	2.749487332793953409e-01	1.645623221615550302e-01	7.840957221876493355e-02	3.405236246251366894e-02	8.431225272310088892e-02
1.424723327921481086e+03	2.210558054301459685e-01	1.422300085845335793e-01	2.751281270952591340e-01	1.646677570985534134e-01	7.845426490012251397e-02	3.408444660178440444e-02	8.437959028926797500e-02
1.427142213028308333e+03	2.207992542879971265e-01	1.420588245058367893e-01	2.753070160089529095e-01	1.647728929688694055e-01	7.849883060902052012e-02	3.411644239847235610e-02	8.444673922051784687e-02
1.429561098135136262e+03	2.205434274798364902e-01	1.418881206071564149e-01	2.754854014380470062e-01	1.648777306553804167e-01	7.854326972431699416e-02	3.414835006454221278e-02	8.451370003038739809e-02
1.431979983241963964e+03	2.202883229583528502e-01	1.417178955406536989e-01	2.756632847961316135e-01	1.649822710377674417e-01	7.858758262343011614e-02	3.418016981204147209e-02	8.458047323128972672e-02
1.434398868348791666e+03	2.200339386820803489e-01	1.415481479622733851e-01	2.758406674928278179e-01	1.650865149925368480e-01	7.863176968234884823e-02	3.421190185308767284e-02	8.464705933451201203e-02
1.436817753455619140e+03	2.197802726153809671e-01	1.413788765317331164e-01	2.760175509337987054e-01	1.651904633930414423e-01	7.867583127564337087e-02	3.424354639985581483e-02	8.471345885021351607e-02
1.439236638562446842e+03	2.195273227284266215e-01	1.412100799125127482e-01	2.761939365207607966e-01	1.652941171095017037e-01	7.871976777647543555e-02	3.427510366456609087e-02	8.477967228742358530e-02
1.441655523669274316e+03	2.192750869971816785e-01	1.410417567718438847e-01	2.763698256514947049e-01	1.653974770090263779e-01	7.876357955660857890e-02	3.430657385947189636e-02	8.484570015403986032e-02
1.444074408776102018e+03	2.190235634033854129e-01	1.408739057806993600e-01	2.765452197198564055e-01	1.655005439556331281e-01	7.880726698641823957e-02	3.433795719684807485e-02	8.491154295682638853e-02
1.446493293882929493e+03	2.187727499345345494e-01	1.407065256137826348e-01	2.767201201157882817e-01	1.656033188102686848e-01	7.885083043490161148e-02	3.436925388897939249e-02	8.497720120141186162e-02
1.448912178989757422e+03	2.185226445838658327e-01	1.405396149495173608e-01	2.768945282253301166e-01	1.657058024308288025e-01	7.889427026968751089e-02	3.440046414814933173e-02	8.504267539228797801e-02
1.451331064096585123e+03	2.182732453503387349e-01	1.403731724700370276e-01	2.770684454306300282e-01	1.658079956721781045e-01	7.893758685704604927e-02	3.443158818662906545e-02	8.510796603280788852e-02
1.453749949203412370e+03	2.180245502386181367e-01	1.402071968611744157e-01	2.772418731099554612e-01	1.659098993861694016e-01	7.898078056189816731e-02	3.446262621666670162e-02	8.517307362518457270e-02
1.456168834310240300e+03	2.177765572590573406e-01	1.400416868124512992e-01	2.774148126377037893e-01	1.660115144216631200e-01	7.902385174782507182e-02	3.449357845047675702e-02	8.523799867048945100e-02
1.458587719417068001e+03	2.175292644276807241e-01	1.398766410170680374e-01	2.775872653844135840e-01	1.661128416245460926e-01	7.906680077707756160e-02	3.452444510022983915e-02	8.530274166865095542e-02
1.461006604523895703e+03	2.172826697661667805e-01	1.397120581718932775e-01	2.777592327167753838e-01	1.662138818377504323e-01	7.910962801058517291e-02	3.455522637804257780e-02	8.536730311845322494e-02
1.463425489630723177e+03	2.170367713018311329e-01	1.395479369774537126e-01	2.779307159976421304e-01	1.663146359012720177e-01	7.915233380796522777e-02	3.458592249596777884e-02	8.543168351753482881e-02
1.465844374737550879e+03	2.167915670676096862e-01	1.393842761379237016e-01	2.781017165860403817e-01	1.664151046521887556e-01	7.919491852753188232e-02	3.461653366598477222e-02	8.549588336238762853e-02
1.468263259844378354e+03	2.165470551020416690e-01	1.392210743611150547e-01	2.782722358371808591e-01	1.665152889246787338e-01	7.923738252630481427e-02	3.464706009998998193e-02	8.555990314835563992e-02
1.470682144951206283e+03	2.163032334492528963e-01	1.390583303584668751e-01	2.784422751024693277e-01	1.666151895500379565e-01	7.927972616001804917e-02	3.467750200978771818e-02	8.562374336963393673e-02
1.473101030058033530e+03	2.160601001589390890e-01	1.388960428450353723e-01	2.786118357295169767e-01	1.667148073566979416e-01	7.932194978312849531e-02	3.470785960708112905e-02	8.568740451926774859e-02
1.475519915164861459e+03	2.158176532863491093e-01	1.387342105394836489e-01	2.787809190621513555e-01	1.668141431702432342e-01	7.936405374882446462e-02	3.473813310346340194e-02	8.575088708915148961e-02
1.477938800271689161e+03	2.155758908922685013e-01	1.385728321640716521e-01	2.789495264404269204e-01	1.669131978134285044e-01	7.940603840903405486e-02	3.476832271040913858e-02	8.581419157002792564e-02
1.480357685378516862e+03	2.153348110430028661e-01	1.384119064446460157e-01	2.791176592006355262e-01	1.670119721061955331e-01	7.944790411443343470e-02	3.479842863926591728e-02	8.587731845148736942e-02
1.482776570485344337e+03	2.150944118103614300e-01	1.382514321106300126e-01	2.792853186753171957e-01	1.671104668656900605e-01	7.948965121445494830e-02	3.482845110124604265e-02	8.594026822196697279e-02
