1.001418434226643626e+03	2.792208853673741609e-01	1.809928805182105249e-01	2.346030471822164454e-01	1.407026811536258859e-01	6.828430137602087280e-02	2.697919691954896171e-02	6.921700748267185788e-02
1.002869765290740247e+03	2.789680764884664987e-01	1.808249431465836776e-01	2.347788617681645096e-01	1.408077779413456909e-01	6.832897224750653087e-02	2.700860639125290258e-02	6.928276201634883669e-02
1.004321096354836754e+03	2.787156976255315555e-01	1.806572884914403321e-01	2.349543797175325244e-01	1.409126843161257470e-01	6.837356222530660554e-02	2.703799083405346651e-02	6.934839678967850973e-02
1.005772427418933376e+03	2.784637480381843000e-01	1.804899160766249566e-01	2.351296015301108655e-01	1.410174006181195983e-01	6.841807141717036467e-02	2.706734989886825510e-02	6.941391242059037625e-02
1.007223758483029997e+03	2.782122269872594478e-01	1.803228254267841280e-01	2.353045277048475548e-01	1.411219271901978378e-01	6.846249993352132579e-02	2.709668324501537939e-02	6.947930951204306371e-02
1.008675089547126618e+03	2.779611337348144029e-01	1.801560160673650324e-01	2.354791587398494535e-01	1.412262643778056104e-01	6.850684788734801023e-02	2.712599054001099685e-02	6.954458865247520327e-02
1.010126420611223239e+03	2.777104675441322557e-01	1.799894875246141612e-01	2.356534951323837057e-01	1.413304125288250279e-01	6.855111539409818044e-02	2.715527145937222595e-02	6.960975041624306581e-02
1.011577751675319632e+03	2.774602276797245581e-01	1.798232393255760342e-01	2.358275373788793206e-01	1.414343719934419985e-01	6.859530257157629707e-02	2.718452568642531000e-02	6.967479536404511120e-02
1.013029082739416367e+03	2.772104134073336001e-01	1.796572709980916727e-01	2.360012859749283098e-01	1.415381431240178844e-01	6.863940953984425108e-02	2.721375291211890549e-02	6.973972404333400599e-02
1.014480413803512761e+03	2.769610239939349072e-01	1.794915820707974619e-01	2.361747414152872981e-01	1.416417262749649630e-01	6.868343642112537117e-02	2.724295283484227254e-02	6.980453698871634527e-02
1.015931744867609382e+03	2.767120587077393501e-01	1.793261720731237352e-01	2.363479041938789105e-01	1.417451218026265225e-01	6.872738333971123437e-02	2.727212516024834707e-02	6.986923472234046750e-02
1.017383075931706003e+03	2.764635168181953095e-01	1.791610405352933588e-01	2.365207748037930768e-01	1.418483300651607881e-01	6.877125042187166859e-02	2.730126960108144110e-02	6.993381775427294500e-02
1.018834406995802851e+03	2.762153975959901198e-01	1.789961869883205381e-01	2.366933537372885310e-01	1.419513514224287620e-01	6.881503779576754465e-02	2.733038587700954009e-02	6.999828658286354199e-02
1.020285738059899245e+03	2.759677003130521777e-01	1.788316109640093465e-01	2.368656414857941983e-01	1.420541862358860041e-01	6.885874559136628825e-02	2.735947371446097870e-02	7.006264169509961171e-02
1.021737069123995752e+03	2.757204242425519980e-01	1.786673119949525046e-01	2.370376385399105557e-01	1.421568348684780214e-01	6.890237394036026475e-02	2.738853284646544303e-02	7.012688356694983527e-02
1.023188400188092373e+03	2.754735686589040999e-01	1.785032896145299364e-01	2.372093453894110471e-01	1.422592976845391266e-01	6.894592297608764797e-02	2.741756301249914651e-02	7.019101266369769110e-02
1.024639731252188767e+03	2.752271328377677850e-01	1.783395433569076038e-01	2.373807625232434437e-01	1.423615750496949051e-01	6.898939283345589812e-02	2.744656395833406856e-02	7.025502944026507102e-02
1.026091062316285615e+03	2.749811160560483581e-01	1.781760727570360359e-01	2.375518904295312872e-01	1.424636673307680401e-01	6.903278364886772378e-02	2.747553543589115188e-02	7.031893434152619582e-02
1.027542393380382237e+03	2.747355175918980708e-01	1.780128773506490514e-01	2.377227295955753328e-01	1.425655748956873026e-01	6.907609556014947250e-02	2.750447720309730920e-02	7.038272780261220496e-02
1.028993724444478858e+03	2.744903367247171766e-01	1.778499566742624827e-01	2.378932805078547708e-01	1.426672981133996487e-01	6.911932870648176963e-02	2.753338902374619784e-02	7.044641024920668404e-02
1.030445055508575479e+03	2.742455727351542638e-01	1.776873102651728431e-01	2.380635436520287251e-01	1.427688373537855104e-01	6.916248322833253026e-02	2.756227066736259557e-02	7.050998209783228277e-02
1.031896386572671872e+03	2.740012249051068105e-01	1.775249376614559393e-01	2.382335195129376693e-01	1.428701929875769439e-01	6.920555926739202501e-02	2.759112190907032913e-02	7.057344375612895071e-02
1.033347717636768493e+03	2.737572925177220728e-01	1.773628384019656223e-01	2.384032085746047580e-01	1.429713653862786649e-01	6.924855696651023573e-02	2.761994252946360986e-02	7.063679562312366600e-02
1.034799048700865114e+03	2.735137748573970851e-01	1.772010120263325106e-01	2.385726113202371323e-01	1.430723549220918323e-01	6.929147646963615403e-02	2.764873231448169988e-02	7.070003808949226753e-02
1.036250379764961508e+03	2.732706712097787149e-01	1.770394580749626301e-01	2.387417282322274459e-01	1.431731619678405232e-01	6.933431792175914765e-02	2.767749105528685347e-02	7.076317153781339075e-02
1.037701710829058356e+03	2.730279808617642745e-01	1.768781760890360266e-01	2.389105597921550861e-01	1.432737868969009287e-01	6.937708146885221416e-02	2.770621854814537058e-02	7.082619634281477061e-02
1.039153041893154750e+03	2.727857031015012423e-01	1.767171656105057109e-01	2.390791064807877009e-01	1.433742300831328531e-01	6.941976725781719149e-02	2.773491459431173117e-02	7.088911287161231423e-02
1.040604372957251599e+03	2.725438372183870972e-01	1.765564261820960767e-01	2.392473687780823921e-01	1.434744919008137665e-01	6.946237543643175860e-02	2.776357899991572023e-02	7.095192148394187381e-02
1.042055704021347992e+03	2.723023825030694844e-01	1.763959573473017350e-01	2.394153471631872976e-01	1.435745727245754111e-01	6.950490615329818489e-02	2.779221157585243240e-02	7.101462253238415012e-02
1.043507035085444613e+03	2.720613382474456055e-01	1.762357586503862650e-01	2.395830421144427291e-01	1.436744729293422951e-01	6.954735955779380030e-02	2.782081213767510081e-02	7.107721636258287901e-02
1.044958366149541234e+03	2.718207037446621066e-01	1.760758296363807984e-01	2.397504541093827268e-01	1.437741928902727395e-01	6.958973580002322801e-02	2.784938050549065625e-02	7.113970331345642606e-02
1.046409697213637855e+03	2.715804782891144686e-01	1.759161698510827987e-01	2.399175836247363081e-01	1.438737329827020628e-01	6.963203503077207424e-02	2.787791650385796835e-02	7.120208371740303910e-02
1.047861028277734476e+03	2.713406611764466736e-01	1.757567788410547560e-01	2.400844311364288275e-01	1.439730935820875413e-01	6.967425740146229729e-02	2.790641996168866795e-02	7.126435790050000829e-02
1.049312359341831097e+03	2.711012517035503722e-01	1.755976561536229108e-01	2.402509971195833927e-01	1.440722750639558125e-01	6.971640306410907539e-02	2.793489071215047442e-02	7.132652618269673395e-02
1.050763690405927491e+03	2.708622491685643840e-01	1.754388013368759769e-01	2.404172820485221962e-01	1.441712778038519438e-01	6.975847217127910393e-02	2.796332859257298978e-02	7.138858887800214603e-02
1.052215021470024112e+03	2.706236528708739764e-01	1.752802139396637815e-01	2.405832863967678759e-01	1.442701021772904435e-01	6.980046487605040539e-02	2.799173344435588323e-02	7.145054629466636442e-02
1.053666352534120733e+03	2.703854621111099199e-01	1.751218935115960718e-01	2.407490106370447913e-01	1.443687485597082432e-01	6.984238133197344378e-02	2.802010511287935518e-02	7.151239873535693292e-02
1.055117683598217127e+03	2.701476761911476010e-01	1.749638396030412102e-01	2.409144552412804396e-01	1.444672173264192339e-01	6.988422169303355747e-02	2.804844344741689796e-02	7.157414649732975198e-02
1.056569014662313975e+03	2.699102944141062443e-01	1.748060517651248424e-01	2.410796206806068431e-01	1.445655088525708010e-01	6.992598611361480754e-02	2.807674830105023195e-02	7.163578987259491826e-02
1.058020345726410369e+03	2.696733160843477473e-01	1.746485295497287038e-01	2.412445074253617983e-01	1.446636235131016635e-01	6.996767474846500579e-02	2.810501953058635802e-02	7.169732914807745716e-02
1.059471676790506763e+03	2.694367405074755140e-01	1.744912725094892592e-01	2.414091159450902635e-01	1.447615616827017948e-01	7.000928775266196391e-02	2.813325699647670555e-02	7.175876460577329530e-02
1.060923007854603611e+03	2.692005669903334564e-01	1.743342801977965650e-01	2.415734467085456638e-01	1.448593237357733710e-01	7.005082528158093624e-02	2.816146056273828233e-02	7.182009652290057000e-02
1.062374338918700232e+03	2.689647948410048839e-01	1.741775521687928541e-01	2.417375001836912785e-01	1.449569100463937166e-01	7.009228749086320043e-02	2.818963009687680196e-02	7.188132517204619265e-02
1.063825669982796853e+03	2.687294233688108935e-01	1.740210879773713415e-01	2.419012768377015454e-01	1.450543209882793894e-01	7.013367453638581772e-02	2.821776546981170225e-02	7.194245082130816538e-02
1.065277001046893474e+03	2.684944518843095929e-01	1.738648871791749206e-01	2.420647771369634493e-01	1.451515569347519019e-01	7.017498657423237862e-02	2.824586655580302655e-02	7.200347373443355403e-02
1.066728332110990095e+03	2.682598796992943235e-01	1.737089493305950250e-01	2.422280015470777426e-01	1.452486182587045815e-01	7.021622376066481708e-02	2.827393323238012318e-02	7.206439417095220068e-02
1.068179663175086489e+03	2.680257061267924401e-01	1.735532739887701292e-01	2.423909505328603331e-01	1.453455053325709845e-01	7.025738625209629329e-02	2.830196538027208997e-02	7.212521238630650866e-02
1.069630994239183110e+03	2.677919304810638668e-01	1.733978607115847226e-01	2.425536245583436168e-01	1.454422185282944757e-01	7.029847420506497857e-02	2.832996288333992224e-02	7.218592863197720311e-02
1.071082325303279504e+03	2.675585520775994319e-01	1.732427090576678930e-01	2.427160240867777818e-01	1.455387582172990579e-01	7.033948777620881165e-02	2.835792562851033316e-02	7.224654315560534446e-02
1.072533656367376352e+03	2.673255702331196471e-01	1.730878185863922170e-01	2.428781495806321966e-01	1.456351247704615048e-01	7.038042712224126807e-02	2.838585350571120117e-02	7.230705620111060883e-02
1.073984987431472746e+03	2.670929842655728192e-01	1.729331888578724274e-01	2.430400015015966586e-01	1.457313185580844939e-01	7.042129239992780954e-02	2.841374640780857525e-02	7.236746800880596020e-02
1.075436318495569594e+03	2.668607934941334414e-01	1.727788194329640814e-01	2.432015803105826157e-01	1.458273399498709322e-01	7.046208376606347135e-02	2.844160423054521367e-02	7.242777881550888086e-02
1.076887649559666215e+03	2.666289972392009711e-01	1.726247098732624496e-01	2.433628864677247483e-01	1.459231893148996151e-01	7.050280137745101872e-02	2.846942687248063195e-02	7.248798885464918795e-02
1.078338980623762609e+03	2.663975948223975543e-01	1.724708597411012401e-01	2.435239204323819961e-01	1.460188670216014672e-01	7.054344539088014399e-02	2.849721423493258021e-02	7.254809835637361648e-02
1.079790311687859230e+03	2.661665855665667491e-01	1.723172685995512932e-01	2.436846826631390850e-01	1.461143734377371994e-01	7.058401596310724668e-02	2.852496622191994305e-02	7.260810754764714103e-02
1.081241642751955851e+03	2.659359687957714158e-01	1.721639360124193885e-01	2.438451736178076645e-01	1.462097089303757425e-01	7.062451325083615727e-02	2.855268274010700977e-02	7.266801665235125829e-02
1.082692973816052472e+03	2.657057438352921630e-01	1.720108615442470235e-01	2.440053937534276962e-01	1.463048738658739023e-01	7.066493741069945766e-02	2.858036369874908042e-02	7.272782589137929965e-02
1.084144304880149093e+03	2.654759100116255155e-01	1.718580447603090811e-01	2.441653435262688687e-01	1.463998686098565150e-01	7.070528859924057885e-02	2.860800900963937979e-02	7.278753548272871854e-02
1.085595635944245487e+03	2.652464666524819159e-01	1.717054852266127196e-01	2.443250233918316527e-01	1.464946935271978501e-01	7.074556697289657858e-02	2.863561858705724467e-02	7.284714564159074091e-02
1.087046967008342108e+03	2.650174130867839484e-01	1.715531825098960683e-01	2.444844338048487997e-01	1.465893489820037920e-01	7.078577268798157129e-02	2.866319234771751157e-02	7.290665658043707364e-02
1.088498298072438729e+03	2.647887486446643956e-01	1.714011361776269504e-01	2.446435752192865354e-01	1.466838353375947424e-01	7.082590590067086578e-02	2.869073021072113261e-02	7.296606850910411501e-02
1.089949629136535123e+03	2.645604726574642962e-01	1.712493457980018285e-01	2.448024480883458920e-01	1.467781529564896048e-01	7.086596676698565800e-02	2.871823209750696757e-02	7.302538163487450051e-02
1.091400960200631971e+03	2.643325844577310013e-01	1.710978109399443614e-01	2.449610528644640406e-01	1.468723022003901313e-01	7.090595544277832063e-02	2.874569793180467916e-02	7.308459616255619240e-02
1.092852291264728365e+03	2.641050833792163433e-01	1.709465311731042936e-01	2.451193899993155401e-01	1.469662834301664334e-01	7.094587208371841425e-02	2.877312763958876987e-02	7.314371229455907120e-02
1.094303622328825213e+03	2.638779687568741927e-01	1.707955060678562065e-01	2.452774599438135306e-01	1.470600970058429935e-01	7.098571684527903158e-02	2.880052114903367683e-02	7.320273023096926512e-02
1.095754953392921607e+03	2.636512399268589601e-01	1.706447351952983804e-01	2.454352631481111768e-01	1.471537432865854256e-01	7.102548988272396058e-02	2.882787839046990763e-02	7.326165016962112031e-02
1.097206284457018228e+03	2.634248962265231531e-01	1.704942181272514068e-01	2.455928000616029172e-01	1.472472226306880128e-01	7.106519135109519436e-02	2.885519929634123085e-02	7.332047230616700606e-02
1.098657615521114849e+03	2.631989369944155999e-01	1.703439544362571334e-01	2.457500711329256848e-01	1.473405353955617447e-01	7.110482140520101024e-02	2.888248380116282057e-02	7.337919683414495520e-02
1.100108946585211470e+03	2.629733615702791183e-01	1.701939436955773322e-01	2.459070768099601845e-01	1.474336819377231600e-01	7.114438019960454829e-02	2.890973184148040720e-02	7.343782394504413946e-02
1.101560277649308091e+03	2.627481692950485725e-01	1.700441854791925889e-01	2.460638175398322525e-01	1.475266626127836878e-01	7.118386788861291725e-02	2.893694335583034058e-02	7.349635382836847142e-02
1.103011608713404712e+03	2.625233595108487639e-01	1.698946793618009987e-01	2.462202937689141058e-01	1.476194777754396559e-01	7.122328462626668910e-02	2.896411828470058653e-02	7.355478667169809692e-02
1.104462939777501106e+03	2.622989315609920435e-01	1.697454249188170006e-01	2.463765059428255078e-01	1.477121277794627152e-01	7.126263056632986537e-02	2.899125657049262880e-02	7.361312266074908350e-02
1.105914270841597499e+03	2.620748847899765921e-01	1.695964217263702112e-01	2.465324545064352113e-01	1.478046129776911244e-01	7.130190586228035698e-02	2.901835815748420033e-02	7.367136197943117970e-02
1.107365601905694348e+03	2.618512185434838102e-01	1.694476693613041207e-01	2.466881399038620692e-01	1.478969337220213121e-01	7.134111066730079720e-02	2.904542299179291992e-02	7.372950480990385358e-02
1.108816932969790741e+03	2.616279321683764869e-01	1.692991674011749548e-01	2.468435625784764220e-01	1.479890903633999388e-01	7.138024513426977080e-02	2.907245102134070960e-02	7.378755133263052712e-02
1.110268264033887590e+03	2.614050250126964681e-01	1.691509154242505364e-01	2.469987229729012634e-01	1.480810832518167919e-01	7.141930941575351521e-02	2.909944219581903427e-02	7.384550172643117305e-02
1.111719595097984211e+03	2.611824964256624360e-01	1.690029130095089538e-01	2.471536215290136007e-01	1.481729127362977350e-01	7.145830366399794076e-02	2.912639646665493229e-02	7.390335616853321854e-02
1.113170926162080832e+03	2.609603457576676888e-01	1.688551597366373946e-01	2.473082586879456202e-01	1.482645791648983247e-01	7.149722803092102563e-02	2.915331378697779557e-02	7.396111483462097791e-02
1.114622257226177226e+03	2.607385723602779204e-01	1.687076551860310636e-01	2.474626348900860195e-01	1.483560828846980373e-01	7.153608266810557170e-02	2.918019411158690249e-02	7.401877789888332282e-02
1.116073588290273847e+03	2.605171755862291660e-01	1.685603989387918500e-01	2.476167505750812292e-01	1.484474242417945788e-01	7.157486772679232112e-02	2.920703739691965853e-02	7.407634553406010347e-02
1.117524919354370468e+03	2.602961547894252492e-01	1.684133905767272454e-01	2.477706061818366612e-01	1.485386035812988614e-01	7.161358335787339213e-02	2.923384360102058641e-02	7.413381791148697386e-02
1.118976250418467089e+03	2.600755093249357275e-01	1.682666296823490393e-01	2.479242021485179859e-01	1.486296212473303680e-01	7.165222971188610346e-02	2.926061268351094757e-02	7.419119520113882926e-02
1.120427581482563710e+03	2.598552385489936167e-01	1.681201158388722916e-01	2.480775389125523256e-01	1.487204775830128223e-01	7.169080693900696521e-02	2.928734460555906458e-02	7.424847757167192530e-02
1.121878912546660331e+03	2.596353418189930595e-01	1.679738486302140010e-01	2.482306169106295868e-01	1.488111729304702480e-01	7.172931518904614168e-02	2.931403932985130953e-02	7.430566519046462315e-02
1.123330243610756725e+03	2.594158184934872158e-01	1.678278276409919945e-01	2.483834365787036258e-01	1.489017076308234433e-01	7.176775461144206669e-02	2.934069682056370323e-02	7.436275822365687183e-02
1.124781574674853118e+03	2.591966679321857647e-01	1.676820524565236781e-01	2.485359983519936089e-01	1.489920820241868171e-01	7.180612535525643381e-02	2.936731704333413878e-02	7.441975683618846926e-02
1.126232905738949967e+03	2.589778894959527400e-01	1.675365226628250104e-01	2.486883026649850392e-01	1.490822964496654190e-01	7.184442756916946393e-02	2.939389996523521925e-02	7.447666119183600497e-02
1.127684236803046360e+03	2.587594825468042536e-01	1.673912378466091422e-01	2.488403499514312556e-01	1.491723512453524414e-01	7.188266140147533956e-02	2.942044555474768175e-02	7.453347145324885903e-02
1.129135567867143209e+03	2.585414464479060537e-01	1.672461975952853619e-01	2.489921406443544594e-01	1.492622467483269988e-01	7.192082700007795815e-02	2.944695378173439390e-02	7.459018778198375776e-02
1.130586898931239830e+03	2.583237805635715256e-01	1.671014014969578743e-01	2.491436751760470192e-01	1.493519832946521853e-01	7.195892451248696309e-02	2.947342461741491587e-02	7.464681033853852454e-02
1.132038229995336451e+03	2.581064842592589170e-01	1.669568491404246624e-01	2.492949539780728030e-01	1.494415612193734644e-01	7.199695408581398282e-02	2.949985803434058973e-02	7.470333928238456767e-02
1.133489561059432845e+03	2.578895569015695610e-01	1.668125401151762666e-01	2.494459774812682329e-01	1.495309808565172816e-01	7.203491586676906422e-02	2.952625400637019087e-02	7.475977477199836907e-02
1.134940892123529466e+03	2.576729978582452674e-01	1.666684740113947016e-01	2.495967461157436729e-01	1.496202425390899260e-01	7.207281000165736973e-02	2.955261250864606865e-02	7.481611696489204322e-02
1.136392223187626087e+03	2.574568064981659354e-01	1.665246504199521527e-01	2.497472603108845390e-01	1.497093465990766703e-01	7.211063663637608256e-02	2.957893351757080735e-02	7.487236601764281352e-02
1.137843554251722708e+03	2.572409821913475558e-01	1.663810689324100311e-01	2.498975204953525764e-01	1.497982933674413542e-01	7.214839591641150629e-02	2.960521701078438692e-02	7.492852208592165608e-02
1.139294885315819101e+03	2.570255243089394903e-01	1.662377291410175317e-01	2.500475270970871078e-01	1.498870831741259124e-01	7.218608798683634475e-02	2.963146296714180838e-02	7.498458532452093039e-02
1.140746216379915950e+03	2.568104322232224734e-01	1.660946306387107718e-01	2.501972805433061442e-01	1.499757163480502087e-01	7.222371299230727348e-02	2.965767136669120174e-02	7.504055588738112181e-02
1.142197547444012343e+03	2.565957053076061145e-01	1.659517730191113760e-01	2.503467812605076892e-01	1.500641932171122017e-01	7.226127107706253883e-02	2.968384219065238125e-02	7.509643392761683467e-02
1.143648878508108737e+03	2.563813429366268437e-01	1.658091558765255047e-01	2.504960296744710435e-01	1.501525141081882508e-01	7.229876238491989016e-02	2.970997542139585182e-02	7.515221959754182779e-02
1.145100209572205586e+03	2.561673444859450255e-01	1.656667788059425772e-01	2.506450262102578042e-01	1.502406793471336710e-01	7.233618705927456760e-02	2.973607104242224908e-02	7.520791304869325899e-02
1.146551540636302207e+03	2.559537093323434043e-01	1.655246414030341895e-01	2.507937712922133078e-01	1.503286892587833434e-01	7.237354524309752568e-02	2.976212903834220963e-02	7.526351443185524959e-02
1.148002871700398828e+03	2.557404368537240513e-01	1.653827432641529760e-01	2.509422653439675743e-01	1.504165441669526870e-01	7.241083707893376797e-02	2.978814939485663685e-02	7.531902389708149126e-02
1.149454202764495449e+03	2.555275264291065329e-01	1.652410839863314163e-01	2.510905087884368614e-01	1.505042443944387964e-01	7.244806270890088995e-02	2.981413209873740033e-02	7.537444159371731178e-02
1.150905533828591842e+03	2.553149774386253568e-01	1.650996631672807247e-01	2.512385020478244968e-01	1.505917902630215799e-01	7.248522227468776058e-02	2.984007713780840662e-02	7.542976767042090802e-02
1.152356864892688463e+03	2.551027892635278627e-01	1.649584804053896292e-01	2.513862455436222110e-01	1.506791820934652026e-01	7.252231591755328721e-02	2.986598450092705498e-02	7.548500227518394057e-02
1.153808195956785084e+03	2.548909612861715579e-01	1.648175352997233722e-01	2.515337396966116912e-01	1.507664202055197522e-01	7.255934377832538862e-02	2.989185417796607139e-02	7.554014555535136510e-02
1.155259527020881706e+03	2.546794928900221189e-01	1.646768274500224616e-01	2.516809849268651922e-01	1.508535049179229037e-01	7.259630599740009294e-02	2.991768615979572762e-02	7.559519765764072252e-02
1.156710858084978327e+03	2.544683834596509486e-01	1.645363564567015324e-01	2.518279816537470905e-01	1.509404365484017518e-01	7.263320271474070500e-02	2.994348043826638647e-02	7.565015872816076292e-02
1.158162189149074720e+03	2.542576323807329008e-01	1.643961219208483204e-01	2.519747302959149948e-01	1.510272154136749478e-01	7.267003406987718184e-02	2.996923700619140776e-02	7.570502891242937571e-02
1.159613520213171569e+03	2.540472390400438929e-01	1.642561234442223295e-01	2.521212312713210779e-01	1.511138418294547536e-01	7.270680020190556370e-02	2.999495585733041175e-02	7.575980835539107561e-02
1.161064851277267962e+03	2.538372028254587409e-01	1.641163606292538879e-01	2.522674849972129651e-01	1.512003161104493176e-01	7.274350124948752994e-02	3.002063698637284089e-02	7.581449720143373927e-02
1.162516182341364356e+03	2.536275231259487173e-01	1.639768330790430106e-01	2.524134918901352886e-01	1.512866385703652283e-01	7.278013735085012148e-02	3.004628038892188241e-02	7.586909559440492556e-02
1.163967513405461204e+03	2.534181993315790526e-01	1.638375403973580668e-01	2.525592523659304089e-01	1.513728095219098180e-01	7.281670864378547714e-02	3.007188606147867191e-02	7.592360367762757134e-02
1.165418844469557826e+03	2.532092308335073261e-01	1.636984821886349473e-01	2.527047668397401359e-01	1.514588292767939381e-01	7.285321526565072259e-02	3.009745400142683699e-02	7.597802159391522925e-02
1.166870175533654447e+03	2.530006170239803009e-01	1.635596580579756765e-01	2.528500357260065057e-01	1.515446981457346243e-01	7.288965735336801199e-02	3.012298420701732538e-02	7.603234948558665329e-02
1.168321506597751068e+03	2.527923572963322596e-01	1.634210676111474414e-01	2.529950594384732243e-01	1.516304164384579822e-01	7.292603504342451415e-02	3.014847667735352441e-02	7.608658749448009295e-02
1.169772837661847461e+03	2.525844510449823943e-01	1.632827104545814534e-01	2.531398383901866667e-01	1.517159844637021304e-01	7.296234847187264838e-02	3.017393141237668941e-02	7.614073576196697668e-02
1.171224168725944082e+03	2.523768976654326979e-01	1.631445861953718379e-01	2.532843729934971533e-01	1.518014025292201419e-01	7.299859777433036212e-02	3.019934841285162527e-02	7.619479442896516519e-02
1.172675499790040703e+03	2.521696965542656321e-01	1.630066944412744134e-01	2.534286636600600051e-01	1.518866709417833194e-01	7.303478308598133906e-02	3.022472768035265947e-02	7.624876363595171902e-02
1.174126830854137097e+03	2.519628471091416300e-01	1.628690348007056643e-01	2.535727108008368758e-01	1.519717900071841654e-01	7.307090454157558201e-02	3.025006921724988224e-02	7.630264352297530528e-02
1.175578161918233945e+03	2.517563487287970969e-01	1.627316068827417139e-01	2.537165148260968062e-01	1.520567600302399069e-01	7.310696227542980152e-02	3.027537302669564001e-02	7.635643422966813254e-02
1.177029492982330339e+03	2.515502008130420797e-01	1.625944102971169924e-01	2.538600761454175569e-01	1.521415813147957152e-01	7.314295642142801257e-02	3.030063911261129603e-02	7.641013589525748329e-02
1.178480824046426733e+03	2.513444027627578792e-01	1.624574446542233486e-01	2.540033951676864965e-01	1.522262541637281474e-01	7.317888711302218685e-02	3.032586747967423724e-02	7.646374865857683001e-02
1.179932155110523581e+03	2.511389539798949966e-01	1.623207095651088006e-01	2.541464723011019333e-01	1.523107788789485884e-01	7.321475448323298829e-02	3.035105813330511368e-02	7.651727265807663214e-02
1.181383486174620202e+03	2.509338538674705799e-01	1.621842046414764260e-01	2.542893079531744482e-01	1.523951557614069419e-01	7.325055866465049470e-02	3.037621107965532419e-02	7.657070803183471663e-02
1.182834817238716823e+03	2.507291018295665364e-01	1.620479294956834460e-01	2.544319025307277826e-01	1.524793851110951559e-01	7.328629978943500267e-02	3.040132632559475884e-02	7.662405491756624221e-02
1.184286148302813444e+03	2.505246972713269238e-01	1.619118837407398370e-01	2.545742564399000596e-01	1.525634672270509140e-01	7.332197798931805455e-02	3.042640387869971139e-02	7.667731345263345544e-02
1.185737479366910065e+03	2.503206395989558408e-01	1.617760669903074988e-01	2.547163700861448943e-01	1.526474024073613545e-01	7.335759339560324332e-02	3.045144374724108663e-02	7.673048377405496112e-02
1.187188810431006686e+03	2.501169282197153731e-01	1.616404788586989494e-01	2.548582438742328371e-01	1.527311909491669006e-01	7.339314613916730901e-02	3.047644594017276040e-02	7.678356601851477059e-02
1.188640141495103080e+03	2.499135625419229845e-01	1.615051189608763538e-01	2.549998782082522619e-01	1.528148331486650080e-01	7.342863635046115167e-02	3.050141046712018938e-02	7.683656032237094757e-02
1.190091472559199701e+03	2.497105419749496291e-01	1.613699869124504138e-01	2.551412734916104208e-01	1.528983293011140776e-01	7.346406415951099722e-02	3.052633733836922908e-02	7.688946682166407365e-02
1.191542803623296322e+03	2.495078659292173928e-01	1.612350823296792302e-01	2.552824301270349427e-01	1.529816797008374252e-01	7.349942969591946595e-02	3.055122656485513219e-02	7.694228565212524185e-02
1.192994134687392716e+03	2.493055338161971890e-01	1.611004048294672752e-01	2.554233485165746664e-01	1.530648846412271391e-01	7.353473308886686322e-02	3.057607815815176905e-02	7.699501694918389760e-02
1.194445465751489564e+03	2.491035450484066771e-01	1.609659540293641999e-01	2.555640290616010279e-01	1.531479444147481606e-01	7.356997446711238675e-02	3.060089213046102152e-02	7.704766084797537440e-02
1.195896796815585958e+03	2.489018990394079589e-01	1.608317295475638342e-01	2.557044721628089490e-01	1.532308593129422525e-01	7.360515395899536184e-02	3.062566849460239202e-02	7.710021748334812408e-02
1.197348127879682352e+03	2.487005952038054968e-01	1.606977310029031047e-01	2.558446782202181691e-01	1.533136296264320242e-01	7.364027169243665683e-02	3.065040726400277207e-02	7.715268698987066964e-02
1.198799458943779200e+03	2.484996329572437546e-01	1.605639580148608969e-01	2.559846476331743559e-01	1.533962556449251224e-01	7.367532779493995987e-02	3.067510845268640526e-02	7.720506950183839145e-02
1.200250790007875821e+03	2.482990117164051158e-01	1.604304102035570556e-01	2.561243808003501599e-01	1.534787376572182838e-01	7.371032239359326388e-02	3.069977207526504090e-02	7.725736515327996656e-02
1.201702121071972442e+03	2.480987308990076634e-01	1.602970871897511917e-01	2.562638781197464910e-01	1.535610759512014145e-01	7.374525561507021265e-02	3.072439814692823692e-02	7.730957407796366920e-02
1.203153452136069063e+03	2.478987899238030146e-01	1.601639885948417663e-01	2.564031399886935181e-01	1.536432708138618375e-01	7.378012758563162743e-02	3.074898668343383629e-02	7.736169640940332437e-02
1.204604783200165684e+03	2.476991882105740728e-01	1.600311140408647859e-01	2.565421668038518344e-01	1.537253225312884553e-01	7.381493843112695019e-02	3.077353770109863412e-02	7.741373228086417813e-02
1.206056114264262078e+03	2.474999251801329458e-01	1.598984631504929421e-01	2.566809589612136788e-01	1.538072313886759968e-01	7.384968827699581184e-02	3.079805121678918720e-02	7.746568182536842095e-02
1.207507445328358699e+03	2.473010002543187535e-01	1.597660355470343907e-01	2.568195168561038799e-01	1.538889976703290696e-01	7.388437724826957265e-02	3.082252724791277945e-02	7.751754517570055847e-02
1.208958776392455093e+03	2.471024128559954347e-01	1.596338308544318352e-01	2.569578408831811323e-01	1.539706216596665456e-01	7.391900546957284879e-02	3.084696581240855759e-02	7.756932246441261558e-02
1.210410107456551941e+03	2.469041624090496656e-01	1.595018486972612781e-01	2.570959314364391624e-01	1.540521036392257792e-01	7.395357306512516382e-02	3.087136692873880539e-02	7.762101382382910475e-02
1.211861438520648335e+03	2.467062483383886673e-01	1.593700887007311329e-01	2.572337889092076169e-01	1.541334438906667714e-01	7.398808015874254462e-02	3.089573061588038114e-02	7.767261938605178606e-02
1.213312769584745183e+03	2.465086700699380406e-01	1.592385504906809746e-01	2.573714136941535058e-01	1.542146426947766102e-01	7.402252687383917285e-02	3.092005689331629725e-02	7.772413928296427466e-02
1.214764100648841804e+03	2.463114270306396569e-01	1.591072336935806519e-01	2.575088061832821462e-01	1.542957003314734954e-01	7.405691333342905025e-02	3.094434578102742833e-02	7.777557364623646774e-02
1.216215431712937971e+03	2.461145186484495484e-01	1.589761379365290939e-01	2.576459667679381060e-01	1.543766170798112902e-01	7.409123966012769180e-02	3.096859729948438569e-02	7.782692260732879119e-02
1.217666762777034819e+03	2.459179443523357156e-01	1.588452628472533379e-01	2.577828958388066471e-01	1.544573932179836295e-01	7.412550597615380488e-02	3.099281146963949948e-02	7.787818629749630739e-02
1.219118093841131440e+03	2.457217035722761289e-01	1.587146080541073923e-01	2.579195937859146137e-01	1.545380290233282217e-01	7.415971240333099623e-02	3.101698831291896385e-02	7.792936484779261486e-02
1.220569424905228061e+03	2.455257957392565082e-01	1.585841731860712644e-01	2.580560609986316534e-01	1.546185247723312062e-01	7.419385906308953449e-02	3.104112785121509663e-02	7.798045838907362304e-02
1.222020755969324682e+03	2.453302202852682967e-01	1.584539578727498510e-01	2.581922978656712719e-01	1.546988807406314281e-01	7.422794607646809872e-02	3.106523010687872732e-02	7.803146705200118827e-02
1.223472087033421303e+03	2.451349766433064403e-01	1.583239617443719105e-01	2.583283047750920547e-01	1.547790972030247125e-01	7.426197356411548545e-02	3.108929510271172050e-02	7.808239096704655546e-02
1.224923418097517697e+03	2.449400642473674727e-01	1.581941844317890089e-01	2.584640821142984990e-01	1.548591744334681108e-01	7.429594164629244046e-02	3.111332286195961361e-02	7.813323026449374431e-02
1.226374749161614318e+03	2.447454825324472394e-01	1.580646255664744093e-01	2.585996302700424576e-01	1.549391127050842865e-01	7.432985044287339360e-02	3.113731340830438316e-02	7.818398507444267176e-02
1.227826080225710712e+03	2.445512309345390378e-01	1.579352847805221283e-01	2.587349496284239714e-01	1.550189122901657890e-01	7.436370007334830445e-02	3.116126676585732544e-02	7.823465552681228841e-02
1.229277411289807560e+03	2.443573088906312862e-01	1.578061617066458255e-01	2.588700405748925459e-01	1.550985734601791899e-01	7.439749065682441098e-02	3.118518295915205865e-02	7.828524175134349283e-02
1.230728742353903954e+03	2.441637158387056639e-01	1.576772559781778049e-01	2.590049034942481510e-01	1.551780964857695511e-01	7.443122231202808914e-02	3.120906201313762215e-02	7.833574387760193491e-02
1.232180073418000802e+03	2.439704512177350015e-01	1.575485672290679040e-01	2.591395387706422748e-01	1.552574816367645882e-01	7.446489515730661535e-02	3.123290395317172147e-02	7.838616203498072199e-02
1.233631404482097196e+03	2.437775144676810612e-01	1.574200950938824950e-01	2.592739467875792569e-01	1.553367291821789731e-01	7.449850931063004000e-02	3.125670880501403570e-02	7.843649635270300013e-02
1.235082735546193817e+03	2.435849050294927320e-01	1.572918392078034577e-01	2.594081279279170649e-01	1.554158393902185520e-01	7.453206488959301934e-02	3.128047659481968112e-02	7.848674695982441052e-02
1.236534066610290438e+03	2.433926223451038651e-01	1.571637992066271250e-01	2.595420825738685155e-01	1.554948125282845650e-01	7.456556201141660567e-02	3.130420734913274411e-02	7.853691398523550415e-02
1.237985397674387059e+03	2.432006658574311919e-01	1.570359747267632833e-01	2.596758111070024966e-01	1.555736488629779757e-01	7.459900079295010700e-02	3.132790109487992858e-02	7.858699755766396233e-02
1.239436728738483680e+03	2.430090350103723817e-01	1.569083654052340071e-01	2.598093139082448544e-01	1.556523486601036066e-01	7.463238135067297441e-02	3.135155785936430406e-02	7.863699780567673381e-02
1.240888059802580301e+03	2.428177292488039873e-01	1.567809708796728818e-01	2.599425913578796710e-01	1.557309121846743860e-01	7.466570380069662005e-02	3.137517767025916476e-02	7.868691485768217198e-02
1.242339390866676695e+03	2.426267480185794190e-01	1.566537907883236991e-01	2.600756438355500411e-01	1.558093397009155390e-01	7.469896825876624902e-02	3.139876055560197193e-02	7.873674884193193613e-02
1.243790721930773088e+03	2.424360907665269182e-01	1.565268247700396242e-01	2.602084717202594599e-01	1.558876314722688339e-01	7.473217484026274671e-02	3.142230654378837945e-02	7.878649988652289271e-02
1.245242052994869937e+03	2.422457569404475597e-01	1.564000724642820028e-01	2.603410753903728780e-01	1.559657877613966070e-01	7.476532366020451070e-02	3.144581566356638436e-02	7.883616811939891944e-02
1.246693384058966330e+03	2.420557459891132801e-01	1.562735335111195278e-01	2.604734552236175338e-01	1.560438088301860371e-01	7.479841483324929652e-02	3.146928794403055368e-02	7.888575366835261227e-02
1.248144715123063179e+03	2.418660573622648247e-01	1.561472075512270741e-01	2.606056115970842857e-01	1.561216949397533083e-01	7.483144847369610497e-02	3.149272341461632763e-02	7.893525666102690908e-02
1.249596046187159800e+03	2.416766905106098595e-01	1.560210942258846989e-01	2.607375448872285562e-01	1.561994463504476349e-01	7.486442469548704182e-02	3.151612210509442680e-02	7.898467722491661624e-02
1.251047377251256421e+03	2.414876448858208624e-01	1.558951931769767263e-01	2.608692554698714416e-01	1.562770633218554805e-01	7.489734361220910797e-02	3.153948404556534274e-02	7.903401548736993520e-02
1.252498708315352815e+03	2.412989199405332352e-01	1.557695040469905534e-01	2.610007437202007674e-01	1.563545461128045821e-01	7.493020533709612852e-02	3.156280926645391866e-02	7.908327157558980858e-02
1.253950039379449436e+03	2.411105151283433057e-01	1.556440264790157624e-01	2.611320100127720867e-01	1.564318949813680304e-01	7.496300998303055685e-02	3.158609779850400645e-02	7.913244561663526633e-02
1.255401370443546057e+03	2.409224299038063288e-01	1.555187601167430933e-01	2.612630547215100130e-01	1.565091101848683497e-01	7.499575766254536202e-02	3.160934967277318625e-02	7.918153773742270252e-02
1.256852701507642678e+03	2.407346637224345998e-01	1.553937046044633896e-01	2.613938782197089417e-01	1.565861919798815782e-01	7.502844848782583287e-02	3.163256492062762465e-02	7.923054806472706879e-02
1.258304032571739299e+03	2.405472160406954829e-01	1.552688595870665988e-01	2.615244808800343268e-01	1.566631406222412370e-01	7.506108257071142376e-02	3.165574357373693304e-02	7.927947672518299849e-02
1.259755363635835920e+03	2.403600863160094692e-01	1.551442247100408012e-01	2.616548630745236803e-01	1.567399563670423546e-01	7.509366002269764195e-02	3.167888566406917850e-02	7.932832384528586134e-02
1.261206694699932314e+03	2.401732740067481220e-01	1.550197996194711270e-01	2.617850251745876267e-01	1.568166394686455190e-01	7.512618095493785175e-02	3.170199122388590168e-02	7.937708955139280431e-02
1.262658025764028707e+03	2.399867785722323565e-01	1.548955839620388686e-01	2.619149675510110131e-01	1.568931901806806806e-01	7.515864547824507857e-02	3.172506028573725961e-02	7.942577396972372306e-02
1.264109356828125556e+03	2.398005994727303025e-01	1.547715773850204257e-01	2.620446905739537979e-01	1.569696087560512321e-01	7.519105370309389635e-02	3.174809288245723782e-02	7.947437722636209456e-02
1.265560687892221949e+03	2.396147361694555000e-01	1.546477795362861674e-01	2.621741946129523271e-01	1.570458954469379775e-01	7.522340573962220389e-02	3.177108904715889026e-02	7.952289944725589310e-02
1.267012018956318798e+03	2.394291881245650400e-01	1.545241900642995714e-01	2.623034800369202779e-01	1.571220505048028793e-01	7.525570169763304285e-02	3.179404881322971110e-02	7.957134075821836738e-02
1.268463350020415419e+03	2.392439548011574824e-01	1.544008086181162809e-01	2.624325472141498250e-01	1.571980741803930826e-01	7.528794168659648511e-02	3.181697221432700645e-02	7.961970128492878995e-02
1.269914681084511813e+03	2.390590356632710523e-01	1.542776348473830217e-01	2.625613965123122506e-01	1.572739667237447736e-01	7.532012581565129816e-02	3.183985928437342572e-02	7.966798115293313720e-02
1.271366012148608434e+03	2.388744301758817523e-01	1.541546684023364922e-01	2.626900282984596657e-01	1.573497283841868988e-01	7.535225419360687404e-02	3.186271005755246521e-02	7.971618048764475550e-02
1.272817343212705055e+03	2.386901378049014755e-01	1.540319089338026137e-01	2.628184429390256205e-01	1.574253594103451614e-01	7.538432692894497800e-02	3.188552456830407583e-02	7.976429941434504123e-02
1.274268674276801676e+03	2.385061580171760343e-01	1.539093560931953375e-01	2.629466407998261035e-01	1.575008600501457134e-01	7.541634412982149704e-02	3.190830285132037480e-02	7.981233805818388483e-02
1.275720005340898297e+03	2.383224902804834400e-01	1.537870095325157838e-01	2.630746222460608741e-01	1.575762305508189576e-01	7.544830590406827187e-02	3.193104494154133666e-02	7.986029654418030921e-02
1.277171336404994690e+03	2.381391340635317933e-01	1.536648689043512150e-01	2.632023876423142394e-01	1.576514711589033224e-01	7.548021235919487315e-02	3.195375087415062293e-02	7.990817499722289996e-02
1.278622667469091539e+03	2.379560888359577020e-01	1.535429338618738981e-01	2.633299373525563314e-01	1.577265821202489537e-01	7.551206360239029469e-02	3.197642068457144660e-02	7.995597354207031882e-02
1.280073998533187932e+03	2.377733540683241997e-01	1.534212040588404380e-01	2.634572717401438280e-01	1.578015636800215449e-01	7.554385974052482688e-02	3.199905440846248506e-02	8.000369230335163673e-02
1.281525329597284326e+03	2.375909292321189414e-01	1.532996791495905009e-01	2.635843911678213414e-01	1.578764160827058893e-01	7.557560088015169431e-02	3.202165208171382782e-02	8.005133140556677795e-02
1.282976660661381175e+03	2.374088137997523718e-01	1.531783587890459541e-01	2.637112959977221394e-01	1.579511395721096279e-01	7.560728712750887370e-02	3.204421374044306992e-02	8.009889097308690864e-02
1.284427991725477568e+03	2.372270072445559208e-01	1.530572426327098945e-01	2.638379865913694777e-01	1.580257343913668844e-01	7.563891858852080097e-02	3.206673942099138447e-02	8.014637113015461722e-02
1.285879322789574417e+03	2.370455090407800336e-01	1.529363303366656213e-01	2.639644633096773219e-01	1.581002007829419020e-01	7.567049536880010585e-02	3.208922915991963692e-02	8.019377200088434465e-02
1.287330653853671038e+03	2.368643186635925324e-01	1.528156215575756649e-01	2.640907265129516235e-01	1.581745389886325681e-01	7.570201757364931894e-02	3.211168299400465886e-02	8.024109370926260643e-02
1.288781984917767431e+03	2.366834355890765906e-01	1.526951159526808988e-01	2.642167765608912089e-01	1.582487492495741610e-01	7.573348530806257861e-02	3.213410096023544549e-02	8.028833637914815913e-02
1.290233315981864052e+03	2.365028592942290397e-01	1.525748131797994567e-01	2.643426138125887781e-01	1.583228318062426809e-01	7.576489867672737966e-02	3.215648309580949882e-02	8.033550013427225023e-02
