1.301360187473271253e+03	2.357745120529722016e-01	1.507866676905287306e-01	2.598884901195140928e-01	1.609516568804867376e-01	7.645749060989166790e-02	3.211141678926845988e-02	8.402976585700752676e-02
1.306197957686926657e+03	2.351933384780336977e-01	1.503824336500604875e-01	2.602535584176873806e-01	1.612040425161566926e-01	7.656791981056498830e-02	3.218435198712628342e-02	8.421435514003987322e-02
1.311035727900581833e+03	2.346154973349087181e-01	1.499804424397536140e-01	2.606165292184478011e-01	1.614549637992731823e-01	7.667772223610865023e-02	3.225697943156523306e-02	8.439786553961212134e-02
1.315873498114237009e+03	2.340409686738597617e-01	1.495806822303577532e-01	2.609774154228896026e-01	1.617044299789002770e-01	7.678690131113689865e-02	3.232929926202980642e-02	8.458030312049522048e-02
1.320711268327892412e+03	2.334697326829099084e-01	1.491831412402459534e-01	2.613362298377276960e-01	1.619524502332260196e-01	7.689546044787036461e-02	3.240131164276602999e-02	8.476167391492329950e-02
1.325549038541547588e+03	2.329017696865077203e-01	1.487878077355839213e-01	2.616929851763284409e-01	1.621990336702648638e-01	7.700340304598533858e-02	3.247301676226231615e-02	8.494198392273663578e-02
1.330386808755202765e+03	2.323370601442116823e-01	1.483946700304885347e-01	2.620476940597172844e-01	1.624441893285566985e-01	7.711073249246969130e-02	3.254441483270058277e-02	8.512123911152473521e-02
1.335224578968857941e+03	2.317755846493948502e-01	1.480037164871755018e-01	2.624003690175644166e-01	1.626879261778616526e-01	7.721745216148584445e-02	3.261550608941753832e-02	8.529944541676949543e-02
1.340062349182513572e+03	2.312173239279680936e-01	1.476149355160969179e-01	2.627510224891493329e-01	1.629302531198504600e-01	7.732356541424011132e-02	3.268629079037583401e-02	8.547660874198852177e-02
1.344900119396168748e+03	2.306622588371228522e-01	1.472283155760686357e-01	2.630996668243062997e-01	1.631711789887896891e-01	7.742907559885843505e-02	3.275676921564499994e-02	8.565273495887837374e-02
1.349737889609823924e+03	2.301103703640919040e-01	1.468438451743878381e-01	2.634463142843500028e-01	1.634107125522212822e-01	7.753398605026831647e-02	3.282694166689193588e-02	8.582782990745801976e-02
1.354575659823479100e+03	2.295616396249284819e-01	1.464615128669410071e-01	2.637909770429837653e-01	1.636488625116364060e-01	7.763830009008662603e-02	3.289680846688074894e-02	8.600189939621220858e-02
1.359413430037134731e+03	2.290160478633030960e-01	1.460813072583028727e-01	2.641336671871906128e-01	1.638856375031427781e-01	7.774202102651317503e-02	3.296636995898180600e-02	8.617494920223488231e-02
1.364251200250789907e+03	2.284735764493177335e-01	1.457032170018259798e-01	2.644743967181072963e-01	1.641210460981258890e-01	7.784515215422994905e-02	3.303562650668982748e-02	8.634698507137253398e-02
1.369088970464445310e+03	2.279342068783372643e-01	1.453272307997216239e-01	2.648131775518829945e-01	1.643550968039032001e-01	7.794769675430568423e-02	3.310457849315082135e-02	8.651801271836759288e-02
1.373926740678100487e+03	2.273979207698373362e-01	1.449533374031324040e-01	2.651500215205226385e-01	1.645877980643715710e-01	7.804965809410578659e-02	3.317322632069776012e-02	8.668803782700167104e-02
1.378764510891755890e+03	2.268646998662689207e-01	1.445815256121961434e-01	2.654849403727154722e-01	1.648191582606477190e-01	7.815103942720720565e-02	3.324157041039476485e-02	8.685706605023893467e-02
1.383602281105411066e+03	2.263345260319387098e-01	1.442117842761018731e-01	2.658179457746499552e-01	1.650491857117013794e-01	7.825184399331837348e-02	3.330961120158970612e-02	8.702510301036912865e-02
1.388440051319066470e+03	2.258073812519056922e-01	1.438441022931380153e-01	2.661490493108146782e-01	1.652778886749811937e-01	7.835207501820393161e-02	3.337734915147502063e-02	8.719215429915068427e-02
1.393277821532721646e+03	2.252832476308926357e-01	1.434784686107327401e-01	2.664782624847862325e-01	1.655052753470332982e-01	7.845173571361405140e-02	3.344478473465663237e-02	8.735822547795367432e-02
1.398115591746377049e+03	2.247621073922133339e-01	1.431148722254869665e-01	2.668055967200045897e-01	1.657313538641126960e-01	7.855082927721823705e-02	3.351191844273081200e-02	8.752332207790258778e-02
1.402953361960032225e+03	2.242439428767143417e-01	1.427533021832001203e-01	2.671310633605362694e-01	1.659561323027869406e-01	7.864935889254361101e-02	3.357875078386884926e-02	8.768744960001906286e-02
1.407791132173687402e+03	2.237287365417314489e-01	1.423937475788889517e-01	2.674546736718253492e-01	1.661796186805324649e-01	7.874732772891733512e-02	3.364528228240937918e-02	8.785061351536430085e-02
1.412628902387342805e+03	2.232164709600605867e-01	1.420361975567991930e-01	2.677764388414329289e-01	1.664018209563235262e-01	7.884473894141325045e-02	3.371151347845821600e-02	8.801281926518148002e-02
1.417466672600997981e+03	2.227071288189425569e-01	1.416806413104108597e-01	2.680963699797659361e-01	1.666227470312138526e-01	7.894159567080243078e-02	3.377744492749561872e-02	8.817407226103791962e-02
1.422304442814653157e+03	2.222006929190618596e-01	1.413270680824370851e-01	2.684144781207942754e-01	1.668424047489105444e-01	7.903790104350763568e-02	3.384307719999079395e-02	8.833437788496693865e-02
1.427142213028308333e+03	2.216971461735586790e-01	1.409754671648163760e-01	2.687307742227582619e-01	1.670608018963410379e-01	7.913365817156152449e-02	3.390841088102351103e-02	8.849374148960968689e-02
1.431979983241963964e+03	2.211964716070546622e-01	1.406258278986990962e-01	2.690452691688650089e-01	1.672779462042123799e-01	7.922887015256854792e-02	3.397344656991277412e-02	8.865216839835661500e-02
1.436817753455619140e+03	2.206986523546911882e-01	1.402781396744279263e-01	2.693579737679750452e-01	1.674938453475634526e-01	7.932354006967035076e-02	3.403818487985232899e-02	8.880966390548875045e-02
1.441655523669274316e+03	2.202036716611808220e-01	1.399323919315122455e-01	2.696688987552796624e-01	1.677085069463099820e-01	7.941767099151460230e-02	3.410262643755295614e-02	8.896623327631879297e-02
1.446493293882929493e+03	2.197115128798711459e-01	1.395885741585973783e-01	2.699780547929677699e-01	1.679219385657823305e-01	7.951126597222714365e-02	3.416677188289140438e-02	8.912188174733180757e-02
1.451331064096585123e+03	2.192221594718210265e-01	1.392466758934282622e-01	2.702854524708844242e-01	1.681341477172562660e-01	7.960432805138745183e-02	3.423062186856580535e-02	8.927661452632577876e-02
1.456168834310240300e+03	2.187355950048887887e-01	1.389066867228075652e-01	2.705911023071794763e-01	1.683451418584766268e-01	7.969686025400712914e-02	3.429417705975758984e-02	8.943043679255179013e-02
1.461006604523895703e+03	2.182518031528324909e-01	1.385685962825490281e-01	2.708950147489480598e-01	1.685549283941742138e-01	7.978886559051148741e-02	3.435743813379960737e-02	8.958335369685405114e-02
1.465844374737550879e+03	2.177707676944218018e-01	1.382323942574255338e-01	2.711972001728618076e-01	1.687635146765757987e-01	7.988034705672406033e-02	3.442040577985049088e-02	8.973537036180943838e-02
1.470682144951206283e+03	2.172924725125612022e-01	1.378980703811127362e-01	2.714976688857917986e-01	1.689709080059072499e-01	7.997130763385401631e-02	3.448308069857507208e-02	8.988649188186688399e-02
1.475519915164861459e+03	2.168169015934244825e-01	1.375656144361275257e-01	2.717964311254234544e-01	1.691771156308901347e-01	8.006175028848630526e-02	3.454546360183076426e-02	9.003672332348636176e-02
1.480357685378516862e+03	2.163440390256003987e-01	1.372350162537622764e-01	2.720934970608627768e-01	1.693821447492317167e-01	8.015167797257441440e-02	3.460755521235987092e-02	9.018606972527755394e-02
1.485195455592172038e+03	2.158738689992489856e-01	1.369062657140146244e-01	2.723888767932353683e-01	1.695860025081082911e-01	8.024109362343589957e-02	3.466935626348754268e-02	9.033453609813821283e-02
1.490033225805827215e+03	2.154063758052687239e-01	1.365793527455128609e-01	2.726825803562769601e-01	1.697886960046423033e-01	8.033000016375034524e-02	3.473086749882554197e-02	9.048212742539220310e-02
1.494870996019482618e+03	2.149415438344738638e-01	1.362542673254373005e-01	2.729746177169164456e-01	1.699902322863730830e-01	8.041840050155971142e-02	3.479208967198142710e-02	9.062884866292710007e-02
1.499708766233137567e+03	2.144793575767822424e-01	1.359309994794375420e-01	2.732649987758517529e-01	1.701906183517213067e-01	8.050629753027116475e-02	3.485302354627333593e-02	9.077470473933148265e-02
1.504546536446793198e+03	2.140198016204132303e-01	1.356095392815458989e-01	2.735537333681183902e-01	1.703898611504472416e-01	8.059369412866214388e-02	3.491366989445005009e-02	9.091970055603187939e-02
1.509384306660448374e+03	2.135628606510952820e-01	1.352898768540869712e-01	2.738408312636501085e-01	1.705879675841032173e-01	8.068059316088760369e-02	3.497402949841635356e-02	9.106384098742931199e-02
1.514222076874103550e+03	2.131085194512834791e-01	1.349720023675836933e-01	2.741263021678332357e-01	1.707849445064798521e-01	8.076699747648956318e-02	3.503410314896361621e-02	9.120713088103546418e-02
1.519059847087758726e+03	2.126567628993865644e-01	1.346559060406596342e-01	2.744101557220536836e-01	1.709807987240465343e-01	8.085290991040852693e-02	3.509389164550543588e-02	9.134957505760846197e-02
1.523897617301414357e+03	2.122075759690033869e-01	1.343415781399380782e-01	2.746924015042376821e-01	1.711755369963860185e-01	8.093833328299715468e-02	3.515339579581830409e-02	9.149117831128825151e-02
1.528735387515069533e+03	2.117609437281684215e-01	1.340290089799376638e-01	2.749730490293848528e-01	1.713691660366235547e-01	8.102327040003565184e-02	3.521261641578717072e-02	9.163194540973158830e-02
1.533573157728724709e+03	2.113168513386065317e-01	1.337181889229648868e-01	2.752521077500956204e-01	1.715616925118501612e-01	8.110772405274926933e-02	3.527155432915585892e-02	9.177188109424662399e-02
1.538410927942380113e+03	2.108752840549965035e-01	1.334091083790032994e-01	2.755295870570918515e-01	1.717531230435406231e-01	8.119169701782742721e-02	3.533021036728222625e-02	9.191099007992702130e-02
1.543248698156035516e+03	2.104362272242435439e-01	1.331017578056000183e-01	2.758054962797311660e-01	1.719434642079656628e-01	8.127519205744480890e-02	3.538858536889798873e-02	9.204927705578577757e-02
1.548086468369690692e+03	2.099996662847599671e-01	1.327961277077489288e-01	2.760798446865150302e-01	1.721327225365994196e-01	8.135821191928398199e-02	3.544668017987313846e-02	9.218674668488847923e-02
1.552924238583346096e+03	2.095655867657548188e-01	1.324922086377715025e-01	2.763526414855907443e-01	1.723209045165209341e-01	8.144075933655982313e-02	3.550449565298485766e-02	9.232340360448626493e-02
1.557762008797001272e+03	2.091339742865313822e-01	1.321899911951946172e-01	2.766238958252474900e-01	1.725080165908109975e-01	8.152283702804540011e-02	3.556203264769083189e-02	9.245925242614819184e-02
1.562599779010656675e+03	2.087048145557931500e-01	1.318894660266257957e-01	2.768936167944063831e-01	1.726940651589436715e-01	8.160444769809958865e-02	3.561929202990696264e-02	9.259429773589333834e-02
1.567437549224311852e+03	2.082780933709577342e-01	1.315906238256259186e-01	2.771618134231047526e-01	1.728790565771728682e-01	8.168559403669593821e-02	3.567627467178933337e-02	9.272854409432232381e-02
1.572275319437967255e+03	2.078537966174784368e-01	1.312934553325794951e-01	2.774284946829748688e-01	1.730629971589139893e-01	8.176627871945318926e-02	3.573298145152034588e-02	9.286199603674848146e-02
1.577113089651622431e+03	2.074319102681740634e-01	1.309979513345627122e-01	2.776936694877168432e-01	1.732458931751206244e-01	8.184650440766706725e-02	3.578941325309902000e-02	9.299465807332850387e-02
1.581950859865277607e+03	2.070124203825657594e-01	1.307041026652089044e-01	2.779573466935660320e-01	1.734277508546566982e-01	8.192627374834346443e-02	3.584557096613531779e-02	9.312653468919267208e-02
1.586788630078933011e+03	2.065953131062218673e-01	1.304119002045719955e-01	2.782195350997552774e-01	1.736085763846636765e-01	8.200558937423289840e-02	3.590145548564848549e-02	9.325763034457465461e-02
1.591626400292587959e+03	2.061805746701098618e-01	1.301213348789879987e-01	2.784802434489714318e-01	1.737883759109233595e-01	8.208445390386621965e-02	3.595706771186924638e-02	9.338794947494069576e-02
1.596464170506243590e+03	2.057681913899556125e-01	1.298323976609341290e-01	2.787394804278070515e-01	1.739671555382159562e-01	8.216286994159154033e-02	3.601240855004590735e-02	9.351749649111859575e-02
1.601301940719898766e+03	2.053581496656096961e-01	1.295450795688861678e-01	2.789972546672065401e-01	1.741449213306739130e-01	8.224084007761232884e-02	3.606747891025419844e-02	9.364627577942595538e-02
1.606139710933553943e+03	2.049504359804208420e-01	1.292593716671738835e-01	2.792535747429075177e-01	1.743216793121310504e-01	8.231836688802658675e-02	3.612227970721084563e-02	9.377429170179811535e-02
1.610977481147209119e+03	2.045450369006162616e-01	1.289752650658346211e-01	2.795084491758769718e-01	1.744974354664675653e-01	8.239545293486710831e-02	3.617681186009075872e-02	9.390154859591552661e-02
1.615815251360864750e+03	2.041419390746885276e-01	1.286927509204651709e-01	2.797618864327426902e-01	1.746721957379509249e-01	8.247210076614285013e-02	3.623107629234785521e-02	9.402805077533074596e-02
1.620653021574519926e+03	2.037411292327895307e-01	1.284118204320719436e-01	2.800138949262199195e-01	1.748459660315721254e-01	8.254831291588117514e-02	3.628507393153933280e-02	9.415380252959480722e-02
1.625490791788175102e+03	2.033425941861306263e-01	1.281324648469195360e-01	2.802644830155324729e-01	1.750187522133783702e-01	8.262409190417119298e-02	3.633880570915345304e-02	9.427880812438320379e-02
1.630328562001830505e+03	2.029463208263893592e-01	1.278546754563776866e-01	2.805136590068305069e-01	1.751905601108012522e-01	8.269944023720790516e-02	3.639227256044073877e-02	9.440307180162139933e-02
1.635166332215485909e+03	2.025522961251225718e-01	1.275784435967668717e-01	2.807614311536026364e-01	1.753613955129811885e-01	8.277436040733728018e-02	3.644547542424843994e-02	9.452659777960978338e-02
1.640004102429141085e+03	2.021605071331858405e-01	1.273037606492023188e-01	2.810078076570839412e-01	1.755312641710879418e-01	8.284885489310221673e-02	3.649841524285834388e-02	9.464939025314816901e-02
1.644841872642796488e+03	2.017709409801587417e-01	1.270306180394367990e-01	2.812527966666592549e-01	1.757001717986371725e-01	8.292292615928928412e-02	3.655109296182775663e-02	9.477145339365973531e-02
1.649679642856451665e+03	2.013835848737766110e-01	1.267590072377020316e-01	2.814964062802622902e-01	1.758681240718032168e-01	8.299657665697623976e-02	3.660350952983371098e-02	9.489279134931466464e-02
1.654517413070107068e+03	2.009984260993678273e-01	1.264889197585488123e-01	2.817386445447703780e-01	1.760351266297282002e-01	8.306980882358032392e-02	3.665566589852022050e-02	9.501340824515297490e-02
1.659355183283762244e+03	2.006154520192972579e-01	1.262203471606861416e-01	2.819795194563948226e-01	1.762011850748274322e-01	8.314262508290726217e-02	3.670756302234863544e-02	9.513330818320712978e-02
1.664192953497417420e+03	2.002346500724153378e-01	1.259532810468188824e-01	2.822190389610673145e-01	1.763663049730911925e-01	8.321502784520094786e-02	3.675920185845098914e-02	9.525249524262402456e-02
1.669030723711072824e+03	1.998560077735127838e-01	1.256877130634846129e-01	2.824572109548217913e-01	1.765304918543829371e-01	8.328701950719379077e-02	3.681058336648627277e-02	9.537097347978647222e-02
1.673868493924728000e+03	1.994795127127810541e-01	1.254236349008894524e-01	2.826940432841725803e-01	1.766937512127340904e-01	8.335860245215770403e-02	3.686170850849963820e-02	9.548874692843414835e-02
1.678706264138383403e+03	1.991051525552780810e-01	1.251610382927425824e-01	2.829295437464884322e-01	1.768560885066352284e-01	8.342977904995570182e-02	3.691257824878443894e-02	9.560581959978418920e-02
1.683544034352038352e+03	1.987329150403996658e-01	1.248999150160901989e-01	2.831637200903626139e-01	1.770175091593240435e-01	8.350055165709398264e-02	3.696319355374704657e-02	9.572219548265105404e-02
1.688381804565693983e+03	1.983627879813560091e-01	1.246402568911484376e-01	2.833965800159790605e-01	1.771780185590698109e-01	8.357092261677473433e-02	3.701355539177444975e-02	9.583787854356606850e-02
1.693219574779349159e+03	1.979947592646535692e-01	1.243820557811353839e-01	2.836281311754746404e-01	1.773376220594548303e-01	8.364089425894928598e-02	3.706366473310453852e-02	9.595287272689637104e-02
1.698057344993004335e+03	1.976288168495820285e-01	1.241253035921024567e-01	2.838583811732977580e-01	1.774963249796522591e-01	8.371046890037184274e-02	3.711352254969901843e-02	9.606718195496330437e-02
1.702895115206659511e+03	1.972649487677064772e-01	1.238699922727648228e-01	2.840873375665631251e-01	1.776541326047011149e-01	8.377964884465366469e-02	3.716312981511896846e-02	9.618081012816044606e-02
1.707732885420315142e+03	1.969031431223644824e-01	1.236161138143312965e-01	2.843150078654032020e-01	1.778110501857779469e-01	8.384843638231771756e-02	3.721248750440293851e-02	9.629376112507100072e-02
1.712570655633970318e+03	1.965433880881681528e-01	1.233636602503335178e-01	2.845413995333154200e-01	1.779670829404655097e-01	8.391683379085372596e-02	3.726159659394755186e-02	9.640603880258469260e-02
1.717408425847625494e+03	1.961856719105109503e-01	1.231126236564544230e-01	2.847665199875064612e-01	1.781222360530183291e-01	8.398484333477362895e-02	3.731045806139059867e-02	9.651764699601418640e-02
1.722246196061280898e+03	1.958299829050795804e-01	1.228629961503562434e-01	2.849903765992324312e-01	1.782765146746253526e-01	8.405246726566741045e-02	3.735907288549653038e-02	9.662858951921095285e-02
1.727083966274936301e+03	1.954763094573701565e-01	1.226147698915078799e-01	2.852129766941363109e-01	1.784299239236696866e-01	8.411970782225933196e-02	3.740744204604438961e-02	9.673887016468073197e-02
1.731921736488591478e+03	1.951246400222095279e-01	1.223679370810118322e-01	2.854343275525811907e-01	1.785824688859853071e-01	8.418656723046440138e-02	3.745556652371800910e-02	9.684849270369823293e-02
1.736759506702246881e+03	1.947749631232806866e-01	1.221224899614306025e-01	2.856544364099806721e-01	1.787341546151110794e-01	8.425304770344527183e-02	3.750344729999856297e-02	9.695746088642165361e-02
1.741597276915902057e+03	1.944272673526530326e-01	1.218784208166126537e-01	2.858733104571258288e-01	1.788849861325418067e-01	8.431915144166936271e-02	3.755108535705936612e-02	9.706577844200639515e-02
1.746435047129557461e+03	1.940815413703169401e-01	1.216357219715180210e-01	2.860909568405092251e-01	1.790349684279766707e-01	8.438488063296629982e-02	3.759848167766287330e-02	9.717344907871840187e-02
1.751272817343212637e+03	1.937377739037227375e-01	1.213943857920435354e-01	2.863073826626448271e-01	1.791841064595648680e-01	8.445023745258556369e-02	3.764563724505991249e-02	9.728047648404697378e-02
1.756110587556867813e+03	1.933959537473239620e-01	1.211544046848476719e-01	2.865225949823857476e-01	1.793324051541485553e-01	8.451522406325444325e-02	3.769255304289099301e-02	9.738686432481707955e-02
1.760948357770523216e+03	1.930560697621249155e-01	1.209157710971751759e-01	2.867366008152381074e-01	1.794798694075032397e-01	8.457984261523615599e-02	3.773923005508974388e-02	9.749261624730107267e-02
1.765786127984178393e+03	1.927181108752324123e-01	1.206784775166813012e-01	2.869494071336724517e-01	1.796265040845755334e-01	8.464409524638821791e-02	3.778566926578844770e-02	9.759773587732999134e-02
1.770623898197833569e+03	1.923820660794117177e-01	1.204425164712559226e-01	2.871610208674316156e-01	1.797723140197182712e-01	8.470798408222099396e-02	3.783187165922556605e-02	9.770222682040426154e-02
1.775461668411488745e+03	1.920479244326463164e-01	1.202078805288473440e-01	2.873714489038358688e-01	1.799173040169231574e-01	8.477151123595635940e-02	3.787783821965527015e-02	9.780609266180398387e-02
1.780299438625144376e+03	1.917156750577020674e-01	1.199745622972860498e-01	2.875806980880850072e-01	1.800614788500510544e-01	8.483467880858661103e-02	3.792356993125894915e-02	9.790933696669858188e-02
1.785137208838799552e+03	1.913853071416949381e-01	1.197425544241080969e-01	2.877887752235576135e-01	1.802048432630595498e-01	8.489748888893350331e-02	3.796906777805859889e-02	9.801196328025602034e-02
1.789974979052454728e+03	1.910568099356629579e-01	1.195118495963785887e-01	2.879956870721072648e-01	1.803474019702284714e-01	8.495994355370732609e-02	3.801433274383216043e-02	9.811397512775155150e-02
1.794812749266109904e+03	1.907301727541418079e-01	1.192824405405149418e-01	2.882014403543560754e-01	1.804891596563827083e-01	8.502204486756620438e-02	3.805936581203065577e-02	9.821537601467579537e-02
1.799650519479765535e+03	1.904053849747444627e-01	1.190543200221100550e-01	2.884060417499856310e-01	1.806301209771128957e-01	8.508379488317549533e-02	3.810416796569717629e-02	9.831616942684247296e-02
1.804488289693420711e+03	1.900824360377441069e-01	1.188274808457554788e-01	2.886094978980245362e-01	1.807702905589936571e-01	8.514519564126711570e-02	3.814874018738767525e-02	9.841635883049554279e-02
1.809326059907075887e+03	1.897613154456613271e-01	1.186019158548645841e-01	2.888118153971339641e-01	1.809096729997997643e-01	8.520624917069917481e-02	3.819308345909348812e-02	9.851594767241579620e-02
1.814163830120731291e+03	1.894420127628544392e-01	1.183776179314955934e-01	2.890130008058899858e-01	1.810482728687198561e-01	8.526695748851551016e-02	3.823719876216560842e-02	9.861493938002707793e-02
1.819001600334386467e+03	1.891245176151138130e-01	1.181545799961748050e-01	2.892130606430636242e-01	1.811860947065680183e-01	8.532732260000530644e-02	3.828108707724060811e-02	9.871333736150179894e-02
1.823839370548041643e+03	1.888088196892594994e-01	1.179327950077197762e-01	2.894120013878981323e-01	1.813231430259933941e-01	8.538734649876275618e-02	3.832474938416829263e-02	9.881114500586615779e-02
1.828677140761696819e+03	1.884949087327423001e-01	1.177122559630624926e-01	2.896098294803836626e-01	1.814594223116872407e-01	8.544703116674677579e-02	3.836818666194097283e-02	9.890836568310465426e-02
1.833514910975352450e+03	1.881827745532485552e-01	1.174929558970728011e-01	2.898065513215292710e-01	1.815949370205883207e-01	8.550637857434066624e-02	3.841139988862428412e-02	9.900500274426424219e-02
1.838352681189008081e+03	1.878724070183080408e-01	1.172748878823817870e-01	2.900021732736328683e-01	1.817296915820859338e-01	8.556539068041184304e-02	3.845439004128967109e-02	9.910105952155792708e-02
1.843190451402663257e+03	1.875637960549055572e-01	1.170580450292053043e-01	2.901967016605485061e-01	1.818636903982209230e-01	8.562406943237159396e-02	3.849715809594837085e-02	9.919653932846783650e-02
1.848028221616318433e+03	1.872569316490954316e-01	1.168424204851677695e-01	2.903901427679506098e-01	1.819969378438849039e-01	8.568241676623468417e-02	3.853970502748692989e-02	9.929144545984776304e-02
1.852865991829973609e+03	1.869518038456195741e-01	1.166280074351259827e-01	2.905825028435968793e-01	1.821294382670171630e-01	8.574043460667901684e-02	3.858203180960419199e-02	9.938578119202531869e-02
1.857703762043628785e+03	1.866484027475287244e-01	1.164147991009931438e-01	2.907737880975878597e-01	1.822611959887997513e-01	8.579812486710530761e-02	3.862413941474981266e-02	9.947954978290349248e-02
1.862541532257283961e+03	1.863467185158067807e-01	1.162027887415631455e-01	2.909640047026249565e-01	1.823922153038508298e-01	8.585548944969660645e-02	3.866602881406416142e-02	9.957275447206166696e-02
1.867379302470939592e+03	1.860467413689983196e-01	1.159919696523350474e-01	2.911531587942652877e-01	1.825225004804157114e-01	8.591253024547786110e-02	3.870770097731966036e-02	9.966539848085630149e-02
1.872217072684594768e+03	1.857484615828393915e-01	1.157823351653377159e-01	2.913412564711749253e-01	1.826520557605564032e-01	8.596924913437532789e-02	3.874915687286348970e-02	9.975748501252093559e-02
1.877054842898249490e+03	1.854518694898910913e-01	1.155738786489547837e-01	2.915283037953798062e-01	1.827808853603389849e-01	8.602564798527602419e-02	3.879039746756171581e-02	9.984901725226578983e-02
1.881892613111905121e+03	1.851569554791762384e-01	1.153665935077499011e-01	2.917143067925140332e-01	1.829089934700194875e-01	8.608172865608697266e-02	3.883142372674467518e-02	9.993999836737688103e-02
1.886730383325560297e+03	1.848637099958192198e-01	1.151604731822921529e-01	2.918992714520662890e-01	1.830363842542277186e-01	8.613749299379444557e-02	3.887223661415376702e-02	1.000304315073145822e-01
1.891568153539215928e+03	1.845721235406886096e-01	1.149555111489819204e-01	2.920832037276240301e-01	1.831630618521493115e-01	8.619294283452309802e-02	3.891283709188945311e-02	1.001203198038117248e-01
1.896405923752871104e+03	1.842821866700427857e-01	1.147517009198768811e-01	2.922661095371154594e-01	1.832890303777062468e-01	8.624808000359497628e-02	3.895322612036056925e-02	1.002096663709712426e-01
1.901243693966526507e+03	1.839938899951783502e-01	1.145490360425184678e-01	2.924479947630493903e-01	1.834142939197354050e-01	8.630290631558844294e-02	3.899340465823489948e-02	1.002984743053632333e-01
1.906081464180181683e+03	1.837072241820813800e-01	1.143475100997585481e-01	2.926288652527533340e-01	1.835388565421654794e-01	8.635742357439697703e-02	3.903337366239092304e-02	1.003867466861216168e-01
1.910919234393836859e+03	1.834221799510816486e-01	1.141471167095866462e-01	2.928087268186087000e-01	1.836627222841923646e-01	8.641163357328780770e-02	3.907313408787080333e-02	1.004744865750402671e-01
1.915757004607492036e+03	1.831387480765094833e-01	1.139478495249572482e-01	2.929875852382851642e-01	1.837858951604526003e-01	8.646553809496054788e-02	3.911268688783453573e-02	1.005616970166686858e-01
1.920594774821147894e+03	1.828569193863552877e-01	1.137497022336177305e-01	2.931654462549717621e-01	1.839083791611955676e-01	8.651913891160553649e-02	3.915203301351526805e-02	1.006483810384071476e-01
1.925432545034802843e+03	1.825766847619319511e-01	1.135526685579364564e-01	2.933423155776070934e-01	1.840301782524536023e-01	8.657243778496212516e-02	3.919117341417574507e-02	1.007345416506013613e-01
1.930270315248458019e+03	1.822980351375397823e-01	1.133567422547315240e-01	2.935181988811066400e-01	1.841512963762109711e-01	8.662543646637682615e-02	3.923010903706584257e-02	1.008201818466367278e-01
1.935108085462113195e+03	1.820209615001342485e-01	1.131619171150996112e-01	2.936931018065889742e-01	1.842717374505709049e-01	8.667813669686123823e-02	3.926884082738126697e-02	1.009053046030319867e-01
1.939945855675768371e+03	1.817454548889960997e-01	1.129681869642455705e-01	2.938670299615993575e-01	1.843915053699214102e-01	8.673054020714995871e-02	3.930736972822326120e-02	1.009899128795325590e-01
1.944783625889424002e+03	1.814715063954042418e-01	1.127755456613121487e-01	2.940399889203318406e-01	1.845106040050992213e-01	8.678264871775812073e-02	3.934569668055940689e-02	1.010740096192032089e-01
1.949621396103079178e+03	1.811991071623111349e-01	1.125839870992103309e-01	2.942119842238494209e-01	1.846290372035525595e-01	8.683446393903897220e-02	3.938382262318543270e-02	1.011575977485203726e-01
1.954459166316734354e+03	1.809282483840206068e-01	1.123935052044500588e-01	2.943830213803022011e-01	1.847468087895021982e-01	8.688598757124113559e-02	3.942174849268805653e-02	1.012406801774639736e-01
1.959296936530389530e+03	1.806589213058683030e-01	1.122040939369714635e-01	2.945531058651438827e-01	1.848639225641011130e-01	8.693722130456578434e-02	3.945947522340884084e-02	1.013232597996087947e-01
1.964134706744044706e+03	1.803911172239045235e-01	1.120157472899764722e-01	2.947222431213466498e-01	1.849803823055926888e-01	8.698816681922358351e-02	3.949700374740898468e-02	1.014053394922152518e-01
1.968972476957700337e+03	1.801248274845794195e-01	1.118284592897609564e-01	2.948904385596137212e-01	1.850961917694675940e-01	8.703882578549146376e-02	3.953433499443512883e-02	1.014869221163199053e-01
1.973810247171355968e+03	1.798600434844307150e-01	1.116422239955473517e-01	2.950576975585905148e-01	1.852113546886190731e-01	8.708919986376925659e-02	3.957146989188605607e-02	1.015680105168253050e-01
1.978648017385010689e+03	1.795967566697737050e-01	1.114570354993177498e-01	2.952240254650740914e-01	1.853258747734968237e-01	8.713929070463601045e-02	3.960840936478035590e-02	1.016486075225894875e-01
1.983485787598666320e+03	1.793349585363936682e-01	1.112728879256475456e-01	2.953894275942209879e-01	1.854397557122597628e-01	8.718909994890622350e-02	3.964515433572497055e-02	1.017287159465150165e-01
1.988323557812321269e+03	1.790746406292406667e-01	1.110897754315394587e-01	2.955539092297528314e-01	1.855530011709272675e-01	8.723862922768588213e-02	3.968170572488465692e-02	1.018083385856374118e-01
1.993161328025976900e+03	1.788157945421264827e-01	1.109076922062582210e-01	2.957174756241606750e-01	1.856656147935289158e-01	8.728788016242818026e-02	3.971806444995230889e-02	1.018874782212133429e-01
1.997999098239632076e+03	1.785584119174238871e-01	1.107266324711656952e-01	2.958801319989078360e-01	1.857776002022532569e-01	8.733685436498919707e-02	3.975423142612013322e-02	1.019661376188081559e-01
2.002836868453287707e+03	1.783024844457681557e-01	1.105465904795564641e-01	2.960418835446306240e-01	1.858889609975948876e-01	8.738555343768318606e-02	3.979020756605170656e-02	1.020443195283830817e-01
2.007674638666942428e+03	1.780480038657609454e-01	1.103675605164941426e-01	2.962027354213379038e-01	1.859997007585006690e-01	8.743397897333778090e-02	3.982599377985478889e-02	1.021220266843819169e-01
2.012512408880597604e+03	1.777949619636760847e-01	1.101895368986480356e-01	2.963626927586084370e-01	1.861098230425142774e-01	8.748213255534899313e-02	3.986159097505503901e-02	1.021992618058172736e-01
2.017350179094252780e+03	1.775433505731677519e-01	1.100125139741304492e-01	2.965217606557874475e-01	1.862193313859197008e-01	8.753001575773590448e-02	3.989700005657043774e-02	1.022760275963563725e-01
2.022187949307908411e+03	1.772931615749808454e-01	1.098364861223344868e-01	2.966799441821812433e-01	1.863282293038834025e-01	8.757763014519515110e-02	3.993222192668657855e-02	1.023523267444063634e-01
2.027025719521564042e+03	1.770443868966632139e-01	1.096614477537724286e-01	2.968372483772499515e-01	1.864365202905953756e-01	8.762497727315525509e-02	3.996725748503263120e-02	1.024281619231992568e-01
2.031863489735218764e+03	1.767970185122801907e-01	1.094873933099147351e-01	2.969936782507989759e-01	1.865442078194089470e-01	8.767205868783072009e-02	4.000210762855815894e-02	1.025035357908763434e-01
2.036701259948874394e+03	1.765510484421312642e-01	1.093143172630294813e-01	2.971492387831694004e-01	1.866512953429792232e-01	8.771887592627580776e-02	4.003677325151058786e-02	1.025784509905722230e-01
2.041539030162529116e+03	1.763064687524686647e-01	1.091422141160224152e-01	2.973039349254263941e-01	1.867577862934005906e-01	8.776543051643816151e-02	4.007125524541345352e-02	1.026529101504982944e-01
2.046376800376184747e+03	1.760632715552180039e-01	1.089710784022776963e-01	2.974577715995458393e-01	1.868636840823429124e-01	8.781172397721220824e-02	4.010555449904535524e-02	1.027269158840259516e-01
2.051214570589840150e+03	1.758214490077009973e-01	1.088009046854990641e-01	2.976107536986001278e-01	1.869689921011866707e-01	8.785775781849231025e-02	4.013967189841954886e-02	1.028004707897691855e-01
2.056052340803495554e+03	1.755809933123601285e-01	1.086316875595517012e-01	2.977628860869425131e-01	1.870737137211567480e-01	8.790353354122561191e-02	4.017360832676433041e-02	1.028735774516668922e-01
2.060890111017150957e+03	1.753418967164852571e-01	1.084634216483045532e-01	2.979141736003892982e-01	1.871778522934553768e-01	8.794905263746480295e-02	4.020736466450397506e-02	1.029462384390645996e-01
2.065727881230805451e+03	1.751041515119423631e-01	1.082961016054733855e-01	2.980646210464014678e-01	1.872814111493938116e-01	8.799431659042049325e-02	4.024094178924042531e-02	1.030184563067958470e-01
2.070565651444461309e+03	1.748677500349039848e-01	1.081297221144643661e-01	2.982142332042643229e-01	1.873843936005228916e-01	8.803932687451342110e-02	4.027434057573558296e-02	1.030902335952631754e-01
2.075403421658116713e+03	1.746326846655816556e-01	1.079642778882182186e-01	2.983630148252661152e-01	1.874868029387626034e-01	8.808408495542639771e-02	4.030756189589423943e-02	1.031615728305185220e-01
2.080241191871772116e+03	1.743989478279603100e-01	1.077997636690549987e-01	2.985109706328749057e-01	1.875886424365304783e-01	8.812859229015602980e-02	4.034060661874759590e-02	1.032324765243433778e-01
2.085078962085427065e+03	1.741665319895345232e-01	1.076361742285195378e-01	2.986581053229145355e-01	1.876899153468690185e-01	8.817285032706420611e-02	4.037347561043747729e-02	1.033029471743283773e-01
2.089916732299082469e+03	1.739354296610464701e-01	1.074735043672273849e-01	2.988044235637388746e-01	1.877906249035720676e-01	8.821686050592925099e-02	4.040616973420106672e-02	1.033729872639525538e-01
2.094754502512737417e+03	1.737056333962259669e-01	1.073117489147114439e-01	2.989499299964049062e-01	1.878907743213100168e-01	8.826062425799699462e-02	4.043868985035622976e-02	1.034425992626620966e-01
2.099592272726392821e+03	1.734771357915322054e-01	1.071509027292691513e-01	2.990946292348445890e-01	1.879903667957541213e-01	8.830414300603144084e-02	4.047103681628747701e-02	1.035117856259487185e-01
2.104430042940048224e+03	1.732499294858971528e-01	1.069909606978103472e-01	2.992385258660350544e-01	1.880894055036997914e-01	8.834741816436525452e-02	4.050321148643241248e-02	1.035805487954276349e-01
2.109267813153704083e+03	1.730240071604710606e-01	1.068319177357057587e-01	2.993816244501680268e-01	1.881878936031888827e-01	8.839045113895001304e-02	4.053521471226878559e-02	1.036488911989150719e-01
2.114105583367359031e+03	1.727993615383693615e-01	1.066737687866359530e-01	2.995239295208175778e-01	1.882858342336309332e-01	8.843324332740618021e-02	4.056704734230207055e-02	1.037168152505054119e-01
2.118943353581013525e+03	1.725759853844216485e-01	1.065165088224411388e-01	2.996654455851069931e-01	1.883832305159234832e-01	8.847579611907283037e-02	4.059871022205356617e-02	1.037843233506478141e-01
2.123781123794669384e+03	1.723538715049221237e-01	1.063601328429714249e-01	2.998061771238736961e-01	1.884800855525713970e-01	8.851811089505715047e-02	4.063020419404902994e-02	1.038514178862226106e-01
2.128618894008324787e+03	1.721330127473820470e-01	1.062046358759377723e-01	2.999461285918337272e-01	1.885764024278053508e-01	8.856018902828366457e-02	4.066153009780781868e-02	1.039181012306170937e-01
2.133456664221980191e+03	1.719134020002834606e-01	1.060500129767635302e-01	3.000853044177446693e-01	1.886721842076990729e-01	8.860203188354319470e-02	4.069268876983252181e-02	1.039843757438009830e-01
2.138294434435635139e+03	1.716950321928351064e-01	1.058962592284366927e-01	3.002237090045671852e-01	1.887674339402860557e-01	8.864364081754164126e-02	4.072368104359910118e-02	1.040502437724016016e-01
2.143132204649290543e+03	1.714778962947295649e-01	1.057433697413626555e-01	3.003613467296258333e-01	1.888621546556750463e-01	8.868501717894836101e-02	4.075450774954750277e-02	1.041157076497783440e-01
2.147969974862945492e+03	1.712619873159023087e-01	1.055913396532176807e-01	3.004982219447681624e-01	1.889563493661647609e-01	8.872616230844454499e-02	4.078516971507274019e-02	1.041807696960970891e-01
2.152807745076601350e+03	1.710472983062923391e-01	1.054401641288030267e-01	3.006343389765228635e-01	1.890500210663575709e-01	8.876707753877099982e-02	4.081566776451643619e-02	1.042454322184039606e-01
2.157645515290255844e+03	1.708338223556044033e-01	1.052898383598995929e-01	3.007697021262570880e-01	1.891431727332724966e-01	8.880776419477601213e-02	4.084600271915882902e-02	1.043096975106987956e-01
2.162483285503912157e+03	1.706215525930727395e-01	1.051403575651233130e-01	3.009043156703318234e-01	1.892358073264572005e-01	8.884822359346275511e-02	4.087617539721120213e-02	1.043735678540081979e-01
2.167321055717567106e+03	1.704104821872266251e-01	1.049917169897811448e-01	3.010381838602569915e-01	1.893279277880990097e-01	8.888845704403648684e-02	4.090618661380877874e-02	1.044370455164581740e-01
2.172158825931222509e+03	1.702006043456573692e-01	1.048439119057276020e-01	3.011713109228449370e-01	1.894195370431352998e-01	8.892846584795154052e-02	4.093603718100399802e-02	1.045001327533464364e-01
2.176996596144877003e+03	1.699919123147867472e-01	1.046969376112221600e-01	3.013037010603629162e-01	1.895106379993627965e-01	8.896825129895800932e-02	4.096572790776028400e-02	1.045628318072142349e-01
2.181834366358532861e+03	1.697843993796372408e-01	1.045507894307870222e-01	3.014353584506844763e-01	1.896012335475462385e-01	8.900781468314820921e-02	4.099525959994612667e-02	1.046251449079177859e-01
2.186672136572187810e+03	1.695780588636036645e-01	1.044054627150656500e-01	3.015662872474397793e-01	1.896913265615261246e-01	8.904715727900283651e-02	4.102463306032964191e-02	1.046870742726994929e-01
2.191509906785843214e+03	1.693728841282262088e-01	1.042609528406820002e-01	3.016964915801645386e-01	1.897809198983254897e-01	8.908628035743695883e-02	4.105384908857347831e-02	1.047486221062585016e-01
2.196347676999498617e+03	1.691688685729652863e-01	1.041172552101002624e-01	3.018259755544486223e-01	1.898700163982560696e-01	8.912518518184568694e-02	4.108290848123015426e-02	1.048097906008211427e-01
2.201185447213154021e+03	1.689660056349775175e-01	1.039743652514853178e-01	3.019547432520826580e-01	1.899586188850236612e-01	8.916387300814961059e-02	4.111181203173771420e-02	1.048705819362107244e-01
2.206023217426809424e+03	1.687642887888934629e-01	1.038322784185637809e-01	3.020827987312044161e-01	1.900467301658324837e-01	8.920234508483995683e-02	4.114056053041578731e-02	1.049309982799172120e-01
2.210860987640464373e+03	1.685637115465967728e-01	1.036909901904857767e-01	3.022101460264436379e-01	1.901343530314889285e-01	8.924060265302363737e-02	4.116915476446204175e-02	1.049910417871663254e-01
2.215698757854119776e+03	1.683642674570045850e-01	1.035504960716871897e-01	3.023367891490659209e-01	1.902214902565044496e-01	8.927864694646775456e-02	4.119759551794889563e-02	1.050507146009883458e-01
2.220536528067775180e+03	1.681659501058496153e-01	1.034107915917527459e-01	3.024627320871156599e-01	1.903081445991976761e-01	8.931647919164420468e-02	4.122588357182067897e-02	1.051100188522865603e-01
2.225374298281430583e+03	1.679687531154636093e-01	1.032718723052795662e-01	3.025879788055580999e-01	1.903943188017958588e-01	8.935410060777372598e-02	4.125401970389108025e-02	1.051689566599052356e-01
2.230212068495085077e+03	1.677726701445619861e-01	1.031337337917414138e-01	3.027125332464201124e-01	1.904800155905353731e-01	8.939151240686990518e-02	4.128200468884093283e-02	1.052275301306973970e-01
2.235049838708740936e+03	1.675776948880303985e-01	1.029963716553536357e-01	3.028363993289302503e-01	1.905652376757616395e-01	8.942871579378283697e-02	4.130983929821632761e-02	1.052857413595920111e-01
2.239887608922396339e+03	1.673838210767120971e-01	1.028597815249386455e-01	3.029595809496574699e-01	1.906499877520282105e-01	8.946571196624254763e-02	4.133752430042707260e-02	1.053435924296610010e-01
2.244725379136052197e+03	1.671910424771969883e-01	1.027239590537920993e-01	3.030820819826494095e-01	1.907342684981952197e-01	8.950250211490219654e-02	4.136506046074538839e-02	1.054010854121857493e-01
2.249563149349706237e+03	1.669993528916120795e-01	1.025888999195496698e-01	3.032039062795691131e-01	1.908180825775269152e-01	8.953908742338097249e-02	4.139244854130500612e-02	1.054582223667233642e-01
2.254400919563362095e+03	1.668087461574131458e-01	1.024545998240544847e-01	3.033250576698310330e-01	1.909014326377885817e-01	8.957546906830682332e-02	4.141968930110050823e-02	1.055150053411724326e-01
2.259238689777017044e+03	1.666192161471778399e-01	1.023210544932252192e-01	3.034455399607365877e-01	1.909843213113429639e-01	8.961164821935886649e-02	4.144678349598694689e-02	1.055714363718385923e-01
2.264076459990672902e+03	1.664307567684000233e-01	1.021882596769247142e-01	3.035653569376077221e-01	1.910667512152454950e-01	8.964762603930959139e-02	4.147373187867982314e-02	1.056275174834995639e-01
