1.001418434226643626e+03	2.792259885707218392e-01	1.809779472262207090e-01	2.346056858618481289e-01	1.406670710990743922e-01	6.826370935035659671e-02	2.702030296210251870e-02	6.923929492934520480e-02
1.003837319333471214e+03	2.788050164351494331e-01	1.806978532282185190e-01	2.348983903779595928e-01	1.408415951471396477e-01	6.833783437831476848e-02	2.707011950808619824e-02	6.934919092480122671e-02
1.006256204440298802e+03	2.783852355995601324e-01	1.804185454816031320e-01	2.351902715365971896e-01	1.410156060600482042e-01	6.841174269121685914e-02	2.711984797892658464e-02	6.945875065171727702e-02
1.008675089547126618e+03	2.779666426713577332e-01	1.801400217783715452e-01	2.354813316506301768e-01	1.411891051759306126e-01	6.848543467433039489e-02	2.716948712474643451e-02	6.956797692430248536e-02
1.011093974653954206e+03	2.775492342669353962e-01	1.798622799167216846e-01	2.357715730264289822e-01	1.413620938558433071e-01	6.855891073420378179e-02	2.721903575287910187e-02	6.967687244665701773e-02
1.013512859760782021e+03	2.771330070117178912e-01	1.795853177010351964e-01	2.360609979638834677e-01	1.415345734819934143e-01	6.863217129730236898e-02	2.726849272543895725e-02	6.978543981829797571e-02
1.015931744867609382e+03	2.767179575401990110e-01	1.793091329418598778e-01	2.363496087564210535e-01	1.417065454560607618e-01	6.870521680871549686e-02	2.731785695700326977e-02	6.989368153940975215e-02
1.018350629974437197e+03	2.763040824959760999e-01	1.790337234558924406e-01	2.366374076910249535e-01	1.418780111976118696e-01	6.877804773093126878e-02	2.736712741240021271e-02	7.000160001583242975e-02
1.020769515081264785e+03	2.758913785317797518e-01	1.787590870659612197e-01	2.369243970482521611e-01	1.420489721426012875e-01	6.885066454267560476e-02	2.741630310459790970e-02	7.010919756380135093e-02
1.023188400188092373e+03	2.754798423095008442e-01	1.784852216010090198e-01	2.372105791022515175e-01	1.422194297419555609e-01	6.892306773781246843e-02	2.746538309268973729e-02	7.021647641445011301e-02
1.025607285294920075e+03	2.750694705002141305e-01	1.782121248960758797e-01	2.374959561207817538e-01	1.423893854602354958e-01	6.899525782430226961e-02	2.751436647997125909e-02	7.032343871808847957e-02
1.028026170401747549e+03	2.746602597841981686e-01	1.779397947922819190e-01	2.377805303652292535e-01	1.425588407743731689e-01	6.906723532321555614e-02	2.756325241210444768e-02	7.043008654826669879e-02
1.030445055508575479e+03	2.742522068509530286e-01	1.776682291368103794e-01	2.380643040906260943e-01	1.427277971724789096e-01	6.913900076779923298e-02	2.761204007536504149e-02	7.053642190563647052e-02
1.032863940615402726e+03	2.738453083992146708e-01	1.773974257828904166e-01	2.383472795456678395e-01	1.428962561527156172e-01	6.921055470259264430e-02	2.766072869496906048e-02	7.064244672161890115e-02
1.035282825722230655e+03	2.734395611369667134e-01	1.771273825897802523e-01	2.386294589727313842e-01	1.430642192222360831e-01	6.928189768259117309e-02	2.770931753347476156e-02	7.074816286188874426e-02
1.037701710829058356e+03	2.730349617814499807e-01	1.768580974227502434e-01	2.389108446078925529e-01	1.432316878961808482e-01	6.935303027245477703e-02	2.775780588925642889e-02	7.085357212968430851e-02
1.040120595935886058e+03	2.726315070591693313e-01	1.765895681530659234e-01	2.391914386809440018e-01	1.433986636967325423e-01	6.942395304575937898e-02	2.780619309504658507e-02	7.095867626895133173e-02
1.042539481042713533e+03	2.722291937058987643e-01	1.763217926579712103e-01	2.394712434154127600e-01	1.435651481522247086e-01	6.949466658428887778e-02	2.785447851654343845e-02	7.106347696732938368e-02
1.044958366149541234e+03	2.718280184666836963e-01	1.760547688206715866e-01	2.397502610285778268e-01	1.437311427963016697e-01	6.956517147736568374e-02	2.790266155108039534e-02	7.116797585898827772e-02
1.047377251256368709e+03	2.714279780958419597e-01	1.757884945303173629e-01	2.400284937314876854e-01	1.438966491671270498e-01	6.963546832121790542e-02	2.795074162635480947e-02	7.127217452732227676e-02
1.049796136363196410e+03	2.710290693569625819e-01	1.755229676819870521e-01	2.403059437289780109e-01	1.440616688066382323e-01	6.970555771838132797e-02	2.799871819921308583e-02	7.137607450750876881e-02
1.052215021470024112e+03	2.706312890229027324e-01	1.752581861766705773e-01	2.405826132196888512e-01	1.442262032598445876e-01	6.977544027713435126e-02	2.804659075448954347e-02	7.147967728893842021e-02
1.054633906576851814e+03	2.702346338757831146e-01	1.749941479212527851e-01	2.408585043960823346e-01	1.443902540741670848e-01	6.984511661096427793e-02	2.809435880389646312e-02	7.158298431752303792e-02
1.057052791683679516e+03	2.698391007069818048e-01	1.747308508284968198e-01	2.411336194444597680e-01	1.445538227988171776e-01	6.991458733806325820e-02	2.814202188496296719e-02	7.168599699788727464e-02
1.059471676790506763e+03	2.694446863171267026e-01	1.744682928170276925e-01	2.414079605449791222e-01	1.447169109842126600e-01	6.998385308085258716e-02	2.818957956002039397e-02	7.178871669544985290e-02
1.061890561897334692e+03	2.690513875160864821e-01	1.742064718113157662e-01	2.416815298716722682e-01	1.448795201814289668e-01	7.005291446553359169e-02	2.823703141523202162e-02	7.189114473839991470e-02
1.064309447004162394e+03	2.686592011229601007e-01	1.739453857416602411e-01	2.419543295924621862e-01	1.450416519416838079e-01	7.012177212166402496e-02	2.828437705966503971e-02	7.199328241957357599e-02
1.066728332110990095e+03	2.682681239660653083e-01	1.736850325441730014e-01	2.422263618691801734e-01	1.452033078158534440e-01	7.019042668175852484e-02	2.833161612440281141e-02	7.209513099823576521e-02
1.069147217217817570e+03	2.678781528829258796e-01	1.734254101607620724e-01	2.424976288575828864e-01	1.453644893540187444e-01	7.025887878091188754e-02	2.837874826169554943e-02	7.219669170177198114e-02
1.071566102324645271e+03	2.674892847202578472e-01	1.731665165391155503e-01	2.427681327073695217e-01	1.455251981050399990e-01	7.032712905644403212e-02	2.842577314414761885e-02	7.229796572729438320e-02
1.073984987431472746e+03	2.671015163339547915e-01	1.729083496326851155e-01	2.430378755621988296e-01	1.456854356161582098e-01	7.039517814756555969e-02	2.847269046393973921e-02	7.239895424316666883e-02
1.076403872538300675e+03	2.667148445890717423e-01	1.726509074006701006e-01	2.433068595597061012e-01	1.458452034326221669e-01	7.046302669506272764e-02	2.851949993208450357e-02	7.249965839045156846e-02
1.078822757645127922e+03	2.663292663598088583e-01	1.723941878080011425e-01	2.435750868315200712e-01	1.460045030973393942e-01	7.053067534100089520e-02	2.856620127771362927e-02	7.260007928428495461e-02
1.081241642751955851e+03	2.659447785294936084e-01	1.721381888253242232e-01	2.438425595032798210e-01	1.461633361505499940e-01	7.059812472844564923e-02	2.861279424739552463e-02	7.270021801518015969e-02
1.083660527858783553e+03	2.655613779905626193e-01	1.718829084289845710e-01	2.441092796946516819e-01	1.463217041295221676e-01	7.066537550120030597e-02	2.865927860448172493e-02	7.280007565026593019e-02
1.086079412965611255e+03	2.651790616445425797e-01	1.716283446010106184e-01	2.443752495193459995e-01	1.464796085682681659e-01	7.073242830355931654e-02	2.870565412848088624e-02	7.289965323446138956e-02
1.088498298072438729e+03	2.647978264020308115e-01	1.713744953290980699e-01	2.446404710851338704e-01	1.466370509972793890e-01	7.079928378007650791e-02	2.875192061445907415e-02	7.299895179159124337e-02
1.090917183179266431e+03	2.644176691826745085e-01	1.711213586065939984e-01	2.449049464938638510e-01	1.467940329432799729e-01	7.086594257534756247e-02	2.879807787246514358e-02	7.309797232544391898e-02
1.093336068286093905e+03	2.640385869151499754e-01	1.708689324324809411e-01	2.451686778414786938e-01	1.469505559289977503e-01	7.093240533380572310e-02	2.884412572698001956e-02	7.319671582077584560e-02
1.095754953392921607e+03	2.636605765371411447e-01	1.706172148113611065e-01	2.454316672180318348e-01	1.471066214729513655e-01	7.099867269953036297e-02	2.889006401638886945e-02	7.329518324426423370e-02
1.098173838499749309e+03	2.632836349953176502e-01	1.703662037534405815e-01	2.456939167077040187e-01	1.472622310892529596e-01	7.106474531606747636e-02	2.893589259247502862e-02	7.339337554541122688e-02
1.100592723606577010e+03	2.629077592453120671e-01	1.701158972745135389e-01	2.459554283888198689e-01	1.474173862874255669e-01	7.113062382626157698e-02	2.898161131993474970e-02	7.349129365740156294e-02
1.103011608713404712e+03	2.625329462516972634e-01	1.698662933959466104e-01	2.462162043338643191e-01	1.475720885722343056e-01	7.119630887209836556e-02	2.902722007591182485e-02	7.358893849791631192e-02
1.105430493820231959e+03	2.621591929879628635e-01	1.696173901446631771e-01	2.464762466094989890e-01	1.477263394435304467e-01	7.126180109455765299e-02	2.907271874955114424e-02	7.368631096990473084e-02
1.107849378927059888e+03	2.617864964364915448e-01	1.693691855531278823e-01	2.467355572765786986e-01	1.478801403961081673e-01	7.132710113347588698e-02	2.911810724157037900e-02	7.378341196231646970e-02
1.110268264033887590e+03	2.614148535885351676e-01	1.691216776593308935e-01	2.469941383901676779e-01	1.480334929195726013e-01	7.139220962741783805e-02	2.916338546384894190e-02	7.388024235079596047e-02
1.112687149140715292e+03	2.610442614441899623e-01	1.688748645067725263e-01	2.472519919995559423e-01	1.481863984982192128e-01	7.145712721355694519e-02	2.920855333903346965e-02	7.397680299834097362e-02
1.115106034247542766e+03	2.606747170123724366e-01	1.686287441444476454e-01	2.475091201482754188e-01	1.483388586109233853e-01	7.152185452756393280e-02	2.925361080015904947e-02	7.407309475592716019e-02
1.117524919354370468e+03	2.603062173107937860e-01	1.683833146268303715e-01	2.477655248741163496e-01	1.484908747310397514e-01	7.158639220350303256e-02	2.929855779028554125e-02	7.416911846310021705e-02
1.119943804461197942e+03	2.599387593659350237e-01	1.681385740138585938e-01	2.480212082091432235e-01	1.486424483263109053e-01	7.165074087373560219e-02	2.934339426214827712e-02	7.426487494853735438e-02
1.122362689568025871e+03	2.595723402130216684e-01	1.678945203709186207e-01	2.482761721797110410e-01	1.487935808587848574e-01	7.171490116883071086e-02	2.938812017782249653e-02	7.436036503057960600e-02
1.124781574674853118e+03	2.592069568959975978e-01	1.676511517688299702e-01	2.485304188064813569e-01	1.489442737847405662e-01	7.177887371748217782e-02	2.943273550840095829e-02	7.445558951773637024e-02
1.127200459781681047e+03	2.588426064674998472e-01	1.674084662838299931e-01	2.487839501044381840e-01	1.490945285546212140e-01	7.184265914643196693e-02	2.947724023368407040e-02	7.455054920916373562e-02
1.129619344888508749e+03	2.584792859888322414e-01	1.671664619975586907e-01	2.490367680829040919e-01	1.492443466129749763e-01	7.190625808039922962e-02	2.952163434188206231e-02	7.464524489511770167e-02
1.132038229995336451e+03	2.581169925299393042e-01	1.669251369970436161e-01	2.492888747455560272e-01	1.493937293984025083e-01	7.196967114201499593e-02	2.956591782932860291e-02	7.473967735738382134e-02
1.134457115102163925e+03	2.577557231693801687e-01	1.666844893746846912e-01	2.495402720904413840e-01	1.495426783435109264e-01	7.203289895176215318e-02	2.961009070020541659e-02	7.483384736968419493e-02
1.136876000208991627e+03	2.573954749943018760e-01	1.664445172282390251e-01	2.497909621099936028e-01	1.496911948748737564e-01	7.209594212792017065e-02	2.965415296627738409e-02	7.492775569806306435e-02
1.139294885315819101e+03	2.570362451004131743e-01	1.662052186608060367e-01	2.500409467910481576e-01	1.498392804129968781e-01	7.215880128651463998e-02	2.969810464663766997e-02	7.502140310125227085e-02
1.141713770422646803e+03	2.566780305919579841e-01	1.659665917808123559e-01	2.502902281148581265e-01	1.499869363722896032e-01	7.222147704127113155e-02	2.974194576746247431e-02	7.511479033101718661e-02
1.144132655529474505e+03	2.563208285816883092e-01	1.657286347019968353e-01	2.505388080571100407e-01	1.501341641610408340e-01	7.228397000357321411e-02	2.978567636177493691e-02	7.520791813248450808e-02
1.146551540636302207e+03	2.559646361908382572e-01	1.654913455433957570e-01	2.507866885879396213e-01	1.502809651814001890e-01	7.234628078242436033e-02	2.982929646921787456e-02	7.530078724445263272e-02
1.148970425743129908e+03	2.556094505490966173e-01	1.652547224293277328e-01	2.510338716719471286e-01	1.504273408293631820e-01	7.240840998441364085e-02	2.987280613583489022e-02	7.539339839968547952e-02
1.151389310849957155e+03	2.552552687945804366e-01	1.650187634893791055e-01	2.512803592682131271e-01	1.505732924947609797e-01	7.247035821368472130e-02	2.991620541385955553e-02	7.548575232519079414e-02
1.153808195956785084e+03	2.549020880738081529e-01	1.647834668583889883e-01	2.515261533303138619e-01	1.507188215612537407e-01	7.253212607190828720e-02	2.995949436151228162e-02	7.557784974248336896e-02
1.156227081063612786e+03	2.545499055416726719e-01	1.645488306764346098e-01	2.517712558063370243e-01	1.508639294063278680e-01	7.259371415825746632e-02	3.000267304280460068e-02	7.566969136783442684e-02
1.158645966170440488e+03	2.541987183614145551e-01	1.643148530888165759e-01	2.520156686388969058e-01	1.510086174012965632e-01	7.265512306938617937e-02	3.004574152735050088e-02	7.576127791250736321e-02
1.161064851277267962e+03	2.538485237045952636e-01	1.640815322460441317e-01	2.522593937651499418e-01	1.511528869113035467e-01	7.271635339941025233e-02	3.008869989018450944e-02	7.585261008298097019e-02
1.163483736384095664e+03	2.534993187510701795e-01	1.638488663038206450e-01	2.525024331168100877e-01	1.512967392953299128e-01	7.277740573989099904e-02	3.013154821158629815e-02	7.594368858116053167e-02
1.165902621490923138e+03	2.531511006889620163e-01	1.636168534230288962e-01	2.527447886201638627e-01	1.514401759062035946e-01	7.283828067982131560e-02	3.017428657691148194e-02	7.603451410457745530e-02
1.168321506597751068e+03	2.528038667146337293e-01	1.633854917697166731e-01	2.529864621960859483e-01	1.515831980906116594e-01	7.289897880561405086e-02	3.021691507642837796e-02	7.612508734657810749e-02
1.170740391704578315e+03	2.524576140326619811e-01	1.631547795150821711e-01	2.532274557600543985e-01	1.517258071891148252e-01	7.295950070109244456e-02	3.025943380516047526e-02	7.621540899650235124e-02
1.173159276811406244e+03	2.521123398558101636e-01	1.629247148354595054e-01	2.534677712221654056e-01	1.518680045361643083e-01	7.301984694748250848e-02	3.030184286273437597e-02	7.630547973985223054e-02
1.175578161918233945e+03	2.517680414050020299e-01	1.626952959123043607e-01	2.537074104871491764e-01	1.520097914601208355e-01	7.308001812340753078e-02	3.034414235323298903e-02	7.639530025845155115e-02
1.177997047025061647e+03	2.514247159092948825e-01	1.624665209321795867e-01	2.539463754543841989e-01	1.521511692832755169e-01	7.314001480488409312e-02	3.038633238505374090e-02	7.648487123059649617e-02
1.180415932131889122e+03	2.510823606058528723e-01	1.622383880867407924e-01	2.541846680179128959e-01	1.522921393218725494e-01	7.319983756531976693e-02	3.042841307077163993e-02	7.657419333119806770e-02
1.182834817238716823e+03	2.507409727399206312e-01	1.620108955727221078e-01	2.544222900664562803e-01	1.524327028861336697e-01	7.325948697551246114e-02	3.047038452700696204e-02	7.666326723191647929e-02
1.185253702345544298e+03	2.504005495647967372e-01	1.617840415919219177e-01	2.546592434834291652e-01	1.525728612802839668e-01	7.331896360365119936e-02	3.051224687429738083e-02	7.675209360128823488e-02
1.187672587452371999e+03	2.500610883418072361e-01	1.615578243511885670e-01	2.548955301469550405e-01	1.527126158025793323e-01	7.337826801531813214e-02	3.055400023697436851e-02	7.684067310484589408e-02
1.190091472559199701e+03	2.497225863402795232e-01	1.613322420624063169e-01	2.551311519298808395e-01	1.528519677453351044e-01	7.343740077349190931e-02	3.059564474304369078e-02	7.692900640523125944e-02
1.192510357666027403e+03	2.493850408375157257e-01	1.611072929424811062e-01	2.553661106997918151e-01	1.529909183949558493e-01	7.349636243855220408e-02	3.063718052406983264e-02	7.701709416230215210e-02
1.194929242772855105e+03	2.490484491187668903e-01	1.608829752133263680e-01	2.556004083190263065e-01	1.531294690319664753e-01	7.355515356828533358e-02	3.067860771506423015e-02	7.710493703323309522e-02
1.197348127879682352e+03	2.487128084772065595e-01	1.606592871018491797e-01	2.558340466446907269e-01	1.532676209310440685e-01	7.361377471789085081e-02	3.071992645437709654e-02	7.719253567261025184e-02
1.199767012986510281e+03	2.483781162139048759e-01	1.604362268399359970e-01	2.560670275286739961e-01	1.534053753610508108e-01	7.367222643998923293e-02	3.076113688359275594e-02	7.727989073252099217e-02
1.202185898093337983e+03	2.480443696378026863e-01	1.602137926644388866e-01	2.562993528176623625e-01	1.535427335850678143e-01	7.373050928463023568e-02	3.080223914742832164e-02	7.736700286263827053e-02
1.204604783200165684e+03	2.477115660656855900e-01	1.599919828171613989e-01	2.565310243531540024e-01	1.536796968604294822e-01	7.378862379930221926e-02	3.084323339363563218e-02	7.745387271030017284e-02
1.207023668306993159e+03	2.473797028221580985e-01	1.597707955448448292e-01	2.567620439714736746e-01	1.538162664387587308e-01	7.384657052894223750e-02	3.088411977290622321e-02	7.754050092058470400e-02
1.209442553413820860e+03	2.470487772396180726e-01	1.595502290991542005e-01	2.569924135037870983e-01	1.539524435660026558e-01	7.390435001594669595e-02	3.092489843877933853e-02	7.762688813638041196e-02
1.211861438520648335e+03	2.467187866582311595e-01	1.593302817366644974e-01	2.572221347761155519e-01	1.540882294824689469e-01	7.396196280018278724e-02	3.096556954755277577e-02	7.771303499845268192e-02
1.214280323627476264e+03	2.463897284259051745e-01	1.591109517188469269e-01	2.574512096093504732e-01	1.542236254228625536e-01	7.401940941900048143e-02	3.100613325819651794e-02	7.779894214550624187e-02
1.216699208734303511e+03	2.460615998982648156e-01	1.588922373120550402e-01	2.576796398192677251e-01	1.543586326163229883e-01	7.407669040724502996e-02	3.104658973226898447e-02	7.788461021424378239e-02
1.219118093841131440e+03	2.457343984386262392e-01	1.586741367875111608e-01	2.579074272165419179e-01	1.544932522864618518e-01	7.413380629727001070e-02	3.108693913383587734e-02	7.797003983942127348e-02
1.221536978947959142e+03	2.454081214179719417e-01	1.584566484212926174e-01	2.581345736067610641e-01	1.546274856514006091e-01	7.419075761895081722e-02	3.112718162939145938e-02	7.805523165389983975e-02
1.223955864054786844e+03	2.450827662149256680e-01	1.582397704943181715e-01	2.583610807904404560e-01	1.547613339238088082e-01	7.424754489969857818e-02	3.116731738778223335e-02	7.814018628869442984e-02
1.226374749161614318e+03	2.447583302157272933e-01	1.580235012923343063e-01	2.585869505630372656e-01	1.548947983109424942e-01	7.430416866447442370e-02	3.120734658013286228e-02	7.822490437301964084e-02
1.228793634268442020e+03	2.444348108142080644e-01	1.578078391059018482e-01	2.588121847149646992e-01	1.550278800146825120e-01	7.436062943580418194e-02	3.124726937977434157e-02	7.830938653433262842e-02
1.231212519375269494e+03	2.441122054117657036e-01	1.575927822303822556e-01	2.590367850316061538e-01	1.551605802315733362e-01	7.441692773379325609e-02	3.128708596217424920e-02	7.839363339837335243e-02
1.233631404482097196e+03	2.437905114173397614e-01	1.573783289659242690e-01	2.592607532933291492e-01	1.552929001528617903e-01	7.447306407614190382e-02	3.132679650486908107e-02	7.847764558920237998e-02
1.236050289588924898e+03	2.434697262473869417e-01	1.571644776174504210e-01	2.594840912754998175e-01	1.554248409645357376e-01	7.452903897816069712e-02	3.136640118739850852e-02	7.856142372923621831e-02
1.238469174695752372e+03	2.431498473258566773e-01	1.569512264946436308e-01	2.597068007484966690e-01	1.555564038473630506e-01	7.458485295278623195e-02	3.140590019124159249e-02	7.864496843928048264e-02
1.240888059802580301e+03	2.428308720841667323e-01	1.567385739119337984e-01	2.599288834777248036e-01	1.556875899769303295e-01	7.464050651059700447e-02	3.144529369975477412e-02	7.872828033856084373e-02
1.243306944909407548e+03	2.425127979611788887e-01	1.565265181884845369e-01	2.601503412236298440e-01	1.558184005236817604e-01	7.469600015982950925e-02	3.148458189811172148e-02	7.881136004475203238e-02
1.245725830016235477e+03	2.421956224031748262e-01	1.563150576481798504e-01	2.603711757417117578e-01	1.559488366529577785e-01	7.475133440639443461e-02	3.152376497324477916e-02	7.889420817400487340e-02
1.248144715123063179e+03	2.418793428638320031e-01	1.561041906196108942e-01	2.605913887825388464e-01	1.560788995250337319e-01	7.480650975389299684e-02	3.156284311378815960e-02	7.897682534097168194e-02
1.250563600229890881e+03	2.415639568041996754e-01	1.558939154360626522e-01	2.608109820917616783e-01	1.562085902951584615e-01	7.486152670363335759e-02	3.160181651002266084e-02	7.905921215882980024e-02
1.252982485336718355e+03	2.412494616926750823e-01	1.556842304355009476e-01	2.610299574101268005e-01	1.563379101135926041e-01	7.491638575464720784e-02	3.164068535382198039e-02	7.914136923930356615e-02
1.255401370443546057e+03	2.409358550049796321e-01	1.554751339605590921e-01	2.612483164734907271e-01	1.564668601256469782e-01	7.497108740370636570e-02	3.167944983860048608e-02	7.922329719268490777e-02
1.257820255550373531e+03	2.406231342241353099e-01	1.552666243585249517e-01	2.614660610128333729e-01	1.565954414717204701e-01	7.502563214533933267e-02	3.171811015926240956e-02	7.930499662785234216e-02
1.260239140657201460e+03	2.403112968404411132e-01	1.550586999813276801e-01	2.616831927542719871e-01	1.567236552873380873e-01	7.508002047184803018e-02	3.175666651215247605e-02	7.938646815228875275e-02
1.262658025764028707e+03	2.400003403514494593e-01	1.548513591855249227e-01	2.618997134190748644e-01	1.568515027031885944e-01	7.513425287332453628e-02	3.179511909500782468e-02	7.946771237209787619e-02
1.265076910870856636e+03	2.396902622619431766e-01	1.546446003322896334e-01	2.621156247236747228e-01	1.569789848451619840e-01	7.518832983766771116e-02	3.183346810691128209e-02	7.954872989201955402e-02
1.267495795977684338e+03	2.393810600839118841e-01	1.544384217873971399e-01	2.623309283796826374e-01	1.571061028343866961e-01	7.524225185059991994e-02	3.187171374824583625e-02	7.962952131544394352e-02
1.269914681084511813e+03	2.390727313365291762e-01	1.542328219212122931e-01	2.625456260939013076e-01	1.572328577872665611e-01	7.529601939568372759e-02	3.190985622065038718e-02	7.971008724442460447e-02
1.272333566191339514e+03	2.387652735461293918e-01	1.540277991086765053e-01	2.627597195683387121e-01	1.573592508155176872e-01	7.534963295433848296e-02	3.194789572697661478e-02	7.979042827969065610e-02
1.274752451298167216e+03	2.384586842461847989e-01	1.538233517292949548e-01	2.629732105002214881e-01	1.574852830262047920e-01	7.540309300585701369e-02	3.198583247124704015e-02	7.987054502065793482e-02
1.277171336404994690e+03	2.381529609772827516e-01	1.536194781671236798e-01	2.631861005820086974e-01	1.576109555217773961e-01	7.545640002742205754e-02	3.202366665861414857e-02	7.995043806543931930e-02
1.279590221511822392e+03	2.378481012871028755e-01	1.534161768107569490e-01	2.633983915014046495e-01	1.577362694001059051e-01	7.550955449412283249e-02	3.206139849532060881e-02	8.003010801085422288e-02
1.282009106618650094e+03	2.375441027303945851e-01	1.532134460533143283e-01	2.636100849413728908e-01	1.578612257545170261e-01	7.556255687897142637e-02	3.209902818866052637e-02	8.010955545243730880e-02
1.284427991725477568e+03	2.372409628689546301e-01	1.530112842924280792e-01	2.638211825801490273e-01	1.579858256738291278e-01	7.561540765291913102e-02	3.213655594694167505e-02	8.018878098444649771e-02
1.286846876832305497e+03	2.369386792716043633e-01	1.528096899302305300e-01	2.640316860912543251e-01	1.581100702423872961e-01	7.566810728487269322e-02	3.217398197944873472e-02	8.026778519987025351e-02
1.289265761939132744e+03	2.366372495141677579e-01	1.526086613733413089e-01	2.642415971435087552e-01	1.582339605400980842e-01	7.572065624171051001e-02	3.221130649640744498e-02	8.034656869043423078e-02
1.291684647045960673e+03	2.363366711794490649e-01	1.524081970328548530e-01	2.644509174010445385e-01	1.583574976424638459e-01	7.577305498829865760e-02	3.224852970894969556e-02	8.042513204660743653e-02
1.294103532152788375e+03	2.360369418572106637e-01	1.522082953243278358e-01	2.646596485233189688e-01	1.584806826206167085e-01	7.582530398750687850e-02	3.228565182907949110e-02	8.050347585760760094e-02
1.296522417259616077e+03	2.357380591441511630e-01	1.520089546677664827e-01	2.648677921651276246e-01	1.586035165413523795e-01	7.587740370022441616e-02	3.232267306963977627e-02	8.058160071140628433e-02
1.298941302366443551e+03	2.354400206438833354e-01	1.518101734876142750e-01	2.650753499766176358e-01	1.587260004671636748e-01	7.592935458537576621e-02	3.235959364428007967e-02	8.065950719473333197e-02
1.301360187473271253e+03	2.351428239669123843e-01	1.516119502127393770e-01	2.652823236033006182e-01	1.588481354562734649e-01	7.598115709993628897e-02	3.239641376742503909e-02	8.073719589308085698e-02
1.303779072580098727e+03	2.348464667306142672e-01	1.514142832764222568e-01	2.654887146860657743e-01	1.589699225626673984e-01	7.603281169894776648e-02	3.243313365424361355e-02	8.081466739070694572e-02
1.306197957686926657e+03	2.345509465592140463e-01	1.512171711163432242e-01	2.656945248611928267e-01	1.590913628361263765e-01	7.608431883553369579e-02	3.246975352061911430e-02	8.089192227063878027e-02
1.308616842793753904e+03	2.342562610837642112e-01	1.510206121745701624e-01	2.658997557603649531e-01	1.592124573222586104e-01	7.613567896091456844e-02	3.250627358312000587e-02	8.096896111467552504e-02
1.311035727900581833e+03	2.339624079421235014e-01	1.508246048975461218e-01	2.661044090106817195e-01	1.593332070625314012e-01	7.618689252442305271e-02	3.254269405897133871e-02	8.104578450339081086e-02
1.313454613007409534e+03	2.336693847789353684e-01	1.506291477360771347e-01	2.663084862346722370e-01	1.594536130943024488e-01	7.623795997351888454e-02	3.257901516602696584e-02	8.112239301613488607e-02
1.315873498114237009e+03	2.333771892456068531e-01	1.504342391453198924e-01	2.665119890503074296e-01	1.595736764508509931e-01	7.628888175380377223e-02	3.261523712274242565e-02	8.119878723103653162e-02
1.318292383221064711e+03	2.330858190002873254e-01	1.502398775847694767e-01	2.667149190710134121e-01	1.596933981614084841e-01	7.633965830903607919e-02	3.265136014814845611e-02	8.127496772500462929e-02
1.320711268327892412e+03	2.327952717078476119e-01	1.500460615182472590e-01	2.669172779056839806e-01	1.598127792511889744e-01	7.639029008114538166e-02	3.268738446182515439e-02	8.135093507372949395e-02
1.323130153434719887e+03	2.325055450398587908e-01	1.498527894138887706e-01	2.671190671586932686e-01	1.599318207414192061e-01	7.644077751024695722e-02	3.272331028387678864e-02	8.142668985168401152e-02
1.325549038541547588e+03	2.322166366745715138e-01	1.496600597441314906e-01	2.673202884299088478e-01	1.600505236493682537e-01	7.649112103465599555e-02	3.275913783490720654e-02	8.150223263212447167e-02
1.327967923648375290e+03	2.319285442968951338e-01	1.494678709857028831e-01	2.675209433147038851e-01	1.601688889883769173e-01	7.654132109090182323e-02	3.279486733599583370e-02	8.157756398709130330e-02
1.330386808755202765e+03	2.316412655983770275e-01	1.492762216196081848e-01	2.677210334039701323e-01	1.602869177678867829e-01	7.659137811374178151e-02	3.283049900867425486e-02	8.165268448740958807e-02
1.332805693862030694e+03	2.313547982771820277e-01	1.490851101311185256e-01	2.679205602841304712e-01	1.604046109934688658e-01	7.664129253617520121e-02	3.286603307490332943e-02	8.172759470268932402e-02
1.335224578968857941e+03	2.310691400380718852e-01	1.488945350097589104e-01	2.681195255371512931e-01	1.605219696668520601e-01	7.669106478945701688e-02	3.290146975705088989e-02	8.180229520132564769e-02
1.337643464075685870e+03	2.307842885923848397e-01	1.487044947492963121e-01	2.683179307405552105e-01	1.606389947859511169e-01	7.674069530311139475e-02	3.293680927786993284e-02	8.187678655049887566e-02
1.340062349182513572e+03	2.305002416580153035e-01	1.485149878477276530e-01	2.685157774674334918e-01	1.607556873448943435e-01	7.679018450494505543e-02	3.297205186047737907e-02	8.195106931617440749e-02
1.342481234289341273e+03	2.302169969593935994e-01	1.483260128072680095e-01	2.687130672864584402e-01	1.608720483340510821e-01	7.683953282106065208e-02	3.300719772833328458e-02	8.202514406310253137e-02
1.344900119396168748e+03	2.299345522274658382e-01	1.481375681343387596e-01	2.689098017618959391e-01	1.609880787400586044e-01	7.688874067586978778e-02	3.304224710522056518e-02	8.209901135481806334e-02
1.347319004502996449e+03	2.296529051996737680e-01	1.479496523395557595e-01	2.691059824536177758e-01	1.611037795458490629e-01	7.693780849210599126e-02	3.307720021522519982e-02	8.217267175363998644e-02
1.349737889609823924e+03	2.293720536199348459e-01	1.477622639377175473e-01	2.693016109171139094e-01	1.612191517306757471e-01	7.698673669083763715e-02	3.311205728271691268e-02	8.224612582067095112e-02
1.352156774716651853e+03	2.290919952386223646e-01	1.475754014477935749e-01	2.694966887035049607e-01	1.613341962701392296e-01	7.703552569148051921e-02	3.314681853233025777e-02	8.231937411579667851e-02
1.354575659823479100e+03	2.288127278125454689e-01	1.473890633929125504e-01	2.696912173595543138e-01	1.614489141362131508e-01	7.708417591181040973e-02	3.318148418894621698e-02	8.239241719768540528e-02
1.356994544930307029e+03	2.285342491049296154e-01	1.472032483003507808e-01	2.698851984276804949e-01	1.615633062972697542e-01	7.713268776797549409e-02	3.321605447767418673e-02	8.246525562378713425e-02
1.359413430037134731e+03	2.282565568853968663e-01	1.470179547015204591e-01	2.700786334459693294e-01	1.616773737181050608e-01	7.718106167450851374e-02	3.325052962383438088e-02	8.253788995033288500e-02
1.361832315143962205e+03	2.279796489299461548e-01	1.468331811319579794e-01	2.702715239481860987e-01	1.617911173599635988e-01	7.722929804433899259e-02	3.328490985294065702e-02	8.261032073233401385e-02
1.364251200250789907e+03	2.277035230209340233e-01	1.466489261313125569e-01	2.704638714637876973e-01	1.619045381805631068e-01	7.727739728880507475e-02	3.331919539068375902e-02	8.268254852358125628e-02
1.366670085357617609e+03	2.274281769470551384e-01	1.464651882433344598e-01	2.706556775179347896e-01	1.620176371341187638e-01	7.732535981766541777e-02	3.335338646291491349e-02	8.275457387664400533e-02
1.369088970464445310e+03	2.271536085033228625e-01	1.462819660158636292e-01	2.708469436315038004e-01	1.621304151713671426e-01	7.737318603911082227e-02	3.338748329562982869e-02	8.282639734286940947e-02
1.371507855571272785e+03	2.268798154910500464e-01	1.460992580008182440e-01	2.710376713210990163e-01	1.622428732395899131e-01	7.742087635977579207e-02	3.342148611495306815e-02	8.289801947238148450e-02
1.373926740678100487e+03	2.266067957178299619e-01	1.459170627541830079e-01	2.712278620990645206e-01	1.623550122826371844e-01	7.746843118474988632e-02	3.345539514712278506e-02	8.296944081408021143e-02
1.376345625784927961e+03	2.263345469975171220e-01	1.457353788359980473e-01	2.714175174734962392e-01	1.624668332409506533e-01	7.751585091758904367e-02	3.348921061847578984e-02	8.304066191564067612e-02
1.378764510891755890e+03	2.260630671502082689e-01	1.455542048103473374e-01	2.716066389482538201e-01	1.625783370515863913e-01	7.756313596032662905e-02	3.352293275543298534e-02	8.311168332351212551e-02
1.381183395998583137e+03	2.257923540022233888e-01	1.453735392453473774e-01	2.717952280229726791e-01	1.626895246482373825e-01	7.761028671348446650e-02	3.355656178448513521e-02	8.318250558291707952e-02
1.383602281105411066e+03	2.255224053860869771e-01	1.451933807131358112e-01	2.719832861930757129e-01	1.628003969612559221e-01	7.765730357608366385e-02	3.359009793217895140e-02	8.325312923785047059e-02
1.386021166212238768e+03	2.252532191405091089e-01	1.450137277898602695e-01	2.721708149497851226e-01	1.629109549176753768e-01	7.770418694565536799e-02	3.362354142510352167e-02	8.332355483107874161e-02
1.388440051319066470e+03	2.249847931103668708e-01	1.448345790556669899e-01	2.723578157801343491e-01	1.630211994412320009e-01	7.775093721825128423e-02	3.365689248987703552e-02	8.339378290413897166e-02
1.390858936425893944e+03	2.247171251466855979e-01	1.446559330946896871e-01	2.725442901669797302e-01	1.631311314523865019e-01	7.779755478845420957e-02	3.369015135313380843e-02	8.346381399733798778e-02
1.393277821532721646e+03	2.244502131066204720e-01	1.444777884950382285e-01	2.727302395890122688e-01	1.632407518683450798e-01	7.784404004938827448e-02	3.372331824151163226e-02	8.353364864975160176e-02
1.395696706639549120e+03	2.241840548534377586e-01	1.443001438487875321e-01	2.729156655207693460e-01	1.633500616030804098e-01	7.789039339272921247e-02	3.375639338163940323e-02	8.360328739922377739e-02
1.398115591746377049e+03	2.239186482564967384e-01	1.441229977519665195e-01	2.731005694326465449e-01	1.634590615673524039e-01	7.793661520871437987e-02	3.378937700012501349e-02	8.367273078236582562e-02
1.400534476853204296e+03	2.236539911912310552e-01	1.439463488045468476e-01	2.732849527909090304e-01	1.635677526687285277e-01	7.798270588615277554e-02	3.382226932354358978e-02	8.374197933455564125e-02
1.402953361960032225e+03	2.233900815391306471e-01	1.437701956104319445e-01	2.734688170577032063e-01	1.636761358116039788e-01	7.802866581243476929e-02	3.385507057842591927e-02	8.381103358993699515e-02
1.405372247066859927e+03	2.231269171877235113e-01	1.435945367774459358e-01	2.736521636910684285e-01	1.637842118972216432e-01	7.807449537354189950e-02	3.388778099124719473e-02	8.387989408141882652e-02
1.407791132173687402e+03	2.228644960305574962e-01	1.434193709173225695e-01	2.738349941449484404e-01	1.638919818236918569e-01	7.812019495405637948e-02	3.392040078841601636e-02	8.394856134067460451e-02
1.410210017280515103e+03	2.226028159671823992e-01	1.432446966456944193e-01	2.740173098692029741e-01	1.639994464860117240e-01	7.816576493717058982e-02	3.395293019626362957e-02	8.401703589814162043e-02
1.412628902387342805e+03	2.223418749031317587e-01	1.430705125820817269e-01	2.741991123096191307e-01	1.641066067760844072e-01	7.821120570469643207e-02	3.398536944103342644e-02	8.408531828302046041e-02
1.415047787494170507e+03	2.220816707499051468e-01	1.428968173498816330e-01	2.743804029079228157e-01	1.642134635827380840e-01	7.825651763707454356e-02	3.401771874887070390e-02	8.415340902327446415e-02
1.417466672600997981e+03	2.218222014249502383e-01	1.427236095763571855e-01	2.745611831017901183e-01	1.643200177917446825e-01	7.830170111338344285e-02	3.404997834581261623e-02	8.422130864562911434e-02
1.419885557707825683e+03	2.215634648516449923e-01	1.425508878926264877e-01	2.747414543248589691e-01	1.644262702858383940e-01	7.834675651134848096e-02	3.408214845777841201e-02	8.428901767557166191e-02
1.422304442814653157e+03	2.213054589592800270e-01	1.423786509336520123e-01	2.749212180067400202e-01	1.645322219447340750e-01	7.839168420735079246e-02	3.411422931055984459e-02	8.435653663735059871e-02
1.424723327921481086e+03	2.210481816830408841e-01	1.422068973382296653e-01	2.751004755730284690e-01	1.646378736451451774e-01	7.843648457643601080e-02	3.414622112981188784e-02	8.442386605397533827e-02
1.427142213028308333e+03	2.207916309639905150e-01	1.420356257489779894e-01	2.752792284453149385e-01	1.647432262608016784e-01	7.848115799232298351e-02	3.417812414104354213e-02	8.449100644721578568e-02
1.429561098135136262e+03	2.205358047490517948e-01	1.418648348123275893e-01	2.754574780411969126e-01	1.648482806624677610e-01	7.852570482741230706e-02	3.420993856960902191e-02	8.455795833760208768e-02
1.431979983241963964e+03	2.202807009909900082e-01	1.416945231785102510e-01	2.756352257742898937e-01	1.649530377179591889e-01	7.857012545279480620e-02	3.424166464069897109e-02	8.462472224442429969e-02
1.434398868348791666e+03	2.200263176483954752e-01	1.415246895015484230e-01	2.758124730542387826e-01	1.650574982921605982e-01	7.861442023825988834e-02	3.427330257933203922e-02	8.469129868573223308e-02
1.436817753455619140e+03	2.197726526856663420e-01	1.413553324392444188e-01	2.759892212867286476e-01	1.651616632470425117e-01	7.865858955230375926e-02	3.430485261034653399e-02	8.475768817833523316e-02
1.439236638562446842e+03	2.195197040729911786e-01	1.411864506531699814e-01	2.761654718734962155e-01	1.652655334416780752e-01	7.870263376213763873e-02	3.433631495839236519e-02	8.482389123780202655e-02
1.441655523669274316e+03	2.192674697863319366e-01	1.410180428086554860e-01	2.763412262123408070e-01	1.653691097322597947e-01	7.874655323369572635e-02	3.436768984792311354e-02	8.488990837846065174e-02
1.444074408776102018e+03	2.190159478074067134e-01	1.408501075747795594e-01	2.765164856971353835e-01	1.654723929721159115e-01	7.879034833164320906e-02	3.439897750318833547e-02	8.495574011339841747e-02
1.446493293882929493e+03	2.187651361236727376e-01	1.406826436243584499e-01	2.766912517178375941e-01	1.655753840117267228e-01	7.883401941938411595e-02	3.443017814822598582e-02	8.502138695446186112e-02
1.448912178989757422e+03	2.185150327283094662e-01	1.405156496339355909e-01	2.768655256605009884e-01	1.656780836987404859e-01	7.887756685906902043e-02	3.446129200685511124e-02	8.508684941225688747e-02
1.451331064096585123e+03	2.182656356202015147e-01	1.403491242837710540e-01	2.770393089072855641e-01	1.657804928779893217e-01	7.892099101160274244e-02	3.449231930266862672e-02	8.515212799614874095e-02
1.453749949203412370e+03	2.180169428039218371e-01	1.401830662578312237e-01	2.772126028364690908e-01	1.658826123915050077e-01	7.896429223665195340e-02	3.452326025902632822e-02	8.521722321426219993e-02
1.456168834310240300e+03	2.177689522897149066e-01	1.400174742437783337e-01	2.773854088224576575e-01	1.659844430785343827e-01	7.900747089265253154e-02	3.455411509904805084e-02	8.528213557348172935e-02
1.458587719417068001e+03	2.175216620934800060e-01	1.398523469329600311e-01	2.775577282357969966e-01	1.660859857755546398e-01	7.905052733681709742e-02	3.458488404560698670e-02	8.534686557945177221e-02
1.461006604523895703e+03	2.172750702367545472e-01	1.396876830203991338e-01	2.777295624431830312e-01	1.661872413162885087e-01	7.909346192514221663e-02	3.461556732132316239e-02	8.541141373657692992e-02
1.463425489630723177e+03	2.170291747466973897e-01	1.395234812047832229e-01	2.779009128074726998e-01	1.662882105317192161e-01	7.913627501241561613e-02	3.464616514855708984e-02	8.547578054802229541e-02
1.465844374737550879e+03	2.167839736560723818e-01	1.393597401884543729e-01	2.780717806876947806e-01	1.663888942501053070e-01	7.917896695222333137e-02	3.467667774940355607e-02	8.553996651571384169e-02
1.468263259844378354e+03	2.165394650032315960e-01	1.391964586773989376e-01	2.782421674390607724e-01	1.664892932969951889e-01	7.922153809695674231e-02	3.470710534568555855e-02	8.560397214033879654e-02
1.470682144951206283e+03	2.162956468320992032e-01	1.390336353812372527e-01	2.784120744129752745e-01	1.665894084952417586e-01	7.926398879781949847e-02	3.473744815894844878e-02	8.566779792134612825e-02
1.473101030058033530e+03	2.160525171921549581e-01	1.388712690132133942e-01	2.785815029570472001e-01	1.666892406650165026e-01	7.930631940483444386e-02	3.476770641045410365e-02	8.573144435694697585e-02
1.475519915164861459e+03	2.158100741384177679e-01	1.387093582901851585e-01	2.787504544150999353e-01	1.667887906238237905e-01	7.934853026685032007e-02	3.479788032117534652e-02	8.579491194411520416e-02
1.477938800271689161e+03	2.155683157314295384e-01	1.385479019326137373e-01	2.789189301271824406e-01	1.668880591865148089e-01	7.939062173154856628e-02	3.482797011179047941e-02	8.585820117858800060e-02
1.480357685378516862e+03	2.153272400372389372e-01	1.383868986645537535e-01	2.790869314295792991e-01	1.669870471653013277e-01	7.943259414544986963e-02	3.485797600267789842e-02	8.592131255486644414e-02
1.482776570485344337e+03	2.150868451273852122e-01	1.382263472136429916e-01	2.792544596548218183e-01	1.670857553697695230e-01	7.947444785392079880e-02	3.488789821391091728e-02	8.598424656621619921e-02
