1.001418434226643626e+03	2.792007055707121377e-01	1.810008934023309146e-01	2.346046760241352336e-01	1.406340557810968617e-01	6.824634321583368524e-02	2.705070313135344781e-02	6.926262287420528740e-02
1.002869765290740247e+03	2.789477953405599120e-01	1.808328169547379627e-01	2.347803629353550359e-01	1.407385296239840600e-01	6.829067806905461668e-02	2.708102710580571545e-02	6.932878997017026534e-02
1.004321096354836754e+03	2.786953147361148631e-01	1.806650235865948362e-01	2.349557533148271260e-01	1.408428233704729915e-01	6.833493736626794490e-02	2.711131374163035582e-02	6.939483388375944362e-02
1.005772427418933376e+03	2.784432630270800013e-01	1.804975128209257984e-01	2.351308476623467369e-01	1.409469372560187006e-01	6.837912116228786474e-02	2.714156282925516903e-02	6.946075524175331084e-02
1.007223758483029997e+03	2.781916394842680051e-01	1.803302841815588031e-01	2.353056464768665812e-01	1.410508715196656937e-01	6.842322951504559159e-02	2.717177416599815196e-02	6.952655465626469966e-02
1.008675089547126618e+03	2.779404433796053286e-01	1.801633371931242733e-01	2.354801502564984328e-01	1.411546264038992804e-01	6.846726248547593818e-02	2.720194755587743152e-02	6.959223272518678949e-02
1.010126420611223239e+03	2.776896739861361429e-01	1.799966713810535190e-01	2.356543594985144041e-01	1.412582021545019106e-01	6.851122013740731931e-02	2.723208280942674211e-02	6.965779003262738411e-02
1.011577751675319632e+03	2.774393305780258334e-01	1.798302862715776829e-01	2.358282746993484447e-01	1.413615990204141470e-01	6.855510253745525362e-02	2.726217974351623913e-02	6.972322714932986665e-02
1.013029082739416367e+03	2.771894124305644413e-01	1.796641813917261021e-01	2.360018963545975901e-01	1.414648172536001891e-01	6.859890975491927945e-02	2.729223818117848185e-02	6.978854463308138689e-02
1.014480413803512761e+03	2.769399188201702167e-01	1.794983562693251156e-01	2.361752249590235442e-01	1.415678571089177273e-01	6.864264186168297921e-02	2.732225795143945063e-02	6.985374302910833666e-02
1.015931744867609382e+03	2.766908490243923935e-01	1.793328104329968142e-01	2.363482610065540390e-01	1.416707188439924048e-01	6.868629893211734838e-02	2.735223888915445239e-02	6.991882287045991795e-02
1.017383075931706003e+03	2.764422023219141322e-01	1.791675434121574595e-01	2.365210049902841671e-01	1.417734027190959145e-01	6.872988104298709267e-02	2.738218083484873430e-02	6.998378467837990113e-02
1.018834406995802851e+03	2.761939779925552951e-01	1.790025547370163450e-01	2.366934574024778248e-01	1.418759089970283993e-01	6.877338827335993665e-02	2.741208363456271516e-02	7.004862896266690619e-02
1.020285738059899245e+03	2.759461753172750553e-01	1.788378439385743257e-01	2.368656187345691555e-01	1.419782379430045982e-01	6.881682070451883293e-02	2.744194713970166469e-02	7.011335622202373441e-02
1.021737069123995752e+03	2.756987935781743393e-01	1.786734105486226243e-01	2.370374894771638541e-01	1.420803898245439068e-01	6.886017841987689125e-02	2.747177120688970575e-02	7.017796694439602800e-02
1.023188400188092373e+03	2.754518320584978808e-01	1.785092540997413879e-01	2.372090701200406382e-01	1.421823649113638788e-01	6.890346150489519428e-02	2.750155569782799722e-02	7.024246160730039656e-02
1.024639731252188767e+03	2.752052900426363302e-01	1.783453741252983282e-01	2.373803611521526080e-01	1.422841634752773643e-01	6.894667004700301416e-02	2.753130047915701775e-02	7.030684067814266247e-02
1.026091062316285615e+03	2.749591668161285307e-01	1.781817701594475556e-01	2.375513630616286342e-01	1.423857857900929225e-01	6.898980413552069368e-02	2.756100542232277698e-02	7.037110461452619758e-02
1.027542393380382237e+03	2.747134616656628503e-01	1.780184417371281080e-01	2.377220763357746902e-01	1.424872321315187595e-01	6.903286386158506704e-02	2.759067040344687777e-02	7.043525386455094794e-02
1.028993724444478858e+03	2.744681738790791803e-01	1.778553883940626468e-01	2.378925014610753785e-01	1.425885027770696090e-01	6.907584931807708717e-02	2.762029530320026655e-02	7.049928886710310483e-02
1.030445055508575479e+03	2.742233027453703231e-01	1.776926096667562627e-01	2.380626389231952356e-01	1.426895980059768032e-01	6.911876059955196494e-02	2.764988000668061954e-02	7.056321005213607445e-02
1.031896386572671872e+03	2.739788475546834912e-01	1.775301050924949775e-01	2.382324892069799804e-01	1.427905180991014822e-01	6.916159780217145947e-02	2.767942440329323670e-02	7.062701784094270463e-02
1.033347717636768493e+03	2.737348075983214168e-01	1.773678742093444949e-01	2.384020527964581804e-01	1.428912633388504383e-01	6.920436102363833331e-02	2.770892838663530783e-02	7.069071264641917096e-02
1.034799048700865114e+03	2.734911821687437405e-01	1.772059165561489791e-01	2.385713301748423332e-01	1.429918340090949314e-01	6.924705036313298645e-02	2.773839185438349911e-02	7.075429487332082767e-02
1.036250379764961508e+03	2.732479705595680652e-01	1.770442316725296117e-01	2.387403218245304215e-01	1.430922303950922514e-01	6.928966592125210266e-02	2.776781470818472097e-02	7.081776491851009270e-02
1.037701710829058356e+03	2.730051720655706782e-01	1.768828190988833426e-01	2.389090282271072174e-01	1.431924527834098626e-01	6.933220779994932192e-02	2.779719685355003592e-02	7.088112317119682482e-02
1.039153041893154750e+03	2.727627859826874390e-01	1.767216783763815857e-01	2.390774498633456424e-01	1.432925014618520176e-01	6.937467610247774474e-02	2.782653819975153611e-02	7.094437001317122071e-02
1.040604372957251599e+03	2.725208116080146681e-01	1.765608090469688862e-01	2.392455872132082662e-01	1.433923767193890364e-01	6.941707093333440715e-02	2.785583865972217354e-02	7.100750581902967595e-02
1.042055704021347992e+03	2.722792482398095903e-01	1.764002106533617276e-01	2.394134407558484168e-01	1.434920788460888053e-01	6.945939239820653199e-02	2.788509814995842120e-02	7.107053095639356832e-02
1.043507035085444613e+03	2.720380951774910017e-01	1.762398827390470046e-01	2.395810109696117907e-01	1.435916081330507188e-01	6.950164060391948728e-02	2.791431659042570637e-02	7.113344578612135205e-02
1.044958366149541234e+03	2.717973517216395463e-01	1.760798248482809414e-01	2.397482983320376737e-01	1.436909648723416755e-01	6.954381565838649304e-02	2.794349390446647721e-02	7.119625066251421275e-02
1.046409697213637855e+03	2.715570171739981609e-01	1.759200365260876753e-01	2.399153033198603846e-01	1.437901493569345157e-01	6.958591767055997968e-02	2.797263001871092350e-02	7.125894593351529693e-02
1.047861028277734476e+03	2.713170908374724632e-01	1.757605173182580638e-01	2.400820264090104961e-01	1.438891618806484307e-01	6.962794675038448677e-02	2.800172486299014676e-02	7.132153194090287696e-02
1.049312359341831097e+03	2.710775720161304747e-01	1.756012667713482134e-01	2.402484680746163337e-01	1.439880027380913419e-01	6.966990300875117170e-02	2.803077837025183539e-02	7.138400902047750685e-02
1.050763690405927491e+03	2.708384600152032862e-01	1.754422844326784525e-01	2.404146287910053081e-01	1.440866722246043341e-01	6.971178655745376151e-02	2.805979047647827809e-02	7.144637750224341888e-02
1.052215021470024112e+03	2.705997541410846696e-01	1.752835698503318052e-01	2.405805090317051642e-01	1.441851706362080321e-01	6.975359750914601753e-02	2.808876112060669158e-02	7.150863771058448004e-02
1.053666352534120733e+03	2.703614537013310781e-01	1.751251225731528249e-01	2.407461092694453964e-01	1.442834982695507529e-01	6.979533597730053218e-02	2.811769024445178247e-02	7.157078996443448637e-02
1.055117683598217127e+03	2.701235580046615348e-01	1.749669421507462630e-01	2.409114299761586087e-01	1.443816554218585735e-01	6.983700207616892752e-02	2.814657779263047763e-02	7.163283457744239191e-02
1.056569014662313975e+03	2.698860663609575772e-01	1.748090281334758189e-01	2.410764716229818194e-01	1.444796423908869254e-01	6.987859592074341375e-02	2.817542371248876049e-02	7.169477185813244446e-02
1.058020345726410369e+03	2.696489780812626469e-01	1.746513800724628640e-01	2.412412346802578489e-01	1.445774594748740483e-01	6.992011762671954123e-02	2.820422795403054739e-02	7.175660211005917277e-02
1.059471676790506763e+03	2.694122924777820893e-01	1.744939975195851090e-01	2.414057196175365683e-01	1.446751069724960537e-01	6.996156731046025701e-02	2.823299046984855884e-02	7.181832563195790498e-02
1.060923007854603611e+03	2.691760088638824877e-01	1.743368800274754660e-01	2.415699269035763708e-01	1.447725851828235433e-01	7.000294508896109935e-02	2.826171121505710593e-02	7.187994271789041600e-02
1.062374338918700232e+03	2.689401265540912189e-01	1.741800271495206331e-01	2.417338570063454206e-01	1.448698944052796145e-01	7.004425107981668286e-02	2.829039014722675369e-02	7.194145365738614795e-02
1.063825669982796853e+03	2.687046448640960095e-01	1.740234384398597900e-01	2.418975103930229298e-01	1.449670349395996427e-01	7.008548540118811343e-02	2.831902722632079553e-02	7.200285873557907279e-02
1.065277001046893474e+03	2.684695631107443248e-01	1.738671134533835427e-01	2.420608875300006568e-01	1.450640070857922292e-01	7.012664817177169385e-02	2.834762241463348667e-02	7.206415823334036408e-02
1.066728332110990095e+03	2.682348806120427032e-01	1.737110517457324810e-01	2.422239888828840171e-01	1.451608111441016480e-01	7.016773951076854532e-02	2.837617567672998803e-02	7.212535242740687746e-02
1.068179663175086489e+03	2.680005966871560341e-01	1.735552528732959288e-01	2.423868149164935815e-01	1.452574474149715966e-01	7.020875953785532531e-02	2.840468697938799275e-02	7.218644159050578712e-02
1.069630994239183110e+03	2.677667106564068367e-01	1.733997163932107233e-01	2.425493660948663255e-01	1.453539161990103079e-01	7.024970837315588912e-02	2.843315629154092097e-02	7.224742599147523925e-02
1.071082325303279504e+03	2.675332218412743712e-01	1.732444418633599936e-01	2.427116428812569615e-01	1.454502177969568266e-01	7.029058613721396453e-02	2.846158358422272439e-02	7.230830589538134179e-02
1.072533656367376352e+03	2.673001295643939179e-01	1.730894288423718286e-01	2.428736457381392988e-01	1.455463525096485633e-01	7.033139295096672849e-02	2.848996883051417572e-02	7.236908156363158762e-02
1.073984987431472746e+03	2.670674331495558329e-01	1.729346768896180275e-01	2.430353751272074925e-01	1.456423206379901247e-01	7.037212893571928585e-02	2.851831200549066053e-02	7.242975325408464171e-02
1.075436318495569594e+03	2.668351319217045492e-01	1.727801855652128793e-01	2.431968315093774036e-01	1.457381224829229771e-01	7.041279421312000852e-02	2.854661308617137752e-02	7.249032122115679766e-02
1.076887649559666215e+03	2.666032252069376329e-01	1.726259544300119408e-01	2.433580153447878480e-01	1.458337583453966357e-01	7.045338890513674901e-02	2.857487205146994752e-02	7.255078571592520065e-02
1.078338980623762609e+03	2.663717123325047842e-01	1.724719830456107050e-01	2.435189270928019567e-01	1.459292285263404654e-01	7.049391313403387260e-02	2.860308888214636164e-02	7.261114698622775365e-02
1.079790311687859230e+03	2.661405926268068378e-01	1.723182709743433794e-01	2.436795672120085632e-01	1.460245333266368961e-01	7.053436702235002520e-02	2.863126356076025128e-02	7.267140527675994277e-02
1.081241642751955851e+03	2.659098654193943201e-01	1.721648177792817203e-01	2.438399361602233695e-01	1.461196730470954996e-01	7.057475069287677538e-02	2.865939607162541411e-02	7.273156082916881759e-02
1.082692973816052472e+03	2.656795300409666716e-01	1.720116230242336453e-01	2.440000343944902506e-01	1.462146479884279537e-01	7.061506426863786712e-02	2.868748640076559595e-02	7.279161388214384909e-02
1.084144304880149093e+03	2.654495858233710814e-01	1.718586862737421783e-01	2.441598623710827531e-01	1.463094584512240615e-01	7.065530787286929126e-02	2.871553453587144880e-02	7.285156467150503967e-02
1.085595635944245487e+03	2.652200320996009331e-01	1.717060070930840343e-01	2.443194205455050949e-01	1.464041047359286030e-01	7.069548162900007870e-02	2.874354046625868936e-02	7.291141343028838262e-02
1.087046967008342108e+03	2.649908682037949159e-01	1.715535850482684810e-01	2.444787093724937466e-01	1.464985871428191588e-01	7.073558566063360697e-02	2.877150418282735031e-02	7.297116038882857370e-02
1.088498298072438729e+03	2.647620934712355267e-01	1.714014197060360623e-01	2.446377293060185143e-01	1.465929059719846272e-01	7.077562009152976730e-02	2.879942567802215928e-02	7.303080577483914149e-02
1.089949629136535123e+03	2.645337072383479038e-01	1.712495106338574047e-01	2.447964807992839553e-01	1.466870615233047681e-01	7.081558504558763123e-02	2.882730494579397590e-02	7.309034981349019078e-02
1.091400960200631971e+03	2.643057088426983281e-01	1.710978573999319408e-01	2.449549643047306269e-01	1.467810540964302746e-01	7.085548064682876956e-02	2.885514198156225937e-02	7.314979272748357852e-02
1.092852291264728365e+03	2.640780976229930577e-01	1.709464595731867431e-01	2.451131802740363907e-01	1.468748839907639270e-01	7.089530701938114021e-02	2.888293678217854210e-02	7.320913473712589714e-02
1.094303622328825213e+03	2.638508729190767732e-01	1.707953167232752478e-01	2.452711291581176900e-01	1.469685515054423020e-01	7.093506428746362835e-02	2.891068934589091297e-02	7.326837606039914019e-02
1.095754953392921607e+03	2.636240340719313568e-01	1.706444284205760054e-01	2.454288114071307980e-01	1.470620569393180643e-01	7.097475257537100291e-02	2.893839967230938878e-02	7.332751691302909214e-02
1.097206284457018228e+03	2.633975804236741158e-01	1.704937942361915149e-01	2.455862274704731785e-01	1.471554005909433693e-01	7.101437200745958078e-02	2.896606776237228495e-02	7.338655750855166415e-02
1.098657615521114849e+03	2.631715113175566167e-01	1.703434137419470307e-01	2.457433777967846789e-01	1.472485827585535145e-01	7.105392270813327971e-02	2.899369361831340489e-02	7.344549805837712053e-02
1.100108946585211470e+03	2.629458260979631312e-01	1.701932865103892023e-01	2.459002628339489183e-01	1.473416037400515077e-01	7.109340480183022615e-02	2.902127724363015582e-02	7.350433877185241771e-02
1.101560277649308091e+03	2.627205241104090816e-01	1.700434121147851030e-01	2.460568830290943976e-01	1.474344638329931623e-01	7.113281841300987673e-02	2.904881864305248682e-02	7.356307985632139224e-02
1.103011608713404712e+03	2.624956047015395977e-01	1.698937901291207309e-01	2.462132388285958873e-01	1.475271633345728584e-01	7.117216366614054213e-02	2.907631782251265604e-02	7.362172151718324176e-02
1.104462939777501106e+03	2.622710672191276848e-01	1.697444201281000098e-01	2.463693306780757597e-01	1.476197025416096931e-01	7.121144068568745211e-02	2.910377478911577512e-02	7.368026395794910477e-02
1.105914270841597499e+03	2.620469110120730027e-01	1.695953016871434571e-01	2.465251590224051548e-01	1.477120817505345463e-01	7.125064959610118154e-02	2.913118955111116543e-02	7.373870738029690564e-02
1.107365601905694348e+03	2.618231354304001446e-01	1.694464343823870733e-01	2.466807243057052013e-01	1.478043012573774240e-01	7.128979052180658971e-02	2.915856211786443594e-02	7.379705198412445100e-02
1.108816932969790741e+03	2.615997398252569717e-01	1.692978177906810933e-01	2.468360269713484600e-01	1.478963613577554681e-01	7.132886358719213449e-02	2.918589249983030015e-02	7.385529796760086085e-02
1.110268264033887590e+03	2.613767235489131147e-01	1.691494514895887091e-01	2.469910674619600066e-01	1.479882623468613545e-01	7.136786891659951948e-02	2.921318070852612150e-02	7.391344552721645922e-02
1.111719595097984211e+03	2.611540859547580862e-01	1.690013350573849882e-01	2.471458462194187355e-01	1.480800045194524128e-01	7.140680663431385466e-02	2.924042675650612155e-02	7.397149485783104106e-02
1.113170926162080832e+03	2.609318263972999485e-01	1.688534680730555959e-01	2.473003636848586928e-01	1.481715881698399406e-01	7.144567686455413624e-02	2.926763065733626809e-02	7.402944615272057105e-02
1.114622257226177226e+03	2.607099442321634264e-01	1.687058501162956581e-01	2.474546202986703525e-01	1.482630135918791559e-01	7.148447973146408729e-02	2.929479242556983290e-02	7.408729960362259170e-02
1.116073588290273847e+03	2.604884388160883524e-01	1.685584807675085117e-01	2.476086165005016992e-01	1.483542810789597044e-01	7.152321535910327599e-02	2.932191207672356359e-02	7.414505540078002166e-02
1.117524919354370468e+03	2.602673095069277798e-01	1.684113596078044839e-01	2.477623527292596162e-01	1.484453909239962788e-01	7.156188387143874730e-02	2.934898962725446606e-02	7.420271373298369111e-02
1.118976250418467089e+03	2.600465556636464837e-01	1.682644862189998369e-01	2.479158294231111614e-01	1.485363434194200138e-01	7.160048539233684894e-02	2.937602509453721145e-02	7.426027478761348943e-02
1.120427581482563710e+03	2.598261766463190736e-01	1.681178601836154363e-01	2.480690470194847341e-01	1.486271388571700214e-01	7.163902004555541825e-02	2.940301849684210170e-02	7.431773875067827773e-02
1.121878912546660331e+03	2.596061718161284393e-01	1.679714810848756124e-01	2.482220059550712954e-01	1.487177775286854797e-01	7.167748795473624646e-02	2.942996985331360060e-02	7.437510580685446904e-02
1.123330243610756725e+03	2.593865405353636966e-01	1.678253485067069672e-01	2.483747066658257008e-01	1.488082597248979178e-01	7.171588924339791782e-02	2.945687918394942692e-02	7.443237613952344289e-02
1.124781574674853118e+03	2.591672821674189109e-01	1.676794620337372366e-01	2.485271495869679492e-01	1.488985857362241649e-01	7.175422403492885681e-02	2.948374650958017484e-02	7.448954993080775244e-02
1.126232905738949967e+03	2.589483960767908211e-01	1.675338212512940683e-01	2.486793351529842933e-01	1.489887558525594125e-01	7.179249245258066681e-02	2.951057185184944101e-02	7.454662736160627690e-02
1.127684236803046360e+03	2.587298816290773962e-01	1.673884257454038571e-01	2.488312637976286268e-01	1.490787703632706629e-01	7.183069461946182954e-02	2.953735523319447887e-02	7.460360861162809720e-02
1.129135567867143209e+03	2.585117381909759482e-01	1.672432751027905229e-01	2.489829359539236509e-01	1.491686295571905130e-01	7.186883065853147401e-02	2.956409667682732487e-02	7.466049385942549743e-02
1.130586898931239830e+03	2.582939651302811890e-01	1.670983689108744008e-01	2.491343520541620948e-01	1.492583337226113249e-01	7.190690069259365880e-02	2.959079620671641042e-02	7.471728328242575878e-02
1.132038229995336451e+03	2.580765618158838981e-01	1.669537067577710199e-01	2.492855125299079655e-01	1.493478831472795920e-01	7.194490484429165444e-02	2.961745384756862484e-02	7.477397705696206542e-02
1.133489561059432845e+03	2.578595276177685358e-01	1.668092882322899650e-01	2.494364178119977959e-01	1.494372781183907484e-01	7.198284323610258661e-02	2.964406962481184668e-02	7.483057535830334173e-02
1.134940892123529466e+03	2.576428619070117443e-01	1.666651129239337115e-01	2.495870683305418114e-01	1.495265189225840896e-01	7.202071599033231519e-02	2.967064356457789140e-02	7.488707836068324297e-02
1.136392223187626087e+03	2.574265640557804602e-01	1.665211804228963755e-01	2.497374645149252337e-01	1.496156058459381655e-01	7.205852322911049379e-02	2.969717569368591006e-02	7.494348623732817460e-02
1.137843554251722708e+03	2.572106334373300829e-01	1.663774903200626598e-01	2.498876067938094747e-01	1.497045391739662001e-01	7.209626507438582355e-02	2.972366603962616621e-02	7.499979916048436779e-02
1.139294885315819101e+03	2.569950694260026980e-01	1.662340422070066326e-01	2.500374955951333300e-01	1.497933191916120399e-01	7.213394164792158447e-02	2.975011463054426028e-02	7.505601730144421946e-02
1.140746216379915950e+03	2.567798713972250790e-01	1.660908356759905613e-01	2.501871313461142554e-01	1.498819461832461564e-01	7.217155307129130559e-02	2.977652149522570096e-02	7.511214083057166091e-02
1.142197547444012343e+03	2.565650387275072442e-01	1.659478703199637750e-01	2.503365144732493941e-01	1.499704204326618995e-01	7.220909946587462935e-02	2.980288666308088252e-02	7.516816991732688802e-02
1.143648878508108737e+03	2.563505707944399026e-01	1.658051457325615263e-01	2.504856454023171586e-01	1.500587422230721113e-01	7.224658095285341197e-02	2.982921016413043330e-02	7.522410473029010614e-02
1.145100209572205586e+03	2.561364669766932889e-01	1.656626615081037701e-01	2.506345245583780912e-01	1.501469118371059341e-01	7.228399765320797643e-02	2.985549202899090079e-02	7.527994543718467824e-02
1.146551540636302207e+03	2.559227266540148871e-01	1.655204172415940256e-01	2.507831523657762518e-01	1.502349295568056187e-01	7.232134968771349037e-02	2.988173228886081834e-02	7.533569220489946816e-02
1.148002871700398828e+03	2.557093492072278207e-01	1.653784125287182938e-01	2.509315292481404391e-01	1.503227956636238039e-01	7.235863717693660768e-02	2.990793097550707713e-02	7.539134519951047608e-02
1.149454202764495449e+03	2.554963340182287990e-01	1.652366469658438086e-01	2.510796556283852454e-01	1.504105104384209912e-01	7.239586024123216557e-02	2.993408812125166948e-02	7.544690458630180785e-02
1.150905533828591842e+03	2.552836804699862849e-01	1.650951201500180099e-01	2.512275319287124997e-01	1.504980741614629358e-01	7.243301900074013144e-02	2.996020375895871307e-02	7.550237052978593655e-02
1.152356864892688463e+03	2.550713879465387746e-01	1.649538316789672943e-01	2.513751585706121006e-01	1.505854871124185090e-01	7.247011357538271636e-02	2.998627792202181175e-02	7.555774319372333958e-02
1.153808195956785084e+03	2.548594558329926874e-01	1.648127811510958496e-01	2.515225359748636258e-01	1.506727495703577557e-01	7.250714408486143292e-02	3.001231064435171472e-02	7.561302274114151123e-02
1.155259527020881706e+03	2.546478835155205900e-01	1.646719681654846279e-01	2.516696645615373318e-01	1.507598618137497570e-01	7.254411064865462500e-02	3.003830196036428452e-02	7.566820933435335073e-02
1.156710858084978327e+03	2.544366703813594199e-01	1.645313923218901520e-01	2.518165447499953746e-01	1.508468241204610760e-01	7.258101338601480323e-02	3.006425190496872166e-02	7.572330313497502297e-02
1.158162189149074720e+03	2.542258158188085426e-01	1.643910532207432940e-01	2.519631769588929759e-01	1.509336367677542312e-01	7.261785241596635521e-02	3.009016051355610857e-02	7.577830430394308370e-02
1.159613520213171569e+03	2.540153192172276975e-01	1.642509504631483042e-01	2.521095616061795885e-01	1.510203000322862255e-01	7.265462785730322781e-02	3.011602782198819286e-02	7.583321300153132716e-02
1.161064851277267962e+03	2.538051799670354436e-01	1.641110836508815340e-01	2.522556991091001732e-01	1.511068141901073247e-01	7.269133982858685950e-02	3.014185386658646201e-02	7.588802938736675940e-02
1.162516182341364356e+03	2.535953974597068838e-01	1.639714523863903262e-01	2.524015898841964201e-01	1.511931795166598924e-01	7.272798844814414021e-02	3.016763868412145402e-02	7.594275362044533573e-02
1.163967513405461204e+03	2.533859710877722216e-01	1.638320562727919871e-01	2.525472343473078585e-01	1.512793962867775288e-01	7.276457383406545465e-02	3.019338231180234214e-02	7.599738585914710132e-02
1.165418844469557826e+03	2.531769002448143735e-01	1.636928949138725387e-01	2.526926329135730231e-01	1.513654647746841275e-01	7.280109610420300303e-02	3.021908478726673467e-02	7.605192626125074906e-02
1.166870175533654447e+03	2.529681843254675822e-01	1.635539679140856073e-01	2.528377859974304531e-01	1.514513852539932370e-01	7.283755537616901088e-02	3.024474614857075583e-02	7.610637498394783040e-02
1.168321506597751068e+03	2.527598227254150842e-01	1.634152748785513976e-01	2.529826940126205237e-01	1.515371579977074223e-01	7.287395176733423019e-02	3.027036643417931050e-02	7.616073218385649435e-02
1.169772837661847461e+03	2.525518148413876118e-01	1.632768154130554705e-01	2.531273573721857240e-01	1.516227832782178764e-01	7.291028539482642679e-02	3.029594568295660914e-02	7.621499801703471300e-02
1.171224168725944082e+03	2.523441600711610611e-01	1.631385891240476338e-01	2.532717764884727107e-01	1.517082613673040314e-01	7.294655637552896477e-02	3.032148393415688703e-02	7.626917263899309074e-02
1.172675499790040703e+03	2.521368578135551597e-01	1.630005956186408311e-01	2.534159517731328082e-01	1.517935925361332261e-01	7.298276482607957139e-02	3.034698122741537329e-02	7.632325620470736816e-02
1.174126830854137097e+03	2.519299074684310802e-01	1.628628345046100601e-01	2.535598836371234510e-01	1.518787770552607608e-01	7.301891086286911581e-02	3.037243760273941953e-02	7.637724886863037077e-02
1.175578161918233945e+03	2.517233084366898299e-01	1.627253053903912616e-01	2.537035724907094059e-01	1.519638151946297033e-01	7.305499460204048501e-02	3.039785310049987824e-02	7.643115078470369417e-02
1.177029492982330339e+03	2.515170601202702527e-01	1.625880078850800714e-01	2.538470187434638814e-01	1.520487072235709725e-01	7.309101615948751518e-02	3.042322776142263041e-02	7.648496210636887560e-02
1.178480824046426733e+03	2.513111619221472526e-01	1.624509415984309035e-01	2.539902228042696941e-01	1.521334534108035319e-01	7.312697565085413132e-02	3.044856162658036297e-02	7.653868298657838520e-02
1.179932155110523581e+03	2.511056132463296842e-01	1.623141061408557295e-01	2.541331850813203785e-01	1.522180540244346958e-01	7.316287319153337576e-02	3.047385473738448147e-02	7.659231357780603433e-02
1.181383486174620202e+03	2.509004134978585765e-01	1.621775011234229680e-01	2.542759059821213530e-01	1.523025093319602674e-01	7.319870889666663105e-02	3.049910713557722405e-02	7.664585403205730063e-02
1.182834817238716823e+03	2.506955620828055786e-01	1.620411261578563744e-01	2.544183859134912518e-01	1.523868196002651776e-01	7.323448288114293991e-02	3.052431886322397314e-02	7.669930450087902862e-02
1.184286148302813444e+03	2.504910584082705172e-01	1.619049808565340143e-01	2.545606252815629245e-01	1.524709850956237900e-01	7.327019525959825585e-02	3.054948996270569553e-02	7.675266513536908863e-02
1.185737479366910065e+03	2.502869018823799530e-01	1.617690648324870695e-01	2.547026244917846016e-01	1.525550060837006505e-01	7.330584614641490193e-02	3.057462047671159408e-02	7.680593608618555002e-02
1.187188810431006686e+03	2.500830919142850162e-01	1.616333776993988114e-01	2.548443839489210605e-01	1.526388828295509315e-01	7.334143565572104340e-02	3.059971044823189476e-02	7.685911750355559069e-02
1.188640141495103080e+03	2.498796279141596577e-01	1.614979190716034352e-01	2.549859040570547908e-01	1.527226155976212918e-01	7.337696390139018809e-02	3.062475992055081059e-02	7.691220953728411525e-02
1.190091472559199701e+03	2.496765092931988450e-01	1.613626885640850050e-01	2.551271852195871603e-01	1.528062046517506267e-01	7.341243099704078401e-02	3.064976893723964785e-02	7.696521233676215101e-02
1.191542803623296322e+03	2.494737354636165083e-01	1.612276857924763440e-01	2.552682278392395809e-01	1.528896502551708447e-01	7.344783705603587232e-02	3.067473754215007536e-02	7.701812605097484166e-02
1.192994134687392716e+03	2.492713058386438474e-01	1.610929103730579515e-01	2.554090323180546740e-01	1.529729526705078946e-01	7.348318219148276820e-02	3.069966577940753949e-02	7.707095082850930201e-02
1.194445465751489564e+03	2.490692198325274165e-01	1.609583619227569207e-01	2.555495990573972698e-01	1.530561121597825702e-01	7.351846651623283879e-02	3.072455369340481440e-02	7.712368681756213984e-02
1.195896796815585958e+03	2.488674768605270426e-01	1.608240400591458008e-01	2.556899284579556841e-01	1.531391289844116488e-01	7.355369014288128116e-02	3.074940132879569119e-02	7.717633416594681106e-02
1.197348127879682352e+03	2.486660763389143547e-01	1.606899444004415423e-01	2.558300209197427733e-01	1.532220034052089175e-01	7.358885318376699736e-02	3.077420873048882649e-02	7.722889302110055865e-02
1.198799458943779200e+03	2.484650176849706182e-01	1.605560745655044141e-01	2.559698768420970993e-01	1.533047356823863117e-01	7.362395575097245570e-02	3.079897594364169183e-02	7.728136353009133763e-02
1.200250790007875821e+03	2.482643003169849039e-01	1.604224301738369773e-01	2.561094966236842629e-01	1.533873260755550250e-01	7.365899795632369074e-02	3.082370301365468940e-02	7.733374583962435156e-02
1.201702121071972442e+03	2.480639236542523385e-01	1.602890108455828355e-01	2.562488806624977355e-01	1.534697748437268694e-01	7.369397991139024773e-02	3.084838998616535460e-02	7.738604009604847789e-02
1.203153452136069063e+03	2.478638871170722457e-01	1.601558162015257192e-01	2.563880293558601364e-01	1.535520822453153855e-01	7.372890172748519655e-02	3.087303690704270784e-02	7.743824644536237423e-02
1.204604783200165684e+03	2.476641901267462031e-01	1.600228458630883477e-01	2.565269431004243428e-01	1.536342485381372580e-01	7.376376351566525658e-02	3.089764382238172416e-02	7.749036503322050129e-02
1.206056114264262078e+03	2.474648321055762656e-01	1.598900994523313468e-01	2.566656222921747665e-01	1.537162739794136201e-01	7.379856538673086608e-02	3.092221077849791402e-02	7.754239600493884055e-02
1.207507445328358699e+03	2.472658124768630783e-01	1.597575765919521940e-01	2.568040673264281315e-01	1.537981588257713861e-01	7.383330745122629324e-02	3.094673782192202544e-02	7.759433950550045922e-02
1.208958776392455093e+03	2.470671306649040166e-01	1.596252769052841358e-01	2.569422785978349166e-01	1.538799033332448052e-01	7.386798981943989983e-02	3.097122499939483978e-02	7.764619567956092261e-02
1.210410107456551941e+03	2.468687860949914104e-01	1.594932000162950503e-01	2.570802565003803553e-01	1.539615077572767388e-01	7.390261260140430777e-02	3.099567235786210989e-02	7.769796467145348440e-02
1.211861438520648335e+03	2.466707781934106558e-01	1.593613455495865028e-01	2.572180014273856563e-01	1.540429723527203254e-01	7.393717590689660724e-02	3.102007994446955713e-02	7.774964662519411041e-02
1.213312769584745183e+03	2.464731063874384398e-01	1.592297131303926361e-01	2.573555137715089480e-01	1.541242973738403688e-01	7.397167984543868979e-02	3.104444780655802455e-02	7.780124168448634969e-02
1.214764100648841804e+03	2.462757701053407411e-01	1.590983023845789768e-01	2.574927939247464992e-01	1.542054830743150029e-01	7.400612452629753979e-02	3.106877599165869253e-02	7.785274999272598362e-02
1.216215431712937971e+03	2.460787687763712484e-01	1.589671129386415471e-01	2.576298422784338849e-01	1.542865297072371911e-01	7.404051005848551192e-02	3.109306454748840196e-02	7.790417169300561939e-02
1.217666762777034819e+03	2.458821018307693618e-01	1.588361444197057271e-01	2.577666592232469855e-01	1.543674375251162800e-01	7.407483655076083084e-02	3.111731352194508846e-02	7.795550692811907545e-02
1.219118093841131440e+03	2.456857686997583612e-01	1.587053964555252550e-01	2.579032451492032085e-01	1.544482067798797487e-01	7.410910411162782707e-02	3.114152296310328250e-02	7.800675584056558642e-02
1.220569424905228061e+03	2.454897688155437130e-01	1.585748686744810065e-01	2.580396004456625425e-01	1.545288377228748733e-01	7.414331284933743660e-02	3.116569291920973095e-02	7.805791857255389710e-02
1.222020755969324682e+03	2.452941016113112105e-01	1.584445607055801342e-01	2.581757255013286678e-01	1.546093306048702543e-01	7.417746287188760335e-02	3.118982343867909152e-02	7.810899526600621756e-02
1.223472087033421303e+03	2.450987665212250033e-01	1.583144721784548736e-01	2.583116207042500112e-01	1.546896856760576477e-01	7.421155428702376489e-02	3.121391457008971040e-02	7.815998606256210901e-02
1.224923418097517697e+03	2.449037629804260430e-01	1.581846027233615448e-01	2.584472864418210780e-01	1.547699031860536034e-01	7.424558720223932429e-02	3.123796636217949368e-02	7.821089110358206420e-02
1.226374749161614318e+03	2.447090904250300847e-01	1.580549519711794415e-01	2.585827231007831739e-01	1.548499833839012685e-01	7.427956172477610808e-02	3.126197886384186886e-02	7.826171053015112955e-02
1.227826080225710712e+03	2.445147482921259663e-01	1.579255195534099709e-01	2.587179310672259036e-01	1.549299265180720531e-01	7.431347796162499075e-02	3.128595212412180193e-02	7.831244448308237460e-02
1.229277411289807560e+03	2.443207360197737765e-01	1.577963051021753493e-01	2.588529107265879481e-01	1.550097328364675175e-01	7.434733601952633886e-02	3.130988619221191510e-02	7.836309310292016717e-02
1.230728742353903954e+03	2.441270530470031064e-01	1.576673082502177414e-01	2.589876624636583413e-01	1.550894025864210657e-01	7.438113600497062161e-02	3.133378111744867384e-02	7.841365652994344848e-02
1.232180073418000802e+03	2.439336988138112172e-01	1.575385286308980948e-01	2.591221866625775250e-01	1.551689360146997210e-01	7.441487802419893827e-02	3.135763694930866763e-02	7.846413490416874470e-02
1.233631404482097196e+03	2.437406727611612645e-01	1.574099658781951960e-01	2.592564837068385142e-01	1.552483333675060417e-01	7.444856218320369812e-02	3.138145373740492544e-02	7.851452836535323387e-02
1.235082735546193817e+03	2.435479743309804379e-01	1.572816196267045885e-01	2.593905539792878412e-01	1.553275948904798420e-01	7.448218858772914786e-02	3.140523153148332830e-02	7.856483705299759090e-02
1.236534066610290438e+03	2.433556029661584075e-01	1.571534895116374897e-01	2.595243978621267211e-01	1.554067208287001345e-01	7.451575734327203770e-02	3.142897038141911209e-02	7.861506110634887412e-02
1.237985397674387059e+03	2.431635581105452137e-01	1.570255751688198476e-01	2.596580157369121067e-01	1.554857114266868512e-01	7.454926855508223205e-02	3.145267033721337729e-02	7.866520066440307879e-02
1.239436728738483680e+03	2.429718392089497969e-01	1.568978762346911748e-01	2.597914079845579094e-01	1.555645669284028143e-01	7.458272232816336167e-02	3.147633144898975138e-02	7.871525586590785717e-02
1.240888059802580301e+03	2.427804457071379707e-01	1.567703923463036608e-01	2.599245749853358878e-01	1.556432875772554569e-01	7.461611876727353154e-02	3.149995376699102345e-02	7.876522684936497487e-02
1.242339390866676695e+03	2.425893770518309234e-01	1.566431231413210334e-01	2.600575171188770351e-01	1.557218736160988493e-01	7.464945797692594531e-02	3.152353734157591764e-02	7.881511375303278111e-02
1.243790721930773088e+03	2.423986326907032474e-01	1.565160682580176155e-01	2.601902347641720792e-01	1.558003252872355027e-01	7.468274006138962695e-02	3.154708222321589428e-02	7.886491671492848465e-02
1.245242052994869937e+03	2.422082120723812459e-01	1.563892273352771867e-01	2.603227282995732028e-01	1.558786428324182016e-01	7.471596512469008688e-02	3.157058846249201356e-02	7.891463587283047143e-02
1.246693384058966330e+03	2.420181146464411293e-01	1.562626000125920123e-01	2.604549981027948768e-01	1.559568264928520021e-01	7.474913327061002977e-02	3.159405611009186848e-02	7.896427136428045557e-02
1.248144715123063179e+03	2.418283398634074322e-01	1.561361859300618993e-01	2.605870445509147482e-01	1.560348765091960632e-01	7.478224460269011775e-02	3.161748521680655261e-02	7.901382332658564434e-02
1.249596046187159800e+03	2.416388871747509881e-01	1.560099847283929753e-01	2.607188680203749165e-01	1.561127931215654796e-01	7.481529922422966439e-02	3.164087583352773875e-02	7.906329189682066716e-02
1.251047377251256421e+03	2.414497560328874304e-01	1.558839960488969112e-01	2.608504688869830446e-01	1.561905765695333348e-01	7.484829723828734238e-02	3.166422801124475772e-02	7.911267721182960178e-02
1.252498708315352815e+03	2.412609458911753602e-01	1.557582195334896447e-01	2.609818475259133574e-01	1.562682270921325056e-01	7.488123874768197463e-02	3.168754180104173257e-02	7.916197940822787549e-02
1.253950039379449436e+03	2.410724562039145424e-01	1.556326548246906305e-01	2.611130043117075861e-01	1.563457449278575495e-01	7.491412385499324200e-02	3.171081725409480995e-02	7.921119862240408316e-02
1.255401370443546057e+03	2.408842864263443517e-01	1.555073015656215640e-01	2.612439396182762441e-01	1.564231303146667029e-01	7.494695266256248822e-02	3.173405442166941925e-02	7.926033499052169418e-02
1.256852701507642678e+03	2.406964360146418291e-01	1.553821594000055484e-01	2.613746538188995161e-01	1.565003834899836854e-01	7.497972527249344155e-02	3.175725335511756647e-02	7.930938864852084269e-02
1.258304032571739299e+03	2.405089044259201003e-01	1.552572279721660398e-01	2.615051472862285342e-01	1.565775046906996704e-01	7.501244178665299189e-02	3.178041410587520432e-02	7.935835973211992356e-02
1.259755363635835920e+03	2.403216911182265991e-01	1.551325069270257373e-01	2.616354203922862109e-01	1.566544941531752277e-01	7.504510230667195414e-02	3.180353672545963017e-02	7.940724837681711890e-02
1.261206694699932314e+03	2.401347955505413190e-01	1.550079959101057503e-01	2.617654735084683493e-01	1.567313521132421283e-01	7.507770693394591466e-02	3.182662126546694642e-02	7.945605471789203567e-02
1.262658025764028707e+03	2.399482171827752586e-01	1.548836945675244048e-01	2.618953070055448640e-01	1.568080788062053421e-01	7.511025576963592520e-02	3.184966777756956940e-02	7.950477889040709345e-02
1.264109356828125556e+03	2.397619554757684235e-01	1.547596025459963553e-01	2.620249212536607253e-01	1.568846744668448978e-01	7.514274891466932171e-02	3.187267631351375918e-02	7.955342102920895386e-02
1.265560687892221949e+03	2.395760098912884106e-01	1.546357194928315859e-01	2.621543166223368471e-01	1.569611393294178259e-01	7.517518646974055696e-02	3.189564692511723254e-02	7.960198126892993609e-02
1.267012018956318798e+03	2.393903798920285209e-01	1.545120450559343273e-01	2.622834934804715301e-01	1.570374736276600180e-01	7.520756853531193609e-02	3.191857966426678989e-02	7.965045974398926587e-02
1.268463350020415419e+03	2.392050649416061492e-01	1.543885788838020856e-01	2.624124521963410173e-01	1.571136775947881425e-01	7.523989521161447702e-02	3.194147458291596992e-02	7.969885658859443556e-02
1.269914681084511813e+03	2.390200645045610917e-01	1.542653206255246989e-01	2.625411931376009922e-01	1.571897514635015869e-01	7.527216659864864601e-02	3.196433173308280834e-02	7.974717193674235594e-02
1.271366012148608434e+03	2.388353780463537412e-01	1.541422699307833100e-01	2.626697166712875231e-01	1.572656954659842621e-01	7.530438279618521802e-02	3.198715116684757581e-02	7.979540592222059137e-02
1.272817343212705055e+03	2.386510050333635058e-01	1.540194264498492838e-01	2.627980231638177289e-01	1.573415098339066009e-01	7.533654390376602616e-02	3.200993293635058523e-02	7.984355867860844225e-02
1.274268674276801676e+03	2.384669449328871427e-01	1.538967898335833195e-01	2.629261129809914443e-01	1.574171947984273068e-01	7.536865002070483599e-02	3.203267709379002681e-02	7.989163033927811075e-02
1.275720005340898297e+03	2.382831972131369547e-01	1.537743597334344514e-01	2.630539864879916645e-01	1.574927505901954072e-01	7.540070124608813651e-02	3.205538369141984478e-02	7.993962103739572778e-02
1.277171336404994690e+03	2.380997613432392634e-01	1.536521358014389660e-01	2.631816440493859877e-01	1.575681774393519752e-01	7.543269767877590348e-02	3.207805278154766959e-02	7.998753090592239379e-02
1.278622667469091539e+03	2.379166367932326331e-01	1.535301176902195142e-01	2.633090860291274482e-01	1.576434755755320993e-01	7.546463941740248760e-02	3.210068441653273624e-02	8.003536007761512250e-02
1.280073998533187932e+03	2.377338230340662883e-01	1.534083050529840564e-01	2.634363127905557933e-01	1.577186452278667161e-01	7.549652656037736387e-02	3.212327864878391365e-02	8.008310868502786783e-02
1.281525329597284326e+03	2.375513195375982822e-01	1.532866975435250023e-01	2.635633246963982046e-01	1.577936866249844972e-01	7.552835920588597818e-02	3.214583553075771316e-02	8.013077686051235660e-02
1.282976660661381175e+03	2.373691257765940255e-01	1.531652948162179895e-01	2.636901221087705194e-01	1.578685999950136254e-01	7.556013745189056607e-02	3.216835511495631794e-02	8.017836473621901827e-02
1.284427991725477568e+03	2.371872412247245376e-01	1.530440965260211061e-01	2.638167053891781189e-01	1.579433855655837105e-01	7.559186139613094380e-02	3.219083745392572332e-02	8.022587244409784546e-02
1.285879322789574417e+03	2.370056653565647820e-01	1.529231023284738367e-01	2.639430748985172603e-01	1.580180435638276759e-01	7.562353113612535482e-02	3.221328260025382861e-02	8.027330011589919878e-02
1.287330653853671038e+03	2.368243976475921109e-01	1.528023118796960622e-01	2.640692309970757434e-01	1.580925742163835357e-01	7.565514676917126091e-02	3.223569060656860524e-02	8.032064788317458404e-02
1.288781984917767431e+03	2.366434375741844620e-01	1.526817248363872004e-01	2.641951740445341312e-01	1.581669777493962259e-01	7.568670839234614700e-02	3.225806152553627182e-02	8.036791587727744324e-02
1.290233315981864052e+03	2.364627846136188594e-01	1.525613408558249839e-01	2.643209043999668606e-01	1.582412543885194367e-01	7.571821610250836776e-02	3.228039540985955247e-02	8.041510422936386238e-02
