1.001418434226643626e+03	2.792089657727703234e-01	1.809863265033216928e-01	2.346093082866158308e-01	1.406264033159390081e-01	6.824057032653058075e-02	2.706367338916400647e-02	6.926475240532752042e-02
1.003837319333471214e+03	2.787877233282259892e-01	1.807062133035485241e-01	2.349019771086551245e-01	1.408002837434794985e-01	6.831434813080375368e-02	2.711439144077302382e-02	6.937506294418309405e-02
1.006256204440298802e+03	2.783676724215172205e-01	1.804268863856312299e-01	2.351938226830174727e-01	1.409736683735449414e-01	6.838791820194209392e-02	2.716500051558502424e-02	6.948503141843098696e-02
1.008675089547126618e+03	2.779488096847284595e-01	1.801483435415389966e-01	2.354848473221681227e-01	1.411465582471536084e-01	6.846128077662379241e-02	2.721549977460839542e-02	6.959466065284765357e-02
1.011093974653954206e+03	2.775311317584325810e-01	1.798705825694419114e-01	2.357750533320764896e-01	1.413189544322116520e-01	6.853443611468830465e-02	2.726588842804798796e-02	6.970395336477015757e-02
1.013512859760782021e+03	2.771146352917399636e-01	1.795936012736935872e-01	2.360644430122344484e-01	1.414908580217100476e-01	6.860738449775685699e-02	2.731616573301639400e-02	6.981291216951782119e-02
1.015931744867609382e+03	2.766993169423430654e-01	1.793173974648137325e-01	2.363530186556744850e-01	1.416622701320183197e-01	6.868012622792468713e-02	2.736633099135593952e-02	6.992153958553887216e-02
1.018350629974437197e+03	2.762851733765572804e-01	1.790419689594709152e-01	2.366407825489877381e-01	1.418331919012700559e-01	6.875266162652131363e-02	2.741638354756593260e-02	7.002983803929584139e-02
1.020769515081264785e+03	2.758722012693577974e-01	1.787673135804652147e-01	2.369277369723420401e-01	1.420036244878355169e-01	6.882499103293560072e-02	2.746632278682993589e-02	7.013780986990299227e-02
1.023188400188092373e+03	2.754603973044128518e-01	1.784934291567110420e-01	2.372138841994999858e-01	1.421735690688765152e-01	6.889711480350228789e-02	2.751614813313809846e-02	7.024545733352825783e-02
1.025607285294920075e+03	2.750497581741140896e-01	1.782203135232199864e-01	2.374992264978367240e-01	1.423430268389796471e-01	6.896903331044690333e-02	2.756585904749989449e-02	7.035278260757177327e-02
1.028026170401747549e+03	2.746402805796031021e-01	1.779479645210836070e-01	2.377837661283579984e-01	1.425119990088634103e-01	6.904074694088620234e-02	2.761545502624275852e-02	7.045978779463196728e-02
1.030445055508575479e+03	2.742319612307952403e-01	1.776763799974564739e-01	2.380675053457179946e-01	1.426804868041555430e-01	6.911225609588124430e-02	2.766493559939236027e-02	7.056647492627025897e-02
1.032863940615402726e+03	2.738247968464004312e-01	1.774055578055390436e-01	2.383504463982370203e-01	1.428484914642370318e-01	6.918356118954055445e-02	2.771430032913056729e-02	7.067284596658442164e-02
1.035282825722230655e+03	2.734187841539418296e-01	1.771354958045607553e-01	2.386325915279194632e-01	1.430160142411490698e-01	6.925466264817067841e-02	2.776354880832715422e-02	7.077890281560017538e-02
1.037701710829058356e+03	2.730139198897710284e-01	1.768661918597630167e-01	2.389139429704712769e-01	1.431830563985598548e-01	6.932556090947188110e-02	2.781268065914169196e-02	7.088464731249038975e-02
1.040120595935886058e+03	2.726102007990815479e-01	1.765976438423823569e-01	2.391945029553178004e-01	1.433496192107881484e-01	6.939625642177658926e-02	2.786169553169216828e-02	7.099008123863050079e-02
1.042539481042713533e+03	2.722076236359197154e-01	1.763298496296336337e-01	2.394742737056213544e-01	1.435157039618804864e-01	6.946674964332846813e-02	2.791059310278697428e-02	7.109520632049841360e-02
1.044958366149541234e+03	2.718061851631934922e-01	1.760628071046932142e-01	2.397532574382988113e-01	1.436813119447393761e-01	6.953704104160000898e-02	2.795937307471724198e-02	7.120002423242689782e-02
1.047377251256368709e+03	2.714058821526791343e-01	1.757965141566821821e-01	2.400314563640391086e-01	1.438464444602997883e-01	6.960713109264667076e-02	2.800803517410647980e-02	7.130453659921566489e-02
1.049796136363196410e+03	2.710067113850262444e-01	1.755309686806497127e-01	2.403088726873206515e-01	1.440111028167513907e-01	6.967702028049574392e-02	2.805657915081474774e-02	7.140874499861055158e-02
1.052215021470024112e+03	2.706086696497604915e-01	1.752661685775563361e-01	2.405855086064288550e-01	1.441752883288043019e-01	6.974670909656811857e-02	2.810500477689463136e-02	7.151265096365626295e-02
1.054633906576851814e+03	2.702117537452852214e-01	1.750021117542574778e-01	2.408613663134735183e-01	1.443390023169957848e-01	6.981619803913122202e-02	2.815331184559656877e-02	7.161625598492921130e-02
1.057052791683679516e+03	2.698159604788808452e-01	1.747387961234867781e-01	2.411364479944060613e-01	1.445022461070361031e-01	6.988548761278169652e-02	2.820150017042100804e-02	7.171956151265654333e-02
1.059471676790506763e+03	2.694212866667030637e-01	1.744762196038395774e-01	2.414107558290369271e-01	1.446650210291912098e-01	6.995457832795602682e-02	2.824956958421516798e-02	7.182256895872698998e-02
1.061890561897334692e+03	2.690277291337798138e-01	1.742143801197565400e-01	2.416842919910527632e-01	1.448273284177006293e-01	7.002347070046796573e-02	2.829751993831219892e-02	7.192527969859913162e-02
1.064309447004162394e+03	2.686352847140059952e-01	1.739532756015072235e-01	2.419570586480335739e-01	1.449891696102282301e-01	7.009216525107112017e-02	2.834535110171064812e-02	7.202769507311224118e-02
1.066728332110990095e+03	2.682439502501381967e-01	1.736929039851736190e-01	2.422290579614700679e-01	1.451505459473446669e-01	7.016066250504560120e-02	2.839306296029232846e-02	7.212981639020456248e-02
1.069147217217817570e+03	2.678537225937871469e-01	1.734332632126339147e-01	2.425002920867804501e-01	1.453114587720397421e-01	7.022896299180728108e-02	2.844065541607661979e-02	7.223164492654390867e-02
1.071566102324645271e+03	2.674645986054094426e-01	1.731743512315462030e-01	2.427707631733277693e-01	1.454719094292626635e-01	7.029706724453878286e-02	2.848812838650950294e-02	7.233318192907475797e-02
1.073984987431472746e+03	2.670765751542982791e-01	1.729161659953322161e-01	2.430404733644366821e-01	1.456318992654892508e-01	7.036497579984077322e-02	2.853548180378561588e-02	7.243442861648632936e-02
1.076403872538300675e+03	2.666896491185730134e-01	1.726587054631611440e-01	2.433094247974106061e-01	1.457914296283145672e-01	7.043268919740267031e-02	2.858271561420169804e-02	7.253538618060545451e-02
1.078822757645127922e+03	2.663038173851678958e-01	1.724019675999335366e-01	2.435776196035485119e-01	1.459505018660694209e-01	7.050020797969176745e-02	2.862982977753992034e-02	7.263605578771817339e-02
1.081241642751955851e+03	2.659190768498195245e-01	1.721459503762651500e-01	2.438450599081619097e-01	1.461091173274596255e-01	7.056753269165971787e-02	2.867682426647966132e-02	7.273643857982364791e-02
1.083660527858783553e+03	2.655354244170543554e-01	1.718906517684709312e-01	2.441117478305914745e-01	1.462672773612267996e-01	7.063466388046557576e-02	2.872369906603631021e-02	7.283653567582375199e-02
1.086079412965611255e+03	2.651528570001743246e-01	1.716360697585489758e-01	2.443776854842240331e-01	1.464249833158296765e-01	7.070160209521454686e-02	2.877045417302584451e-02	7.293634817265175208e-02
1.088498298072438729e+03	2.647713715212425267e-01	1.713822023341646517e-01	2.446428749765091615e-01	1.465822365391446225e-01	7.076834788671136633e-02	2.881708959555386376e-02	7.303587714634297845e-02
1.090917183179266431e+03	2.643909649110677273e-01	1.711290474886345558e-01	2.449073184089759492e-01	1.467390383781843610e-01	7.083490180722798457e-02	2.886360535252796219e-02	7.313512365305063767e-02
1.093336068286093905e+03	2.640116341091885421e-01	1.708766032209108054e-01	2.451710178772495141e-01	1.468953901788341843e-01	7.090126441028446469e-02	2.891000147319228511e-02	7.323408873000933350e-02
1.095754953392921607e+03	2.636333760638570056e-01	1.706248675355649669e-01	2.454339754710677390e-01	1.470512932856046229e-01	7.096743625044248105e-02	2.895627799668318986e-02	7.333277339644921067e-02
1.098173838499749309e+03	2.632561877320211408e-01	1.703738384427725683e-01	2.456961932742976473e-01	1.472067490413991875e-01	7.103341788311082206e-02	2.900243497160501921e-02	7.343117865446290027e-02
1.100592723606577010e+03	2.628800660793074728e-01	1.701235139582970846e-01	2.459576733649521119e-01	1.473617587872973200e-01	7.109920986436225887e-02	2.904847245562500527e-02	7.352930548982805625e-02
1.103011608713404712e+03	2.625050080800028218e-01	1.698738921034744775e-01	2.462184178152060920e-01	1.475163238623510287e-01	7.116481275076107227e-02	2.909439051508638796e-02	7.362715487278738424e-02
1.105430493820231959e+03	2.621310107170358172e-01	1.696249709051974031e-01	2.464784286914131761e-01	1.476704456033944846e-01	7.123022709920087681e-02	2.914018922463887037e-02	7.372472775878859130e-02
1.107849378927059888e+03	2.617580709819576357e-01	1.693767483958996123e-01	2.467377080541219569e-01	1.478241253448664139e-01	7.129545346675192352e-02	2.918586866688559905e-02	7.382202508918608852e-02
1.110268264033887590e+03	2.613861858749225164e-01	1.691292226135404364e-01	2.469962579580921858e-01	1.479773644186440085e-01	7.136049241051765912e-02	2.923142893204585049e-02	7.391904779190655583e-02
1.112687149140715292e+03	2.610153524046681106e-01	1.688823916015892990e-01	2.472540804523111757e-01	1.481301641538879388e-01	7.142534448749988940e-02	2.927687011763271605e-02	7.401579678208007607e-02
1.115106034247542766e+03	2.606455675884950529e-01	1.686362534090100895e-01	2.475111775800100389e-01	1.482825258768981080e-01	7.149001025447211666e-02	2.932219232814502544e-02	7.411227296263878106e-02
1.117524919354370468e+03	2.602768284522465336e-01	1.683908060902459536e-01	2.477675513786798123e-01	1.484344509109791210e-01	7.155449026786062094e-02	2.936739567477285665e-02	7.420847722488438380e-02
1.119943804461197942e+03	2.599091320302873709e-01	1.681460477052036939e-01	2.480232038800875560e-01	1.485859405763152730e-01	7.161878508363289653e-02	2.941248027511597640e-02	7.430441044902647008e-02
1.122362689568025871e+03	2.595424753654831940e-01	1.679019763192385606e-01	2.482781371102925072e-01	1.487369961898545034e-01	7.168289525719302724e-02	2.945744625291463192e-02	7.440007350469288183e-02
1.124781574674853118e+03	2.591768555091786830e-01	1.676585900031388743e-01	2.485323530896620392e-01	1.488876190652005105e-01	7.174682134328362604e-02	2.950229373779204162e-02	7.449546725141359405e-02
1.127200459781681047e+03	2.588122695211759194e-01	1.674158868331108441e-01	2.487858538328878433e-01	1.490378105125130248e-01	7.181056389589403344e-02	2.954702286500811986e-02	7.459059253907954212e-02
1.129619344888508749e+03	2.584487144697131256e-01	1.671738648907633018e-01	2.490386413490016382e-01	1.491875718384154670e-01	7.187412346817431685e-02	2.959163377522382177e-02	7.468545020837766280e-02
1.132038229995336451e+03	2.580861874314419047e-01	1.669325222630924921e-01	2.492907176413912684e-01	1.493369043459097656e-01	7.193750061235495985e-02	2.963612661427565687e-02	7.478004109120321707e-02
1.134457115102163925e+03	2.577246854914055363e-01	1.666918570424670287e-01	2.495420847078164694e-01	1.494858093342978089e-01	7.200069587967174167e-02	2.968050153295990687e-02	7.487436601105081080e-02
1.136876000208991627e+03	2.573642057430162167e-01	1.664518673266127124e-01	2.497927445404247160e-01	1.496342880991090585e-01	7.206370982029555727e-02	2.972475868682604438e-02	7.496842578338497320e-02
1.139294885315819101e+03	2.570047452880328542e-01	1.662125512185975429e-01	2.500426991257669318e-01	1.497823419320344907e-01	7.212654298326709457e-02	2.976889823597895016e-02	7.506222121599141761e-02
1.141713770422646803e+03	2.566463012365379770e-01	1.659739068268167306e-01	2.502919504448134491e-01	1.499299721208657010e-01	7.218919591643584155e-02	2.981292034488954371e-02	7.515575310931005282e-02
1.144132655529474505e+03	2.562888707069153060e-01	1.657359322649777089e-01	2.505405004729693297e-01	1.500771799494397540e-01	7.225166916640328452e-02	2.985682518221338677e-02	7.524902225675060563e-02
1.146551540636302207e+03	2.559324508258264408e-01	1.654986256520852017e-01	2.507883511800902965e-01	1.502239666975886123e-01	7.231396327847029737e-02	2.990061292061691259e-02	7.534202944499164556e-02
1.148970425743129908e+03	2.555770387281882106e-01	1.652619851124263461e-01	2.510355045304982213e-01	1.503703336410936175e-01	7.237607879658798649e-02	2.994428373661093407e-02	7.543477545426412190e-02
1.151389310849957155e+03	2.552226315571491932e-01	1.650260087755558713e-01	2.512819624829967791e-01	1.505162820516441624e-01	7.243801626331239363e-02	2.998783781039110821e-02	7.552726105861995443e-02
1.153808195956785084e+03	2.548692264640667338e-01	1.647906947762813323e-01	2.515277269908867130e-01	1.506618131968007201e-01	7.249977621976232134e-02	3.003127532568496821e-02	7.561948702618662144e-02
1.156227081063612786e+03	2.545168206084836293e-01	1.645560412546483442e-01	2.517728000019816559e-01	1.508069283399617322e-01	7.256135920558047514e-02	3.007459646960532890e-02	7.571145411940827241e-02
1.158645966170440488e+03	2.541654111581047037e-01	1.643220463559257882e-01	2.520171834586232285e-01	1.509516287403342427e-01	7.262276575889752006e-02	3.011780143250966310e-02	7.580316309527429519e-02
1.161064851277267962e+03	2.538149952887734373e-01	1.640887082305912681e-01	2.522608792976965275e-01	1.510959156529078917e-01	7.268399641629905150e-02	3.016089040786526163e-02	7.589461470553587885e-02
1.163483736384095664e+03	2.534655701844486519e-01	1.638560250343163993e-01	2.525038894506456688e-01	1.512397903284324885e-01	7.274505171279516125e-02	3.020386359211986796e-02	7.598580969691104414e-02
1.165902621490923138e+03	2.531171330371809747e-01	1.636239949279522377e-01	2.527462158434887751e-01	1.513832540133982218e-01	7.280593218179254311e-02	3.024672118457754841e-02	7.607674881127897415e-02
1.168321506597751068e+03	2.527696810470892452e-01	1.633926160775147629e-01	2.529878603968333528e-01	1.515263079500192844e-01	7.286663835506898557e-02	3.028946338727957557e-02	7.616743278586407540e-02
1.170740391704578315e+03	2.524232114223370349e-01	1.631618866541703350e-01	2.532288250258915574e-01	1.516689533762197728e-01	7.292717076275011256e-02	3.033209040489006150e-02	7.625786235341035224e-02
1.173159276811406244e+03	2.520777213791093874e-01	1.629318048342212333e-01	2.534691116404952371e-01	1.518111915256225852e-01	7.298752993328821992e-02	3.037460244458616704e-02	7.634803824234644154e-02
1.175578161918233945e+03	2.517332081415887268e-01	1.627023687990912515e-01	2.537087221451111985e-01	1.519530236275402346e-01	7.304771639344309619e-02	3.041699971595267921e-02	7.643796117694202918e-02
1.177997047025061647e+03	2.513896689419319874e-01	1.624735767353113480e-01	2.539476584388561387e-01	1.520944509069683259e-01	7.310773066826482813e-02	3.045928243088070683e-02	7.652763187745592610e-02
1.180415932131889122e+03	2.510471010202464659e-01	1.622454268345052131e-01	2.541859224155118557e-01	1.522354745845809765e-01	7.316757328107814651e-02	3.050145080347040419e-02	7.661705106027630330e-02
1.182834817238716823e+03	2.507055016245667289e-01	1.620179172933750300e-01	2.544235159635399590e-01	1.523760958767280960e-01	7.322724475346868711e-02	3.054350504993744511e-02	7.670621943805340515e-02
1.185253702345544298e+03	2.503648680108309654e-01	1.617910463136871813e-01	2.546604409660971902e-01	1.525163159954349423e-01	7.328674560527063953e-02	3.058544538852315739e-02	7.679513771982533765e-02
1.187672587452371999e+03	2.500251974428572277e-01	1.615648121022580652e-01	2.548966993010500781e-01	1.526561361484028434e-01	7.334607635455603347e-02	3.062727203940811965e-02	7.688380661113701497e-02
1.190091472559199701e+03	2.496864871923205886e-01	1.613392128709398854e-01	2.551322928409898161e-01	1.527955575390120002e-01	7.340523751762519089e-02	3.066898522462905771e-02	7.697222681415283319e-02
1.192510357666027403e+03	2.493487345387290222e-01	1.611142468366064673e-01	2.553672234532473606e-01	1.529345813663255393e-01	7.346422960899871846e-02	3.071058516799893973e-02	7.706039902776332107e-02
1.194929242772855105e+03	2.490119367694004215e-01	1.608899122211392696e-01	2.556014929999078089e-01	1.530732088250951473e-01	7.352305314141061032e-02	3.075207209503008979e-02	7.714832394768604551e-02
1.197348127879682352e+03	2.486760911794390350e-01	1.606662072514131734e-01	2.558351033378254424e-01	1.532114411057678982e-01	7.358170862580244720e-02	3.079344623286020891e-02	7.723600226656113232e-02
1.199767012986510281e+03	2.483411950717122341e-01	1.604431301592826042e-01	2.560680563186383263e-01	1.533492793944944699e-01	7.364019657131883057e-02	3.083470781018115767e-02	7.732343467404170778e-02
1.202185898093337983e+03	2.480072457568271715e-01	1.602206791815674047e-01	2.563003537887829086e-01	1.534867248731382472e-01	7.369851748530367730e-02	3.087585705717041731e-02	7.741062185687942743e-02
1.204604783200165684e+03	2.476742405531075220e-01	1.599988525600390676e-01	2.565319975895087312e-01	1.536237787192858417e-01	7.375667187329759678e-02	3.091689420542508004e-02	7.749756449900541133e-02
1.207023668306993159e+03	2.473421767865702503e-01	1.597776485414066361e-01	2.567629895568930842e-01	1.537604421062582216e-01	7.381466023903603124e-02	3.095781948789826793e-02	7.758426328160682173e-02
1.209442553413820860e+03	2.470110517909024639e-01	1.595570653773029091e-01	2.569933315218552172e-01	1.538967162031230629e-01	7.387248308444835376e-02	3.099863313883790411e-02	7.767071888319931894e-02
1.211861438520648335e+03	2.466808629074383752e-01	1.593371013242707301e-01	2.572230253101713826e-01	1.540326021747077667e-01	7.393014090965768781e-02	3.103933539372769057e-02	7.775693197969563153e-02
1.214280323627476264e+03	2.463516074851361537e-01	1.591177546437489987e-01	2.574520727424886579e-01	1.541681011816134483e-01	7.398763421298144849e-02	3.107992648923022655e-02	7.784290324447036558e-02
1.216699208734303511e+03	2.460232828805550553e-01	1.588990236020590141e-01	2.576804756343398783e-01	1.543032143802293144e-01	7.404496349093257768e-02	3.112040666313220169e-02	7.792863334842130285e-02
1.219118093841131440e+03	2.456958864578322466e-01	1.586809064703908756e-01	2.579082357961576810e-01	1.544379429227481781e-01	7.410212923822145914e-02	3.116077615429151473e-02	7.801412296002742386e-02
1.221536978947959142e+03	2.453694155886602390e-01	1.584634015247895766e-01	2.581353550332889935e-01	1.545722879571821418e-01	7.415913194775836104e-02	3.120103520258628998e-02	7.809937274540373897e-02
1.223955864054786844e+03	2.450438676522637971e-01	1.582465070461415435e-01	2.583618351460094109e-01	1.547062506273791938e-01	7.421597211065650290e-02	3.124118404886569791e-02	7.818438336835319136e-02
1.226374749161614318e+03	2.447192400353773445e-01	1.580302213201610073e-01	2.585876779295372963e-01	1.548398320730400290e-01	7.427265021623560837e-02	3.128122293490250699e-02	7.826915549041561782e-02
1.228793634268442020e+03	2.443955301322222051e-01	1.578145426373763482e-01	2.588128851740478797e-01	1.549730334297355905e-01	7.432916675202592971e-02	3.132115210334728006e-02	7.835368977091419773e-02
1.231212519375269494e+03	2.440727353444840098e-01	1.575994692931167729e-01	2.590374586646876365e-01	1.551058558289248879e-01	7.438552220377273039e-02	3.136097179768417009e-02	7.843798686699922362e-02
1.233631404482097196e+03	2.437508530812900476e-01	1.573849995874986030e-01	2.592614001815886082e-01	1.552383003979732334e-01	7.444171705544117001e-02	3.140068226218823561e-02	7.852204743368959572e-02
1.236050289588924898e+03	2.434298807591869507e-01	1.571711318254120082e-01	2.594847114998819482e-01	1.553703682601708658e-01	7.449775178922163343e-02	3.144028374188423403e-02	7.860587212391191569e-02
1.238469174695752372e+03	2.431098158021180178e-01	1.569578643165074894e-01	2.597073943897123538e-01	1.555020605347519347e-01	7.455362688553532347e-02	3.147977648250679245e-02	7.868946158853760975e-02
1.240888059802580301e+03	2.427906556414011208e-01	1.567451953751825555e-01	2.599294506162521667e-01	1.556333783369135693e-01	7.460934282304028387e-02	3.151916073046198002e-02	7.877281647641787288e-02
1.243306944909407548e+03	2.424723977157061949e-01	1.565331233205684014e-01	2.601508819397150285e-01	1.557643227778354456e-01	7.466490007863765821e-02	3.155843673279010164e-02	7.885593743441669801e-02
1.245725830016235477e+03	2.421550394710332010e-01	1.563216464765165847e-01	2.603716901153702024e-01	1.558948949646994375e-01	7.472029912747821245e-02	3.159760473712978912e-02	7.893882510744222591e-02
1.248144715123063179e+03	2.418385783606897543e-01	1.561107631715857591e-01	2.605918768935557850e-01	1.560250960007095455e-01	7.477554044296919056e-02	3.163666499168329288e-02	7.902148013847624941e-02
1.250563600229890881e+03	2.415230118452693642e-01	1.559004717390285177e-01	2.608114440196936390e-01	1.561549269851117971e-01	7.483062449678135053e-02	3.167561774518289075e-02	7.910390316860206605e-02
1.252982485336718355e+03	2.412083373926291463e-01	1.556907705167781542e-01	2.610303932343020494e-01	1.562843890132145919e-01	7.488555175885626414e-02	3.171446324685842089e-02	7.918609483703098473e-02
1.255401370443546057e+03	2.408945524778680347e-01	1.554816578474355060e-01	2.612487262730103788e-01	1.564134831764089628e-01	7.494032269741371377e-02	3.175320174640585552e-02	7.926805578112711137e-02
1.257820255550373531e+03	2.405816545833049380e-01	1.552731320782559654e-01	2.614664448665723340e-01	1.565422105621889770e-01	7.499493777895939461e-02	3.179183349395694330e-02	7.934978663643098284e-02
1.260239140657201460e+03	2.402696411984568681e-01	1.550651915611362119e-01	2.616835507408799555e-01	1.566705722541722190e-01	7.504939746829270009e-02	3.183035874004976756e-02	7.943128803668182691e-02
1.262658025764028707e+03	2.399585098200173183e-01	1.548578346526013338e-01	2.619000456169769397e-01	1.567985693321203577e-01	7.510370222851470157e-02	3.186877773560032462e-02	7.951256061383855933e-02
1.265076910870856636e+03	2.396482579518345868e-01	1.546510597137917276e-01	2.621159312110725725e-01	1.569262028719598245e-01	7.515785252103618364e-02	3.190709073187494166e-02	7.959360499809961520e-02
1.267495795977684338e+03	2.393388831048902654e-01	1.544448651104503023e-01	2.623312092345552182e-01	1.570534739458023521e-01	7.521184880558585972e-02	3.194529798046361752e-02	7.967442181792185052e-02
1.269914681084511813e+03	2.390303827972777018e-01	1.542392492129092685e-01	2.625458813940058644e-01	1.571803836219656247e-01	7.526569154021875430e-02	3.198339973325418917e-02	7.975501170003815310e-02
1.272333566191339514e+03	2.387227545541805718e-01	1.540342103960775366e-01	2.627599493912114448e-01	1.573069329649939285e-01	7.531938118132446014e-02	3.202139624240731702e-02	7.983537526947427632e-02
1.274752451298167216e+03	2.384159959078516189e-01	1.538297470394277000e-01	2.629734149231787166e-01	1.574331230356788569e-01	7.537291818363577034e-02	3.205928776033224042e-02	7.991551314956463203e-02
1.277171336404994690e+03	2.381101043975913378e-01	1.536258575269832949e-01	2.631862796821473616e-01	1.575589548910798221e-01	7.542630300023707435e-02	3.209707453966329643e-02	7.999542596196736188e-02
1.279590221511822392e+03	2.378050775697268804e-01	1.534225402473059219e-01	2.633985453556034195e-01	1.576844295845446497e-01	7.547953608257310099e-02	3.213475683323718107e-02	8.007511432667839546e-02
1.282009106618650094e+03	2.375009129775907668e-01	1.532197935934826172e-01	2.636102136262927775e-01	1.578095481657301180e-01	7.553261788045750880e-02	3.217233489407087671e-02	8.015457886204487015e-02
1.284427991725477568e+03	2.371976081815000692e-01	1.530176159631131128e-01	2.638212861722344371e-01	1.579343116806222747e-01	7.558554884208155966e-02	3.220980897534028720e-02	8.023382018477780153e-02
1.286846876832305497e+03	2.368951607487352340e-01	1.528160057582970965e-01	2.640317646667337814e-01	1.580587211715570317e-01	7.563832941402290344e-02	3.224717933035949752e-02	8.031283890996401831e-02
1.289265761939132744e+03	2.365935682535193763e-01	1.526149613856216114e-01	2.642416507783957869e-01	1.581827776772403160e-01	7.569096004125433486e-02	3.228444621256070651e-02	8.039163565107747267e-02
1.291684647045960673e+03	2.362928282769973520e-01	1.524144812561485096e-01	2.644509461711382903e-01	1.583064822327683308e-01	7.574344116715246711e-02	3.232160987547469388e-02	8.047021101998998172e-02
1.294103532152788375e+03	2.359929384072151082e-01	1.522145637854017963e-01	2.646596525042050896e-01	1.584298358696477060e-01	7.579577323350662754e-02	3.235867057271196029e-02	8.054856562698134437e-02
1.296522417259616077e+03	2.356938962390990044e-01	1.520152073933551395e-01	2.648677714321791554e-01	1.585528396158155107e-01	7.584795668052757289e-02	3.239562855794435314e-02	8.062670008074890315e-02
1.298941302366443551e+03	2.353956993744351633e-01	1.518164105044194079e-01	2.650753046049957318e-01	1.586754944956591529e-01	7.589999194685628781e-02	3.243248408488729612e-02	8.070461498841663417e-02
1.301360187473271253e+03	2.350983454218489588e-01	1.516181715474301528e-01	2.652822536679553256e-01	1.587978015300361978e-01	7.595187946957276948e-02	3.246923740728252517e-02	8.078231095554375130e-02
1.303779072580098727e+03	2.348018319967846435e-01	1.514204889556352018e-01	2.654886202617367519e-01	1.589197617362941295e-01	7.600361968420477066e-02	3.250588877888134498e-02	8.085978858613286635e-02
1.306197957686926657e+03	2.345061567214849763e-01	1.512233611666822797e-01	2.656944060224101234e-01	1.590413761282897798e-01	7.605521302473651490e-02	3.254243845342833646e-02	8.093704848263766349e-02
1.308616842793753904e+03	2.342113172249708775e-01	1.510267866226066014e-01	2.658996125814499512e-01	1.591626457164089514e-01	7.610665992361746734e-02	3.257888668464561932e-02	8.101409124597025446e-02
1.311035727900581833e+03	2.339173111430212781e-01	1.508307637698186321e-01	2.661042415657476901e-01	1.592835715075855696e-01	7.615796081177096666e-02	3.261523372621749628e-02	8.109091747550810358e-02
1.313454613007409534e+03	2.336241361181528031e-01	1.506352910590917638e-01	2.663082945976250060e-01	1.594041545053209719e-01	7.620911611860292645e-02	3.265147983177558999e-02	8.116752776910066136e-02
1.315873498114237009e+03	2.333317897995999535e-01	1.504403669455499915e-01	2.665117732948464324e-01	1.595243957097028376e-01	7.626012627201046723e-02	3.268762525488441012e-02	8.124392272307559559e-02
1.318292383221064711e+03	2.330402698432949282e-01	1.502459898886557843e-01	2.667146792706321379e-01	1.596442961174243391e-01	7.631099169839042351e-02	3.272367024902730903e-02	8.132010293224473108e-02
1.320711268327892412e+03	2.327495739118477514e-01	1.500521583521979285e-01	2.669170141336708602e-01	1.597638567218025440e-01	7.636171282264796190e-02	3.275961506759287462e-02	8.139606898990972561e-02
1.323130153434719887e+03	2.324596996745263988e-01	1.498588708042792872e-01	2.671187794881324518e-01	1.598830785127973442e-01	7.641229006820507430e-02	3.279545996386168394e-02	8.147182148786746847e-02
1.325549038541547588e+03	2.321706448072369533e-01	1.496661257173046988e-01	2.673199769336805920e-01	1.600019624770297744e-01	7.646272385700897400e-02	3.283120519099348711e-02	8.154736101641518742e-02
1.327967923648375290e+03	2.318824069925040088e-01	1.494739215679689870e-01	2.675206080654856655e-01	1.601205095978003867e-01	7.651301460954057498e-02	3.286685100201468257e-02	8.162268816435537533e-02
1.330386808755202765e+03	2.315949839194509641e-01	1.492822568372447756e-01	2.677206744742371414e-01	1.602387208551073472e-01	7.656316274482279083e-02	3.290239764980622261e-02	8.169780351900043924e-02
1.332805693862030694e+03	2.313083732837804274e-01	1.490911300103704984e-01	2.679201777461563405e-01	1.603565972256645877e-01	7.661316868042887529e-02	3.293784538709180337e-02	8.177270766617714126e-02
1.335224578968857941e+03	2.310225727877546764e-01	1.489005395768386308e-01	2.681191194630088148e-01	1.604741396829195699e-01	7.666303283249059630e-02	3.297319446642645036e-02	8.184740119023091454e-02
1.337643464075685870e+03	2.307375801401763404e-01	1.487104840303833941e-01	2.683175012021170591e-01	1.605913491970710760e-01	7.671275561570653490e-02	3.300844514018536763e-02	8.192188467402988783e-02
1.340062349182513572e+03	2.304533930563689992e-01	1.485209618689691258e-01	2.685153245363728347e-01	1.607082267350866678e-01	7.676233744335007880e-02	3.304359766055312009e-02	8.199615869896884068e-02
1.342481234289341273e+03	2.301700092581578094e-01	1.483319715947782613e-01	2.687125910342497148e-01	1.608247732607201719e-01	7.681177872727762423e-02	3.307865227951315573e-02	8.207022384497292267e-02
1.344900119396168748e+03	2.298874264738503259e-01	1.481435117141995383e-01	2.689093022598153526e-01	1.609409897345289997e-01	7.686107987793650009e-02	3.311360924883760548e-02	8.214408069050130323e-02
1.347319004502996449e+03	2.296056424382173222e-01	1.479555807378162002e-01	2.691054597727441378e-01	1.610568771138911059e-01	7.691024130437291995e-02	3.314846882007732587e-02	8.221772981255059953e-02
1.349737889609823924e+03	2.293246548924737227e-01	1.477681771803941169e-01	2.693010651283292978e-01	1.611724363530219750e-01	7.695926341423992012e-02	3.318323124455228174e-02	8.229117178665823484e-02
1.352156774716651853e+03	2.290444615842596454e-01	1.475812995608701550e-01	2.694961198774953881e-01	1.612876684029914964e-01	7.700814661380511739e-02	3.321789677334215790e-02	8.236440718690564433e-02
1.354575659823479100e+03	2.287650602676212508e-01	1.473949464023404099e-01	2.696906255668102270e-01	1.614025742117404794e-01	7.705689130795850827e-02	3.325246565727726922e-02	8.243743658592138368e-02
1.356994544930307029e+03	2.284864487029920899e-01	1.472091162320484925e-01	2.698845837384975521e-01	1.615171547240972505e-01	7.710549790022014349e-02	3.328693814692969960e-02	8.251026055488416833e-02
1.359413430037134731e+03	2.282086246571740917e-01	1.470238075813740108e-01	2.700779959304490663e-01	1.616314108817939188e-01	7.715396679274776071e-02	3.332131449260469780e-02	8.258287966352580167e-02
1.361832315143962205e+03	2.279315859033188840e-01	1.468390189858207739e-01	2.702708636762365946e-01	1.617453436234825015e-01	7.720229838634433406e-02	3.335559494433229522e-02	8.265529448013392289e-02
1.364251200250789907e+03	2.276553302209091689e-01	1.466547489850053287e-01	2.704631885051240747e-01	1.618589538847510501e-01	7.725049308046559593e-02	3.338977975185920127e-02	8.272750557155486573e-02
1.366670085357617609e+03	2.273798553957399327e-01	1.464709961226453583e-01	2.706549719420799915e-01	1.619722425981394709e-01	7.729855127322743380e-02	3.342386916464089308e-02	8.279951350319621206e-02
1.369088970464445310e+03	2.271051592199000713e-01	1.462877589465482742e-01	2.708462155077890898e-01	1.620852106931552072e-01	7.734647336141324547e-02	3.345786343183392020e-02	8.287131883902952578e-02
1.371507855571272785e+03	2.268312394917537111e-01	1.461050360085995037e-01	2.710369207186646423e-01	1.621978590962889211e-01	7.739425974048126655e-02	3.349176280228845920e-02	8.294292214159279530e-02
1.373926740678100487e+03	2.265580940159219736e-01	1.459228258647512766e-01	2.712270890868603845e-01	1.623101887310297864e-01	7.744191080457178689e-02	3.352556752454104866e-02	8.301432397199300095e-02
1.376345625784927961e+03	2.262857206032644897e-01	1.457411270750110788e-01	2.714167221202826163e-01	1.624222005178808104e-01	7.748942694651432539e-02	3.355927784680751841e-02	8.308552488990848806e-02
1.378764510891755890e+03	2.260141170708610259e-01	1.455599382034302725e-01	2.716058213226017481e-01	1.625338953743739878e-01	7.753680855783465220e-02	3.359289401697617555e-02	8.315652545359142334e-02
1.381183395998583137e+03	2.257432812419934431e-01	1.453792578180927997e-01	2.717943881932647354e-01	1.626452742150853170e-01	7.758405602876196350e-02	3.362641628260110149e-02	8.322732621987005697e-02
1.383602281105411066e+03	2.254732109461273504e-01	1.451990844911037193e-01	2.719824242275062920e-01	1.627563379516494824e-01	7.763116974823565386e-02	3.365984489089568488e-02	8.329792774415115120e-02
1.386021166212238768e+03	2.252039040188940910e-01	1.450194167985781046e-01	2.721699309163615466e-01	1.628670874927747036e-01	7.767815010391236619e-02	3.369318008872635578e-02	8.336833058042214528e-02
1.388440051319066470e+03	2.249353583020726466e-01	1.448402533206296361e-01	2.723569097466771449e-01	1.629775237442571967e-01	7.772499748217277793e-02	3.372642212260645866e-02	8.343853528125348695e-02
1.390858936425893944e+03	2.246675716435716508e-01	1.446615926413594155e-01	2.725433622011232404e-01	1.630876476089956340e-01	7.777171226812830407e-02	3.375957123869029186e-02	8.350854239780075572e-02
1.393277821532721646e+03	2.244005418974115151e-01	1.444834333488447808e-01	2.727292897582053732e-01	1.631974599870053555e-01	7.781829484562789723e-02	3.379262768276736217e-02	8.357835247980698046e-02
1.395696706639549120e+03	2.241342669237064711e-01	1.443057740351281482e-01	2.729146938922760168e-01	1.633069617754325797e-01	7.786474559726458411e-02	3.382559170025675743e-02	8.364796607560469333e-02
1.398115591746377049e+03	2.238687445886468619e-01	1.441286132962058542e-01	2.730995760735461797e-01	1.634161538685683368e-01	7.791106490438209908e-02	3.385846353620172028e-02	8.371738373211817796e-02
1.400534476853204296e+03	2.236039727644812958e-01	1.439519497320170260e-01	2.732839377680972848e-01	1.635250371578623185e-01	7.795725314708136511e-02	3.389124343526433297e-02	8.378660599486555116e-02
1.402953361960032225e+03	2.233399493294990767e-01	1.437757819464325626e-01	2.734677804378926602e-01	1.636336125319366730e-01	7.800331070422697466e-02	3.392393164172039649e-02	8.385563340796091392e-02
1.405372247066859927e+03	2.230766721680124964e-01	1.436001085472440597e-01	2.736511055407889192e-01	1.637418808765994660e-01	7.804923795345349025e-02	3.395652839945442064e-02	8.392446651411647474e-02
1.407791132173687402e+03	2.228141391703393481e-01	1.434249281461527914e-01	2.738339145305476729e-01	1.638498430748583090e-01	7.809503527117182820e-02	3.398903395195479460e-02	8.399310585464463130e-02
1.410210017280515103e+03	2.225523482327852742e-01	1.432502393587588019e-01	2.740162088568470766e-01	1.639575000069335708e-01	7.814070303257546202e-02	3.402144854230907539e-02	8.406155196946009378e-02
1.412628902387342805e+03	2.222912972576265578e-01	1.430760408045498311e-01	2.741979899652933206e-01	1.640648525502715893e-01	7.818624161164666742e-02	3.405377241319941517e-02	8.412980539708198036e-02
1.415047787494170507e+03	2.220309841530925254e-01	1.429023311068904900e-01	2.743792592974318434e-01	1.641719015795578551e-01	7.823165138116261463e-02	3.408600580689812032e-02	8.419786667463587115e-02
1.417466672600997981e+03	2.217714068333483113e-01	1.427291088930113805e-01	2.745600182907590447e-01	1.642786479667298072e-01	7.827693271270146080e-02	3.411814896526335628e-02	8.426573633785598705e-02
1.419885557707825683e+03	2.215125632184775928e-01	1.425563727939981595e-01	2.747402683787333877e-01	1.643850925809896835e-01	7.832208597664833127e-02	3.415020212973497726e-02	8.433341492108717419e-02
1.422304442814653157e+03	2.212544512344653547e-01	1.423841214447807979e-01	2.749200109907869449e-01	1.644912362888173718e-01	7.836711154220130093e-02	3.418216554133044621e-02	8.440090295728704117e-02
1.424723327921481086e+03	2.209970688131807082e-01	1.422123534841227277e-01	2.750992475523365566e-01	1.645970799539828722e-01	7.841200977737729227e-02	3.421403944064094205e-02	8.446820097802811012e-02
1.427142213028308333e+03	2.207404138923599324e-01	1.420410675546101009e-01	2.752779794847951544e-01	1.647026244375587312e-01	7.845678104901789018e-02	3.424582406782750166e-02	8.453530951349984279e-02
1.429561098135136262e+03	2.204844844155892380e-01	1.418702623026410481e-01	2.754562082055831973e-01	1.648078705979324765e-01	7.850142572279507347e-02	3.427751966261734923e-02	8.460222909251075007e-02
1.431979983241963964e+03	2.202292783322878922e-01	1.416999363784149368e-01	2.756339351281396066e-01	1.649128192908188018e-01	7.854594416321705741e-02	3.430912646430030188e-02	8.466896024249052910e-02
1.434398868348791666e+03	2.199747935976913427e-01	1.415300884359217970e-01	2.758111616619330353e-01	1.650174713692716122e-01	7.859033673363381711e-02	3.434064471172530025e-02	8.473550348949217270e-02
1.436817753455619140e+03	2.197210281728342318e-01	1.413607171329315515e-01	2.759878892124732475e-01	1.651218276836962096e-01	7.863460379624279128e-02	3.437207464329702228e-02	8.480185935819405108e-02
1.439236638562446842e+03	2.194679800245336321e-01	1.411918211309834970e-01	2.761641191813218321e-01	1.652258890818609771e-01	7.867874571209441947e-02	3.440341649697264276e-02	8.486802837190210447e-02
1.441655523669274316e+03	2.192156471253723093e-01	1.410233990953756456e-01	2.763398529661036385e-01	1.653296564089092868e-01	7.872276284109759603e-02	3.443467051025865533e-02	8.493401105255196648e-02
1.444074408776102018e+03	2.189640274536820141e-01	1.408554496951542057e-01	2.765150919605177116e-01	1.654331305073711011e-01	7.876665554202515185e-02	3.446583692020781936e-02	8.499980792071111513e-02
1.446493293882929493e+03	2.187131189935268005e-01	1.406879716031030902e-01	2.766898375543482280e-01	1.655363122171745471e-01	7.881042417251925281e-02	3.449691596341619010e-02	8.506541949558096838e-02
1.448912178989757422e+03	2.184629197346864282e-01	1.405209634957333698e-01	2.768640911334757093e-01	1.656392023756574350e-01	7.885406908909671497e-02	3.452790787602023209e-02	8.513084629499913236e-02
1.451331064096585123e+03	2.182134276726399036e-01	1.403544240532728082e-01	2.770378540798878464e-01	1.657418018175784991e-01	7.889759064715431980e-02	3.455881289369408527e-02	8.519608883544158018e-02
1.453749949203412370e+03	2.179646408085488818e-01	1.401883519596553995e-01	2.772111277716904354e-01	1.658441113751287221e-01	7.894098920097399052e-02	3.458963125164682406e-02	8.526114763202480296e-02
1.456168834310240300e+03	2.177165571492413465e-01	1.400227459025110144e-01	2.773839135831182579e-01	1.659461318779424377e-01	7.898426510372805187e-02	3.462036318461991780e-02	8.532602319850803030e-02
1.458587719417068001e+03	2.174691747071950398e-01	1.398576045731550199e-01	2.775562128845461274e-01	1.660478641531083766e-01	7.902741870748433706e-02	3.465100892688467021e-02	8.539071604729543685e-02
1.461006604523895703e+03	2.172224915005214196e-01	1.396929266665779545e-01	2.777280270424994923e-01	1.661493090251806304e-01	7.907045036321126708e-02	3.468156871223981863e-02	8.545522668943840439e-02
1.463425489630723177e+03	2.169765055529491449e-01	1.395287108814350918e-01	2.778993574196653715e-01	1.662504673161895319e-01	7.911336042078287445e-02	3.471204277400919552e-02	8.551955563463774224e-02
1.465844374737550879e+03	2.167312148938079497e-01	1.393649559200361987e-01	2.780702053749032343e-01	1.663513398456523407e-01	7.915614922898384087e-02	3.474243134503945951e-02	8.558370339124590775e-02
1.468263259844378354e+03	2.164866175580124619e-01	1.392016604883353770e-01	2.782405722632556033e-01	1.664519274305838736e-01	7.919881713551438218e-02	3.477273465769788879e-02	8.564767046626935165e-02
1.470682144951206283e+03	2.162427115860461879e-01	1.390388232959206827e-01	2.784104594359587681e-01	1.665522308855070799e-01	7.924136448699520274e-02	3.480295294387030641e-02	8.571145736537072457e-02
1.473101030058033530e+03	2.159994950239451927e-01	1.388764430560039953e-01	2.785798682404536097e-01	1.666522510224636433e-01	7.928379162897228327e-02	3.483308643495904022e-02	8.577506459287118079e-02
1.475519915164861459e+03	2.157569659232823622e-01	1.387145184854108593e-01	2.787488000203962035e-01	1.667519886510241411e-01	7.932609890592175195e-02	3.486313536188095225e-02	8.583849265175273746e-02
1.477938800271689161e+03	2.155151223411513051e-01	1.385530483045702144e-01	2.789172561156683106e-01	1.668514445782984801e-01	7.936828666125456122e-02	3.489309995506557210e-02	8.590174204366055055e-02
1.480357685378516862e+03	2.152739623401504210e-01	1.383920312375044592e-01	2.790852378623882579e-01	1.669506196089460270e-01	7.941035523732128953e-02	3.492298044445326516e-02	8.596481326890521857e-02
1.482776570485344337e+03	2.150334839883671634e-01	1.382314660118192373e-01	2.792527465929213193e-01	1.670495145451857677e-01	7.945230497541677650e-02	3.495277705949349084e-02	8.602770682646521117e-02
