1.001418434226643626e+03	2.791868892107454703e-01	1.810084018609702528e-01	2.346084435142192504e-01	1.406082630823687896e-01	6.823131240349086801e-02	2.707902553782115182e-02	6.927766439005073051e-02
1.002869765290740247e+03	2.789338150411517780e-01	1.808403616528722890e-01	2.347841495127263312e-01	1.407124784960845920e-01	6.827550777224748735e-02	2.710969477046274931e-02	6.934399275412128638e-02
1.004321096354836754e+03	2.786811707361886992e-01	1.806726044055656233e-01	2.349595589920360772e-01	1.408165179189856397e-01	6.831962971509913940e-02	2.714032166960389167e-02	6.941019656218749834e-02
1.005772427418933376e+03	2.784289555686532691e-01	1.805051296423664242e-01	2.351346724518294240e-01	1.409203815435142448e-01	6.836367826555055094e-02	2.717090608723415554e-02	6.947627644051848628e-02
1.007223758483029997e+03	2.781771688124100583e-01	1.803379368873939403e-01	2.353094903909453972e-01	1.410240695660355259e-01	6.840765346037169792e-02	2.720144788146153236e-02	6.954223300104840633e-02
1.008675089547126618e+03	2.779258097423951690e-01	1.801710256655691678e-01	2.354840133073824726e-01	1.411275821866884717e-01	6.845155533948424353e-02	2.723194691633179509e-02	6.960806684181518322e-02
1.010126420611223239e+03	2.776748776346208980e-01	1.800043955026134901e-01	2.356582416982999917e-01	1.412309196092415287e-01	6.849538394585155676e-02	2.726240306165329114e-02	6.967377854738572573e-02
1.011577751675319632e+03	2.774243717661792896e-01	1.798380459250473185e-01	2.358321760600195216e-01	1.413340820409531018e-01	6.853913932537221421e-02	2.729281619282701229e-02	6.973936868926798593e-02
1.013029082739416367e+03	2.771742914152462434e-01	1.796719764601887315e-01	2.360058168880263541e-01	1.414370696924363013e-01	6.858282152677676324e-02	2.732318619068175788e-02	6.980483782631027867e-02
1.014480413803512761e+03	2.769246358610848446e-01	1.795061866361521707e-01	2.361791646769708652e-01	1.415398827775282697e-01	6.862643060152778807e-02	2.735351294131423833e-02	6.987018650508819428e-02
1.015931744867609382e+03	2.766754043840491395e-01	1.793406759818470531e-01	2.363522199206698204e-01	1.416425215131635607e-01	6.866996660372316763e-02	2.738379633593400475e-02	6.993541526027961808e-02
1.017383075931706003e+03	2.764265962655867437e-01	1.791754440269764936e-01	2.365249831121080115e-01	1.417449861192517646e-01	6.871342959000224793e-02	2.741403627071298602e-02	7.000052461502807855e-02
1.018834406995802851e+03	2.761782107882425064e-01	1.790104903020359184e-01	2.366974547434393672e-01	1.418472768185589650e-01	6.875681961945510901e-02	2.744423264663957418e-02	7.006551508129486849e-02
1.020285738059899245e+03	2.759302472356610636e-01	1.788458143383117316e-01	2.368696353059886461e-01	1.419493938365930241e-01	6.880013675353456593e-02	2.747438536937704331e-02	7.013038716020023045e-02
1.021737069123995752e+03	2.756827048925897250e-01	1.786814156678799836e-01	2.370415252902524639e-01	1.420513374014926999e-01	6.884338105597112567e-02	2.750449434912625307e-02	7.019514134235406433e-02
1.023188400188092373e+03	2.754355830448808606e-01	1.785172938236051221e-01	2.372131251859010137e-01	1.421531077439202040e-01	6.888655259269041431e-02	2.753455950049240458e-02	7.025977810817629621e-02
1.024639731252188767e+03	2.751888809794945656e-01	1.783534483391384928e-01	2.373844354817793989e-01	1.422547050969572568e-01	6.892965143173343523e-02	2.756458074235582784e-02	7.032429792820740766e-02
1.026091062316285615e+03	2.749425979845004919e-01	1.781898787489172020e-01	2.375554566659087707e-01	1.423561296960047240e-01	6.897267764317917271e-02	2.759455799774661322e-02	7.038870126340932010e-02
1.027542393380382237e+03	2.746967333490805685e-01	1.780265845881626174e-01	2.377261892254880771e-01	1.424573817786852215e-01	6.901563129906980454e-02	2.762449119372298659e-02	7.045298856545695321e-02
1.028993724444478858e+03	2.744512863635306110e-01	1.778635653928792304e-01	2.378966336468951448e-01	1.425584615847489967e-01	6.905851247333814891e-02	2.765438026125332030e-02	7.051716027702072120e-02
1.030445055508575479e+03	2.742062563192622648e-01	1.777008206998531847e-01	2.380667904156882064e-01	1.426593693559828901e-01	6.910132124173759549e-02	2.768422513510165883e-02	7.058121683204035546e-02
1.031896386572671872e+03	2.739616425088045593e-01	1.775383500466510278e-01	2.382366600166072879e-01	1.427601053361223782e-01	6.914405768177403488e-02	2.771402575371666524e-02	7.064515865599020616e-02
1.033347717636768493e+03	2.737174442258057949e-01	1.773761529716183782e-01	2.384062429335754851e-01	1.428606697707661966e-01	6.918672187264017504e-02	2.774378205912387402e-02	7.070898616613630061e-02
1.034799048700865114e+03	2.734736607650348206e-01	1.772142290138786214e-01	2.385755396497004355e-01	1.429610629072939065e-01	6.922931389515182832e-02	2.777349399682114625e-02	7.077269977178546334e-02
1.036250379764961508e+03	2.732302914223825319e-01	1.770525777133315770e-01	2.387445506472756496e-01	1.430612849947862364e-01	6.927183383168625253e-02	2.780316151567726116e-02	7.083629987452673415e-02
1.037701710829058356e+03	2.729873354948630371e-01	1.768911986106522227e-01	2.389132764077817883e-01	1.431613362839478654e-01	6.931428176612251801e-02	2.783278456783349827e-02	7.089978686846527822e-02
1.039153041893154750e+03	2.727447922806148783e-01	1.767300912472894170e-01	2.390817174118882449e-01	1.432612170270327889e-01	6.935665778378369284e-02	2.786236310860814788e-02	7.096316114044901036e-02
1.040604372957251599e+03	2.725026610789019199e-01	1.765692551654645392e-01	2.392498741394543937e-01	1.433609274777722375e-01	6.939896197138092915e-02	2.789189709640388024e-02	7.102642307028830815e-02
1.042055704021347992e+03	2.722609411901144583e-01	1.764086899081701576e-01	2.394177470695308396e-01	1.434604678913047604e-01	6.944119441695939532e-02	2.792138649261784525e-02	7.108957303096881397e-02
1.043507035085444613e+03	2.720196319157698883e-01	1.762483950191687521e-01	2.395853366803609164e-01	1.435598385241088071e-01	6.948335520984580405e-02	2.795083126155443673e-02	7.115261138885764503e-02
1.044958366149541234e+03	2.717787325585135916e-01	1.760883700429915488e-01	2.397526434493820469e-01	1.436590396339372799e-01	6.952544444059778617e-02	2.798023137034066563e-02	7.121553850390324736e-02
1.046409697213637855e+03	2.715382424221196023e-01	1.759286145249370492e-01	2.399196678532271032e-01	1.437580714797545844e-01	6.956746220095476330e-02	2.800958678884401740e-02	7.127835472982907428e-02
1.047861028277734476e+03	2.712981608114909959e-01	1.757691280110697807e-01	2.400864103677256278e-01	1.438569343216754282e-01	6.960940858379047191e-02	2.803889748959276229e-02	7.134106041432117240e-02
1.049312359341831097e+03	2.710584870326603890e-01	1.756099100482190756e-01	2.402528714679052768e-01	1.439556284209058401e-01	6.965128368306695850e-02	2.806816344769860749e-02	7.140365589921002232e-02
1.050763690405927491e+03	2.708192203927905495e-01	1.754509601839776833e-01	2.404190516279932632e-01	1.440541540396860776e-01	6.969308759379018448e-02	2.809738464078162523e-02	7.146614152064673098e-02
1.052215021470024112e+03	2.705803602001745078e-01	1.752922779667006326e-01	2.405849513214176061e-01	1.441525114412353092e-01	6.973482041196692183e-02	2.812656104889744296e-02	7.152851760927371461e-02
1.053666352534120733e+03	2.703419057642357792e-01	1.751338629455037599e-01	2.407505710208083793e-01	1.442507008896983800e-01	6.977648223456307808e-02	2.815569265446654645e-02	7.159078449039016356e-02
1.055117683598217127e+03	2.701038563955286409e-01	1.749757146702625721e-01	2.409159111979992107e-01	1.443487226500942411e-01	6.981807315946345072e-02	2.818477944220566800e-02	7.165294248411226141e-02
1.056569014662313975e+03	2.698662114057382433e-01	1.748178326916108860e-01	2.410809723240285585e-01	1.444465769882659067e-01	6.985959328543267510e-02	2.821382139906121467e-02	7.171499190552856062e-02
1.058020345726410369e+03	2.696289701076802769e-01	1.746602165609395796e-01	2.412457548691411546e-01	1.445442641708324094e-01	6.990104271207754627e-02	2.824281851414465333e-02	7.177693306485040392e-02
1.059471676790506763e+03	2.693921318153014721e-01	1.745028658303953428e-01	2.414102593027891153e-01	1.446417844651421147e-01	6.994242153981043708e-02	2.827177077866978305e-02	7.183876626755777983e-02
1.060923007854603611e+03	2.691556958436789326e-01	1.743457800528793455e-01	2.415744860936334393e-01	1.447391381392277299e-01	6.998372986981407640e-02	2.830067818589187406e-02	7.190049181454064020e-02
1.062374338918700232e+03	2.689196615090203579e-01	1.741889587820459884e-01	2.417384357095453407e-01	1.448363254617627272e-01	7.002496780400728482e-02	2.832954073104858306e-02	7.196211000223573517e-02
1.063825669982796853e+03	2.686840281286635990e-01	1.740324015723016815e-01	2.419021086176075253e-01	1.449333467020192945e-01	7.006613544501198720e-02	2.835835841130259979e-02	7.202362112275932648e-02
1.065277001046893474e+03	2.684487950210764917e-01	1.738761079788035124e-01	2.420655052841155508e-01	1.450302021298276733e-01	7.010723289612119657e-02	2.838713122568597633e-02	7.208502546403566802e-02
1.066728332110990095e+03	2.682139615058561910e-01	1.737200775574580525e-01	2.422286261745791314e-01	1.451268920155369124e-01	7.014826026126812220e-02	2.841585917504610079e-02	7.214632330992160059e-02
1.068179663175086489e+03	2.679795269037291150e-01	1.735643098649199689e-01	2.423914717537234975e-01	1.452234166299769536e-01	7.018921764499619353e-02	2.844454226199324282e-02	7.220751494032717765e-02
1.069630994239183110e+03	2.677454905365502791e-01	1.734088044585909427e-01	2.425540424854905897e-01	1.453197762444218555e-01	7.023010515243022223e-02	2.847318049084963248e-02	7.226860063133259959e-02
1.071082325303279504e+03	2.675118517273029073e-01	1.732535608966182250e-01	2.427163388330405847e-01	1.454159711305545444e-01	7.027092288924831343e-02	2.850177386760003109e-02	7.232958065530152580e-02
1.072533656367376352e+03	2.672786098000977106e-01	1.730985787378934992e-01	2.428783612587530616e-01	1.455120015604323969e-01	7.031167096165487351e-02	2.853032239984374524e-02	7.239045528099080640e-02
1.073984987431472746e+03	2.670457640801724986e-01	1.729438575420516044e-01	2.430401102242283340e-01	1.456078678064544052e-01	7.035234947635440883e-02	2.855882609674803910e-02	7.245122477365684155e-02
1.075436318495569594e+03	2.668133138938910132e-01	1.727893968694692861e-01	2.432015861902888099e-01	1.457035701413291751e-01	7.039295854052619872e-02	2.858728496900290669e-02	7.251188939515865184e-02
1.076887649559666215e+03	2.665812585687428737e-01	1.726351962812639196e-01	2.433627896169803517e-01	1.457991088380440892e-01	7.043349826179987061e-02	2.861569902877716259e-02	7.257244940405771505e-02
1.078338980623762609e+03	2.663495974333425220e-01	1.724812553392922887e-01	2.435237209635733868e-01	1.458944841698355810e-01	7.047396874823171065e-02	2.864406828967580240e-02	7.263290505571469435e-02
1.079790311687859230e+03	2.661183298174283340e-01	1.723275736061492813e-01	2.436843806885643782e-01	1.459896964101604078e-01	7.051437010828177920e-02	2.867239276669861225e-02	7.269325660238318276e-02
1.081241642751955851e+03	2.658874550518617874e-01	1.721741506451667514e-01	2.438447692496771291e-01	1.460847458326679782e-01	7.055470245079181746e-02	2.870067247619996834e-02	7.275350429330051938e-02
1.082692973816052472e+03	2.656569724686267397e-01	1.720209860204122421e-01	2.440048871038640044e-01	1.461796327111734850e-01	7.059496588496386171e-02	2.872890743584981602e-02	7.281364837477574681e-02
1.084144304880149093e+03	2.654268814008287070e-01	1.718680792966876536e-01	2.441647347073072627e-01	1.462743573196320646e-01	7.063516052033955162e-02	2.875709766459577654e-02	7.287368909027491792e-02
1.085595635944245487e+03	2.651971811826933090e-01	1.717154300395280497e-01	2.443243125154203887e-01	1.463689199321139556e-01	7.067528646678017390e-02	2.878524318262633622e-02	7.293362668050366870e-02
1.087046967008342108e+03	2.649678711495658257e-01	1.715630378152005475e-01	2.444836209828494256e-01	1.464633208227803796e-01	7.071534383444734451e-02	2.881334401133511108e-02	7.299346138348722368e-02
1.088498298072438729e+03	2.647389506379100865e-01	1.714109021907029295e-01	2.446426605634740015e-01	1.465575602658603094e-01	7.075533273378435684e-02	2.884140017328614553e-02	7.305319343464798665e-02
1.089949629136535123e+03	2.645104189853073051e-01	1.712590227337624504e-01	2.448014317104090232e-01	1.466516385356280983e-01	7.079525327549815450e-02	2.886941169218021006e-02	7.311282306688056398e-02
1.091400960200631971e+03	2.642822755304549687e-01	1.711073990128346989e-01	2.449599348760056750e-01	1.467455559063818304e-01	7.083510557054184531e-02	2.889737859282206361e-02	7.317235051062470630e-02
1.092852291264728365e+03	2.640545196131658945e-01	1.709560305971022098e-01	2.451181705118528342e-01	1.468393126524225045e-01	7.087488973009797855e-02	2.892530090108867344e-02	7.323177599393565496e-02
1.094303622328825213e+03	2.638271505743670087e-01	1.708049170564733821e-01	2.452761390687782650e-01	1.469329090480339661e-01	7.091460586556214141e-02	2.895317864389831963e-02	7.329109974255258730e-02
1.095754953392921607e+03	2.636001677560982359e-01	1.706540579615811737e-01	2.454338409968499779e-01	1.470263453674635623e-01	7.095425408852736038e-02	2.898101184918062609e-02	7.335032197996474435e-02
1.097206284457018228e+03	2.633735705015112227e-01	1.705034528837819086e-01	2.455912767453774792e-01	1.471196218849032400e-01	7.099383451076882179e-02	2.900880054584741019e-02	7.340944292747558775e-02
1.098657615521114849e+03	2.631473581548681162e-01	1.703531013951540829e-01	2.457484467629130476e-01	1.472127388744718102e-01	7.103334724422924462e-02	2.903654476376439988e-02	7.346846280426490294e-02
1.100108946585211470e+03	2.629215300615406203e-01	1.702030030684971440e-01	2.459053514972530108e-01	1.473056966101973786e-01	7.107279240100475293e-02	2.906424453372374525e-02	7.352738182744901485e-02
1.101560277649308091e+03	2.626960855680081086e-01	1.700531574773301580e-01	2.460619913954390503e-01	1.473984953660007757e-01	7.111217009333110906e-02	2.909189988741732111e-02	7.358620021213910234e-02
1.103011608713404712e+03	2.624710240218570689e-01	1.699035641958907550e-01	2.462183669037594502e-01	1.474911354156792642e-01	7.115148043357058527e-02	2.911951085741076861e-02	7.364491817149769470e-02
1.104462939777501106e+03	2.622463447717793272e-01	1.697542227991338804e-01	2.463744784677502908e-01	1.475836170328912456e-01	7.119072353419915455e-02	2.914707747711831401e-02	7.370353591679337790e-02
1.105914270841597499e+03	2.620220471675707707e-01	1.696051328627305455e-01	2.465303265321968640e-01	1.476759404911410223e-01	7.122989950779418100e-02	2.917459978077828475e-02	7.376205365745390485e-02
1.107365601905694348e+03	2.617981305601301822e-01	1.694562939630666065e-01	2.466859115411348391e-01	1.477681060637645594e-01	7.126900846702254044e-02	2.920207780342930909e-02	7.382047160111747386e-02
1.108816932969790741e+03	2.615745943014577413e-01	1.693077056772415989e-01	2.468412339378515397e-01	1.478601140239156619e-01	7.130805052462912963e-02	2.922951158088721649e-02	7.387878995368254986e-02
1.110268264033887590e+03	2.613514377446536363e-01	1.691593675830675714e-01	2.469962941648872479e-01	1.479519646445524306e-01	7.134702579342580564e-02	2.925690114972257297e-02	7.393700891935610364e-02
1.111719595097984211e+03	2.611286602439167326e-01	1.690112792590678370e-01	2.471510926640364258e-01	1.480436581984246047e-01	7.138593438628067223e-02	2.928424654723885828e-02	7.399512870070025505e-02
1.113170926162080832e+03	2.609062611545430732e-01	1.688634402844756688e-01	2.473056298763489647e-01	1.481351949580610727e-01	7.142477641610775474e-02	2.931154781145127800e-02	7.405314949867759788e-02
1.114622257226177226e+03	2.606842398329243804e-01	1.687158502392333836e-01	2.474599062421314055e-01	1.482265751957579925e-01	7.146355199585707751e-02	2.933880498106613763e-02	7.411107151269501203e-02
1.116073588290273847e+03	2.604625956365468342e-01	1.685685087039908714e-01	2.476139222009483554e-01	1.483177991835674114e-01	7.150226123850500493e-02	2.936601809546081354e-02	7.416889494064614341e-02
1.117524919354370468e+03	2.602413279239892963e-01	1.684214152601045400e-01	2.477676781916234861e-01	1.484088671932862202e-01	7.154090425704504042e-02	2.939318719466432056e-02	7.422661997895252384e-02
1.118976250418467089e+03	2.600204360549221994e-01	1.682745694896360666e-01	2.479211746522410331e-01	1.484997794964455220e-01	7.157948116447883369e-02	2.942031231933836533e-02	7.428424682260345580e-02
1.120427581482563710e+03	2.597999193901056048e-01	1.681279709753512874e-01	2.480744120201467950e-01	1.485905363643005017e-01	7.161799207380757648e-02	2.944739351075897557e-02	7.434177566519464819e-02
1.121878912546660331e+03	2.595797772913881474e-01	1.679816193007189207e-01	2.482273907319496598e-01	1.486811380678207395e-01	7.165643709802371752e-02	2.947443081079862900e-02	7.439920669896556149e-02
1.123330243610756725e+03	2.593600091217050929e-01	1.678355140499094844e-01	2.483801112235226316e-01	1.487715848776806626e-01	7.169481635010288567e-02	2.950142426190888872e-02	7.445654011483571200e-02
1.124781574674853118e+03	2.591406142450771721e-01	1.676896548077939364e-01	2.485325739300041081e-01	1.488618770642506639e-01	7.173312994299625711e-02	2.952837390710350701e-02	7.451377610243972716e-02
1.126232905738949967e+03	2.589215920266085824e-01	1.675440411599427581e-01	2.486847792857991846e-01	1.489520148975883584e-01	7.177137798962300586e-02	2.955527978994202526e-02	7.457091485016138777e-02
1.127684236803046360e+03	2.587029418324860441e-01	1.673986726926245117e-01	2.488367277245808473e-01	1.490419986474303404e-01	7.180956060286321219e-02	2.958214195451380063e-02	7.462795654516654609e-02
1.129135567867143209e+03	2.584846630299766357e-01	1.672535489928048125e-01	2.489884196792911952e-01	1.491318285831840784e-01	7.184767789555089601e-02	2.960896044542251498e-02	7.468490137343507251e-02
1.130586898931239830e+03	2.582667549874266277e-01	1.671086696481451361e-01	2.491398555821427441e-01	1.492215049739204769e-01	7.188572998046739715e-02	2.963573530777107237e-02	7.474174951979174752e-02
1.132038229995336451e+03	2.580492170742595959e-01	1.669640342470016248e-01	2.492910358646195368e-01	1.493110280883663821e-01	7.192371697033490829e-02	2.966246658714694062e-02	7.479850116793618220e-02
1.133489561059432845e+03	2.578320486609750328e-01	1.668196423784239768e-01	2.494419609574784757e-01	1.494003981948975879e-01	7.196163897781031327e-02	2.968915432960789191e-02	7.485515650047190606e-02
1.134940892123529466e+03	2.576152491191466276e-01	1.666754936321541425e-01	2.495926312907504607e-01	1.494896155615321465e-01	7.199949611547928896e-02	2.971579858166813540e-02	7.491171569893435855e-02
1.136392223187626087e+03	2.573988178214206557e-01	1.665315875986252692e-01	2.497430472937417212e-01	1.495786804559239291e-01	7.203728849585049054e-02	2.974239939028483493e-02	7.496817894381822833e-02
1.137843554251722708e+03	2.571827541415144247e-01	1.663879238689605355e-01	2.498932093950349542e-01	1.496675931453563257e-01	7.207501623135011137e-02	2.976895680284500495e-02	7.502454641460375162e-02
1.139294885315819101e+03	2.569670574542146091e-01	1.662445020349719582e-01	2.500431180224905181e-01	1.497563538967364716e-01	7.211267943431652616e-02	2.979547086715273255e-02	7.508081828978226124e-02
1.140746216379915950e+03	2.567517271353755848e-01	1.661013216891591981e-01	2.501927736032478200e-01	1.498449629765895297e-01	7.215027821699522559e-02	2.982194163141680190e-02	7.513699474688093072e-02
1.142197547444012343e+03	2.565367625619177083e-01	1.659583824247084505e-01	2.503421765637263152e-01	1.499334206510533340e-01	7.218781269153386193e-02	2.984836914423861023e-02	7.519307596248678283e-02
1.143648878508108737e+03	2.563221631118258736e-01	1.658156838354913620e-01	2.504913273296268117e-01	1.500217271858731438e-01	7.222528296997755837e-02	2.987475345460044451e-02	7.524906211226986552e-02
1.145100209572205586e+03	2.561079281641476246e-01	1.656732255160636713e-01	2.506402263259326912e-01	1.501098828463968138e-01	7.226268916426438482e-02	2.990109461185406353e-02	7.530495337100574782e-02
1.146551540636302207e+03	2.558940570989917673e-01	1.655310070616642093e-01	2.507888739769112418e-01	1.501978878975699927e-01	7.230003138622095871e-02	2.992739266570959220e-02	7.536074991259728018e-02
1.148002871700398828e+03	2.556805492975263161e-01	1.653890280682137615e-01	2.509372707061145458e-01	1.502857426039317101e-01	7.233730974755823995e-02	2.995364766622471767e-02	7.541645191009577198e-02
1.149454202764495449e+03	2.554674041419770503e-01	1.652472881323138187e-01	2.510854169363809785e-01	1.503734472296100744e-01	7.237452435986756194e-02	2.997985966379419082e-02	7.547205953572137804e-02
1.150905533828591842e+03	2.552546210156259598e-01	1.651057868512455229e-01	2.512333130898363187e-01	1.504610020383181368e-01	7.241167533461669026e-02	3.000602870913958442e-02	7.552757296088287442e-02
1.152356864892688463e+03	2.550421993028093026e-01	1.649645238229684452e-01	2.513809595878949144e-01	1.505484072933500617e-01	7.244876278314617279e-02	3.003215485329934625e-02	7.558299235619687917e-02
1.153808195956785084e+03	2.548301383889159943e-01	1.648234986461194762e-01	2.515283568512608481e-01	1.506356632575774901e-01	7.248578681666574541e-02	3.005823814761912974e-02	7.563831789150640694e-02
1.155259527020881706e+03	2.546184376603859989e-01	1.646827109200117711e-01	2.516755052999293252e-01	1.507227701934458763e-01	7.252274754625086250e-02	3.008427864374236052e-02	7.569354973589888236e-02
1.156710858084978327e+03	2.544070965047085520e-01	1.645421602446334730e-01	2.518224053531876727e-01	1.508097283629712959e-01	7.255964508283950509e-02	3.011027639360107366e-02	7.574868805772352887e-02
1.158162189149074720e+03	2.541961143104205512e-01	1.644018462206466025e-01	2.519690574296165608e-01	1.508965380277371982e-01	7.259647953722896119e-02	3.013623144940699369e-02	7.580373302460829965e-02
1.159613520213171569e+03	2.539854904671046132e-01	1.642617684493859753e-01	2.521154619470912794e-01	1.509831994488914642e-01	7.263325102007285594e-02	3.016214386364284017e-02	7.585868480347618403e-02
1.161064851277267962e+03	2.537752243653875750e-01	1.641219265328580645e-01	2.522616193227827930e-01	1.510697128871435202e-01	7.266995964187820956e-02	3.018801368905387611e-02	7.591354356056105590e-02
1.162516182341364356e+03	2.535653153969389395e-01	1.639823200737398623e-01	2.524075299731591837e-01	1.511560786027616454e-01	7.270660551300270336e-02	3.021384097863969581e-02	7.596830946142307806e-02
1.163967513405461204e+03	2.533557629544687106e-01	1.638429486753776865e-01	2.525531943139865398e-01	1.512422968555705016e-01	7.274318874365202914e-02	3.023962578564619308e-02	7.602298267096345430e-02
1.165418844469557826e+03	2.531465664317261166e-01	1.637038119417861259e-01	2.526986127603302323e-01	1.513283679049486075e-01	7.277970944387733565e-02	3.026536816355778273e-02	7.607756335343890397e-02
1.166870175533654447e+03	2.529377252234976114e-01	1.635649094776468748e-01	2.528437857265561917e-01	1.514142920098262846e-01	7.281616772357279999e-02	3.029106816608979208e-02	7.613205167247552585e-02
1.168321506597751068e+03	2.527292387256052097e-01	1.634262408883076501e-01	2.529887136263321290e-01	1.515000694286832983e-01	7.285256369247332386e-02	3.031672584718108840e-02	7.618644779108239840e-02
1.169772837661847461e+03	2.525211063349048213e-01	1.632878057797810534e-01	2.531333968726284245e-01	1.515857004195470259e-01	7.288889746015231319e-02	3.034234126098686243e-02	7.624075187166458323e-02
1.171224168725944082e+03	2.523133274492845857e-01	1.631496037587434056e-01	2.532778358777196259e-01	1.516711852399904858e-01	7.292516913601952699e-02	3.036791446187163748e-02	7.629496407603582331e-02
1.172675499790040703e+03	2.521059014676630960e-01	1.630116344325336919e-01	2.534220310531853926e-01	1.517565241471306725e-01	7.296137882931909291e-02	3.039344550440243806e-02	7.634908456543079702e-02
1.174126830854137097e+03	2.518988277899875117e-01	1.628738974091524239e-01	2.535659828099117163e-01	1.518417173976268353e-01	7.299752664912756428e-02	3.041893444334213895e-02	7.640311350051701145e-02
1.175578161918233945e+03	2.516921058172320036e-01	1.627363922972605015e-01	2.537096915580922540e-01	1.519267652476790076e-01	7.303361270435207442e-02	3.044438133364300511e-02	7.645705104140629316e-02
1.177029492982330339e+03	2.514857349513960338e-01	1.625991187061781584e-01	2.538531577072293821e-01	1.520116679530266468e-01	7.306963710372857412e-02	3.046978623044038423e-02	7.651089734766594597e-02
1.178480824046426733e+03	2.512797145955026901e-01	1.624620762458837409e-01	2.539963816661351959e-01	1.520964257689471355e-01	7.310559995582018022e-02	3.049514918904655536e-02	7.656465257832960336e-02
1.179932155110523581e+03	2.510740441535966316e-01	1.623252645270127081e-01	2.541393638429330082e-01	1.521810389502547545e-01	7.314150136901559351e-02	3.052047026494475804e-02	7.661831689190760908e-02
1.181383486174620202e+03	2.508687230307428129e-01	1.621886831608564949e-01	2.542821046450582934e-01	1.522655077512994060e-01	7.317734145152757219e-02	3.054574951378336359e-02	7.667189044639716178e-02
1.182834817238716823e+03	2.506637506330243181e-01	1.620523317593614288e-01	2.544246044792596861e-01	1.523498324259658088e-01	7.321312031139148857e-02	3.057098699137019912e-02	7.672537339929214051e-02
1.184286148302813444e+03	2.504591263675409740e-01	1.619162099351274808e-01	2.545668637516005361e-01	1.524340132276723880e-01	7.324883805646398294e-02	3.059618275366701723e-02	7.677876590759265263e-02
1.185737479366910065e+03	2.502548496424073510e-01	1.617803173014074336e-01	2.547088828674599070e-01	1.525180504093704148e-01	7.328449479442167291e-02	3.062133685678409753e-02	7.683206812781415151e-02
1.187188810431006686e+03	2.500509198667512645e-01	1.616446534721055206e-01	2.548506622315336312e-01	1.526019442235432844e-01	7.332009063275993221e-02	3.064644935697501127e-02	7.688528021599640161e-02
1.188640141495103080e+03	2.498473364507119154e-01	1.615092180617764550e-01	2.549922022478354200e-01	1.526856949222059889e-01	7.335562567879169715e-02	3.067152031063149348e-02	7.693840232771209653e-02
1.190091472559199701e+03	2.496440988054381971e-01	1.613740106856243750e-01	2.551335033196981961e-01	1.527693027569041739e-01	7.339110003964643969e-02	3.069654977427845391e-02	7.699143461807524125e-02
1.191542803623296322e+03	2.494412063430869186e-01	1.612390309595015947e-01	2.552745658497751480e-01	1.528527679787139437e-01	7.342651382226905721e-02	3.072153780456913022e-02	7.704437724174925672e-02
1.192994134687392716e+03	2.492386584768211677e-01	1.611042784999076605e-01	2.554153902400409515e-01	1.529360908382412232e-01	7.346186713341897045e-02	3.074648445828033136e-02	7.709723035295475146e-02
1.194445465751489564e+03	2.490364546208084784e-01	1.609697529239881575e-01	2.555559768917927688e-01	1.530192715856213692e-01	7.349716007966912434e-02	3.077138979230784402e-02	7.714999410547726533e-02
1.195896796815585958e+03	2.488345941902191938e-01	1.608354538495337382e-01	2.556963262056514696e-01	1.531023104705189208e-01	7.353239276740523855e-02	3.079625386366191195e-02	7.720266865267449985e-02
1.197348127879682352e+03	2.486330766012247173e-01	1.607013808949789568e-01	2.558364385815627418e-01	1.531852077421272662e-01	7.356756530282490547e-02	3.082107672946285057e-02	7.725525414748346531e-02
1.198799458943779200e+03	2.484319012709957364e-01	1.605675336794011587e-01	2.559763144187983674e-01	1.532679636491685038e-01	7.360267779193686855e-02	3.084585844693677262e-02	7.730775074242746125e-02
1.200250790007875821e+03	2.482310676177005293e-01	1.604339118225194261e-01	2.561159541159572228e-01	1.533505784398932481e-01	7.363773034056030065e-02	3.087059907341142134e-02	7.736015858962271008e-02
1.201702121071972442e+03	2.480305750605032722e-01	1.603005149446935784e-01	2.562553580709663881e-01	1.534330523620805464e-01	7.367272305432416568e-02	3.089529866631210084e-02	7.741247784078482408e-02
1.203153452136069063e+03	2.478304230195622904e-01	1.601673426669229794e-01	2.563945266810823131e-01	1.535153856630379343e-01	7.370765603866658022e-02	3.091995728315769659e-02	7.746470864723510596e-02
1.204604783200165684e+03	2.476306109160282820e-01	1.600343946108454540e-01	2.565334603428919835e-01	1.535975785896014079e-01	7.374252939883427227e-02	3.094457498155682787e-02	7.751685115990661346e-02
1.206056114264262078e+03	2.474311381720427361e-01	1.599016703987362897e-01	2.566721594523141414e-01	1.536796313881355069e-01	7.377734323988202614e-02	3.096915181920406254e-02	7.756890552935008509e-02
1.207507445328358699e+03	2.472320042107360727e-01	1.597691696535071537e-01	2.568106244046001740e-01	1.537615443045333707e-01	7.381209766667219674e-02	3.099368785387624989e-02	7.762087190573957463e-02
1.208958776392455093e+03	2.470332084562260611e-01	1.596368919987049551e-01	2.569488555943355013e-01	1.538433175842170708e-01	7.384679278387432100e-02	3.101818314342892277e-02	7.767275043887802988e-02
1.210410107456551941e+03	2.468347503336159598e-01	1.595048370585108177e-01	2.570868534154402973e-01	1.539249514721376666e-01	7.388142869596463214e-02	3.104263774579278656e-02	7.772454127820264957e-02
1.211861438520648335e+03	2.466366292689929351e-01	1.593730044577390814e-01	2.572246182611711562e-01	1.540064462127755107e-01	7.391600550722576823e-02	3.106705171897033296e-02	7.777624457279000425e-02
1.213312769584745183e+03	2.464388446894262286e-01	1.592413938218361080e-01	2.573621505241219243e-01	1.540878020501406376e-01	7.395052332174635590e-02	3.109142512103248504e-02	7.782786047136110164e-02
1.214764100648841804e+03	2.462413960229655197e-01	1.591100047768792547e-01	2.574994505962246438e-01	1.541690192277730409e-01	7.398498224342076046e-02	3.111575801011535677e-02	7.787938912228628552e-02
1.216215431712937971e+03	2.460442826986392606e-01	1.589788369495758746e-01	2.576365188687509411e-01	1.542500979887430068e-01	7.401938237594882231e-02	3.114005044441707504e-02	7.793083067358987093e-02
1.217666762777034819e+03	2.458475041464528721e-01	1.588478899672621791e-01	2.577733557323130809e-01	1.543310385756516134e-01	7.405372382283559318e-02	3.116430248219469526e-02	7.798218527295473768e-02
1.219118093841131440e+03	2.456510597973871057e-01	1.587171634579022106e-01	2.579099615768651321e-01	1.544118412306311749e-01	7.408800668739118356e-02	3.118851418176116913e-02	7.803345306772679901e-02
1.220569424905228061e+03	2.454549490833962955e-01	1.585866570500868156e-01	2.580463367917038009e-01	1.544925061953456580e-01	7.412223107273052669e-02	3.121268560148240598e-02	7.808463420491923435e-02
1.222020755969324682e+03	2.452591714374068033e-01	1.584563703730325623e-01	2.581824817654697624e-01	1.545730337109913199e-01	7.415639708177328149e-02	3.123681679977439660e-02	7.813572883121661095e-02
1.223472087033421303e+03	2.450637262933150207e-01	1.583263030565805751e-01	2.583183968861488822e-01	1.546534240182971531e-01	7.419050481724366597e-02	3.126090783510039606e-02	7.818673709297901953e-02
1.224923418097517697e+03	2.448686130859859533e-01	1.581964547311957292e-01	2.584540825410731046e-01	1.547336773575255231e-01	7.422455438167044339e-02	3.128495876596819325e-02	7.823765913624582125e-02
1.226374749161614318e+03	2.446738312512514169e-01	1.580668250279653464e-01	2.585895391169215074e-01	1.548137939684726960e-01	7.425854587738676960e-02	3.130896965092742901e-02	7.828849510673953349e-02
1.227826080225710712e+03	2.444793802259083715e-01	1.579374135785983069e-01	2.587247669997217447e-01	1.548937740904696714e-01	7.429247940653019300e-02	3.133294054856698707e-02	7.833924514986942422e-02
1.229277411289807560e+03	2.442852594477172012e-01	1.578082200154239945e-01	2.588597665748507692e-01	1.549736179623825705e-01	7.432635507104266848e-02	3.135687151751244406e-02	7.838990941073510632e-02
1.230728742353903954e+03	2.440914683554000764e-01	1.576792439713911309e-01	2.589945382270359975e-01	1.550533258226135525e-01	7.436017297267047410e-02	3.138076261642357839e-02	7.844048803412990989e-02
1.232180073418000802e+03	2.438980063886391492e-01	1.575504850800668599e-01	2.591290823403566423e-01	1.551328979091014248e-01	7.439393321296432215e-02	3.140461390399194863e-02	7.849098116454426843e-02
1.233631404482097196e+03	2.437048729880750830e-01	1.574219429756356647e-01	2.592633992982446567e-01	1.552123344593224208e-01	7.442763589327937301e-02	3.142842543893849261e-02	7.854138894616889688e-02
1.235082735546193817e+03	2.435120675953051927e-01	1.572936172928982579e-01	2.593974894834857325e-01	1.552916357102908651e-01	7.446128111477530453e-02	3.145219728001123760e-02	7.859171152289795570e-02
1.236534066610290438e+03	2.433195896528818625e-01	1.571655076672706930e-01	2.595313532782205224e-01	1.553708018985600903e-01	7.449486897841638144e-02	3.147592948598302437e-02	7.864194903833199302e-02
1.237985397674387059e+03	2.431274386043107694e-01	1.570376137347831713e-01	2.596649910639456382e-01	1.554498332602230748e-01	7.452839958497160799e-02	3.149962211564928671e-02	7.869210163578099770e-02
1.239436728738483680e+03	2.429356138940493293e-01	1.569099351320790703e-01	2.597984032215148176e-01	1.555287300309134702e-01	7.456187303501478347e-02	3.152327522782590735e-02	7.874216945826714720e-02
1.240888059802580301e+03	2.427441149675050036e-01	1.567824714964140276e-01	2.599315901311399779e-01	1.556074924458061837e-01	7.459528942892471037e-02	3.154688888134710156e-02	7.879215264852759693e-02
1.242339390866676695e+03	2.425529412710335508e-01	1.566552224656546644e-01	2.600645521723921050e-01	1.556861207396184055e-01	7.462864886688530541e-02	3.157046313506334939e-02	7.884205134901717260e-02
1.243790721930773088e+03	2.423620922519373888e-01	1.565281876782777526e-01	2.601972897242028626e-01	1.557646151466104689e-01	7.466195144888579383e-02	3.159399804783937643e-02	7.889186570191089598e-02
1.245242052994869937e+03	2.421715673584640682e-01	1.564013667733690771e-01	2.603298031648650923e-01	1.558429759005866000e-01	7.469519727472088977e-02	3.161749367855221093e-02	7.894159584910656613e-02
1.246693384058966330e+03	2.419813660398043853e-01	1.562747593906225474e-01	2.604620928720341455e-01	1.559212032348959998e-01	7.472838644399099062e-02	3.164095008608924092e-02	7.899124193222714641e-02
1.248144715123063179e+03	2.417914877460909662e-01	1.561483651703390041e-01	2.605941592227289938e-01	1.559992973824336215e-01	7.476151905610239901e-02	3.166436732934631987e-02	7.904080409262310980e-02
1.249596046187159800e+03	2.416019319283964351e-01	1.560221837534252753e-01	2.607260025933332837e-01	1.560772585756411424e-01	7.479459521026755875e-02	3.168774546722596952e-02	7.909028247137479817e-02
1.251047377251256421e+03	2.414126980387318044e-01	1.558962147813932053e-01	2.608576233595961136e-01	1.561550870465078789e-01	7.482761500550530465e-02	3.171108455863556191e-02	7.913967720929453165e-02
1.252498708315352815e+03	2.412237855300448652e-01	1.557704578963585440e-01	2.609890218966336994e-01	1.562327830265717310e-01	7.486057854064108452e-02	3.173438466248557077e-02	7.918898844692882910e-02
1.253950039379449436e+03	2.410351938562185770e-01	1.556449127410400035e-01	2.611201985789299296e-01	1.563103467469202368e-01	7.489348591430725066e-02	3.175764583768784372e-02	7.923821632456046204e-02
1.255401370443546057e+03	2.408469224720692914e-01	1.555195789587581756e-01	2.612511537803375306e-01	1.563877784381914327e-01	7.492633722494335125e-02	3.178086814315394387e-02	7.928736098221052242e-02
1.256852701507642678e+03	2.406589708333452260e-01	1.553944561934345880e-01	2.613818878740793994e-01	1.564650783305749082e-01	7.495913257079636627e-02	3.180405163779349842e-02	7.933642255964030998e-02
1.258304032571739299e+03	2.404713383967247708e-01	1.552695440895905665e-01	2.615124012327492697e-01	1.565422466538127222e-01	7.499187204992104061e-02	3.182719638051262345e-02	7.938540119635328907e-02
1.259755363635835920e+03	2.402840246198148788e-01	1.551448422923464299e-01	2.616426942283130441e-01	1.566192836372004571e-01	7.502455576018020322e-02	3.185030243021232110e-02	7.943429703159687882e-02
1.261206694699932314e+03	2.400970289611494835e-01	1.550203504474202965e-01	2.617727672321098487e-01	1.566961895095882185e-01	7.505718379924508632e-02	3.187336984578697380e-02	7.948311020436428509e-02
1.262658025764028707e+03	2.399103508801877782e-01	1.548960682011271683e-01	2.619026206148529767e-01	1.567729644993816618e-01	7.508975626459557517e-02	3.189639868612283852e-02	7.953184085339623510e-02
1.264109356828125556e+03	2.397239898373126343e-01	1.547719952003778765e-01	2.620322547466308882e-01	1.568496088345429917e-01	7.512227325352066609e-02	3.191938901009658963e-02	7.958048911718262897e-02
1.265560687892221949e+03	2.395379452938289633e-01	1.546481310926781094e-01	2.621616699969084863e-01	1.569261227425919614e-01	7.515473486311870233e-02	3.194234087657388949e-02	7.962905513396416335e-02
1.267012018956318798e+03	2.393522167119621624e-01	1.545244755261274416e-01	2.622908667345280054e-01	1.570025064506069545e-01	7.518714119029779042e-02	3.196525434440796593e-02	7.967753904173399682e-02
1.268463350020415419e+03	2.391668035548563942e-01	1.544010281494182513e-01	2.624198453277099552e-01	1.570787601852260962e-01	7.521949233177611938e-02	3.198812947243828697e-02	7.972594097823917925e-02
1.269914681084511813e+03	2.389817052865729763e-01	1.542777886118347763e-01	2.625486061440546193e-01	1.571548841726481682e-01	7.525178838408234927e-02	3.201096631948915916e-02	7.977426108098222002e-02
1.271366012148608434e+03	2.387969213720889383e-01	1.541547565632521155e-01	2.626771495505426102e-01	1.572308786386337476e-01	7.528402944355594428e-02	3.203376494436849936e-02	7.982249948722247579e-02
1.272817343212705055e+03	2.386124512772951900e-01	1.540319316541352013e-01	2.628054759135359797e-01	1.573067438085062053e-01	7.531621560634763068e-02	3.205652540586647475e-02	7.987065633397763542e-02
1.274268674276801676e+03	2.384282944689950778e-01	1.539093135355378561e-01	2.629335855987795512e-01	1.573824799071528169e-01	7.534834696841968826e-02	3.207924776275430240e-02	7.991873175802501061e-02
1.275720005340898297e+03	2.382444504149026920e-01	1.537869018591017656e-01	2.630614789714018631e-01	1.574580871590257614e-01	7.538042362554638054e-02	3.210193207378300717e-02	7.996672589590286817e-02
1.277171336404994690e+03	2.380609185836412567e-01	1.536646962770554792e-01	2.631891563959158353e-01	1.575335657881433149e-01	7.541244567331437110e-02	3.212457839768221440e-02	8.001463888391177615e-02
1.278622667469091539e+03	2.378776984447416587e-01	1.535426964422134388e-01	2.633166182362204344e-01	1.576089160180907944e-01	7.544441320712308441e-02	3.214718679315899108e-02	8.006247085811581121e-02
1.280073998533187932e+03	2.376947894686407547e-01	1.534209020079750074e-01	2.634438648556011175e-01	1.576841380720217511e-01	7.547632632218512216e-02	3.216975731889669399e-02	8.011022195434373827e-02
1.281525329597284326e+03	2.375121911266797337e-01	1.532993126283234420e-01	2.635708966167313316e-01	1.577592321726588587e-01	7.550818511352669349e-02	3.219229003355383867e-02	8.015789230819027333e-02
1.282976660661381175e+03	2.373299028911026454e-01	1.531779279578250053e-01	2.636977138816731792e-01	1.578341985422952454e-01	7.553998967598798964e-02	3.221478499576301696e-02	8.020548205501712435e-02
1.284427991725477568e+03	2.371479242350547079e-01	1.530567476516278003e-01	2.638243170118786396e-01	1.579090374027953270e-01	7.557174010422364197e-02	3.223724226412980759e-02	8.025299132995421247e-02
1.285879322789574417e+03	2.369662546325808361e-01	1.529357713654609652e-01	2.639507063681907351e-01	1.579837489755961388e-01	7.560343649270311051e-02	3.225966189723171451e-02	8.030042026790067122e-02
1.287330653853671038e+03	2.367848935586239767e-01	1.528149987556336464e-01	2.640768823108441410e-01	1.580583334817081409e-01	7.563507893571111418e-02	3.228204395361717466e-02	8.034776900352597062e-02
1.288781984917767431e+03	2.366038404890235536e-01	1.526944294790339718e-01	2.642028451994666294e-01	1.581327911417165499e-01	7.566666752734807488e-02	3.230438849180451710e-02	8.039503767127084699e-02
1.290233315981864052e+03	2.364230949005138860e-01	1.525740631931281066e-01	2.643285953930798460e-01	1.582071221757823110e-01	7.569820236153056159e-02	3.232669557028097773e-02	8.044222640534841318e-02
