1.001418434226643626e+03	2.791820479226649887e-01	1.810013563518670654e-01	2.346175479187359303e-01	1.405816841077055235e-01	6.821406339146492137e-02	2.711342836547369142e-02	6.928987194175414976e-02
1.003837319333471214e+03	2.787602303633380241e-01	1.807214192127880314e-01	2.349103334301128332e-01	1.407548075721122283e-01	6.828743215882816797e-02	2.716512373248461051e-02	6.940065353000234027e-02
1.006256204440298802e+03	2.783396060298050090e-01	1.804422674468759979e-01	2.352022956906976714e-01	1.409274551869489633e-01	6.836060357010001476e-02	2.721668595481844394e-02	6.951108612042009027e-02
1.008675089547126618e+03	2.779201715771189019e-01	1.801638988497558103e-01	2.354934370118721421e-01	1.410996276379933578e-01	6.843357768638853866e-02	2.726811470312431179e-02	6.962117253341310041e-02
1.011093974653954206e+03	2.775019236682491619e-01	1.798863112232397810e-01	2.357837596985301876e-01	1.412713256425421338e-01	6.850635459394750770e-02	2.731940968613989079e-02	6.973091548701745856e-02
1.013512859760782021e+03	2.770848589741378709e-01	1.796095023753105646e-01	2.360732660490961199e-01	1.414425499476035242e-01	6.857893440280601882e-02	2.737057064864997086e-02	6.984031760206203809e-02
1.015931744867609382e+03	2.766689741737517472e-01	1.793334701201036718e-01	2.363619583555427728e-01	1.416133013281836717e-01	6.865131724546867653e-02	2.742159736955097210e-02	6.994938140706456753e-02
1.018350629974437197e+03	2.762542659541304957e-01	1.790582122778902330e-01	2.366498389034094041e-01	1.417835805856623443e-01	6.872350327568266248e-02	2.747248966001600984e-02	7.005810934287494407e-02
1.020769515081264785e+03	2.758407310104309396e-01	1.787837266750597620e-01	2.369369099718197647e-01	1.419533885462531120e-01	6.879549266726828205e-02	2.752324736175524450e-02	7.016650376707897485e-02
1.023188400188092373e+03	2.754283660459678207e-01	1.785100111441030035e-01	2.372231738335000284e-01	1.421227260595437081e-01	6.886728561300987927e-02	2.757387034536661757e-02	7.027456695817499432e-02
1.025607285294920075e+03	2.750171677722512698e-01	1.782370635235948353e-01	2.375086327547965559e-01	1.422915939971121646e-01	6.893888232360388668e-02	2.762435850877226554e-02	7.038230111953502899e-02
1.028026170401747549e+03	2.746071329090210011e-01	1.779648816581771431e-01	2.377932889956939078e-01	1.424599932512150002e-01	6.901028302666123437e-02	2.767471177573619864e-02	7.048970838316158394e-02
1.030445055508575479e+03	2.741982581842770661e-01	1.776934633985418066e-01	2.380771448098324972e-01	1.426279247335436318e-01	6.908148796576124573e-02	2.772493009445904308e-02	7.059679081325072325e-02
1.032863940615402726e+03	2.737905403343088295e-01	1.774228066014137406e-01	2.383602024445263534e-01	1.427953893740454283e-01	6.915249739955442454e-02	2.777501343624583230e-02	7.070355040957142234e-02
1.035282825722230655e+03	2.733839761037198390e-01	1.771529091295339087e-01	2.386424641407808578e-01	1.429623881198060775e-01	6.922331160091162172e-02	2.782496179424308672e-02	7.080998911067064305e-02
1.037701710829058356e+03	2.729785622454510841e-01	1.768837688516424478e-01	2.389239321333104238e-01	1.431289219339900165e-01	6.929393085611722236e-02	2.787477518224157000e-02	7.091610879691327696e-02
1.040120595935886058e+03	2.725742955208014795e-01	1.766153836424618762e-01	2.392046086505560110e-01	1.432949917948360130e-01	6.936435546410400776e-02	2.792445363354137400e-02	7.102191129336526965e-02
1.042539481042713533e+03	2.721711726994461289e-01	1.763477513826802456e-01	2.394844959147026942e-01	1.434605986947050937e-01	6.943458573572766634e-02	2.797399719987602243e-02	7.112739837252816943e-02
1.044958366149541234e+03	2.717691905594520896e-01	1.760808699589344606e-01	2.397635961416972328e-01	1.436257436391777942e-01	6.950462199307885780e-02	2.802340595039262347e-02	7.123257175693294141e-02
1.047377251256368709e+03	2.713683458872924170e-01	1.758147372637935135e-01	2.400419115412656124e-01	1.437904276461986208e-01	6.957446456883087382e-02	2.807267997068510143e-02	7.133743312159988859e-02
1.049796136363196410e+03	2.709686354778581552e-01	1.755493511957418595e-01	2.403194443169301975e-01	1.439546517452649499e-01	6.964411380562106346e-02	2.812181936187778744e-02	7.144198409637197988e-02
1.052215021470024112e+03	2.705700561344685506e-01	1.752847096591628184e-01	2.405961966660273565e-01	1.441184169766580314e-01	6.971357005546441332e-02	2.817082423975678443e-02	7.154622626812803809e-02
1.054633906576851814e+03	2.701726046688789351e-01	1.750208105643220047e-01	2.408721707797247258e-01	1.442817243907144054e-01	6.978283367919743685e-02	2.821969473394658062e-02	7.165016118288189406e-02
1.057052791683679516e+03	2.697762779012878864e-01	1.747576518273508406e-01	2.411473688430383899e-01	1.444445750471349543e-01	6.985190504595090166e-02	2.826843098712959051e-02	7.175379034777343290e-02
1.059471676790506763e+03	2.693810726603420025e-01	1.744952313702299862e-01	2.414217930348502850e-01	1.446069700143300663e-01	6.992078453264993776e-02	2.831703315430643061e-02	7.185711523295724990e-02
1.061890561897334692e+03	2.689869857831396760e-01	1.742335471207731301e-01	2.416954455279251568e-01	1.447689103687991308e-01	6.998947252354006943e-02	2.836550140209475809e-02	7.196013727339405086e-02
1.064309447004162394e+03	2.685940141152330929e-01	1.739725970126103916e-01	2.419683284889279917e-01	1.449303971945421488e-01	7.005796940973781084e-02	2.841383590806474679e-02	7.206285787054980685e-02
1.066728332110990095e+03	2.682021545106290650e-01	1.737123789851721389e-01	2.422404440784408086e-01	1.450914315825024281e-01	7.012627558880465961e-02	2.846203686010920914e-02	7.216527839400764532e-02
1.069147217217817570e+03	2.678114038317888634e-01	1.734528909836726140e-01	2.425117944509799228e-01	1.452520146300379511e-01	7.019439146434318377e-02	2.851010445584667777e-02	7.226740018299669666e-02
1.071566102324645271e+03	2.674217589496262204e-01	1.731941309590938338e-01	2.427823817550128771e-01	1.454121474404208025e-01	7.026231744561405035e-02	2.855803890205565326e-02	7.236922454784242009e-02
1.073984987431472746e+03	2.670332167435049420e-01	1.729360968681692146e-01	2.430522081329754003e-01	1.455718311223624939e-01	7.033005394717302405e-02	2.860584041413843925e-02	7.247075277134236437e-02
1.076403872538300675e+03	2.666457741012346339e-01	1.726787866733675847e-01	2.433212757212882826e-01	1.457310667895642953e-01	7.039760138852682592e-02	2.865350921561302111e-02	7.257198611007116551e-02
1.078822757645127922e+03	2.662594279190663715e-01	1.724221983428770033e-01	2.435895866503742235e-01	1.458898555602911595e-01	7.046496019380689424e-02	2.870104553763155528e-02	7.267292579561857035e-02
1.081241642751955851e+03	2.658741751016864274e-01	1.721663298505886897e-01	2.438571430446747901e-01	1.460481985569679064e-01	7.053213079146004871e-02	2.874844961852404679e-02	7.277357303576381664e-02
1.083660527858783553e+03	2.654900125622098872e-01	1.719111791760810914e-01	2.441239470226670150e-01	1.462060969057965565e-01	7.059911361395540541e-02	2.879572170336596598e-02	7.287392901558978342e-02
1.086079412965611255e+03	2.651069372221729337e-01	1.716567443046038977e-01	2.443900006968802441e-01	1.463635517363938710e-01	7.066590909750640470e-02	2.884286204356850333e-02	7.297399489853981236e-02
1.088498298072438729e+03	2.647249460115245201e-01	1.714030232270620513e-01	2.446553061739127066e-01	1.465205641814480153e-01	7.073251768180749410e-02	2.888987089649033141e-02	7.307377182742047506e-02
1.090917183179266431e+03	2.643440358686173774e-01	1.711500139399999287e-01	2.449198655544483072e-01	1.466771353763930696e-01	7.079893980978432810e-02	2.893674852506975675e-02	7.317326092535279825e-02
1.093336068286093905e+03	2.639642037401979668e-01	1.708977144455855190e-01	2.451836809332729739e-01	1.468332664591009695e-01	7.086517592735720739e-02	2.898349519747616884e-02	7.327246329667473634e-02
1.095754953392921607e+03	2.635854465813959324e-01	1.706461227515946311e-01	2.454467543992914780e-01	1.469889585695894896e-01	7.093122648321679991e-02	2.903011118677981811e-02	7.337138002779736157e-02
1.098173838499749309e+03	2.632077613557131102e-01	1.703952368713951282e-01	2.457090880355437545e-01	1.471442128497457424e-01	7.099709192861149154e-02	2.907659677063895859e-02	7.347001218801725575e-02
1.100592723606577010e+03	2.628311450350117595e-01	1.701450548239312743e-01	2.459706839192213335e-01	1.472990304430642772e-01	7.106277271714596389e-02	2.912295223100347732e-02	7.356836083028724105e-02
1.103011608713404712e+03	2.624555945995021844e-01	1.698955746337079964e-01	2.462315441216838818e-01	1.474534124943991942e-01	7.112826930459026364e-02	2.916917785383411205e-02	7.366642699194766997e-02
1.105430493820231959e+03	2.620811070377296326e-01	1.696467943307753690e-01	2.464916707084754688e-01	1.476073601497291388e-01	7.119358214869889179e-02	2.921527392883647295e-02	7.376421169542030087e-02
1.107849378927059888e+03	2.617076793465612505e-01	1.693987119507130157e-01	2.467510657393408580e-01	1.477608745559350067e-01	7.125871170903934348e-02	2.926124074920911575e-02	7.386171594886666025e-02
1.110268264033887590e+03	2.613353085311719837e-01	1.691513255346145939e-01	2.470097312682418556e-01	1.479139568605894184e-01	7.132365844682965472e-02	2.930707861140489576e-02	7.395894074681283459e-02
1.112687149140715292e+03	2.609639916050303654e-01	1.689046331290722514e-01	2.472676693433735196e-01	1.480666082117574334e-01	7.138842282478445600e-02	2.935278781490496466e-02	7.405588707074227395e-02
1.115106034247542766e+03	2.605937255898838623e-01	1.686586327861613055e-01	2.475248820071802303e-01	1.482188297578077019e-01	7.145300530696917229e-02	2.939836866200469176e-02	7.415255588965831424e-02
1.117524919354370468e+03	2.602245075157434417e-01	1.684133225634247555e-01	2.477813712963720660e-01	1.483706226472342182e-01	7.151740635866180029e-02	2.944382145761095804e-02	7.424894816061804181e-02
1.119943804461197942e+03	2.598563344208684733e-01	1.681687005238579891e-01	2.480371392419405963e-01	1.485219880284870952e-01	7.158162644622206860e-02	2.948914650905017781e-02	7.434506482923895765e-02
1.122362689568025871e+03	2.594892033517505192e-01	1.679247647358933782e-01	2.482921878691751738e-01	1.486729270498126643e-01	7.164566603696739810e-02	2.953434412588651012e-02	7.444090683017973165e-02
1.124781574674853118e+03	2.591231113630972915e-01	1.676815132733852631e-01	2.485465191976787280e-01	1.488234408591022906e-01	7.170952559905545420e-02	2.957941461974974637e-02	7.453647508759654594e-02
1.127200459781681047e+03	2.587580555178162212e-01	1.674389442155944097e-01	2.488001352413839740e-01	1.489735306037492102e-01	7.177320560137295802e-02	2.962435830417234003e-02	7.463177051557617903e-02
1.129619344888508749e+03	2.583940328869974712e-01	1.671970556471730762e-01	2.490530380085690665e-01	1.491231974305131103e-01	7.183670651343022906e-02	2.966917549443512034e-02	7.472679401854712133e-02
1.132038229995336451e+03	2.580310405498971171e-01	1.669558456581497485e-01	2.493052295018736708e-01	1.492724424853922316e-01	7.190002880526148721e-02	2.971386650742126323e-02	7.482154649166969373e-02
1.134457115102163925e+03	2.576690755939194943e-01	1.667153123439141238e-01	2.495567117183146166e-01	1.494212669135021321e-01	7.196317294733031722e-02	2.975843166147800617e-02	7.491602882120650120e-02
1.136876000208991627e+03	2.573081351145999895e-01	1.664754538052020116e-01	2.498074866493018020e-01	1.495696718589613616e-01	7.202613941044021251e-02	2.980287127628583610e-02	7.501024188487395716e-02
1.139294885315819101e+03	2.569482162155869442e-01	1.662362681480803461e-01	2.500575562806539032e-01	1.497176584647833264e-01	7.208892866564992064e-02	2.984718567273462672e-02	7.510418655217609984e-02
1.141713770422646803e+03	2.565893160086237801e-01	1.659977534839322255e-01	2.503069225926140562e-01	1.498652278727740095e-01	7.215154118419320195e-02	2.989137517280645445e-02	7.519786368472144988e-02
1.144132655529474505e+03	2.562314316135309578e-01	1.657599079294419520e-01	2.505555875598654558e-01	1.500123812234352705e-01	7.221397743740297359e-02	2.993544009946470449e-02	7.529127413652385303e-02
1.146551540636302207e+03	2.558745601581873252e-01	1.655227296065802378e-01	2.508035531515470096e-01	1.501591196558738905e-01	7.227623789663942255e-02	2.997938077654914435e-02	7.538441875428812666e-02
1.148970425743129908e+03	2.555186987785116881e-01	1.652862166425893009e-01	2.510508213312689363e-01	1.503054443077151414e-01	7.233832303322210167e-02	3.002319752867668723e-02	7.547729837768127337e-02
1.151389310849957155e+03	2.551638446184441023e-01	1.650503671699680430e-01	2.512973940571282538e-01	1.504513563150216282e-01	7.240023331836550891e-02	3.006689068114748106e-02	7.556991383959005271e-02
1.153808195956785084e+03	2.548099948299270556e-01	1.648151793264573117e-01	2.515432732817241557e-01	1.505968568122163787e-01	7.246196922311834432e-02	3.011046055985610800e-02	7.566226596636560497e-02
1.156227081063612786e+03	2.544571465728864279e-01	1.645806512550252731e-01	2.517884609521737205e-01	1.507419469320104566e-01	7.252353121830579230e-02	3.015390749120760647e-02	7.575435557805561271e-02
1.158645966170440488e+03	2.541052970152123391e-01	1.643467811038526183e-01	2.520329590101269002e-01	1.508866278053346277e-01	7.258491977447517618e-02	3.019723180203806243e-02	7.584618348862506854e-02
1.161064851277267962e+03	2.537544433327399429e-01	1.641135670263179913e-01	2.522767693917822851e-01	1.510309005612748279e-01	7.264613536184441611e-02	3.024043381953952364e-02	7.593775050616573263e-02
1.163483736384095664e+03	2.534045827092302194e-01	1.638810071809833624e-01	2.525198940279020365e-01	1.511747663270115172e-01	7.270717845025340131e-02	3.028351387118901825e-02	7.602905743309522346e-02
1.165902621490923138e+03	2.530557123363502137e-01	1.636490997315795393e-01	2.527623348438273188e-01	1.513182262277623091e-01	7.276804950911783254e-02	3.032647228468148340e-02	7.612010506634611651e-02
1.168321506597751068e+03	2.527078294136537173e-01	1.634178428469915956e-01	2.530040937594935646e-01	1.514612813867281249e-01	7.282874900738582624e-02	3.036930938786636114e-02	7.621089419754563388e-02
1.170740391704578315e+03	2.523609311485615625e-01	1.631872347012444380e-01	2.532451726894456301e-01	1.516039329250423451e-01	7.288927741349675304e-02	3.041202550868770185e-02	7.630142561318635497e-02
1.173159276811406244e+03	2.520150147563421927e-01	1.629572734734884010e-01	2.534855735428528378e-01	1.517461819617230701e-01	7.294963519534243546e-02	3.045462097512757760e-02	7.639170009478835066e-02
1.175578161918233945e+03	2.516700774600914570e-01	1.627279573479847308e-01	2.537252982235240206e-01	1.518880296136281283e-01	7.300982282023041336e-02	3.049709611515263180e-02	7.648171841905349044e-02
1.177997047025061647e+03	2.513261164907130141e-01	1.624992845140914299e-01	2.539643486299228425e-01	1.520294769954128600e-01	7.306984075484929120e-02	3.053945125666360574e-02	7.657148135801182531e-02
1.180415932131889122e+03	2.509831290868984044e-01	1.622712531662487967e-01	2.542027266551825648e-01	1.521705252194903157e-01	7.312968946523605573e-02	3.058168672744768918e-02	7.666098967916096241e-02
1.182834817238716823e+03	2.506411124951072877e-01	1.620438615039652419e-01	2.544404341871210340e-01	1.523111753959940362e-01	7.318936941674519803e-02	3.062380285513353201e-02	7.675024414559840358e-02
1.185253702345544298e+03	2.503000639695471818e-01	1.618171077318030227e-01	2.546774731082557808e-01	1.524514286327429968e-01	7.324888107401959780e-02	3.066579996714880602e-02	7.683924551614740306e-02
1.187672587452371999e+03	2.499599807721535338e-01	1.615909900593640869e-01	2.549138452958185086e-01	1.525912860352087175e-01	7.330822490096297606e-02	3.070767839068013622e-02	7.692799454547673277e-02
1.190091472559199701e+03	2.496208601725697362e-01	1.613655067012758904e-01	2.551495526217704701e-01	1.527307487064846203e-01	7.336740136071409624e-02	3.074943845263534981e-02	7.701649198421448017e-02
1.192510357666027403e+03	2.492826994481269487e-01	1.611406558771773245e-01	2.553845969528169002e-01	1.528698177472571917e-01	7.342641091562221445e-02	3.079108047960782066e-02	7.710473857905628114e-02
1.194929242772855105e+03	2.489454958838240028e-01	1.609164358117046167e-01	2.556189801504217263e-01	1.530084942557789485e-01	7.348525402722412558e-02	3.083260479784292324e-02	7.719273507286830704e-02
1.197348127879682352e+03	2.486092467723072796e-01	1.606928447344773414e-01	2.558527040708225009e-01	1.531467793278433465e-01	7.354393115622252786e-02	3.087401173320636003e-02	7.728048220478525576e-02
1.199767012986510281e+03	2.482739494138505587e-01	1.604698808800844034e-01	2.560857705650450566e-01	1.532846740567611332e-01	7.360244276246555306e-02	3.091530161115435202e-02	7.736798071030358270e-02
1.202185898093337983e+03	2.479396011163348679e-01	1.602475424880700217e-01	2.563181814789179391e-01	1.534221795333385319e-01	7.366078930492755972e-02	3.095647475670556051e-02	7.745523132137015210e-02
1.204604783200165684e+03	2.476061991952282215e-01	1.600258278029199899e-01	2.565499386530871728e-01	1.535592968458566743e-01	7.371897124169113358e-02	3.099753149441465683e-02	7.754223476646673885e-02
1.207023668306993159e+03	2.472737409735654979e-01	1.598047350740477157e-01	2.567810439230308051e-01	1.536960270800527550e-01	7.377698902993001795e-02	3.103847214834743254e-02	7.762899177069040868e-02
1.209442553413820860e+03	2.469422237819282051e-01	1.595842625557802319e-01	2.570114991190732834e-01	1.538323713191021846e-01	7.383484312589322363e-02	3.107929704205741189e-02	7.771550305583005414e-02
1.211861438520648335e+03	2.466116449584243864e-01	1.593644085073447347e-01	2.572413060664000550e-01	1.539683306436022692e-01	7.389253398489002700e-02	3.112000649856383125e-02	7.780176934043919745e-02
1.214280323627476264e+03	2.462820018486683027e-01	1.591451711928544843e-01	2.574704665850721108e-01	1.541039061315571113e-01	7.395006206127588411e-02	3.116060084033097852e-02	7.788779133990557380e-02
1.216699208734303511e+03	2.459532918057602824e-01	1.589265488812953708e-01	2.576989824900399739e-01	1.542390988583635658e-01	7.400742780843934387e-02	3.120108038924875038e-02	7.797356976651713401e-02
1.219118093841131440e+03	2.456255121902666261e-01	1.587085398465120645e-01	2.579268555911584104e-01	1.543739098967981394e-01	7.406463167878957199e-02	3.124144546661443422e-02	7.805910532952513303e-02
1.221536978947959142e+03	2.452986603701994284e-01	1.584911423671944153e-01	2.581540876932005846e-01	1.545083403170053327e-01	7.412167412374484621e-02	3.128169639311556560e-02	7.814439873520419300e-02
1.223955864054786844e+03	2.449727337209962053e-01	1.582743547268639084e-01	2.583806805958723807e-01	1.546423911864866219e-01	7.417855559372175944e-02	3.132183348881392021e-02	7.822945068690952131e-02
1.226374749161614318e+03	2.446477296255000766e-01	1.580581752138599805e-01	2.586066360938266140e-01	1.547760635700904941e-01	7.423527653812508897e-02	3.136185707313045301e-02	7.831426188513157527e-02
1.228793634268442020e+03	2.443236454739394214e-01	1.578426021213266695e-01	2.588319559766771860e-01	1.549093585300033715e-01	7.429183740533835956e-02	3.140176746483120535e-02	7.839883302754810379e-02
1.231212519375269494e+03	2.440004786639077827e-01	1.576276337471989308e-01	2.590566420290131844e-01	1.550422771257412846e-01	7.434823864271505878e-02	3.144156498201414185e-02	7.848316480907381598e-02
1.233631404482097196e+03	2.436782266003440223e-01	1.574132683941893429e-01	2.592806960304132602e-01	1.551748204141424892e-01	7.440448069657040753e-02	3.148124994209684085e-02	7.856725792190778768e-02
1.236050289588924898e+03	2.433568866955118648e-01	1.571995043697746453e-01	2.595041197554593393e-01	1.553069894493607217e-01	7.446056401217378273e-02	3.152082266180496195e-02	7.865111305557874466e-02
1.238469174695752372e+03	2.430364563689802471e-01	1.569863399861823605e-01	2.597269149737508886e-01	1.554387852828592043e-01	7.451648903374163968e-02	3.156028345716151151e-02	7.873473089698822258e-02
1.240888059802580301e+03	2.427169330476030007e-01	1.567737735603774163e-01	2.599490834499187386e-01	1.555702089634053153e-01	7.457225620443093395e-02	3.159963264347682294e-02	7.881811213045185338e-02
1.243306944909407548e+03	2.423983141654990348e-01	1.565618034140489334e-01	2.601706269436391272e-01	1.557012615370659270e-01	7.462786596633304292e-02	3.163887053533924465e-02	7.890125743773873657e-02
1.245725830016235477e+03	2.420805971640323240e-01	1.563504278735969033e-01	2.603915472096476891e-01	1.558319440472032691e-01	7.468331876046820084e-02	3.167799744660643874e-02	7.898416749810917292e-02
1.248144715123063179e+03	2.417637794917919525e-01	1.561396452701190041e-01	2.606118459977532775e-01	1.559622575344715434e-01	7.473861502678025293e-02	3.171701369039733875e-02	7.906684298835060798e-02
1.250563600229890881e+03	2.414478586045723518e-01	1.559294539393973333e-01	2.608315250528516205e-01	1.560922030368138702e-01	7.479375520413199252e-02	3.175591957908466961e-02	7.914928458281209056e-02
1.252982485336718355e+03	2.411328319653532060e-01	1.557198522218853631e-01	2.610505861149393647e-01	1.562217815894599571e-01	7.484873973030076177e-02	3.179471542428800868e-02	7.923149295343723253e-02
1.255401370443546057e+03	2.408186970442798558e-01	1.555108384626948115e-01	2.612690309191276206e-01	1.563509942249240448e-01	7.490356904197446875e-02	3.183340153686740892e-02	7.931346876979565585e-02
1.257820255550373531e+03	2.405054513186433152e-01	1.553024110115824585e-01	2.614868611956558953e-01	1.564798419730035195e-01	7.495824357474796529e-02	3.187197822691745924e-02	7.939521269911317680e-02
1.260239140657201460e+03	2.401930922728605922e-01	1.550945682229372402e-01	2.617040786699056376e-01	1.566083258607778306e-01	7.501276376311978578e-02	3.191044580376186518e-02	7.947672540630079663e-02
1.262658025764028707e+03	2.398816173984549549e-01	1.548873084557671753e-01	2.619206850624138938e-01	1.567364469126079074e-01	7.506713004048914950e-02	3.194880457594843209e-02	7.955800755398224899e-02
1.265076910870856636e+03	2.395710241940362806e-01	1.546806300736863482e-01	2.621366820888868521e-01	1.568642061501358542e-01	7.512134283915329613e-02	3.198705485124449244e-02	7.963905980252058980e-02
1.267495795977684338e+03	2.392613101652812102e-01	1.544745314449021689e-01	2.623520714602134984e-01	1.569916045922852832e-01	7.517540259030518202e-02	3.202519693663272160e-02	7.971988281004359356e-02
1.269914681084511813e+03	2.389524728249138308e-01	1.542690109422023004e-01	2.625668548824791060e-01	1.571186432552616197e-01	7.522930972403123195e-02	3.206323113830731458e-02	7.980047723246820601e-02
1.272333566191339514e+03	2.386445096926858300e-01	1.540640669429418075e-01	2.627810340569788350e-01	1.572453231525530182e-01	7.528306466930961838e-02	3.210115776167054430e-02	7.988084372352385887e-02
1.274752451298167216e+03	2.383374182953571507e-01	1.538596978290304174e-01	2.629946106802310002e-01	1.573716452949316114e-01	7.533666785400863763e-02	3.213897711132961132e-02	7.996098293477504892e-02
1.277171336404994690e+03	2.380311961666763121e-01	1.536559019869197240e-01	2.632075864439905599e-01	1.574976106904548701e-01	7.539011970488529446e-02	3.217668949109386139e-02	8.004089551564282090e-02
1.279590221511822392e+03	2.377258408473611473e-01	1.534526778075903930e-01	2.634199630352624388e-01	1.576232203444674074e-01	7.544342064758419175e-02	3.221429520397224577e-02	8.012058211342558411e-02
1.282009106618650094e+03	2.374213498850792636e-01	1.532500236865394772e-01	2.636317421363149616e-01	1.577484752596029216e-01	7.549657110663661463e-02	3.225179455217112856e-02	8.020004337331897160e-02
1.284427991725477568e+03	2.371177208344286969e-01	1.530479380237677323e-01	2.638429254246931754e-01	1.578733764357865832e-01	7.554957150545972555e-02	3.228918783709228829e-02	8.027927993843510246e-02
1.286846876832305497e+03	2.368149512569186210e-01	1.528464192237669605e-01	2.640535145732318956e-01	1.579979248702375050e-01	7.560242226635603691e-02	3.232647535933123872e-02	8.035829244982099773e-02
1.289265761939132744e+03	2.365130387209499752e-01	1.526454656955074651e-01	2.642635112500691941e-01	1.581221215574715178e-01	7.565512381051306412e-02	3.236365741867572310e-02	8.043708154647630226e-02
1.291684647045960673e+03	2.362119808017963118e-01	1.524450758524253380e-01	2.644729171186594452e-01	1.582459674893040291e-01	7.570767655800307583e-02	3.240073431410448596e-02	8.051564786537046547e-02
1.294103532152788375e+03	2.359117750815845627e-01	1.522452481124101364e-01	2.646817338377865370e-01	1.583694636548533818e-01	7.576008092778305225e-02	3.243770634378625312e-02	8.059399204145922813e-02
1.296522417259616077e+03	2.356124191492758313e-01	1.520459808977921989e-01	2.648899630615768608e-01	1.584926110405440736e-01	7.581233733769481009e-02	3.247457380507885044e-02	8.067211470770051240e-02
1.298941302366443551e+03	2.353139106006463810e-01	1.518472726353302382e-01	2.650976064395125231e-01	1.586154106301103373e-01	7.586444620446523845e-02	3.251133699452862097e-02	8.075001649506975687e-02
1.301360187473271253e+03	2.350162470382685387e-01	1.516491217561988791e-01	2.653046656164444461e-01	1.587378634045999437e-01	7.591640794370668743e-02	3.254799620786986980e-02	8.082769803257476571e-02
1.303779072580098727e+03	2.347194260714916270e-01	1.514515266959764184e-01	2.655111422326050241e-01	1.588599703423779763e-01	7.596822296991742607e-02	3.258455174002465593e-02	8.090515994727003057e-02
1.306197957686926657e+03	2.344234453164229792e-01	1.512544858946322790e-01	2.657170379236215574e-01	1.589817324191309389e-01	7.601989169648233624e-02	3.262100388510258409e-02	8.098240286427052514e-02
1.308616842793753904e+03	2.341283023959090659e-01	1.510579977965146870e-01	2.659223543205288531e-01	1.591031506078709745e-01	7.607141453567364819e-02	3.265735293640083942e-02	8.105942740676511105e-02
1.311035727900581833e+03	2.338339949395166484e-01	1.508620608503385419e-01	2.661270930497822151e-01	1.592242258789401677e-01	7.612279189865177320e-02	3.269359918640433321e-02	8.113623419602948583e-02
1.313454613007409534e+03	2.335405205835138776e-01	1.506666735091729825e-01	2.663312557332703223e-01	1.593449592000149295e-01	7.617402419546627501e-02	3.272974292678596658e-02	8.121282385143871463e-02
1.315873498114237009e+03	2.332478769708514477e-01	1.504718342304293133e-01	2.665348439883281628e-01	1.594653515361107166e-01	7.622511183505692456e-02	3.276578444840707455e-02	8.128919699047934544e-02
1.318292383221064711e+03	2.329560617511439724e-01	1.502775414758487083e-01	2.667378594277496351e-01	1.595854038495867211e-01	7.627605522525483794e-02	3.280172404131789787e-02	8.136535422876120527e-02
1.320711268327892412e+03	2.326650725806512499e-01	1.500837937114900822e-01	2.669403036598002599e-01	1.597051171001505343e-01	7.632685477278373931e-02	3.283756199475827697e-02	8.144129618002884929e-02
1.323130153434719887e+03	2.323749071222595552e-01	1.498905894077180168e-01	2.671421782882300033e-01	1.598244922448632255e-01	7.637751088326127924e-02	3.287329859715833191e-02	8.151702345617255208e-02
1.325549038541547588e+03	2.320855630454630725e-01	1.496979270391905759e-01	2.673434849122861001e-01	1.599435302381442825e-01	7.642802396120039476e-02	3.290893413613935059e-02	8.159253666723914611e-02
1.327967923648375290e+03	2.317970380263454089e-01	1.495058050848473707e-01	2.675442251267254323e-01	1.600622320317767744e-01	7.647839441001080818e-02	3.294446889851467691e-02	8.166783642144245792e-02
1.330386808755202765e+03	2.315093297475609158e-01	1.493142220278974586e-01	2.677444005218272971e-01	1.601805985749124306e-01	7.652862263200058135e-02	3.297990317029075164e-02	8.174292332517346660e-02
1.332805693862030694e+03	2.312224358983164252e-01	1.491231763558074352e-01	2.679440126834058966e-01	1.602986308140770533e-01	7.657870902837771165e-02	3.301523723666821564e-02	8.181779798301019868e-02
1.335224578968857941e+03	2.309363541743526815e-01	1.489326665602893618e-01	2.681430631928229391e-01	1.604163296931757632e-01	7.662865399925179732e-02	3.305047138204306872e-02	8.189246099772733156e-02
1.337643464075685870e+03	2.306510822779260783e-01	1.487426911372889404e-01	2.683415536270000734e-01	1.605336961534984952e-01	7.667845794363577216e-02	3.308560589000792557e-02	8.196691297030565815e-02
1.340062349182513572e+03	2.303666179177902562e-01	1.485532485869736352e-01	2.685394855584313789e-01	1.606507311337255217e-01	7.672812125944769579e-02	3.312064104335329939e-02	8.204115449994106579e-02
1.342481234289341273e+03	2.300829588091779232e-01	1.483643374137207926e-01	2.687368605551959666e-01	1.607674355699328927e-01	7.677764434351258549e-02	3.315557712406903834e-02	8.211518618405364012e-02
1.344900119396168748e+03	2.298001026737825636e-01	1.481759561261058178e-01	2.689336801809700805e-01	1.608838103955981258e-01	7.682702759156435912e-02	3.319041441334571324e-02	8.218900861829622762e-02
1.347319004502996449e+03	2.295180472397402027e-01	1.479881032368904059e-01	2.691299459950395878e-01	1.609998565416058680e-01	7.687627139824768085e-02	3.322515319157613722e-02	8.226262239656299824e-02
1.349737889609823924e+03	2.292367902416114211e-01	1.478007772630107186e-01	2.693256595523123575e-01	1.611155749362536971e-01	7.692537615712000121e-02	3.325979373835688535e-02	8.233602811099768881e-02
1.352156774716651853e+03	2.289563294203632304e-01	1.476139767255658652e-01	2.695208224033305289e-01	1.612309665052577834e-01	7.697434226065352769e-02	3.329433633248991137e-02	8.240922635200181867e-02
1.354575659823479100e+03	2.286766625233510042e-01	1.474277001498059958e-01	2.697154360942828344e-01	1.613460321717587742e-01	7.702317010023741750e-02	3.332878125198415753e-02	8.248221770824248900e-02
1.356994544930307029e+03	2.283977873043004370e-01	1.472419460651207268e-01	2.699095021670165906e-01	1.614607728563275946e-01	7.707186006617970653e-02	3.336312877405726157e-02	8.255500276666026538e-02
1.359413430037134731e+03	2.281197015232897529e-01	1.470567130050275673e-01	2.701030221590502434e-01	1.615751894769715258e-01	7.712041254770954368e-02	3.339737917513727755e-02	8.262758211247669959e-02
1.361832315143962205e+03	2.278424029467316925e-01	1.468719995071603446e-01	2.702959976035849698e-01	1.616892829491399786e-01	7.716882793297934195e-02	3.343153273086441057e-02	8.269995632920186523e-02
1.364251200250789907e+03	2.275658893473557209e-01	1.466878041132574639e-01	2.704884300295175570e-01	1.618030541857304605e-01	7.721710660906699886e-02	3.346558971609281397e-02	8.277212599864153253e-02
1.366670085357617609e+03	2.272901585041902650e-01	1.465041253691506118e-01	2.706803209614518924e-01	1.619165040970947378e-01	7.726524896197808912e-02	3.349955040489243502e-02	8.284409170090450969e-02
1.369088970464445310e+03	2.270152082025448936e-01	1.463209618247531818e-01	2.708716719197111766e-01	1.620296335910447749e-01	7.731325537664811287e-02	3.353341507055083992e-02	8.291585401440951242e-02
1.371507855571272785e+03	2.267410362339926655e-01	1.461383120340488118e-01	2.710624844203500805e-01	1.621424435728587854e-01	7.736112623694484103e-02	3.356718398557509420e-02	8.298741351589214443e-02
1.373926740678100487e+03	2.264676403963525042e-01	1.459561745550800038e-01	2.712527599751665131e-01	1.622549349452874767e-01	7.740886192567053570e-02	3.360085742169369172e-02	8.305877078041168371e-02
1.376345625784927961e+03	2.261950184936715180e-01	1.457745479499365227e-01	2.714425000917137787e-01	1.623671086085599069e-01	7.745646282456436493e-02	3.363443564985846290e-02	8.312992638135775769e-02
1.378764510891755890e+03	2.259231683362075416e-01	1.455934307847443765e-01	2.716317062733124010e-01	1.624789654603899514e-01	7.750392931430467869e-02	3.366791894024653148e-02	8.320088089045681035e-02
1.381183395998583137e+03	2.256520877404115111e-01	1.454128216296542431e-01	2.718203800190619468e-01	1.625905063959821595e-01	7.755126177451145131e-02	3.370130756226228513e-02	8.327163487777870798e-02
1.383602281105411066e+03	2.253817745289100893e-01	1.452327190588302008e-01	2.720085228238529607e-01	1.627017323080381384e-01	7.759846058374857136e-02	3.373460178453936698e-02	8.334218891174291488e-02
1.386021166212238768e+03	2.251122265304882630e-01	1.450531216504385712e-01	2.721961361783787892e-01	1.628126440867626590e-01	7.764552611952639516e-02	3.376780187494268087e-02	8.341254355912486318e-02
1.388440051319066470e+03	2.248434415800719399e-01	1.448740279866365666e-01	2.723832215691472936e-01	1.629232426198699013e-01	7.769245875830399495e-02	3.380090810057038986e-02	8.348269938506208687e-02
1.390858936425893944e+03	2.245754175187105739e-01	1.446954366535611325e-01	2.725697804784927847e-01	1.630335287925896992e-01	7.773925887549174019e-02	3.383392072775599085e-02	8.355265695306023088e-02
1.393277821532721646e+03	2.243081521935600675e-01	1.445173462413178178e-01	2.727558143845874583e-01	1.631435034876737300e-01	7.778592684545367064e-02	3.386684002207032695e-02	8.362241682499912954e-02
1.395696706639549120e+03	2.240416434578653693e-01	1.443397553439695613e-01	2.729413247614532190e-01	1.632531675854017594e-01	7.783246304151003603e-02	3.389966624832367603e-02	8.369197956113863524e-02
1.398115591746377049e+03	2.237758891709433207e-01	1.441626625595255895e-01	2.731263130789734483e-01	1.633625219635879422e-01	7.787886783593966911e-02	3.393239967056779077e-02	8.376134572012448876e-02
1.400534476853204296e+03	2.235108871981656420e-01	1.439860664899304254e-01	2.733107808029044405e-01	1.634715674975871225e-01	7.792514159998251144e-02	3.396504055209800116e-02	8.383051585899406466e-02
1.402953361960032225e+03	2.232466354109417517e-01	1.438099657410527865e-01	2.734947293948870595e-01	1.635803050603010234e-01	7.797128470384219467e-02	3.399758915545528920e-02	8.389949053318200567e-02
1.405372247066859927e+03	2.229831316867017521e-01	1.436343589226745376e-01	2.736781603124585072e-01	1.636887355221845752e-01	7.801729751668848301e-02	3.403004574242838448e-02	8.396827029652589869e-02
1.407791132173687402e+03	2.227203739088794987e-01	1.434592446484797001e-01	2.738610750090632595e-01	1.637968597512522162e-01	7.806318040665972957e-02	3.406241057405586664e-02	8.403685570127177040e-02
1.410210017280515103e+03	2.224583599668955303e-01	1.432846215360435993e-01	2.740434749340653897e-01	1.639046786130841371e-01	7.810893374086551322e-02	3.409468391062826093e-02	8.410524729807959676e-02
1.412628902387342805e+03	2.221970877561403046e-01	1.431104882068218453e-01	2.742253615327592819e-01	1.640121929708325821e-01	7.815455788538913651e-02	3.412686601169016148e-02	8.417344563602874308e-02
1.415047787494170507e+03	2.219365551779572954e-01	1.429368432861394811e-01	2.744067362463813997e-01	1.641194036852281490e-01	7.820005320529012371e-02	3.415895713604236161e-02	8.424145126262326533e-02
1.417466672600997981e+03	2.216767601396260889e-01	1.427636854031800739e-01	2.745876005121216656e-01	1.642263116145862289e-01	7.824542006460682986e-02	3.419095754174394236e-02	8.430926472379726699e-02
1.419885557707825683e+03	2.214177005543458976e-01	1.425910131909749745e-01	2.747679557631347858e-01	1.643329176148130011e-01	7.829065882635892482e-02	3.422286748611438889e-02	8.437688656392013098e-02
1.422304442814653157e+03	2.211593743412185453e-01	1.424188252863924087e-01	2.749478034285515737e-01	1.644392225394120388e-01	7.833576985255001623e-02	3.425468722573574154e-02	8.444431732580175154e-02
1.424723327921481086e+03	2.209017794252319811e-01	1.422471203301267917e-01	2.751271449334903307e-01	1.645452272394904158e-01	7.838075350417016141e-02	3.428641701645470524e-02	8.451155755069765518e-02
1.427142213028308333e+03	2.206449137372436253e-01	1.420758969666879590e-01	2.753059816990679476e-01	1.646509325637651178e-01	7.842561014119847629e-02	3.431805711338477977e-02	8.457860777831410770e-02
1.429561098135136262e+03	2.203887752139638279e-01	1.419051538443904525e-01	2.754843151424113401e-01	1.647563393585692315e-01	7.847034012260564739e-02	3.434960777090836220e-02	8.464546854681319343e-02
1.431979983241963964e+03	2.201333617979392143e-01	1.417348896153428073e-01	2.756621466766684958e-01	1.648614484678582737e-01	7.851494380635655468e-02	3.438106924267889802e-02	8.471214039281781127e-02
1.434398868348791666e+03	2.198786714375363938e-01	1.415651029354370039e-01	2.758394777110196316e-01	1.649662607332165465e-01	7.855942154941283895e-02	3.441244178162299744e-02	8.477862385141662904e-02
1.436817753455619140e+03	2.196247020869253608e-01	1.413957924643377273e-01	2.760163096506885183e-01	1.650707769938633551e-01	7.860377370773542760e-02	3.444372563994255870e-02	8.484491945616909336e-02
1.439236638562446842e+03	2.193714517060632307e-01	1.412269568654718477e-01	2.761926438969534159e-01	1.651749980866593082e-01	7.864800063628721305e-02	3.447492106911688448e-02	8.491102773911021750e-02
1.441655523669274316e+03	2.191189182606778085e-01	1.410585948060178452e-01	2.763684818471581206e-01	1.652789248461125349e-01	7.869210268903550909e-02	3.450602831990480512e-02	8.497694923075545248e-02
1.444074408776102018e+03	2.188670997222513792e-01	1.408907049568952352e-01	2.765438248947232336e-01	1.653825581043850690e-01	7.873608021895470155e-02	3.453704764234678815e-02	8.504268446010558591e-02
1.446493293882929493e+03	2.186159940680043323e-01	1.407232859927541879e-01	2.767186744291570411e-01	1.654858986912990382e-01	7.877993357802884344e-02	3.456797928576706147e-02	8.510823395465143271e-02
1.448912178989757422e+03	2.183655992808790358e-01	1.405563365919649532e-01	2.768930318360665055e-01	1.655889474343429368e-01	7.882366311725419461e-02	3.459882349877572982e-02	8.517359824037859517e-02
1.451331064096585123e+03	2.181159133495237379e-01	1.403898554366073415e-01	2.770668984971681459e-01	1.656917051586778156e-01	7.886726918664183072e-02	3.462958052927087027e-02	8.523877784177219530e-02
1.453749949203412370e+03	2.178669342682763022e-01	1.402238412124605649e-01	2.772402757902990289e-01	1.657941726871436927e-01	7.891075213522019682e-02	3.466025062444064164e-02	8.530377328182150998e-02
1.456168834310240300e+03	2.176186600371482482e-01	1.400582926089925795e-01	2.774131650894277046e-01	1.658963508402656051e-01	7.895411231103770244e-02	3.469083403076538702e-02	8.536858508202467555e-02
1.458587719417068001e+03	2.173710886618086535e-01	1.398932083193499265e-01	2.775855677646650865e-01	1.659982404362599362e-01	7.899735006116533065e-02	3.472133099401974315e-02	8.543321376239326748e-02
1.461006604523895703e+03	2.171242181535682769e-01	1.397285870403472408e-01	2.777574851822750546e-01	1.660998422910405781e-01	7.904046573169914991e-02	3.475174175927470827e-02	8.549765984145686615e-02
1.463425489630723177e+03	2.168780465293635162e-01	1.395644274724571476e-01	2.779289187046856124e-01	1.662011572182252594e-01	7.908345966776293701e-02	3.478206657089974452e-02	8.556192383626767817e-02
1.465844374737550879e+03	2.166325718117404764e-01	1.394007283197998548e-01	2.780998696904993794e-01	1.663021860291415688e-01	7.912633221351074442e-02	3.481230567256486663e-02	8.562600626240497725e-02
1.468263259844378354e+03	2.163877920288392598e-01	1.392374882901328548e-01	2.782703394945044706e-01	1.664029295328333102e-01	7.916908371212948159e-02	3.484245930724270968e-02	8.568990763397967003e-02
1.470682144951206283e+03	2.161437052143781457e-01	1.390747060948409330e-01	2.784403294676851548e-01	1.665033885360666654e-01	7.921171450584146845e-02	3.487252771721061767e-02	8.575362846363875080e-02
1.473101030058033530e+03	2.159003094076377138e-01	1.389123804489258429e-01	2.786098409572324019e-01	1.666035638433362442e-01	7.925422493590701667e-02	3.490251114405270444e-02	8.581716926256974243e-02
1.475519915164861459e+03	2.156576026534452184e-01	1.387505100709961192e-01	2.787788753065549852e-01	1.667034562568713296e-01	7.929661534262699707e-02	3.493240982866190059e-02	8.588053054050512336e-02
1.477938800271689161e+03	2.154155830021589058e-01	1.385890936832570308e-01	2.789474338552894173e-01	1.668030665766421228e-01	7.933888606534537924e-02	3.496222401124204904e-02	8.594371280572674077e-02
1.480357685378516862e+03	2.151742485096523050e-01	1.384281300115004776e-01	2.791155179393112196e-01	1.669023956003657105e-01	7.938103744245182669e-02	3.499195393130992426e-02	8.600671656507015428e-02
1.482776570485344337e+03	2.149335972372987957e-01	1.382676177850948873e-01	2.792831288907450249e-01	1.670014441235123381e-01	7.942306981138422262e-02	3.502159982769731394e-02	8.606954232392902138e-02
