1.001418434226643626e+03	2.792173707624025503e-01	1.810853980191385326e-01	2.346778015275325924e-01	1.409647731301148232e-01	6.743312646896996998e-02	2.718862574981933608e-02	6.943290434168837566e-02
1.002869765290740247e+03	2.789642317249618753e-01	1.809178806380137561e-01	2.348540371534325599e-01	1.410713765045433221e-01	6.747108101569938843e-02	2.722045175379531751e-02	6.950094120921994356e-02
1.004321096354836754e+03	2.787115227760695313e-01	1.807506446696577063e-01	2.350299759335326699e-01	1.411778052783520809e-01	6.750897331018590464e-02	2.725222588024784134e-02	6.956885215162041114e-02
1.005772427418933376e+03	2.784592431901901644e-01	1.805836896410715486e-01	2.352056183670030165e-01	1.412840595215343054e-01	6.754680345756994275e-02	2.728394811450240640e-02	6.963663770779481010e-02
1.007223758483029997e+03	2.782073922428565660e-01	1.804170150800514238e-01	2.353809649521744485e-01	1.413901393112974025e-01	6.758457156281447165e-02	2.731561844567810537e-02	6.970429840479372419e-02
1.008675089547126618e+03	2.779559692106733371e-01	1.802506205151873098e-01	2.355560161865400681e-01	1.414960447318066028e-01	6.762227773070536574e-02	2.734723686654944724e-02	6.977183475820397662e-02
1.010126420611223239e+03	2.777049733713201074e-01	1.800845054758616059e-01	2.357307725667565079e-01	1.416017758739373800e-01	6.765992206585157154e-02	2.737880337341291187e-02	6.983924727252602271e-02
1.011577751675319632e+03	2.774544040035546999e-01	1.799186694922477459e-01	2.359052345886454294e-01	1.417073328350361150e-01	6.769750467268545457e-02	2.741031796595813294e-02	6.990653644153856094e-02
1.013029082739416367e+03	2.772042603872159061e-01	1.797531120953089478e-01	2.360794027471948830e-01	1.418127157186890586e-01	6.773502565546302145e-02	2.744178064714350787e-02	6.997370274865077899e-02
1.014480413803512761e+03	2.769545418032267614e-01	1.795878328167968829e-01	2.362532775365606685e-01	1.419179246344988155e-01	6.777248511826421129e-02	2.747319142307608902e-02	7.004074666724272036e-02
1.015931744867609382e+03	2.767052475335964878e-01	1.794228311892503147e-01	2.364268594500677501e-01	1.420229596978686282e-01	6.780988316499318713e-02	2.750455030289564867e-02	7.010766866099402139e-02
1.017383075931706003e+03	2.764563768614237693e-01	1.792581067459937672e-01	2.366001489802117552e-01	1.421278210297938771e-01	6.784721989937854414e-02	2.753585729866271647e-02	7.017446918420162938e-02
1.018834406995802851e+03	2.762079290708983614e-01	1.790936590211362756e-01	2.367731466186601408e-01	1.422325087566604362e-01	6.788449542497364264e-02	2.756711242525050620e-02	7.024114868208665430e-02
1.020285738059899245e+03	2.759599034473037560e-01	1.789294875495699710e-01	2.369458528562538302e-01	1.423370230100501066e-01	6.792170984515685794e-02	2.759831570024055825e-02	7.030770759109089552e-02
1.021737069123995752e+03	2.757122992770191794e-01	1.787655918669688315e-01	2.371182681830083794e-01	1.424413639265525444e-01	6.795886326313185788e-02	2.762946714382199034e-02	7.037414633916325157e-02
1.023188400188092373e+03	2.754651158475212025e-01	1.786019715097873495e-01	2.372903930881154755e-01	1.425455316475833512e-01	6.799595578192785261e-02	2.766056677869424898e-02	7.044046534603654042e-02
1.024639731252188767e+03	2.752183524473859610e-01	1.784386260152591996e-01	2.374622280599442969e-01	1.426495263192086305e-01	6.803298750439989995e-02	2.769161462997319842e-02	7.050666502349485498e-02
1.026091062316285615e+03	2.749720083662904879e-01	1.782755549213959623e-01	2.376337735860429567e-01	1.427533480919750963e-01	6.806995853322915513e-02	2.772261072510047442e-02	7.057274577563188434e-02
1.027542393380382237e+03	2.747260828950145450e-01	1.781127577669857909e-01	2.378050301531396959e-01	1.428569971207462319e-01	6.810686897092317615e-02	2.775355509375597787e-02	7.063870799910051956e-02
1.028993724444478858e+03	2.744805753254419001e-01	1.779502340915921355e-01	2.379759982471444657e-01	1.429604735645438884e-01	6.814371891981615970e-02	2.778444776777338338e-02	7.070455208335396646e-02
1.030445055508575479e+03	2.742354849505616587e-01	1.777879834355523825e-01	2.381466783531502041e-01	1.430637775863951022e-01	6.818050848206923253e-02	2.781528878105859678e-02	7.077027841087872584e-02
1.031896386572671872e+03	2.739908110644694861e-01	1.776260053399766337e-01	2.383170709554341404e-01	1.431669093531841574e-01	6.821723775967070136e-02	2.784607816951100920e-02	7.083588735741973286e-02
1.033347717636768493e+03	2.737465529623688831e-01	1.774642993467463736e-01	2.384871765374592667e-01	1.432698690355097282e-01	6.825390685443637195e-02	2.787681597094751260e-02	7.090137929219776647e-02
1.034799048700865114e+03	2.735027099405717976e-01	1.773028649985130822e-01	2.386569955818756972e-01	1.433726568075468222e-01	6.829051586800981288e-02	2.790750222502913144e-02	7.096675457811955912e-02
1.036250379764961508e+03	2.732592812964999562e-01	1.771417018386970688e-01	2.388265285705219454e-01	1.434752728469131655e-01	6.832706490186260528e-02	2.793813697319020781e-02	7.103201357198089816e-02
1.037701710829058356e+03	2.730162663286856417e-01	1.769808094114861952e-01	2.389957759844263951e-01	1.435777173345403612e-01	6.836355405729460655e-02	2.796872025857004285e-02	7.109715662466264963e-02
1.039153041893154750e+03	2.727736643367720260e-01	1.768201872618344328e-01	2.391647383038085217e-01	1.436799904545492945e-01	6.839998343543431114e-02	2.799925212594691140e-02	7.116218408132032880e-02
1.040604372957251599e+03	2.725314746215144468e-01	1.766598349354607245e-01	2.393334160080804462e-01	1.437820923941296736e-01	6.843635313723901714e-02	2.802973262167437682e-02	7.122709628156717598e-02
1.042055704021347992e+03	2.722896964847803525e-01	1.764997519788475688e-01	2.395018095758481014e-01	1.438840233434238447e-01	6.847266326349514542e-02	2.806016179361980889e-02	7.129189355965108443e-02
1.043507035085444613e+03	2.720483292295501343e-01	1.763399379392398825e-01	2.396699194849126191e-01	1.439857834954141325e-01	6.850891391481853110e-02	2.809053969110506324e-02	7.135657624462550530e-02
1.044958366149541234e+03	2.718073721599175707e-01	1.761803923646436121e-01	2.398377462122718018e-01	1.440873730458144264e-01	6.854510519165468718e-02	2.812086636484919383e-02	7.142114466051457944e-02
1.046409697213637855e+03	2.715668245810898274e-01	1.760211148038244855e-01	2.400052902341213990e-01	1.441887921929650984e-01	6.858123719427908216e-02	2.815114186691318812e-02	7.148559912647277359e-02
1.047861028277734476e+03	2.713266857993880676e-01	1.758621048063067627e-01	2.401725520258563285e-01	1.442900411377317227e-01	6.861731002279738978e-02	2.818136625064661741e-02	7.154993995693895159e-02
1.049312359341831097e+03	2.710869551222475082e-01	1.757033619223718479e-01	2.403395320620722309e-01	1.443911200834068764e-01	6.865332377714579437e-02	2.821153957063615367e-02	7.161416746178543569e-02
1.050763690405927491e+03	2.708476318582173636e-01	1.755448857030572074e-01	2.405062308165666629e-01	1.444920292356156044e-01	6.868927855709126840e-02	2.824166188265586977e-02	7.167828194646187756e-02
1.052215021470024112e+03	2.706087153169610682e-01	1.753866757001548982e-01	2.406726487623405131e-01	1.445927688022238533e-01	6.872517446223182225e-02	2.827173324361928822e-02	7.174228371213435540e-02
1.053666352534120733e+03	2.703702048092563315e-01	1.752287314662104856e-01	2.408387863715993060e-01	1.446933389932500702e-01	6.876101159199676793e-02	2.830175371153310568e-02	7.180617305581972476e-02
1.055117683598217127e+03	2.701320996469949165e-01	1.750710525545216278e-01	2.410046441157545349e-01	1.447937400207796321e-01	6.879679004564705214e-02	2.833172334545252732e-02	7.186995027051550078e-02
1.056569014662313975e+03	2.698943991431824174e-01	1.749136385191368548e-01	2.411702224654250215e-01	1.448939720988825230e-01	6.883250992227549214e-02	2.836164220543815548e-02	7.193361564532527175e-02
1.058020345726410369e+03	2.696571026119384262e-01	1.747564889148543743e-01	2.413355218904381649e-01	1.449940354435332590e-01	6.886817132080702564e-02	2.839151035251442912e-02	7.199716946557996322e-02
1.059471676790506763e+03	2.694202093684959776e-01	1.745996032972207124e-01	2.415005428598313852e-01	1.450939302725341162e-01	6.890377433999904377e-02	2.842132784862946501e-02	7.206061201295489715e-02
1.060923007854603611e+03	2.691837187292012157e-01	1.744429812225295195e-01	2.416652858418534555e-01	1.451936568054403298e-01	6.893931907844162710e-02	2.845109475661634912e-02	7.212394356558304853e-02
1.062374338918700232e+03	2.689476300115132279e-01	1.742866222478203220e-01	2.418297513039656677e-01	1.452932152634883456e-01	6.897480563455779534e-02	2.848081114015575330e-02	7.218716439816436070e-02
1.063825669982796853e+03	2.687119425340037115e-01	1.741305259308771891e-01	2.419939397128432756e-01	1.453926058695260981e-01	6.901023410660384050e-02	2.851047706373989812e-02	7.225027478207145248e-02
1.065277001046893474e+03	2.684766556163561968e-01	1.739746918302275402e-01	2.421578515343768279e-01	1.454918288479458699e-01	6.904560459266960437e-02	2.854009259263775092e-02	7.231327498545168930e-02
1.066728332110990095e+03	2.682417685793657691e-01	1.738191195051408955e-01	2.423214872336734160e-01	1.455908844246193157e-01	6.908091719067865899e-02	2.856965779286147616e-02	7.237616527332589589e-02
1.068179663175086489e+03	2.680072807449386252e-01	1.736638085156276823e-01	2.424848472750580630e-01	1.456897728268346792e-01	6.911617199838868131e-02	2.859917273113403782e-02	7.243894590768365505e-02
1.069630994239183110e+03	2.677731914360911847e-01	1.735087584224378476e-01	2.426479321220749441e-01	1.457884942832362307e-01	6.915136911339166137e-02	2.862863747485797777e-02	7.250161714757548392e-02
1.071082325303279504e+03	2.675394999769498683e-01	1.733539687870597479e-01	2.428107422374888302e-01	1.458870490237655637e-01	6.918650863311420762e-02	2.865805209208526286e-02	7.256417924920183227e-02
1.072533656367376352e+03	2.673062056927500429e-01	1.731994391717187887e-01	2.429732780832862538e-01	1.459854372796049460e-01	6.922159065481783835e-02	2.868741665148821784e-02	7.262663246599913858e-02
1.073984987431472746e+03	2.670733079098355778e-01	1.730451691393763425e-01	2.431355401206768962e-01	1.460836592831227243e-01	6.925661527559920372e-02	2.871673122233146108e-02	7.268897704872293031e-02
1.075436318495569594e+03	2.668408059556581224e-01	1.728911582537283886e-01	2.432975288100948652e-01	1.461817152678202558e-01	6.929158259239039108e-02	2.874599587444487403e-02	7.275121324552819013e-02
1.076887649559666215e+03	2.666086991587760524e-01	1.727374060792042920e-01	2.434592446112000541e-01	1.462796054682809765e-01	6.932649270195917479e-02	2.877521067819747980e-02	7.281334130204700217e-02
1.078338980623762609e+03	2.663769868488541359e-01	1.725839121809655541e-01	2.436206879828794192e-01	1.463773301201208576e-01	6.936134570090930762e-02	2.880437570447227924e-02	7.287536146146353366e-02
1.079790311687859230e+03	2.661456683566620351e-01	1.724306761249047026e-01	2.437818593832481173e-01	1.464748894599408324e-01	6.939614168568079833e-02	2.883349102464197525e-02	7.293727396458656032e-02
1.081241642751955851e+03	2.659147430140740842e-01	1.722776974776439596e-01	2.439427592696511160e-01	1.465722837252805832e-01	6.943088075255017533e-02	2.886255671054554703e-02	7.299907904991954910e-02
1.082692973816052472e+03	2.656842101540680678e-01	1.721249758065339919e-01	2.441033880986642202e-01	1.466695131545740216e-01	6.946556299763073650e-02	2.889157283446566402e-02	7.306077695372829861e-02
1.084144304880149093e+03	2.654540691107242778e-01	1.719725106796527458e-01	2.442637463260954322e-01	1.467665779871062948e-01	6.950018851687285448e-02	2.892053946910690121e-02	7.312236791010646997e-02
1.085595635944245487e+03	2.652243192192246246e-01	1.718203016658042259e-01	2.444238344069863400e-01	1.468634784629720691e-01	6.953475740606419875e-02	2.894945668757474555e-02	7.318385215103874464e-02
1.087046967008342108e+03	2.649949598158518049e-01	1.716683483345172179e-01	2.445836527956132544e-01	1.469602148230353400e-01	6.956926976083006864e-02	2.897832456335532395e-02	7.324522990646196996e-02
1.088498298072438729e+03	2.647659902379878027e-01	1.715166502560441508e-01	2.447432019454886809e-01	1.470567873088906297e-01	6.960372567663362930e-02	2.900714317029588069e-02	7.330650140432420914e-02
1.089949629136535123e+03	2.645374098241134453e-01	1.713652070013597928e-01	2.449024823093623737e-01	1.471531961628254337e-01	6.963812524877617538e-02	2.903591258258593141e-02	7.336766687064186221e-02
1.091400960200631971e+03	2.643092179138069042e-01	1.712140181421601126e-01	2.450614943392228073e-01	1.472494416277838891e-01	6.967246857239742241e-02	2.906463287473911791e-02	7.342872652955480250e-02
1.092852291264728365e+03	2.640814138477427520e-01	1.710630832508610311e-01	2.452202384862983697e-01	1.473455239473317469e-01	6.970675574247572892e-02	2.909330412157567700e-02	7.348968060337968122e-02
1.094303622328825213e+03	2.638539969676910180e-01	1.709124019005971995e-01	2.453787152010587225e-01	1.474414433656225931e-01	6.974098685382844331e-02	2.912192639820558593e-02	7.355052931266146954e-02
1.095754953392921607e+03	2.636269666165157455e-01	1.707619736652208342e-01	2.455369249332158554e-01	1.475372001273649591e-01	6.977516200111208433e-02	2.915049978001225603e-02	7.361127287622327986e-02
1.097206284457018228e+03	2.634003221381741033e-01	1.706117981193004673e-01	2.456948681317256133e-01	1.476327944777907353e-01	6.980928127882270184e-02	2.917902434263687506e-02	7.367191151121450787e-02
1.098657615521114849e+03	2.631740628777150537e-01	1.704618748381197535e-01	2.458525452447888893e-01	1.477282266626246676e-01	6.984334478129605728e-02	2.920750016196327348e-02	7.373244543315733701e-02
1.100108946585211470e+03	2.629481881812781863e-01	1.703122033976763039e-01	2.460099567198528181e-01	1.478234969280547706e-01	6.987735260270792892e-02	2.923592731410333198e-02	7.379287485599170249e-02
1.101560277649308091e+03	2.627226973960924972e-01	1.701627833746803820e-01	2.461671030036121088e-01	1.479186055207037664e-01	6.991130483707441723e-02	2.926430587538295450e-02	7.385319999211881203e-02
1.103011608713404712e+03	2.624975898704753341e-01	1.700136143465538763e-01	2.463239845420103213e-01	1.480135526876016072e-01	6.994520157825216689e-02	2.929263592232851654e-02	7.391342105244311234e-02
1.104462939777501106e+03	2.622728649538308976e-01	1.698646958914289129e-01	2.464806017802410598e-01	1.481083386761587184e-01	6.997904291993860271e-02	2.932091753165381662e-02	7.397353824641290931e-02
1.105914270841597499e+03	2.620485219966490198e-01	1.697160275881468283e-01	2.466369551627493328e-01	1.482029637341402972e-01	7.001282895567227660e-02	2.934915078024749949e-02	7.403355178205964227e-02
1.107365601905694348e+03	2.618245603505041097e-01	1.695676090162568928e-01	2.467930451332326913e-01	1.482974281096413882e-01	7.004655977883306184e-02	2.937733574516094084e-02	7.409346186603579798e-02
1.108816932969790741e+03	2.616009793680535989e-01	1.694194397560150611e-01	2.469488721346425886e-01	1.483917320510629301e-01	7.008023548264245839e-02	2.940547250359656917e-02	7.415326870365163137e-02
1.110268264033887590e+03	2.613777784030368312e-01	1.692715193883829461e-01	2.471044366091856015e-01	1.484858758070884133e-01	7.011385616016385658e-02	2.943356113289662124e-02	7.421297249891059544e-02
1.111719595097984211e+03	2.611549568102733976e-01	1.691238474950264581e-01	2.472597389983246241e-01	1.485798596266615923e-01	7.014742190430280078e-02	2.946160171053230012e-02	7.427257345454360560e-02
1.113170926162080832e+03	2.609325139456623033e-01	1.689764236583148060e-01	2.474147797427802553e-01	1.486736837589646421e-01	7.018093280780721144e-02	2.948959431409333559e-02	7.433207177204223526e-02
1.114622257226177226e+03	2.607104491661802470e-01	1.688292474613191096e-01	2.475695592825318536e-01	1.487673484533972301e-01	7.021438896326774592e-02	2.951753902127793663e-02	7.439146765169067643e-02
1.116073588290273847e+03	2.604887618298802887e-01	1.686823184878113724e-01	2.477240780568189527e-01	1.488608539595563662e-01	7.024779046311793729e-02	2.954543590988308391e-02	7.445076129259678432e-02
1.117524919354370468e+03	2.602674512958906283e-01	1.685356363222632881e-01	2.478783365041424269e-01	1.489542005272167513e-01	7.028113739963456896e-02	2.957328505779522124e-02	7.450995289272191457e-02
1.118976250418467089e+03	2.600465169244130514e-01	1.683892005498449640e-01	2.480323350622657408e-01	1.490473884063118482e-01	7.031442986493785519e-02	2.960108654298126973e-02	7.456904264890996947e-02
1.120427581482563710e+03	2.598259580767218191e-01	1.682430107564238386e-01	2.481860741682162808e-01	1.491404178469157293e-01	7.034766795099176018e-02	2.962884044347996806e-02	7.462803075691533394e-02
1.121878912546660331e+03	2.596057741151618914e-01	1.680970665285634880e-01	2.483395542582863547e-01	1.492332890992253136e-01	7.038085174960423407e-02	2.965654683739355271e-02	7.468691741142993723e-02
1.123330243610756725e+03	2.593859644031475953e-01	1.679513674535224321e-01	2.484927757680346627e-01	1.493260024135434350e-01	7.041398135242749046e-02	2.968420580287972621e-02	7.474570280610939865e-02
1.124781574674853118e+03	2.591665283051614033e-01	1.678059131192530251e-01	2.486457391322874633e-01	1.494185580402622726e-01	7.044705685095822845e-02	2.971181741814395497e-02	7.480438713359836844e-02
1.126232905738949967e+03	2.589474651867523236e-01	1.676607031144002335e-01	2.487984447851397662e-01	1.495109562298475026e-01	7.048007833653797960e-02	2.973938176143201342e-02	7.486297058555493877e-02
1.127684236803046360e+03	2.587287744145345125e-01	1.675157370283004432e-01	2.489508931599565822e-01	1.496031972328228099e-01	7.051304590035326059e-02	2.976689891102286475e-02	7.492145335267429151e-02
1.129135567867143209e+03	2.585104553561857754e-01	1.673710144509804043e-01	2.491030846893741435e-01	1.496952812997552340e-01	7.054595963343590626e-02	2.979436894522174972e-02	7.497983562471159658e-02
1.130586898931239830e+03	2.582925073804460125e-01	1.672265349731559547e-01	2.492550198053011257e-01	1.497872086812406245e-01	7.057881962666331943e-02	2.982179194235357739e-02	7.503811759050411923e-02
1.132038229995336451e+03	2.580749298571160533e-01	1.670822981862309931e-01	2.494066989389199518e-01	1.498789796278899578e-01	7.061162597075870684e-02	2.984916798075654479e-02	7.509629943799255025e-02
1.133489561059432845e+03	2.578577221570557687e-01	1.669383036822961464e-01	2.495581225206878750e-01	1.499705943903157368e-01	7.064437875629137054e-02	2.987649713877600990e-02	7.515438135424175325e-02
1.134940892123529466e+03	2.576408836521830170e-01	1.667945510541277987e-01	2.497092909803382277e-01	1.500620532191192791e-01	7.067707807367692996e-02	2.990377949475859359e-02	7.521236352546073478e-02
1.136392223187626087e+03	2.574244137154717560e-01	1.666510398951868144e-01	2.498602047468818366e-01	1.501533563648780045e-01	7.070972401317762723e-02	2.993101512704651052e-02	7.527024613702198996e-02
1.137843554251722708e+03	2.572083117209508774e-01	1.665077697996174000e-01	2.500108642486079114e-01	1.502445040781335561e-01	7.074231666490252146e-02	2.995820411397210475e-02	7.532802937348018202e-02
1.139294885315819101e+03	2.569925770437022639e-01	1.663647403622460219e-01	2.501612699130855155e-01	1.503354966093800038e-01	7.077485611880782179e-02	2.998534653385261095e-02	7.538571341859023889e-02
1.140746216379915950e+03	2.567772090598599011e-01	1.662219511785802128e-01	2.503114221671646211e-01	1.504263342090526590e-01	7.080734246469706783e-02	3.001244246498510973e-02	7.544329845532489476e-02
1.142197547444012343e+03	2.565622071466076570e-01	1.660794018448074338e-01	2.504613214369774687e-01	1.505170171275171387e-01	7.083977579222149046e-02	3.003949198564168088e-02	7.550078466589157933e-02
1.143648878508108737e+03	2.563475706821783384e-01	1.659370919577938808e-01	2.506109681479396500e-01	1.506075456150589298e-01	7.087215619088013674e-02	3.006649517406473349e-02	7.555817223174876585e-02
1.145100209572205586e+03	2.561332990458518033e-01	1.657950211150834852e-01	2.507603627247513289e-01	1.506979199218732024e-01	7.090448375002023074e-02	3.009345210846254767e-02	7.561546133362183342e-02
1.146551540636302207e+03	2.559193916179536843e-01	1.656531889148966097e-01	2.509095055913984074e-01	1.507881402980549568e-01	7.093675855883739556e-02	3.012036286700494822e-02	7.567265215151841584e-02
1.148002871700398828e+03	2.557058477798535567e-01	1.655115949561289934e-01	2.510583971711539131e-01	1.508782069935896697e-01	7.096898070637590317e-02	3.014722752781918980e-02	7.572974486474315370e-02
1.149454202764495449e+03	2.554926669139636619e-01	1.653702388383506139e-01	2.512070378865789988e-01	1.509681202583440796e-01	7.100115028152891028e-02	3.017404616898596709e-02	7.578673965191208561e-02
1.150905533828591842e+03	2.552798484037371862e-01	1.652291201618046046e-01	2.513554281595242190e-01	1.510578803420573601e-01	7.103326737303877758e-02	3.020081886853562617e-02	7.584363669096647054e-02
1.152356864892688463e+03	2.550673916336669289e-01	1.650882385274059505e-01	2.515035684111308067e-01	1.511474874943325719e-01	7.106533206949725012e-02	3.022754570444447300e-02	7.590043615918627695e-02
1.153808195956785084e+03	2.548552959892834702e-01	1.649475935367405721e-01	2.516514590618315617e-01	1.512369419646285296e-01	7.109734445934574876e-02	3.025422675463128319e-02	7.595713823320306146e-02
1.155259527020881706e+03	2.546435608571537279e-01	1.648071847920640487e-01	2.517991005313524600e-01	1.513262440022517530e-01	7.112930463087563382e-02	3.028086209695390885e-02	7.601374308901265309e-02
1.156710858084978327e+03	2.544321856248794589e-01	1.646670118963005636e-01	2.519464932387135425e-01	1.514153938563489454e-01	7.116121267222844105e-02	3.030745180920605547e-02	7.607025090198721307e-02
1.158162189149074720e+03	2.542211696810955934e-01	1.645270744530417939e-01	2.520936376022302472e-01	1.515043917758992498e-01	7.119306867139613137e-02	3.033399596911416640e-02	7.612666184688705873e-02
1.159613520213171569e+03	2.540105124154688476e-01	1.643873720665456617e-01	2.522405340395144080e-01	1.515932380097075594e-01	7.122487271622136851e-02	3.036049465433445296e-02	7.618297609787198776e-02
1.161064851277267962e+03	2.538002132186958915e-01	1.642479043417353624e-01	2.523871829674756428e-01	1.516819328063972183e-01	7.125662489439772707e-02	3.038694794245001829e-02	7.623919382851238047e-02
1.162516182341364356e+03	2.535902714825019055e-01	1.641086708841981989e-01	2.525335848023225749e-01	1.517704764144035823e-01	7.128832529346999791e-02	3.041335591096812688e-02	7.629531521179977460e-02
1.163967513405461204e+03	2.533806865996390267e-01	1.639696713001844164e-01	2.526797399595638871e-01	1.518588690819675235e-01	7.131997400083436855e-02	3.043971863731759209e-02	7.635134042015728761e-02
1.165418844469557826e+03	2.531714579638847940e-01	1.638309051966062024e-01	2.528256488540093772e-01	1.519471110571291861e-01	7.135157110373875622e-02	3.046603619884623651e-02	7.640726962544949763e-02
1.166870175533654447e+03	2.529625849700405937e-01	1.636923721810364385e-01	2.529713118997713450e-01	1.520352025877220181e-01	7.138311668928300213e-02	3.049230867281849805e-02	7.646310299899215790e-02
1.168321506597751068e+03	2.527540670139298840e-01	1.635540718617076728e-01	2.531167295102656478e-01	1.521231439213669712e-01	7.141461084441916296e-02	3.051853613641310539e-02	7.651884071156161982e-02
1.169772837661847461e+03	2.525459034923967505e-01	1.634160038475109822e-01	2.532619020982129765e-01	1.522109353054669767e-01	7.144605365595170510e-02	3.054471866672088531e-02	7.657448293340377021e-02
1.171224168725944082e+03	2.523380938033042975e-01	1.632781677479948623e-01	2.534068300756399661e-01	1.522985769872015616e-01	7.147744521053780997e-02	3.057085634074262898e-02	7.663002983424294090e-02
1.172675499790040703e+03	2.521306373455332039e-01	1.631405631733641171e-01	2.535515138538801949e-01	1.523860692135215467e-01	7.150878559468759610e-02	3.059694923538708311e-02	7.668548158329030473e-02
1.174126830854137097e+03	2.519235335189798364e-01	1.630031897344788316e-01	2.536959538435757389e-01	1.524734122311440787e-01	7.154007489476436887e-02	3.062299742746900019e-02	7.674083834925214676e-02
1.175578161918233945e+03	2.517167817245549166e-01	1.628660470428531792e-01	2.538401504546780041e-01	1.525606062865479118e-01	7.157131319698485650e-02	3.064900099370728576e-02	7.679610030033784396e-02
1.177029492982330339e+03	2.515103813641818009e-01	1.627291347106543384e-01	2.539841040964489483e-01	1.526476516259686056e-01	7.160250058741948753e-02	3.067496001072324632e-02	7.685126760426755355e-02
1.178480824046426733e+03	2.513043318407949811e-01	1.625924523507014108e-01	2.541278151774623573e-01	1.527345484953940291e-01	7.163363715199261295e-02	3.070087455503887897e-02	7.690634042827967920e-02
1.179932155110523581e+03	2.510986325583384193e-01	1.624559995764643383e-01	2.542712841056049000e-01	1.528212971405601139e-01	7.166472297648278367e-02	3.072674470307526495e-02	7.696131893913812916e-02
1.181383486174620202e+03	2.508932829217639937e-01	1.623197760020627656e-01	2.544145112880771831e-01	1.529078978069466077e-01	7.169575814652297263e-02	3.075257053115102931e-02	7.701620330313932450e-02
1.182834817238716823e+03	2.506882823370298330e-01	1.621837812422650127e-01	2.545574971313953050e-01	1.529943507397730496e-01	7.172674274760079682e-02	3.077835211548085939e-02	7.707099368611898538e-02
1.184286148302813444e+03	2.504836302110988178e-01	1.620480149124869096e-01	2.547002420413916335e-01	1.530806561839948843e-01	7.175767686505882259e-02	3.080408953217411705e-02	7.712569025345870910e-02
1.185737479366910065e+03	2.502793259519369151e-01	1.619124766287907968e-01	2.548427464232159156e-01	1.531668143842997154e-01	7.178856058409477381e-02	3.082978285723348560e-02	7.718029317009234003e-02
1.187188810431006686e+03	2.500753689685116798e-01	1.617771660078843321e-01	2.549850106813366657e-01	1.532528255851036414e-01	7.181939398976178168e-02	3.085543216655370000e-02	7.723480260051215907e-02
1.188640141495103080e+03	2.498717586707904781e-01	1.616420826671195188e-01	2.551270352195422197e-01	1.533386900305478973e-01	7.185017716696862067e-02	3.088103753592033943e-02	7.728921870877487887e-02
1.190091472559199701e+03	2.496684944697391273e-01	1.615072262244915124e-01	2.552688204409418460e-01	1.534244079644953851e-01	7.188091020047997215e-02	3.090659904100866856e-02	7.734354165850737539e-02
1.191542803623296322e+03	2.494655757773201199e-01	1.613725962986376494e-01	2.554103667479669659e-01	1.535099796305275099e-01	7.191159317491667424e-02	3.093211675738253771e-02	7.739777161291243324e-02
1.192994134687392716e+03	2.492630020064911245e-01	1.612381925088362256e-01	2.555516745423722091e-01	1.535954052719409879e-01	7.194222617475594383e-02	3.095759076049333855e-02	7.745190873477408866e-02
1.194445465751489564e+03	2.490607725712032650e-01	1.611040144750055525e-01	2.556927442252364679e-01	1.536806851317449318e-01	7.197280928433161251e-02	3.098302112567901875e-02	7.750595318646295862e-02
1.195896796815585958e+03	2.488588868863997328e-01	1.609700618177028753e-01	2.558335761969643962e-01	1.537658194526578814e-01	7.200334258783439023e-02	3.100840792816313141e-02	7.755990512994132002e-02
1.197348127879682352e+03	2.486573443680140105e-01	1.608363341581232064e-01	2.559741708572870755e-01	1.538508084771051387e-01	7.203382616931211513e-02	3.103375124305395028e-02	7.761376472676816130e-02
1.198799458943779200e+03	2.484561444329683733e-01	1.607028311180983271e-01	2.561145286052634584e-01	1.539356524472159926e-01	7.206426011266996168e-02	3.105905114534361633e-02	7.766753213810390077e-02
1.200250790007875821e+03	2.482552864991722230e-01	1.605695523200956487e-01	2.562546498392814787e-01	1.540203516048211652e-01	7.209464450167071825e-02	3.108430770990734324e-02	7.772120752471509131e-02
1.201702121071972442e+03	2.480547699855205346e-01	1.604364973872172140e-01	2.563945349570589394e-01	1.541049061914503138e-01	7.212497941993500916e-02	3.110952101150266103e-02	7.777479104697901380e-02
1.203153452136069063e+03	2.478545943118922734e-01	1.603036659431986144e-01	2.565341843556449564e-01	1.541893164483297274e-01	7.215526495094153059e-02	3.113469112476870138e-02	7.782828286488793768e-02
1.204604783200165684e+03	2.476547588991487858e-01	1.601710576124079077e-01	2.566735984314207353e-01	1.542735826163799118e-01	7.218550117802730037e-02	3.115981812422551761e-02	7.788168313805350629e-02
1.206056114264262078e+03	2.474552631691322169e-01	1.600386720198445911e-01	2.568127775801011814e-01	1.543577049362135079e-01	7.221568818438789394e-02	3.118490208427345325e-02	7.793499202571080309e-02
1.207507445328358699e+03	2.472561065446639283e-01	1.599065087911384353e-01	2.569517221967355103e-01	1.544416836481330435e-01	7.224582605307770800e-02	3.120994307919253488e-02	7.798820968672237619e-02
1.208958776392455093e+03	2.470572884495428612e-01	1.597745675525485687e-01	2.570904326757088021e-01	1.545255189921290739e-01	7.227591486701015477e-02	3.123494118314192741e-02	7.804133627958213804e-02
1.210410107456551941e+03	2.468588083085440088e-01	1.596428479309623671e-01	2.572289094107426677e-01	1.546092112078780167e-01	7.230595470895795351e-02	3.125989647015937900e-02	7.809437196241915402e-02
1.211861438520648335e+03	2.466606655474168075e-01	1.595113495538942883e-01	2.573671527948966919e-01	1.546927605347404588e-01	7.233594566155328309e-02	3.128480901416075960e-02	7.814731689300129236e-02
1.213312769584745183e+03	2.464628595928834431e-01	1.593800720494850109e-01	2.575051632205694885e-01	1.547761672117591025e-01	7.236588780728814285e-02	3.130967888893956136e-02	7.820017122873874904e-02
1.214764100648841804e+03	2.462653898726374913e-01	1.592490150465002141e-01	2.576429410794998098e-01	1.548594314776573500e-01	7.239578122851449138e-02	3.133450616816649270e-02	7.825293512668762830e-02
1.216215431712937971e+03	2.460682558153421129e-01	1.591181781743296053e-01	2.577804867627676022e-01	1.549425535708374158e-01	7.242562600744452406e-02	3.135929092538906893e-02	7.830560874355312062e-02
1.217666762777034819e+03	2.458714568506286391e-01	1.589875610629858660e-01	2.579178006607950602e-01	1.550255337293788005e-01	7.245542222615089512e-02	3.138403323403124445e-02	7.835819223569291669e-02
1.219118093841131440e+03	2.456749924090947668e-01	1.588571633431036523e-01	2.580548831633479034e-01	1.551083721910367641e-01	7.248516996656695355e-02	3.140873316739303811e-02	7.841068575912027439e-02
1.220569424905228061e+03	2.454788619223031987e-01	1.587269846459384293e-01	2.581917346595364315e-01	1.551910691932408548e-01	7.251486931048700679e-02	3.143339079865024172e-02	7.846308946950715513e-02
1.222020755969324682e+03	2.452830648227800059e-01	1.585970246033655273e-01	2.583283555378164675e-01	1.552736249730934381e-01	7.254452033956654278e-02	3.145800620085412169e-02	7.851540352218719376e-02
1.223472087033421303e+03	2.450876005440129624e-01	1.584672828478790596e-01	2.584647461859906348e-01	1.553560397673684479e-01	7.257412313532245196e-02	3.148257944693114152e-02	7.856762807215858513e-02
1.224923418097517697e+03	2.448924685204500462e-01	1.583377590125908674e-01	2.586009069912094116e-01	1.554383138125101094e-01	7.260367777913323550e-02	3.150711060968271193e-02	7.861976327408690124e-02
1.226374749161614318e+03	2.446976681874978576e-01	1.582084527312295485e-01	2.587368383399721306e-01	1.555204473446315516e-01	7.263318435223932445e-02	3.153159976178496887e-02	7.867180928230788073e-02
1.227826080225710712e+03	2.445031989815199536e-01	1.580793636381393197e-01	2.588725406181282551e-01	1.556024405995138360e-01	7.266264293574324629e-02	3.155604697578858614e-02	7.872376625083005175e-02
1.229277411289807560e+03	2.443090603398354044e-01	1.579504913682790723e-01	2.590080142108783234e-01	1.556842938126046516e-01	7.269205361060987469e-02	3.158045232411856029e-02	7.877563433333734100e-02
1.230728742353903954e+03	2.441152517007171563e-01	1.578218355572213183e-01	2.591432595027750585e-01	1.557660072190173162e-01	7.272141645766663776e-02	3.160481587907407186e-02	7.882741368319158559e-02
1.232180073418000802e+03	2.439217725033903938e-01	1.576933958411511350e-01	2.592782768777246449e-01	1.558475810535298323e-01	7.275073155760383714e-02	3.162913771282833963e-02	7.887910445343498944e-02
1.233631404482097196e+03	2.437286221880311798e-01	1.575651718568650828e-01	2.594130667189874506e-01	1.559290155505836939e-01	7.277999899097474523e-02	3.165341789742849576e-02	7.893070679679252410e-02
1.235082735546193817e+03	2.435358001957645679e-01	1.574371632417703171e-01	2.595476294091794145e-01	1.560103109442831371e-01	7.280921883819597984e-02	3.167765650479547473e-02	7.898222086567423250e-02
1.236534066610290438e+03	2.433433059686633537e-01	1.573093696338834779e-01	2.596819653302731012e-01	1.560914674683942238e-01	7.283839117954765685e-02	3.170185360672392316e-02	7.903364681217749099e-02
1.237985397674387059e+03	2.431511389497462705e-01	1.571817906718296354e-01	2.598160748635985340e-01	1.561724853563438153e-01	7.286751609517359840e-02	3.172600927488213735e-02	7.908498478808918819e-02
1.239436728738483680e+03	2.429592985829765739e-01	1.570544259948413179e-01	2.599499583898445820e-01	1.562533648412191001e-01	7.289659366508163818e-02	3.175012358081198000e-02	7.913623494488788990e-02
1.240888059802580301e+03	2.427677843132604318e-01	1.569272752427574857e-01	2.600836162890600156e-01	1.563341061557665113e-01	7.292562396914378797e-02	3.177419659592885942e-02	7.918739743374593465e-02
1.242339390866676695e+03	2.425765955864452872e-01	1.568003380560225035e-01	2.602170489406543386e-01	1.564147095323911718e-01	7.295460708709651521e-02	3.179822839152170871e-02	7.923847240553145987e-02
1.243790721930773088e+03	2.423857318493184698e-01	1.566736140756850859e-01	2.603502567233991205e-01	1.564951752031561449e-01	7.298354309854092337e-02	3.182221903875293717e-02	7.928946001081031703e-02
1.245242052994869937e+03	2.421951925496054481e-01	1.565471029433973815e-01	2.604832400154288297e-01	1.565755033997817958e-01	7.301243208294302955e-02	3.184616860865845805e-02	7.934036039984806998e-02
1.246693384058966330e+03	2.420049771359684410e-01	1.564208043014138072e-01	2.606159991942420540e-01	1.566556943536451529e-01	7.304127411963400041e-02	3.187007717214769553e-02	7.939117372261185468e-02
1.248144715123063179e+03	2.418150850580047806e-01	1.562947177925902154e-01	2.607485346367025558e-01	1.567357482957793813e-01	7.307006928781027699e-02	3.189394480000359855e-02	7.944190012877215545e-02
1.249596046187159800e+03	2.416255157662453024e-01	1.561688430603827282e-01	2.608808467190404379e-01	1.568156654568731434e-01	7.309881766653397728e-02	3.191777156288267553e-02	7.949253976770467855e-02
1.251047377251256421e+03	2.414362687121529016e-01	1.560431797488467665e-01	2.610129358168530866e-01	1.568954460672702389e-01	7.312751933473296551e-02	3.194155753131504988e-02	7.954309278849201748e-02
1.252498708315352815e+03	2.412473433481209240e-01	1.559177275026361609e-01	2.611448023051060607e-01	1.569750903569688549e-01	7.315617437120112976e-02	3.196530277570451550e-02	7.959355933992533216e-02
1.253950039379449436e+03	2.410587391274716940e-01	1.557924859670019591e-01	2.612764465581345896e-01	1.570545985556214275e-01	7.318478285459865951e-02	3.198900736632861314e-02	7.964393957050609762e-02
1.255401370443546057e+03	2.408704555044548223e-01	1.556674547877915649e-01	2.614078689496442398e-01	1.571339708925339196e-01	7.321334486345222603e-02	3.201267137333866503e-02	7.969423362844764436e-02
1.256852701507642678e+03	2.406824919342458180e-01	1.555426336114476282e-01	2.615390698527121360e-01	1.572132075966656273e-01	7.324186047615520445e-02	3.203629486675992066e-02	7.974444166167671266e-02
1.258304032571739299e+03	2.404948478729444505e-01	1.554180220850071847e-01	2.616700496397881270e-01	1.572923088966287075e-01	7.327032977096792354e-02	3.205987791649161228e-02	7.979456381783504859e-02
1.259755363635835920e+03	2.403075227775733069e-01	1.552936198561004899e-01	2.618008086826955072e-01	1.573712750206879007e-01	7.329875282601788777e-02	3.208342059230706589e-02	7.984460024428084723e-02
1.261206694699932314e+03	2.401205161060761262e-01	1.551694265729501865e-01	2.619313473526324598e-01	1.574501061967601145e-01	7.332712971929998547e-02	3.210692296385383310e-02	7.989455108809029316e-02
1.262658025764028707e+03	2.399338273173163560e-01	1.550454418843701665e-01	2.620616660201728898e-01	1.575288026524142571e-01	7.335546052867669697e-02	3.213038510065379522e-02	7.994441649605887878e-02
1.264109356828125556e+03	2.397474558710755710e-01	1.549216654397646276e-01	2.621917650552674783e-01	1.576073646148707652e-01	7.338374533187838611e-02	3.215380707210328121e-02	7.999419661470288934e-02
1.265560687892221949e+03	2.395614012280519733e-01	1.547980968891271569e-01	2.623216448272447932e-01	1.576857923110016324e-01	7.341198420650346668e-02	3.217718894747321340e-02	8.004389159026074896e-02
1.267012018956318798e+03	2.393756628498588668e-01	1.546747358830395935e-01	2.624513057048123432e-01	1.577640859673299645e-01	7.344017723001866615e-02	3.220053079590926709e-02	8.009350156869431137e-02
1.268463350020415419e+03	2.391902401990231297e-01	1.545515820726711675e-01	2.625807480560575224e-01	1.578422458100298131e-01	7.346832447975917835e-02	3.222383268643199544e-02	8.014302669569023374e-02
1.269914681084511813e+03	2.390051327389836056e-01	1.544286351097774457e-01	2.627099722484487199e-01	1.579202720649261205e-01	7.349642603292898257e-02	3.224709468793698214e-02	8.019246711666118410e-02
1.271366012148608434e+03	2.388203399340896871e-01	1.543058946466993875e-01	2.628389786488364299e-01	1.579981649574943858e-01	7.352448196660099633e-02	3.227031686919502179e-02	8.024182297674713193e-02
1.272817343212705055e+03	2.386358612495997900e-01	1.541833603363623184e-01	2.629677676234541406e-01	1.580759247128606382e-01	7.355249235771732508e-02	3.229349929885227261e-02	8.029109442081655557e-02
1.274268674276801676e+03	2.384516961516797706e-01	1.540610318322749861e-01	2.630963395379194991e-01	1.581535515558012417e-01	7.358045728308947042e-02	3.231664204543042290e-02	8.034028159346759401e-02
1.275720005340898297e+03	2.382678441074014275e-01	1.539389087885285334e-01	2.632246947572353113e-01	1.582310457107428681e-01	7.360837681939857990e-02	3.233974517732688542e-02	8.038938463902929599e-02
1.277171336404994690e+03	2.380843045847410022e-01	1.538169908597955826e-01	2.633528336457905961e-01	1.583084074017623855e-01	7.363625104319564130e-02	3.236280876281497076e-02	8.043840370156271624e-02
1.278622667469091539e+03	2.379010770525776808e-01	1.536952777013291804e-01	2.634807565673614738e-01	1.583856368525867198e-01	7.366408003090170464e-02	3.238583287004407479e-02	8.048733892486199804e-02
1.280073998533187932e+03	2.377181609806920115e-01	1.535737689689618823e-01	2.636084638851123874e-01	1.584627342865929656e-01	7.369186385880811818e-02	3.240881756703985900e-02	8.053619045245555275e-02
1.281525329597284326e+03	2.375355558397645728e-01	1.534524643191048088e-01	2.637359559615970461e-01	1.585396999268081086e-01	7.371960260307672264e-02	3.243176292170445174e-02	8.058495842760707295e-02
1.282976660661381175e+03	2.373532611013741966e-01	1.533313634087465627e-01	2.638632331587594249e-01	1.586165339959092757e-01	7.374729633974010101e-02	3.245466900181665643e-02	8.063364299331657326e-02
1.284427991725477568e+03	2.371712762379966921e-01	1.532104658954522858e-01	2.639902958379348741e-01	1.586932367162235125e-01	7.377494514470180065e-02	3.247753587503214578e-02	8.068224429232147277e-02
1.285879322789574417e+03	2.369896007230031798e-01	1.530897714373628260e-01	2.641171443598511193e-01	1.587698083097278667e-01	7.380254909373649974e-02	3.250036360888367698e-02	8.073076246709756654e-02
1.287330653853671038e+03	2.368082340306587597e-01	1.529692796931935717e-01	2.642437790846292045e-01	1.588462489980495551e-01	7.383010826249031266e-02	3.252315227078127896e-02	8.077919765986009415e-02
1.288781984917767431e+03	2.366271756361209289e-01	1.528489903222336743e-01	2.643702003717844362e-01	1.589225590024657686e-01	7.385762272648091487e-02	3.254590192801250226e-02	8.082755001256454463e-02
1.290233315981864052e+03	2.364464250154379721e-01	1.527289029843449109e-01	2.644964085802278264e-01	1.589987385439038392e-01	7.388509256109782042e-02	3.256861264774259940e-02	8.087581966690779445e-02
