1.001418434226643626e+03	2.792173637829873378e-01	1.810789566512448490e-01	2.346887174168203749e-01	1.409873757038294650e-01	6.736630292040673984e-02	2.721542582767081178e-02	6.944585769670669206e-02
1.003837319333471214e+03	2.787955359735721506e-01	1.807999382708099789e-01	2.349824462326468577e-01	1.411656507786498427e-01	6.742764311593388293e-02	2.726894926134321162e-02	6.955983636671032866e-02
1.006256204440298802e+03	2.783749025718646464e-01	1.805217007579909549e-01	2.352753507836176372e-01	1.413434455814390200e-01	6.748881661027227030e-02	2.732231932139373570e-02	6.967346437308795382e-02
1.008675089547126618e+03	2.779554602275830510e-01	1.802442419262398343e-01	2.355674333789189168e-01	1.415207603448198903e-01	6.754982387226879381e-02	2.737553618321454316e-02	6.978674406662115082e-02
1.011093974653954206e+03	2.775372055985595998e-01	1.799675595951318596e-01	2.358586963212696563e-01	1.416975953544852562e-01	6.761066536945448124e-02	2.742860004358306167e-02	6.989967771718230694e-02
1.013512859760782021e+03	2.771201353507820042e-01	1.796916515903483891e-01	2.361491419069396414e-01	1.418739509462361437e-01	6.767134156804771594e-02	2.748151111919765535e-02	7.001226751811467919e-02
1.015931744867609382e+03	2.767042461584320878e-01	1.794165157436598546e-01	2.364387724257674406e-01	1.420498275031825131e-01	6.773185293295759524e-02	2.753426964530070187e-02	7.012451559036597670e-02
1.018350629974437197e+03	2.762895347039210914e-01	1.791421498929086364e-01	2.367275901611782252e-01	1.422252254530973758e-01	6.779219992778720560e-02	2.758687587438413136e-02	7.023642398638954565e-02
1.020769515081264785e+03	2.758759976779212031e-01	1.788685518819920217e-01	2.370155973902018098e-01	1.424001452659157396e-01	6.785238301483689782e-02	2.763933007497256997e-02	7.034799469382597981e-02
1.023188400188092373e+03	2.754636317793948685e-01	1.785957195608453840e-01	2.373027963834902776e-01	1.425745874513704159e-01	6.791240265510767316e-02	2.769163253047965054e-02	7.045922963897793823e-02
1.025607285294920075e+03	2.750524337156211030e-01	1.783236507854251696e-01	2.375891894053359932e-01	1.427485525567567248e-01	6.797225930830443075e-02	2.774378353813322304e-02	7.057013069008956363e-02
1.028026170401747549e+03	2.746424002022189725e-01	1.780523434176919939e-01	2.378747787136891723e-01	1.429220411648194355e-01	6.803195343283939545e-02	2.779578340796546448e-02	7.068069966044179808e-02
1.030445055508575479e+03	2.742335279631686884e-01	1.777817953255939887e-01	2.381595665601756173e-01	1.430950538917545589e-01	6.809148548583537908e-02	2.784763246186415867e-02	7.079093831127380998e-02
1.032863940615402726e+03	2.738258137308307028e-01	1.775120043830498984e-01	2.384435551901144257e-01	1.432675913853200256e-01	6.815085592312918050e-02	2.789933103268152706e-02	7.090084835454046885e-02
1.035282825722230655e+03	2.734192542459621400e-01	1.772429684699323160e-01	2.387267468425355033e-01	1.434396543230489485e-01	6.821006519927488854e-02	2.795087946339733925e-02	7.101043145551511060e-02
1.037701710829058356e+03	2.730138462577312852e-01	1.769746854720511964e-01	2.390091437501971616e-01	1.436112434105599744e-01	6.826911376754722649e-02	2.800227810633307279e-02	7.111968923524637776e-02
1.040120595935886058e+03	2.726095865237301852e-01	1.767071532811370360e-01	2.392907481396036040e-01	1.437823593799590349e-01	6.832800207994499386e-02	2.805352732241420816e-02	7.122862327287722561e-02
1.042539481042713533e+03	2.722064718099853065e-01	1.764403697948244421e-01	2.395715622310224668e-01	1.439530029883277773e-01	6.838673058719431375e-02	2.810462748047781387e-02	7.133723510783414323e-02
1.044958366149541234e+03	2.718044988909665838e-01	1.761743329166355621e-01	2.398515882385020836e-01	1.441231750162934588e-01	6.844529973875207451e-02	2.815557895662279195e-02	7.144552624189368095e-02
1.047377251256368709e+03	2.714036645495945810e-01	1.759090405559634585e-01	2.401308283698890267e-01	1.442928762666763065e-01	6.850370998280927437e-02	2.820638213360027874e-02	7.155349814113332041e-02
1.049796136363196410e+03	2.710039655772460976e-01	1.756444906280558438e-01	2.404092848268452598e-01	1.444621075632095131e-01	6.856196176629433814e-02	2.825703740024188698e-02	7.166115223777327903e-02
1.052215021470024112e+03	2.706053987737586097e-01	1.753806810539985939e-01	2.406869598048655967e-01	1.446308697493281503e-01	6.862005553487651732e-02	2.830754515092352014e-02	7.176848993191521642e-02
1.054633906576851814e+03	2.702079609474329902e-01	1.751176097606994275e-01	2.409638554932947430e-01	1.447991636870231413e-01	6.867799173296923465e-02	2.835790578506270157e-02	7.187551259318393504e-02
1.057052791683679516e+03	2.698116489150348962e-01	1.748552746808716141e-01	2.412399740753446431e-01	1.449669902557567669e-01	6.873577080373348414e-02	2.840811970664747915e-02	7.198222156227730706e-02
1.059471676790506763e+03	2.694164595017952135e-01	1.745936737530176530e-01	2.415153177281114949e-01	1.451343503514360145e-01	6.879339318908114786e-02	2.845818732379497631e-02	7.208861815242968707e-02
1.061890561897334692e+03	2.690223895414090571e-01	1.743328049214131203e-01	2.417898886225929023e-01	1.453012448854411054e-01	6.885085932967834055e-02	2.850810904833791723e-02	7.219470365079377894e-02
1.064309447004162394e+03	2.686294358760336065e-01	1.740726661360904870e-01	2.420636889237050005e-01	1.454676747837054529e-01	6.890816966494880957e-02	2.855788529543742613e-02	7.230047931974548092e-02
1.066728332110990095e+03	2.682375953562851634e-01	1.738132553528229374e-01	2.423367207902993037e-01	1.456336409858449976e-01	6.896532463307726568e-02	2.860751648322058804e-02	7.240594639811601119e-02
1.069147217217817570e+03	2.678468648412350994e-01	1.735545705331084376e-01	2.426089863751796916e-01	1.457991444443334783e-01	6.902232467101272750e-02	2.865700303244127570e-02	7.251110610235549092e-02
1.071566102324645271e+03	2.674572411984048603e-01	1.732966096441535542e-01	2.428804878251194233e-01	1.459641861237217786e-01	6.907917021447189387e-02	2.870634536616287549e-02	7.261595962763187084e-02
1.073984987431472746e+03	2.670687213037597485e-01	1.730393706588575220e-01	2.431512272808779018e-01	1.461287669998982963e-01	6.913586169794246061e-02	2.875554390946161512e-02	7.272050814886875381e-02
1.076403872538300675e+03	2.666813020417025948e-01	1.727828515557962852e-01	2.434212068772174664e-01	1.462928880593885872e-01	6.919239955468646508e-02	2.880459908914928188e-02	7.282475282172556907e-02
1.078822757645127922e+03	2.662949803050659314e-01	1.725270503192067040e-01	2.436904287429203786e-01	1.464565502986919510e-01	6.924878421674364459e-02	2.885351133351414521e-02	7.292869478352352608e-02
1.081241642751955851e+03	2.659097529951040539e-01	1.722719649389704843e-01	2.439588950008051982e-01	1.466197547236527676e-01	6.930501611493471159e-02	2.890228107207901825e-02	7.303233515412003996e-02
1.083660527858783553e+03	2.655256170214837508e-01	1.720175934105985793e-01	2.442266077677437697e-01	1.467825023488650293e-01	6.936109567886478144e-02	2.895090873537544546e-02	7.313567503673494563e-02
1.086079412965611255e+03	2.651425693022746444e-01	1.717639337352153406e-01	2.444935691546776257e-01	1.469447941971080140e-01	6.941702333692659210e-02	2.899939475473303080e-02	7.323871551873098462e-02
1.088498298072438729e+03	2.647606067639393657e-01	1.715109839195427810e-01	2.447597812666348627e-01	1.471066312988113522e-01	6.947279951630387640e-02	2.904773956208298730e-02	7.334145767235106250e-02
1.090917183179266431e+03	2.643797263413221188e-01	1.712587419758848928e-01	2.450252462027463218e-01	1.472680146915482380e-01	6.952842464297469272e-02	2.909594358977509246e-02	7.344390255541492774e-02
1.093336068286093905e+03	2.639999249776376899e-01	1.710072059221120766e-01	2.452899660562623541e-01	1.474289454195547855e-01	6.958389914171467239e-02	2.914400727040722047e-02	7.354605121197745066e-02
1.095754953392921607e+03	2.636211996244594014e-01	1.707563737816455152e-01	2.455539429145692509e-01	1.475894245332745047e-01	6.963922343610037813e-02	2.919193103666665318e-02	7.364790467295057041e-02
1.098173838499749309e+03	2.632435472417066769e-01	1.705062435834415469e-01	2.458171788592054818e-01	1.477494530889262303e-01	6.969439794851257919e-02	2.923971532118254529e-02	7.374946395669118582e-02
1.100592723606577010e+03	2.628669647976321633e-01	1.702568133619763169e-01	2.460796759658782640e-01	1.479090321480945047e-01	6.974942310013955427e-02	2.928736055638877026e-02	7.385073006955661379e-02
1.103011608713404712e+03	2.624914492688084633e-01	1.700080811572302342e-01	2.463414363044796607e-01	1.480681627773411668e-01	6.980429931098033891e-02	2.933486717439659150e-02	7.395170400642966935e-02
1.105430493820231959e+03	2.621169976401142576e-01	1.697600450146725948e-01	2.466024619391031236e-01	1.482268460478365912e-01	6.985902699984807007e-02	2.938223560687648964e-02	7.405238675121499081e-02
1.107849378927059888e+03	2.617436069047202607e-01	1.695127029852460943e-01	2.468627549280595079e-01	1.483850830350101624e-01	6.991360658437321962e-02	2.942946628494866670e-02	7.415277927730822005e-02
1.110268264033887590e+03	2.613712740640746768e-01	1.692660531253516176e-01	2.471223173238932536e-01	1.485428748182185676e-01	6.996803848100684176e-02	2.947655963908160995e-02	7.425288254803955046e-02
1.112687149140715292e+03	2.609999961278883784e-01	1.690200934968329460e-01	2.473811511733987056e-01	1.487002224804308825e-01	7.002232310502387591e-02	2.952351609899827797e-02	7.435269751709307207e-02
1.115106034247542766e+03	2.606297701141196965e-01	1.687748221669614912e-01	2.476392585176360184e-01	1.488571271079297820e-01	7.007646087052639416e-02	2.957033609358940968e-02	7.445222512890335709e-02
1.117524919354370468e+03	2.602605930489588770e-01	1.685302372084210576e-01	2.478966413919472811e-01	1.490135897900279616e-01	7.013045219044684864e-02	2.961702005083354308e-02	7.455146631903047938e-02
1.119943804461197942e+03	2.598924619668126490e-01	1.682863366992926879e-01	2.481533018259725332e-01	1.491696116187988530e-01	7.018429747655131890e-02	2.966356839772326531e-02	7.465042201451468906e-02
1.122362689568025871e+03	2.595253739102876267e-01	1.680431187230396750e-01	2.484092418436657512e-01	1.493251936888209119e-01	7.023799713944268996e-02	2.970998156019739184e-02	7.474909313421185253e-02
1.124781574674853118e+03	2.591593259301744889e-01	1.678005813684922964e-01	2.486644634633106699e-01	1.494803370969349232e-01	7.029155158856396912e-02	2.975625996307862398e-02	7.484748058911087909e-02
1.127200459781681047e+03	2.587943150854311591e-01	1.675587227298329651e-01	2.489189686975367688e-01	1.496350429420132966e-01	7.034496123220143615e-02	2.980240403001637936e-02	7.494558528263391139e-02
1.129619344888508749e+03	2.584303384431659856e-01	1.673175409065810471e-01	2.491727595533349826e-01	1.497893123247410474e-01	7.039822647748791851e-02	2.984841418343446920e-02	7.504340811092045926e-02
1.132038229995336451e+03	2.580673930786210324e-01	1.670770340035780954e-01	2.494258380320735491e-01	1.499431463474077131e-01	7.045134773040594156e-02	2.989429084448329971e-02	7.514094996309625407e-02
1.134457115102163925e+03	2.577054760751546492e-01	1.668372001309728347e-01	2.496782061295138022e-01	1.500965461137095114e-01	7.050432539579097602e-02	2.994003443299630626e-02	7.523821172152771186e-02
1.136876000208991627e+03	2.573445845242243180e-01	1.665980374042063672e-01	2.499298658358257985e-01	1.502495127285615184e-01	7.055715987733458816e-02	2.998564536745037742e-02	7.533519426206279623e-02
1.139294885315819101e+03	2.569847155253688342e-01	1.663595439439972401e-01	2.501808191356039712e-01	1.504020472979189782e-01	7.060985157758767339e-02	3.003112406492996697e-02	7.543189845425905815e-02
1.141713770422646803e+03	2.566258661861909318e-01	1.661217178763268187e-01	2.504310680078827289e-01	1.505541509286073831e-01	7.066240089796357871e-02	3.007647094109469968e-02	7.552832516159953269e-02
1.144132655529474505e+03	2.562680336223390754e-01	1.658845573324244371e-01	2.506806144261520819e-01	1.507058247281612695e-01	7.071480823874132238e-02	3.012168641015021756e-02	7.562447524169724211e-02
1.146551540636302207e+03	2.559112149574896411e-01	1.656480604487527430e-01	2.509294603583731575e-01	1.508570698046704517e-01	7.076707399906874418e-02	3.016677088482204103e-02	7.572034954648884653e-02
1.148970425743129908e+03	2.555554073233287649e-01	1.654122253669930154e-01	2.511776077669936602e-01	1.510078872666341110e-01	7.081919857696565568e-02	3.021172477633229242e-02	7.581594892241816375e-02
1.151389310849957155e+03	2.552006078595340233e-01	1.651770502340305369e-01	2.514250586089631923e-01	1.511582782228218791e-01	7.087118236932700432e-02	3.025654849437904581e-02	7.591127421060994696e-02
1.153808195956785084e+03	2.548468137137561706e-01	1.649425332019401058e-01	2.516718148357489637e-01	1.513082437821416659e-01	7.092302577192598212e-02	3.030124244711814366e-02	7.600632624703465567e-02
1.156227081063612786e+03	2.544940220416003762e-01	1.647086724279713810e-01	2.519178783933507249e-01	1.514577850535140380e-01	7.097472917941720361e-02	3.034580704114732061e-02	7.610110586266459476e-02
1.158645966170440488e+03	2.541422300066079609e-01	1.644754660745345320e-01	2.521632512223164202e-01	1.516069031457524530e-01	7.102629298533980062e-02	3.039024268149247490e-02	7.619561388362193488e-02
1.161064851277267962e+03	2.537914347802374682e-01	1.642429123091856125e-01	2.524079352577573432e-01	1.517555991674494897e-01	7.107771758212054480e-02	3.043454977159593122e-02	7.628985113131907247e-02
1.163483736384095664e+03	2.534416335418460675e-01	1.640110093046123207e-01	2.526519324293632907e-01	1.519038742268684350e-01	7.112900336107697008e-02	3.047872871330656666e-02	7.638381842259175936e-02
1.165902621490923138e+03	2.530928234786705699e-01	1.637797552386194844e-01	2.528952446614178839e-01	1.520517294318400048e-01	7.118015071242050906e-02	3.052277990687166792e-02	7.647751656982536284e-02
1.168321506597751068e+03	2.527450017858083320e-01	1.635491482941147934e-01	2.531378738728135014e-01	1.521991658896641730e-01	7.123116002525950452e-02	3.056670375093039141e-02	7.657094638107474205e-02
1.170740391704578315e+03	2.523981656661987150e-01	1.633191866590945618e-01	2.533798219770665994e-01	1.523461847070165798e-01	7.128203168760235964e-02	3.061050064250873948e-02	7.666410866017786541e-02
1.173159276811406244e+03	2.520523123306036006e-01	1.630898685266294057e-01	2.536210908823325894e-01	1.524927869898594912e-01	7.133276608636063276e-02	3.065417097701588281e-02	7.675700420686383529e-02
1.175578161918233945e+03	2.517074389975884618e-01	1.628611920948500325e-01	2.538616824914209369e-01	1.526389738433567844e-01	7.138336360735206276e-02	3.069771514824182201e-02	7.684963381685536166e-02
1.177997047025061647e+03	2.513635428935030447e-01	1.626331555669330575e-01	2.541015987018102606e-01	1.527847463717931509e-01	7.143382463530367765e-02	3.074113354835619413e-02	7.694199828196607305e-02
1.180415932131889122e+03	2.510206212524624392e-01	1.624057571510869602e-01	2.543408414056629319e-01	1.529301056784971025e-01	7.148414955385479219e-02	3.078442656790822407e-02	7.703409839019305372e-02
1.182834817238716823e+03	2.506786713163274283e-01	1.621789950605378727e-01	2.545794124898402289e-01	1.530750528657674192e-01	7.153433874556011651e-02	3.082759459582765094e-02	7.712593492580470389e-02
1.185253702345544298e+03	2.503376903346853366e-01	1.619528675135156193e-01	2.548173138359173251e-01	1.532195890348033995e-01	7.158439259189282311e-02	3.087063801942664665e-02	7.721750866942424241e-02
1.187672587452371999e+03	2.499976755648309901e-01	1.617273727332396993e-01	2.550545473201975555e-01	1.533637152856379138e-01	7.163431147324748893e-02	3.091355722440255679e-02	7.730882039810921258e-02
1.190091472559199701e+03	2.496586242717468429e-01	1.615025089479052434e-01	2.552911148137276820e-01	1.535074327170740938e-01	7.168409576894317625e-02	3.095635259484148805e-02	7.739987088542693572e-02
1.192510357666027403e+03	2.493205337280838541e-01	1.612782743906690797e-01	2.555270181823123821e-01	1.536507424266246313e-01	7.173374585722645802e-02	3.099902451322259639e-02	7.749066090152648134e-02
1.194929242772855105e+03	2.489834012141420028e-01	1.610546672996359674e-01	2.557622592865290145e-01	1.537936455104539912e-01	7.178326211527444323e-02	3.104157336042306578e-02	7.758119121320702916e-02
1.197348127879682352e+03	2.486472240178508042e-01	1.608316859178446079e-01	2.559968399817422746e-01	1.539361430633234273e-01	7.183264491919771899e-02	3.108399951572371131e-02	7.767146258398299752e-02
1.199767012986510281e+03	2.483119994347499637e-01	1.606093284932538223e-01	2.562307621181186823e-01	1.540782361785384413e-01	7.188189464404340367e-02	3.112630335681514787e-02	7.776147577414610490e-02
1.202185898093337983e+03	2.479777247679697816e-01	1.603875932787288960e-01	2.564640275406412373e-01	1.542199259478986839e-01	7.193101166379810285e-02	3.116848525980446191e-02	7.785123154082443375e-02
1.204604783200165684e+03	2.476443973282116962e-01	1.601664785320276729e-01	2.566966380891239630e-01	1.543612134616501597e-01	7.197999635139090691e-02	3.121054559922238972e-02	7.794073063803876045e-02
1.207023668306993159e+03	2.473120144337287440e-01	1.599459825157870385e-01	2.569285955982263392e-01	1.545020998084399022e-01	7.202884907869637476e-02	3.125248474803088428e-02	7.802997381675629007e-02
1.209442553413820860e+03	2.469805734103061035e-01	1.597261034975090699e-01	2.571599018974676798e-01	1.546425860752722869e-01	7.207757021653746210e-02	3.129430307763109848e-02	7.811896182494182383e-02
1.211861438520648335e+03	2.466500715912416097e-01	1.595068397495475188e-01	2.573905588112416210e-01	1.547826733474678418e-01	7.212616013468851894e-02	3.133600095787170831e-02	7.820769540760669214e-02
1.214280323627476264e+03	2.463205063173261322e-01	1.592881895490941835e-01	2.576205681588303875e-01	1.549223627086235844e-01	7.217461920187821789e-02	3.137757875705756566e-02	7.829617530685537008e-02
1.216699208734303511e+03	2.459918749368241175e-01	1.590701511781654753e-01	2.578499317544192815e-01	1.550616552405753856e-01	7.222294778579246843e-02	3.141903684195860441e-02	7.838440226193005289e-02
1.219118093841131440e+03	2.456641748054541052e-01	1.588527229235886795e-01	2.580786514071108928e-01	1.552005520233621094e-01	7.227114625307742846e-02	3.146037557781902055e-02	7.847237700925321913e-02
1.221536978947959142e+03	2.453374032863691601e-01	1.586359030769886602e-01	2.583067289209390327e-01	1.553390541351912513e-01	7.231921496934233529e-02	3.150159532836668136e-02	7.856010028246833421e-02
1.223955864054786844e+03	2.450115577501374153e-01	1.584196899347743992e-01	2.585341660948832776e-01	1.554771626524063532e-01	7.236715429916247555e-02	3.154269645582272880e-02	7.864757281247872212e-02
1.226374749161614318e+03	2.446866355747225052e-01	1.582040817981255620e-01	2.587609647228832910e-01	1.556148786494557235e-01	7.241496460608212726e-02	3.158367932091131480e-02	7.873479532748481335e-02
1.228793634268442020e+03	2.443626341454641915e-01	1.579890769729790923e-01	2.589871265938523681e-01	1.557522031988628763e-01	7.246264625261739090e-02	3.162454428286956554e-02	7.882176855301982477e-02
1.231212519375269494e+03	2.440395508550587955e-01	1.577746737700160273e-01	2.592126534916920910e-01	1.558891373711979444e-01	7.251019960025913147e-02	3.166529169945758032e-02	7.890849321198377397e-02
1.233631404482097196e+03	2.437173831035397420e-01	1.575608705046480373e-01	2.594375471953058732e-01	1.560256822350509220e-01	7.255762500947585125e-02	3.170592192696861794e-02	7.899497002467623097e-02
1.236050289588924898e+03	2.433961282982581575e-01	1.573476654970043520e-01	2.596618094786133923e-01	1.561618388570057692e-01	7.260492283971656247e-02	3.174643532023931763e-02	7.908119970882769578e-02
1.238469174695752372e+03	2.430757838538634419e-01	1.571350570719184381e-01	2.598854421105643020e-01	1.562976083016158479e-01	7.265209344941367386e-02	3.178683223266001723e-02	7.916718297962956064e-02
1.240888059802580301e+03	2.427563471922837834e-01	1.569230435589148431e-01	2.601084468551521089e-01	1.564329916313805802e-01	7.269913719598584956e-02	3.182711301618512678e-02	7.925292054976301737e-02
1.243306944909407548e+03	2.424378157427067859e-01	1.567116232921960117e-01	2.603308254714283287e-01	1.565679899067230763e-01	7.274605443584088171e-02	3.186727802134352999e-02	7.933841312942671586e-02
1.245725830016235477e+03	2.421201869415601782e-01	1.565007946106292958e-01	2.605525797135159749e-01	1.567026041859689856e-01	7.279284552437846612e-02	3.190732759724902029e-02	7.942366142636339554e-02
1.248144715123063179e+03	2.418034582324923298e-01	1.562905558577338261e-01	2.607737113306236587e-01	1.568368355253261792e-01	7.283951081599315813e-02	3.194726209161075081e-02	7.950866614588537884e-02
1.250563600229890881e+03	2.414876270663530167e-01	1.560809053816674674e-01	2.609942220670593560e-01	1.569706849788654879e-01	7.288605066407714828e-02	3.198708185074367050e-02	7.959342799089921816e-02
1.252982485336718355e+03	2.411726909011739639e-01	1.558718415352138842e-01	2.612141136622437299e-01	1.571041535985023829e-01	7.293246542102303775e-02	3.202678721957899488e-02	7.967794766192932976e-02
1.255401370443546057e+03	2.408586472021498337e-01	1.556633626757695232e-01	2.614333878507243969e-01	1.572372424339794628e-01	7.297875543822675282e-02	3.206637854167460749e-02	7.976222585714076718e-02
1.257820255550373531e+03	2.405454934416186297e-01	1.554554671653307074e-01	2.616520463621891945e-01	1.573699525328499660e-01	7.302492106609026479e-02	3.210585615922545433e-02	7.984626327236116206e-02
1.260239140657201460e+03	2.402332270990427399e-01	1.552481533704807570e-01	2.618700909214798367e-01	1.575022849404617564e-01	7.307096265402447666e-02	3.214522041307393829e-02	7.993006060110187383e-02
1.262658025764028707e+03	2.399218456609894801e-01	1.550414196623772223e-01	2.620875232486056250e-01	1.576342406999425294e-01	7.311688055045194312e-02	3.218447164272018185e-02	8.001361853457837625e-02
1.265076910870856636e+03	2.396113466211121090e-01	1.548352644167389491e-01	2.623043450587569936e-01	1.577658208521853511e-01	7.316267510280970165e-02	3.222361018633233820e-02	8.009693776172993607e-02
1.267495795977684338e+03	2.393017274801305938e-01	1.546296860138333673e-01	2.625205580623188317e-01	1.578970264358351694e-01	7.320834665755207582e-02	3.226263638075677065e-02	8.018001896923859784e-02
1.269914681084511813e+03	2.389929857458125140e-01	1.544246828384637504e-01	2.627361639648839731e-01	1.580278584872759906e-01	7.325389556015336756e-02	3.230155056152820420e-02	8.026286284154758588e-02
1.272333566191339514e+03	2.386851189329539380e-01	1.542202532799565040e-01	2.629511644672667958e-01	1.581583180406186118e-01	7.329932215511071603e-02	3.234035306287980777e-02	8.034547006087904009e-02
1.274752451298167216e+03	2.383781245633602719e-01	1.540163957321484811e-01	2.631655612655164900e-01	1.582884061276889909e-01	7.334462678594677598e-02	3.237904421775318620e-02	8.042784130725116887e-02
1.277171336404994690e+03	2.380720001658274132e-01	1.538131085933744091e-01	2.633793560509304355e-01	1.584181237780173945e-01	7.338980979521249337e-02	3.241762435780830287e-02	8.050997725849488862e-02
1.279590221511822392e+03	2.377667432761226274e-01	1.536103902664542054e-01	2.635925505100675248e-01	1.585474720188278508e-01	7.343487152448986699e-02	3.245609381343333988e-02	8.059187859026990808e-02
1.282009106618650094e+03	2.374623514369655908e-01	1.534082391586805150e-01	2.638051463247613193e-01	1.586764518750285180e-01	7.347981231439469629e-02	3.249445291375442635e-02	8.067354597608031308e-02
1.284427991725477568e+03	2.371588221980094335e-01	1.532066536818060543e-01	2.640171451721334273e-01	1.588050643692021646e-01	7.352463250457924593e-02	3.253270198664531820e-02	8.075498008728972110e-02
1.286846876832305497e+03	2.368561531158219213e-01	1.530056322520312595e-01	2.642285487246066045e-01	1.589333105215975650e-01	7.356933243373502129e-02	3.257084135873697384e-02	8.083618159313593621e-02
1.289265761939132744e+03	2.365543417538664706e-01	1.528051732899917969e-01	2.644393586499181881e-01	1.590611913501210894e-01	7.361391243959546082e-02	3.260887135542704651e-02	8.091715116074520153e-02
1.291684647045960673e+03	2.362533856824834411e-01	1.526052752207460173e-01	2.646495766111327530e-01	1.591887078703290437e-01	7.365837285893862829e-02	3.264679230088924494e-02	8.099788945514604932e-02
1.294103532152788375e+03	2.359532824788712346e-01	1.524059364737627431e-01	2.648592042666556567e-01	1.593158610954202581e-01	7.370271402758994672e-02	3.268460451808263140e-02	8.107839713928276237e-02
1.296522417259616077e+03	2.356540297270675599e-01	1.522071554829088347e-01	2.650682432702456959e-01	1.594426520362290933e-01	7.374693628042484905e-02	3.272230832876082268e-02	8.115867487402841918e-02
1.298941302366443551e+03	2.353556250179307252e-01	1.520089306864368384e-01	2.652766952710284287e-01	1.595690817012190843e-01	7.379103995137149818e-02	3.275990405348104539e-02	8.123872331819766146e-02
1.301360187473271253e+03	2.350580659491208479e-01	1.518112605269727466e-01	2.654845619135091095e-01	1.596951510964769172e-01	7.383502537341342375e-02	3.279739201161314260e-02	8.131854312855910094e-02
1.303779072580098727e+03	2.347613501250814250e-01	1.516141434515037578e-01	2.656918448375854558e-01	1.598208612257066286e-01	7.387889287859220055e-02	3.283477252134844870e-02	8.139813495984736524e-02
1.306197957686926657e+03	2.344654751570204310e-01	1.514175779113660636e-01	2.658985456785606938e-01	1.599462130902243873e-01	7.392264279801014082e-02	3.287204589970856711e-02	8.147749946477492178e-02
1.308616842793753904e+03	2.341704386628919443e-01	1.512215623622326366e-01	2.661046660671564923e-01	1.600712076889536095e-01	7.396627546183290325e-02	3.290921246255402999e-02	8.155663729404354079e-02
1.311035727900581833e+03	2.338762382673775508e-01	1.510260952641011012e-01	2.663102076295256748e-01	1.601958460184202682e-01	7.400979119929217143e-02	3.294627252459288169e-02	8.163554909635550860e-02
1.313454613007409534e+03	2.335828716018677198e-01	1.508311750812816876e-01	2.665151719872650427e-01	1.603201290727487571e-01	7.405319033868827672e-02	3.298322639938913031e-02	8.171423551842457722e-02
1.315873498114237009e+03	2.332903363044435685e-01	1.506368002823849639e-01	2.667195607574281424e-01	1.604440578436579501e-01	7.409647320739283505e-02	3.302007439937110211e-02	8.179269720498662244e-02
1.318292383221064711e+03	2.329986300198581828e-01	1.504429693403100399e-01	2.669233755525379781e-01	1.605676333204576200e-01	7.413964013185135593e-02	3.305681683583968494e-02	8.187093479881021874e-02
1.320711268327892412e+03	2.327077503995184926e-01	1.502496807322323824e-01	2.671266179805998342e-01	1.606908564900451919e-01	7.418269143758590700e-02	3.309345401897650918e-02	8.194894894070675617e-02
1.323130153434719887e+03	2.324176951014665926e-01	1.500569329395918805e-01	2.673292896451138212e-01	1.608137283369026893e-01	7.422562744919762590e-02	3.312998625785194134e-02	8.202674026954048792e-02
1.325549038541547588e+03	2.321284617903617564e-01	1.498647244480809382e-01	2.675313921450874211e-01	1.609362498430940147e-01	7.426844849036946805e-02	3.316641386043306383e-02	8.210430942223832795e-02
1.327967923648375290e+03	2.318400481374619793e-01	1.496730537476325118e-01	2.677329270750482548e-01	1.610584219882626456e-01	7.431115488386866308e-02	3.320273713359146728e-02	8.218165703379948228e-02
1.330386808755202765e+03	2.315524518206057702e-01	1.494819193324082862e-01	2.679338960250565171e-01	1.611802457496293028e-01	7.435374695154935154e-02	3.323895638311100825e-02	8.225878373730477477e-02
1.332805693862030694e+03	2.312656705241940003e-01	1.492913197007868231e-01	2.681343005807174107e-01	1.613017221019901193e-01	7.439622501435519397e-02	3.327507191369542816e-02	8.233569016392600082e-02
1.335224578968857941e+03	2.309797019391717221e-01	1.491012533553516539e-01	2.683341423231939693e-01	1.614228520177149462e-01	7.443858939232193828e-02	3.331108402897588194e-02	8.241237694293487848e-02
1.337643464075685870e+03	2.306945437630100737e-01	1.489117188028797056e-01	2.685334228292189929e-01	1.615436364667459102e-01	7.448084040457993160e-02	3.334699303151836963e-02	8.248884470171195804e-02
1.340062349182513572e+03	2.304101936996882094e-01	1.487227145543293938e-01	2.687321436711079814e-01	1.616640764165962474e-01	7.452297836935675712e-02	3.338279922283102913e-02	8.256509406575536503e-02
1.342481234289341273e+03	2.301266494596752588e-01	1.485342391248288818e-01	2.689303064167710700e-01	1.617841728323493045e-01	7.456500360397971816e-02	3.341850290337138041e-02	8.264112565868934890e-02
1.344900119396168748e+03	2.298439087599123409e-01	1.483462910336645624e-01	2.691279126297256297e-01	1.619039266766577057e-01	7.460691642487846109e-02	3.345410437255347258e-02	8.271694010227273464e-02
1.347319004502996449e+03	2.295619693237946068e-01	1.481588688042692892e-01	2.693249638691086467e-01	1.620233389097429089e-01	7.464871714758740395e-02	3.348960392875488523e-02	8.279253801640716615e-02
1.349737889609823924e+03	2.292808288811533646e-01	1.479719709642108305e-01	2.695214616896886572e-01	1.621424104893947338e-01	7.469040608674834547e-02	3.352500186932366733e-02	8.286792001914528027e-02
1.352156774716651853e+03	2.290004851682382048e-01	1.477855960451801842e-01	2.697174076418782929e-01	1.622611423709712508e-01	7.473198355611299082e-02	3.356029849058517894e-02	8.294308672669871429e-02
1.354575659823479100e+03	2.287209359276991261e-01	1.475997425829801979e-01	2.699128032717464376e-01	1.623795355073987812e-01	7.477344986854544961e-02	3.359549408784884283e-02	8.301803875344597461e-02
1.356994544930307029e+03	2.284421789085688548e-01	1.474144091175138838e-01	2.701076501210302738e-01	1.624975908491720633e-01	7.481480533602473393e-02	3.363058895541476412e-02	8.309277671194022219e-02
1.359413430037134731e+03	2.281642118662450813e-01	1.472295941927730667e-01	2.703019497271473282e-01	1.626153093443546971e-01	7.485605026964727016e-02	3.366558338658033611e-02	8.316730121291696087e-02
1.361832315143962205e+03	2.278870325624725857e-01	1.470452963568268656e-01	2.704957036232080170e-01	1.627326919385796156e-01	7.489718497962942478e-02	3.370047767364667962e-02	8.324161286530150361e-02
1.364251200250789907e+03	2.276106387653258623e-01	1.468615141618102859e-01	2.706889133380273038e-01	1.628497395750498067e-01	7.493820977530993299e-02	3.373527210792500591e-02	8.331571227621648035e-02
1.366670085357617609e+03	2.273350282491913010e-01	1.466782461639127844e-01	2.708815803961368562e-01	1.629664531945391459e-01	7.497912496515242442e-02	3.376996697974295886e-02	8.338960005098916550e-02
1.369088970464445310e+03	2.270601987947497291e-01	1.464954909233670000e-01	2.710737063177970363e-01	1.630828337353935342e-01	7.501993085674792117e-02	3.380456257845076279e-02	8.346327679315865278e-02
1.371507855571272785e+03	2.267861481889588138e-01	1.463132470044374300e-01	2.712652926190088354e-01	1.631988821335318418e-01	7.506062775681721089e-02	3.383905919242739119e-02	8.353674310448302998e-02
1.373926740678100487e+03	2.265128742250355764e-01	1.461315129754090503e-01	2.714563408115260312e-01	1.633145993224474068e-01	7.510121597121341419e-02	3.387345710908656188e-02	8.360999958494645667e-02
1.376345625784927961e+03	2.262403747024390455e-01	1.459502874085761848e-01	2.716468524028667342e-01	1.634299862332093956e-01	7.514169580492437162e-02	3.390775661488271142e-02	8.368304683276607536e-02
1.378764510891755890e+03	2.259686474268527145e-01	1.457695688802310985e-01	2.718368288963254886e-01	1.635450437944643010e-01	7.518206756207514163e-02	3.394195799531685154e-02	8.375588544439890870e-02
1.381183395998583137e+03	2.256976902101672788e-01	1.455893559706529228e-01	2.720262717909850414e-01	1.636597729324378026e-01	7.522233154593040150e-02	3.397606153494237002e-02	8.382851601454861801e-02
1.383602281105411066e+03	2.254275008704632877e-01	1.454096472640965532e-01	2.722151825817281656e-01	1.637741745709365426e-01	7.526248805889687588e-02	3.401006751737072759e-02	8.390093913617226173e-02
1.386021166212238768e+03	2.251580772319938251e-01	1.452304413487813251e-01	2.724035627592495401e-01	1.638882496313500137e-01	7.530253740252577932e-02	3.404397622527709222e-02	8.397315540048690130e-02
1.388440051319066470e+03	2.248894171251673568e-01	1.450517368168801058e-01	2.725914138100671291e-01	1.640019990326526123e-01	7.534247987751527265e-02	3.407778794040589726e-02	8.404516539697615141e-02
1.390858936425893944e+03	2.246215183865305220e-01	1.448735322645080537e-01	2.727787372165341173e-01	1.641154236914059705e-01	7.538231578371283603e-02	3.411150294357630924e-02	8.411696971339670259e-02
1.393277821532721646e+03	2.243543788587509802e-01	1.446958262917117100e-01	2.729655344568507336e-01	1.642285245217610379e-01	7.542204542011765600e-02	3.414512151468765411e-02	8.418856893578469114e-02
1.395696706639549120e+03	2.240879963906002859e-01	1.445186175024578967e-01	2.731518070050756308e-01	1.643413024354606622e-01	7.546166908488306790e-02	3.417864393272473239e-02	8.425996364846208286e-02
1.398115591746377049e+03	2.238223688369368469e-01	1.443419045046228366e-01	2.733375563311376544e-01	1.644537583418420323e-01	7.550118707531892903e-02	3.421207047576307891e-02	8.433115443404294587e-02
1.400534476853204296e+03	2.235574940586889103e-01	1.441656859099810783e-01	2.735227839008473327e-01	1.645658931478391762e-01	7.554059968789401946e-02	3.424540142097413919e-02	8.440214187343966779e-02
1.402953361960032225e+03	2.232933699228375202e-01	1.439899603341946721e-01	2.737074911759083684e-01	1.646777077579858195e-01	7.557990721823838742e-02	3.427863704463041117e-02	8.447292654586913141e-02
1.405372247066859927e+03	2.230299943023997256e-01	1.438147263968022616e-01	2.738916796139292398e-01	1.647892030744180503e-01	7.561910996114576400e-02	3.431177762211048976e-02	8.454350902885880703e-02
1.407791132173687402e+03	2.227673650764115665e-01	1.436399827212082314e-01	2.740753506684345253e-01	1.649003799968772610e-01	7.565820821057590850e-02	3.434482342790402820e-02	8.461388989825277540e-02
1.410210017280515103e+03	2.225054801299112539e-01	1.434657279346718273e-01	2.742585057888767275e-01	1.650112394227130630e-01	7.569720225965699545e-02	3.437777473561669239e-02	8.468406972821773682e-02
1.412628902387342805e+03	2.222443373539224332e-01	1.432919606682964420e-01	2.744411464206470974e-01	1.651217822468864227e-01	7.573609240068790438e-02	3.441063181797496956e-02	8.475404909124896469e-02
1.415047787494170507e+03	2.219839346454373363e-01	1.431186795570187631e-01	2.746232740050875698e-01	1.652320093619727703e-01	7.577487892514062073e-02	3.444339494683099079e-02	8.482382855817613421e-02
1.417466672600997981e+03	2.217242699074000734e-01	1.429458832395981427e-01	2.748048899795018096e-01	1.653419216581651086e-01	7.581356212366256730e-02	3.447606439316724947e-02	8.489340869816919266e-02
1.419885557707825683e+03	2.214653410486900065e-01	1.427735703586058558e-01	2.749859957771665364e-01	1.654515200232774264e-01	7.585214228607893572e-02	3.450864042710125035e-02	8.496279007874411870e-02
1.422304442814653157e+03	2.212071459841051246e-01	1.426017395604143034e-01	2.751665928273429040e-01	1.655608053427480020e-01	7.589061970139499014e-02	3.454112331789012391e-02	8.503197326576865389e-02
1.424723327921481086e+03	2.209496826343453901e-01	1.424303894951865213e-01	2.753466825552876585e-01	1.656697784996428724e-01	7.592899465779844037e-02	3.457351333393518522e-02	8.510095882346799256e-02
1.427142213028308333e+03	2.206929489259961963e-01	1.422595188168654934e-01	2.755262663822644065e-01	1.657784403746593860e-01	7.596726744266170395e-02	3.460581074278638175e-02	8.516974731443044400e-02
1.429561098135136262e+03	2.204369427915119362e-01	1.420891261831636054e-01	2.757053457255548845e-01	1.658867918461296165e-01	7.600543834254423758e-02	3.463801581114676897e-02	8.523833929961296962e-02
1.431979983241963964e+03	2.201816621691994325e-01	1.419192102555520696e-01	2.758839219984699498e-01	1.659948337900241377e-01	7.604350764319479927e-02	3.467012880487685411e-02	8.530673533834674804e-02
1.434398868348791666e+03	2.199271050032016450e-01	1.417497696992503498e-01	2.760619966103607381e-01	1.661025670799557152e-01	7.608147562955383525e-02	3.470214998899889824e-02	8.537493598834272612e-02
1.436817753455619140e+03	2.196732692434811840e-01	1.415808031832157254e-01	2.762395709666299326e-01	1.662099925871829975e-01	7.611934258575567269e-02	3.473407962770123231e-02	8.544294180569705910e-02
1.439236638562446842e+03	2.194201528458040729e-01	1.414123093801328279e-01	2.764166464687427549e-01	1.663171111806144298e-01	7.615710879513085119e-02	3.476591798434241348e-02	8.551075334489648128e-02
1.441655523669274316e+03	2.191677537717233171e-01	1.412442869664031486e-01	2.765932245142377344e-01	1.664239237268120564e-01	7.619477454020837093e-02	3.479766532145542324e-02	8.557837115882377388e-02
1.444074408776102018e+03	2.189160699885628059e-01	1.410767346221346585e-01	2.767693064967380323e-01	1.665304310899954621e-01	7.623234010271799643e-02	3.482932190075175433e-02	8.564579579876308024e-02
1.446493293882929493e+03	2.186650994694009920e-01	1.409096510311314554e-01	2.769448938059623777e-01	1.666366341320458522e-01	7.626980576359249087e-02	3.486088798312545617e-02	8.571302781440519325e-02
1.448912178989757422e+03	2.184148401930548489e-01	1.407430348808833831e-01	2.771199878277357254e-01	1.667425337125099660e-01	7.630717180296987812e-02	3.489236382865717329e-02	8.578006775385285665e-02
1.451331064096585123e+03	2.181652901440636338e-01	1.405768848625556788e-01	2.772945899440005246e-01	1.668481306886041848e-01	7.634443850019567712e-02	3.492374969661808659e-02	8.584691616362598310e-02
1.453749949203412370e+03	2.179164473126728174e-01	1.404111996709787313e-01	2.774687015328275441e-01	1.669534259152188060e-01	7.638160613382517783e-02	3.495504584547381999e-02	8.591357358866685834e-02
1.456168834310240300e+03	2.176683096948181517e-01	1.402459780046377835e-01	2.776423239684263633e-01	1.670584202449220401e-01	7.641867498162567551e-02	3.498625253288832615e-02	8.598004057234535924e-02
1.458587719417068001e+03	2.174208752921095722e-01	1.400812185656627462e-01	2.778154586211566413e-01	1.671631145279643682e-01	7.645564532057864959e-02	3.501737001572766822e-02	8.604631765646397756e-02
1.461006604523895703e+03	2.171741421118152937e-01	1.399169200598179563e-01	2.779881068575386083e-01	1.672675096122827609e-01	7.649251742688206734e-02	3.504839855006382926e-02	8.611240538126301025e-02
1.463425489630723177e+03	2.169281081668459066e-01	1.397530811964919351e-01	2.781602700402640571e-01	1.673716063435049806e-01	7.652929157595256271e-02	3.507933839117844538e-02	8.617830428542559706e-02
1.465844374737550879e+03	2.166827714757384449e-01	1.395897006886873959e-01	2.783319495282067235e-01	1.674754055649540496e-01	7.656596804242761511e-02	3.511018979356646252e-02	8.624401490608275822e-02
1.468263259844378354e+03	2.164381300626406490e-01	1.394267772530109473e-01	2.785031466764334440e-01	1.675789081176524420e-01	7.660254710016779767e-02	3.514095301093980023e-02	8.630953777881841815e-02
1.470682144951206283e+03	2.161941819572950896e-01	1.392643096096631006e-01	2.786738628362143699e-01	1.676821148403266626e-01	7.663902902225896985e-02	3.517162829623094594e-02	8.637487343767434600e-02
1.473101030058033530e+03	2.159509251950234854e-01	1.391022964824282226e-01	2.788440993550338476e-01	1.677850265694117160e-01	7.667541408101449796e-02	3.520221590159653552e-02	8.644002241515513774e-02
1.475519915164861459e+03	2.157083578167110771e-01	1.389407365986644327e-01	2.790138575766011320e-01	1.678876441390555474e-01	7.671170254797736454e-02	3.523271607842086428e-02	8.650498524223308727e-02
1.477938800271689161e+03	2.154664778687907789e-01	1.387796286892935549e-01	2.791831388408606562e-01	1.679899683811235667e-01	7.674789469392243046e-02	3.526312907731934954e-02	8.656976244835312695e-02
1.480357685378516862e+03	2.152252834032277462e-01	1.386189714887913482e-01	2.793519444840028565e-01	1.680920001252033114e-01	7.678399078885854434e-02	3.529345514814201390e-02	8.663435456143765701e-02
1.482776570485344337e+03	2.149847724775036661e-01	1.384587637351772926e-01	2.795202758384745523e-01	1.681937401986089708e-01	7.681999110203077685e-02	3.532369453997686454e-02	8.669876210789136117e-02
