1.001418434226643626e+03	2.791972218810997441e-01	1.811007301616805731e-01	2.346877942551414686e-01	1.409921868089933916e-01	6.734609068075184113e-02	2.722247977169684266e-02	6.945349644030084091e-02
1.002869765290740247e+03	2.789438099524776948e-01	1.809333787807260452e-01	2.348641608553204974e-01	1.410993865983762030e-01	6.738241649707228664e-02	2.725475417280353793e-02	6.952209314288843034e-02
1.004321096354836754e+03	2.786908291046571451e-01	1.807663083241200230e-01	2.350402305542803050e-01	1.412064141701823983e-01	6.741868314942336959e-02	2.728697181425284932e-02	6.959056288274853563e-02
1.005772427418933376e+03	2.784382786122049924e-01	1.805995183200181653e-01	2.352160038509814310e-01	1.413132695544593864e-01	6.745489073774266209e-02	2.731913275346982417e-02	6.965890617078819569e-02
1.007223758483029997e+03	2.781861577507268590e-01	1.804330082973686078e-01	2.353914812435462245e-01	1.414199527884814900e-01	6.749103936179942642e-02	2.735123705041050957e-02	6.972712350733149822e-02
1.008675089547126618e+03	2.779344657968709220e-01	1.802667777859108811e-01	2.355666632292602036e-01	1.415264639165113580e-01	6.752712912119486488e-02	2.738328476744921955e-02	6.979521538246712120e-02
1.010126420611223239e+03	2.776832020283311886e-01	1.801008263161744116e-01	2.357415503045734162e-01	1.416328029895690677e-01	6.756316011536241117e-02	2.741527596927000043e-02	6.986318227638398104e-02
1.011577751675319632e+03	2.774323657238508822e-01	1.799351534194772728e-01	2.359161429651019659e-01	1.417389700652089690e-01	6.759913244356795248e-02	2.744721072276212065e-02	6.993102465969534831e-02
1.013029082739416367e+03	2.771819561632253848e-01	1.797697586279247695e-01	2.360904417056291782e-01	1.418449652073037470e-01	6.763504620491003760e-02	2.747908909691943943e-02	6.999874299375191677e-02
1.014480413803512761e+03	2.769319726273051785e-01	1.796046414744082442e-01	2.362644470201072655e-01	1.419507884858359215e-01	6.767090149832018231e-02	2.751091116274356069e-02	7.006633773094408935e-02
1.015931744867609382e+03	2.766824143979988437e-01	1.794398014926036622e-01	2.364381594016584376e-01	1.420564399766957309e-01	6.770669842256311910e-02	2.754267699315058465e-02	7.013380931499403614e-02
1.017383075931706003e+03	2.764332807582753904e-01	1.792752382169703340e-01	2.366115793425765113e-01	1.421619197614861774e-01	6.774243707623703314e-02	2.757438666288134985e-02	7.020115818123764950e-02
1.018834406995802851e+03	2.761845709921669223e-01	1.791109511827495560e-01	2.367847073343281872e-01	1.422672279273340112e-01	6.777811755777379821e-02	2.760604024841505424e-02	7.026838475689686780e-02
1.020285738059899245e+03	2.759362843847710800e-01	1.789469399259633886e-01	2.369575438675544377e-01	1.423723645667072657e-01	6.781373996543926808e-02	2.763763782788609957e-02	7.033548946134279833e-02
1.021737069123995752e+03	2.756884202222531499e-01	1.787832039834131859e-01	2.371300894320720054e-01	1.424773297772386760e-01	6.784930439733348473e-02	2.766917948100410321e-02	7.040247270634970855e-02
1.023188400188092373e+03	2.754409777918481739e-01	1.786197428926785125e-01	2.373023445168745693e-01	1.425821236615547882e-01	6.788481095139095589e-02	2.770066528897689728e-02	7.046933489634042702e-02
1.024639731252188767e+03	2.751939563818630030e-01	1.784565561921156174e-01	2.374743096101342432e-01	1.426867463271107861e-01	6.792025972538093259e-02	2.773209533443646291e-02	7.053607642862330662e-02
1.026091062316285615e+03	2.749473552816780741e-01	1.782936434208562126e-01	2.376459851992029637e-01	1.427911978860306186e-01	6.795565081690760345e-02	2.776346970136764000e-02	7.060269769362118031e-02
1.027542393380382237e+03	2.747011737817492416e-01	1.781310041188062521e-01	2.378173717706138501e-01	1.428954784549524293e-01	6.799098432341039999e-02	2.779478847503958489e-02	7.066919907509240650e-02
1.028993724444478858e+03	2.744554111736094981e-01	1.779686378266445157e-01	2.379884698100825646e-01	1.429995881548790648e-01	6.802626034216423256e-02	2.782605174193980221e-02	7.073558095034439275e-02
1.030445055508575479e+03	2.742100667498703626e-01	1.778065440858213331e-01	2.381592798025086444e-01	1.431035271110333296e-01	6.806147897027976790e-02	2.785725958971071656e-02	7.080184369043987513e-02
1.031896386572671872e+03	2.739651398042233232e-01	1.776447224385573342e-01	2.383298022319769449e-01	1.432072954527179864e-01	6.809664030470360951e-02	2.788841210708865523e-02	7.086798766039616171e-02
1.033347717636768493e+03	2.737206296314412812e-01	1.774831724278421452e-01	2.385000375817588891e-01	1.433108933131803653e-01	6.813174444221863080e-02	2.791950938384518688e-02	7.093401321937752024e-02
1.034799048700865114e+03	2.734765355273796050e-01	1.773218935974330002e-01	2.386699863343139938e-01	1.434143208294814120e-01	6.816679147944421091e-02	2.795055151073070482e-02	7.099992072088108508e-02
1.036250379764961508e+03	2.732328567889775184e-01	1.771608854918536591e-01	2.388396489712910353e-01	1.435175781423688179e-01	6.820178151283648460e-02	2.798153857942017528e-02	7.106571051291635244e-02
1.037701710829058356e+03	2.729895927142589329e-01	1.770001476563928811e-01	2.390090259735295486e-01	1.436206653961543955e-01	6.823671463868857812e-02	2.801247068246100549e-02	7.113138293817866664e-02
1.039153041893154750e+03	2.727467426023336694e-01	1.768396796371032587e-01	2.391781178210611314e-01	1.437235827385954234e-01	6.827159095313090065e-02	2.804334791322291714e-02	7.119693833421668339e-02
1.040604372957251599e+03	2.725043057533979574e-01	1.766794809808000244e-01	2.393469249931108322e-01	1.438263303207797661e-01	6.830641055213135249e-02	2.807417036584976613e-02	7.126237703359421249e-02
1.042055704021347992e+03	2.722622814687356563e-01	1.765195512350595519e-01	2.395154479680984272e-01	1.439289082970147959e-01	6.834117353149564422e-02	2.810493813521324283e-02	7.132769936404653732e-02
1.043507035085444613e+03	2.720206690507186442e-01	1.763598899482183013e-01	2.396836872236398630e-01	1.440313168247196740e-01	6.837587998686751878e-02	2.813565131686839374e-02	7.139290564863140509e-02
1.044958366149541234e+03	2.717794678028077060e-01	1.762004966693713481e-01	2.398516432365485063e-01	1.441335560643214053e-01	6.841053001372898734e-02	2.816631000701087101e-02	7.145799620587491019e-02
1.046409697213637855e+03	2.715386770295530328e-01	1.760413709483712452e-01	2.400193164828365588e-01	1.442356261791540306e-01	6.844512370740059304e-02	2.819691430243586802e-02	7.152297134991238148e-02
1.047861028277734476e+03	2.712982960365945551e-01	1.758825123358266906e-01	2.401867074377163624e-01	1.443375273353611210e-01	6.847966116304173012e-02	2.822746430049868568e-02	7.158783139062450951e-02
1.049312359341831097e+03	2.710583241306626645e-01	1.757239203831013064e-01	2.403538165756017864e-01	1.444392597018013813e-01	6.851414247565078275e-02	2.825796009907684953e-02	7.165257663376888020e-02
1.050763690405927491e+03	2.708187606195783803e-01	1.755655946423122782e-01	2.405206443701094765e-01	1.445408234499572786e-01	6.854856774006551356e-02	2.828840179653371867e-02	7.171720738110699822e-02
1.052215021470024112e+03	2.705796048122537378e-01	1.754075346663291624e-01	2.406871912940602987e-01	1.446422187538466686e-01	6.858293705096318860e-02	2.831878949168360055e-02	7.178172393052700828e-02
1.053666352534120733e+03	2.703408560186919551e-01	1.752497400087726365e-01	2.408534578194805598e-01	1.447434457899371141e-01	6.861725050286095196e-02	2.834912328375818746e-02	7.184612657616228082e-02
1.055117683598217127e+03	2.701025135499877106e-01	1.750922102240131950e-01	2.410194444176034512e-01	1.448445047370630068e-01	6.865150819011599237e-02	2.837940327237439136e-02	7.191041560850597314e-02
1.056569014662313975e+03	2.698645767183271427e-01	1.749349448671698726e-01	2.411851515588702977e-01	1.449453957763454093e-01	6.868571020692584850e-02	2.840962955750346922e-02	7.197459131452169090e-02
1.058020345726410369e+03	2.696270448369879613e-01	1.747779434941090226e-01	2.413505797129319452e-01	1.450461190911142562e-01	6.871985664732864485e-02	2.843980223944138352e-02	7.203865397775045809e-02
1.059471676790506763e+03	2.693899172203397252e-01	1.746212056614430963e-01	2.415157293486500101e-01	1.451466748668331364e-01	6.875394760520336934e-02	2.846992141878038063e-02	7.210260387841398166e-02
1.060923007854603611e+03	2.691531931838432867e-01	1.744647309265293100e-01	2.416806009340982386e-01	1.452470632910265458e-01	6.878798317427009534e-02	2.849998719638172431e-02	7.216644129351446058e-02
1.062374338918700232e+03	2.689168720440511806e-01	1.743085188474683966e-01	2.418451949365638676e-01	1.453472845532092217e-01	6.882196344809027311e-02	2.852999967334955353e-02	7.223016649693110580e-02
1.063825669982796853e+03	2.686809531186071798e-01	1.741525689831034951e-01	2.420095118225489006e-01	1.454473388448180304e-01	6.885588852006693794e-02	2.855995895100580176e-02	7.229377975951326030e-02
1.065277001046893474e+03	2.684454357262461843e-01	1.739968808930187072e-01	2.421735520577714129e-01	1.455472263591456039e-01	6.888975848344502939e-02	2.858986513086618150e-02	7.235728134917045196e-02
1.066728332110990095e+03	2.682103191867941105e-01	1.738414541375379596e-01	2.423373161071669113e-01	1.456469472912763907e-01	6.892357343131159941e-02	2.861971831461713328e-02	7.242067153095942122e-02
1.068179663175086489e+03	2.679756028211675023e-01	1.736862882777238382e-01	2.425008044348895830e-01	1.457465018380245669e-01	6.895733345659607605e-02	2.864951860409378076e-02	7.248395056716816498e-02
1.069630994239183110e+03	2.677412859513731425e-01	1.735313828753761167e-01	2.426640175043136838e-01	1.458458901978740563e-01	6.899103865207051323e-02	2.867926610125876713e-02	7.254711871739723261e-02
1.071082325303279504e+03	2.675073679005078309e-01	1.733767374930306748e-01	2.428269557780347587e-01	1.459451125709201602e-01	6.902468911034988219e-02	2.870896090818202129e-02	7.261017623863812165e-02
1.072533656367376352e+03	2.672738479927579403e-01	1.732223516939583596e-01	2.429896197178710859e-01	1.460441691588131863e-01	6.905828492389227968e-02	2.873860312702134975e-02	7.267312338534925864e-02
1.073984987431472746e+03	2.670407255533989166e-01	1.730682250421635426e-01	2.431520097848647310e-01	1.461430601647039085e-01	6.909182618499920547e-02	2.876819286000390635e-02	7.273596040952923225e-02
1.075436318495569594e+03	2.668079999087948351e-01	1.729143571023830095e-01	2.433141264392831571e-01	1.462417857931905540e-01	6.912531298581583994e-02	2.879773020940840436e-02	7.279868756078766712e-02
1.076887649559666215e+03	2.665756703863979560e-01	1.727607474400846832e-01	2.434759701406203070e-01	1.463403462502675667e-01	6.915874541833122446e-02	2.882721527754812663e-02	7.286130508641365522e-02
1.078338980623762609e+03	2.663437363147480585e-01	1.726073956214664307e-01	2.436375413475979634e-01	1.464387417432758687e-01	6.919212357437860839e-02	2.885664816675467467e-02	7.292381323144198069e-02
1.079790311687859230e+03	2.661121970234718859e-01	1.724543012134547859e-01	2.437988405181669982e-01	1.465369724808547880e-01	6.922544754563564329e-02	2.888602897936243252e-02	7.298621223871702701e-02
1.081241642751955851e+03	2.658810518432825898e-01	1.723014637837037843e-01	2.439598681095088151e-01	1.466350386728954014e-01	6.925871742362463279e-02	2.891535781769367930e-02	7.304850234895463035e-02
1.082692973816052472e+03	2.656503001059790647e-01	1.721488829005937693e-01	2.441206245780364881e-01	1.467329405304952095e-01	6.929193329971282400e-02	2.894463478404441653e-02	7.311068380080175400e-02
1.084144304880149093e+03	2.654199411444452261e-01	1.719965581332300042e-01	2.442811103793961214e-01	1.468306782659145049e-01	6.932509526511264342e-02	2.897385998067079568e-02	7.317275683089424776e-02
1.085595635944245487e+03	2.651899742926492887e-01	1.718444890514416457e-01	2.444413259684680428e-01	1.469282520925337121e-01	6.935820341088194674e-02	2.900303350977616323e-02	7.323472167391269216e-02
1.087046967008342108e+03	2.649603988856431558e-01	1.716926752257804112e-01	2.446012717993682473e-01	1.470256622248123646e-01	6.939125782792428254e-02	2.903215547349869211e-02	7.329657856263631366e-02
1.088498298072438729e+03	2.647312142595614204e-01	1.715411162275194412e-01	2.447609483254496177e-01	1.471229088782491368e-01	6.942425860698911433e-02	2.906122597389958900e-02	7.335832772799510959e-02
1.089949629136535123e+03	2.645024197516208653e-01	1.713898116286520223e-01	2.449203559993030632e-01	1.472199922693431806e-01	6.945720583867213971e-02	2.909024511295182566e-02	7.341996939912028008e-02
1.091400960200631971e+03	2.642740147001194084e-01	1.712387610018903938e-01	2.450794952727590181e-01	1.473169126155566833e-01	6.949009961341542918e-02	2.911921299252942519e-02	7.348150380339298071e-02
1.092852291264728365e+03	2.640459984444353814e-01	1.710879639206646097e-01	2.452383665968885240e-01	1.474136701352784795e-01	6.952294002150781471e-02	2.914812971439720637e-02	7.354293116649135431e-02
1.094303622328825213e+03	2.638183703250265855e-01	1.709374199591211785e-01	2.453969704220046733e-01	1.475102650477887190e-01	6.955572715308505627e-02	2.917699538020107966e-02	7.360425171243609177e-02
1.095754953392921607e+03	2.635911296834294593e-01	1.707871286921220366e-01	2.455553071976637747e-01	1.476066975732247821e-01	6.958846109813009162e-02	2.920581009145872819e-02	7.366546566363452175e-02
1.097206284457018228e+03	2.633642758622581348e-01	1.706370896952432714e-01	2.457133773726666859e-01	1.477029679325481404e-01	6.962114194647330001e-02	2.923457394955080932e-02	7.372657324092306286e-02
1.098657615521114849e+03	2.631378082052035494e-01	1.704873025447738444e-01	2.458711813950600067e-01	1.477990763475122149e-01	6.965376978779280748e-02	2.926328705571254463e-02	7.378757466360846839e-02
1.100108946585211470e+03	2.629117260570324466e-01	1.703377668177144810e-01	2.460287197121373559e-01	1.478950230406312072e-01	6.968634471161466726e-02	2.929194951102573677e-02	7.384847014950755850e-02
1.101560277649308091e+03	2.626860287635862656e-01	1.701884820917765329e-01	2.461859927704407036e-01	1.479908082351497900e-01	6.971886680731312347e-02	2.932056141641118524e-02	7.390925991498570324e-02
1.103011608713404712e+03	2.624607156717805867e-01	1.700394479453806451e-01	2.463430010157616201e-01	1.480864321550139640e-01	6.975133616411088866e-02	2.934912287262150116e-02	7.396994417499405672e-02
1.104462939777501106e+03	2.622357861296036874e-01	1.698906639576556188e-01	2.464997448931424973e-01	1.481818950248423861e-01	6.978375287107936586e-02	2.937763398023424469e-02	7.403052314310547277e-02
1.105914270841597499e+03	2.620112394861155436e-01	1.697421297084372727e-01	2.466562248468777696e-01	1.482771970698990027e-01	6.981611701713892615e-02	2.940609483964548229e-02	7.409099703154933825e-02
1.107365601905694348e+03	2.617870750914468858e-01	1.695938447782671665e-01	2.468124413205152468e-01	1.483723385160661268e-01	6.984842869105914454e-02	2.943450555106361805e-02	7.415136605124518498e-02
1.108816932969790741e+03	2.615632922967981999e-01	1.694458087483915187e-01	2.469683947568573346e-01	1.484673195898185416e-01	6.988068798145903593e-02	2.946286621450360313e-02	7.421163041183520548e-02
1.110268264033887590e+03	2.613398904544385615e-01	1.692980212007599294e-01	2.471240855979623119e-01	1.485621405181982158e-01	6.991289497680730491e-02	2.949117692978143329e-02	7.427179032171574158e-02
1.111719595097984211e+03	2.611168689177043589e-01	1.691504817180242426e-01	2.472795142851454964e-01	1.486568015287900446e-01	6.994504976542265107e-02	2.951943779650895508e-02	7.433184598806773236e-02
1.113170926162080832e+03	2.608942270409985720e-01	1.690031898835373803e-01	2.474346812589806044e-01	1.487513028496978973e-01	6.997715243547392161e-02	2.954764891408896699e-02	7.439179761688610726e-02
1.114622257226177226e+03	2.606719641797893838e-01	1.688561452813520936e-01	2.475895869593009724e-01	1.488456447095217738e-01	7.000920307498041673e-02	2.957581038171058427e-02	7.445164541300826333e-02
1.116073588290273847e+03	2.604500796906089044e-01	1.687093474962199080e-01	2.477442318252006392e-01	1.489398273373352954e-01	7.004120177181216711e-02	2.960392229834488825e-02	7.451138958014165425e-02
1.117524919354370468e+03	2.602285729310523377e-01	1.685627961135898190e-01	2.478986162950359007e-01	1.490338509626641661e-01	7.007314861369011438e-02	2.963198476274082893e-02	7.457103032089031081e-02
1.118976250418467089e+03	2.600074432597765384e-01	1.684164907196072369e-01	2.480527408064262251e-01	1.491277158154649674e-01	7.010504368818640253e-02	2.965999787342136346e-02	7.463056783678073680e-02
1.120427581482563710e+03	2.597866900364989573e-01	1.682704309011127386e-01	2.482066057962556693e-01	1.492214221261048690e-01	7.013688708272459993e-02	2.968796172867984792e-02	7.469000232828677810e-02
1.121878912546660331e+03	2.595663126219964756e-01	1.681246162456408733e-01	2.483602117006741272e-01	1.493149701253416728e-01	7.016867888457997693e-02	2.971587642657663383e-02	7.474933399485372831e-02
1.123330243610756725e+03	2.593463103781040169e-01	1.679790463414191082e-01	2.485135589550984125e-01	1.494083600443045778e-01	7.020041918087972788e-02	2.974374206493591438e-02	7.480856303492174064e-02
1.124781574674853118e+03	2.591266826677135482e-01	1.678337207773665518e-01	2.486666479942136743e-01	1.495015921144754734e-01	7.023210805860320705e-02	2.977155874134274766e-02	7.486768964594829601e-02
1.126232905738949967e+03	2.589074288547726921e-01	1.676886391430928991e-01	2.488194792519744791e-01	1.495946665676708143e-01	7.026374560458217844e-02	2.979932655314029843e-02	7.492671402443015771e-02
1.127684236803046360e+03	2.586885483042833944e-01	1.675438010288971824e-01	2.489720531616061439e-01	1.496875836360238854e-01	7.029533190550112109e-02	2.982704559742727773e-02	7.498563636592442405e-02
1.129135567867143209e+03	2.584700403823009807e-01	1.673992060257666614e-01	2.491243701556059287e-01	1.497803435519677873e-01	7.032686704789739562e-02	2.985471597105554889e-02	7.504445686506909519e-02
1.130586898931239830e+03	2.582519044559326016e-01	1.672548537253756018e-01	2.492764306657441475e-01	1.498729465482187551e-01	7.035835111816152176e-02	2.988233777062792099e-02	7.510317571560279348e-02
1.132038229995336451e+03	2.580341398933361230e-01	1.671107437200842760e-01	2.494282351230655836e-01	1.499653928577599216e-01	7.038978420253741430e-02	2.990991109249611229e-02	7.516179311038394262e-02
1.133489561059432845e+03	2.578167460637187380e-01	1.669668756029375478e-01	2.495797839578905442e-01	1.500576827138256908e-01	7.042116638712264676e-02	2.993743603275888024e-02	7.522030924140934993e-02
1.134940892123529466e+03	2.575997223373356904e-01	1.668232489676640118e-01	2.497310775998161925e-01	1.501498163498864724e-01	7.045249775786868729e-02	2.996491268726030055e-02	7.527872429983212266e-02
1.136392223187626087e+03	2.573830680854888864e-01	1.666798634086746889e-01	2.498821164777176584e-01	1.502417939996338603e-01	7.048377840058112076e-02	2.999234115158818520e-02	7.533703847597908454e-02
1.137843554251722708e+03	2.571667826805258406e-01	1.665367185210618328e-01	2.500329010197493984e-01	1.503336158969662550e-01	7.051500840091992628e-02	3.001972152107267727e-02	7.539525195936760960e-02
1.139294885315819101e+03	2.569508654958380656e-01	1.663938139005979311e-01	2.501834316533461666e-01	1.504252822759748198e-01	7.054618784439968537e-02	3.004705389078493952e-02	7.545336493872185912e-02
1.140746216379915950e+03	2.567353159058600731e-01	1.662511491437344557e-01	2.503337088052245418e-01	1.505167933709299632e-01	7.057731681638984567e-02	3.007433835553600943e-02	7.551137760198860238e-02
1.142197547444012343e+03	2.565201332860676531e-01	1.661087238476007255e-01	2.504837329013837599e-01	1.506081494162680723e-01	7.060839540211495680e-02	3.010157500987576534e-02	7.556929013635248216e-02
1.143648878508108737e+03	2.563053170129767633e-01	1.659665376100028789e-01	2.506335043671072960e-01	1.506993506465786892e-01	7.063942368665493410e-02	3.012876394809200359e-02	7.562710272825082236e-02
1.145100209572205586e+03	2.560908664641421417e-01	1.658245900294225972e-01	2.507830236269638080e-01	1.507903972965920492e-01	7.067040175494529453e-02	3.015590526420964049e-02	7.568481556338790828e-02
1.146551540636302207e+03	2.558767810181559188e-01	1.656828807050159946e-01	2.509322911048084137e-01	1.508812896011668958e-01	7.070132969177732318e-02	3.018299905199003583e-02	7.574242882674889210e-02
1.148002871700398828e+03	2.556630600546462295e-01	1.655414092366126189e-01	2.510813072237839116e-01	1.509720277952787126e-01	7.073220758179842027e-02	3.021004540493039958e-02	7.579994270261318501e-02
1.149454202764495449e+03	2.554497029542759923e-01	1.654001752247140911e-01	2.512300724063220025e-01	1.510626121140082878e-01	7.076303550951230925e-02	3.023704441626330272e-02	7.585735737456754391e-02
1.150905533828591842e+03	2.552367090987412990e-01	1.652591782704931900e-01	2.513785870741443440e-01	1.511530427925305564e-01	7.079381355927923114e-02	3.026399617895629904e-02	7.591467302551860308e-02
1.152356864892688463e+03	2.550240778707701939e-01	1.651184179757926307e-01	2.515268516482639383e-01	1.512433200661037480e-01	7.082454181531622206e-02	3.029090078571163025e-02	7.597188983770514215e-02
1.153808195956785084e+03	2.548118086541213412e-01	1.649778939431239266e-01	2.516748665489861314e-01	1.513334441700588673e-01	7.085522036169737692e-02	3.031775832896600048e-02	7.602900799270990995e-02
1.155259527020881706e+03	2.545999008335824709e-01	1.648376057756662794e-01	2.518226321959098901e-01	1.514234153397894245e-01	7.088584928235404370e-02	3.034456890089046177e-02	7.608602767147103207e-02
1.156710858084978327e+03	2.543883537949688800e-01	1.646975530772654961e-01	2.519701490079291339e-01	1.515132338107414711e-01	7.091642866107507326e-02	3.037133259339037591e-02	7.614294905429318250e-02
1.158162189149074720e+03	2.541771669251223775e-01	1.645577354524327685e-01	2.521174174032336235e-01	1.516028998184038856e-01	7.094695858150708301e-02	3.039804949810543180e-02	7.619977232085833885e-02
1.159613520213171569e+03	2.539663396119097305e-01	1.644181525063437288e-01	2.522644377993104037e-01	1.516924135982990751e-01	7.097743912715467896e-02	3.042471970640974258e-02	7.625649765023619076e-02
1.161064851277267962e+03	2.537558712442210540e-01	1.642788038448371457e-01	2.524112106129448030e-01	1.517817753859735386e-01	7.100787038138066387e-02	3.045134330941202949e-02	7.631312522089427064e-02
1.162516182341364356e+03	2.535457612119687565e-01	1.641396890744139248e-01	2.525577362602217102e-01	1.518709854169892071e-01	7.103825242740634260e-02	3.047792039795584398e-02	7.636965521070776530e-02
1.163967513405461204e+03	2.533360089060855969e-01	1.640008078022359705e-01	2.527040151565266846e-01	1.519600439269147008e-01	7.106858534831167473e-02	3.050445106261988337e-02	7.642608779696900834e-02
1.165418844469557826e+03	2.531266137185239073e-01	1.638621596361250488e-01	2.528500477165472882e-01	1.520489511513167524e-01	7.109886922703559375e-02	3.053093539371833087e-02	7.648242315639668110e-02
1.166870175533654447e+03	2.529175750422535396e-01	1.637237441845616759e-01	2.529958343542740851e-01	1.521377073257521029e-01	7.112910414637618750e-02	3.055737348130127540e-02	7.653866146514476387e-02
1.168321506597751068e+03	2.527088922712609764e-01	1.635855610566840923e-01	2.531413754830018070e-01	1.522263126857594795e-01	7.115929018899097569e-02	3.058376541515518687e-02	7.659480289881119563e-02
1.169772837661847461e+03	2.525005648005473335e-01	1.634476098622870410e-01	2.532866715153306303e-01	1.523147674668518525e-01	7.118942743739710421e-02	3.061011128480342278e-02	7.665084763244627009e-02
1.171224168725944082e+03	2.522925920261275268e-01	1.633098902118207685e-01	2.534317228631673413e-01	1.524030719045088023e-01	7.121951597397159495e-02	3.063641117950679713e-02	7.670679584056076805e-02
1.172675499790040703e+03	2.520849733450283847e-01	1.631724017163898866e-01	2.535765299377263915e-01	1.524912262341691638e-01	7.124955588095159553e-02	3.066266518826420498e-02	7.676264769713392333e-02
1.174126830854137097e+03	2.518777081552873165e-01	1.630351439877522901e-01	2.537210931495312294e-01	1.525792306912238661e-01	7.127954724043462920e-02	3.068887339981326082e-02	7.681840337562099996e-02
1.175578161918233945e+03	2.516707958559508684e-01	1.628981166383179635e-01	2.538654129084151889e-01	1.526670855110089653e-01	7.130949013437876127e-02	3.071503590263100977e-02	7.687406304896081399e-02
1.177029492982330339e+03	2.514642358470733918e-01	1.627613192811479537e-01	2.540094896235229882e-01	1.527547909287987893e-01	7.133938464460289064e-02	3.074115278493465622e-02	7.692962688958289441e-02
1.178480824046426733e+03	2.512580275297154331e-01	1.626247515299533153e-01	2.541533237033115622e-01	1.528423471797993871e-01	7.136923085278699952e-02	3.076722413468233747e-02	7.698509506941453306e-02
1.179932155110523581e+03	2.510521703059421794e-01	1.624884129990940007e-01	2.542969155555515615e-01	1.529297544991420066e-01	7.139902884047230613e-02	3.079325003957392864e-02	7.704046775988752926e-02
1.181383486174620202e+03	2.508466635788223487e-01	1.623523033035777219e-01	2.544402655873281294e-01	1.530170131218769047e-01	7.142877868906161165e-02	3.081923058705189969e-02	7.709574513194483725e-02
1.182834817238716823e+03	2.506415067524264684e-01	1.622164220590589234e-01	2.545833742050422899e-01	1.531041232829672138e-01	7.145848047981942508e-02	3.084516586430215493e-02	7.715092735604696383e-02
1.184286148302813444e+03	2.504366992318254326e-01	1.620807688818376169e-01	2.547262418144121132e-01	1.531910852172829463e-01	7.148813429387225471e-02	3.087105595825495943e-02	7.720601460217814405e-02
1.185737479366910065e+03	2.502322404230889474e-01	1.619453433888584093e-01	2.548688688204737707e-01	1.532778991595952489e-01	7.151774021220881628e-02	3.089690095558585842e-02	7.726100703985241958e-02
1.187188810431006686e+03	2.500281297332843655e-01	1.618101451977093097e-01	2.550112556275827003e-01	1.533645653445707135e-01	7.154729831568032439e-02	3.092270094271662786e-02	7.731590483811949521e-02
1.188640141495103080e+03	2.498243665704748817e-01	1.616751739266206744e-01	2.551534026394147170e-01	1.534510840067659643e-01	7.157680868500060356e-02	3.094845600581625639e-02	7.737070816557042874e-02
1.190091472559199701e+03	2.496209503437182564e-01	1.615404291944642079e-01	2.552953102589672341e-01	1.535374553806222453e-01	7.160627140074643515e-02	3.097416623080194095e-02	7.742541719034318204e-02
1.191542803623296322e+03	2.494178804630653168e-01	1.614059106207517691e-01	2.554369788885603731e-01	1.536236797004602583e-01	7.163568654335775165e-02	3.099983170334011384e-02	7.748003208012796406e-02
1.192994134687392716e+03	2.492151563395584024e-01	1.612716178256343724e-01	2.555784089298380191e-01	1.537097572004749724e-01	7.166505419313781711e-02	3.102545250884747308e-02	7.753455300217247659e-02
1.194445465751489564e+03	2.490127773852299220e-01	1.611375504299011052e-01	2.557196007837691520e-01	1.537956881147308219e-01	7.169437443025356016e-02	3.105102873249205100e-02	7.758898012328695193e-02
1.195896796815585958e+03	2.488107430131009379e-01	1.610037080549780175e-01	2.558605548506486804e-01	1.538814726771567665e-01	7.172364733473567122e-02	3.107656045919427942e-02	7.764331360984912112e-02
1.197348127879682352e+03	2.486090526371796117e-01	1.608700903229271229e-01	2.560012715300989949e-01	1.539671111215417110e-01	7.175287298647897716e-02	3.110204777362809633e-02	7.769755362780898789e-02
1.198799458943779200e+03	2.484077056724596777e-01	1.607366968564452325e-01	2.561417512210706904e-01	1.540526036815298150e-01	7.178205146524253843e-02	3.112749076022204228e-02	7.775170034269351937e-02
1.200250790007875821e+03	2.482067015349191386e-01	1.606035272788630119e-01	2.562819943218437868e-01	1.541379505906161074e-01	7.181118285064995443e-02	3.115288950316037753e-02	7.780575391961111476e-02
1.201702121071972442e+03	2.480060396415185997e-01	1.604705812141437593e-01	2.564220012300291174e-01	1.542231520821421287e-01	7.184026722218958549e-02	3.117824408638422001e-02	7.785971452325604614e-02
1.203153452136069063e+03	2.478057194101998539e-01	1.603378582868824620e-01	2.565617723425691610e-01	1.543082083892917677e-01	7.186930465921473332e-02	3.120355459359269376e-02	7.791358231791274680e-02
1.204604783200165684e+03	2.476057402598843826e-01	1.602053581223047696e-01	2.567013080557392080e-01	1.543931197450869597e-01	7.189829524094397406e-02	3.122882110824406685e-02	7.796735746745998841e-02
1.206056114264262078e+03	2.474061016104718846e-01	1.600730803462657725e-01	2.568406087651487479e-01	1.544778863823838833e-01	7.192723904646124156e-02	3.125404371355692407e-02	7.802104013537487781e-02
1.207507445328358699e+03	2.472068028828388608e-01	1.599410245852490864e-01	2.569796748657421359e-01	1.545625085338688531e-01	7.195613615471617430e-02	3.127922249251134657e-02	7.807463048473686773e-02
1.208958776392455093e+03	2.470078434988369764e-01	1.598091904663657414e-01	2.571185067518000911e-01	1.546469864320546561e-01	7.198498664452425422e-02	3.130435752785006714e-02	7.812812867823154539e-02
1.210410107456551941e+03	2.468092228812915900e-01	1.596775776173531280e-01	2.572571048169406405e-01	1.547313203092767764e-01	7.201379059456712584e-02	3.132944890207968458e-02	7.818153487815437952e-02
1.211861438520648335e+03	2.466109404540003935e-01	1.595461856665739975e-01	2.573954694541202293e-01	1.548155103976896763e-01	7.204254808339274896e-02	3.135449669747183976e-02	7.823484924641439797e-02
1.213312769584745183e+03	2.464129956417318024e-01	1.594150142430152961e-01	2.575336010556349420e-01	1.548995569292634655e-01	7.207125918941562071e-02	3.137950099606440918e-02	7.828807194453765717e-02
1.214764100648841804e+03	2.462153878702235954e-01	1.592840629762872495e-01	2.576715000131215016e-01	1.549834601357802655e-01	7.209992399091706694e-02	3.140446187966271924e-02	7.834120313367073929e-02
1.216215431712937971e+03	2.460181165661812497e-01	1.591533314966222246e-01	2.578091667175584911e-01	1.550672202488309892e-01	7.212854256604538106e-02	3.142937942984073280e-02	7.839424297458406909e-02
1.217666762777034819e+03	2.458211811572765804e-01	1.590228194348736745e-01	2.579466015592672967e-01	1.551508374998119277e-01	7.215711499281614316e-02	3.145425372794227736e-02	7.844719162767521681e-02
1.219118093841131440e+03	2.456245810721461864e-01	1.588925264225152234e-01	2.580838049279132185e-01	1.552343121199217524e-01	7.218564134911234498e-02	3.147908485508224552e-02	7.850004925297211777e-02
1.220569424905228061e+03	2.454283157403899518e-01	1.587624520916394444e-01	2.582207772125068579e-01	1.553176443401582119e-01	7.221412171268470903e-02	3.150387289214779535e-02	7.855281601013605619e-02
1.222020755969324682e+03	2.452323845925696855e-01	1.586325960749570274e-01	2.583575188014049506e-01	1.554008343913152179e-01	7.224255616115184131e-02	3.152861791979959943e-02	7.860549205846478760e-02
1.223472087033421303e+03	2.450367870602074283e-01	1.585029580057954746e-01	2.584940300823113657e-01	1.554838825039798755e-01	7.227094477200045330e-02	3.155332001847301754e-02	7.865807755689552261e-02
1.224923418097517697e+03	2.448415225757840930e-01	1.583735375180983229e-01	2.586303114422786043e-01	1.555667889085295408e-01	7.229928762258568120e-02	3.157797926837933172e-02	7.871057266400766084e-02
1.226374749161614318e+03	2.446465905727379098e-01	1.582443342464239511e-01	2.587663632677084102e-01	1.556495538351291286e-01	7.232758479013115527e-02	3.160259574950696759e-02	7.876297753802571910e-02
1.227826080225710712e+03	2.444519904854630110e-01	1.581153478259446077e-01	2.589021859443532692e-01	1.557321775137283093e-01	7.235583635172934680e-02	3.162716954162268779e-02	7.881529233682198210e-02
1.229277411289807560e+03	2.442577217493079045e-01	1.579865778924453845e-01	2.590377798573174073e-01	1.558146601740587611e-01	7.238404238434177629e-02	3.165170072427281323e-02	7.886751721791923631e-02
1.230728742353903954e+03	2.440637838005739191e-01	1.578580240823231340e-01	2.591731453910575134e-01	1.558970020456316996e-01	7.241220296479913832e-02	3.167618937678445129e-02	7.891965233849335126e-02
1.232180073418000802e+03	2.438701760765138171e-01	1.577296860325855254e-01	2.593082829293845148e-01	1.559792033577352965e-01	7.244031816980163463e-02	3.170063557826666156e-02	7.897169785537576370e-02
1.233631404482097196e+03	2.436768980153302122e-01	1.576015633808499072e-01	2.594431928554639666e-01	1.560612643394321819e-01	7.246838807591912679e-02	3.172503940761169788e-02	7.902365392505603103e-02
1.235082735546193817e+03	2.434839490561741815e-01	1.574736557653424185e-01	2.595778755518176606e-01	1.561431852195570846e-01	7.249641275959137210e-02	3.174940094349620878e-02	7.907552070368419062e-02
1.236534066610290438e+03	2.432913286391436836e-01	1.573459628248968512e-01	2.597123314003242922e-01	1.562249662267144179e-01	7.252439229712828728e-02	3.177372026438241015e-02	7.912729834707314669e-02
1.237985397674387059e+03	2.430990362052821152e-01	1.572184841989536508e-01	2.598465607822209034e-01	1.563066075892760309e-01	7.255232676471011499e-02	3.179799744851930648e-02	7.917898701070098799e-02
1.239436728738483680e+03	2.429070711965767571e-01	1.570912195275589729e-01	2.599805640781037153e-01	1.563881095353789608e-01	7.258021623838763203e-02	3.182223257394386357e-02	7.923058684971319432e-02
1.240888059802580301e+03	2.427154330559574691e-01	1.569641684513635727e-01	2.601143416679291831e-01	1.564694722929232951e-01	7.260806079408244074e-02	3.184642571848223663e-02	7.928209801892489861e-02
1.242339390866676695e+03	2.425241212272948865e-01	1.568373306116218890e-01	2.602478939310153838e-01	1.565506960895700350e-01	7.263586050758709389e-02	3.187057695975088756e-02	7.933352067282294084e-02
1.243790721930773088e+03	2.423331351553992541e-01	1.567107056501908513e-01	2.603812212460427378e-01	1.566317811527389303e-01	7.266361545456540005e-02	3.189468637515781996e-02	7.938485496556808851e-02
1.245242052994869937e+03	2.421424742860188162e-01	1.565842932095291018e-01	2.605143239910552855e-01	1.567127277096066196e-01	7.269132571055256231e-02	3.191875404190371718e-02	7.943610105099697949e-02
1.246693384058966330e+03	2.419521380658382625e-01	1.564580929326958025e-01	2.606472025434615758e-01	1.567935359871045764e-01	7.271899135095548361e-02	3.194278003698314966e-02	7.948725908262420370e-02
1.248144715123063179e+03	2.417621259424772850e-01	1.563321044633496915e-01	2.607798572800361092e-01	1.568742062119171388e-01	7.274661245105290552e-02	3.196676443718569210e-02	7.953832921364423214e-02
1.249596046187159800e+03	2.415724373644892176e-01	1.562063274457481110e-01	2.609122885769198930e-01	1.569547386104798159e-01	7.277418908599564418e-02	3.199070731909710308e-02	7.958931159693330426e-02
1.251047377251256421e+03	2.413830717813593429e-01	1.560807615247459534e-01	2.610444968096217733e-01	1.570351334089772899e-01	7.280172133080685393e-02	3.201460875910047688e-02	7.964020638505138472e-02
1.252498708315352815e+03	2.411940286435035607e-01	1.559554063457946615e-01	2.611764823530196011e-01	1.571153908333417226e-01	7.282920926038218001e-02	3.203846883337738843e-02	7.969101373024395363e-02
1.253950039379449436e+03	2.410053074022668329e-01	1.558302615549412573e-01	2.613082455813611205e-01	1.571955111092510349e-01	7.285665294949000836e-02	3.206228761790904519e-02	7.974173378444378291e-02
1.255401370443546057e+03	2.408169075099217682e-01	1.557053267988272871e-01	2.614397868682650783e-01	1.572754944621272410e-01	7.288405247277165988e-02	3.208606518847737649e-02	7.979236669927272652e-02
1.256852701507642678e+03	2.406288284196669847e-01	1.555806017246878781e-01	2.615711065867222240e-01	1.573553411171347005e-01	7.291140790474164024e-02	3.210980162066619237e-02	7.984291262604342743e-02
1.258304032571739299e+03	2.404410695856259439e-01	1.554560859803507111e-01	2.617022051090965307e-01	1.574350512991786466e-01	7.293871931978782031e-02	3.213349698986232156e-02	7.989337171576101071e-02
1.259755363635835920e+03	2.402536304628452024e-01	1.553317792142350773e-01	2.618330828071260830e-01	1.575146252329035490e-01	7.296598679217167205e-02	3.215715137125668005e-02	7.994374411912473499e-02
1.261206694699932314e+03	2.400665105072929129e-01	1.552076810753507397e-01	2.619637400519241877e-01	1.575940631426916705e-01	7.299321039602847672e-02	3.218076483984539521e-02	7.999402998652963004e-02
1.262658025764028707e+03	2.398797091758575195e-01	1.550837912132971563e-01	2.620941772139803727e-01	1.576733652526614571e-01	7.302039020536751912e-02	3.220433747043092293e-02	8.004422946806803718e-02
1.264109356828125556e+03	2.396932259263462317e-01	1.549601092782622869e-01	2.622243946631616085e-01	1.577525317866662335e-01	7.304752629407233744e-02	3.222786933762310929e-02	8.009434271353120527e-02
1.265560687892221949e+03	2.395070602174834973e-01	1.548366349210217041e-01	2.623543927687131405e-01	1.578315629682926768e-01	7.307461873590088974e-02	3.225136051584027996e-02	8.014436987241078947e-02
1.267012018956318798e+03	2.393212115089095871e-01	1.547133677929376228e-01	2.624841718992596551e-01	1.579104590208596226e-01	7.310166760448581769e-02	3.227481107931033655e-02	8.019431109390033618e-02
1.268463350020415419e+03	2.391356792611790683e-01	1.545903075459579001e-01	2.626137324228062231e-01	1.579892201674165109e-01	7.312867297333462691e-02	3.229822110207181823e-02	8.024416652689678187e-02
1.269914681084511813e+03	2.389504629357593335e-01	1.544674538326149815e-01	2.627430747067395211e-01	1.580678466307423313e-01	7.315563491582992295e-02	3.232159065797494263e-02	8.029393632000185466e-02
1.271366012148608434e+03	2.387655619950292407e-01	1.543448063060250397e-01	2.628721991178287753e-01	1.581463386333441246e-01	7.318255350522956393e-02	3.234491982068268129e-02	8.034362062152351769e-02
1.272817343212705055e+03	2.385809759022775034e-01	1.542223646198868647e-01	2.630011060222265940e-01	1.582246963974559550e-01	7.320942881466695196e-02	3.236820866367179361e-02	8.039321957947732911e-02
1.274268674276801676e+03	2.383967041217012750e-01	1.541001284284809758e-01	2.631297957854703551e-01	1.583029201450375512e-01	7.323626091715119968e-02	3.239145726023388155e-02	8.044273334158777433e-02
1.275720005340898297e+03	2.382127461184047335e-01	1.539780973866686220e-01	2.632582687724830395e-01	1.583810100977732227e-01	7.326304988556732456e-02	3.241466568347642352e-02	8.049216205528963997e-02
1.277171336404994690e+03	2.380291013583975546e-01	1.538562711498908109e-01	2.633865253475742851e-01	1.584589664770707784e-01	7.328979579267648481e-02	3.243783400632375968e-02	8.054150586772931830e-02
1.278622667469091539e+03	2.378457693085934688e-01	1.537346493741673370e-01	2.635145658744414976e-01	1.585367895040603048e-01	7.331649871111621530e-02	3.246096230151815365e-02	8.059076492576607020e-02
1.280073998533187932e+03	2.376627494368088178e-01	1.536132317160956995e-01	2.636423907161707381e-01	1.586144793995931945e-01	7.334315871340056636e-02	3.248405064162076389e-02	8.063993937597330186e-02
1.281525329597284326e+03	2.374800412117610282e-01	1.534920178328504081e-01	2.637700002352377782e-01	1.586920363842409809e-01	7.336977587192039518e-02	3.250709909901267763e-02	8.068902936463977216e-02
1.282976660661381175e+03	2.372976441030672790e-01	1.533710073821816788e-01	2.638973947935093767e-01	1.587694606782945050e-01	7.339635025894350462e-02	3.253010774589586152e-02	8.073803503777088331e-02
1.284427991725477568e+03	2.371155575812428640e-01	1.532502000224146566e-01	2.640245747522438902e-01	1.588467525017627779e-01	7.342288194661490686e-02	3.255307665429418851e-02	8.078695654108979107e-02
1.285879322789574417e+03	2.369337811176999431e-01	1.531295954124484715e-01	2.641515404720926052e-01	1.589239120743720368e-01	7.344937100695697607e-02	3.257600589605437469e-02	8.083579402003863990e-02
1.287330653853671038e+03	2.367523141847458212e-01	1.530091932117551845e-01	2.642782923131006823e-01	1.590009396155649124e-01	7.347581751186971211e-02	3.259889554284697843e-02	8.088454761977971474e-02
1.288781984917767431e+03	2.365711562555818381e-01	1.528889930803788710e-01	2.644048306347080435e-01	1.590778353444993742e-01	7.350222153313089313e-02	3.262174566616735799e-02	8.093321748519652359e-02
1.290233315981864052e+03	2.363903068043015920e-01	1.527689946789346498e-01	2.645311557957506499e-01	1.591545994800480091e-01	7.352858314239633930e-02	3.264455633733660128e-02	8.098180376089499088e-02
