1.001418434226643626e+03	2.791744017649417375e-01	1.811178818745074193e-01	2.346992426580011004e-01	1.410217585677786267e-01	6.725460565034940830e-02	2.725783260318702383e-02	6.947427688089764797e-02
1.002869765290740247e+03	2.789206696414721631e-01	1.809507331370404926e-01	2.348757730547912925e-01	1.411296031859880229e-01	6.728918875754467954e-02	2.729056257273562366e-02	6.954346965009067238e-02
1.004321096354836754e+03	2.786673698161302726e-01	1.807838647326721337e-01	2.350520064699275213e-01	1.412372780161830765e-01	6.732371595701128197e-02	2.732323075317729874e-02	6.961253425456132016e-02
1.005772427418933376e+03	2.784145015631232511e-01	1.806172761909492497e-01	2.352279434021494475e-01	1.413447830447803477e-01	6.735818734323222035e-02	2.735583727936474058e-02	6.968147117606358909e-02
1.007223758483029997e+03	2.781620641576656450e-01	1.804509670422083933e-01	2.354035843493595959e-01	1.414521182654534526e-01	6.739260301053164037e-02	2.738838228725228377e-02	6.975028088719174846e-02
1.008675089547126618e+03	2.779100568759829692e-01	1.802849368175744038e-01	2.355789298086248262e-01	1.415592836789146824e-01	6.742696305307512017e-02	2.742086591381388480e-02	6.981896385167676855e-02
1.010126420611223239e+03	2.776584789953154275e-01	1.801191850489591295e-01	2.357539802761775549e-01	1.416662792927034509e-01	6.746126756486992004e-02	2.745328829696450437e-02	6.988752052467264719e-02
1.011577751675319632e+03	2.774073297939210203e-01	1.799537112690600127e-01	2.359287362474173089e-01	1.417731051209814852e-01	6.749551663976516291e-02	2.748564957548483775e-02	6.995595135303281364e-02
1.013029082739416367e+03	2.771566085510789867e-01	1.797885150113588404e-01	2.361031982169120857e-01	1.418797611843344020e-01	6.752971037145207023e-02	2.751794988894918151e-02	7.002425677557702621e-02
1.014480413803512761e+03	2.769063145470929688e-01	1.796235958101204677e-01	2.362773666783996307e-01	1.419862475095798882e-01	6.756384885346419789e-02	2.755018937765637069e-02	7.009243722334906890e-02
1.015931744867609382e+03	2.766564470632936756e-01	1.794589532003913745e-01	2.364512421247889906e-01	1.420925641295814890e-01	6.759793217917771380e-02	2.758236818256369627e-02	7.016049311986560788e-02
1.017383075931706003e+03	2.764070053820421591e-01	1.792945867179984998e-01	2.366248250481617632e-01	1.421987110830686407e-01	6.763196044181152278e-02	2.761448644522359816e-02	7.022842488135641603e-02
1.018834406995802851e+03	2.761579887867319227e-01	1.791304958995478258e-01	2.367981159397735680e-01	1.423046884144620605e-01	6.766593373442761350e-02	2.764654430772313029e-02	7.029623291699647891e-02
1.020285738059899245e+03	2.759093965617920308e-01	1.789666802824231295e-01	2.369711152900552953e-01	1.424104961737047981e-01	6.769985214993121114e-02	2.767854191262602431e-02	7.036391762913002390e-02
1.021737069123995752e+03	2.756612279926892728e-01	1.788031394047846223e-01	2.371438235886146328e-01	1.425161344160986443e-01	6.773371578107104107e-02	2.771047940291730335e-02	7.043147941348690266e-02
1.023188400188092373e+03	2.754134823659306064e-01	1.786398728055677287e-01	2.373162413242373980e-01	1.426216032021453695e-01	6.776752472043957864e-02	2.774235692195030009e-02	7.049891865939147961e-02
1.024639731252188767e+03	2.751661589690651000e-01	1.784768800244817544e-01	2.374883689848887869e-01	1.427269025973930960e-01	6.780127906047322961e-02	2.777417461339601323e-02	7.056623574996444270e-02
1.026091062316285615e+03	2.749192570906864863e-01	1.783141606020084979e-01	2.376602070577148729e-01	1.428320326722875011e-01	6.783497889345263543e-02	2.780593262119473996e-02	7.063343106231770308e-02
1.027542393380382237e+03	2.746727760204347168e-01	1.781517140794010579e-01	2.378317560290439669e-01	1.429369935020275151e-01	6.786862431150282593e-02	2.783763108950983861e-02	7.070050496774253623e-02
1.028993724444478858e+03	2.744267150489980711e-01	1.779895399986825277e-01	2.380030163843879498e-01	1.430417851664254336e-01	6.790221540659351074e-02	2.786927016268358689e-02	7.076745783189132555e-02
1.030445055508575479e+03	2.741810734681149331e-01	1.778276379026446363e-01	2.381739886084436320e-01	1.431464077497716092e-01	6.793575227053932908e-02	2.790084998519502812e-02	7.083429001495315791e-02
1.031896386572671872e+03	2.739358505705754010e-01	1.776660073348465541e-01	2.383446731850941414e-01	1.432508613407030007e-01	6.796923499500001631e-02	2.793237070161977767e-02	7.090100187182331315e-02
1.033347717636768493e+03	2.736910456502230637e-01	1.775046478396135607e-01	2.385150705974102558e-01	1.433551460320759974e-01	6.800266367148069535e-02	2.796383245659161271e-02	7.096759375226703581e-02
1.034799048700865114e+03	2.734466580019561666e-01	1.773435589620356856e-01	2.386851813276517631e-01	1.434592619208429065e-01	6.803603839133208486e-02	2.799523539476592507e-02	7.103406600107767255e-02
1.036250379764961508e+03	2.732026869217293319e-01	1.771827402479665137e-01	2.388550058572688206e-01	1.435632091079325212e-01	6.806935924575074903e-02	2.802657966078480820e-02	7.110041895822942493e-02
1.037701710829058356e+03	2.729591317065546696e-01	1.770221912440219370e-01	2.390245446669033158e-01	1.436669876981340743e-01	6.810262632577931963e-02	2.805786539924383025e-02	7.116665295902495358e-02
1.039153041893154750e+03	2.727159916545032758e-01	1.768619114975787943e-01	2.391937982363902260e-01	1.437705977999847728e-01	6.813583972230674579e-02	2.808909275466037886e-02	7.123276833423788923e-02
1.040604372957251599e+03	2.724732660647061766e-01	1.767019005567735668e-01	2.393627670447589229e-01	1.438740395256608851e-01	6.816899952606851609e-02	2.812026187144351860e-02	7.129876541025047254e-02
1.042055704021347992e+03	2.722309542373553826e-01	1.765421579705012678e-01	2.395314515702345326e-01	1.439773129908720195e-01	6.820210582764693608e-02	2.815137289386532640e-02	7.136464450918662827e-02
1.043507035085444613e+03	2.719890554737051103e-01	1.763826832884139162e-01	2.396998522902393236e-01	1.440804183147584849e-01	6.823515871747126704e-02	2.818242596603360434e-02	7.143040594904040419e-02
1.044958366149541234e+03	2.717475690760725038e-01	1.762234760609194817e-01	2.398679696813939832e-01	1.441833556197919530e-01	6.826815828581808687e-02	2.821342123186595247e-02	7.149605004380012174e-02
1.046409697213637855e+03	2.715064943478385784e-01	1.760645358391805526e-01	2.400358042195190611e-01	1.442861250316790078e-01	6.830110462281144268e-02	2.824435883506515310e-02	7.156157710356823853e-02
1.047861028277734476e+03	2.712658305934490532e-01	1.759058621751130314e-01	2.402033563796361626e-01	1.443887266792675816e-01	6.833399781842310061e-02	2.827523891909577286e-02	7.162698743467726947e-02
1.049312359341831097e+03	2.710255771184150175e-01	1.757474546213849687e-01	2.403706266359694199e-01	1.444911606944561111e-01	6.836683796247280953e-02	2.830606162716197208e-02	7.169228133980164175e-02
1.050763690405927491e+03	2.707857332293136521e-01	1.755893127314151203e-01	2.405376154619467965e-01	1.445934272121055519e-01	6.839962514462850918e-02	2.833682710218646261e-02	7.175745911806588606e-02
1.052215021470024112e+03	2.705462982337887290e-01	1.754314360593718369e-01	2.407043233302012530e-01	1.446955263699538918e-01	6.843235945440659385e-02	2.836753548679058629e-02	7.182252106514908085e-02
1.053666352534120733e+03	2.703072714405512222e-01	1.752738241601718150e-01	2.408707507125723291e-01	1.447974583085332445e-01	6.846504098117210668e-02	2.839818692327540639e-02	7.188746747338585485e-02
1.055117683598217127e+03	2.700686521593797518e-01	1.751164765894787090e-01	2.410368980801072814e-01	1.448992231710893308e-01	6.849766981413903111e-02	2.842878155360386780e-02	7.195229863186392016e-02
1.056569014662313975e+03	2.698304397011211386e-01	1.749593929037019935e-01	2.412027659030625271e-01	1.450008211035034855e-01	6.853024604237048512e-02	2.845931951938389035e-02	7.201701482651830244e-02
1.058020345726410369e+03	2.695926333776904604e-01	1.748025726599957141e-01	2.413683546509049205e-01	1.451022522542167181e-01	6.856276975477897107e-02	2.848980096185243366e-02	7.208161634022250408e-02
1.059471676790506763e+03	2.693552325020716620e-01	1.746460154162571832e-01	2.415336647923131130e-01	1.452035167741562438e-01	6.859524104012662549e-02	2.852022602186043282e-02	7.214610345287646165e-02
1.060923007854603611e+03	2.691182363883178330e-01	1.744897207311256748e-01	2.416986967951786913e-01	1.453046148166638185e-01	6.862765998702545500e-02	2.855059483985862220e-02	7.221047644149164446e-02
1.062374338918700232e+03	2.688816443515509857e-01	1.743336881639813707e-01	2.418634511266077869e-01	1.454055465374266554e-01	6.866002668393751673e-02	2.858090755588415730e-02	7.227473558027329437e-02
1.063825669982796853e+03	2.686454557079627214e-01	1.741779172749439164e-01	2.420279282529221310e-01	1.455063120944098398e-01	6.869234121917526525e-02	2.861116430954807263e-02	7.233888114069986219e-02
1.065277001046893474e+03	2.684096697748139526e-01	1.740224076248712282e-01	2.421921286396605533e-01	1.456069116477910763e-01	6.872460368090167748e-02	2.864136524002345099e-02	7.240291339159977968e-02
1.066728332110990095e+03	2.681742858704353472e-01	1.738671587753584380e-01	2.423560527515801755e-01	1.457073453598970447e-01	6.875681415713054412e-02	2.867151048603436975e-02	7.246683259922571951e-02
1.068179663175086489e+03	2.679393033142271063e-01	1.737121702887363950e-01	2.425197010526577712e-01	1.458076133951417275e-01	6.878897273572674720e-02	2.870160018584551331e-02	7.253063902732637125e-02
1.069630994239183110e+03	2.677047214266589092e-01	1.735574417280705828e-01	2.426830740060910707e-01	1.459077159199664853e-01	6.882107950440639887e-02	2.873163447725247954e-02	7.259433293721576086e-02
1.071082325303279504e+03	2.674705395292699128e-01	1.734029726571597874e-01	2.428461720742999819e-01	1.460076531027818536e-01	6.885313455073714672e-02	2.876161349757271751e-02	7.265791458784028045e-02
1.072533656367376352e+03	2.672367569446686963e-01	1.732487626405349868e-01	2.430089957189280614e-01	1.461074251139108937e-01	6.888513796213836804e-02	2.879153738363707943e-02	7.272138423584353917e-02
1.073984987431472746e+03	2.670033729965330949e-01	1.730948112434580466e-01	2.431715454008436250e-01	1.462070321255344030e-01	6.891708982588148902e-02	2.882140627178198661e-02	7.278474213562899364e-02
1.075436318495569594e+03	2.667703870096099217e-01	1.729411180319204988e-01	2.433338215801412185e-01	1.463064743116372357e-01	6.894899022909010966e-02	2.885122029784212977e-02	7.284798853942056618e-02
1.076887649559666215e+03	2.665377983097147463e-01	1.727876825726423204e-01	2.434958247161427836e-01	1.464057518479566222e-01	6.898083925874032296e-02	2.888097959714373483e-02	7.291112369732113963e-02
1.078338980623762609e+03	2.663056062237318389e-01	1.726345044330707679e-01	2.436575552673989897e-01	1.465048649119315427e-01	6.901263700166086756e-02	2.891068430449833873e-02	7.297414785736928977e-02
1.079790311687859230e+03	2.660738100796136707e-01	1.724815831813789890e-01	2.438190136916905948e-01	1.466038136826538496e-01	6.904438354453350246e-02	2.894033455419705442e-02	7.303706126559393608e-02
1.081241642751955851e+03	2.658424092063806921e-01	1.723289183864650520e-01	2.439802004460296103e-01	1.467025983408204448e-01	6.907607897389310414e-02	2.896993048000534587e-02	7.309986416606735482e-02
1.082692973816052472e+03	2.656114029341207772e-01	1.721765096179504739e-01	2.441411159866606895e-01	1.468012190686870388e-01	6.910772337612795801e-02	2.899947221515820212e-02	7.316255680095638814e-02
1.084144304880149093e+03	2.653807905939891687e-01	1.720243564461792496e-01	2.443017607690624038e-01	1.468996760500229648e-01	6.913931683748000823e-02	2.902895989235580385e-02	7.322513941057191833e-02
1.085595635944245487e+03	2.651505715182077560e-01	1.718724584422164081e-01	2.444621352479484089e-01	1.469979694700674910e-01	6.917085944404505193e-02	2.905839364375956482e-02	7.328761223341680175e-02
1.087046967008342108e+03	2.649207450400647978e-01	1.717208151778469860e-01	2.446222398772688322e-01	1.470960995154870499e-01	6.920235128177304462e-02	2.908777360098859996e-02	7.334997550623213736e-02
1.088498298072438729e+03	2.646913104939143668e-01	1.715694262255747227e-01	2.447820751102116610e-01	1.471940663743338817e-01	6.923379243646823888e-02	2.911709989511655078e-02	7.341222946404213356e-02
1.089949629136535123e+03	2.644622672151756282e-01	1.714182911586208669e-01	2.449416413992037689e-01	1.472918702360056231e-01	6.926518299378950361e-02	2.914637265666878904e-02	7.347437434019739311e-02
1.091400960200631971e+03	2.642336145403327285e-01	1.712674095509229555e-01	2.451009391959123318e-01	1.473895112912061711e-01	6.929652303925053214e-02	2.917559201561997079e-02	7.353641036641683781e-02
1.092852291264728365e+03	2.640053518069340188e-01	1.711167809771337034e-01	2.452599689512461045e-01	1.474869897319075196e-01	6.932781265822005046e-02	2.920475810139191650e-02	7.359833777282827338e-02
1.094303622328825213e+03	2.637774783535913325e-01	1.709664050126196710e-01	2.454187311153566142e-01	1.475843057513124557e-01	6.935905193592206697e-02	2.923387104285179311e-02	7.366015678800759414e-02
1.095754953392921607e+03	2.635499935199794863e-01	1.708162812334601821e-01	2.455772261376395760e-01	1.476814595438186162e-01	6.939024095743612230e-02	2.926293096831062909e-02	7.372186763901680817e-02
1.097206284457018228e+03	2.633228966468357246e-01	1.706664092164460744e-01	2.457354544667360585e-01	1.477784513049832382e-01	6.942137980769752525e-02	2.929193800552210014e-02	7.378347055144067468e-02
1.098657615521114849e+03	2.630961870759588872e-01	1.705167885390784788e-01	2.458934165505337055e-01	1.478752812314888532e-01	6.945246857149756092e-02	2.932089228168158201e-02	7.384496574942232827e-02
1.100108946585211470e+03	2.628698641502087430e-01	1.703674187795676531e-01	2.460511128361680400e-01	1.479719495211100910e-01	6.948350733348374053e-02	2.934979392342548787e-02	7.390635345569757098e-02
1.101560277649308091e+03	2.626439272135053793e-01	1.702182995168318447e-01	2.462085437700238244e-01	1.480684563726811787e-01	6.951449617816005122e-02	2.937864305683082766e-02	7.396763389162824831e-02
1.103011608713404712e+03	2.624183756108283694e-01	1.700694303304959576e-01	2.463657097977361154e-01	1.481648019860642429e-01	6.954543518988715034e-02	2.940743980741504504e-02	7.402880727723437637e-02
1.104462939777501106e+03	2.621932086882162172e-01	1.699208108008905815e-01	2.465226113641917349e-01	1.482609865621187517e-01	6.957632445288262912e-02	2.943618430013602780e-02	7.408987383122538073e-02
1.105914270841597499e+03	2.619684257927650806e-01	1.697724405090505762e-01	2.466792489135303523e-01	1.483570103026713993e-01	6.960716405122122086e-02	2.946487665939239234e-02	7.415083377103022511e-02
1.107365601905694348e+03	2.617440262726286049e-01	1.696243190367140996e-01	2.468356228891458448e-01	1.484528734104870740e-01	6.963795406883507844e-02	2.949351700902391391e-02	7.421168731282662412e-02
1.108816932969790741e+03	2.615200094770167016e-01	1.694764459663212208e-01	2.469917337336875185e-01	1.485485760892402973e-01	6.966869458951396865e-02	2.952210547231221005e-02	7.427243467156931234e-02
1.110268264033887590e+03	2.612963747561947714e-01	1.693288208810129480e-01	2.471475818890613019e-01	1.486441185434876355e-01	6.969938569690549424e-02	2.955064217198155943e-02	7.433307606101746678e-02
1.111719595097984211e+03	2.610731214614829820e-01	1.691814433646298965e-01	2.473031677964310782e-01	1.487395009786407207e-01	6.973002747451537142e-02	2.957912723019992876e-02	7.439361169376118577e-02
1.113170926162080832e+03	2.608502489452552697e-01	1.690343130017111783e-01	2.474584918962198787e-01	1.488347236009399666e-01	6.976062000570761035e-02	2.960756076858015590e-02	7.445404178124709338e-02
1.114622257226177226e+03	2.606277565609385061e-01	1.688874293774932089e-01	2.476135546281111599e-01	1.489297866174288942e-01	6.979116337370480649e-02	2.963594290818128904e-02	7.451436653380329178e-02
1.116073588290273847e+03	2.604056436630114990e-01	1.687407920779085968e-01	2.477683564310499686e-01	1.490246902359293468e-01	6.982165766158830722e-02	2.966427376951007513e-02	7.457458616066332813e-02
1.117524919354370468e+03	2.601839096070042157e-01	1.685944006895848946e-01	2.479228977432442471e-01	1.491194346650170366e-01	6.985210295229848931e-02	2.969255347252259397e-02	7.463470086998957864e-02
1.118976250418467089e+03	2.599625537494968386e-01	1.684482547998434609e-01	2.480771790021660816e-01	1.492140201139978417e-01	6.988249932863498104e-02	2.972078213662603108e-02	7.469471086889581390e-02
1.120427581482563710e+03	2.597415754481186001e-01	1.683023539966982951e-01	2.482312006445528685e-01	1.493084467928847969e-01	6.991284687325688418e-02	2.974895988068056857e-02	7.475461636346901473e-02
1.121878912546660331e+03	2.595209740615470051e-01	1.681566978688548986e-01	2.483849631064086183e-01	1.494027149123754450e-01	6.994314566868299610e-02	2.977708682300140089e-02	7.481441755879060518e-02
1.123330243610756725e+03	2.593007489495069429e-01	1.680112860057090818e-01	2.485384668230050664e-01	1.494968246838299375e-01	6.997339579729205949e-02	2.980516308136085465e-02	7.487411465895695006e-02
1.124781574674853118e+03	2.590808994727693548e-01	1.678661179973458262e-01	2.486917122288831161e-01	1.495907763192496076e-01	7.000359734132299838e-02	2.983318877299064031e-02	7.493370786709928344e-02
1.126232905738949967e+03	2.588614249931505129e-01	1.677211934345381461e-01	2.488446997578538378e-01	1.496845700312560701e-01	7.003375038287514009e-02	2.986116401458416628e-02	7.499319738540291547e-02
1.127684236803046360e+03	2.586423248735109093e-01	1.675765119087458677e-01	2.489974298429998012e-01	1.497782060330709042e-01	7.006385500390839571e-02	2.988908892229899181e-02	7.505258341512593967e-02
1.129135567867143209e+03	2.584235984777541462e-01	1.674320730121144907e-01	2.491499029166762968e-01	1.498716845384956142e-01	7.009391128624356537e-02	2.991696361175932503e-02	7.511186615661732957e-02
1.130586898931239830e+03	2.582052451708259921e-01	1.672878763374741617e-01	2.493021194105125571e-01	1.499650057618924504e-01	7.012391931156251867e-02	2.994478819805863196e-02	7.517104580933448021e-02
1.132038229995336451e+03	2.579872643187132164e-01	1.671439214783383420e-01	2.494540797554129219e-01	1.500581699181653406e-01	7.015387916140847224e-02	2.997256279576232182e-02	7.523012257186018070e-02
1.133489561059432845e+03	2.577696552884426451e-01	1.670002080289027524e-01	2.496057843815581156e-01	1.501511772227414332e-01	7.018379091718614238e-02	3.000028751891049492e-02	7.528909664191915652e-02
1.134940892123529466e+03	2.575524174480799955e-01	1.668567355840442357e-01	2.497572337184064128e-01	1.502440278915532501e-01	7.021365466016205037e-02	3.002796248102076321e-02	7.534796821639397346e-02
1.136392223187626087e+03	2.573355501667287659e-01	1.667135037393196184e-01	2.499084281946949149e-01	1.503367221410209509e-01	7.024347047146473066e-02	3.005558779509113695e-02	7.540673749134060855e-02
1.137843554251722708e+03	2.571190528145291809e-01	1.665705120909645176e-01	2.500593682384406602e-01	1.504292601880351798e-01	7.027323843208488352e-02	3.008316357360297025e-02	7.546540466200338249e-02
1.139294885315819101e+03	2.569029247626569146e-01	1.664277602358922581e-01	2.502100542769419289e-01	1.505216422499403850e-01	7.030295862287572195e-02	3.011068992852396209e-02	7.552396992282962851e-02
1.140746216379915950e+03	2.566871653833221467e-01	1.662852477716926514e-01	2.503604867367794085e-01	1.506138685445184699e-01	7.033263112455311050e-02	3.013816697131119909e-02	7.558243346748377833e-02
1.142197547444012343e+03	2.564717740497684528e-01	1.661429742966310241e-01	2.505106660438173316e-01	1.507059392899728067e-01	7.036225601769585669e-02	3.016559481291425371e-02	7.564079548886101789e-02
1.143648878508108737e+03	2.562567501362714717e-01	1.660009394096468860e-01	2.506605926232048365e-01	1.507978547049126095e-01	7.039183338274587753e-02	3.019297356377833100e-02	7.569905617910072104e-02
1.145100209572205586e+03	2.560420930181378507e-01	1.658591427103529303e-01	2.508102668993769657e-01	1.508896150083378351e-01	7.042136330000844935e-02	3.022030333384744319e-02	7.575721572959917549e-02
1.146551540636302207e+03	2.558278020717041357e-01	1.657175837990338130e-01	2.509596892960561099e-01	1.509812204196241681e-01	7.045084584965244368e-02	3.024758423256762585e-02	7.581527433102223934e-02
1.148002871700398828e+03	2.556138766743354385e-01	1.655762622766451531e-01	2.511088602362529509e-01	1.510726711585086424e-01	7.048028111171056320e-02	3.027481636889019223e-02	7.587323217331745639e-02
1.149454202764495449e+03	2.554003162044244934e-01	1.654351777448122840e-01	2.512577801422678503e-01	1.511639674450754312e-01	7.050966916607953605e-02	3.030199985127500148e-02	7.593108944572579677e-02
1.150905533828591842e+03	2.551871200413899921e-01	1.652943298058291710e-01	2.514064494356919588e-01	1.512551094997418855e-01	7.053901009252037946e-02	3.032913478769377197e-02	7.598884633679317546e-02
1.152356864892688463e+03	2.549742875656760832e-01	1.651537180626573564e-01	2.515548685374082161e-01	1.513460975432451838e-01	7.056830397065855243e-02	3.035622128563341196e-02	7.604650303438147130e-02
1.153808195956785084e+03	2.547618181587504860e-01	1.650133421189246552e-01	2.517030378675930158e-01	1.514369317966289819e-01	7.059755087998427492e-02	3.038325945209937456e-02	7.610405972567940713e-02
1.155259527020881706e+03	2.545497112031038234e-01	1.648732015789242666e-01	2.518509578457168718e-01	1.515276124812305336e-01	7.062675089985270827e-02	3.041024939361900575e-02	7.616151659721297207e-02
1.156710858084978327e+03	2.543379660822479571e-01	1.647332960476134978e-01	2.519986288905459171e-01	1.516181398186680906e-01	7.065590410948414946e-02	3.043719121624496177e-02	7.621887383485556611e-02
1.158162189149074720e+03	2.541265821807149883e-01	1.645936251306126530e-01	2.521460514201431802e-01	1.517085140308285784e-01	7.068501058796428094e-02	3.046408502555858835e-02	7.627613162383790890e-02
1.159613520213171569e+03	2.539155588840559807e-01	1.644541884342040627e-01	2.522932258518691961e-01	1.517987353398554395e-01	7.071407041424444817e-02	3.049093092667332777e-02	7.633329014875764318e-02
1.161064851277267962e+03	2.537048955788397397e-01	1.643149855653308344e-01	2.524401526023839493e-01	1.518888039681369762e-01	7.074308366714179841e-02	3.051772902423816741e-02	7.639034959358864674e-02
1.162516182341364356e+03	2.534945916526515353e-01	1.641760161315957700e-01	2.525868320876474282e-01	1.519787201382947484e-01	7.077205042533953050e-02	3.054447942244104333e-02	7.644731014169005301e-02
1.163967513405461204e+03	2.532846464940917697e-01	1.640372797412602834e-01	2.527332647229211804e-01	1.520684840731723886e-01	7.080097076738714468e-02	3.057118222501227153e-02	7.650417197581507733e-02
1.165418844469557826e+03	2.530750594927748676e-01	1.638987760032432628e-01	2.528794509227692555e-01	1.521580959958244439e-01	7.082984477170063686e-02	3.059783753522800007e-02	7.656093527811955179e-02
1.166870175533654447e+03	2.528658300393278879e-01	1.637605045271200155e-01	2.530253911010595935e-01	1.522475561295058288e-01	7.085867251656272070e-02	3.062444545591364378e-02	7.661760023017026577e-02
1.168321506597751068e+03	2.526569575253893030e-01	1.636224649231211303e-01	2.531710856709650237e-01	1.523368646976610841e-01	7.088745408012310512e-02	3.065100608944732255e-02	7.667416701295302894e-02
1.169772837661847461e+03	2.524484413436076102e-01	1.634846568021313951e-01	2.533165350449644304e-01	1.524260219239142178e-01	7.091618954039860534e-02	3.067751953776329255e-02	7.673063580688047058e-02
1.171224168725944082e+03	2.522402808876401670e-01	1.633470797756886583e-01	2.534617396348439744e-01	1.525150280320585472e-01	7.094487897527344822e-02	3.070398590235539488e-02	7.678700679179975563e-02
1.172675499790040703e+03	2.520324755521519688e-01	1.632097334559828306e-01	2.536066998516983140e-01	1.526038832460469286e-01	7.097352246249950813e-02	3.073040528428046259e-02	7.684328014699995379e-02
1.174126830854137097e+03	2.518250247328141511e-01	1.630726174558546349e-01	2.537514161059316042e-01	1.526925877899821260e-01	7.100212007969644579e-02	3.075677778416176580e-02	7.689945605121928374e-02
1.175578161918233945e+03	2.516179278263027674e-01	1.629357313887946912e-01	2.538958888072587183e-01	1.527811418881072913e-01	7.103067190435201350e-02	3.078310350219242222e-02	7.695553468265213526e-02
1.177029492982330339e+03	2.514111842302974575e-01	1.627990748689422951e-01	2.540401183647065797e-01	1.528695457647967770e-01	7.105917801382220789e-02	3.080938253813880756e-02	7.701151621895589716e-02
1.178480824046426733e+03	2.512047933434802260e-01	1.626626475110843073e-01	2.541841051866151058e-01	1.529577996445472543e-01	7.108763848533154739e-02	3.083561499134393827e-02	7.706740083725760471e-02
1.179932155110523581e+03	2.509987545655341656e-01	1.625264489306542659e-01	2.543278496806383182e-01	1.530459037519686372e-01	7.111605339597325270e-02	3.086180096073088200e-02	7.712318871416042054e-02
1.181383486174620202e+03	2.507930672971418473e-01	1.623904787437310537e-01	2.544713522537458417e-01	1.531338583117756724e-01	7.114442282270946882e-02	3.088794054480611603e-02	7.717888002574989359e-02
1.182834817238716823e+03	2.505877309399843766e-01	1.622547365670379826e-01	2.546146133122235700e-01	1.532216635487793632e-01	7.117274684237151483e-02	3.091403384166289611e-02	7.723447494760014853e-02
1.184286148302813444e+03	2.503827448967397840e-01	1.621192220179416277e-01	2.547576332616751094e-01	1.533093196878787812e-01	7.120102553166006432e-02	3.094008094898461139e-02	7.728997365477982551e-02
1.185737479366910065e+03	2.501781085710818031e-01	1.619839347144508002e-01	2.549004125070229998e-01	1.533968269540528784e-01	7.122925896714538130e-02	3.096608196404811858e-02	7.734537632185788103e-02
1.187188810431006686e+03	2.499738213676784282e-01	1.618488742752154375e-01	2.550429514525095476e-01	1.534841855723526050e-01	7.125744722526754227e-02	3.099203698372704485e-02	7.740068312290926400e-02
1.188640141495103080e+03	2.497698826921907478e-01	1.617140403195255483e-01	2.551852505016982686e-01	1.535713957678931374e-01	7.128559038233664436e-02	3.101794610449511158e-02	7.745589423152038355e-02
1.190091472559199701e+03	2.495662919512715572e-01	1.615794324673100746e-01	2.553273100574748877e-01	1.536584577658463568e-01	7.131368851453301350e-02	3.104380942242939562e-02	7.751100982079457691e-02
1.191542803623296322e+03	2.493630485525638596e-01	1.614450503391358649e-01	2.554691305220484487e-01	1.537453717914333828e-01	7.134174169790746811e-02	3.106962703321363567e-02	7.756603006335721640e-02
1.192994134687392716e+03	2.491601519046996449e-01	1.613108935562067303e-01	2.556107122969525358e-01	1.538321380699171625e-01	7.136975000838148564e-02	3.109539903214144155e-02	7.762095513136088587e-02
1.194445465751489564e+03	2.489576014172985574e-01	1.611769617403621124e-01	2.557520557830463281e-01	1.539187568265955597e-01	7.139771352174743846e-02	3.112112551411954156e-02	7.767578519649033508e-02
1.195896796815585958e+03	2.487553965009664247e-01	1.610432545140762228e-01	2.558931613805157657e-01	1.540052282867943045e-01	7.142563231366878818e-02	3.114680657367100564e-02	7.773052042996730915e-02
1.197348127879682352e+03	2.485535365672940367e-01	1.609097715004569051e-01	2.560340294888747703e-01	1.540915526758600551e-01	7.145350645968036318e-02	3.117244230493840598e-02	7.778516100255530863e-02
1.198799458943779200e+03	2.483520210288556740e-01	1.607765123232445525e-01	2.561746605069661897e-01	1.541777302191538468e-01	7.148133603518848356e-02	3.119803280168701592e-02	7.783970708456411369e-02
1.200250790007875821e+03	2.481508492992076931e-01	1.606434766068110809e-01	2.563150548329630185e-01	1.542637611420444588e-01	7.150912111547128025e-02	3.122357815730794281e-02	7.789415884585434990e-02
1.201702121071972442e+03	2.479500207928873323e-01	1.605106639761588738e-01	2.564552128643696194e-01	1.543496456699020025e-01	7.153686177567883386e-02	3.124907846482126092e-02	7.794851645584184585e-02
1.203153452136069063e+03	2.477495349254112689e-01	1.603780740569197005e-01	2.565951349980226670e-01	1.544353840280917323e-01	7.156455809083336894e-02	3.127453381687911316e-02	7.800278008350189363e-02
1.204604783200165684e+03	2.475493911132741198e-01	1.602457064753536609e-01	2.567348216300924246e-01	1.545209764419677723e-01	7.159221013582957316e-02	3.129994430576879538e-02	7.805694989737341216e-02
1.206056114264262078e+03	2.473495887739472487e-01	1.601135608583481862e-01	2.568742731560835768e-01	1.546064231368671216e-01	7.161981798543469446e-02	3.132531002341581994e-02	7.811102606556302730e-02
1.207507445328358699e+03	2.471501273258772668e-01	1.599816368334168459e-01	2.570134899708368947e-01	1.546917243381037976e-01	7.164738171428884639e-02	3.135063106138695488e-02	7.816500875574902696e-02
1.208958776392455093e+03	2.469510061884846730e-01	1.598499340286984594e-01	2.571524724685297913e-01	1.547768802709629798e-01	7.167490139690518847e-02	3.137590751089322505e-02	7.821889813518526080e-02
1.210410107456551941e+03	2.467522247821625492e-01	1.597184520729559576e-01	2.572912210426777091e-01	1.548618911606954307e-01	7.170237710767009276e-02	3.140113946279290968e-02	7.827269437070491498e-02
1.211861438520648335e+03	2.465537825282750339e-01	1.595871905955753289e-01	2.574297360861351747e-01	1.549467572325118614e-01	7.172980892084344917e-02	3.142632700759451919e-02	7.832639762872421751e-02
1.213312769584745183e+03	2.463556788491560179e-01	1.594561492265646196e-01	2.575680179910969092e-01	1.550314787115774917e-01	7.175719691055879035e-02	3.145147023545971643e-02	7.838000807524601876e-02
1.214764100648841804e+03	2.461579131681078114e-01	1.593253275965529070e-01	2.577060671490989940e-01	1.551160558230067765e-01	7.178454115082355536e-02	3.147656923620625186e-02	7.843352587586331637e-02
1.216215431712937971e+03	2.459604849093996182e-01	1.591947253367891335e-01	2.578438839510198144e-01	1.552004887918582154e-01	7.181184171551929785e-02	3.150162409931085011e-02	7.848695119576271084e-02
1.217666762777034819e+03	2.457633934982662305e-01	1.590643420791411911e-01	2.579814687870813361e-01	1.552847778431290793e-01	7.183909867840188035e-02	3.152663491391208966e-02	7.854028419972777786e-02
1.219118093841131440e+03	2.455666383609066417e-01	1.589341774560948661e-01	2.581188220468502714e-01	1.553689232017505528e-01	7.186631211310166856e-02	3.155160176881321998e-02	7.859352505214238505e-02
1.220569424905228061e+03	2.453702189244826026e-01	1.588042311007527574e-01	2.582559441192388006e-01	1.554529250925827943e-01	7.189348209312379501e-02	3.157652475248501345e-02	7.864667391699387000e-02
1.222020755969324682e+03	2.451741346171172620e-01	1.586745026468332209e-01	2.583928353925060706e-01	1.555367837404100229e-01	7.192060869184832561e-02	3.160140395306855476e-02	7.869973095787616280e-02
1.223472087033421303e+03	2.449783848678936948e-01	1.585449917286694266e-01	2.585294962542591390e-01	1.556204993699359662e-01	7.194769198253049558e-02	3.162623945837798184e-02	7.875269633799289459e-02
1.224923418097517697e+03	2.447829691068535707e-01	1.584156979812082755e-01	2.586659270914540287e-01	1.557040722057790871e-01	7.197473203830091759e-02	3.165103135590326827e-02	7.880557022016040913e-02
1.226374749161614318e+03	2.445878867649957933e-01	1.582866210400093732e-01	2.588021282903968934e-01	1.557875024724681423e-01	7.200172893216574832e-02	3.167577973281290871e-02	7.885835276681069095e-02
1.227826080225710712e+03	2.443931372742750574e-01	1.581577605412439469e-01	2.589381002367450724e-01	1.558707903944376305e-01	7.202868273700696600e-02	3.170048467595665970e-02	7.891104413999423806e-02
1.229277411289807560e+03	2.441987200676002667e-01	1.580291161216939300e-01	2.590738433155081455e-01	1.559539361960236015e-01	7.205559352558252306e-02	3.172514627186814873e-02	7.896364450138287916e-02
1.230728742353903954e+03	2.440046345788334514e-01	1.579006874187508236e-01	2.592093579110491541e-01	1.560369401014592983e-01	7.208246137052659597e-02	3.174976460676757345e-02	7.901615401227256308e-02
1.232180073418000802e+03	2.438108802427881860e-01	1.577724740704147532e-01	2.593446444070854895e-01	1.561198023348709663e-01	7.210928634434977946e-02	3.177433976656428294e-02	7.906857283358598165e-02
1.233631404482097196e+03	2.436174564952280908e-01	1.576444757152934140e-01	2.594797031866901693e-01	1.562025231202737729e-01	7.213606851943926701e-02	3.179887183685939367e-02	7.912090112587530366e-02
1.235082735546193817e+03	2.434243627728655823e-01	1.575166919926010989e-01	2.596145346322927816e-01	1.562851026815678390e-01	7.216280796805908671e-02	3.182336090294834996e-02	7.917313904932465896e-02
1.236534066610290438e+03	2.432315985133604308e-01	1.573891225421575890e-01	2.597491391256805393e-01	1.563675412425342137e-01	7.218950476235032332e-02	3.184780704982347055e-02	7.922528676375278911e-02
1.237985397674387059e+03	2.430391631553182885e-01	1.572617670043871818e-01	2.598835170479996681e-01	1.564498390268310724e-01	7.221615897433129871e-02	3.187221036217646741e-02	7.927734442861544828e-02
1.239436728738483680e+03	2.428470561382893023e-01	1.571346250203176920e-01	2.600176687797559616e-01	1.565319962579899138e-01	7.224277067589778001e-02	3.189657092440092295e-02	7.932931220300780406e-02
1.240888059802580301e+03	2.426552769027667811e-01	1.570076962315794800e-01	2.601515947008162799e-01	1.566140131594118967e-01	7.226933993882318774e-02	3.192088882059479493e-02	7.938119024566692161e-02
1.242339390866676695e+03	2.424638248901856696e-01	1.568809802804043141e-01	2.602852951904095491e-01	1.566958899543641481e-01	7.229586683475880404e-02	3.194516413456282428e-02	7.943297871497402574e-02
1.243790721930773088e+03	2.422726995429212160e-01	1.567544768096244545e-01	2.604187706271275937e-01	1.567776268659762107e-01	7.232235143523400855e-02	3.196939694981898450e-02	7.948467776895680459e-02
1.245242052994869937e+03	2.420819003042874729e-01	1.566281854626716541e-01	2.605520213889265801e-01	1.568592241172365731e-01	7.234879381165644496e-02	3.199358734958884787e-02	7.953628756529167176e-02
1.246693384058966330e+03	2.418914266185359652e-01	1.565021058835760759e-01	2.606850478531278492e-01	1.569406819309892842e-01	7.237519403531222917e-02	3.201773541681197238e-02	7.958780826130593122e-02
1.248144715123063179e+03	2.417012779308542469e-01	1.563762377169653772e-01	2.608178503964187489e-01	1.570220005299305110e-01	7.240155217736615745e-02	3.204184123414425406e-02	7.963924001397995611e-02
1.249596046187159800e+03	2.415114536873644580e-01	1.562505806080636828e-01	2.609504293948543552e-01	1.571031801366052916e-01	7.242786830886194238e-02	3.206590488396024452e-02	7.969058297994931206e-02
1.251047377251256421e+03	2.413219533351219914e-01	1.561251342026905575e-01	2.610827852238578606e-01	1.571842209734042595e-01	7.245414250072235163e-02	3.208992644835541308e-02	7.974183731550685272e-02
1.252498708315352815e+03	2.411327763221139397e-01	1.559998981472599522e-01	2.612149182582220730e-01	1.572651232625606188e-01	7.248037482374949936e-02	3.211390600914849208e-02	7.979300317660469044e-02
1.253950039379449436e+03	2.409439220972578177e-01	1.558748720887793426e-01	2.613468288721101929e-01	1.573458872261469521e-01	7.250656534862497116e-02	3.213784364788364878e-02	7.984408071885625013e-02
1.255401370443546057e+03	2.407553901104001193e-01	1.557500556748486198e-01	2.614785174390570899e-01	1.574265130860721396e-01	7.253271414591007382e-02	3.216173944583277516e-02	7.989507009753825384e-02
1.256852701507642678e+03	2.405671798123148186e-01	1.556254485536591459e-01	2.616099843319703577e-01	1.575070010640785001e-01	7.255882128604601577e-02	3.218559348399764597e-02	7.994597146759256645e-02
1.258304032571739299e+03	2.403792906547020380e-01	1.555010503739927552e-01	2.617412299231310913e-01	1.575873513817387384e-01	7.258488683935411523e-02	3.220940584311210442e-02	7.999678498362818024e-02
1.259755363635835920e+03	2.401917220901865491e-01	1.553768607852207828e-01	2.618722545841952187e-01	1.576675642604531968e-01	7.261091087603602223e-02	3.223317660364425491e-02	8.004751079992297735e-02
1.261206694699932314e+03	2.400044735723164402e-01	1.552528794373030097e-01	2.620030586861943900e-01	1.577476399214469971e-01	7.263689346617389908e-02	3.225690584579855164e-02	8.009814907042565879e-02
1.262658025764028707e+03	2.398175445555616736e-01	1.551291059807867745e-01	2.621336425995371977e-01	1.578275785857673197e-01	7.266283467973060073e-02	3.228059364951790799e-02	8.014869994875747916e-02
1.264109356828125556e+03	2.396309344953126697e-01	1.550055400668058359e-01	2.622640066940100656e-01	1.579073804742806841e-01	7.268873458654992459e-02	3.230424009448581990e-02	8.019916358821398139e-02
1.265560687892221949e+03	2.394446428478788635e-01	1.548821813470795672e-01	2.623941513387782476e-01	1.579870458076702844e-01	7.271459325635679094e-02	3.232784526012839887e-02	8.024954014176682859e-02
1.267012018956318798e+03	2.392586690704873176e-01	1.547590294739118744e-01	2.625240769023870491e-01	1.580665748064334908e-01	7.274041075875743723e-02	3.235140922561641208e-02	8.029982976206538614e-02
1.268463350020415419e+03	2.390730126212812778e-01	1.546360841001901965e-01	2.626537837527628816e-01	1.581459676908792134e-01	7.276618716323961233e-02	3.237493206986732236e-02	8.035003260143848414e-02
1.269914681084511813e+03	2.388876729593187587e-01	1.545133448793845621e-01	2.627832722572140400e-01	1.582252246811254870e-01	7.279192253917281252e-02	3.239841387154726582e-02	8.040014881189602725e-02
1.271366012148608434e+03	2.387026495445711827e-01	1.543908114655466735e-01	2.629125427824320904e-01	1.583043459970970013e-01	7.281761695580843408e-02	3.242185470907302941e-02	8.045017854513063227e-02
1.272817343212705055e+03	2.385179418379219651e-01	1.542684835133087684e-01	2.630415956944924250e-01	1.583833318585227135e-01	7.284327048228000923e-02	3.244525466061401464e-02	8.050012195251919633e-02
1.274268674276801676e+03	2.383335493011649320e-01	1.541463606778827877e-01	2.631704313588558719e-01	1.584621824849334892e-01	7.286888318760338656e-02	3.246861380409416659e-02	8.054997918512446509e-02
1.275720005340898297e+03	2.381494713970031540e-01	1.540244426150593204e-01	2.632990501403693062e-01	1.585408980956598823e-01	7.289445514067693921e-02	3.249193221719385433e-02	8.059975039369660088e-02
1.277171336404994690e+03	2.379657075890473095e-01	1.539027289812067711e-01	2.634274524032668707e-01	1.586194789098298308e-01	7.291998641028175909e-02	3.251520997735179996e-02	8.064943572867466770e-02
1.278622667469091539e+03	2.377822573418144902e-01	1.537812194332701665e-01	2.635556385111710309e-01	1.586979251463663532e-01	7.294547706508186513e-02	3.253844716176692436e-02	8.069903534018812996e-02
1.280073998533187932e+03	2.375991201207265646e-01	1.536599136287703782e-01	2.636836088270934075e-01	1.587762370239856335e-01	7.297092717362435588e-02	3.256164384740019985e-02	8.074854937805836519e-02
1.281525329597284326e+03	2.374162953921089281e-01	1.535388112258030957e-01	2.638113637134359979e-01	1.588544147611946900e-01	7.299633680433970095e-02	3.258480011097646817e-02	8.079797799180003792e-02
1.282976660661381175e+03	2.372337826231890046e-01	1.534179118830377719e-01	2.639389035319919530e-01	1.589324585762894315e-01	7.302170602554183820e-02	3.260791602898625158e-02	8.084732133062255688e-02
1.284427991725477568e+03	2.370515812820948864e-01	1.532972152597168458e-01	2.640662286439470763e-01	1.590103686873525490e-01	7.304703490542842348e-02	3.263099167768754305e-02	8.089657954343150437e-02
1.285879322789574417e+03	2.368696908378538080e-01	1.531767210156545767e-01	2.641933394098803234e-01	1.590881453122515166e-01	7.307232351208102494e-02	3.265402713310755489e-02	8.094575277882995468e-02
1.287330653853671038e+03	2.366881107603909795e-01	1.530564288112362115e-01	2.643202361897650787e-01	1.591657886686367596e-01	7.309757191346530347e-02	3.267702247104448121e-02	8.099484118511994513e-02
1.288781984917767431e+03	2.365068405205278668e-01	1.529363383074170135e-01	2.644469193429701548e-01	1.592432989739395732e-01	7.312278017743122083e-02	3.269997776706921183e-02	8.104384491030366955e-02
1.290233315981864052e+03	2.363258795899810250e-01	1.528164491657213186e-01	2.645733892282607358e-01	1.593206764453704016e-01	7.314794837171324782e-02	3.272289309652704620e-02	8.109276410208490771e-02
