1.001418434226643626e+03	2.791793312907102642e-01	1.811075112180866309e-01	2.347080355075432667e-01	1.410371357091740330e-01	6.721271485914349919e-02	2.727437983584248687e-02	6.948089157916423342e-02
1.003837319333471214e+03	2.787566181888032624e-01	1.808290520286465475e-01	2.350022226713830431e-01	1.412172122029508037e-01	6.726920430039584620e-02	2.732916181231872035e-02	6.959652879516618762e-02
1.006256204440298802e+03	2.783351051329979176e-01	1.805513709903644459e-01	2.352955851814636234e-01	1.413968195142923656e-01	6.732554212643714064e-02	2.738376742834101527e-02	6.971180962576795093e-02
1.008675089547126618e+03	2.779147887699623398e-01	1.802744659273428363e-01	2.355881253453343815e-01	1.415759575379082202e-01	6.738172876403820954e-02	2.743819744551924053e-02	6.982673620955920368e-02
1.011093974653954206e+03	2.774956657540728622e-01	1.799983346697694164e-01	2.358798454640914644e-01	1.417546262223809139e-01	6.743776463877584892e-02	2.749245262893970643e-02	6.994131062163425061e-02
1.013512859760782021e+03	2.770777327474586715e-01	1.797229750539000859e-01	2.361707478323956388e-01	1.419328255676034212e-01	6.749365017503557163e-02	2.754653374633642127e-02	7.005553487693470804e-02
1.015931744867609382e+03	2.766609864200437752e-01	1.794483849220419314e-01	2.364608347384901388e-01	1.421105556223477007e-01	6.754938579601446613e-02	2.760044156732401749e-02	7.016941093340241242e-02
1.018350629974437197e+03	2.762454234495860250e-01	1.791745621225363794e-01	2.367501084642185949e-01	1.422878164819572078e-01	6.760497192372416642e-02	2.765417686268853772e-02	7.028294069495352736e-02
1.020769515081264785e+03	2.758310405217128669e-01	1.789015045097422096e-01	2.370385712850427151e-01	1.424646082861567020e-01	6.766040897899357198e-02	2.770774040373229913e-02	7.039612601428409111e-02
1.023188400188092373e+03	2.754178343299552023e-01	1.786292099440187631e-01	2.373262254700599927e-01	1.426409312169723276e-01	6.771569738147187323e-02	2.776113296166944980e-02	7.050896869551685764e-02
1.025607285294920075e+03	2.750058015757779750e-01	1.783576762917092606e-01	2.376130732820214697e-01	1.428167854967569705e-01	6.777083754963136863e-02	2.781435530706894907e-02	7.062147049669846577e-02
1.028026170401747549e+03	2.745949389686090369e-01	1.780869014251239280e-01	2.378991169773494174e-01	1.429921713863140653e-01	6.782582990077037910e-02	2.786740820934190468e-02	7.073363313215576265e-02
1.030445055508575479e+03	2.741852432258654049e-01	1.778168832225233420e-01	2.381843588061546835e-01	1.431670891831152426e-01	6.788067485101619003e-02	2.792029243627041843e-02	7.084545827471916413e-02
1.032863940615402726e+03	2.737767110729775188e-01	1.775476195681018887e-01	2.384688010122545387e-01	1.433415392196064064e-01	6.793537281532792405e-02	2.797300875357523406e-02	7.095694755782092078e-02
1.035282825722230655e+03	2.733693392434112801e-01	1.772791083519710542e-01	2.387524458331899968e-01	1.435155218615974948e-01	6.798992420749946919e-02	2.802555792451965136e-02	7.106810257747542270e-02
1.037701710829058356e+03	2.729631244786884237e-01	1.770113474701429102e-01	2.390352955002434110e-01	1.436890375067315095e-01	6.804432944016244877e-02	2.807794070954737833e-02	7.117892489414828772e-02
1.040120595935886058e+03	2.725580635284048925e-01	1.767443348245135992e-01	2.393173522384556828e-01	1.438620865830282924e-01	6.809858892478912185e-02	2.813015786595201781e-02	7.128941603452074172e-02
1.042539481042713533e+03	2.721541531502475464e-01	1.764780683228469593e-01	2.395986182666438313e-01	1.440346695474994665e-01	6.815270307169529751e-02	2.818221014757614842e-02	7.139957749315516133e-02
1.044958366149541234e+03	2.717513901100090390e-01	1.762125458787580090e-01	2.398790957974181737e-01	1.442067868848302126e-01	6.820667229004327703e-02	2.823409830453800506e-02	7.150941073406770487e-02
1.047377251256368709e+03	2.713497711816014735e-01	1.759477654116966272e-01	2.401587870371997557e-01	1.443784391061246897e-01	6.826049698784487918e-02	2.828582308298394771e-02	7.161891719221308295e-02
1.049796136363196410e+03	2.709492931470682264e-01	1.756837248469312329e-01	2.404376941862373940e-01	1.445496267477116570e-01	6.831417757196428520e-02	2.833738522486493883e-02	7.172809827488677015e-02
1.052215021470024112e+03	2.705499527965945505e-01	1.754204221155324650e-01	2.407158194386249950e-01	1.447203503700069116e-01	6.836771444812102250e-02	2.838878546773544731e-02	7.183695536304916807e-02
1.054633906576851814e+03	2.701517469285166229e-01	1.751578551543570839e-01	2.409931649823186806e-01	1.448906105564296831e-01	6.842110802089289290e-02	2.844002454457321416e-02	7.194548981257641029e-02
1.057052791683679516e+03	2.697546723493295939e-01	1.748960219060316235e-01	2.412697329991538853e-01	1.450604079123701540e-01	6.847435869371897021e-02	2.849110318361847832e-02	7.205370295544184789e-02
1.059471676790506763e+03	2.693587258736942491e-01	1.746349203189364596e-01	2.415455256648623983e-01	1.452297430642054132e-01	6.852746686890251460e-02	2.854202210823132344e-02	7.216159610083226761e-02
1.061890561897334692e+03	2.689639043244423378e-01	1.743745483471894619e-01	2.418205451490893221e-01	1.453986166583612349e-01	6.858043294761394237e-02	2.859278203676584793e-02	7.226917053620257603e-02
1.064309447004162394e+03	2.685702045325812359e-01	1.741149039506300900e-01	2.420947936154100311e-01	1.455670293604172105e-01	6.863325732989375427e-02	2.864338368246002048e-02	7.237642752827239123e-02
1.066728332110990095e+03	2.681776233372972218e-01	1.738559850948034335e-01	2.423682732213472690e-01	1.457349818542532927e-01	6.868594041465551914e-02	2.869382775334007943e-02	7.248336832396801155e-02
1.069147217217817570e+03	2.677861575859575294e-01	1.735977897509441981e-01	2.426409861183876915e-01	1.459024748412354189e-01	6.873848259968878827e-02	2.874411495213846646e-02	7.258999415131275890e-02
1.071566102324645271e+03	2.673958041341121250e-01	1.733403158959608004e-01	2.429129344519990741e-01	1.460695090394378559e-01	6.879088428166207914e-02	2.879424597622430929e-02	7.269630622026859723e-02
1.073984987431472746e+03	2.670065598454940403e-01	1.730835615124194093e-01	2.431841203616467995e-01	1.462360851829012376e-01	6.884314585612583137e-02	2.884422151754553049e-02	7.280230572353198204e-02
1.076403872538300675e+03	2.666184215920189282e-01	1.728275245885283473e-01	2.434545459808106771e-01	1.464022040209234654e-01	6.889526771751529333e-02	2.889404226258175667e-02	7.290799383728636951e-02
1.078822757645127922e+03	2.662313862537838971e-01	1.725722031181220750e-01	2.437242134370016522e-01	1.465678663173824725e-01	6.894725025915356131e-02	2.894370889230716767e-02	7.301337172191399438e-02
1.081241642751955851e+03	2.658454507190654570e-01	1.723175951006455375e-01	2.439931248517785978e-01	1.467330728500891024e-01	6.899909387325443844e-02	2.899322208216262645e-02	7.311844052266905369e-02
1.083660527858783553e+03	2.654606118843168550e-01	1.720636985411385655e-01	2.442612823407645795e-01	1.468978244101684094e-01	6.905079895092544606e-02	2.904258250203631958e-02	7.322320137031471110e-02
1.086079412965611255e+03	2.650768666541644114e-01	1.718105114502200825e-01	2.445286880136636476e-01	1.470621218014679654e-01	6.910236588217073816e-02	2.909179081625226648e-02	7.332765538172578146e-02
1.088498298072438729e+03	2.646942119414035233e-01	1.715580318440725893e-01	2.447953439742774073e-01	1.472259658399921178e-01	6.915379505589401565e-02	2.914084768356607971e-02	7.343180366045910790e-02
1.090917183179266431e+03	2.643126446669940011e-01	1.713062577444265933e-01	2.450612523205212556e-01	1.473893573533605617e-01	6.920508685990148234e-02	2.918975375716743176e-02	7.353564729729350491e-02
1.093336068286093905e+03	2.639321617600541847e-01	1.710551871785450651e-01	2.453264151444410346e-01	1.475522971802901151e-01	6.925624168090481481e-02	2.923850968468864192e-02	7.363918737074098830e-02
1.095754953392921607e+03	2.635527601578552814e-01	1.708048181792079512e-01	2.455908345322292685e-01	1.477147861700986164e-01	6.930725990452403507e-02	2.928711610821891839e-02	7.374242494753072141e-02
1.098173838499749309e+03	2.631744368058148154e-01	1.705551487846968250e-01	2.458545125642415119e-01	1.478768251822299429e-01	6.935814191529045269e-02	2.933557366432376287e-02	7.384536108306750946e-02
1.100592723606577010e+03	2.627971886574892446e-01	1.703061770387794271e-01	2.461174513150126419e-01	1.480384150857987358e-01	6.940888809664963466e-02	2.938388298406911792e-02	7.394799682186604939e-02
1.103011608713404712e+03	2.624210126745663563e-01	1.700579009906942884e-01	2.463796528532732621e-01	1.481995567591544438e-01	6.945949883096426414e-02	2.943204469304981641e-02	7.405033319796248958e-02
1.105430493820231959e+03	2.620459058268572727e-01	1.698103186951355204e-01	2.466411192419656062e-01	1.483602510894631576e-01	6.950997449951711038e-02	2.948005941142198619e-02	7.415237123530427077e-02
1.107849378927059888e+03	2.616718650922877920e-01	1.695634282122375491e-01	2.469018525382599416e-01	1.485204989723069025e-01	6.956031548251388752e-02	2.952792775393902128e-02	7.425411194811985804e-02
1.110268264033887590e+03	2.612988874568892284e-01	1.693172276075598226e-01	2.471618547935705845e-01	1.486803013112991123e-01	6.961052215908621055e-02	2.957565032999079704e-02	7.435555634126916891e-02
1.112687149140715292e+03	2.609269699147890864e-01	1.690717149520716833e-01	2.474211280535719704e-01	1.488396590177158418e-01	6.966059490729448189e-02	2.962322774364582398e-02	7.445670541057596015e-02
1.115106034247542766e+03	2.605561094682010692e-01	1.688268883221372696e-01	2.476796743582147797e-01	1.489985730101418826e-01	6.971053410413077800e-02	2.967066059369604519e-02	7.455756014314304791e-02
1.117524919354370468e+03	2.601863031274146976e-01	1.685827457995003331e-01	2.479374957417417313e-01	1.491570442141308128e-01	6.976034012552179142e-02	2.971794947370400009e-02	7.465812151765144344e-02
1.119943804461197942e+03	2.598175479107849295e-01	1.683392854712692788e-01	2.481945942327036803e-01	1.493150735618788694e-01	6.981001334633167577e-02	2.976509497205209048e-02	7.475839050464426483e-02
1.122362689568025871e+03	2.594498408447208360e-01	1.680965054299021766e-01	2.484509718539753831e-01	1.494726619919114763e-01	6.985955414036498778e-02	2.981209767199377580e-02	7.485836806679616040e-02
1.124781574674853118e+03	2.590831789636744431e-01	1.678544037731917182e-01	2.487066306227715407e-01	1.496298104487821246e-01	6.990896288036946293e-02	2.985895815170639192e-02	7.495805515916921513e-02
1.127200459781681047e+03	2.587175593101288529e-01	1.676129786042502845e-01	2.489615725506623689e-01	1.497865198827829925e-01	6.995823993803904073e-02	2.990567698434543412e-02	7.505745272945595070e-02
1.129619344888508749e+03	2.583529789345864192e-01	1.673722280314951794e-01	2.492157996435895584e-01	1.499427912496667237e-01	7.000738568401661255e-02	2.995225473810014458e-02	7.515656171821025189e-02
1.132038229995336451e+03	2.579894348955564243e-01	1.671321501686337252e-01	2.494693139018819283e-01	1.500986255103789468e-01	7.005640048789699148e-02	2.999869197625017192e-02	7.525538305906669112e-02
1.134457115102163925e+03	2.576269242595425335e-01	1.668927431346484691e-01	2.497221173202709976e-01	1.502540236308007870e-01	7.010528471822968788e-02	3.004498925722316402e-02	7.535391767894919490e-02
1.136876000208991627e+03	2.572654441010298054e-01	1.666540050537824447e-01	2.499742118879068609e-01	1.504089865815014526e-01	7.015403874252185146e-02	3.009114713465316573e-02	7.545216649826932964e-02
1.139294885315819101e+03	2.569049915024715358e-01	1.664159340555243782e-01	2.502255995883735373e-01	1.505635153374998425e-01	7.020266292724104684e-02	3.013716615743963420e-02	7.555013043111492854e-02
1.141713770422646803e+03	2.565455635542761570e-01	1.661785282745941172e-01	2.504762823997046528e-01	1.507176108780351187e-01	7.025115763781815403e-02	3.018304686980700230e-02	7.564781038542964242e-02
1.144132655529474505e+03	2.561871573547934156e-01	1.659417858509280308e-01	2.507262622943989827e-01	1.508712741863458828e-01	7.029952323865019947e-02	3.022878981136459947e-02	7.574520726318367814e-02
1.146551540636302207e+03	2.558297700103007721e-01	1.657057049296642437e-01	2.509755412394356622e-01	1.510245062494574853e-01	7.034776009310317324e-02	3.027439551716687785e-02	7.584232196053647401e-02
1.148970425743129908e+03	2.554733986349890795e-01	1.654702836611283145e-01	2.512241211962900622e-01	1.511773080579768558e-01	7.039586856351491562e-02	3.031986451777382574e-02	7.593915536799160371e-02
1.151389310849957155e+03	2.551180403509484274e-01	1.652355202008184976e-01	2.514720041209487222e-01	1.513296806058953003e-01	7.044384901119789266e-02	3.036519733931146089e-02	7.603570837054436649e-02
1.153808195956785084e+03	2.547636922881537647e-01	1.650014127093914762e-01	2.517191919639249487e-01	1.514816248903977647e-01	7.049170179644201339e-02	3.041039450353230991e-02	7.613198184782241085e-02
1.156227081063612786e+03	2.544103515844502450e-01	1.647679593526477637e-01	2.519656866702739140e-01	1.516331419116796198e-01	7.053942727851748862e-02	3.045545652787584601e-02	7.622797667421980783e-02
1.158645966170440488e+03	2.540580153855382384e-01	1.645351583015174923e-01	2.522114901796081443e-01	1.517842326727694702e-01	7.058702581567763423e-02	3.050038392552873248e-02	7.632369371902493482e-02
1.161064851277267962e+03	2.537066808449587318e-01	1.643030077320459248e-01	2.524566044261125630e-01	1.519348981793584574e-01	7.063449776516164680e-02	3.054517720548488927e-02	7.641913384654250296e-02
1.163483736384095664e+03	2.533563451240777309e-01	1.640715058253791325e-01	2.527010313385597007e-01	1.520851394396355583e-01	7.068184348319740684e-02	3.058983687260523332e-02	7.651429791620996401e-02
1.165902621490923138e+03	2.530070053920710493e-01	1.638406507677499513e-01	2.529447728403247941e-01	1.522349574641286840e-01	7.072906332500430993e-02	3.063436342767712067e-02	7.660918678270878246e-02
1.168321506597751068e+03	2.526586588259090993e-01	1.636104407504633818e-01	2.531878308494009966e-01	1.523843532655511923e-01	7.077615764479598670e-02	3.067875736747339641e-02	7.670380129607050346e-02
1.170740391704578315e+03	2.523113026103410150e-01	1.633808739698828505e-01	2.534302072784143656e-01	1.525333278586538943e-01	7.082312679578317560e-02	3.072301918481097627e-02	7.679814230177832435e-02
1.173159276811406244e+03	2.519649339378789987e-01	1.631519486274156383e-01	2.536719040346386289e-01	1.526818822600818637e-01	7.086997113017640126e-02	3.076714936860899807e-02	7.689221064086403101e-02
1.175578161918233945e+03	2.516195500087823889e-01	1.629236629294990579e-01	2.539129230200104503e-01	1.528300174882365192e-01	7.091669099918883334e-02	3.081114840394642146e-02	7.698600715000081252e-02
1.177997047025061647e+03	2.512751480310417840e-01	1.626960150875862432e-01	2.541532661311444175e-01	1.529777345631420926e-01	7.096328675303897882e-02	3.085501677211912111e-02	7.707953266159194017e-02
1.180415932131889122e+03	2.509317252203626114e-01	1.624690033181322435e-01	2.543929352593474746e-01	1.531250345063167873e-01	7.100975874095348528e-02	3.089875495069633812e-02	7.717278800385574122e-02
1.182834817238716823e+03	2.505892788001492510e-01	1.622426258425798407e-01	2.546319322906341331e-01	1.532719183406481278e-01	7.105610731116987488e-02	3.094236341357659709e-02	7.726577400090688108e-02
1.185253702345544298e+03	2.502478060014885486e-01	1.620168808873458099e-01	2.548702591057412370e-01	1.534183870902727231e-01	7.110233281093930602e-02	3.098584263104292580e-02	7.735849147283430094e-02
1.187672587452371999e+03	2.499073040631332177e-01	1.617917666838068480e-01	2.551079175801424515e-01	1.535644417804598039e-01	7.114843558652925171e-02	3.102919306981746436e-02	7.745094123577581091e-02
1.190091472559199701e+03	2.495677702314856028e-01	1.615672814682858061e-01	2.553449095840634175e-01	1.537100834374986458e-01	7.119441598322631681e-02	3.107241519311538733e-02	7.754312410198969940e-02
1.192510357666027403e+03	2.492292017605807208e-01	1.613434234820378121e-01	2.555812369824960184e-01	1.538553130885899622e-01	7.124027434533890257e-02	3.111550946069813889e-02	7.763504087992333103e-02
1.194929242772855105e+03	2.488915959120697186e-01	1.611201909712364211e-01	2.558169016352132008e-01	1.540001317617405441e-01	7.128601101619999603e-02	3.115847632892596378e-02	7.772669237427901057e-02
1.197348127879682352e+03	2.485549499552029973e-01	1.608975821869599865e-01	2.560519053967835745e-01	1.541445404856615353e-01	7.133162633816982068e-02	3.120131625080972346e-02	7.781807938607722408e-02
1.199767012986510281e+03	2.482192611668132542e-01	1.606755953851778662e-01	2.562862501165859563e-01	1.542885402896699565e-01	7.137712065263852879e-02	3.124402967606198372e-02	7.790920271271734032e-02
1.202185898093337983e+03	2.478845268312986627e-01	1.604542288267366834e-01	2.565199376388237473e-01	1.544321322035935307e-01	7.142249430002900468e-02	3.128661705114736680e-02	7.800006314803595298e-02
1.204604783200165684e+03	2.475507442406056913e-01	1.602334807773468095e-01	2.567529698025395324e-01	1.545753172576783685e-01	7.146774761979943213e-02	3.132907881933218175e-02	7.809066148236291915e-02
1.207023668306993159e+03	2.472179106942120064e-01	1.600133495075686807e-01	2.569853484416295686e-01	1.547180964824999005e-01	7.151288095044612547e-02	3.137141542073327433e-02	7.818099850257541339e-02
1.209442553413820860e+03	2.468860234991094027e-01	1.597938332927992255e-01	2.572170753848579960e-01	1.548604709088764741e-01	7.155789462950606916e-02	3.141362729236615858e-02	7.827107499214965014e-02
1.211861438520648335e+03	2.465550799697863726e-01	1.595749304132584034e-01	2.574481524558713263e-01	1.550024415677858092e-01	7.160278899355966564e-02	3.145571486819237483e-02	7.836089173121095486e-02
1.214280323627476264e+03	2.462250774282110088e-01	1.593566391539756599e-01	2.576785814732128199e-01	1.551440094902840905e-01	7.164756437823344148e-02	3.149767857916612596e-02	7.845044949658180888e-02
1.216699208734303511e+03	2.458960132038135460e-01	1.591389578047764375e-01	2.579083642503364193e-01	1.552851757074275585e-01	7.169222111820264254e-02	3.153951885328009491e-02	7.853974906182821514e-02
1.219118093841131440e+03	2.455678846334688747e-01	1.589218846602689084e-01	2.581375025956214597e-01	1.554259412501967919e-01	7.173675954719394010e-02	3.158123611561058919e-02	7.862879119730434296e-02
1.221536978947959142e+03	2.452406890614792778e-01	1.587054180198304576e-01	2.583659983123864357e-01	1.555663071494231831e-01	7.178117999798805382e-02	3.162283078836188727e-02	7.871757667019563254e-02
1.223955864054786844e+03	2.449144238395567497e-01	1.584895561875943604e-01	2.585938531989034339e-01	1.557062744357178008e-01	7.182548280242237460e-02	3.166430329090983570e-02	7.880610624456034496e-02
1.226374749161614318e+03	2.445890863268055937e-01	1.582742974724365703e-01	2.588210690484121224e-01	1.558458441394025562e-01	7.186966829139369850e-02	3.170565403984472452e-02	7.889438068136968296e-02
1.228793634268442020e+03	2.442646738897047698e-01	1.580596401879622859e-01	2.590476476491337943e-01	1.559850172904434229e-01	7.191373679486075254e-02	3.174688344901339943e-02	7.898240073854649601e-02
1.231212519375269494e+03	2.439411839020902972e-01	1.578455826524929329e-01	2.592735907842855791e-01	1.561237949183858220e-01	7.195768864184688696e-02	3.178799192956067304e-02	7.907016717100277814e-02
1.233631404482097196e+03	2.436186137451375189e-01	1.576321231890528418e-01	2.594989002320941540e-01	1.562621780522920611e-01	7.200152416044262871e-02	3.182897988996994526e-02	7.915768073067579180e-02
1.236050289588924898e+03	2.432969608073435597e-01	1.574192601253561197e-01	2.597235777658099543e-01	1.564001677206806051e-01	7.204524367780838767e-02	3.186984773610317123e-02	7.924494216656309542e-02
1.238469174695752372e+03	2.429762224845095075e-01	1.572069917937934935e-01	2.599476251537212179e-01	1.565377649514674285e-01	7.208884752017695463e-02	3.191059587124006613e-02	7.933195222475632191e-02
1.240888059802580301e+03	2.426563961797226499e-01	1.569953165314193488e-01	2.601710441591671419e-01	1.566749707719089502e-01	7.213233601285622132e-02	3.195122469611661603e-02	7.941871164847402742e-02
1.243306944909407548e+03	2.423374793033387653e-01	1.567842326799385455e-01	2.603938365405527033e-01	1.568117862085470493e-01	7.217570948023166455e-02	3.199173460896288096e-02	7.950522117809334655e-02
1.245725830016235477e+03	2.420194692729643604e-01	1.565737385856935115e-01	2.606160040513617604e-01	1.569482122871554974e-01	7.221896824576899687e-02	3.203212600554009720e-02	7.959148155118074552e-02
1.248144715123063179e+03	2.417023635134386839e-01	1.563638325996511702e-01	2.608375484401710964e-01	1.570842500326882774e-01	7.226211263201673396e-02	3.207239927917712036e-02	7.967749350252185947e-02
1.250563600229890881e+03	2.413861594568161295e-01	1.561545130773901724e-01	2.610584714506641313e-01	1.572199004692293733e-01	7.230514296060874813e-02	3.211255482080616064e-02	7.976325776415027491e-02
1.252982485336718355e+03	2.410708545423481675e-01	1.559457783790877961e-01	2.612787748216444661e-01	1.573551646199441434e-01	7.234805955226687735e-02	3.215259301899784511e-02	7.984877506537566005e-02
1.255401370443546057e+03	2.407564462164656083e-01	1.557376268695072341e-01	2.614984602870497610e-01	1.574900435070323290e-01	7.239086272680342327e-02	3.219251425999564847e-02	7.993404613281085425e-02
1.257820255550373531e+03	2.404429319327607006e-01	1.555300569179847159e-01	2.617175295759652798e-01	1.576245381516824251e-01	7.243355280312378797e-02	3.223231892774965079e-02	8.001907169039837453e-02
1.260239140657201460e+03	2.401303091519691457e-01	1.553230668984167118e-01	2.619359844126372128e-01	1.577586495740272987e-01	7.247613009922894423e-02	3.227200740394966377e-02	8.010385245943595078e-02
1.262658025764028707e+03	2.398185753419523336e-01	1.551166551892471657e-01	2.621538265164864989e-01	1.578923787931015843e-01	7.251859493221803066e-02	3.231158006805771865e-02	8.018838915860156125e-02
1.265076910870856636e+03	2.395077279776793855e-01	1.549108201734548107e-01	2.623710576021223151e-01	1.580257268268001614e-01	7.256094761829084971e-02	3.235103729733991573e-02	8.027268250397755212e-02
1.267495795977684338e+03	2.391977645412090847e-01	1.547055602385404849e-01	2.625876793793553432e-01	1.581586946918377978e-01	7.260318847275039345e-02	3.239037946689768410e-02	8.035673320907425754e-02
1.269914681084511813e+03	2.388886825216721688e-01	1.545008737765144191e-01	2.628036935532113150e-01	1.582912834037103478e-01	7.264531781000543864e-02	3.242960694969842378e-02	8.044054198485289797e-02
1.272333566191339514e+03	2.385804794152532882e-01	1.542967591838837194e-01	2.630191018239445011e-01	1.584234939766569761e-01	7.268733594357298933e-02	3.246872011660556501e-02	8.052410953974796504e-02
1.274752451298167216e+03	2.382731527251731318e-01	1.540932148616397379e-01	2.632339058870508675e-01	1.585553274236236598e-01	7.272924318608076089e-02	3.250771933640800998e-02	8.060743657968887088e-02
1.277171336404994690e+03	2.379666999616703582e-01	1.538902392152454723e-01	2.634481074332814532e-01	1.586867847562278000e-01	7.277103984926978908e-02	3.254660497584903334e-02	8.069052380812112568e-02
1.279590221511822392e+03	2.376611186419837762e-01	1.536878306546232142e-01	2.636617081486558045e-01	1.588178669847238322e-01	7.281272624399681703e-02	3.258537739965461366e-02	8.077337192602698779e-02
1.282009106618650094e+03	2.373564062903344429e-01	1.534859875941419205e-01	2.638747097144748532e-01	1.589485751179701978e-01	7.285430268023686262e-02	3.262403697056119600e-02	8.085598163194558652e-02
1.284427991725477568e+03	2.370525604379076501e-01	1.532847084526048620e-01	2.640871138073345170e-01	1.590789101633970359e-01	7.289576946708566096e-02	3.266258404934289927e-02	8.093835362199247596e-02
1.286846876832305497e+03	2.367495786228350219e-01	1.530839916532371892e-01	2.642989220991385224e-01	1.592088731269751256e-01	7.293712691276216242e-02	3.270101899483820324e-02	8.102048858987884183e-02
1.289265761939132744e+03	2.364474583901766125e-01	1.528838356236736362e-01	2.645101362571118941e-01	1.593384650131857705e-01	7.297837532461096122e-02	3.273934216397611507e-02	8.110238722693013935e-02
1.291684647045960673e+03	2.361461972919030039e-01	1.526842387959460035e-01	2.647207579438135561e-01	1.594676868249916279e-01	7.301951500910479342e-02	3.277755391180178779e-02	8.118405022210431476e-02
1.294103532152788375e+03	2.358457928868773756e-01	1.524851996064710558e-01	2.649307888171499314e-01	1.595965395638083983e-01	7.306054627184700723e-02	3.281565459150167369e-02	8.126547826200963831e-02
1.296522417259616077e+03	2.355462427408375470e-01	1.522867164960381714e-01	2.651402305303876550e-01	1.597250242294774858e-01	7.310146941757401928e-02	3.285364455442812970e-02	8.134667203092209309e-02
1.298941302366443551e+03	2.352475444263782411e-01	1.520887879097971573e-01	2.653490847321663959e-01	1.598531418202396304e-01	7.314228475015770170e-02	3.289152415012355779e-02	8.142763221080238922e-02
1.301360187473271253e+03	2.349496955229330442e-01	1.518914122972459813e-01	2.655573530665122362e-01	1.599808933327092619e-01	7.318299257260785229e-02	3.292929372634408741e-02	8.150835948131260333e-02
1.303779072580098727e+03	2.346526936167566413e-01	1.516945881122186701e-01	2.657650371728502159e-01	1.601082797618497422e-01	7.322359318707462317e-02	3.296695362908273752e-02	8.158885451983240167e-02
1.306197957686926657e+03	2.343565363009069424e-01	1.514983138128731532e-01	2.659721386860174897e-01	1.602353021009493561e-01	7.326408689485099102e-02	3.300450420259216922e-02	8.166911800147497180e-02
1.308616842793753904e+03	2.340612211752272076e-01	1.513025878616791331e-01	2.661786592362757609e-01	1.603619613415982748e-01	7.330447399637510242e-02	3.304194578940691102e-02	8.174915059910262127e-02
1.311035727900581833e+03	2.337667458463282555e-01	1.511074087254061227e-01	2.663846004493245490e-01	1.604882584736660456e-01	7.334475479123274411e-02	3.307927873036524413e-02	8.182895298334197376e-02
1.313454613007409534e+03	2.334731079275706722e-01	1.509127748751113440e-01	2.665899639463137905e-01	1.606141944852799708e-01	7.338492957815968831e-02	3.311650336463056038e-02	8.190852582259895709e-02
1.315873498114237009e+03	2.331803050390469090e-01	1.507186847861277657e-01	2.667947513438562734e-01	1.607397703628041519e-01	7.342499865504414913e-02	3.315362002971233152e-02	8.198786978307337492e-02
1.318292383221064711e+03	2.328883348075636572e-01	1.505251369380521398e-01	2.669989642540407937e-01	1.608649870908193669e-01	7.346496231892916950e-02	3.319062906148664838e-02	8.206698552877329800e-02
1.320711268327892412e+03	2.325971948666239186e-01	1.503321298147330398e-01	2.672026042844444227e-01	1.609898456521033638e-01	7.350482086601493881e-02	3.322753079421635752e-02	8.214587372152899747e-02
1.323130153434719887e+03	2.323068828564094079e-01	1.501396619042590364e-01	2.674056730381454416e-01	1.611143470276121259e-01	7.354457459166129085e-02	3.326432556057081630e-02	8.222453502100687817e-02
1.325549038541547588e+03	2.320173964237628172e-01	1.499477316989468179e-01	2.676081721137357206e-01	1.612384921964615525e-01	7.358422379038999372e-02	3.330101369164519681e-02	8.230297008472288456e-02
1.327967923648375290e+03	2.317287332221699969e-01	1.497563376953292835e-01	2.678101031053334302e-01	1.613622821359098902e-01	7.362376875588712288e-02	3.333759551697945689e-02	8.238117956805576791e-02
1.330386808755202765e+03	2.314408909117424418e-01	1.495654783941438581e-01	2.680114676025953657e-01	1.614857178213408018e-01	7.366320978100546202e-02	3.337407136457690854e-02	8.245916412426011755e-02
1.332805693862030694e+03	2.311538671591993888e-01	1.493751523003207238e-01	2.682122671907296585e-01	1.616088002262469070e-01	7.370254715776677901e-02	3.341044156092243256e-02	8.253692440447908674e-02
1.335224578968857941e+03	2.308676596378504420e-01	1.491853579229709681e-01	2.684125034505079888e-01	1.617315303222139899e-01	7.374178117736428228e-02	3.344670643100031149e-02	8.261446105775697990e-02
1.337643464075685870e+03	2.305822660275778091e-01	1.489960937753750381e-01	2.686121779582782976e-01	1.618539090789057611e-01	7.378091213016489680e-02	3.348286629831170175e-02	8.269177473105152054e-02
1.340062349182513572e+03	2.302976840148186766e-01	1.488073583749710549e-01	2.688112922859767218e-01	1.619759374640492022e-01	7.381994030571159549e-02	3.351892148489180739e-02	8.276886606924599432e-02
1.342481234289341273e+03	2.300139112925477514e-01	1.486191502433431011e-01	2.690098480011404170e-01	1.620976164434203559e-01	7.385886599272575848e-02	3.355487231132663062e-02	8.284573571516105905e-02
1.344900119396168748e+03	2.297309455602596917e-01	1.484314679062096465e-01	2.692078466669194925e-01	1.622189469808306972e-01	7.389768947910949071e-02	3.359071909676947937e-02	8.292238430956649919e-02
1.347319004502996449e+03	2.294487845239514823e-01	1.482443098934121128e-01	2.694052898420896680e-01	1.623399300381140609e-01	7.393641105194789787e-02	3.362646215895708640e-02	8.299881249119264726e-02
1.349737889609823924e+03	2.291674258961050314e-01	1.480576747389031333e-01	2.696021790810640972e-01	1.624605665751139849e-01	7.397503099751145950e-02	3.366210181422541609e-02	8.307502089674173584e-02
1.352156774716651853e+03	2.288868673956697131e-01	1.478715609807352838e-01	2.697985159339058581e-01	1.625808575496714981e-01	7.401354960125830496e-02	3.369763837752518670e-02	8.315101016089894437e-02
1.354575659823479100e+03	2.286071067480448804e-01	1.476859671610493974e-01	2.699943019463400540e-01	1.627008039176135457e-01	7.405196714783650325e-02	3.373307216243705275e-02	8.322678091634337638e-02
1.356994544930307029e+03	2.283281416850624079e-01	1.475008918260632684e-01	2.701895386597659154e-01	1.628204066327415822e-01	7.409028392108635286e-02	3.376840348118652357e-02	8.330233379375875935e-02
1.359413430037134731e+03	2.280499699449694273e-01	1.473163335260602169e-01	2.703842276112689014e-01	1.629396666468210519e-01	7.412850020404268547e-02	3.380363264465855583e-02	8.337766942184404728e-02
1.361832315143962205e+03	2.277725892724108414e-01	1.471322908153777087e-01	2.705783703336328005e-01	1.630585849095707029e-01	7.416661627893711417e-02	3.383875996241188927e-02	8.345278842732387070e-02
1.364251200250789907e+03	2.274959974184120326e-01	1.469487622523959758e-01	2.707719683553517220e-01	1.631771623686529837e-01	7.420463242720039265e-02	3.387378574269304943e-02	8.352769143495875070e-02
1.366670085357617609e+03	2.272201921403616265e-01	1.467657463995267753e-01	2.709650232006423631e-01	1.632953999696642733e-01	7.424254892946453854e-02	3.390871029245016988e-02	8.360237906755521586e-02
1.369088970464445310e+03	2.269451712019940892e-01	1.465832418232020928e-01	2.711575363894555002e-01	1.634132986561258605e-01	7.428036606556524812e-02	3.394353391734641900e-02	8.367685194597573872e-02
1.371507855571272785e+03	2.266709323733725745e-01	1.464012470938629296e-01	2.713495094374883676e-01	1.635308593694752288e-01	7.431808411454401964e-02	3.397825692177326717e-02	8.375111068914857515e-02
1.373926740678100487e+03	2.263974734308717152e-01	1.462197607859480053e-01	2.715409438561962596e-01	1.636480830490576743e-01	7.435570335465047087e-02	3.401287960886348327e-02	8.382515591407738165e-02
1.376345625784927961e+03	2.261247921571603314e-01	1.460387814778826565e-01	2.717318411528046318e-01	1.637649706321182563e-01	7.439322406334460125e-02	3.404740228050381901e-02	8.389898823585076326e-02
1.378764510891755890e+03	2.258528863411844168e-01	1.458583077520676230e-01	2.719222028303207028e-01	1.638815230537941647e-01	7.443064651729895675e-02	3.408182523734748504e-02	8.397260826765166886e-02
1.381183395998583137e+03	2.255817537781499849e-01	1.456783381948679734e-01	2.721120303875455004e-01	1.639977412471075868e-01	7.446797099240091977e-02	3.411614877882642588e-02	8.404601662076664759e-02
1.383602281105411066e+03	2.253113922695058058e-01	1.454988713966020586e-01	2.723013253190854077e-01	1.641136261429586574e-01	7.450519776375491565e-02	3.415037320316328256e-02	8.411921390459493886e-02
1.386021166212238768e+03	2.250417996229265583e-01	1.453199059515302982e-01	2.724900891153641536e-01	1.642291786701187417e-01	7.454232710568463316e-02	3.418449880738318181e-02	8.419220072665752064e-02
1.388440051319066470e+03	2.247729736522957322e-01	1.451414404578443285e-01	2.726783232626343034e-01	1.643443997552242741e-01	7.457935929173520329e-02	3.421852588732526151e-02	8.426497769260597737e-02
1.390858936425893944e+03	2.245049121776885870e-01	1.449634735176559275e-01	2.728660292429889722e-01	1.644592903227708458e-01	7.461629459467546133e-02	3.425245473765400200e-02	8.433754540623128459e-02
1.393277821532721646e+03	2.242376130253552480e-01	1.447860037369860520e-01	2.730532085343735371e-01	1.645738512951074040e-01	7.465313328650011182e-02	3.428628565187034904e-02	8.440990446947242709e-02
1.395696706639549120e+03	2.239710740277037759e-01	1.446090297257539015e-01	2.732398626105971839e-01	1.646880835924308395e-01	7.468987563843189348e-02	3.432001892232260792e-02	8.448205548242496143e-02
1.398115591746377049e+03	2.237052930232831527e-01	1.444325500977660659e-01	2.734259929413444534e-01	1.648019881327811020e-01	7.472652192092386902e-02	3.435365484021710158e-02	8.455399904334941208e-02
1.400534476853204296e+03	2.234402678567665168e-01	1.442565634707055622e-01	2.736116009921870096e-01	1.649155658320362594e-01	7.476307240366147910e-02	3.438719369562868305e-02	8.462573574867966741e-02
1.402953361960032225e+03	2.231759963789343992e-01	1.440810684661210650e-01	2.737966882245947975e-01	1.650288176039079180e-01	7.479952735556479049e-02	3.442063577751104664e-02	8.469726619303112602e-02
1.405372247066859927e+03	2.229124764466577924e-01	1.439060637094161099e-01	2.739812560959478116e-01	1.651417443599371149e-01	7.483588704479067488e-02	3.445398137370677544e-02	8.476859096920888459e-02
1.407791132173687402e+03	2.226497059228814690e-01	1.437315478298381854e-01	2.741653060595473645e-01	1.652543470094902378e-01	7.487215173873491836e-02	3.448723077095731254e-02	8.483971066821568985e-02
1.410210017280515103e+03	2.223876826766072179e-01	1.435575194604681581e-01	2.743488395646275224e-01	1.653666264597552782e-01	7.490832170403442791e-02	3.452038425491262691e-02	8.491062587925991834e-02
1.412628902387342805e+03	2.221264045828771072e-01	1.433839772382094480e-01	2.745318580563667066e-01	1.654785836157383894e-01	7.494439720656935477e-02	3.455344211014078903e-02	8.498133718976337569e-02
1.415047787494170507e+03	2.218658695227569699e-01	1.432109198037772591e-01	2.747143629758986849e-01	1.655902193802605837e-01	7.498037851146527322e-02	3.458640462013733846e-02	8.505184518536905436e-02
1.417466672600997981e+03	2.216060753833196395e-01	1.430383458016881437e-01	2.748963557603241736e-01	1.657015346539547074e-01	7.501626588309526222e-02	3.461927206733447782e-02	8.512215044994876634e-02
1.419885557707825683e+03	2.213470200576283797e-01	1.428662538802491500e-01	2.750778378427220505e-01	1.658125303352626922e-01	7.505205958508211206e-02	3.465204473311007255e-02	8.519225356561073437e-02
1.422304442814653157e+03	2.210887014447203702e-01	1.426946426915473576e-01	2.752588106521605682e-01	1.659232073204329194e-01	7.508775988030036430e-02	3.468472289779655354e-02	8.526215511270705816e-02
1.424723327921481086e+03	2.208311174495902474e-01	1.425235108914392479e-01	2.754392756137084564e-01	1.660335665035179986e-01	7.512336703087851841e-02	3.471730684068960460e-02	8.533185566984109738e-02
1.427142213028308333e+03	2.205742659831734509e-01	1.423528571395401288e-01	2.756192341484465236e-01	1.661436087763724923e-01	7.515888129820111341e-02	3.474979684005666952e-02	8.540135581387479913e-02
1.429561098135136262e+03	2.203181449623299593e-01	1.421826800992136985e-01	2.757986876734783155e-01	1.662533350286510558e-01	7.519430294291083727e-02	3.478219317314538289e-02	8.547065611993595602e-02
1.431979983241963964e+03	2.200627523098277194e-01	1.420129784375615545e-01	2.759776376019415500e-01	1.663627461478066616e-01	7.522963222491059476e-02	3.481449611619179957e-02	8.553975716142528385e-02
1.434398868348791666e+03	2.198080859543264931e-01	1.418437508254126456e-01	2.761560853430192197e-01	1.664718430190890719e-01	7.526486940336570008e-02	3.484670594442845076e-02	8.560865951002361030e-02
1.436817753455619140e+03	2.195541438303612314e-01	1.416749959373129475e-01	2.763340323019505274e-01	1.665806265255435348e-01	7.530001473670584755e-02	3.487882293209233070e-02	8.567736373569879993e-02
1.439236638562446842e+03	2.193009238783260040e-01	1.415067124515149988e-01	2.765114798800419882e-01	1.666890975480095349e-01	7.533506848262730426e-02	3.491084735243267512e-02	8.574587040671273475e-02
1.441655523669274316e+03	2.190484240444576236e-01	1.413388990499676312e-01	2.766884294746784212e-01	1.667972569651198778e-01	7.537003089809493628e-02	3.494277947771862874e-02	8.581418008962815591e-02
1.444074408776102018e+03	2.187966422808193812e-01	1.411715544183055338e-01	2.768648824793339958e-01	1.669051056532998567e-01	7.540490223934430414e-02	3.497461957924678094e-02	8.588229334931546388e-02
1.446493293882929493e+03	2.185455765452851140e-01	1.410046772458389552e-01	2.770408402835830008e-01	1.670126444867665871e-01	7.543968276188370292e-02	3.500636792734855562e-02	8.595021074895947688e-02
1.448912178989757422e+03	2.182952248015226082e-01	1.408382662255434348e-01	2.772163042731110028e-01	1.671198743375285622e-01	7.547437272049623003e-02	3.503802479139749709e-02	8.601793285006600898e-02
1.451331064096585123e+03	2.180455850189779166e-01	1.406723200540496155e-01	2.773912758297255587e-01	1.672267960753853755e-01	7.550897236924190847e-02	3.506959043981640323e-02	8.608546021246857305e-02
1.453749949203412370e+03	2.177966551728590383e-01	1.405068374316329194e-01	2.775657563313670972e-01	1.673334105679274708e-01	7.554348196145968530e-02	3.510106514008433376e-02	8.615279339433483397e-02
1.456168834310240300e+03	2.175484332441199042e-01	1.403418170622034167e-01	2.777397471521197425e-01	1.674397186805362259e-01	7.557790174976942998e-02	3.513244915874352836e-02	8.621993295217311726e-02
1.458587719417068001e+03	2.173009172194444449e-01	1.401772576532956394e-01	2.779132496622221948e-01	1.675457212763840631e-01	7.561223198607408547e-02	3.516374276140618593e-02	8.628687944083880679e-02
1.461006604523895703e+03	2.170541050912305203e-01	1.400131579160584783e-01	2.780862652280783887e-01	1.676514192164346995e-01	7.564647292156159719e-02	3.519494621276110513e-02	8.635363341354070077e-02
1.463425489630723177e+03	2.168079948575741267e-01	1.398495165652449690e-01	2.782587952122682062e-01	1.677568133594436739e-01	7.568062480670702252e-02	3.522605977658026244e-02	8.642019542184728453e-02
1.465844374737550879e+03	2.165625845222533541e-01	1.396863323192023831e-01	2.784308409735582468e-01	1.678619045619588190e-01	7.571468789127450139e-02	3.525708371572525146e-02	8.648656601569301716e-02
1.468263259844378354e+03	2.163178720947126488e-01	1.395236038998619865e-01	2.786024038669125402e-01	1.679666936783210662e-01	7.574866242431931018e-02	3.528801829215361813e-02	8.655274574338440996e-02
1.470682144951206283e+03	2.160738555900469648e-01	1.393613300327292415e-01	2.787734852435029831e-01	1.680711815606652226e-01	7.578254865418984632e-02	3.531886376692506407e-02	8.661873515160628534e-02
1.473101030058033530e+03	2.158305330289859436e-01	1.391995094468735095e-01	2.789440864507203299e-01	1.681753690589208594e-01	7.581634682852965434e-02	3.534962040020760837e-02	8.668453478542774426e-02
1.475519915164861459e+03	2.155879024378781483e-01	1.390381408749183645e-01	2.791142088321844072e-01	1.682792570208135330e-01	7.585005719427941051e-02	3.538028845128359662e-02	8.675014518830821697e-02
1.477938800271689161e+03	2.153459618486755212e-01	1.388772230530315177e-01	2.792838537277548272e-01	1.683828462918659230e-01	7.588367999767892114e-02	3.541086817855561980e-02	8.681556690210343041e-02
1.480357685378516862e+03	2.151047092989175624e-01	1.387167547209148533e-01	2.794530224735414792e-01	1.684861377153990813e-01	7.591721548426912103e-02	3.544135983955234298e-02	8.688080046707130633e-02
1.482776570485344337e+03	2.148641428317157043e-01	1.385567346217947693e-01	2.796217164019150769e-01	1.685891321325339864e-01	7.595066389889407188e-02	3.547176369093427151e-02	8.694584642187790091e-02
