1.301360187473271253e+03	2.357332461986316463e-01	1.507635464789308655e-01	2.593871873015424212e-01	1.615802475458633924e-01	7.623615664016575311e-02	3.235608800498754323e-02	8.394352782954300762e-02
1.306197957686926657e+03	2.351517993934395256e-01	1.503585395270579106e-01	2.597464737229187581e-01	1.618403686424278454e-01	7.634486741688935318e-02	3.243150960684980377e-02	8.412644169008143269e-02
1.311035727900581833e+03	2.345736898446574847e-01	1.499557794210636397e-01	2.601037275966778251e-01	1.620990153682712598e-01	7.645296214626137732e-02	3.250653790173232971e-02	8.430828772100078250e-02
1.315873498114237009e+03	2.339988974466245542e-01	1.495552544734527756e-01	2.604589610598473937e-01	1.623561961096531003e-01	7.656044441207535134e-02	3.258117457587251381e-02	8.448907192213901685e-02
1.320711268327892412e+03	2.334274022382865632e-01	1.491569530371772423e-01	2.608121861601693237e-01	1.626119192041828865e-01	7.666731778224616933e-02	3.265542131612843985e-02	8.466880026147408089e-02
1.325549038541547588e+03	2.328591844016017487e-01	1.487608635060533868e-01	2.611634148575748271e-01	1.628661929411260867e-01	7.677358580829364565e-02	3.272927980976466505e-02	8.484747867525033183e-02
1.330386808755202765e+03	2.322942242599749518e-01	1.483669743151609377e-01	2.615126590255887895e-01	1.631190255617072926e-01	7.687925202488213317e-02	3.280275174424479578e-02	8.502511306810578429e-02
1.335224578968857941e+03	2.317325022767202369e-01	1.479752739412236728e-01	2.618599304526680327e-01	1.633704252594109785e-01	7.698431994941140610e-02	3.287583880703055100e-02	8.520170931319977214e-02
1.340062349182513572e+03	2.311739990535507661e-01	1.475857509029724901e-01	2.622052408434781268e-01	1.636204001802799290e-01	7.708879308165486610e-02	3.294854268538711939e-02	8.537727325234138742e-02
1.344900119396168748e+03	2.306186953290952912e-01	1.471983937614913807e-01	2.625486018201132477e-01	1.638689584232111418e-01	7.719267490344093596e-02	3.302086506619451162e-02	8.555181069611823841e-02
1.349737889609823924e+03	2.300665719774409868e-01	1.468131911205468321e-01	2.628900249232627440e-01	1.641161080402493977e-01	7.729596887837411612e-02	3.309280763576473439e-02	8.572532742402586003e-02
1.354575659823479100e+03	2.295176100067018166e-01	1.464301316269009112e-01	2.632295216133286875e-01	1.643618570368786946e-01	7.739867845159251192e-02	3.316437207966455719e-02	8.589782918459745731e-02
1.359413430037134731e+03	2.289717905576117152e-01	1.460492039706087486e-01	2.635671032714969608e-01	1.646062133723109056e-01	7.750080704955847333e-02	3.323556008254362898e-02	8.606932169553420386e-02
1.364251200250789907e+03	2.284290949021421380e-01	1.456703968853007569e-01	2.639027812007654350e-01	1.648491849597727155e-01	7.760235807987994616e-02	3.330637332796785449e-02	8.623981064383583195e-02
1.369088970464445310e+03	2.278895044421435090e-01	1.452936991484497509e-01	2.642365666269325120e-01	1.650907796667898941e-01	7.770333493115962054e-02	3.337681349825773885e-02	8.640930168593163874e-02
1.373926740678100487e+03	2.273530007080098447e-01	1.449190995816239391e-01	2.645684706995480862e-01	1.653310053154696257e-01	7.780374097286978097e-02	3.344688227433161715e-02	8.657780044781181183e-02
1.378764510891755890e+03	2.268195653573660819e-01	1.445465870507257888e-01	2.648985044928294230e-01	1.655698696827803962e-01	7.790357955525033240e-02	3.351658133555352609e-02	8.674531252515910174e-02
1.383602281105411066e+03	2.262891801737775821e-01	1.441761504662171789e-01	2.652266790065451740e-01	1.658073805008299373e-01	7.800285400922843393e-02	3.358591235958564847e-02	8.691184348348067468e-02
1.388440051319066470e+03	2.257618270654814518e-01	1.438077787833312859e-01	2.655530051668679170e-01	1.660435454571410063e-01	7.810156764635745041e-02	3.365487702224515681e-02	8.707739885824034021e-02
1.393277821532721646e+03	2.252374880641387633e-01	1.434414610022718417e-01	2.658774938271992183e-01	1.662783721949248339e-01	7.819972375877386195e-02	3.372347699736525511e-02	8.724198415499088977e-02
1.398115591746377049e+03	2.247161453236078965e-01	1.430771861683995672e-01	2.662001557689667730e-01	1.665118683133527677e-01	7.829732561917039646e-02	3.379171395666039079e-02	8.740560484950676834e-02
1.402953361960032225e+03	2.241977811187377823e-01	1.427149433724066441e-01	2.665210017023982303e-01	1.667440413678257793e-01	7.839437648078394216e-02	3.385958956959540106e-02	8.756826638791674611e-02
1.407791132173687402e+03	2.236823778441811295e-01	1.423547217504793905e-01	2.668400422672695949e-01	1.669748988702418613e-01	7.849087957739706023e-02	3.392710550325858665e-02	8.772997418683690929e-02
1.412628902387342805e+03	2.231699180132268867e-01	1.419965104844494452e-01	2.671572880336329781e-01	1.672044482892614259e-01	7.858683812335166829e-02	3.399426342223851177e-02	8.789073363350362322e-02
1.417466672600997981e+03	2.226603842566517444e-01	1.416402988019337672e-01	2.674727495025230328e-01	1.674326970505707335e-01	7.868225531357402047e-02	3.406106498850444697e-02	8.805055008590677301e-02
1.422304442814653157e+03	2.221537593215900386e-01	1.412860759764639207e-01	2.677864371066440152e-01	1.676596525371434887e-01	7.877713432360976265e-02	3.412751186129035774e-02	8.820942887292290702e-02
1.427142213028308333e+03	2.216500260704217518e-01	1.409338313276048138e-01	2.680983612110385828e-01	1.678853220895002718e-01	7.887147830966824424e-02	3.419360569698232794e-02	8.836737529444854689e-02
1.431979983241963964e+03	2.211491674796781937e-01	1.405835542210632505e-01	2.684085321137389402e-01	1.681097130059662215e-01	7.896529040867507343e-02	3.425934814900932768e-02	8.852439462153352534e-02
1.436817753455619140e+03	2.206511666389651127e-01	1.402352340687865184e-01	2.687169600464022756e-01	1.683328325429267192e-01	7.905857373833233281e-02	3.432474086773722871e-02	8.868049209651433784e-02
1.441655523669274316e+03	2.201560067499025719e-01	1.398888603290515953e-01	2.690236551749299876e-01	1.685546879150813526e-01	7.915133139718552591e-02	3.438978550036600468e-02	8.883567293314743873e-02
1.446493293882929493e+03	2.196636711250813112e-01	1.395444225065447796e-01	2.693286276000732560e-01	1.687752862956957700e-01	7.924356646469675469e-02	3.445448369082996370e-02	8.898994231674263455e-02
1.451331064096585123e+03	2.191741431870355972e-01	1.392019101524323565e-01	2.696318873580239583e-01	1.689946348168520351e-01	7.933528200132332342e-02	3.451883707970097859e-02	8.914330540429626915e-02
1.456168834310240300e+03	2.186874064672315043e-01	1.388613128644226313e-01	2.699334444209929296e-01	1.692127405696968456e-01	7.942648104860138003e-02	3.458284730409467295e-02	8.929576732462456146e-02
1.461006604523895703e+03	2.182034446050710175e-01	1.385226202868191370e-01	2.702333086977761201e-01	1.694296106046881967e-01	7.951716662923395684e-02	3.464651599757941070e-02	8.944733317849669352e-02
1.465844374737550879e+03	2.177222413469112328e-01	1.381858221105658480e-01	2.705314900343083195e-01	1.696452519318401575e-01	7.960734174718303580e-02	3.470984479008804025e-02	8.959800803876789843e-02
1.470682144951206283e+03	2.172437805450981585e-01	1.378509080732842895e-01	2.708279982142062781e-01	1.698596715209659269e-01	7.969700938776506927e-02	3.477283530783233795e-02	8.974779695051240958e-02
1.475519915164861459e+03	2.167680461570153927e-01	1.375178679593028475e-01	2.711228429593008915e-01	1.700728763019191681e-01	7.978617251774973440e-02	3.483548917322010913e-02	8.989670493115631267e-02
1.480357685378516862e+03	2.162950222441466508e-01	1.371866915996783898e-01	2.714160339301593949e-01	1.702848731648336777e-01	7.987483408546133812e-02	3.489780800477477324e-02	9.004473697061023130e-02
1.485195455592172038e+03	2.158246929711524209e-01	1.368573688722110049e-01	2.717075807265977860e-01	1.704956689603611131e-01	7.996299702088274786e-02	3.495979341705752336e-02	9.019189803140188755e-02
1.490033225805827215e+03	2.153570426049601638e-01	1.365298897014510793e-01	2.719974928881839782e-01	1.707052704999075243e-01	8.005066423576140400e-02	3.502144702059185877e-02	9.033819304880849610e-02
1.494870996019482618e+03	2.148920555138677524e-01	1.362042440586999081e-01	2.722857798947325714e-01	1.709136845558676676e-01	8.013783862371720579e-02	3.508277042179050453e-02	9.048362693098895015e-02
1.499708766233137567e+03	2.144297161666600671e-01	1.358804219620035059e-01	2.725724511667904637e-01	1.711209178618581239e-01	8.022452306035193770e-02	3.514376522288464866e-02	9.062820455911584083e-02
1.504546536446793198e+03	2.139700091317383590e-01	1.355584134761398940e-01	2.728575160661150800e-01	1.713269771129485308e-01	8.031072040336011131e-02	3.520443302185542050e-02	9.077193078750724065e-02
1.509384306660448374e+03	2.135129190762619644e-01	1.352382087126001720e-01	2.731409838961443848e-01	1.715318689658913154e-01	8.039643349264084804e-02	3.526477541236759661e-02	9.091481044375834819e-02
1.514222076874103550e+03	2.130584307653022591e-01	1.349197978295636480e-01	2.734228639024599006e-01	1.717356000393497617e-01	8.048166515041080271e-02	3.532479398370542978e-02	9.105684832887281366e-02
1.519059847087758726e+03	2.126065290610088809e-01	1.346031710318668084e-01	2.737031652732420661e-01	1.719381769141246907e-01	8.056641818131780874e-02	3.538449032071057376e-02	9.119804921739382841e-02
1.523897617301414357e+03	2.121571989217872767e-01	1.342883185709668747e-01	2.739818971397189884e-01	1.721396061333792804e-01	8.065069537255509236e-02	3.544386600372206875e-02	9.133841785753500642e-02
1.528735387515069533e+03	2.117104254014880726e-01	1.339752307448996427e-01	2.742590685766088110e-01	1.723398942028626646e-01	8.073449949397598635e-02	3.550292260851833914e-02	9.147795897131102971e-02
1.533573157728724709e+03	2.112661936486074088e-01	1.336638978982320758e-01	2.745346886025554212e-01	1.725390475911317556e-01	8.081783329820892148e-02	3.556166170626109263e-02	9.161667725466789147e-02
1.538410927942380113e+03	2.108244889054985138e-01	1.333543104220097919e-01	2.748087661805579396e-01	1.727370727297715958e-01	8.090069952077259818e-02	3.562008486344116903e-02	9.175457737761298638e-02
1.543248698156035516e+03	2.103852965075939663e-01	1.330464587536993593e-01	2.750813102183944925e-01	1.729339760136143489e-01	8.098310088019132491e-02	3.567819364182621411e-02	9.189166398434486793e-02
1.548086468369690692e+03	2.099486018826386136e-01	1.327403333771259297e-01	2.753523295690402106e-01	1.731297638009567930e-01	8.106504007811017598e-02	3.573598959841022688e-02	9.202794169338264496e-02
1.552924238583346096e+03	2.095143905499327885e-01	1.324359248224060703e-01	2.756218330310794551e-01	1.733244424137761197e-01	8.114651979941019111e-02	3.579347428536478609e-02	9.216341509769515605e-02
1.557762008797001272e+03	2.090826481195856013e-01	1.321332236658761261e-01	2.758898293491132692e-01	1.735180181379445408e-01	8.122754271232325574e-02	3.585064924999211561e-02	9.229808876482972768e-02
1.562599779010656675e+03	2.086533602917783337e-01	1.318322205300161698e-01	2.761563272141606129e-01	1.737104972234422562e-01	8.130811146854681482e-02	3.590751603467977338e-02	9.243196723704068252e-02
1.567437549224311852e+03	2.082265128560375211e-01	1.315329060833697328e-01	2.764213352640556010e-01	1.739018858845692017e-01	8.138822870335812865e-02	3.596407617685699193e-02	9.256505503141748692e-02
1.572275319437967255e+03	2.078020916905174986e-01	1.312352710404594558e-01	2.766848620838390782e-01	1.740921903001551863e-01	8.146789703572822339e-02	3.602033120895267726e-02	9.269735664001250985e-02
1.577113089651622431e+03	2.073800827612924391e-01	1.309393061616986598e-01	2.769469162061458656e-01	1.742814166137688359e-01	8.154711906843531422e-02	3.607628265835496201e-02	9.282887652996851813e-02
1.581950859865277607e+03	2.069604721216575516e-01	1.306450022532992805e-01	2.772075061115872319e-01	1.744695709339248446e-01	8.162589738817772889e-02	3.613193204737227826e-02	9.295961914364568590e-02
1.586788630078933011e+03	2.065432459114390495e-01	1.303523501671759455e-01	2.774666402291287581e-01	1.746566593342901985e-01	8.170423456568635945e-02	3.618728089319599162e-02	9.308958889874832665e-02
1.591626400292587959e+03	2.061283903563133901e-01	1.300613408008466365e-01	2.777243269364637612e-01	1.748426878538888174e-01	8.178213315583635068e-02	3.624233070786442995e-02	9.321879018845126430e-02
1.596464170506243590e+03	2.057158917671345899e-01	1.297719650973296612e-01	2.779805745603829981e-01	1.750276624973049200e-01	8.185959569775830280e-02	3.629708299822842488e-02	9.334722738152571864e-02
1.601301940719898766e+03	2.053057365392705336e-01	1.294842140450376544e-01	2.782353913771393739e-01	1.752115892348850290e-01	8.193662471494882193e-02	3.635153926591820628e-02	9.347490482246494092e-02
1.606139710933553943e+03	2.048979111519472762e-01	1.291980786776679990e-01	2.784887856128092087e-01	1.753944740029387550e-01	8.201322271538023789e-02	3.640570100731171238e-02	9.360182683160934991e-02
1.610977481147209119e+03	2.044924021676015613e-01	1.289135500740904439e-01	2.787407654436492854e-01	1.755763227039380536e-01	8.208939219160978074e-02	3.645956971350418352e-02	9.372799770527127927e-02
1.615815251360864750e+03	2.040891962312414154e-01	1.286306193582315294e-01	2.789913389964498447e-01	1.757571412067153727e-01	8.216513562088788303e-02	3.651314687027912287e-02	9.385342171585939197e-02
1.620653021574519926e+03	2.036882800698145146e-01	1.283492776989562656e-01	2.792405143488843056e-01	1.759369353466605501e-01	8.224045546526581596e-02	3.656643395808049229e-02	9.397810311200262279e-02
1.625490791788175102e+03	2.032896404915842115e-01	1.280695163099470346e-01	2.794882995298547113e-01	1.761157109259161579e-01	8.231535417170249280e-02	3.661943245198619190e-02	9.410204611867371838e-02
1.630328562001830505e+03	2.028932643855131945e-01	1.277913264495797729e-01	2.797347025198338999e-01	1.762934737135718744e-01	8.238983417217059235e-02	3.667214382168275388e-02	9.422525493731231938e-02
1.635166332215485909e+03	2.024991387206544480e-01	1.275146994207976281e-01	2.799797312512040670e-01	1.764702294458575516e-01	8.246389788376179419e-02	3.672456953144121600e-02	9.434773374594772333e-02
1.640004102429141085e+03	2.021072505455494273e-01	1.272396265709820895e-01	2.802233936085916088e-01	1.766459838263347570e-01	8.253754770879119518e-02	3.677671104009416075e-02	9.446948669932113407e-02
1.644841872642796488e+03	2.017175869876337291e-01	1.269660992918217324e-01	2.804656974291990235e-01	1.768207425260875654e-01	8.261078603490099037e-02	3.682856980101394812e-02	9.459051792900743938e-02
1.649679642856451665e+03	2.013301352526490895e-01	1.266941090191787134e-01	2.807066505031328707e-01	1.769945111839116847e-01	8.268361523516333522e-02	3.688014726209196820e-02	9.471083154353671096e-02
1.654517413070107068e+03	2.009448826240629316e-01	1.264236472329532401e-01	2.809462605737291230e-01	1.771672954065026395e-01	8.275603766818230567e-02	3.693144486571904583e-02	9.483043162851506613e-02
1.659355183283762244e+03	2.005618164624942135e-01	1.261547054569455428e-01	2.811845353378746859e-01	1.773391007686426490e-01	8.282805567819510884e-02	3.698246404876691373e-02	9.494932224674521026e-02
1.664192953497417420e+03	2.001809242051459103e-01	1.258872752587161803e-01	2.814214824463263653e-01	1.775099328133862842e-01	8.289967159517240558e-02	3.703320624257067789e-02	9.506750743834650741e-02
1.669030723711072824e+03	1.998021933652442961e-01	1.256213482494441536e-01	2.816571095040260042e-01	1.776797970522450976e-01	8.297088773491789748e-02	3.708367287291235159e-02	9.518499122087457909e-02
1.673868493924728000e+03	1.994256115314841371e-01	1.253569160837832708e-01	2.818914240704133434e-01	1.778486989653708938e-01	8.304170639916695629e-02	3.713386536000532617e-02	9.530177758944047284e-02
1.678706264138383403e+03	1.990511663674805476e-01	1.250939704597167912e-01	2.821244336597353297e-01	1.780166440017379448e-01	8.311212987568455945e-02	3.718378511847984791e-02	9.541787051682935894e-02
1.683544034352038352e+03	1.986788456112267287e-01	1.248325031184102235e-01	2.823561457413528708e-01	1.781836375793240668e-01	8.318216043836228202e-02	3.723343355736944554e-02	9.553327395361872754e-02
1.688381804565693983e+03	1.983086370745578697e-01	1.245725058440625282e-01	2.825865677400445919e-01	1.783496850852904492e-01	8.325180034731452516e-02	3.728281208009823211e-02	9.564799182829619717e-02
1.693219574779349159e+03	1.979405286426207666e-01	1.243139704637558074e-01	2.828157070363072623e-01	1.785147918761605668e-01	8.332105184897396766e-02	3.733192208446915045e-02	9.576202804737683760e-02
1.698057344993004335e+03	1.975745082733496860e-01	1.240568888473033843e-01	2.830435709666545008e-01	1.786789632779976211e-01	8.338991717618607358e-02	3.738076496265311383e-02	9.587538649551993752e-02
1.702895115206659511e+03	1.972105639969473911e-01	1.238012529070966067e-01	2.832701668239117065e-01	1.788422045865812604e-01	8.345839854830293392e-02	3.742934210117895844e-02	9.598807103564546694e-02
1.707732885420315142e+03	1.968486839153721912e-01	1.235470545979501511e-01	2.834955018575088248e-01	1.790045210675829113e-01	8.352649817127616449e-02	3.747765488092425629e-02	9.610008550904984570e-02
1.712570655633970318e+03	1.964888562018302920e-01	1.232942859169460503e-01	2.837195832737702816e-01	1.791659179567401394e-01	8.359421823774910998e-02	3.752570467710696078e-02	9.621143373552150380e-02
1.717408425847625494e+03	1.961310691002736417e-01	1.230429389032765691e-01	2.839424182362025317e-01	1.793264004600299000e-01	8.366156092714818748e-02	3.757349285927786414e-02	9.632211951345569234e-02
1.722246196061280898e+03	1.957753109249031898e-01	1.227930056380858309e-01	2.841640138657784420e-01	1.794859737538406219e-01	8.372852840577346689e-02	3.762102079131378340e-02	9.643214661996903081e-02
1.727083966274936301e+03	1.954215700596770577e-01	1.225444782443102926e-01	2.843843772412200654e-01	1.796446429851435156e-01	8.379512282688843239e-02	3.766828983141157217e-02	9.654151881101348531e-02
1.731921736488591478e+03	1.950698349578242619e-01	1.222973488865182479e-01	2.846035153992779176e-01	1.798024132716623535e-01	8.386134633080900846e-02	3.771530133208283314e-02	9.665023982148979176e-02
1.736759506702246881e+03	1.947200941413632092e-01	1.220516097707482484e-01	2.848214353350085881e-01	1.799592897020426407e-01	8.392720104499179490e-02	3.776205664014937319e-02	9.675831336536055982e-02
1.741597276915902057e+03	1.943723362006251898e-01	1.218072531443466361e-01	2.850381440020495760e-01	1.801152773360193970e-01	8.399268908412149681e-02	3.780855709673937998e-02	9.686574313576273854e-02
1.746435047129557461e+03	1.940265497937828376e-01	1.215642712958040772e-01	2.852536483128915723e-01	1.802703812045842735e-01	8.405781255019767473e-02	3.785480403728429255e-02	9.697253280511974882e-02
1.751272817343212637e+03	1.936827236463833368e-01	1.213226565545913599e-01	2.854679551391487435e-01	1.804246063101511421e-01	8.412257353262066195e-02	3.790079879151628944e-02	9.707868602525292212e-02
1.756110587556867813e+03	1.933408465508864027e-01	1.210824012909943320e-01	2.856810713118264622e-01	1.805779576267212139e-01	8.418697410827678806e-02	3.794654268346654702e-02	9.718420642749268923e-02
1.760948357770523216e+03	1.930009073662067587e-01	1.208434979159480754e-01	2.858930036215868720e-01	1.807304401000467131e-01	8.425101634162288078e-02	3.799203703146403210e-02	9.728909762278910300e-02
1.765786127984178393e+03	1.926628950172614152e-01	1.206059388808704003e-01	2.861037588190119552e-01	1.808820586477937753e-01	8.431470228476996287e-02	3.803728314813498851e-02	9.739336320182194473e-02
1.770623898197833569e+03	1.923267984945211395e-01	1.203697166774946870e-01	2.863133436148647126e-01	1.810328181597042341e-01	8.437803397756625523e-02	3.808228234040304111e-02	9.749700673511033089e-02
1.775461668411488745e+03	1.919926068535665886e-01	1.201348238377020899e-01	2.865217646803480123e-01	1.811827234977565759e-01	8.444101344767955541e-02	3.812703590948982035e-02	9.760003177312179257e-02
1.780299438625144376e+03	1.916603092146486609e-01	1.199012529333531307e-01	2.867290286473610506e-01	1.813317794963256457e-01	8.450364271067874189e-02	3.817154515091628064e-02	9.770244184638096629e-02
1.785137208838799552e+03	1.913298947622531776e-01	1.196689965761189023e-01	2.869351421087538712e-01	1.814799909623416307e-01	8.456592377011473705e-02	3.821581135450450445e-02	9.780424046557768814e-02
1.789974979052454728e+03	1.910013527446697001e-01	1.194380474173115797e-01	2.871401116185798297e-01	1.816273626754479897e-01	8.462785861760069306e-02	3.825983580438008930e-02	9.790543112167461592e-02
1.794812749266109904e+03	1.906746724735645659e-01	1.192083981477146531e-01	2.873439436923460044e-01	1.817738993881583831e-01	8.468944923289145610e-02	3.830361977897508985e-02	9.800601728601440743e-02
1.799650519479765535e+03	1.903498433235578657e-01	1.189800414974126613e-01	2.875466448072611092e-01	1.819196058260126592e-01	8.475069758396247543e-02	3.834716455103144572e-02	9.810600241042634340e-02
1.804488289693420711e+03	1.900268547318046397e-01	1.187529702356205502e-01	2.877482214024820184e-01	1.820644866877319523e-01	8.481160562708792150e-02	3.839047138760498523e-02	9.820538992733253425e-02
1.809326059907075887e+03	1.897056961975797373e-01	1.185271771705126848e-01	2.879486798793577940e-01	1.822085466453727820e-01	8.487217530691819334e-02	3.843354155006986628e-02	9.830418324985354395e-02
1.814163830120731291e+03	1.893863572818668128e-01	1.183026551490516248e-01	2.881480266016719360e-01	1.823517903444802635e-01	8.493240855655680155e-02	3.847637629412357235e-02	9.840238577191361136e-02
1.819001600334386467e+03	1.890688276069510954e-01	1.180793970568165402e-01	2.883462678958826908e-01	1.824942224042402361e-01	8.499230729763650183e-02	3.851897686979229712e-02	9.850000086834530266e-02
1.823839370548041643e+03	1.887530968560157119e-01	1.178573958178314035e-01	2.885434100513611932e-01	1.826358474176308644e-01	8.505187344039488728e-02	3.856134452143689106e-02	9.859703189499370579e-02
1.828677140761696819e+03	1.884391547727419236e-01	1.176366443943930584e-01	2.887394593206281113e-01	1.827766699515728510e-01	8.511110888374935624e-02	3.860348048775918278e-02	9.869348218882018076e-02
1.833514910975352450e+03	1.881269911609129986e-01	1.174171357868989823e-01	2.889344219195880692e-01	1.829166945470789840e-01	8.517001551537135839e-02	3.864538600180879302e-02	9.878935506800551325e-02
1.838352681189008081e+03	1.878165958840215533e-01	1.171988630336750076e-01	2.891283040277622951e-01	1.830559257194028511e-01	8.522859521176004427e-02	3.868706229099033028e-02	9.888465383205262416e-02
1.843190451402663257e+03	1.875079588648805029e-01	1.169818192108028759e-01	2.893211117885194916e-01	1.831943679581864992e-01	8.528684983831537336e-02	3.872851057707103750e-02	9.897938176188889048e-02
1.848028221616318433e+03	1.872010700852376752e-01	1.167659974319476962e-01	2.895128513093047640e-01	1.833320257276072618e-01	8.534478124941058397e-02	3.876973207618886197e-02	9.907354211996777238e-02
1.852865991829973609e+03	1.868959195853934774e-01	1.165513908481853461e-01	2.897035286618669381e-01	1.834689034665238083e-01	8.540239128846402461e-02	3.881072799886086527e-02	9.916713815037014879e-02
1.857703762043628785e+03	1.865924974638222544e-01	1.163379926478298465e-01	2.898931498824838249e-01	1.836050055886211951e-01	8.545968178801038873e-02	3.885149954999206345e-02	9.926017307890502850e-02
1.862541532257283961e+03	1.862907938767968674e-01	1.161257960562607772e-01	2.900817209721859857e-01	1.837403364825549723e-01	8.551665456977147750e-02	3.889204792888462103e-02	9.935265011320984496e-02
1.867379302470939592e+03	1.859907990380165188e-01	1.159147943357506233e-01	2.902692478969788326e-01	1.838749005120946800e-01	8.557331144472624107e-02	3.893237432924742669e-02	9.944457244285019593e-02
1.872217072684594768e+03	1.856925032182379920e-01	1.157049807852921497e-01	2.904557365880625075e-01	1.840087020162663456e-01	8.562965421318032011e-02	3.897247993920600895e-02	9.953594323941925004e-02
1.877054842898249490e+03	1.853958967449098050e-01	1.154963487404259276e-01	2.906411929420505968e-01	1.841417453094940371e-01	8.568568466483503232e-02	3.901236594131279878e-02	9.962676565663641792e-02
1.881892613111905121e+03	1.851009700018096948e-01	1.152888915730679031e-01	2.908256228211869576e-01	1.842740346817407782e-01	8.574140457885577604e-02	3.905203351255773919e-02	9.971704283044575956e-02
1.886730383325560297e+03	1.848077134286852941e-01	1.150826026913370492e-01	2.910090320535609343e-01	1.844055743986484641e-01	8.579681572393985101e-02	3.909148382437922786e-02	9.980677787911385046e-02
1.891568153539215928e+03	1.845161175208975268e-01	1.148774755393831837e-01	2.911914264333208546e-01	1.845363687016769727e-01	8.585191985838376560e-02	3.913071804267533038e-02	9.989597390332705107e-02
1.896405923752871104e+03	1.842261728290673917e-01	1.146735035972148709e-01	2.913728117208859714e-01	1.846664218082425257e-01	8.590671873015008619e-02	3.916973732781536821e-02	9.998463398628845700e-02
1.901243693966526507e+03	1.839378699587254917e-01	1.144706803805276146e-01	2.915531936431567939e-01	1.847957379118551624e-01	8.596121407693357863e-02	3.920854283465174950e-02	1.000727611938142525e-01
1.906081464180181683e+03	1.836511995699645350e-01	1.142689994405321208e-01	2.917325778937237546e-01	1.849243211822554078e-01	8.601540762622694736e-02	3.924713571253216071e-02	1.001603585744296754e-01
1.910919234393836859e+03	1.833661523770947488e-01	1.140684543637828230e-01	2.919109701330745432e-01	1.850521757655501365e-01	8.606930109538601936e-02	3.928551710531193175e-02	1.002474291594643713e-01
1.915757004607492036e+03	1.830827191483021532e-01	1.138690387720066033e-01	2.920883759887995534e-01	1.851793057843476586e-01	8.612289619169441468e-02	3.932368815136679657e-02	1.003339759631474287e-01
1.920594774821147894e+03	1.828008907053096654e-01	1.136707463219317760e-01	2.922648010557959419e-01	1.853057153378919186e-01	8.617619461242768952e-02	3.936164998360584116e-02	1.004200019827017898e-01
1.925432545034802843e+03	1.825206579230408688e-01	1.134735707051173770e-01	2.924402508964703551e-01	1.854314085021959713e-01	8.622919804491697982e-02	3.939940372948473601e-02	1.005055101984383276e-01
1.930270315248458019e+03	1.822420117292866404e-01	1.132775056477826059e-01	2.926147310409398794e-01	1.855563893301747647e-01	8.628190816661218676e-02	3.943695051101922533e-02	1.005905035738492992e-01
1.935108085462113195e+03	1.819649431043744714e-01	1.130825449106366842e-01	2.927882469872316595e-01	1.856806618517769236e-01	8.633432664514460730e-02	3.947429144479886604e-02	1.006749850557014103e-01
1.939945855675768371e+03	1.816894430808402849e-01	1.128886822887089358e-01	2.929608042014809621e-01	1.858042300741159225e-01	8.638645513838913437e-02	3.951142764200095414e-02	1.007589575741284771e-01
1.944783625889424002e+03	1.814155027431031408e-01	1.126959116111792975e-01	2.931324081181278518e-01	1.859270979816003422e-01	8.643829529452590199e-02	3.954836020840474947e-02	1.008424240427234359e-01
1.949621396103079178e+03	1.811431132271423827e-01	1.125042267412090236e-01	2.933030641401123684e-01	1.860492695360635718e-01	8.648984875210150025e-02	3.958509024440589469e-02	1.009253873586300199e-01
1.954459166316734354e+03	1.808722657201772832e-01	1.123136215757718076e-01	2.934727776390683163e-01	1.861707486768925668e-01	8.654111714008975997e-02	3.962161884503102166e-02	1.010078504026340057e-01
1.959296936530389530e+03	1.806029514603494646e-01	1.121240900454853334e-01	2.936415539555156662e-01	1.862915393211558857e-01	8.659210207795199621e-02	3.965794709995260764e-02	1.010898160392537659e-01
1.964134706744044706e+03	1.803351617364075954e-01	1.119356261144430625e-01	2.938093983990515690e-01	1.864116453637310322e-01	8.664280517569680762e-02	3.969407609350401184e-02	1.011712871168306549e-01
1.968972476957700337e+03	1.800688878873945020e-01	1.117482237800465350e-01	2.939763162485398151e-01	1.865310706774310212e-01	8.669322803393941790e-02	3.973000690469470630e-02	1.012522664676187012e-01
1.973810247171355968e+03	1.798041213023370277e-01	1.115618770728380033e-01	2.941423127522991843e-01	1.866498191131301387e-01	8.674337224396060086e-02	3.976574060722573578e-02	1.013327569078739804e-01
1.978648017385010689e+03	1.795408534199378903e-01	1.113765800563335517e-01	2.943073931282902955e-01	1.867678944998890922e-01	8.679323938776513370e-02	3.980127826950526776e-02	1.014127612379434051e-01
1.983485787598666320e+03	1.792790757282702874e-01	1.111923268268564940e-01	2.944715625643011814e-01	1.868853006450792997e-01	8.684283103813979221e-02	3.983662095466442704e-02	1.014922822423531545e-01
1.988323557812321269e+03	1.790187797644745837e-01	1.110091115133713668e-01	2.946348262181313626e-01	1.870020413345065968e-01	8.689214875871091592e-02	3.987176972057324825e-02	1.015713226898966037e-01
1.993161328025976900e+03	1.787599571144575239e-01	1.108269282773182707e-01	2.947971892177748132e-01	1.871181203325339160e-01	8.694119410400159842e-02	3.990672561985677408e-02	1.016498853337218233e-01
1.997999098239632076e+03	1.785025994125934434e-01	1.106457713124477105e-01	2.949586566616015371e-01	1.872335413822037442e-01	8.698996861948833648e-02	3.994148969991136860e-02	1.017279729114185377e-01
2.002836868453287707e+03	1.782466983414281170e-01	1.104656348446558523e-01	2.951192336185380904e-01	1.873483082053594151e-01	8.703847384165731838e-02	3.997606300292111392e-02	1.018055881451047640e-01
2.007674638666942428e+03	1.779922456313844659e-01	1.102865131318203351e-01	2.952789251282462724e-01	1.874624245027659009e-01	8.708671129806033750e-02	4.001044656587444959e-02	1.018827337415129097e-01
2.012512408880597604e+03	1.777392330604707638e-01	1.101084004636364577e-01	2.954377362013012043e-01	1.875758939542298553e-01	8.713468250737024801e-02	4.004464142058085374e-02	1.019594123920754269e-01
2.017350179094252780e+03	1.774876524539908407e-01	1.099312911614539479e-01	2.955956718193674115e-01	1.876887202187189352e-01	8.718238897943592081e-02	4.007864859368772542e-02	1.020356267730100214e-01
2.022187949307908411e+03	1.772374956842565630e-01	1.097551795781141898e-01	2.957527369353746272e-01	1.878009069344805659e-01	8.722983221533700537e-02	4.011246910669737792e-02	1.021113795454044598e-01
2.027025719521564042e+03	1.769887546703023395e-01	1.095800600977879791e-01	2.959089364736915972e-01	1.879124577191597367e-01	8.727701370743805309e-02	4.014610397598419866e-02	1.021866733553008638e-01
2.031863489735218764e+03	1.767414213776018206e-01	1.094059271358137492e-01	2.960642753302989427e-01	1.880233761699164063e-01	8.732393493944239082e-02	4.017955421281185074e-02	1.022615108337796008e-01
2.036701259948874394e+03	1.764954878177865949e-01	1.092327751385363810e-01	2.962187583729607443e-01	1.881336658635420489e-01	8.737059738644559204e-02	4.021282082335067565e-02	1.023358945970427591e-01
2.041539030162529116e+03	1.762509460483670243e-01	1.090605985831464703e-01	2.963723904413949617e-01	1.882433303565755611e-01	8.741700251498848995e-02	4.024590480869516540e-02	1.024098272464970816e-01
2.046376800376184747e+03	1.760077881724551041e-01	1.088893919775202335e-01	2.965251763474430202e-01	1.883523731854185035e-01	8.746315178310984373e-02	4.027880716488153878e-02	1.024833113688365521e-01
2.051214570589840150e+03	1.757660063384892113e-01	1.087191498600597883e-01	2.966771208752373989e-01	1.884607978664497030e-01	8.750904664039864389e-02	4.031152888290547021e-02	1.025563495361245664e-01
2.056052340803495554e+03	1.755255927399611005e-01	1.085498667995341837e-01	2.968282287813690523e-01	1.885686078961390788e-01	8.755468852804601521e-02	4.034407094873985328e-02	1.026289443058755468e-01
2.060890111017150957e+03	1.752865396151445099e-01	1.083815373949208738e-01	2.969785047950527224e-01	1.886758067511609960e-01	8.760007887889668943e-02	4.037643434335271703e-02	1.027010982211362389e-01
2.065727881230805451e+03	1.750488392468260157e-01	1.082141562752477332e-01	2.971279536182922509e-01	1.887823978885067866e-01	8.764521911750025596e-02	4.040862004272517682e-02	1.027728138105665628e-01
2.070565651444461309e+03	1.748124839620377180e-01	1.080477180994356551e-01	2.972765799260433939e-01	1.888883847455966880e-01	8.769011066016187128e-02	4.044062901786954489e-02	1.028440935885199109e-01
2.075403421658116713e+03	1.745774661317917309e-01	1.078822175561418018e-01	2.974243883663766908e-01	1.889937707403911704e-01	8.773475491499274637e-02	4.047246223484745470e-02	1.029149400551232219e-01
2.080241191871772116e+03	1.743437781708167544e-01	1.077176493636032989e-01	2.975713835606386137e-01	1.890985592715014596e-01	8.777915328196017608e-02	4.050412065478813106e-02	1.029853556963564176e-01
2.085078962085427065e+03	1.741114125372963117e-01	1.075540082694815963e-01	2.977175701036117728e-01	1.892027537182996988e-01	8.782330715293727719e-02	4.053560523390664638e-02	1.030553429841316038e-01
2.089916732299082469e+03	1.738803617326089013e-01	1.073912890507073697e-01	2.978629525636741771e-01	1.893063574410281669e-01	8.786721791175229612e-02	4.056691692352237116e-02	1.031249043763717149e-01
2.094754502512737417e+03	1.736506183010699811e-01	1.072294865133260749e-01	2.980075354829570533e-01	1.894093737809081357e-01	8.791088693423770861e-02	4.059805667007734126e-02	1.031940423170887577e-01
2.099592272726392821e+03	1.734221748296758125e-01	1.070685954923440153e-01	2.981513233775019422e-01	1.895118060602479226e-01	8.795431558827880580e-02	4.062902541515486105e-02	1.032627592364617208e-01
2.104430042940048224e+03	1.731950239478489695e-01	1.069086108515750061e-01	2.982943207374167405e-01	1.896136575825503323e-01	8.799750523386201673e-02	4.065982409549801641e-02	1.033310575509139850e-01
2.109267813153704083e+03	1.729691583271857069e-01	1.067495274834877883e-01	2.984365320270305211e-01	1.897149316326194879e-01	8.804045722312293931e-02	4.069045364302834727e-02	1.033989396631902757e-01
2.114105583367359031e+03	1.727445706812050785e-01	1.065913403090537892e-01	2.985779616850471330e-01	1.898156314766671904e-01	8.808317290039394121e-02	4.072091498486452715e-02	1.034664079624333377e-01
2.118943353581013525e+03	1.725212537650996358e-01	1.064340442775956880e-01	2.987186141246984672e-01	1.899157603624185009e-01	8.812565360225152467e-02	4.075120904334108424e-02	1.035334648242601102e-01
2.123781123794669384e+03	1.722992003754880708e-01	1.062776343666366058e-01	2.988584937338957248e-01	1.900153215192166845e-01	8.816790065756320571e-02	4.078133673602721276e-02	1.036001126108374859e-01
2.128618894008324787e+03	1.720784033501693844e-01	1.061221055817497122e-01	2.989976048753806293e-01	1.901143181581276820e-01	8.820991538753428229e-02	4.081129897574561904e-02	1.036663536709576672e-01
2.133456664221980191e+03	1.718588555678788321e-01	1.059674529564086365e-01	2.991359518868749734e-01	1.902127534720438606e-01	8.825169910575407506e-02	4.084109667059136750e-02	1.037321903401131895e-01
2.138294434435635139e+03	1.716405499480454511e-01	1.058136715518383925e-01	2.992735390812295004e-01	1.903106306357873478e-01	8.829325311824202938e-02	4.087073072395081691e-02	1.037976249405714035e-01
2.143132204649290543e+03	1.714234794505512527e-01	1.056607564568670388e-01	2.994103707465715636e-01	1.904079528062125326e-01	8.833457872349331774e-02	4.090020203452056358e-02	1.038626597814486241e-01
2.147969974862945492e+03	1.712076370754921362e-01	1.055087027877777833e-01	2.995464511464522306e-01	1.905047231223081228e-01	8.837567721252424791e-02	4.092951149632643310e-02	1.039272971587839739e-01
2.152807745076601350e+03	1.709930158629402452e-01	1.053575056881618233e-01	2.996817845199917230e-01	1.906009447052985362e-01	8.841654986891736567e-02	4.095865999874248597e-02	1.039915393556126583e-01
2.157645515290255844e+03	1.707796088927081013e-01	1.052071603287718787e-01	2.998163750820248552e-01	1.906966206587449031e-01	8.845719796886616915e-02	4.098764842651005796e-02	1.040553886420389207e-01
2.162483285503912157e+03	1.705674092841142075e-01	1.050576619073761986e-01	2.999502270232443091e-01	1.907917540686451530e-01	8.849762278121955927e-02	4.101647765975686977e-02	1.041188472753086097e-01
2.167321055717567106e+03	1.703564101957501520e-01	1.049090056486132461e-01	3.000833445103442410e-01	1.908863480035338234e-01	8.853782556752602673e-02	4.104514857401605349e-02	1.041819174998813574e-01
2.172158825931222509e+03	1.701466048252494867e-01	1.047611868038471200e-01	3.002157316861619463e-01	1.909804055145811474e-01	8.857780758207745020e-02	4.107366204024531092e-02	1.042446015475023691e-01
2.176996596144877003e+03	1.699379864090580783e-01	1.046142006510234757e-01	3.003473926698191909e-01	1.910739296356916417e-01	8.861757007195265878e-02	4.110201892484602326e-02	1.043069016372737273e-01
2.181834366358532861e+03	1.697305482222056794e-01	1.044680424945261116e-01	3.004783315568624324e-01	1.911669233836019999e-01	8.865711427706070291e-02	4.113022008968239551e-02	1.043688199757254464e-01
2.186672136572187810e+03	1.695242835780794155e-01	1.043227076650342089e-01	3.006085524194019865e-01	1.912593897579786539e-01	8.869644143018381999e-02	4.115826639210061477e-02	1.044303587568860547e-01
2.191509906785843214e+03	1.693191858281986317e-01	1.041781915193802643e-01	3.007380593062505270e-01	1.913513317415144743e-01	8.873555275702008083e-02	4.118615868494803628e-02	1.044915201623528300e-01
2.196347676999498617e+03	1.691152483619910440e-01	1.040344894404085230e-01	3.008668562430603655e-01	1.914427523000252207e-01	8.877444947622574467e-02	4.121389781659232088e-02	1.045523063613615772e-01
2.201185447213154021e+03	1.689124646065706670e-01	1.038915968368341464e-01	3.009949472324605080e-01	1.915336543825452431e-01	8.881313279945741990e-02	4.124148463094063494e-02	1.046127195108561836e-01
2.206023217426809424e+03	1.687108280265168792e-01	1.037495091431029914e-01	3.011223362541919357e-01	1.916240409214227114e-01	8.885160393141385005e-02	4.126891996745884333e-02	1.046727617555575779e-01
2.210860987640464373e+03	1.685103321236551821e-01	1.036082218192520416e-01	3.012490272652427192e-01	1.917139148324141784e-01	8.888986406987746391e-02	4.129620466119068856e-02	1.047324352280325221e-01
2.215698757854119776e+03	1.683109704368392634e-01	1.034677303507704482e-01	3.013750241999818003e-01	1.918032790147788103e-01	8.892791440575559259e-02	4.132333954277697674e-02	1.047917420487618628e-01
2.220536528067775180e+03	1.681127365417344477e-01	1.033280302484612251e-01	3.015003309702922740e-01	1.918921363513719225e-01	8.896575612312150605e-02	4.135032543847475678e-02	1.048506843262085597e-01
2.225374298281430583e+03	1.679156240506027298e-01	1.031891170483035663e-01	3.016249514657037278e-01	1.919804897087379891e-01	8.900339039925507512e-02	4.137716317017649942e-02	1.049092641568851181e-01
2.230212068495085077e+03	1.677196266120889179e-01	1.030509863113158453e-01	3.017488895535232474e-01	1.920683419372032075e-01	8.904081840468325293e-02	4.140385355542929718e-02	1.049674836254209237e-01
2.235049838708740936e+03	1.675247379110084145e-01	1.029136336234191679e-01	3.018721490789664785e-01	1.921556958709674245e-01	8.907804130322020952e-02	4.143039740745399491e-02	1.050253448046290089e-01
2.239887608922396339e+03	1.673309516681361631e-01	1.027770545953016479e-01	3.019947338652870794e-01	1.922425543281955918e-01	8.911506025200728598e-02	4.145679553516436883e-02	1.050828497555725688e-01
2.244725379136052197e+03	1.671382616399971210e-01	1.026412448622833345e-01	3.021166477139056727e-01	1.923289201111087199e-01	8.915187640155258775e-02	4.148304874318625712e-02	1.051400005276309918e-01
2.249563149349706237e+03	1.669466616186579544e-01	1.025062000841816673e-01	3.022378944045379656e-01	1.924147960060743345e-01	8.918849089577038369e-02	4.150915783187670433e-02	1.051967991585656681e-01
2.254400919563362095e+03	1.667561454315201197e-01	1.023719159451776384e-01	3.023584776953222031e-01	1.925001847836961821e-01	8.922490487202025533e-02	4.153512359734306408e-02	1.052532476745852985e-01
2.259238689777017044e+03	1.665667069411142509e-01	1.022383881536825939e-01	3.024784013229451785e-01	1.925850891989037972e-01	8.926111946114588525e-02	4.156094683146212276e-02	1.053093480904109536e-01
2.264076459990672902e+03	1.663783400448958227e-01	1.021056124422057010e-01	3.025976690027682436e-01	1.926695119910412923e-01	8.929713578751380387e-02	4.158662832189914671e-02	1.053651024093407162e-01
