1.001418434226643626e+03	2.791321023839529736e-01	1.811389483124840882e-01	2.347301763514675066e-01	1.410322496056510000e-01	6.711398929243729550e-02	2.733923696824943489e-02	6.951329708542100527e-02
1.003837319333471214e+03	2.787081725593298365e-01	1.808611824120727185e-01	2.350249655562056950e-01	1.412113870876432753e-01	6.716905783707549649e-02	2.739519231307653221e-02	6.963004223425971195e-02
1.006256204440298802e+03	2.782854471600378354e-01	1.805841913418616551e-01	2.353189294469601456e-01	1.413900306041704913e-01	6.722405517050326906e-02	2.745094161188731119e-02	6.974640466424260332e-02
1.008675089547126618e+03	2.778639228186931542e-01	1.803079729388593344e-01	2.356120703296925301e-01	1.415681801227349490e-01	6.727898121876696447e-02	2.750648621226398777e-02	6.986238635865239799e-02
1.011093974653954206e+03	2.774435961755565838e-01	1.800325250461133897e-01	2.359043905039255595e-01	1.417458356604215652e-01	6.733383590709698940e-02	2.756182744635333332e-02	6.997798926019592469e-02
1.013512859760782021e+03	2.770244638785729907e-01	1.797578455126937480e-01	2.361958922627608315e-01	1.419229972819132102e-01	6.738861915998213548e-02	2.761696663083101216e-02	7.009321527290937603e-02
1.015931744867609382e+03	2.766065225834091756e-01	1.794839321936759768e-01	2.364865778928965101e-01	1.420996650975935860e-01	6.744333090124082775e-02	2.767190506688989998e-02	7.020806626395731387e-02
1.018350629974437197e+03	2.761897689534889566e-01	1.792107829501244087e-01	2.367764496746451175e-01	1.422758392617334555e-01	6.749797105408948672e-02	2.772664404025046436e-02	7.032254406533142155e-02
1.020769515081264785e+03	2.757741996600265311e-01	1.789383956490754046e-01	2.370655098819512141e-01	1.424515199707556967e-01	6.755253954120819804e-02	2.778118482119130289e-02	7.043665047545502600e-02
1.023188400188092373e+03	2.753598113820573401e-01	1.786667681635207283e-01	2.373537607824090512e-01	1.426267074615756025e-01	6.760703628480368987e-02	2.783552866459813521e-02	7.055038726069887134e-02
1.025607285294920075e+03	2.749466008064673783e-01	1.783958983723908931e-01	2.376412046372801401e-01	1.428014020100122350e-01	6.766146120666984010e-02	2.788967681002962190e-02	7.066375615681333433e-02
1.028026170401747549e+03	2.745345646280202834e-01	1.781257841605385916e-01	2.379278437015107939e-01	1.429756039292676417e-01	6.771581422824578256e-02	2.794363048179850789e-02	7.077675887028186952e-02
1.030445055508575479e+03	2.741236995493829265e-01	1.778564234187221815e-01	2.382136802237496409e-01	1.431493135684700491e-01	6.777009527067164030e-02	2.799739088906670267e-02	7.088939707960037473e-02
1.032863940615402726e+03	2.737140022811488382e-01	1.775878140435890873e-01	2.384987164463651665e-01	1.433225313112786170e-01	6.782430425484212155e-02	2.805095922595297886e-02	7.100167243648675131e-02
1.035282825722230655e+03	2.733054695418604685e-01	1.773199539376594802e-01	2.387829546054630603e-01	1.434952575745458980e-01	6.787844110145796472e-02	2.810433667165208871e-02	7.111358656702462810e-02
1.037701710829058356e+03	2.728980980580295035e-01	1.770528410093099025e-01	2.390663969309035353e-01	1.436674928070359458e-01	6.793250573107537105e-02	2.815752439056415368e-02	7.122514107274524608e-02
1.040120595935886058e+03	2.724918845641558507e-01	1.767864731727567529e-01	2.393490456463187865e-01	1.438392374881946600e-01	6.798649806415341112e-02	2.821052353243330008e-02	7.133633753165091740e-02
1.042539481042713533e+03	2.720868258027452358e-01	1.765208483480401325e-01	2.396309029691302273e-01	1.440104921269704519e-01	6.804041802109968284e-02	2.826333523249454499e-02	7.144717749918344518e-02
1.044958366149541234e+03	2.716829185243250788e-01	1.762559644610074694e-01	2.399119711105656694e-01	1.441812572606825660e-01	6.809426552231409580e-02	2.831596061162802713e-02	7.155766250914083471e-02
1.047377251256368709e+03	2.712801594874594269e-01	1.759918194432974481e-01	2.401922522756765599e-01	1.443515334539345885e-01	6.814804048823093485e-02	2.836840077651975323e-02	7.166779407454508533e-02
1.049796136363196410e+03	2.708785454587622210e-01	1.757284112323236613e-01	2.404717486633551893e-01	1.445213212975714201e-01	6.820174283935928616e-02	2.842065681982809330e-02	7.177757368846393593e-02
1.052215021470024112e+03	2.704780732129097864e-01	1.754657377712586508e-01	2.407504624663516779e-01	1.446906214076772446e-01	6.825537249632189496e-02	2.847272982035525812e-02	7.188700282478931169e-02
1.054633906576851814e+03	2.700787395326517126e-01	1.752037970090176977e-01	2.410283958712911290e-01	1.448594344246128540e-01	6.830892937989248292e-02	2.852462084322311686e-02	7.199608293897480360e-02
1.057052791683679516e+03	2.696805412088209564e-01	1.749425869002428635e-01	2.413055510586906705e-01	1.450277610120904448e-01	6.836241341103153901e-02	2.857633094005274099e-02	7.210481546873456771e-02
1.059471676790506763e+03	2.692834750403425015e-01	1.746821054052869748e-01	2.415819302029763860e-01	1.451956018562841899e-01	6.841582451092080575e-02	2.862786114914707414e-02	7.221320183470586462e-02
1.061890561897334692e+03	2.688875378342412970e-01	1.744223504901976363e-01	2.418575354725001902e-01	1.453629576649748123e-01	6.846916260099634999e-02	2.867921249567623523e-02	7.232124344107736247e-02
1.064309447004162394e+03	2.684927264056489182e-01	1.741633201267014652e-01	2.421323690295567321e-01	1.455298291667265487e-01	6.852242760298032920e-02	2.873038599186491376e-02	7.242894167618499357e-02
1.066728332110990095e+03	2.680990375778096180e-01	1.739050122921880492e-01	2.424064330304003811e-01	1.456962171100955050e-01	6.857561943891148093e-02	2.878138263718146156e-02	7.253629791307739105e-02
1.069147217217817570e+03	2.677064681820852110e-01	1.736474249696942918e-01	2.426797296252618530e-01	1.458621222628675440e-01	6.862873803117447435e-02	2.883220341852820237e-02	7.264331351005240411e-02
1.071566102324645271e+03	2.673150150579589601e-01	1.733905561478885082e-01	2.429522609583649462e-01	1.460275454113243443e-01	6.868178330252804054e-02	2.888284931043263309e-02	7.274998981116656549e-02
1.073984987431472746e+03	2.669246750530388512e-01	1.731344038210547998e-01	2.432240291679434452e-01	1.461924873595369101e-01	6.873475517613200636e-02	2.893332127523914540e-02	7.285632814671884339e-02
1.076403872538300675e+03	2.665354450230600913e-01	1.728789659890772878e-01	2.434950363862575795e-01	1.463569489286847269e-01	6.878765357557323212e-02	2.898362026330090352e-02	7.296232983371021830e-02
1.078822757645127922e+03	2.661473218318864409e-01	1.726242406574246269e-01	2.437652847396107603e-01	1.465209309563997031e-01	6.884047842489054991e-02	2.903374721317163870e-02	7.306799617628044474e-02
1.081241642751955851e+03	2.657603023515111018e-01	1.723702258371342666e-01	2.440347763483660393e-01	1.466844342961340364e-01	6.889322964859863341e-02	2.908370305179706558e-02	7.317332846612309427e-02
1.083660527858783553e+03	2.653743834620568842e-01	1.721169195447968814e-01	2.443035133269628179e-01	1.468474598165505629e-01	6.894590717171099337e-02	2.913348869470565664e-02	7.327832798288040628e-02
1.086079412965611255e+03	2.649895620517756512e-01	1.718643198025410490e-01	2.445714977839331949e-01	1.470100084009350050e-01	6.899851091976193229e-02	2.918310504619856319e-02	7.338299599451880706e-02
1.088498298072438729e+03	2.646058350170468754e-01	1.716124246380175411e-01	2.448387318219184261e-01	1.471720809466289526e-01	6.905104081882772193e-02	2.923255299953848516e-02	7.348733375768616571e-02
1.090917183179266431e+03	2.642231992623757519e-01	1.713612320843841130e-01	2.451052175376853826e-01	1.473336783644827175e-01	6.910349679554682323e-02	2.928183343713727793e-02	7.359134251805207749e-02
1.093336068286093905e+03	2.638416517003907003e-01	1.711107401802900163e-01	2.453709570221428160e-01	1.474948015783274502e-01	6.915587877713932907e-02	2.933094723074213678e-02	7.369502351063170198e-02
1.095754953392921607e+03	2.634611892518401444e-01	1.708609469698606775e-01	2.456359523603577344e-01	1.476554515244655752e-01	6.920818669142553281e-02	2.937989524162021651e-02	7.379837796009432183e-02
1.098173838499749309e+03	2.630818088455886827e-01	1.706118505026824328e-01	2.459002056315716389e-01	1.478156291511785736e-01	6.926042046684381670e-02	2.942867832074153034e-02	7.390140708105751022e-02
1.100592723606577010e+03	2.627035074186130359e-01	1.703634488337872344e-01	2.461637189092168443e-01	1.479753354182520020e-01	6.931258003246772159e-02	2.947729730896001335e-02	7.400411207836742056e-02
1.103011608713404712e+03	2.623262819159969395e-01	1.701157400236375239e-01	2.464264942609324660e-01	1.481345712965163874e-01	6.936466531802230884e-02	2.952575303719263966e-02	7.410649414736612817e-02
1.105430493820231959e+03	2.619501292909258150e-01	1.698687221381109391e-01	2.466885337485807406e-01	1.482933377674038322e-01	6.941667625389980056e-02	2.957404632659647870e-02	7.420855447414681505e-02
1.107849378927059888e+03	2.615750465046812190e-01	1.696223932484853258e-01	2.469498394282629850e-01	1.484516358225195232e-01	6.946861277117459543e-02	2.962217798874363511e-02	7.431029423579717241e-02
1.110268264033887590e+03	2.612010305266341259e-01	1.693767514314235834e-01	2.472104133503357226e-01	1.486094664632275353e-01	6.952047480161761828e-02	2.967014882579396134e-02	7.441171460063193688e-02
1.112687149140715292e+03	2.608280783342382669e-01	1.691317947689587042e-01	2.474702575594267817e-01	1.487668307002504020e-01	6.957226227770996196e-02	2.971795963066549071e-02	7.451281672841494896e-02
1.115106034247542766e+03	2.604561869130229690e-01	1.688875213484786197e-01	2.477293740944509493e-01	1.489237295532820082e-01	6.962397513265607130e-02	2.976561118720254598e-02	7.461360177057141385e-02
1.117524919354370468e+03	2.600853532565853277e-01	1.686439292627114339e-01	2.479877649886262081e-01	1.490801640506131953e-01	6.967561330039616363e-02	2.981310427034143326e-02	7.471407087039076689e-02
1.119943804461197942e+03	2.597155743665822691e-01	1.684010166097103800e-01	2.482454322694895577e-01	1.492361352287695786e-01	6.972717671561824704e-02	2.986043964627373148e-02	7.481422516322078220e-02
1.122362689568025871e+03	2.593468472527218904e-01	1.681587814928389990e-01	2.485023779589126403e-01	1.493916441321612165e-01	6.977866531376944459e-02	2.990761807260710475e-02	7.491406577665317423e-02
1.124781574674853118e+03	2.589791689327549107e-01	1.679172220207563460e-01	2.487586040731177839e-01	1.495466918127436040e-01	6.983007903106688841e-02	2.995464029852360974e-02	7.501359383070141384e-02
1.127200459781681047e+03	2.586125364324649012e-01	1.676763363074020574e-01	2.490141126226936286e-01	1.497012793296896016e-01	6.988141780450805862e-02	3.000150706493551894e-02	7.511281043797088386e-02
1.129619344888508749e+03	2.582469467856589040e-01	1.674361224719818075e-01	2.492689056126108083e-01	1.498554077490718839e-01	6.993268157188060885e-02	3.004821910463856618e-02	7.521171670382198471e-02
1.132038229995336451e+03	2.578823970341579397e-01	1.671965786389525144e-01	2.495229850422377160e-01	1.500090781435555465e-01	6.998387027177174757e-02	3.009477714246268712e-02	7.531031372652646771e-02
1.134457115102163925e+03	2.575188842277859602e-01	1.669577029380075739e-01	2.497763529053559084e-01	1.501622915921005108e-01	7.003498384357713380e-02	3.014118189542018891e-02	7.540860259741725968e-02
1.136876000208991627e+03	2.571564054243598574e-01	1.667194935040624271e-01	2.500290111901760093e-01	1.503150491796733101e-01	7.008602222750931476e-02	3.018743407285136987e-02	7.550658440103226454e-02
1.139294885315819101e+03	2.567949576896781383e-01	1.664819484772398217e-01	2.502809618793530033e-01	1.504673519969678963e-01	7.013698536460574728e-02	3.023353437656759249e-02	7.560426021525236406e-02
1.141713770422646803e+03	2.564345380975098787e-01	1.662450660028554073e-01	2.505322069500017790e-01	1.506192011401353836e-01	7.018787319673640279e-02	3.027948350099179606e-02	7.570163111143389523e-02
1.144132655529474505e+03	2.560751437295833433e-01	1.660088442314030244e-01	2.507827483737126717e-01	1.507705977105221473e-01	7.023868566661092827e-02	3.032528213329648351e-02	7.579869815453600668e-02
1.146551540636302207e+03	2.557167716755739395e-01	1.657732813185405218e-01	2.510325881165666462e-01	1.509215428144160265e-01	7.028942271778544637e-02	3.037093095353919289e-02	7.589546240324283877e-02
1.148970425743129908e+03	2.553594190330923941e-01	1.655383754250751016e-01	2.512817281391509505e-01	1.510720375628005763e-01	7.034008429466893919e-02	3.041643063479542233e-02	7.599192491008120720e-02
1.151389310849957155e+03	2.550030829076724848e-01	1.653041247169490802e-01	2.515301703965742153e-01	1.512220830711166752e-01	7.039067034252934063e-02	3.046178184328910202e-02	7.608808672153372088e-02
1.153808195956785084e+03	2.546477604127582728e-01	1.650705273652254557e-01	2.517779168384819410e-01	1.513716804590318210e-01	7.044118080749914301e-02	3.050698523852056476e-02	7.618394887814756988e-02
1.156227081063612786e+03	2.542934486696913354e-01	1.648375815460736415e-01	2.520249694090714865e-01	1.515208308502160595e-01	7.049161563658080942e-02	3.055204147339206366e-02	7.627951241463938603e-02
1.158645966170440488e+03	2.539401448076980539e-01	1.646052854407552835e-01	2.522713300471073894e-01	1.516695353721253525e-01	7.054197477765168645e-02	3.059695119433087848e-02	7.637477835999613440e-02
1.161064851277267962e+03	2.535878459638760685e-01	1.643736372356099651e-01	2.525170006859367433e-01	1.518177951557910521e-01	7.059225817946872261e-02	3.064171504140999341e-02	7.646974773757234112e-02
1.163483736384095664e+03	2.532365492831809561e-01	1.641426351220409419e-01	2.527619832535039079e-01	1.519656113356160076e-01	7.064246579167282603e-02	3.068633364846641912e-02	7.656442156518387943e-02
1.165902621490923138e+03	2.528862519184125190e-01	1.639122772965012076e-01	2.530062796723657748e-01	1.521129850491770019e-01	7.069259756479288892e-02	3.073080764321714162e-02	7.665880085519839737e-02
1.168321506597751068e+03	2.525369510302009624e-01	1.636825619604792004e-01	2.532498918597069215e-01	1.522599174370329878e-01	7.074265345024961793e-02	3.077513764737276752e-02	7.675288661462249806e-02
1.170740391704578315e+03	2.521886437869927944e-01	1.634534873204848693e-01	2.534928217273544337e-01	1.524064096425391257e-01	7.079263340035889251e-02	3.081932427674886898e-02	7.684667984518600559e-02
1.173159276811406244e+03	2.518413273650367268e-01	1.632250515880355191e-01	2.537350711817929483e-01	1.525524628116664561e-01	7.084253736833502624e-02	3.086336814137506657e-02	7.694018154342324722e-02
1.175578161918233945e+03	2.514949989483691306e-01	1.629972529796420155e-01	2.539766421241794747e-01	1.526980780928271775e-01	7.089236530829375049e-02	3.090726984560188129e-02	7.703339270075162948e-02
1.177997047025061647e+03	2.511496557287993814e-01	1.627700897167947136e-01	2.542175364503583834e-01	1.528432566367050049e-01	7.094211717525474026e-02	3.095102998820540782e-02	7.712631430354752182e-02
1.180415932131889122e+03	2.508052949058953707e-01	1.625435600259495517e-01	2.544577560508760050e-01	1.529879995960905514e-01	7.099179292514415374e-02	3.099464916248980198e-02	7.721894733321972570e-02
1.182834817238716823e+03	2.504619136869682960e-01	1.623176621385142016e-01	2.546973028109957293e-01	1.531323081257219554e-01	7.104139251479675565e-02	3.103812795638764138e-02	7.731129276628047331e-02
1.185253702345544298e+03	2.501195092870581171e-01	1.620923942908343018e-01	2.549361786107126604e-01	1.532761833821298936e-01	7.109091590195784627e-02	3.108146695255821143e-02	7.740335157441412262e-02
1.187672587452371999e+03	2.497780789289176795e-01	1.618677547241794967e-01	2.551743853247680494e-01	1.534196265234874790e-01	7.114036304528502386e-02	3.112466672848368879e-02	7.749512472454372913e-02
1.190091472559199701e+03	2.494376198429978653e-01	1.616437416847298914e-01	2.554119248226643935e-01	1.535626387094645995e-01	7.118973390434958637e-02	3.116772785656334380e-02	7.758661317889549436e-02
1.192510357666027403e+03	2.490981292674318837e-01	1.614203534235622850e-01	2.556487989686797024e-01	1.537052211010866143e-01	7.123902843963791920e-02	3.121065090420570287e-02	7.767781789506114642e-02
1.194929242772855105e+03	2.487596044480197832e-01	1.611975881966363766e-01	2.558850096218822090e-01	1.538473748605971581e-01	7.128824661255245276e-02	3.125343643391879922e-02	7.776873982605851665e-02
1.197348127879682352e+03	2.484220426382127145e-01	1.609754442647812755e-01	2.561205586361449682e-01	1.539891011513251085e-01	7.133738838541260618e-02	3.129608500339845639e-02	7.785937992039018707e-02
1.199767012986510281e+03	2.480854410990970260e-01	1.607539198936818181e-01	2.563554478601602904e-01	1.541304011375556060e-01	7.138645372145541179e-02	3.133859716561471220e-02	7.794973912210044487e-02
1.202185898093337983e+03	2.477497970993783327e-01	1.605330133538650506e-01	2.565896791374543406e-01	1.542712759844046544e-01	7.143544258483605636e-02	3.138097346889635875e-02	7.803981837083050210e-02
1.204604783200165684e+03	2.474151079153654176e-01	1.603127229206866844e-01	2.568232543064014051e-01	1.544117268576978286e-01	7.148435494062811701e-02	3.142321445701368871e-02	7.812961860187218888e-02
1.207023668306993159e+03	2.470813708309540779e-01	1.600930468743175794e-01	2.570561752002382683e-01	1.545517549238522304e-01	7.153319075482376943e-02	3.146532066925945142e-02	7.821914074621996726e-02
1.209442553413820860e+03	2.467485831376109440e-01	1.598739834997303932e-01	2.572884436470786462e-01	1.546913613497621354e-01	7.158194999433364902e-02	3.150729264052803957e-02	7.830838573062159913e-02
1.211861438520648335e+03	2.464167421343568531e-01	1.596555310866860367e-01	2.575200614699273971e-01	1.548305473026880819e-01	7.163063262698672606e-02	3.154913090139295495e-02	7.839735447762731513e-02
1.214280323627476264e+03	2.460858451277506131e-01	1.594376879297204896e-01	2.577510304866950097e-01	1.549693139501490957e-01	7.167923862152991710e-02	3.159083597818262285e-02	7.848604790563762368e-02
1.216699208734303511e+03	2.457558894318724041e-01	1.592204523281312845e-01	2.579813525102115923e-01	1.551076624598182463e-01	7.172776794762752983e-02	3.163240839305451330e-02	7.857446692894982931e-02
1.219118093841131440e+03	2.454268723683069864e-01	1.590038225859643495e-01	2.582110293482411389e-01	1.552455939994214218e-01	7.177622057586061088e-02	3.167384866406765948e-02	7.866261245780331590e-02
1.221536978947959142e+03	2.450987912661271861e-01	1.587877970120006033e-01	2.584400628034956293e-01	1.553831097366388247e-01	7.182459647772612699e-02	3.171515730525360094e-02	7.875048539842356699e-02
1.223955864054786844e+03	2.447716434618769643e-01	1.585723739197428539e-01	2.586684546736491841e-01	1.555202108390096871e-01	7.187289562563603518e-02	3.175633482668575175e-02	7.883808665306508978e-02
1.226374749161614318e+03	2.444454262995545135e-01	1.583575516274025319e-01	2.588962067513522758e-01	1.556568984738397610e-01	7.192111799291615870e-02	3.179738173454726285e-02	7.892541712005310406e-02
1.228793634268442020e+03	2.441201371305954937e-01	1.581433284578866449e-01	2.591233208242454955e-01	1.557931738081113626e-01	7.196926355380497964e-02	3.183829853119735792e-02	7.901247769382432895e-02
1.231212519375269494e+03	2.437957733138558514e-01	1.579297027387845109e-01	2.593497986749736528e-01	1.559290380083964977e-01	7.201733228345226501e-02	3.187908571523626750e-02	7.909926926496660404e-02
1.233631404482097196e+03	2.434723322155947500e-01	1.577166728023548514e-01	2.595756420811998755e-01	1.560644922407722346e-01	7.206532415791763735e-02	3.191974378156868519e-02	7.918579272025758065e-02
1.236050289588924898e+03	2.431498112094575559e-01	1.575042369855126356e-01	2.598008528156193209e-01	1.561995376707388805e-01	7.211323915416895103e-02	3.196027322146582222e-02	7.927204894270242774e-02
1.238469174695752372e+03	2.428282076764585462e-01	1.572923936298161462e-01	2.600254326459731091e-01	1.563341754631404623e-01	7.216107725008059914e-02	3.200067452262615048e-02	7.935803881157059425e-02
1.240888059802580301e+03	2.425075190049637008e-01	1.570811410814539621e-01	2.602493833350622010e-01	1.564684067820876212e-01	7.220883842443170941e-02	3.204094816923471617e-02	7.944376320243175249e-02
1.243306944909407548e+03	2.421877425906733550e-01	1.568704776912319965e-01	2.604727066407611091e-01	1.566022327908829503e-01	7.225652265690418741e-02	3.208109464202119759e-02	7.952922298719081184e-02
1.245725830016235477e+03	2.418688758366049629e-01	1.566604018145608124e-01	2.606954043160318868e-01	1.567356546519484695e-01	7.230412992808070427e-02	3.212111441831669301e-02	7.961441903412218302e-02
1.248144715123063179e+03	2.415509161530755011e-01	1.564509118114424113e-01	2.609174781089373951e-01	1.568686735267553756e-01	7.235166021944258730e-02	3.216100797210920403e-02	7.969935220790316799e-02
1.250563600229890881e+03	2.412338609576842596e-01	1.562420060464576876e-01	2.611389297626556805e-01	1.570012905757558752e-01	7.239911351336761336e-02	3.220077577409791170e-02	7.978402336964661445e-02
1.252982485336718355e+03	2.409177076752952729e-01	1.560336828887535776e-01	2.613597610154929640e-01	1.571335069583171262e-01	7.244648979312763581e-02	3.224041829174625895e-02	7.986843337693283473e-02
1.255401370443546057e+03	2.406024537380197781e-01	1.558259407120302920e-01	2.615799736008975751e-01	1.572653238326572056e-01	7.249378904288621139e-02	3.227993598933385361e-02	7.995258308384081691e-02
1.257820255550373531e+03	2.402880965851986739e-01	1.556187778945285760e-01	2.617995692474733849e-01	1.573967423557830758e-01	7.254101124769612996e-02	3.231932932800720554e-02	8.003647334097874211e-02
1.260239140657201460e+03	2.399746336633848953e-01	1.554121928190170809e-01	2.620185496789934065e-01	1.575277636834303829e-01	7.258815639349680549e-02	3.235859876582938138e-02	8.012010499551380782e-02
1.262658025764028707e+03	2.396620624263259280e-01	1.552061838727796517e-01	2.622369166144135066e-01	1.576583889700051422e-01	7.263522446711163927e-02	3.239774475782848662e-02	8.020347889120142681e-02
1.265076910870856636e+03	2.393503803349460168e-01	1.550007494476028369e-01	2.624546717678853947e-01	1.577886193685273386e-01	7.268221545624527213e-02	3.243676775604515533e-02	8.028659586841377371e-02
1.267495795977684338e+03	2.390395848573285409e-01	1.547958879397631771e-01	2.626718168487704452e-01	1.579184560305760820e-01	7.272912934948079500e-02	3.247566820957895062e-02	8.036945676416780426e-02
1.269914681084511813e+03	2.387296734686983612e-01	1.545915977500146865e-01	2.628883535616529654e-01	1.580479001062366495e-01	7.277596613627684841e-02	3.251444656463372412e-02	8.045206241215258069e-02
1.272333566191339514e+03	2.384206436514040850e-01	1.543878772835764746e-01	2.631042836063533508e-01	1.581769527440490541e-01	7.282272580696466657e-02	3.255310326456201109e-02	8.053441364275613912e-02
1.274752451298167216e+03	2.381124928949002739e-01	1.541847249501201722e-01	2.633196086779417411e-01	1.583056150909584181e-01	7.286940835274509365e-02	3.259163874990838455e-02	8.061651128309173242e-02
1.277171336404994690e+03	2.378052186957296532e-01	1.539821391637574977e-01	2.635343304667510655e-01	1.584338882922666503e-01	7.291601376568546122e-02	3.263005345845191446e-02	8.069835615702355969e-02
1.279590221511822392e+03	2.374988185575054866e-01	1.537801183430278773e-01	2.637484506583903099e-01	1.585617734915859001e-01	7.296254203871645194e-02	3.266834782524768305e-02	8.077994908519206541e-02
1.282009106618650094e+03	2.371932899908936465e-01	1.535786609108861500e-01	2.639619709337577280e-01	1.586892718307934547e-01	7.300899316562894925e-02	3.270652228266733574e-02	8.086129088503858642e-02
1.284427991725477568e+03	2.368886305135948500e-01	1.533777652946900494e-01	2.641748929690539982e-01	1.588163844499879129e-01	7.305536714107066509e-02	3.274457726043876471e-02	8.094238237082965193e-02
1.286846876832305497e+03	2.365848376503268402e-01	1.531774299261881300e-01	2.643872184357953237e-01	1.589431124874469692e-01	7.310166396054293414e-02	3.278251318568496664e-02	8.102322435368077003e-02
1.289265761939132744e+03	2.362819089328065392e-01	1.529776532415073331e-01	2.645989490008265888e-01	1.590694570795865015e-01	7.314788362039725822e-02	3.282033048296194300e-02	8.110381764157972850e-02
1.291684647045960673e+03	2.359798418997322567e-01	1.527784336811409405e-01	2.648100863263344595e-01	1.591954193609208812e-01	7.319402611783194790e-02	3.285802957429586474e-02	8.118416303940953482e-02
1.294103532152788375e+03	2.356786340967658155e-01	1.525797696899361400e-01	2.650206320698602624e-01	1.593210004640248645e-01	7.324009145088859751e-02	3.289561087921936966e-02	8.126426134897087039e-02
1.296522417259616077e+03	2.353782830765146494e-01	1.523816597170821185e-01	2.652305878843130293e-01	1.594462015194963722e-01	7.328607961844861574e-02	3.293307481480709648e-02	8.134411336900410072e-02
1.298941302366443551e+03	2.350787863985140391e-01	1.521841022160977108e-01	2.654399554179823761e-01	1.595710236559208239e-01	7.333199062022965897e-02	3.297042179571040704e-02	8.142371989521098030e-02
1.301360187473271253e+03	2.347801416292092380e-01	1.519870956448194921e-01	2.656487363145515479e-01	1.596954679998365545e-01	7.337782445678193988e-02	3.300765223419136613e-02	8.150308172027594111e-02
1.303779072580098727e+03	2.344823463419374865e-01	1.517906384653896212e-01	2.658569322131101864e-01	1.598195356757012298e-01	7.342358112948470239e-02	3.304476654015595788e-02	8.158219963388690932e-02
1.306197957686926657e+03	2.341853981169103871e-01	1.515947291442438782e-01	2.660645447481672088e-01	1.599432278058596779e-01	7.346926064054244698e-02	3.308176512118664314e-02	8.166107442275591377e-02
1.308616842793753904e+03	2.338892945411958357e-01	1.513993661520995904e-01	2.662715755496635750e-01	1.600665455105126089e-01	7.351486299298126692e-02	3.311864838257413263e-02	8.173970687063915330e-02
1.311035727900581833e+03	2.335940332087002580e-01	1.512045479639437251e-01	2.664780262429851110e-01	1.601894899076866385e-01	7.356038819064503187e-02	3.315541672734851480e-02	8.181809775835692522e-02
1.313454613007409534e+03	2.332996117201507902e-01	1.510102730590210107e-01	2.666838984489751097e-01	1.603120621132050061e-01	7.360583623819161314e-02	3.319207055630967601e-02	8.189624786381301258e-02
1.315873498114237009e+03	2.330060276830773491e-01	1.508165399208219459e-01	2.668891937839472095e-01	1.604342632406595970e-01	7.365120714108905342e-02	3.322861026805711687e-02	8.197415796201387717e-02
1.318292383221064711e+03	2.327132787117948964e-01	1.506233470370710592e-01	2.670939138596980511e-01	1.605560944013839364e-01	7.369650090561172262e-02	3.326503625901905403e-02	8.205182882508751940e-02
1.320711268327892412e+03	2.324213624273855083e-01	1.504306928997149739e-01	2.672980602835195452e-01	1.606775567044269049e-01	7.374171753883643210e-02	3.330134892348093900e-02	8.212926122230197745e-02
1.323130153434719887e+03	2.321302764576805844e-01	1.502385760049106678e-01	2.675016346582118620e-01	1.607986512565277026e-01	7.378685704863845174e-02	3.333754865361336639e-02	8.220645592008357649e-02
1.325549038541547588e+03	2.318400184372430561e-01	1.500469948530137598e-01	2.677046385820959773e-01	1.609193791620915914e-01	7.383191944368762416e-02	3.337363583949935070e-02	8.228341368203484496e-02
1.327967923648375290e+03	2.315505860073495958e-01	1.498559479485667145e-01	2.679070736490258842e-01	1.610397415231664131e-01	7.387690473344439568e-02	3.340961086916103412e-02	8.236013526895215320e-02
1.330386808755202765e+03	2.312619768159727696e-01	1.496654338002872398e-01	2.681089414484013611e-01	1.611597394394200800e-01	7.392181292815577787e-02	3.344547412858585311e-02	8.243662143884311622e-02
1.332805693862030694e+03	2.309741885177633014e-01	1.494754509210564630e-01	2.683102435651802953e-01	1.612793740081190641e-01	7.396664403885136463e-02	3.348122600175210128e-02	8.251287294694367724e-02
1.335224578968857941e+03	2.306872187740323099e-01	1.492859978279074684e-01	2.685109815798909505e-01	1.613986463241073310e-01	7.401139807733926601e-02	3.351686687065395104e-02	8.258889054573495536e-02
1.337643464075685870e+03	2.304010652527335168e-01	1.490970730420136670e-01	2.687111570686447903e-01	1.615175574797864111e-01	7.405607505620208364e-02	3.355239711532598951e-02	8.266467498495982946e-02
1.340062349182513572e+03	2.301157256284455943e-01	1.489086750886771671e-01	2.689107716031484130e-01	1.616361085650960538e-01	7.410067498879277514e-02	3.358781711386717855e-02	8.274022701163921689e-02
1.342481234289341273e+03	2.298311975823543185e-01	1.487208024973172837e-01	2.691098267507159303e-01	1.617543006674957151e-01	7.414519788923058796e-02	3.362312724246434986e-02	8.281554737008825495e-02
1.344900119396168748e+03	2.295474788022349721e-01	1.485334538014591033e-01	2.693083240742813467e-01	1.618721348719467934e-01	7.418964377239696539e-02	3.365832787541517268e-02	8.289063680193207995e-02
1.347319004502996449e+03	2.292645669824346366e-01	1.483466275387219091e-01	2.695062651324108272e-01	1.619896122608955047e-01	7.423401265393136939e-02	3.369341938515066359e-02	8.296549604612148132e-02
1.349737889609823924e+03	2.289824598238545394e-01	1.481603222508078299e-01	2.697036514793147988e-01	1.621067339142565622e-01	7.427830455022711720e-02	3.372840214225721056e-02	8.304012583894830601e-02
1.352156774716651853e+03	2.287011550339323740e-01	1.479745364834904042e-01	2.699004846648602185e-01	1.622235009093973279e-01	7.432251947842728745e-02	3.376327651549814596e-02	8.311452691406061299e-02
1.354575659823479100e+03	2.284206503266246746e-01	1.477892687866032284e-01	2.700967662345825637e-01	1.623399143211229079e-01	7.436665745642052905e-02	3.379804287183485467e-02	8.318870000247763352e-02
1.356994544930307029e+03	2.281409434223892196e-01	1.476045177140285491e-01	2.702924977296981557e-01	1.624559752216616637e-01	7.441071850283680067e-02	3.383270157644746590e-02	8.326264583260455099e-02
1.359413430037134731e+03	2.278620320481674899e-01	1.474202818236860779e-01	2.704876806871159278e-01	1.625716846806514182e-01	7.445470263704327685e-02	3.386725299275508694e-02	8.333636513024703096e-02
1.361832315143962205e+03	2.275839139373670994e-01	1.472365596775216667e-01	2.706823166394498603e-01	1.626870437651264101e-01	7.449860987914005972e-02	3.390169748243565540e-02	8.340985861862557083e-02
1.364251200250789907e+03	2.273065868298441428e-01	1.470533498414960116e-01	2.708764071150306929e-01	1.628020535395044988e-01	7.454244024995600182e-02	3.393603540544531949e-02	8.348312701838969674e-02
1.366670085357617609e+03	2.270300484718857925e-01	1.468706508855734949e-01	2.710699536379179708e-01	1.629167150655752849e-01	7.458619377104447334e-02	3.397026712003751309e-02	8.355617104763184144e-02
1.369088970464445310e+03	2.267542966161928131e-01	1.466884613837109996e-01	2.712629577279119242e-01	1.630310294024886475e-01	7.462987046467915719e-02	3.400439298278157274e-02	8.362899142190123591e-02
1.371507855571272785e+03	2.264793290218621025e-01	1.465067799138467797e-01	2.714554209005655694e-01	1.631449976067438079e-01	7.467347035384973297e-02	3.403841334858095924e-02	8.370158885421744022e-02
1.373926740678100487e+03	2.262051434543691231e-01	1.463256050578892464e-01	2.716473446671963110e-01	1.632586207321789495e-01	7.471699346225769978e-02	3.407232857069118770e-02	8.377396405508380495e-02
1.376345625784927961e+03	2.259317376855506931e-01	1.461449354017060054e-01	2.718387305348980432e-01	1.633718998299613923e-01	7.476043981431214347e-02	3.410613900073732052e-02	8.384611773250072453e-02
1.378764510891755890e+03	2.256591094935873898e-01	1.459647695351127539e-01	2.720295800065528624e-01	1.634848359485781555e-01	7.480380943512537906e-02	3.413984498873113421e-02	8.391805059197871008e-02
1.381183395998583137e+03	2.253872566629863405e-01	1.457851060518622066e-01	2.722198945808427251e-01	1.635974301338271319e-01	7.484710235050881511e-02	3.417344688308794620e-02	8.398976333655128190e-02
1.383602281105411066e+03	2.251161769845638205e-01	1.456059435496332155e-01	2.724096757522612156e-01	1.637096834288087610e-01	7.489031858696859612e-02	3.420694503064310860e-02	8.406125666678779251e-02
1.386021166212238768e+03	2.248458682554279331e-01	1.454272806300196674e-01	2.725989250111253703e-01	1.638215968739179518e-01	7.493345817170139755e-02	3.424033977666814110e-02	8.413253128080605547e-02
1.388440051319066470e+03	2.245763282789614013e-01	1.452491158985196318e-01	2.727876438435873352e-01	1.639331715068367279e-01	7.497652113259013762e-02	3.427363146488657253e-02	8.420358787428468272e-02
1.390858936425893944e+03	2.243075548648043038e-01	1.450714479645245081e-01	2.729758337316459671e-01	1.640444083625270943e-01	7.501950749819970288e-02	3.430682043748946308e-02	8.427442714047551908e-02
1.393277821532721646e+03	2.240395458288367558e-01	1.448942754413080070e-01	2.731634961531583805e-01	1.641553084732243761e-01	7.506241729777271554e-02	3.433990703515062137e-02	8.434504977021570205e-02
1.395696706639549120e+03	2.237722989931618667e-01	1.447175969460154643e-01	2.733506325818515492e-01	1.642658728684311675e-01	7.510525056122523135e-02	3.437289159704148833e-02	8.441545645193973546e-02
1.398115591746377049e+03	2.235058121860885039e-01	1.445414110996529056e-01	2.735372444873340747e-01	1.643761025749113924e-01	7.514800731914249299e-02	3.440577446084581298e-02	8.448564787169134116e-02
1.400534476853204296e+03	2.232400832421141401e-01	1.443657165270763598e-01	2.737233333351073439e-01	1.644859986166848920e-01	7.519068760277465568e-02	3.443855596277393266e-02	8.455562471313518569e-02
1.402953361960032225e+03	2.229751100019078114e-01	1.441905118569810906e-01	2.739089005865771864e-01	1.645955620150225118e-01	7.523329144403255453e-02	3.447123643757685901e-02	8.462538765756852377e-02
1.405372247066859927e+03	2.227108903122930472e-01	1.440157957218907436e-01	2.740939476990654211e-01	1.647047937884412450e-01	7.527581887548337458e-02	3.450381621856005859e-02	8.469493738393263360e-02
1.407791132173687402e+03	2.224474220262307733e-01	1.438415667581469104e-01	2.742784761258210691e-01	1.648136949527000961e-01	7.531826993034648754e-02	3.453629563759696985e-02	8.476427456882418277e-02
1.410210017280515103e+03	2.221847030028024084e-01	1.436678236058982483e-01	2.744624873160318446e-01	1.649222665207961125e-01	7.536064464248916350e-02	3.456867502514227725e-02	8.483339988650644148e-02
1.412628902387342805e+03	2.219227311071928499e-01	1.434945649090899333e-01	2.746459827148355348e-01	1.650305095029606650e-01	7.540294304642225498e-02	3.460095471024489389e-02	8.490231400892039870e-02
1.415047787494170507e+03	2.216615042106734879e-01	1.433217893154530020e-01	2.748289637633312132e-01	1.651384249066562560e-01	7.544516517729606131e-02	3.463313502056075688e-02	8.497101760569573947e-02
1.417466672600997981e+03	2.214010201905853570e-01	1.431494954764939154e-01	2.750114318985907302e-01	1.652460137365735493e-01	7.548731107089602654e-02	3.466521628236531039e-02	8.503951134416164181e-02
1.419885557707825683e+03	2.211412769303222892e-01	1.429776820474838728e-01	2.751933885536696489e-01	1.653532769946287340e-01	7.552938076363852060e-02	3.469719882056581522e-02	8.510779588935765694e-02
1.422304442814653157e+03	2.208822723193140380e-01	1.428063476874483206e-01	2.753748351576188469e-01	1.654602156799611645e-01	7.557137429256660655e-02	3.472908295871339479e-02	8.517587190404420083e-02
1.424723327921481086e+03	2.206240042530094314e-01	1.426354910591566272e-01	2.755557731354953965e-01	1.655668307889313073e-01	7.561329169534580785e-02	3.476086901901485199e-02	8.524374004871315691e-02
1.427142213028308333e+03	2.203664706328596901e-01	1.424651108291113966e-01	2.757362039083739447e-01	1.656731233151190474e-01	7.565513301025991733e-02	3.479255732234431270e-02	8.531140098159828433e-02
1.429561098135136262e+03	2.201096693663016635e-01	1.422952056675381716e-01	2.759161288933577039e-01	1.657790942493221620e-01	7.569689827620681988e-02	3.482414818825457781e-02	8.537885535868551534e-02
1.431979983241963964e+03	2.198535983667411209e-01	1.421257742483750530e-01	2.760955495035896101e-01	1.658847445795551268e-01	7.573858753269419042e-02	3.485564193498832952e-02	8.544610383372318319e-02
1.434398868348791666e+03	2.195982555535360981e-01	1.419568152492622637e-01	2.762744671482634806e-01	1.659900752910481725e-01	7.578020081983539991e-02	3.488703887948915727e-02	8.551314705823208351e-02
1.436817753455619140e+03	2.193436388519802993e-01	1.417883273515318232e-01	2.764528832326348384e-01	1.660950873662466187e-01	7.582173817834531038e-02	3.491833933741225054e-02	8.557998568151556351e-02
1.439236638562446842e+03	2.190897461932863610e-01	1.416203092401973340e-01	2.766307991580321257e-01	1.661997817848104853e-01	7.586319964953605610e-02	3.494954362313505702e-02	8.564662035066933354e-02
1.441655523669274316e+03	2.188365755145695313e-01	1.414527596039435453e-01	2.768082163218675840e-01	1.663041595236142423e-01	7.590458527531289412e-02	3.498065204976765624e-02	8.571305171059134809e-02
1.444074408776102018e+03	2.185841247588309333e-01	1.412856771351162222e-01	2.769851361176481896e-01	1.664082215567468936e-01	7.594589509817009643e-02	3.501166492916298056e-02	8.577928040399152021e-02
1.446493293882929493e+03	2.183323918749411896e-01	1.411190605297118761e-01	2.771615599349867010e-01	1.665119688555121991e-01	7.598712916118671723e-02	3.504258257192682802e-02	8.584530707140132499e-02
1.448912178989757422e+03	2.180813748176239908e-01	1.409529084873675786e-01	2.773374891596123715e-01	1.666154023884293400e-01	7.602828750802255453e-02	3.507340528742774327e-02	8.591113235118336133e-02
1.451331064096585123e+03	2.178310715474395809e-01	1.407872197113508028e-01	2.775129251733818303e-01	1.667185231212333918e-01	7.606937018291391739e-02	3.510413338380667658e-02	8.597675687954078882e-02
1.453749949203412370e+03	2.175814800307684649e-01	1.406219929085493203e-01	2.776878693542900178e-01	1.668213320168764335e-01	7.611037723066960137e-02	3.513476716798648314e-02	8.604218129052670916e-02
1.456168834310240300e+03	2.173325982397950884e-01	1.404572267894609316e-01	2.778623230764808993e-01	1.669238300355286309e-01	7.615130869666669744e-02	3.516530694568131138e-02	8.610740621605343648e-02
1.458587719417068001e+03	2.170844241524914064e-01	1.402929200681836130e-01	2.780362877102583452e-01	1.670260181345795958e-01	7.619216462684656743e-02	3.519575302140574152e-02	8.617243228590168447e-02
1.461006604523895703e+03	2.168369557526008129e-01	1.401290714624053024e-01	2.782097646220966780e-01	1.671278972686398578e-01	7.623294506771070844e-02	3.522610569848385470e-02	8.623726012772973959e-02
1.463425489630723177e+03	2.165901910296217370e-01	1.399656796933939906e-01	2.783827551746514417e-01	1.672294683895426126e-01	7.627365006631671440e-02	3.525636527905806616e-02	8.630189036708242611e-02
1.465844374737550879e+03	2.163441279787915172e-01	1.398027434859875073e-01	2.785552607267702263e-01	1.673307324463455814e-01	7.631427967027418213e-02	3.528653206409788218e-02	8.636632362740004343e-02
1.468263259844378354e+03	2.160987646010703311e-01	1.396402615685838622e-01	2.787272826335031595e-01	1.674316903853330651e-01	7.635483392774070066e-02	3.531660635340845567e-02	8.643056053002738659e-02
1.470682144951206283e+03	2.158540989031249024e-01	1.394782326731311417e-01	2.788988222461133981e-01	1.675323431500183591e-01	7.639531288741777115e-02	3.534658844563901003e-02	8.649460169422243383e-02
1.473101030058033530e+03	2.156101288973125973e-01	1.393166555351174618e-01	2.790698809120880641e-01	1.676326916811458623e-01	7.643571659854678235e-02	3.537647863829117278e-02	8.655844773716507567e-02
1.475519915164861459e+03	2.153668526016652707e-01	1.391555288935613088e-01	2.792404599751485694e-01	1.677327369166939086e-01	7.647604511090504154e-02	3.540627722772708708e-02	8.662209927396584408e-02
1.477938800271689161e+03	2.151242680398732787e-01	1.389948514910016863e-01	2.794105607752611076e-01	1.678324797918773481e-01	7.651629847480172220e-02	3.543598450917746084e-02	8.668555691767444726e-02
1.480357685378516862e+03	2.148823732412696308e-01	1.388346220734880121e-01	2.795801846486473119e-01	1.679319212391504612e-01	7.655647674107393663e-02	3.546560077674942857e-02	8.674882127928830455e-02
1.482776570485344337e+03	2.146411662408138910e-01	1.386748393905706256e-01	2.797493329277945806e-01	1.680310621882099842e-01	7.659657996108266975e-02	3.549512632343435059e-02	8.681189296776098407e-02
