1.001418434226643626e+03	2.790843737500126598e-01	1.811721141261687928e-01	2.347348055788203713e-01	1.410025154530075431e-01	6.707746606454842442e-02	2.743344310120760313e-02	6.949528192589535247e-02
1.002869765290740247e+03	2.788292710377131556e-01	1.810057275660085507e-01	2.349119349069269946e-01	1.411090686665342764e-01	6.711058014029849805e-02	2.746792547176593602e-02	6.956549221041335995e-02
1.004321096354836754e+03	2.785746039008213937e-01	1.808396190676962445e-01	2.350887649402778334e-01	1.412154410692492701e-01	6.714368765580504272e-02	2.750232425225822980e-02	6.963555911355279182e-02
1.005772427418933376e+03	2.783203716111503079e-01	1.806737881636146792e-01	2.352652961600245618e-01	1.413216327406568162e-01	6.717678844240300429e-02	2.753663980417035001e-02	6.970548307764114215e-02
1.007223758483029997e+03	2.780665734415306845e-01	1.805082343869424955e-01	2.354415290467050947e-01	1.414276437648155360e-01	6.720988233215195728e-02	2.757087248637017998e-02	6.977526454114489629e-02
1.008675089547126618e+03	2.778132086658129940e-01	1.803429572716528095e-01	2.356174640802430331e-01	1.415334742302403748e-01	6.724296915783745110e-02	2.760502265512329925e-02	6.984490393875096570e-02
1.010126420611223239e+03	2.775602765588688348e-01	1.801779563525116867e-01	2.357931017399467200e-01	1.416391242298067343e-01	6.727604875297224507e-02	2.763909066410891180e-02	6.991440170144580524e-02
1.011577751675319632e+03	2.773077763965929310e-01	1.800132311650768091e-01	2.359684425045086298e-01	1.417445938606566869e-01	6.730912095179750199e-02	2.767307686443596162e-02	6.998375825659243488e-02
1.013029082739416367e+03	2.770557074559045208e-01	1.798487812456959489e-01	2.361434868520046193e-01	1.418498832241072705e-01	6.734218558928380116e-02	2.770698160465946344e-02	7.005297402800535200e-02
1.014480413803512761e+03	2.768040690147488547e-01	1.796846061315055532e-01	2.363182352598932889e-01	1.419549924255607554e-01	6.737524250113226254e-02	2.774080523079698601e-02	7.012204943602327878e-02
1.015931744867609382e+03	2.765528603520988615e-01	1.795207053604294389e-01	2.364926882050150669e-01	1.420599215744168253e-01	6.740829152377540712e-02	2.777454808634533673e-02	7.019098489758011927e-02
1.017383075931706003e+03	2.763020807479561469e-01	1.793570784711772392e-01	2.366668461635918208e-01	1.421646707839866741e-01	6.744133249437803124e-02	2.780821051229736759e-02	7.025978082627379329e-02
1.018834406995802851e+03	2.760517294833528257e-01	1.791937250032430429e-01	2.368407096112259691e-01	1.422692401714090171e-01	6.747436525083801151e-02	2.784179284715892350e-02	7.032843763243330770e-02
1.020285738059899245e+03	2.758018058403524098e-01	1.790306444969039512e-01	2.370142790228999818e-01	1.423736298575677683e-01	6.750738963178702645e-02	2.787529542696593268e-02	7.039695572318400985e-02
1.021737069123995752e+03	2.755523091020513626e-01	1.788678364932186904e-01	2.371875548729756311e-01	1.424778399670115492e-01	6.754040547659120874e-02	2.790871858530161176e-02	7.046533550251109224e-02
1.023188400188092373e+03	2.753032385525799874e-01	1.787053005340261125e-01	2.373605376351934082e-01	1.425818706278749459e-01	6.757341262535171422e-02	2.794206265331375394e-02	7.053357737132125160e-02
1.024639731252188767e+03	2.750545934771037593e-01	1.785430361619439743e-01	2.375332277826719130e-01	1.426857219718013770e-01	6.760641091890523535e-02	2.797532795973213873e-02	7.060168172750283522e-02
1.026091062316285615e+03	2.748063731618243244e-01	1.783810429203673276e-01	2.377056257879071877e-01	1.427893941338675976e-01	6.763940019882448695e-02	2.800851483088599714e-02	7.066964896598434964e-02
1.027542393380382237e+03	2.745585768939804439e-01	1.782193203534672976e-01	2.378777321227722175e-01	1.428928872525098426e-01	6.767238030741853927e-02	2.804162359072158092e-02	7.073747947879130415e-02
1.028993724444478858e+03	2.743112039618491593e-01	1.780578680061895847e-01	2.380495472585163474e-01	1.429962014694514671e-01	6.770535108773323429e-02	2.807465456081975966e-02	7.080517365510169414e-02
1.030445055508575479e+03	2.740642536547466257e-01	1.778966854242529927e-01	2.382210716657646721e-01	1.430993369296321427e-01	6.773831238355135231e-02	2.810760806041371143e-02	7.087273188129979140e-02
1.031896386572671872e+03	2.738177252630288327e-01	1.777357721541482360e-01	2.383923058145175355e-01	1.432022937811384677e-01	6.777126403939290333e-02	2.814048440640662743e-02	7.094015454102875484e-02
1.033347717636768493e+03	2.735716180780926599e-01	1.775751277431363850e-01	2.385632501741498934e-01	1.433050721751361334e-01	6.780420590051523810e-02	2.817328391338946511e-02	7.100744201524163135e-02
1.034799048700865114e+03	2.733259313923765976e-01	1.774147517392474782e-01	2.387339052134109241e-01	1.434076722658034486e-01	6.783713781291313138e-02	2.820600689365873256e-02	7.107459468225112154e-02
1.036250379764961508e+03	2.730806644993613586e-01	1.772546436912793288e-01	2.389042714004234735e-01	1.435100942102661148e-01	6.787005962331885134e-02	2.823865365723429027e-02	7.114161291777801321e-02
1.037701710829058356e+03	2.728358166935708207e-01	1.770948031487959151e-01	2.390743492026835004e-01	1.436123381685336375e-01	6.790297117920210401e-02	2.827122451187716670e-02	7.120849709499832425e-02
1.039153041893154750e+03	2.725913872705724716e-01	1.769352296621261311e-01	2.392441390870596596e-01	1.437144043034366547e-01	6.793587232877000559e-02	2.830371976310739127e-02	7.127524758458918253e-02
1.040604372957251599e+03	2.723473755269780749e-01	1.767759227823623991e-01	2.394136415197928858e-01	1.438162927805658742e-01	6.796876292096694361e-02	2.833613971422179953e-02	7.134186475477358180e-02
1.042055704021347992e+03	2.721037807604443359e-01	1.766168820613592261e-01	2.395828569664958108e-01	1.439180037682120938e-01	6.800164280547439655e-02	2.836848466631187310e-02	7.140834897136390247e-02
1.043507035085444613e+03	2.718606022696732349e-01	1.764581070517319272e-01	2.397517858921523470e-01	1.440195374373076653e-01	6.803451183271068403e-02	2.840075491828151708e-02	7.147470059780432206e-02
1.044958366149541234e+03	2.716178393544126379e-01	1.762995973068552102e-01	2.399204287611173825e-01	1.441208939613686790e-01	6.806736985383077254e-02	2.843295076686485831e-02	7.154091999521212941e-02
1.046409697213637855e+03	2.713754913154569626e-01	1.761413523808617876e-01	2.400887860371162530e-01	1.442220735164388146e-01	6.810021672072588683e-02	2.846507250664400898e-02	7.160700752241795641e-02
1.047861028277734476e+03	2.711335574546472893e-01	1.759833718286411275e-01	2.402568581832444095e-01	1.443230762810340240e-01	6.813305228602317687e-02	2.849712043006678505e-02	7.167296353600495495e-02
1.049312359341831097e+03	2.708920370748716389e-01	1.758256552058379274e-01	2.404246456619669181e-01	1.444239024360885748e-01	6.816587640308527374e-02	2.852909482746440739e-02	7.173878839034705801e-02
1.050763690405927491e+03	2.706509294800657495e-01	1.756682020688510037e-01	2.405921489351182108e-01	1.445245521649017872e-01	6.819868892600987331e-02	2.856099598706914391e-02	7.180448243764611660e-02
1.052215021470024112e+03	2.704102339752129658e-01	1.755110119748316544e-01	2.407593684639016407e-01	1.446250256530862144e-01	6.823148970962923665e-02	2.859282419503193090e-02	7.187004602796820407e-02
1.053666352534120733e+03	2.701699498663449051e-01	1.753540844816824651e-01	2.409263047088892606e-01	1.447253230885167941e-01	6.826427860950959325e-02	2.862457973543991452e-02	7.193547950927892121e-02
1.055117683598217127e+03	2.699300764605414016e-01	1.751974191480560050e-01	2.410929581300212954e-01	1.448254446612806945e-01	6.829705548195061371e-02	2.865626289033396806e-02	7.200078322747788251e-02
1.056569014662313975e+03	2.696906130659307288e-01	1.750410155333534390e-01	2.412593291866060030e-01	1.449253905636286033e-01	6.832982018398474355e-02	2.868787393972612593e-02	7.206595752643227271e-02
1.058020345726410369e+03	2.694515589916898213e-01	1.748848731977231397e-01	2.414254183373192864e-01	1.450251609899266547e-01	6.836257257337660653e-02	2.871941316161697594e-02	7.213100274800951506e-02
1.059471676790506763e+03	2.692129135480445523e-01	1.747289917020593830e-01	2.415912260402043321e-01	1.451247561366094119e-01	6.839531250862217193e-02	2.875088083201296496e-02	7.219591923210920414e-02
1.060923007854603611e+03	2.689746760462696784e-01	1.745733706080010716e-01	2.417567527526714721e-01	1.452241762021338201e-01	6.842803984894815783e-02	2.878227722494365592e-02	7.226070731669423375e-02
1.062374338918700232e+03	2.687368457986889503e-01	1.744180094779303192e-01	2.419219989314977948e-01	1.453234213869339098e-01	6.846075445431111517e-02	2.881360261247888424e-02	7.232536733782110594e-02
1.063825669982796853e+03	2.684994221186753349e-01	1.742629078749711735e-01	2.420869650328269229e-01	1.454224918933766930e-01	6.849345618539674774e-02	2.884485726474587952e-02	7.238989962966942138e-02
1.065277001046893474e+03	2.682624043206506270e-01	1.741080653629882846e-01	2.422516515121688474e-01	1.455213879257184761e-01	6.852614490361894073e-02	2.887604144994625893e-02	7.245430452457082837e-02
1.066728332110990095e+03	2.680257917200858930e-01	1.739534815065855444e-01	2.424160588243995662e-01	1.456201096900623104e-01	6.855882047111892807e-02	2.890715543437298585e-02	7.251858235303708378e-02
1.068179663175086489e+03	2.677895836335011381e-01	1.737991558711049211e-01	2.425801874237610012e-01	1.457186573943163310e-01	6.859148275076436263e-02	2.893819948242720014e-02	7.258273344378747549e-02
1.069630994239183110e+03	2.675537793784653617e-01	1.736450880226248772e-01	2.427440377638606372e-01	1.458170312481525954e-01	6.862413160614835861e-02	2.896917385663499295e-02	7.264675812377557884e-02
1.071082325303279504e+03	2.673183782735965019e-01	1.734912775279593422e-01	2.429076102976714668e-01	1.459152314629670877e-01	6.865676690158850626e-02	2.900007881766408085e-02	7.271065671821540233e-02
1.072533656367376352e+03	2.670833796385613246e-01	1.733377239546561865e-01	2.430709054775317679e-01	1.460132582518401112e-01	6.868938850212583103e-02	2.903091462434037942e-02	7.277442955060681173e-02
1.073984987431472746e+03	2.668487827940751456e-01	1.731844268709960277e-01	2.432339237551448541e-01	1.461111118294977640e-01	6.872199627352376661e-02	2.906168153366450388e-02	7.283807694276039912e-02
1.075436318495569594e+03	2.666145870619017200e-01	1.730313858459909260e-01	2.433966655815790470e-01	1.462087924122739135e-01	6.875459008226705859e-02	2.909237980082814146e-02	7.290159921482169958e-02
1.076887649559666215e+03	2.663807917648530199e-01	1.728786004493829964e-01	2.435591314072674818e-01	1.463063002180730321e-01	6.878716979556068201e-02	2.912300967923035083e-02	7.296499668529494997e-02
1.078338980623762609e+03	2.661473962267892901e-01	1.727260702516431601e-01	2.437213216820079409e-01	1.464036354663336981e-01	6.881973528132863394e-02	2.915357142049376099e-02	7.302826967106607059e-02
1.079790311687859230e+03	2.659143997726182707e-01	1.725737948239700059e-01	2.438832368549627427e-01	1.465007983779927636e-01	6.885228640821283719e-02	2.918406527448065557e-02	7.309141848742528591e-02
1.081241642751955851e+03	2.656818017282955857e-01	1.724217737382881810e-01	2.440448773746586586e-01	1.465977891754502160e-01	6.888482304557189129e-02	2.921449148930896356e-02	7.315444344808913479e-02
1.082692973816052472e+03	2.654496014208237442e-01	1.722700065672473357e-01	2.442062436889868016e-01	1.466946080825347887e-01	6.891734506347983735e-02	2.924485031136812505e-02	7.321734486522193941e-02
1.084144304880149093e+03	2.652177981782525840e-01	1.721184928842208195e-01	2.443673362452025988e-01	1.467912553244699603e-01	6.894985233272497849e-02	2.927514198533488418e-02	7.328012304945683009e-02
1.085595635944245487e+03	2.649863913296782725e-01	1.719672322633043204e-01	2.445281554899255694e-01	1.468877311278408704e-01	6.898234472480851975e-02	2.930536675418895717e-02	7.334277830991618730e-02
1.087046967008342108e+03	2.647553802052433625e-01	1.718162242793146166e-01	2.446887018691393800e-01	1.469840357205618175e-01	6.901482211194329142e-02	2.933552485922857889e-02	7.340531095423170893e-02
1.088498298072438729e+03	2.645247641361361812e-01	1.716654685077882991e-01	2.448489758281918449e-01	1.470801693318441183e-01	6.904728436705245831e-02	2.936561654008596964e-02	7.346772128856395023e-02
1.089949629136535123e+03	2.642945424545906641e-01	1.715149645249804677e-01	2.450089778117947314e-01	1.471761321921647991e-01	6.907973136376809042e-02	2.939564203474266321e-02	7.353000961762140575e-02
1.091400960200631971e+03	2.640647144938857438e-01	1.713647119078635928e-01	2.451687082640238435e-01	1.472719245332359261e-01	6.911216297642987227e-02	2.942560157954472733e-02	7.359217624467917496e-02
1.092852291264728365e+03	2.638352795883450175e-01	1.712147102341260441e-01	2.453281676283189383e-01	1.473675465879741853e-01	6.914457908008364573e-02	2.945549540921789042e-02	7.365422147159722543e-02
1.094303622328825213e+03	2.636062370733362470e-01	1.710649590821709254e-01	2.454873563474837816e-01	1.474629985904713503e-01	6.917697955047998060e-02	2.948532375688254353e-02	7.371614559883818418e-02
1.095754953392921607e+03	2.633775862852707483e-01	1.709154580311148808e-01	2.456462748636861482e-01	1.475582807759650839e-01	6.920936426407278685e-02	2.951508685406862079e-02	7.377794892548474037e-02
1.097206284457018228e+03	2.631493265616032806e-01	1.707662066607867069e-01	2.458049236184577380e-01	1.476533933808103771e-01	6.924173309801780196e-02	2.954478493073037573e-02	7.383963174925668727e-02
1.098657615521114849e+03	2.629214572408312689e-01	1.706172045517261870e-01	2.459633030526943709e-01	1.477483366424515165e-01	6.927408593017110594e-02	2.957441821526104325e-02	7.390119436652756169e-02
1.100108946585211470e+03	2.626939776624940825e-01	1.704684512851827594e-01	2.461214136066557923e-01	1.478431107993945226e-01	6.930642263908763645e-02	2.960398693450737306e-02	7.396263707234090878e-02
1.101560277649308091e+03	2.624668871671728687e-01	1.703199464431143229e-01	2.462792557199660060e-01	1.479377160911800604e-01	6.933874310401963448e-02	2.963349131378405915e-02	7.402396016042615823e-02
1.103011608713404712e+03	2.622401850964898307e-01	1.701716896081859609e-01	2.464368298316130801e-01	1.480321527583569052e-01	6.937104720491513166e-02	2.966293157688806165e-02	7.408516392321420896e-02
1.104462939777501106e+03	2.620138707931075062e-01	1.700236803637687200e-01	2.465941363799493136e-01	1.481264210424558803e-01	6.940333482241631269e-02	2.969230794611279339e-02	7.414624865185265312e-02
1.105914270841597499e+03	2.617879436007283234e-01	1.698759182939383605e-01	2.467511758026914026e-01	1.482205211859642935e-01	6.943560583785804430e-02	2.972162064226218856e-02	7.420721463622056979e-02
1.107365601905694348e+03	2.615624028640941012e-01	1.697284029834740804e-01	2.469079485369203020e-01	1.483144534323007080e-01	6.946786013326616827e-02	2.975086988466467755e-02	7.426806216494320767e-02
1.108816932969790741e+03	2.613372479289851058e-01	1.695811340178572935e-01	2.470644550190816136e-01	1.484082180257902672e-01	6.950009759135593324e-02	2.978005589118701626e-02	7.432879152540608492e-02
1.110268264033887590e+03	2.611124781422195507e-01	1.694341109832703807e-01	2.472206956849853643e-01	1.485018152116404921e-01	6.953231809553035714e-02	2.980917887824801812e-02	7.438940300376904735e-02
1.111719595097984211e+03	2.608880928516530973e-01	1.692873334665955520e-01	2.473766709698064781e-01	1.485952452359175502e-01	6.956452152987856186e-02	2.983823906083216820e-02	7.444989688497979929e-02
1.113170926162080832e+03	2.606640914061779668e-01	1.691408010554134311e-01	2.475323813080846369e-01	1.486885083455226908e-01	6.959670777917408013e-02	2.986723665250311591e-02	7.451027345278730951e-02
1.114622257226177226e+03	2.604404731557222186e-01	1.689945133380020559e-01	2.476878271337244475e-01	1.487816047881694859e-01	6.962887672887317636e-02	2.989617186541703928e-02	7.457053298975484246e-02
1.116073588290273847e+03	2.602172374512492503e-01	1.688484699033354630e-01	2.478430088799956910e-01	1.488745348123610701e-01	6.966102826511319512e-02	2.992504491033590869e-02	7.463067577727275359e-02
1.117524919354370468e+03	2.599943836447567436e-01	1.687026703410824668e-01	2.479979269795334618e-01	1.489672986673682142e-01	6.969316227471081260e-02	2.995385599664062565e-02	7.469070209557099327e-02
1.118976250418467089e+03	2.597719110892763861e-01	1.685571142416056045e-01	2.481525818643383063e-01	1.490598966032073425e-01	6.972527864516026019e-02	2.998260533234405403e-02	7.475061222373137471e-02
1.120427581482563710e+03	2.595498191388727616e-01	1.684118011959598316e-01	2.483069739657763342e-01	1.491523288706193273e-01	6.975737726463163146e-02	3.001129312410392297e-02	7.481040643969956438e-02
1.121878912546660331e+03	2.593281071486426836e-01	1.682667307958912173e-01	2.484611037145794676e-01	1.492445957210485064e-01	6.978945802196913351e-02	3.003991957723561174e-02	7.487008502029687818e-02
1.123330243610756725e+03	2.591067744747143631e-01	1.681219026338358347e-01	2.486149715408456085e-01	1.493366974066219210e-01	6.982152080668924121e-02	3.006848489572484448e-02	7.492964824123170275e-02
1.124781574674853118e+03	2.588858204742467972e-01	1.679773163029185945e-01	2.487685778740388876e-01	1.494286341801291940e-01	6.985356550897900418e-02	3.009698928224023226e-02	7.498909637711088927e-02
1.126232905738949967e+03	2.586652445054287708e-01	1.678329713969518577e-01	2.489219231429897761e-01	1.495204062950025448e-01	6.988559201969418710e-02	3.012543293814571796e-02	7.504842970145073067e-02
1.127684236803046360e+03	2.584450459274782452e-01	1.676888675104344362e-01	2.490750077758954739e-01	1.496120140052973613e-01	6.991760023035743787e-02	3.015381606351293098e-02	7.510764848668780025e-02
1.129135567867143209e+03	2.582252241006411930e-01	1.675450042385502325e-01	2.492278322003199098e-01	1.497034575656728539e-01	6.994959003315651125e-02	3.018213885713337888e-02	7.516675300418960981e-02
1.130586898931239830e+03	2.580057783861911536e-01	1.674013811771671856e-01	2.493803968431941298e-01	1.497947372313732650e-01	6.998156132094243698e-02	3.021040151653055228e-02	7.522574352426496247e-02
1.132038229995336451e+03	2.577867081464281229e-01	1.672579979228358826e-01	2.495327021308165472e-01	1.498858532582093839e-01	7.001351398722763242e-02	3.023860423797192568e-02	7.528462031617418060e-02
1.133489561059432845e+03	2.575680127446777767e-01	1.671148540727885878e-01	2.496847484888530810e-01	1.499768059025402556e-01	7.004544792618407067e-02	3.026674721648082295e-02	7.534338364813911171e-02
1.134940892123529466e+03	2.573496915452905820e-01	1.669719492249378823e-01	2.498365363423375174e-01	1.500675954212552787e-01	7.007736303264140709e-02	3.029483064584818225e-02	7.540203378735287065e-02
1.136392223187626087e+03	2.571317439136410199e-01	1.668292829778755537e-01	2.499880661156717032e-01	1.501582220717566918e-01	7.010925920208507800e-02	3.032285471864420989e-02	7.546057099998954021e-02
1.137843554251722708e+03	2.569141692161263646e-01	1.666868549308713754e-01	2.501393382326259074e-01	1.502486861119422812e-01	7.014113633065446884e-02	3.035081962622991625e-02	7.551899555121355245e-02
1.139294885315819101e+03	2.566969668201661281e-01	1.665446646838719402e-01	2.502903531163390705e-01	1.503389878001883950e-01	7.017299431514094354e-02	3.037872555876854064e-02	7.557730770518894525e-02
1.140746216379915950e+03	2.564801360942010611e-01	1.664027118374994396e-01	2.504411111893189434e-01	1.504291273953332619e-01	7.020483305298597099e-02	3.040657270523688949e-02	7.563550772508845221e-02
1.142197547444012343e+03	2.562636764076920426e-01	1.662609959930505532e-01	2.505916128734427817e-01	1.505191051566606153e-01	7.023665244227919602e-02	3.043436125343651141e-02	7.569359587310238446e-02
1.143648878508108737e+03	2.560475871311194140e-01	1.661195167524952276e-01	2.507418585899571228e-01	1.506089213438836227e-01	7.026845238175656594e-02	3.046209139000482721e-02	7.575157241044737366e-02
1.145100209572205586e+03	2.558318676359817578e-01	1.659782737184755663e-01	2.508918487594785640e-01	1.506985762171290377e-01	7.030023277079827659e-02	3.048976330042611066e-02	7.580943759737497623e-02
1.146551540636302207e+03	2.556165172947951758e-01	1.658372664943044972e-01	2.510415838019937063e-01	1.507880700369215732e-01	7.033199350942696826e-02	3.051737716904236522e-02	7.586719169318004163e-02
1.148002871700398828e+03	2.554015354810921234e-01	1.656964946839648012e-01	2.511910641368598207e-01	1.508774030641687469e-01	7.036373449830565785e-02	3.054493317906410016e-02	7.592483495620903911e-02
1.149454202764495449e+03	2.551869215694206328e-01	1.655559578921078079e-01	2.513402901828050151e-01	1.509665755601458659e-01	7.039545563873583767e-02	3.057243151258101296e-02	7.598236764386807895e-02
1.150905533828591842e+03	2.549726749353432020e-01	1.654156557240522851e-01	2.514892623579285669e-01	1.510555877864811491e-01	7.042715683265551863e-02	3.059987235057253646e-02	7.603979001263097559e-02
1.152356864892688463e+03	2.547587949554358522e-01	1.652755877857833011e-01	2.516379810797013117e-01	1.511444400051412951e-01	7.045883798263720410e-02	3.062725587291831308e-02	7.609710231804700520e-02
1.153808195956785084e+03	2.545452810072869609e-01	1.651357536839509477e-01	2.517864467649658655e-01	1.512331324784172981e-01	7.049049899188596091e-02	3.065458225840853382e-02	7.615430481474863567e-02
1.155259527020881706e+03	2.543321324694965968e-01	1.649961530258693687e-01	2.519346598299372908e-01	1.513216654689103213e-01	7.052213976423737929e-02	3.068185168475420083e-02	7.621139775645904835e-02
1.156710858084978327e+03	2.541193487216750757e-01	1.648567854195154558e-01	2.520826206902033184e-01	1.514100392395180128e-01	7.055376020415560223e-02	3.070906432859726518e-02	7.626838139599954880e-02
1.158162189149074720e+03	2.539069291444422394e-01	1.647176504735277658e-01	2.522303297607243477e-01	1.514982540534209332e-01	7.058536021673136873e-02	3.073622036552067782e-02	7.632525598529685262e-02
1.159613520213171569e+03	2.536948731194264561e-01	1.645787477972052992e-01	2.523777874558345569e-01	1.515863101740693164e-01	7.061693970767995987e-02	3.076331997005832958e-02	7.638202177539028803e-02
1.161064851277267962e+03	2.534831800292632331e-01	1.644400770005065016e-01	2.525249941892417360e-01	1.516742078651699410e-01	7.064849858333914490e-02	3.079036331570489393e-02	7.643867901643876250e-02
1.162516182341364356e+03	2.532718492575946057e-01	1.643016376940479029e-01	2.526719503740278427e-01	1.517619473906733352e-01	7.068003675066723834e-02	3.081735057492556926e-02	7.649522795772777106e-02
1.163967513405461204e+03	2.530608801890676940e-01	1.641634294891031742e-01	2.528186564226494459e-01	1.518495290147611476e-01	7.071155411724104611e-02	3.084428191916572734e-02	7.655166884767611313e-02
1.165418844469557826e+03	2.528502722093337596e-01	1.640254519976019065e-01	2.529651127469381700e-01	1.519369530018336856e-01	7.074305059125381157e-02	3.087115751886044743e-02	7.660800193384263712e-02
1.166870175533654447e+03	2.526400247050473169e-01	1.638877048321283614e-01	2.531113197581010277e-01	1.520242196164978132e-01	7.077452608151325875e-02	3.089797754344397740e-02	7.666422746293274915e-02
1.168321506597751068e+03	2.524301370638648012e-01	1.637501876059206385e-01	2.532572778667206981e-01	1.521113291235549059e-01	7.080598049743944133e-02	3.092474216135907006e-02	7.672034568080494943e-02
1.169772837661847461e+03	2.522206086744436249e-01	1.636128999328691769e-01	2.534029874827564144e-01	1.521982817879891092e-01	7.083741374906278587e-02	3.095145154006624308e-02	7.677635683247718834e-02
1.171224168725944082e+03	2.520114389264410670e-01	1.634758414275158389e-01	2.535484490155438531e-01	1.522850778749557377e-01	7.086882574702202398e-02	3.097810584605293141e-02	7.683226116213306978e-02
1.172675499790040703e+03	2.518026272105131080e-01	1.633390117050528556e-01	2.536936628737959665e-01	1.523717176497699222e-01	7.090021640256212454e-02	3.100470524484256682e-02	7.688805891312804064e-02
1.174126830854137097e+03	2.515941729183134301e-01	1.632024103813214111e-01	2.538386294656032049e-01	1.524582013778953415e-01	7.093158562753225371e-02	3.103124990100352559e-02	7.694375032799546932e-02
1.175578161918233945e+03	2.513860754424921407e-01	1.630660370728107267e-01	2.539833491984341274e-01	1.525445293249333978e-01	7.096293333438367934e-02	3.105773997815801379e-02	7.699933564845255762e-02
1.177029492982330339e+03	2.511783341766947175e-01	1.629298913966570617e-01	2.541278224791356233e-01	1.526307017566122803e-01	7.099425943616778645e-02	3.108417563899086231e-02	7.705481511540623885e-02
1.178480824046426733e+03	2.509709485155611763e-01	1.627939729706422145e-01	2.542720497139337454e-01	1.527167189387764190e-01	7.102556384653395394e-02	3.111055704525819698e-02	7.711018896895895092e-02
1.179932155110523581e+03	2.507639178547242942e-01	1.626582814131927734e-01	2.544160313084337655e-01	1.528025811373759368e-01	7.105684647972747292e-02	3.113688435779607064e-02	7.716545744841432630e-02
1.181383486174620202e+03	2.505572415908091655e-01	1.625228163433788398e-01	2.545597676676208954e-01	1.528882886184565471e-01	7.108810725058750668e-02	3.116315773652893889e-02	7.722062079228277087e-02
1.182834817238716823e+03	2.503509191214315921e-01	1.623875773809128342e-01	2.547032591958608982e-01	1.529738416481493668e-01	7.111934607454502288e-02	3.118937734047810828e-02	7.727567923828697338e-02
1.184286148302813444e+03	2.501449498451970843e-01	1.622525641461485257e-01	2.548465062969000328e-01	1.530592404926610084e-01	7.115056286762068416e-02	3.121554332777006641e-02	7.733063302336735945e-02
1.185737479366910065e+03	2.499393331616997227e-01	1.621177762600799765e-01	2.549895093738662188e-01	1.531444854182639759e-01	7.118175754642278030e-02	3.124165585564472186e-02	7.738548238368740673e-02
1.187188810431006686e+03	2.497340684715210202e-01	1.619832133443401823e-01	2.551322688292690377e-01	1.532295766912869228e-01	7.121293002814518824e-02	3.126771508046356784e-02	7.744022755463894625e-02
1.188640141495103080e+03	2.495291551762286453e-01	1.618488750212002947e-01	2.552747850650003980e-01	1.533145145781053265e-01	7.124408023056519323e-02	3.129372115771775903e-02	7.749486877084731107e-02
1.190091472559199701e+03	2.493245926783753952e-01	1.617147609135681507e-01	2.554170584823350354e-01	1.533992993451322173e-01	7.127520807204153208e-02	3.131967424203608436e-02	7.754940626617651267e-02
1.191542803623296322e+03	2.491203803814979190e-01	1.615808706449874954e-01	2.555590894819311787e-01	1.534839312588091309e-01	7.130631347151220045e-02	3.134557448719289818e-02	7.760384027373416760e-02
1.192994134687392716e+03	2.489165176901155241e-01	1.614472038396367881e-01	2.557008784638307164e-01	1.535684105855971149e-01	7.133739634849237121e-02	3.137142204611591267e-02	7.765817102587657672e-02
1.194445465751489564e+03	2.487130040097290662e-01	1.613137601223279816e-01	2.558424258274600294e-01	1.536527375919680138e-01	7.136845662307239602e-02	3.139721707089396241e-02	7.771239875421355470e-02
1.195896796815585958e+03	2.485098387468197556e-01	1.611805391185055780e-01	2.559837319716303239e-01	1.537369125443958373e-01	7.139949421591561263e-02	3.142295971278463718e-02	7.776652368961325945e-02
1.197348127879682352e+03	2.483070213088478806e-01	1.610475404542455191e-01	2.561247972945382978e-01	1.538209357093482665e-01	7.143050904825627712e-02	3.144865012222185924e-02	7.782054606220699389e-02
1.198799458943779200e+03	2.481045511042516416e-01	1.609147637562539923e-01	2.562656221937665291e-01	1.539048073532782723e-01	7.146150104189753771e-02	3.147428844882339122e-02	7.787446610139382719e-02
1.200250790007875821e+03	2.479024275424459856e-01	1.607822086518664595e-01	2.564062070662840864e-01	1.539885277426159826e-01	7.149247011920922823e-02	3.149987484139823296e-02	7.792828403584524388e-02
1.201702121071972442e+03	2.477006500338213846e-01	1.606498747690465190e-01	2.565465523084470845e-01	1.540720971437606335e-01	7.152341620312586967e-02	3.152540944795395594e-02	7.798200009350973738e-02
1.203153452136069063e+03	2.474992179897426148e-01	1.605177617363848785e-01	2.566866583159992943e-01	1.541555158230726585e-01	7.155433921714450529e-02	3.155089241570398911e-02	7.803561450161723700e-02
1.204604783200165684e+03	2.472981308225475072e-01	1.603858691830981620e-01	2.568265254840725875e-01	1.542387840468659455e-01	7.158523908532268831e-02	3.157632389107476595e-02	7.808912748668364601e-02
1.206056114264262078e+03	2.470973879455457267e-01	1.602541967390279376e-01	2.569661542071873805e-01	1.543219020814000919e-01	7.161611573227630312e-02	3.160170401971282295e-02	7.814253927451510207e-02
1.207507445328358699e+03	2.468969887730176616e-01	1.601227440346396358e-01	2.571055448792533560e-01	1.544048701928730227e-01	7.164696908317748358e-02	3.162703294649185648e-02	7.819585009021236266e-02
1.208958776392455093e+03	2.466969327202130080e-01	1.599915107010214110e-01	2.572446978935700734e-01	1.544876886474135513e-01	7.167779906375255916e-02	3.165231081551964087e-02	7.824906015817510718e-02
1.210410107456551941e+03	2.464972192033497433e-01	1.598604963698830872e-01	2.573836136428275245e-01	1.545703577110741633e-01	7.170860560027993158e-02	3.167753777014493261e-02	7.830216970210603089e-02
1.211861438520648335e+03	2.462978476396127381e-01	1.597297006735551861e-01	2.575222925191064105e-01	1.546528776498238555e-01	7.173938861958797930e-02	3.170271395296425654e-02	7.835517894501507763e-02
1.213312769584745183e+03	2.460988174471525347e-01	1.595991232449876507e-01	2.576607349138791414e-01	1.547352487295411694e-01	7.177014804905293421e-02	3.172783950582863666e-02	7.840808810922351990e-02
1.214764100648841804e+03	2.459001280450841820e-01	1.594687637177489847e-01	2.577989412180100581e-01	1.548174712160073074e-01	7.180088381659686936e-02	3.175291456985025046e-02	7.846089741636796955e-02
1.216215431712937971e+03	2.457017788534858471e-01	1.593386217260251703e-01	2.579369118217562096e-01	1.548995453748993889e-01	7.183159585068552011e-02	3.177793928540903479e-02	7.851360708740445782e-02
1.217666762777034819e+03	2.455037692933977334e-01	1.592086969046184464e-01	2.580746471147679633e-01	1.549814714717838160e-01	7.186228408032621640e-02	3.180291379215916675e-02	7.856621734261226564e-02
1.219118093841131440e+03	2.453060987868208032e-01	1.590789888889464487e-01	2.582121474860894494e-01	1.550632497721097236e-01	7.189294843506580102e-02	3.182783822903554466e-02	7.861872840159787879e-02
1.220569424905228061e+03	2.451087667567153350e-01	1.589494973150409607e-01	2.583494133241593382e-01	1.551448805412025678e-01	7.192358884498854799e-02	3.185271273426014405e-02	7.867114048329885978e-02
1.222020755969324682e+03	2.449117726269998685e-01	1.588202218195470250e-01	2.584864450168110617e-01	1.552263640442578807e-01	7.195420524071403923e-02	3.187753744534831818e-02	7.872345380598755327e-02
1.223472087033421303e+03	2.447151158225499001e-01	1.586911620397218337e-01	2.586232429512739794e-01	1.553077005463349980e-01	7.198479755339511066e-02	3.190231249911504308e-02	7.877566858727494403e-02
1.224923418097517697e+03	2.445187957691965508e-01	1.585623176134336176e-01	2.587598075141734344e-01	1.553888903123511467e-01	7.201536571471571502e-02	3.192703803168111393e-02	7.882778504411429299e-02
1.226374749161614318e+03	2.443228118937253168e-01	1.584336881791606755e-01	2.588961390915317518e-01	1.554699336070752558e-01	7.204590965688889570e-02	3.195171417847920969e-02	7.887980339280482867e-02
1.227826080225710712e+03	2.441271636238748766e-01	1.583052733759902353e-01	2.590322380687686832e-01	1.555508306951222941e-01	7.207642931265464958e-02	3.197634107425994382e-02	7.893172384899534155e-02
1.229277411289807560e+03	2.439318503883356748e-01	1.581770728436175943e-01	2.591681048307019064e-01	1.556315818409473861e-01	7.210692461527785924e-02	3.200091885309786638e-02	7.898354662768777845e-02
1.230728742353903954e+03	2.437368716167488403e-01	1.580490862223448423e-01	2.593037397615478579e-01	1.557121873088401776e-01	7.213739549854623900e-02	3.202544764839734132e-02	7.903527194324076743e-02
1.232180073418000802e+03	2.435422267397047147e-01	1.579213131530800007e-01	2.594391432449222323e-01	1.557926473629193398e-01	7.216784189676823946e-02	3.204992759289840287e-02	7.908690000937312892e-02
1.233631404482097196e+03	2.433479151887416592e-01	1.577937532773359131e-01	2.595743156638407045e-01	1.558729622671270465e-01	7.219826374477093800e-02	3.207435881868254957e-02	7.913843103916728960e-02
1.235082735546193817e+03	2.431539363963447775e-01	1.576664062372291897e-01	2.597092574007193733e-01	1.559531322852236446e-01	7.222866097789799877e-02	3.209874145717844102e-02	7.918986524507272418e-02
1.236534066610290438e+03	2.429602897959446395e-01	1.575392716754791811e-01	2.598439688373755385e-01	1.560331576807823528e-01	7.225903353200756329e-02	3.212307563916757397e-02	7.924120283890934147e-02
1.237985397674387059e+03	2.427669748219159207e-01	1.574123492354069787e-01	2.599784503550284231e-01	1.561130387171841272e-01	7.228938134347023814e-02	3.214736149478986810e-02	7.929244403187074575e-02
1.239436728738483680e+03	2.425739909095761815e-01	1.572856385609343599e-01	2.601127023342993394e-01	1.561927756576126092e-01	7.231970434916693002e-02	3.217159915354922406e-02	7.934358903452763678e-02
1.240888059802580301e+03	2.423813374951845900e-01	1.571591392965827338e-01	2.602467251552129657e-01	1.562723687650490745e-01	7.235000248648690291e-02	3.219578874431897053e-02	7.939463805683102948e-02
1.242339390866676695e+03	2.421890140159405624e-01	1.570328510874722250e-01	2.603805191971975685e-01	1.563518183022676034e-01	7.238027569332558531e-02	3.221993039534730430e-02	7.944559130811544578e-02
1.243790721930773088e+03	2.419970199099824582e-01	1.569067735793205076e-01	2.605140848390857244e-01	1.564311245318302235e-01	7.241052390808261352e-02	3.224402423426264708e-02	7.949644899710213430e-02
1.245242052994869937e+03	2.418053546163863587e-01	1.567809064184418899e-01	2.606474224591150413e-01	1.565102877160821637e-01	7.244074706965966670e-02	3.226807038807892603e-02	7.954721133190223448e-02
1.246693384058966330e+03	2.416140175751647357e-01	1.566552492517461759e-01	2.607805324349287690e-01	1.565893081171473022e-01	7.247094511745853784e-02	3.229206898320085423e-02	7.959787852001987130e-02
1.248144715123063179e+03	2.414230082272651456e-01	1.565298017267377495e-01	2.609134151435764659e-01	1.566681859969236146e-01	7.250111799137894109e-02	3.231602014542907936e-02	7.964845076835530557e-02
1.249596046187159800e+03	2.412323260145688431e-01	1.564045634915145477e-01	2.610460709615144981e-01	1.567469216170785939e-01	7.253126563181656883e-02	3.233992399996535316e-02	7.969892828320791767e-02
1.251047377251256421e+03	2.410419703798895863e-01	1.562795341947670058e-01	2.611785002646068721e-01	1.568255152390450324e-01	7.256138797966098231e-02	3.236378067141757603e-02	7.974931127027926059e-02
1.252498708315352815e+03	2.408519407669723611e-01	1.561547134857770303e-01	2.613107034281259566e-01	1.569039671240165246e-01	7.259148497629357155e-02	3.238759028380482075e-02	7.979959993467607149e-02
1.253950039379449436e+03	2.406622366204919372e-01	1.560301010144171108e-01	2.614426808267528157e-01	1.569822775329434428e-01	7.262155656358554312e-02	3.241135296056232157e-02	7.984979448091317211e-02
1.255401370443546057e+03	2.404728573860516194e-01	1.559056964311491267e-01	2.615744328345782632e-01	1.570604467265286075e-01	7.265160268389585230e-02	3.243506882454637308e-02	7.989989511291649416e-02
1.256852701507642678e+03	2.402838025101819430e-01	1.557814993870234865e-01	2.617059598251033070e-01	1.571384749652234014e-01	7.268162328006916306e-02	3.245873799803918047e-02	7.994990203402589646e-02
1.258304032571739299e+03	2.400950714403393693e-01	1.556575095336780457e-01	2.618372621712398152e-01	1.572163625092236061e-01	7.271161829543380806e-02	3.248236060275368209e-02	7.999981544699807934e-02
1.259755363635835920e+03	2.399066636249049533e-01	1.555337265233371069e-01	2.619683402453112930e-01	1.572941096184655996e-01	7.274158767379980406e-02	3.250593675983830949e-02	8.004963555400942954e-02
1.261206694699932314e+03	2.397185785131830116e-01	1.554101500088104770e-01	2.620991944190532719e-01	1.573717165526224704e-01	7.277153135945678419e-02	3.252946658988166428e-02	8.009936255665882354e-02
1.262658025764028707e+03	2.395308155553998730e-01	1.552867796434924119e-01	2.622298250636144190e-01	1.574491835711002152e-01	7.280144929717197178e-02	3.255295021291721574e-02	8.014899665597040312e-02
1.264109356828125556e+03	2.393433742027024635e-01	1.551636150813605619e-01	2.623602325495569820e-01	1.575265109330341307e-01	7.283134143218816803e-02	3.257638774842785967e-02	8.019853805239633704e-02
1.265560687892221949e+03	2.391562539071570292e-01	1.550406559769751946e-01	2.624904172468573993e-01	1.576036988972850661e-01	7.286120771022175369e-02	3.259977931535049805e-02	8.024798694581958269e-02
1.267012018956318798e+03	2.389694541217478596e-01	1.549179019854779737e-01	2.626203795249070216e-01	1.576807477224359266e-01	7.289104807746064896e-02	3.262312503208052855e-02	8.029734353555659232e-02
1.268463350020415419e+03	2.387829743003758998e-01	1.547953527625910153e-01	2.627501197525128895e-01	1.577576576667881758e-01	7.292086248056230124e-02	3.264642501647632700e-02	8.034660802035996363e-02
1.269914681084511813e+03	2.385968138978574182e-01	1.546730079646159717e-01	2.628796382978983437e-01	1.578344289883584217e-01	7.295065086665170062e-02	3.266967938586362585e-02	8.039578059842109048e-02
1.271366012148608434e+03	2.384109723699227301e-01	1.545508672484329771e-01	2.630089355287038022e-01	1.579110619448749753e-01	7.298041318331936755e-02	3.269288825703988571e-02	8.044486146737284127e-02
1.272817343212705055e+03	2.382254491732148927e-01	1.544289302714996759e-01	2.631380118119872047e-01	1.579875567937747138e-01	7.301014937861938225e-02	3.271605174627862517e-02	8.049385082429211247e-02
1.274268674276801676e+03	2.380402437652883174e-01	1.543071966918503346e-01	2.632668675142249559e-01	1.580639137921996396e-01	7.303985940106730301e-02	3.273916996933365353e-02	8.054274886570242376e-02
1.275720005340898297e+03	2.378553556046074657e-01	1.541856661680946483e-01	2.633955030013124810e-01	1.581401331969939650e-01	7.306954319963825106e-02	3.276224304144333133e-02	8.059155578757651317e-02
1.277171336404994690e+03	2.376707841505455443e-01	1.540643383594169080e-01	2.635239186385650023e-01	1.582162152647006992e-01	7.309920072376493994e-02	3.278527107733471280e-02	8.064027178533882123e-02
1.278622667469091539e+03	2.374865288633830895e-01	1.539432129255750292e-01	2.636521147907182616e-01	1.582921602515589277e-01	7.312883192333563542e-02	3.280825419122770925e-02	8.068889705386801670e-02
1.280073998533187932e+03	2.373025892043068019e-01	1.538222895268995249e-01	2.637800918219290192e-01	1.583679684135005650e-01	7.315843674869217106e-02	3.283119249683914831e-02	8.073743178749950844e-02
1.281525329597284326e+03	2.371189646354080194e-01	1.537015678242925620e-01	2.639078500957758866e-01	1.584436400061475236e-01	7.318801515062804686e-02	3.285408610738682622e-02	8.078587618002787407e-02
1.282976660661381175e+03	2.369356546196815239e-01	1.535810474792269065e-01	2.640353899752601041e-01	1.585191752848089386e-01	7.321756708038640316e-02	3.287693513559350467e-02	8.083423042470934405e-02
1.284427991725477568e+03	2.367526586210241812e-01	1.534607281537450907e-01	2.641627118228061510e-01	1.585945745044782529e-01	7.324709248965804997e-02	3.289973969369090062e-02	8.088249471426417481e-02
1.285879322789574417e+03	2.365699761042335258e-01	1.533406095104583033e-01	2.642898160002624119e-01	1.586698379198304421e-01	7.327659133057951024e-02	3.292249989342354438e-02	8.093066924087907732e-02
1.287330653853671038e+03	2.363876065350066225e-01	1.532206912125455289e-01	2.644167028689018428e-01	1.587449657852194052e-01	7.330606355573109079e-02	3.294521584605269310e-02	8.097875419620963189e-02
1.288781984917767431e+03	2.362055493799385397e-01	1.531009729237525208e-01	2.645433727894229703e-01	1.588199583546752724e-01	7.333550911813489781e-02	3.296788766236015411e-02	8.102674977138256407e-02
1.290233315981864052e+03	2.360238041065210179e-01	1.529814543083908296e-01	2.646698261219501691e-01	1.588948158819017686e-01	7.336492797125288012e-02	3.299051545265205970e-02	8.107465615699817330e-02
