1.001418434226643626e+03	2.790702325463224609e-01	1.811668382226767904e-01	2.347564913170065715e-01	1.410249473429228406e-01	6.703561194405525947e-02	2.750748652846676454e-02	6.943839209821227321e-02
1.003837319333471214e+03	2.786447167719640072e-01	1.808898302804228808e-01	2.350522732305869722e-01	1.412024739272909335e-01	6.709071851040038226e-02	2.756518075092951464e-02	6.955480652806821096e-02
1.006256204440298802e+03	2.782204109726466590e-01	1.806135937642393552e-01	2.353472172686084107e-01	1.413794992330574818e-01	6.714583275507825244e-02	2.762261589005758286e-02	6.967083011597505204e-02
1.008675089547126618e+03	2.777973118110327322e-01	1.803381265181781545e-01	2.356413253467072311e-01	1.415560238963035899e-01	6.720095325235012074e-02	2.767979424888904541e-02	6.978646492620185771e-02
1.011093974653954206e+03	2.773754159573522116e-01	1.800634263920922462e-01	2.359345993828197707e-01	1.417320485766696836e-01	6.725607859537735544e-02	2.773671810089683651e-02	6.990171299445460673e-02
1.013512859760782021e+03	2.769547200894210692e-01	1.797894912416237723e-01	2.362270412970611244e-01	1.419075739565522076e-01	6.731120739599923131e-02	2.779338969038393573e-02	7.001657632862141878e-02
1.015931744867609382e+03	2.765352208926579181e-01	1.795163189281924754e-01	2.365186530116060171e-01	1.420826007403245550e-01	6.736633828451303596e-02	2.784981123287388893e-02	7.013105690949479609e-02
1.018350629974437197e+03	2.761169150601004429e-01	1.792439073189839027e-01	2.368094364505714533e-01	1.422571296535820040e-01	6.742146990945634133e-02	2.790598491549665938e-02	7.024515669147182728e-02
1.020769515081264785e+03	2.756997992924203333e-01	1.789722542869377209e-01	2.370993935399010599e-01	1.424311614424093042e-01	6.747660093739150933e-02	2.796191289736985400e-02	7.035887760323285278e-02
1.023188400188092373e+03	2.752838702979375496e-01	1.787013577107357809e-01	2.373885262072513991e-01	1.426046968726706055e-01	6.753173005269248741e-02	2.801759730997537348e-02	7.047222154839945241e-02
1.025607285294920075e+03	2.748691247926335901e-01	1.784312154747901835e-01	2.376768363818802521e-01	1.427777367293208699e-01	6.758685595733381068e-02	2.807304025753149315e-02	7.058519040617237950e-02
1.028026170401747549e+03	2.744555595001642034e-01	1.781618254692315939e-01	2.379643259945364853e-01	1.429502818157381006e-01	6.764197737068174121e-02	2.812824381736042656e-02	7.069778603194995514e-02
1.030445055508575479e+03	2.740431711518707125e-01	1.778931855898972514e-01	2.382509969773517755e-01	1.431223329530759147e-01	6.769709302928766936e-02	2.818321004025141005e-02	7.081001025792771353e-02
1.032863940615402726e+03	2.736319564867911724e-01	1.776252937383188957e-01	2.385368512637340010e-01	1.432938909796355187e-01	6.775220168668370790e-02	2.823794095081933256e-02	7.092186489367977020e-02
1.035282825722230655e+03	2.732219122516701404e-01	1.773581478217109153e-01	2.388218907882625197e-01	1.434649567502568335e-01	6.780730211318045098e-02	2.829243854785896267e-02	7.103335172672253783e-02
1.037701710829058356e+03	2.728130352009681125e-01	1.770917457529583572e-01	2.391061174865849737e-01	1.436355311357278841e-01	6.786239309566684252e-02	2.834670480469479031e-02	7.114447252306135838e-02
1.040120595935886058e+03	2.724053220968701283e-01	1.768260854506047142e-01	2.393895332953159816e-01	1.438056150222120910e-01	6.791747343741229292e-02	2.840074166952653162e-02	7.125522902772056522e-02
1.042539481042713533e+03	2.719987697092933199e-01	1.765611648388401012e-01	2.396721401519373296e-01	1.439752093106928255e-01	6.797254195787089115e-02	2.845455106577035251e-02	7.136562296525751636e-02
1.044958366149541234e+03	2.715933748158942951e-01	1.762969818474889594e-01	2.399539399946996887e-01	1.441443149164346738e-01	6.802759749248775412e-02	2.850813489239580403e-02	7.147565604026114017e-02
1.047377251256368709e+03	2.711891342020755213e-01	1.760335344119980661e-01	2.402349347625262754e-01	1.443129327684609942e-01	6.808263889250745771e-02	2.856149502425855621e-02	7.158532993783543741e-02
1.049796136363196410e+03	2.707860446609909322e-01	1.757708204734243218e-01	2.405151263949179552e-01	1.444810638090470722e-01	6.813766502478467435e-02	2.861463331242893732e-02	7.169464632406838400e-02
1.052215021470024112e+03	2.703841029935512563e-01	1.755088379784226771e-01	2.407945168318597062e-01	1.446487089932287085e-01	6.819267477159675350e-02	2.866755158451632021e-02	7.180360684648674774e-02
1.054633906576851814e+03	2.699833060084284586e-01	1.752475848792338364e-01	2.410731080137290816e-01	1.448158692883254883e-01	6.824766703045849481e-02	2.872025164498941824e-02	7.191221313449734642e-02
1.057052791683679516e+03	2.695836505220595702e-01	1.749870591336721015e-01	2.413509018812057261e-01	1.449825456734782358e-01	6.830264071393893355e-02	2.877273527549249754e-02	7.202046679981499722e-02
1.059471676790506763e+03	2.691851333586499639e-01	1.747272587051132420e-01	2.416279003751827803e-01	1.451487391392006499e-01	6.835759474948018000e-02	2.882500423515756832e-02	7.212836943687769842e-02
1.061890561897334692e+03	2.687877513501761295e-01	1.744681815624820331e-01	2.419041054366795618e-01	1.453144506869440966e-01	6.841252807921825718e-02	2.887706026091257927e-02	7.223592262324933511e-02
1.064309447004162394e+03	2.683915013363878943e-01	1.742098256802402656e-01	2.421795190067557724e-01	1.454796813286757251e-01	6.846743965980607582e-02	2.892890506778567419e-02	7.234312792001054704e-02
1.066728332110990095e+03	2.679963801648100330e-01	1.739521890383741443e-01	2.424541430264272046e-01	1.456444320864689057e-01	6.852232846223822726e-02	2.898054034920551428e-02	7.244998687213786981e-02
1.069147217217817570e+03	2.676023846907432113e-01	1.736952696223822978e-01	2.427279794365828358e-01	1.458087039921062977e-01	6.857719347167791357e-02	2.903196777729776662e-02	7.255650100887153786e-02
1.071566102324645271e+03	2.672095117772647077e-01	1.734390654232632889e-01	2.430010301779033377e-01	1.459724980866944355e-01	6.863203368728580667e-02	2.908318900317770003e-02	7.266267184407255997e-02
1.073984987431472746e+03	2.668177582952284688e-01	1.731835744375032626e-01	2.432732971907810293e-01	1.461358154202901660e-01	6.868684812205076706e-02	2.913420565723904773e-02	7.276850087656908106e-02
1.076403872538300675e+03	2.664271211232647207e-01	1.729287946670636789e-01	2.435447824152411067e-01	1.462986570515380225e-01	6.874163580262268591e-02	2.918501934943908832e-02	7.287398959049257163e-02
1.078822757645127922e+03	2.660375971477789703e-01	1.726747241193689886e-01	2.438154877908642604e-01	1.464610240473185054e-01	6.879639576914704791e-02	2.923563166958000059e-02	7.297913945560413618e-02
1.081241642751955851e+03	2.656491832629508942e-01	1.724213608072941439e-01	2.440854152567106528e-01	1.466229174824068837e-01	6.885112707510157581e-02	2.928604418758657540e-02	7.308395192761119041e-02
1.083660527858783553e+03	2.652618763707322858e-01	1.721687027491522470e-01	2.443545667512453945e-01	1.467843384391422368e-01	6.890582878713465143e-02	2.933625845378024649e-02	7.318842844847484042e-02
1.086079412965611255e+03	2.648756733808451114e-01	1.719167479686821987e-01	2.446229442122648812e-01	1.469452880071062117e-01	6.896049998490562383e-02	2.938627599914957200e-02	7.329257044670828281e-02
1.088498298072438729e+03	2.644905712107787354e-01	1.716654944950363193e-01	2.448905495768248231e-01	1.471057672828114393e-01	6.901513976092701896e-02	2.943609833561712519e-02	7.339637933766643418e-02
1.090917183179266431e+03	2.641065667857869226e-01	1.714149403627677204e-01	2.451573847811693574e-01	1.472657773693993033e-01	6.906974722040855330e-02	2.948572695630286358e-02	7.349985652382716450e-02
1.093336068286093905e+03	2.637236570388843404e-01	1.711650836118181751e-01	2.454234517606613819e-01	1.474253193763465086e-01	6.912432148110297936e-02	2.953516333578404263e-02	7.360300339506438416e-02
1.095754953392921607e+03	2.633418389108428403e-01	1.709159222875054063e-01	2.456887524497143316e-01	1.475843944191806978e-01	6.917886167315374923e-02	2.958440893035166677e-02	7.370582132891308202e-02
1.098173838499749309e+03	2.629611093501871832e-01	1.706674544405108462e-01	2.459532887817248159e-01	1.477430036192041996e-01	6.923336693894445448e-02	2.963346517826353013e-02	7.380831169082674448e-02
1.100592723606577010e+03	2.625814653131904319e-01	1.704196781268670913e-01	2.462170626890067826e-01	1.479011481032261599e-01	6.928783643295000072e-02	2.968233349999391951e-02	7.391047583442740543e-02
1.103011608713404712e+03	2.622029037638690663e-01	1.701725914079453839e-01	2.464800761027266807e-01	1.480588290033026666e-01	6.934226932158962797e-02	2.973101529847995556e-02	7.401231510174834105e-02
1.105430493820231959e+03	2.618254216739779316e-01	1.699261923504432614e-01	2.467423309528398168e-01	1.482160474564844510e-01	6.939666478308159636e-02	2.977951195936466219e-02	7.411383082346999218e-02
1.107849378927059888e+03	2.614490160230042437e-01	1.696804790263720386e-01	2.470038291680279052e-01	1.483728046045721949e-01	6.945102200729962039e-02	2.982782485123679564e-02	7.421502431914890618e-02
1.110268264033887590e+03	2.610736837981620373e-01	1.694354495130441784e-01	2.472645726756377005e-01	1.485291015938791648e-01	6.950534019563096855e-02	2.987595532586742597e-02	7.431589689744022564e-02
1.112687149140715292e+03	2.606994219943856717e-01	1.691911018930611077e-01	2.475245634016206564e-01	1.486849395750006742e-01	6.955961856083633932e-02	2.992390471844336153e-02	7.441644985631386267e-02
1.115106034247542766e+03	2.603262276143233911e-01	1.689474342543005048e-01	2.477838032704740012e-01	1.488403197025905678e-01	6.961385632691131919e-02	2.997167434779743692e-02	7.451668448326444205e-02
1.117524919354370468e+03	2.599540976683304416e-01	1.687044446899038097e-01	2.480422942051825064e-01	1.489952431351442563e-01	6.966805272894954770e-02	3.001926551663568199e-02	7.461660205551538805e-02
1.119943804461197942e+03	2.595830291744620211e-01	1.684621312982638452e-01	2.483000381271614210e-01	1.491497110347882182e-01	6.972220701300749224e-02	3.006667951176142384e-02	7.471620384021711303e-02
1.122362689568025871e+03	2.592130191584658405e-01	1.682204921830122435e-01	2.485570369562008497e-01	1.493037245670756907e-01	6.977631843597084660e-02	3.011391760429638423e-02	7.481549109463965508e-02
1.124781574674853118e+03	2.588440646537743528e-01	1.679795254530069282e-01	2.488132926104104636e-01	1.494572849007884952e-01	6.983038626542253935e-02	3.016098104989874823e-02	7.491446506636000036e-02
1.127200459781681047e+03	2.584761627014967034e-01	1.677392292223197079e-01	2.490688070061658210e-01	1.496103932077446075e-01	6.988440977951237976e-02	3.020787108897827686e-02	7.501312699344399315e-02
1.129619344888508749e+03	2.581093103504107922e-01	1.674996016102237029e-01	2.493235820580554929e-01	1.497630506626116409e-01	6.993838826682810539e-02	3.025458894690851927e-02	7.511147810462322216e-02
1.132038229995336451e+03	2.577435046569545585e-01	1.672606407411807994e-01	2.495776196788291046e-01	1.499152584427256296e-01	6.999232102626826157e-02	3.030113583423612450e-02	7.520951961946696629e-02
1.134457115102163925e+03	2.573787426852174320e-01	1.670223447448292986e-01	2.498309217793464876e-01	1.500670177279151696e-01	7.004620736691630212e-02	3.034751294688728049e-02	7.530725274854947748e-02
1.136876000208991627e+03	2.570150215069312849e-01	1.667847117559712600e-01	2.500834902685276084e-01	1.502183297003310269e-01	7.010004660791649411e-02	3.039372146637136715e-02	7.540467869361233699e-02
1.139294885315819101e+03	2.566523382014612720e-01	1.665477399145600668e-01	2.503353270533038577e-01	1.503691955442805483e-01	7.015383807835111341e-02	3.043976255998180613e-02	7.550179864772264826e-02
1.141713770422646803e+03	2.562906898557965052e-01	1.663114273656879638e-01	2.505864340385695610e-01	1.505196164460671227e-01	7.020758111711929150e-02	3.048563738099415235e-02	7.559861379542667792e-02
1.144132655529474505e+03	2.559300735645401725e-01	1.660757722595735120e-01	2.508368131271352941e-01	1.506695935938341946e-01	7.026127507281716700e-02	3.053134706886149324e-02	7.569512531289936119e-02
1.146551540636302207e+03	2.555704864299001011e-01	1.658407727515490704e-01	2.510864662196813368e-01	1.508191281774141357e-01	7.031491930361968845e-02	3.057689274940713839e-02	7.579133436808965785e-02
1.148970425743129908e+03	2.552119255616783211e-01	1.656064270020485008e-01	2.513353952147124870e-01	1.509682213881814450e-01	7.036851317716369403e-02	3.062227553501468275e-02	7.588724212086200849e-02
1.151389310849957155e+03	2.548543880772610737e-01	1.653727331765943720e-01	2.515836020085134850e-01	1.511168744189103352e-01	7.042205607043243443e-02	3.066749652481543659e-02	7.598284972313393282e-02
1.153808195956785084e+03	2.544978711016083195e-01	1.651396894457857201e-01	2.518310884951056594e-01	1.512650884636365378e-01	7.047554736964166400e-02	3.071255680487328110e-02	7.607815831900983927e-02
1.156227081063612786e+03	2.541423717672431359e-01	1.649072939852855302e-01	2.520778565662039061e-01	1.514128647175232434e-01	7.052898647012691147e-02	3.075745744836697743e-02	7.617316904491133744e-02
1.158645966170440488e+03	2.537878872142407261e-01	1.646755449758082190e-01	2.523239081111750548e-01	1.515602043767308449e-01	7.058237277623222172e-02	3.080219951576992563e-02	7.626788302970401168e-02
1.161064851277267962e+03	2.534344145902178158e-01	1.644444406031071448e-01	2.525692450169966796e-01	1.517071086382908163e-01	7.063570570120032699e-02	3.084678405502749160e-02	7.636230139482068358e-02
1.163483736384095664e+03	2.530819510503211633e-01	1.642139790579621728e-01	2.528138691682170203e-01	1.518535786999831716e-01	7.068898466706401151e-02	3.089121210173181517e-02	7.645642525438157977e-02
1.165902621490923138e+03	2.527304937572162902e-01	1.639841585361673792e-01	2.530577824469152914e-01	1.519996157602174214e-01	7.074220910453896116e-02	3.093548467929425200e-02	7.655025571531125228e-02
1.168321506597751068e+03	2.523800398810761569e-01	1.637549772385183122e-01	2.533009867326634357e-01	1.521452210179174147e-01	7.079537845291783427e-02	3.097960279911536954e-02	7.664379387745226535e-02
1.170740391704578315e+03	2.520305865995693950e-01	1.635264333707998619e-01	2.535434839024878761e-01	1.522903956724092900e-01	7.084849215996562311e-02	3.102356746075262892e-02	7.673704083367606510e-02
1.173159276811406244e+03	2.516821310978485937e-01	1.632985251437735763e-01	2.537852758308328238e-01	1.524351409233128951e-01	7.090154968181637540e-02	3.106737965208568319e-02	7.682999766999086544e-02
1.175578161918233945e+03	2.513346705685381433e-01	1.630712507731653937e-01	2.540263643895235290e-01	1.525794579704363996e-01	7.095455048287112321e-02	3.111104034947942756e-02	7.692266546564675844e-02
1.177997047025061647e+03	2.509882022117224665e-01	1.628446084796531523e-01	2.542667514477312540e-01	1.527233480136739874e-01	7.100749403569710239e-02	3.115455051794472838e-02	7.701504529323802140e-02
1.180415932131889122e+03	2.506427232349335843e-01	1.626185964888542668e-01	2.545064388719380233e-01	1.528668122529068529e-01	7.106037982092819338e-02	3.119791111129694566e-02	7.710713821880280094e-02
1.182834817238716823e+03	2.502982308531389588e-01	1.623932130313132383e-01	2.547454285259027063e-01	1.530098518879067226e-01	7.111320732716659709e-02	3.124112307231221089e-02	7.719894530192029924e-02
1.185253702345544298e+03	2.499547222887285314e-01	1.621684563424893311e-01	2.549837222706275996e-01	1.531524681182426517e-01	7.116597605088569034e-02	3.128418733288153286e-02	7.729046759580536496e-02
1.187672587452371999e+03	2.496121947715027323e-01	1.619443246627441935e-01	2.552213219643257869e-01	1.532946621431903744e-01	7.121868549633417200e-02	3.132710481416276643e-02	7.738170614740069730e-02
1.190091472559199701e+03	2.492706455386592412e-01	1.617208162373294511e-01	2.554582294623890526e-01	1.534364351616444577e-01	7.127133517544127772e-02	3.136987642673041976e-02	7.747266199746676019e-02
1.192510357666027403e+03	2.489300718347804420e-01	1.614979293163744112e-01	2.556944466173567410e-01	1.535777883720330639e-01	7.132392460772320197e-02	3.141250307072335907e-02	7.756333618066939273e-02
1.194929242772855105e+03	2.485904709118202383e-01	1.612756621548736835e-01	2.559299752788850024e-01	1.537187229722351833e-01	7.137645332019075528e-02	3.145498563599048725e-02	7.765372972566517151e-02
1.197348127879682352e+03	2.482518400290910920e-01	1.610540130126748293e-01	2.561648172937169288e-01	1.538592401595005321e-01	7.142892084725806223e-02	3.149732500223431653e-02	7.774384365518470508e-02
1.199767012986510281e+03	2.479141764532507841e-01	1.608329801544660931e-01	2.563989745056531877e-01	1.539993411303716697e-01	7.148132673065238363e-02	3.153952203915256353e-02	7.783367898611373570e-02
1.202185898093337983e+03	2.475774774582890914e-01	1.606125618497640795e-01	2.566324487555233791e-01	1.541390270806085872e-01	7.153367051932517373e-02	3.158157760657775287e-02	7.792323672957240932e-02
1.204604783200165684e+03	2.472417403255143531e-01	1.603927563729013461e-01	2.568652418811578353e-01	1.542782992051155155e-01	7.158595176936409510e-02	3.162349255461480158e-02	7.801251789099244993e-02
1.207023668306993159e+03	2.469069623435400096e-01	1.601735620030143858e-01	2.570973557173606983e-01	1.544171586978699273e-01	7.163817004390618526e-02	3.166526772377673687e-02	7.810152347019244656e-02
1.209442553413820860e+03	2.465731408082710296e-01	1.599549770240310531e-01	2.573287920958825525e-01	1.545556067518537025e-01	7.169032491305216137e-02	3.170690394511846422e-02	7.819025446145141944e-02
1.211861438520648335e+03	2.462402730228901715e-01	1.597369997246584072e-01	2.575595528453945571e-01	1.546936445589864872e-01	7.174241595378164082e-02	3.174840204036862706e-02	7.827871185358041550e-02
1.214280323627476264e+03	2.459083562978442161e-01	1.595196283983706109e-01	2.577896397914628546e-01	1.548312733100608296e-01	7.179444274986954144e-02	3.178976282205964871e-02	7.836689662999252182e-02
1.216699208734303511e+03	2.455773879508300894e-01	1.593028613433965512e-01	2.580190547565235359e-01	1.549684941946794792e-01	7.184640489180342537e-02	3.183098709365592138e-02	7.845480976877119983e-02
1.219118093841131440e+03	2.452473653067808734e-01	1.590866968627076827e-01	2.582477995598581044e-01	1.551053084011946026e-01	7.189830197670199485e-02	3.187207564968012885e-02	7.854245224273684323e-02
1.221536978947959142e+03	2.449182856978518452e-01	1.588711332640056761e-01	2.584758760175697168e-01	1.552417171166486920e-01	7.195013360823442061e-02	3.191302927583787585e-02	7.862982501951193415e-02
1.223955864054786844e+03	2.445901464634063494e-01	1.586561688597105113e-01	2.587032859425598685e-01	1.553777215267175549e-01	7.200189939654082216e-02	3.195384874914048573e-02	7.871692906158456182e-02
1.226374749161614318e+03	2.442629449500015038e-01	1.584418019669480704e-01	2.589300311445056901e-01	1.555133228156547476e-01	7.205359895815363624e-02	3.199453483802605636e-02	7.880376532637042852e-02
1.228793634268442020e+03	2.439366785113740721e-01	1.582280309075380642e-01	2.591561134298376312e-01	1.556485221662379237e-01	7.210523191592004000e-02	3.203508830247884381e-02	7.889033476627346775e-02
1.231212519375269494e+03	2.436113445084260587e-01	1.580148540079819031e-01	2.593815346017179779e-01	1.557833207597167646e-01	7.215679789892523455e-02	3.207550989414689052e-02	7.897663832874507461e-02
1.233631404482097196e+03	2.432869403092103866e-01	1.578022695994505675e-01	2.596062964600197032e-01	1.559177197757625200e-01	7.220829654241681106e-02	3.211580035645805048e-02	7.906267695634192072e-02
1.236050289588924898e+03	2.429634632889162704e-01	1.575902760177723683e-01	2.598304008013054833e-01	1.560517203924191576e-01	7.225972748772990784e-02	3.215596042473432142e-02	7.914845158678239512e-02
1.238469174695752372e+03	2.426409108298548667e-01	1.573788716034210944e-01	2.600538494188079919e-01	1.561853237860560684e-01	7.231109038221344987e-02	3.219599082630453246e-02	7.923396315300193504e-02
1.240888059802580301e+03	2.423192803214444802e-01	1.571680547015037455e-01	2.602766441024101374e-01	1.563185311313219916e-01	7.236238487915713780e-02	3.223589228061550516e-02	7.931921258320691337e-02
1.243306944909407548e+03	2.419985691601961864e-01	1.569578236617485134e-01	2.604987866386259121e-01	1.564513436011007730e-01	7.241361063771949158e-02	3.227566549934154233e-02	7.940420080092742972e-02
1.245725830016235477e+03	2.416787747496988992e-01	1.567481768384927365e-01	2.607202788105819069e-01	1.565837623664682321e-01	7.246476732285671296e-02	3.231531118649241113e-02	7.948892872506889418e-02
1.248144715123063179e+03	2.413598945006046881e-01	1.565391125906709369e-01	2.609411223979989924e-01	1.567157885966505015e-01	7.251585460525240834e-02	3.235483003851978567e-02	7.957339726996248697e-02
1.250563600229890881e+03	2.410419258306139845e-01	1.563306292818026910e-01	2.611613191771746667e-01	1.568474234589836425e-01	7.256687216124821371e-02	3.239422274442214228e-02	7.965760734541441068e-02
1.252982485336718355e+03	2.407248661644606491e-01	1.561227252799807230e-01	2.613808709209660130e-01	1.569786681188746480e-01	7.261781967277533556e-02	3.243348998584819065e-02	7.974155985675424052e-02
1.255401370443546057e+03	2.404087129338970952e-01	1.559153989578589139e-01	2.615997793987726583e-01	1.571095237397635291e-01	7.266869682728678559e-02	3.247263243719879927e-02	7.982525570488205324e-02
1.257820255550373531e+03	2.400934635776793558e-01	1.557086486926402558e-01	2.618180463765206745e-01	1.572399914830867329e-01	7.271950331769065634e-02	3.251165076572748447e-02	7.990869578631464021e-02
1.260239140657201460e+03	2.397791155415520403e-01	1.555024728660651112e-01	2.620356736166466471e-01	1.573700725082417262e-01	7.277023884228406292e-02	3.255054563163947007e-02	7.999188099323073509e-02
1.262658025764028707e+03	2.394656662782333745e-01	1.552968698643990564e-01	2.622526628780822988e-01	1.574997679725527178e-01	7.282090310468794514e-02	3.258931768818929681e-02	8.007481221351515910e-02
1.265076910870856636e+03	2.391531132473999621e-01	1.550918380784211126e-01	2.624690159162392789e-01	1.576290790312374346e-01	7.287149581378274399e-02	3.262796758177707868e-02	8.015749033080221686e-02
1.267495795977684338e+03	2.388414539156717697e-01	1.548873759034118947e-01	2.626847344829949527e-01	1.577580068373751476e-01	7.292201668364475808e-02	3.266649595204334372e-02	8.023991622451802364e-02
1.269914681084511813e+03	2.385306857565968885e-01	1.546834817391415651e-01	2.628998203266778022e-01	1.578865525418756133e-01	7.297246543348338832e-02	3.270490343196253563e-02	8.032209076992206931e-02
1.272333566191339514e+03	2.382208062506364354e-01	1.544801539898581766e-01	2.631142751920539924e-01	1.580147172934490696e-01	7.302284178757913191e-02	3.274319064793519002e-02	8.040401483814783867e-02
1.274752451298167216e+03	2.379118128851492320e-01	1.542773910642757929e-01	2.633281008203138818e-01	1.581425022385771761e-01	7.307314547522232584e-02	3.278135821987875065e-02	8.048568929624264068e-02
1.277171336404994690e+03	2.376037031543765388e-01	1.540751913755625535e-01	2.635412989490591995e-01	1.582699085214851475e-01	7.312337623065262582e-02	3.281940676131712975e-02	8.056711500720660502e-02
1.279590221511822392e+03	2.372964745594267344e-01	1.538735533413290724e-01	2.637538713122902223e-01	1.583969372841145529e-01	7.317353379299931793e-02	3.285733687946894299e-02	8.064829283003097093e-02
1.282009106618650094e+03	2.369901246082600776e-01	1.536724753836165303e-01	2.639658196403937285e-01	1.585235896660972255e-01	7.322361790622224087e-02	3.289514917533448851e-02	8.072922361973548788e-02
1.284427991725477568e+03	2.366846508156732753e-01	1.534719559288850177e-01	2.641771456601312851e-01	1.586498668047299776e-01	7.327362831905356866e-02	3.293284424378151859e-02	8.080990822740515001e-02
1.286846876832305497e+03	2.363800507032841336e-01	1.532719934080016277e-01	2.643878510946275906e-01	1.587757698349502311e-01	7.332356478494023166e-02	3.297042267362972762e-02	8.089034750022616738e-02
1.289265761939132744e+03	2.360763217995161256e-01	1.530725862562290207e-01	2.645979376633595948e-01	1.589012998893124806e-01	7.337342706198707321e-02	3.300788504773402576e-02	8.097054228152132660e-02
1.291684647045960673e+03	2.357734616395829874e-01	1.528737329132135447e-01	2.648074070821455628e-01	1.590264580979655895e-01	7.342321491290072777e-02	3.304523194306666078e-02	8.105049341078449099e-02
1.294103532152788375e+03	2.354714677654731747e-01	1.526754318229735785e-01	2.650162610631350835e-01	1.591512455886308353e-01	7.347292810493412374e-02	3.308246393079812553e-02	8.113020172371465666e-02
1.296522417259616077e+03	2.351703377259344308e-01	1.524776814338878739e-01	2.652245013147986330e-01	1.592756634865808152e-01	7.352256640983173552e-02	3.311958157637691358e-02	8.120966805224912044e-02
1.298941302366443551e+03	2.348700690764584098e-01	1.522804801986840095e-01	2.654321295419180826e-01	1.593997129146190739e-01	7.357212960377551569e-02	3.315658543960812304e-02	8.128889322459627309e-02
1.301360187473271253e+03	2.345706593792649397e-01	1.520838265744267337e-01	2.656391474455774837e-01	1.595233949930604245e-01	7.362161746733145162e-02	3.319347607473092931e-02	8.136787806526754596e-02
1.303779072580098727e+03	2.342721062032866730e-01	1.518877190225063345e-01	2.658455567231537420e-01	1.596467108397121304e-01	7.367102978539676050e-02	3.323025403049491983e-02	8.144662339510892746e-02
1.306197957686926657e+03	2.339744071241534051e-01	1.516921560086271215e-01	2.660513590683082907e-01	1.597696615698555866e-01	7.372036634714781989e-02	3.326691985023539494e-02	8.152513003133184111e-02
1.308616842793753904e+03	2.336775597241766422e-01	1.514971360027959069e-01	2.662565561709784867e-01	1.598922482962288893e-01	7.376962694598868109e-02	3.330347407194752390e-02	8.160339878754339915e-02
1.311035727900581833e+03	2.333815615923337805e-01	1.513026574793103762e-01	2.664611497173695609e-01	1.600144721290098770e-01	7.381881137950020710e-02	3.333991722835944610e-02	8.168143047377619814e-02
1.313454613007409534e+03	2.330864103242528684e-01	1.511087189167477085e-01	2.666651413899471246e-01	1.601363341757999492e-01	7.386791944938986276e-02	3.337624984700431757e-02	8.175922589651758721e-02
1.315873498114237009e+03	2.327921035221966750e-01	1.509153187979530020e-01	2.668685328674294532e-01	1.602578355416084677e-01	7.391695096144211552e-02	3.341247245029134449e-02	8.183678585873828404e-02
1.318292383221064711e+03	2.324986387950472300e-01	1.507224556100278945e-01	2.670713258247804367e-01	1.603789773288378517e-01	7.396590572546943299e-02	3.344858555557576191e-02	8.191411115992064396e-02
1.320711268327892412e+03	2.322060137582901418e-01	1.505301278443190172e-01	2.672735219332029732e-01	1.604997606372690344e-01	7.401478355526390496e-02	3.348458967522781327e-02	8.199120259608637384e-02
1.323130153434719887e+03	2.319142260339990269e-01	1.503383339964066701e-01	2.674751228601318642e-01	1.606201865640478066e-01	7.406358426854942056e-02	3.352048531670072384e-02	8.206806095982371874e-02
1.325549038541547588e+03	2.316232732508198278e-01	1.501470725660934147e-01	2.676761302692280964e-01	1.607402562036714111e-01	7.411230768693448379e-02	3.355627298259773045e-02	8.214468704031421820e-02
1.327967923648375290e+03	2.313331530439551864e-01	1.499563420573925832e-01	2.678765458203726246e-01	1.608599706479760805e-01	7.416095363586554245e-02	3.359195317073809112e-02	8.222108162335904635e-02
1.330386808755202765e+03	2.310438630551486516e-01	1.497661409785171760e-01	2.680763711696607099e-01	1.609793309861246302e-01	7.420952194458098339e-02	3.362752637422217888e-02	8.229724549140481071e-02
1.332805693862030694e+03	2.307554009326691913e-01	1.495764678418683158e-01	2.682756079693963125e-01	1.610983383045949402e-01	7.425801244606555773e-02	3.366299308149563185e-02	8.237317942356908729e-02
1.335224578968857941e+03	2.304677643312955104e-01	1.493873211640239784e-01	2.684742578680873737e-01	1.612169936871688802e-01	7.430642497700548632e-02	3.369835377641255264e-02	8.244888419566527571e-02
1.337643464075685870e+03	2.301809509123002584e-01	1.491986994657277521e-01	2.686723225104402091e-01	1.613352982149215409e-01	7.435475937774406463e-02	3.373360893829782658e-02	8.252436058022735721e-02
1.340062349182513572e+03	2.298949583434345134e-01	1.490106012718775963e-01	2.688698035373554562e-01	1.614532529662111582e-01	7.440301549223779509e-02	3.376875904200850320e-02	8.259960934653394482e-02
1.342481234289341273e+03	2.296097842989119620e-01	1.488230251115145453e-01	2.690667025859234118e-01	1.615708590166694270e-01	7.445119316801306064e-02	3.380380455799434497e-02	8.267463126063219481e-02
1.344900119396168748e+03	2.293254264593933278e-01	1.486359695178115226e-01	2.692630212894198682e-01	1.616881174391922582e-01	7.449929225612336725e-02	3.383874595235741856e-02	8.274942708536117686e-02
1.347319004502996449e+03	2.290418825119706348e-01	1.484494330280621277e-01	2.694587612773023388e-01	1.618050293039308973e-01	7.454731261110705831e-02	3.387358368691091581e-02	8.282399758037493898e-02
1.349737889609823924e+03	2.287591501501516078e-01	1.482634141836695063e-01	2.696539241752061722e-01	1.619215956782837362e-01	7.459525409094555637e-02	3.390831821923705192e-02	8.289834350216521153e-02
1.352156774716651853e+03	2.284772270738439359e-01	1.480779115301351367e-01	2.698485116049413879e-01	1.620378176268882919e-01	7.464311655702213222e-02	3.394295000274417246e-02	8.297246560408377825e-02
1.354575659823479100e+03	2.281961109893396178e-01	1.478929236170477279e-01	2.700425251844892904e-01	1.621536962116135738e-01	7.469089987408115972e-02	3.397747948672300705e-02	8.304636463636437538e-02
1.356994544930307029e+03	2.279157996092992799e-01	1.477084489980722559e-01	2.702359665279996381e-01	1.622692324915531170e-01	7.473860391018788407e-02	3.401190711640210418e-02	8.312004134614450757e-02
1.359413430037134731e+03	2.276362906527365781e-01	1.475244862309386396e-01	2.704288372457876455e-01	1.623844275230181544e-01	7.478622853668863424e-02	3.404623333300249577e-02	8.319349647748665311e-02
1.361832315143962205e+03	2.273575818450024877e-01	1.473410338774308326e-01	2.706211389443317072e-01	1.624992823595312885e-01	7.483377362817153489e-02	3.408045857379156385e-02	8.326673077139933044e-02
1.364251200250789907e+03	2.270796709177697048e-01	1.471580905033758047e-01	2.708128732262710114e-01	1.626137980518204684e-01	7.488123906242775962e-02	3.411458327213607450e-02	8.333974496585784542e-02
1.366670085357617609e+03	2.268025556090168537e-01	1.469756546786324392e-01	2.710040416904034855e-01	1.627279756478134665e-01	7.492862472041315891e-02	3.414860785755451794e-02	8.341253979582466394e-02
1.369088970464445310e+03	2.265262336630131101e-01	1.467937249770806529e-01	2.711946459316838531e-01	1.628418161926323826e-01	7.497593048621042922e-02	3.418253275576864370e-02	8.348511599326950694e-02
1.371507855571272785e+03	2.262507028303022694e-01	1.466122999766103496e-01	2.713846875412219140e-01	1.629553207285888705e-01	7.502315624699172625e-02	3.421635838875426716e-02	8.355747428718918179e-02
1.373926740678100487e+03	2.259759608676873699e-01	1.464313782591105395e-01	2.715741681062811552e-01	1.630684902951794746e-01	7.507030189298161127e-02	3.425008517479131986e-02	8.362961540362714996e-02
1.376345625784927961e+03	2.257020055382149282e-01	1.462509584104583760e-01	2.717630892102773643e-01	1.631813259290813278e-01	7.511736731742063577e-02	3.428371352851322662e-02	8.370154006569276162e-02
1.378764510891755890e+03	2.254288346111593677e-01	1.460710390205083031e-01	2.719514524327777405e-01	1.632938286641482106e-01	7.516435241652923149e-02	3.431724386095548474e-02	8.377324899358028210e-02
1.381183395998583137e+03	2.251564458620074205e-01	1.458916186830812034e-01	2.721392593494998402e-01	1.634059995314068037e-01	7.521125708947212773e-02	3.435067657960361870e-02	8.384474290458761303e-02
1.383602281105411066e+03	2.248848370724426393e-01	1.457126959959534618e-01	2.723265115323108554e-01	1.635178395590535239e-01	7.525808123832308794e-02	3.438401208844039936e-02	8.391602251313472205e-02
1.386021166212238768e+03	2.246140060303296049e-01	1.455342695608461967e-01	2.725132105492272250e-01	1.636293497724511381e-01	7.530482476803017355e-02	3.441725078799236226e-02	8.398708853078196146e-02
1.388440051319066470e+03	2.243439505296985770e-01	1.453563379834145464e-01	2.726993579644142462e-01	1.637405311941262098e-01	7.535148758638136879e-02	3.445039307537570844e-02	8.405794166624797059e-02
1.390858936425893944e+03	2.240746683707298126e-01	1.451788998732367608e-01	2.728849553381859083e-01	1.638513848437665177e-01	7.539806960397066327e-02	3.448343934434149050e-02	8.412858262542748100e-02
1.393277821532721646e+03	2.238061573597381060e-01	1.450019538438035993e-01	2.730700042270047256e-01	1.639619117382187519e-01	7.544457073416444004e-02	3.451638998532014641e-02	8.419901211140878861e-02
1.395696706639549120e+03	2.235384153091571902e-01	1.448254985125073946e-01	2.732545061834824596e-01	1.640721128914865434e-01	7.549099089306843258e-02	3.454924538546543661e-02	8.426923082449108704e-02
1.398115591746377049e+03	2.232714400375242492e-01	1.446495325006315891e-01	2.734384627563798409e-01	1.641819893147288267e-01	7.553732999949493154e-02	3.458200592869765944e-02	8.433923946220145407e-02
1.400534476853204296e+03	2.230052293694644028e-01	1.444740544333398546e-01	2.736218754906075135e-01	1.642915420162582296e-01	7.558358797493043568e-02	3.461467199574633918e-02	8.440903871931175473e-02
1.402953361960032225e+03	2.227397811356753021e-01	1.442990629396656010e-01	2.738047459272265338e-01	1.644007720015399077e-01	7.562976474350373290e-02	3.464724396419219254e-02	8.447862928785525305e-02
1.405372247066859927e+03	2.224750931729115311e-01	1.441245566525012067e-01	2.739870756034493704e-01	1.645096802731904895e-01	7.567586023195427281e-02	3.467972220850857462e-02	8.454801185714304335e-02
1.407791132173687402e+03	2.222111633239692297e-01	1.439505342085876105e-01	2.741688660526407917e-01	1.646182678309773273e-01	7.572187436960103879e-02	3.471210710010227962e-02	8.461718711378024560e-02
1.410210017280515103e+03	2.219479894376705786e-01	1.437769942485034314e-01	2.743501188043191430e-01	1.647265356718179419e-01	7.576780708831164224e-02	3.474439900735375175e-02	8.468615574168206206e-02
1.412628902387342805e+03	2.216855693688485340e-01	1.436039354166546711e-01	2.745308353841574567e-01	1.648344847897796617e-01	7.581365832247191627e-02	3.477659829565670629e-02	8.475491842208957016e-02
1.415047787494170507e+03	2.214239009783312284e-01	1.434313563612641118e-01	2.747110173139851175e-01	1.649421161760795951e-01	7.585942800895581484e-02	3.480870532745720253e-02	8.482347583358540444e-02
1.417466672600997981e+03	2.211629821329266776e-01	1.432592557343607687e-01	2.748906661117894723e-01	1.650494308190845749e-01	7.590511608709567259e-02	3.484072046229214764e-02	8.489182865210914697e-02
1.419885557707825683e+03	2.209028107054074597e-01	1.430876321917693983e-01	2.750697832917173846e-01	1.651564297043115470e-01	7.595072249865279790e-02	3.487264405682720392e-02	8.495997755097260684e-02
1.422304442814653157e+03	2.206433845744951994e-01	1.429164843931000906e-01	2.752483703640773993e-01	1.652631138144280420e-01	7.599624718778846821e-02	3.490447646489417549e-02	8.502792320087496081e-02
1.424723327921481086e+03	2.203847016248453583e-01	1.427458110017378323e-01	2.754264288353417411e-01	1.653694841292527584e-01	7.604169010103524473e-02	3.493621803752786775e-02	8.509566626991761640e-02
1.427142213028308333e+03	2.201267597470318582e-01	1.425756106848320159e-01	2.756039602081480910e-01	1.654755416257565337e-01	7.608705118726862004e-02	3.496786912300237082e-02	8.516320742361895013e-02
1.429561098135136262e+03	2.198695568375317877e-01	1.424058821132861696e-01	2.757809659813023617e-01	1.655812872780633715e-01	7.613233039767897115e-02	3.499943006686685731e-02	8.523054732492890695e-02
1.431979983241963964e+03	2.196130907987101921e-01	1.422366239617474382e-01	2.759574476497809736e-01	1.656867220574515243e-01	7.617752768574394262e-02	3.503090121198081802e-02	8.529768663424343311e-02
1.434398868348791666e+03	2.193573595388046971e-01	1.420678349085964243e-01	2.761334067047335195e-01	1.657918469323551303e-01	7.622264300720103802e-02	3.506228289854883967e-02	8.536462600941864542e-02
1.436817753455619140e+03	2.191023609719103538e-01	1.418995136359367804e-01	2.763088446334851511e-01	1.658966628683654909e-01	7.626767632002062758e-02	3.509357546415482754e-02	8.543136610578505596e-02
1.439236638562446842e+03	2.188480930179643180e-01	1.417316588295849111e-01	2.764837629195396884e-01	1.660011708282329856e-01	7.631262758437923344e-02	3.512477924379576316e-02	8.549790757616136661e-02
1.441655523669274316e+03	2.185945536027307512e-01	1.415642691790596763e-01	2.766581630425824501e-01	1.661053717718689315e-01	7.635749676263313412e-02	3.515589456991495554e-02	8.556425107086834680e-02
1.444074408776102018e+03	2.183417406577855269e-01	1.413973433775722877e-01	2.768320464784833623e-01	1.662092666563474985e-01	7.640228381929223267e-02	3.518692177243482738e-02	8.563039723774250322e-02
1.446493293882929493e+03	2.180896521205012706e-01	1.412308801220159282e-01	2.770054146992999566e-01	1.663128564359080408e-01	7.644698872099435494e-02	3.521786117878919486e-02	8.569634672214944404e-02
1.448912178989757422e+03	2.178382859340319833e-01	1.410648781129556217e-01	2.771782691732809778e-01	1.664161420619573173e-01	7.649161143647975614e-02	3.524871311395513102e-02	8.576210016699739591e-02
1.451331064096585123e+03	2.175876400472980532e-01	1.408993360546181572e-01	2.773506113648694371e-01	1.665191244830720174e-01	7.653615193656593263e-02	3.527947790048429483e-02	8.582765821275029072e-02
1.453749949203412370e+03	2.173377124149711292e-01	1.407342526548817918e-01	2.775224427347062761e-01	1.666218046450013979e-01	7.658061019412272519e-02	3.531015585853388566e-02	8.589302149744090786e-02
1.456168834310240300e+03	2.170885009974590774e-01	1.405696266252662308e-01	2.776937647396342523e-01	1.667241834906699749e-01	7.662498618404778306e-02	3.534074730589709806e-02	8.595819065668379444e-02
1.458587719417068001e+03	2.168400037608908815e-01	1.404054566809224414e-01	2.778645788327009925e-01	1.668262619601804109e-01	7.666927988324222232e-02	3.537125255803311857e-02	8.602316632368810223e-02
1.461006604523895703e+03	2.165922186771016555e-01	1.402417415406227441e-01	2.780348864631634886e-01	1.669280409908165674e-01	7.671349127058664508e-02	3.540167192809675484e-02	8.608794912927025811e-02
1.463425489630723177e+03	2.163451437236176278e-01	1.400784799267505987e-01	2.782046890764917069e-01	1.670295215170466141e-01	7.675762032691739456e-02	3.543200572696757894e-02	8.615253970186650956e-02
1.465844374737550879e+03	2.160987768836411804e-01	1.399156705652906951e-01	2.783739881143728057e-01	1.671307044705262201e-01	7.680166703500310166e-02	3.546225426327865443e-02	8.621693866754537305e-02
1.468263259844378354e+03	2.158531161460358061e-01	1.397533121858188510e-01	2.785427850147149664e-01	1.672315907801021073e-01	7.684563137952146739e-02	3.549241784344487477e-02	8.628114665001997141e-02
1.470682144951206283e+03	2.156081595053112865e-01	1.395914035214921300e-01	2.787110812116517233e-01	1.673321813718153528e-01	7.688951334703643392e-02	3.552249677169085768e-02	8.634516427066017685e-02
1.473101030058033530e+03	2.153639049616087042e-01	1.394299433090388785e-01	2.788788781355466262e-01	1.674324771689051083e-01	7.693331292597546667e-02	3.555249135007847866e-02	8.640899214850471244e-02
1.475519915164861459e+03	2.151203505206856492e-01	1.392689302887487601e-01	2.790461772129971818e-01	1.675324790918121809e-01	7.697703010660719714e-02	3.558240187853393272e-02	8.647263090027310084e-02
1.477938800271689161e+03	2.148774941939011474e-01	1.391083632044629315e-01	2.792129798668395169e-01	1.676321880581830293e-01	7.702066488101932951e-02	3.561222865487449762e-02	8.653608114037751597e-02
1.480357685378516862e+03	2.146353339982011443e-01	1.389482408035640493e-01	2.793792875161531519e-01	1.677316049828734834e-01	7.706421724309672761e-02	3.564197197483483237e-02	8.659934348093456524e-02
1.482776570485344337e+03	2.143938679561034066e-01	1.387885618369664731e-01	2.795451015762654423e-01	1.678307307779529911e-01	7.710768718849983494e-02	3.567163213209292166e-02	8.666241853177684973e-02
