1.001418434226643626e+03	2.790449235428661412e-01	1.811914960173122702e-01	2.347577072295040645e-01	1.410266002281486408e-01	6.704755811321853887e-02	2.750365005646036171e-02	6.942806481215256509e-02
1.002869765290740247e+03	2.787891543506506031e-01	1.810254086915555893e-01	2.349353477657633305e-01	1.411331145954191346e-01	6.708114715797675043e-02	2.753805700989032240e-02	6.949777042840685204e-02
1.004321096354836754e+03	2.785338216718711291e-01	1.808595987278666939e-01	2.351126866917761793e-01	1.412394469641722328e-01	6.711474524551340470e-02	2.757236534547185050e-02	6.956733535299115812e-02
1.005772427418933376e+03	2.782789247883021289e-01	1.806940656614654805e-01	2.352897244271258681e-01	1.413455974986344288e-01	6.714835194250096118e-02	2.760657564270116437e-02	6.963676003893265465e-02
1.007223758483029997e+03	2.780244629826460478e-01	1.805288090283233837e-01	2.354664613916463423e-01	1.414515663656904509e-01	6.718196681952139093e-02	2.764068847632935103e-02	6.970604493550572323e-02
1.008675089547126618e+03	2.777704355385348101e-01	1.803638283651627094e-01	2.356428980054129652e-01	1.415573537348268629e-01	6.721558945103427163e-02	2.767470441640304188e-02	6.977519048828804971e-02
1.010126420611223239e+03	2.775168417405321497e-01	1.801991232094554141e-01	2.358190346887332478e-01	1.416629597780765248e-01	6.724921941534506287e-02	2.770862402830475205e-02	6.984419713921563577e-02
1.011577751675319632e+03	2.772636808741348879e-01	1.800346930994224381e-01	2.359948718621378005e-01	1.417683846699643591e-01	6.728285629457361749e-02	2.774244787279286570e-02	6.991306532663681128e-02
1.013029082739416367e+03	2.770109522257752643e-01	1.798705375740326795e-01	2.361704099463713402e-01	1.418736285874538094e-01	6.731649967462292883e-02	2.777617650604132307e-02	6.998179548536551109e-02
1.014480413803512761e+03	2.767586550828221581e-01	1.797066561730019663e-01	2.363456493623836974e-01	1.419786917098944667e-01	6.735014914514821094e-02	2.780981047967896053e-02	7.005038804673338615e-02
1.015931744867609382e+03	2.765067887335831975e-01	1.795430484367923629e-01	2.365205905313210177e-01	1.420835742189704987e-01	6.738380429952607609e-02	2.784335034082851407e-02	7.011884343864119296e-02
1.017383075931706003e+03	2.762553524673059813e-01	1.793797139066110047e-01	2.366952338745171580e-01	1.421882762986501625e-01	6.741746473482405910e-02	2.787679663214533490e-02	7.018716208560912828e-02
1.018834406995802851e+03	2.760043455741800766e-01	1.792166521244093202e-01	2.368695798134848041e-01	1.422927981351361226e-01	6.745113005177036380e-02	2.791014989185573378e-02	7.025534440882645615e-02
1.020285738059899245e+03	2.757537673453381299e-01	1.790538626328819771e-01	2.370436287699070332e-01	1.423971399168167118e-01	6.748479985472381759e-02	2.794341065379505468e-02	7.032339082620017723e-02
1.021737069123995752e+03	2.755036170728576983e-01	1.788913449754660490e-01	2.372173811656288767e-01	1.425013018342180526e-01	6.751847375164402032e-02	2.797657944744541200e-02	7.039130175240281007e-02
1.023188400188092373e+03	2.752538940497623599e-01	1.787290986963400441e-01	2.373908374226489093e-01	1.426052840799571231e-01	6.755215135406182625e-02	2.800965679797310509e-02	7.045907759891950617e-02
1.024639731252188767e+03	2.750045975700234901e-01	1.785671233404229341e-01	2.375639979631108956e-01	1.427090868486955710e-01	6.758583227705003416e-02	2.804264322626572742e-02	7.052671877409415202e-02
1.026091062316285615e+03	2.747557269285614834e-01	1.784054184533732934e-01	2.377368632092955458e-01	1.428127103370943896e-01	6.761951613919417459e-02	2.807553924896898090e-02	7.059422568317488822e-02
1.027542393380382237e+03	2.745072814212469736e-01	1.782439835815882445e-01	2.379094335836125229e-01	1.429161547437695357e-01	6.765320256256372733e-02	2.810834537852316406e-02	7.066159872835861555e-02
1.028993724444478858e+03	2.742592603449021671e-01	1.780828182722026254e-01	2.380817095085921709e-01	1.430194202692481320e-01	6.768689117268340827e-02	2.814106212319936184e-02	7.072883830883489042e-02
1.030445055508575479e+03	2.740116629973022300e-01	1.779219220730879625e-01	2.382536914068777989e-01	1.431225071159256124e-01	6.772058159850477543e-02	2.817368998713534745e-02	7.079594482082907092e-02
1.031896386572671872e+03	2.737644886771762320e-01	1.777612945328515270e-01	2.384253797012176324e-01	1.432254154880236718e-01	6.775427347237798770e-02	2.820622947037115455e-02	7.086291865764458853e-02
1.033347717636768493e+03	2.735177366842085345e-01	1.776009352008355857e-01	2.385967748144569855e-01	1.433281455915488833e-01	6.778796643002384104e-02	2.823868106888438242e-02	7.092976020970459539e-02
1.034799048700865114e+03	2.732714063190397891e-01	1.774408436271160960e-01	2.387678771695306568e-01	1.434306976342521467e-01	6.782166011050598520e-02	2.827104527462518530e-02	7.099646986459290376e-02
1.036250379764961508e+03	2.730254968832682150e-01	1.772810193625020680e-01	2.389386871894551567e-01	1.435330718255887761e-01	6.785535415620340405e-02	2.830332257555098416e-02	7.106304800709417613e-02
1.037701710829058356e+03	2.727800076794503759e-01	1.771214619585344818e-01	2.391092052973212700e-01	1.436352683766793370e-01	6.788904821278309021e-02	2.833551345566085941e-02	7.112949501923339357e-02
1.039153041893154750e+03	2.725349380111022901e-01	1.769621709674853438e-01	2.392794319162864225e-01	1.437372875002713712e-01	6.792274192917287234e-02	2.836761839502971103e-02	7.119581128031479689e-02
1.040604372957251599e+03	2.722902871827006521e-01	1.768031459423567153e-01	2.394493674695674090e-01	1.438391294107014828e-01	6.795643495753456165e-02	2.839963786984206137e-02	7.126199716695995334e-02
1.042055704021347992e+03	2.720460544996834429e-01	1.766443864368798522e-01	2.396190123804328997e-01	1.439407943238584231e-01	6.799012695323727873e-02	2.843157235242562558e-02	7.132805305314530997e-02
1.043507035085444613e+03	2.718022392684509847e-01	1.764858920055141500e-01	2.397883670721963900e-01	1.440422824571466753e-01	6.802381757483094704e-02	2.846342231128458355e-02	7.139397931023908073e-02
1.044958366149541234e+03	2.715588407963668294e-01	1.763276622034462282e-01	2.399574319682088730e-01	1.441435940294507334e-01	6.805750648402003611e-02	2.849518821113257092e-02	7.145977630703752304e-02
1.046409697213637855e+03	2.713158583917586464e-01	1.761696965865890141e-01	2.401262074918516509e-01	1.442447292611000464e-01	6.809119334563751291e-02	2.852687051292538897e-02	7.152544440980050655e-02
1.047861028277734476e+03	2.710732913639189445e-01	1.760119947115807160e-01	2.402946940665295350e-01	1.443456883738346297e-01	6.812487782761898758e-02	2.855846967389345445e-02	7.159098398228655458e-02
1.049312359341831097e+03	2.708311390231058491e-01	1.758545561357838793e-01	2.404628921156637400e-01	1.444464715907711194e-01	6.815855960097706723e-02	2.858998614757395432e-02	7.165639538578727485e-02
1.050763690405927491e+03	2.705894006805438234e-01	1.756973804172844433e-01	2.406308020626849731e-01	1.445470791363697993e-01	6.819223833977589022e-02	2.862142038384274736e-02	7.172167897916122137e-02
1.052215021470024112e+03	2.703480756484246128e-01	1.755404671148908247e-01	2.407984243310266892e-01	1.446475112364017657e-01	6.822591372110592411e-02	2.865277282894599514e-02	7.178683511886711777e-02
1.053666352534120733e+03	2.701071632399076328e-01	1.753838157881328352e-01	2.409657593441182910e-01	1.447477681179171749e-01	6.825958542505891624e-02	2.868404392553150842e-02	7.185186415899656731e-02
1.055117683598217127e+03	2.698666627691206910e-01	1.752274259972609050e-01	2.411328075253785230e-01	1.448478500092136578e-01	6.829325313470306635e-02	2.871523411267985076e-02	7.191676645130620771e-02
1.056569014662313975e+03	2.696265735511608752e-01	1.750712973032449715e-01	2.412995692982088103e-01	1.449477571398054554e-01	6.832691653605837967e-02	2.874634382593516460e-02	7.198154234524926920e-02
1.058020345726410369e+03	2.693868949020947201e-01	1.749154292677734812e-01	2.414660450859867913e-01	1.450474897403932484e-01	6.836057531807217258e-02	2.877737349733574743e-02	7.204619218800671632e-02
1.059471676790506763e+03	2.691476261389590952e-01	1.747598214532526117e-01	2.416322353120597954e-01	1.451470480428343479e-01	6.839422917259492529e-02	2.880832355544436785e-02	7.211071632451770963e-02
1.060923007854603611e+03	2.689087665797616489e-01	1.746044734228051343e-01	2.417981403997384870e-01	1.452464322801134688e-01	6.842787779435616224e-02	2.883919442537830752e-02	7.217511509750966503e-02
1.062374338918700232e+03	2.686703155434812529e-01	1.744493847402695252e-01	2.419637607722904538e-01	1.453456426863141415e-01	6.846152088094061006e-02	2.886998652883916369e-02	7.223938884752774403e-02
1.063825669982796853e+03	2.684322723500685015e-01	1.742945549701990227e-01	2.421290968529340448e-01	1.454446794965904566e-01	6.849515813276450815e-02	2.890070028414242279e-02	7.230353791296388610e-02
1.065277001046893474e+03	2.681946363204462114e-01	1.741399836778605437e-01	2.422941490648322094e-01	1.455435429471395592e-01	6.852878925305215529e-02	2.893133610624672863e-02	7.236756263008536916e-02
1.066728332110990095e+03	2.679574067765099210e-01	1.739856704292338796e-01	2.424589178310862514e-01	1.456422332751743653e-01	6.856241394781260878e-02	2.896189440678293911e-02	7.243146333306277329e-02
1.068179663175086489e+03	2.677205830411281684e-01	1.738316147910105858e-01	2.426234035747298345e-01	1.457407507188969720e-01	6.859603192581659181e-02	2.899237559408294335e-02	7.249524035399765309e-02
1.069630994239183110e+03	2.674841644381428241e-01	1.736778163305930933e-01	2.427876067187230147e-01	1.458390955174725390e-01	6.862964289857353961e-02	2.902278007320820488e-02	7.255889402294957158e-02
1.071082325303279504e+03	2.672481502923694796e-01	1.735242746160937655e-01	2.429515276859462170e-01	1.459372679110035320e-01	6.866324658030892314e-02	2.905310824597807928e-02	7.262242466796280105e-02
1.072533656367376352e+03	2.670125399295978919e-01	1.733709892163338151e-01	2.431151668991945181e-01	1.460352681405045483e-01	6.869684268794162829e-02	2.908336051099789585e-02	7.268583261509257987e-02
1.073984987431472746e+03	2.667773326765920938e-01	1.732179597008423610e-01	2.432785247811716511e-01	1.461330964478775307e-01	6.873043094106165429e-02	2.911353726368679298e-02	7.274911818843075861e-02
1.075436318495569594e+03	2.665425278610908943e-01	1.730651856398555954e-01	2.434416017544844268e-01	1.462307530758875374e-01	6.876401106190788148e-02	2.914363889630531071e-02	7.281228171013125194e-02
1.076887649559666215e+03	2.663081248118078226e-01	1.729126666043156735e-01	2.436043982416369880e-01	1.463282382681386495e-01	6.879758277534607502e-02	2.917366579798275766e-02	7.287532350043492146e-02
1.078338980623762609e+03	2.660741228584315721e-01	1.727604021658697420e-01	2.437669146650252305e-01	1.464255522690508238e-01	6.883114580884706901e-02	2.920361835474433870e-02	7.293824387769411166e-02
1.079790311687859230e+03	2.658405213316262783e-01	1.726083918968690512e-01	2.439291514469311417e-01	1.465226953238366048e-01	6.886469989246507550e-02	2.923349694953806394e-02	7.300104315839668623e-02
1.081241642751955851e+03	2.656073195630313521e-01	1.724566353703679000e-01	2.440911090095174985e-01	1.466196676784787545e-01	6.889824475881624333e-02	2.926330196226141489e-02	7.306372165718977296e-02
1.082692973816052472e+03	2.653745168852619241e-01	1.723051321601227481e-01	2.442527877748221776e-01	1.467164695797079366e-01	6.893178014305731405e-02	2.929303376978777823e-02	7.312627968690305069e-02
1.084144304880149093e+03	2.651421126319090660e-01	1.721538818405911053e-01	2.444141881647530490e-01	1.468131012749809283e-01	6.896530578286449997e-02	2.932269274599267478e-02	7.318871755857164763e-02
1.085595635944245487e+03	2.649101061375394583e-01	1.720028839869307269e-01	2.445753106010824518e-01	1.469095630124593321e-01	6.899882141841255645e-02	2.935227926177973873e-02	7.325103558145870664e-02
1.087046967008342108e+03	2.646784967376959452e-01	1.718521381749985033e-01	2.447361555054420323e-01	1.470058550409885090e-01	6.903232679235392355e-02	2.938179368510650952e-02	7.331323406307753421e-02
1.088498298072438729e+03	2.644472837688973677e-01	1.717016439813495443e-01	2.448967232993174981e-01	1.471019776100769838e-01	6.906582164979815919e-02	2.941123638100996349e-02	7.337531330921341632e-02
1.089949629136535123e+03	2.642164665686386749e-01	1.715514009832362075e-01	2.450570144040435383e-01	1.471979309698761840e-01	6.909930573829146938e-02	2.944060771163184431e-02	7.343727362394497638e-02
1.091400960200631971e+03	2.639860444753909241e-01	1.714014087586070989e-01	2.452170292407987451e-01	1.472937153711606217e-01	6.913277880779637730e-02	2.946990803624379915e-02	7.349911530966538042e-02
1.092852291264728365e+03	2.637560168286012252e-01	1.712516668861060742e-01	2.453767682306004505e-01	1.473893310653082989e-01	6.916624061067164209e-02	2.949913771127225803e-02	7.356083866710297348e-02
1.094303622328825213e+03	2.635263829686928516e-01	1.711021749450713225e-01	2.455362317942998418e-01	1.474847783042816662e-01	6.919969090165227488e-02	2.952829709032312941e-02	7.362244399534172146e-02
1.095754953392921607e+03	2.632971422370651848e-01	1.709529325155344226e-01	2.456954203525771596e-01	1.475800573406086946e-01	6.923312943782977680e-02	2.955738652420627013e-02	7.368393159184126462e-02
1.097206284457018228e+03	2.630682939760936589e-01	1.708039391782192329e-01	2.458543343259366187e-01	1.476751684273644727e-01	6.926655597863241864e-02	2.958640636095975773e-02	7.374530175245663788e-02
1.098657615521114849e+03	2.628398375291295386e-01	1.706551945145409754e-01	2.460129741347017174e-01	1.477701118181531659e-01	6.929997028580585361e-02	2.961535694587394060e-02	7.380655477145768584e-02
1.100108946585211470e+03	2.626117722404998633e-01	1.705066981066052922e-01	2.461713401990104633e-01	1.478648877670900308e-01	6.933337212339371614e-02	2.964423862151529393e-02	7.386769094154815862e-02
1.101560277649308091e+03	2.623840974555076144e-01	1.703584495372072460e-01	2.463294329388106829e-01	1.479594965287840957e-01	6.936676125771853996e-02	2.967305172775006744e-02	7.392871055388450241e-02
1.103011608713404712e+03	2.621568125204314370e-01	1.702104483898303766e-01	2.464872527738553587e-01	1.480539383583209245e-01	6.940013745736267614e-02	2.970179660176771805e-02	7.398961389809427525e-02
1.104462939777501106e+03	2.619299167825251407e-01	1.700626942486456461e-01	2.466448001236980492e-01	1.481482135112458798e-01	6.943350049314948869e-02	2.973047357810416208e-02	7.405040126229436859e-02
1.105914270841597499e+03	2.617034095900181434e-01	1.699151866985104953e-01	2.468020754076883094e-01	1.482423222435474697e-01	6.946685013812464726e-02	2.975908298866481241e-02	7.411107293310890964e-02
1.107365601905694348e+03	2.614772902921147502e-01	1.697679253249678999e-01	2.469590790449671946e-01	1.483362648116411664e-01	6.950018616753754486e-02	2.978762516274742478e-02	7.417162919568678903e-02
1.108816932969790741e+03	2.612515582389943747e-01	1.696209097142453159e-01	2.471158114544629025e-01	1.484300414723535022e-01	6.953350835882299297e-02	2.981610042706473590e-02	7.423207033371895247e-02
1.110268264033887590e+03	2.610262127818110400e-01	1.694741394532537915e-01	2.472722730548863324e-01	1.485236524829063598e-01	6.956681649158286129e-02	2.984450910576693164e-02	7.429239662945548439e-02
1.111719595097984211e+03	2.608012532726932120e-01	1.693276141295869397e-01	2.474284642647266441e-01	1.486170981009016789e-01	6.960011034756810600e-02	2.987285152046388614e-02	7.435260836372233062e-02
1.113170926162080832e+03	2.605766790647436326e-01	1.691813333315199674e-01	2.475843855022471507e-01	1.487103785843063297e-01	6.963338971066071470e-02	2.990112799024724835e-02	7.441270581593777134e-02
1.114622257226177226e+03	2.603524895120390426e-01	1.690352966480087038e-01	2.477400371854809324e-01	1.488034941914373466e-01	6.966665436685598456e-02	2.992933883171230297e-02	7.447268926412857482e-02
1.116073588290273847e+03	2.601286839696297926e-01	1.688895036686885731e-01	2.478954197322266462e-01	1.488964451809473566e-01	6.969990410424481420e-02	2.995748435897966841e-02	7.453255898494604015e-02
1.117524919354370468e+03	2.599052617935396214e-01	1.687439539838736513e-01	2.480505335600445282e-01	1.489892318118103964e-01	6.973313871299627320e-02	2.998556488371680040e-02	7.459231525368163751e-02
1.118976250418467089e+03	2.596822223407653785e-01	1.685986471845557499e-01	2.482053790862521203e-01	1.490818543433078125e-01	6.976635798534014388e-02	3.001358071515929440e-02	7.465195834428244026e-02
1.120427581482563710e+03	2.594595649692766348e-01	1.684535828624033338e-01	2.483599567279203557e-01	1.491743130350145774e-01	6.979956171554975441e-02	3.004153216013202843e-02	7.471148852936634888e-02
1.121878912546660331e+03	2.592372890380152950e-01	1.683087606097606326e-01	2.485142669018693684e-01	1.492666081467857175e-01	6.983274969992488146e-02	3.006941952307010807e-02	7.477090608023705121e-02
1.123330243610756725e+03	2.590153939068954303e-01	1.681641800196465308e-01	2.486683100246648292e-01	1.493587399387431847e-01	6.986592173677480533e-02	3.009724310603963809e-02	7.483021126689866354e-02
1.124781574674853118e+03	2.587938789368026682e-01	1.680198406857537075e-01	2.488220865126137271e-01	1.494507086712627553e-01	6.989907762640157340e-02	3.012500320875831708e-02	7.488940435807030227e-02
1.126232905738949967e+03	2.585727434895940258e-01	1.678757422024476365e-01	2.489755967817607052e-01	1.495425146049613185e-01	6.993221717108320801e-02	3.015270012861583082e-02	7.494848562120025315e-02
1.127684236803046360e+03	2.583519869280974102e-01	1.677318841647656433e-01	2.491288412478842029e-01	1.496341580006843308e-01	6.996534017505728897e-02	3.018033416069410696e-02	7.500745532248002945e-02
1.129135567867143209e+03	2.581316086161109524e-01	1.675882661684158226e-01	2.492818203264926258e-01	1.497256391194934921e-01	6.999844644450455011e-02	3.020790559778735798e-02	7.506631372685819426e-02
1.130586898931239830e+03	2.579116079184031185e-01	1.674448878097760662e-01	2.494345344328206260e-01	1.498169582226547003e-01	7.003153578753254505e-02	3.023541473042197850e-02	7.512506109805387744e-02
1.132038229995336451e+03	2.576919842007119321e-01	1.673017486858932590e-01	2.495869839818255220e-01	1.499081155716261438e-01	7.006460801415963224e-02	3.026286184687625169e-02	7.518369769857016771e-02
1.133489561059432845e+03	2.574727368297444197e-01	1.671588483944820847e-01	2.497391693881834684e-01	1.499991114280467552e-01	7.009766293629891842e-02	3.029024723319990661e-02	7.524222378970732428e-02
1.134940892123529466e+03	2.572538651731764436e-01	1.670161865339241658e-01	2.498910910662860696e-01	1.500899460537247210e-01	7.013070036774239624e-02	3.031757117323346726e-02	7.530063963157564155e-02
1.136392223187626087e+03	2.570353685996519810e-01	1.668737627032670368e-01	2.500427494302366327e-01	1.501806197106263230e-01	7.016372012414524850e-02	3.034483394862748720e-02	7.535894548310821672e-02
1.137843554251722708e+03	2.568172464787827347e-01	1.667315765022231999e-01	2.501941448938467261e-01	1.502711326608648923e-01	7.019672202301023567e-02	3.037203583886156563e-02	7.541714160207350914e-02
1.139294885315819101e+03	2.565994981811476894e-01	1.665896275311690988e-01	2.503452778706328763e-01	1.503614851666900121e-01	7.022970588367229150e-02	3.039917712126323501e-02	7.547522824508770545e-02
1.140746216379915950e+03	2.563821230782923899e-01	1.664479153911442855e-01	2.504961487738127657e-01	1.504516774904769427e-01	7.026267152728303544e-02	3.042625807102667182e-02	7.553320566762682098e-02
1.142197547444012343e+03	2.561651205427286082e-01	1.663064396838502268e-01	2.506467580163021514e-01	1.505417098947162136e-01	7.029561877679571524e-02	3.045327896123124073e-02	7.559107412403870407e-02
1.143648878508108737e+03	2.559484899479337328e-01	1.661652000116495276e-01	2.507971060107114791e-01	1.506315826420034087e-01	7.032854745694999687e-02	3.048024006285987575e-02	7.564883386755480443e-02
1.145100209572205586e+03	2.557322306683502688e-01	1.660241959775647647e-01	2.509471931693425528e-01	1.507212959950291475e-01	7.036145739425707368e-02	3.050714164481732257e-02	7.570648515030174719e-02
1.146551540636302207e+03	2.555163420793851725e-01	1.658834271852776820e-01	2.510970199041849815e-01	1.508108502165692033e-01	7.039434841698481715e-02	3.053398397394821093e-02	7.576402822331280984e-02
1.148002871700398828e+03	2.553008235574093510e-01	1.657428932391280807e-01	2.512465866269135706e-01	1.509002455694748723e-01	7.042722035514302481e-02	3.056076731505493957e-02	7.582146333653905224e-02
1.149454202764495449e+03	2.550856744797569964e-01	1.656025937441129858e-01	2.513958937488844914e-01	1.509894823166635924e-01	7.046007304046886244e-02	3.058749193091546761e-02	7.587879073886051595e-02
1.150905533828591842e+03	2.548708942247250864e-01	1.654625283058854812e-01	2.515449416811325056e-01	1.510785607211095061e-01	7.049290630641237565e-02	3.061415808230089422e-02	7.593601067809703509e-02
1.152356864892688463e+03	2.546564821715727178e-01	1.653226965307539043e-01	2.516937308343678570e-01	1.511674810458343843e-01	7.052571998812209864e-02	3.064076602799292032e-02	7.599312340101892216e-02
1.153808195956785084e+03	2.544424377005206628e-01	1.651830980256808190e-01	2.518422616189729957e-01	1.512562435538986616e-01	7.055851392243087106e-02	3.066731602480113686e-02	7.605012915335762624e-02
1.155259527020881706e+03	2.542287601927503693e-01	1.650437323982820448e-01	2.519905344449996920e-01	1.513448485083926931e-01	7.059128794784168270e-02	3.069380832758018471e-02	7.610702817981608581e-02
1.156710858084978327e+03	2.540154490304035728e-01	1.649045992568255736e-01	2.521385497221660388e-01	1.514332961724281224e-01	7.062404190451369856e-02	3.072024318924673758e-02	7.616382072407895665e-02
1.158162189149074720e+03	2.538025035965817411e-01	1.647656982102307932e-01	2.522863078598535092e-01	1.515215868091292772e-01	7.065677563424835328e-02	3.074662086079636703e-02	7.622050702882272877e-02
1.159613520213171569e+03	2.535899232753450749e-01	1.646270288680673488e-01	2.524338092671037370e-01	1.516097206816250653e-01	7.068948898047555662e-02	3.077294159132023740e-02	7.627708733572559352e-02
1.161064851277267962e+03	2.533777074517123418e-01	1.644885908405542829e-01	2.525810543526162411e-01	1.516976980530406749e-01	7.072218178824009327e-02	3.079920562802166903e-02	7.633356188547732457e-02
1.162516182341364356e+03	2.531658555116596543e-01	1.643503837385589528e-01	2.527280435247449275e-01	1.517855191864897202e-01	7.075485390418803644e-02	3.082541321623254171e-02	7.638993091778881195e-02
1.163967513405461204e+03	2.529543668421201374e-01	1.642124071735961421e-01	2.528747771914957032e-01	1.518731843450661922e-01	7.078750517655330032e-02	3.085156459942958382e-02	7.644619467140158220e-02
1.165418844469557826e+03	2.527432408309831513e-01	1.640746607578270622e-01	2.530212557605235890e-01	1.519606937918369094e-01	7.082013545514438679e-02	3.087766001925047743e-02	7.650235338409713814e-02
1.166870175533654447e+03	2.525324768670934028e-01	1.639371441040583521e-01	2.531674796391298332e-01	1.520480477898339400e-01	7.085274459133109048e-02	3.090369971550987679e-02	7.655840729270615985e-02
1.168321506597751068e+03	2.523220743402506128e-01	1.637998568257411913e-01	2.533134492342595245e-01	1.521352466020471084e-01	7.088533243803148143e-02	3.092968392621522553e-02	7.661435663311758071e-02
1.169772837661847461e+03	2.521120326412084056e-01	1.636627985369702443e-01	2.534591649524985391e-01	1.522222904914168062e-01	7.091789884969884605e-02	3.095561288758249055e-02	7.667020164028746920e-02
1.171224168725944082e+03	2.519023511616738098e-01	1.635259688524827448e-01	2.536046272000710422e-01	1.523091797208267761e-01	7.095044368230880860e-02	3.098148683405172257e-02	7.672594254824788296e-02
1.172675499790040703e+03	2.516930292943063696e-01	1.633893673876574415e-01	2.537498363828371573e-01	1.523959145530972004e-01	7.098296679334663295e-02	3.100730599830249859e-02	7.678157959011544520e-02
1.174126830854137097e+03	2.514840664327175901e-01	1.632529937585137092e-01	2.538947929062900788e-01	1.524824952509777898e-01	7.101546804179442729e-02	3.103307061126922908e-02	7.683711299809997675e-02
1.175578161918233945e+03	2.512754619714699933e-01	1.631168475817106334e-01	2.540394971755535192e-01	1.525689220771409282e-01	7.104794728811866800e-02	3.105878090215631604e-02	7.689254300351280880e-02
1.177029492982330339e+03	2.510672153060762857e-01	1.629809284745458442e-01	2.541839495953794881e-01	1.526551952941752610e-01	7.108040439425772350e-02	3.108443709845320341e-02	7.694786983677512349e-02
1.178480824046426733e+03	2.508593258329989140e-01	1.628452360549547673e-01	2.543281505701454615e-01	1.527413151645790612e-01	7.111283922360946141e-02	3.111003942594927144e-02	7.700309372742603076e-02
1.179932155110523581e+03	2.506517929496490105e-01	1.627097699415095411e-01	2.544721005038522166e-01	1.528272819507538738e-01	7.114525164101902222e-02	3.113558810874860958e-02	7.705821490413072850e-02
1.181383486174620202e+03	2.504446160543856714e-01	1.625745297534180178e-01	2.546157998001213896e-01	1.529130959149983537e-01	7.117764151276666229e-02	3.116108336928467837e-02	7.711323359468831573e-02
1.182834817238716823e+03	2.502377945465150133e-01	1.624395151105228474e-01	2.547592488621930329e-01	1.529987573195020489e-01	7.121000870655568027e-02	3.118652542833481173e-02	7.716815002603960583e-02
1.184286148302813444e+03	2.500313278262897843e-01	1.623047256333005894e-01	2.549024480929231729e-01	1.530842664263394881e-01	7.124235309150049600e-02	3.121191450503461168e-02	7.722296442427488417e-02
1.185737479366910065e+03	2.498252152949080873e-01	1.621701609428606305e-01	2.550453978947818112e-01	1.531696234974641024e-01	7.127467453811481279e-02	3.123725081689221819e-02	7.727767701464137440e-02
1.187188810431006686e+03	2.496194563545128531e-01	1.620358206609442409e-01	2.551880986698502607e-01	1.532548287947026744e-01	7.130697291829976581e-02	3.126253457980245065e-02	7.733228802155080184e-02
1.188640141495103080e+03	2.494140504081908405e-01	1.619017044099236580e-01	2.553305508198192575e-01	1.533398825797495368e-01	7.133924810533236183e-02	3.128776600806080360e-02	7.738679766858665154e-02
1.190091472559199701e+03	2.492089968599718319e-01	1.617678118128010600e-01	2.554727547459864634e-01	1.534247851141610219e-01	7.137149997385389133e-02	3.131294531437736617e-02	7.744120617851152355e-02
1.191542803623296322e+03	2.490042951148279393e-01	1.616341424932076776e-01	2.556147108492543563e-01	1.535095366593499933e-01	7.140372839985846543e-02	3.133807270989059229e-02	7.749551377327415502e-02
1.192994134687392716e+03	2.487999445786725772e-01	1.615006960754027665e-01	2.557564195301281762e-01	1.535941374765805723e-01	7.143593326068162219e-02	3.136314840418093219e-02	7.754972067401656732e-02
1.194445465751489564e+03	2.485959446583597410e-01	1.613674721842726367e-01	2.558978811887136495e-01	1.536785878269627537e-01	7.146811443498911343e-02	3.138817260528438402e-02	7.760382710108092164e-02
1.195896796815585958e+03	2.483922947616830357e-01	1.612344704453297917e-01	2.560390962247149904e-01	1.537628879714474095e-01	7.150027180276563588e-02	3.141314551970588592e-02	7.765783327401640235e-02
1.197348127879682352e+03	2.481889942973748431e-01	1.611016904847118458e-01	2.561800650374328470e-01	1.538470381708211543e-01	7.153240524530382616e-02	3.143806735243263872e-02	7.771173941158594778e-02
1.198799458943779200e+03	2.479860426751054614e-01	1.609691319291806366e-01	2.563207880257621918e-01	1.539310386857014323e-01	7.156451464519321404e-02	3.146293830694726901e-02	7.776554573177286989e-02
1.200250790007875821e+03	2.477834393054822171e-01	1.608367944061212529e-01	2.564612655881902126e-01	1.540148897765316605e-01	7.159659988630938388e-02	3.148775858524089505e-02	7.781925245178743233e-02
1.201702121071972442e+03	2.475811836000486044e-01	1.607046775435410635e-01	2.566014981227945357e-01	1.540985917035764263e-01	7.162866085380306669e-02	3.151252838782606785e-02	7.787285978807328979e-02
1.203153452136069063e+03	2.473792749712833416e-01	1.605727809700687458e-01	2.567414860272411170e-01	1.541821447269168532e-01	7.166069743408948201e-02	3.153724791374961506e-02	7.792636795631387170e-02
1.204604783200165684e+03	2.471777128325994832e-01	1.604411043149533977e-01	2.568812296987824650e-01	1.542655491064460482e-01	7.169270951483770749e-02	3.156191736060537378e-02	7.797977717143858567e-02
1.206056114264262078e+03	2.469764965983435590e-01	1.603096472080634272e-01	2.570207295342555875e-01	1.543488051018645779e-01	7.172469698496010404e-02	3.158653692454677780e-02	7.803308764762907634e-02
1.207507445328358699e+03	2.467756256837945750e-01	1.601784092798858583e-01	2.571599859300800484e-01	1.544319129726760831e-01	7.175665973460187974e-02	3.161110680029938225e-02	7.808629959832527612e-02
1.208958776392455093e+03	2.465750995051632088e-01	1.600473901615250827e-01	2.572989992822563576e-01	1.545148729781830599e-01	7.178859765513070923e-02	3.163562718117323563e-02	7.813941323623146973e-02
1.210410107456551941e+03	2.463749174795908659e-01	1.599165894847020541e-01	2.574377699863639735e-01	1.545976853774824467e-01	7.182051063912646416e-02	3.166009825907517561e-02	7.819242877332215069e-02
1.211861438520648335e+03	2.461750790251485410e-01	1.597860068817534007e-01	2.575762984375595255e-01	1.546803504294616827e-01	7.185239858037099914e-02	3.168452022452099281e-02	7.824534642084794711e-02
1.213312769584745183e+03	2.459755835608362085e-01	1.596556419856303422e-01	2.577145850305752051e-01	1.547628683927944893e-01	7.188426137383807646e-02	3.170889326664749763e-02	7.829816638934125606e-02
1.214764100648841804e+03	2.457764305065817667e-01	1.595254944298978017e-01	2.578526301597167669e-01	1.548452395259369563e-01	7.191609891568327695e-02	3.173321757322448977e-02	7.835088888862205836e-02
1.216215431712937971e+03	2.455776192832399285e-01	1.593955638487333515e-01	2.579904342188619748e-01	1.549274640871236841e-01	7.194791110323410510e-02	3.175749333066660990e-02	7.840351412780346974e-02
1.217666762777034819e+03	2.453791493125913881e-01	1.592658498769264630e-01	2.581279976014588806e-01	1.550095423343638978e-01	7.197969783498012197e-02	3.178172072404510107e-02	7.845604231529726413e-02
1.219118093841131440e+03	2.451810200173420440e-01	1.591363521498773692e-01	2.582653207005241036e-01	1.550914745254377280e-01	7.201145901056313359e-02	3.180589993709943830e-02	7.850847365881927220e-02
1.220569424905228061e+03	2.449832308211217502e-01	1.590070703035962318e-01	2.584024039086412761e-01	1.551732609178925193e-01	7.204319453076754587e-02	3.183003115224886798e-02	7.856080836539490464e-02
1.222020755969324682e+03	2.447857811484835111e-01	1.588780039747020867e-01	2.585392476179594334e-01	1.552549017690392497e-01	7.207490429751069183e-02	3.185411455060389169e-02	7.861304664136427311e-02
1.223472087033421303e+03	2.445886704249024823e-01	1.587491528004220109e-01	2.586758522201911270e-01	1.553363973359490613e-01	7.210658821383333916e-02	3.187815031197758359e-02	7.866518869238753320e-02
1.224923418097517697e+03	2.443918980767749438e-01	1.586205164185901240e-01	2.588122181066112582e-01	1.554177478754496800e-01	7.213824618389021170e-02	3.190213861489682445e-02	7.871723472345001915e-02
1.226374749161614318e+03	2.441954635314174671e-01	1.584920944676466159e-01	2.589483456680554130e-01	1.554989536441221676e-01	7.216987811294060806e-02	3.192607963661347331e-02	7.876918493886730932e-02
1.227826080225710712e+03	2.439993662170657773e-01	1.583638865866367484e-01	2.590842352949181970e-01	1.555800148982974807e-01	7.220148390733913124e-02	3.194997355311540027e-02	7.882103954229026377e-02
1.229277411289807560e+03	2.438036055628737819e-01	1.582358924152101054e-01	2.592198873771519030e-01	1.556609318940533615e-01	7.223306347452644605e-02	3.197382053913742223e-02	7.887279873670997865e-02
1.230728742353903954e+03	2.436081809989126823e-01	1.581081115936194548e-01	2.593553023042649008e-01	1.557417048872110354e-01	7.226461672302010586e-02	3.199762076817218998e-02	7.892446272446264344e-02
1.232180073418000802e+03	2.434130919561699191e-01	1.579805437627199438e-01	2.594904804653201946e-01	1.558223341333321577e-01	7.229614356240553208e-02	3.202137441248090188e-02	7.897603170723437038e-02
1.233631404482097196e+03	2.432183378665481455e-01	1.578531885639680443e-01	2.596254222489340902e-01	1.559028198877157600e-01	7.232764390332699356e-02	3.204508164310401752e-02	7.902750588606599624e-02
1.235082735546193817e+03	2.430239181628642831e-01	1.577260456394205812e-01	2.597601280432748072e-01	1.559831624053952259e-01	7.235911765747871094e-02	3.206874262987178398e-02	7.907888546135770358e-02
1.236534066610290438e+03	2.428298322788483843e-01	1.575991146317339830e-01	2.598945982360609253e-01	1.560633619411354311e-01	7.239056473759598875e-02	3.209235754141473440e-02	7.913017063287366981e-02
1.237985397674387059e+03	2.426360796491427441e-01	1.574723951841631719e-01	2.600288332145601067e-01	1.561434187494298853e-01	7.242198505744643078e-02	3.211592654517407552e-02	7.918136159974664690e-02
1.239436728738483680e+03	2.424426597093009006e-01	1.573458869405606475e-01	2.601628333655879310e-01	1.562233330844977341e-01	7.245337853182132193e-02	3.213944980741195029e-02	7.923245856048248548e-02
1.240888059802580301e+03	2.422495718957865807e-01	1.572195895453756542e-01	2.602965990755063408e-01	1.563031052002813170e-01	7.248474507652692689e-02	3.216292749322167271e-02	7.928346171296456191e-02
1.242339390866676695e+03	2.420568156459725617e-01	1.570935026436531268e-01	2.604301307302222535e-01	1.563827353504432527e-01	7.251608460837594139e-02	3.218635976653783093e-02	7.933437125445813587e-02
1.243790721930773088e+03	2.418643903981397836e-01	1.569676258810327740e-01	2.605634287151866735e-01	1.564622237883639133e-01	7.254739704517904064e-02	3.220974679014629305e-02	7.938518738161472188e-02
1.245242052994869937e+03	2.416722955914762661e-01	1.568419589037481354e-01	2.606964934153930824e-01	1.565415707671387324e-01	7.257868230573648327e-02	3.223308872569415756e-02	7.943591029047636365e-02
1.246693384058966330e+03	2.414805306660760820e-01	1.567165013586257205e-01	2.608293252153763842e-01	1.566207765395758456e-01	7.260994030982972913e-02	3.225638573369958573e-02	7.948654017647983905e-02
1.248144715123063179e+03	2.412890950629383857e-01	1.565912528930840097e-01	2.609619244992116283e-01	1.566998413581935368e-01	7.264117097821318203e-02	3.227963797356159237e-02	7.953707723446082345e-02
1.249596046187159800e+03	2.410979882239662198e-01	1.564662131551325663e-01	2.610942916505128997e-01	1.567787654752177962e-01	7.267237423260602958e-02	3.230284560356967011e-02	7.958752165865802530e-02
1.251047377251256421e+03	2.409072095919655154e-01	1.563413817933710093e-01	2.612264270524319865e-01	1.568575491425800439e-01	7.270354999568405530e-02	3.232600878091342750e-02	7.963787364271721070e-02
1.252498708315352815e+03	2.407167586106442048e-01	1.562167584569881806e-01	2.613583310876573251e-01	1.569361926119146600e-01	7.273469819107158951e-02	3.234912766169204673e-02	7.968813337969525568e-02
1.253950039379449436e+03	2.405266347246109160e-01	1.560923427957611187e-01	2.614900041384128904e-01	1.570146961345569858e-01	7.276581874333354349e-02	3.237220240092374135e-02	7.973830106206404589e-02
1.255401370443546057e+03	2.403368373793741131e-01	1.559681344600543085e-01	2.616214465864570293e-01	1.570930599615408263e-01	7.279691157796744361e-02	3.239523315255507518e-02	7.978837688171441789e-02
1.256852701507642678e+03	2.401473660213409855e-01	1.558441331008185438e-01	2.617526588130814069e-01	1.571712843435964790e-01	7.282797662139559036e-02	3.241822006947021190e-02	7.983836102995998940e-02
1.258304032571739299e+03	2.399582200978162827e-01	1.557203383695901222e-01	2.618836411991098956e-01	1.572493695311485418e-01	7.285901380095721747e-02	3.244116330350010208e-02	7.988825369754098960e-02
1.259755363635835920e+03	2.397693990570014255e-01	1.555967499184898184e-01	2.620143941248976316e-01	1.573273157743138029e-01	7.289002304490083128e-02	3.246406300543155238e-02	7.993805507462801996e-02
1.261206694699932314e+03	2.395809023479933408e-01	1.554733674002220789e-01	2.621449179703297938e-01	1.574051233228993540e-01	7.292100428237645315e-02	3.248691932501625995e-02	7.998776535082573191e-02
1.262658025764028707e+03	2.393927294207833234e-01	1.553501904680740509e-01	2.622752131148207155e-01	1.574827924264005363e-01	7.295195744342811150e-02	3.250973241097974281e-02	8.003738471517654607e-02
1.264109356828125556e+03	2.392048797262560922e-01	1.552272187759146105e-01	2.624052799373128297e-01	1.575603233339989695e-01	7.298288245898625071e-02	3.253250241103015222e-02	8.008691335616420492e-02
1.265560687892221949e+03	2.390173527161886247e-01	1.551044519781934472e-01	2.625351188162756699e-01	1.576377162945606647e-01	7.301377926086019543e-02	3.255522947186709898e-02	8.013635146171740886e-02
1.267012018956318798e+03	2.388301478432491853e-01	1.549818897299402309e-01	2.626647301297049819e-01	1.577149715566342758e-01	7.304464778173086481e-02	3.257791373919032007e-02	8.018569921921331334e-02
1.268463350020415419e+03	2.386432645609960768e-01	1.548595316867635574e-01	2.627941142551217246e-01	1.577920893684491843e-01	7.307548795514329232e-02	3.260055535770832458e-02	8.023495681548099834e-02
1.269914681084511813e+03	2.384567023238766958e-01	1.547373775048501432e-01	2.629232715695712930e-01	1.578690699779138062e-01	7.310629971549940931e-02	3.262315447114688682e-02	8.028412443680496557e-02
1.271366012148608434e+03	2.382704605872264236e-01	1.546154268409638544e-01	2.630522024496222411e-01	1.579459136326138158e-01	7.313708299805081470e-02	3.264571122225757432e-02	8.033320226892848304e-02
1.272817343212705055e+03	2.380845388072674318e-01	1.544936793524447627e-01	2.631809072713657827e-01	1.580226205798105077e-01	7.316783773889155851e-02	3.266822575282609525e-02	8.038219049705699892e-02
1.274268674276801676e+03	2.378989364411077667e-01	1.543721346972082298e-01	2.633093864104149029e-01	1.580991910664391320e-01	7.319856387495105032e-02	3.269069820368064594e-02	8.043108930586140293e-02
1.275720005340898297e+03	2.377136529467401282e-01	1.542507925337440744e-01	2.634376402419031371e-01	1.581756253391073397e-01	7.322926134398700937e-02	3.271312871470014039e-02	8.047989887948137078e-02
1.277171336404994690e+03	2.375286877830407317e-01	1.541296525211156010e-01	2.635656691404839047e-01	1.582519236440935728e-01	7.325993008457849787e-02	3.273551742482238430e-02	8.052861940152852838e-02
1.278622667469091539e+03	2.373440404097683365e-01	1.540087143189586283e-01	2.636934734803299540e-01	1.583280862273454270e-01	7.329057003611891274e-02	3.275786447205219359e-02	8.057725105508972696e-02
1.280073998533187932e+03	2.371597102875631358e-01	1.538879775874806288e-01	2.638210536351321966e-01	1.584041133344784025e-01	7.332118113880922716e-02	3.278016999346938798e-02	8.062579402273015172e-02
1.281525329597284326e+03	2.369756968779455630e-01	1.537674419874598686e-01	2.639484099780992077e-01	1.584800052107742663e-01	7.335176333365105161e-02	3.280243412523677765e-02	8.067424848649647207e-02
1.282976660661381175e+03	2.367919996433151542e-01	1.536471071802443800e-01	2.640755428819561157e-01	1.585557621011796647e-01	7.338231656243991707e-02	3.282465700260803199e-02	8.072261462791993636e-02
1.284427991725477568e+03	2.366086180469496314e-01	1.535269728277511014e-01	2.642024527189442140e-01	1.586313842503047911e-01	7.341284076775859979e-02	3.284683875993552049e-02	8.077089262801935565e-02
1.285879322789574417e+03	2.364255515530036544e-01	1.534070385924649893e-01	2.643291398608199616e-01	1.587068719024219698e-01	7.344333589297043219e-02	3.286897953067802192e-02	8.081908266730422619e-02
1.287330653853671038e+03	2.362427996265076824e-01	1.532873041374381573e-01	2.644556046788542059e-01	1.587822253014643803e-01	7.347380188221273867e-02	3.289107944740844031e-02	8.086718492577764372e-02
1.288781984917767431e+03	2.360603617333669468e-01	1.531677691262887941e-01	2.645818475438318496e-01	1.588574446910247517e-01	7.350423868039024367e-02	3.291313864182140309e-02	8.091519958293923176e-02
1.290233315981864052e+03	2.358782373403602861e-01	1.530484332232004419e-01	2.647078688260507406e-01	1.589325303143541146e-01	7.353464623316864623e-02	3.293515724474078976e-02	8.096312681778811138e-02
