1.001418434226643626e+03	2.790064202452136044e-01	1.812139552292205691e-01	2.347769812147490753e-01	1.410296855900417812e-01	6.702456848813082013e-02	2.754317129971563943e-02	6.940521793258844219e-02
1.002869765290740247e+03	2.787499798718837130e-01	1.810481998676194970e-01	2.349549893695279668e-01	1.411357975358296657e-01	6.705874751694583524e-02	2.757759803881703470e-02	6.947468779903627489e-02
1.004321096354836754e+03	2.784939771836703604e-01	1.808827209508918343e-01	2.351326969438836401e-01	1.412417226701559725e-01	6.709295044716535872e-02	2.761191410917620756e-02	6.954401769471660333e-02
1.005772427418933376e+03	2.782384114677525777e-01	1.807175180167992223e-01	2.353101043733643871e-01	1.413474612714095136e-01	6.712717655190260369e-02	2.764612028486266443e-02	6.961320803356907394e-02
1.007223758483029997e+03	2.779832820121392323e-01	1.805525906038550343e-01	2.354872120935911084e-01	1.414530136185024323e-01	6.716142511196866727e-02	2.768021733261114350e-02	6.968225922699244901e-02
1.008675089547126618e+03	2.777285881056720251e-01	1.803879382513232932e-01	2.356640205402489308e-01	1.415583799908531337e-01	6.719569541579653582e-02	2.771420601189441418e-02	6.975117168387169608e-02
1.010126420611223239e+03	2.774743290380279892e-01	1.802235604992178941e-01	2.358405301490788253e-01	1.416635606683693538e-01	6.722998675936578405e-02	2.774808707499536176e-02	6.981994581060479987e-02
1.011577751675319632e+03	2.772205040997220427e-01	1.800594568883015223e-01	2.360167413558693361e-01	1.417685559314316446e-01	6.726429844612803743e-02	2.778186126707834699e-02	6.988858201112914392e-02
1.013029082739416367e+03	2.769671125821094870e-01	1.798956269600845426e-01	2.361926545964483926e-01	1.418733660608770264e-01	6.729862978693308684e-02	2.781552932625985797e-02	6.995708068694762860e-02
1.014480413803512761e+03	2.767141537773887272e-01	1.797320702568242778e-01	2.363682703066754265e-01	1.419779913379829173e-01	6.733298009995580813e-02	2.784909198367848185e-02	7.002544223715434502e-02
1.015931744867609382e+03	2.764616269786034919e-01	1.795687863215238156e-01	2.365435889224331567e-01	1.420824320444515065e-01	6.736734871062381724e-02	2.788254996356414120e-02	7.009366705845998524e-02
1.017383075931706003e+03	2.762095314796452761e-01	1.794057746979311752e-01	2.367186108796200117e-01	1.421866884623942395e-01	6.740173495154573591e-02	2.791590398330667452e-02	7.016175554521685009e-02
1.018834406995802851e+03	2.759578665752557280e-01	1.792430349305381421e-01	2.368933366141420249e-01	1.422907608743165520e-01	6.743613816244024839e-02	2.794915475352373682e-02	7.022970808944356547e-02
1.020285738059899245e+03	2.757066315610289253e-01	1.790805665645794076e-01	2.370677665619053409e-01	1.423946495631030207e-01	6.747055769006583825e-02	2.798230297812799236e-02	7.029752508084946561e-02
1.021737069123995752e+03	2.754558257334136506e-01	1.789183691460316805e-01	2.372419011588086102e-01	1.424983548120025700e-01	6.750499288815116350e-02	2.801534935439368990e-02	7.036520690685864332e-02
1.023188400188092373e+03	2.752054483897155568e-01	1.787564422216124660e-01	2.374157408407354952e-01	1.426018769046140666e-01	6.753944311732619499e-02	2.804829457302254400e-02	7.043275395263368099e-02
1.024639731252188767e+03	2.749554988280994983e-01	1.785947853387792328e-01	2.375892860435471488e-01	1.427052161248721640e-01	6.757390774505395159e-02	2.808113931820895720e-02	7.050016660109904854e-02
1.026091062316285615e+03	2.747059763475914740e-01	1.784333980457283864e-01	2.377625372030749140e-01	1.428083727570333694e-01	6.760838614556297088e-02	2.811388426770462107e-02	7.056744523296427929e-02
1.027542393380382237e+03	2.744568802480808478e-01	1.782722798913942697e-01	2.379354947551131361e-01	1.429113470856621937e-01	6.764287769978039044e-02	2.814653009288245814e-02	7.063459022674670185e-02
1.028993724444478858e+03	2.742082098303222359e-01	1.781114304254481917e-01	2.381081591354120008e-01	1.430141393956178841e-01	6.767738179526575082e-02	2.817907745879991849e-02	7.070160195879399145e-02
1.030445055508575479e+03	2.739599643959377828e-01	1.779508491982974283e-01	2.382805307796703742e-01	1.431167499720410186e-01	6.771189782614535357e-02	2.821152702426168307e-02	7.076848080330637447e-02
1.031896386572671872e+03	2.737121432474188265e-01	1.777905357610841675e-01	2.384526101235288353e-01	1.432191791003405712e-01	6.774642519304735488e-02	2.824387944188170088e-02	7.083522713235854140e-02
1.033347717636768493e+03	2.734647456881280081e-01	1.776304896656845933e-01	2.386243976025628488e-01	1.433214270661811174e-01	6.778096330303744199e-02	2.827613535814465021e-02	7.090184131592129624e-02
1.034799048700865114e+03	2.732177710223012146e-01	1.774707104647078870e-01	2.387958936522758813e-01	1.434234941554702325e-01	6.781551156955516191e-02	2.830829541346675110e-02	7.096832372188287275e-02
1.036250379764961508e+03	2.729712185550491332e-01	1.773111977114951998e-01	2.389670987080926012e-01	1.435253806543461408e-01	6.785006941235090239e-02	2.834036024225600192e-02	7.103467471607005645e-02
1.037701710829058356e+03	2.727250875923594164e-01	1.771519509601186260e-01	2.391380132053523011e-01	1.436270868491655861e-01	6.788463625742340024e-02	2.837233047297181218e-02	7.110089466226895971e-02
1.039153041893154750e+03	2.724793774410981251e-01	1.769929697653803147e-01	2.393086375793022080e-01	1.437286130264918971e-01	6.791921153695798519e-02	2.840420672818402131e-02	7.116698392224553305e-02
1.040604372957251599e+03	2.722340874090117269e-01	1.768342536828113598e-01	2.394789722650911001e-01	1.438299594730833575e-01	6.795379468926532329e-02	2.843598962463136925e-02	7.123294285576586837e-02
1.042055704021347992e+03	2.719892168047286507e-01	1.766758022686707730e-01	2.396490176977628395e-01	1.439311264758814657e-01	6.798838515872084043e-02	2.846767977327934948e-02	7.129877182061614138e-02
1.043507035085444613e+03	2.717447649377610075e-01	1.765176150799446508e-01	2.398187743122499604e-01	1.440321143219997768e-01	6.802298239570471472e-02	2.849927777937751039e-02	7.136447117262241513e-02
1.044958366149541234e+03	2.715007311185061445e-01	1.763596916743450649e-01	2.399882425433674527e-01	1.441329232987127174e-01	6.805758585654238246e-02	2.853078424251617035e-02	7.143004126567006895e-02
1.046409697213637855e+03	2.712571146582482551e-01	1.762020316103090345e-01	2.401574228258064880e-01	1.442335536934447049e-01	6.809219500344580733e-02	2.856219975668258804e-02	7.149548245172310246e-02
1.047861028277734476e+03	2.710139148691598776e-01	1.760446344469975277e-01	2.403263155941284535e-01	1.443340057937593512e-01	6.812680930445513816e-02	2.859352491031654994e-02	7.156079508084305096e-02
1.049312359341831097e+03	2.707711310643035052e-01	1.758874997442945454e-01	2.404949212827587057e-01	1.444342798873488598e-01	6.816142823338106060e-02	2.862476028636544087e-02	7.162597950120774826e-02
1.050763690405927491e+03	2.705287625576330846e-01	1.757306270628060940e-01	2.406632403259807429e-01	1.445343762620236727e-01	6.819605126974764842e-02	2.865590646233871774e-02	7.169103605912989507e-02
1.052215021470024112e+03	2.702868086639953482e-01	1.755740159638590481e-01	2.408312731579302091e-01	1.446342952057023679e-01	6.823067789873579758e-02	2.868696401036189420e-02	7.175596509907522513e-02
1.053666352534120733e+03	2.700452686991312024e-01	1.754176660095003171e-01	2.409990202125891212e-01	1.447340370064015003e-01	6.826530761112722945e-02	2.871793349722994576e-02	7.182076696368060176e-02
1.055117683598217127e+03	2.698041419796771145e-01	1.752615767624957355e-01	2.411664819237800406e-01	1.448336019522257767e-01	6.829993990324910447e-02	2.874881548446020854e-02	7.188544199377182309e-02
1.056569014662313975e+03	2.695634278231668346e-01	1.751057477863291467e-01	2.413336587251604382e-01	1.449329903313585077e-01	6.833457427691895514e-02	2.877961052834475397e-02	7.194999052838117748e-02
1.058020345726410369e+03	2.693231255480320607e-01	1.749501786452012930e-01	2.415005510502171160e-01	1.450322024320518932e-01	6.836921023939049324e-02	2.881031918000220848e-02	7.201441290476480461e-02
1.059471676790506763e+03	2.690832344736041049e-01	1.747948689040288717e-01	2.416671593322604894e-01	1.451312385426178631e-01	6.840384730329962526e-02	2.884094198542910825e-02	7.207870945841982069e-02
1.060923007854603611e+03	2.688437539201151139e-01	1.746398181284435636e-01	2.418334840044192580e-01	1.452300989514187235e-01	6.843848498661128654e-02	2.887147948555070578e-02	7.214288052310124932e-02
1.062374338918700232e+03	2.686046832086992353e-01	1.744850258847909230e-01	2.419995254996350209e-01	1.453287839468582754e-01	6.847312281256651145e-02	2.890193221627128731e-02	7.220692643083873041e-02
1.063825669982796853e+03	2.683660216613938387e-01	1.743304917401294063e-01	2.421652842506566705e-01	1.454272938173729046e-01	6.850776030963026675e-02	2.893230070852398361e-02	7.227084751195297918e-02
1.065277001046893474e+03	2.681277686011404593e-01	1.741762152622294280e-01	2.423307606900354794e-01	1.455256288514228113e-01	6.854239701143967356e-02	2.896258548832008825e-02	7.233464409507210646e-02
1.066728332110990095e+03	2.678899233517863521e-01	1.740221960195723339e-01	2.424959552501195492e-01	1.456237893374835168e-01	6.857703245675277060e-02	2.899278707679787612e-02	7.239831650714768918e-02
1.068179663175086489e+03	2.676524852380851027e-01	1.738684335813492632e-01	2.426608683630488428e-01	1.457217755640375090e-01	6.861166618939779083e-02	2.902290599027096060e-02	7.246186507347063266e-02
1.069630994239183110e+03	2.674154535856980153e-01	1.737149275174603713e-01	2.428255004607500489e-01	1.458195878195658046e-01	6.864629775822286839e-02	2.905294274027614421e-02	7.252529011768688028e-02
1.071082325303279504e+03	2.671788277211950002e-01	1.735616773985136085e-01	2.429898519749315589e-01	1.459172263925399560e-01	6.868092671704636998e-02	2.908289783362079384e-02	7.258859196181285944e-02
1.072533656367376352e+03	2.669426069720555739e-01	1.734086827958237764e-01	2.431539233370784980e-01	1.460146915714140847e-01	6.871555262460757318e-02	2.911277177242976855e-02	7.265177092625078881e-02
1.073984987431472746e+03	2.667067906666700794e-01	1.732559432814116118e-01	2.433177149784478410e-01	1.461119836446169717e-01	6.875017504451794159e-02	2.914256505419185808e-02	7.271482732980380503e-02
1.075436318495569594e+03	2.664713781343401311e-01	1.731034584280027044e-01	2.434812273300634988e-01	1.462091029005444243e-01	6.878479354521280231e-02	2.917227817180575999e-02	7.277776148969082592e-02
1.076887649559666215e+03	2.662363687052799466e-01	1.729512278090264421e-01	2.436444608227116559e-01	1.463060496275516986e-01	6.881940769990356477e-02	2.920191161362561266e-02	7.284057372156127474e-02
1.078338980623762609e+03	2.660017617106171239e-01	1.727992509986150116e-01	2.438074158869359964e-01	1.464028241139459785e-01	6.885401708653032804e-02	2.923146586350607035e-02	7.290326433950969354e-02
1.079790311687859230e+03	2.657675564823934744e-01	1.726475275716024826e-01	2.439700929530330409e-01	1.464994266479791862e-01	6.888862128771500171e-02	2.926094140084691334e-02	7.296583365609005112e-02
1.081241642751955851e+03	2.655337523535659661e-01	1.724960571035237256e-01	2.441324924510475392e-01	1.465958575178407941e-01	6.892321989071495403e-02	2.929033870063723830e-02	7.302828198232992618e-02
1.082692973816052472e+03	2.653003486580073345e-01	1.723448391706133564e-01	2.442946148107679738e-01	1.466921170116507744e-01	6.895781248737699320e-02	2.931965823349920106e-02	7.309060962774453774e-02
1.084144304880149093e+03	2.650673447305069708e-01	1.721938733498048213e-01	2.444564604617219805e-01	1.467882054174526330e-01	6.899239867409184823e-02	2.934890046573131531e-02	7.315281690035059514e-02
1.085595635944245487e+03	2.648347399067716990e-01	1.720431592187293690e-01	2.446180298331720737e-01	1.468841230232066086e-01	6.902697805174912160e-02	2.937806585935131762e-02	7.321490410667993998e-02
1.087046967008342108e+03	2.646025335234265530e-01	1.718926963557149690e-01	2.447793233541111224e-01	1.469798701167830679e-01	6.906155022569268609e-02	2.940715487213863347e-02	7.327687155179304912e-02
1.088498298072438729e+03	2.643707249180153318e-01	1.717424843397853951e-01	2.449403414532581869e-01	1.470754469859558988e-01	6.909611480567649788e-02	2.943616795767637837e-02	7.333871953929241294e-02
1.089949629136535123e+03	2.641393134290013212e-01	1.715925227506590878e-01	2.451010845590541054e-01	1.471708539183960718e-01	6.913067140582081216e-02	2.946510556539298081e-02	7.340044837133564981e-02
1.091400960200631971e+03	2.639082983957681261e-01	1.714428111687483491e-01	2.452615530996574700e-01	1.472660912016653390e-01	6.916521964456889826e-02	2.949396814060336811e-02	7.346205834864856510e-02
1.092852291264728365e+03	2.636776791586200597e-01	1.712933491751580661e-01	2.454217475029402129e-01	1.473611591232098783e-01	6.919975914464417122e-02	2.952275612454974274e-02	7.352354977053797425e-02
1.094303622328825213e+03	2.634474550587829200e-01	1.711441363516849334e-01	2.455816681964838322e-01	1.474560579703544372e-01	6.923428953300768407e-02	2.955146995444196331e-02	7.358492293490445646e-02
1.095754953392921607e+03	2.632176254384043790e-01	1.709951722808162877e-01	2.457413156075751171e-01	1.475507880302961150e-01	6.926881044081609207e-02	2.958011006349750907e-02	7.364617813825477532e-02
1.097206284457018228e+03	2.629881896405547592e-01	1.708464565457291917e-01	2.459006901632022069e-01	1.476453495900985902e-01	6.930332150338001929e-02	2.960867688098106285e-02	7.370731567571443821e-02
1.098657615521114849e+03	2.627591470092274784e-01	1.706979887302894072e-01	2.460597922900507883e-01	1.477397429366862636e-01	6.933782236012281386e-02	2.963717083224368803e-02	7.376833584103983932e-02
1.100108946585211470e+03	2.625304968893394930e-01	1.705497684190503127e-01	2.462186224145000157e-01	1.478339683568386520e-01	6.937231265453978890e-02	2.966559233876161703e-02	7.382923892663034726e-02
1.101560277649308091e+03	2.623022386267319650e-01	1.704017951972519873e-01	2.463771809626188192e-01	1.479280261371847816e-01	6.940679203415771326e-02	2.969394181817465450e-02	7.389002522354030933e-02
1.103011608713404712e+03	2.620743715681704833e-01	1.702540686508201839e-01	2.465354683601620467e-01	1.480219165641976087e-01	6.944126015049485734e-02	2.972221968432420952e-02	7.395069502149079210e-02
1.104462939777501106e+03	2.618468950613457302e-01	1.701065883663652745e-01	2.466934850325667727e-01	1.481156399241888577e-01	6.947571665902131655e-02	2.975042634729091473e-02	7.401124860888130819e-02
1.105914270841597499e+03	2.616198084548737590e-01	1.699593539311812229e-01	2.468512314049485790e-01	1.482091965033034975e-01	6.951016121911982037e-02	2.977856221343191945e-02	7.407168627280132089e-02
1.107365601905694348e+03	2.613931110982965489e-01	1.698123649332446417e-01	2.470087079020979459e-01	1.483025865875147731e-01	6.954459349404686075e-02	2.980662768541776642e-02	7.413200829904161016e-02
1.108816932969790741e+03	2.611668023420821716e-01	1.696656209612137090e-01	2.471659149484766171e-01	1.483958104626189045e-01	6.957901315089420891e-02	2.983462316226893549e-02	7.419221497210556904e-02
1.110268264033887590e+03	2.609408815376252355e-01	1.695191216044273363e-01	2.473228529682142407e-01	1.484888684142302850e-01	6.961341986055083475e-02	2.986254903939199526e-02	7.425230657522025046e-02
1.111719595097984211e+03	2.607153480372473298e-01	1.693728664529038919e-01	2.474795223851045389e-01	1.485817607277764019e-01	6.964781329766521478e-02	2.989040570861541124e-02	7.431228339034742780e-02
1.113170926162080832e+03	2.604902011941971907e-01	1.692268550973403951e-01	2.476359236226021998e-01	1.486744876884930899e-01	6.968219314060794534e-02	2.991819355822499318e-02	7.437214569819443344e-02
1.114622257226177226e+03	2.602654403626511459e-01	1.690810871291114070e-01	2.477920571038192965e-01	1.487670495814198135e-01	6.971655907143477215e-02	2.994591297299899896e-02	7.443189377822484465e-02
1.116073588290273847e+03	2.600410648977131700e-01	1.689355621402680585e-01	2.479479232515220122e-01	1.488594466913950309e-01	6.975091077585003629e-02	2.997356433424285677e-02	7.449152790866910012e-02
1.117524919354370468e+03	2.598170741554153840e-01	1.687902797235370789e-01	2.481035224881272538e-01	1.489516793030515596e-01	6.978524794317032820e-02	3.000114801982359247e-02	7.455104836653501932e-02
1.118976250418467089e+03	2.595934674927182217e-01	1.686452394723197135e-01	2.482588552356995160e-01	1.490437477008121625e-01	6.981957026628864138e-02	3.002866440420385447e-02	7.461045542761811367e-02
1.120427581482563710e+03	2.593702442675105413e-01	1.685004409806907799e-01	2.484139219159474943e-01	1.491356521688851355e-01	6.985387744163887302e-02	3.005611385847565056e-02	7.466974936651181449e-02
1.121878912546660331e+03	2.591474038386098466e-01	1.683558838433975580e-01	2.485687229502210882e-01	1.492273929912599217e-01	6.988816916916053279e-02	3.008349675039372409e-02	7.472893045661758993e-02
1.123330243610756725e+03	2.589249455657625654e-01	1.682115676558589845e-01	2.487232587595081257e-01	1.493189704517030592e-01	6.992244515226397894e-02	3.011081344440859342e-02	7.478799897015496467e-02
1.124781574674853118e+03	2.587028688096441598e-01	1.680674920141643769e-01	2.488775297644313933e-01	1.494103848337538509e-01	6.995670509779590429e-02	3.013806430169927580e-02	7.484695517817131771e-02
1.126232905738949967e+03	2.584811729318592377e-01	1.679236565150726557e-01	2.490315363852455555e-01	1.495016364207203130e-01	6.999094871600508583e-02	3.016524968020568159e-02	7.490579935055177718e-02
1.127684236803046360e+03	2.582598572949416083e-01	1.677800607560112622e-01	2.491852790418340735e-01	1.495927254956752050e-01	7.002517572050868944e-02	3.019236993466066499e-02	7.496453175602874053e-02
1.129135567867143209e+03	2.580389212623546147e-01	1.676367043350750763e-01	2.493387581537064301e-01	1.496836523414521447e-01	7.005938582825869954e-02	3.021942541662180071e-02	7.502315266219145018e-02
1.130586898931239830e+03	2.578183641984911345e-01	1.674935868510255277e-01	2.494919741399949376e-01	1.497744172406416940e-01	7.009357875950872341e-02	3.024641647450279636e-02	7.508166233549545820e-02
1.132038229995336451e+03	2.575981854686732464e-01	1.673507079032895417e-01	2.496449274194521284e-01	1.498650204755875570e-01	7.012775423778122574e-02	3.027334345360461337e-02	7.514006104127188279e-02
1.133489561059432845e+03	2.573783844391530073e-01	1.672080670919585677e-01	2.497976184104477859e-01	1.499554623283828880e-01	7.016191198983498523e-02	3.030020669614628959e-02	7.519834904373665085e-02
1.134940892123529466e+03	2.571589604771120086e-01	1.670656640177874130e-01	2.499500475309662240e-01	1.500457430808667114e-01	7.019605174563289807e-02	3.032700654129541831e-02	7.525652660599958799e-02
1.136392223187626087e+03	2.569399129506613200e-01	1.669234982821935220e-01	2.501022151986033171e-01	1.501358630146202300e-01	7.023017323831010073e-02	3.035374332519836377e-02	7.531459399007341127e-02
1.137843554251722708e+03	2.567212412288418233e-01	1.667815694872557541e-01	2.502541218305641135e-01	1.502258224109633833e-01	7.026427620414237019e-02	3.038041738101013994e-02	7.537255145688265268e-02
1.139294885315819101e+03	2.565029446816240455e-01	1.666398772357134406e-01	2.504057678436599765e-01	1.503156215509514337e-01	7.029836038251494057e-02	3.040702903892403622e-02	7.543039926627240210e-02
1.140746216379915950e+03	2.562850226799079922e-01	1.664984211309653850e-01	2.505571536543058642e-01	1.504052607153716081e-01	7.033242551589152791e-02	3.043357862620089255e-02	7.548813767701705035e-02
1.142197547444012343e+03	2.560674745955232590e-01	1.663572007770689198e-01	2.507082796785178869e-01	1.504947401847396560e-01	7.036647134978364637e-02	3.046006646719812486e-02	7.554576694682883786e-02
1.143648878508108737e+03	2.558502998012289753e-01	1.662162157787387962e-01	2.508591463319106429e-01	1.505840602392967131e-01	7.040049763272032690e-02	3.048649288339843472e-02	7.560328733236638954e-02
1.145100209572205586e+03	2.556334976707137496e-01	1.660754657413462676e-01	2.510097540296947760e-01	1.506732211590061099e-01	7.043450411621804408e-02	3.051285819343825881e-02	7.566069908924306919e-02
1.146551540636302207e+03	2.554170675785953915e-01	1.659349502709180635e-01	2.511601031866743106e-01	1.507622232235502346e-01	7.046849055475101764e-02	3.053916271313590960e-02	7.571800247203530621e-02
1.148002871700398828e+03	2.552010089004209115e-01	1.657946689741353896e-01	2.513101942172445424e-01	1.508510667123274807e-01	7.050245670572165280e-02	3.056540675551944544e-02	7.577519773429081118e-02
1.149454202764495449e+03	2.549853210126664660e-01	1.656546214583329291e-01	2.514600275353892078e-01	1.509397519044491931e-01	7.053640232943153565e-02	3.059159063085427344e-02	7.583228512853666670e-02
1.150905533828591842e+03	2.547700032927370239e-01	1.655148073314978707e-01	2.516096035546783738e-01	1.510282790787368101e-01	7.057032718905241475e-02	3.061771464667045056e-02	7.588926490628740418e-02
1.152356864892688463e+03	2.545550551189664779e-01	1.653752262022687991e-01	2.517589226882658848e-01	1.511166485137188931e-01	7.060423105059766835e-02	3.064377910778973840e-02	7.594613731805285872e-02
1.153808195956785084e+03	2.543404758706172553e-01	1.652358776799349172e-01	2.519079853488873089e-01	1.512048604876282953e-01	7.063811368289402148e-02	3.066978431635237687e-02	7.600290261334607944e-02
1.155259527020881706e+03	2.541262649278802077e-01	1.650967613744347973e-01	2.520567919488576059e-01	1.512929152783995534e-01	7.067197485755347119e-02	3.069573057184358730e-02	7.605956104069107326e-02
1.156710858084978327e+03	2.539124216718744442e-01	1.649578768963555209e-01	2.522053429000686853e-01	1.513808131636658894e-01	7.070581434894557260e-02	3.072161817111982232e-02	7.611611284763043772e-02
1.158162189149074720e+03	2.536989454846468872e-01	1.648192238569317347e-01	2.523536386139873522e-01	1.514685544207567403e-01	7.073963193416989148e-02	3.074744740843473809e-02	7.617255828073297985e-02
1.159613520213171569e+03	2.534858357491725500e-01	1.646808018680445407e-01	2.525016795016530313e-01	1.515561393266951218e-01	7.077342739302888708e-02	3.077321857546492720e-02	7.622889758560122409e-02
1.161064851277267962e+03	2.532730918493537597e-01	1.645426105422206076e-01	2.526494659736758797e-01	1.516435681581950190e-01	7.080720050800087817e-02	3.079893196133537056e-02	7.628513100687882298e-02
1.162516182341364356e+03	2.530607131700202683e-01	1.644046494926310331e-01	2.527969984402342329e-01	1.517308411916588884e-01	7.084095106421342547e-02	3.082458785264466025e-02	7.634125878825785694e-02
1.163967513405461204e+03	2.528486990969286974e-01	1.642669183330905114e-01	2.529442773110729403e-01	1.518179587031752431e-01	7.087467884941689444e-02	3.085018653348995180e-02	7.639728117248612005e-02
1.165418844469557826e+03	2.526370490167624827e-01	1.641294166780561947e-01	2.530913029955011995e-01	1.519049209685161550e-01	7.090838365395832343e-02	3.087572828549168744e-02	7.645319840137428102e-02
1.166870175533654447e+03	2.524257623171315412e-01	1.639921441426268611e-01	2.532380759023904471e-01	1.519917282631349786e-01	7.094206527075547219e-02	3.090121338781803145e-02	7.650901071580298862e-02
1.168321506597751068e+03	2.522148383865718269e-01	1.638551003425417762e-01	2.533845964401724715e-01	1.520783808621639643e-01	7.097572349527123126e-02	3.092664211720912160e-02	7.656471835572989382e-02
1.169772837661847461e+03	2.520042766145452195e-01	1.637182848941798052e-01	2.535308650168373590e-01	1.521648790404120932e-01	7.100935812548822557e-02	3.095201474800102562e-02	7.662032156019654705e-02
1.171224168725944082e+03	2.517940763914389701e-01	1.635816974145583858e-01	2.536768820399316615e-01	1.522512230723628013e-01	7.104296896188365407e-02	3.097733155214949310e-02	7.667582056733529550e-02
1.172675499790040703e+03	2.515842371085655338e-01	1.634453375213324455e-01	2.538226479165566207e-01	1.523374132321717311e-01	7.107655580740440682e-02	3.100259279925345057e-02	7.673121561437608318e-02
1.174126830854137097e+03	2.513747581581620705e-01	1.633092048327936530e-01	2.539681630533660028e-01	1.524234497936647337e-01	7.111011846744241804e-02	3.102779875657826758e-02	7.678650693765309843e-02
1.175578161918233945e+03	2.511656389333902784e-01	1.631732989678691681e-01	2.541134278565645999e-01	1.525093330303357031e-01	7.114365674981025511e-02	3.105294968907879039e-02	7.684169477261149073e-02
1.177029492982330339e+03	2.509568788283357277e-01	1.630376195461208377e-01	2.542584427319060647e-01	1.525950632153445785e-01	7.117717046471699893e-02	3.107804585942215703e-02	7.689677935381390717e-02
1.178480824046426733e+03	2.507484772380076943e-01	1.629021661877441407e-01	2.544032080846915789e-01	1.526806406215152900e-01	7.121065942474422150e-02	3.110308752801035567e-02	7.695176091494697335e-02
1.179932155110523581e+03	2.505404335583387709e-01	1.627669385135671887e-01	2.545477243197676875e-01	1.527660655213338714e-01	7.124412344482239368e-02	3.112807495300259908e-02	7.700663968882773269e-02
1.181383486174620202e+03	2.503327471861842568e-01	1.626319361450497269e-01	2.546919918415248563e-01	1.528513381869465171e-01	7.127756234220739007e-02	3.115300839033743191e-02	7.706141590741000247e-02
1.182834817238716823e+03	2.501254175193218243e-01	1.624971587042822740e-01	2.548360110538958057e-01	1.529364588901576949e-01	7.131097593645724375e-02	3.117788809375465417e-02	7.711608980179066042e-02
1.184286148302813444e+03	2.499184439564511584e-01	1.623626058139849282e-01	2.549797823603536240e-01	1.530214279024283419e-01	7.134436404940917853e-02	3.120271431481700525e-02	7.717066160221587590e-02
1.185737479366910065e+03	2.497118258971934290e-01	1.622282770975066457e-01	2.551233061639103239e-01	1.531062454948740603e-01	7.137772650515680772e-02	3.122748730293162592e-02	7.722513153808725772e-02
1.187188810431006686e+03	2.495055627420908195e-01	1.620941721788239920e-01	2.552665828671150661e-01	1.531909119382633411e-01	7.141106313002763828e-02	3.125220730537133645e-02	7.727949983796790490e-02
1.188640141495103080e+03	2.492996538926061101e-01	1.619602906825403643e-01	2.554096128720528824e-01	1.532754275030158986e-01	7.144437375256067202e-02	3.127687456729565801e-02	7.733376672958849896e-02
1.190091472559199701e+03	2.490940987511221227e-01	1.618266322338849095e-01	2.555523965803428998e-01	1.533597924592009221e-01	7.147765820348433996e-02	3.130148933177167442e-02	7.738793243985317427e-02
1.191542803623296322e+03	2.488888967209413050e-01	1.616931964587116355e-01	2.556949343931367857e-01	1.534440070765355491e-01	7.151091631569464480e-02	3.132605183979463026e-02	7.744199719484549937e-02
1.192994134687392716e+03	2.486840472062852025e-01	1.615599829834982737e-01	2.558372267111173604e-01	1.535280716243831445e-01	7.154414792423341440e-02	3.135056233030837636e-02	7.749596121983423624e-02
1.194445465751489564e+03	2.484795496122939595e-01	1.614269914353455015e-01	2.559792739344970980e-01	1.536119863717517742e-01	7.157735286626693005e-02	3.137502104022558275e-02	7.754982473927918285e-02
1.195896796815585958e+03	2.482754033450256526e-01	1.612942214419758047e-01	2.561210764630167391e-01	1.536957515872927060e-01	7.161053098106461012e-02	3.139942820444774352e-02	7.760358797683679366e-02
1.197348127879682352e+03	2.480716078114560130e-01	1.611616726317325610e-01	2.562626346959437362e-01	1.537793675392988280e-01	7.164368210997799913e-02	3.142378405588500817e-02	7.765725115536591117e-02
1.198799458943779200e+03	2.478681624194777333e-01	1.610293446335790968e-01	2.564039490320709214e-01	1.538628344957033156e-01	7.167680609641993716e-02	3.144808882547577011e-02	7.771081449693331700e-02
1.200250790007875821e+03	2.476650665778998839e-01	1.608972370770976601e-01	2.565450198697152295e-01	1.539461527240780780e-01	7.170990278584390976e-02	3.147234274220613026e-02	7.776427822281921365e-02
1.201702121071972442e+03	2.474623196964474137e-01	1.607653495924885045e-01	2.566858476067162553e-01	1.540293224916324255e-01	7.174297202572366139e-02	3.149654603312909001e-02	7.781764255352277559e-02
1.203153452136069063e+03	2.472599211857605950e-01	1.606336818105688624e-01	2.568264326404348652e-01	1.541123440652117094e-01	7.177601366553296169e-02	3.152069892338359852e-02	7.787090770876754775e-02
1.204604783200165684e+03	2.470578704573944129e-01	1.605022333627719733e-01	2.569667753677521427e-01	1.541952177112959621e-01	7.180902755672556592e-02	3.154480163621339872e-02	7.792407390750674678e-02
1.206056114264262078e+03	2.468561669238178991e-01	1.603710038811461958e-01	2.571068761850677231e-01	1.542779436959986206e-01	7.184201355271539746e-02	3.156885439298569990e-02	7.797714136792863182e-02
1.207507445328358699e+03	2.466548099984137155e-01	1.602399929983539251e-01	2.572467354882990165e-01	1.543605222850652769e-01	7.187497150885693853e-02	3.159285741320961433e-02	7.803011030746169474e-02
1.208958776392455093e+03	2.464537990954774049e-01	1.601092003476707049e-01	2.573863536728796531e-01	1.544429537438723188e-01	7.190790128242571799e-02	3.161681091455447595e-02	7.808298094277989210e-02
1.210410107456551941e+03	2.462531336302167528e-01	1.599786255629842835e-01	2.575257311337583177e-01	1.545252383374259020e-01	7.194080273259920166e-02	3.164071511286791621e-02	7.813575348980775215e-02
1.211861438520648335e+03	2.460528130187513152e-01	1.598482682787935316e-01	2.576648682653976952e-01	1.546073763303606186e-01	7.197367572043758543e-02	3.166457022219381495e-02	7.818842816372548188e-02
1.213312769584745183e+03	2.458528366781116414e-01	1.597181281302075262e-01	2.578037654617732488e-01	1.546893679869384974e-01	7.200652010886503251e-02	3.168837645479002235e-02	7.824100517897400464e-02
1.214764100648841804e+03	2.456532040262387195e-01	1.595882047529446623e-01	2.579424231163721104e-01	1.547712135710477277e-01	7.203933576265095229e-02	3.171213402114592822e-02	7.829348474925987289e-02
1.216215431712937971e+03	2.454539144819832264e-01	1.594584977833316264e-01	2.580808416221916923e-01	1.548529133462017149e-01	7.207212254839147347e-02	3.173584312999987861e-02	7.834586708756031970e-02
1.217666762777034819e+03	2.452549674651049727e-01	1.593290068583024244e-01	2.582190213717391325e-01	1.549344675755378598e-01	7.210488033449118095e-02	3.175950398835634958e-02	7.839815240612801883e-02
1.219118093841131440e+03	2.450563623962722093e-01	1.591997316153974107e-01	2.583569627570297955e-01	1.550158765218166979e-01	7.213760899114492198e-02	3.178311680150301688e-02	7.845034091649594199e-02
1.220569424905228061e+03	2.448580986970608497e-01	1.590706716927623998e-01	2.584946661695863845e-01	1.550971404474207060e-01	7.217030839031988998e-02	3.180668177302763827e-02	7.850243282948220214e-02
1.222020755969324682e+03	2.446601757899539709e-01	1.589418267291475839e-01	2.586321320004377200e-01	1.551782596143534698e-01	7.220297840573783321e-02	3.183019910483473464e-02	7.855442835519470257e-02
1.223472087033421303e+03	2.444625930983410078e-01	1.588131963639067001e-01	2.587693606401181845e-01	1.552592342842386564e-01	7.223561891285744385e-02	3.185366899716216005e-02	7.860632770303586925e-02
1.224923418097517697e+03	2.442653500465170324e-01	1.586847802369960314e-01	2.589063524786662240e-01	1.553400647183190986e-01	7.226822978885694138e-02	3.187709164859744981e-02	7.865813108170725820e-02
1.226374749161614318e+03	2.440684460596821426e-01	1.585565779889734073e-01	2.590431079056236818e-01	1.554207511774559070e-01	7.230081091261675308e-02	3.190046725609402972e-02	7.870983869921412135e-02
1.227826080225710712e+03	2.438718805639406850e-01	1.584285892609972601e-01	2.591796273100347991e-01	1.555012939221275536e-01	7.233336216470247215e-02	3.192379601498729347e-02	7.876145076287002778e-02
1.229277411289807560e+03	2.436756529863004506e-01	1.583008136948257649e-01	2.593159110804452161e-01	1.555816932124290120e-01	7.236588342734795454e-02	3.194707811901045802e-02	7.881296747930127689e-02
1.230728742353903954e+03	2.434797627546722021e-01	1.581732509328156733e-01	2.594519596049010834e-01	1.556619493080710070e-01	7.239837458443848517e-02	3.197031376031030797e-02	7.886438905445136704e-02
1.232180073418000802e+03	2.432842092978686754e-01	1.580459006179216197e-01	2.595877732709483410e-01	1.557420624683790444e-01	7.243083552149427728e-02	3.199350312946277336e-02	7.891571569358545035e-02
1.233631404482097196e+03	2.430889920456039410e-01	1.579187623936949836e-01	2.597233524656315518e-01	1.558220329522927994e-01	7.246326612565395786e-02	3.201664641548832013e-02	7.896694760129459312e-02
1.235082735546193817e+03	2.428941104284926822e-01	1.577918359042830565e-01	2.598586975754932915e-01	1.559018610183653120e-01	7.249566628565837223e-02	3.203974380586723653e-02	7.901808498150018900e-02
1.236534066610290438e+03	2.426995638780494180e-01	1.576651207944279598e-01	2.599938089865732604e-01	1.559815469247621544e-01	7.252803589183441646e-02	3.206279548655473211e-02	7.906912803745820562e-02
1.237985397674387059e+03	2.425053518266877539e-01	1.575386167094657841e-01	2.601286870844075061e-01	1.560610909292607928e-01	7.256037483607911953e-02	3.208580164199590495e-02	7.912007697176338950e-02
1.239436728738483680e+03	2.423114737077194658e-01	1.574123232953256457e-01	2.602633322540274241e-01	1.561404932892499209e-01	7.259268301184386429e-02	3.210876245514053540e-02	7.917093198635344331e-02
1.240888059802580301e+03	2.421179289553540281e-01	1.572862401985287428e-01	2.603977448799590921e-01	1.562197542617286550e-01	7.262496031411870556e-02	3.213167810745775482e-02	7.922169328251323084e-02
1.242339390866676695e+03	2.419247170046975592e-01	1.571603670661873287e-01	2.605319253462228812e-01	1.562988741033060625e-01	7.265720663941693802e-02	3.215454877895057573e-02	7.927236106087884315e-02
1.243790721930773088e+03	2.417318372917521274e-01	1.570347035460038509e-01	2.606658740363322346e-01	1.563778530702003844e-01	7.268942188575973351e-02	3.217737464817022053e-02	7.932293552144166482e-02
1.245242052994869937e+03	2.415392892534149738e-01	1.569092492862700083e-01	2.607995913332930016e-01	1.564566914182385360e-01	7.272160595266097260e-02	3.220015589223038793e-02	7.937341686355241233e-02
1.246693384058966330e+03	2.413470723274776797e-01	1.567840039358657234e-01	2.609330776196028268e-01	1.565353894028553849e-01	7.275375874111220109e-02	3.222289268682130420e-02	7.942380528592513089e-02
1.248144715123063179e+03	2.411551859526253894e-01	1.566589671442583376e-01	2.610663332772506506e-01	1.566139472790932796e-01	7.278588015356780849e-02	3.224558520622370500e-02	7.947410098664110800e-02
1.249596046187159800e+03	2.409636295684359775e-01	1.565341385615015013e-01	2.611993586877157658e-01	1.566923653016014939e-01	7.281797009393016495e-02	3.226823362332258832e-02	7.952430416315275918e-02
1.251047377251256421e+03	2.407724026153792440e-01	1.564095178382343410e-01	2.613321542319673174e-01	1.567706437246356443e-01	7.285002846753514671e-02	3.229083810962091877e-02	7.957441501228762482e-02
1.252498708315352815e+03	2.405815045348159986e-01	1.562851046256805432e-01	2.614647202904635814e-01	1.568487828020572739e-01	7.288205518113766157e-02	3.231339883525313761e-02	7.962443373025201998e-02
1.253950039379449436e+03	2.403909347689974219e-01	1.561608985756473833e-01	2.615970572431514096e-01	1.569267827873331855e-01	7.291405014289732700e-02	3.233591596899855480e-02	7.967436051263496188e-02
1.255401370443546057e+03	2.402006927610640385e-01	1.560368993405247262e-01	2.617291654694655079e-01	1.570046439335351651e-01	7.294601326236428707e-02	3.235838967829462315e-02	7.972419555441190298e-02
1.256852701507642678e+03	2.400107779550449960e-01	1.559131065732841936e-01	2.618610453483279366e-01	1.570823664933394259e-01	7.297794445046523748e-02	3.238082012925005276e-02	7.977393904994839469e-02
1.258304032571739299e+03	2.398211897958571204e-01	1.557895199274781373e-01	2.619926972581477220e-01	1.571599507190261091e-01	7.300984361948950618e-02	3.240320748665779377e-02	7.982359119300386219e-02
1.259755363635835920e+03	2.396319277293041394e-01	1.556661390572387227e-01	2.621241215768200239e-01	1.572373968624789786e-01	7.304171068307527270e-02	3.242555191400792181e-02	7.987315217673517098e-02
1.261206694699932314e+03	2.394429912020758500e-01	1.555429636172771246e-01	2.622553186817256354e-01	1.573147051751850045e-01	7.307354555619602343e-02	3.244785357350037786e-02	7.992262219370029064e-02
1.262658025764028707e+03	2.392543796617470631e-01	1.554199932628823888e-01	2.623862889497305395e-01	1.573918759082338081e-01	7.310534815514704854e-02	3.247011262605755538e-02	7.997200143586184751e-02
1.264109356828125556e+03	2.390660925567770489e-01	1.552972276499206550e-01	2.625170327571854645e-01	1.574689093123175232e-01	7.313711839753204991e-02	3.249232923133680423e-02	8.002129009459069131e-02
1.265560687892221949e+03	2.388781293365083991e-01	1.551746664348341298e-01	2.626475504799252736e-01	1.575458056377303240e-01	7.316885620224994335e-02	3.251450354774276796e-02	8.007048836066937847e-02
1.267012018956318798e+03	2.386904894511661934e-01	1.550523092746402820e-01	2.627778424932685208e-01	1.576225651343681200e-01	7.320056148948179964e-02	3.253663573243964491e-02	8.011959642429571093e-02
1.268463350020415419e+03	2.385031723518572233e-01	1.549301558269307877e-01	2.629079091720168959e-01	1.576991880517281397e-01	7.323223418067786872e-02	3.255872594136326875e-02	8.016861447508608074e-02
1.269914681084511813e+03	2.383161774905689922e-01	1.548082057498706976e-01	2.630377508904549466e-01	1.577756746389087361e-01	7.326387419854474281e-02	3.258077432923313366e-02	8.021754270207899495e-02
1.271366012148608434e+03	2.381295043201689388e-01	1.546864587021974102e-01	2.631673680223496348e-01	1.578520251446090816e-01	7.329548146703261657e-02	3.260278104956423201e-02	8.026638129373837860e-02
1.272817343212705055e+03	2.379431522944033817e-01	1.545649143432198669e-01	2.632967609409497256e-01	1.579282398171288071e-01	7.332705591132279710e-02	3.262474625467882972e-02	8.031513043795691920e-02
1.274268674276801676e+03	2.377571208678967429e-01	1.544435723328174970e-01	2.634259300189854547e-01	1.580043189043678631e-01	7.335859745781518615e-02	3.264667009571808193e-02	8.036379032205943906e-02
1.275720005340898297e+03	2.375714094961506040e-01	1.543224323314394408e-01	2.635548756286684169e-01	1.580802626538261590e-01	7.339010603411592892e-02	3.266855272265358628e-02	8.041236113280614273e-02
1.277171336404994690e+03	2.373860176355427343e-01	1.542014940001034951e-01	2.636835981416907337e-01	1.581560713126034523e-01	7.342158156902521549e-02	3.269039428429874883e-02	8.046084305639586431e-02
1.278622667469091539e+03	2.372009447433262863e-01	1.540807570003953630e-01	2.638120979292249424e-01	1.582317451273989595e-01	7.345302399252523484e-02	3.271219492832008052e-02	8.050923627846931496e-02
1.280073998533187932e+03	2.370161902776287688e-01	1.539602209944674893e-01	2.639403753619237736e-01	1.583072843445113287e-01	7.348443323576815678e-02	3.273395480124837581e-02	8.055754098411226083e-02
1.281525329597284326e+03	2.368317536974512139e-01	1.538398856450383378e-01	2.640684308099193744e-01	1.583826892098383621e-01	7.351580923106426635e-02	3.275567404848980096e-02	8.060575735785868723e-02
1.282976660661381175e+03	2.366476344626672057e-01	1.537197506153914484e-01	2.641962646428235861e-01	1.584579599688768492e-01	7.354715191187026491e-02	3.277735281433680897e-02	8.065388558369394889e-02
1.284427991725477568e+03	2.364638320340218536e-01	1.535998155693744649e-01	2.643238772297270001e-01	1.585330968667224005e-01	7.357846121277758500e-02	3.279899124197901278e-02	8.070192584505782307e-02
1.285879322789574417e+03	2.362803458731309592e-01	1.534800801713982477e-01	2.644512689391991800e-01	1.586081001480692809e-01	7.360973706950094120e-02	3.282058947351389894e-02	8.074987832484765982e-02
1.287330653853671038e+03	2.360971754424801283e-01	1.533605440864359848e-01	2.645784401392879959e-01	1.586829700572102986e-01	7.364097941886690868e-02	3.284214764995747188e-02	8.079774320542137955e-02
1.288781984917767431e+03	2.359143202054236887e-01	1.532412069800221932e-01	2.647053911975196794e-01	1.587577068380366940e-01	7.367218819880264058e-02	3.286366591125475939e-02	8.084552066860049846e-02
1.290233315981864052e+03	2.357317796261838017e-01	1.531220685182519414e-01	2.648321224808982688e-01	1.588323107340380569e-01	7.370336334832471026e-02	3.288514439629024871e-02	8.089321089567313994e-02
