1.001418434226643626e+03	2.851185464473436904e-01	1.712494550063288767e-01	2.348312704073104995e-01	1.422521501754278050e-01	6.904314867729850758e-02	2.757409028015458258e-02	6.993133900610329357e-02
1.002869765290740247e+03	2.848564913222558226e-01	1.710891312885965687e-01	2.350100924003988012e-01	1.423600363037533234e-01	6.908765933614796628e-02	2.759920003372332356e-02	6.999738931509143225e-02
1.004321096354836754e+03	2.845948892280641407e-01	1.709290847519432666e-01	2.351885981944427384e-01	1.424677258930613089e-01	6.913209350307089607e-02	2.762427994853943608e-02	7.006332848084548259e-02
1.005772427418933376e+03	2.843337393802670698e-01	1.707693149163227453e-01	2.353667883387919324e-01	1.425752193283374436e-01	6.917645130613074567e-02	2.764933004834864427e-02	7.012915668176858408e-02
1.007223758483029997e+03	2.840730409957256120e-01	1.706098213025225852e-01	2.355446633818441271e-01	1.426825169936906390e-01	6.922073287320754109e-02	2.767435035690653244e-02	7.019487409607012840e-02
1.008675089547126618e+03	2.838127932926603481e-01	1.704506034321628671e-01	2.357222238710466600e-01	1.427896192723557556e-01	6.926493833199807992e-02	2.769934089797851037e-02	7.026048090176498229e-02
1.010126420611223239e+03	2.835529954906492178e-01	1.702916608276946187e-01	2.358994703528982662e-01	1.428965265466962675e-01	6.930906781001615335e-02	2.772430169533978556e-02	7.032597727667287690e-02
1.011577751675319632e+03	2.832936468106255212e-01	1.701329930123983702e-01	2.360764033729505496e-01	1.430032391982069828e-01	6.935312143459274048e-02	2.774923277277530423e-02	7.039136339841768619e-02
1.013029082739416367e+03	2.830347464748751429e-01	1.699745995103827678e-01	2.362530234758097869e-01	1.431097576075167077e-01	6.939709933287620258e-02	2.777413415407972361e-02	7.045663944442681625e-02
1.014480413803512761e+03	2.827762937070342764e-01	1.698164798465830461e-01	2.364293312051385099e-01	1.432160821543909113e-01	6.944100163183253294e-02	2.779900586305737373e-02	7.052180559193053921e-02
1.015931744867609382e+03	2.825182877320870367e-01	1.696586335467596129e-01	2.366053271036570593e-01	1.433222132177343622e-01	6.948482845824549559e-02	2.782384792352220540e-02	7.058686201796136872e-02
1.017383075931706003e+03	2.822607277763632960e-01	1.695010601374966064e-01	2.367810117131454173e-01	1.434281511755937932e-01	6.952857993871681963e-02	2.784866035929776593e-02	7.065180889935346320e-02
1.018834406995802851e+03	2.820036130675361297e-01	1.693437591462003955e-01	2.369563855744446224e-01	1.435338964051604826e-01	6.957225619966644903e-02	2.787344319421714012e-02	7.071664641274195973e-02
1.020285738059899245e+03	2.817469428346194293e-01	1.691867301010982483e-01	2.371314492274585184e-01	1.436394492827729463e-01	6.961585736733269525e-02	2.789819645212291907e-02	7.078137473456241890e-02
1.021737069123995752e+03	2.814907163079658492e-01	1.690299725312367773e-01	2.373062032111553921e-01	1.437448101839193804e-01	6.965938356777240381e-02	2.792292015686714812e-02	7.084599404105022813e-02
1.023188400188092373e+03	2.812349327192640303e-01	1.688734859664805521e-01	2.374806480635694994e-01	1.438499794832405199e-01	6.970283492686116245e-02	2.794761433231128869e-02	7.091050450824004647e-02
1.024639731252188767e+03	2.809795913015367130e-01	1.687172699375107110e-01	2.376547843218028422e-01	1.439549575545319704e-01	6.974621157029352314e-02	2.797227900232616971e-02	7.097490631196515243e-02
1.026091062316285615e+03	2.807246912891381285e-01	1.685613239758234905e-01	2.378286125220266389e-01	1.440597447707468448e-01	6.978951362358309929e-02	2.799691419079194596e-02	7.103919962785695819e-02
1.027542393380382237e+03	2.804702319177517778e-01	1.684056476137286706e-01	2.380021331994829903e-01	1.441643415039984000e-01	6.983274121206284324e-02	2.802151992159804608e-02	7.110338463134444065e-02
1.028993724444478858e+03	2.802162124243878227e-01	1.682502403843483818e-01	2.381753468884865166e-01	1.442687481255625070e-01	6.987589446088514344e-02	2.804609621864313437e-02	7.116746149765358631e-02
1.030445055508575479e+03	2.799626320473813657e-01	1.680951018216155779e-01	2.383482541224259121e-01	1.443729650058802327e-01	6.991897349502204650e-02	2.807064310583506223e-02	7.123143040180691943e-02
1.031896386572671872e+03	2.797094900263895068e-01	1.679402314602725654e-01	2.385208554337656106e-01	1.444769925145602818e-01	6.996197843926543758e-02	2.809516060709081262e-02	7.129529151862287750e-02
1.033347717636768493e+03	2.794567856023894570e-01	1.677856288358695602e-01	2.386931513540474226e-01	1.445808310203816061e-01	7.000490941822716529e-02	2.811964874633646194e-02	7.135904502271540883e-02
1.034799048700865114e+03	2.792045180176759844e-01	1.676312934847634661e-01	2.388651424138920065e-01	1.446844808912958746e-01	7.004776655633929150e-02	2.814410754750712104e-02	7.142269108849337578e-02
1.036250379764961508e+03	2.789526865158591939e-01	1.674772249441162653e-01	2.390368291430005343e-01	1.447879424944299165e-01	7.009054997785418850e-02	2.816853703454689703e-02	7.148622989016012452e-02
1.037701710829058356e+03	2.787012903418623067e-01	1.673234227518936856e-01	2.392082120701563563e-01	1.448912161960882183e-01	7.013325980684471939e-02	2.819293723140883431e-02	7.154966160171299938e-02
1.039153041893154750e+03	2.784503287419192175e-01	1.671698864468637857e-01	2.393792917232264172e-01	1.449943023617554505e-01	7.017589616720446011e-02	2.821730816205486950e-02	7.161298639694280155e-02
1.040604372957251599e+03	2.781998009635724411e-01	1.670166155685955667e-01	2.395500686291630876e-01	1.450972013560989093e-01	7.021845918264782438e-02	2.824164985045577933e-02	7.167620444943342828e-02
1.042055704021347992e+03	2.779497062556703924e-01	1.668636096574575567e-01	2.397205433140055797e-01	1.451999135429708765e-01	7.026094897671018857e-02	2.826596232059112521e-02	7.173931593256133166e-02
1.043507035085444613e+03	2.777000438683655537e-01	1.667108682546163678e-01	2.398907163028815015e-01	1.453024392854111724e-01	7.030336567274815540e-02	2.829024559644921152e-02	7.180232101949506063e-02
1.044958366149541234e+03	2.774508130531119776e-01	1.665583909020353637e-01	2.400605881200086611e-01	1.454047789456494599e-01	7.034570939393962330e-02	2.831449970202702324e-02	7.186521988319488630e-02
1.046409697213637855e+03	2.772020130626630663e-01	1.664061771424731884e-01	2.402301592886963710e-01	1.455069328851077703e-01	7.038798026328398072e-02	2.833872466133017728e-02	7.192801269641235784e-02
1.047861028277734476e+03	2.769536431510692953e-01	1.662542265194824898e-01	2.403994303313471415e-01	1.456089014644028623e-01	7.043017840360231430e-02	2.836292049837287055e-02	7.199069963168983066e-02
1.049312359341831097e+03	2.767057025736759379e-01	1.661025385774084762e-01	2.405684017694583732e-01	1.457106850433486367e-01	7.047230393753745048e-02	2.838708723717782087e-02	7.205328086136009169e-02
1.050763690405927491e+03	2.764581905871207890e-01	1.659511128613874453e-01	2.407370741236237455e-01	1.458122839809584403e-01	7.051435698755421921e-02	2.841122490177621848e-02	7.211575655754592917e-02
1.052215021470024112e+03	2.762111064493317780e-01	1.657999489173455632e-01	2.409054479135348537e-01	1.459136986354475363e-01	7.055633767593959271e-02	2.843533351620767050e-02	7.217812689215975797e-02
1.053666352534120733e+03	2.759644494195251374e-01	1.656490462919972817e-01	2.410735236579827911e-01	1.460149293642353796e-01	7.059824612480278261e-02	2.845941310452014539e-02	7.224039203690320321e-02
1.055117683598217127e+03	2.757182187582026822e-01	1.654984045328441455e-01	2.412413018748596483e-01	1.461159765239481156e-01	7.064008245607546199e-02	2.848346369076991749e-02	7.230255216326671175e-02
1.056569014662313975e+03	2.754724137271498674e-01	1.653480231881732931e-01	2.414087830811602331e-01	1.462168404704207170e-01	7.068184679151184868e-02	2.850748529902150455e-02	7.236460744252921906e-02
1.058020345726410369e+03	2.752270335894332898e-01	1.651979018070561522e-01	2.415759677929834037e-01	1.463175215586995093e-01	7.072353925268894115e-02	2.853147795334762607e-02	7.242655804575774681e-02
1.059471676790506763e+03	2.749820776093986896e-01	1.650480399393470521e-01	2.417428565255337891e-01	1.464180201430443085e-01	7.076515996100660177e-02	2.855544167782913048e-02	7.248840414380702812e-02
1.060923007854603611e+03	2.747375450526686746e-01	1.648984371356818357e-01	2.419094497931232879e-01	1.465183365769309465e-01	7.080670903768773727e-02	2.857937649655495349e-02	7.255014590731923008e-02
1.062374338918700232e+03	2.744934351861402777e-01	1.647490929474764720e-01	2.420757481091725671e-01	1.466184712130533807e-01	7.084818660377843746e-02	2.860328243362204176e-02	7.261178350672348181e-02
1.063825669982796853e+03	2.742497472779830137e-01	1.646000069269257238e-01	2.422417519862127000e-01	1.467184244033260809e-01	7.088959278014812793e-02	2.862715951313531820e-02	7.267331711223566637e-02
1.065277001046893474e+03	2.740064805976365481e-01	1.644511786270018150e-01	2.424074619358866645e-01	1.468181964988862775e-01	7.093092768748972266e-02	2.865100775920759874e-02	7.273474689385800440e-02
1.066728332110990095e+03	2.737636344158083657e-01	1.643026076014530434e-01	2.425728784689508977e-01	1.469177878500962653e-01	7.097219144631972121e-02	2.867482719595956103e-02	7.279607302137876268e-02
1.068179663175086489e+03	2.735212080044717164e-01	1.641542934048023927e-01	2.427380020952767670e-01	1.470171988065456514e-01	7.101338417697845851e-02	2.869861784751965780e-02	7.285729566437192106e-02
1.069630994239183110e+03	2.732792006368633397e-01	1.640062355923461723e-01	2.429028333238522075e-01	1.471164297170536595e-01	7.105450599963016034e-02	2.872237973802407862e-02	7.291841499219688105e-02
1.071082325303279504e+03	2.730376115874812992e-01	1.638584337201527408e-01	2.430673726627832210e-01	1.472154809296712386e-01	7.109555703426310991e-02	2.874611289161667707e-02	7.297943117399817436e-02
1.072533656367376352e+03	2.727964401320827070e-01	1.637108873450610902e-01	2.432316206192953745e-01	1.473143527916834228e-01	7.113653740068977271e-02	2.876981733244892217e-02	7.304034437870511598e-02
1.073984987431472746e+03	2.725556855476815032e-01	1.635635960246795417e-01	2.433955776997353548e-01	1.474130456496115238e-01	7.117744721854701861e-02	2.879349308467982205e-02	7.310115477503156822e-02
1.075436318495569594e+03	2.723153471125465130e-01	1.634165593173843856e-01	2.435592444095724118e-01	1.475115598492153235e-01	7.121828660729620508e-02	2.881714017247588577e-02	7.316186253147562157e-02
1.076887649559666215e+03	2.720754241061987821e-01	1.632697767823185209e-01	2.437226212534000791e-01	1.476098957354952945e-01	7.125905568622328823e-02	2.884075862001104010e-02	7.322246781631935875e-02
1.078338980623762609e+03	2.718359158094099115e-01	1.631232479793900958e-01	2.438857087349374508e-01	1.477080536526947929e-01	7.129975457443900322e-02	2.886434845146657741e-02	7.328297079762853550e-02
1.079790311687859230e+03	2.715968215041995593e-01	1.629769724692712307e-01	2.440485073570308749e-01	1.478060339443022231e-01	7.134038339087900304e-02	2.888790969103110021e-02	7.334337164325234470e-02
1.081241642751955851e+03	2.713581404738333314e-01	1.628309498133966304e-01	2.442110176216554240e-01	1.479038369530532859e-01	7.138094225430403894e-02	2.891144236290044481e-02	7.340367052082316657e-02
1.082692973816052472e+03	2.711198720028205611e-01	1.626851795739623352e-01	2.443732400299163665e-01	1.480014630209330606e-01	7.142143128330001589e-02	2.893494649127763274e-02	7.346386759775630493e-02
1.084144304880149093e+03	2.708820153769123662e-01	1.625396613139242219e-01	2.445351750820506653e-01	1.480989124891782527e-01	7.146185059627817304e-02	2.895842210037281178e-02	7.352396304124976523e-02
1.085595635944245487e+03	2.706445698830992064e-01	1.623943945969968383e-01	2.446968232774285601e-01	1.481961856982792480e-01	7.150220031147523636e-02	2.898186921440316574e-02	7.358395701828396307e-02
1.087046967008342108e+03	2.704075348096087739e-01	1.622493789876520709e-01	2.448581851145550103e-01	1.482932829879823056e-01	7.154248054695355741e-02	2.900528785759288325e-02	7.364384969562155769e-02
1.088498298072438729e+03	2.701709094459039950e-01	1.621046140511177014e-01	2.450192610910712498e-01	1.483902046972917221e-01	7.158269142060121049e-02	2.902867805417307795e-02	7.370364123980718829e-02
1.089949629136535123e+03	2.699346930826806990e-01	1.619600993533761857e-01	2.451800517037562299e-01	1.484869511644718865e-01	7.162283305013217305e-02	2.905203982838172605e-02	7.376333181716725196e-02
1.091400960200631971e+03	2.696988850118655079e-01	1.618158344611632937e-01	2.453405574485281460e-01	1.485835227270494718e-01	7.166290555308645061e-02	2.907537320446360735e-02	7.382292159380969554e-02
1.092852291264728365e+03	2.694634845266137280e-01	1.616718189419668328e-01	2.455007788204458530e-01	1.486799197218154622e-01	7.170290904683021549e-02	2.909867820667023930e-02	7.388241073562383521e-02
1.094303622328825213e+03	2.692284909213071842e-01	1.615280523640253152e-01	2.456607163137105032e-01	1.487761424848272895e-01	7.174284364855590401e-02	2.912195485925980765e-02	7.394179940828014830e-02
1.095754953392921607e+03	2.689939034915522220e-01	1.613845342963266261e-01	2.458203704216669061e-01	1.488721913514109152e-01	7.178270947528243850e-02	2.914520318649710742e-02	7.400108777722999576e-02
1.097206284457018228e+03	2.687597215341772650e-01	1.612412643086066910e-01	2.459797416368051104e-01	1.489680666561629119e-01	7.182250664385526895e-02	2.916842321265347357e-02	7.406027600770553887e-02
1.098657615521114849e+03	2.685259443472309271e-01	1.610982419713482550e-01	2.461388304507617641e-01	1.490637687329525174e-01	7.186223527094655339e-02	2.919161496200672890e-02	7.411936426471948947e-02
1.100108946585211470e+03	2.682925712299798482e-01	1.609554668557794943e-01	2.462976373543217523e-01	1.491592979149237441e-01	7.190189547305532447e-02	2.921477845884110081e-02	7.417835271306497114e-02
1.101560277649308091e+03	2.680596014829064733e-01	1.608129385338727957e-01	2.464561628374195290e-01	1.492546545344974052e-01	7.194148736650754494e-02	2.923791372744715886e-02	7.423724151731531107e-02
1.103011608713404712e+03	2.678270344077070542e-01	1.606706565783433682e-01	2.466144073891406996e-01	1.493498389233731682e-01	7.198101106745634359e-02	2.926102079212176618e-02	7.429603084182387351e-02
1.104462939777501106e+03	2.675948693072893736e-01	1.605286205626479668e-01	2.467723714977234362e-01	1.494448514125314709e-01	7.202046669188205685e-02	2.928409967716798928e-02	7.435472085072393489e-02
1.105914270841597499e+03	2.673631054857708023e-01	1.603868300609837538e-01	2.469300556505598931e-01	1.495396923322358240e-01	7.205985435559240926e-02	2.930715040689505294e-02	7.441331170792844785e-02
1.107365601905694348e+03	2.671317422484762449e-01	1.602452846482866899e-01	2.470874603341978448e-01	1.496343620120345608e-01	7.209917417422265218e-02	2.933017300561826038e-02	7.447180357712997190e-02
1.108816932969790741e+03	2.669007789019356425e-01	1.601039839002305620e-01	2.472445860343419899e-01	1.497288607807629734e-01	7.213842626323567486e-02	2.935316749765893088e-02	7.453019662180049298e-02
1.110268264033887590e+03	2.666702147538823064e-01	1.599629273932254570e-01	2.474014332358554502e-01	1.498231889665453398e-01	7.217761073792217097e-02	2.937613390734432686e-02	7.458849100519124309e-02
1.111719595097984211e+03	2.664400491132505877e-01	1.598221147044167068e-01	2.475580024227612974e-01	1.499173468967968381e-01	7.221672771340073571e-02	2.939907225900760881e-02	7.464668689033261695e-02
1.113170926162080832e+03	2.662102812901737670e-01	1.596815454116833899e-01	2.477142940782439406e-01	1.500113348982255457e-01	7.225577730461799075e-02	2.942198257698773814e-02	7.470478444003401941e-02
1.114622257226177226e+03	2.659809105959822784e-01	1.595412190936370822e-01	2.478703086846506531e-01	1.501051532968344926e-01	7.229475962634877850e-02	2.944486488562943205e-02	7.476278381688371277e-02
1.116073588290273847e+03	2.657519363432012116e-01	1.594011353296207745e-01	2.480260467234928490e-01	1.501988024179235492e-01	7.233367479319627313e-02	2.946771920928308378e-02	7.482068518324871964e-02
1.117524919354370468e+03	2.655233578455484245e-01	1.592612936997073736e-01	2.481815086754477484e-01	1.502922825860914802e-01	7.237252291959207773e-02	2.949054557230470705e-02	7.487848870127469803e-02
1.118976250418467089e+03	2.652951744179323779e-01	1.591216937846984814e-01	2.483366950203597656e-01	1.503855941252378037e-01	7.241130411979637693e-02	2.951334399905585285e-02	7.493619453288584420e-02
1.120427581482563710e+03	2.650673853764503041e-01	1.589823351661232009e-01	2.484916062372418688e-01	1.504787373585647625e-01	7.245001850789807574e-02	2.953611451390355039e-02	7.499380283978476780e-02
1.121878912546660331e+03	2.648399900383857641e-01	1.588432174262368046e-01	2.486462428042770512e-01	1.505717126085792945e-01	7.248866619781496601e-02	2.955885714122023430e-02	7.505131378345235305e-02
1.123330243610756725e+03	2.646129877222069271e-01	1.587043401480195126e-01	2.488006051988198852e-01	1.506645201970949477e-01	7.252724730329380975e-02	2.958157190538369605e-02	7.510872752514771711e-02
1.124781574674853118e+03	2.643863777475642385e-01	1.585657029151751607e-01	2.489546938973977719e-01	1.507571604452338232e-01	7.256576193791046403e-02	2.960425883077698328e-02	7.516604422590807133e-02
1.126232905738949967e+03	2.641601594352884774e-01	1.584273053121299513e-01	2.491085093757124946e-01	1.508496336734284626e-01	7.260421021507007522e-02	2.962691794178835478e-02	7.522326404654866572e-02
1.127684236803046360e+03	2.639343321073887028e-01	1.582891469240312599e-01	2.492620521086416907e-01	1.509419402014237355e-01	7.264259224800719006e-02	2.964954926281120409e-02	7.528038714766266404e-02
1.129135567867143209e+03	2.637088950870502546e-01	1.581512273367463028e-01	2.494153225702401555e-01	1.510340803482788374e-01	7.268090814978585279e-02	2.967215281824399017e-02	7.533741368962108831e-02
1.130586898931239830e+03	2.634838476986324785e-01	1.580135461368608885e-01	2.495683212337413692e-01	1.511260544323690114e-01	7.271915803329975780e-02	2.969472863249016797e-02	7.539434383257273553e-02
1.132038229995336451e+03	2.632591892676670597e-01	1.578761029116782511e-01	2.497210485715588568e-01	1.512178627713876289e-01	7.275734201127240230e-02	2.971727672995812600e-02	7.545117773644409442e-02
1.133489561059432845e+03	2.630349191208554704e-01	1.577388972492176633e-01	2.498735050552876313e-01	1.513095056823479390e-01	7.279546019625722508e-02	2.973979713506110650e-02	7.550791556093928991e-02
1.134940892123529466e+03	2.628110365860675812e-01	1.576019287382132983e-01	2.500256911557056649e-01	1.514009834815849553e-01	7.283351270063770366e-02	2.976228987221714653e-02	7.556455746554001374e-02
1.136392223187626087e+03	2.625875409923388859e-01	1.574651969681129249e-01	2.501776073427752767e-01	1.514922964847573439e-01	7.287149963662750696e-02	2.978475496584900503e-02	7.562110360950542731e-02
1.137843554251722708e+03	2.623644316698691137e-01	1.573287015290766311e-01	2.503292540856443815e-01	1.515834450068492822e-01	7.290942111627066180e-02	2.980719244038408308e-02	7.567755415187216173e-02
1.139294885315819101e+03	2.621417079500197866e-01	1.571924420119757138e-01	2.504806318526482944e-01	1.516744293621722917e-01	7.294727725144160846e-02	2.982960232025437183e-02	7.573390925145424835e-02
1.140746216379915950e+03	2.619193691653123324e-01	1.570564180083913186e-01	2.506317411113107019e-01	1.517652498643670689e-01	7.298506815384542268e-02	2.985198462989637272e-02	7.579016906684304944e-02
1.142197547444012343e+03	2.616974146494262521e-01	1.569206291106132189e-01	2.507825823283453825e-01	1.518559068264052903e-01	7.302279393501789895e-02	2.987433939375102807e-02	7.584633375640717490e-02
1.143648878508108737e+03	2.614758437371966782e-01	1.567850749116386500e-01	2.509331559696573732e-01	1.519464005605916102e-01	7.306045470632571703e-02	2.989666663626365864e-02	7.590240347829256551e-02
1.145100209572205586e+03	2.612546557646128198e-01	1.566497550051709486e-01	2.510834625003446341e-01	1.520367313785651597e-01	7.309805057896652525e-02	2.991896638188387691e-02	7.595837839042234030e-02
1.146551540636302207e+03	2.610338500688155206e-01	1.565146689856184437e-01	2.512335023846992144e-01	1.521268995913016842e-01	7.313558166396913474e-02	2.994123865506553156e-02	7.601425865049679653e-02
1.148002871700398828e+03	2.608134259880956485e-01	1.563798164480931230e-01	2.513832760862086957e-01	1.522169055091151801e-01	7.317304807219360274e-02	2.996348348026664152e-02	7.607004441599338196e-02
1.149454202764495449e+03	2.605933828618918757e-01	1.562451969884095515e-01	2.515327840675578019e-01	1.523067494416596446e-01	7.321044991433142690e-02	2.998570088194931274e-02	7.612573584416669481e-02
1.150905533828591842e+03	2.603737200307886246e-01	1.561108102030834832e-01	2.516820267906293984e-01	1.523964316979310174e-01	7.324778730090561463e-02	3.000789088457966186e-02	7.618133309204840053e-02
1.152356864892688463e+03	2.601544368365142357e-01	1.559766556893307232e-01	2.518310047165063792e-01	1.524859525862688470e-01	7.328506034227089128e-02	3.003005351262777456e-02	7.623683631644725955e-02
1.153808195956785084e+03	2.599355326219388584e-01	1.558427330450659343e-01	2.519797183054726664e-01	1.525753124143581219e-01	7.332226914861376954e-02	3.005218879056760495e-02	7.629224567394912726e-02
1.155259527020881706e+03	2.597170067310725639e-01	1.557090418689013600e-01	2.521281680170146533e-01	1.526645114892310195e-01	7.335941382995271598e-02	3.007429674287692353e-02	7.634756132091688463e-02
1.156710858084978327e+03	2.594988585090632349e-01	1.555755817601456037e-01	2.522763543098225925e-01	1.527535501172686550e-01	7.339649449613830368e-02	3.009637739403724088e-02	7.640278341349046598e-02
1.158162189149074720e+03	2.592810873021947349e-01	1.554423523188024625e-01	2.524242776417922607e-01	1.528424286042028568e-01	7.343351125685329550e-02	3.011843076853373824e-02	7.645791210758684509e-02
1.159613520213171569e+03	2.590636924578847422e-01	1.553093531455696785e-01	2.525719384700259029e-01	1.529311472551178885e-01	7.347046422161283841e-02	3.014045689085518426e-02	7.651294755890002131e-02
1.161064851277267962e+03	2.588466733246828078e-01	1.551765838418377730e-01	2.527193372508338420e-01	1.530197063744522523e-01	7.350735349976460220e-02	3.016245578549389336e-02	7.656788992290107509e-02
1.162516182341364356e+03	2.586300292522687450e-01	1.550440440096887418e-01	2.528664744397358666e-01	1.531081062660003544e-01	7.354417920048883506e-02	3.018442747694562514e-02	7.662273935483809861e-02
1.163967513405461204e+03	2.584137595914500762e-01	1.549117332518949730e-01	2.530133504914625631e-01	1.531963472329142262e-01	7.358094143279862720e-02	3.020637198970952883e-02	7.667749600973626511e-02
1.165418844469557826e+03	2.581978636941604233e-01	1.547796511719179702e-01	2.531599658599567038e-01	1.532844295777053278e-01	7.361764030553992477e-02	3.022828934828806699e-02	7.673216004239780119e-02
1.166870175533654447e+03	2.579823409134576195e-01	1.546477973739072143e-01	2.533063209983745234e-01	1.533723536022461864e-01	7.365427592739175189e-02	3.025017957718695305e-02	7.678673160740200065e-02
1.168321506597751068e+03	2.577671906035214344e-01	1.545161714626988037e-01	2.534524163590871626e-01	1.534601196077720886e-01	7.369084840686633553e-02	3.027204270091507499e-02	7.684121085910529392e-02
1.169772837661847461e+03	2.575524121196519634e-01	1.543847730438144550e-01	2.535982523936820554e-01	1.535477278948829127e-01	7.372735785230918881e-02	3.029387874398441205e-02	7.689559795164120637e-02
1.171224168725944082e+03	2.573380048182673518e-01	1.542536017234602819e-01	2.537438295529642063e-01	1.536351787635446831e-01	7.376380437189931916e-02	3.031568773090998620e-02	7.694989303892038612e-02
1.172675499790040703e+03	2.571239680569021302e-01	1.541226571085253794e-01	2.538891482869575777e-01	1.537224725130912906e-01	7.380018807364936706e-02	3.033746968620977882e-02	7.700409627463071505e-02
1.174126830854137097e+03	2.569103011942050485e-01	1.539919388065809081e-01	2.540342090449064782e-01	1.538096094422261861e-01	7.383650906540564773e-02	3.035922463440466137e-02	7.705820781223722549e-02
1.175578161918233945e+03	2.566970035899373559e-01	1.538614464258787895e-01	2.541790122752768943e-01	1.538965898490241013e-01	7.387276745484842866e-02	3.038095260001832595e-02	7.711222780498221130e-02
1.177029492982330339e+03	2.564840746049706355e-01	1.537311795753505683e-01	2.543235584257578785e-01	1.539834140309326305e-01	7.390896334949198510e-02	3.040265360757720900e-02	7.716615640588522784e-02
1.178480824046426733e+03	2.562715136012850836e-01	1.536011378646060521e-01	2.544678479432627149e-01	1.540700822847739515e-01	7.394509685668473886e-02	3.042432768161042189e-02	7.721999376774314749e-02
1.179932155110523581e+03	2.560593199419673449e-01	1.534713209039323401e-01	2.546118812739306403e-01	1.541565949067464636e-01	7.398116808360942487e-02	3.044597484664968504e-02	7.727374004313020128e-02
1.181383486174620202e+03	2.558474929912088469e-01	1.533417283042926293e-01	2.547556588631276764e-01	1.542429521924264524e-01	7.401717713728324377e-02	3.046759512722926194e-02	7.732739538439800664e-02
1.182834817238716823e+03	2.556360321143035796e-01	1.532123596773249108e-01	2.548991811554483511e-01	1.543291544367696999e-01	7.405312412455797300e-02	3.048918854788586902e-02	7.738095994367565067e-02
1.184286148302813444e+03	2.554249366776464858e-01	1.530832146353408307e-01	2.550424485947170306e-01	1.544152019341131499e-01	7.408900915212013327e-02	3.051075513315862353e-02	7.743443387286970403e-02
1.185737479366910065e+03	2.552142060487313513e-01	1.529542927913246364e-01	2.551854616239891405e-01	1.545010949781765452e-01	7.412483232649109965e-02	3.053229490758895340e-02	7.748781732366429031e-02
1.187188810431006686e+03	2.550038395961490290e-01	1.528255937589317603e-01	2.553282206855522762e-01	1.545868338620639826e-01	7.416059375402726805e-02	3.055380789572054515e-02	7.754111044752114157e-02
1.188640141495103080e+03	2.547938366895852180e-01	1.526971171524879323e-01	2.554707262209280905e-01	1.546724188782656328e-01	7.419629354092019402e-02	3.057529412209927105e-02	7.759431339567963992e-02
1.190091472559199701e+03	2.545841966998190209e-01	1.525688625869878468e-01	2.556129786708730700e-01	1.547578503186592125e-01	7.423193179319675927e-02	3.059675361127310242e-02	7.764742631915694249e-02
1.191542803623296322e+03	2.543749189987206116e-01	1.524408296780939975e-01	2.557549784753801458e-01	1.548431284745118708e-01	7.426750861671922721e-02	3.061818638779204710e-02	7.770044936874796748e-02
1.192994134687392716e+03	2.541660029592496817e-01	1.523130180421355673e-01	2.558967260736800253e-01	1.549282536364813834e-01	7.430302411718552047e-02	3.063959247620809054e-02	7.775338269502550526e-02
1.194445465751489564e+03	2.539574479554532749e-01	1.521854272961072896e-01	2.560382219042424690e-01	1.550132260946181229e-01	7.433847840012926256e-02	3.066097190107509862e-02	7.780622644834027379e-02
1.195896796815585958e+03	2.537492533624639557e-01	1.520580570576682000e-01	2.561794664047775116e-01	1.550980461383663633e-01	7.437387157091995826e-02	3.068232468694877257e-02	7.785898077882098811e-02
1.197348127879682352e+03	2.535414185564981437e-01	1.519309069451404981e-01	2.563204600122368504e-01	1.551827140565661123e-01	7.440920373476310468e-02	3.070365085838656916e-02	7.791164583637444352e-02
1.198799458943779200e+03	2.533339429148538935e-01	1.518039765775084649e-01	2.564612031628153432e-01	1.552672301374544150e-01	7.444447499670039936e-02	3.072495043994762087e-02	7.796422177068559889e-02
1.200250790007875821e+03	2.531268258159092288e-01	1.516772655744172693e-01	2.566016962919518418e-01	1.553515946686671589e-01	7.447968546160983749e-02	3.074622345619267352e-02	7.801670873121763217e-02
1.201702121071972442e+03	2.529200666391202001e-01	1.515507735561718028e-01	2.567419398343311343e-01	1.554358079372405166e-01	7.451483523420587840e-02	3.076746993168401681e-02	7.806910686721203751e-02
1.203153452136069063e+03	2.527136647650190526e-01	1.514245001437354854e-01	2.568819342238847225e-01	1.555198702296125557e-01	7.454992441903958433e-02	3.078868989098540801e-02	7.812141632768873634e-02
1.204604783200165684e+03	2.525076195752122277e-01	1.512984449587292390e-01	2.570216798937924318e-01	1.556037818316247379e-01	7.458495312049875925e-02	3.080988335866200259e-02	7.817363726144610503e-02
1.206056114264262078e+03	2.523019304523785866e-01	1.511726076234302940e-01	2.571611772764836323e-01	1.556875430285235007e-01	7.461992144280810146e-02	3.083105035928028481e-02	7.822576981706111376e-02
1.207507445328358699e+03	2.520965967802676344e-01	1.510469877607709954e-01	2.573004268036383491e-01	1.557711541049617843e-01	7.465482949002934243e-02	3.085219091740800182e-02	7.827781414288939588e-02
1.208958776392455093e+03	2.518916179436974101e-01	1.509215849943376375e-01	2.574394289061889274e-01	1.558546153450006411e-01	7.468967736606142716e-02	3.087330505761408384e-02	7.832977038706535888e-02
1.210410107456551941e+03	2.516869933285528771e-01	1.507963989483694645e-01	2.575781840143210877e-01	1.559379270321106237e-01	7.472446517464062521e-02	3.089439280446857131e-02	7.838163869750226775e-02
1.211861438520648335e+03	2.514827223217839247e-01	1.506714292477573935e-01	2.577166925574752021e-01	1.560210894491734224e-01	7.475919301934068339e-02	3.091545418254256286e-02	7.843341922189231430e-02
1.213312769584745183e+03	2.512788043114035919e-01	1.505466755180430161e-01	2.578549549643476824e-01	1.561041028784833085e-01	7.479386100357299227e-02	3.093648921640811816e-02	7.848511210770678370e-02
1.214764100648841804e+03	2.510752386864861241e-01	1.504221373854173205e-01	2.579929716628923675e-01	1.561869676017487163e-01	7.482846923058673883e-02	3.095749793063821281e-02	7.853671750219611003e-02
1.216215431712937971e+03	2.508720248371651418e-01	1.502978144767196100e-01	2.581307430803214675e-01	1.562696839000936588e-01	7.486301780346900359e-02	3.097848034980665508e-02	7.858823555239000114e-02
1.217666762777034819e+03	2.506691621546319193e-01	1.501737064194364479e-01	2.582682696431072289e-01	1.563522520540593930e-01	7.489750682514498270e-02	3.099943649848800262e-02	7.863966640509750805e-02
1.219118093841131440e+03	2.504666500311334421e-01	1.500498128417004085e-01	2.584055517769830446e-01	1.564346723436057240e-01	7.493193639837809894e-02	3.102036640125752781e-02	7.869101020690720538e-02
1.220569424905228061e+03	2.502644878599705747e-01	1.499261333722891054e-01	2.585425899069446753e-01	1.565169450481126157e-01	7.496630662577014048e-02	3.104127008269111018e-02	7.874226710418723296e-02
1.222020755969324682e+03	2.500626750354961736e-01	1.498026676406239432e-01	2.586793844572516377e-01	1.565990704463816052e-01	7.500061760976144132e-02	3.106214756736518784e-02	7.879343724308543462e-02
1.223472087033421303e+03	2.498612109531134773e-01	1.496794152767689789e-01	2.588159358514284247e-01	1.566810488166373305e-01	7.503486945263100616e-02	3.108299887985668114e-02	7.884452076952951083e-02
1.224923418097517697e+03	2.496600950092739413e-01	1.495563759114298952e-01	2.589522445122658389e-01	1.567628804365290007e-01	7.506906225649666309e-02	3.110382404474291637e-02	7.889551782922706036e-02
1.226374749161614318e+03	2.494593266014757393e-01	1.494335491759528622e-01	2.590883108618222685e-01	1.568445655831318397e-01	7.510319612331525785e-02	3.112462308660157023e-02	7.894642856766577454e-02
1.227826080225710712e+03	2.492589051282617096e-01	1.493109347023234279e-01	2.592241353214247424e-01	1.569261045329485849e-01	7.513727115488275099e-02	3.114539603001059004e-02	7.899725313011349281e-02
1.229277411289807560e+03	2.490588299892176616e-01	1.491885321231652961e-01	2.593597183116704841e-01	1.570074975619109303e-01	7.517128745283439828e-02	3.116614289954812433e-02	7.904799166161839696e-02
1.230728742353903954e+03	2.488591005849704885e-01	1.490663410717393833e-01	2.594950602524280781e-01	1.570887449453808871e-01	7.520524511864488948e-02	3.118686371979244656e-02	7.909864430700905280e-02
1.232180073418000802e+03	2.486597163171864744e-01	1.489443611819425695e-01	2.596301615628386905e-01	1.571698469581524482e-01	7.523914425362851488e-02	3.120755851532189609e-02	7.914921121089464606e-02
1.233631404482097196e+03	2.484606765885693236e-01	1.488225920883067266e-01	2.597650226613172908e-01	1.572508038744527825e-01	7.527298495893933183e-02	3.122822731071480881e-02	7.919969251766498242e-02
1.235082735546193817e+03	2.482619808028584396e-01	1.487010334259974420e-01	2.598996439655540946e-01	1.573316159679438719e-01	7.530676733557126190e-02	3.124887013054944429e-02	7.925008837149073726e-02
1.236534066610290438e+03	2.480636283648271490e-01	1.485796848308130746e-01	2.600340258925155634e-01	1.574122835117238162e-01	7.534049148435829901e-02	3.126948699940390597e-02	7.930039891632349736e-02
1.237985397674387059e+03	2.478656186802808692e-01	1.484585459391835338e-01	2.601681688584459584e-01	1.574928067783283037e-01	7.537415750597464825e-02	3.129007794185609953e-02	7.935062429589596900e-02
1.239436728738483680e+03	2.476679511560553049e-01	1.483376163881692800e-01	2.603020732788682290e-01	1.575731860397319994e-01	7.540776550093489239e-02	3.131064298248361494e-02	7.940076465372203351e-02
1.240888059802580301e+03	2.474706252000146434e-01	1.482168958154601868e-01	2.604357395685856780e-01	1.576534215673500161e-01	7.544131556959410290e-02	3.133118214586371603e-02	7.945082013309698321e-02
1.242339390866676695e+03	2.472736402210498341e-01	1.480963838593744308e-01	2.605691681416827943e-01	1.577335136320393572e-01	7.547480781214806200e-02	3.135169545657322948e-02	7.950079087709756298e-02
1.243790721930773088e+03	2.470769956290767566e-01	1.479760801588573538e-01	2.607023594115268628e-01	1.578134625041001937e-01	7.550824232863335983e-02	3.137218293918847545e-02	7.955067702858220624e-02
1.245242052994869937e+03	2.468806908350343887e-01	1.478559843534805185e-01	2.608353137907690744e-01	1.578932684532773356e-01	7.554161921892756093e-02	3.139264461828523284e-02	7.960047873019109044e-02
1.246693384058966330e+03	2.466847252508831412e-01	1.477360960834404324e-01	2.609680316913455256e-01	1.579729317487616747e-01	7.557493858274941245e-02	3.141308051843864219e-02	7.965019612434634522e-02
1.248144715123063179e+03	2.464890982896029425e-01	1.476164149895576039e-01	2.611005135244788833e-01	1.580524526591914891e-01	7.560820051965895516e-02	3.143349066422313626e-02	7.969982935325217732e-02
1.249596046187159800e+03	2.462938093651916016e-01	1.474969407132754040e-01	2.612327597006792179e-01	1.581318314526538871e-01	7.564140512905766223e-02	3.145387508021238454e-02	7.974937855889499549e-02
1.251047377251256421e+03	2.460988578926628922e-01	1.473776728966589844e-01	2.613647706297456685e-01	1.582110683966861386e-01	7.567455251018861961e-02	3.147423379097920998e-02	7.979884388304360476e-02
1.252498708315352815e+03	2.459042432880449713e-01	1.472586111823941668e-01	2.614965467207672201e-01	1.582901637582771470e-01	7.570764276213672039e-02	3.149456682109554040e-02	7.984822546724931747e-02
1.253950039379449436e+03	2.457099649683784359e-01	1.471397552137864162e-01	2.616280883821242020e-01	1.583691178038687530e-01	7.574067598382876187e-02	3.151487419513231830e-02	7.989752345284616142e-02
1.255401370443546057e+03	2.455160223517146578e-01	1.470211046347597306e-01	2.617593960214895099e-01	1.584479307993570674e-01	7.577365227403362602e-02	3.153515593765944536e-02	7.994673798095096318e-02
1.256852701507642678e+03	2.453224148571140351e-01	1.469026590898555584e-01	2.618904700458298263e-01	1.585266030100938306e-01	7.580657173136245985e-02	3.155541207324570607e-02	7.999586919246355621e-02
1.258304032571739299e+03	2.451291419046441600e-01	1.467844182242317441e-01	2.620213108614067865e-01	1.586051347008878565e-01	7.583943445426881425e-02	3.157564262645870534e-02	8.004491722806691967e-02
1.259755363635835920e+03	2.449362029153780984e-01	1.466663816836614453e-01	2.621519188737781447e-01	1.586835261360063642e-01	7.587224054104883819e-02	3.159584762186479906e-02	8.009388222822731718e-02
1.261206694699932314e+03	2.447435973113926411e-01	1.465485491145320784e-01	2.622822944877990503e-01	1.587617775791762553e-01	7.590499008984133433e-02	3.161602708402903167e-02	8.014276433319453274e-02
1.262658025764028707e+03	2.445513245157667215e-01	1.464309201638441804e-01	2.624124381076234913e-01	1.588398892935855289e-01	7.593768319862806426e-02	3.163618103751504596e-02	8.019156368300194015e-02
1.264109356828125556e+03	2.443593839525793343e-01	1.463134944792104375e-01	2.625423501367050716e-01	1.589178615418845308e-01	7.597031996523380404e-02	3.165630950688504835e-02	8.024028041746671114e-02
1.265560687892221949e+03	2.441677750469080643e-01	1.461962717088545749e-01	2.626720309777986206e-01	1.589956945861873971e-01	7.600290048732655235e-02	3.167641251669971875e-02	8.028891467619000966e-02
1.267012018956318798e+03	2.439764972248272545e-01	1.460792515016103299e-01	2.628014810329610818e-01	1.590733886880733028e-01	7.603542486241765541e-02	3.169649009151814106e-02	8.033746659855707517e-02
1.268463350020415419e+03	2.437855499134063686e-01	1.459624335069202861e-01	2.629307007035530663e-01	1.591509441085878496e-01	7.606789318786202903e-02	3.171654225589774778e-02	8.038593632373750020e-02
1.269914681084511813e+03	2.435949325407080479e-01	1.458458173748349573e-01	2.630596903902397976e-01	1.592283611082442873e-01	7.610030556085825570e-02	3.173656903439424359e-02	8.043432399068529970e-02
1.271366012148608434e+03	2.434046445357865573e-01	1.457294027560116223e-01	2.631884504929923319e-01	1.593056399470249296e-01	7.613266207844876510e-02	3.175657045156154989e-02	8.048262973813913312e-02
1.272817343212705055e+03	2.432146853286860644e-01	1.456131893017132972e-01	2.633169814110888907e-01	1.593827808843824301e-01	7.616496283752005603e-02	3.177654653195172152e-02	8.053085370462247095e-02
1.274268674276801676e+03	2.430250543504388627e-01	1.454971766638077091e-01	2.634452835431159157e-01	1.594597841792410597e-01	7.619720793480273813e-02	3.179649730011489123e-02	8.057899602844377507e-02
1.275720005340898297e+03	2.428357510330636237e-01	1.453813644947662409e-01	2.635733572869694563e-01	1.595366500899979556e-01	7.622939746687180940e-02	3.181642278059918644e-02	8.062705684769663761e-02
1.277171336404994690e+03	2.426467748095637311e-01	1.452657524476627660e-01	2.637012030398562246e-01	1.596133788745245918e-01	7.626153153014678110e-02	3.183632299795069454e-02	8.067503630026000294e-02
1.278622667469091539e+03	2.424581251139255877e-01	1.451503401761728984e-01	2.638288211982948717e-01	1.596899707901680010e-01	7.629361022089181654e-02	3.185619797671336573e-02	8.072293452379832035e-02
1.280073998533187932e+03	2.422698013811168116e-01	1.450351273345725223e-01	2.639562121581169873e-01	1.597664260937518843e-01	7.632563363521592537e-02	3.187604774142895753e-02	8.077075165576172444e-02
1.281525329597284326e+03	2.420818030470846816e-01	1.449201135777370697e-01	2.640833763144685431e-01	1.598427450415781659e-01	7.635760186907311620e-02	3.189587231663695843e-02	8.081848783338620168e-02
1.282976660661381175e+03	2.418941295487542775e-01	1.448052985611404109e-01	2.642103140618110579e-01	1.599189278894280475e-01	7.638951501826256318e-02	3.191567172687454629e-02	8.086614319369382631e-02
1.284427991725477568e+03	2.417067803240268709e-01	1.446906819408537437e-01	2.643370257939224865e-01	1.599949748925634518e-01	7.642137317842878641e-02	3.193544599667648420e-02	8.091371787349287137e-02
1.285879322789574417e+03	2.415197548117782034e-01	1.445762633735446501e-01	2.644635119038987736e-01	1.600708863057281606e-01	7.645317644506179067e-02	3.195519515057509974e-02	8.096121200937801687e-02
1.287330653853671038e+03	2.413330524518567943e-01	1.444620425164758748e-01	2.645897727841549085e-01	1.601466623831492020e-01	7.648492491349720424e-02	3.197491921310018081e-02	8.100862573773057185e-02
1.288781984917767431e+03	2.411466726850822750e-01	1.443480190275044928e-01	2.647158088264258136e-01	1.602223033785380168e-01	7.651661867891655644e-02	3.199461820877892715e-02	8.105595919471862698e-02
1.290233315981864052e+03	2.409606149532435848e-01	1.442341925650807988e-01	2.648416204217681202e-01	1.602978095450917351e-01	7.654825783634733316e-02	3.201429216213587392e-02	8.110321251629722117e-02
