1.001418434226643626e+03	2.790092309728090525e-01	1.812022288910911383e-01	2.347886042648743843e-01	1.409207190219758932e-01	6.698927217535971534e-02	2.757944251738919661e-02	6.951050215616083605e-02
1.003837319333471214e+03	2.785820770416564396e-01	1.809261193728238792e-01	2.350854606747991293e-01	1.410918513380021722e-01	6.704570433055773160e-02	2.763739246691224172e-02	6.963139477490863649e-02
1.006256204440298802e+03	2.781561412311481796e-01	1.806507771930236095e-01	2.353814826795092019e-01	1.412624129615845381e-01	6.710221018878879951e-02	2.769503394839446450e-02	6.975194179721136423e-02
1.008675089547126618e+03	2.777314201925322745e-01	1.803762002141017506e-01	2.356766722670763647e-01	1.414324066956219039e-01	6.715878618806696287e-02	2.775237073605486826e-02	6.987214370620599413e-02
1.011093974653954206e+03	2.773079105841233516e-01	1.801023863042482132e-01	2.359710314271976639e-01	1.416018353183664813e-01	6.721542883127067103e-02	2.780940653937757218e-02	6.999200099507615902e-02
1.013512859760782021e+03	2.768856090713278650e-01	1.798293333374194058e-01	2.362645621510562066e-01	1.417707015837590123e-01	6.727213468501599958e-02	2.786614500427583158e-02	7.011151416680574955e-02
1.015931744867609382e+03	2.764645123266689097e-01	1.795570391933262455e-01	2.365572664311845485e-01	1.419390082217586724e-01	6.732890037854941112e-02	2.792258971423518601e-02	7.023068373393706598e-02
1.018350629974437197e+03	2.760446170298094248e-01	1.792855017574222498e-01	2.368491462613311893e-01	1.421067579386673385e-01	6.738572260266020852e-02	2.797874419143601618e-02	7.034951021833360518e-02
1.020769515081264785e+03	2.756259198675752309e-01	1.790147189208911860e-01	2.371402036363293997e-01	1.422739534174489728e-01	6.744259810861193138e-02	2.803461189785598148e-02	7.046799415094737173e-02
1.023188400188092373e+03	2.752084175339766792e-01	1.787446885806352193e-01	2.374304405519691019e-01	1.424405973180433160e-01	6.749952370709257077e-02	2.809019623635260546e-02	7.058613607159054670e-02
1.025607285294920075e+03	2.747921067302299680e-01	1.784754086392626171e-01	2.377198590048712201e-01	1.426066922776750845e-01	6.755649626718314427e-02	2.814550055172642187e-02	7.070393652871162504e-02
1.028026170401747549e+03	2.743769841647771823e-01	1.782068770050755369e-01	2.380084609923645567e-01	1.427722409111575885e-01	6.761351271534445095e-02	2.820052813176501805e-02	7.082139607917574409e-02
1.030445055508575479e+03	2.739630465533058890e-01	1.779390915920578131e-01	2.382962485123653884e-01	1.429372458111918542e-01	6.767057003442157603e-02	2.825528220826830500e-02	7.093851528804921702e-02
1.032863940615402726e+03	2.735502906187678995e-01	1.776720503198626344e-01	2.385832235632594223e-01	1.431017095486607216e-01	6.772766526266583986e-02	2.830976595805536483e-02	7.105529472838817417e-02
1.035282825722230655e+03	2.731387130913969785e-01	1.774057511138003307e-01	2.388693881437862487e-01	1.432656346729181407e-01	6.778479549277391381e-02	2.836398250395319454e-02	7.117173498103127049e-02
1.037701710829058356e+03	2.727283107087262182e-01	1.771401919048259110e-01	2.391547442529261824e-01	1.434290237120739442e-01	6.784195787094374208e-02	2.841793491576767236e-02	7.128783663439641760e-02
1.040120595935886058e+03	2.723190802156043033e-01	1.768753706295267125e-01	2.394392938897895173e-01	1.435918791732740674e-01	6.789914959594711696e-02	2.847162621123707979e-02	7.140360028428120731e-02
1.042539481042713533e+03	2.719110183642115541e-01	1.766112852301100489e-01	2.397230390535080857e-01	1.437542035429759668e-01	6.795636791821840772e-02	2.852505935696846018e-02	7.151902653366745688e-02
1.044958366149541234e+03	2.715041219140746365e-01	1.763479336543907205e-01	2.400059817431289266e-01	1.439159992872199034e-01	6.801361013895934615e-02	2.857823726935716444e-02	7.163411599252923756e-02
1.047377251256368709e+03	2.710983876320809949e-01	1.760853138557785524e-01	2.402881239575105632e-01	1.440772688518957845e-01	6.807087360925939690e-02	2.863116281548984052e-02	7.174886927764478894e-02
1.049796136363196410e+03	2.706938122924926748e-01	1.758234237932658484e-01	2.405694676952209454e-01	1.442380146630057314e-01	6.812815572923162921e-02	2.868383881403119284e-02	7.186328701241191663e-02
1.052215021470024112e+03	2.702903926769589238e-01	1.755622614314150398e-01	2.408500149544380853e-01	1.443982391269222898e-01	6.818545394716368779e-02	2.873626803609479960e-02	7.197736982666699812e-02
1.054633906576851814e+03	2.698881255745291807e-01	1.753018247403459462e-01	2.411297677328524125e-01	1.445579446306428373e-01	6.824276575868365446e-02	2.878845320609826550e-02	7.209111835650755529e-02
1.057052791683679516e+03	2.694870077816639564e-01	1.750421116957233125e-01	2.414087280275714342e-01	1.447171335420395499e-01	6.830008870594048154e-02	2.884039700260297712e-02	7.220453324411808815e-02
1.059471676790506763e+03	2.690870361022466573e-01	1.747831202787442084e-01	2.416868978350262820e-01	1.448758082101055666e-01	6.835742037679878869e-02	2.889210205913876964e-02	7.231761513759944748e-02
1.061890561897334692e+03	2.686882073475937438e-01	1.745248484761253716e-01	2.419642791508803403e-01	1.450339709651974063e-01	6.841475840404775965e-02	2.894357096501375820e-02	7.243036469080132989e-02
1.064309447004162394e+03	2.682905183364643897e-01	1.742672942800906344e-01	2.422408739699397906e-01	1.451916241192731105e-01	6.847210046462387512e-02	2.899480626610959413e-02	7.254278256315822848e-02
1.066728332110990095e+03	2.678939658950703628e-01	1.740104556883582398e-01	2.425166842860660976e-01	1.453487699661269450e-01	6.852944427884727352e-02	2.904581046566240624e-02	7.265486941952832567e-02
1.069147217217817570e+03	2.674985468570839631e-01	1.737543307041281571e-01	2.427917120920904948e-01	1.455054107816201592e-01	6.858678760967137911e-02	2.909658602502970814e-02	7.276662593003573043e-02
1.071566102324645271e+03	2.671042580636467378e-01	1.734989173360694248e-01	2.430659593797300511e-01	1.456615488239083878e-01	6.864412826194581096e-02	2.914713536444347303e-02	7.287805276991568548e-02
1.073984987431472746e+03	2.667110963633769205e-01	1.732442135983074671e-01	2.433394281395058478e-01	1.458171863336649166e-01	6.870146408169201802e-02	2.919746086374971211e-02	7.298915061936270265e-02
1.076403872538300675e+03	2.663190586123763137e-01	1.729902175104112982e-01	2.436121203606627095e-01	1.459723255343009785e-01	6.875879295539166769e-02	2.924756486313467505e-02	7.309992016338186238e-02
1.078822757645127922e+03	2.659281416742369508e-01	1.727369270973809490e-01	2.438840380310909328e-01	1.461269686321823025e-01	6.881611280928748298e-02	2.929744966383802940e-02	7.321036209164279163e-02
1.081241642751955851e+03	2.655383424200471465e-01	1.724843403896345051e-01	2.441551831372494041e-01	1.462811178168421933e-01	6.887342160869622254e-02	2.934711752885318589e-02	7.332047709833666715e-02
1.083660527858783553e+03	2.651496577283967704e-01	1.722324554229955895e-01	2.444255576640908534e-01	1.464347752611913633e-01	6.893071735733374839e-02	2.939657068361500175e-02	7.343026588203592497e-02
1.086079412965611255e+03	2.647620844853824096e-01	1.719812702386804004e-01	2.446951635949883019e-01	1.465879431217244344e-01	6.898799809665180638e-02	2.944581131667513285e-02	7.353972914555675922e-02
1.088498298072438729e+03	2.643756195846117540e-01	1.717307828832850269e-01	2.449640029116633699e-01	1.467406235387231639e-01	6.904526190518646411e-02	2.949484158036519421e-02	7.364886759582424391e-02
1.090917183179266431e+03	2.639902599272075934e-01	1.714809914087726817e-01	2.452320775941162767e-01	1.468928186364565902e-01	6.910250689791787304e-02	2.954366359144802376e-02	7.375768194374017483e-02
1.093336068286093905e+03	2.636060024218114251e-01	1.712318938724608497e-01	2.454993896205572013e-01	1.470445305233778199e-01	6.915973122564122999e-02	2.959227943175716385e-02	7.386617290405356195e-02
1.095754953392921607e+03	2.632228439845863965e-01	1.709834883370084657e-01	2.457659409673392525e-01	1.471957612923179837e-01	6.921693307434872988e-02	2.964069114882486936e-02	7.397434119523350893e-02
1.098173838499749309e+03	2.628407815392201918e-01	1.707357728704032296e-01	2.460317336088930218e-01	1.473465130206770279e-01	6.927411066462217659e-02	2.968890075649877405e-02	7.408218753934472933e-02
1.100592723606577010e+03	2.624598120169269744e-01	1.704887455459487278e-01	2.462967695176625227e-01	1.474967877706114816e-01	6.933126225103647400e-02	2.973691023554749305e-02	7.418971266192551928e-02
1.103011608713404712e+03	2.620799323564491079e-01	1.702424044422514993e-01	2.465610506640426303e-01	1.476465875892194191e-01	6.938838612157317842e-02	2.978472153425525820e-02	7.429691729186804761e-02
1.105430493820231959e+03	2.617011395040586552e-01	1.699967476432084068e-01	2.468245790163179076e-01	1.477959145087225923e-01	6.944548059704457044e-02	2.983233656900588851e-02	7.440380216130111635e-02
1.107849378927059888e+03	2.613234304135581554e-01	1.697517732379937028e-01	2.470873565406028760e-01	1.479447705466454266e-01	6.950254403052753827e-02	2.987975722485621335e-02	7.451036800547516936e-02
1.110268264033887590e+03	2.609468020462812898e-01	1.695074793210461783e-01	2.473493852007837279e-01	1.480931577059915460e-01	6.955957480680749483e-02	2.992698535609918109e-02	7.461661556264967410e-02
1.112687149140715292e+03	2.605712513710926603e-01	1.692638639920563959e-01	2.476106669584611231e-01	1.482410779754175234e-01	6.961657134183189821e-02	2.997402278681681256e-02	7.472254557398265440e-02
1.115106034247542766e+03	2.601967753643878445e-01	1.690209253559537828e-01	2.478712037728946493e-01	1.483885333294037989e-01	6.967353208217329230e-02	3.002087131142318344e-02	7.482815878342249927e-02
1.117524919354370468e+03	2.598233710100925631e-01	1.687786615228939191e-01	2.481309976009483664e-01	1.485355257284229902e-01	6.973045550450175656e-02	3.006753269519762961e-02	7.493345593760185330e-02
1.119943804461197942e+03	2.594510352996615143e-01	1.685370706082455483e-01	2.483900503970376816e-01	1.486820571191058427e-01	6.978734011506648738e-02	3.011400867480833882e-02	7.503843778573367207e-02
1.122362689568025871e+03	2.590797652320773192e-01	1.682961507325778094e-01	2.486483641130773636e-01	1.488281294344042383e-01	6.984418444918642777e-02	3.016030095882651571e-02	7.514310507950940077e-02
1.124781574674853118e+03	2.587095578138482455e-01	1.680559000216474419e-01	2.489059406984311384e-01	1.489737445937520666e-01	6.990098707074976492e-02	3.020641122823124539e-02	7.524745857299915131e-02
1.127200459781681047e+03	2.583404100590065422e-01	1.678163166063859624e-01	2.491627820998620346e-01	1.491189045032232652e-01	6.995774657172212918e-02	3.025234113690529469e-02	7.535149902255379450e-02
1.129619344888508749e+03	2.579723189891057755e-01	1.675773986228866752e-01	2.494188902614841441e-01	1.492636110556878892e-01	7.001446157166332784e-02	3.029809231212195197e-02	7.545522718670924500e-02
1.132038229995336451e+03	2.576052816332179418e-01	1.673391442123921269e-01	2.496742671247155765e-01	1.494078661309652944e-01	7.007113071725254438e-02	3.034366635502308909e-02	7.555864382609242536e-02
1.134457115102163925e+03	2.572392950279304702e-01	1.671015515212810054e-01	2.499289146282324403e-01	1.495516715959753773e-01	7.012775268182172561e-02	3.038906484108860190e-02	7.566174970332936733e-02
1.136876000208991627e+03	2.568743562173426698e-01	1.668646187010554838e-01	2.501828347079240178e-01	1.496950293048873171e-01	7.018432616489712894e-02	3.043428932059739217e-02	7.576454558295495079e-02
1.139294885315819101e+03	2.565104622530620659e-01	1.666283439083283968e-01	2.504360292968490498e-01	1.498379410992660421e-01	7.024084989174878002e-02	3.047934131908003330e-02	7.586703223132459928e-02
1.141713770422646803e+03	2.561476101942001815e-01	1.663927253048103350e-01	2.506885003251929644e-01	1.499804088082165587e-01	7.029732261294785456e-02	3.052422233776325849e-02	7.596921041652782147e-02
1.144132655529474505e+03	2.557857971073683179e-01	1.661577610572969599e-01	2.509402497202261606e-01	1.501224342485260599e-01	7.035374310393166519e-02	3.056893385400643801e-02	7.607108090830334846e-02
1.146551540636302207e+03	2.554250200666726145e-01	1.659234493376560982e-01	2.511912794062637899e-01	1.502640192248038686e-01	7.041011016457621174e-02	3.061347732173019115e-02	7.617264447795614457e-02
1.148970425743129908e+03	2.550652761537093305e-01	1.656897883228151402e-01	2.514415913046257334e-01	1.504051655296192447e-01	7.046642261877616997e-02	3.065785417183724756e-02	7.627390189827602807e-02
1.151389310849957155e+03	2.547065624575595155e-01	1.654567761947479954e-01	2.516911873335982430e-01	1.505458749436372201e-01	7.052267931403220780e-02	3.070206581262572426e-02	7.637485394345799872e-02
1.153808195956785084e+03	2.543488760747834587e-01	1.652244111404625460e-01	2.519400694083962500e-01	1.506861492357521315e-01	7.057887912104536532e-02	3.074611363019493990e-02	7.647550138902420303e-02
1.156227081063612786e+03	2.539922141094148600e-01	1.649926913519877691e-01	2.521882394411268380e-01	1.508259901632194866e-01	7.063502093331856801e-02	3.078999898884390157e-02	7.657584501174749536e-02
1.158645966170440488e+03	2.536365736729547238e-01	1.647616150263609969e-01	2.524356993407533833e-01	1.509653994717855829e-01	7.069110366676502333e-02	3.083372323146260988e-02	7.667588558957655342e-02
1.161064851277267962e+03	2.532819518843651418e-01	1.645311803656152039e-01	2.526824510130609158e-01	1.511043788958153777e-01	7.074712625932334797e-02	3.087728767991628973e-02	7.677562390156257577e-02
1.163483736384095664e+03	2.529283458700627429e-01	1.643013855767662679e-01	2.529284963606219794e-01	1.512429301584182484e-01	7.080308767057943986e-02	3.092069363542268925e-02	7.687506072778746424e-02
1.165902621490923138e+03	2.525757527639116429e-01	1.640722288718001742e-01	2.531738372827640471e-01	1.513810549715719489e-01	7.085898688139490031e-02	3.096394237892255430e-02	7.697419684929349137e-02
1.168321506597751068e+03	2.522241697072166167e-01	1.638437084676603872e-01	2.534184756755369916e-01	1.515187550362449564e-01	7.091482289354184010e-02	3.100703517144342419e-02	7.707303304801448041e-02
1.170740391704578315e+03	2.518735938487156600e-01	1.636158225862351656e-01	2.536624134316821100e-01	1.516560320425165143e-01	7.097059472934401370e-02	3.104997325445686684e-02	7.717157010670835926e-02
1.173159276811406244e+03	2.515240223445723844e-01	1.633885694543447398e-01	2.539056524406015369e-01	1.517928876696953422e-01	7.102630143132424023e-02	3.109275785022923635e-02	7.726980880889119940e-02
1.175578161918233945e+03	2.511754523583684118e-01	1.631619473037287660e-01	2.541481945883286575e-01	1.519293235864363767e-01	7.108194206185787511e-02	3.113539016216611624e-02	7.736774993877250373e-02
1.177997047025061647e+03	2.508278810610953258e-01	1.629359543710336145e-01	2.543900417574992412e-01	1.520653414508557622e-01	7.113751570283224912e-02	3.117787137515052459e-02	7.746539428119200710e-02
1.180415932131889122e+03	2.504813056311464003e-01	1.627105888977996573e-01	2.546311958273235754e-01	1.522009429106442602e-01	7.119302145531206105e-02	3.122020265587501647e-02	7.756274262155771204e-02
1.182834817238716823e+03	2.501357232543082731e-01	1.624858491304488062e-01	2.548716586735592649e-01	1.523361296031788825e-01	7.124845843921048805e-02	3.126238515316778765e-02	7.765979574578521505e-02
1.185253702345544298e+03	2.497911311237522303e-01	1.622617333202716339e-01	2.551114321684844755e-01	1.524709031556329974e-01	7.130382579296608292e-02	3.130441999831287681e-02	7.775655444023840679e-02
1.187672587452371999e+03	2.494475264400254078e-01	1.620382397234149674e-01	2.553505181808725655e-01	1.526052651850846320e-01	7.135912267322515323e-02	3.134630830536460494e-02	7.785301949167136581e-02
1.190091472559199701e+03	2.491049064110418265e-01	1.618153666008691760e-01	2.555889185759668281e-01	1.527392172986234697e-01	7.141434825452962210e-02	3.138805117145627988e-02	7.794919168717144575e-02
1.192510357666027403e+03	2.487632682520731497e-01	1.615931122184556812e-01	2.558266352154562884e-01	1.528727610934559611e-01	7.146950172901045395e-02	3.142964967710337038e-02	7.804507181410369476e-02
1.194929242772855105e+03	2.484226091857392460e-01	1.613714748468143001e-01	2.560636699574522224e-01	1.530058981570091570e-01	7.152458230608611800e-02	3.147110488650119858e-02	7.814066066005637134e-02
1.197348127879682352e+03	2.480829264419985858e-01	1.611504527613907278e-01	2.563000246564651197e-01	1.531386300670328771e-01	7.157958921216645010e-02	3.151241784781717847e-02	7.823595901278765363e-02
1.199767012986510281e+03	2.477442172581384994e-01	1.609300442424240474e-01	2.565357011633826456e-01	1.532709583917004903e-01	7.163452169036155226e-02	3.155358959347787789e-02	7.833096766017347279e-02
1.202185898093337983e+03	2.474064788787652402e-01	1.607102475749341008e-01	2.567707013254479365e-01	1.534028846897081966e-01	7.168937900019571596e-02	3.159462114045082093e-02	7.842568739015648438e-02
1.204604783200165684e+03	2.470697085557938544e-01	1.604910610487090827e-01	2.570050269862390047e-01	1.535344105103728651e-01	7.174416041732629978e-02	3.163551349052117628e-02	7.852011899069619161e-02
1.207023668306993159e+03	2.467339035484379384e-01	1.602724829582930222e-01	2.572386799856480333e-01	1.536655373937284574e-01	7.179886523326740877e-02	3.167626763056351213e-02	7.861426324972009549e-02
1.209442553413820860e+03	2.463990611231990646e-01	1.600545116029733483e-01	2.574716621598622246e-01	1.537962668706210068e-01	7.185349275511841716e-02	3.171688453280856190e-02	7.870812095507588591e-02
1.211861438520648335e+03	2.460651785538563174e-01	1.598371452867683173e-01	2.577039753413444267e-01	1.539266004628024043e-01	7.190804230529705687e-02	3.175736515510520219e-02	7.880169289448474279e-02
1.214280323627476264e+03	2.457322531214554961e-01	1.596203823184147164e-01	2.579356213588150926e-01	1.540565396830226585e-01	7.196251322127722450e-02	3.179771044117769840e-02	7.889497985549559500e-02
1.216699208734303511e+03	2.454002821142981794e-01	1.594042210113554292e-01	2.581666020372340165e-01	1.541860860351209062e-01	7.201690485533120134e-02	3.183792132087825272e-02	7.898798262544044768e-02
1.219118093841131440e+03	2.450692628279306229e-01	1.591886596837268908e-01	2.583969191977836255e-01	1.543152410141152564e-01	7.207121657427634220e-02	3.187799871043502792e-02	7.908070199139063949e-02
1.221536978947959142e+03	2.447391925651326017e-01	1.589736966583469302e-01	2.586265746578519376e-01	1.544440061062909986e-01	7.212544775922619111e-02	3.191794351269564012e-02	7.917313874011411290e-02
1.223955864054786844e+03	2.444100686359061414e-01	1.587593302627022251e-01	2.588555702310165740e-01	1.545723827892878655e-01	7.217959780534577430e-02	3.195775661736628692e-02	7.926529365803355875e-02
1.226374749161614318e+03	2.440818883574638332e-01	1.585455588289360618e-01	2.590839077270292168e-01	1.547003725321861034e-01	7.223366612161115363e-02	3.199743890124648327e-02	7.935716753118560174e-02
1.228793634268442020e+03	2.437546490542173983e-01	1.583323806938359279e-01	2.593115889518006201e-01	1.548279767955910158e-01	7.228765213057308792e-02	3.203699122845963393e-02	7.944876114518076293e-02
1.231212519375269494e+03	2.434283480577659198e-01	1.581197941988213285e-01	2.595386157073859557e-01	1.549551970317165350e-01	7.234155526812481585e-02	3.207641445067935942e-02	7.954007528516447711e-02
1.233631404482097196e+03	2.431029827068838245e-01	1.579077976899314062e-01	2.597649897919712125e-01	1.550820346844676290e-01	7.239537498327376641e-02	3.211570940735172103e-02	7.963111073577887333e-02
1.236050289588924898e+03	2.427785503475090589e-01	1.576963895178126740e-01	2.599907129998591526e-01	1.552084911895214303e-01	7.244911073791719669e-02	3.215487692591347674e-02	7.972186828112540202e-02
1.238469174695752372e+03	2.424550483327308492e-01	1.574855680377068301e-01	2.602157871214568763e-01	1.553345679744073671e-01	7.250276200662168768e-02	3.219391782200634045e-02	7.981234870472840581e-02
1.240888059802580301e+03	2.421324740227774885e-01	1.572753316094384901e-01	2.604402139432630547e-01	1.554602664585859606e-01	7.255632827640647042e-02	3.223283289968734838e-02	7.990255278949948137e-02
1.243306944909407548e+03	2.418108247850040693e-01	1.570656785974030301e-01	2.606639952478558286e-01	1.555855880535268188e-01	7.260980904653037415e-02	3.227162295163546468e-02	7.999248131770261838e-02
1.245725830016235477e+03	2.414900979938799375e-01	1.568566073705543185e-01	2.608871328138816503e-01	1.557105341627852413e-01	7.266320382828249380e-02	3.231028875935438444e-02	8.008213507092018513e-02
1.248144715123063179e+03	2.411702910309760639e-01	1.566481163023926149e-01	2.611096284160436820e-01	1.558351061820780203e-01	7.271651214477646563e-02	3.234883109337169382e-02	8.017151483001964951e-02
1.250563600229890881e+03	2.408514012849525265e-01	1.564402037709524407e-01	2.613314838250915262e-01	1.559593054993579642e-01	7.276973353074819850e-02	3.238725071343441508e-02	8.026062137512111894e-02
1.252982485336718355e+03	2.405334261515456318e-01	1.562328681587904500e-01	2.615527008078108451e-01	1.560831334948875326e-01	7.282286753235714394e-02	3.242554836870100571e-02	8.034945548556561568e-02
1.255401370443546057e+03	2.402163630335550082e-01	1.560261078529732448e-01	2.617732811270136462e-01	1.562065915413114736e-01	7.287591370699084137e-02	3.246372479792986737e-02	8.043801793988411553e-02
1.257820255550373531e+03	2.399002093408306724e-01	1.558199212450654403e-01	2.619932265415290118e-01	1.563296810037284046e-01	7.292887162307302995e-02	3.250178072966443399e-02	8.052630951576722484e-02
1.260239140657201460e+03	2.395849624902599562e-01	1.556143067311175632e-01	2.622125388061939399e-01	1.564524032397613396e-01	7.298174085987479964e-02	3.253971688241492216e-02	8.061433099003571801e-02
1.262658025764028707e+03	2.392706199057543504e-01	1.554092627116539505e-01	2.624312196718450174e-01	1.565747595996273556e-01	7.303452100732914232e-02	3.257753396483677871e-02	8.070208313861162996e-02
1.265076910870856636e+03	2.389571790182362654e-01	1.552047875916607866e-01	2.626492708853102043e-01	1.566967514262063710e-01	7.308721166584858375e-02	3.261523267590586694e-02	8.078956673649009823e-02
1.267495795977684338e+03	2.386446372656256254e-01	1.550008797805741134e-01	2.628666941894011733e-01	1.568183800551088136e-01	7.313981244614600752e-02	3.265281370509049569e-02	8.087678255771195424e-02
1.269914681084511813e+03	2.383329920928264622e-01	1.547975376922679502e-01	2.630834913229057048e-01	1.569396468147424284e-01	7.319232296905843482e-02	3.269027773252033975e-02	8.096373137533678654e-02
1.272333566191339514e+03	2.380222409517135096e-01	1.545947597450421651e-01	2.632996640205810812e-01	1.570605530263783078e-01	7.324474286537391299e-02	3.272762542915225864e-02	8.105041396141683674e-02
1.274752451298167216e+03	2.377123813011184639e-01	1.543925443616106785e-01	2.635152140131471477e-01	1.571811000042158402e-01	7.329707177566133214e-02	3.276485745693311774e-02	8.113683108697143653e-02
1.277171336404994690e+03	2.374034106068164396e-01	1.541908899690895840e-01	2.637301430272801506e-01	1.573012890554469079e-01	7.334930935010311459e-02	3.280197446895968122e-02	8.122298352196209714e-02
1.279590221511822392e+03	2.370953263415121470e-01	1.539897949989852410e-01	2.639444527856068534e-01	1.574211214803191983e-01	7.340145524833074919e-02	3.283897710963556288e-02	8.130887203526815377e-02
1.282009106618650094e+03	2.367881259848262088e-01	1.537892578871823956e-01	2.641581450066990411e-01	1.575405985721985980e-01	7.345350913926321224e-02	3.287586601482533205e-02	8.139449739466315947e-02
1.284427991725477568e+03	2.364818070232811154e-01	1.535892770739323565e-01	2.643712214050680798e-01	1.576597216176308658e-01	7.350547070094805291e-02	3.291264181200587169e-02	8.147986036679162603e-02
1.286846876832305497e+03	2.361763669502873475e-01	1.533898510038412544e-01	2.645836836911601986e-01	1.577784918964024174e-01	7.355733962040519880e-02	3.294930512041489845e-02	8.156496171714662513e-02
1.289265761939132744e+03	2.358718032661294428e-01	1.531909781258582182e-01	2.647955335713518266e-01	1.578969106816003054e-01	7.360911559347353694e-02	3.298585655119686683e-02	8.164980221004770888e-02
1.291684647045960673e+03	2.355681134779518127e-01	1.529926568932635789e-01	2.650067727479455404e-01	1.580149792396713659e-01	7.366079832465990962e-02	3.302229670754617402e-02	8.173438260861953797e-02
1.294103532152788375e+03	2.352652950997446424e-01	1.527948857636571844e-01	2.652174029191657345e-01	1.581326988304807279e-01	7.371238752699084407e-02	3.305862618484776971e-02	8.181870367477095396e-02
1.296522417259616077e+03	2.349633456523296804e-01	1.525976631989467147e-01	2.654274257791554015e-01	1.582500707073693780e-01	7.376388292186668305e-02	3.309484557081524003e-02	8.190276616917470387e-02
1.298941302366443551e+03	2.346622626633459718e-01	1.524009876653359130e-01	2.656368430179726348e-01	1.583670961172110037e-01	7.381528423891832447e-02	3.313095544562632416e-02	8.198657085124756716e-02
1.301360187473271253e+03	2.343620436672355922e-01	1.522048576333130399e-01	2.658456563215874646e-01	1.584837763004682265e-01	7.386659121586629240e-02	3.316695638205603008e-02	8.207011847913106561e-02
1.303779072580098727e+03	2.340626862052291868e-01	1.520092715776391601e-01	2.660538673718791935e-01	1.586001124912479465e-01	7.391780359838222292e-02	3.320284894560728006e-02	8.215340980967271445e-02
1.306197957686926657e+03	2.337641878253317318e-01	1.518142279773365133e-01	2.662614778466339538e-01	1.587161059173560207e-01	7.396892113995272300e-02	3.323863369463921774e-02	8.223644559840757873e-02
1.308616842793753904e+03	2.334665460823078242e-01	1.516197253156769675e-01	2.664684894195424314e-01	1.588317578003512198e-01	7.401994360174553311e-02	3.327431118049314906e-02	8.231922659954060695e-02
1.311035727900581833e+03	2.331697585376673598e-01	1.514257620801704451e-01	2.666749037601979788e-01	1.589470693555985192e-01	7.407087075247799357e-02	3.330988194761620724e-02	8.240175356592917277e-02
1.313454613007409534e+03	2.328738227596508226e-01	1.512323367625534043e-01	2.668807225340950606e-01	1.590620417923217234e-01	7.412170236828762027e-02	3.334534653368279034e-02	8.248402724906624128e-02
1.315873498114237009e+03	2.325787363232148242e-01	1.510394478587772371e-01	2.670859474026275882e-01	1.591766763136552576e-01	7.417243823260506741e-02	3.338070546971373675e-02	8.256604839906393767e-02
1.318292383221064711e+03	2.322844968100173102e-01	1.508470938689969731e-01	2.672905800230879203e-01	1.592909741166954607e-01	7.422307813602903315e-02	3.341595928019338441e-02	8.264781776463754615e-02
1.320711268327892412e+03	2.319911018084029608e-01	1.506552732975595943e-01	2.674946220486659754e-01	1.594049363925511831e-01	7.427362187620344114e-02	3.345110848318443714e-02	8.272933609309000846e-02
1.323130153434719887e+03	2.316985489133884246e-01	1.504639846529927105e-01	2.676980751284483984e-01	1.595185643263937192e-01	7.432406925769664829e-02	3.348615359044084666e-02	8.281060413029678324e-02
1.325549038541547588e+03	2.314068357266475251e-01	1.502732264479931246e-01	2.679009409074184500e-01	1.596318590975060736e-01	7.437442009188265091e-02	3.352109510751850180e-02	8.289162262069120490e-02
1.327967923648375290e+03	2.311159598564965223e-01	1.500829971994154521e-01	2.681032210264553961e-01	1.597448218793316166e-01	7.442467419682440022e-02	3.355593353388401645e-02	8.297239230725014791e-02
1.330386808755202765e+03	2.308259189178791249e-01	1.498932954282607422e-01	2.683049171223348406e-01	1.598574538395221567e-01	7.447483139715899148e-02	3.359066936302146367e-02	8.305291393148021839e-02
1.332805693862030694e+03	2.305367105323517518e-01	1.497041196596651802e-01	2.685060308277288921e-01	1.599697561399854029e-01	7.452489152398483752e-02	3.362530308253721539e-02	8.313318823340427877e-02
1.335224578968857941e+03	2.302483323280685168e-01	1.495154684228886810e-01	2.687065637712066080e-01	1.600817299369318436e-01	7.457485441475077137e-02	3.365983517426283239e-02	8.321321595154833328e-02
1.337643464075685870e+03	2.299607819397664066e-01	1.493273402513037029e-01	2.689065175772346050e-01	1.601933763809209321e-01	7.462471991314693909e-02	3.369426611435611535e-02	8.329299782292889920e-02
1.340062349182513572e+03	2.296740570087502098e-01	1.491397336823838959e-01	2.691058938661781141e-01	1.603046966169068277e-01	7.467448786899763546e-02	3.372859637340026168e-02	8.337253458304062781e-02
1.342481234289341273e+03	2.293881551828775844e-01	1.489526472576929716e-01	2.693046942543019795e-01	1.604156917842834706e-01	7.472415813815591612e-02	3.376282641650128064e-02	8.345182696584438342e-02
1.344900119396168748e+03	2.291030741165439311e-01	1.487660795228733790e-01	2.695029203537719353e-01	1.605263630169291855e-01	7.477373058239988879e-02	3.379695670338359742e-02	8.353087570375568316e-02
1.347319004502996449e+03	2.288188114706674048e-01	1.485800290276351743e-01	2.697005737726561048e-01	1.606367114432506182e-01	7.482320506933093363e-02	3.383098768848390170e-02	8.360968152763342820e-02
1.349737889609823924e+03	2.285353649126738718e-01	1.483944943257448912e-01	2.698976561149267761e-01	1.607467381862262568e-01	7.487258147227342231e-02	3.386491982104331000e-02	8.368824516676896808e-02
1.352156774716651853e+03	2.282527321164817269e-01	1.482094739750143275e-01	2.700941689804622348e-01	1.608564443634493413e-01	7.492185967017635229e-02	3.389875354519782807e-02	8.376656734887566458e-02
1.354575659823479100e+03	2.279709107624868503e-01	1.480249665372894707e-01	2.702901139650486506e-01	1.609658310871702191e-01	7.497103954751645205e-02	3.393248930006720343e-02	8.384464880007859444e-02
1.356994544930307029e+03	2.276898985375474527e-01	1.478409705784394790e-01	2.704854926603824650e-01	1.610748994643383114e-01	7.502012099420302116e-02	3.396612751984207090e-02	8.392249024490468223e-02
1.359413430037134731e+03	2.274096931349688655e-01	1.476574846683454401e-01	2.706803066540727221e-01	1.611836505966433297e-01	7.506910390548429679e-02	3.399966863386962024e-02	8.400009240627312468e-02
1.361832315143962205e+03	2.271302922544884417e-01	1.474745073808895468e-01	2.708745575296439001e-01	1.612920855805562992e-01	7.511798818185551341e-02	3.403311306673759834e-02	8.407745600548614806e-02
1.364251200250789907e+03	2.268516936022602348e-01	1.472920372939439948e-01	2.710682468665380762e-01	1.614002055073698316e-01	7.516677372896829468e-02	3.406646123835686130e-02	8.415458176222005704e-02
1.366670085357617609e+03	2.265738948908399553e-01	1.471100729893600190e-01	2.712613762401185347e-01	1.615080114632380659e-01	7.521546045754183563e-02	3.409971356404234433e-02	8.423147039451660267e-02
1.369088970464445310e+03	2.262968938391695384e-01	1.469286130529569023e-01	2.714539472216723759e-01	1.616155045292159698e-01	7.526404828327533381e-02	3.413287045459261621e-02	8.430812261877458635e-02
1.371507855571272785e+03	2.260206881725621564e-01	1.467476560745110958e-01	2.716459613784138472e-01	1.617226857812984475e-01	7.531253712676201639e-02	3.416593231636793487e-02	8.438453914974185233e-02
1.373926740678100487e+03	2.257452756226867863e-01	1.465672006477452549e-01	2.718374202734877287e-01	1.618295562904586149e-01	7.536092691340461058e-02	3.419889955136692222e-02	8.446072070050746061e-02
1.376345625784927961e+03	2.254706539275529165e-01	1.463872453703174148e-01	2.720283254659728867e-01	1.619361171226858798e-01	7.540921757333220177e-02	3.423177255730178170e-02	8.453666798249423464e-02
1.378764510891755890e+03	2.251968208314954478e-01	1.462077888438101658e-01	2.722186785108859364e-01	1.620423693390235786e-01	7.545740904131842397e-02	3.426455172767219060e-02	8.461238170545151704e-02
1.381183395998583137e+03	2.249237740851592893e-01	1.460288296737197455e-01	2.724084809591851286e-01	1.621483139956059472e-01	7.550550125670113522e-02	3.429723745183782535e-02	8.468786257744820301e-02
1.383602281105411066e+03	2.246515114454841200e-01	1.458503664694452695e-01	2.725977343577740686e-01	1.622539521436948406e-01	7.555349416330338352e-02	3.432983011508956156e-02	8.476311130486600953e-02
1.386021166212238768e+03	2.243800306756890128e-01	1.456723978442780176e-01	2.727864402495060459e-01	1.623592848297160662e-01	7.560138770935564967e-02	3.436233009871934863e-02	8.483812859239310555e-02
1.388440051319066470e+03	2.241093295452572243e-01	1.454949224153905818e-01	2.729746001731883087e-01	1.624643130952950487e-01	7.564918184741944995e-02	3.439473778008886318e-02	8.491291514301788079e-02
1.390858936425893944e+03	2.238394058299207345e-01	1.453179388038262354e-01	2.731622156635860055e-01	1.625690379772923022e-01	7.569687653431217411e-02	3.442705353269684410e-02	8.498747165802299219e-02
1.393277821532721646e+03	2.235702573116452596e-01	1.451414456344881643e-01	2.733492882514271805e-01	1.626734605078384854e-01	7.574447173103325548e-02	3.445927772624526181e-02	8.506179883697967403e-02
1.395696706639549120e+03	2.233018817786145138e-01	1.449654415361288640e-01	2.735358194634072149e-01	1.627775817143687909e-01	7.579196740269140975e-02	3.449141072670418307e-02	8.513589737774225619e-02
1.398115591746377049e+03	2.230342770252152218e-01	1.447899251413394817e-01	2.737218108221933233e-01	1.628814026196573617e-01	7.583936351843331702e-02	3.452345289637556713e-02	8.520976797644294609e-02
1.400534476853204296e+03	2.227674408520216032e-01	1.446148950865391580e-01	2.739072638464296605e-01	1.629849242418509314e-01	7.588666005137327530e-02	3.455540459395577829e-02	8.528341132748680498e-02
1.402953361960032225e+03	2.225013710657801069e-01	1.444403500119644801e-01	2.740921800507422623e-01	1.630881475945021863e-01	7.593385697852415850e-02	3.458726617459707831e-02	8.535682812354697391e-02
1.405372247066859927e+03	2.222360654793941181e-01	1.442662885616589064e-01	2.742765609457439302e-01	1.631910736866029055e-01	7.598095428072944302e-02	3.461903798996784909e-02	8.543001905556009412e-02
1.407791132173687402e+03	2.219715219119085814e-01	1.440927093834621087e-01	2.744604080380396716e-01	1.632937035226166012e-01	7.602795194259645561e-02	3.465072038831184392e-02	8.550298481272196327e-02
1.410210017280515103e+03	2.217077381884947351e-01	1.439196111289997304e-01	2.746437228302318068e-01	1.633960381025106046e-01	7.607484995243064818e-02	3.468231371450628681e-02	8.557572608248335821e-02
1.412628902387342805e+03	2.214447121404347629e-01	1.437469924536726729e-01	2.748265068209256312e-01	1.634980784217882066e-01	7.612164830217099665e-02	3.471381831011889629e-02	8.564824355054609373e-02
1.415047787494170507e+03	2.211824416051064446e-01	1.435748520166466591e-01	2.750087615047344114e-01	1.635998254715200217e-01	7.616834698732646847e-02	3.474523451346391706e-02	8.572053790085931713e-02
1.417466672600997981e+03	2.209209244259679183e-01	1.434031884808419088e-01	2.751904883722854911e-01	1.637012802383753240e-01	7.621494600691357257e-02	3.477656265965708982e-02	8.579260981561594168e-02
1.419885557707825683e+03	2.206601584525422211e-01	1.432320005129226193e-01	2.753716889102258980e-01	1.638024437046527448e-01	7.626144536339488078e-02	3.480780308066961509e-02	8.586445997524924656e-02
1.422304442814653157e+03	2.204001415404022446e-01	1.430612867832866675e-01	2.755523646012278949e-01	1.639033168483108871e-01	7.630784506261867328e-02	3.483895610538111781e-02	8.593608905842976819e-02
1.424723327921481086e+03	2.201408715511551095e-01	1.428910459660551469e-01	2.757325169239950857e-01	1.640039006429984680e-01	7.635414511375943070e-02	3.487002205963170287e-02	8.600749774206231657e-02
1.427142213028308333e+03	2.198823463524271771e-01	1.427212767390621251e-01	2.759121473532683555e-01	1.641041960580840453e-01	7.640034552925949185e-02	3.490100126627297683e-02	8.607868670128310251e-02
1.429561098135136262e+03	2.196245638178485615e-01	1.425519777838443192e-01	2.760912573598318653e-01	1.642042040586855767e-01	7.644644632477151647e-02	3.493189404521816060e-02	8.614965660945719805e-02
1.431979983241963964e+03	2.193675218270379756e-01	1.423831477856309091e-01	2.762698484105192698e-01	1.643039256056997022e-01	7.649244751910203033e-02	3.496270071349132785e-02	8.622040813817601068e-02
1.434398868348791666e+03	2.191112182655873264e-01	1.422147854333329908e-01	2.764479219682200450e-01	1.644033616558304156e-01	7.653834913415574759e-02	3.499342158527566499e-02	8.629094195725504901e-02
1.436817753455619140e+03	2.188556510250465881e-01	1.420468894195337228e-01	2.766254794918855398e-01	1.645025131616176806e-01	7.658415119488103107e-02	3.502405697196089851e-02	8.636125873473175785e-02
1.439236638562446842e+03	2.186008180029084536e-01	1.418794584404778625e-01	2.768025224365358028e-01	1.646013810714656578e-01	7.662985372921604643e-02	3.505460718218985500e-02	8.643135913686361693e-02
1.441655523669274316e+03	2.183467171025931797e-01	1.417124911960616629e-01	2.769790522532654675e-01	1.646999663296705996e-01	7.667545676803590171e-02	3.508507252190411901e-02	8.650124382812626744e-02
1.444074408776102018e+03	2.180933462334333217e-01	1.415459863898227699e-01	2.771550703892509682e-01	1.647982698764485776e-01	7.672096034510068885e-02	3.511545329438892082e-02	8.657091347121192992e-02
1.446493293882929493e+03	2.178407033106584401e-01	1.413799427289301469e-01	2.773305782877566461e-01	1.648962926479626001e-01	7.676636449700427467e-02	3.514574980031713591e-02	8.664036872702789160e-02
1.448912178989757422e+03	2.175887862553800012e-01	1.412143589241738051e-01	2.775055773881416887e-01	1.649940355763498123e-01	7.681166926312406329e-02	3.517596233779250042e-02	8.670961025469517414e-02
1.451331064096585123e+03	2.173375929945761120e-01	1.410492336899548393e-01	2.776800691258670128e-01	1.650914995897482251e-01	7.685687468557149404e-02	3.520609120239207024e-02	8.677863871154729847e-02
1.453749949203412370e+03	2.170871214610764210e-01	1.408845657442753807e-01	2.778540549325017039e-01	1.651886856123230551e-01	7.690198080914335821e-02	3.523613668720783354e-02	8.684745475312927177e-02
1.456168834310240300e+03	2.168373695935468526e-01	1.407203538087286321e-01	2.780275362357303437e-01	1.652855945642930369e-01	7.694698768127399002e-02	3.526609908288760864e-02	8.691605903319665760e-02
1.458587719417068001e+03	2.165883353364744246e-01	1.405565966084886542e-01	2.782005144593596158e-01	1.653822273619562355e-01	7.699189535198815160e-02	3.529597867767519243e-02	8.698445220371477105e-02
1.461006604523895703e+03	2.163400166401522329e-01	1.403932928723007345e-01	2.783729910233257443e-01	1.654785849177157209e-01	7.703670387385479212e-02	3.532577575744970388e-02	8.705263491485806804e-02
1.463425489630723177e+03	2.160924114606643243e-01	1.402304413324711452e-01	2.785449673437012663e-01	1.655746681401049081e-01	7.708141330194141772e-02	3.535549060576430314e-02	8.712060781500963191e-02
1.465844374737550879e+03	2.158455177598704589e-01	1.400680407248574011e-01	2.787164448327021926e-01	1.656704779338126210e-01	7.712602369376943268e-02	3.538512350388411942e-02	8.718837155076075707e-02
1.468263259844378354e+03	2.155993335053910942e-01	1.399060897888583510e-01	2.788874248986952797e-01	1.657660151997079612e-01	7.717053510926993876e-02	3.541467473082354767e-02	8.725592676691069915e-02
1.470682144951206283e+03	2.153538566705923141e-01	1.397445872674041856e-01	2.790579089462055795e-01	1.658612808348649270e-01	7.721494761074050583e-02	3.544414456338278868e-02	8.732327410646653632e-02
1.473101030058033530e+03	2.151090852345707016e-01	1.395835319069467506e-01	2.792278983759232669e-01	1.659562757325867000e-01	7.725926126280251161e-02	3.547353327618376490e-02	8.739041421064312753e-02
1.475519915164861459e+03	2.148650171821384347e-01	1.394229224574496107e-01	2.793973945847112450e-01	1.660510007824296252e-01	7.730347613235920290e-02	3.550284114170539074e-02	8.745734771886326531e-02
1.477938800271689161e+03	2.146216505038080757e-01	1.392627576723784455e-01	2.795663989656125836e-01	1.661454568702272205e-01	7.734759228855447866e-02	3.553206843031812834e-02	8.752407526875782828e-02
1.480357685378516862e+03	2.143789831957777503e-01	1.391030363086910304e-01	2.797349129078580132e-01	1.662396448781136016e-01	7.739160980273229740e-02	3.556121541031796729e-02	8.759059749616611434e-02
1.482776570485344337e+03	2.141370132599159093e-01	1.389437571268277161e-01	2.799029377968733634e-01	1.663335656845469079e-01	7.743552874839682021e-02	3.559028234795975909e-02	8.765691503513628469e-02
