1.301360187473271253e+03	2.356784582283380503e-01	1.507175971630778100e-01	2.592089258221458858e-01	1.618014506499944605e-01	7.615065182559506429e-02	3.266507904070072021e-02	8.377783726980811418e-02
1.306197957686926657e+03	2.350971217780903066e-01	1.503108497292161838e-01	2.595666208265086095e-01	1.620663470603748713e-01	7.625948739480517546e-02	3.274249839872884343e-02	8.395707481193617761e-02
1.311035727900581833e+03	2.345191254590269503e-01	1.499063619854738294e-01	2.599223559609795675e-01	1.623297253933919659e-01	7.636771712206123774e-02	3.281944572396756216e-02	8.413526835475899912e-02
1.315873498114237009e+03	2.339444487963990016e-01	1.495041225183406097e-01	2.602761417770466101e-01	1.625915943746249204e-01	7.647534434770167366e-02	3.289592441790069322e-02	8.431242376764656876e-02
1.320711268327892412e+03	2.333730714830873632e-01	1.491041199334521283e-01	2.606279887676355433e-01	1.628519626769014683e-01	7.658237240093496156e-02	3.297193784823559265e-02	8.448854688941304092e-02
1.325549038541547588e+03	2.328049733769358698e-01	1.487063428569833645e-01	2.609779073680590367e-01	1.631108389207040488e-01	7.668880459914273473e-02	3.304748934943525784e-02	8.466364352839975127e-02
1.330386808755202765e+03	2.322401344981561144e-01	1.483107799369846880e-01	2.613259079568945320e-01	1.633682316745701801e-01	7.679464424725926386e-02	3.312258222323442164e-02	8.483771946256082885e-02
1.335224578968857941e+03	2.316785350268023291e-01	1.479174198446621402e-01	2.616720008567967604e-01	1.636241494554871723e-01	7.689989463721993990e-02	3.319721973914054741e-02	8.501078043955112573e-02
1.340062349182513572e+03	2.311201553003134623e-01	1.475262512756039257e-01	2.620161963352516943e-01	1.638786007292814539e-01	7.700455904747235958e-02	3.327140513492069657e-02	8.518283217681640873e-02
1.344900119396168748e+03	2.305649758111208703e-01	1.471372629509551666e-01	2.623585046052767100e-01	1.641315939110022937e-01	7.710864074254403233e-02	3.334514161707504559e-02	8.535388036168586878e-02
1.349737889609823924e+03	2.300129772043192633e-01	1.467504436185425032e-01	2.626989358260722329e-01	1.643831373653004690e-01	7.721214297266122684e-02	3.341843236129775352e-02	8.552393065146651763e-02
1.354575659823479100e+03	2.294641402753989645e-01	1.463657820539502330e-01	2.630375001036293625e-01	1.646332394068017180e-01	7.731506897341410001e-02	3.349128051292590141e-02	8.569298867353965232e-02
1.359413430037134731e+03	2.289184459680376760e-01	1.459832670615499317e-01	2.633742074912968079e-01	1.648819083004752217e-01	7.741742196546388954e-02	3.356368918737714924e-02	8.586106002545924876e-02
1.364251200250789907e+03	2.283758753719497547e-01	1.456028874754846658e-01	2.637090679903117407e-01	1.651291522619972585e-01	7.751920515428777081e-02	3.363566147057661659e-02	8.602815027505207601e-02
1.369088970464445310e+03	2.278364097207910277e-01	1.452246321606099899e-01	2.640420915502975641e-01	1.653749794581100274e-01	7.762042172995820000e-02	3.370720041937357719e-02	8.619426496051953157e-02
1.373926740678100487e+03	2.273000303901179242e-01	1.448484900133925890e-01	2.643732880697309828e-01	1.656193980069758098e-01	7.772107486695298273e-02	3.377830906194845273e-02	8.635940959054110022e-02
1.378764510891755890e+03	2.267667188953986224e-01	1.444744499627685641e-01	2.647026673963825405e-01	1.658624159785268004e-01	7.782116772399344518e-02	3.384899039821048089e-02	8.652358964437932565e-02
1.383602281105411066e+03	2.262364568900749884e-01	1.441025009709624993e-01	2.650302393277312873e-01	1.661040413948102201e-01	7.792070344390784886e-02	3.391924740018661955e-02	8.668681057198633633e-02
1.388440051319066470e+03	2.257092261636734210e-01	1.437326320342685593e-01	2.653560136113574108e-01	1.663442822303293489e-01	7.801968515351759281e-02	3.398908301240192997e-02	8.684907779411157880e-02
1.393277821532721646e+03	2.251850086399632966e-01	1.433648321837952544e-01	2.656799999453141603e-01	1.665831464123802841e-01	7.811811596354399645e-02	3.405850015225184851e-02	8.701039670241107749e-02
1.398115591746377049e+03	2.246637863751615172e-01	1.429990904861748457e-01	2.660022079784810090e-01	1.668206418213843967e-01	7.821599896853373424e-02	3.412750171036670055e-02	8.717077265955770760e-02
1.402953361960032225e+03	2.241455415561815490e-01	1.426353960442388047e-01	2.663226473108999959e-01	1.670567762912170962e-01	7.831333724680088204e-02	3.419609055096874822e-02	8.733021099935284193e-02
1.407791132173687402e+03	2.236302564989257058e-01	1.422737379976604100e-01	2.666413274940961919e-01	1.672915576095324319e-01	7.841013386038421518e-02	3.426426951222204254e-02	8.748871702683892748e-02
1.412628902387342805e+03	2.231179136466190926e-01	1.419141055235657589e-01	2.669582580313845654e-01	1.675249935180838090e-01	7.850639185501802342e-02	3.433204140657535736e-02	8.764629601841326945e-02
1.417466672600997981e+03	2.226084955681845723e-01	1.415564878371141089e-01	2.672734483781637471e-01	1.677570917130412342e-01	7.860211426011520786e-02	3.439940902109844822e-02	8.780295322194257845e-02
1.422304442814653157e+03	2.221019849566564786e-01	1.412008741920486310e-01	2.675869079421983043e-01	1.679878598453045380e-01	7.869730408876141059e-02	3.446637511781187185e-02	8.795869385687868358e-02
1.427142213028308333e+03	2.215983646276327435e-01	1.408472538812189367e-01	2.678986460838903572e-01	1.682173055208132095e-01	7.879196433771903929e-02	3.453294243401060920e-02	8.811352311437491147e-02
1.431979983241963964e+03	2.210976175177637448e-01	1.404956162370761541e-01	2.682086721165418686e-01	1.684454363008527911e-01	7.888609798744018742e-02	3.459911368258163089e-02	8.826744615740342303e-02
1.436817753455619140e+03	2.205997266832769865e-01	1.401459506321411363e-01	2.685169953066076642e-01	1.686722597023576908e-01	7.897970800208757580e-02	3.466489155231563396e-02	8.842046812087314689e-02
1.441655523669274316e+03	2.201046752985363619e-01	1.397982464794475244e-01	2.688236248739408474e-01	1.688977831982106381e-01	7.907279732956272456e-02	3.473027870821316504e-02	8.857259411174854546e-02
1.446493293882929493e+03	2.196124466546350851e-01	1.394524932329599398e-01	2.691285699920312191e-01	1.691220142175390295e-01	7.916536890154036998e-02	3.479527779178523406e-02	8.872382920916895011e-02
1.451331064096585123e+03	2.191230241580210403e-01	1.391086803879684475e-01	2.694318397882363714e-01	1.693449601460078058e-01	7.925742563350889058e-02	3.485989142134857111e-02	8.887417846456863169e-02
1.456168834310240300e+03	2.186363913291537453e-01	1.387667974814602856e-01	2.697334433440076173e-01	1.695666283261094420e-01	7.934897042481559026e-02	3.492412219231579712e-02	8.902364690179719042e-02
1.461006604523895703e+03	2.181525318011919012e-01	1.384268340924690033e-01	2.700333896951100376e-01	1.697870260574507462e-01	7.944000615871683879e-02	3.498797267748046669e-02	8.917223951724072284e-02
1.465844374737550879e+03	2.176714293187103633e-01	1.380887798424026147e-01	2.703316878318375305e-01	1.700061605970365486e-01	7.953053570243209802e-02	3.505144542729725365e-02	8.931996127994333567e-02
1.470682144951206283e+03	2.171930677364462547e-01	1.377526243953513252e-01	2.706283466992234210e-01	1.702240391595505886e-01	7.962056190720166737e-02	3.511454297015739051e-02	8.946681713172907613e-02
1.475519915164861459e+03	2.167174310180725594e-01	1.374183574583749678e-01	2.709233751972472404e-01	1.704406689176335421e-01	7.971008760834770446e-02	3.517726781265940322e-02	8.961281198732430620e-02
1.480357685378516862e+03	2.162445032349989138e-01	1.370859687817717332e-01	2.712167821810373414e-01	1.706560570021579959e-01	7.979911562533796576e-02	3.523962243987536352e-02	8.975795073448038230e-02
1.485195455592172038e+03	2.157742685651984071e-01	1.367554481593282190e-01	2.715085764610705166e-01	1.708702105025009244e-01	7.988764876185222574e-02	3.530160931561267257e-02	8.990223823409673742e-02
1.490033225805827215e+03	2.153067112920600545e-01	1.364267854285518555e-01	2.717987668033681747e-01	1.710831364668132237e-01	7.997568980585076370e-02	3.536323088267154247e-02	9.004567932034412969e-02
1.494870996019482618e+03	2.148418158032656122e-01	1.360999704708861224e-01	2.720873619296897417e-01	1.712948419022868041e-01	8.006324152964493235e-02	3.542448956309826591e-02	9.018827880078825188e-02
1.499708766233137567e+03	2.143795665896905123e-01	1.357749932119092784e-01	2.723743705177239516e-01	1.715053337754187945e-01	8.015030668996939167e-02	3.548538775843437104e-02	9.033004145651343797e-02
1.504546536446793198e+03	2.139199482443277234e-01	1.354518436215171873e-01	2.726598012012772521e-01	1.717146190122734728e-01	8.023688802805571674e-02	3.554592784996171012e-02	9.047097204224671674e-02
1.509384306660448374e+03	2.134629454612342048e-01	1.351305117140908507e-01	2.729436625704602659e-01	1.719227044987414743e-01	8.032298826970746264e-02	3.560611219894361384e-02	9.061107528648189302e-02
1.514222076874103550e+03	2.130085430344992870e-01	1.348109875486492026e-01	2.732259631718724213e-01	1.721295970807966980e-01	8.040861012537622865e-02	3.566594314686221540e-02	9.075035589160372618e-02
1.519059847087758726e+03	2.125567258572339246e-01	1.344932612289875817e-01	2.735067115087846945e-01	1.723353035647506026e-01	8.049375629023858281e-02	3.572542301565197892e-02	9.088881853401235833e-02
1.523897617301414357e+03	2.121074789205806832e-01	1.341773229038024928e-01	2.737859160413209647e-01	1.725398307175044221e-01	8.057842944427397180e-02	3.578455410792953650e-02	9.102646786424767322e-02
1.528735387515069533e+03	2.116607873127435424e-01	1.338631627668033230e-01	2.740635851866373152e-01	1.727431852667987711e-01	8.066263225234311662e-02	3.584333870721987531e-02	9.116330850711376610e-02
1.533573157728724709e+03	2.112166362180371293e-01	1.335507710568112349e-01	2.743397273191007790e-01	1.729453739014610858e-01	8.074636736426699102e-02	3.590177907817903441e-02	9.129934506180339970e-02
1.538410927942380113e+03	2.107750109159544083e-01	1.332401380578458472e-01	2.746143507704664199e-01	1.731464032716508450e-01	8.082963741490631349e-02	3.595987746681329061e-02	9.143458210202248804e-02
1.543248698156035516e+03	2.103358967802529955e-01	1.329312540992001190e-01	2.748874638300531914e-01	1.733462799891026251e-01	8.091244502424121965e-02	3.601763610069490945e-02	9.156902417611455236e-02
1.548086468369690692e+03	2.098992792780587369e-01	1.326241095555040217e-01	2.751590747449189633e-01	1.735450106273668247e-01	8.099479279745130933e-02	3.607505718917462800e-02	9.170267580718508005e-02
1.552924238583346096e+03	2.094651439689867445e-01	1.323186948467770518e-01	2.754291917200348272e-01	1.737426017220484731e-01	8.107668332499581854e-02	3.613214292359079316e-02	9.183554149322585569e-02
1.557762008797001272e+03	2.090334765042789478e-01	1.320150004384704479e-01	2.756978229184579576e-01	1.739390597710438191e-01	8.115811918269388858e-02	3.618889547747532881e-02	9.196762570723920893e-02
1.562599779010656675e+03	2.086042626259577426e-01	1.317130168414992475e-01	2.759649764615041967e-01	1.741343912347748657e-01	8.123910293180486297e-02	3.624531700675654583e-02	9.209893289736210964e-02
1.567437549224311852e+03	2.081774881659955168e-01	1.314127346122646589e-01	2.762306604289197498e-01	1.743286025364220171e-01	8.131963711910855652e-02	3.630140964995884345e-02	9.222946748699016595e-02
1.572275319437967255e+03	2.077531390454993299e-01	1.311141443526669392e-01	2.764948828590522156e-01	1.745217000621546444e-01	8.139972427698552448e-02	3.635717552839937833e-02	9.235923387490148351e-02
1.577113089651622431e+03	2.073312012739102483e-01	1.308172367101094191e-01	2.767576517490210053e-01	1.747136901613596527e-01	8.147936692349715126e-02	3.641261674638179152e-02	9.248823643538027495e-02
1.581950859865277607e+03	2.069116609482175018e-01	1.305220023774938676e-01	2.770189750548869290e-01	1.749045791468682720e-01	8.155856756246555872e-02	3.646773539138697257e-02	9.261647951834041381e-02
1.586788630078933011e+03	2.064945042521860730e-01	1.302284320932075579e-01	2.772788606918218934e-01	1.750943732951808773e-01	8.163732868355340344e-02	3.652253353426095084e-02	9.274396744944871096e-02
1.591626400292587959e+03	2.060797174555982492e-01	1.299365166411022288e-01	2.775373165342776560e-01	1.752830788466898937e-01	8.171565276234341035e-02	3.657701322940001137e-02	9.287070453024801053e-02
1.596464170506243590e+03	2.056672869135083015e-01	1.296462468504654686e-01	2.777943504161538013e-01	1.754707020059010636e-01	8.179354226041768428e-02	3.663117651493303512e-02	9.299669503827999451e-02
1.601301940719898766e+03	2.052571990655099599e-01	1.293576135959847717e-01	2.780499701309663840e-01	1.756572489416527993e-01	8.187099962543664677e-02	3.668502541290104974e-02	9.312194322720782069e-02
1.606139710933553943e+03	2.048494404350160725e-01	1.290706077977043509e-01	2.783041834320146846e-01	1.758427257873336758e-01	8.194802729121783424e-02	3.673856192943423388e-02	9.324645332693846933e-02
1.610977481147209119e+03	2.044439976285510607e-01	1.287852204209753160e-01	2.785569980325491302e-01	1.760271386410983963e-01	8.202462767781429354e-02	3.679178805492620830e-02	9.337022954374483985e-02
1.615815251360864750e+03	2.040408573350545596e-01	1.285014424763991914e-01	2.788084216059377729e-01	1.762104935660818439e-01	8.210080319159260287e-02	3.684470576420578042e-02	9.349327606038754235e-02
1.620653021574519926e+03	2.036400063251966042e-01	1.282192650197652162e-01	2.790584617858326566e-01	1.763927965906116058e-01	8.217655622531061521e-02	3.689731701670619785e-02	9.361559703623639761e-02
1.625490791788175102e+03	2.032414314507041964e-01	1.279386791519817879e-01	2.793071261663362947e-01	1.765740537084186934e-01	8.225188915819485469e-02	3.694962375663182752e-02	9.373719660739164572e-02
1.630328562001830505e+03	2.028451196436985293e-01	1.276596760190016888e-01	2.795544223021674268e-01	1.767542708788468198e-01	8.232680435601745506e-02	3.700162791312250343e-02	9.385807888680482158e-02
1.635166332215485909e+03	2.024510579160428980e-01	1.273822468117423723e-01	2.798003577088266081e-01	1.769334540270597611e-01	8.240130417117282058e-02	3.705333140041540407e-02	9.397824796439932515e-02
1.640004102429141085e+03	2.020592333587005185e-01	1.271063827660004475e-01	2.800449398627616882e-01	1.771116090442474977e-01	8.247539094275375959e-02	3.710473611800458454e-02	9.409770790719068634e-02
1.644841872642796488e+03	2.016696331411028109e-01	1.268320751623612797e-01	2.802881762015326239e-01	1.772887417878304117e-01	8.254906699662742375e-02	3.715584395079820496e-02	9.421646275940637194e-02
1.649679642856451665e+03	2.012822445105270919e-01	1.265593153261038439e-01	2.805300741239764584e-01	1.774648580816622911e-01	8.262233464551059503e-02	3.720665676927351062e-02	9.433451654260535668e-02
1.654517413070107068e+03	2.008970547914836757e-01	1.262880946271006388e-01	2.807706409903716893e-01	1.776399637162315581e-01	8.269519618904482006e-02	3.725717642962951548e-02	9.445187325579723625e-02
1.659355183283762244e+03	2.005140513851123851e-01	1.260184044797132974e-01	2.810098841226028044e-01	1.778140644488610256e-01	8.276765391387091997e-02	3.730740477393751364e-02	9.456853687556110444e-02
1.664192953497417420e+03	2.001332217685878601e-01	1.257502363426839520e-01	2.812478108043242608e-01	1.779871660039063497e-01	8.283971009370322269e-02	3.735734363028946070e-02	9.468451135616388903e-02
1.669030723711072824e+03	1.997545534945337486e-01	1.254835817190224079e-01	2.814844282811240772e-01	1.781592740729527891e-01	8.291136698940330951e-02	3.740699481294419704e-02	9.479980062967839627e-02
1.673868493924728000e+03	1.993780341904450581e-01	1.252184321558894586e-01	2.817197437606877575e-01	1.783303943150106596e-01	8.298262684905334530e-02	3.745636012247160335e-02	9.491440860610093899e-02
1.678706264138383403e+03	1.990036515581193044e-01	1.249547792444763716e-01	2.819537644129614939e-01	1.785005323567094015e-01	8.305349190802906179e-02	3.750544134589466061e-02	9.502833917346857617e-02
1.683544034352038352e+03	1.986313933730951276e-01	1.246926146198809870e-01	2.821864973703150925e-01	1.786696937924900086e-01	8.312396438907217189e-02	3.755424025682957412e-02	9.514159619797590839e-02
1.688381804565693983e+03	1.982612474840992900e-01	1.244319299609802087e-01	2.824179497277050643e-01	1.788378841847963752e-01	8.319404650236254806e-02	3.760275861562385052e-02	9.525418352409151246e-02
1.693219574779349159e+03	1.978932018125009185e-01	1.241727169902993450e-01	2.826481285428373846e-01	1.790051090642651166e-01	8.326374044558979004e-02	3.765099816949243200e-02	9.536610497467391812e-02
1.698057344993004335e+03	1.975272443517734622e-01	1.239149674738782986e-01	2.828770408363294742e-01	1.791713739299139185e-01	8.333304840402455671e-02	3.769896065265193608e-02	9.547736435108716835e-02
1.702895115206659511e+03	1.971633631669639231e-01	1.236586732211348294e-01	2.831046935918727914e-01	1.793366842493289148e-01	8.340197255058930115e-02	3.774664778645300811e-02	9.558796543331596340e-02
1.707732885420315142e+03	1.968015463941688858e-01	1.234038260847249713e-01	2.833310937563946474e-01	1.795010454588502613e-01	8.347051504592874205e-02	3.779406127951084188e-02	9.569791198008034683e-02
1.712570655633970318e+03	1.964417822400178759e-01	1.231504179604007015e-01	2.835562482402197437e-01	1.796644629637567936e-01	8.353867803847979390e-02	3.784120282783378503e-02	9.580720772894997517e-02
1.717408425847625494e+03	1.960840589811630452e-01	1.228984407868652096e-01	2.837801639172318202e-01	1.798269421384492417e-01	8.360646366454116407e-02	3.788807411495029309e-02	9.591585639645792971e-02
1.722246196061280898e+03	1.957283649637758249e-01	1.226478865456255424e-01	2.840028476250344713e-01	1.799884883266322233e-01	8.367387404834247810e-02	3.793467681203401692e-02	9.602386167821407026e-02
1.727083966274936301e+03	1.953746886030496843e-01	1.223987472608430299e-01	2.842243061651127944e-01	1.801491068414948493e-01	8.374091130211304412e-02	3.798101257802719011e-02	9.613122724901800031e-02
1.731921736488591478e+03	1.950230183827093289e-01	1.221510149991815869e-01	2.844445463029933729e-01	1.803088029658903302e-01	8.380757752615014544e-02	3.802708305976235797e-02	9.623795676297143553e-02
1.736759506702246881e+03	1.946733428545259492e-01	1.219046818696537665e-01	2.846635747684052031e-01	1.804675819525140279e-01	8.387387480888700009e-02	3.807288989208233720e-02	9.634405385359029461e-02
1.741597276915902057e+03	1.943256506378383541e-01	1.216597400234649823e-01	2.848813982554396773e-01	1.806254490240805644e-01	8.393980522696022073e-02	3.811843469795863498e-02	9.644952213391619344e-02
1.746435047129557461e+03	1.939799304190800988e-01	1.214161816538557731e-01	2.850980234227102339e-01	1.807824093734997084e-01	8.400537084527698317e-02	3.816371908860816814e-02	9.655436519662755068e-02
1.751272817343212637e+03	1.936361709513122753e-01	1.211739989959423475e-01	2.853134568935127291e-01	1.809384681640509307e-01	8.407057371708169524e-02	3.820874466360844879e-02	9.665858661415012432e-02
1.756110587556867813e+03	1.932943610537617152e-01	1.209331843265554624e-01	2.855277052559839768e-01	1.810936305295567927e-01	8.413541588402229099e-02	3.825351301101116014e-02	9.676218993876720131e-02
1.760948357770523216e+03	1.929544896113645769e-01	1.206937299640776784e-01	2.857407750632613430e-01	1.812479015745552813e-01	8.419989937621619180e-02	3.829802570745421963e-02	9.686517870272927377e-02
1.765786127984178393e+03	1.926165455743156230e-01	1.204556282682791302e-01	2.859526728336414525e-01	1.814012863744710602e-01	8.426402621231578183e-02	3.834228431827231554e-02	9.696755641836317385e-02
1.770623898197833569e+03	1.922805179576222157e-01	1.202188716401520335e-01	2.861634050507386728e-01	1.815537899757853346e-01	8.432779839957350865e-02	3.838629039760595857e-02	9.706932657818080623e-02
1.775461668411488745e+03	1.919463958406636694e-01	1.199834525217436665e-01	2.863729781636433214e-01	1.817054173962047436e-01	8.439121793390669257e-02	3.843004548850907642e-02	9.717049265498738098e-02
1.780299438625144376e+03	1.916141683667553497e-01	1.197493633959882675e-01	2.865813985870795388e-01	1.818561736248292260e-01	8.445428679996183630e-02	3.847355112305514413e-02	9.727105810198913294e-02
1.785137208838799552e+03	1.912838247427179061e-01	1.195165967865377266e-01	2.867886727015631632e-01	1.820060636223184980e-01	8.451700697117860150e-02	3.851680882244191972e-02	9.737102635290063868e-02
1.789974979052454728e+03	1.909553542384508917e-01	1.192851452575912768e-01	2.869948068535587704e-01	1.821550923210578099e-01	8.457938040985335526e-02	3.855982009709479907e-02	9.747040082205155054e-02
1.794812749266109904e+03	1.906287461865112387e-01	1.190550014137240209e-01	2.871998073556367159e-01	1.823032646253223421e-01	8.464140906720243884e-02	3.860258644676874823e-02	9.756918490449291437e-02
1.799650519479765535e+03	1.903039899816961755e-01	1.188261578997146795e-01	2.874036804866300643e-01	1.824505854114406300e-01	8.470309488342500637e-02	3.864510936064893820e-02	9.766738197610295991e-02
1.804488289693420711e+03	1.899810750806306681e-01	1.185986074003724244e-01	2.876064324917905757e-01	1.825970595279569619e-01	8.476443978776540544e-02	3.868739031745004747e-02	9.776499539369241931e-02
1.809326059907075887e+03	1.896599910013590518e-01	1.183723426403628792e-01	2.878080695829449698e-01	1.827426917957926389e-01	8.482544569857533578e-02	3.872943078551421142e-02	9.786202849510940160e-02
1.814163830120731291e+03	1.893407273229411047e-01	1.181473563840334112e-01	2.880085979386506900e-01	1.828874870084063187e-01	8.488611452337557761e-02	3.877123222290773663e-02	9.795848459934368424e-02
1.819001600334386467e+03	1.890232736850520900e-01	1.179236414352377582e-01	2.882080237043510573e-01	1.830314499319531663e-01	8.494644815891733147e-02	3.881279607751656618e-02	9.805436700663057448e-02
1.823839370548041643e+03	1.887076197875870165e-01	1.177011906371600025e-01	2.884063529925303682e-01	1.831745853054431439e-01	8.500644849124319724e-02	3.885412378714045434e-02	9.814967899855432665e-02
1.828677140761696819e+03	1.883937553902687856e-01	1.174799968721380594e-01	2.886035918828686597e-01	1.833168978408982741e-01	8.506611739574784781e-02	3.889521677958592688e-02	9.824442383815093494e-02
1.833514910975352450e+03	1.880816703122602518e-01	1.172600530614865411e-01	2.887997464223960309e-01	1.834583922235087372e-01	8.512545673723831419e-02	3.893607647275806882e-02	9.833860477001053757e-02
1.838352681189008081e+03	1.877713544317802796e-01	1.170413521653192734e-01	2.889948226256462971e-01	1.835990731117883024e-01	8.518446836999388205e-02	3.897670427475111860e-02	9.843222502037933530e-02
1.843190451402663257e+03	1.874627976857233536e-01	1.168238871823713831e-01	2.891888264748109227e-01	1.837389451377282878e-01	8.524315413782566908e-02	3.901710158393788958e-02	9.852528779726098251e-02
1.848028221616318433e+03	1.871559900692828793e-01	1.166076511498209262e-01	2.893817639198921765e-01	1.838780129069510771e-01	8.530151587413593861e-02	3.905726978905803282e-02	9.861779629051745100e-02
1.852865991829973609e+03	1.868509216355783431e-01	1.163926371431104195e-01	2.895736408788558425e-01	1.840162809988623305e-01	8.535955540197684432e-02	3.909721026930521037e-02	9.870975367196950512e-02
1.857703762043628785e+03	1.865475824952856354e-01	1.161788382757678872e-01	2.897644632377838203e-01	1.841537539668023638e-01	8.541727453410907778e-02	3.913692439441315146e-02	9.880116309549656639e-02
1.862541532257283961e+03	1.862459628162710934e-01	1.159662476992278507e-01	2.899542368510261703e-01	1.842904363381965560e-01	8.547467507306003021e-02	3.917641352474055677e-02	9.889202769713618946e-02
1.867379302470939592e+03	1.859460528232290133e-01	1.157548586026520276e-01	2.901429675413528808e-01	1.844263326147048410e-01	8.553175881118160739e-02	3.921567901135503825e-02	9.898235059518298296e-02
1.872217072684594768e+03	1.856478427973222434e-01	1.155446642127499896e-01	2.903306611001051363e-01	1.845614472723702271e-01	8.558852753070783637e-02	3.925472219611589320e-02	9.907213489028707243e-02
1.877054842898249490e+03	1.853513230758262187e-01	1.153356577935996247e-01	2.905173232873462519e-01	1.846957847617663462e-01	8.564498300381200024e-02	3.929354441175592766e-02	9.916138366555204975e-02
1.881892613111905121e+03	1.850564840517762433e-01	1.151278326464676288e-01	2.907029598320121089e-01	1.848293495081443083e-01	8.570112699266345391e-02	3.933214698196221132e-02	9.925009998663243682e-02
1.886730383325560297e+03	1.847633161736178531e-01	1.149211821096298852e-01	2.908875764320614787e-01	1.849621459115784183e-01	8.575696124948427312e-02	3.937053122145579842e-02	9.933828690183067744e-02
1.891568153539215928e+03	1.844718099448603710e-01	1.147156995581919414e-01	2.910711787546254592e-01	1.850941783471110880e-01	8.581248751660532081e-02	3.940869843607054668e-02	9.942594744219369896e-02
1.896405923752871104e+03	1.841819559237334036e-01	1.145113784039094307e-01	2.912537724361569658e-01	1.852254511648967483e-01	8.586770752652218841e-02	3.944664992283086757e-02	9.951308462160879387e-02
1.901243693966526507e+03	1.838937447228464472e-01	1.143082120950086322e-01	2.914353630825795571e-01	1.853559686903451520e-01	8.592262300195074864e-02	3.948438697002856768e-02	9.959970143689925171e-02
1.906081464180181683e+03	1.836071670088512409e-01	1.141061941160071563e-01	2.916159562694359275e-01	1.854857352242635093e-01	8.597723565588234751e-02	3.952191085729875319e-02	9.968580086791932471e-02
1.910919234393836859e+03	1.833222135021073673e-01	1.139053179875346988e-01	2.917955575420358993e-01	1.856147550429979032e-01	8.603154719163874642e-02	3.955922285569477004e-02	9.977138587764886046e-02
1.915757004607492036e+03	1.830388749763503797e-01	1.137055772661539205e-01	2.919741724156039164e-01	1.857430323985737597e-01	8.608555930292671743e-02	3.959632422776223487e-02	9.985645941228726841e-02
1.920594774821147894e+03	1.827571422583627037e-01	1.135069655441816733e-01	2.921518063754264816e-01	1.858705715188355145e-01	8.613927367389234702e-02	3.963321622761221963e-02	9.994102440134720877e-02
1.925432545034802843e+03	1.824770062276476479e-01	1.133094764495102685e-01	2.923284648769987060e-01	1.859973766075854740e-01	8.619269197917492353e-02	3.966990010099345765e-02	1.000250837577476154e-01
1.930270315248458019e+03	1.821984578161057466e-01	1.131131036454291194e-01	2.925041533461706367e-01	1.861234518447217878e-01	8.624581588396068588e-02	3.970637708536376570e-02	1.001086403779063716e-01
1.935108085462113195e+03	1.819214880077138774e-01	1.129178408304465087e-01	2.926788771792930843e-01	1.862488013863753955e-01	8.629864704403612807e-02	3.974264840996054315e-02	1.001916971418324587e-01
1.939945855675768371e+03	1.816460878382072375e-01	1.127236817381118278e-01	2.928526417433631734e-01	1.863734293650466667e-01	8.635118710584106794e-02	3.977871529587048705e-02	1.002742569132175771e-01
1.944783625889424002e+03	1.813722483947633746e-01	1.125306201368378584e-01	2.930254523761690599e-01	1.864973398897405432e-01	8.640343770652136879e-02	3.981457895609839814e-02	1.003563225395273928e-01
1.949621396103079178e+03	1.810999608156893259e-01	1.123386498297236774e-01	2.931973143864346487e-01	1.866205370461013757e-01	8.645540047398139749e-02	3.985024059563523069e-02	1.004378968520922427e-01
1.954459166316734354e+03	1.808292162901108946e-01	1.121477646543777157e-01	2.933682330539636451e-01	1.867430248965468165e-01	8.650707702693616330e-02	3.988570141152531640e-02	1.005189826661973679e-01
1.959296936530389530e+03	1.805600060576644239e-01	1.119579584827412461e-01	2.935382136297829403e-01	1.868648074804006853e-01	8.655846897496315140e-02	3.992096259293278354e-02	1.005995827811726751e-01
1.964134706744044706e+03	1.802923214081911529e-01	1.117692252209122605e-01	2.937072613362859408e-01	1.869858888140253916e-01	8.660957791855389276e-02	3.995602532120721279e-02	1.006796999804820403e-01
1.968972476957700337e+03	1.800261536814337648e-01	1.115815588089696941e-01	2.938753813673752879e-01	1.871062728909533013e-01	8.666040544916520094e-02	3.999089076994850889e-02	1.007593370318121684e-01
1.973810247171355968e+03	1.797614942667354609e-01	1.113949532207982179e-01	2.940425788886046332e-01	1.872259636820174655e-01	8.671095314927010356e-02	4.002556010507101608e-02	1.008384966871609389e-01
1.978648017385010689e+03	1.794983346027413385e-01	1.112094024639133233e-01	2.942088590373209689e-01	1.873449651354814338e-01	8.676122259240857948e-02	4.006003448486689794e-02	1.009171816829252805e-01
1.983485787598666320e+03	1.792366661771016834e-01	1.110249005792868782e-01	2.943742269228055153e-01	1.874632811771684560e-01	8.681121534323790745e-02	4.009431506006877477e-02	1.009953947399886420e-01
1.988323557812321269e+03	1.789764805261782055e-01	1.108414416411732800e-01	2.945386876264143861e-01	1.875809157105897407e-01	8.686093295758275101e-02	4.012840297391163241e-02	1.010731385638079238e-01
1.993161328025976900e+03	1.787177692347517166e-01	1.106590197569358863e-01	2.947022462017191424e-01	1.876978726170721590e-01	8.691037698248499366e-02	4.016229936219401636e-02	1.011504158445000329e-01
1.997999098239632076e+03	1.784605239357326956e-01	1.104776290668741251e-01	2.948649076746465703e-01	1.878141557558848929e-01	8.695954895625324088e-02	4.019600535333855973e-02	1.012272292569278559e-01
2.002836868453287707e+03	1.782047363098734627e-01	1.102972637440510217e-01	2.950266770436180130e-01	1.879297689643656399e-01	8.700845040851211409e-02	4.022952206845176182e-02	1.013035814607858992e-01
2.007674638666942428e+03	1.779503980854828249e-01	1.101179179941213088e-01	2.951875592796880943e-01	1.880447160580459576e-01	8.705708286025115594e-02	4.026285062138312137e-02	1.013794751006854150e-01
2.012512408880597604e+03	1.776975010381426634e-01	1.099395860551599380e-01	2.953475593266832178e-01	1.881590008307757189e-01	8.710544782387361074e-02	4.029599211878361759e-02	1.014549128062390698e-01
2.017350179094252780e+03	1.774460369904266310e-01	1.097622621974913698e-01	2.955066821013394018e-01	1.882726270548470415e-01	8.715354680324473302e-02	4.032894766016348331e-02	1.015298971921451687e-01
2.022187949307908411e+03	1.771959978116209311e-01	1.095859407235191818e-01	2.956649324934395584e-01	1.883855984811174111e-01	8.720138129373998515e-02	4.036171833794935382e-02	1.016044308582713940e-01
2.027025719521564042e+03	1.769473754174469560e-01	1.094106159675563295e-01	2.958223153659505500e-01	1.884979188391320559e-01	8.724895278229294338e-02	4.039430523754079794e-02	1.016785163897381966e-01
2.031863489735218764e+03	1.767001617697861737e-01	1.092362822956560592e-01	2.959788355551594141e-01	1.886095918372455438e-01	8.729626274744280157e-02	4.042670943736617617e-02	1.017521563570016052e-01
2.036701259948874394e+03	1.764543488764068468e-01	1.090629341054433071e-01	2.961344978708093656e-01	1.887206211627428798e-01	8.734331265938180544e-02	4.045893200893788122e-02	1.018253533159356738e-01
2.041539030162529116e+03	1.762099287906925271e-01	1.088905658259467640e-01	2.962893070962351327e-01	1.888310104819596325e-01	8.739010398000221502e-02	4.049097401690701648e-02	1.018981098079144582e-01
2.046376800376184747e+03	1.759668936113727711e-01	1.087191719174314813e-01	2.964432679884980160e-01	1.889407634404013936e-01	8.743663816294316993e-02	4.052283651911740836e-02	1.019704283598935335e-01
2.051214570589840150e+03	1.757252354822554929e-01	1.085487468712321019e-01	2.965963852785200028e-01	1.890498836628628221e-01	8.748291665363715219e-02	4.055452056665905664e-02	1.020423114844911661e-01
2.056052340803495554e+03	1.754849465919614548e-01	1.083792852095867149e-01	2.967486636712177717e-01	1.891583747535456050e-01	8.752894088935637973e-02	4.058602720392101570e-02	1.021137616800688597e-01
2.060890111017150957e+03	1.752460191736603390e-01	1.082107814854714328e-01	2.969001078456361409e-01	1.892662402961759471e-01	8.757471229925864464e-02	4.061735746864363061e-02	1.021847814308116664e-01
2.065727881230805451e+03	1.750084455048087073e-01	1.080432302824353846e-01	2.970507224550809067e-01	1.893734838541213106e-01	8.762023230443319322e-02	4.064851239197031507e-02	1.022553732068079563e-01
2.070565651444461309e+03	1.747722179068899595e-01	1.078766262144365551e-01	2.972005121272511818e-01	1.894801089705065167e-01	8.766550231794616177e-02	4.067949299849865641e-02	1.023255394641287008e-01
2.075403421658116713e+03	1.745373287451557898e-01	1.077109639256781520e-01	2.973494814643712347e-01	1.895861191683291258e-01	8.771052374488579051e-02	4.071030030633105562e-02	1.023952826449064935e-01
2.080241191871772116e+03	1.743037704283696421e-01	1.075462380904456949e-01	2.974976350433219952e-01	1.896915179505741789e-01	8.775529798240745694e-02	4.074093532712476373e-02	1.024646051774139310e-01
2.085078962085427065e+03	1.740715354085517474e-01	1.073824434129446587e-01	2.976449774157715611e-01	1.897963088003281062e-01	8.779982641977836233e-02	4.077139906614141163e-02	1.025335094761417876e-01
2.089916732299082469e+03	1.738406161807259931e-01	1.072195746271388944e-01	2.977915131083058164e-01	1.899004951808923314e-01	8.784411043842201006e-02	4.080169252229601251e-02	1.026019979418765493e-01
2.094754502512737417e+03	1.736110052826684014e-01	1.070576264965896474e-01	2.979372466225581606e-01	1.900040805358958196e-01	8.788815141196240632e-02	4.083181668820545784e-02	1.026700729617776864e-01
2.099592272726392821e+03	1.733826952946574684e-01	1.068965938142952404e-01	2.980821824353387939e-01	1.901070682894072106e-01	8.793195070626806664e-02	4.086177255023644428e-02	1.027377369094544246e-01
2.104430042940048224e+03	1.731556788392258905e-01	1.067364714025314382e-01	2.982263249987633369e-01	1.902094618460462572e-01	8.797550967949571699e-02	4.089156108855294958e-02	1.028049921450421011e-01
2.109267813153704083e+03	1.729299485809140946e-01	1.065772541126925738e-01	2.983696787403813944e-01	1.903112645910944867e-01	8.801882968213382841e-02	4.092118327716320891e-02	1.028718410152781315e-01
2.114105583367359031e+03	1.727054972260256005e-01	1.064189368251331896e-01	2.985122480633040642e-01	1.904124798906054461e-01	8.806191205704574920e-02	4.095064008396617772e-02	1.029382858535775186e-01
2.118943353581013525e+03	1.724823175223836325e-01	1.062615144490104829e-01	2.986540373463312803e-01	1.905131110915140591e-01	8.810475813951280932e-02	4.097993247079749490e-02	1.030043289801080147e-01
2.123781123794669384e+03	1.722604022590894790e-01	1.061049819221274032e-01	2.987950509440784885e-01	1.906131615217456221e-01	8.814736925727696681e-02	4.100906139347503671e-02	1.030699727018647843e-01
2.128618894008324787e+03	1.720397442662825738e-01	1.059493342107765135e-01	2.989352931871027130e-01	1.907126344903239124e-01	8.818974673058337099e-02	4.103802780184392235e-02	1.031352193127447053e-01
2.133456664221980191e+03	1.718203364149019641e-01	1.057945663095843508e-01	2.990747683820285108e-01	1.908115332874787684e-01	8.823189187222266194e-02	4.106683263982112420e-02	1.032000710936202686e-01
2.138294434435635139e+03	1.716021716164493893e-01	1.056406732413567029e-01	2.992134808116728162e-01	1.909098611847531712e-01	8.827380598757293695e-02	4.109547684543953666e-02	1.032645303124130609e-01
2.143132204649290543e+03	1.713852428227538305e-01	1.054876500569243980e-01	2.993514347351698413e-01	1.910076214351094370e-01	8.831549037464157814e-02	4.112396135089169819e-02	1.033285992241667894e-01
2.147969974862945492e+03	1.711695430257376971e-01	1.053354918349899971e-01	2.994886343880949209e-01	1.911048172730350492e-01	8.835694632410684424e-02	4.115228708257298584e-02	1.033922800711200435e-01
2.152807745076601350e+03	1.709550652571845131e-01	1.051841936819749440e-01	2.996250839825883583e-01	1.912014519146477409e-01	8.839817511935910144e-02	4.118045496112442139e-02	1.034555750827784726e-01
2.157645515290255844e+03	1.707418025885079904e-01	1.050337507318676034e-01	2.997607877074782712e-01	1.912975285577999951e-01	8.843917803654201271e-02	4.120846590147501237e-02	1.035184864759866874e-01
2.162483285503912157e+03	1.705297481305225460e-01	1.048841581460719513e-01	2.998957497284032159e-01	1.913930503821829887e-01	8.847995634459340786e-02	4.123632081288371859e-02	1.035810164549997719e-01
2.167321055717567106e+03	1.703188950332154838e-01	1.047354111132568905e-01	3.000299741879343673e-01	1.914880205494298160e-01	8.852051130528583445e-02	4.126402059898090502e-02	1.036431672115543101e-01
2.172158825931222509e+03	1.701092364855204819e-01	1.045875048492063836e-01	3.001634652056967001e-01	1.915824422032183783e-01	8.856084417326702540e-02	4.129156615780948253e-02	1.037049409249390791e-01
2.176996596144877003e+03	1.699007657150925499e-01	1.044404345966702813e-01	3.002962268784903355e-01	1.916763184693733024e-01	8.860095619610008910e-02	4.131895838186560449e-02	1.037663397620653544e-01
2.181834366358532861e+03	1.696934759880843191e-01	1.042941956252157049e-01	3.004282632804107789e-01	1.917696524559675819e-01	8.864084861430342188e-02	4.134619815813890542e-02	1.038273658775368397e-01
2.186672136572187810e+03	1.694873606089238871e-01	1.041487832310793865e-01	3.005595784629687683e-01	1.918624472534234959e-01	8.868052266139044015e-02	4.137328636815245514e-02	1.038880214137191116e-01
2.191509906785843214e+03	1.692824129200939387e-01	1.040041927370205094e-01	3.006901764552100120e-01	1.919547059346129736e-01	8.871997956390911821e-02	4.140022388800219943e-02	1.039483085008088004e-01
2.196347676999498617e+03	1.690786263019123381e-01	1.038604194921742968e-01	3.008200612638338156e-01	1.920464315549573753e-01	8.875922054148126239e-02	4.142701158839610931e-02	1.040082292569023126e-01
2.201185447213154021e+03	1.688759941723140812e-01	1.037174588719063928e-01	3.009492368733116541e-01	1.921376271525266632e-01	8.879824680684154925e-02	4.145365033469290000e-02	1.040677857880642487e-01
2.206023217426809424e+03	1.686745099866345798e-01	1.035753062776679084e-01	3.010777072460047998e-01	1.922282957481381005e-01	8.883705956587642505e-02	4.148014098694039614e-02	1.041269801883952795e-01
2.210860987640464373e+03	1.684741672373941401e-01	1.034339571368510929e-01	3.012054763222817289e-01	1.923184403454543945e-01	8.887566001766267210e-02	4.150648439991350136e-02	1.041858145400998970e-01
2.215698757854119776e+03	1.682749594540841609e-01	1.032934069026458374e-01	3.013325480206353046e-01	1.924080639310810081e-01	8.891404935450585023e-02	4.153268142315182099e-02	1.042442909135535140e-01
2.220536528067775180e+03	1.680768802029542208e-01	1.031536510538968304e-01	3.014589262377983525e-01	1.924971694746632211e-01	8.895222876197850237e-02	4.155873290099694473e-02	1.043024113673693687e-01
2.225374298281430583e+03	1.678799230868009140e-01	1.030146850949613252e-01	3.015846148488601219e-01	1.925857599289825528e-01	8.899019941895809638e-02	4.158463967262931993e-02	1.043601779484650410e-01
2.230212068495085077e+03	1.676840817447575183e-01	1.028765045555678770e-01	3.017096177073812502e-01	1.926738382300525743e-01	8.902796249766482817e-02	4.161040257210481264e-02	1.044175926921285108e-01
2.235049838708740936e+03	1.674893498520853286e-01	1.027391049906754561e-01	3.018339386455084483e-01	1.927614072972141379e-01	8.906551916369914723e-02	4.163602242839094247e-02	1.044746576220839246e-01
2.239887608922396339e+03	1.672957211199660732e-01	1.026024819803334764e-01	3.019575814740887432e-01	1.928484700332302182e-01	8.910287057607914341e-02	4.166150006540269429e-02	1.045313747505570295e-01
2.244725379136052197e+03	1.671031892952957454e-01	1.024666311295424903e-01	3.020805499827833307e-01	1.929350293243800307e-01	8.914001788727762832e-02	4.168683630203809387e-02	1.045877460783400659e-01
2.249563149349706237e+03	1.669117481604795172e-01	1.023315480681154799e-01	3.022028479401807632e-01	1.930210880405527074e-01	8.917696224325910581e-02	4.171203195221336729e-02	1.046437735948565068e-01
2.254400919563362095e+03	1.667213915332280694e-01	1.021972284505400230e-01	3.023244790939092486e-01	1.931066490353404164e-01	8.921370478351645095e-02	4.173708782489782970e-02	1.046994592782253680e-01
2.259238689777017044e+03	1.665321132663550585e-01	1.020636679558410698e-01	3.024454471707494485e-01	1.931917151461309545e-01	8.925024664110745021e-02	4.176200472414841325e-02	1.047548050953250459e-01
2.264076459990672902e+03	1.663439072475758340e-01	1.019308622874443154e-01	3.025657558767454458e-01	1.932762891941998129e-01	8.928658894269110580e-02	4.178678344914390358e-02	1.048098130018569746e-01
