1.001418434226643626e+03	2.789274683457692028e-01	1.812560133934734419e-01	2.348080106201985151e-01	1.408960265734813810e-01	6.697089596964907188e-02	2.763731183737523980e-02	6.950427325971328396e-02
1.002869765290740247e+03	2.786697629458648184e-01	1.810909398760507938e-01	2.349866284292692897e-01	1.409974258968751115e-01	6.700585695790384211e-02	2.767214656568715847e-02	6.957723932800916056e-02
1.004321096354836754e+03	2.784124999705410164e-01	1.809261408827694817e-01	2.351649471305720662e-01	1.410986080735400494e-01	6.704086231237903204e-02	2.770685850287770216e-02	6.965008312698085791e-02
1.005772427418933376e+03	2.781556786988757524e-01	1.807616159564317815e-01	2.353429672153432017e-01	1.411995740134579791e-01	6.707591074338326020e-02	2.774144881531415835e-02	6.972280455685404832e-02
1.007223758483029997e+03	2.778992984105619346e-01	1.805973646405992783e-01	2.355206891741238318e-01	1.413003246187420625e-01	6.711100097888743343e-02	2.777591865333751617e-02	6.979540352340814213e-02
1.008675089547126618e+03	2.776433583859154175e-01	1.804333864795915343e-01	2.356981134967590374e-01	1.414008607837293208e-01	6.714613176428826935e-02	2.781026915149107867e-02	6.986787993788561024e-02
1.010126420611223239e+03	2.773878579058827731e-01	1.802696810184850063e-01	2.358752406723971518e-01	1.415011833950717834e-01	6.718130186217512179e-02	2.784450142874583464e-02	6.994023371690261115e-02
1.011577751675319632e+03	2.771327962520490074e-01	1.801062478031116576e-01	2.360520711894892876e-01	1.416012933318267220e-01	6.721651005209997032e-02	2.787861658872261422e-02	7.001246478236100579e-02
1.013029082739416367e+03	2.768781727066449427e-01	1.799430863800579039e-01	2.362286055357886994e-01	1.417011914655455507e-01	6.725175513035044905e-02	2.791261571991112897e-02	7.008457306136152420e-02
1.014480413803512761e+03	2.766239865525547126e-01	1.797801962966633360e-01	2.364048441983502002e-01	1.418008786603615623e-01	6.728703590972612281e-02	2.794649989588586167e-02	7.015655848611840328e-02
1.015931744867609382e+03	2.763702370733229774e-01	1.796175771010194433e-01	2.365807876635294960e-01	1.419003557730765808e-01	6.732235121931769151e-02	2.798027017551892731e-02	7.022842099387507919e-02
1.017383075931706003e+03	2.761169235531619748e-01	1.794552283419683925e-01	2.367564364169829072e-01	1.419996236532464762e-01	6.735769990428928933e-02	2.801392760318990871e-02	7.030016052682123984e-02
1.018834406995802851e+03	2.758640452769586249e-01	1.792931495691019450e-01	2.369317909436666203e-01	1.420986831432656528e-01	6.739308082566361491e-02	2.804747320899268412e-02	7.037177703201109857e-02
1.020285738059899245e+03	2.756116015302811917e-01	1.791313403327601250e-01	2.371068517278364651e-01	1.421975350784501768e-01	6.742849286011019794e-02	2.808090800893936825e-02	7.044327046128275038e-02
1.021737069123995752e+03	2.753595915993861665e-01	1.789698001840300812e-01	2.372816192530472212e-01	1.422961802871202386e-01	6.746393489973633029e-02	2.811423300516131818e-02	7.051464077117888807e-02
1.023188400188092373e+03	2.751080147712249291e-01	1.788085286747448099e-01	2.374560940021523958e-01	1.423946195906811985e-01	6.749940585188100861e-02	2.814744918610731506e-02	7.058588792286854541e-02
1.024639731252188767e+03	2.748568703334500207e-01	1.786475253574820732e-01	2.376302764573037241e-01	1.424928538037038284e-01	6.753490463891161089e-02	2.818055752673890441e-02	7.065701188207003380e-02
1.026091062316285615e+03	2.746061575744216943e-01	1.784867897855629826e-01	2.378041670999508639e-01	1.425908837340032764e-01	6.757043019802330686e-02	2.821355898872299553e-02	7.072801261897504466e-02
1.027542393380382237e+03	2.743558757832142425e-01	1.783263215130509727e-01	2.379777664108409518e-01	1.426887101827172544e-01	6.760598148104124405e-02	2.824645452062168882e-02	7.079889010817384809e-02
1.028993724444478858e+03	2.741060242496217159e-01	1.781661200947505519e-01	2.381510748700183255e-01	1.427863339443830593e-01	6.764155745422548160e-02	2.827924505807945244e-02	7.086964432858161578e-02
1.030445055508575479e+03	2.738566022641643616e-01	1.780061850862061090e-01	2.383240929568242461e-01	1.428837558070137348e-01	6.767715709807843594e-02	2.831193152400759624e-02	7.094027526336572909e-02
1.031896386572671872e+03	2.736076091180944525e-01	1.778465160437006365e-01	2.384968211498965651e-01	1.429809765521730669e-01	6.771277940715507426e-02	2.834451482876616454e-02	7.101078289987433623e-02
1.033347717636768493e+03	2.733590441034017826e-01	1.776871125242546479e-01	2.386692599271695026e-01	1.430779969550497743e-01	6.774842338987560608e-02	2.837699587034321971e-02	7.108116722956578371e-02
1.034799048700865114e+03	2.731109065128197733e-01	1.775279740856249011e-01	2.388414097658733415e-01	1.431748177845307002e-01	6.778408806834076983e-02	2.840937553453158626e-02	7.115142824793921350e-02
1.036250379764961508e+03	2.728631956398308023e-01	1.773691002863032606e-01	2.390132711425342615e-01	1.432714398032730596e-01	6.781977247814964527e-02	2.844165469510308991e-02	7.122156595446615945e-02
1.037701710829058356e+03	2.726159107786716440e-01	1.772104906855154205e-01	2.391848445329741446e-01	1.433678637677757717e-01	6.785547566821983900e-02	2.847383421398032299e-02	7.129158035252308734e-02
1.039153041893154750e+03	2.723690512243391315e-01	1.770521448432197942e-01	2.393561304123103806e-01	1.434640904284497920e-01	6.789119670061023737e-02	2.850591494140594997e-02	7.136147144932501740e-02
1.040604372957251599e+03	2.721226162725948750e-01	1.768940623201062379e-01	2.395271292549556452e-01	1.435601205296876959e-01	6.792693465034606304e-02	2.853789771610963991e-02	7.143123925586014611e-02
1.042055704021347992e+03	2.718766052199709793e-01	1.767362426775949680e-01	2.396978415346178448e-01	1.436559548099322625e-01	6.796268860524641575e-02	2.856978336547258759e-02	7.150088378682525891e-02
1.043507035085444613e+03	2.716310173637747627e-01	1.765786854778353399e-01	2.398682677242999217e-01	1.437515940017441707e-01	6.799845766575404737e-02	2.860157270568973800e-02	7.157040506056235041e-02
1.044958366149541234e+03	2.713858520020937526e-01	1.764213902837045989e-01	2.400384082962998822e-01	1.438470388318689175e-01	6.803424094476753781e-02	2.863326654192966531e-02	7.163980309899597998e-02
1.046409697213637855e+03	2.711411084338006816e-01	1.762643566588067423e-01	2.402082637222105466e-01	1.439422900213027656e-01	6.807003756747566359e-02	2.866486566849221068e-02	7.170907792757166832e-02
1.047861028277734476e+03	2.708967859585581506e-01	1.761075841674713538e-01	2.403778344729196048e-01	1.440373482853580245e-01	6.810584667119409796e-02	2.869637086896387190e-02	7.177822957519515434e-02
1.049312359341831097e+03	2.706528838768233469e-01	1.759510723747524097e-01	2.405471210186094222e-01	1.441322143337272210e-01	6.814166740520420651e-02	2.872778291637095860e-02	7.184725807417262355e-02
1.050763690405927491e+03	2.704094014898527076e-01	1.757948208464270579e-01	2.407161238287572613e-01	1.442268888705467156e-01	6.817749893059420196e-02	2.875910257333061382e-02	7.191616346015171357e-02
1.052215021470024112e+03	2.701663380997059716e-01	1.756388291489944520e-01	2.408848433721350046e-01	1.443213725944594295e-01	6.821334042010231136e-02	2.879033059219965676e-02	7.198494577206346334e-02
1.053666352534120733e+03	2.699236930092511200e-01	1.754830968496746413e-01	2.410532801168092654e-01	1.444156661986766288e-01	6.824919105796212193e-02	2.882146771522130571e-02	7.205360505206515054e-02
1.055117683598217127e+03	2.696814655221684287e-01	1.753276235164073771e-01	2.412214345301415264e-01	1.445097703710392090e-01	6.828505003974999488e-02	2.885251467466984007e-02	7.212214134548391997e-02
1.056569014662313975e+03	2.694396549429546317e-01	1.751724087178508082e-01	2.413893070787879180e-01	1.446036857940778408e-01	6.832091657223460235e-02	2.888347219299317384e-02	7.219055470076130021e-02
1.058020345726410369e+03	2.691982605769271952e-01	1.750174520233804820e-01	2.415568982286995237e-01	1.446974131450727008e-01	6.835678987322843514e-02	2.891434098295344451e-02	7.225884516939846958e-02
1.059471676790506763e+03	2.689572817302283148e-01	1.748627530030880950e-01	2.417242084451223239e-01	1.447909530961122015e-01	6.839266917144137814e-02	2.894512174776554467e-02	7.232701280590245196e-02
1.060923007854603611e+03	2.687167177098286897e-01	1.747083112277803274e-01	2.418912381925972799e-01	1.448843063141510012e-01	6.842855370633622869e-02	2.897581518123372099e-02	7.239505766773303430e-02
1.062374338918700232e+03	2.684765678235317421e-01	1.745541262689776496e-01	2.420579879349604724e-01	1.449774734610675131e-01	6.846444272798621333e-02	2.900642196788623395e-02	7.246297981525044729e-02
1.063825669982796853e+03	2.682368313799770587e-01	1.744001976989132396e-01	2.422244581353432125e-01	1.450704551937203046e-01	6.850033549693439194e-02	2.903694278310807453e-02	7.253077931166393433e-02
1.065277001046893474e+03	2.679975076886444429e-01	1.742465250905317620e-01	2.423906492561722081e-01	1.451632521640041085e-01	6.853623128405493536e-02	2.906737829327181097e-02	7.259845622298097267e-02
1.066728332110990095e+03	2.677585960598572457e-01	1.740931080174881462e-01	2.425565617591695922e-01	1.452558650189049450e-01	6.857212937041641532e-02	2.909772915586656544e-02	7.266601061795736893e-02
1.068179663175086489e+03	2.675200958047860844e-01	1.739399460541465325e-01	2.427221961053532273e-01	1.453482944005545507e-01	6.860802904714675965e-02	2.912799601962515542e-02	7.273344256804796515e-02
1.069630994239183110e+03	2.672820062354523407e-01	1.737870387755790502e-01	2.428875527550367897e-01	1.454405409462842247e-01	6.864392961530017823e-02	2.915817952464942395e-02	7.280075214735821920e-02
1.071082325303279504e+03	2.670443266647314351e-01	1.736343857575647076e-01	2.430526321678300739e-01	1.455326052886779797e-01	6.867983038572585130e-02	2.918828030253379710e-02	7.286793943259642359e-02
1.072533656367376352e+03	2.668070564063562133e-01	1.734819865765881430e-01	2.432174348026389932e-01	1.456244880556248622e-01	6.871573067893829712e-02	2.921829897648706847e-02	7.293500450302661808e-02
1.073984987431472746e+03	2.665701947749203882e-01	1.733298408098386256e-01	2.433819611176659958e-01	1.457161898703708547e-01	6.875162982498962683e-02	2.924823616145244901e-02	7.300194744042230732e-02
1.075436318495569594e+03	2.663337410858813148e-01	1.731779480352087230e-01	2.435462115704102037e-01	1.458077113515698631e-01	6.878752716334347872e-02	2.927809246422591674e-02	7.306876832902078900e-02
1.076887649559666215e+03	2.660976946555634881e-01	1.730263078312932745e-01	2.437101866176676623e-01	1.458990531133342317e-01	6.882342204275061770e-02	2.930786848357287352e-02	7.313546725547818983e-02
1.078338980623762609e+03	2.658620548011613183e-01	1.728749197773881696e-01	2.438738867155316736e-01	1.459902157652846200e-01	6.885931382112622789e-02	2.933756481034313635e-02	7.320204430882518154e-02
1.079790311687859230e+03	2.656268208407422948e-01	1.727237834534892658e-01	2.440373123193929350e-01	1.460811999125992133e-01	6.889520186542892610e-02	2.936718202758430499e-02	7.326849958042336297e-02
1.081241642751955851e+03	2.653919920932498733e-01	1.725728984402912225e-01	2.442004638839399278e-01	1.461720061560622397e-01	6.893108555154128791e-02	2.939672071065349557e-02	7.333483316392232221e-02
1.082692973816052472e+03	2.651575678785059731e-01	1.724222643191862803e-01	2.443633418631591669e-01	1.462626350921120422e-01	6.896696426415212244e-02	2.942618142732749201e-02	7.340104515521725381e-02
1.084144304880149093e+03	2.649235475172143084e-01	1.722718806722632334e-01	2.445259467103355067e-01	1.463530873128884024e-01	6.900283739664021809e-02	2.945556473791133972e-02	7.346713565240731159e-02
1.085595635944245487e+03	2.646899303309626084e-01	1.721217470823061535e-01	2.446882788780525841e-01	1.464433634062792811e-01	6.903870435095973979e-02	2.948487119534535725e-02	7.353310475575457195e-02
1.087046967008342108e+03	2.644567156422255039e-01	1.719718631327934455e-01	2.448503388181928753e-01	1.465334639559671692e-01	6.907456453752708336e-02	2.951410134531065946e-02	7.359895256764353855e-02
1.088498298072438729e+03	2.642239027743670254e-01	1.718222284078965156e-01	2.450121269819383329e-01	1.466233895414745247e-01	6.911041737510939531e-02	2.954325572633315078e-02	7.366467919254138241e-02
1.089949629136535123e+03	2.639914910516429902e-01	1.716728424924787444e-01	2.451736438197705814e-01	1.467131407382089026e-01	6.914626229071441088e-02	2.957233486988605081e-02	7.373028473695865392e-02
1.091400960200631971e+03	2.637594797992038331e-01	1.715237049720942653e-01	2.453348897814713325e-01	1.468027181175074469e-01	6.918209871948190204e-02	2.960133930049094544e-02	7.379576930941066093e-02
1.092852291264728365e+03	2.635278683430965496e-01	1.713748154329868822e-01	2.454958653161226911e-01	1.468921222466807730e-01	6.921792610457663808e-02	2.963026953581740508e-02	7.386113302037948525e-02
1.094303622328825213e+03	2.632966560102672493e-01	1.712261734620889875e-01	2.456565708721076546e-01	1.469813536890563765e-01	6.925374389708258138e-02	2.965912608678118387e-02	7.392637598227637385e-02
1.095754953392921607e+03	2.630658421285634319e-01	1.710777786470203676e-01	2.458170068971105016e-01	1.470704130040214330e-01	6.928955155589869297e-02	2.968790945764101033e-02	7.399149830940496275e-02
1.097206284457018228e+03	2.628354260267360964e-01	1.709296305760870660e-01	2.459771738381171247e-01	1.471593007470651526e-01	6.932534854763611198e-02	2.971662014609399716e-02	7.405650011792484777e-02
1.098657615521114849e+03	2.626054070344420177e-01	1.707817288382803000e-01	2.461370721414154472e-01	1.472480174698205246e-01	6.936113434651665355e-02	2.974525864336970138e-02	7.412138152581577988e-02
1.100108946585211470e+03	2.623757844822457441e-01	1.706340730232752956e-01	2.462967022525959226e-01	1.473365637201055345e-01	6.939690843427269440e-02	2.977382543432282799e-02	7.418614265284245723e-02
1.101560277649308091e+03	2.621465577016216519e-01	1.704866627214301489e-01	2.464560646165519786e-01	1.474249400419639366e-01	6.943267030004839080e-02	2.980232099752461519e-02	7.425078362051976133e-02
1.103011608713404712e+03	2.619177260249559991e-01	1.703394975237847997e-01	2.466151596774804056e-01	1.475131469757054170e-01	6.946841944030232585e-02	2.983074580535291856e-02	7.431530455207857599e-02
1.104462939777501106e+03	2.616892887855488126e-01	1.701925770220598100e-01	2.467739878788818286e-01	1.476011850579455054e-01	6.950415535871133643e-02	2.985910032408100115e-02	7.437970557243209213e-02
1.105914270841597499e+03	2.614612453176158313e-01	1.700459008086553092e-01	2.469325496635612349e-01	1.476890548216445997e-01	6.953987756607571402e-02	2.988738501396507805e-02	7.444398680814266756e-02
1.107365601905694348e+03	2.612335949562901161e-01	1.698994684766497731e-01	2.470908454736283899e-01	1.477767567961468242e-01	6.957558558022557127e-02	2.991560032933057028e-02	7.450814838738914481e-02
1.108816932969790741e+03	2.610063370376241032e-01	1.697532796197990801e-01	2.472488757504983370e-01	1.478642915072183317e-01	6.961127892592867961e-02	2.994374671865717569e-02	7.457219043993471019e-02
1.110268264033887590e+03	2.607794708985912147e-01	1.696073338325352065e-01	2.474066409348919249e-01	1.479516594770849680e-01	6.964695713479925054e-02	2.997182462466267336e-02	7.463611309709522468e-02
1.111719595097984211e+03	2.605529958770874122e-01	1.694616307099652552e-01	2.475641414668362794e-01	1.480388612244697422e-01	6.968261974520822966e-02	2.999983448438558326e-02	7.469991649170797110e-02
1.113170926162080832e+03	2.603269113119330291e-01	1.693161698478702626e-01	2.477213777856653587e-01	1.481258972646296579e-01	6.971826630219457588e-02	3.002777672926659758e-02	7.476360075810101202e-02
1.114622257226177226e+03	2.601012165428742140e-01	1.691709508427041708e-01	2.478783503300203972e-01	1.482127681093919902e-01	6.975389635737787308e-02	3.005565178522887765e-02	7.482716603206292227e-02
1.116073588290273847e+03	2.598759109105845955e-01	1.690259732915926350e-01	2.480350595378505441e-01	1.482994742671904509e-01	6.978950946887201023e-02	3.008346007275719894e-02	7.489061245081300722e-02
1.117524919354370468e+03	2.596509937566665593e-01	1.688812367923319679e-01	2.481915058464133073e-01	1.483860162431006047e-01	6.982510520120011055e-02	3.011120200697595117e-02	7.495394015297193735e-02
1.118976250418467089e+03	2.594264644236528583e-01	1.687367409433879750e-01	2.483476896922751642e-01	1.484723945388748689e-01	6.986068312521054313e-02	3.013887799772605597e-02	7.501714927853292414e-02
1.120427581482563710e+03	2.592023222550078887e-01	1.685924853438949822e-01	2.485036115113120891e-01	1.485586096529773747e-01	6.989624281799404482e-02	3.016648844964073262e-02	7.508023996883327056e-02
1.121878912546660331e+03	2.589785665951291893e-01	1.684484695936545873e-01	2.486592717387101636e-01	1.486446620806179397e-01	6.993178386280202163e-02	3.019403376222022650e-02	7.514321236652635183e-02
1.123330243610756725e+03	2.587551967893485516e-01	1.683046932931346051e-01	2.488146708089659931e-01	1.487305523137860130e-01	6.996730584896586336e-02	3.022151432990545505e-02	7.520606661555405414e-02
1.124781574674853118e+03	2.585322121839332410e-01	1.681611560434680686e-01	2.489698091558874837e-01	1.488162808412840654e-01	7.000280837181742377e-02	3.024893054215059551e-02	7.526880286111962970e-02
1.126232905738949967e+03	2.583096121260875511e-01	1.680178574464519514e-01	2.491246872125943423e-01	1.489018481487605627e-01	7.003829103261047240e-02	3.027628278349462840e-02	7.533142124966098196e-02
1.127684236803046360e+03	2.580873959639537474e-01	1.678747971045461695e-01	2.492793054115186591e-01	1.489872547187423846e-01	7.007375343844328419e-02	3.030357143363187483e-02	7.539392192882429788e-02
1.129135567867143209e+03	2.578655630466131221e-01	1.677319746208726092e-01	2.494336641844055735e-01	1.490725010306672149e-01	7.010919520218217293e-02	3.033079686748151038e-02	7.545630504743824907e-02
1.130586898931239830e+03	2.576441127240872708e-01	1.675893895992137672e-01	2.495877639623137190e-01	1.491575875609151836e-01	7.014461594238613484e-02	3.035795945525609357e-02	7.551857075548831788e-02
1.132038229995336451e+03	2.574230443473388141e-01	1.674470416440119735e-01	2.497416051756160271e-01	1.492425147828402854e-01	7.018001528323246363e-02	3.038505956252910908e-02	7.558071920409178968e-02
1.133489561059432845e+03	2.572023572682728965e-01	1.673049303603680038e-01	2.498951882540002556e-01	1.493272831668014389e-01	7.021539285444336476e-02	3.041209755030154296e-02	7.564275054547300869e-02
1.134940892123529466e+03	2.569820508397376857e-01	1.671630553540401354e-01	2.500485136264696262e-01	1.494118931801929895e-01	7.025074829121349951e-02	3.043907377506750722e-02	7.570466493293902255e-02
1.136392223187626087e+03	2.567621244155256499e-01	1.670214162314431483e-01	2.502015817213434912e-01	1.494963452874751020e-01	7.028608123413859765e-02	3.046598858887891378e-02	7.576646252085557365e-02
1.137843554251722708e+03	2.565425773503743345e-01	1.668800125996470485e-01	2.503543929662578882e-01	1.495806399502035422e-01	7.032139132914488888e-02	3.049284233940924987e-02	7.582814346462354860e-02
1.139294885315819101e+03	2.563234089999670839e-01	1.667388440663761517e-01	2.505069477881662898e-01	1.496647776270592922e-01	7.035667822741964450e-02	3.051963537001641663e-02	7.588970792065570514e-02
1.140746216379915950e+03	2.561046187209339853e-01	1.665979102400078904e-01	2.506592466133402142e-01	1.497487587738775550e-01	7.039194158534251011e-02	3.054636801980465874e-02	7.595115604635382933e-02
1.142197547444012343e+03	2.558862058708527010e-01	1.664572107295718417e-01	2.508112898673697799e-01	1.498325838436767310e-01	7.042718106441775427e-02	3.057304062368564404e-02	7.601248800008619799e-02
1.143648878508108737e+03	2.556681698082491350e-01	1.663167451447485345e-01	2.509630779751645946e-01	1.499162532866868125e-01	7.046239633120754409e-02	3.059965351243862375e-02	7.607370394116541590e-02
1.145100209572205586e+03	2.554505098925981543e-01	1.661765130958684777e-01	2.511146113609543651e-01	1.499997675503774164e-01	7.049758705726598407e-02	3.062620701276977039e-02	7.613480402982657214e-02
1.146551540636302207e+03	2.552332254843242554e-01	1.660365141939109668e-01	2.512658904482893418e-01	1.500831270794856787e-01	7.053275291907405709e-02	3.065270144737062760e-02	7.619578842720579892e-02
1.148002871700398828e+03	2.550163159448022299e-01	1.658967480505031677e-01	2.514169156600412625e-01	1.501663323160436214e-01	7.056789359797552286e-02	3.067913713497576536e-02	7.625665729531908021e-02
1.149454202764495449e+03	2.547997806363577755e-01	1.657572142779189239e-01	2.515676874184040734e-01	1.502493836994053256e-01	7.060300878011356585e-02	3.070551439041956446e-02	7.631741079704149056e-02
1.150905533828591842e+03	2.545836189222679957e-01	1.656179124890777565e-01	2.517182061448942076e-01	1.503322816662735761e-01	7.063809815636830358e-02	3.073183352469221336e-02	7.637804909608661430e-02
1.152356864892688463e+03	2.543678301667621766e-01	1.654788422975436990e-01	2.518684722603519166e-01	1.504150266507264522e-01	7.067316142229514153e-02	3.075809484499489668e-02	7.643857235698645058e-02
1.153808195956785084e+03	2.541524137350220092e-01	1.653400033175243533e-01	2.520184861849414371e-01	1.504976190842432782e-01	7.070819827806400226e-02	3.078429865479418923e-02	7.649898074507151258e-02
1.155259527020881706e+03	2.539373689931820888e-01	1.652013951638698352e-01	2.521682483381518791e-01	1.505800593957307143e-01	7.074320842839927626e-02	3.081044525387567276e-02	7.655927442645132919e-02
1.156710858084978327e+03	2.537226953083307479e-01	1.650630174520714977e-01	2.523177591387980034e-01	1.506623480115479863e-01	7.077819158252059151e-02	3.083653493839678267e-02	7.661945356799515494e-02
1.158162189149074720e+03	2.535083920485098896e-01	1.649248697982611533e-01	2.524670190050209984e-01	1.507444853555323094e-01	7.081314745408442968e-02	3.086256800093888780e-02	7.667951833731305455e-02
1.159613520213171569e+03	2.532944585827159867e-01	1.647869518192098537e-01	2.526160283542889795e-01	1.508264718490235912e-01	7.084807576112640837e-02	3.088854473055864525e-02	7.673946890273726507e-02
1.161064851277267962e+03	2.530808942808997486e-01	1.646492631323268618e-01	2.527647876033979335e-01	1.509083079108892167e-01	7.088297622600449321e-02	3.091446541283858485e-02	7.679930543330387716e-02
1.162516182341364356e+03	2.528676985139672317e-01	1.645118033556585424e-01	2.529132971684723286e-01	1.509899939575481687e-01	7.091784857534276509e-02	3.094033032993699986e-02	7.685902809873473851e-02
1.163967513405461204e+03	2.526548706537795064e-01	1.643745721078874733e-01	2.530615574649657806e-01	1.510715304029952022e-01	7.095269253997610326e-02	3.096613976063709861e-02	7.691863706941970413e-02
1.165418844469557826e+03	2.524424100731531007e-01	1.642375690083311968e-01	2.532095689076620526e-01	1.511529176588244650e-01	7.098750785489545134e-02	3.099189398039546919e-02	7.697813251639913645e-02
1.166870175533654447e+03	2.522303161458605558e-01	1.641007936769412479e-01	2.533573319106755539e-01	1.512341561342529783e-01	7.102229425919401318e-02	3.101759326138982947e-02	7.703751461134673850e-02
1.168321506597751068e+03	2.520185882466301486e-01	1.639642457343021831e-01	2.535048468874522287e-01	1.513152462361438133e-01	7.105705149601393433e-02	3.104323787256609360e-02	7.709678352655253974e-02
1.169772837661847461e+03	2.518072257511465017e-01	1.638279248016304424e-01	2.536521142507702220e-01	1.513961883690289056e-01	7.109177931249383020e-02	3.106882807968478280e-02	7.715593943490627049e-02
1.171224168725944082e+03	2.515962280360504177e-01	1.636918305007732943e-01	2.537991344127407123e-01	1.514769829351317876e-01	7.112647745971699409e-02	3.109436414536673882e-02	7.721498250988095835e-02
1.172675499790040703e+03	2.513855944789393226e-01	1.635559624542078372e-01	2.539459077848086888e-01	1.515576303343898201e-01	7.116114569266024370e-02	3.111984632913820589e-02	7.727391292551678836e-02
1.174126830854137097e+03	2.511753244583670441e-01	1.634203202850399717e-01	2.540924347777536729e-01	1.516381309644763142e-01	7.119578377014347537e-02	3.114527488747525705e-02	7.733273085640518518e-02
1.175578161918233945e+03	2.509654173538442556e-01	1.632849036170032908e-01	2.542387158016903848e-01	1.517184852208223744e-01	7.123039145477991219e-02	3.117065007384756462e-02	7.739143647767318668e-02
1.177029492982330339e+03	2.507558725458381987e-01	1.631497120744580531e-01	2.543847512660697974e-01	1.517986934966383539e-01	7.126496851292694890e-02	3.119597213876156711e-02	7.745002996496810899e-02
1.178480824046426733e+03	2.505466894157729607e-01	1.630147452823902665e-01	2.545305415796795812e-01	1.518787561829353372e-01	7.129951471463767676e-02	3.122124132980300462e-02	7.750851149444230870e-02
1.179932155110523581e+03	2.503378673460293080e-01	1.628800028664104116e-01	2.546760871506451585e-01	1.519586736685460404e-01	7.133402983361308847e-02	3.124645789167882631e-02	7.756688124273836138e-02
1.181383486174620202e+03	2.501294057199449083e-01	1.627454844527526923e-01	2.548213883864302032e-01	1.520384463401455444e-01	7.136851364715486590e-02	3.127162206625853230e-02	7.762513938697439275e-02
1.182834817238716823e+03	2.499213039218140531e-01	1.626111896682737867e-01	2.549664456938378621e-01	1.521180745822721114e-01	7.140296593611875076e-02	3.129673409261488071e-02	7.768328610472967355e-02
1.184286148302813444e+03	2.497135613368877127e-01	1.624771181404519593e-01	2.551112594790111432e-01	1.521975587773472527e-01	7.143738648486865073e-02	3.132179420706403955e-02	7.774132157403036703e-02
1.185737479366910065e+03	2.495061773513734538e-01	1.623432694973858670e-01	2.552558301474339153e-01	1.522768993056958786e-01	7.147177508123125911e-02	3.134680264320513499e-02	7.779924597333560954e-02
1.187188810431006686e+03	2.492991513524353553e-01	1.622096433677936711e-01	2.554001581039315183e-01	1.523560965455661997e-01	7.150613151645128507e-02	3.137175963195924788e-02	7.785705948152378542e-02
1.188640141495103080e+03	2.490924827281937592e-01	1.620762393810120106e-01	2.555442437526719845e-01	1.524351508731492666e-01	7.154045558514729453e-02	3.139666540160784836e-02	7.791476227787898223e-02
1.190091472559199701e+03	2.488861708677252982e-01	1.619430571669948637e-01	2.556880874971662054e-01	1.525140626625982876e-01	7.157474708526816165e-02	3.142152017783066131e-02	7.797235454207770977e-02
1.191542803623296322e+03	2.486802151610625622e-01	1.618100963563126327e-01	2.558316897402692636e-01	1.525928322860478359e-01	7.160900581805001996e-02	3.144632418374299770e-02	7.802983645417579939e-02
1.192994134687392716e+03	2.484746149991940989e-01	1.616773565801511159e-01	2.559750508841810990e-01	1.526714601136328064e-01	7.164323158797382407e-02	3.147107763993257229e-02	7.808720819459558093e-02
1.194445465751489564e+03	2.482693697740639971e-01	1.615448374703103707e-01	2.561181713304472862e-01	1.527499465135070955e-01	7.167742420272346648e-02	3.149578076449572467e-02	7.814446994411317071e-02
1.195896796815585958e+03	2.480644788785718313e-01	1.614125386592038802e-01	2.562610514799597561e-01	1.528282918518619748e-01	7.171158347314446346e-02	3.152043377307319622e-02	7.820162188384602309e-02
1.197348127879682352e+03	2.478599417065722177e-01	1.612804597798573047e-01	2.564036917329579057e-01	1.529064964929444936e-01	7.174570921320314043e-02	3.154503687888532415e-02	7.825866419524070416e-02
1.198799458943779200e+03	2.476557576528747862e-01	1.611486004659077598e-01	2.565460924890291539e-01	1.529845607990754086e-01	7.177980123994638639e-02	3.156959029276678458e-02	7.831559706006081811e-02
1.200250790007875821e+03	2.474519261132437087e-01	1.610169603516025116e-01	2.566882541471097179e-01	1.530624851306672252e-01	7.181385937346197734e-02	3.159409422320079430e-02	7.837242066037518329e-02
1.201702121071972442e+03	2.472484464843974217e-01	1.608855390717981726e-01	2.568301771054857241e-01	1.531402698462415446e-01	7.184788343683927436e-02	3.161854887635284078e-02	7.842913517854613326e-02
1.203153452136069063e+03	2.470453181640084039e-01	1.607543362619595628e-01	2.569718617617938738e-01	1.532179153024466611e-01	7.188187325613067113e-02	3.164295445610388474e-02	7.848574079721803987e-02
1.204604783200165684e+03	2.468425405507026771e-01	1.606233515581588223e-01	2.571133085130222207e-01	1.532954218540748537e-01	7.191582866031331900e-02	3.166731116408318114e-02	7.854223769930608612e-02
1.206056114264262078e+03	2.466401130440595557e-01	1.604925845970741893e-01	2.572545177555111140e-01	1.533727898540792056e-01	7.194974948125146264e-02	3.169161919970049646e-02	7.859862606798512230e-02
1.207507445328358699e+03	2.464380350446112311e-01	1.603620350159893071e-01	2.573954898849539763e-01	1.534500196535906191e-01	7.198363555365927535e-02	3.171587876017797902e-02	7.865490608667878580e-02
1.208958776392455093e+03	2.462363059538423549e-01	1.602317024527919187e-01	2.575362252963981913e-01	1.535271116019343296e-01	7.201748671506418009e-02	3.174009004058146732e-02	7.871107793904871808e-02
1.210410107456551941e+03	2.460349251741896226e-01	1.601015865459730902e-01	2.576767243842458810e-01	1.536040660466464203e-01	7.205130280577062840e-02	3.176425323385143745e-02	7.876714180898405915e-02
1.211861438520648335e+03	2.458338921090413853e-01	1.599716869346261006e-01	2.578169875422547941e-01	1.536808833334900037e-01	7.208508366882433738e-02	3.178836853083344405e-02	7.882309788059106703e-02
1.213312769584745183e+03	2.456332061627372054e-01	1.598420032584454420e-01	2.579570151635391939e-01	1.537575638064713479e-01	7.211882914997705396e-02	3.181243612030814488e-02	7.887894633818283430e-02
1.214764100648841804e+03	2.454328667405672737e-01	1.597125351577257657e-01	2.580968076405704692e-01	1.538341078078556967e-01	7.215253909765169393e-02	3.183645618902087443e-02	7.893468736626935156e-02
1.216215431712937971e+03	2.452328732487720764e-01	1.595832822733611045e-01	2.582363653651784108e-01	1.539105156781830630e-01	7.218621336290807766e-02	3.186042892171080110e-02	7.899032114954754324e-02
1.217666762777034819e+03	2.450332250945418400e-01	1.594542442468436239e-01	2.583756887285517112e-01	1.539867877562835496e-01	7.221985179940895727e-02	3.188435450113968894e-02	7.904584787289165027e-02
1.219118093841131440e+03	2.448339216860159762e-01	1.593254207202627615e-01	2.585147781212389639e-01	1.540629243792929759e-01	7.225345426338657118e-02	3.190823310812018754e-02	7.910126772134362660e-02
1.220569424905228061e+03	2.446349624322825822e-01	1.591968113363042281e-01	2.586536339331493295e-01	1.541389258826677267e-01	7.228702061360962883e-02	3.193206492154375409e-02	7.915658088010373017e-02
1.222020755969324682e+03	2.444363467433779691e-01	1.590684157382489805e-01	2.587922565535538677e-01	1.542147926001999070e-01	7.232055071135072566e-02	3.195585011840815920e-02	7.921178753452136345e-02
1.223472087033421303e+03	2.442380740302859399e-01	1.589402335699723334e-01	2.589306463710857042e-01	1.542905248640322191e-01	7.235404442035418826e-02	3.197958887384461102e-02	7.926688787008594195e-02
1.224923418097517697e+03	2.440401437049374012e-01	1.588122644759427382e-01	2.590688037737415295e-01	1.543661230046724508e-01	7.238750160680429424e-02	3.200328136114445610e-02	7.932188207241804012e-02
1.226374749161614318e+03	2.438425551802096969e-01	1.586845081012211445e-01	2.592067291488820424e-01	1.544415873510080195e-01	7.242092213929399169e-02	3.202692775178549861e-02	7.937677032726053739e-02
1.227826080225710712e+03	2.436453078699259422e-01	1.585569640914596679e-01	2.593444228832331167e-01	1.545169182303202937e-01	7.245430588879392397e-02	3.205052821545797959e-02	7.943155282047004162e-02
1.229277411289807560e+03	2.434484011888544408e-01	1.584296320929007851e-01	2.594818853628864663e-01	1.545921159682987767e-01	7.248765272862194020e-02	3.207408292009013978e-02	7.948622973800842373e-02
1.230728742353903954e+03	2.432518345527081849e-01	1.583025117523764180e-01	2.596191169733003679e-01	1.546671808890550393e-01	7.252096253441302209e-02	3.209759203187339399e-02	7.954080126593447708e-02
1.232180073418000802e+03	2.430556073781440785e-01	1.581756027173068235e-01	2.597561180993009922e-01	1.547421133151366257e-01	7.255423518408946060e-02	3.212105571528722087e-02	7.959526759039570187e-02
1.233631404482097196e+03	2.428597190827622987e-01	1.580489046356996774e-01	2.598928891250829598e-01	1.548169135675405428e-01	7.258747055783157376e-02	3.214447413312359475e-02	7.964962889762029763e-02
1.235082735546193817e+03	2.426641690851056299e-01	1.579224171561490475e-01	2.600294304342101737e-01	1.548915819657270543e-01	7.262066853804875766e-02	3.216784744651113304e-02	7.970388537390919736e-02
1.236534066610290438e+03	2.424689568046588251e-01	1.577961399278345056e-01	2.601657424096167626e-01	1.549661188276327817e-01	7.265382900935087040e-02	3.219117581493887575e-02	7.975803720562835153e-02
1.237985397674387059e+03	2.422740816618478843e-01	1.576700726005201003e-01	2.603018254336080806e-01	1.550405244696841656e-01	7.268695185852006024e-02	3.221445939627968352e-02	7.981208457920101196e-02
1.239436728738483680e+03	2.420795430780393609e-01	1.575442148245533858e-01	2.604376798878614285e-01	1.551147992068103443e-01	7.272003697448288506e-02	3.223769834681336488e-02	7.986602768110030726e-02
1.240888059802580301e+03	2.418853404755396119e-01	1.574185662508644223e-01	2.605733061534268868e-01	1.551889433524560880e-01	7.275308424828286213e-02	3.226089282124940810e-02	7.991986669784179043e-02
1.242339390866676695e+03	2.416914732775940766e-01	1.572931265309648885e-01	2.607087046107284256e-01	1.552629572185947049e-01	7.278609357305333705e-02	3.228404297274941465e-02	7.997360181597620854e-02
1.243790721930773088e+03	2.414979409083866102e-01	1.571678953169470538e-01	2.608438756395645708e-01	1.553368411157405871e-01	7.281906484399068569e-02	3.230714895294917871e-02	8.002723322208235568e-02
1.245242052994869937e+03	2.413047427930386513e-01	1.570428722614828354e-01	2.609788196191094034e-01	1.554105953529616446e-01	7.285199795832793257e-02	3.233021091198050312e-02	8.008076110276009241e-02
1.246693384058966330e+03	2.411118783576084723e-01	1.569180570178228540e-01	2.611135369279132812e-01	1.554842202378917682e-01	7.288489281530866060e-02	3.235322899849262662e-02	8.013418564462344851e-02
1.248144715123063179e+03	2.409193470290903749e-01	1.567934492397954627e-01	2.612480279439038933e-01	1.555577160767429301e-01	7.291774931616122613e-02	3.237620335967338753e-02	8.018750703429386451e-02
1.249596046187159800e+03	2.407271482354140235e-01	1.566690485818056922e-01	2.613822930443871484e-01	1.556310831743173140e-01	7.295056736407340425e-02	3.239913414127007507e-02	8.024072545839353032e-02
1.251047377251256421e+03	2.405352814054434740e-01	1.565448546988344458e-01	2.615163326060478965e-01	1.557043218340193047e-01	7.298334686416731165e-02	3.242202148760996855e-02	8.029384110353883497e-02
1.252498708315352815e+03	2.403437459689765632e-01	1.564208672464374450e-01	2.616501470049508726e-01	1.557774323578672016e-01	7.301608772347456533e-02	3.244486554162055031e-02	8.034685415633406602e-02
1.253950039379449436e+03	2.401525413567439371e-01	1.562970858807443408e-01	2.617837366165416957e-01	1.558504150465049309e-01	7.304878985091195487e-02	3.246766644484948283e-02	8.039976480336491482e-02
1.255401370443546057e+03	2.399616670004082464e-01	1.561735102584576318e-01	2.619171018156477015e-01	1.559232701992136205e-01	7.308145315725725344e-02	3.249042433748428743e-02	8.045257323119249515e-02
1.256852701507642678e+03	2.397711223325634522e-01	1.560501400368518865e-01	2.620502429764787200e-01	1.559959981139229790e-01	7.311407755512544515e-02	3.251313935837166907e-02	8.050527962634709822e-02
1.258304032571739299e+03	2.395809067867337716e-01	1.559269748737726613e-01	2.621831604726281850e-01	1.560685990872225370e-01	7.314666295894524384e-02	3.253581164503661916e-02	8.055788417532229462e-02
1.259755363635835920e+03	2.393910197973729559e-01	1.558040144276356120e-01	2.623158546770736899e-01	1.561410734143729440e-01	7.317920928493582000e-02	3.255844133370125459e-02	8.061038706456906400e-02
1.261206694699932314e+03	2.392014607998633469e-01	1.556812583574255504e-01	2.624483259621782083e-01	1.562134213893169310e-01	7.321171645108398573e-02	3.258102855930333080e-02	8.066278848049002193e-02
1.262658025764028707e+03	2.390122292305150997e-01	1.555587063226954170e-01	2.625805746996907608e-01	1.562856433046901916e-01	7.324418437712157393e-02	3.260357345551452568e-02	8.071508860943374386e-02
1.264109356828125556e+03	2.388233245265652671e-01	1.554363579835654485e-01	2.627126012607475247e-01	1.563577394518322894e-01	7.327661298450309502e-02	3.262607615475843215e-02	8.076728763768926955e-02
1.265560687892221949e+03	2.386347461261768277e-01	1.553142130007221511e-01	2.628444060158725004e-01	1.564297101207972052e-01	7.330900219638378235e-02	3.264853678822830785e-02	8.081938575148056580e-02
1.267012018956318798e+03	2.384464934684378812e-01	1.551922710354174118e-01	2.629759893349784550e-01	1.565015556003640229e-01	7.334135193759776239e-02	3.267095548590454729e-02	8.087138313696122516e-02
1.268463350020415419e+03	2.382585659933606770e-01	1.550705317494675273e-01	2.631073515873679214e-01	1.565732761780473381e-01	7.337366213463669684e-02	3.269333237657193192e-02	8.092327998020919233e-02
1.269914681084511813e+03	2.380709631418806982e-01	1.549489948052522881e-01	2.632384931417340868e-01	1.566448721401075828e-01	7.340593271562853572e-02	3.271566758783657491e-02	8.097507646722156005e-02
1.271366012148608434e+03	2.378836843558558289e-01	1.548276598657140068e-01	2.633694143661615139e-01	1.567163437715611285e-01	7.343816361031664519e-02	3.273796124614267861e-02	8.102677278390954529e-02
1.272817343212705055e+03	2.376967290780653275e-01	1.547065265943566026e-01	2.635001156281271406e-01	1.567876913561906949e-01	7.347035475003911575e-02	3.276021347678901435e-02	8.107836911609347941e-02
1.274268674276801676e+03	2.375100967522088546e-01	1.545855946552447124e-01	2.636305972945012788e-01	1.568589151765550083e-01	7.350250606770845907e-02	3.278242440394515261e-02	8.112986564949795087e-02
1.275720005340898297e+03	2.373237868229056136e-01	1.544648637130026370e-01	2.637608597315482806e-01	1.569300155139988773e-01	7.353461749779145740e-02	3.280459415066749179e-02	8.118126256974700361e-02
1.277171336404994690e+03	2.371377987356933503e-01	1.543443334328135907e-01	2.638909033049277597e-01	1.570009926486629903e-01	7.356668897628930448e-02	3.282672283891502341e-02	8.123256006235936300e-02
1.278622667469091539e+03	2.369521319370274104e-01	1.542240034804185644e-01	2.640207283796950910e-01	1.570718468594935469e-01	7.359872044071802399e-02	3.284881058956488215e-02	8.128375831274391172e-02
1.280073998533187932e+03	2.367667858742796838e-01	1.541038735221156031e-01	2.641503353203024651e-01	1.571425784242517776e-01	7.363071183008913778e-02	3.287085752242764614e-02	8.133485750619506849e-02
1.281525329597284326e+03	2.365817599957378004e-01	1.539839432247586959e-01	2.642797244906000542e-01	1.572131876195234645e-01	7.366266308489050063e-02	3.289286375626246373e-02	8.138585782788838874e-02
1.282976660661381175e+03	2.363970537506039360e-01	1.538642122557569991e-01	2.644088962538365672e-01	1.572836747207282948e-01	7.369457414706753751e-02	3.291482940879188884e-02	8.143675946287617928e-02
1.284427991725477568e+03	2.362126665889939248e-01	1.537446802830737813e-01	2.645378509726601934e-01	1.573540400021291585e-01	7.372644496000456404e-02	3.293675459671657063e-02	8.148756259608322394e-02
1.285879322789574417e+03	2.360285979619362873e-01	1.536253469752256184e-01	2.646665890091196016e-01	1.574242837368412251e-01	7.375827546850645400e-02	3.295863943572967941e-02	8.153826741230253694e-02
1.287330653853671038e+03	2.358448473213711760e-01	1.535062120012814224e-01	2.647951107246648283e-01	1.574944061968410747e-01	7.379006561878045933e-02	3.298048404053114530e-02	8.158887409619126896e-02
1.288781984917767431e+03	2.356614141201493762e-01	1.533872750308614974e-01	2.649234164801480551e-01	1.575644076529756910e-01	7.382181535841832176e-02	3.300228852484167474e-02	8.163938283226668258e-02
1.290233315981864052e+03	2.354782978120313064e-01	1.532685357341366794e-01	2.650515066358247185e-01	1.576342883749712875e-01	7.385352463637863407e-02	3.302405300141656591e-02	8.168979380490214159e-02
