1.001418434226643626e+03	2.788392763547543618e-01	1.813004406589125983e-01	2.348478517195329851e-01	1.408422347932666852e-01	6.692472620378123183e-02	2.774918571952889046e-02	6.949628454988179826e-02
1.002869765290740247e+03	2.785800793598143810e-01	1.811361218421852493e-01	2.350273186565782213e-01	1.409413556035285231e-01	6.696046679807284019e-02	2.778471947738919701e-02	6.956993826209012521e-02
1.004321096354836754e+03	2.783213295855804237e-01	1.809720754937454434e-01	2.352064856342192256e-01	1.410402506838280001e-01	6.699626653114142127e-02	2.782012102251758476e-02	6.964347104862639304e-02
1.005772427418933376e+03	2.780630263084770126e-01	1.808083011610478741e-01	2.353853531521098996e-01	1.411389214022623073e-01	6.703212356721807708e-02	2.785539184441871915e-02	6.971688256412460205e-02
1.007223758483029997e+03	2.778051688052493029e-01	1.806447983922992440e-01	2.355639217090754189e-01	1.412373691098951500e-01	6.706803610031501772e-02	2.789053340712211587e-02	6.979017247570225291e-02
1.008675089547126618e+03	2.775477563529786806e-01	1.804815667364571274e-01	2.357421918031133989e-01	1.413355951410101841e-01	6.710400235374948397e-02	2.792554714963605550e-02	6.986334046271355791e-02
1.010126420611223239e+03	2.772907882290985837e-01	1.803186057432286937e-01	2.359201639313952548e-01	1.414336008133601774e-01	6.714002057967519144e-02	2.796043448639343870e-02	6.993638621650717646e-02
1.011577751675319632e+03	2.770342637114092121e-01	1.801559149630694856e-01	2.360978385902674781e-01	1.415313874284125639e-01	6.717608905862162971e-02	2.799519680768979002e-02	7.000930944018841917e-02
1.013029082739416367e+03	2.767781820780927382e-01	1.799934939471821149e-01	2.362752162752528862e-01	1.416289562715909167e-01	6.721220609904075827e-02	2.802983548011347970e-02	7.008210984838571245e-02
1.014480413803512761e+03	2.765225426077276838e-01	1.798313422475150969e-01	2.364522974810520095e-01	1.417263086125127858e-01	6.724837003686125192e-02	2.806435184696833007e-02	7.015478716702147621e-02
1.015931744867609382e+03	2.762673445793032423e-01	1.796694594167615733e-01	2.366290827015443687e-01	1.418234457052235664e-01	6.728457923504990723e-02	2.809874722868874880e-02	7.022734113308722048e-02
1.017383075931706003e+03	2.760125872722331564e-01	1.795078450083580635e-01	2.368055724297897791e-01	1.419203687884272314e-01	6.732083208318020984e-02	2.813302292324749640e-02	7.029977149442263873e-02
1.018834406995802851e+03	2.757582699663697068e-01	1.793464985764832154e-01	2.369817671580296548e-01	1.420170790857127885e-01	6.735712699700810435e-02	2.816718020655623739e-02	7.037207800949886460e-02
1.020285738059899245e+03	2.755043919420167020e-01	1.791854196760566675e-01	2.371576673776882305e-01	1.421135778057776855e-01	6.739346241805449500e-02	2.820122033285899985e-02	7.044426044720573932e-02
1.021737069123995752e+03	2.752509524799430785e-01	1.790246078627376891e-01	2.373332735793739767e-01	1.422098661426475230e-01	6.742983681319468514e-02	2.823514453511864405e-02	7.051631858664295094e-02
1.023188400188092373e+03	2.749979508613953905e-01	1.788640626929240418e-01	2.375085862528808212e-01	1.423059452758924093e-01	6.746624867425440875e-02	2.826895402539650673e-02	7.058825221691500396e-02
1.024639731252188767e+03	2.747453863681106889e-01	1.787037837237507032e-01	2.376836058871893975e-01	1.424018163708398454e-01	6.750269651761256484e-02	2.830264999522529371e-02	7.066006113693006074e-02
1.026091062316285615e+03	2.744932582823289557e-01	1.785437705130887009e-01	2.378583329704684335e-01	1.424974805787843912e-01	6.753917888381034962e-02	2.833623361597538762e-02	7.073174515520233574e-02
1.027542393380382237e+03	2.742415658868049833e-01	1.783840226195437806e-01	2.380327679900760829e-01	1.425929390371939720e-01	6.757569433716680007e-02	2.836970603921463302e-02	7.080330408965830602e-02
1.028993724444478858e+03	2.739903084648203646e-01	1.782245396024552953e-01	2.382069114325610359e-01	1.426881928699131052e-01	6.761224146540055491e-02	2.840306839706175507e-02	7.087473776744640519e-02
1.030445055508575479e+03	2.737394853001952622e-01	1.780653210218949567e-01	2.383807637836639903e-01	1.427832431873627683e-01	6.764881887925780490e-02	2.843632180253352279e-02	7.094604602475021449e-02
1.031896386572671872e+03	2.734890956772996207e-01	1.779063664386655863e-01	2.385543255283188446e-01	1.428780910867372966e-01	6.768542521214630792e-02	2.846946734988573327e-02	7.101722870660517883e-02
1.033347717636768493e+03	2.732391388810643806e-01	1.777476754142999493e-01	2.387275971506539474e-01	1.429727376521981730e-01	6.772205911977530191e-02	2.850250611494815553e-02	7.108828566671868132e-02
1.034799048700865114e+03	2.729896141969924139e-01	1.775892475110594781e-01	2.389005791339935403e-01	1.430671839550648750e-01	6.775871927980137155e-02	2.853543915545353124e-02	7.115921676729339285e-02
1.036250379764961508e+03	2.727405209111692375e-01	1.774310822919331065e-01	2.390732719608589241e-01	1.431614310540026136e-01	6.779540439147999087e-02	2.856826751136074677e-02	7.123002187885399406e-02
1.037701710829058356e+03	2.724918583102735603e-01	1.772731793206360207e-01	2.392456761129697074e-01	1.432554799952073243e-01	6.783211317532274187e-02	2.860099220517225288e-02	7.130070088007699203e-02
1.039153041893154750e+03	2.722436256815873867e-01	1.771155381616085767e-01	2.394177920712452223e-01	1.433493318125875493e-01	6.786884437276019533e-02	2.863361424224585700e-02	7.137125365762382601e-02
1.040604372957251599e+03	2.719958223130062303e-01	1.769581583800148850e-01	2.395896203158057181e-01	1.434429875279437661e-01	6.790559674581006511e-02	2.866613461110099209e-02	7.144168010597691520e-02
1.042055704021347992e+03	2.717484474930489391e-01	1.768010395417418112e-01	2.397611613259736374e-01	1.435364481511448298e-01	6.794236907675101078e-02	2.869855428371952122e-02	7.151198012727889852e-02
1.043507035085444613e+03	2.715015005108671331e-01	1.766441812133976164e-01	2.399324155802749492e-01	1.436297146803015845e-01	6.797916016780147785e-02	2.873087421584122683e-02	7.158215363117466368e-02
1.044958366149541234e+03	2.712549806562549182e-01	1.764875829623109571e-01	2.401033835564403696e-01	1.437227881019378928e-01	6.801596884080397809e-02	2.876309534725404390e-02	7.165220053465655436e-02
1.046409697213637855e+03	2.710088872196578791e-01	1.763312443565293874e-01	2.402740657314066941e-01	1.438156693911590289e-01	6.805279393691432421e-02	2.879521860207912010e-02	7.172212076191228358e-02
1.047861028277734476e+03	2.707632194921822943e-01	1.761751649648184426e-01	2.404444625813180469e-01	1.439083595118174352e-01	6.808963431629594387e-02	2.882724488905084176e-02	7.179191424417567802e-02
1.049312359341831097e+03	2.705179767656040180e-01	1.760193443566603344e-01	2.406145745815270742e-01	1.440008594166758138e-01	6.812648885781925900e-02	2.885917510179185005e-02	7.186158091958033678e-02
1.050763690405927491e+03	2.702731583323768061e-01	1.758637821022527303e-01	2.407844022065964151e-01	1.440931700475679700e-01	6.816335645876575589e-02	2.889101011908320332e-02	7.193112073301582976e-02
1.052215021470024112e+03	2.700287634856411434e-01	1.757084777725076430e-01	2.409539459302997566e-01	1.441852923355568250e-01	6.820023603453694017e-02	2.892275080512971344e-02	7.200053363598668543e-02
1.053666352534120733e+03	2.697847915192324031e-01	1.755534309390501257e-01	2.411232062256232767e-01	1.442772272010902357e-01	6.823712651836807974e-02	2.895439800982057763e-02	7.206981958647401543e-02
1.055117683598217127e+03	2.695412417276888406e-01	1.753986411742172735e-01	2.412921835647668378e-01	1.443689755541543440e-01	6.827402686104643015e-02	2.898595256898536116e-02	7.213897854879966487e-02
1.056569014662313975e+03	2.692981134062597537e-01	1.752441080510568350e-01	2.414608784191452084e-01	1.444605382944245675e-01	6.831093603063408126e-02	2.901741530464544208e-02	7.220801049349290235e-02
1.058020345726410369e+03	2.690554058509130320e-01	1.750898311433261578e-01	2.416292912593894504e-01	1.445519163114142025e-01	6.834785301219534204e-02	2.904878702526098380e-02	7.227691539715967728e-02
1.059471676790506763e+03	2.688131183583428174e-01	1.749358100254909953e-01	2.417974225553480017e-01	1.446431104846208626e-01	6.838477680752846899e-02	2.908006852597350839e-02	7.234569324235420873e-02
1.060923007854603611e+03	2.685712502259769430e-01	1.747820442727243129e-01	2.419652727760882027e-01	1.447341216836705025e-01	6.842170643490172455e-02	2.911126058884415044e-02	7.241434401745305838e-02
1.062374338918700232e+03	2.683298007519843154e-01	1.746285334609050388e-01	2.421328423898972959e-01	1.448249507684594151e-01	6.845864092879372365e-02	2.914236398308767823e-02	7.248286771653150717e-02
1.063825669982796853e+03	2.680887692352816876e-01	1.744752771666170099e-01	2.423001318642838409e-01	1.449155985892938425e-01	6.849557933963799916e-02	2.917337946530234108e-02	7.255126433924227736e-02
1.065277001046893474e+03	2.678481549755409308e-01	1.743222749671477501e-01	2.424671416659789636e-01	1.450060659870275881e-01	6.853252073357161966e-02	2.920430777969564365e-02	7.261953389069651654e-02
1.066728332110990095e+03	2.676079572731956402e-01	1.741695264404873045e-01	2.426338722609375498e-01	1.450963537931974912e-01	6.856946419218791500e-02	2.923514965830608173e-02	7.268767638134701614e-02
1.068179663175086489e+03	2.673681754294477964e-01	1.740170311653270463e-01	2.428003241143396052e-01	1.451864628301567928e-01	6.860640881229324028e-02	2.926590582122092637e-02	7.275569182687360859e-02
1.069630994239183110e+03	2.671288087462743155e-01	1.738647887210585663e-01	2.429664976905913376e-01	1.452763939112065028e-01	6.864335370566745920e-02	2.929657697679016043e-02	7.282358024807075725e-02
1.071082325303279504e+03	2.668898565264332112e-01	1.737127986877724239e-01	2.431323934533265729e-01	1.453661478407246022e-01	6.868029799882856279e-02	2.932716382183655005e-02	7.289134167073715864e-02
1.072533656367376352e+03	2.666513180734700339e-01	1.735610606462571481e-01	2.432980118654079482e-01	1.454557254142935518e-01	6.871724083280085493e-02	2.935766704186204556e-02	7.295897612556752343e-02
1.073984987431472746e+03	2.664131926917236437e-01	1.734095741779978217e-01	2.434633533889282164e-01	1.455451274188255262e-01	6.875418136288705129e-02	2.938808731125042845e-02	7.302648364804639747e-02
1.075436318495569594e+03	2.661754796863324279e-01	1.732583388651751655e-01	2.436284184852113843e-01	1.456343546326860083e-01	6.879111875844386159e-02	2.941842529346640200e-02	7.309386427834384248e-02
1.076887649559666215e+03	2.659381783632397411e-01	1.731073542906642615e-01	2.437932076148140725e-01	1.457234078258153320e-01	6.882805220266131896e-02	2.944868164125111210e-02	7.316111806121328165e-02
1.078338980623762609e+03	2.657012880291997892e-01	1.729566200380334429e-01	2.439577212375266813e-01	1.458122877598483358e-01	6.886498089234562026e-02	2.947885699681418101e-02	7.322824504589106609e-02
1.079790311687859230e+03	2.654648079917830694e-01	1.728061356915430724e-01	2.441219598123746670e-01	1.459009951882324629e-01	6.890190403770544980e-02	2.950895199202231353e-02	7.329524528599812294e-02
1.081241642751955851e+03	2.652287375593815888e-01	1.726559008361444603e-01	2.442859237976198472e-01	1.459895308563435579e-01	6.893882086214175864e-02	2.953896724858455156e-02	7.336211883944335210e-02
1.082692973816052472e+03	2.649930760412144704e-01	1.725059150574787259e-01	2.444496136507615103e-01	1.460778955016005520e-01	6.897573060204087447e-02	2.956890337823422227e-02	7.342886576832882706e-02
1.084144304880149093e+03	2.647578227473326162e-01	1.723561779418755768e-01	2.446130298285377758e-01	1.461660898535777631e-01	6.901263250657095616e-02	2.959876098290762855e-02	7.349548613885688308e-02
1.085595635944245487e+03	2.645229769886240367e-01	1.722066890763522262e-01	2.447761727869267878e-01	1.462541146341159448e-01	6.904952583748175110e-02	2.962854065491955097e-02	7.356198002123885693e-02
1.087046967008342108e+03	2.642885380768187353e-01	1.720574480486122548e-01	2.449390429811479641e-01	1.463419705574313112e-01	6.908640986890754454e-02	2.965824297713564109e-02	7.362834748960568609e-02
1.088498298072438729e+03	2.640545053244932605e-01	1.719084544470444176e-01	2.451016408656631895e-01	1.464296583302232557e-01	6.912328388717323135e-02	2.968786852314170971e-02	7.369458862192003468e-02
1.089949629136535123e+03	2.638208780450755353e-01	1.717597078607215055e-01	2.452639668941780926e-01	1.465171786517801833e-01	6.916014719060353810e-02	2.971741785740999661e-02	7.376070349989025110e-02
1.091400960200631971e+03	2.635876555528491871e-01	1.716112078793993190e-01	2.454260215196433226e-01	1.466045322140836771e-01	6.919699908933529819e-02	2.974689153546249132e-02	7.382669220888582462e-02
1.092852291264728365e+03	2.633548371629581553e-01	1.714629540935153906e-01	2.455878051942556872e-01	1.466917197019113328e-01	6.923383890513272465e-02	2.977629010403130827e-02	7.389255483785456269e-02
1.094303622328825213e+03	2.631224221914109096e-01	1.713149460941879587e-01	2.457493183694593741e-01	1.467787417929378446e-01	6.927066597120566660e-02	2.980561410121622748e-02	7.395829147924123936e-02
1.095754953392921607e+03	2.628904099550846696e-01	1.711671834732146902e-01	2.459105614959473107e-01	1.468655991578345921e-01	6.930747963203066908e-02	2.983486405663939023e-02	7.402390222890785354e-02
1.097206284457018228e+03	2.626587997717295120e-01	1.710196658230717925e-01	2.460715350236623022e-01	1.469522924603678393e-01	6.934427924317508596e-02	2.986404049159724697e-02	7.408938718605538598e-02
1.098657615521114849e+03	2.624275909599722567e-01	1.708723927369126538e-01	2.462322394017982807e-01	1.470388223574952691e-01	6.938106417112384350e-02	2.989314391920979558e-02	7.415474645314708291e-02
1.100108946585211470e+03	2.621967828393205746e-01	1.707253638085668157e-01	2.463926750788014708e-01	1.471251894994611287e-01	6.941783379310904889e-02	2.992217484456712040e-02	7.421998013583314124e-02
1.101560277649308091e+03	2.619663747301664292e-01	1.705785786325388353e-01	2.465528425023716663e-01	1.472113945298899607e-01	6.945458749694222167e-02	2.995113376487336040e-02	7.428508834287683715e-02
1.103011608713404712e+03	2.617363659537901288e-01	1.704320368040071754e-01	2.467127421194634240e-01	1.472974380858789734e-01	6.949132468084943948e-02	2.998002116958804752e-02	7.435007118608216725e-02
1.104462939777501106e+03	2.615067558323636576e-01	1.702857379188230935e-01	2.468723743762873124e-01	1.473833207980888016e-01	6.952804475330878753e-02	3.000883754056496780e-02	7.441492878022272495e-02
1.105914270841597499e+03	2.612775436889543390e-01	1.701396815735095047e-01	2.470317397183111607e-01	1.474690432908331572e-01	6.956474713289070855e-02	3.003758335218849329e-02	7.447966124297204782e-02
1.107365601905694348e+03	2.610487288475279444e-01	1.699938673652598153e-01	2.471908385902611693e-01	1.475546061821670085e-01	6.960143124810064252e-02	3.006625907150749927e-02	7.454426869483524176e-02
1.108816932969790741e+03	2.608203106329524124e-01	1.698482948919369517e-01	2.473496714361232418e-01	1.476400100839733720e-01	6.963809653722446980e-02	3.009486515836689441e-02	7.460875125908199290e-02
1.110268264033887590e+03	2.605922883710007909e-01	1.697029637520720835e-01	2.475082386991441230e-01	1.477252556020488827e-01	6.967474244817604967e-02	3.012340206553676403e-02	7.467310906168068974e-02
1.111719595097984211e+03	2.603646613883542904e-01	1.695578735448635688e-01	2.476665408218325648e-01	1.478103433361880881e-01	6.971136843834753460e-02	3.015187023883921999e-02	7.473734223123405795e-02
1.113170926162080832e+03	2.601374290126056699e-01	1.694130238701759272e-01	2.478245782459606861e-01	1.478952738802663813e-01	6.974797397446182157e-02	3.018027011727298509e-02	7.480145089891580834e-02
1.114622257226177226e+03	2.599105905722619014e-01	1.692684143285386189e-01	2.479823514125650274e-01	1.479800478223218252e-01	6.978455853242752915e-02	3.020860213313573267e-02	7.486543519840870020e-02
1.116073588290273847e+03	2.596841453967470015e-01	1.691240445211450172e-01	2.481398607619478835e-01	1.480646657446355041e-01	6.982112159719611189e-02	3.023686671214423360e-02	7.492929526584359012e-02
1.117524919354370468e+03	2.594580928164050837e-01	1.689799140498512153e-01	2.482971067336784410e-01	1.481491282238110996e-01	6.985766266262138924e-02	3.026506427355236950e-02	7.499303123973984075e-02
1.118976250418467089e+03	2.592324321625026906e-01	1.688360225171750550e-01	2.484540897665938886e-01	1.482334358308527167e-01	6.989418123132125349e-02	3.029319523026699837e-02	7.505664326094678429e-02
1.120427581482563710e+03	2.590071627672318466e-01	1.686923695262949330e-01	2.486108102988008606e-01	1.483175891312420447e-01	6.993067681454157025e-02	3.032125998896176983e-02	7.512013147258631007e-02
1.121878912546660331e+03	2.587822839637124450e-01	1.685489546810486905e-01	2.487672687676763528e-01	1.484015886850140742e-01	6.996714893202223007e-02	3.034925895018889680e-02	7.518349601999661791e-02
1.123330243610756725e+03	2.585577950859945240e-01	1.684057775859325867e-01	2.489234656098691933e-01	1.484854350468317319e-01	7.000359711186535105e-02	3.037719250848890107e-02	7.524673705067702612e-02
1.124781574674853118e+03	2.583336954690608200e-01	1.682628378461001328e-01	2.490794012613010422e-01	1.485691287660594606e-01	7.004002089040557710e-02	3.040506105249841245e-02	7.530985471423386202e-02
1.126232905738949967e+03	2.581099844488290440e-01	1.681201350673610651e-01	2.492350761571676676e-01	1.486526703868356891e-01	7.007641981208240223e-02	3.043286496505602512e-02	7.537284916232736554e-02
1.127684236803046360e+03	2.578866613621543236e-01	1.679776688561801790e-01	2.493904907319401121e-01	1.487360604481441084e-01	7.011279342931453495e-02	3.046060462330626301e-02	7.543572054861968912e-02
1.129135567867143209e+03	2.576637255468312016e-01	1.678354388196763303e-01	2.495456454193658580e-01	1.488192994838840877e-01	7.014914130237626111e-02	3.048828039880165097e-02	7.549846902872385523e-02
1.130586898931239830e+03	2.574411763415955789e-01	1.676934445656213246e-01	2.497005406524701043e-01	1.489023880229397578e-01	7.018546299927576337e-02	3.051589265760299569e-02	7.556109476015372695e-02
1.132038229995336451e+03	2.572190130861271018e-01	1.675516857024387241e-01	2.498551768635569048e-01	1.489853265892484291e-01	7.022175809563535598e-02	3.054344176037782077e-02	7.562359790227493606e-02
1.133489561059432845e+03	2.569972351210508821e-01	1.674101618392029034e-01	2.500095544842102502e-01	1.490681157018675929e-01	7.025802617457363453e-02	3.057092806249707070e-02	7.568597861625682433e-02
1.134940892123529466e+03	2.567758417879396626e-01	1.672688725856378844e-01	2.501636739452955394e-01	1.491507558750412854e-01	7.029426682658944381e-02	3.059835191413006264e-02	7.574823706502527287e-02
1.136392223187626087e+03	2.565548324293152604e-01	1.671278175521163367e-01	2.503175356769604121e-01	1.492332476182652301e-01	7.033047964944776076e-02	3.062571366033771739e-02	7.581037341321641976e-02
1.137843554251722708e+03	2.563342063886506761e-01	1.669869963496583565e-01	2.504711401086361366e-01	1.493155914363510917e-01	7.036666424806728437e-02	3.065301364116413893e-02	7.587238782713137675e-02
1.139294885315819101e+03	2.561139630103717035e-01	1.668464085899305782e-01	2.506244876690388868e-01	1.493977878294897310e-01	7.040282023440987136e-02	3.068025219172653209e-02	7.593428047469175102e-02
1.140746216379915950e+03	2.558941016398585400e-01	1.667060538852449258e-01	2.507775787861706296e-01	1.494798372933136277e-01	7.043894722737170655e-02	3.070742964230352076e-02	7.599605152539612440e-02
1.142197547444012343e+03	2.556746216234474511e-01	1.665659318485576690e-01	2.509304138873204026e-01	1.495617403189582195e-01	7.047504485267616636e-02	3.073454631842183551e-02	7.605770115027729594e-02
1.143648878508108737e+03	2.554555223084322702e-01	1.664260420934682572e-01	2.510829933990657015e-01	1.496434973931224932e-01	7.051111274276838925e-02	3.076160254094150934e-02	7.611922952186037095e-02
1.145100209572205586e+03	2.552368030430657853e-01	1.662863842342183485e-01	2.512353177472734234e-01	1.497251089981286309e-01	7.054715053671151148e-02	3.078859862613946702e-02	7.618063681412182153e-02
1.146551540636302207e+03	2.550184631765613497e-01	1.661469578856905882e-01	2.513873873571010331e-01	1.498065756119806857e-01	7.058315788008451275e-02	3.081553488579166084e-02	7.624192320244913001e-02
1.148002871700398828e+03	2.548005020590940473e-01	1.660077626634077208e-01	2.515392026529979508e-01	1.498878977084224240e-01	7.061913442488171322e-02	3.084241162725370744e-02	7.630308886360140375e-02
1.149454202764495449e+03	2.545829190418021359e-01	1.658687981835314240e-01	2.516907640587064954e-01	1.499690757569944188e-01	7.065507982941381104e-02	3.086922915354008146e-02	7.636413397567068384e-02
1.150905533828591842e+03	2.543657134767881578e-01	1.657300640628612820e-01	2.518420719972629951e-01	1.500501102230901718e-01	7.069099375821050191e-02	3.089598776340186578e-02	7.642505871804405881e-02
1.152356864892688463e+03	2.541488847171203269e-01	1.655915599188336473e-01	2.519931268909993416e-01	1.501310015680115129e-01	7.072687588192462516e-02	3.092268775140312106e-02	7.648586327136651375e-02
1.153808195956785084e+03	2.539324321168334730e-01	1.654532853695206696e-01	2.521439291615437117e-01	1.502117502490230572e-01	7.076272587723779484e-02	3.094932940799586737e-02	7.654654781750448722e-02
1.155259527020881706e+03	2.537163550309302629e-01	1.653152400336292960e-01	2.522944792298220107e-01	1.502923567194059951e-01	7.079854342676759893e-02	3.097591301959372323e-02	7.660711253951021926e-02
1.156710858084978327e+03	2.535006528153821992e-01	1.651774235304999949e-01	2.524447775160588714e-01	1.503728214285109666e-01	7.083432821897611698e-02	3.100243886864419846e-02	7.666755762158676546e-02
1.158162189149074720e+03	2.532853248271306756e-01	1.650398354801059508e-01	2.525948244397789311e-01	1.504531448218102141e-01	7.087007994807996425e-02	3.102890723369970682e-02	7.672788324905367718e-02
1.159613520213171569e+03	2.530703704240878094e-01	1.649024755030518152e-01	2.527446204198078861e-01	1.505333273409490968e-01	7.090579831396176536e-02	3.105531838948728113e-02	7.678808960831345898e-02
1.161064851277267962e+03	2.528557889651374957e-01	1.647653432205728186e-01	2.528941658742737131e-01	1.506133694237964948e-01	7.094148302208294621e-02	3.108167260697703924e-02	7.684817688681856718e-02
1.162516182341364356e+03	2.526415798101360188e-01	1.646284382545336600e-01	2.530434612206077238e-01	1.506932715044949911e-01	7.097713378339798318e-02	3.110797015344940811e-02	7.690814527303924120e-02
1.163967513405461204e+03	2.524277423199132175e-01	1.644917602274273694e-01	2.531925068755458974e-01	1.507730340135097213e-01	7.101275031426985962e-02	3.113421129256113695e-02	7.696799495643179279e-02
1.165418844469557826e+03	2.522142758562728737e-01	1.643553087623743636e-01	2.533413032551298794e-01	1.508526573776770574e-01	7.104833233638699341e-02	3.116039628441012732e-02	7.702772612740764469e-02
1.166870175533654447e+03	2.520011797819936006e-01	1.642190834831213919e-01	2.534898507747082030e-01	1.509321420202522079e-01	7.108387957668138579e-02	3.118652538559906970e-02	7.708733897730300766e-02
1.168321506597751068e+03	2.517884534608296754e-01	1.640830840140405089e-01	2.536381498489373443e-01	1.510114883609562919e-01	7.111939176724804690e-02	3.121259884929795600e-02	7.714683369834904325e-02
1.169772837661847461e+03	2.515760962575113169e-01	1.639473099801279643e-01	2.537862008917829426e-01	1.510906968160226627e-01	7.115486864526571198e-02	3.123861692530544368e-02	7.720621048364281758e-02
1.171224168725944082e+03	2.513641075377455181e-01	1.638117610070032593e-01	2.539340043165209670e-01	1.511697677982425381e-01	7.119030995291879271e-02	3.126457986010913043e-02	7.726546952711865757e-02
1.172675499790040703e+03	2.511524866682166013e-01	1.636764367209080084e-01	2.540815605357387708e-01	1.512487017170101589e-01	7.122571543732052202e-02	3.129048789694471172e-02	7.732461102352015947e-02
1.174126830854137097e+03	2.509412330165866067e-01	1.635413367487049685e-01	2.542288699613362013e-01	1.513274989783668922e-01	7.126108485043733398e-02	3.131634127585409405e-02	7.738363516837282186e-02
1.175578161918233945e+03	2.507303459514956812e-01	1.634064607178770112e-01	2.543759330045270439e-01	1.514061599850451134e-01	7.129641794901439567e-02	3.134214023374244651e-02	7.744254215795715046e-02
1.177029492982330339e+03	2.505198248425630214e-01	1.632718082565260687e-01	2.545227500758396877e-01	1.514846851365111713e-01	7.133171449450231849e-02	3.136788500443420807e-02	7.750133218928233203e-02
1.178480824046426733e+03	2.503096690603866525e-01	1.631373789933721341e-01	2.546693215851186243e-01	1.515630748290078544e-01	7.136697425298499375e-02	3.139357581872810610e-02	7.756000546006049101e-02
1.179932155110523581e+03	2.500998779765439828e-01	1.630031725577521518e-01	2.548156479415253362e-01	1.516413294555961910e-01	7.140219699510857998e-02	3.141921290445117559e-02	7.761856216868139036e-02
1.181383486174620202e+03	2.498904509635923032e-01	1.628691885796191008e-01	2.549617295535396289e-01	1.517194494061966936e-01	7.143738249601154500e-02	3.144479648651176545e-02	7.767700251418770130e-02
1.182834817238716823e+03	2.496813873950688711e-01	1.627354266895409129e-01	2.551075668289606857e-01	1.517974350676299378e-01	7.147253053525590150e-02	3.147032678695163566e-02	7.773532669625078662e-02
1.184286148302813444e+03	2.494726866454911873e-01	1.626018865186994178e-01	2.552531601749081780e-01	1.518752868236565579e-01	7.150764089675937241e-02	3.149580402499706916e-02	7.779353491514694185e-02
1.185737479366910065e+03	2.492643480903573017e-01	1.624685676988894267e-01	2.553985099978232642e-01	1.519530050550167155e-01	7.154271336872872200e-02	3.152122841710908174e-02	7.785162737173416392e-02
1.187188810431006686e+03	2.490563711061459518e-01	1.623354698625176229e-01	2.555436167034699779e-01	1.520305901394689574e-01	7.157774774359405845e-02	3.154660017703271591e-02	7.790960426742934986e-02
1.188640141495103080e+03	2.488487550703166185e-01	1.622025926426015341e-01	2.556884806969361712e-01	1.521080424518286012e-01	7.161274381794421884e-02	3.157191951584542577e-02	7.796746580418603689e-02
1.190091472559199701e+03	2.486414993613097757e-01	1.620699356727686169e-01	2.558331023826346806e-01	1.521853623640052888e-01	7.164770139246308400e-02	3.159718664200460853e-02	7.802521218447253104e-02
1.191542803623296322e+03	2.484346033585469182e-01	1.619374985872550909e-01	2.559774821643044374e-01	1.522625502450404289e-01	7.168262027186694807e-02	3.162240176139426845e-02	7.808284361125052142e-02
1.192994134687392716e+03	2.482280664424305339e-01	1.618052810209050785e-01	2.561216204450115774e-01	1.523396064611436673e-01	7.171750026484279006e-02	3.164756507737081365e-02	7.814036028795411093e-02
1.194445465751489564e+03	2.480218879943442978e-01	1.616732826091695496e-01	2.562655176271506074e-01	1.524165313757291640e-01	7.175234118398760019e-02	3.167267679080806864e-02	7.819776241846936038e-02
1.195896796815585958e+03	2.478160673966528504e-01	1.615415029881051845e-01	2.564091741124453483e-01	1.524933253494511476e-01	7.178714284574855276e-02	3.169773710014138490e-02	7.825505020711413795e-02
1.197348127879682352e+03	2.476106040327020197e-01	1.614099417943735959e-01	2.565525903019502119e-01	1.525699887402390542e-01	7.182190507036412264e-02	3.172274620141105061e-02	7.831222385861850988e-02
1.198799458943779200e+03	2.474054972868184599e-01	1.612785986652401360e-01	2.566957665960514778e-01	1.526465219033320553e-01	7.185662768180617332e-02	3.174770428830483993e-02	7.836928357810540868e-02
1.200250790007875821e+03	2.472007465443097629e-01	1.611474732385729802e-01	2.568387033944680153e-01	1.527229251913132246e-01	7.189131050772290532e-02	3.177261155219982675e-02	7.842622957107189818e-02
1.201702121071972442e+03	2.469963511914642640e-01	1.610165651528421005e-01	2.569814010962525042e-01	1.527991989541431506e-01	7.192595337938262334e-02	3.179746818220342136e-02	7.848306204337059111e-02
1.203153452136069063e+03	2.467923106155508750e-01	1.608858740471182380e-01	2.571238600997927115e-01	1.528753435391930482e-01	7.196055613161848885e-02	3.182227436519365765e-02	7.853978120119163575e-02
1.204604783200165684e+03	2.465886242048189458e-01	1.607553995610719877e-01	2.572660808028124357e-01	1.529513592912774000e-01	7.199511860277406361e-02	3.184703028585877255e-02	7.859638725104506340e-02
1.206056114264262078e+03	2.463852913484980423e-01	1.606251413349726875e-01	2.574080636023727275e-01	1.530272465526861525e-01	7.202964063464965816e-02	3.187173612673602913e-02	7.865288039974344114e-02
1.207507445328358699e+03	2.461823114367976406e-01	1.604950990096874752e-01	2.575498088948728892e-01	1.531030056632164404e-01	7.206412207244958235e-02	3.189639206824985973e-02	7.870926085438482989e-02
1.208958776392455093e+03	2.459796838609070446e-01	1.603652722266803721e-01	2.576913170760515293e-01	1.531786369602038678e-01	7.209856276473015912e-02	3.192099828874930822e-02	7.876552882233638087e-02
1.210410107456551941e+03	2.457774080129949412e-01	1.602356606280112006e-01	2.578325885409878393e-01	1.532541407785533993e-01	7.213296256334858492e-02	3.194555496454478533e-02	7.882168451121793207e-02
1.211861438520648335e+03	2.455754832862091508e-01	1.601062638563345852e-01	2.579736236841024821e-01	1.533295174507695591e-01	7.216732132341253936e-02	3.197006226994419248e-02	7.887772812888620144e-02
1.213312769584745183e+03	2.453739090746762941e-01	1.599770815548989533e-01	2.581144228991589240e-01	1.534047673069864892e-01	7.220163890323054445e-02	3.199452037728828940e-02	7.893365988341922990e-02
1.214764100648841804e+03	2.451726847735014592e-01	1.598481133675456745e-01	2.582549865792642674e-01	1.534798906749975378e-01	7.223591516426317027e-02	3.201892945698554122e-02	7.898947998310112961e-02
1.216215431712937971e+03	2.449718097787677851e-01	1.597193589387079227e-01	2.583953151168704165e-01	1.535548878802842632e-01	7.227014997107492067e-02	3.204328967754624391e-02	7.904518863640722093e-02
1.217666762777034819e+03	2.447712834875361565e-01	1.595908179134097604e-01	2.585354089037752434e-01	1.536297592460451611e-01	7.230434319128691001e-02	3.206760120561606697e-02	7.910078605198941903e-02
1.219118093841131440e+03	2.445711052978446487e-01	1.594624899372651672e-01	2.586752683311237533e-01	1.537045050932239199e-01	7.233849469553017830e-02	3.209186420600896456e-02	7.915627243866203699e-02
1.220569424905228061e+03	2.443712746087081944e-01	1.593343746564770402e-01	2.588148937894089729e-01	1.537791257405373146e-01	7.237260435739990838e-02	3.211607884173948296e-02	7.921164800538781081e-02
1.222020755969324682e+03	2.441717908201180565e-01	1.592064717178361954e-01	2.589542856684730054e-01	1.538536215045026856e-01	7.240667205341007329e-02	3.214024527405451997e-02	7.926691296126421593e-02
1.223472087033421303e+03	2.439726533330413560e-01	1.590787807687204236e-01	2.590934443575083623e-01	1.539279926994649994e-01	7.244069766294904122e-02	3.216436366246445966e-02	7.932206751551015844e-02
1.224923418097517697e+03	2.437738615494205729e-01	1.589513014570934912e-01	2.592323702450587408e-01	1.540022396376236058e-01	7.247468106823570788e-02	3.218843416477373126e-02	7.937711187745288832e-02
1.226374749161614318e+03	2.435754148721730739e-01	1.588240334315042246e-01	2.593710637190204671e-01	1.540763626290585497e-01	7.250862215427633650e-02	3.221245693711086849e-02	7.943204625651525963e-02
1.227826080225710712e+03	2.433773127051905016e-01	1.586969763410854273e-01	2.595095251666431624e-01	1.541503619817564952e-01	7.254252080882206410e-02	3.223643213395796514e-02	7.948687086220317111e-02
1.229277411289807560e+03	2.431795544533381925e-01	1.585701298355529920e-01	2.596477549745310753e-01	1.542242380016363434e-01	7.257637692232711546e-02	3.226035990817961718e-02	7.954158590409342311e-02
1.230728742353903954e+03	2.429821395224546765e-01	1.584434935652049292e-01	2.597857535286441366e-01	1.542979909925744630e-01	7.261019038790751667e-02	3.228424041105130982e-02	7.959619159182174108e-02
1.232180073418000802e+03	2.427850673193510112e-01	1.583170671809203400e-01	2.599235212142989582e-01	1.543716212564295032e-01	7.264396110130058593e-02	3.230807379228733955e-02	7.965068813507100720e-02
1.233631404482097196e+03	2.425883372518101710e-01	1.581908503341585281e-01	2.600610584161698879e-01	1.544451290930670684e-01	7.267768896082496544e-02	3.233186020006816042e-02	7.970507574355997771e-02
1.235082735546193817e+03	2.423919487285864927e-01	1.580648426769579451e-01	2.601983655182901756e-01	1.545185148003836162e-01	7.271137386734126407e-02	3.235559978106726520e-02	7.975935462703200030e-02
1.236534066610290438e+03	2.421959011594048972e-01	1.579390438619353298e-01	2.603354429040529161e-01	1.545917786743305766e-01	7.274501572421332440e-02	3.237929268047758796e-02	7.981352499524413391e-02
1.237985397674387059e+03	2.420001939549602799e-01	1.578134535422846818e-01	2.604722909562122157e-01	1.546649210089376669e-01	7.277861443727008661e-02	3.240293904203738612e-02	7.986758705795642121e-02
1.239436728738483680e+03	2.418048265269168717e-01	1.576880713717763172e-01	2.606089100568841910e-01	1.547379420963361507e-01	7.281216991476803513e-02	3.242653900805567146e-02	7.992154102492150802e-02
1.240888059802580301e+03	2.416097982879073791e-01	1.575628970047559252e-01	2.607453005875480789e-01	1.548108422267816253e-01	7.284568206735413110e-02	3.245009271943719020e-02	7.997538710587438759e-02
1.242339390866676695e+03	2.414151086515324840e-01	1.574379300961435690e-01	2.608814629290472364e-01	1.548836216886765871e-01	7.287915080802948031e-02	3.247360031570688255e-02	8.002912551052247803e-02
1.243790721930773088e+03	2.412207570323599004e-01	1.573131703014327143e-01	2.610173974615902504e-01	1.549562807685926080e-01	7.291257605211340365e-02	3.249706193503398843e-02	8.008275644853581066e-02
1.245242052994869937e+03	2.410267428459237915e-01	1.571886172766893963e-01	2.611531045647520477e-01	1.550288197512922350e-01	7.294595771720809030e-02	3.252047771425561895e-02	8.013628012953755153e-02
1.246693384058966330e+03	2.408330655087238814e-01	1.570642706785511655e-01	2.612885846174746729e-01	1.551012389197505281e-01	7.297929572316382008e-02	3.254384778889997387e-02	8.018969676309464778e-02
1.248144715123063179e+03	2.406397244382248168e-01	1.569401301642261159e-01	2.614238379980686755e-01	1.551735385551764879e-01	7.301258999204474076e-02	3.256717229320907347e-02	8.024300655870875154e-02
1.249596046187159800e+03	2.404467190528551401e-01	1.568161953914920526e-01	2.615588650842140539e-01	1.552457189370338719e-01	7.304584044809507570e-02	3.259045136016108790e-02	8.029620972580735205e-02
1.251047377251256421e+03	2.402540487720067619e-01	1.566924660186954088e-01	2.616936662529611435e-01	1.553177803430620396e-01	7.307904701770591427e-02	3.261368512149227794e-02	8.034930647373506041e-02
1.252498708315352815e+03	2.400617130160339341e-01	1.565689417047503862e-01	2.618282418807319489e-01	1.553897230492962689e-01	7.311220962938246026e-02	3.263687370771852642e-02	8.040229701174511634e-02
1.253950039379449436e+03	2.398697112062524450e-01	1.564456221091380106e-01	2.619625923433209214e-01	1.554615473300878237e-01	7.314532821371184934e-02	3.266001724815645324e-02	8.045518154899113095e-02
1.255401370443546057e+03	2.396780427649388145e-01	1.563225068919051608e-01	2.620967180158961241e-01	1.555332534581239934e-01	7.317840270333135499e-02	3.268311587094418352e-02	8.050796029451898206e-02
1.256852701507642678e+03	2.394867071153295168e-01	1.561995957136636526e-01	2.622306192730002317e-01	1.556048417044474663e-01	7.321143303289717741e-02	3.270616970306165078e-02	8.056063345725891778e-02
1.258304032571739299e+03	2.392957036816199257e-01	1.560768882355892118e-01	2.623642964885517515e-01	1.556763123384756753e-01	7.324441913905360702e-02	3.272917887035063644e-02	8.061320124601785431e-02
1.259755363635835920e+03	2.391050318889635373e-01	1.559543841194206693e-01	2.624977500358456894e-01	1.557476656280199212e-01	7.327736096040274316e-02	3.275214349753437920e-02	8.066566386947174316e-02
1.261206694699932314e+03	2.389146911634710269e-01	1.558320830274589619e-01	2.626309802875549937e-01	1.558189018393039416e-01	7.331025843747461523e-02	3.277506370823680265e-02	8.071802153615836861e-02
1.262658025764028707e+03	2.387246809322093877e-01	1.557099846225661610e-01	2.627639876157312759e-01	1.558900212369826455e-01	7.334311151269776174e-02	3.279793962500143767e-02	8.077027445447002019e-02
1.264109356828125556e+03	2.385350006232010156e-01	1.555880885681646120e-01	2.628967723918060329e-01	1.559610240841601547e-01	7.337592013037028127e-02	3.282077136930999783e-02	8.082242283264659544e-02
1.265560687892221949e+03	2.383456496654226542e-01	1.554663945282359350e-01	2.630293349865917008e-01	1.560319106424079005e-01	7.340868423663129971e-02	3.284355906160054545e-02	8.087446687876866103e-02
1.267012018956318798e+03	2.381566274888045343e-01	1.553449021673201647e-01	2.631616757702823772e-01	1.561026811717824148e-01	7.344140377943288167e-02	3.286630282128538694e-02	8.092640680075086079e-02
1.268463350020415419e+03	2.379679335242295413e-01	1.552236111505147786e-01	2.632937951124552645e-01	1.561733359308427049e-01	7.347407870851233036e-02	3.288900276676864909e-02	8.097824280633532379e-02
1.269914681084511813e+03	2.377795672035319940e-01	1.551025211434736983e-01	2.634256933820716129e-01	1.562438751766675737e-01	7.350670897536494552e-02	3.291165901546346667e-02	8.102997510308534990e-02
1.271366012148608434e+03	2.375915279594968677e-01	1.549816318124065395e-01	2.635573709474772208e-01	1.563142991648726332e-01	7.353929453321718379e-02	3.293427168380890641e-02	8.108160389837920645e-02
1.272817343212705055e+03	2.374038152258587386e-01	1.548609428240775299e-01	2.636888281764042663e-01	1.563846081496271523e-01	7.357183533700019373e-02	3.295684088728655786e-02	8.113312939940406365e-02
1.274268674276801676e+03	2.372164284373008136e-01	1.547404538458046763e-01	2.638200654359718067e-01	1.564548023836704882e-01	7.360433134332382277e-02	3.297936674043680516e-02	8.118455181315009650e-02
1.275720005340898297e+03	2.370293670294537913e-01	1.546201645454588491e-01	2.639510830926869445e-01	1.565248821183285732e-01	7.363678251045085998e-02	3.300184935687485582e-02	8.123587134640472551e-02
1.277171336404994690e+03	2.368426304388950021e-01	1.545000745914627549e-01	2.640818815124457708e-01	1.565948476035297632e-01	7.366918879827190347e-02	3.302428884930640185e-02	8.128708820574701011e-02
1.278622667469091539e+03	2.366562181031474088e-01	1.543801836527900762e-01	2.642124610605344759e-01	1.566646990878210466e-01	7.370155016828035255e-02	3.304668532954301713e-02	8.133820259754220849e-02
1.280073998533187932e+03	2.364701294606783855e-01	1.542604913989646664e-01	2.643428221016303481e-01	1.567344368183834769e-01	7.373386658354801060e-02	3.306903890851729810e-02	8.138921472793635148e-02
1.281525329597284326e+03	2.362843639508988847e-01	1.541409975000595234e-01	2.644729649998027177e-01	1.568040610410476599e-01	7.376613800870085447e-02	3.309134969629768525e-02	8.144012480285117705e-02
1.282976660661381175e+03	2.360989210141622163e-01	1.540217016266958172e-01	2.646028901185141780e-01	1.568735720003090750e-01	7.379836440989524793e-02	3.311361780210304168e-02	8.149093302797896787e-02
1.284427991725477568e+03	2.359138000917630762e-01	1.539026034500421136e-01	2.647325978206211960e-01	1.569429699393430078e-01	7.383054575479458537e-02	3.313584333431692647e-02	8.154163960877761075e-02
1.285879322789574417e+03	2.357290006259364357e-01	1.537837026418133468e-01	2.648620884683756116e-01	1.570122551000194822e-01	7.386268201254617138e-02	3.315802640050164590e-02	8.159224475046586433e-02
1.287330653853671038e+03	2.355445220598564871e-01	1.536649988742700423e-01	2.649913624234251919e-01	1.570814277229177491e-01	7.389477315375844735e-02	3.318016710741202024e-02	8.164274865801861292e-02
1.288781984917767431e+03	2.353603638376356166e-01	1.535464918202173457e-01	2.651204200468149086e-01	1.571504880473408305e-01	7.392681915047868979e-02	3.320226556100890070e-02	8.169315153616227287e-02
1.290233315981864052e+03	2.351765254043231834e-01	1.534281811530039952e-01	2.652492616989878815e-01	1.572194363113296467e-01	7.395881997617091697e-02	3.322432186647242269e-02	8.174345358937047668e-02
