1.001418434226643626e+03	2.787898027667532475e-01	1.813243460123862838e-01	2.348696144473252090e-01	1.408420892087537124e-01	6.695117666951266866e-02	2.777950670983700757e-02	6.944346418508878793e-02
1.002869765290740247e+03	2.785296851459776457e-01	1.811604389012002325e-01	2.350495526041934125e-01	1.409410989671994185e-01	6.698852796394148823e-02	2.781497341727932199e-02	6.951572299986540082e-02
1.004321096354836754e+03	2.782700165666297520e-01	1.809968031433051849e-01	2.352291902075044905e-01	1.410398895379754991e-01	6.702594706435811844e-02	2.785030783391746756e-02	6.958784564596640076e-02
1.005772427418933376e+03	2.780107963143167993e-01	1.808334382886321312e-01	2.354085277573791379e-01	1.411384624345089767e-01	6.706343172097427308e-02	2.788551154793010231e-02	6.965983193591543388e-02
1.007223758483029997e+03	2.777520236746668369e-01	1.806703438878590473e-01	2.355875657531105727e-01	1.412368191480224411e-01	6.710097972277741241e-02	2.792058611604293639e-02	6.973168169717766651e-02
1.008675089547126618e+03	2.774936979333517684e-01	1.805075194924096182e-01	2.357663046931658124e-01	1.413349611478962597e-01	6.713858889688426035e-02	2.795553306420096515e-02	6.980339477174823948e-02
1.010126420611223239e+03	2.772358183761099992e-01	1.803449646544521001e-01	2.359447450751870068e-01	1.414328898820253200e-01	6.717625710790529892e-02	2.799035388822625550e-02	6.987497101575092240e-02
1.011577751675319632e+03	2.769783842887686420e-01	1.801826789268980156e-01	2.361228873959926311e-01	1.415306067771695819e-01	6.721398225731996245e-02	2.802505005446146238e-02	6.994641029904655194e-02
1.013029082739416367e+03	2.767213949572651654e-01	1.800206618634009603e-01	2.363007321515787629e-01	1.416281132392988584e-01	6.725176228286242064e-02	2.805962300039946400e-02	7.001771250485117060e-02
1.014480413803512761e+03	2.764648496676685996e-01	1.798589130183552987e-01	2.364782798371204142e-01	1.417254106539319325e-01	6.728959515791758939e-02	2.809407413529940375e-02	7.008887752936353299e-02
1.015931744867609382e+03	2.762087477062002416e-01	1.796974319468950809e-01	2.366555309469727253e-01	1.418225003864699851e-01	6.732747889092748073e-02	2.812840484078939912e-02	7.015990528140181315e-02
1.017383075931706003e+03	2.759530883592540285e-01	1.795362182048926558e-01	2.368324859746723521e-01	1.419193837825246662e-01	6.736541152480747530e-02	2.816261647145626434e-02	7.023079568204926293e-02
1.018834406995802851e+03	2.756978709134163541e-01	1.793752713489575323e-01	2.370091454129385489e-01	1.420160621682406143e-01	6.740339113637246193e-02	2.819671035542246212e-02	7.030154866430869676e-02
1.020285738059899245e+03	2.754430946554857207e-01	1.792145909364351031e-01	2.371855097536746115e-01	1.421125368506126474e-01	6.744141583577253907e-02	2.823068779491062427e-02	7.037216417276544178e-02
1.021737069123995752e+03	2.751887588724913902e-01	1.790541765254055340e-01	2.373615794879690710e-01	1.422088091177977354e-01	6.747948376593843056e-02	2.826455006679586338e-02	7.044264216325868411e-02
1.023188400188092373e+03	2.749348628517123139e-01	1.788940276746824043e-01	2.375373551060970256e-01	1.423048802394218937e-01	6.751759310203599151e-02	2.829829842314617386e-02	7.051298260256094741e-02
1.024639731252188767e+03	2.746814058806953396e-01	1.787341439438115964e-01	2.377128370975212512e-01	1.424007514668818031e-01	6.755574205093008155e-02	2.833193409175113753e-02	7.058318546806557903e-02
1.026091062316285615e+03	2.744283872472729202e-01	1.785745248930700191e-01	2.378880259508936723e-01	1.424964240336416554e-01	6.759392885065733381e-02	2.836545827663923547e-02	7.065325074748196599e-02
1.027542393380382237e+03	2.741758062395806550e-01	1.784151700834644416e-01	2.380629221540564722e-01	1.425918991555250592e-01	6.763215176990784727e-02	2.839887215858399178e-02	7.072317843853831443e-02
1.028993724444478858e+03	2.739236621460743870e-01	1.782560790767302172e-01	2.382375261940434530e-01	1.426871780310019766e-01	6.767040910751562222e-02	2.843217689559917813e-02	7.079296854869193689e-02
1.030445055508575479e+03	2.736719542555468010e-01	1.780972514353301173e-01	2.384118385570812571e-01	1.427822618414711642e-01	6.770869919195746101e-02	2.846537362342333247e-02	7.086262109484668670e-02
1.031896386572671872e+03	2.734206818571436881e-01	1.779386867224531654e-01	2.385858597285906713e-01	1.428771517515376732e-01	6.774702038086034828e-02	2.849846345599382075e-02	7.093213610307742834e-02
1.033347717636768493e+03	2.731698442403802107e-01	1.777803845020133611e-01	2.387595901931878484e-01	1.429718489092860201e-01	6.778537106051711614e-02	2.853144748591067426e-02	7.100151360836157166e-02
1.034799048700865114e+03	2.729194406951562790e-01	1.776223443386484857e-01	2.389330304346855838e-01	1.430663544465487214e-01	6.782374964541018625e-02	2.856432678489039673e-02	7.107075365431710090e-02
1.036250379764961508e+03	2.726694705117720385e-01	1.774645657977189650e-01	2.391061809360946200e-01	1.431606694791704437e-01	6.786215457774337489e-02	2.859710240421000152e-02	7.113985629294736213e-02
1.037701710829058356e+03	2.724199329809425807e-01	1.773070484453065365e-01	2.392790421796248401e-01	1.432547951072677683e-01	6.790058432698144186e-02	2.862977537514144535e-02	7.120882158439217902e-02
1.039153041893154750e+03	2.721708273938127642e-01	1.771497918482132505e-01	2.394516146466865725e-01	1.433487324154846532e-01	6.793903738939753578e-02	2.866234670937671189e-02	7.127764959668526912e-02
1.040604372957251599e+03	2.719221530419714816e-01	1.769927955739600822e-01	2.396238988178918949e-01	1.434424824732437875e-01	6.797751228762802245e-02	2.869481739944368393e-02	7.134634040551772471e-02
1.042055704021347992e+03	2.716739092174657588e-01	1.768360591907859047e-01	2.397958951730558008e-01	1.435360463349936999e-01	6.801600757023489041e-02	2.872718841911309912e-02	7.141489409400753052e-02
1.043507035085444613e+03	2.714260952128141335e-01	1.766795822676461014e-01	2.399676041911975310e-01	1.436294250404518413e-01	6.805452181127552569e-02	2.875946072379666901e-02	7.148331075247488231e-02
1.044958366149541234e+03	2.711787103210203109e-01	1.765233643742116221e-01	2.401390263505417955e-01	1.437226196148436441e-01	6.809305360987956413e-02	2.879163525093666326e-02	7.155159047822309826e-02
1.046409697213637855e+03	2.709317538355862087e-01	1.763674050808675398e-01	2.403101621285200495e-01	1.438156310691376949e-01	6.813160158983293246e-02	2.882371292038705263e-02	7.161973337532526185e-02
1.047861028277734476e+03	2.706852250505247248e-01	1.762117039587120237e-01	2.404810120017716879e-01	1.439084604002768830e-01	6.817016439916884218e-02	2.885569463478642946e-02	7.168773955441613832e-02
1.049312359341831097e+03	2.704391232603721162e-01	1.760562605795551738e-01	2.406515764461455154e-01	1.440011085914059963e-01	6.820874070976555570e-02	2.888758127992293798e-02	7.175560913248940631e-02
1.050763690405927491e+03	2.701934477602004891e-01	1.759010745159177158e-01	2.408218559367007183e-01	1.440935766120953754e-01	6.824732921695091103e-02	2.891937372509125956e-02	7.182334223270017692e-02
1.052215021470024112e+03	2.699481978456295117e-01	1.757461453410299745e-01	2.409918509477083359e-01	1.441858654185609601e-01	6.828592863911356337e-02	2.895107282344196176e-02	7.189093898417231454e-02
1.053666352534120733e+03	2.697033728128383490e-01	1.755914726288305416e-01	2.411615619526523424e-01	1.442779759538806161e-01	6.832453771732056869e-02	2.898267941232329087e-02	7.195839952181089239e-02
1.055117683598217127e+03	2.694589719585768761e-01	1.754370559539651930e-01	2.413309894242310627e-01	1.443699091482071595e-01	6.836315521494142067e-02	2.901419431361558499e-02	7.202572398611933879e-02
1.056569014662313975e+03	2.692149945801768918e-01	1.752828948917856955e-01	2.415001338343583381e-01	1.444616659189774943e-01	6.840177991727840190e-02	2.904561833405850876e-02	7.209291252302131581e-02
1.058020345726410369e+03	2.689714399755630536e-01	1.751289890183486408e-01	2.416689956541647755e-01	1.445532471711187261e-01	6.844041063120308299e-02	2.907695226557120358e-02	7.215996528368716356e-02
1.059471676790506763e+03	2.687283074432637031e-01	1.749753379104142803e-01	2.418375753539989403e-01	1.446446537972505553e-01	6.847904618479888628e-02	2.910819688556555082e-02	7.222688242436474393e-02
1.060923007854603611e+03	2.684855962824210240e-01	1.748219411454453309e-01	2.420058734034288284e-01	1.447358866778844511e-01	6.851768542700958919e-02	2.913935295725270103e-02	7.229366410621472505e-02
1.062374338918700232e+03	2.682433057928014231e-01	1.746687983016058099e-01	2.421738902712428643e-01	1.448269466816197726e-01	6.855632722729373962e-02	2.917042122994295203e-02	7.236031049515009861e-02
1.063825669982796853e+03	2.680014352748053552e-01	1.745159089577599243e-01	2.423416264254512065e-01	1.449178346653362259e-01	6.859497047528484437e-02	2.920140243933921909e-02	7.242682176167979102e-02
1.065277001046893474e+03	2.677599840294772604e-01	1.743632726934708221e-01	2.425090823332871626e-01	1.450085514743836013e-01	6.863361408045715040e-02	2.923229730782415589e-02	7.249319808075638250e-02
1.066728332110990095e+03	2.675189513585148338e-01	1.742108890889995099e-01	2.426762584612082163e-01	1.450990979427680405e-01	6.867225697179707433e-02	2.926310654474106876e-02	7.255943963162778121e-02
1.068179663175086489e+03	2.672783365642784625e-01	1.740587577253036311e-01	2.428431552748973599e-01	1.451894748933355295e-01	6.871089809748005817e-02	2.929383084666882867e-02	7.262554659769263066e-02
1.069630994239183110e+03	2.670381389498002189e-01	1.739068781840364120e-01	2.430097732392643706e-01	1.452796831379521425e-01	6.874953642455285119e-02	2.932447089769081930e-02	7.269151916635972766e-02
1.071082325303279504e+03	2.667983578187926308e-01	1.737552500475453565e-01	2.431761128184469767e-01	1.453697234776815950e-01	6.878817093862100995e-02	2.935502736965812931e-02	7.275735752891078489e-02
1.072533656367376352e+03	2.665589924756576190e-01	1.736038728988712199e-01	2.433421744758121896e-01	1.454595967029595482e-01	6.882680064354175509e-02	2.938550092244702691e-02	7.282306188036707928e-02
1.073984987431472746e+03	2.663200422254946576e-01	1.734527463217468146e-01	2.435079586739574697e-01	1.455493035937653334e-01	6.886542456112171307e-02	2.941589220421094580e-02	7.288863241935941706e-02
1.075436318495569594e+03	2.660815063741093223e-01	1.733018699005958729e-01	2.436734658747119753e-01	1.456388449197907609e-01	6.890404173081988992e-02	2.944620185162701020e-02	7.295406934800154064e-02
1.076887649559666215e+03	2.658433842280209514e-01	1.731512432205318530e-01	2.438386965391378114e-01	1.457282214406060705e-01	6.894265120945550218e-02	2.947643049013726896e-02	7.301937287176687996e-02
1.078338980623762609e+03	2.656056750944708056e-01	1.730008658673568012e-01	2.440036511275313069e-01	1.458174339058233848e-01	6.898125207092063726e-02	2.950657873418471855e-02	7.308454319936860677e-02
1.079790311687859230e+03	2.653683782814297842e-01	1.728507374275603248e-01	2.441683300994241523e-01	1.459064830552572467e-01	6.901984340589778499e-02	2.953664718744427112e-02	7.314958054264270038e-02
1.081241642751955851e+03	2.651314930976056972e-01	1.727008574883182879e-01	2.443327339135847043e-01	1.459953696190826600e-01	6.905842432158194877e-02	2.956663644304872995e-02	7.321448511643428858e-02
1.082692973816052472e+03	2.648950188524507032e-01	1.725512256374917841e-01	2.444968630280191790e-01	1.460840943179904650e-01	6.909699394140747519e-02	2.959654708380992510e-02	7.327925713848684741e-02
1.084144304880149093e+03	2.646589548561684158e-01	1.724018414636259433e-01	2.446607178999729570e-01	1.461726578633402163e-01	6.913555140477936622e-02	2.962637968243506115e-02	7.334389682933446786e-02
1.085595635944245487e+03	2.644233004197210080e-01	1.722527045559487935e-01	2.448242989859317209e-01	1.462610609573105902e-01	6.917409586680905997e-02	2.965613480173842978e-02	7.340840441219687040e-02
1.087046967008342108e+03	2.641880548548358187e-01	1.721038145043701784e-01	2.449876067416226766e-01	1.463493042930472388e-01	6.921262649805462464e-02	2.968581299484857397e-02	7.347278011287736166e-02
1.088498298072438729e+03	2.639532174740121251e-01	1.719551708994805639e-01	2.451506416220159412e-01	1.464373885548082288e-01	6.925114248426524066e-02	2.971541480541098693e-02	7.353702415966337225e-02
1.089949629136535123e+03	2.637187875905274703e-01	1.718067733325499835e-01	2.453134040813255423e-01	1.465253144181073441e-01	6.928964302612990178e-02	2.974494076778643262e-02	7.360113678322978414e-02
1.091400960200631971e+03	2.634847645184441589e-01	1.716586213955268447e-01	2.454758945730107500e-01	1.466130825498545009e-01	6.932812733903033486e-02	2.977439140724504399e-02	7.366511821654476988e-02
1.092852291264728365e+03	2.632511475726153627e-01	1.715107146810368188e-01	2.456381135497773816e-01	1.467006936084944702e-01	6.936659465279799985e-02	2.980376724015621273e-02	7.372896869477815751e-02
1.094303622328825213e+03	2.630179360686909495e-01	1.713630527823817307e-01	2.458000614635788839e-01	1.467881482441428798e-01	6.940504421147512815e-02	2.983306877417440592e-02	7.379268845521239073e-02
1.095754953392921607e+03	2.627851293231235896e-01	1.712156352935383929e-01	2.459617387656176102e-01	1.468754470987203575e-01	6.944347527307966061e-02	2.986229650842099279e-02	7.385627773715580657e-02
1.097206284457018228e+03	2.625527266531742510e-01	1.710684618091575793e-01	2.461231459063460136e-01	1.469625908060840924e-01	6.948188710937415469e-02	2.989145093366217532e-02	7.391973678185820296e-02
1.098657615521114849e+03	2.623207273769178061e-01	1.709215319245627751e-01	2.462842833354679239e-01	1.470495799921575086e-01	6.952027900563852170e-02	2.992053253248305733e-02	7.398306583242882095e-02
1.100108946585211470e+03	2.620891308132486941e-01	1.707748452357491786e-01	2.464451515019397410e-01	1.471364152750578025e-01	6.955865026044642796e-02	2.994954177945801169e-02	7.404626513375656138e-02
1.101560277649308091e+03	2.618579362818858614e-01	1.706284013393825350e-01	2.466057508539716003e-01	1.472230972652213143e-01	6.959700018544555389e-02	2.997847914131736985e-02	7.410933493243224146e-02
1.103011608713404712e+03	2.616271431033779793e-01	1.704821998327979982e-01	2.467660818390285671e-01	1.473096265655268189e-01	6.963532810514135030e-02	3.000734507711052754e-02	7.417227547667319676e-02
1.104462939777501106e+03	2.613967505991088291e-01	1.703362403139990766e-01	2.469261449038319678e-01	1.473960037714169002e-01	6.967363335668444457e-02	3.003614003836555316e-02	7.423508701624968731e-02
1.105914270841597499e+03	2.611667580913015763e-01	1.701905223816564672e-01	2.470859404943605564e-01	1.474822294710173010e-01	6.971191528966155793e-02	3.006486446924537190e-02	7.429776980241366291e-02
1.107365601905694348e+03	2.609371649030239881e-01	1.700450456351069728e-01	2.472454690558515966e-01	1.475683042452542726e-01	6.975017326588987820e-02	3.009351880670058793e-02	7.436032408782915215e-02
1.108816932969790741e+03	2.607079703581928198e-01	1.698998096743524477e-01	2.474047310328022775e-01	1.476542286679701776e-01	6.978840665921481889e-02	3.012210348061902451e-02	7.442275012650487187e-02
1.110268264033887590e+03	2.604791737815785324e-01	1.697548141000586042e-01	2.475637268689707127e-01	1.477400033060368989e-01	6.982661485531113654e-02	3.015061891397206525e-02	7.448504817372844644e-02
1.111719595097984211e+03	2.602507744988095117e-01	1.696100585135539296e-01	2.477224570073773002e-01	1.478256287194676943e-01	6.986479725148732334e-02	3.017906552295784167e-02	7.454721848600276424e-02
1.113170926162080832e+03	2.600227718363764540e-01	1.694655425168286322e-01	2.478809218903058609e-01	1.479111054615270537e-01	6.990295325649323321e-02	3.020744371714135373e-02	7.460926132098379127e-02
1.114622257226177226e+03	2.597951651216364177e-01	1.693212657125335585e-01	2.480391219593048036e-01	1.479964340788388066e-01	6.994108229033091373e-02	3.023575389959157547e-02	7.467117693742038320e-02
1.116073588290273847e+03	2.595679536828167655e-01	1.691772277039789996e-01	2.481970576551883745e-01	1.480816151114925372e-01	6.997918378406853268e-02	3.026399646701563931e-02	7.473296559509565173e-02
1.117524919354370468e+03	2.593411368490193269e-01	1.690334280951336365e-01	2.483547294180378784e-01	1.481666490931481395e-01	7.001725717965738560e-02	3.029217180989011299e-02	7.479462755477002400e-02
1.118976250418467089e+03	2.591147139502241736e-01	1.688898664906235136e-01	2.485121376872028165e-01	1.482515365511386796e-01	7.005530192975190085e-02	3.032028031258948708e-02	7.485616307812593961e-02
1.120427581482563710e+03	2.588886843172932828e-01	1.687465424957308446e-01	2.486692829013021078e-01	1.483362780065717035e-01	7.009331749753267005e-02	3.034832235351189733e-02	7.491757242771407421e-02
1.121878912546660331e+03	2.586630472819739790e-01	1.686034557163930137e-01	2.488261654982252546e-01	1.484208739744287131e-01	7.013130335653236513e-02	3.037629830520213042e-02	7.497885586690110349e-02
1.123330243610756725e+03	2.584378021769028200e-01	1.684606057592014094e-01	2.489827859151336198e-01	1.485053249636631434e-01	7.016925899046450033e-02	3.040420853447203808e-02	7.504001365981903537e-02
1.124781574674853118e+03	2.582129483356086497e-01	1.683179922314004262e-01	2.491391445884614808e-01	1.485896314772967575e-01	7.020718389305509455e-02	3.043205340251832133e-02	7.510104607131581900e-02
1.126232905738949967e+03	2.579884850925160955e-01	1.681756147408862700e-01	2.492952419539173625e-01	1.486737940125143209e-01	7.024507756787698454e-02	3.045983326503782368e-02	7.516195336690763285e-02
1.127684236803046360e+03	2.577644117829486770e-01	1.680334728962059598e-01	2.494510784464850917e-01	1.487578130607569438e-01	7.028293952818702450e-02	3.048754847234034365e-02	7.522273581273232479e-02
1.129135567867143209e+03	2.575407277431321362e-01	1.678915663065563002e-01	2.496066545004251014e-01	1.488416891078136739e-01	7.032076929676585320e-02	3.051519936945901526e-02	7.528339367550429539e-02
1.130586898931239830e+03	2.573174323101969918e-01	1.677498945817826048e-01	2.497619705492755138e-01	1.489254226339117582e-01	7.035856640576033938e-02	3.054278629625836738e-02	7.534392722247074126e-02
1.132038229995336451e+03	2.570945248221820911e-01	1.676084573323778082e-01	2.499170270258534443e-01	1.490090141138053770e-01	7.039633039652865021e-02	3.057030958753999966e-02	7.540433672136902243e-02
1.133489561059432845e+03	2.568720046180368310e-01	1.674672541694812999e-01	2.500718243622560011e-01	1.490924640168629078e-01	7.043406081948778985e-02	3.059776957314606569e-02	7.546462244038548706e-02
1.134940892123529466e+03	2.566498710376244330e-01	1.673262847048778978e-01	2.502263629898616171e-01	1.491757728071528011e-01	7.047175723396374714e-02	3.062516657806049758e-02	7.552478464811539227e-02
1.136392223187626087e+03	2.564281234217243854e-01	1.671855485509967099e-01	2.503806433393311881e-01	1.492589409435280401e-01	7.050941920804404406e-02	3.065250092250807606e-02	7.558482361352394929e-02
1.137843554251722708e+03	2.562067611120349420e-01	1.670450453209101349e-01	2.505346658406091276e-01	1.493419688797092970e-01	7.054704631843275453e-02	3.067977292205138068e-02	7.564473960590870072e-02
1.139294885315819101e+03	2.559857834511757302e-01	1.669047746283328082e-01	2.506884309229248653e-01	1.494248570643665341e-01	7.058463815030779909e-02	3.070698288768566875e-02	7.570453289486284154e-02
1.140746216379915950e+03	2.557651897826902498e-01	1.667647360876204077e-01	2.508419390147936801e-01	1.495076059411995228e-01	7.062219429718082087e-02	3.073413112593171084e-02	7.576420375023977527e-02
1.142197547444012343e+03	2.555449794510481487e-01	1.666249293137687659e-01	2.509951905440180875e-01	1.495902159490168637e-01	7.065971436075910161e-02	3.076121793892665560e-02	7.582375244211864151e-02
1.143648878508108737e+03	2.553251518016473320e-01	1.664853539224126489e-01	2.511481859376887837e-01	1.496726875218137853e-01	7.069719795080989244e-02	3.078824362451294816e-02	7.588317924077096766e-02
1.145100209572205586e+03	2.551057061808163495e-01	1.663460095298247565e-01	2.513009256221859777e-01	1.497550210888487221e-01	7.073464468502696501e-02	3.081520847632534393e-02	7.594248441662822258e-02
1.146551540636302207e+03	2.548866419358165603e-01	1.662068957529147240e-01	2.514534100231806124e-01	1.498372170747185317e-01	7.077205418889934152e-02	3.084211278387605573e-02	7.600166824025050838e-02
1.148002871700398828e+03	2.546679584148440201e-01	1.660680122092279554e-01	2.516056395656354194e-01	1.499192758994327135e-01	7.080942609558213419e-02	3.086895683263810031e-02	7.606073098229608476e-02
1.149454202764495449e+03	2.544496549670314800e-01	1.659293585169446528e-01	2.517576146738060849e-01	1.500011979784859895e-01	7.084676004576961894e-02	3.089574090412683036e-02	7.611967291349187870e-02
1.150905533828591842e+03	2.542317309424502181e-01	1.657909342948787335e-01	2.519093357712423598e-01	1.500829837229301633e-01	7.088405568757027986e-02	3.092246527597977343e-02	7.617849430460493787e-02
1.152356864892688463e+03	2.540141856921121488e-01	1.656527391624767476e-01	2.520608032807895582e-01	1.501646335394447029e-01	7.092131267638396297e-02	3.094913022203471531e-02	7.623719542641473057e-02
1.153808195956785084e+03	2.537970185679712665e-01	1.655147727398168789e-01	2.522120176245891687e-01	1.502461478304057685e-01	7.095853067478102849e-02	3.097573601240614927e-02	7.629577654968629219e-02
1.155259527020881706e+03	2.535802289229255879e-01	1.653770346476079178e-01	2.523629792240803527e-01	1.503275269939547687e-01	7.099570935238351532e-02	3.100228291356008081e-02	7.635423794514432927e-02
1.156710858084978327e+03	2.533638161108186515e-01	1.652395245071880403e-01	2.525136885000011100e-01	1.504087714240652240e-01	7.103284838574823457e-02	3.102877118838723650e-02	7.641257988344798968e-02
1.158162189149074720e+03	2.531477794864410158e-01	1.651022419405240582e-01	2.526641458723893896e-01	1.504898815106089915e-01	7.106994745825175042e-02	3.105520109627470798e-02	7.647080263516652099e-02
1.159613520213171569e+03	2.529321184055320915e-01	1.649651865702100595e-01	2.528143517605842550e-01	1.505708576394210185e-01	7.110700625997729007e-02	3.108157289317606958e-02	7.652890647075574759e-02
1.161064851277267962e+03	2.527168322247810850e-01	1.648283580194666031e-01	2.529643065832268278e-01	1.506517001923632915e-01	7.114402448760352715e-02	3.110788683168000737e-02	7.658689166053521402e-02
1.162516182341364356e+03	2.525019203018288860e-01	1.646917559121395536e-01	2.531140107582617316e-01	1.507324095473877301e-01	7.118100184429512756e-02	3.113414316107746688e-02	7.664475847466610536e-02
1.163967513405461204e+03	2.522873819952690666e-01	1.645553798726990813e-01	2.532634647029380348e-01	1.508129860785979715e-01	7.121793803959514113e-02	3.116034212742738868e-02	7.670250718312990323e-02
1.165418844469557826e+03	2.520732166646493799e-01	1.644192295262386361e-01	2.534126688338105282e-01	1.508934301563101821e-01	7.125483278931912801e-02	3.118648397362103891e-02	7.676013805570774950e-02
1.166870175533654447e+03	2.518594236704728151e-01	1.642833044984738922e-01	2.535616235667407792e-01	1.509737421471128160e-01	7.129168581545103356e-02	3.121256893944493807e-02	7.681765136196039290e-02
1.168321506597751068e+03	2.516460023741987073e-01	1.641476044157417769e-01	2.537103293168983531e-01	1.510539224139255954e-01	7.132849684604077034e-02	3.123859726164250269e-02	7.687504737120903764e-02
1.169772837661847461e+03	2.514329521382441257e-01	1.640121289049992770e-01	2.538587864987618681e-01	1.511339713160572695e-01	7.136526561510343758e-02	3.126456917397434088e-02	7.693232635251649743e-02
1.171224168725944082e+03	2.512202723259845949e-01	1.638768775938226063e-01	2.540069955261201051e-01	1.512138892092627085e-01	7.140199186252027541e-02	3.129048490727726062e-02	7.698948857466926532e-02
1.172675499790040703e+03	2.510079623017553163e-01	1.637418501104060675e-01	2.541549568120733960e-01	1.512936764457987748e-01	7.143867533394118730e-02	3.131634468952201877e-02	7.704653430616008325e-02
1.174126830854137097e+03	2.507960214308520008e-01	1.636070460835610252e-01	2.543026707690344002e-01	1.513733333744796128e-01	7.147531578068884450e-02	3.134214874586987998e-02	7.710346381517109438e-02
1.175578161918233945e+03	2.505844490795319235e-01	1.634724651427149067e-01	2.544501378087294929e-01	1.514528603407306329e-01	7.151191295966437267e-02	3.136789729872793697e-02	7.716027736955760608e-02
1.177029492982330339e+03	2.503732446150146451e-01	1.633381069179102585e-01	2.545973583421998199e-01	1.515322576866419968e-01	7.154846663325460654e-02	3.139359056780323398e-02	7.721697523683238029e-02
1.178480824046426733e+03	2.501624074054827340e-01	1.632039710398034971e-01	2.547443327798023516e-01	1.516115257510211034e-01	7.158497656924084351e-02	3.141922877015580762e-02	7.727355768415057613e-02
1.179932155110523581e+03	2.499519368200827651e-01	1.630700571396641319e-01	2.548910615312112160e-01	1.516906648694441306e-01	7.162144254070910987e-02	3.144481212025052042e-02	7.733002497829505328e-02
1.181383486174620202e+03	2.497418322289259029e-01	1.629363648493735994e-01	2.550375450054185866e-01	1.517696753743068006e-01	7.165786432596182864e-02	3.147034083000786048e-02	7.738637738566238322e-02
1.182834817238716823e+03	2.495320930030885120e-01	1.628028938014243476e-01	2.551837836107359592e-01	1.518485575948743671e-01	7.169424170843102795e-02	3.149581510885361701e-02	7.744261517224919344e-02
1.184286148302813444e+03	2.493227185146127955e-01	1.626696436289187531e-01	2.553297777547952063e-01	1.519273118573307157e-01	7.173057447659289543e-02	3.152123516376751505e-02	7.749873860363916400e-02
1.185737479366910065e+03	2.491137081365075723e-01	1.625366139655680942e-01	2.554755278445496880e-01	1.520059384848267692e-01	7.176686242388376213e-02	3.154660119933082318e-02	7.755474794499037094e-02
1.187188810431006686e+03	2.489050612427484988e-01	1.624038044456915519e-01	2.556210342862755280e-01	1.520844377975279216e-01	7.180310534861744642e-02	3.157191341777294130e-02	7.761064346102314326e-02
1.188640141495103080e+03	2.486967772082788464e-01	1.622712147042153219e-01	2.557662974855725024e-01	1.521628101126609456e-01	7.183930305390397175e-02	3.159717201901701689e-02	7.766642541600844718e-02
1.190091472559199701e+03	2.484888554090097512e-01	1.621388443766714482e-01	2.559113178473653716e-01	1.522410557445598445e-01	7.187545534756957510e-02	3.162237720072454822e-02	7.772209407375657575e-02
1.191542803623296322e+03	2.482812952218207969e-01	1.620066930991967968e-01	2.560560957759047684e-01	1.523191750047112325e-01	7.191156204207804770e-02	3.164752915833911329e-02	7.777764969760635194e-02
1.192994134687392716e+03	2.480740960245602922e-01	1.618747605085322505e-01	2.562006316747684753e-01	1.523971682017988827e-01	7.194762295445339406e-02	3.167262808512909950e-02	7.783309255041473418e-02
1.194445465751489564e+03	2.478672571960455484e-01	1.617430462420215154e-01	2.563449259468624786e-01	1.524750356417474695e-01	7.198363790620364300e-02	3.169767417222957989e-02	7.788842289454683820e-02
1.195896796815585958e+03	2.476607781160633237e-01	1.616115499376101772e-01	2.564889789944222453e-01	1.525527776277656455e-01	7.201960672324607404e-02	3.172266760868326652e-02	7.794364099186631978e-02
1.197348127879682352e+03	2.474546581653700450e-01	1.614802712338447577e-01	2.566327912190135563e-01	1.526303944603885077e-01	7.205552923583345704e-02	3.174760858148062415e-02	7.799874710372615982e-02
1.198799458943779200e+03	2.472488967256919468e-01	1.613492097698716043e-01	2.567763630215336712e-01	1.527078864375192579e-01	7.209140527848169333e-02	3.177249727559911668e-02	7.805374149095981040e-02
1.200250790007875821e+03	2.470434931797253764e-01	1.612183651854360578e-01	2.569196948022125504e-01	1.527852538544701988e-01	7.212723468989849784e-02	3.179733387404162087e-02	7.810862441387274313e-02
1.201702121071972442e+03	2.468384469111369051e-01	1.610877371208812858e-01	2.570627869606140203e-01	1.528624970040031728e-01	7.216301731291335786e-02	3.182211855787404897e-02	7.816339613223427518e-02
1.203153452136069063e+03	2.466337573045634668e-01	1.609573252171473678e-01	2.572056398956366063e-01	1.529396161763691420e-01	7.219875299440849103e-02	3.184685150626216654e-02	7.821805690526979771e-02
1.204604783200165684e+03	2.464294237456123859e-01	1.608271291157703231e-01	2.573482540055148649e-01	1.530166116593474346e-01	7.223444158525109404e-02	3.187153289650758448e-02	7.827260699165332347e-02
1.206056114264262078e+03	2.462254456208615161e-01	1.606971484588811117e-01	2.574906296878203826e-01	1.530934837382839642e-01	7.227008294022657653e-02	3.189616290408307797e-02	7.832704664950035367e-02
1.207507445328358699e+03	2.460218223178592956e-01	1.605673828892045796e-01	2.576327673394629980e-01	1.531702326961290883e-01	7.230567691797291918e-02	3.192074170266708671e-02	7.838137613636105006e-02
1.208958776392455093e+03	2.458185532251245808e-01	1.604378320500585431e-01	2.577746673566916891e-01	1.532468588134748566e-01	7.234122338091612814e-02	3.194526946417752117e-02	7.843559570921371238e-02
1.210410107456551941e+03	2.456156377321467854e-01	1.603084955853528448e-01	2.579163301350956838e-01	1.533233623685915925e-01	7.237672219520668859e-02	3.196974635880485416e-02	7.848970562445857502e-02
1.211861438520648335e+03	2.454130752293857409e-01	1.601793731395882159e-01	2.580577560696058481e-01	1.533997436374637535e-01	7.241217323065712863e-02	3.199417255504449081e-02	7.854370613791185340e-02
1.213312769584745183e+03	2.452108651082716140e-01	1.600504643578554709e-01	2.581989455544954071e-01	1.534760028938254028e-01	7.244757636068054063e-02	3.201854821972847237e-02	7.859759750480008189e-02
1.214764100648841804e+03	2.450090067612047395e-01	1.599217688858344255e-01	2.583398989833813331e-01	1.535521404091950981e-01	7.248293146223010186e-02	3.204287351805654160e-02	7.865137997975475692e-02
1.216215431712937971e+03	2.448074995815555377e-01	1.597932863697928974e-01	2.584806167492251783e-01	1.536281564529100307e-01	7.251823841573964979e-02	3.206714861362647273e-02	7.870505381680718837e-02
1.217666762777034819e+03	2.446063429636642916e-01	1.596650164565858454e-01	2.586210992443342960e-01	1.537040512921598046e-01	7.255349710506511784e-02	3.209137366846384620e-02	7.875861926938368396e-02
1.219118093841131440e+03	2.444055363028410643e-01	1.595369587936542877e-01	2.587613468603629507e-01	1.537798251920195203e-01	7.258870741742703969e-02	3.211554884305114349e-02	7.881207659030085855e-02
1.220569424905228061e+03	2.442050789953651435e-01	1.594091130290243297e-01	2.589013599883133732e-01	1.538554784154824995e-01	7.262386924335390015e-02	3.213967429635625900e-02	7.886542603176131816e-02
1.222020755969324682e+03	2.440049704384852358e-01	1.592814788113063040e-01	2.590411390185367035e-01	1.539310112234922590e-01	7.265898247662644360e-02	3.216375018586038748e-02	7.891866784534946888e-02
1.223472087033421303e+03	2.438052100304187730e-01	1.591540557896936325e-01	2.591806843407343797e-01	1.540064238749740966e-01	7.269404701422292614e-02	3.218777666758536327e-02	7.897180228202765884e-02
1.224923418097517697e+03	2.436057971703519121e-01	1.590268436139620212e-01	2.593199963439586919e-01	1.540817166268661775e-01	7.272906275626520034e-02	3.221175389612036810e-02	7.902482959213240343e-02
1.226374749161614318e+03	2.434067312584389520e-01	1.588998419344683777e-01	2.594590754166146152e-01	1.541568897341500377e-01	7.276402960596567437e-02	3.223568202464813931e-02	7.907775002537102693e-02
1.227826080225710712e+03	2.432080116958022231e-01	1.587730504021498956e-01	2.595979219464599752e-01	1.542319434498806430e-01	7.279894746957520091e-02	3.225956120497055352e-02	7.913056383081823464e-02
1.229277411289807560e+03	2.430096378845315042e-01	1.586464686685230552e-01	2.597365363206074473e-01	1.543068780252159766e-01	7.283381625633174317e-02	3.228339158753376625e-02	7.918327125691315693e-02
1.230728742353903954e+03	2.428116092276837445e-01	1.585200963856827627e-01	2.598749189255249448e-01	1.543816937094460440e-01	7.286863587840995693e-02	3.230717332145274096e-02	7.923587255145640718e-02
1.232180073418000802e+03	2.426139251292825927e-01	1.583939332063012684e-01	2.600130701470369510e-01	1.544563907500215716e-01	7.290340625087149418e-02	3.233090655453530610e-02	7.928836796160741718e-02
1.233631404482097196e+03	2.424165849943178963e-01	1.582679787836272500e-01	2.601509903703256299e-01	1.545309693925820960e-01	7.293812729161618102e-02	3.235459143330571274e-02	7.934075773388193920e-02
1.235082735546193817e+03	2.422195882287453139e-01	1.581422327714848419e-01	2.602886799799316586e-01	1.546054298809835803e-01	7.297279892133397283e-02	3.237822810302765086e-02	7.939304211414968671e-02
1.236534066610290438e+03	2.420229342394858429e-01	1.580166948242727742e-01	2.604261393597555596e-01	1.546797724573258093e-01	7.300742106345770033e-02	3.240181670772685624e-02	7.944522134763219723e-02
1.237985397674387059e+03	2.418266224344252924e-01	1.578913645969632629e-01	2.605633688930585889e-01	1.547539973619790343e-01	7.304199364411660678e-02	3.242535739021317615e-02	7.949729567890082005e-02
1.239436728738483680e+03	2.416306522224136444e-01	1.577662417451011767e-01	2.607003689624639575e-01	1.548281048336103694e-01	7.307651659209049577e-02	3.244885029210221178e-02	7.954926535187493986e-02
1.240888059802580301e+03	2.414350230132646657e-01	1.576413259248030385e-01	2.608371399499577192e-01	1.549020951092097420e-01	7.311098983876487822e-02	3.247229555383649574e-02	7.960113060982026978e-02
1.242339390866676695e+03	2.412397342177552695e-01	1.575166167927560534e-01	2.609736822368898812e-01	1.549759684241154012e-01	7.314541331808664670e-02	3.249569331470625322e-02	7.965289169534731095e-02
1.243790721930773088e+03	2.410447852476249042e-01	1.573921140062172486e-01	2.611099962039754585e-01	1.550497250120389803e-01	7.317978696652052695e-02	3.251904371286966355e-02	7.970454885041002024e-02
1.245242052994869937e+03	2.408501755155749990e-01	1.572678172230124183e-01	2.612460822312956399e-01	1.551233651050901441e-01	7.321411072300623712e-02	3.254234688537277487e-02	7.975610231630454738e-02
1.246693384058966330e+03	2.406559044352682419e-01	1.571437261015352638e-01	2.613819406982987315e-01	1.551968889338009860e-01	7.324838452891642426e-02	3.256560296816894684e-02	7.980755233366816637e-02
1.248144715123063179e+03	2.404619714213281079e-01	1.570198403007464216e-01	2.615175719838011559e-01	1.552702967271497592e-01	7.328260832801507252e-02	3.258881209613793961e-02	7.985889914247833177e-02
1.249596046187159800e+03	2.402683758893381094e-01	1.568961594801725201e-01	2.616529764659885071e-01	1.553435887125844406e-01	7.331678206641691065e-02	3.261197440310454471e-02	7.991014298205179056e-02
1.251047377251256421e+03	2.400751172558409918e-01	1.567726832999051800e-01	2.617881545224167716e-01	1.554167651160459351e-01	7.335090569254711090e-02	3.263509002185687596e-02	7.996128409104392987e-02
1.252498708315352815e+03	2.398821949383382890e-01	1.566494114206002097e-01	2.619231065300131611e-01	1.554898261619906685e-01	7.338497915710195940e-02	3.265815908416426494e-02	8.001232270744820796e-02
1.253950039379449436e+03	2.396896083552894352e-01	1.565263435034765227e-01	2.620578328650774447e-01	1.555627720734130415e-01	7.341900241300995666e-02	3.268118172079476774e-02	8.006325906859561303e-02
1.255401370443546057e+03	2.394973569261110713e-01	1.564034792103153326e-01	2.621923339032825595e-01	1.556356030718674122e-01	7.345297541539368147e-02	3.270415806153235266e-02	8.011409341115437177e-02
1.256852701507642678e+03	2.393054400711764340e-01	1.562808182034590987e-01	2.623266100196759987e-01	1.557083193774897456e-01	7.348689812153216816e-02	3.272708823519366456e-02	8.016482597112969954e-02
1.258304032571739299e+03	2.391138572118144123e-01	1.561583601458106929e-01	2.624606615886806993e-01	1.557809212090189022e-01	7.352077049082397786e-02	3.274997236964449082e-02	8.021545698386363388e-02
1.259755363635835920e+03	2.389226077703089091e-01	1.560361047008324009e-01	2.625944889840962082e-01	1.558534087838175930e-01	7.355459248475083867e-02	3.277281059181588047e-02	8.026598668403502057e-02
1.261206694699932314e+03	2.387316911698979249e-01	1.559140515325451171e-01	2.627280925790994037e-01	1.559257823178930025e-01	7.358836406684185483e-02	3.279560302771990926e-02	8.031641530565959697e-02
1.262658025764028707e+03	2.385411068347729480e-01	1.557922003055271787e-01	2.628614727462459943e-01	1.559980420259170220e-01	7.362208520263832656e-02	3.281834980246515349e-02	8.036674308209011686e-02
1.264109356828125556e+03	2.383508541900780375e-01	1.556705506849136722e-01	2.629946298574712960e-01	1.560701881212462339e-01	7.365575585965916661e-02	3.284105104027177507e-02	8.041697024601661414e-02
1.265560687892221949e+03	2.381609326619089639e-01	1.555491023363953784e-01	2.631275642840911755e-01	1.561422208159415070e-01	7.368937600736678861e-02	3.286370686448637779e-02	8.046709702946673592e-02
1.267012018956318798e+03	2.379713416773123758e-01	1.554278549262178843e-01	2.632602763968030501e-01	1.562141403207872592e-01	7.372294561713366168e-02	3.288631739759649564e-02	8.051712366380617270e-02
1.268463350020415419e+03	2.377820806642850782e-01	1.553068081211807228e-01	2.633927665656872752e-01	1.562859468453104972e-01	7.375646466220930897e-02	3.290888276124481759e-02	8.056705037973918571e-02
1.269914681084511813e+03	2.375931490517729783e-01	1.551859615886363730e-01	2.635250351602078656e-01	1.563576405977995243e-01	7.378993311768790309e-02	3.293140307624310009e-02	8.061687740730916207e-02
1.271366012148608434e+03	2.374045462696703357e-01	1.550653149964893174e-01	2.636570825492136061e-01	1.564292217853222033e-01	7.382335096047636103e-02	3.295387846258578807e-02	8.066660497589932255e-02
1.272817343212705055e+03	2.372162717488188466e-01	1.549448680131952638e-01	2.637889091009388842e-01	1.565006906137441089e-01	7.385671816926300814e-02	3.297630903946338621e-02	8.071623331423341541e-02
1.274268674276801676e+03	2.370283249210067278e-01	1.548246203077600636e-01	2.639205151830051888e-01	1.565720472877462910e-01	7.389003472448663068e-02	3.299869492527550408e-02	8.076576265037659075e-02
1.275720005340898297e+03	2.368407052189677731e-01	1.547045715497389062e-01	2.640519011624214429e-01	1.566432920108427607e-01	7.392330060830618055e-02	3.302103623764367918e-02	8.081519321173620540e-02
1.277171336404994690e+03	2.366534120763804927e-01	1.545847214092353761e-01	2.641830674055858363e-01	1.567144249853976712e-01	7.395651580457088259e-02	3.304333309342392944e-02	8.086452522506282214e-02
1.278622667469091539e+03	2.364664449278671421e-01	1.544650695569005083e-01	2.643140142782860469e-01	1.567854464126422764e-01	7.398968029879081365e-02	3.306558560871900726e-02	8.091375891645119500e-02
1.280073998533187932e+03	2.362798032089928335e-01	1.543456156639319843e-01	2.644447421457007952e-01	1.568563564926915566e-01	7.402279407810802292e-02	3.308779389889043854e-02	8.096289451134140724e-02
1.281525329597284326e+03	2.360934863562643982e-01	1.542263594020731043e-01	2.645752513724005661e-01	1.569271554245605937e-01	7.405585713126809633e-02	3.310995807857033957e-02	8.101193223451989833e-02
1.282976660661381175e+03	2.359074938071296923e-01	1.541073004436118998e-01	2.647055423223488302e-01	1.569978434061806982e-01	7.408886944859213730e-02	3.313207826167293563e-02	8.106087231012075456e-02
1.284427991725477568e+03	2.357218249999764315e-01	1.539884384613803281e-01	2.648356153589028761e-01	1.570684206344152845e-01	7.412183102194926099e-02	3.315415456140585748e-02	8.110971496162690253e-02
1.285879322789574417e+03	2.355364793741312190e-01	1.538697731287532178e-01	2.649654708448149765e-01	1.571388873050753865e-01	7.415474184472951868e-02	3.317618709028122975e-02	8.115846041187141369e-02
1.287330653853671038e+03	2.353514563698585471e-01	1.537513041196474917e-01	2.650951091422332206e-01	1.572092436129350068e-01	7.418760191181725250e-02	3.319817596012653027e-02	8.120710888303886432e-02
1.288781984917767431e+03	2.351667554283599082e-01	1.536330311085212785e-01	2.652245306127025137e-01	1.572794897517463264e-01	7.422041121956490795e-02	3.322012128209519966e-02	8.125566059666670948e-02
1.290233315981864052e+03	2.349823759917726573e-01	1.535149537703728584e-01	2.653537356171659645e-01	1.573496259142543874e-01	7.425316976576717964e-02	3.324202316667706353e-02	8.130411577364674014e-02
