1.301360187473271253e+03	2.356527325729588507e-01	1.506898633741425020e-01	2.592044210956500061e-01	1.618268786914531243e-01	7.613488797298677280e-02	3.281752956105728203e-02	8.367368673140673785e-02
1.306197957686926657e+03	2.350714279403193774e-01	1.502821133102709428e-01	2.595646357878484967e-01	1.620906272730774367e-01	7.624476476395709856e-02	3.289603979347568291e-02	8.385039113070626160e-02
1.311035727900581833e+03	2.344934618173663554e-01	1.498766326229548085e-01	2.599229501404580756e-01	1.623528062831179064e-01	7.635404252375775636e-02	3.297404029934188074e-02	8.402606631265850667e-02
1.315873498114237009e+03	2.339188136476227087e-01	1.494734099493438828e-01	2.602793731397169408e-01	1.626134252604815311e-01	7.646272442160742533e-02	3.305153548174321471e-02	8.420071809913959315e-02
1.320711268327892412e+03	2.333474630532825500e-01	1.490724339352226813e-01	2.606339137448100418e-01	1.628724936810485857e-01	7.657081361786509388e-02	3.312852968658056702e-02	8.437435228084579075e-02
1.325549038541547588e+03	2.327793898318278876e-01	1.486736932370543163e-01	2.609865808882272931e-01	1.631300209582290939e-01	7.667831326329864472e-02	3.320502720361694776e-02	8.454697461740103004e-02
1.330386808755202765e+03	2.322145739527546049e-01	1.482771765239337403e-01	2.613373834760565062e-01	1.633860164435111395e-01	7.678522649843420866e-02	3.328103226749851845e-02	8.471859083746649532e-02
1.335224578968857941e+03	2.316529955544038011e-01	1.478828724794540583e-01	2.616863303882167036e-01	1.636404894270008237e-01	7.689155645297823805e-02	3.335654905874949755e-02	8.488920663885198004e-02
1.340062349182513572e+03	2.310946349408946887e-01	1.474907698034887971e-01	2.620334304786408053e-01	1.638934491379546721e-01	7.699730624530495837e-02	3.343158170474202356e-02	8.505882768862908783e-02
1.344900119396168748e+03	2.305394725791550803e-01	1.471008572138939319e-01	2.623786925754111321e-01	1.641449047453039378e-01	7.710247898200277283e-02	3.350613428064209975e-02	8.522745962324605740e-02
1.349737889609823924e+03	2.299874890960459939e-01	1.467131234481325874e-01	2.627221254808546069e-01	1.643948653581713271e-01	7.720707775747367996e-02	3.358021081033265437e-02	8.539510804864415550e-02
1.354575659823479100e+03	2.294386652755770195e-01	1.463275572648251865e-01	2.630637379716019297e-01	1.646433400263802860e-01	7.731110565358034759e-02	3.365381526731461154e-02	8.556177854037558261e-02
1.359413430037134731e+03	2.288929820562089767e-01	1.459441474452282117e-01	2.634035387986152776e-01	1.648903377409567661e-01	7.741456573933611085e-02	3.372695157558690954e-02	8.572747664372269705e-02
1.364251200250789907e+03	2.283504205282407273e-01	1.455628827946443549e-01	2.637415366871875277e-01	1.651358674346238842e-01	7.751746107063357816e-02	3.379962361050617425e-02	8.589220787381862676e-02
1.369088970464445310e+03	2.278109619312767842e-01	1.451837521437666367e-01	2.640777403369180543e-01	1.653799379822895321e-01	7.761979469000798715e-02	3.387183519962691514e-02	8.605597771576899147e-02
1.373926740678100487e+03	2.272745876517732744e-01	1.448067443499589380e-01	2.644121584216662657e-01	1.656225582015268538e-01	7.772156962643179956e-02	3.394359012352288901e-02	8.621879162477487368e-02
1.378764510891755890e+03	2.267412792206590366e-01	1.444318482984757457e-01	2.647447995894877115e-01	1.658637368530480050e-01	7.782278889513728759e-02	3.401489211659026318e-02	8.638065502625680292e-02
1.383602281105411066e+03	2.262110183110290773e-01	1.440590529036231138e-01	2.650756724625537020e-01	1.661034826411714460e-01	7.792345549746448885e-02	3.408574486783327862e-02	8.654157331597968350e-02
1.388440051319066470e+03	2.256837867359077765e-01	1.436883471098635012e-01	2.654047856370576053e-01	1.663418042142824349e-01	7.802357242073176824e-02	3.415615202163290592e-02	8.670155186017877713e-02
1.393277821532721646e+03	2.251595664460794843e-01	1.433197198928665428e-01	2.657321476831090989e-01	1.665787101652873026e-01	7.812314263812684956e-02	3.422611717849907004e-02	8.686059599568639322e-02
1.398115591746377049e+03	2.246383395279838713e-01	1.429531602605073615e-01	2.660577671446193726e-01	1.668142090320614279e-01	7.822216910861611028e-02	3.429564389580701256e-02	8.701871103005953678e-02
1.402953361960032225e+03	2.241200882016735618e-01	1.425886572538157815e-01	2.663816525391776158e-01	1.670483092978911066e-01	7.832065477687039090e-02	3.436473568851815263e-02	8.717590224170806978e-02
1.407791132173687402e+03	2.236047948188321088e-01	1.422261999478766636e-01	2.667038123579209552e-01	1.672810193919095079e-01	7.841860257320552863e-02	3.443339602988602921e-02	8.733217488002378848e-02
1.412628902387342805e+03	2.230924418608497273e-01	1.418657774526847215e-01	2.670242550653995628e-01	1.675123476895267194e-01	7.851601541353621372e-02	3.450162835214767160e-02	8.748753416550994477e-02
1.417466672600997981e+03	2.225830119369551774e-01	1.415073789139548177e-01	2.673429890994364344e-01	1.677423025128540468e-01	7.861289619934172523e-02	3.456943604720084939e-02	8.764198528991139214e-02
1.422304442814653157e+03	2.220764877824011607e-01	1.411509935138899052e-01	2.676600228709853924e-01	1.679708921311227898e-01	7.870924781764239431e-02	3.463682246726757646e-02	8.779553341634524499e-02
1.427142213028308333e+03	2.215728522567016467e-01	1.407966104719076406e-01	2.679753647639859238e-01	1.681981247610974950e-01	7.880507314098557370e-02	3.470379092554422285e-02	8.794818367943200987e-02
1.431979983241963964e+03	2.210720883419194649e-01	1.404442190453283890e-01	2.682890231352168531e-01	1.684240085674837961e-01	7.890037502744026710e-02	3.477034469683865092e-02	8.809994118542706365e-02
1.436817753455619140e+03	2.205741791410017749e-01	1.400938085300249547e-01	2.686010063141498483e-01	1.686485516633312032e-01	7.899515632059941894e-02	3.483648701819463261e-02	8.825081101235261738e-02
1.441655523669274316e+03	2.200791078761621666e-01	1.397453682610364789e-01	2.689113226028023163e-01	1.688717621104305344e-01	7.908941984958914317e-02	3.490222108950391533e-02	8.840079821012987449e-02
1.446493293882929493e+03	2.195868578873074184e-01	1.393988876131473376e-01	2.692199802755912974e-01	1.690936479197065467e-01	7.918316842908404429e-02	3.496755007410622118e-02	8.854990780071156364e-02
1.451331064096585123e+03	2.190974126305075542e-01	1.390543560014327329e-01	2.695269875791884151e-01	1.693142170516054312e-01	7.927640485932810344e-02	3.503247709937753335e-02	8.869814477821465204e-02
1.456168834310240300e+03	2.186107556765073956e-01	1.387117628817722548e-01	2.698323527323762683e-01	1.695334774164777014e-01	7.936913192616053270e-02	3.509700525730687082e-02	8.884551410905337787e-02
1.461006604523895703e+03	2.181268707092783865e-01	1.383710977513325779e-01	2.701360839259070445e-01	1.697514368749562519e-01	7.946135240104597319e-02	3.516113760506184988e-02	8.899202073207225505e-02
1.465844374737550879e+03	2.176457415246089988e-01	1.380323501490205718e-01	2.704381893223634648e-01	1.699681032383299484e-01	7.955306904110856503e-02	3.522487716554336540e-02	8.913766955867936936e-02
1.470682144951206283e+03	2.171673520287323578e-01	1.376955096559081826e-01	2.707386770560221145e-01	1.701834842689126104e-01	7.964428458916977815e-02	3.528822692792952381e-02	8.928246547297973013e-02
1.475519915164861459e+03	2.166916862369901164e-01	1.373605658956298381e-01	2.710375552327198845e-01	1.703975876804075251e-01	7.973500177378899101e-02	3.535118984820919547e-02	8.942641333190867736e-02
1.480357685378516862e+03	2.162187282725308302e-01	1.370275085347539279e-01	2.713348319297237410e-01	1.706104211382678815e-01	7.982522330930720555e-02	3.541376884970531824e-02	8.956951796536527510e-02
1.485195455592172038e+03	2.157484623650419153e-01	1.366963272831291654e-01	2.716305151956032726e-01	1.708219922600527907e-01	7.991495189589292725e-02	3.547596682358823000e-02	8.971178417634582958e-02
1.490033225805827215e+03	2.152808728495136381e-01	1.363670118942066078e-01	2.719246130501076220e-01	1.710323086157791717e-01	8.000419021959045973e-02	3.553778662937928656e-02	8.985321674107725476e-02
1.494870996019482618e+03	2.148159441650347445e-01	1.360395521653388617e-01	2.722171334840453594e-01	1.712413777282696947e-01	8.009294095237004529e-02	3.559923109544486236e-02	8.999382040915046566e-02
1.499708766233137567e+03	2.143536608536174837e-01	1.357139379380569444e-01	2.725080844591684648e-01	1.714492070734966456e-01	8.018120675217969839e-02	3.566030301948110853e-02	9.013359990365364671e-02
1.504546536446793198e+03	2.138940075590523848e-01	1.353901590983258851e-01	2.727974739080601396e-01	1.716558040809220143e-01	8.026899026299855189e-02	3.572100516898951000e-02	9.027255992130547857e-02
1.509384306660448374e+03	2.134369690257902630e-01	1.350682055767800371e-01	2.730853097340266711e-01	1.718611761338336985e-01	8.035629411489159102e-02	3.578134028174351916e-02	9.041070513258819830e-02
1.514222076874103550e+03	2.129825300978517855e-01	1.347480673489385161e-01	2.733715998109933487e-01	1.720653305696779878e-01	8.044312092406545600e-02	3.584131106624644653e-02	9.054804018188045145e-02
1.519059847087758726e+03	2.125306757177627404e-01	1.344297344354022372e-01	2.736563519834043223e-01	1.722682746803883558e-01	8.052947329292538259e-02	3.590092020218080271e-02	9.068456968759011638e-02
1.523897617301414357e+03	2.120813909255146734e-01	1.341131969020325776e-01	2.739395740661268452e-01	1.724700157127108113e-01	8.061535381013293367e-02	3.596017034084924430e-02	9.082029824228683712e-02
1.528735387515069533e+03	2.116346608575497279e-01	1.337984448601129972e-01	2.742212738443594588e-01	1.726705608685256133e-01	8.070076505066450800e-02	3.601906410560729022e-02	9.095523041283432031e-02
1.533573157728724709e+03	2.111904707457688268e-01	1.334854684664940616e-01	2.745014590735443405e-01	1.728699173051655158e-01	8.078570957587058454e-02	3.607760409228800980e-02	9.108937074052247951e-02
1.538410927942380113e+03	2.107488059165626981e-01	1.331742579237223945e-01	2.747801374792843143e-01	1.730680921357307667e-01	8.087018993353545238e-02	3.613579286961884907e-02	9.122272374119932969e-02
1.543248698156035516e+03	2.103096517898645768e-01	1.328648034801546973e-01	2.750573167572631372e-01	1.732650924294006634e-01	8.095420865793744036e-02	3.619363297963075488e-02	9.135529390540250705e-02
1.548086468369690692e+03	2.098729938782240567e-01	1.325570954300570037e-01	2.753330045731707809e-01	1.734609252117418898e-01	8.103776826990960469e-02	3.625112693805970787e-02	9.148708569849067773e-02
1.552924238583346096e+03	2.094388177859013711e-01	1.322511241136899995e-01	2.756072085626325996e-01	1.736555974650137724e-01	8.112087127690068011e-02	3.630827723474085167e-02	9.161810356077448869e-02
1.557762008797001272e+03	2.090071092079813508e-01	1.319468799173807994e-01	2.758799363311423281e-01	1.738491161284702047e-01	8.120352017303636427e-02	3.636508633399544721e-02	9.174835190764728254e-02
1.562599779010656675e+03	2.085778539295062850e-01	1.316443532735822597e-01	2.761511954539995761e-01	1.740414880986587420e-01	8.128571743918078241e-02	3.642155667501060373e-02	9.187783512971550715e-02
1.567437549224311852e+03	2.081510378246274329e-01	1.313435346609195808e-01	2.764209934762511534e-01	1.742327202297165312e-01	8.136746554299816026e-02	3.647769067221216799e-02	9.200655759292875047e-02
1.572275319437967255e+03	2.077266468557740220e-01	1.310444146042255009e-01	2.766893379126364461e-01	1.744228193336631871e-01	8.144876693901458020e-02	3.653349071563068151e-02	9.213452363870940076e-02
1.577113089651622431e+03	2.073046670728395102e-01	1.307469836745638048e-01	2.769562362475367356e-01	1.746117921806910889e-01	8.152962406867983458e-02	3.658895917126077368e-02	9.226173758408200143e-02
1.581950859865277607e+03	2.068850846123846121e-01	1.304512324892425357e-01	2.772216959349287357e-01	1.747996454994524274e-01	8.161003936042940388e-02	3.664409838141385878e-02	9.238820372180217566e-02
1.586788630078933011e+03	2.064678856968560627e-01	1.301571517118164101e-01	2.774857243983414046e-01	1.749863859773437835e-01	8.169001522974633778e-02	3.669891066506456717e-02	9.251392632048516251e-02
1.591626400292587959e+03	2.060530566338210912e-01	1.298647320520796566e-01	2.777483290308171426e-01	1.751720202607877919e-01	8.176955407922323338e-02	3.675339831819075115e-02	9.263890962473406154e-02
1.596464170506243590e+03	2.056405838152169097e-01	1.295739642660493629e-01	2.780095171948765431e-01	1.753565549555120284e-01	8.184865829862407460e-02	3.680756361410740529e-02	9.276315785526746682e-02
1.601301940719898766e+03	2.052304537166145249e-01	1.292848391559395793e-01	2.782692962224867506e-01	1.755399966268254286e-01	8.192733026494614101e-02	3.686140880379449453e-02	9.288667520904689279e-02
1.606139710933553943e+03	2.048226528964968984e-01	1.289973475701269578e-01	2.785276734150337608e-01	1.757223517998919848e-01	8.200557234248170846e-02	3.691493611621891879e-02	9.300946585940364497e-02
1.610977481147209119e+03	2.044171679955503196e-01	1.287114804031081472e-01	2.787846560432979959e-01	1.759036269600018354e-01	8.208338688287976359e-02	3.696814775865056579e-02	9.313153395616527441e-02
1.615815251360864750e+03	2.040139857359692666e-01	1.284272285954491111e-01	2.790402513474335988e-01	1.760838285528399105e-01	8.216077622520756574e-02	3.702104591697278485e-02	9.325288362578164347e-02
1.620653021574519926e+03	2.036130929207736751e-01	1.281445831337271191e-01	2.792944665369512802e-01	1.762629629847521084e-01	8.223774269601206999e-02	3.707363275598719865e-02	9.337351897145046431e-02
1.625490791788175102e+03	2.032144764331386688e-01	1.278635350504651602e-01	2.795473087907044407e-01	1.764410366230088900e-01	8.231428860938122538e-02	3.712591041971304712e-02	9.349344407324243489e-02
1.630328562001830505e+03	2.028181232357362807e-01	1.275840754240599173e-01	2.797987852568786793e-01	1.766180557960665976e-01	8.239041626700516208e-02	3.717788103168122305e-02	9.361266298822594478e-02
1.635166332215485909e+03	2.024240203700885810e-01	1.273061953787028577e-01	2.800489030529845214e-01	1.767940267938264420e-01	8.246612795823717035e-02	3.722954669522299254e-02	9.373117975059112872e-02
1.640004102429141085e+03	2.020321549559320196e-01	1.270298860842951350e-01	2.802976692658537550e-01	1.769689558678910202e-01	8.254142596015448530e-02	3.728090949375356677e-02	9.384899837177372584e-02
1.644841872642796488e+03	2.016425141905925644e-01	1.267551387563564114e-01	2.805450909516382652e-01	1.771428492318186110e-01	8.261631253761902993e-02	3.733197149105064311e-02	9.396612284057816178e-02
1.649679642856451665e+03	2.012550853483714708e-01	1.264819446559281302e-01	2.807911751358125874e-01	1.773157130613753074e-01	8.269078994333781130e-02	3.738273473152795012e-02	9.408255712330040876e-02
1.654517413070107068e+03	2.008698557799409312e-01	1.262102950894712639e-01	2.810359288131792366e-01	1.774875534947847333e-01	8.276486041792326109e-02	3.743320124050400488e-02	9.419830516385016561e-02
1.659355183283762244e+03	2.004868129117499120e-01	1.259401814087587890e-01	2.812793589478772560e-01	1.776583766329758174e-01	8.283852618995327100e-02	3.748337302446597824e-02	9.431337088387255208e-02
1.664192953497417420e+03	2.001059442454392323e-01	1.256715950107633595e-01	2.815214724733932083e-01	1.778281885398281525e-01	8.291178947603114469e-02	3.753325207132902908e-02	9.442775818286945622e-02
1.669030723711072824e+03	1.997272373572661630e-01	1.254045273375400393e-01	2.817622762925753865e-01	1.779969952424154955e-01	8.298465248084527235e-02	3.758284035069095474e-02	9.454147093832017401e-02
1.673868493924728000e+03	1.993506798975378802e-01	1.251389698761048441e-01	2.820017772776510778e-01	1.781648027312469906e-01	8.305711739722858311e-02	3.763213981408240760e-02	9.465451300580172977e-02
1.678706264138383403e+03	1.989762595900534392e-01	1.248749141583088834e-01	2.822399822702457151e-01	1.783316169605063950e-01	8.312918640621787258e-02	3.768115239521267062e-02	9.476688821910850269e-02
1.683544034352038352e+03	1.986039642315546028e-01	1.246123517607083120e-01	2.824768980814058028e-01	1.784974438482893055e-01	8.320086167711288061e-02	3.772988001021112398e-02	9.487860039037149251e-02
1.688381804565693983e+03	1.982337816911845241e-01	1.243512743044306729e-01	2.827125314916235643e-01	1.786622892768383875e-01	8.327214536753502205e-02	3.777832455786448579e-02	9.498965331017691915e-02
1.693219574779349159e+03	1.978656999099545899e-01	1.240916734550374240e-01	2.829468892508644751e-01	1.788261590927765210e-01	8.334303962348615924e-02	3.782648791984989656e-02	9.510005074768444755e-02
1.698057344993004335e+03	1.974997069002188688e-01	1.238335409223829953e-01	2.831799780785976273e-01	1.789890591073382275e-01	8.341354657940697193e-02	3.787437196096392344e-02	9.520979645074478803e-02
1.702895115206659511e+03	1.971357907451561364e-01	1.235768684604706680e-01	2.834118046638280375e-01	1.791509950965990416e-01	8.348366835823511911e-02	3.792197852934755392e-02	9.531889414601678323e-02
1.707732885420315142e+03	1.967739395982591455e-01	1.233216478673051092e-01	2.836423756651316186e-01	1.793119728017028847e-01	8.355340707146323431e-02	3.796930945670731750e-02	9.542734753908399536e-02
1.712570655633970318e+03	1.964141416828309727e-01	1.230678709847422420e-01	2.838716977106922612e-01	1.794719979290878009e-01	8.362276481919672655e-02	3.801636655853252167e-02	9.553516031457076618e-02
1.717408425847625494e+03	1.960563852914882221e-01	1.228155296983360761e-01	2.840997773983415797e-01	1.796310761507097509e-01	8.369174369021122051e-02	3.806315163430876169e-02	9.564233613625768016e-02
1.722246196061280898e+03	1.957006587856710833e-01	1.225646159371829441e-01	2.843266212956003791e-01	1.797892131042646280e-01	8.376034576200991344e-02	3.810966646772766253e-02	9.574887864719658359e-02
1.727083966274936301e+03	1.953469505951596630e-01	1.223151216737633218e-01	2.845522359397230638e-01	1.799464143934084159e-01	8.382857310088064062e-02	3.815591282689312358e-02	9.585479146982496534e-02
1.731921736488591478e+03	1.949952492175966445e-01	1.220670389237812625e-01	2.847766278377430460e-01	1.801026855879757083e-01	8.389642776195271878e-02	3.820189246452387194e-02	9.596007820607993510e-02
1.736759506702246881e+03	1.946455432180163592e-01	1.218203597460014581e-01	2.849998034665213176e-01	1.802580322241962574e-01	8.396391178925358134e-02	3.824760711815262254e-02	9.606474243751150777e-02
1.741597276915902057e+03	1.942978212283796025e-01	1.215750762420844400e-01	2.852217692727964660e-01	1.804124598049101635e-01	8.403102721576519163e-02	3.829305851032179658e-02	9.616878772539547149e-02
1.746435047129557461e+03	1.939520719471142796e-01	1.213311805564196155e-01	2.854425316732364659e-01	1.805659737997810377e-01	8.409777606348016465e-02	3.833824834877587462e-02	9.627221761084567286e-02
1.751272817343212637e+03	1.936082841386617404e-01	1.210886648759565837e-01	2.856620970544930804e-01	1.807185796455077209e-01	8.416416034345777786e-02	3.838317832665046753e-02	9.637503561492570536e-02
1.756110587556867813e+03	1.932664466330287767e-01	1.208475214300346046e-01	2.858804717732574829e-01	1.808702827460341445e-01	8.423018205587963492e-02	3.842785012265818173e-02	9.647724523876020919e-02
1.760948357770523216e+03	1.929265483253448377e-01	1.206077424902105150e-01	2.860976621563179334e-01	1.810210884727577740e-01	8.429584319010517690e-02	3.847226540127131333e-02	9.657884996364543562e-02
1.765786127984178393e+03	1.925885781754244352e-01	1.203693203700851311e-01	2.863136745006193418e-01	1.811710021647362778e-01	8.436114572472694362e-02	3.851642581290140588e-02	9.667985325115943662e-02
1.770623898197833569e+03	1.922525252073347957e-01	1.201322474251281386e-01	2.865285150733242192e-01	1.813200291288927235e-01	8.442609162762561292e-02	3.856033299407583131e-02	9.678025854327158839e-02
1.775461668411488745e+03	1.919183785089684235e-01	1.198965160525018031e-01	2.867421901118757943e-01	1.814681746402190543e-01	8.449068285602479023e-02	3.860398856761134562e-02	9.688006926245165684e-02
1.780299438625144376e+03	1.915861272316203845e-01	1.196621186908833068e-01	2.869547058240622395e-01	1.816154439419782607e-01	8.455492135654558983e-02	3.864739414278469537e-02	9.697928881177832194e-02
1.785137208838799552e+03	1.912557605895706669e-01	1.194290478202860578e-01	2.871660683880828402e-01	1.817618422459046923e-01	8.461880906526102197e-02	3.869055131550043491e-02	9.707792057504707750e-02
1.789974979052454728e+03	1.909272678596706518e-01	1.191972959618798900e-01	2.873762839526154411e-01	1.819073747324031765e-01	8.468234790775008847e-02	3.873346166845583610e-02	9.717596791687768687e-02
1.794812749266109904e+03	1.906006383809345783e-01	1.189668556778102487e-01	2.875853586368857240e-01	1.820520465507463603e-01	8.474553979915168400e-02	3.877612677130309188e-02	9.727343418282104193e-02
1.799650519479765535e+03	1.902758615541349507e-01	1.187377195710166422e-01	2.877932985307377067e-01	1.821958628192708041e-01	8.480838664421828932e-02	3.881854818080879288e-02	9.737032269946552243e-02
1.804488289693420711e+03	1.899529268414026084e-01	1.185098802850501204e-01	2.880001096947055750e-01	1.823388286255714918e-01	8.487089033736937294e-02	3.886072744101074644e-02	9.746663677454274477e-02
1.809326059907075887e+03	1.896318237658307371e-01	1.182833305038901162e-01	2.882057981600871233e-01	1.824809490266948442e-01	8.493305276274466797e-02	3.890266608337222126e-02	9.756237969703289437e-02
1.814163830120731291e+03	1.893125419110831265e-01	1.180580629517604535e-01	2.884103699290184175e-01	1.826222290493305367e-01	8.499487579425712980e-02	3.894436562693355530e-02	9.765755473726937808e-02
1.819001600334386467e+03	1.889950709210063140e-01	1.178340703929450090e-01	2.886138309745497343e-01	1.827626736900015147e-01	8.505636129564568548e-02	3.898582757846134200e-02	9.775216514704304638e-02
1.823839370548041643e+03	1.886794004992455587e-01	1.176113456316026512e-01	2.888161872407226105e-01	1.829022879152530090e-01	8.511751112052785839e-02	3.902705343259511850e-02	9.784621415970586045e-02
1.828677140761696819e+03	1.883655204088648116e-01	1.173898815115817229e-01	2.890174446426486132e-01	1.830410766618399687e-01	8.517832711245199029e-02	3.906804467199162523e-02	9.793970499027396248e-02
1.833514910975352450e+03	1.880534204719704616e-01	1.171696709162340921e-01	2.892176090665885546e-01	1.831790448369131352e-01	8.523881110494940794e-02	3.910880276746673406e-02	9.803264083553031583e-02
1.838352681189008081e+03	1.877430905693384111e-01	1.169507067682289403e-01	2.894166863700335934e-01	1.833161973182037274e-01	8.529896492158625665e-02	3.914932917813502417e-02	9.812502487412670671e-02
1.843190451402663257e+03	1.874345206400449826e-01	1.167329820293661752e-01	2.896146823817868921e-01	1.834525389542069895e-01	8.535879037601513952e-02	3.918962535154707494e-02	9.821686026668530189e-02
1.848028221616318433e+03	1.871277006811013499e-01	1.165164897003895667e-01	2.898116029020466056e-01	1.835880745643641565e-01	8.541828927202657629e-02	3.922969272382456629e-02	9.830815015589965122e-02
1.852865991829973609e+03	1.868226207470912448e-01	1.163012228207996879e-01	2.900074537024898702e-01	1.837228089392432817e-01	8.547746340360017070e-02	3.926953271979311683e-02	9.839889766663510728e-02
1.857703762043628785e+03	1.865192709498119938e-01	1.160871744686667317e-01	2.902022405263576244e-01	1.838567468407186489e-01	8.553631455495561142e-02	3.930914675311305423e-02	9.848910590602878712e-02
1.862541532257283961e+03	1.862176414579189698e-01	1.158743377604432162e-01	2.903959690885407618e-01	1.839898930021491019e-01	8.559484450060339533e-02	3.934853622640799298e-02	9.857877796358900657e-02
1.867379302470939592e+03	1.859177224965733177e-01	1.156627058507765787e-01	2.905886450756668404e-01	1.841222521285548752e-01	8.565305500539537042e-02	3.938770253139138589e-02	9.866791691129413178e-02
1.872217072684594768e+03	1.856195043470924566e-01	1.154522719323217567e-01	2.907802741461879559e-01	1.842538288967932869e-01	8.571094782457502892e-02	3.942664704899104255e-02	9.875652580369098654e-02
1.877054842898249490e+03	1.853229773466041341e-01	1.152430292355538233e-01	2.909708619304694488e-01	1.843846279557331824e-01	8.576852470382766158e-02	3.946537114947163555e-02	9.884460767799267689e-02
1.881892613111905121e+03	1.850281318877032566e-01	1.150349710285806099e-01	2.911604140308792776e-01	1.845146539264280738e-01	8.582578737933016511e-02	3.950387619255526367e-02	9.893216555417590208e-02
1.886730383325560297e+03	1.847349584181116888e-01	1.148280906169555221e-01	2.913489360218784463e-01	1.846439114022883354e-01	8.588273757780066908e-02	3.954216352754007235e-02	9.901920243507782160e-02
1.891568153539215928e+03	1.844434474403410240e-01	1.146223813434903427e-01	2.915364334501120980e-01	1.847724049492517340e-01	8.593937701654802419e-02	3.958023449341704914e-02	9.910572130649228373e-02
1.896405923752871104e+03	1.841535895113582955e-01	1.144178365880682974e-01	2.917229118345012751e-01	1.849001391059531818e-01	8.599570740352097120e-02	3.961809041898489703e-02	9.919172513726566554e-02
1.901243693966526507e+03	1.838653752422542420e-01	1.142144497674572740e-01	2.919083766663356228e-01	1.850271183838930467e-01	8.605173043735711569e-02	3.965573262296312462e-02	9.927721687939211614e-02
1.906081464180181683e+03	1.835787952979147097e-01	1.140122143351232770e-01	2.920928334093667034e-01	1.851533472676044623e-01	8.610744780743170845e-02	3.969316241410338758e-02	9.936219946810830039e-02
1.910919234393836859e+03	1.832938403966943297e-01	1.138111237810441184e-01	2.922762874999017546e-01	1.852788302148193622e-01	8.616286119390621778e-02	3.973038109129903295e-02	9.944667582198769840e-02
1.915757004607492036e+03	1.830105013100931655e-01	1.136111716315233722e-01	2.924587443468985581e-01	1.854035716566334868e-01	8.621797226777663803e-02	3.976738994369295732e-02	9.953064884303430837e-02
1.920594774821147894e+03	1.827287688624358863e-01	1.134123514490047308e-01	2.926402093320605302e-01	1.855275759976700578e-01	8.627278269092157614e-02	3.980419025078377887e-02	9.961412141677587762e-02
1.925432545034802843e+03	1.824486339305535221e-01	1.132146568318865010e-01	2.928206878099325339e-01	1.856508476162425925e-01	8.632729411615019943e-02	3.984078328253034401e-02	9.969709641235671715e-02
1.930270315248458019e+03	1.821700874434676598e-01	1.130180814143366685e-01	2.930001851079973574e-01	1.857733908645163579e-01	8.638150818724986413e-02	3.987717029945465896e-02	9.977957668262985025e-02
1.935108085462113195e+03	1.818931203820772502e-01	1.128226188661082124e-01	2.931787065267725256e-01	1.858952100686688258e-01	8.643542653903360518e-02	3.991335255274315597e-02	9.986156506424878621e-02
1.939945855675768371e+03	1.816177237788477172e-01	1.126282628923548773e-01	2.933562573399079443e-01	1.860163095290491564e-01	8.648905079738737622e-02	3.994933128434648845e-02	9.994306437775879459e-02
1.944783625889424002e+03	1.813438887175025938e-01	1.124350072334473344e-01	2.935328427942837104e-01	1.861366935203362938e-01	8.654238257931705369e-02	3.998510772707772332e-02	1.000240774276875966e-01
1.949621396103079178e+03	1.810716063327175163e-01	1.122428456647897865e-01	2.937084681101086447e-01	1.862563662916963680e-01	8.659542349299532982e-02	4.002068310470906221e-02	1.001046070026356677e-01
1.954459166316734354e+03	1.808008678098163846e-01	1.120517719966371006e-01	2.938831384810189906e-01	1.863753320669386260e-01	8.664817513780818936e-02	4.005605863206707778e-02	1.001846558753659577e-01
1.959296936530389530e+03	1.805316643844700475e-01	1.118617800739123147e-01	2.940568590741780564e-01	1.864935950446706681e-01	8.670063910440140020e-02	4.009123551512652761e-02	1.002642268028931943e-01
1.964134706744044706e+03	1.802639873423971528e-01	1.116728637760247417e-01	2.942296350303758579e-01	1.866111593984524919e-01	8.675281697472662923e-02	4.012621495110269693e-02	1.003433225265726869e-01
1.968972476957700337e+03	1.799978280190670799e-01	1.114850170166885035e-01	2.944014714641288721e-01	1.867280292769493699e-01	8.680471032208740556e-02	4.016099812854239531e-02	1.004219457721885755e-01
1.973810247171355968e+03	1.797331777994052304e-01	1.112982337437416896e-01	2.945723734637811786e-01	1.868442088040839222e-01	8.685632071118487563e-02	4.019558622741357251e-02	1.005000992500417190e-01
1.978648017385010689e+03	1.794700281175004575e-01	1.111125079389659737e-01	2.947423460916046567e-01	1.869597020791871622e-01	8.690764969816336394e-02	4.022998041919355339e-02	1.005777856550369859e-01
1.983485787598666320e+03	1.792083704563145752e-01	1.109278336179068680e-01	2.949113943839006824e-01	1.870745131771482106e-01	8.695869883065562855e-02	4.026418186695601698e-02	1.006550076667701438e-01
1.988323557812321269e+03	1.789481963473939785e-01	1.107442048296944787e-01	2.950795233511012139e-01	1.871886461485635367e-01	8.700946964782799165e-02	4.029819172545662936e-02	1.007317679496142343e-01
1.993161328025976900e+03	1.786894973705834000e-01	1.105616156568648978e-01	2.952467379778708767e-01	1.873021050198847015e-01	8.705996368042528966e-02	4.033201114121742065e-02	1.008080691528054906e-01
1.997999098239632076e+03	1.784322651537415261e-01	1.103800602151821381e-01	2.954130432232087711e-01	1.874148937935654624e-01	8.711018245081550426e-02	4.036564125260991981e-02	1.008839139105287830e-01
2.002836868453287707e+03	1.781764913724588340e-01	1.101995326534608299e-01	2.955784440205507790e-01	1.875270164482077118e-01	8.716012747303424069e-02	4.039908318993706837e-02	1.009593048420025785e-01
2.007674638666942428e+03	1.779221677497772602e-01	1.100200271533893076e-01	2.957429452778723711e-01	1.876384769387066664e-01	8.720980025282902559e-02	4.043233807551389891e-02	1.010342445515634568e-01
2.012512408880597604e+03	1.776692860559119791e-01	1.098415379293535415e-01	2.959065518777911352e-01	1.877492791963947250e-01	8.725920228770336906e-02	4.046540702374708948e-02	1.011087356287501543e-01
2.017350179094252780e+03	1.774178381079749012e-01	1.096640592282615290e-01	2.960692686776697502e-01	1.878594271291848250e-01	8.730833506696054902e-02	4.049829114121330370e-02	1.011827806483871217e-01
2.022187949307908411e+03	1.771678157697003375e-01	1.094875853293685170e-01	2.962311005097191252e-01	1.879689246217124965e-01	8.735720007174735402e-02	4.053099152673642763e-02	1.012563821706676526e-01
2.027025719521564042e+03	1.769192109511723010e-01	1.093121105441027946e-01	2.963920521811019282e-01	1.880777755354773040e-01	8.740579877509743745e-02	4.056350927146366164e-02	1.013295427412365113e-01
2.031863489735218764e+03	1.766720156085538618e-01	1.091376292158920680e-01	2.965521284740357255e-01	1.881859837089829013e-01	8.745413264197460235e-02	4.059584545894052987e-02	1.014022648912722008e-01
2.036701259948874394e+03	1.764262217438182512e-01	1.089641357199906541e-01	2.967113341458969544e-01	1.882935529578767531e-01	8.750220312931578093e-02	4.062800116518482801e-02	1.014745511375686193e-01
2.041539030162529116e+03	1.761818214044817699e-01	1.087916244633073126e-01	2.968696739293244513e-01	1.884004870750885241e-01	8.755001168607386142e-02	4.065997745875948172e-02	1.015464039826163983e-01
2.046376800376184747e+03	1.759388066833385278e-01	1.086200898842337448e-01	2.970271525323233686e-01	1.885067898309676915e-01	8.759755975326033450e-02	4.069177540084437800e-02	1.016178259146837681e-01
2.051214570589840150e+03	1.756971697181969327e-01	1.084495264524737990e-01	2.971837746383690915e-01	1.886124649734202408e-01	8.764484876398767610e-02	4.072339604530719054e-02	1.016888194078969104e-01
2.056052340803495554e+03	1.754569026916180663e-01	1.082799286688733292e-01	2.973395449065112106e-01	1.887175162280445573e-01	8.769188014351153582e-02	4.075484043877318496e-02	1.017593869223199082e-01
2.060890111017150957e+03	1.752179978306554475e-01	1.081112910652509279e-01	2.974944679714779383e-01	1.888219472982663738e-01	8.773865530927274503e-02	4.078610962069403184e-02	1.018295309040342933e-01
2.065727881230805451e+03	1.749804474065969895e-01	1.079436082042291439e-01	2.976485484437800255e-01	1.889257618654727744e-01	8.778517567093917229e-02	4.081720462341568295e-02	1.018992537852180386e-01
2.070565651444461309e+03	1.747442437347082045e-01	1.077768746790665616e-01	2.978017909098147897e-01	1.890289635891454767e-01	8.783144263044719013e-02	4.084812647224528304e-02	1.019685579842242590e-01
2.075403421658116713e+03	1.745093791739774081e-01	1.076110851134906288e-01	2.979541999319708090e-01	1.891315561069931983e-01	8.787745758204321134e-02	4.087887618551713786e-02	1.020374459056593575e-01
2.080241191871772116e+03	1.742758461268624215e-01	1.074462341615310262e-01	2.981057800487317833e-01	1.892335430350830794e-01	8.792322191232482265e-02	4.090945477465776636e-02	1.021059199404607681e-01
2.085078962085427065e+03	1.740436370390389120e-01	1.072823165073540086e-01	2.982565357747811174e-01	1.893349279679714670e-01	8.796873700028171039e-02	4.093986324425010620e-02	1.021739824659743112e-01
2.089916732299082469e+03	1.738127443991504817e-01	1.071193268650972863e-01	2.984064716011058938e-01	1.894357144788335612e-01	8.801400421733655832e-02	4.097010259209674099e-02	1.022416358460310482e-01
2.094754502512737417e+03	1.735831607385601716e-01	1.069572599787058098e-01	2.985555919951013437e-01	1.895359061195925621e-01	8.805902492738561238e-02	4.100017380928235033e-02	1.023088824310237621e-01
2.099592272726392821e+03	1.733548786311037149e-01	1.067961106217680534e-01	2.987039014006748761e-01	1.896355064210476782e-01	8.810380048683903731e-02	4.103007788023524394e-02	1.023757245579829805e-01
2.104430042940048224e+03	1.731278906928443717e-01	1.066358735973533395e-01	2.988514042383504377e-01	1.897345188930015802e-01	8.814833224466114836e-02	4.105981578278810468e-02	1.024421645506525952e-01
2.109267813153704083e+03	1.729021895818290966e-01	1.064765437378497048e-01	2.989981049053725415e-01	1.898329470243869110e-01	8.819262154241039320e-02	4.108938848823786433e-02	1.025082047195650520e-01
2.114105583367359031e+03	1.726777679978465929e-01	1.063181159048025154e-01	2.991440077758103500e-01	1.899307942833919349e-01	8.823666971427918115e-02	4.111879696140482293e-02	1.025738473621161245e-01
2.118943353581013525e+03	1.724546186821866722e-01	1.061605849887539837e-01	2.992891172006617029e-01	1.900280641175854934e-01	8.828047808713344879e-02	4.114804216069092857e-02	1.026390947626392297e-01
2.123781123794669384e+03	1.722327344174011121e-01	1.060039459090832137e-01	2.994334375079570898e-01	1.901247599540411837e-01	8.832404798055208672e-02	4.117712503813727998e-02	1.027039491924794379e-01
2.128618894008324787e+03	1.720121080270661240e-01	1.058481936138472301e-01	2.995769730028634004e-01	1.902208851994606209e-01	8.836738070686621371e-02	4.120604653948091445e-02	1.027684129100669003e-01
2.133456664221980191e+03	1.717927323755462921e-01	1.056933230796225642e-01	2.997197279677876192e-01	1.903164432402960071e-01	8.841047757119809003e-02	4.123480760421076308e-02	1.028324881609900543e-01
2.138294434435635139e+03	1.715746003677598441e-01	1.055393293113477127e-01	2.998617066624806315e-01	1.904114374428718948e-01	8.845333987150003074e-02	4.126340916562293987e-02	1.028961771780682738e-01
2.143132204649290543e+03	1.713577049489456161e-01	1.053862073421663187e-01	3.000029133241406409e-01	1.905058711535062843e-01	8.849596889859301374e-02	4.129185215087524674e-02	1.029594821814241584e-01
2.147969974862945492e+03	1.711420391044312650e-01	1.052339522332711025e-01	3.001433521675165861e-01	1.905997476986306949e-01	8.853836593620512119e-02	4.132013748104102629e-02	1.030224053785554622e-01
2.152807745076601350e+03	1.709275958594028977e-01	1.050825590737484994e-01	3.002830273850113918e-01	1.906930703849097630e-01	8.858053226100981448e-02	4.134826607116223046e-02	1.030849489644065642e-01
2.157645515290255844e+03	1.707143682786764483e-01	1.049320229804241722e-01	3.004219431467851642e-01	1.907858424993600088e-01	8.862246914266395936e-02	4.137623883030187161e-02	1.031471151214395227e-01
2.162483285503912157e+03	1.705023494664699435e-01	1.047823390977091901e-01	3.005601036008580529e-01	1.908780673094676861e-01	8.866417784384572620e-02	4.140405666159576586e-02	1.032089060197048658e-01
2.167321055717567106e+03	1.702915325661775725e-01	1.046335025974469424e-01	3.006975128732130020e-01	1.909697480633061051e-01	8.870565962029224039e-02	4.143172046230359645e-02	1.032703238169117438e-01
2.172158825931222509e+03	1.700819107601449776e-01	1.044855086787608855e-01	3.008341750678986681e-01	1.910608879896521506e-01	8.874691572083709401e-02	4.145923112385935944e-02	1.033313706584979424e-01
2.176996596144877003e+03	1.698734772694460438e-01	1.043383525679030116e-01	3.009700942671318935e-01	1.911514902981019393e-01	8.878794738744766324e-02	4.148658953192111559e-02	1.033920486776993830e-01
2.181834366358532861e+03	1.696662253536607712e-01	1.041920295181030381e-01	3.011052745313996803e-01	1.912415581791859776e-01	8.882875585526220363e-02	4.151379656642017330e-02	1.034523599956191781e-01
2.186672136572187810e+03	1.694601483106547568e-01	1.040465348094184034e-01	3.012397198995616643e-01	1.913310948044834592e-01	8.886934235262679282e-02	4.154085310160958444e-02	1.035123067212963821e-01
2.191509906785843214e+03	1.692552394763598977e-01	1.039018637485849966e-01	3.013734343889518108e-01	1.914201033267357854e-01	8.890970810113207889e-02	4.156776000611206445e-02	1.035718909517743674e-01
2.196347676999498617e+03	1.690514922245565377e-01	1.037580116688686105e-01	3.015064219954803892e-01	1.915085868799596136e-01	8.894985431564979284e-02	4.159451814296731553e-02	1.036311147721687836e-01
2.201185447213154021e+03	1.688488999666566959e-01	1.036149739299171424e-01	3.016386866937353362e-01	1.915965485795589063e-01	8.898978220436917774e-02	4.162112836967872542e-02	1.036899802557350869e-01
2.206023217426809424e+03	1.686474561514888504e-01	1.034727459176136982e-01	3.017702324370835631e-01	1.916839915224364532e-01	8.902949296883314045e-02	4.164759153825954574e-02	1.037484894639357919e-01
2.210860987640464373e+03	1.684471542650839149e-01	1.033313230439301816e-01	3.019010631577722092e-01	1.917709187871047272e-01	8.906898780397426441e-02	4.167390849527843888e-02	1.038066444465072652e-01
2.215698757854119776e+03	1.682479878304624921e-01	1.031907007467818549e-01	3.020311827670293936e-01	1.918573334337959346e-01	8.910826789815068372e-02	4.170008008190446286e-02	1.038644472415261866e-01
2.220536528067775180e+03	1.680499504074233208e-01	1.030508744898824963e-01	3.021605951551649683e-01	1.919432385045714562e-01	8.914733443318163808e-02	4.172610713395156351e-02	1.039218998754756068e-01
2.225374298281430583e+03	1.678530355923331108e-01	1.029118397626004044e-01	3.022893041916708268e-01	1.920286370234305651e-01	8.918618858438295827e-02	4.175199048192248380e-02	1.039790043633106453e-01
2.230212068495085077e+03	1.676572370179176263e-01	1.027735920798151514e-01	3.024173137253212684e-01	1.921135319964184518e-01	8.922483152060239897e-02	4.177773095105213191e-02	1.040357627085238545e-01
2.235049838708740936e+03	1.674625483530540471e-01	1.026361269817749333e-01	3.025446275842728627e-01	1.921979264117337771e-01	8.926326440425468023e-02	4.180332936135042199e-02	1.040921769032101540e-01
2.239887608922396339e+03	1.672689633025642997e-01	1.024994400339548362e-01	3.026712495761640365e-01	1.922818232398351979e-01	8.930148839135637617e-02	4.182878652764464994e-02	1.041482489281314316e-01
2.244725379136052197e+03	1.670764756070100554e-01	1.023635268269157406e-01	3.027971834882147162e-01	1.923652254335475598e-01	8.933950463156074828e-02	4.185410325962129335e-02	1.042039807527807838e-01
2.249563149349706237e+03	1.668850790424884489e-01	1.022283829761639895e-01	3.029224330873252491e-01	1.924481359281672299e-01	8.937731426819223168e-02	4.187928036186733260e-02	1.042593743354463809e-01
2.254400919563362095e+03	1.666947674204295182e-01	1.020940041220117500e-01	3.030470021201756570e-01	1.925305576415669295e-01	8.941491843828085206e-02	4.190431863391112788e-02	1.043144316232750002e-01
2.259238689777017044e+03	1.665055345873944215e-01	1.019603859294381937e-01	3.031708943133240020e-01	1.926124934742997896e-01	8.945231827259644830e-02	4.192921887026276190e-02	1.043691545523351555e-01
2.264076459990672902e+03	1.663173744248750141e-01	1.018275240879513432e-01	3.032941133733051409e-01	1.926939463097027960e-01	8.948951489568263140e-02	4.195398186045391775e-02	1.044235450476799221e-01
