1.001418434226643626e+03	2.787402779056602498e-01	1.813496266230165965e-01	2.348916241513578917e-01	1.408398269375963907e-01	6.697192103068660973e-02	2.780252886272581436e-02	6.940419448861334661e-02
1.002869765290740247e+03	2.784792367656784284e-01	1.811861594844083323e-01	2.350720417304812682e-01	1.409386808787653489e-01	6.701053462625382318e-02	2.783778965603228919e-02	6.947555685803745440e-02
1.004321096354836754e+03	2.782186470069247242e-01	1.810229625024483979e-01	2.352521581644522186e-01	1.410373217139205548e-01	6.704921668885913122e-02	2.787291678894072977e-02	6.954677713411112905e-02
1.005772427418933376e+03	2.779585079245344703e-01	1.808600352297266012e-01	2.354319739538598966e-01	1.411357510528354620e-01	6.708796460256921668e-02	2.790791194956380311e-02	6.961785528656749822e-02
1.007223758483029997e+03	2.776988188132811786e-01	1.806973772195742400e-01	2.356114895984676993e-01	1.412339704777424432e-01	6.712677580129647326e-02	2.794277678959597444e-02	6.968879129969891839e-02
1.008675089547126618e+03	2.774395789676096236e-01	1.805349880260629092e-01	2.357907055972143784e-01	1.413319815438387195e-01	6.716564776790673319e-02	2.797751292518834212e-02	6.975958517183622476e-02
1.010126420611223239e+03	2.771807876816669847e-01	1.803728672040033620e-01	2.359696224482154547e-01	1.414297857797829905e-01	6.720457803334238533e-02	2.801212193780161508e-02	6.983023691484419038e-02
1.011577751675319632e+03	2.769224442493339877e-01	1.802110143089441785e-01	2.361482406487641905e-01	1.415273846881834052e-01	6.724356417576073108e-02	2.804660537503786064e-02	6.990074655363266720e-02
1.013029082739416367e+03	2.766645479642550476e-01	1.800494288971705992e-01	2.363265606953330322e-01	1.416247797460766233e-01	6.728260381968723114e-02	2.808096475145152940e-02	6.997111412568295108e-02
1.014480413803512761e+03	2.764070981198680221e-01	1.798881105257032764e-01	2.365045830835747764e-01	1.417219724053981333e-01	6.732169463518354602e-02	2.811520154934027405e-02	7.004133968058900983e-02
1.015931744867609382e+03	2.761500940094330780e-01	1.797270587522970531e-01	2.366823083083238188e-01	1.418189640934442164e-01	6.736083433702981516e-02	2.814931721951610677e-02	7.011142327961296383e-02
1.017383075931706003e+03	2.758935349260609460e-01	1.795662731354398245e-01	2.368597368635972644e-01	1.419157562133256667e-01	6.740002068392136891e-02	2.818331318205738456e-02	7.018136499525456928e-02
1.018834406995802851e+03	2.756374201627407872e-01	1.794057532343512062e-01	2.370368692425963986e-01	1.420123501444130465e-01	6.743925147767927675e-02	2.821719082704210804e-02	7.025116491083419068e-02
1.020285738059899245e+03	2.753817490123672274e-01	1.792454986089813684e-01	2.372137059377076307e-01	1.421087472427741971e-01	6.747852456247462050e-02	2.825095151526301612e-02	7.032082312008888780e-02
1.021737069123995752e+03	2.751265207677667801e-01	1.790855088200099532e-01	2.373902474405039653e-01	1.422049488416037288e-01	6.751783782406639567e-02	2.828459657892492748e-02	7.039033972678122864e-02
1.023188400188092373e+03	2.748717347217237705e-01	1.789257834288446036e-01	2.375664942417461123e-01	1.423009562516446835e-01	6.755718918905258275e-02	2.831812732232480076e-02	7.045971484432042575e-02
1.024639731252188767e+03	2.746173901670057593e-01	1.787663219976199647e-01	2.377424468313837636e-01	1.423967707616027034e-01	6.759657662413436074e-02	2.835154502251494360e-02	7.052894859539547701e-02
1.026091062316285615e+03	2.743634863963882453e-01	1.786071240891964340e-01	2.379181056985568421e-01	1.424923936385525947e-01	6.763599813539312999e-02	2.838485092994979739e-02	7.059804111161990803e-02
1.027542393380382237e+03	2.741100227026790348e-01	1.784481892671589409e-01	2.380934713315966400e-01	1.425878261283376469e-01	6.767545176758016368e-02	2.841804626911670698e-02	7.066699253318781127e-02
1.028993724444478858e+03	2.738569983787418893e-01	1.782895170958157249e-01	2.382685442180272062e-01	1.426830694559616253e-01	6.771493560341870777e-02	2.845113223915111608e-02	7.073580300854077907e-02
1.030445055508575479e+03	2.736044127175194518e-01	1.781311071401971979e-01	2.384433248445664288e-01	1.427781248259736568e-01	6.775444776291829341e-02	2.848411001443652141e-02	7.080447269404553656e-02
1.031896386572671872e+03	2.733522650120563391e-01	1.779729589660546396e-01	2.386178136971274233e-01	1.428729934228462617e-01	6.779398640270102583e-02	2.851698074518964690e-02	7.087300175368170529e-02
1.033347717636768493e+03	2.731005545555211245e-01	1.778150721398591705e-01	2.387920112608195866e-01	1.429676764113464449e-01	6.783354971533978039e-02	2.854974555803116085e-02	7.094139035873976706e-02
1.034799048700865114e+03	2.728492806412279870e-01	1.776574462288004197e-01	2.389659180199499855e-01	1.430621749368999884e-01	6.787313592870783396e-02	2.858240555654233128e-02	7.100963868752849240e-02
1.036250379764961508e+03	2.725984425626578611e-01	1.775000808007853870e-01	2.391395344580245774e-01	1.431564901259492761e-01	6.791274330534007031e-02	2.861496182180793199e-02	7.107774692509191694e-02
1.037701710829058356e+03	2.723480396134792536e-01	1.773429754244372214e-01	2.393128610577493487e-01	1.432506230863045682e-01	6.795237014180538493e-02	2.864741541294581542e-02	7.114571526293543557e-02
1.039153041893154750e+03	2.720980710875685604e-01	1.771861296690940835e-01	2.394858983010316467e-01	1.433445749074887809e-01	6.799201476808999778e-02	2.867976736762342660e-02	7.121354389876057012e-02
1.040604372957251599e+03	2.718485362790296067e-01	1.770295431048079515e-01	2.396586466689813177e-01	1.434383466610762159e-01	6.803167554699181274e-02	2.871201870256164315e-02	7.128123303620850781e-02
1.042055704021347992e+03	2.715994344822134088e-01	1.768732153023434006e-01	2.398311066419120674e-01	1.435319394010249328e-01	6.807135087352525482e-02	2.874417041402619125e-02	7.134878288461181384e-02
1.043507035085444613e+03	2.713507649917368258e-01	1.767171458331764089e-01	2.400032786993425704e-01	1.436253541640031828e-01	6.811103917433670996e-02	2.877622347830704336e-02	7.141619365875431780e-02
1.044958366149541234e+03	2.711025271025011008e-01	1.765613342694933030e-01	2.401751633199977753e-01	1.437185919697099024e-01	6.815073890713023441e-02	2.880817885218600952e-02	7.148346557863871631e-02
1.046409697213637855e+03	2.708547201097100121e-01	1.764057801841894813e-01	2.403467609818101813e-01	1.438116538211892947e-01	6.819044856010333944e-02	2.884003747339289325e-02	7.155059886926183610e-02
1.047861028277734476e+03	2.706073433088876379e-01	1.762504831508681646e-01	2.405180721619208928e-01	1.439045407051397218e-01	6.823016665139287895e-02	2.887180026105045164e-02	7.161759376039719682e-02
1.049312359341831097e+03	2.703603959958955638e-01	1.760954427438393699e-01	2.406890973366811459e-01	1.439972535922170727e-01	6.826989172853056842e-02	2.890346811610846819e-02	7.168445048638476258e-02
1.050763690405927491e+03	2.701138774669497589e-01	1.759406585381186883e-01	2.408598369816532248e-01	1.440897934373323863e-01	6.830962236790820430e-02	2.893504192176719891e-02	7.175116928592752130e-02
1.052215021470024112e+03	2.698677870186370065e-01	1.757861301094261197e-01	2.410302915716119043e-01	1.441821611799442571e-01	6.834935717425234813e-02	2.896652254389048275e-02	7.181775040189490589e-02
1.053666352534120733e+03	2.696221239479313359e-01	1.756318570341848240e-01	2.412004615805456165e-01	1.442743577443457159e-01	6.838909478010829490e-02	2.899791083140872833e-02	7.188419408113254361e-02
1.055117683598217127e+03	2.693768875522095096e-01	1.754778388895200658e-01	2.413703474816576433e-01	1.443663840399460330e-01	6.842883384533317292e-02	2.902920761671208896e-02	7.195050057427847257e-02
1.056569014662313975e+03	2.691320771292666780e-01	1.753240752532580216e-01	2.415399497473674773e-01	1.444582409615473018e-01	6.846857305659800885e-02	2.906041371603404130e-02	7.201667013558538111e-02
1.058020345726410369e+03	2.688876919773313112e-01	1.751705657039246133e-01	2.417092688493119035e-01	1.445499293896159998e-01	6.850831112689870217e-02	2.909152992982559985e-02	7.208270302274874530e-02
1.059471676790506763e+03	2.686437313950799655e-01	1.750173098207442879e-01	2.418783052583463045e-01	1.446414501905495253e-01	6.854804679507556231e-02	2.912255704312043808e-02	7.214859949674080897e-02
1.060923007854603611e+03	2.684001946816516049e-01	1.748643071836389895e-01	2.420470594445458534e-01	1.447328042169378493e-01	6.858777882534144998e-02	2.915349582589109312e-02	7.221435982165003153e-02
1.062374338918700232e+03	2.681570811366617568e-01	1.747115573732268556e-01	2.422155318772067911e-01	1.448239923078205593e-01	6.862750600681832847e-02	2.918434703339654185e-02	7.227998426452601766e-02
1.063825669982796853e+03	2.679143900602163342e-01	1.745590599708211621e-01	2.423837230248476193e-01	1.449150152889389642e-01	6.866722715308190561e-02	2.921511140652129426e-02	7.234547309522958158e-02
1.065277001046893474e+03	2.676721207529248470e-01	1.744068145584291296e-01	2.425516333552102943e-01	1.450058739729836732e-01	6.870694110171460256e-02	2.924578967210629196e-02	7.241082658628801572e-02
1.066728332110990095e+03	2.674302725159135585e-01	1.742548207187508136e-01	2.427192633352616147e-01	1.450965691598376794e-01	6.874664671386628012e-02	2.927638254327174713e-02	7.247604501275511923e-02
1.068179663175086489e+03	2.671888446508384196e-01	1.741030780351779383e-01	2.428866134311941927e-01	1.451871016368150857e-01	6.878634287382284773e-02	2.930689071973214752e-02	7.254112865207611172e-02
1.069630994239183110e+03	2.669478364598976139e-01	1.739515860917927037e-01	2.430536841084278699e-01	1.452774721788951118e-01	6.882602848858261624e-02	2.933731488810366328e-02	7.260607778395711254e-02
1.071082325303279504e+03	2.667072472458435484e-01	1.738003444733667024e-01	2.432204758316109383e-01	1.453676815489521601e-01	6.886570248744011691e-02	2.936765572220409112e-02	7.267089269023911668e-02
1.072533656367376352e+03	2.664670763119950103e-01	1.736493527653597824e-01	2.433869890646212508e-01	1.454577304979814689e-01	6.890536382157740058e-02	2.939791388334553335e-02	7.273557365477625880e-02
1.073984987431472746e+03	2.662273229622486581e-01	1.734986105539187695e-01	2.435532242705675532e-01	1.455476197653207682e-01	6.894501146366262267e-02	2.942809002062003049e-02	7.280012096331832383e-02
1.075436318495569594e+03	2.659879865010905675e-01	1.733481174258765523e-01	2.437191819117905667e-01	1.456373500788676612e-01	6.898464440745574744e-02	2.945818477117827239e-02	7.286453490339733774e-02
1.076887649559666215e+03	2.657490662336073339e-01	1.731978729687507768e-01	2.438848624498644591e-01	1.457269221552931759e-01	6.902426166742138547e-02	2.948819876050158550e-02	7.292881576421805789e-02
1.078338980623762609e+03	2.655105614654966750e-01	1.730478767707427923e-01	2.440502663455977328e-01	1.458163367002514033e-01	6.906386227834847291e-02	2.951813260266738376e-02	7.299296383655230758e-02
1.079790311687859230e+03	2.652724715030785330e-01	1.728981284207364300e-01	2.442153940590347516e-01	1.459055944085851653e-01	6.910344529497675081e-02	2.954798690060818356e-02	7.305697941263704365e-02
1.081241642751955851e+03	2.650347956533047888e-01	1.727486275082970035e-01	2.443802460494567674e-01	1.459946959645278819e-01	6.914300979163001681e-02	2.957776224636443282e-02	7.312086278607594914e-02
1.082692973816052472e+03	2.647975332237700319e-01	1.725993736236700327e-01	2.445448227753832249e-01	1.460836420419019399e-01	6.918255486185584391e-02	2.960745922133121641e-02	7.318461425174455082e-02
1.084144304880149093e+03	2.645606835227209408e-01	1.724503663577802437e-01	2.447091246945729548e-01	1.461724333043132040e-01	6.922207961807178012e-02	2.963707839649906348e-02	7.324823410569868132e-02
1.085595635944245487e+03	2.643242458590661093e-01	1.723016053022304039e-01	2.448731522640253122e-01	1.462610704053419752e-01	6.926158319121794582e-02	2.966662033268894355e-02	7.331172264508621639e-02
1.087046967008342108e+03	2.640882195423852608e-01	1.721530900493001282e-01	2.450369059399815641e-01	1.463495539887305630e-01	6.930106473041577897e-02	2.969608558078164554e-02	7.337508016806193467e-02
1.088498298072438729e+03	2.638526038829389075e-01	1.720048201919448239e-01	2.452003861779259719e-01	1.464378846885671659e-01	6.934052340263294201e-02	2.972547468194165418e-02	7.343830697370548610e-02
1.089949629136535123e+03	2.636173981916765108e-01	1.718567953237946089e-01	2.453635934325869572e-01	1.465260631294666160e-01	6.937995839235423789e-02	2.975478816783565933e-02	7.350140336194230239e-02
1.091400960200631971e+03	2.633826017802460284e-01	1.717090150391531178e-01	2.455265281579384895e-01	1.466140899267476261e-01	6.941936890125843806e-02	2.978402656084582628e-02	7.356436963346735247e-02
1.092852291264728365e+03	2.631482139610019644e-01	1.715614789329963641e-01	2.456891908072011965e-01	1.467019656866067889e-01	6.945875414790092517e-02	2.981319037427797997e-02	7.362720608967171509e-02
1.094303622328825213e+03	2.629142340470136952e-01	1.714141866009717408e-01	2.458515818328435021e-01	1.467896910062894411e-01	6.949811336740199796e-02	2.984228011256482779e-02	7.368991303257177439e-02
1.095754953392921607e+03	2.626806613520737410e-01	1.712671376393967160e-01	2.460137016865829862e-01	1.468772664742572509e-01	6.953744581114082446e-02	2.987129627146429059e-02	7.375249076474113541e-02
1.097206284457018228e+03	2.624474951907055931e-01	1.711203316452580003e-01	2.461755508193874398e-01	1.469646926703528644e-01	6.957675074645493229e-02	2.990023933825313590e-02	7.381493958924495447e-02
1.098657615521114849e+03	2.622147348781715404e-01	1.709737682162102146e-01	2.463371296814762246e-01	1.470519701659613598e-01	6.961602745634497269e-02	2.992910979191598306e-02	7.387725980957672578e-02
1.100108946585211470e+03	2.619823797304798307e-01	1.708274469505748350e-01	2.464984387223212725e-01	1.471390995241687039e-01	6.965527523918496611e-02	2.995790810332982224e-02	7.393945172959753842e-02
1.101560277649308091e+03	2.617504290643924980e-01	1.706813674473391107e-01	2.466594783906485844e-01	1.472260812999175716e-01	6.969449340843766882e-02	2.998663473544412733e-02	7.400151565347742877e-02
1.103011608713404712e+03	2.615188821974321343e-01	1.705355293061549538e-01	2.468202491344391181e-01	1.473129160401598636e-01	6.973368129237510205e-02	3.001529014345667365e-02	7.406345188563911996e-02
1.104462939777501106e+03	2.612877384478892173e-01	1.703899321273378287e-01	2.469807514009301208e-01	1.473996042840066689e-01	6.977283823380407701e-02	3.004387477498522696e-02	7.412526073070384303e-02
1.105914270841597499e+03	2.610569971348284390e-01	1.702445755118656423e-01	2.471409856366164615e-01	1.474861465628753698e-01	6.981196358979675776e-02	3.007238907023512126e-02	7.418694249343919800e-02
1.107365601905694348e+03	2.608266575780956442e-01	1.700994590613777169e-01	2.473009522872516297e-01	1.475725434006340542e-01	6.985105673142598393e-02	3.010083346216286398e-02	7.424849747870905514e-02
1.108816932969790741e+03	2.605967190983243809e-01	1.699545823781735410e-01	2.474606517978490683e-01	1.476587953137432074e-01	6.989011704350547860e-02	3.012920837663589022e-02	7.430992599142539901e-02
1.110268264033887590e+03	2.603671810169417844e-01	1.698099450652118814e-01	2.476200846126832000e-01	1.477449028113948237e-01	6.992914392433466353e-02	3.015751423258850039e-02	7.437122833650207376e-02
1.111719595097984211e+03	2.601380426561751280e-01	1.696655467261095063e-01	2.477792511752908711e-01	1.478308663956489077e-01	6.996813678544808179e-02	3.018575144217415518e-02	7.443240481881029103e-02
1.113170926162080832e+03	2.599093033390575957e-01	1.695213869651402139e-01	2.479381519284722668e-01	1.479166865615673954e-01	7.000709505136946953e-02	3.021392041091412739e-02	7.449345574313591400e-02
1.114622257226177226e+03	2.596809623894339447e-01	1.693774653872336111e-01	2.480967873142923552e-01	1.480023637973457151e-01	7.004601815937008813e-02	3.024202153784267752e-02	7.455438141413849029e-02
1.116073588290273847e+03	2.594530191319665557e-01	1.692337815979742532e-01	2.482551577740819415e-01	1.480878985844418516e-01	7.008490555923163612e-02	3.027005521564879800e-02	7.461518213631185281e-02
1.117524919354370468e+03	2.592254728921404849e-01	1.690903352036002838e-01	2.484132637484388895e-01	1.481732913977029387e-01	7.012375671301326885e-02	3.029802183081460598e-02	7.467585821394642775e-02
1.118976250418467089e+03	2.589983229962692368e-01	1.689471258110025464e-01	2.485711056772292316e-01	1.482585427054895488e-01	7.016257109482294807e-02	3.032592176375049561e-02	7.473640995109290253e-02
1.120427581482563710e+03	2.587715687714996493e-01	1.688041530277234192e-01	2.487286839995885290e-01	1.483436529697977346e-01	7.020134819059289932e-02	3.035375538892710195e-02	7.479683765152758679e-02
1.121878912546660331e+03	2.585452095458171673e-01	1.686614164619557876e-01	2.488859991539228433e-01	1.484286226463786829e-01	7.024008749785913552e-02	3.038152307500416316e-02	7.485714161871906414e-02
1.123330243610756725e+03	2.583192446480508386e-01	1.685189157225418788e-01	2.490430515779101517e-01	1.485134521848562594e-01	7.027878852554497735e-02	3.040922518495637467e-02	7.491732215579630094e-02
1.124781574674853118e+03	2.580936734078779216e-01	1.683766504189722901e-01	2.491998417085013739e-01	1.485981420288423061e-01	7.031745079374851493e-02	3.043686207619626313e-02	7.497737956551805971e-02
1.126232905738949967e+03	2.578684951558287142e-01	1.682346201613848236e-01	2.493563699819215662e-01	1.486826926160497997e-01	7.035607383353392752e-02	3.046443410069420155e-02	7.503731415024368634e-02
1.127684236803046360e+03	2.576437092232909953e-01	1.680928245605634863e-01	2.495126368336711142e-01	1.487671043784038472e-01	7.039465718672657801e-02	3.049194160509562448e-02	7.509712621190506310e-02
1.129135567867143209e+03	2.574193149425145766e-01	1.679512632279373807e-01	2.496686426985269547e-01	1.488513777421507367e-01	7.043320040571175722e-02	3.051938493083546783e-02	7.515681605197985227e-02
1.130586898931239830e+03	2.571953116466154654e-01	1.678099357755795940e-01	2.498243880105436854e-01	1.489355131279648803e-01	7.047170305323730011e-02	3.054676441424997169e-02	7.521638397146586386e-02
1.132038229995336451e+03	2.569716986695800842e-01	1.676688418162061989e-01	2.499798732030548698e-01	1.490195109510536742e-01	7.051016470221949106e-02	3.057408038668586042e-02	7.527583027085658907e-02
1.133489561059432845e+03	2.567484753462693781e-01	1.675279809631751993e-01	2.501350987086740085e-01	1.491033716212606386e-01	7.054858493555277166e-02	3.060133317460696570e-02	7.533515525011778846e-02
1.134940892123529466e+03	2.565256410124227004e-01	1.673873528304853919e-01	2.502900649592958437e-01	1.491870955431663925e-01	7.058696334592272359e-02	3.062852309969837927e-02	7.539435920866525975e-02
1.136392223187626087e+03	2.563031950046618102e-01	1.672469570327753674e-01	2.504447723860975805e-01	1.492706831161878800e-01	7.062529953562253493e-02	3.065565047896817719e-02	7.545344244534342437e-02
1.137843554251722708e+03	2.560811366604941464e-01	1.671067931853223998e-01	2.505992214195398859e-01	1.493541347346757364e-01	7.066359311637278318e-02	3.068271562484677778e-02	7.551240525840506590e-02
1.139294885315819101e+03	2.558594653183169920e-01	1.669668609040413920e-01	2.507534124893682770e-01	1.494374507880097125e-01	7.070184370914454897e-02	3.070971884528400642e-02	7.557124794549199831e-02
1.140746216379915950e+03	2.556381803174204159e-01	1.668271598054839044e-01	2.509073460246140641e-01	1.495206316606925157e-01	7.074005094398562454e-02	3.073666044384387036e-02	7.562997080361658075e-02
1.142197547444012343e+03	2.554172809979912140e-01	1.666876895068369613e-01	2.510610224535955726e-01	1.496036777324417366e-01	7.077821445985005289e-02	3.076354071979718607e-02	7.568857412914425931e-02
1.143648878508108737e+03	2.551967667011159069e-01	1.665484496259221070e-01	2.512144422039194747e-01	1.496865893782800272e-01	7.081633390443067833e-02	3.079035996821202423e-02	7.574705821777677484e-02
1.145100209572205586e+03	2.549766367687837931e-01	1.664094397811943238e-01	2.513676057024817334e-01	1.497693669686238349e-01	7.085440893399473639e-02	3.081711848004207999e-02	7.580542336453635621e-02
1.146551540636302207e+03	2.547568905438904463e-01	1.662706595917409491e-01	2.515205133754690459e-01	1.498520108693702502e-01	7.089243921322246900e-02	3.084381654221299285e-02	7.586366986375070454e-02
1.148002871700398828e+03	2.545375273702403240e-01	1.661321086772806488e-01	2.516731656483596757e-01	1.499345214419822714e-01	7.093042441504869566e-02	3.087045443770668543e-02	7.592179800903864351e-02
1.149454202764495449e+03	2.543185465925498212e-01	1.659937866581623900e-01	2.518255629459246747e-01	1.500168990435724325e-01	7.096836422050729898e-02	3.089703244564373161e-02	7.597980809329661633e-02
1.150905533828591842e+03	2.540999475564500454e-01	1.658556931553643310e-01	2.519777056922292702e-01	1.500991440269850430e-01	7.100625831857847181e-02	3.092355084136385462e-02	7.603770040868589042e-02
1.152356864892688463e+03	2.538817296084897035e-01	1.657178277904929053e-01	2.521295943106338089e-01	1.501812567408767340e-01	7.104410640603880944e-02	3.095000989650456211e-02	7.609547524662038653e-02
1.153808195956785084e+03	2.536638920961374888e-01	1.655801901857816283e-01	2.522812292237950338e-01	1.502632375297953959e-01	7.108190818731416338e-02	3.097640987907796656e-02	7.615313289775522965e-02
1.155259527020881706e+03	2.534464343677847453e-01	1.654427799640901531e-01	2.524326108536670277e-01	1.503450867342580044e-01	7.111966337433504870e-02	3.100275105354585725e-02	7.621067365197603527e-02
1.156710858084978327e+03	2.532293557727479105e-01	1.653055967489032163e-01	2.525837396215026565e-01	1.504268046908265322e-01	7.115737168639493793e-02	3.102903368089302699e-02	7.626809779838857051e-02
1.158162189149074720e+03	2.530126556612709576e-01	1.651686401643295832e-01	2.527346159478544574e-01	1.505083917321827502e-01	7.119503285001090032e-02	3.105525801869893701e-02	7.632540562530928940e-02
1.159613520213171569e+03	2.527963333845274496e-01	1.650319098351010205e-01	2.528852402525760268e-01	1.505898481872015027e-01	7.123264659878691951e-02	3.108142432120772347e-02	7.638259742025625687e-02
1.161064851277267962e+03	2.525803882946230927e-01	1.648954053865712421e-01	2.530356129548228528e-01	1.506711743810225934e-01	7.127021267327970921e-02	3.110753283939663230e-02	7.643967346994073875e-02
1.162516182341364356e+03	2.523648197445975683e-01	1.647591264447149095e-01	2.531857344730538695e-01	1.507523706351213966e-01	7.130773082086692971e-02	3.113358382104284769e-02	7.649663406025929147e-02
1.163967513405461204e+03	2.521496270884268087e-01	1.646230726361266050e-01	2.533356052250322343e-01	1.508334372673781065e-01	7.134520079561791628e-02	3.115957751078884258e-02	7.655347947628630967e-02
1.165418844469557826e+03	2.519348096810248294e-01	1.644872435880198325e-01	2.534852256278265492e-01	1.509143745921456281e-01	7.138262235816657253e-02	3.118551415020619222e-02	7.661021000226722610e-02
1.166870175533654447e+03	2.517203668782456161e-01	1.643516389282258794e-01	2.536345960978123037e-01	1.509951829203162732e-01	7.141999527558688665e-02	3.121139397785797215e-02	7.666682592161197518e-02
1.168321506597751068e+03	2.515062980368850676e-01	1.642162582851928732e-01	2.537837170506725415e-01	1.510758625593870141e-01	7.145731932127048769e-02	3.123721722935971293e-02	7.672332751688916430e-02
1.169772837661847461e+03	2.512926025146828279e-01	1.640811012879847819e-01	2.539325889013993032e-01	1.511564138135239321e-01	7.149459427480651941e-02	3.126298413743899135e-02	7.677971506982046723e-02
1.171224168725944082e+03	2.510792796703238960e-01	1.639461675662803042e-01	2.540812120642947369e-01	1.512368369836249171e-01	7.153181992186377625e-02	3.128869493199363389e-02	7.683598886127555871e-02
1.172675499790040703e+03	2.508663288634401245e-01	1.638114567503719254e-01	2.542295869529720975e-01	1.513171323673815905e-01	7.156899605407493481e-02	3.131434984014864337e-02	7.689214917126753479e-02
1.174126830854137097e+03	2.506537494546118849e-01	1.636769684711649187e-01	2.543777139803569676e-01	1.513973002593398676e-01	7.160612246892290866e-02	3.133994908631179688e-02	7.694819627894851355e-02
1.175578161918233945e+03	2.504415408053696224e-01	1.635427023601762619e-01	2.545255935586884233e-01	1.514773409509593549e-01	7.164319896962934031e-02	3.136549289222800851e-02	7.700413046260581873e-02
1.177029492982330339e+03	2.502297022781952429e-01	1.634086580495336394e-01	2.546732260995201447e-01	1.515572547306717754e-01	7.168022536504507769e-02	3.139098147703246744e-02	7.705995199965846865e-02
1.178480824046426733e+03	2.500182332365234461e-01	1.632748351719744140e-01	2.548206120137214148e-01	1.516370418839382006e-01	7.171720146954271846e-02	3.141641505730254774e-02	7.711566116665394266e-02
1.179932155110523581e+03	2.498071330447431682e-01	1.631412333608446841e-01	2.549677517114784520e-01	1.517167026933051999e-01	7.175412710291112495e-02	3.144179384710859421e-02	7.717125823926539174e-02
1.181383486174620202e+03	2.495964010681986645e-01	1.630078522500982285e-01	2.551146456022954090e-01	1.517962374384598800e-01	7.179100209025178481e-02	3.146711805806350071e-02	7.722674349228914048e-02
1.182834817238716823e+03	2.493860366731907030e-01	1.628746914742954521e-01	2.552612940949955389e-01	1.518756463962840086e-01	7.182782626187721176e-02	3.149238789937124777e-02	7.728211719964243887e-02
1.184286148302813444e+03	2.491760392269778968e-01	1.627417506686024973e-01	2.554076975977221942e-01	1.519549298409069993e-01	7.186459945321113651e-02	3.151760357787427441e-02	7.733737963436164431e-02
1.185737479366910065e+03	2.489664080977775362e-01	1.626090294687901339e-01	2.555538565179401589e-01	1.520340880437579256e-01	7.190132150469054351e-02	3.154276529809984381e-02	7.739253106860057019e-02
1.187188810431006686e+03	2.487571426547667830e-01	1.624765275112327600e-01	2.556997712624364816e-01	1.521131212736166471e-01	7.193799226166951166e-02	3.156787326230534735e-02	7.744757177362916745e-02
1.188640141495103080e+03	2.485482422680835579e-01	1.623442444329074863e-01	2.558454422373219739e-01	1.521920297966637692e-01	7.197461157432484546e-02	3.159292767052258172e-02	7.750250201983246989e-02
1.190091472559199701e+03	2.483397063088275403e-01	1.622121798713930807e-01	2.559908698480320433e-01	1.522708138765298536e-01	7.201117929756337133e-02	3.161792872060106840e-02	7.755732207670977540e-02
1.191542803623296322e+03	2.481315341490609172e-01	1.620803334648689142e-01	2.561360544993277477e-01	1.523494737743436023e-01	7.204769529093112135e-02	3.164287660825036014e-02	7.761203221287409082e-02
1.192994134687392716e+03	2.479237251618092164e-01	1.619487048521140726e-01	2.562809965952971836e-01	1.524280097487790697e-01	7.208415941852391873e-02	3.166777152708145221e-02	7.766663269605181275e-02
1.194445465751489564e+03	2.477162787210621941e-01	1.618172936725063571e-01	2.564256965393563736e-01	1.525064220561020978e-01	7.212057154889983668e-02	3.169261366864723622e-02	7.772112379308258878e-02
1.195896796815585958e+03	2.475091942017744184e-01	1.616860995660211742e-01	2.565701547342504329e-01	1.525847109502158072e-01	7.215693155499319777e-02	3.171740322248205179e-02	7.777550576991949793e-02
1.197348127879682352e+03	2.473024709798660459e-01	1.615551221732306475e-01	2.567143715820548455e-01	1.526628766827052563e-01	7.219323931403009986e-02	3.174214037614039169e-02	7.782977889162930041e-02
1.198799458943779200e+03	2.470961084322232659e-01	1.614243611353025909e-01	2.568583474841761860e-01	1.527409195028811839e-01	7.222949470744562117e-02	3.176682531523471881e-02	7.788394342239296497e-02
1.200250790007875821e+03	2.468901059366991058e-01	1.612938160939995091e-01	2.570020828413535630e-01	1.528188396578230024e-01	7.226569762080242709e-02	3.179145822347242967e-02	7.793799962550643223e-02
1.201702121071972442e+03	2.466844628721138188e-01	1.611634866916776543e-01	2.571455780536597291e-01	1.528966373924208755e-01	7.230184794371095902e-02	3.181603928269206155e-02	7.799194776338143342e-02
1.203153452136069063e+03	2.464791786182554123e-01	1.610333725712860264e-01	2.572888335205018029e-01	1.529743129494171294e-01	7.233794556975108037e-02	3.184056867289862536e-02	7.804578809754653124e-02
1.204604783200165684e+03	2.462742525558800355e-01	1.609034733763653469e-01	2.574318496406227119e-01	1.530518665694467484e-01	7.237399039639513809e-02	3.186504657229820986e-02	7.809952088864843822e-02
1.206056114264262078e+03	2.460696840667125074e-01	1.607737887510471697e-01	2.575746268121022475e-01	1.531292984910771759e-01	7.240998232493249531e-02	3.188947315733178106e-02	7.815314639645329353e-02
1.207507445328358699e+03	2.458654725334465385e-01	1.606443183400527719e-01	2.577171654323581196e-01	1.532066089508473117e-01	7.244592126039539615e-02	3.191384860270826684e-02	7.820666487984823112e-02
1.208958776392455093e+03	2.456616173397452307e-01	1.605150617886922926e-01	2.578594658981469556e-01	1.532837981833058139e-01	7.248180711148628774e-02	3.193817308143692690e-02	7.826007659684308670e-02
1.210410107456551941e+03	2.454581178702411881e-01	1.603860187428637063e-01	2.580015286055655777e-01	1.533608664210486250e-01	7.251763979050640518e-02	3.196244676485893860e-02	7.831338180457216025e-02
1.211861438520648335e+03	2.452549735105368500e-01	1.602571888490518237e-01	2.581433539500518903e-01	1.534378138947558035e-01	7.255341921328568866e-02	3.198666982267837217e-02	7.836658075929615885e-02
1.213312769584745183e+03	2.450521836472047132e-01	1.601285717543273479e-01	2.582849423263861577e-01	1.535146408332276335e-01	7.258914529911403291e-02	3.201084242299245819e-02	7.841967371640426454e-02
1.214764100648841804e+03	2.448497476677873874e-01	1.600001671063459863e-01	2.584262941286919468e-01	1.535913474634200415e-01	7.262481797067381339e-02	3.203496473232114727e-02	7.847266093041635471e-02
1.216215431712937971e+03	2.446476649607978171e-01	1.598719745533472569e-01	2.585674097504372937e-01	1.536679340104794012e-01	7.266043715397357827e-02	3.205903691563611463e-02	7.852554265498522257e-02
1.217666762777034819e+03	2.444459349157195038e-01	1.597439937441537672e-01	2.587082895844357577e-01	1.537444006977765343e-01	7.269600277828305868e-02	3.208305913638903606e-02	7.857831914289903352e-02
1.219118093841131440e+03	2.442445569230063118e-01	1.596162243281701032e-01	2.588489340228474767e-01	1.538207477469403228e-01	7.273151477606935866e-02	3.210703155653930885e-02	7.863099064608380928e-02
1.220569424905228061e+03	2.440435303740827455e-01	1.594886659553818864e-01	2.589893434571802766e-01	1.538969753778902660e-01	7.276697308293432476e-02	3.213095433658112732e-02	7.868355741560599526e-02
1.222020755969324682e+03	2.438428546613438108e-01	1.593613182763548297e-01	2.591295182782908380e-01	1.539730838088688714e-01	7.280237763755302571e-02	3.215482763557003104e-02	7.873601970167523612e-02
1.223472087033421303e+03	2.436425291781549596e-01	1.592341809422337939e-01	2.592694588763855834e-01	1.540490732564731013e-01	7.283772838161343965e-02	3.217865161114879385e-02	7.878837775364704032e-02
1.224923418097517697e+03	2.434425533188521173e-01	1.591072536047417607e-01	2.594091656410218438e-01	1.541249439356852657e-01	7.287302525975726530e-02	3.220242641957280633e-02	7.884063182002568060e-02
1.226374749161614318e+03	2.432429264787415446e-01	1.589805359161789167e-01	2.595486389611090794e-01	1.542006960599034970e-01	7.290826821952173242e-02	3.222615221573489619e-02	7.889278214846717763e-02
1.227826080225710712e+03	2.430436480540996980e-01	1.588540275294217097e-01	2.596878792249096013e-01	1.542763298409713935e-01	7.294345721128261961e-02	3.224982915318962834e-02	7.894482898578220054e-02
1.229277411289807560e+03	2.428447174421730914e-01	1.587277280979219052e-01	2.598268868200400150e-01	1.543518454892073843e-01	7.297859218819822968e-02	3.227345738417702892e-02	7.899677257793923102e-02
1.230728742353903954e+03	2.426461340411781298e-01	1.586016372757055870e-01	2.599656621334720530e-01	1.544272432134331796e-01	7.301367310615447526e-02	3.229703705964584448e-02	7.904861317006765808e-02
1.232180073418000802e+03	2.424478972503008034e-01	1.584757547173721859e-01	2.601042055515337403e-01	1.545025232210019694e-01	7.304869992371092191e-02	3.232056832927628076e-02	7.910035100646098383e-02
1.233631404482097196e+03	2.422500064696966604e-01	1.583500800780935913e-01	2.602425174599104496e-01	1.545776857178259855e-01	7.308367260204787219e-02	3.234405134150224875e-02	7.915198633058007083e-02
1.235082735546193817e+03	2.420524611004902238e-01	1.582246130136131801e-01	2.603805982436460109e-01	1.546527309084033963e-01	7.311859110491443492e-02	3.236748624353317366e-02	7.920351938505647282e-02
1.236534066610290438e+03	2.418552605447750470e-01	1.580993531802448449e-01	2.605184482871435447e-01	1.547276589958449522e-01	7.315345539857752433e-02	3.239087318137524873e-02	7.925495041169579313e-02
1.237985397674387059e+03	2.416584042056130477e-01	1.579743002348721059e-01	2.606560679741668496e-01	1.548024701818998261e-01	7.318826545177184451e-02	3.241421229985232133e-02	7.930627965148102920e-02
1.239436728738483680e+03	2.414618914870344246e-01	1.578494538349470844e-01	2.607934576878411792e-01	1.548771646669812041e-01	7.322302123565076204e-02	3.243750374262630021e-02	7.935750734457609756e-02
1.240888059802580301e+03	2.412657217940371857e-01	1.577248136384896415e-01	2.609306178106544638e-01	1.549517426501912376e-01	7.325772272373815008e-02	3.246074765221709790e-02	7.940863373032928940e-02
1.242339390866676695e+03	2.410698945325867038e-01	1.576003793040863521e-01	2.610675487244584203e-01	1.550262043293455516e-01	7.329236989188110674e-02	3.248394417002219148e-02	7.945965904727680940e-02
1.243790721930773088e+03	2.408744091096153839e-01	1.574761504908896437e-01	2.612042508104693295e-01	1.551005499009972532e-01	7.332696271820347833e-02	3.250709343633574611e-02	7.951058353314630067e-02
1.245242052994869937e+03	2.406792649330221634e-01	1.573521268586167976e-01	2.613407244492694237e-01	1.551747795604605518e-01	7.336150118306036805e-02	3.253019559036732233e-02	7.956140742486046691e-02
1.246693384058966330e+03	2.404844614116720958e-01	1.572283080675490885e-01	2.614769700208077752e-01	1.552488935018338512e-01	7.339598526899343556e-02	3.255325077026022251e-02	7.961213095854068056e-02
1.248144715123063179e+03	2.402899979553958509e-01	1.571046937785307296e-01	2.616129879044012396e-01	1.553228919180223433e-01	7.343041496068697382e-02	3.257625911310939315e-02	7.966275436951064659e-02
1.249596046187159800e+03	2.400958739749891879e-01	1.569812836529680400e-01	2.617487784787356775e-01	1.553967750007603787e-01	7.346479024492490184e-02	3.259922075497898725e-02	7.971327789230003846e-02
1.251047377251256421e+03	2.399020888822123443e-01	1.568580773528285288e-01	2.618843421218668976e-01	1.554705429406331441e-01	7.349911111054849289e-02	3.262213583091955194e-02	7.976370176064824513e-02
1.252498708315352815e+03	2.397086420897896197e-01	1.567350745406398127e-01	2.620196792112218231e-01	1.555441959270981167e-01	7.353337754841490770e-02	3.264500447498483449e-02	7.981402620750803478e-02
1.253950039379449436e+03	2.395155330114087655e-01	1.566122748794889219e-01	2.621547901235994349e-01	1.556177341485059373e-01	7.356758955135654643e-02	3.266782682024828299e-02	7.986425146504930184e-02
1.255401370443546057e+03	2.393227610617203183e-01	1.564896780330211346e-01	2.622896752351717709e-01	1.556911577921210321e-01	7.360174711414108062e-02	3.269060299881910298e-02	7.991437776466281395e-02
1.256852701507642678e+03	2.391303256563371005e-01	1.563672836654391995e-01	2.624243349214849808e-01	1.557644670441417356e-01	7.363585023343222069e-02	3.271333314185807112e-02	7.996440533696395903e-02
1.258304032571739299e+03	2.389382262118335265e-01	1.562450914415023373e-01	2.625587695574605474e-01	1.558376620897200249e-01	7.366989890775135774e-02	3.273601737959299512e-02	8.001433441179651995e-02
1.259755363635835920e+03	2.387464621457449088e-01	1.561231010265253794e-01	2.626929795173960636e-01	1.559107431129809485e-01	7.370389313743971882e-02	3.275865584133379887e-02	8.006416521823646326e-02
1.261206694699932314e+03	2.385550328765668471e-01	1.560013120863778247e-01	2.628269651749664537e-01	1.559837102970416112e-01	7.373783292462142425e-02	3.278124865548737166e-02	8.011389798459574163e-02
1.262658025764028707e+03	2.383639378237545903e-01	1.558797242874828959e-01	2.629607269032249173e-01	1.560565638240297703e-01	7.377171827316710007e-02	3.280379594957202882e-02	8.016353293842602701e-02
1.264109356828125556e+03	2.381731764077222036e-01	1.557583372968166235e-01	2.630942650746039280e-01	1.561293038751020712e-01	7.380554918865817049e-02	3.282629785023174346e-02	8.021307030652256864e-02
1.265560687892221949e+03	2.379827480498419301e-01	1.556371507819069855e-01	2.632275800609164551e-01	1.562019306304620880e-01	7.383932567835194138e-02	3.284875448324999642e-02	8.026251031492796784e-02
1.267012018956318798e+03	2.377926521724434972e-01	1.555161644108329078e-01	2.633606722333566297e-01	1.562744442693777547e-01	7.387304775114721112e-02	3.287116597356343900e-02	8.031185318893598046e-02
1.268463350020415419e+03	2.376028881988132280e-01	1.553953778522233764e-01	2.634935419625011321e-01	1.563468449701986285e-01	7.390671541755054752e-02	3.289353244527519482e-02	8.036109915309533336e-02
1.269914681084511813e+03	2.374134555531934310e-01	1.552747907752566048e-01	2.636261896183100251e-01	1.564191329103727379e-01	7.394032868964325877e-02	3.291585402166790492e-02	8.041024843121348520e-02
1.271366012148608434e+03	2.372243536607814562e-01	1.551544028496589789e-01	2.637586155701279189e-01	1.564913082664631250e-01	7.397388758104890549e-02	3.293813082521655777e-02	8.045930124636051228e-02
1.272817343212705055e+03	2.370355819477290571e-01	1.550342137457043079e-01	2.638908201866848047e-01	1.565633712141641931e-01	7.400739210690146508e-02	3.296036297760092382e-02	8.050825782087280003e-02
1.274268674276801676e+03	2.368471398411413631e-01	1.549142231342127696e-01	2.640228038360971086e-01	1.566353219283174170e-01	7.404084228381407895e-02	3.298255059971791359e-02	8.055711837635688710e-02
1.275720005340898297e+03	2.366590267690762972e-01	1.547944306865500774e-01	2.641545668858689688e-01	1.567071605829270520e-01	7.407423812984838263e-02	3.300469381169349875e-02	8.060588313369326796e-02
1.277171336404994690e+03	2.364712421605435766e-01	1.546748360746266204e-01	2.642861097028928463e-01	1.567788873511754555e-01	7.410757966448440481e-02	3.302679273289452905e-02	8.065455231304012595e-02
1.278622667469091539e+03	2.362837854455038522e-01	1.545554389708964360e-01	2.644174326534508568e-01	1.568505024054379637e-01	7.414086690859106321e-02	3.304884748194024391e-02	8.070312613383713585e-02
1.280073998533187932e+03	2.360966560548679039e-01	1.544362390483564607e-01	2.645485361032156590e-01	1.569220059172976578e-01	7.417409988439713220e-02	3.307085817671354122e-02	8.075160481480921082e-02
1.281525329597284326e+03	2.359098534204956965e-01	1.543172359805454752e-01	2.646794204172514542e-01	1.569933980575597687e-01	7.420727861546287663e-02	3.309282493437204486e-02	8.079998857397023559e-02
1.282976660661381175e+03	2.357233769751955477e-01	1.541984294415432721e-01	2.648100859600150958e-01	1.570646789962657219e-01	7.424040312665212971e-02	3.311474787135893633e-02	8.084827762862686895e-02
1.284427991725477568e+03	2.355372261527231559e-01	1.540798191059698508e-01	2.649405330953568116e-01	1.571358489027070982e-01	7.427347344410488439e-02	3.313662710341355039e-02	8.089647219538217970e-02
1.285879322789574417e+03	2.353514003877807126e-01	1.539614046489843624e-01	2.650707621865216468e-01	1.572069079454390950e-01	7.430648959521045371e-02	3.315846274558176265e-02	8.094457249013944922e-02
1.287330653853671038e+03	2.351658991160158751e-01	1.538431857462843333e-01	2.652007735961502410e-01	1.572778562922938772e-01	7.433945160858111689e-02	3.318025491222621054e-02	8.099257872810580738e-02
1.288781984917767431e+03	2.349807217740210175e-01	1.537251620741046931e-01	2.653305676862797724e-01	1.573486941103935943e-01	7.437235951402623724e-02	3.320200371703622283e-02	8.104049112379597963e-02
1.290233315981864052e+03	2.347958677993321197e-01	1.536073333092169146e-01	2.654601448183448453e-01	1.574194215661631757e-01	7.440521334252687968e-02	3.322370927303763127e-02	8.108830989103590903e-02
