1.001418434226643626e+03	2.851766785274543747e-01	1.711776846418193998e-01	2.347665774313765219e-01	1.422823480252974893e-01	6.905459463599013248e-02	2.758119875865592402e-02	6.996091797937319112e-02
1.003837319333471214e+03	2.847400371804281738e-01	1.709108597973131582e-01	2.350641056446158561e-01	1.424622888827191680e-01	6.912878432946975571e-02	2.762282334175735279e-02	7.007110082366352355e-02
1.006256204440298802e+03	2.843046530303880992e-01	1.706448032563795403e-01	2.353607579171807518e-01	1.426416843319825711e-01	6.920276229989862082e-02	2.766436465944000986e-02	7.018097450469724941e-02
1.008675089547126618e+03	2.838705224518067727e-01	1.703795128031119210e-01	2.356565367834668467e-01	1.428205361452551392e-01	6.927652913403758994e-02	2.770582283320679323e-02	7.029053984908174846e-02
1.011093974653954206e+03	2.834376418296394862e-01	1.701149862280135761e-01	2.359514447705555185e-01	1.429988460880464163e-01	6.935008541722097186e-02	2.774719798454500924e-02	7.039979768194574994e-02
1.013512859760782021e+03	2.830060075592939484e-01	1.698512213279788907e-01	2.362454843982353947e-01	1.431766159192417454e-01	6.942343173336049111e-02	2.778849023492639680e-02	7.050874882692982626e-02
1.015931744867609382e+03	2.825756160465996980e-01	1.695882159062746253e-01	2.365386581790231979e-01	1.433538473911356859e-01	6.949656866494909047e-02	2.782969970580711008e-02	7.061739410617731694e-02
1.018350629974437197e+03	2.821464637077775728e-01	1.693259677725213741e-01	2.368309686181848672e-01	1.435305422494652094e-01	6.956949679306463630e-02	2.787082651862770807e-02	7.072573434032534967e-02
1.020769515081264785e+03	2.817185469694096778e-01	1.690644747426750250e-01	2.371224182137564029e-01	1.437067022334426458e-01	6.964221669737366560e-02	2.791187079481309910e-02	7.083377034849622222e-02
1.023188400188092373e+03	2.812918622684090209e-01	1.688037346390080240e-01	2.374130094565649052e-01	1.438823290757883511e-01	6.971472895613496645e-02	2.795283265577249918e-02	7.094150294828890924e-02
1.025607285294920075e+03	2.808664060519895922e-01	1.685437452900913069e-01	2.377027448302492518e-01	1.440574245027631539e-01	6.978703414620310297e-02	2.799371222289934874e-02	7.104893295577094370e-02
1.028026170401747549e+03	2.804421747776359441e-01	1.682845045307755083e-01	2.379916268112809985e-01	1.442319902342006910e-01	6.985913284303189863e-02	2.803450961757123980e-02	7.115606118547045111e-02
1.030445055508575479e+03	2.800191649130737148e-01	1.680260102021728374e-01	2.382796578689850286e-01	1.444060279835391591e-01	6.993102562067782246e-02	2.807522496114980490e-02	7.126288845036835018e-02
1.032863940615402726e+03	2.795973729362395410e-01	1.677682601516387872e-01	2.385668404655602037e-01	1.445795394578532622e-01	7.000271305180333359e-02	2.811585837498059917e-02	7.136941556189092817e-02
1.035282825722230655e+03	2.791767953352513598e-01	1.675112522327539266e-01	2.388531770561000411e-01	1.447525263578856580e-01	7.007419570768014250e-02	2.815640998039297890e-02	7.147564332990252733e-02
1.037701710829058356e+03	2.787574286083788766e-01	1.672549843053055818e-01	2.391386700886130312e-01	1.449249903780782667e-01	7.014547415819241682e-02	2.819687989869995928e-02	7.158157256269846724e-02
1.040120595935886058e+03	2.783392692640138111e-01	1.669994542352698508e-01	2.394233220040433985e-01	1.450969332066032735e-01	7.021654897184000099e-02	2.823726825119804440e-02	7.168720406699820302e-02
1.042539481042713533e+03	2.779223138206405319e-01	1.667446598947935621e-01	2.397071352362912522e-01	1.452683565253940212e-01	7.028742071574142769e-02	2.827757515916706418e-02	7.179253864793867790e-02
1.044958366149541234e+03	2.775065588068065803e-01	1.664905991621761783e-01	2.399901122122331532e-01	1.454392620101756239e-01	7.035808995563705426e-02	2.831780074387000093e-02	7.189757710906785615e-02
1.047377251256368709e+03	2.770920007610935820e-01	1.662372699218519212e-01	2.402722553517422366e-01	1.456096513304954154e-01	7.042855725589200477e-02	2.835794512655276725e-02	7.200232025233847810e-02
1.049796136363196410e+03	2.766786362320878268e-01	1.659846700643718143e-01	2.405535670677085569e-01	1.457795261497529249e-01	7.049882317949912602e-02	2.839800842844402914e-02	7.210676887810202329e-02
1.052215021470024112e+03	2.762664617783513465e-01	1.657327974863859466e-01	2.408340497660592383e-01	1.459488881252301307e-01	7.056888828808188796e-02	2.843799077075496659e-02	7.221092378510282628e-02
1.054633906576851814e+03	2.758554739683925505e-01	1.654816500906255705e-01	2.411137058457785420e-01	1.461177389081209366e-01	7.063875314189727028e-02	2.847789227467904805e-02	7.231478577047241452e-02
1.057052791683679516e+03	2.754456693806376366e-01	1.652312257858854772e-01	2.413925376989280169e-01	1.462860801435608982e-01	7.070841829983851023e-02	2.851771306139178411e-02	7.241835562972402662e-02
1.059471676790506763e+03	2.750370446034015592e-01	1.649815224870062325e-01	2.416705477106663724e-01	1.464539134706565049e-01	7.077788431943790592e-02	2.855745325205048465e-02	7.252163415674728331e-02
1.061890561897334692e+03	2.746295962348592745e-01	1.647325381148566359e-01	2.419477382592696013e-01	1.466212405225142679e-01	7.084715175686955024e-02	2.859711296779397435e-02	7.262462214380306647e-02
1.064309447004162394e+03	2.742233208830170965e-01	1.644842705963160401e-01	2.422241117161507140e-01	1.467880629262696690e-01	7.091622116695199540e-02	2.863669232974233592e-02	7.272732038151853706e-02
1.066728332110990095e+03	2.738182151656841090e-01	1.642367178642569758e-01	2.424996704458795560e-01	1.469543823031158047e-01	7.098509310315088972e-02	2.867619145899661867e-02	7.282972965888237504e-02
1.069147217217817570e+03	2.734142757104435772e-01	1.639898778575276661e-01	2.427744168062027086e-01	1.471202002683320020e-01	7.105376811758164213e-02	2.871561047663853672e-02	7.293185076324013028e-02
1.071566102324645271e+03	2.730114991546247483e-01	1.637437485209344290e-01	2.430483531480631676e-01	1.472855184313120736e-01	7.112224676101189247e-02	2.875494950373017750e-02	7.303368448028980942e-02
1.073984987431472746e+03	2.726098821452740961e-01	1.634983278052246358e-01	2.433214818156198000e-01	1.474503383955923785e-01	7.119052958286417598e-02	2.879420866131367912e-02	7.313523159407749052e-02
1.076403872538300675e+03	2.722094213391273998e-01	1.632536136670691418e-01	2.435938051462672727e-01	1.476146617588798560e-01	7.125861713121833807e-02	2.883338807041089732e-02	7.323649288699328463e-02
1.078822757645127922e+03	2.718101134025815990e-01	1.630096040690451331e-01	2.438653254706552864e-01	1.477784901130796968e-01	7.132650995281404616e-02	2.887248785202309667e-02	7.333746913976728343e-02
1.081241642751955851e+03	2.714119550116664281e-01	1.627662969796190851e-01	2.441360451127083109e-01	1.479418250443228222e-01	7.139420859305321831e-02	2.891150812713058973e-02	7.343816113146571511e-02
1.083660527858783553e+03	2.710149428520166048e-01	1.625236903731293037e-01	2.444059663896447909e-01	1.481046681329932502e-01	7.146171359600245188e-02	2.895044901669239015e-02	7.353856963948730840e-02
1.086079412965611255e+03	2.706190736188440193e-01	1.622817822297690227e-01	2.446750916119967145e-01	1.482670209537552963e-01	7.152902550439543816e-02	2.898931064164586568e-02	7.363869543955971209e-02
1.088498298072438729e+03	2.702243440169095900e-01	1.620405705355693893e-01	2.449434230836288195e-01	1.484288850755805245e-01	7.159614485963526620e-02	2.902809312290636004e-02	7.373853930573609494e-02
1.090917183179266431e+03	2.698307507604958411e-01	1.618000532823823667e-01	2.452109631017578006e-01	1.485902620617744752e-01	7.166307220179682358e-02	2.906679658136682165e-02	7.383810201039189836e-02
1.093336068286093905e+03	2.694382905733789246e-01	1.615602284678639144e-01	2.454777139569716271e-01	1.487511534700032834e-01	7.172980806962903078e-02	2.910542113789742549e-02	7.393738432422171380e-02
1.095754953392921607e+03	2.690469601888014761e-01	1.613210940954569739e-01	2.457436779332486665e-01	1.489115608523201018e-01	7.179635300055721425e-02	2.914396691334518799e-02	7.403638701623631302e-02
1.098173838499749309e+03	2.686567563494445254e-01	1.610826481743747318e-01	2.460088573079767249e-01	1.490714857551913297e-01	7.186270753068529915e-02	2.918243402853356108e-02	7.413511085375970588e-02
1.100592723606577010e+03	2.682676758074005186e-01	1.608448887195837729e-01	2.462732543519721429e-01	1.492309297195227036e-01	7.192887219479812688e-02	2.922082260426203670e-02	7.423355660242654530e-02
1.103011608713404712e+03	2.678797153241458395e-01	1.606078137517873428e-01	2.465368713294987246e-01	1.493898942806851371e-01	7.199484752636362006e-02	2.925913276130573740e-02	7.433172502617942101e-02
1.105430493820231959e+03	2.674928716705135545e-01	1.603714212974087228e-01	2.467997104982866952e-01	1.495483809685404231e-01	7.206063405753501683e-02	2.929736462041499304e-02	7.442961688726645875e-02
1.107849378927059888e+03	2.671071416266661003e-01	1.601357093885745486e-01	2.470617741095515463e-01	1.497063913074667407e-01	7.212623231915303579e-02	2.933551830231493143e-02	7.452723294623887773e-02
1.110268264033887590e+03	2.667225219820685833e-01	1.599006760630982127e-01	2.473230644080129381e-01	1.498639268163840799e-01	7.219164284074805482e-02	2.937359392770504118e-02	7.462457396194888126e-02
1.112687149140715292e+03	2.663390095354614129e-01	1.596663193644633494e-01	2.475835836319132677e-01	1.500209890087793874e-01	7.225686615054230377e-02	2.941159161725872759e-02	7.472164069154739463e-02
1.115106034247542766e+03	2.659566010948332671e-01	1.594326373418073484e-01	2.478433340130365981e-01	1.501775793927316027e-01	7.232190277545191837e-02	2.944951149162289630e-02	7.481843389048219162e-02
1.117524919354370468e+03	2.655752934773947249e-01	1.591996280499048955e-01	2.481023177767271992e-01	1.503336994709364438e-01	7.238675324108914677e-02	2.948735367141748151e-02	7.491495431249590997e-02
1.119943804461197942e+03	2.651950835095509551e-01	1.589672895491516802e-01	2.483605371419081720e-01	1.504893507407311648e-01	7.245141807176440352e-02	2.952511827723501223e-02	7.501120270962435832e-02
1.122362689568025871e+03	2.648159680268754035e-01	1.587356199055479089e-01	2.486179943210999610e-01	1.506445346941191477e-01	7.251589779048833728e-02	2.956280542964015434e-02	7.510717983219476757e-02
1.124781574674853118e+03	2.644379438740829813e-01	1.585046171906821233e-01	2.488746915204388954e-01	1.507992528177940772e-01	7.258019291897400971e-02	2.960041524916923530e-02	7.520288642882429209e-02
1.127200459781681047e+03	2.640610079050036973e-01	1.582742794817149079e-01	2.491306309396955632e-01	1.509535065931642828e-01	7.264430397763886604e-02	2.963794785632979656e-02	7.529832324641852481e-02
1.129619344888508749e+03	2.636851569825559016e-01	1.580446048613627363e-01	2.493858147722932683e-01	1.511072974963766635e-01	7.270823148560684457e-02	2.967540337160009742e-02	7.539349103017009557e-02
1.132038229995336451e+03	2.633103879787201951e-01	1.578155914178818175e-01	2.496402452053263221e-01	1.512606269983406970e-01	7.277197596071038888e-02	2.971278191542867445e-02	7.548839052355751922e-02
1.134457115102163925e+03	2.629366977745130063e-01	1.575872372450518866e-01	2.498939244195783616e-01	1.514134965647520592e-01	7.283553791949251566e-02	2.975008360823381756e-02	7.558302246834393279e-02
1.136876000208991627e+03	2.625640832599604457e-01	1.573595404421604116e-01	2.501468545895404461e-01	1.515659076561162721e-01	7.289891787720881311e-02	2.978730857040312249e-02	7.567738760457609626e-02
1.139294885315819101e+03	2.621925413340719380e-01	1.571324991139863292e-01	2.503990378834294317e-01	1.517178617277720187e-01	7.296211634782946709e-02	2.982445692229298076e-02	7.577148667058342113e-02
1.141713770422646803e+03	2.618220689048145755e-01	1.569061113707843069e-01	2.506504764632058735e-01	1.518693602299144574e-01	7.302513384404127339e-02	2.986152878422809048e-02	7.586532040297705448e-02
1.144132655529474505e+03	2.614526628890865845e-01	1.566803753282685896e-01	2.509011724845922053e-01	1.520204046076183979e-01	7.308797087724963615e-02	2.989852427650096026e-02	7.595888953664915733e-02
1.146551540636302207e+03	2.610843202126919005e-01	1.564552891075974284e-01	2.511511280970909477e-01	1.521709963008611166e-01	7.315062795758055236e-02	2.993544351937141995e-02	7.605219480477216909e-02
1.148970425743129908e+03	2.607170378103139674e-01	1.562308508353570935e-01	2.514003454440022489e-01	1.523211367445453379e-01	7.321310559388259642e-02	2.997228663306608989e-02	7.614523693879821087e-02
1.151389310849957155e+03	2.603508126254903132e-01	1.560070586435461093e-01	2.516488266624420933e-01	1.524708273685216886e-01	7.327540429372889075e-02	3.000905373777790208e-02	7.623801666845855807e-02
1.153808195956785084e+03	2.599856416105865153e-01	1.557839106695595721e-01	2.518965738833601753e-01	1.526200695976113741e-01	7.333752456341913195e-02	3.004574495366556589e-02	7.633053472176323795e-02
1.156227081063612786e+03	2.596215217267708875e-01	1.555614050561735795e-01	2.521435892315573857e-01	1.527688648516285219e-01	7.339946690798150597e-02	3.008236040085307192e-02	7.642279182500059942e-02
1.158645966170440488e+03	2.592584499439887225e-01	1.553395399515294373e-01	2.523898748257040192e-01	1.529172145454023857e-01	7.346123183117464484e-02	3.011890019942916122e-02	7.651478870273714650e-02
1.161064851277267962e+03	2.588964232409370347e-01	1.551183135091181442e-01	2.526354327783572051e-01	1.530651200887994112e-01	7.352281983548963895e-02	3.015536446944681870e-02	7.660652607781727463e-02
1.163483736384095664e+03	2.585354386050390252e-01	1.548977238877649876e-01	2.528802651959785042e-01	1.532125828867452466e-01	7.358423142215192447e-02	3.019175333092272498e-02	7.669800467136314581e-02
1.165902621490923138e+03	2.581754930324187125e-01	1.546777692516138336e-01	2.531243741789517276e-01	1.533596043392465025e-01	7.364546709112329559e-02	3.022806690383676373e-02	7.678922520277470243e-02
1.168321506597751068e+03	2.578165835278760087e-01	1.544584477701118619e-01	2.533677618216003680e-01	1.535061858414124014e-01	7.370652734110380577e-02	3.026430530813146308e-02	7.688018838972963953e-02
1.170740391704578315e+03	2.574587071048611286e-01	1.542397576179941054e-01	2.536104302122050846e-01	1.536523287834763718e-01	7.376741266953372456e-02	3.030046866371149256e-02	7.697089494818359912e-02
1.173159276811406244e+03	2.571018607854499982e-01	1.540216969752681297e-01	2.538523814330210793e-01	1.537980345508173641e-01	7.382812357259550817e-02	3.033655709044310103e-02	7.706134559237022563e-02
1.175578161918233945e+03	2.567460416003188306e-01	1.538042640271987116e-01	2.540936175602957481e-01	1.539433045239812226e-01	7.388866054521570081e-02	3.037257070815360671e-02	7.715154103480155456e-02
1.177997047025061647e+03	2.563912465887193681e-01	1.535874569642925735e-01	2.543341406642858349e-01	1.540881400787016409e-01	7.394902408106689140e-02	3.040850963663084550e-02	7.724148198626822059e-02
1.180415932131889122e+03	2.560374727984539023e-01	1.533712739822832294e-01	2.545739528092746395e-01	1.542325425859213672e-01	7.400921467256962871e-02	3.044437399562262975e-02	7.733116915583991557e-02
1.182834817238716823e+03	2.556847172858506823e-01	1.531557132821157186e-01	2.548130560535896150e-01	1.543765134118128268e-01	7.406923281089439204e-02	3.048016390483622093e-02	7.742060325086580486e-02
1.185253702345544298e+03	2.553329771157391570e-01	1.529407730699315904e-01	2.550514524496190760e-01	1.545200539177990773e-01	7.412907898596350631e-02	3.051587948393776409e-02	7.750978497697505465e-02
1.187672587452371999e+03	2.549822493614250507e-01	1.527264515570538050e-01	2.552891440438297965e-01	1.546631654605742923e-01	7.418875368645305723e-02	3.055152085255176397e-02	7.759871503807744264e-02
1.190091472559199701e+03	2.546325311046662154e-01	1.525127469599716068e-01	2.555261328767838847e-01	1.548058493921242174e-01	7.424825739979488970e-02	3.058708813026053339e-02	7.768739413636395474e-02
1.192510357666027403e+03	2.542838194356477066e-01	1.522996575003256470e-01	2.557624209831557138e-01	1.549481070597466259e-01	7.430759061217841188e-02	3.062258143660362766e-02	7.777582297230747899e-02
1.194929242772855105e+03	2.539361114529576913e-01	1.520871814048930237e-01	2.559980103917492977e-01	1.550899398060714141e-01	7.436675380855267692e-02	3.065800089107732079e-02	7.786400224466367981e-02
1.197348127879682352e+03	2.535894042635629675e-01	1.518753169055723495e-01	2.562329031255149436e-01	1.552313489690808068e-01	7.442574747262821477e-02	3.069334661313403989e-02	7.795193265047171971e-02
1.199767012986510281e+03	2.532436949827846506e-01	1.516640622393689297e-01	2.564671012015662388e-01	1.553723358821292588e-01	7.448457208687903064e-02	3.072861872218181356e-02	7.803961488505514743e-02
1.202185898093337983e+03	2.528989807342740259e-01	1.514534156483798577e-01	2.567006066311967594e-01	1.555129018739633273e-01	7.454322813254446456e-02	3.076381733758372025e-02	7.812704964202288327e-02
1.204604783200165684e+03	2.525552586499882346e-01	1.512433753797794433e-01	2.569334214198971678e-01	1.556530482687414341e-01	7.460171608963121759e-02	3.079894257865734009e-02	7.821423761327020441e-02
1.207023668306993159e+03	2.522125258701665151e-01	1.510339396858042804e-01	2.571655475673716995e-01	1.557927763860534054e-01	7.466003643691519753e-02	3.083399456467417893e-02	7.830117948897977187e-02
1.209442553413820860e+03	2.518707795433058894e-01	1.508251068237386749e-01	2.573969870675549831e-01	1.559320875409400398e-01	7.471818965194354512e-02	3.086897341485914451e-02	7.838787595762274074e-02
1.211861438520648335e+03	2.515300168261374592e-01	1.506168750558999625e-01	2.576277419086287490e-01	1.560709830439124257e-01	7.477617621103649359e-02	3.090387924838996353e-02	7.847432770595992590e-02
1.214280323627476264e+03	2.511902348836023702e-01	1.504092426496240475e-01	2.578578140730383161e-01	1.562094642009712597e-01	7.483399658928939491e-02	3.093871218439662313e-02	7.856053541904300941e-02
1.216699208734303511e+03	2.508514308888281086e-01	1.502022078772506375e-01	2.580872055375093010e-01	1.563475323136258310e-01	7.489165126057456545e-02	3.097347234196083654e-02	7.864649978021576171e-02
1.219118093841131440e+03	2.505136020231048533e-01	1.499957690161088375e-01	2.583159182730639380e-01	1.564851886789132840e-01	7.494914069754331221e-02	3.100815984011545332e-02	7.873222147111540170e-02
1.221536978947959142e+03	2.501767454758616616e-01	1.497899243485027732e-01	2.585439542450376771e-01	1.566224345894172698e-01	7.500646537162783400e-02	3.104277479784392849e-02	7.881770117167390122e-02
1.223955864054786844e+03	2.498408584446430714e-01	1.495846721616969910e-01	2.587713154130955595e-01	1.567592713332869869e-01	7.506362575304323381e-02	3.107731733407973623e-02	7.890293956011940057e-02
1.226374749161614318e+03	2.495059381350854533e-01	1.493800107479022754e-01	2.589980037312487049e-01	1.568957001942556939e-01	7.512062231078936447e-02	3.111178756770582865e-02	7.898793731297767962e-02
1.228793634268442020e+03	2.491719817608935850e-01	1.491759384042611325e-01	2.592240211478704093e-01	1.570317224516593058e-01	7.517745551265292425e-02	3.114618561755406675e-02	7.907269510507362875e-02
1.231212519375269494e+03	2.488389865438173087e-01	1.489724534328335515e-01	2.594493696057125764e-01	1.571673393804549068e-01	7.523412582520927483e-02	3.118051160240466538e-02	7.915721360953277552e-02
1.233631404482097196e+03	2.485069497136282168e-01	1.487695541405828770e-01	2.596740510419219272e-01	1.573025522512390140e-01	7.529063371382448133e-02	3.121476564098562070e-02	7.924149349778286666e-02
1.236050289588924898e+03	2.481758685080964477e-01	1.485672388393613763e-01	2.598980673880562087e-01	1.574373623302659786e-01	7.534697964265731074e-02	3.124894785197216210e-02	7.932553543955551956e-02
1.238469174695752372e+03	2.478457401729674270e-01	1.483655058458962228e-01	2.601214205701002369e-01	1.575717708794659444e-01	7.540316407466109150e-02	3.128305835398618312e-02	7.940934010288787370e-02
1.240888059802580301e+03	2.475165619619388857e-01	1.481643534817753960e-01	2.603441125084820507e-01	1.577057791564629718e-01	7.545918747158580908e-02	3.131709726559567947e-02	7.949290815412425604e-02
1.243306944909407548e+03	2.471883311366377400e-01	1.479637800734334152e-01	2.605661451180887878e-01	1.578393884145929127e-01	7.551505029397996560e-02	3.135106470531420081e-02	7.957624025791797118e-02
1.245725830016235477e+03	2.468610449665971096e-01	1.477637839521374619e-01	2.607875203082831161e-01	1.579725999029212846e-01	7.557075300119263372e-02	3.138496079160027485e-02	7.965933707723307777e-02
1.248144715123063179e+03	2.465347007292335024e-01	1.475643634539733351e-01	2.610082399829187216e-01	1.581054148662609515e-01	7.562629605137541344e-02	3.141878564285684877e-02	7.974219927334622038e-02
1.250563600229890881e+03	2.462092957098238888e-01	1.473655169198314074e-01	2.612283060403563506e-01	1.582378345451896651e-01	7.568167990148443047e-02	3.145253937743074102e-02	7.982482750584843356e-02
1.252982485336718355e+03	2.458848272014830805e-01	1.471672426953928303e-01	2.614477203734797972e-01	1.583698601760677449e-01	7.573690500728229302e-02	3.148622211361206541e-02	7.990722243264711255e-02
1.255401370443546057e+03	2.455612925051408046e-01	1.469695391311155730e-01	2.616664848697116130e-01	1.585014929910552317e-01	7.579197182334013183e-02	3.151983396963368295e-02	7.998938470996790062e-02
1.257820255550373531e+03	2.452386889295193328e-01	1.467724045822205725e-01	2.618846014110287612e-01	1.586327342181294009e-01	7.584688080303954305e-02	3.155337506367063283e-02	8.007131499235670136e-02
1.260239140657201460e+03	2.449170137911106659e-01	1.465758374086779947e-01	2.621020718739784372e-01	1.587635850811019156e-01	7.590163239857464217e-02	3.158684551383958428e-02	8.015301393268160768e-02
1.262658025764028707e+03	2.445962644141542464e-01	1.463798359751934397e-01	2.623188981296940558e-01	1.588940467996358408e-01	7.595622706095400689e-02	3.162024543819828837e-02	8.023448218213499739e-02
1.265076910870856636e+03	2.442764381306143651e-01	1.461843986511942306e-01	2.625350820439102395e-01	1.590241205892627407e-01	7.601066524000277269e-02	3.165357495474498822e-02	8.031572039023560095e-02
1.267495795977684338e+03	2.439575322801579293e-01	1.459895238108156468e-01	2.627506254769788607e-01	1.591538076613995822e-01	7.606494738436452019e-02	3.168683418141789165e-02	8.039672920483056928e-02
1.269914681084511813e+03	2.436395442101319808e-01	1.457952098328874624e-01	2.629655302838844189e-01	1.592831092233654988e-01	7.611907394150342621e-02	3.172002323609459523e-02	8.047750927209762484e-02
1.272333566191339514e+03	2.433224712755416297e-01	1.456014551009202074e-01	2.631797983142596387e-01	1.594120264783984997e-01	7.617304535770617890e-02	3.175314223659153612e-02	8.055806123654728201e-02
1.274752451298167216e+03	2.430063108390278226e-01	1.454082580030916783e-01	2.633934314124008469e-01	1.595405606256721509e-01	7.622686207808405945e-02	3.178619130066345777e-02	8.063838574102492884e-02
1.277171336404994690e+03	2.426910602708452491e-01	1.452156169322333379e-01	2.636064314172832934e-01	1.596687128603120620e-01	7.628052454657496817e-02	3.181917054600282707e-02	8.071848342671315846e-02
1.279590221511822392e+03	2.423767169488401652e-01	1.450235302858169650e-01	2.638188001625768608e-01	1.597964843734123175e-01	7.633403320594543684e-02	3.185208009023929310e-02	8.079835493313396177e-02
1.282009106618650094e+03	2.420632782584286324e-01	1.448319964659411097e-01	2.640305394766607194e-01	1.599238763520517692e-01	7.638738849779264095e-02	3.188492005093914589e-02	8.087800089815103122e-02
1.284427991725477568e+03	2.417507415925744807e-01	1.446410138793176314e-01	2.642416511826392589e-01	1.600508899793103845e-01	7.644059086254650914e-02	3.191769054560473357e-02	8.095742195797209217e-02
1.286846876832305497e+03	2.414391043517673807e-01	1.444505809372585992e-01	2.644521370983569097e-01	1.601775264342853444e-01	7.649364073947169385e-02	3.195039169167395582e-02	8.103661874715119284e-02
1.289265761939132744e+03	2.411283639440012228e-01	1.442606960556626627e-01	2.646619990364136310e-01	1.603037868921070863e-01	7.654653856666966683e-02	3.198302360651969489e-02	8.111559189859109120e-02
1.291684647045960673e+03	2.408185177847523839e-01	1.440713576550019526e-01	2.648712388041798427e-01	1.604296725239552357e-01	7.659928478108078698e-02	3.201558640744926049e-02	8.119434204354564200e-02
1.294103532152788375e+03	2.405095632969578567e-01	1.438825641603087846e-01	2.650798582038113582e-01	1.605551844970746767e-01	7.665187981848631260e-02	3.204808021170384852e-02	8.127286981162228086e-02
1.296522417259616077e+03	2.402014979109938497e-01	1.436943140011624487e-01	2.652878590322648722e-01	1.606803239747910950e-01	7.670432411351046920e-02	3.208050513645801377e-02	8.135117583078435577e-02
1.298941302366443551e+03	2.398943190646542489e-01	1.435066056116760802e-01	2.654952430813126707e-01	1.608050921165268821e-01	7.675661809962254500e-02	3.211286129881909396e-02	8.142926072735366672e-02
1.301360187473271253e+03	2.395880242031290241e-01	1.433194374304834484e-01	2.657020121375575639e-01	1.609294900778166504e-01	7.680876220913893104e-02	3.214514881582669625e-02	8.150712512601292203e-02
1.303779072580098727e+03	2.392826107789829126e-01	1.431328079007259391e-01	2.659081679824479849e-01	1.610535190103228598e-01	7.686075687322521666e-02	3.217736780445214217e-02	8.158476964980826418e-02
1.306197957686926657e+03	2.389780762521340474e-01	1.429467154700394815e-01	2.661137123922927561e-01	1.611771800618510553e-01	7.691260252189824342e-02	3.220951838159791941e-02	8.166219492015179549e-02
1.308616842793753904e+03	2.386744180898327239e-01	1.427611585905415315e-01	2.663186471382759102e-01	1.613004743763655491e-01	7.696429958402822846e-02	3.224160066409717529e-02	8.173940155682418718e-02
1.311035727900581833e+03	2.383716337666400287e-01	1.425761357188180811e-01	2.665229739864716230e-01	1.614234030940044362e-01	7.701584848734081834e-02	3.227361476871314083e-02	8.181639017797717739e-02
1.313454613007409534e+03	2.380697207644068836e-01	1.423916453159108086e-01	2.667266946978587572e-01	1.615459673510948879e-01	7.706724965841914299e-02	3.230556081213861730e-02	8.189316140013620793e-02
1.315873498114237009e+03	2.377686765722528406e-01	1.422076858473040051e-01	2.669298110283356840e-01	1.616681682801682229e-01	7.711850352270598064e-02	3.233743891099544882e-02	8.196971583820310270e-02
1.318292383221064711e+03	2.374684986865449599e-01	1.420242557829118624e-01	2.671323247287349933e-01	1.617900070099750343e-01	7.716961050450583948e-02	3.236924918183396727e-02	8.204605410545859345e-02
1.320711268327892412e+03	2.371691846108770485e-01	1.418413535970655948e-01	2.673342375448380381e-01	1.619114846654999829e-01	7.722057102698703934e-02	3.240099174113247188e-02	8.212217681356509535e-02
1.323130153434719887e+03	2.368707318560484831e-01	1.416589777685006712e-01	2.675355512173893668e-01	1.620326023679768135e-01	7.727138551218383500e-02	3.243266670529670881e-02	8.219808457256932988e-02
1.325549038541547588e+03	2.365731379400435874e-01	1.414771267803440202e-01	2.677362674821116562e-01	1.621533612349030651e-01	7.732205438099848394e-02	3.246427419065933684e-02	8.227377799090504484e-02
1.327967923648375290e+03	2.362764003880107322e-01	1.412957991201013730e-01	2.679363880697198663e-01	1.622737623800546980e-01	7.737257805320342519e-02	3.249581431347939309e-02	8.234925767539572061e-02
1.330386808755202765e+03	2.359805167322416297e-01	1.411149932796445516e-01	2.681359147059357295e-01	1.623938069135008877e-01	7.742295694744334711e-02	3.252728718994177953e-02	8.242452423125733174e-02
1.332805693862030694e+03	2.356854845121506004e-01	1.409347077551987848e-01	2.683348491115022938e-01	1.625134959416184299e-01	7.747319148123733845e-02	3.255869293615673565e-02	8.249957826210105316e-02
1.335224578968857941e+03	2.353913012742540334e-01	1.407549410473302176e-01	2.685331930021981894e-01	1.626328305671063401e-01	7.752328207098101165e-02	3.259003166815931107e-02	8.257442036993607737e-02
1.337643464075685870e+03	2.350979645721498201e-01	1.405756916609332829e-01	2.687309480888521174e-01	1.627518118890000642e-01	7.757322913194861225e-02	3.262130350190886596e-02	8.264905115517240386e-02
1.340062349182513572e+03	2.348054719664968704e-01	1.403969581052182114e-01	2.689281160773567825e-01	1.628704410026859672e-01	7.762303307829516996e-02	3.265250855328852980e-02	8.272347121662361469e-02
1.342481234289341273e+03	2.345138210249946287e-01	1.402187388936983747e-01	2.691246986686835485e-01	1.629887189999154329e-01	7.767269432305863586e-02	3.268364693810470872e-02	8.279768115150973329e-02
1.344900119396168748e+03	2.342230093223627574e-01	1.400410325441780734e-01	2.693206975588964824e-01	1.631066469688191578e-01	7.772221327816199177e-02	3.271471877208654427e-02	8.287168155546002779e-02
1.347319004502996449e+03	2.339330344403207917e-01	1.398638375787400467e-01	2.695161144391662322e-01	1.632242259939210849e-01	7.777159035441544299e-02	3.274572417088542076e-02	8.294547302251586984e-02
1.349737889609823924e+03	2.336438939675679616e-01	1.396871525237329270e-01	2.697109509957848483e-01	1.633414571561525863e-01	7.782082596151854159e-02	3.277666325007445869e-02	8.301905614513364895e-02
1.352156774716651853e+03	2.333555854997628187e-01	1.395109759097590829e-01	2.699052089101789398e-01	1.634583415328662304e-01	7.786992050806233745e-02	3.280753612514799439e-02	8.309243151418754803e-02
1.354575659823479100e+03	2.330681066395033085e-01	1.393353062716622126e-01	2.700988898589244958e-01	1.635748801978497702e-01	7.791887440153151545e-02	3.283834291152107343e-02	8.316559971897255488e-02
1.356994544930307029e+03	2.327814549963065638e-01	1.391601421485151036e-01	2.702919955137605412e-01	1.636910742213399106e-01	7.796768804830658817e-02	3.286908372452895105e-02	8.323856134720729327e-02
1.359413430037134731e+03	2.324956281865889485e-01	1.389854820836073923e-01	2.704845275416030148e-01	1.638069246700359083e-01	7.801636185366603304e-02	3.289975867942659254e-02	8.331131698503700667e-02
1.361832315143962205e+03	2.322106238336459905e-01	1.388113246244333798e-01	2.706764876045589796e-01	1.639224326071134497e-01	7.806489622178848509e-02	3.293036789138815978e-02	8.338386721703640314e-02
1.364251200250789907e+03	2.319264395676326473e-01	1.386376683226797357e-01	2.708678773599402789e-01	1.640375990922380012e-01	7.811329155575484628e-02	3.296091147550652550e-02	8.345621262621273628e-02
1.366670085357617609e+03	2.316430730255433779e-01	1.384645117342136189e-01	2.710586984602774696e-01	1.641524251815784374e-01	7.816154825755051994e-02	3.299138954679278757e-02	8.352835379400865012e-02
1.369088970464445310e+03	2.313605218511922135e-01	1.382918534190702708e-01	2.712489525533334778e-01	1.642669119278203915e-01	7.820966672806754783e-02	3.302180222017574163e-02	8.360029130030520450e-02
1.371507855571272785e+03	2.310787836951933294e-01	1.381196919414412194e-01	2.714386412821174765e-01	1.643810603801797166e-01	7.825764736710683067e-02	3.305214961050142314e-02	8.367202572342484490e-02
1.373926740678100487e+03	2.307978562149411439e-01	1.379480258696620665e-01	2.716277662848986529e-01	1.644948715844157805e-01	7.830549057338022367e-02	3.308243183253258002e-02	8.374355764013437231e-02
1.376345625784927961e+03	2.305177370745907228e-01	1.377768537762006917e-01	2.718163291952198635e-01	1.646083465828445114e-01	7.835319674451281247e-02	3.311264900094820773e-02	8.381488762564802408e-02
1.378764510891755890e+03	2.302384239450383230e-01	1.376061742376450403e-01	2.720043316419110124e-01	1.647214864143518032e-01	7.840076627704506418e-02	3.314280123034307052e-02	8.388601625363042991e-02
1.381183395998583137e+03	2.299599145039018244e-01	1.374359858346914098e-01	2.721917752491031517e-01	1.648342921144064777e-01	7.844819956643497849e-02	3.317288863522720871e-02	8.395694409619965104e-02
1.383602281105411066e+03	2.296822064355012460e-01	1.372662871521324879e-01	2.723786616362416368e-01	1.649467647150732741e-01	7.849549700706033584e-02	3.320291133002543915e-02	8.402767172393023343e-02
1.386021166212238768e+03	2.294052974308394832e-01	1.370970767788455003e-01	2.725649924180997830e-01	1.650589052450258942e-01	7.854265899222089009e-02	3.323286942907690417e-02	8.409819970585624693e-02
1.388440051319066470e+03	2.291291851875828789e-01	1.369283533077803316e-01	2.727507692047922427e-01	1.651707147295598255e-01	7.858968591414049187e-02	3.326276304663457889e-02	8.416852860947432458e-02
1.390858936425893944e+03	2.288538674100419335e-01	1.367601153359479238e-01	2.729359936017886068e-01	1.652821941906052750e-01	7.863657816396939226e-02	3.329259229686479249e-02	8.423865900074674340e-02
1.393277821532721646e+03	2.285793418091521534e-01	1.365923614644082851e-01	2.731206672099268373e-01	1.653933446467397150e-01	7.868333613178637997e-02	3.332235729384675632e-02	8.430859144410453310e-02
1.395696706639549120e+03	2.283056061024548722e-01	1.364250902982589719e-01	2.733047916254264242e-01	1.655041671132007619e-01	7.872996020660097405e-02	3.335205815157211290e-02	8.437832650245051525e-02
1.398115591746377049e+03	2.280326580140780712e-01	1.362583004466233483e-01	2.734883684399018744e-01	1.656146626018988044e-01	7.877645077635571369e-02	3.338169498394442936e-02	8.444786473716241193e-02
1.400534476853204296e+03	2.277604952747174505e-01	1.360919905226388726e-01	2.736713992403759788e-01	1.657248321214294662e-01	7.882280822792828157e-02	3.341126790477876030e-02	8.451720670809591274e-02
1.402953361960032225e+03	2.274891156216173049e-01	1.359261591434455241e-01	2.738538856092928575e-01	1.658346766770862069e-01	7.886903294713373813e-02	3.344077702780117595e-02	8.458635297358785277e-02
1.405372247066859927e+03	2.272185167985517340e-01	1.357608049301742836e-01	2.740358291245316158e-01	1.659441972708726454e-01	7.891512531872676983e-02	3.347022246664829725e-02	8.465530409045930738e-02
1.407791132173687402e+03	2.269486965558056013e-01	1.355959265079355325e-01	2.742172313594190558e-01	1.660533949015150779e-01	7.896108572640389567e-02	3.349960433486683098e-02	8.472406061401863142e-02
1.410210017280515103e+03	2.266796526501557718e-01	1.354315225058074779e-01	2.743980938827431104e-01	1.661622705644747178e-01	7.900691455280561826e-02	3.352892274591311866e-02	8.479262309806474829e-02
1.412628902387342805e+03	2.264113828448523491e-01	1.352675915568248011e-01	2.745784182587658329e-01	1.662708252519599361e-01	7.905261217951876918e-02	3.355817781315269949e-02	8.486099209489013362e-02
1.415047787494170507e+03	2.261438849095999126e-01	1.351041322979671666e-01	2.747582060472364418e-01	1.663790599529385017e-01	7.909817898707863226e-02	3.358736964985981066e-02	8.492916815528404884e-02
1.417466672600997981e+03	2.258771566205389214e-01	1.349411433701477592e-01	2.749374588034043110e-01	1.664869756531496547e-01	7.914361535497117794e-02	3.361649836921697110e-02	8.499715182853564976e-02
1.419885557707825683e+03	2.256111957602270346e-01	1.347786234182019593e-01	2.751161780780320698e-01	1.665945733351162916e-01	7.918892166163535307e-02	3.364556408431453732e-02	8.506494366243719241e-02
1.422304442814653157e+03	2.253460001176205429e-01	1.346165710908759916e-01	2.752943654174085375e-01	1.667018539781567887e-01	7.923409828446523195e-02	3.367456690815023163e-02	8.513254420328714156e-02
1.424723327921481086e+03	2.250815674880559392e-01	1.344549850408155722e-01	2.754720223633613796e-01	1.668088185583971317e-01	7.927914559981232012e-02	3.370350695362873267e-02	8.519995399589339047e-02
1.427142213028308333e+03	2.248178956732313216e-01	1.342938639245546961e-01	2.756491504532703751e-01	1.669154680487827669e-01	7.932406398298774697e-02	3.373238433356118282e-02	8.526717358357636944e-02
1.429561098135136262e+03	2.245549824811882422e-01	1.341332064025042847e-01	2.758257512200799622e-01	1.670218034190903700e-01	7.936885380826445846e-02	3.376119916066479959e-02	8.533420350817229327e-02
1.431979983241963964e+03	2.242928257262931102e-01	1.339730111389411116e-01	2.760018261923121718e-01	1.671278256359396974e-01	7.941351544887954861e-02	3.378995154756241764e-02	8.540104431003629759e-02
1.434398868348791666e+03	2.240314232292190122e-01	1.338132768019964780e-01	2.761773768940793405e-01	1.672335356628052994e-01	7.945804927703643827e-02	3.381864160678203779e-02	8.546769652804567241e-02
1.436817753455619140e+03	2.237707728169275045e-01	1.336540020636452497e-01	2.763524048450968218e-01	1.673389344600281492e-01	7.950245566390712337e-02	3.384726945075643839e-02	8.553416069960301238e-02
1.439236638562446842e+03	2.235108723226503780e-01	1.334951855996944770e-01	2.765269115606956984e-01	1.674440229848272177e-01	7.954673497963438145e-02	3.387583519182270353e-02	8.560043736063943642e-02
1.441655523669274316e+03	2.232517195858715331e-01	1.333368260897725421e-01	2.767008985518354947e-01	1.675488021913110748e-01	7.959088759333407537e-02	3.390433894222180666e-02	8.566652704561780740e-02
1.444074408776102018e+03	2.229933124523088839e-01	1.331789222173180021e-01	2.768743673251164994e-01	1.676532730304893803e-01	7.963491387309738767e-02	3.393278081409820818e-02	8.573243028753588235e-02
1.446493293882929493e+03	2.227356487738964275e-01	1.330214726695685967e-01	2.770473193827928116e-01	1.677574364502844306e-01	7.967881418599299936e-02	3.396116091949939741e-02	8.579814761792958766e-02
1.448912178989757422e+03	2.224787264087660921e-01	1.328644761375502581e-01	2.772197562227844969e-01	1.678612933955422604e-01	7.972258889806939364e-02	3.398947937037549022e-02	8.586367956687622482e-02
1.451331064096585123e+03	2.222225432212300011e-01	1.327079313160661189e-01	2.773916793386903001e-01	1.679648448080442169e-01	7.976623837435711795e-02	3.401773627857882648e-02	8.592902666299763459e-02
1.453749949203412370e+03	2.219670970817624600e-01	1.325518369036856603e-01	2.775630902197999683e-01	1.680680916265181457e-01	7.980976297887094895e-02	3.404593175586352605e-02	8.599418943346347211e-02
1.456168834310240300e+03	2.217123858669822201e-01	1.323961916027337482e-01	2.777339903511067964e-01	1.681710347866496313e-01	7.985316307461223784e-02	3.407406591388509320e-02	8.605916840399442658e-02
1.458587719417068001e+03	2.214584074596347429e-01	1.322409941192798088e-01	2.779043812133200619e-01	1.682736752210930720e-01	7.989643902357108918e-02	3.410213886420000728e-02	8.612396409886541315e-02
1.461006604523895703e+03	2.212051597485742982e-01	1.320862431631269207e-01	2.780742642828771816e-01	1.683760138594829481e-01	7.993959118672867847e-02	3.413015071826528551e-02	8.618857704090884808e-02
1.463425489630723177e+03	2.209526406287465605e-01	1.319319374478012397e-01	2.782436410319562015e-01	1.684780516284448137e-01	7.998261992405940324e-02	3.415810158743812913e-02	8.625300775151785448e-02
1.465844374737550879e+03	2.207008480011708185e-01	1.317780756905409523e-01	2.784125129284880096e-01	1.685797894516061768e-01	8.002552559453322834e-02	3.418599158297547236e-02	8.631725675064949588e-02
1.468263259844378354e+03	2.204497797729224606e-01	1.316246566122856732e-01	2.785808814361688257e-01	1.686812282496076842e-01	8.006830855611790643e-02	3.421382081603360770e-02	8.638132455682803745e-02
1.470682144951206283e+03	2.201994338571154342e-01	1.314716789376658423e-01	2.787487480144718588e-01	1.687823689401138361e-01	8.011096916578122618e-02	3.424158939766777654e-02	8.644521168714816572e-02
1.473101030058033530e+03	2.199498081728848975e-01	1.313191413949918451e-01	2.789161141186602411e-01	1.688832124378238930e-01	8.015350777949324657e-02	3.426929743883178059e-02	8.650891865727823593e-02
1.475519915164861459e+03	2.197009006453696789e-01	1.311670427162434649e-01	2.790829811997985188e-01	1.689837596544827292e-01	8.019592475222861450e-02	3.429694505037758634e-02	8.657244598146349168e-02
1.477938800271689161e+03	2.194527092056949846e-01	1.310153816370593638e-01	2.792493507047651979e-01	1.690840114988914900e-01	8.023822043796874359e-02	3.432453234305492262e-02	8.663579417252940951e-02
1.480357685378516862e+03	2.192052317909551074e-01	1.308641568967263413e-01	2.794152240762645123e-01	1.691839688769183336e-01	8.028039518970410404e-02	3.435205942751091979e-02	8.669896374188479360e-02
1.482776570485344337e+03	2.189584663441961065e-01	1.307133672381688982e-01	2.795806027528386362e-01	1.692836326915091172e-01	8.032244935943651243e-02	3.437952641428967948e-02	8.676195519952512036e-02
