1.001418434226643626e+03	2.852054750991414034e-01	1.711429371769803420e-01	2.347347199415351360e-01	1.422934325210990503e-01	6.906300115535178585e-02	2.758213504588498746e-02	6.997829905997693389e-02
1.002869765290740247e+03	2.849432995533460189e-01	1.709828163513285870e-01	2.349132436614368713e-01	1.424015323503186325e-01	6.910755923730700634e-02	2.760704860815547251e-02	7.004450023807701209e-02
1.004321096354836754e+03	2.846815771615167634e-01	1.708229723016583546e-01	2.350914519211856624e-01	1.425094355999624862e-01	6.915204107894165619e-02	2.763193209738052519e-02	7.011058983932415278e-02
1.005772427418933376e+03	2.844203071391939730e-01	1.706634045487846751e-01	2.352693452686815678e-01	1.426171426528035358e-01	6.919644680677149162e-02	2.765678554113007795e-02	7.017656804260427594e-02
1.007223758483029997e+03	2.841594887032793948e-01	1.705041126143546915e-01	2.354469242508755999e-01	1.427246538907534223e-01	6.924077654712534891e-02	2.768160896696589615e-02	7.024243502661522975e-02
1.008675089547126618e+03	2.838991210720341329e-01	1.703450960208460763e-01	2.356241894137712511e-01	1.428319696948653073e-01	6.928503042614540808e-02	2.770640240244160932e-02	7.030819096986587469e-02
1.010126420611223239e+03	2.836392034650758731e-01	1.701863542915657002e-01	2.358011413024259650e-01	1.429390904453363698e-01	6.932920856978760926e-02	2.773116587510271805e-02	7.037383605067543124e-02
1.011577751675319632e+03	2.833797351033767731e-01	1.700278869506480772e-01	2.359777804609531904e-01	1.430460165215103607e-01	6.937331110382201349e-02	2.775589941248661832e-02	7.043937044717266116e-02
1.013029082739416367e+03	2.831207152092610202e-01	1.698696935230540328e-01	2.361541074325236300e-01	1.431527483018802116e-01	6.941733815383309414e-02	2.778060304212263965e-02	7.050479433729509027e-02
1.014480413803512761e+03	2.828621430064025000e-01	1.697117735345690659e-01	2.363301227593670450e-01	1.432592861640906989e-01	6.946128984522015326e-02	2.780527679153202425e-02	7.057010789878823132e-02
1.015931744867609382e+03	2.826040177198222980e-01	1.695541265118021002e-01	2.365058269827738924e-01	1.433656304849408314e-01	6.950516630319758526e-02	2.782992068822799647e-02	7.063531130920495948e-02
1.017383075931706003e+03	2.823463385758865352e-01	1.693967519821839296e-01	2.366812206430969068e-01	1.434717816403865143e-01	6.954896765279526549e-02	2.785453475971573153e-02	7.070040474590470747e-02
1.018834406995802851e+03	2.820891048023039249e-01	1.692396494739658308e-01	2.368563042797528218e-01	1.435777400055430197e-01	6.959269401885886941e-02	2.787911903349240064e-02	7.076538838605278547e-02
1.020285738059899245e+03	2.818323156281233310e-01	1.690828185162180641e-01	2.370310784312238128e-01	1.436835059546875126e-01	6.963634552605017791e-02	2.790367353704718140e-02	7.083026240661963180e-02
1.021737069123995752e+03	2.815759702837314915e-01	1.689262586388284026e-01	2.372055436350592461e-01	1.437890798612616039e-01	6.967992229884743816e-02	2.792819829786126820e-02	7.089502698438020223e-02
1.023188400188092373e+03	2.813200680008509091e-01	1.687699693725008832e-01	2.373797004278773437e-01	1.438944620978738209e-01	6.972342446154564111e-02	2.795269334340788614e-02	7.095968229591326226e-02
1.024639731252188767e+03	2.810646080125369095e-01	1.686139502487541408e-01	2.375535493453666824e-01	1.439996530363020777e-01	6.976685213825685461e-02	2.797715870115231179e-02	7.102422851760072098e-02
1.026091062316285615e+03	2.808095895531760866e-01	1.684582007999201880e-01	2.377270909222878592e-01	1.441046530474962006e-01	6.981020545291054258e-02	2.800159439855186977e-02	7.108866582562699266e-02
1.027542393380382237e+03	2.805550118584833608e-01	1.683027205591428044e-01	2.379003256924751009e-01	1.442094625015803433e-01	6.985348452925388418e-02	2.802600046305596393e-02	7.115299439597831677e-02
1.028993724444478858e+03	2.803008741654999247e-01	1.681475090603762323e-01	2.380732541888379017e-01	1.443140817678554011e-01	6.989668949085202365e-02	2.805037692210607739e-02	7.121721440444218898e-02
1.030445055508575479e+03	2.800471757125909122e-01	1.679925658383837339e-01	2.382458769433625501e-01	1.444185112148015926e-01	6.993982046108845885e-02	2.807472380313578639e-02	7.128132602660668116e-02
1.031896386572671872e+03	2.797939157394430110e-01	1.678378904287361750e-01	2.384181944871137659e-01	1.445227512100807910e-01	6.998287756316523556e-02	2.809904113357076030e-02	7.134532943785991399e-02
1.033347717636768493e+03	2.795410934870622421e-01	1.676834823678105546e-01	2.385902073502364218e-01	1.446268021205389664e-01	7.002586092010333607e-02	2.812332894082878246e-02	7.140922481338936312e-02
1.034799048700865114e+03	2.792887081977715735e-01	1.675293411927886722e-01	2.387619160619568470e-01	1.447306643122086567e-01	7.006877065474290123e-02	2.814758725231976053e-02	7.147301232818133176e-02
1.036250379764961508e+03	2.790367591152084770e-01	1.673754664416556293e-01	2.389333211505846877e-01	1.448343381503111871e-01	7.011160688974357735e-02	2.817181609544572307e-02	7.153669215702038175e-02
1.037701710829058356e+03	2.787852454843230965e-01	1.672218576531985246e-01	2.391044231435144607e-01	1.449378239992593076e-01	7.015436974758472444e-02	2.819601549760082648e-02	7.160026447448870901e-02
1.039153041893154750e+03	2.785341665513754728e-01	1.670685143670049833e-01	2.392752225672269695e-01	1.450411222226593855e-01	7.019705935056580470e-02	2.822018548617137232e-02	7.166372945496565783e-02
1.040604372957251599e+03	2.782835215639334336e-01	1.669154361234617689e-01	2.394457199472910525e-01	1.451442331833138755e-01	7.023967582080656302e-02	2.824432608853579690e-02	7.172708727262713801e-02
1.042055704021347992e+03	2.780333097708703738e-01	1.667626224637533405e-01	2.396159158083652208e-01	1.452471572432236513e-01	7.028221928024731835e-02	2.826843733206469561e-02	7.179033810144508365e-02
1.043507035085444613e+03	2.777835304223627566e-01	1.666100729298605476e-01	2.397858106741989626e-01	1.453498947635903094e-01	7.032468985064929679e-02	2.829251924412081592e-02	7.185348211518692574e-02
1.044958366149541234e+03	2.775341827698882269e-01	1.664577870645591873e-01	2.399554050676346029e-01	1.454524461048186112e-01	7.036708765359485362e-02	2.831657185205905397e-02	7.191651948741512035e-02
1.046409697213637855e+03	2.772852660662228907e-01	1.663057644114185052e-01	2.401246995106087190e-01	1.455548116265187319e-01	7.040941281048772316e-02	2.834059518322646840e-02	7.197945039148657964e-02
1.047861028277734476e+03	2.770367795654392618e-01	1.661540045148000577e-01	2.402936945241538058e-01	1.456569916875086190e-01	7.045166544255333785e-02	2.836458926496228036e-02	7.204227500055220001e-02
1.049312359341831097e+03	2.767887225229040404e-01	1.660025069198561021e-01	2.404623906283997747e-01	1.457589866458162409e-01	7.049384567083903652e-02	2.838855412459788050e-02	7.210499348755640414e-02
1.050763690405927491e+03	2.765410941952759494e-01	1.658512711725282363e-01	2.406307883425754801e-01	1.458607968586819736e-01	7.053595361621436965e-02	2.841248978945681847e-02	7.216760602523662749e-02
1.052215021470024112e+03	2.762938938405030687e-01	1.657002968195461778e-01	2.407988881850104679e-01	1.459624226825608773e-01	7.057798939937129368e-02	2.843639628685480647e-02	7.223011278612280484e-02
1.053666352534120733e+03	2.760471207178209485e-01	1.655495834084261542e-01	2.409666906731362801e-01	1.460638644731248881e-01	7.061995314082450403e-02	2.846027364409972268e-02	7.229251394253700946e-02
1.055117683598217127e+03	2.758007740877502223e-01	1.653991304874697643e-01	2.411341963234882035e-01	1.461651225852651503e-01	7.066184496091162948e-02	2.848412188849161475e-02	7.235480966659293967e-02
1.056569014662313975e+03	2.755548532120943861e-01	1.652489376057624249e-01	2.413014056517067685e-01	1.462661973730942921e-01	7.070366497979349574e-02	2.850794104732269282e-02	7.241700013019547466e-02
1.058020345726410369e+03	2.753093573539376338e-01	1.650990043131720098e-01	2.414683191725393308e-01	1.463670891899486459e-01	7.074541331745437533e-02	2.853173114787731918e-02	7.247908550504025826e-02
1.059471676790506763e+03	2.750642857776424144e-01	1.649493301603475737e-01	2.416349373998414873e-01	1.464677983883905799e-01	7.078709009370222349e-02	2.855549221743202901e-02	7.254106596261326867e-02
1.060923007854603611e+03	2.748196377488474895e-01	1.647999146987179642e-01	2.418012608465787694e-01	1.465683253202105518e-01	7.082869542816892794e-02	2.857922428325550962e-02	7.260294167419037437e-02
1.062374338918700232e+03	2.745754125344653240e-01	1.646507574804904339e-01	2.419672900248281688e-01	1.466686703364294964e-01	7.087022944031054483e-02	2.860292737260859350e-02	7.266471281083698719e-02
1.063825669982796853e+03	2.743316094026803653e-01	1.645018580586491974e-01	2.421330254457795816e-01	1.467688337873009619e-01	7.091169224940753468e-02	2.862660151274427911e-02	7.272637954340757660e-02
1.065277001046893474e+03	2.740882276229464343e-01	1.643532159869542375e-01	2.422984676197374732e-01	1.468688160223133310e-01	7.095308397456501215e-02	2.865024673090769622e-02	7.278794204254537825e-02
1.066728332110990095e+03	2.738452664659844493e-01	1.642048308199398621e-01	2.424636170561222936e-01	1.469686173901920134e-01	7.099440473471294033e-02	2.867386305433611282e-02	7.284940047868189439e-02
1.068179663175086489e+03	2.736027252037805391e-01	1.640567021129133163e-01	2.426284742634721436e-01	1.470682382389016385e-01	7.103565464860640832e-02	2.869745051025893862e-02	7.291075502203661629e-02
1.069630994239183110e+03	2.733606031095836553e-01	1.639088294219534225e-01	2.427930397494441617e-01	1.471676789156482201e-01	7.107683383482581163e-02	2.872100912589771807e-02	7.297200584261660794e-02
1.071082325303279504e+03	2.731188994579033524e-01	1.637612123039093315e-01	2.429573140208161619e-01	1.472669397668813218e-01	7.111794241177714360e-02	2.874453892846610611e-02	7.303315311021613132e-02
1.072533656367376352e+03	2.728776135245076784e-01	1.636138503163991620e-01	2.431212975834880774e-01	1.473660211382962215e-01	7.115898049769217582e-02	2.876803994516988205e-02	7.309419699441634111e-02
1.073984987431472746e+03	2.726367445864208428e-01	1.634667430178085579e-01	2.432849909424835422e-01	1.474649233748360766e-01	7.119994821062865242e-02	2.879151220320692525e-02	7.315513766458489608e-02
1.075436318495569594e+03	2.723962919219212186e-01	1.633198899672893833e-01	2.434483946019514178e-01	1.475636468206940333e-01	7.124084566847055378e-02	2.881495572976722208e-02	7.321597528987565384e-02
1.076887649559666215e+03	2.721562548105389556e-01	1.631732907247583908e-01	2.436115090651672366e-01	1.476621918193153915e-01	7.128167298892836012e-02	2.883837055203285205e-02	7.327671003922832382e-02
1.078338980623762609e+03	2.719166325330537592e-01	1.630269448508959718e-01	2.437743348345347838e-01	1.477605587133996867e-01	7.132243028953914876e-02	2.886175669717797390e-02	7.333734208136813426e-02
1.079790311687859230e+03	2.716774243714931147e-01	1.628808519071446304e-01	2.439368724115875964e-01	1.478587478449028547e-01	7.136311768766692709e-02	2.888511419236882566e-02	7.339787158480552687e-02
1.081241642751955851e+03	2.714386296091295114e-01	1.627350114557079008e-01	2.440991222969904617e-01	1.479567595550392300e-01	7.140373530050275752e-02	2.890844306476370376e-02	7.345829871783585152e-02
1.082692973816052472e+03	2.712002475304787774e-01	1.625894230595487655e-01	2.442610849905409165e-01	1.480545941842838220e-01	7.144428324506504890e-02	2.893174334151296656e-02	7.351862364853903320e-02
1.084144304880149093e+03	2.709622774212977481e-01	1.624440862823884890e-01	2.444227609911707733e-01	1.481522520723742575e-01	7.148476163819969531e-02	2.895501504975901350e-02	7.357884654477936381e-02
1.085595635944245487e+03	2.707247185685819346e-01	1.622990006887052583e-01	2.445841507969476192e-01	1.482497335583128628e-01	7.152517059658033971e-02	2.897825821663627816e-02	7.363896757420512751e-02
1.087046967008342108e+03	2.704875702605634702e-01	1.621541658437327671e-01	2.447452549050762594e-01	1.483470389803688005e-01	7.156551023670852663e-02	2.900147286927121787e-02	7.369898690424833698e-02
1.088498298072438729e+03	2.702508317867091669e-01	1.620095813134590779e-01	2.449060738119002156e-01	1.484441686760801238e-01	7.160578067491396581e-02	2.902465903478229636e-02	7.375890470212448369e-02
1.089949629136535123e+03	2.700145024377180181e-01	1.618652466646251786e-01	2.450666080129034474e-01	1.485411229822557744e-01	7.164598202735472654e-02	2.904781674027997682e-02	7.381872113483224640e-02
1.091400960200631971e+03	2.697785815055191438e-01	1.617211614647237061e-01	2.452268580027114342e-01	1.486379022349776924e-01	7.168611441001739026e-02	2.907094601286671492e-02	7.387843636915328305e-02
1.092852291264728365e+03	2.695430682832699043e-01	1.615773252819974748e-01	2.453868242750930351e-01	1.487345067696027867e-01	7.172617793871730041e-02	2.909404687963693115e-02	7.393805057165189765e-02
1.094303622328825213e+03	2.693079620653534567e-01	1.614337376854385053e-01	2.455465073229617379e-01	1.488309369207650168e-01	7.176617272909872891e-02	2.911711936767701417e-02	7.399756390867481826e-02
1.095754953392921607e+03	2.690732621473766462e-01	1.612903982447864426e-01	2.457059076383773244e-01	1.489271930223774187e-01	7.180609889663512602e-02	2.914016350406529662e-02	7.405697654635101657e-02
1.097206284457018228e+03	2.688389678261680626e-01	1.611473065305273067e-01	2.458650257125471472e-01	1.490232754076340205e-01	7.184595655662927294e-02	2.916317931587204121e-02	7.411628865059138871e-02
1.098657615521114849e+03	2.686050783997757097e-01	1.610044621138922161e-01	2.460238620358277672e-01	1.491191844090119789e-01	7.188574582421350390e-02	2.918616683015942681e-02	7.417550038708858873e-02
1.100108946585211470e+03	2.683715931674650612e-01	1.608618645668561109e-01	2.461824170977264525e-01	1.492149203582734673e-01	7.192546681434984490e-02	2.920912607398154157e-02	7.423461192131676489e-02
1.101560277649308091e+03	2.681385114297166750e-01	1.607195134621363652e-01	2.463406913869024550e-01	1.493104835864677571e-01	7.196511964183029131e-02	2.923205707438435511e-02	7.429362341853136542e-02
1.103011608713404712e+03	2.679058324882243602e-01	1.605774083731916768e-01	2.464986853911685927e-01	1.494058744239331049e-01	7.200470442127693271e-02	2.925495985840571855e-02	7.435253504376894418e-02
1.104462939777501106e+03	2.676735556458929022e-01	1.604355488742204849e-01	2.466563995974928036e-01	1.495010932002987514e-01	7.204422126714221664e-02	2.927783445307533330e-02	7.441134696184689701e-02
1.105914270841597499e+03	2.674416802068358967e-01	1.602939345401599158e-01	2.468138344919995064e-01	1.495961402444869193e-01	7.208367029370901791e-02	2.930068088541474408e-02	7.447005933736332295e-02
1.107365601905694348e+03	2.672102054763738632e-01	1.601525649466843948e-01	2.469709905599711264e-01	1.496910158847148120e-01	7.212305161509094398e-02	2.932349918243732159e-02	7.452867233469681607e-02
1.108816932969790741e+03	2.669791307610320241e-01	1.600114396702044250e-01	2.471278682858494835e-01	1.497857204484963900e-01	7.216236534523247370e-02	2.934628937114823824e-02	7.458718611800627118e-02
1.110268264033887590e+03	2.667484553685380289e-01	1.598705582878651721e-01	2.472844681532372357e-01	1.498802542626444800e-01	7.220161159790916550e-02	2.936905147854446813e-02	7.464560085123068955e-02
1.111719595097984211e+03	2.665181786078202331e-01	1.597299203775454091e-01	2.474407906448994887e-01	1.499746176532726072e-01	7.224079048672781000e-02	2.939178553161474888e-02	7.470391669808902624e-02
1.113170926162080832e+03	2.662882997890051451e-01	1.595895255178559624e-01	2.475968362427650171e-01	1.500688109457969377e-01	7.227990212512662438e-02	2.941449155733958168e-02	7.476213382208002356e-02
1.114622257226177226e+03	2.660588182234158161e-01	1.594493732881386017e-01	2.477526054279279299e-01	1.501628344649382496e-01	7.231894662637544657e-02	2.943716958269119999e-02	7.482025238648203069e-02
1.116073588290273847e+03	2.658297332235693422e-01	1.593094632684647349e-01	2.479080986806490305e-01	1.502566885347238201e-01	7.235792410357592963e-02	2.945981963463355571e-02	7.487827255435286489e-02
1.117524919354370468e+03	2.656010441031750879e-01	1.591697950396341599e-01	2.480633164803572321e-01	1.503503734784892576e-01	7.239683466966168046e-02	2.948244174012230184e-02	7.493619448852961717e-02
1.118976250418467089e+03	2.653727501771322439e-01	1.590303681831737592e-01	2.482182593056509734e-01	1.504438896188804720e-01	7.243567843739849577e-02	2.950503592610478204e-02	7.499401835162854135e-02
1.120427581482563710e+03	2.651448507615283834e-01	1.588911822813361685e-01	2.483729276342997727e-01	1.505372372778555623e-01	7.247445551938448693e-02	2.952760221951999248e-02	7.505174430604490132e-02
1.121878912546660331e+03	2.649173451736367424e-01	1.587522369170986103e-01	2.485273219432455882e-01	1.506304167766865931e-01	7.251316602805031597e-02	2.955014064729857143e-02	7.510937251395284620e-02
1.123330243610756725e+03	2.646902327319144432e-01	1.586135316741616175e-01	2.486814427086042611e-01	1.507234284359615928e-01	7.255181007565930651e-02	2.957265123636279233e-02	7.516690313730524375e-02
1.124781574674853118e+03	2.644635127560004406e-01	1.584750661369477287e-01	2.488352904056669590e-01	1.508162725755863576e-01	7.259038777430767975e-02	2.959513401362651869e-02	7.522433633783358331e-02
1.126232905738949967e+03	2.642371845667133567e-01	1.583368398906002672e-01	2.489888655089015912e-01	1.509089495147862836e-01	7.262889923592470709e-02	2.961758900599521099e-02	7.528167227704783693e-02
1.127684236803046360e+03	2.640112474860495384e-01	1.581988525209820640e-01	2.491421684919542801e-01	1.510014595721083097e-01	7.266734457227286281e-02	2.964001624036588164e-02	7.533891111623634840e-02
1.129135567867143209e+03	2.637857008371808920e-01	1.580611036146741255e-01	2.492951998276506931e-01	1.510938030654226383e-01	7.270572389494804610e-02	2.966241574362708452e-02	7.539605301646576385e-02
1.130586898931239830e+03	2.635605439444529963e-01	1.579235927589745792e-01	2.494479599879975973e-01	1.511859803119246504e-01	7.274403731537971984e-02	2.968478754265890113e-02	7.545309813858079584e-02
1.132038229995336451e+03	2.633357761333829372e-01	1.577863195418972297e-01	2.496004494441840804e-01	1.512779916281366821e-01	7.278228494483110489e-02	2.970713166433290586e-02	7.551004664320425108e-02
1.133489561059432845e+03	2.631113967306572543e-01	1.576492835521704217e-01	2.497526686665832718e-01	1.513698373299098565e-01	7.282046689439931886e-02	2.972944813551215565e-02	7.556689869073690557e-02
1.134940892123529466e+03	2.628874050641299420e-01	1.575124843792357621e-01	2.499046181247533693e-01	1.514615177324259709e-01	7.285858327501559817e-02	2.975173698305116562e-02	7.562365444135735193e-02
1.136392223187626087e+03	2.626638004628205070e-01	1.573759216132467886e-01	2.500562982874394158e-01	1.515530331501991623e-01	7.289663419744542294e-02	2.977399823379588140e-02	7.568031405502198550e-02
1.137843554251722708e+03	2.624405822569116364e-01	1.572395948450679148e-01	2.502077096225744923e-01	1.516443838970778779e-01	7.293461977228871129e-02	2.979623191458365475e-02	7.573687769146483784e-02
1.139294885315819101e+03	2.622177497777476440e-01	1.571035036662730144e-01	2.503588525972811896e-01	1.517355702862464573e-01	7.297254010997999973e-02	2.981843805224323671e-02	7.579334551019757671e-02
1.140746216379915950e+03	2.619953023578319717e-01	1.569676476691442835e-01	2.505097276778729953e-01	1.518265926302271585e-01	7.301039532078858196e-02	2.984061667359474285e-02	7.584971767050939506e-02
1.142197547444012343e+03	2.617732393308254690e-01	1.568320264466709912e-01	2.506603353298557657e-01	1.519174512408816846e-01	7.304818551481867539e-02	2.986276780544962206e-02	7.590599433146692776e-02
1.143648878508108737e+03	2.615515600315442835e-01	1.566966395925481759e-01	2.508106760179290018e-01	1.520081464294131823e-01	7.308591080200964318e-02	2.988489147461066003e-02	7.596217565191420995e-02
1.145100209572205586e+03	2.613302637959578067e-01	1.565614867011755340e-01	2.509607502059874040e-01	1.520986785063678515e-01	7.312357129213609142e-02	2.990698770787193067e-02	7.601826179047257992e-02
1.146551540636302207e+03	2.611093499611867874e-01	1.564265673676561164e-01	2.511105583571220934e-01	1.521890477816367770e-01	7.316116709480809110e-02	2.992905653201877875e-02	7.607425290554067909e-02
1.148002871700398828e+03	2.608888178655012213e-01	1.562918811877950787e-01	2.512601009336220548e-01	1.522792545644575668e-01	7.319869831947130312e-02	2.995109797382780603e-02	7.613014915529431326e-02
1.149454202764495449e+03	2.606686668483183533e-01	1.561574277580985437e-01	2.514093783969756357e-01	1.523692991634162941e-01	7.323616507540717246e-02	2.997311206006683659e-02	7.618595069768649419e-02
1.150905533828591842e+03	2.604488962502006788e-01	1.560232066757722691e-01	2.515583912078718787e-01	1.524591818864491077e-01	7.327356747173308094e-02	2.999509881749489251e-02	7.624165769044732865e-02
1.152356864892688463e+03	2.602295054128542229e-01	1.558892175387205647e-01	2.517071398262019088e-01	1.525489030408438973e-01	7.331090561740252753e-02	3.001705827286218348e-02	7.629727029108401837e-02
1.153808195956785084e+03	2.600104936791259869e-01	1.557554599455449329e-01	2.518556247110601554e-01	1.526384629332421805e-01	7.334817962120525336e-02	3.003899045291006167e-02	7.635278865688077676e-02
1.155259527020881706e+03	2.597918603930023385e-01	1.556219334955429301e-01	2.520038463207460167e-01	1.527278618696407131e-01	7.338538959176744980e-02	3.006089538437100792e-02	7.640821294489882898e-02
1.156710858084978327e+03	2.595736048996072354e-01	1.554886377887069737e-01	2.521518051127649707e-01	1.528171001553931818e-01	7.342253563755191115e-02	3.008277309396861429e-02	7.646354331197638410e-02
1.158162189149074720e+03	2.593557265451996718e-01	1.553555724257230930e-01	2.522995015438302957e-01	1.529061780952119809e-01	7.345961786685818729e-02	3.010462360841754600e-02	7.651877991472857965e-02
1.159613520213171569e+03	2.591382246771721243e-01	1.552227370079697077e-01	2.524469360698639031e-01	1.529950959931698495e-01	7.349663638782272246e-02	3.012644695442351708e-02	7.657392290954749547e-02
1.161064851277267962e+03	2.589210986440483864e-01	1.550901311375164626e-01	2.525941091459983356e-01	1.530838541527016483e-01	7.353359130841906344e-02	3.014824315868327304e-02	7.662897245260211210e-02
1.162516182341364356e+03	2.587043477954817927e-01	1.549577544171229782e-01	2.527410212265777112e-01	1.531724528766059412e-01	7.357048273645802605e-02	3.017001224788455963e-02	7.668392869983828297e-02
1.163967513405461204e+03	2.584879714822531649e-01	1.548256064502376572e-01	2.528876727651591660e-01	1.532608924670466888e-01	7.360731077958779234e-02	3.019175424870610552e-02	7.673879180697877611e-02
1.165418844469557826e+03	2.582719690562686465e-01	1.546936868409965748e-01	2.530340642145142427e-01	1.533491732255549689e-01	7.364407554529413258e-02	3.021346918781757374e-02	7.679356192952320470e-02
1.166870175533654447e+03	2.580563398705580380e-01	1.545619951942221182e-01	2.531801960266303886e-01	1.534372954530306143e-01	7.368077714090054409e-02	3.023515709187956507e-02	7.684823922274806873e-02
1.168321506597751068e+03	2.578410832792727980e-01	1.544305311154219040e-01	2.533260686527120109e-01	1.535252594497439338e-01	7.371741567356841773e-02	3.025681798754356958e-02	7.690282384170672725e-02
1.169772837661847461e+03	2.576261986376837676e-01	1.542992942107876408e-01	2.534716825431822529e-01	1.536130655153372382e-01	7.375399125029717673e-02	3.027845190145195958e-02	7.695731594122941222e-02
1.171224168725944082e+03	2.574116853021796159e-01	1.541682840871937410e-01	2.536170381476838820e-01	1.537007139488265617e-01	7.379050397792445704e-02	3.030005886023793768e-02	7.701171567592322853e-02
1.172675499790040703e+03	2.571975426302647860e-01	1.540375003521962383e-01	2.537621359150811218e-01	1.537882050486032992e-01	7.382695396312630165e-02	3.032163889052553324e-02	7.706602320017215402e-02
1.174126830854137097e+03	2.569837699805574416e-01	1.539069426140316776e-01	2.539069762934605956e-01	1.538755391124358440e-01	7.386334131241721612e-02	3.034319201892956772e-02	7.712023866813710882e-02
1.175578161918233945e+03	2.567703667127876344e-01	1.537766104816158386e-01	2.540515597301327699e-01	1.539627164374712531e-01	7.389966613215044611e-02	3.036471827205561996e-02	7.717436223375591375e-02
1.177029492982330339e+03	2.565573321877953061e-01	1.536465035645425969e-01	2.541958866716334531e-01	1.540497373202367182e-01	7.393592852851804675e-02	3.038621767650000888e-02	7.722839405074331809e-02
1.178480824046426733e+03	2.563446657675284013e-01	1.535166214730826761e-01	2.543399575637250165e-01	1.541366020566413697e-01	7.397212860755109087e-02	3.040769025884976565e-02	7.728233427259102728e-02
1.179932155110523581e+03	2.561323668150409794e-01	1.533869638181825368e-01	2.544837728513979491e-01	1.542233109419777759e-01	7.400826647511982159e-02	3.042913604568259905e-02	7.733618305256774461e-02
1.181383486174620202e+03	2.559204346944911057e-01	1.532575302114631277e-01	2.546273329788717454e-01	1.543098642709235524e-01	7.404434223693377726e-02	3.045055506356687813e-02	7.738994054371919895e-02
1.182834817238716823e+03	2.557088687711390751e-01	1.531283202652188591e-01	2.547706383895966820e-01	1.543962623375430276e-01	7.408035599854198572e-02	3.047194733906159053e-02	7.744360689886815863e-02
1.184286148302813444e+03	2.554976684113456353e-01	1.529993335924162146e-01	2.549136895262548164e-01	1.544825054352887694e-01	7.411630786533310311e-02	3.049331289871633557e-02	7.749718227061448694e-02
1.185737479366910065e+03	2.552868329825697669e-01	1.528705698066927521e-01	2.550564868307616528e-01	1.545685938570031392e-01	7.415219794253559427e-02	3.051465176907127916e-02	7.755066681133515605e-02
1.187188810431006686e+03	2.550763618533669619e-01	1.527420285223558827e-01	2.551990307442671968e-01	1.546545278949199853e-01	7.418802633521785761e-02	3.053596397665712253e-02	7.760406067318431633e-02
1.188640141495103080e+03	2.548662543933872815e-01	1.526137093543817325e-01	2.553413217071573982e-01	1.547403078406661414e-01	7.422379314828840557e-02	3.055724954799509535e-02	7.765736400809333806e-02
1.190091472559199701e+03	2.546565099733733573e-01	1.524856119184138381e-01	2.554833601590555392e-01	1.548259339852629535e-01	7.425949848649600338e-02	3.057850850959690711e-02	7.771057696777083912e-02
1.191542803623296322e+03	2.544471279651587259e-01	1.523577358307621754e-01	2.556251465388232891e-01	1.549114066191279449e-01	7.429514245442984943e-02	3.059974088796472633e-02	7.776369970370276830e-02
1.192994134687392716e+03	2.542381077416656088e-01	1.522300807084019103e-01	2.557666812845623694e-01	1.549967260320763429e-01	7.433072515651970025e-02	3.062094670959115625e-02	7.781673236715241915e-02
1.194445465751489564e+03	2.540294486769033577e-01	1.521026461689722054e-01	2.559079648336157198e-01	1.550818925133225223e-01	7.436624669703602308e-02	3.064212600095919670e-02	7.786967510916051327e-02
1.195896796815585958e+03	2.538211501459662900e-01	1.519754318307751373e-01	2.560489976225686082e-01	1.551669063514817259e-01	7.440170718009024575e-02	3.066327878854222325e-02	7.792252808054525581e-02
1.197348127879682352e+03	2.536132115250319674e-01	1.518484373127745313e-01	2.561897800872504072e-01	1.552517678345714525e-01	7.443710670963478437e-02	3.068440509880395947e-02	7.797529143190240486e-02
1.198799458943779200e+03	2.534056321913591980e-01	1.517216622345947119e-01	2.563303126627354822e-01	1.553364772500130664e-01	7.447244538946325154e-02	3.070550495819844225e-02	7.802796531360531307e-02
1.200250790007875821e+03	2.531984115232862043e-01	1.515951062165195040e-01	2.564705957833447458e-01	1.554210348846333245e-01	7.450772332321063673e-02	3.072657839316999401e-02	7.808054987580501094e-02
1.201702121071972442e+03	2.529915489002287909e-01	1.514687688794909837e-01	2.566106298826467680e-01	1.555054410246659302e-01	7.454294061435343122e-02	3.074762543015319843e-02	7.813304526843027620e-02
1.203153452136069063e+03	2.527850437026784580e-01	1.513426498451083402e-01	2.567504153934592748e-01	1.555896959557528936e-01	7.457809736620979457e-02	3.076864609557286578e-02	7.818545164118773094e-02
1.204604783200165684e+03	2.525788953122004021e-01	1.512167487356268214e-01	2.568899527478502587e-01	1.556737999629462244e-01	7.461319368193969348e-02	3.078964041584400513e-02	7.823776914356188328e-02
1.206056114264262078e+03	2.523731031114317958e-01	1.510910651739564015e-01	2.570292423771395884e-01	1.557577533307093753e-01	7.464822966454510988e-02	3.081060841737180353e-02	7.828999792481519671e-02
1.207507445328358699e+03	2.521676664840798998e-01	1.509655987836608093e-01	2.571682847118998416e-01	1.558415563429187412e-01	7.468320541687013814e-02	3.083155012655157401e-02	7.834213813398822890e-02
1.208958776392455093e+03	2.519625848149201208e-01	1.508403491889564463e-01	2.573070801819579700e-01	1.559252092828651015e-01	7.471812104160115153e-02	3.085246556976876248e-02	7.839418991989963170e-02
1.210410107456551941e+03	2.517578574897943455e-01	1.507153160147109705e-01	2.574456292163965210e-01	1.560087124332552311e-01	7.475297664126696884e-02	3.087335477339888529e-02	7.844615343114630379e-02
1.211861438520648335e+03	2.515534838956087205e-01	1.505904988864424365e-01	2.575839322435548584e-01	1.560920660762132317e-01	7.478777231823902083e-02	3.089421776380750495e-02	7.849802881610347394e-02
1.213312769584745183e+03	2.513494634203322087e-01	1.504658974303180741e-01	2.577219896910303842e-01	1.561752704932820868e-01	7.482250817473147519e-02	3.091505456735021973e-02	7.854981622292475651e-02
1.214764100648841804e+03	2.511457954529945358e-01	1.503415112731531222e-01	2.578598019856800927e-01	1.562583259654252432e-01	7.485718431280143081e-02	3.093586521037261852e-02	7.860151579954226253e-02
1.216215431712937971e+03	2.509424793836842471e-01	1.502173400424097471e-01	2.579973695536214029e-01	1.563412327730278606e-01	7.489180083434904267e-02	3.095664971921025313e-02	7.865312769366673840e-02
1.217666762777034819e+03	2.507395146035472089e-01	1.500933833661958205e-01	2.581346928202340463e-01	1.564239911958984208e-01	7.492635784111767450e-02	3.097740812018860701e-02	7.870465205278756593e-02
1.219118093841131440e+03	2.505369005047843323e-01	1.499696408732639763e-01	2.582717722101607327e-01	1.565066015132701716e-01	7.496085543469405144e-02	3.099814043962306753e-02	7.875608902417294277e-02
1.220569424905228061e+03	2.503346364806501301e-01	1.498461121930103335e-01	2.584086081473089269e-01	1.565890640038025694e-01	7.499529371650846821e-02	3.101884670381890516e-02	7.880743875486996564e-02
1.222020755969324682e+03	2.501327219254505518e-01	1.497227969554734694e-01	2.585452010548516810e-01	1.566713789455826678e-01	7.502967278783488625e-02	3.103952693907122487e-02	7.885870139170472748e-02
1.223472087033421303e+03	2.499311562345414850e-01	1.495996947913332542e-01	2.586815513552293000e-01	1.567535466161266711e-01	7.506399274979107250e-02	3.106018117166494882e-02	7.890987708128244238e-02
1.224923418097517697e+03	2.497299388043266455e-01	1.494768053319096845e-01	2.588176594701504518e-01	1.568355672923812394e-01	7.509825370333883532e-02	3.108080942787478512e-02	7.896096596998755657e-02
1.226374749161614318e+03	2.495290690322559124e-01	1.493541282091618294e-01	2.589535258205932777e-01	1.569174412507250427e-01	7.513245574928412163e-02	3.110141173396519659e-02	7.901196820398376230e-02
1.227826080225710712e+03	2.493285463168234406e-01	1.492316630556868029e-01	2.590891508268069465e-01	1.569991687669701208e-01	7.516659898827715569e-02	3.112198811619036956e-02	7.906288392921430319e-02
1.229277411289807560e+03	2.491283700575658844e-01	1.491094095047184875e-01	2.592245349083126538e-01	1.570807501163632991e-01	7.520068352081266116e-02	3.114253860079417915e-02	7.911371329140191866e-02
1.230728742353903954e+03	2.489285396550606211e-01	1.489873671901265351e-01	2.593596784839051206e-01	1.571621855735876316e-01	7.523470944722994436e-02	3.116306321401017196e-02	7.916445643604903826e-02
1.232180073418000802e+03	2.487290545109237805e-01	1.488655357464152562e-01	2.594945819716537039e-01	1.572434754127638723e-01	7.526867686771308852e-02	3.118356198206152438e-02	7.921511350843789268e-02
1.233631404482097196e+03	2.485299140278086072e-01	1.487439148087224272e-01	2.596292457889036176e-01	1.573246199074516960e-01	7.530258588229110650e-02	3.120403493116101143e-02	7.926568465363063865e-02
1.235082735546193817e+03	2.483311176094036288e-01	1.486225040128183184e-01	2.597636703522773205e-01	1.574056193306512808e-01	7.533643659083809341e-02	3.122448208751099283e-02	7.931617001646942833e-02
1.236534066610290438e+03	2.481326646604307962e-01	1.485013029951045005e-01	2.598978560776756819e-01	1.574864739548046677e-01	7.537022909307337926e-02	3.124490347730335404e-02	7.936656974157667299e-02
1.237985397674387059e+03	2.479345545866437628e-01	1.483803113926127348e-01	2.600318033802792583e-01	1.575671840517970657e-01	7.540396348856165387e-02	3.126529912671949935e-02	7.941688397335501526e-02
1.239436728738483680e+03	2.477367867948259694e-01	1.482595288430039737e-01	2.601655126745495705e-01	1.576477498929583498e-01	7.543763987671321669e-02	3.128566906193032404e-02	7.946711285598752339e-02
1.240888059802580301e+03	2.475393606927889789e-01	1.481389549845671949e-01	2.602989843742303244e-01	1.577281717490643942e-01	7.547125835678399064e-02	3.130601330909615898e-02	7.951725653343787170e-02
1.242339390866676695e+03	2.473422756893706720e-01	1.480185894562182913e-01	2.604322188923485215e-01	1.578084498903384036e-01	7.550481902787581356e-02	3.132633189436676013e-02	7.956731514945039607e-02
1.243790721930773088e+03	2.471455311944333322e-01	1.478984318974990442e-01	2.605652166412160686e-01	1.578885845864523574e-01	7.553832198893652150e-02	3.134662484388127390e-02	7.961728884755024660e-02
1.245242052994869937e+03	2.469491266188620637e-01	1.477784819485760126e-01	2.606979780324304996e-01	1.579685761065283689e-01	7.557176733876008745e-02	3.136689218376820243e-02	7.966717777104359577e-02
1.246693384058966330e+03	2.467530613745628487e-01	1.476587392502393958e-01	2.608305034768766961e-01	1.580484247191399627e-01	7.560515517598682955e-02	3.138713394014538971e-02	7.971698206301768008e-02
1.248144715123063179e+03	2.465573348744608539e-01	1.475392034439020339e-01	2.609627933847277759e-01	1.581281306923136010e-01	7.563848559910356373e-02	3.140735013911995915e-02	7.976670186634100823e-02
1.249596046187159800e+03	2.463619465324986546e-01	1.474198741715982419e-01	2.610948481654465914e-01	1.582076942935298769e-01	7.567175870644368696e-02	3.142754080678830664e-02	7.981633732366344436e-02
1.251047377251256421e+03	2.461668957636344857e-01	1.473007510759827554e-01	2.612266682277867846e-01	1.582871157897249303e-01	7.570497459618742708e-02	3.144770596923607969e-02	7.986588857741643011e-02
1.252498708315352815e+03	2.459721819838404100e-01	1.471818338003297033e-01	2.613582539797938975e-01	1.583663954472917246e-01	7.573813336636195381e-02	3.146784565253810118e-02	7.991535576981309563e-02
1.253950039379449436e+03	2.457778046101005143e-01	1.470631219885314978e-01	2.614896058288069813e-01	1.584455335320815450e-01	7.577123511484154528e-02	3.148795988275839702e-02	7.996473904284837064e-02
1.255401370443546057e+03	2.455837630604093547e-01	1.469446152850976683e-01	2.616207241814596518e-01	1.585245303094051372e-01	7.580427993934771291e-02	3.150804868595011993e-02	8.001403853829917867e-02
1.256852701507642678e+03	2.453900567537700139e-01	1.468263133351539740e-01	2.617516094436811436e-01	1.586033860440341781e-01	7.583726793744939576e-02	3.152811208815554933e-02	8.006325439772457586e-02
1.258304032571739299e+03	2.451966851101924361e-01	1.467082157844411816e-01	2.618822620206976426e-01	1.586821010002025800e-01	7.587019920656308536e-02	3.154815011540602898e-02	8.011238676246591750e-02
1.259755363635835920e+03	2.450036475506915945e-01	1.465903222793140670e-01	2.620126823170334518e-01	1.587606754416077126e-01	7.590307384395302004e-02	3.156816279372196693e-02	8.016143577364701067e-02
1.261206694699932314e+03	2.448109434972858822e-01	1.464726324667402491e-01	2.621428707365124899e-01	1.588391096314118456e-01	7.593589194673130982e-02	3.158815014911280084e-02	8.021040157217421140e-02
1.262658025764028707e+03	2.446185723729951966e-01	1.463551459942993294e-01	2.622728276822590687e-01	1.589174038322434257e-01	7.596865361185808907e-02	3.160811220757694245e-02	8.025928429873670222e-02
1.264109356828125556e+03	2.444265336018393020e-01	1.462378625101815877e-01	2.624025535566995582e-01	1.589955583061983535e-01	7.600135893614172466e-02	3.162804899510177070e-02	8.030808409380653379e-02
1.265560687892221949e+03	2.442348266088360809e-01	1.461207816631870660e-01	2.625320487615630527e-01	1.590735733148412323e-01	7.603400801623889926e-02	3.164796053766359002e-02	8.035680109763886081e-02
1.267012018956318798e+03	2.440434508199998687e-01	1.460039031027244860e-01	2.626613136978830365e-01	1.591514491192067837e-01	7.606660094865483335e-02	3.166784686122760262e-02	8.040543545027208083e-02
1.268463350020415419e+03	2.438524056623395386e-01	1.458872264788101669e-01	2.627903487659986048e-01	1.592291859798011522e-01	7.609913782974339624e-02	3.168770799174788072e-02	8.045398729152797301e-02
1.269914681084511813e+03	2.436616905638569197e-01	1.457707514420669981e-01	2.629191543655552965e-01	1.593067841566029874e-01	7.613161875570727266e-02	3.170754395516733187e-02	8.050245676101192016e-02
1.271366012148608434e+03	2.434713049535450757e-01	1.456544776437233568e-01	2.630477308955064819e-01	1.593842439090649710e-01	7.616404382259814310e-02	3.172735477741767118e-02	8.055084399811303364e-02
1.272817343212705055e+03	2.432812482613864735e-01	1.455384047356120258e-01	2.631760787541146396e-01	1.594615654961149820e-01	7.619641312631682262e-02	3.174714048441938663e-02	8.059914914200433378e-02
1.274268674276801676e+03	2.430915199183513453e-01	1.454225323701691663e-01	2.633041983389526886e-01	1.595387491761574017e-01	7.622872676261341351e-02	3.176690110208170437e-02	8.064737233164293029e-02
1.275720005340898297e+03	2.429021193563960512e-01	1.453068602004334020e-01	2.634320900469046545e-01	1.596157952070743624e-01	7.626098482708748572e-02	3.178663665630257484e-02	8.069551370577016103e-02
1.277171336404994690e+03	2.427130460084611363e-01	1.451913878800445423e-01	2.635597542741673904e-01	1.596927038462270521e-01	7.629318741518818781e-02	3.180634717296863118e-02	8.074357340291180019e-02
1.278622667469091539e+03	2.425242993084698040e-01	1.450761150632427221e-01	2.636871914162514652e-01	1.597694753504568799e-01	7.632533462221445519e-02	3.182603267795514057e-02	8.079155156137823868e-02
1.280073998533187932e+03	2.423358786913261953e-01	1.449610414048672358e-01	2.638144018679826619e-01	1.598461099760868920e-01	7.635742654331514889e-02	3.184569319712601126e-02	8.083944831926463681e-02
1.281525329597284326e+03	2.421477835929136124e-01	1.448461665603555382e-01	2.639413860235026998e-01	1.599226079789228816e-01	7.638946327348920817e-02	3.186532875633373701e-02	8.088726381445107694e-02
1.282976660661381175e+03	2.419600134500929089e-01	1.447314901857422176e-01	2.640681442762708442e-01	1.599989696142547491e-01	7.642144490758580322e-02	3.188493938141936240e-02	8.093499818460279938e-02
1.284427991725477568e+03	2.417725677007006302e-01	1.446170119376579966e-01	2.641946770190649607e-01	1.600751951368576953e-01	7.645337154030452942e-02	3.190452509821246202e-02	8.098265156717038282e-02
1.285879322789574417e+03	2.415854457835475144e-01	1.445027314733286772e-01	2.643209846439825705e-01	1.601512848009934153e-01	7.648524326619550451e-02	3.192408593253111965e-02	8.103022409938984150e-02
1.287330653853671038e+03	2.413986471384166610e-01	1.443886484505739476e-01	2.644470675424421824e-01	1.602272388604114584e-01	7.651706017965960449e-02	3.194362191018188663e-02	8.107771591828290270e-02
1.288781984917767431e+03	2.412121712060619483e-01	1.442747625278065493e-01	2.645729261051844028e-01	1.603030575683503378e-01	7.654882237494851915e-02	3.196313305695973328e-02	8.112512716065714558e-02
1.290233315981864052e+03	2.410260174282062018e-01	1.441610733640312225e-01	2.646985607222730463e-01	1.603787411775388638e-01	7.658052994616504350e-02	3.198261939864804893e-02	8.117245796310619543e-02
