1.001418434226643626e+03	2.786908630452587521e-01	1.813758720553882153e-01	2.349134651242596461e-01	1.408362946516747427e-01	6.698932334121868171e-02	2.782097500506694812e-02	6.937320677678877889e-02
1.002869765290740247e+03	2.784288968542845688e-01	1.812128671957056736e-01	2.350943633377746422e-01	1.409349805542929046e-01	6.702897097126384041e-02	2.785596961310867967e-02	6.944395147322535156e-02
1.004321096354836754e+03	2.781673846980137754e-01	1.810501312310434652e-01	2.352749598238195461e-01	1.410334593534644243e-01	6.706868342068016131e-02	2.789082956802230867e-02	6.951455190461194866e-02
1.005772427418933376e+03	2.779063258790495650e-01	1.808876637167938506e-01	2.354552550834403957e-01	1.411317327176388747e-01	6.710845778575466603e-02	2.792555665933701969e-02	6.958500815764118164e-02
1.007223758483029997e+03	2.776457196992028198e-01	1.807254642090850294e-01	2.356352496168591104e-01	1.412298022826075361e-01	6.714829122441576259e-02	2.796015263548343524e-02	6.965532033200187711e-02
1.008675089547126618e+03	2.773855654595360209e-01	1.805635322647797247e-01	2.358149439234746292e-01	1.413276696521777454e-01	6.718818095501903620e-02	2.799461920486144909e-02	6.972548853980697903e-02
1.010126420611223239e+03	2.771258624604063248e-01	1.804018674414739898e-01	2.359943385018642981e-01	1.414253363988338952e-01	6.722812425515549417e-02	2.802895803687862827e-02	6.979551290504293348e-02
1.011577751675319632e+03	2.768666100015078624e-01	1.802404692974961531e-01	2.361734338497847308e-01	1.415228040643851659e-01	6.726811846048183496e-02	2.806317076296001994e-02	6.986539356303965442e-02
1.013029082739416367e+03	2.766078073819130956e-01	1.800793373919054863e-01	2.363522304641733074e-01	1.416200741606005453e-01	6.730816096357242206e-02	2.809725897753021298e-02	6.993513065996041778e-02
1.014480413803512761e+03	2.763494539001125072e-01	1.799184712844909551e-01	2.365307288411490627e-01	1.417171481698309421e-01	6.734824921279256027e-02	2.813122423896843860e-02	7.000472435231099022e-02
1.015931744867609382e+03	2.760915488540544582e-01	1.797578705357701367e-01	2.367089294760141571e-01	1.418140275456189758e-01	6.738838071119286621e-02	2.816506807053750436e-02	7.007417480646729868e-02
1.017383075931706003e+03	2.758340915411834904e-01	1.795975347069879158e-01	2.368868328632548759e-01	1.419107137132967211e-01	6.742855301542415025e-02	2.819879196128729018e-02	7.014348219822090502e-02
1.018834406995802851e+03	2.755770812584780183e-01	1.794374633601153179e-01	2.370644394965428225e-01	1.420072080705712114e-01	6.746876373467269872e-02	2.823239736693353846e-02	7.021264671234171695e-02
1.020285738059899245e+03	2.753205173024869112e-01	1.792776560578483169e-01	2.372417498687361681e-01	1.421035119880983411e-01	6.750901052961551241e-02	2.826588571071268416e-02	7.028166854215733839e-02
1.021737069123995752e+03	2.750643989693655755e-01	1.791181123636066408e-01	2.374187644718808443e-01	1.421996268100453042e-01	6.754929111139509890e-02	2.829925838421336673e-02	7.035054788914846258e-02
1.023188400188092373e+03	2.748087255549107599e-01	1.789588318415324952e-01	2.375954837972116818e-01	1.422955538546417376e-01	6.758960324061363822e-02	2.833251674818529700e-02	7.041928496255957237e-02
1.024639731252188767e+03	2.745534963545953611e-01	1.787998140564895366e-01	2.377719083351536589e-01	1.423912944147195936e-01	6.762994472634607790e-02	2.836566213332617284e-02	7.048787997902473956e-02
1.026091062316285615e+03	2.742987106636014527e-01	1.786410585740615120e-01	2.379480385753230398e-01	1.424868497582424121e-01	6.767031342517189352e-02	2.839869584104718486e-02	7.055633316220756568e-02
1.027542393380382237e+03	2.740443677768533703e-01	1.784825649605511211e-01	2.381238750065286791e-01	1.425822211288238217e-01	6.771070724022515419e-02	2.843161914421783037e-02	7.062464474245511159e-02
1.028993724444478858e+03	2.737904669890494636e-01	1.783243327829788505e-01	2.382994181167730763e-01	1.426774097462354396e-01	6.775112412026264297e-02	2.846443328789051083e-02	7.069281495646506652e-02
1.030445055508575479e+03	2.735370075946935153e-01	1.781663616090818358e-01	2.384746683932536526e-01	1.427724168069048893e-01	6.779156205874968533e-02	2.849713949000558244e-02	7.076084404696586505e-02
1.031896386572671872e+03	2.732839888881254398e-01	1.780086510073125294e-01	2.386496263223639169e-01	1.428672434844033001e-01	6.783201909296326937e-02	2.852973894207736991e-02	7.082873226240915532e-02
1.033347717636768493e+03	2.730314101635508695e-01	1.778512005468376733e-01	2.388242923896947700e-01	1.429618909299233409e-01	6.787249330311244389e-02	2.856223280986166721e-02	7.089647985667418828e-02
1.034799048700865114e+03	2.727792707150705764e-01	1.776940097975369670e-01	2.389986670800355317e-01	1.430563602727474015e-01	6.791298281147534199e-02	2.859462223400531175e-02	7.096408708878379490e-02
1.036250379764961508e+03	2.725275698367087829e-01	1.775370783300020128e-01	2.391727508773753286e-01	1.431506526207063090e-01	6.795348578155281649e-02	2.862690833067825166e-02	7.103155422263136842e-02
1.037701710829058356e+03	2.722763068224412497e-01	1.773804057155351777e-01	2.393465442649041208e-01	1.432447690606287183e-01	6.799400041723828447e-02	2.865909219218869958e-02	7.109888152671864359e-02
1.039153041893154750e+03	2.720254809662221995e-01	1.772239915261482057e-01	2.395200477250140347e-01	1.433387106587814541e-01	6.803452496200347588e-02	2.869117488758176140e-02	7.116606927390373150e-02
1.040604372957251599e+03	2.717750915620111840e-01	1.770678353345612188e-01	2.396932617393005005e-01	1.434324784613008608e-01	6.807505769809982232e-02	2.872315746322206403e-02	7.123311774115911876e-02
1.042055704021347992e+03	2.715251379037989521e-01	1.769119367142015509e-01	2.398661867885635013e-01	1.435260734946154637e-01	6.811559694577526414e-02	2.875504094336081562e-02	7.130002720933914517e-02
1.043507035085444613e+03	2.712756192856328186e-01	1.767562952392024433e-01	2.400388233528087945e-01	1.436194967658598887e-01	6.815614106250614257e-02	2.878682633068771132e-02	7.136679796295684886e-02
1.044958366149541234e+03	2.710265350016414221e-01	1.766009104844019906e-01	2.402111719112490218e-01	1.437127492632804815e-01	6.819668844224387183e-02	2.881851460686814942e-02	7.143343028996965161e-02
1.046409697213637855e+03	2.707778843460589280e-01	1.764457820253419740e-01	2.403832329423050140e-01	1.438058319566326015e-01	6.823723751467629384e-02	2.885010673306616369e-02	7.149992448157350966e-02
1.047861028277734476e+03	2.705296666132488981e-01	1.762909094382666408e-01	2.405550069236069288e-01	1.438987457975698936e-01	6.827778674450320218e-02	2.888160365045342945e-02	7.156628083200547441e-02
1.049312359341831097e+03	2.702818810977269948e-01	1.761362923001215663e-01	2.407264943319954720e-01	1.439914917200254274e-01	6.831833463072603529e-02	2.891300628070479425e-02	7.163249963835406631e-02
1.050763690405927491e+03	2.700345270941839626e-01	1.759819301885525433e-01	2.408976956435232020e-01	1.440840706405853433e-01	6.835887970595128094e-02	2.894431552648065939e-02	7.169858120037736482e-02
1.052215021470024112e+03	2.697876038975073332e-01	1.758278226819043055e-01	2.410686113334555847e-01	1.441764834588545319e-01	6.839942053570746694e-02	2.897553227189661115e-02	7.176452582032846750e-02
1.053666352534120733e+03	2.695411108028031855e-01	1.756739693592194451e-01	2.412392418762723256e-01	1.442687310578151527e-01	6.843995571777546083e-02	2.900665738298063498e-02	7.183033380278808222e-02
1.055117683598217127e+03	2.692950471054169626e-01	1.755203698002373303e-01	2.414095877456685080e-01	1.443608143041775205e-01	6.848048388153180066e-02	2.903769170811828365e-02	7.189600545450389180e-02
1.056569014662313975e+03	2.690494121009541773e-01	1.753670235853927728e-01	2.415796494145558138e-01	1.444527340487239964e-01	6.852100368730484892e-02	2.906863607848609796e-02	7.196154108423656603e-02
1.058020345726410369e+03	2.688042050853002851e-01	1.752139302958150568e-01	2.417494273550637451e-01	1.445444911266458021e-01	6.856151382574357522e-02	2.909949130847363369e-02	7.202694100261211596e-02
1.059471676790506763e+03	2.685594253546404464e-01	1.750610895133267730e-01	2.419189220385408734e-01	1.446360863578728395e-01	6.860201301719866251e-02	2.913025819609442457e-02	7.209220552198028487e-02
1.060923007854603611e+03	2.683150722054784554e-01	1.749085008204424030e-01	2.420881339355559214e-01	1.447275205473967652e-01	6.864250001111568689e-02	2.916093752338614134e-02	7.215733495627893457e-02
1.062374338918700232e+03	2.680711449346555031e-01	1.747561638003675699e-01	2.422570635158991514e-01	1.448187944855875153e-01	6.868297358544035724e-02	2.919153005680026267e-02	7.222232962090399666e-02
1.063825669982796853e+03	2.678276428393682740e-01	1.746040780369975953e-01	2.424257112485833365e-01	1.449099089485032521e-01	6.872343254603527352e-02	2.922203654758158756e-02	7.228718983258496100e-02
1.065277001046893474e+03	2.675845652171869316e-01	1.744522431149165831e-01	2.425940776018452316e-01	1.450008646981938987e-01	6.876387572610827281e-02	2.925245773213782166e-02	7.235191590926554062e-02
1.066728332110990095e+03	2.673419113660722712e-01	1.743006586193961149e-01	2.427621630431466559e-01	1.450916624829983737e-01	6.880430198565196109e-02	2.928279433239950810e-02	7.241650816998942974e-02
1.068179663175086489e+03	2.670996805843927069e-01	1.741493241363940847e-01	2.429299680391756033e-01	1.451823030378359136e-01	6.884471021089433318e-02	2.931304705617060816e-02	7.248096693479091912e-02
1.069630994239183110e+03	2.668578721709410351e-01	1.739982392525537547e-01	2.430974930558476577e-01	1.452727870844912061e-01	6.888509931376028683e-02	2.934321659746997116e-02	7.254529252459021582e-02
1.071082325303279504e+03	2.666164854249501448e-01	1.738474035552024788e-01	2.432647385583070199e-01	1.453631153318936109e-01	6.892546823134361456e-02	2.937330363686390874e-02	7.260948526109323176e-02
1.072533656367376352e+03	2.663755196461093377e-01	1.736968166323505647e-01	2.434317050109278402e-01	1.454532884763908573e-01	6.896581592538962580e-02	2.940330884179018570e-02	7.267354546669568816e-02
1.073984987431472746e+03	2.661349741345789277e-01	1.735464780726902190e-01	2.435983928773153284e-01	1.455433072020167196e-01	6.900614138178785828e-02	2.943323286687358695e-02	7.273747346439145278e-02
1.075436318495569594e+03	2.658948481910060058e-01	1.733963874655943260e-01	2.437648026203070029e-01	1.456331721807533897e-01	6.904644361007501729e-02	2.946307635423335222e-02	7.280126957768491558e-02
1.076887649559666215e+03	2.656551411165388177e-01	1.732465444011154210e-01	2.439309347019739116e-01	1.457228840727885222e-01	6.908672164294760165e-02	2.949283993378265870e-02	7.286493413050706969e-02
1.078338980623762609e+03	2.654158522128407527e-01	1.730969484699844685e-01	2.440967895836218537e-01	1.458124435267666719e-01	6.912697453578431350e-02	2.952252422352040148e-02	7.292846744713550600e-02
1.079790311687859230e+03	2.651769807821046654e-01	1.729475992636098913e-01	2.442623677257924897e-01	1.459018511800356244e-01	6.916720136617793280e-02	2.955212982981545236e-02	7.299186985211784939e-02
1.081241642751955851e+03	2.649385261270663650e-01	1.727984963740762381e-01	2.444276695882646733e-01	1.459911076588877865e-01	6.920740123347653150e-02	2.958165734768360491e-02	7.305514167019865057e-02
1.082692973816052472e+03	2.647004875510178268e-01	1.726496393941432395e-01	2.445926956300554789e-01	1.460802135787963307e-01	6.924757325833383326e-02	2.961110736105744198e-02	7.311828322624967791e-02
1.084144304880149093e+03	2.644628643578200156e-01	1.725010279172445593e-01	2.447574463094217001e-01	1.461691695446465933e-01	6.928771658226846875e-02	2.964048044304924343e-02	7.318129484520322081e-02
1.085595635944245487e+03	2.642256558519158194e-01	1.723526615374868232e-01	2.449219220838606825e-01	1.462579761509625598e-01	6.932783036723211278e-02	2.966977715620720477e-02	7.324417685198862660e-02
1.087046967008342108e+03	2.639888613383420402e-01	1.722045398496483692e-01	2.450861234101117947e-01	1.463466339821286322e-01	6.936791379518618406e-02	2.969899805276510207e-02	7.330692957147165456e-02
1.088498298072438729e+03	2.637524801227416615e-01	1.720566624491781660e-01	2.452500507441575384e-01	1.464351436126069828e-01	6.940796606768710741e-02	2.972814367488557305e-02	7.336955332839670274e-02
1.089949629136535123e+03	2.635165115113752843e-01	1.719090289321947573e-01	2.454137045412247697e-01	1.465235056071501063e-01	6.944798640547976409e-02	2.975721455489719822e-02	7.343204844733175474e-02
1.091400960200631971e+03	2.632809548111327835e-01	1.717616388954851803e-01	2.455770852557858930e-01	1.466117205210091257e-01	6.948797404809917144e-02	2.978621121552557649e-02	7.349441525261588004e-02
1.092852291264728365e+03	2.630458093295442445e-01	1.716144919365037158e-01	2.457401933415599982e-01	1.466997889001376842e-01	6.952792825348005912e-02	2.981513417011849576e-02	7.355665406830937114e-02
1.094303622328825213e+03	2.628110743747910094e-01	1.714675876533709176e-01	2.459030292515141380e-01	1.467877112813915919e-01	6.956784829757438338e-02	2.984398392286543439e-02	7.361876521814614271e-02
1.095754953392921607e+03	2.625767492557159466e-01	1.713209256448724183e-01	2.460655934378644938e-01	1.468754881927242795e-01	6.960773347397646027e-02	2.987276096901145261e-02	7.368074902548853167e-02
1.097206284457018228e+03	2.623428332818340536e-01	1.711745055104579583e-01	2.462278863520775685e-01	1.469631201533782849e-01	6.964758309355566224e-02	2.990146579506571672e-02	7.374260581328430375e-02
1.098657615521114849e+03	2.621093257633424489e-01	1.710283268502401366e-01	2.463899084448714638e-01	1.470506076740724921e-01	6.968739648409648380e-02	2.993009887900472885e-02	7.380433590402582511e-02
1.100108946585211470e+03	2.618762260111299200e-01	1.708823892649933562e-01	2.465516601662169072e-01	1.471379512571858172e-01	6.972717298994586532e-02	2.995866069047044972e-02	7.386593961971125999e-02
1.101560277649308091e+03	2.616435333367868599e-01	1.707366923561527416e-01	2.467131419653385560e-01	1.472251513969366765e-01	6.976691197166763614e-02	2.998715169096342198e-02	7.392741728180766969e-02
1.103011608713404712e+03	2.614112470526141485e-01	1.705912357258131395e-01	2.468743542907162192e-01	1.473122085795589009e-01	6.980661280570388261e-02	3.001557233403104319e-02	7.398876921121617933e-02
1.104462939777501106e+03	2.611793664716324792e-01	1.704460189767278699e-01	2.470352975900860226e-01	1.473991232834739873e-01	6.984627488404321349e-02	3.004392306545110303e-02	7.404999572823879606e-02
1.105914270841597499e+03	2.609478909075911290e-01	1.703010417123076992e-01	2.471959723104414641e-01	1.474858959794596025e-01	6.988589761389571442e-02	3.007220432341072350e-02	7.411109715254705910e-02
1.107365601905694348e+03	2.607168196749765077e-01	1.701563035366197851e-01	2.473563788980348288e-01	1.475725271308146458e-01	6.992548041737441100e-02	3.010041653868082354e-02	7.417207380315232745e-02
1.108816932969790741e+03	2.604861520890204840e-01	1.700118040543865949e-01	2.475165177983782439e-01	1.476590171935208695e-01	6.996502273118321291e-02	3.012856013478621559e-02	7.423292599837773287e-02
1.110268264033887590e+03	2.602558874657085464e-01	1.698675428709846835e-01	2.476763894562448998e-01	1.477453666164009749e-01	7.000452400631122785e-02	3.015663552817145904e-02	7.429365405583157611e-02
1.111719595097984211e+03	2.600260251217878515e-01	1.697235195924438056e-01	2.478359943156701883e-01	1.478315758412734604e-01	7.004398370773320948e-02	3.018464312836257463e-02	7.435425829238229145e-02
1.113170926162080832e+03	2.597965643747748299e-01	1.695797338254456665e-01	2.479953328199529239e-01	1.479176453031043614e-01	7.008340131411605611e-02	3.021258333812473426e-02	7.441473902413481278e-02
1.114622257226177226e+03	2.595675045429626238e-01	1.694361851773230343e-01	2.481544054116565923e-01	1.480035754301554651e-01	7.012277631753133234e-02	3.024045655361604426e-02	7.447509656640829978e-02
1.116073588290273847e+03	2.593388449454286371e-01	1.692928732560584071e-01	2.483132125326104889e-01	1.480893666441297218e-01	7.016210822317357765e-02	3.026826316453748444e-02	7.453533123371505753e-02
1.117524919354370468e+03	2.591105849020413632e-01	1.691497976702832085e-01	2.484717546239108288e-01	1.481750193603134369e-01	7.020139654908441607e-02	3.029600355427916614e-02	7.459544333974095498e-02
1.118976250418467089e+03	2.588827237334676012e-01	1.690069580292765106e-01	2.486300321259219959e-01	1.482605339877154371e-01	7.024064082588210578e-02	3.032367810006293338e-02	7.465543319732680094e-02
1.120427581482563710e+03	2.586552607611790067e-01	1.688643539429640072e-01	2.487880454782777084e-01	1.483459109292033784e-01	7.027984059649680648e-02	3.035128717308147039e-02	7.471530111845098299e-02
1.121878912546660331e+03	2.584281953074586413e-01	1.687219850219170425e-01	2.489457951198822683e-01	1.484311505816371668e-01	7.031899541591102309e-02	3.037883113863396045e-02	7.477504741421324430e-02
1.123330243610756725e+03	2.582015266954074129e-01	1.685798508773513893e-01	2.491032814889115876e-01	1.485162533359996040e-01	7.035810485090555899e-02	3.040631035625839668e-02	7.483467239481939037e-02
1.124781574674853118e+03	2.579752542489502365e-01	1.684379511211263336e-01	2.492605050228144936e-01	1.486012195775240075e-01	7.039716847981042358e-02	3.043372517986065937e-02	7.489417636956713364e-02
1.126232905738949967e+03	2.577493772928421412e-01	1.682962853657434810e-01	2.494174661583138664e-01	1.486860496858195824e-01	7.043618589226102733e-02	3.046107595784039793e-02	7.495355964683282635e-02
1.127684236803046360e+03	2.575238951526738762e-01	1.681548532243457572e-01	2.495741653314078323e-01	1.487707440349936572e-01	7.047515668895916463e-02	3.048836303321383542e-02	7.501282253405919254e-02
1.129135567867143209e+03	2.572988071548779065e-01	1.680136543107162983e-01	2.497306029773708469e-01	1.488553029937717820e-01	7.051408048143902041e-02	3.051558674373357205e-02	7.507196533774383729e-02
1.130586898931239830e+03	2.570741126267337973e-01	1.678726882392775344e-01	2.498867795307550266e-01	1.489397269256149126e-01	7.055295689183788133e-02	3.054274742200543263e-02	7.513098836342872733e-02
1.132038229995336451e+03	2.568498108963734317e-01	1.677319546250899129e-01	2.500426954253911482e-01	1.490240161888342352e-01	7.059178555267159316e-02	3.056984539560248654e-02	7.518989191569040720e-02
1.133489561059432845e+03	2.566259012927866179e-01	1.675914530838510386e-01	2.501983510943899258e-01	1.491081711367037432e-01	7.063056610661455625e-02	3.059688098717627119e-02	7.524867629813102032e-02
1.134940892123529466e+03	2.564023831458257519e-01	1.674511832318945070e-01	2.503537469701431206e-01	1.491921921175701493e-01	7.066929820628423120e-02	3.062385451456530600e-02	7.530734181337010724e-02
1.136392223187626087e+03	2.561792557862109243e-01	1.673111446861888507e-01	2.505088834843248180e-01	1.492760794749605768e-01	7.070798151403009935e-02	3.065076629090097635e-02	7.536588876303695894e-02
1.137843554251722708e+03	2.559565185455346392e-01	1.671713370643365393e-01	2.506637610678924544e-01	1.493598335476878924e-01	7.074661570172691150e-02	3.067761662471082951e-02	7.542431744776391389e-02
1.139294885315819101e+03	2.557341707562664768e-01	1.670317599845728973e-01	2.508183801510879274e-01	1.494434546699540955e-01	7.078520045057222487e-02	3.070440582001938284e-02	7.548262816718008528e-02
1.140746216379915950e+03	2.555122117517576452e-01	1.668924130657650773e-01	2.509727411634390393e-01	1.495269431714510155e-01	7.082373545088797850e-02	3.073113417644648265e-02	7.554082121990576826e-02
1.142197547444012343e+03	2.552906408662451443e-01	1.667532959274109494e-01	2.511268445337605515e-01	1.496102993774592882e-01	7.086222040192631522e-02	3.075780198930328294e-02	7.559889690354745784e-02
1.143648878508108737e+03	2.550694574348562060e-01	1.666144081896381857e-01	2.512806906901550730e-01	1.496935236089448895e-01	7.090065501167924777e-02	3.078440954968588925e-02	7.565685551469349124e-02
1.145100209572205586e+03	2.548486607936122361e-01	1.664757494732030663e-01	2.514342800600145589e-01	1.497766161826540043e-01	7.093903899669230795e-02	3.081095714456678902e-02	7.571469734891007886e-02
1.146551540636302207e+03	2.546282502794328106e-01	1.663373193994895916e-01	2.515876130700211988e-01	1.498595774112054801e-01	7.097737208188201197e-02	3.083744505688403373e-02	7.577242270073795971e-02
1.148002871700398828e+03	2.544082252301395064e-01	1.661991175905082607e-01	2.517406901461488045e-01	1.499424076031815600e-01	7.101565400035701747e-02	3.086387356562829420e-02	7.583003186368955650e-02
1.149454202764495449e+03	2.541885849844597867e-01	1.660611436688952391e-01	2.518935117136639201e-01	1.500251070632164785e-01	7.105388449324313849e-02	3.089024294592783437e-02	7.588752513024653312e-02
1.150905533828591842e+03	2.539693288820303874e-01	1.659233972579111371e-01	2.520460781971268771e-01	1.501076760920834197e-01	7.109206330951173269e-02	3.091655346913142755e-02	7.594490279185786563e-02
1.152356864892688463e+03	2.537504562634009253e-01	1.657858779814401218e-01	2.521983900203929596e-01	1.501901149867793939e-01	7.113019020581182184e-02	3.094280540288930903e-02	7.600216513893826020e-02
1.153808195956785084e+03	2.535319664700371178e-01	1.656485854639887789e-01	2.523504476066136815e-01	1.502724240406083656e-01	7.116826494630558442e-02	3.096899901123217891e-02	7.605931246086707065e-02
1.155259527020881706e+03	2.533138588443243910e-01	1.655115193306851140e-01	2.525022513782377298e-01	1.503546035432625771e-01	7.120628730250719296e-02	3.099513455464831743e-02	7.611634504598746576e-02
1.156710858084978327e+03	2.530961327295705998e-01	1.653746792072776084e-01	2.526538017570122974e-01	1.504366537809022630e-01	7.124425705312509294e-02	3.102121229015886161e-02	7.617326318160613785e-02
1.158162189149074720e+03	2.528787874700093585e-01	1.652380647201339703e-01	2.528050991639840261e-01	1.505185750362334762e-01	7.128217398390743198e-02	3.104723247139130546e-02	7.623006715399321953e-02
1.159613520213171569e+03	2.526618224108028721e-01	1.651016754962403854e-01	2.529561440195005062e-01	1.506003675885843329e-01	7.132003788749080586e-02	3.107319534865122385e-02	7.628675724838260286e-02
1.161064851277267962e+03	2.524452368980448225e-01	1.649655111632002957e-01	2.531069367432111084e-01	1.506820317139796472e-01	7.135784856325198822e-02	3.109910116899233107e-02	7.634333374897250835e-02
1.162516182341364356e+03	2.522290302787631999e-01	1.648295713492335390e-01	2.532574777540680944e-01	1.507635676852137896e-01	7.139560581716279664e-02	3.112495017628484281e-02	7.639979693892644252e-02
1.163967513405461204e+03	2.520132019009227453e-01	1.646938556831750722e-01	2.534077674703278382e-01	1.508449757719222961e-01	7.143330946164799800e-02	3.115074261128223179e-02	7.645614710037436368e-02
1.165418844469557826e+03	2.517977511134277258e-01	1.645583637944742217e-01	2.535578063095523804e-01	1.509262562406516184e-01	7.147095931544608649e-02	3.117647871168641172e-02	7.651238451441413901e-02
1.166870175533654447e+03	2.515826772661241550e-01	1.644230953131935458e-01	2.537075946886098166e-01	1.510074093549275687e-01	7.150855520347294825e-02	3.120215871221138429e-02	7.656850946111325162e-02
1.168321506597751068e+03	2.513679797098022917e-01	1.642880498700078074e-01	2.538571330236757961e-01	1.510884353753221554e-01	7.154609695668845415e-02	3.122778284464537354e-02	7.662452221951078501e-02
1.169772837661847461e+03	2.511536577961989147e-01	1.641532270962030027e-01	2.540064217302349103e-01	1.511693345595190863e-01	7.158358441196564781e-02	3.125335133791148912e-02	7.668042306761958804e-02
1.171224168725944082e+03	2.509397108779995444e-01	1.640186266236753343e-01	2.541554612230813581e-01	1.512501071623779114e-01	7.162101741196277849e-02	3.127886441812701562e-02	7.673621228242866188e-02
1.172675499790040703e+03	2.507261383088404960e-01	1.638842480849301564e-01	2.543042519163204451e-01	1.513307534359965012e-01	7.165839580499795691e-02	3.130432230866122406e-02	7.679189013990576906e-02
1.174126830854137097e+03	2.505129394433110446e-01	1.637500911130810033e-01	2.544527942233694717e-01	1.514112736297724970e-01	7.169571944492637849e-02	3.132972523019191685e-02	7.684745691500025067e-02
1.175578161918233945e+03	2.503001136369550350e-01	1.636161553418486458e-01	2.546010885569589544e-01	1.514916679904632357e-01	7.173298819102015556e-02	3.135507340076058858e-02	7.690291288164594063e-02
1.177029492982330339e+03	2.500876602462730469e-01	1.634824404055599534e-01	2.547491353291338467e-01	1.515719367622444802e-01	7.177020190785053655e-02	3.138036703582631343e-02	7.695825831276437157e-02
1.178480824046426733e+03	2.498755786287241432e-01	1.633489459391470056e-01	2.548969349512543725e-01	1.516520801867678181e-01	7.180736046517272042e-02	3.140560634831839060e-02	7.701349348026806374e-02
1.179932155110523581e+03	2.496638681427274520e-01	1.632156715781460377e-01	2.550444878339975796e-01	1.517320985032168112e-01	7.184446373781293305e-02	3.143079154868776148e-02	7.706861865506393905e-02
1.181383486174620202e+03	2.494525281476638878e-01	1.630826169586964136e-01	2.551917943873581174e-01	1.518119919483619518e-01	7.188151160555797392e-02	3.145592284495717789e-02	7.712363410705695699e-02
1.182834817238716823e+03	2.492415580038777334e-01	1.629497817175396823e-01	2.553388550206494578e-01	1.518917607566145633e-01	7.191850395304691390e-02	3.148100044277028775e-02	7.717854010515386165e-02
1.184286148302813444e+03	2.490309570726780830e-01	1.628171654920185230e-01	2.554856701425049503e-01	1.519714051600790927e-01	7.195544066966523544e-02	3.150602454543953435e-02	7.723333691726698425e-02
1.185737479366910065e+03	2.488207247163402303e-01	1.626847679200759123e-01	2.556322401608791539e-01	1.520509253886049017e-01	7.199232164944097123e-02	3.153099535399292441e-02	7.728802481031826765e-02
1.187188810431006686e+03	2.486108602981071669e-01	1.625525886402538200e-01	2.557785654830488364e-01	1.521303216698363103e-01	7.202914679094316042e-02	3.155591306721976241e-02	7.734260405024327711e-02
1.188640141495103080e+03	2.484013631821907209e-01	1.624206272916925153e-01	2.559246465156138628e-01	1.522095942292620852e-01	7.206591599718233099e-02	3.158077788171530231e-02	7.739707490199544682e-02
1.190091472559199701e+03	2.481922327337728607e-01	1.622888835141294006e-01	2.560704836644987492e-01	1.522887432902634008e-01	7.210262917551316098e-02	3.160558999192437241e-02	7.745143762955034039e-02
1.191542803623296322e+03	2.479834683190067501e-01	1.621573569478981514e-01	2.562160773349532739e-01	1.523677690741610524e-01	7.213928623753901315e-02	3.163034959018400094e-02	7.750569249590995302e-02
1.192994134687392716e+03	2.477750693050180253e-01	1.620260472339276059e-01	2.563614279315540312e-01	1.524466718002615295e-01	7.217588709901864852e-02	3.165505686676504254e-02	7.755983976310724948e-02
1.194445465751489564e+03	2.475670350599056824e-01	1.618949540137408216e-01	2.565065358582054311e-01	1.525254516859020637e-01	7.221243167977468846e-02	3.167971200991286096e-02	7.761387969221060501e-02
1.195896796815585958e+03	2.473593649527430771e-01	1.617640769294541037e-01	2.566514015181405317e-01	1.526041089464947598e-01	7.224891990360418625e-02	3.170431520588709584e-02	7.766781254332838502e-02
1.197348127879682352e+03	2.471520583535789517e-01	1.616334156237760611e-01	2.567960253139224269e-01	1.526826437955697280e-01	7.228535169819087780e-02	3.172886663900047893e-02	7.772163857561363576e-02
1.198799458943779200e+03	2.469451146334381286e-01	1.615029697400065523e-01	2.569404076474452459e-01	1.527610564448171337e-01	7.232172699501945856e-02	3.175336649165680369e-02	7.777535804726878887e-02
1.200250790007875821e+03	2.467385331643224544e-01	1.613727389220357411e-01	2.570845489199352629e-01	1.528393471041287477e-01	7.235804572929145639e-02	3.177781494438799981e-02	7.782897121555037989e-02
1.201702121071972442e+03	2.465323133192114935e-01	1.612427228143431535e-01	2.572284495319520636e-01	1.529175159816380247e-01	7.239430783984303341e-02	3.180221217589036808e-02	7.788247833677387766e-02
1.203153452136069063e+03	2.463264544720631943e-01	1.611129210619965946e-01	2.573721098833895438e-01	1.529955632837596835e-01	7.243051326906436993e-02	3.182655836305999658e-02	7.793587966631852770e-02
1.204604783200165684e+03	2.461209559978146666e-01	1.609833333106512610e-01	2.575155303734770751e-01	1.530734892152283422e-01	7.246666196282086636e-02	3.185085368102736486e-02	7.798917545863223721e-02
1.206056114264262078e+03	2.459158172723826530e-01	1.608539592065488244e-01	2.576587114007806156e-01	1.531512939791361549e-01	7.250275387037589947e-02	3.187509830319115722e-02	7.804236596723650166e-02
1.207507445328358699e+03	2.457110376726641121e-01	1.607247983965162663e-01	2.578016533632036533e-01	1.532289777769699213e-01	7.253878894431523006e-02	3.189929240125133347e-02	7.809545144473130363e-02
1.208958776392455093e+03	2.455066165765366903e-01	1.605958505279651005e-01	2.579443566579884828e-01	1.533065408086469739e-01	7.257476714047293720e-02	3.192343614524142947e-02	7.814843214280015049e-02
1.210410107456551941e+03	2.453025533628593047e-01	1.604671152488903185e-01	2.580868216817172045e-01	1.533839832725507057e-01	7.261068841785904560e-02	3.194752970356010136e-02	7.820130831221504264e-02
1.211861438520648335e+03	2.450988474114723370e-01	1.603385922078694459e-01	2.582290488303128906e-01	1.534613053655649317e-01	7.264655273858855455e-02	3.197157324300203829e-02	7.825408020284149724e-02
1.213312769584745183e+03	2.448954981031982170e-01	1.602102810540615707e-01	2.583710384990404174e-01	1.535385072831078335e-01	7.268236006781195191e-02	3.199556692878809810e-02	7.830674806364357199e-02
1.214764100648841804e+03	2.446925048198415886e-01	1.600821814372063723e-01	2.585127910825080200e-01	1.536155892191647943e-01	7.271811037364725450e-02	3.201951092459478371e-02	7.835931214268890277e-02
1.216215431712937971e+03	2.444898669441895878e-01	1.599542930076231217e-01	2.586543069746679024e-01	1.536925513663207898e-01	7.275380362711340865e-02	3.204340539258309500e-02	7.841177268715376902e-02
1.217666762777034819e+03	2.442875838600122029e-01	1.598266154162098496e-01	2.587955865688175150e-01	1.537693939157920575e-01	7.278943980206514786e-02	3.206725049342670081e-02	7.846412994332815916e-02
1.219118093841131440e+03	2.440856549520623031e-01	1.596991483144422352e-01	2.589366302576008305e-01	1.538461170574568493e-01	7.282501887512919658e-02	3.209104638633945156e-02	7.851638415662079429e-02
1.220569424905228061e+03	2.438840796060758875e-01	1.595718913543727469e-01	2.590774384330090663e-01	1.539227209798856022e-01	7.286054082564177858e-02	3.211479322910235079e-02	7.856853557156422141e-02
1.222020755969324682e+03	2.436828572087722244e-01	1.594448441886296419e-01	2.592180114863819607e-01	1.539992058703706090e-01	7.289600563558749913e-02	3.213849117808986050e-02	7.862058443181989265e-02
1.223472087033421303e+03	2.434819871478537678e-01	1.593180064704160515e-01	2.593583498084088279e-01	1.540755719149547454e-01	7.293141328953944846e-02	3.216214038829565830e-02	7.867253098018317514e-02
1.224923418097517697e+03	2.432814688120064628e-01	1.591913778535089530e-01	2.594984537891296128e-01	1.541518192984598079e-01	7.296676377460063756e-02	3.218574101335777010e-02	7.872437545858844421e-02
1.226374749161614318e+03	2.430813015908993846e-01	1.590649579922583934e-01	2.596383238179358899e-01	1.542279482045140482e-01	7.300205708034664120e-02	3.220929320558320319e-02	7.877611810811409321e-02
1.227826080225710712e+03	2.428814848751850164e-01	1.589387465415862399e-01	2.597779602835723067e-01	1.543039588155791231e-01	7.303729319876935133e-02	3.223279711597203112e-02	7.882775916898759894e-02
1.229277411289807560e+03	2.426820180564990548e-01	1.588127431569855696e-01	2.599173635741369726e-01	1.543798513129765460e-01	7.307247212422211813e-02	3.225625289424085412e-02	7.887929888059053152e-02
1.230728742353903954e+03	2.424829005274602434e-01	1.586869474945194480e-01	2.600565340770831790e-01	1.544556258769134438e-01	7.310759385336583482e-02	3.227966068884587092e-02	7.893073748146355040e-02
1.232180073418000802e+03	2.422841316816703727e-01	1.585613592108202075e-01	2.601954721792201775e-01	1.545312826865077593e-01	7.314265838511629925e-02	3.230302064700533299e-02	7.898207520931142811e-02
1.233631404482097196e+03	2.420857109137140029e-01	1.584359779630883092e-01	2.603341782667141779e-01	1.546068219198129257e-01	7.317766572059263008e-02	3.232633291472156861e-02	7.903331230100797689e-02
1.235082735546193817e+03	2.418876376191582411e-01	1.583108034090915106e-01	2.604726527250895152e-01	1.546822437538419581e-01	7.321261586306676561e-02	3.234959763680249345e-02	7.908444899260105854e-02
1.236534066610290438e+03	2.416899111945526035e-01	1.581858352071639495e-01	2.606108959392297586e-01	1.547575483645909911e-01	7.324750881791408652e-02	3.237281495688264232e-02	7.913548551931748332e-02
1.237985397674387059e+03	2.414925310374286538e-01	1.580610730162051447e-01	2.607489082933787672e-01	1.548327359270622872e-01	7.328234459256496858e-02	3.239598501744376385e-02	7.918642211556796429e-02
1.239436728738483680e+03	2.412954965462997814e-01	1.579365164956790801e-01	2.608866901711414665e-01	1.549078066152867750e-01	7.331712319645748710e-02	3.241910795983494326e-02	7.923725901495196067e-02
1.240888059802580301e+03	2.410988071206608685e-01	1.578121653056132334e-01	2.610242419554854032e-01	1.549827606023460869e-01	7.335184464099103741e-02	3.244218392429229492e-02	7.928799645026261833e-02
1.242339390866676695e+03	2.409024621609878458e-01	1.576880191065977432e-01	2.611615640287412998e-01	1.550575980603939308e-01	7.338650893948095444e-02	3.246521304995821783e-02	7.933863465349155764e-02
1.243790721930773088e+03	2.407064610687374151e-01	1.575640775597842991e-01	2.612986567726045539e-01	1.551323191606772955e-01	7.342111610711408998e-02	3.248819547490022080e-02	7.938917385583371678e-02
1.245242052994869937e+03	2.405108032463466050e-01	1.574403403268854473e-01	2.614355205681357930e-01	1.552069240735568512e-01	7.345566616090533352e-02	3.251113133612936607e-02	7.943961428769213962e-02
1.246693384058966330e+03	2.403154880972323271e-01	1.573168070701734533e-01	2.615721557957624843e-01	1.552814129685270439e-01	7.349015911965509074e-02	3.253402076961828954e-02	7.948995617868274965e-02
1.248144715123063179e+03	2.401205150257909315e-01	1.571934774524794964e-01	2.617085628352796012e-01	1.553557860142358305e-01	7.352459500390756686e-02	3.255686391031883259e-02	7.954019975763911010e-02
1.249596046187159800e+03	2.399258834373977078e-01	1.570703511371927263e-01	2.618447420658507885e-01	1.554300433785036906e-01	7.355897383591003535e-02	3.257966089217930600e-02	7.959034525261708681e-02
1.251047377251256421e+03	2.397315927384064405e-01	1.569474277882592916e-01	2.619806938660093065e-01	1.555041852283424730e-01	7.359329563957291154e-02	3.260241184816133758e-02	7.964039289089958062e-02
1.252498708315352815e+03	2.395376423361487150e-01	1.568247070701813961e-01	2.621164186136592522e-01	1.555782117299737422e-01	7.362756044043065884e-02	3.262511691025642147e-02	7.969034289900114865e-02
1.253950039379449436e+03	2.393440316389335298e-01	1.567021886480164938e-01	2.622519166860763917e-01	1.556521230488465968e-01	7.366176826560358326e-02	3.264777620950206488e-02	7.974019550267262557e-02
1.255401370443546057e+03	2.391507600560466018e-01	1.565798721873762900e-01	2.623871884599095483e-01	1.557259193496551841e-01	7.369591914376039110e-02	3.267038987599756722e-02	7.978995092690573110e-02
1.256852701507642678e+03	2.389578269977498393e-01	1.564577573544258249e-01	2.625222343111811019e-01	1.557996007963558249e-01	7.373001310508153772e-02	3.269295803891953539e-02	7.983960939593760797e-02
1.258304032571739299e+03	2.387652318752807312e-01	1.563358438158825858e-01	2.626570546152885433e-01	1.558731675521836391e-01	7.376405018122342283e-02	3.271548082653698286e-02	7.988917113325534614e-02
1.259755363635835920e+03	2.385729741008515703e-01	1.562141312390155079e-01	2.627916497470053070e-01	1.559466197796689491e-01	7.379803040528321034e-02	3.273795836622617195e-02	7.993863636160052077e-02
1.261206694699932314e+03	2.383810530876488976e-01	1.560926192916442246e-01	2.629260200804817149e-01	1.560199576406531841e-01	7.383195381176456407e-02	3.276039078448508141e-02	7.998800530297359157e-02
1.262658025764028707e+03	2.381894682498328641e-01	1.559713076421379574e-01	2.630601659892460864e-01	1.560931812963044785e-01	7.386582043654395247e-02	3.278277820694760342e-02	8.003727817863837135e-02
1.264109356828125556e+03	2.379982190025363431e-01	1.558501959594147945e-01	2.631940878462057931e-01	1.561662909071328265e-01	7.389963031683777217e-02	3.280512075839744912e-02	8.008645520912638371e-02
1.265560687892221949e+03	2.378073047618643465e-01	1.557292839129406636e-01	2.633277860236482582e-01	1.562392866330050423e-01	7.393338349117013764e-02	3.282741856278168641e-02	8.013553661424123453e-02
1.267012018956318798e+03	2.376167249448933039e-01	1.556085711727283882e-01	2.634612608932421218e-01	1.563121686331592208e-01	7.396707999934133693e-02	3.284967174322408340e-02	8.018452261306298345e-02
1.268463350020415419e+03	2.374264789696701738e-01	1.554880574093369106e-01	2.635945128260379078e-01	1.563849370662189209e-01	7.400071988239705079e-02	3.287188042203811889e-02	8.023341342395234888e-02
1.269914681084511813e+03	2.372365662552117782e-01	1.553677422938703201e-01	2.637275421924695218e-01	1.564575920902070427e-01	7.403430318259805742e-02	3.289404472073968744e-02	8.028220926455505169e-02
1.271366012148608434e+03	2.370469862215039136e-01	1.552476254979769654e-01	2.638603493623548069e-01	1.565301338625594563e-01	7.406782994339072834e-02	3.291616476005961023e-02	8.033091035180599249e-02
1.272817343212705055e+03	2.368577382895005745e-01	1.551277066938484828e-01	2.639929347048968755e-01	1.566025625401381016e-01	7.410130020937809314e-02	3.293824065995583361e-02	8.037951690193341492e-02
1.274268674276801676e+03	2.366688218811231759e-01	1.550079855542190466e-01	2.641252985886852200e-01	1.566748782792438954e-01	7.413471402629155660e-02	3.296027253962537790e-02	8.042802913046311064e-02
1.275720005340898297e+03	2.364802364192595818e-01	1.548884617523642870e-01	2.642574413816963230e-01	1.567470812356294985e-01	7.416807144096314308e-02	3.298226051751604326e-02	8.047644725222251327e-02
1.277171336404994690e+03	2.362919813277633563e-01	1.547691349621005408e-01	2.643893634512949342e-01	1.568191715645115003e-01	7.420137250129842099e-02	3.300420471133783118e-02	8.052477148134476459e-02
1.278622667469091539e+03	2.361040560314528469e-01	1.546500048577838515e-01	2.645210651642351252e-01	1.568911494205824930e-01	7.423461725624995455e-02	3.302610523807422011e-02	8.057300203127283622e-02
1.280073998533187932e+03	2.359164599561102693e-01	1.545310711143091653e-01	2.646525468866612885e-01	1.569630149580228118e-01	7.426780575579133847e-02	3.304796221399308731e-02	8.062113911476341543e-02
1.281525329597284326e+03	2.357291925284807910e-01	1.544123334071093590e-01	2.647838089841088594e-01	1.570347683305120257e-01	7.430093805089177383e-02	3.306977575465750580e-02	8.066918294389099908e-02
1.282976660661381175e+03	2.355422531762716709e-01	1.542937914121544352e-01	2.649148518215058146e-01	1.571064096912401786e-01	7.433401419349119910e-02	3.309154597493623590e-02	8.071713373005179326e-02
1.284427991725477568e+03	2.353556413281512050e-01	1.541754448059505511e-01	2.650456757631732274e-01	1.571779391929186698e-01	7.436703423647594846e-02	3.311327298901405730e-02	8.076499168396762685e-02
1.285879322789574417e+03	2.351693564137479486e-01	1.540572932655391858e-01	2.651762811728266001e-01	1.572493569877909947e-01	7.439999823365492371e-02	3.313495691040185126e-02	8.081275701568982339e-02
1.287330653853671038e+03	2.349833978636494958e-01	1.539393364684961962e-01	2.653066684135766962e-01	1.573206632276431260e-01	7.443290623973630726e-02	3.315659785194649545e-02	8.086042993460303141e-02
1.288781984917767431e+03	2.347977651094018126e-01	1.538215740929309572e-01	2.654368378479304846e-01	1.573918580638136999e-01	7.446575831030470549e-02	3.317819592584053678e-02	8.090801064942906851e-02
1.290233315981864052e+03	2.346124575835079884e-01	1.537040058174855839e-01	2.655667898377924163e-01	1.574629416472040355e-01	7.449855450179886096e-02	3.319975124363167690e-02	8.095549936823066839e-02
