1.001418434226643626e+03	2.787022402026985146e-01	1.813596772086878417e-01	2.349204699632311821e-01	1.408428682021403699e-01	6.697327841783953795e-02	2.782954671661290805e-02	6.937191928844536892e-02
1.003837319333471214e+03	2.782660188186135142e-01	1.810879763804713882e-01	2.352218657246812616e-01	1.410072916021211376e-01	6.703914601561555831e-02	2.788783661362874422e-02	6.948986484452406021e-02
1.006256204440298802e+03	2.778310565839411939e-01	1.808170226642515921e-01	2.355224236328427867e-01	1.411711391050334552e-01	6.710519378768270427e-02	2.794575406617857971e-02	6.960741015972524148e-02
1.008675089547126618e+03	2.773973502654064061e-01	1.805468140009224842e-01	2.358221460066539099e-01	1.413344183222256523e-01	6.717140856309532226e-02	2.800330723042978795e-02	6.972455561092189003e-02
1.011093974653954206e+03	2.769648966243267174e-01	1.802773483370581631e-01	2.361210351586932876e-01	1.414971366221520199e-01	6.723777762888610843e-02	2.806050395453783472e-02	6.984130167400127986e-02
1.013512859760782021e+03	2.765336924171455935e-01	1.800086236248972515e-01	2.364190933951952067e-01	1.416593011385786638e-01	6.730428871526325518e-02	2.811735179177449889e-02	6.995764891680088249e-02
1.015931744867609382e+03	2.761037343959459878e-01	1.797406378223273260e-01	2.367163230160648779e-01	1.418209187785216818e-01	6.737092998125879251e-02	2.817385801306466694e-02	7.007359799247207810e-02
1.018350629974437197e+03	2.756750193089441692e-01	1.794733888928692345e-01	2.370127263148938401e-01	1.419819962299257721e-01	6.743769000081552278e-02	2.823002961895948806e-02	7.018914963324734968e-02
1.020769515081264785e+03	2.752475439009660629e-01	1.792068748056616645e-01	2.373083055789752538e-01	1.421425399690917357e-01	6.750455774930075314e-02	2.828587335107241377e-02	7.030430464458746476e-02
1.023188400188092373e+03	2.748213049139051067e-01	1.789410935354456555e-01	2.376030630893192219e-01	1.423025562678602585e-01	6.757152259043491815e-02	2.834139570300323041e-02	7.041906389968696778e-02
1.025607285294920075e+03	2.743962990871630092e-01	1.786760430625490836e-01	2.378970011206683055e-01	1.424620512005598527e-01	6.763857426362365755e-02	2.839660293077409317e-02	7.053342833431729131e-02
1.028026170401747549e+03	2.739725231580745768e-01	1.784117213728712847e-01	2.381901219415129556e-01	1.426210306507262604e-01	6.770570287168203860e-02	2.845150106280034535e-02	7.064739894198776571e-02
1.030445055508575479e+03	2.735499738623159427e-01	1.781481264578677615e-01	2.384824278141070009e-01	1.427795003176004773e-01	6.777289886893989035e-02	2.850609590941776197e-02	7.076097676940644454e-02
1.032863940615402726e+03	2.731286479342976969e-01	1.778852563145348342e-01	2.387739209944829688e-01	1.429374657224123935e-01	6.784015304971750815e-02	2.856039307198693367e-02	7.087416291222302378e-02
1.035282825722230655e+03	2.727085421075431948e-01	1.776231089453943479e-01	2.390646037324678230e-01	1.430949322144568769e-01	6.790745653716105668e-02	2.861439795159436555e-02	7.098695851103774268e-02
1.037701710829058356e+03	2.722896531150526545e-01	1.773616823584784341e-01	2.393544782716983399e-01	1.432519049769688524e-01	6.797480077242754049e-02	2.866811575736901915e-02	7.109936474766054282e-02
1.040120595935886058e+03	2.718719776896535434e-01	1.771009745673143565e-01	2.396435468496367627e-01	1.434083890328034794e-01	6.804217750420907262e-02	2.872155151443208168e-02	7.121138284160605236e-02
1.042539481042713533e+03	2.714555125643373645e-01	1.768409835909092731e-01	2.399318116975863446e-01	1.435643892499281482e-01	6.810957877858689336e-02	2.877471007149689716e-02	7.132301404681044843e-02
1.044958366149541234e+03	2.710402544725838414e-01	1.765817074537353037e-01	2.402192750407067534e-01	1.437199103467317052e-01	6.817699692920521637e-02	2.882759610813518877e-02	7.143425964855734667e-02
1.047377251256368709e+03	2.706262001486728352e-01	1.763231441857142368e-01	2.405059390980299472e-01	1.438749568971572912e-01	6.824442456775586807e-02	2.888021414172493515e-02	7.154512096060026971e-02
1.049796136363196410e+03	2.702133463279842163e-01	1.760652918222026520e-01	2.407918060824754403e-01	1.440295333356640117e-01	6.831185457476429690e-02	2.893256853409447923e-02	7.165559932247031472e-02
1.052215021470024112e+03	2.698016897472860220e-01	1.758081484039768494e-01	2.410768782008662070e-01	1.441836439620231280e-01	6.837928009066837620e-02	2.898466349787685165e-02	7.176569609695797325e-02
1.054633906576851814e+03	2.693912271450122908e-01	1.755517119772180001e-01	2.413611576539440307e-01	1.443372929459540432e-01	6.844669450718088299e-02	2.903650310258747494e-02	7.187541266775869520e-02
1.057052791683679516e+03	2.689819552615292930e-01	1.752959805934971582e-01	2.416446466363852130e-01	1.444904843316052734e-01	6.851409145892781161e-02	2.908809128043799222e-02	7.198475043727270428e-02
1.059471676790506763e+03	2.685738708393919372e-01	1.750409523097603837e-01	2.419273473368162286e-01	1.446432220418852888e-01	6.858146481535361272e-02	2.913943183189810632e-02	7.209371082454980872e-02
1.061890561897334692e+03	2.681669706235905171e-01	1.747866251883139488e-01	2.422092619378292677e-01	1.447955098826483322e-01	6.864880867288589150e-02	2.919052843101700365e-02	7.220229526337045012e-02
1.064309447004162394e+03	2.677612513617870227e-01	1.745329972968096000e-01	2.424903926159977519e-01	1.449473515467394336e-01	6.871611734735139088e-02	2.924138463051519782e-02	7.231050520045502472e-02
1.066728332110990095e+03	2.673567098045430690e-01	1.742800667082297084e-01	2.427707415418920711e-01	1.450987506179038378e-01	6.878338536663586300e-02	2.929200386665722217e-02	7.241834209379360843e-02
1.069147217217817570e+03	2.669533427055384989e-01	1.740278315008726984e-01	2.430503108800951828e-01	1.452497105745645944e-01	6.885060746358034889e-02	2.934238946391504524e-02	7.252580741108903550e-02
1.071566102324645271e+03	2.665511468217814373e-01	1.737762897583381982e-01	2.433291027892180158e-01	1.454002347934731099e-01	6.891777856910666356e-02	2.939254463943168777e-02	7.263290262830632282e-02
1.073984987431472746e+03	2.661501189138100187e-01	1.735254395695126350e-01	2.436071194219152081e-01	1.455503265532364365e-01	6.898489380556506456e-02	2.944247250729399579e-02	7.273962922832204192e-02
1.076403872538300675e+03	2.657502557458863435e-01	1.732752790285544686e-01	2.438843629249007328e-01	1.456999890377256024e-01	6.905194848029742871e-02	2.949217608262317061e-02	7.284598869966772694e-02
1.078822757645127922e+03	2.653515540861823840e-01	1.730258062348797032e-01	2.441608354389632196e-01	1.458492253393686433e-01	6.911893807940903967e-02	2.954165828549118467e-02	7.295198253536130939e-02
1.081241642751955851e+03	2.649540107069587314e-01	1.727770192931474547e-01	2.444365390989816644e-01	1.459980384623322802e-01	6.918585826174286635e-02	2.959092194467093442e-02	7.305761223182150044e-02
1.083660527858783553e+03	2.645576223847361241e-01	1.725289163132454062e-01	2.447114760339409723e-01	1.461464313255958214e-01	6.925270485304979573e-02	2.963996980122746150e-02	7.316287928785980554e-02
1.086079412965611255e+03	2.641623859004599839e-01	1.722814954102753204e-01	2.449856483669474727e-01	1.462944067659207315e-01	6.931947384034894966e-02	2.968880451195741663e-02	7.326778520374546688e-02
1.088498298072438729e+03	2.637682980396581778e-01	1.720347547045388281e-01	2.452590582152443799e-01	1.464419675407195032e-01	6.938616136647199339e-02	2.973742865268344526e-02	7.337233148033896202e-02
1.090917183179266431e+03	2.633753555925927303e-01	1.717886923215229678e-01	2.455317076902273077e-01	1.465891163308270517e-01	6.945276372478580151e-02	2.978584472140996184e-02	7.347651961828945144e-02
1.093336068286093905e+03	2.629835553544049298e-01	1.715433063918858358e-01	2.458035988974597297e-01	1.467358557431777122e-01	6.951927735408795772e-02	2.983405514134642930e-02	7.358035111729267774e-02
1.095754953392921607e+03	2.625928941252546056e-01	1.712985950514424038e-01	2.460747339366885222e-01	1.468821883133912265e-01	6.958569883366939879e-02	2.988206226380400038e-02	7.368382747540511146e-02
1.098173838499749309e+03	2.622033687104537991e-01	1.710545564411503072e-01	2.463451149018592301e-01	1.470281165082704677e-01	6.965202487853934532e-02	2.992986837097112371e-02	7.378695018841105457e-02
1.100592723606577010e+03	2.618149759205944394e-01	1.708111887070955237e-01	2.466147438811316928e-01	1.471736427282140103e-01	6.971825233480700990e-02	2.997747567857341616e-02	7.388972074923917666e-02
1.103011608713404712e+03	2.614277125716713002e-01	1.705684900004783289e-01	2.468836229568953655e-01	1.473187693095462658e-01	6.978437817521546127e-02	3.002488633842285981e-02	7.399214064742565267e-02
1.105430493820231959e+03	2.610415754851991843e-01	1.703264584775991963e-01	2.471517542057846129e-01	1.474634985267679055e-01	6.985039949482252375e-02	3.007210244086123974e-02	7.409421136862051616e-02
1.107849378927059888e+03	2.606565614883255555e-01	1.700850922998446424e-01	2.474191396986941960e-01	1.476078325947292880e-01	6.991631350682431245e-02	3.011912601710235379e-02	7.419593439413481317e-02
1.110268264033887590e+03	2.602726674139377860e-01	1.698443896336732650e-01	2.476857815007945662e-01	1.477517736707295304e-01	6.998211753851671380e-02	3.016595904147750459e-02	7.429731120052573967e-02
1.112687149140715292e+03	2.598898901007666296e-01	1.696043486506016162e-01	2.479516816715472138e-01	1.478953238565433592e-01	7.004780902739041193e-02	3.021260343358838849e-02	7.439834325921741709e-02
1.115106034247542766e+03	2.595082263934844202e-01	1.693649675271904076e-01	2.482168422647199335e-01	1.480384852003787111e-01	7.011338551735528390e-02	3.025906106037147894e-02	7.449903203615480807e-02
1.117524919354370468e+03	2.591276731427992752e-01	1.691262444450305491e-01	2.484812653284019790e-01	1.481812596987666930e-01	7.017884465508990310e-02	3.030533373807767564e-02	7.459937899148888496e-02
1.119943804461197942e+03	2.587482272055454113e-01	1.688881775907292160e-01	2.487449529050196062e-01	1.483236492983867894e-01	7.024418418651229290e-02	3.035142323417096277e-02	7.469938557929070577e-02
1.122362689568025871e+03	2.583698854447687987e-01	1.686507651558959708e-01	2.490079070313509779e-01	1.484656558978291740e-01	7.030940195336793375e-02	3.039733126914946973e-02	7.479905324729263505e-02
1.124781574674853118e+03	2.579926447298096504e-01	1.684140053371290247e-01	2.492701297385415404e-01	1.486072813492963218e-01	7.037449588993119343e-02	3.044305951829236537e-02	7.489838343665486398e-02
1.127200459781681047e+03	2.576165019363806929e-01	1.681778963360014700e-01	2.495316230521192336e-01	1.487485274602456942e-01	7.043946401981662775e-02	3.048860961333570846e-02	7.499737758175557822e-02
1.129619344888508749e+03	2.572414539466418848e-01	1.679424363590475422e-01	2.497923889920094509e-01	1.488893959949760815e-01	7.050430445289662673e-02	3.053398314408034206e-02	7.509603711000302495e-02
1.132038229995336451e+03	2.568674976492721918e-01	1.677076236177489355e-01	2.500524295725503054e-01	1.490298886761587394e-01	7.056901538232189519e-02	3.057918165993471840e-02	7.519436344166818831e-02
1.134457115102163925e+03	2.564946299395372553e-01	1.674734563285210365e-01	2.503117468025076731e-01	1.491700071863158450e-01	7.063359508164131217e-02	3.062420667139540559e-02	7.529235798973647753e-02
1.136876000208991627e+03	2.561228477193541742e-01	1.672399327126994628e-01	2.505703426850903193e-01	1.493097531692474667e-01	7.069804190201828265e-02	3.066905965146801694e-02	7.539002215977723409e-02
1.139294885315819101e+03	2.557521478973536211e-01	1.670070509965264072e-01	2.508282192179647208e-01	1.494491282314093505e-01	7.076235426954009811e-02	3.071374203703097078e-02	7.548735734982968404e-02
1.141713770422646803e+03	2.553825273889382408e-01	1.667748094111370927e-01	2.510853783932703864e-01	1.495881339432427182e-01	7.082653068261748897e-02	3.075825523014461341e-02	7.558436495030433633e-02
1.144132655529474505e+03	2.550139831163381610e-01	1.665432061925462559e-01	2.513418221976346789e-01	1.497267718404579062e-01	7.089056970947134328e-02	3.080260059930795338e-02	7.568104634389859198e-02
1.146551540636302207e+03	2.546465120086647271e-01	1.663122395816347687e-01	2.515975526121875250e-01	1.498650434252732921e-01	7.095446998570370534e-02	3.084677948066523803e-02	7.577740290552557878e-02
1.148970425743129908e+03	2.542801110019603517e-01	1.660819078241360380e-01	2.518525716125769587e-01	1.500029501676113375e-01	7.101823021195043106e-02	3.089079317916451281e-02	7.587343600225529561e-02
1.151389310849957155e+03	2.539147770392461978e-01	1.658522091706227664e-01	2.521068811689832212e-01	1.501404935062526647e-01	7.108184915161279427e-02	3.093464296967010640e-02	7.596914699326709486e-02
1.153808195956785084e+03	2.535505070705679209e-01	1.656231418764935182e-01	2.523604832461342484e-01	1.502776748499501380e-01	7.114532562866518473e-02	3.097833009803106774e-02	7.606453722981268428e-02
1.156227081063612786e+03	2.531872980530380790e-01	1.653947042019593971e-01	2.526133798033202704e-01	1.504144955785038651e-01	7.120865852553688591e-02	3.102185578210733818e-02	7.615960805518888488e-02
1.158645966170440488e+03	2.528251469508768223e-01	1.651668944120307791e-01	2.528655727944085219e-01	1.505509570437986722e-01	7.127184678106507354e-02	3.106522121275542489e-02	7.625436080471932609e-02
1.161064851277267962e+03	2.524640507354502517e-01	1.649397107765041282e-01	2.531170641678581190e-01	1.506870605708054145e-01	7.133488938851691163e-02	3.110842755477530655e-02	7.634879680574445382e-02
1.163483736384095664e+03	2.521040063853063340e-01	1.647131515699486182e-01	2.533678558667347147e-01	1.508228074585470369e-01	7.139778539367837296e-02	3.115147594782012586e-02	7.644291737761924055e-02
1.165902621490923138e+03	2.517450108862093194e-01	1.644872150716931436e-01	2.536179498287253753e-01	1.509581989810308278e-01	7.146053389300768832e-02	3.119436750727026808e-02	7.653672383171776505e-02
1.168321506597751068e+03	2.513870612311714936e-01	1.642618995658130243e-01	2.538673479861529581e-01	1.510932363881480056e-01	7.152313403185107943e-02	3.123710332507324827e-02	7.663021747144442564e-02
1.170740391704578315e+03	2.510301544204834867e-01	1.640372033411169883e-01	2.541160522659911547e-01	1.512279209065417462e-01	7.158558500271902658e-02	3.127968447055087808e-02	7.672339959225095429e-02
1.173159276811406244e+03	2.506742874617423067e-01	1.638131246911341266e-01	2.543640645898786468e-01	1.513622537404444302e-01	7.164788604362072599e-02	3.132211199117500289e-02	7.681627148165891261e-02
1.175578161918233945e+03	2.503194573698782066e-01	1.635896619141008479e-01	2.546113868741340380e-01	1.514962360724856905e-01	7.171003643645515457e-02	3.136438691331314144e-02	7.690883441928711428e-02
1.177997047025061647e+03	2.499656611671791095e-01	1.633668133129477229e-01	2.548580210297700654e-01	1.516298690644719005e-01	7.177203550545646626e-02	3.140651024294523891e-02	7.700108967688362727e-02
1.180415932131889122e+03	2.496128958833138123e-01	1.631445771952868273e-01	2.551039689625085316e-01	1.517631538581380446e-01	7.183388261569237376e-02	3.144848296635276846e-02	7.709303851836178667e-02
1.182834817238716823e+03	2.492611585553534681e-01	1.629229518733985027e-01	2.553492325727943490e-01	1.518960915758731656e-01	7.189557717161328132e-02	3.149030605078121520e-02	7.718468219984013501e-02
1.185253702345544298e+03	2.489104462277914598e-01	1.627019356642187276e-01	2.555938137558104173e-01	1.520286833214200273e-01	7.195711861565094736e-02	3.153198044507713599e-02	7.727602196968547110e-02
1.187672587452371999e+03	2.485607559525619403e-01	1.624815268893261277e-01	2.558377144014915006e-01	1.521609301805501024e-01	7.201850642686453974e-02	3.157350708030074588e-02	7.736705906855924353e-02
1.190091472559199701e+03	2.482120847890567916e-01	1.622617238749291813e-01	2.560809363945389938e-01	1.522928332217147185e-01	7.207974011963295957e-02	3.161488687031508565e-02	7.745779472946646982e-02
1.192510357666027403e+03	2.478644298041412508e-01	1.620425249518533950e-01	2.563234816144352446e-01	1.524243934966727221e-01	7.214081924239158783e-02	3.165612071235267277e-02	7.754823017780727856e-02
1.194929242772855105e+03	2.475177880721681489e-01	1.618239284555286761e-01	2.565653519354577083e-01	1.525556120410963556e-01	7.220174337641209472e-02	3.169720948756060003e-02	7.763836663143051930e-02
1.197348127879682352e+03	2.471721566749910393e-01	1.616059327259765366e-01	2.568065492266934369e-01	1.526864898751550403e-01	7.226251213462378531e-02	3.173815406152489388e-02	7.772820530068938472e-02
1.199767012986510281e+03	2.468275327019758547e-01	1.613885361077973812e-01	2.570470753520528451e-01	1.528170280040788975e-01	7.232312516047530171e-02	3.177895528477497900e-02	7.781774738849879525e-02
1.202185898093337983e+03	2.464839132500115659e-01	1.611717369501579344e-01	2.572869321702846435e-01	1.529472274187016756e-01	7.238358212683494719e-02	3.181961399326911633e-02	7.790699409039418544e-02
1.204604783200165684e+03	2.461412954235195349e-01	1.609555336067786946e-01	2.575261215349892718e-01	1.530770890959846087e-01	7.244388273492877173e-02	3.186013100886149474e-02	7.799594659459165025e-02
1.207023668306993159e+03	2.457996763344619251e-01	1.607399244359211943e-01	2.577646452946336653e-01	1.532066139995214571e-01	7.250402671331487858e-02	3.190050713975173258e-02	7.808460608204920161e-02
1.209442553413820860e+03	2.454590531023488897e-01	1.605249078003755381e-01	2.580025052925648543e-01	1.533358030800253680e-01	7.256401381689278618e-02	3.194074318091752462e-02	7.817297372652907972e-02
1.211861438520648335e+03	2.451194228542448450e-01	1.603104820674479680e-01	2.582397033670243425e-01	1.534646572757984162e-01	7.262384382594667953e-02	3.198083991453108677e-02	7.826105069466064712e-02
1.214280323627476264e+03	2.447807827247737711e-01	1.600966456089483181e-01	2.584762413511620949e-01	1.535931775131841870e-01	7.268351654522146876e-02	3.202079811036002283e-02	7.834883814600412943e-02
1.216699208734303511e+03	2.444431298561234311e-01	1.598833968011776074e-01	2.587121210730503607e-01	1.537213647070040656e-01	7.274303180303047511e-02	3.206061852615324503e-02	7.843633723311478623e-02
1.219118093841131440e+03	2.441064613980487297e-01	1.596707340249156337e-01	2.589473443556978283e-01	1.538492197609780121e-01	7.280238945039370357e-02	3.210030190801258648e-02	7.852354910160742885e-02
1.221536978947959142e+03	2.437707745078743216e-01	1.594586556654086218e-01	2.591819130170635033e-01	1.539767435681298202e-01	7.286158936020563359e-02	3.213984899075059826e-02	7.861047489022135459e-02
1.223955864054786844e+03	2.434360663504962496e-01	1.592471601123568448e-01	2.594158288700706416e-01	1.541039370111780271e-01	7.292063142643169515e-02	3.217926049823510021e-02	7.869711573088528089e-02
1.226374749161614318e+03	2.431023340983826386e-01	1.590362457599023838e-01	2.596490937226205720e-01	1.542308009629125287e-01	7.297951556333218126e-02	3.221853714372105437e-02	7.878347274878245987e-02
1.228793634268442020e+03	2.427695749315739449e-01	1.588259110066168600e-01	2.598817093776063514e-01	1.543573362865577336e-01	7.303824170471291677e-02	3.225767963017019124e-02	7.886954706241579294e-02
1.231212519375269494e+03	2.424377860376821237e-01	1.586161542554891390e-01	2.601136776329269207e-01	1.544835438361221724e-01	7.309680980320169830e-02	3.229668865055890931e-02	7.895533978367277883e-02
1.233631404482097196e+03	2.421069646118892416e-01	1.584069739139132849e-01	2.603450002815005382e-01	1.546094244567358389e-01	7.315521982954960312e-02	3.233556488817492663e-02	7.904085201789029513e-02
1.236050289588924898e+03	2.417771078569452281e-01	1.581983683936762086e-01	2.605756791112787130e-01	1.547349789849749579e-01	7.321347177195633438e-02	3.237430901690302454e-02	7.912608486391925489e-02
1.238469174695752372e+03	2.414482129831653778e-01	1.579903361109456783e-01	2.608057159052596385e-01	1.548602082491749576e-01	7.327156563541882550e-02	3.241292170150047308e-02	7.921103941418876360e-02
1.240888059802580301e+03	2.411202772084265755e-01	1.577828754862581062e-01	2.610351124415021817e-01	1.549851130697320611e-01	7.332950144110228496e-02	3.245140359786236051e-02	7.929571675477012360e-02
1.243306944909407548e+03	2.407932977581633271e-01	1.575759849445066418e-01	2.612638704931392053e-01	1.551096942593938321e-01	7.338727922573291818e-02	3.248975535327738168e-02	7.938011796544026943e-02
1.245725830016235477e+03	2.404672718653631247e-01	1.573696629149290427e-01	2.614919918283914457e-01	1.552339526235390621e-01	7.344489904101163258e-02	3.252797760667432148e-02	7.946424411974489788e-02
1.248144715123063179e+03	2.401421967705611449e-01	1.571639078310956283e-01	2.617194782105807249e-01	1.553578889604473046e-01	7.350236095304797657e-02	3.256607098885969109e-02	7.954809628506095964e-02
1.250563600229890881e+03	2.398180697218344759e-01	1.569587181308975121e-01	2.619463313981436059e-01	1.554815040615586674e-01	7.355966504181360444e-02	3.260403612274680868e-02	7.963167552265870697e-02
1.252982485336718355e+03	2.394948879747957338e-01	1.567540922565344441e-01	2.621725531446449931e-01	1.556047987117237796e-01	7.361681140061460127e-02	3.264187362357662964e-02	7.971498288776314445e-02
1.255401370443546057e+03	2.391726487925862066e-01	1.565500286545030706e-01	2.623981451987914548e-01	1.557277736894447373e-01	7.367380013558220975e-02	3.267958409913077761e-02	7.979801942961491090e-02
1.257820255550373531e+03	2.388513494458684994e-01	1.563465257755849713e-01	2.626231093044445464e-01	1.558504297671069183e-01	7.373063136518098748e-02	3.271716814993685246e-02	7.988078619153049509e-02
1.260239140657201460e+03	2.385309872128189013e-01	1.561435820748348635e-01	2.628474472006343543e-01	1.559727677112025535e-01	7.378730521973411727e-02	3.275462636946654266e-02	7.996328421096188244e-02
1.262658025764028707e+03	2.382115593791186980e-01	1.559411960115688889e-01	2.630711606215728748e-01	1.560947882825455268e-01	7.384382184096513480e-02	3.279195934432665299e-02	8.004551451955542463e-02
1.265076910870856636e+03	2.378930632379458732e-01	1.557393660493527621e-01	2.632942512966670034e-01	1.562164922364784603e-01	7.390018138155553251e-02	3.282916765444338081e-02	8.012747814321014017e-02
1.267495795977684338e+03	2.375754960899657819e-01	1.555380906559900300e-01	2.635167209505320796e-01	1.563378803230720815e-01	7.395638400471769847e-02	3.286625187324015984e-02	8.020917610213527948e-02
1.269914681084511813e+03	2.372588552433216591e-01	1.553373683035103869e-01	2.637385713030050982e-01	1.564589532873169597e-01	7.401242988378271825e-02	3.290321256780915499e-02	8.029060941090712666e-02
1.272333566191339514e+03	2.369431380136246268e-01	1.551371974681580168e-01	2.639598040691577552e-01	1.565797118693081913e-01	7.406831920180247109e-02	3.294005029907682430e-02	8.037177907852517678e-02
1.274752451298167216e+03	2.366283417239435083e-01	1.549375766303799362e-01	2.641804209593097696e-01	1.567001568044230075e-01	7.412405215116553425e-02	3.297676562196364541e-02	8.045268610846753599e-02
1.277171336404994690e+03	2.363144637047941421e-01	1.547385042748144757e-01	2.644004236790420403e-01	1.568202888234918602e-01	7.417962893322652129e-02	3.301335908553831161e-02	8.053333149874557229e-02
1.279590221511822392e+03	2.360015012941283352e-01	1.545399788902795668e-01	2.646198139292095242e-01	1.569401086529629008e-01	7.423504975794818772e-02	3.304983123316656418e-02	8.061371624195781682e-02
1.282009106618650094e+03	2.356894518373225944e-01	1.543419989697613071e-01	2.648385934059544478e-01	1.570596170150602988e-01	7.429031484355612391e-02	3.308618260265484140e-02	8.069384132534326848e-02
1.284427991725477568e+03	2.353783126871664688e-01	1.541445630104024411e-01	2.650567638007193527e-01	1.571788146279364529e-01	7.434542441620542452e-02	3.312241372638902170e-02	8.077370773083369926e-02
1.286846876832305497e+03	2.350680812038506706e-01	1.539476695134908701e-01	2.652743268002599741e-01	1.572977022058185126e-01	7.440037870965900135e-02	3.315852513146835129e-02	8.085331643510548782e-02
1.289265761939132744e+03	2.347587547549547238e-01	1.537513169844481331e-01	2.654912840866583967e-01	1.574162804591492659e-01	7.445517796497704011e-02	3.319451733983479202e-02	8.093266840963050934e-02
1.291684647045960673e+03	2.344503307154345850e-01	1.535555039328181381e-01	2.657076373373357669e-01	1.575345500947225863e-01	7.450982243021746221e-02	3.323039086839796319e-02	8.101176462072638695e-02
1.294103532152788375e+03	2.341428064676098486e-01	1.533602288722556717e-01	2.659233882250652270e-01	1.576525118158137173e-01	7.456431236014668396e-02	3.326614622915578107e-02	8.109060602960596609e-02
1.296522417259616077e+03	2.338361794011506178e-01	1.531654903205151019e-01	2.661385384179848490e-01	1.577701663223045336e-01	7.461864801596061747e-02	3.330178392931106707e-02	8.116919359242610876e-02
1.298941302366443551e+03	2.335304469130644600e-01	1.529712867994390546e-01	2.663530895796103470e-01	1.578875143108039170e-01	7.467282966501528896e-02	3.333730447138415903e-02	8.124752826033565523e-02
1.301360187473271253e+03	2.332256064076826951e-01	1.527776168349470887e-01	2.665670433688480112e-01	1.580045564747635523e-01	7.472685758056708816e-02	3.337270835332172697e-02	8.132561097952274720e-02
1.303779072580098727e+03	2.329216552966467124e-01	1.525844789570244553e-01	2.667804014400073642e-01	1.581212935045890888e-01	7.478073204152192732e-02	3.340799606860196669e-02	8.140344269126145726e-02
1.306197957686926657e+03	2.326185909988940370e-01	1.523918716997109124e-01	2.669931654428138179e-01	1.582377260877469993e-01	7.483445333219332363e-02	3.344316810633624071e-02	8.148102433195758554e-02
1.308616842793753904e+03	2.323164109406443412e-01	1.521997936010895391e-01	2.672053370224213853e-01	1.583538549088674419e-01	7.488802174206887763e-02	3.347822495136735382e-02	8.155835683319391516e-02
1.311035727900581833e+03	2.320151125553849281e-01	1.520082432032754394e-01	2.674169178194255037e-01	1.584696806498427368e-01	7.494143756558506453e-02	3.351316708436451186e-02	8.163544112177460732e-02
1.313454613007409534e+03	2.317146932838562712e-01	1.518172190524047782e-01	2.676279094698754135e-01	1.585852039899222077e-01	7.499470110190986638e-02	3.354799498191518570e-02	8.171227811976902733e-02
1.315873498114237009e+03	2.314151505740372761e-01	1.516267196986236521e-01	2.678383136052868707e-01	1.587004256058032192e-01	7.504781265473298157e-02	3.358270911661393604e-02	8.178886874455484901e-02
1.318292383221064711e+03	2.311164818811305144e-01	1.514367436960768476e-01	2.680481318526545254e-01	1.588153461717184689e-01	7.510077253206363934e-02	3.361730995714828918e-02	8.186521390886052074e-02
1.320711268327892412e+03	2.308186846675470694e-01	1.512472896028970171e-01	2.682573658344646894e-01	1.589299663595199474e-01	7.515358104603529765e-02	3.365179796838183024e-02	8.194131452080695432e-02
1.323130153434719887e+03	2.305217564028913813e-01	1.510583559811935483e-01	2.684660171687076602e-01	1.590442868387594577e-01	7.520623851271739102e-02	3.368617361143458333e-02	8.201717148394872814e-02
1.325549038541547588e+03	2.302256945639460095e-01	1.508699413970416292e-01	2.686740874688902103e-01	1.591583082767659141e-01	7.525874525193362863e-02	3.372043734376076879e-02	8.209278569731454089e-02
1.327967923648375290e+03	2.299304966346560342e-01	1.506820444204713116e-01	2.688815783440479668e-01	1.592720313387194220e-01	7.531110158708675950e-02	3.375458961922406242e-02	8.216815805544708251e-02
1.330386808755202765e+03	2.296361601061134572e-01	1.504946636254565484e-01	2.690884913987577898e-01	1.593854566877226098e-01	7.536330784498956881e-02	3.378863088817037758e-02	8.224328944844221112e-02
1.332805693862030694e+03	2.293426824765416594e-01	1.503077975899043128e-01	2.692948282331500964e-01	1.594985849848686021e-01	7.541536435570177221e-02	3.382256159749841978e-02	8.231818076198761658e-02
1.335224578968857941e+03	2.290500612512792467e-01	1.501214448956438297e-01	2.695005904429212396e-01	1.596114168893066898e-01	7.546727145237275280e-02	3.385638219072787530e-02	8.239283287740081785e-02
1.337643464075685870e+03	2.287582939427643403e-01	1.499356041284155283e-01	2.697057796193457757e-01	1.597239530583048905e-01	7.551902947108982134e-02	3.389009310806549713e-02	8.246724667166656364e-02
1.340062349182513572e+03	2.284673780705183121e-01	1.497502738778605236e-01	2.699103973492886777e-01	1.598361941473102066e-01	7.557063875073194437e-02	3.392369478646906772e-02	8.254142301747369181e-02
1.342481234289341273e+03	2.281773111611297145e-01	1.495654527375095966e-01	2.701144452152174358e-01	1.599481408100062174e-01	7.562209963282863490e-02	3.395718765970937719e-02	8.261536278325137816e-02
1.344900119396168748e+03	2.278880907482379592e-01	1.493811393047726754e-01	2.703179247952144371e-01	1.600597936983683134e-01	7.567341246142381128e-02	3.399057215843023089e-02	8.268906683320485784e-02
1.347319004502996449e+03	2.275997143725170258e-01	1.491973321809279274e-01	2.705208376629890665e-01	1.601711534627165423e-01	7.572457758294455499e-02	3.402384871020659729e-02	8.276253602735056392e-02
1.349737889609823924e+03	2.273121795816588353e-01	1.490140299711112115e-01	2.707231853878896422e-01	1.602822207517662356e-01	7.577559534607458680e-02	3.405701773960093104e-02	8.283577122155073857e-02
1.352156774716651853e+03	2.270254839303568750e-01	1.488312312843054486e-01	2.709249695349157938e-01	1.603929962126765807e-01	7.582646610163215617e-02	3.409007966821776814e-02	8.290877326754751697e-02
1.354575659823479100e+03	2.267396249802895170e-01	1.486489347333298516e-01	2.711261916647301762e-01	1.605034804910970003e-01	7.587719020245241308e-02	3.412303491475666278e-02	8.298154301299649760e-02
1.356994544930307029e+03	2.264546003001032815e-01	1.484671389348294346e-01	2.713268533336707922e-01	1.606136742312114785e-01	7.592776800327391551e-02	3.415588389506345884e-02	8.305408130149977142e-02
1.359413430037134731e+03	2.261704074653961560e-01	1.482858425092644927e-01	2.715269560937625948e-01	1.607235780757811372e-01	7.597819986062920306e-02	3.418862702218003480e-02	8.312638897263846527e-02
1.361832315143962205e+03	2.258870440587007478e-01	1.481050440808999724e-01	2.717265014927299216e-01	1.608331926661847600e-01	7.602848613273935352e-02	3.422126470639251516e-02	8.319846686200481345e-02
1.364251200250789907e+03	2.256045076694673801e-01	1.479247422777949794e-01	2.719254910740079856e-01	1.609425186424576770e-01	7.607862717941224484e-02	3.425379735527806641e-02	8.327031580123374355e-02
1.366670085357617609e+03	2.253227958940471620e-01	1.477449357317924816e-01	2.721239263767549210e-01	1.610515566433287915e-01	7.612862336194457791e-02	3.428622537375022872e-02	8.334193661803390718e-02
1.369088970464445310e+03	2.250419063356749738e-01	1.475656230785085121e-01	2.723218089358636629e-01	1.611603073062561620e-01	7.617847504302732720e-02	3.431854916410298495e-02	8.341333013621840542e-02
1.371507855571272785e+03	2.247618366044524529e-01	1.473868029573221217e-01	2.725191402819737707e-01	1.612687712674605867e-01	7.622818258665468860e-02	3.435076912605342786e-02	8.348449717573494522e-02
1.373926740678100487e+03	2.244825843173308966e-01	1.472084740113647761e-01	2.727159219414831415e-01	1.613769491619581331e-01	7.627774635803624692e-02	3.438288565678322695e-02	8.355543855269555176e-02
1.376345625784927961e+03	2.242041470980941642e-01	1.470306348875100311e-01	2.729121554365597224e-01	1.614848416235908635e-01	7.632716672351241849e-02	3.441489915097888791e-02	8.362615507940589221e-02
1.378764510891755890e+03	2.239265225773413581e-01	1.468532842363631796e-01	2.731078422851535570e-01	1.615924492850561445e-01	7.637644405047283591e-02	3.444681000087077699e-02	8.369664756439418318e-02
1.381183395998583137e+03	2.236497083924697815e-01	1.466764207122510655e-01	2.733029840010078315e-01	1.616997727779348193e-01	7.642557870727778591e-02	3.447861859627110448e-02	8.376691681243961241e-02
1.383602281105411066e+03	2.233737021876577022e-01	1.465000429732116749e-01	2.734975820936711988e-01	1.618068127327178252e-01	7.647457106318247821e-02	3.451032532461073554e-02	8.383696362460035800e-02
1.386021166212238768e+03	2.230985016138470056e-01	1.463241496809839781e-01	2.736916380685089911e-01	1.619135697788315342e-01	7.652342148826404844e-02	3.454193057097496716e-02	8.390678879824138570e-02
1.388440051319066470e+03	2.228241043287258749e-01	1.461487395009976598e-01	2.738851534267150445e-01	1.620200445446620952e-01	7.657213035335129481e-02	3.457343471813834057e-02	8.397639312706152437e-02
1.390858936425893944e+03	2.225505079967115274e-01	1.459738111023630436e-01	2.740781296653230781e-01	1.621262376575783315e-01	7.662069802995689904e-02	3.460483814659841284e-02	8.404577740112051387e-02
1.393277821532721646e+03	2.222777102889328671e-01	1.457993631578607119e-01	2.742705682772182962e-01	1.622321497439537241e-01	7.666912489021221466e-02	3.463614123460857785e-02	8.411494240686535895e-02
1.395696706639549120e+03	2.220057088832131653e-01	1.456253943439315413e-01	2.744624707511489348e-01	1.623377814291871168e-01	7.671741130680437282e-02	3.466734435821001992e-02	8.418388892715658600e-02
1.398115591746377049e+03	2.217345014640525747e-01	1.454519033406665718e-01	2.746538385717376407e-01	1.624431333377225339e-01	7.676555765291574740e-02	3.469844789126273060e-02	8.425261774129393089e-02
1.400534476853204296e+03	2.214640857226107540e-01	1.452788888317969318e-01	2.748446732194929631e-01	1.625482060930678874e-01	7.681356430216565445e-02	3.472945220547572764e-02	8.432112962504179077e-02
1.402953361960032225e+03	2.211944593566895489e-01	1.451063495046837348e-01	2.750349761708207885e-01	1.626530003178127681e-01	7.686143162855414712e-02	3.476035767043638564e-02	8.438942535065434292e-02
1.405372247066859927e+03	2.209256200707155893e-01	1.449342840503081153e-01	2.752247488980355539e-01	1.627575166336453216e-01	7.690916000640798944e-02	3.479116465363901733e-02	8.445750568690020554e-02
1.407791132173687402e+03	2.206575655757226362e-01	1.447626911632612090e-01	2.754139928693717376e-01	1.628617556613680684e-01	7.695674981032857298e-02	3.482187352051269169e-02	8.452537139908687658e-02
1.410210017280515103e+03	2.203902935893344572e-01	1.445915695417342439e-01	2.756027095489951284e-01	1.629657180209130862e-01	7.700420141514176253e-02	3.485248463444824696e-02	8.459302324908486714e-02
1.412628902387342805e+03	2.201238018357472015e-01	1.444209178875084654e-01	2.757909003970140938e-01	1.630694043313562769e-01	7.705151519584964304e-02	3.488299835682465155e-02	8.466046199535140482e-02
1.415047787494170507e+03	2.198580880457120246e-01	1.442507349059453658e-01	2.759785668694909044e-01	1.631728152109308272e-01	7.709869152758405675e-02	3.491341504703467102e-02	8.472768839295391485e-02
1.417466672600997981e+03	2.195931499565176581e-01	1.440810193059767486e-01	2.761657104184527256e-01	1.632759512770397547e-01	7.714573078556187513e-02	3.494373506250979255e-02	8.479470319359318220e-02
1.419885557707825683e+03	2.193289853119728960e-01	1.439117698000948464e-01	2.763523324919031077e-01	1.633788131462680648e-01	7.719263334504200547e-02	3.497395875874459437e-02	8.486150714562619435e-02
1.422304442814653157e+03	2.190655918623892751e-01	1.437429851043425522e-01	2.765384345338328109e-01	1.634814014343939359e-01	7.723939958128391015e-02	3.500408648932043509e-02	8.492810099408874824e-02
1.424723327921481086e+03	2.188029673645635331e-01	1.435746639383035372e-01	2.767240179842312964e-01	1.635837167563992667e-01	7.728602986950779130e-02	3.503411860592852561e-02	8.499448548071765475e-02
1.427142213028308333e+03	2.185411095817603455e-01	1.434068050250925652e-01	2.769090842790974394e-01	1.636857597264796405e-01	7.733252458485627423e-02	3.506405545839247351e-02	8.506066134397281819e-02
1.429561098135136262e+03	2.182800162836947000e-01	1.432394070913457218e-01	2.770936348504509095e-01	1.637875309580536232e-01	7.737888410235749248e-02	3.509389739469020997e-02	8.512662931905892738e-02
1.431979983241963964e+03	2.180196852465146329e-01	1.430724688672105616e-01	2.772776711263429950e-01	1.638890310637714232e-01	7.742510879688963010e-02	3.512364476097540322e-02	8.519239013794689674e-02
1.434398868348791666e+03	2.177601142527838263e-01	1.429059890863366433e-01	2.774611945308676497e-01	1.639902606555231068e-01	7.747119904314683780e-02	3.515329790159831685e-02	8.525794452939511325e-02
1.436817753455619140e+03	2.175013010914641776e-01	1.427399664858656769e-01	2.776442064841725954e-01	1.640912203444461204e-01	7.751715521560637034e-02	3.518285715912618239e-02	8.532329321897036412e-02
1.439236638562446842e+03	2.172432435578984244e-01	1.425743998064219753e-01	2.778267084024700351e-01	1.641919107409322842e-01	7.756297768849712559e-02	3.521232287436306535e-02	8.538843692906852856e-02
1.441655523669274316e+03	2.169859394537929087e-01	1.424092877921027955e-01	2.780087016980477554e-01	1.642923324546344543e-01	7.760866683576923830e-02	3.524169538636923865e-02	8.545337637893501981e-02
1.444074408776102018e+03	2.167293865871999792e-01	1.422446291904687909e-01	2.781901877792799516e-01	1.643924860944725452e-01	7.765422303106506163e-02	3.527097503248014659e-02	8.551811228468496340e-02
1.446493293882929493e+03	2.164735827725008943e-01	1.420804227525344077e-01	2.783711680506379404e-01	1.644923722686390255e-01	7.769964664769102303e-02	3.530016214832483457e-02	8.558264535932322281e-02
1.448912178989757422e+03	2.162185258303885027e-01	1.419166672327584200e-01	2.785516439127012078e-01	1.645919915846041914e-01	7.774493805859082618e-02	3.532925706784405956e-02	8.564697631276407819e-02
1.451331064096585123e+03	2.159642135878497848e-01	1.417533613890344102e-01	2.787316167621681218e-01	1.646913446491206912e-01	7.779009763631961061e-02	3.535826012330786638e-02	8.571110585185082176e-02
1.453749949203412370e+03	2.157106438781487279e-01	1.415905039826811096e-01	2.789110879918665353e-01	1.647904320682280765e-01	7.783512575301904102e-02	3.538717164533283083e-02	8.577503468037497858e-02
1.456168834310240300e+03	2.154578145408090617e-01	1.414280937784332115e-01	2.790900589907646667e-01	1.648892544472564947e-01	7.788002278039354853e-02	3.541599196289890034e-02	8.583876349909534686e-02
1.458587719417068001e+03	2.152057234215969672e-01	1.412661295444317400e-01	2.792685311439819240e-01	1.649878123908303240e-01	7.792478908968741846e-02	3.544472140336584615e-02	8.590229300575695504e-02
1.461006604523895703e+03	2.149543683725039234e-01	1.411046100522147795e-01	2.794465058327992302e-01	1.650861065028713659e-01	7.796942505166282178e-02	3.547336029248936151e-02	8.596562389510965796e-02
1.463425489630723177e+03	2.147037472517295542e-01	1.409435340767080380e-01	2.796239844346699588e-01	1.651841373866015372e-01	7.801393103657872086e-02	3.550190895443675054e-02	8.602875685892658053e-02
1.465844374737550879e+03	2.144538579236643372e-01	1.407829003962154102e-01	2.798009683232304812e-01	1.652819056445454793e-01	7.805830741417064955e-02	3.553036771180238113e-02	8.609169258602238084e-02
1.468263259844378354e+03	2.142046982588725612e-01	1.406227077924098734e-01	2.799774588683106025e-01	1.653794118785327227e-01	7.810255455363132593e-02	3.555873688562268681e-02	8.615443176227124966e-02
1.470682144951206283e+03	2.139562661340752570e-01	1.404629550503240232e-01	2.801534574359443863e-01	1.654766566896995750e-01	7.814667282359200051e-02	3.558701679539092583e-02	8.621697507062484056e-02
1.473101030058033530e+03	2.137085594321330717e-01	1.403036409583407473e-01	2.803289653883804244e-01	1.655736406784907022e-01	7.819066259210465109e-02	3.561520775907158626e-02	8.627932319112986692e-02
1.475519915164861459e+03	2.134615760420291164e-01	1.401447643081841221e-01	2.805039840840923837e-01	1.656703644446603507e-01	7.823452422662488526e-02	3.564331009311452053e-02	8.634147680094562960e-02
1.477938800271689161e+03	2.132153138588521457e-01	1.399863238949101696e-01	2.806785148777896644e-01	1.657668285872735403e-01	7.827825809399549528e-02	3.567132411246875384e-02	8.640343657436128089e-02
1.480357685378516862e+03	2.129697707837793497e-01	1.398283185168974763e-01	2.808525591204276139e-01	1.658630337047067305e-01	7.832186456043083167e-02	3.569925013059604274e-02	8.646520318281297746e-02
1.482776570485344337e+03	2.127249447240595615e-01	1.396707469758383391e-01	2.810261181592180191e-01	1.659589803946485698e-01	7.836534399150170416e-02	3.572708845948410761e-02	8.652677729490078351e-02
