1.001418434226643626e+03	2.786417449030621496e-01	1.814027269325815261e-01	2.349349955071829976e-01	1.408319302752989166e-01	6.700465448631411081e-02	2.783595879540733814e-02	6.934798909980931236e-02
1.002869765290740247e+03	2.783788545576482698e-01	1.812402003818966156e-01	2.351163730454406409e-01	1.409304511726173215e-01	6.704517157045229714e-02	2.787066074774867397e-02	6.941828852385258097e-02
1.004321096354836754e+03	2.781164211036241118e-01	1.810779414185005598e-01	2.352974482804105205e-01	1.410287710000286132e-01	6.708574725552336748e-02	2.790522790569807676e-02	6.948844303587113636e-02
1.005772427418933376e+03	2.778544438483771528e-01	1.809159496006869372e-01	2.354782217135963640e-01	1.411268914522522677e-01	6.712637842944425837e-02	2.793966215230903744e-02	6.955845280299031985e-02
1.007223758483029997e+03	2.775929220980560830e-01	1.807542244874791870e-01	2.356586938456794456e-01	1.412248141866563056e-01	6.716706205337846791e-02	2.797396532494052235e-02	6.962831800346629130e-02
1.008675089547126618e+03	2.773318551576290925e-01	1.805927656386294711e-01	2.358388651765196409e-01	1.413225408241168823e-01	6.720779516013873633e-02	2.800813921651645541e-02	6.969803882610597912e-02
1.010126420611223239e+03	2.770712423309408812e-01	1.804315726146174248e-01	2.360187362051565652e-01	1.414200729498592546e-01	6.724857485262208945e-02	2.804218557674792792e-02	6.976761546971213535e-02
1.011577751675319632e+03	2.768110829207680035e-01	1.802706449766490193e-01	2.361983074298107110e-01	1.415174121142798724e-01	6.728939830227673169e-02	2.807610611331928449e-02	6.983704814255263515e-02
1.013029082739416367e+03	2.765513762288733801e-01	1.801099822866552846e-01	2.363775793478845588e-01	1.416145598337504585e-01	6.733026274760023355e-02	2.810990249303925437e-02	6.990633706185309104e-02
1.014480413803512761e+03	2.762921215560591448e-01	1.799495841072911162e-01	2.365565524559637145e-01	1.417115175914042402e-01	6.737116549266840282e-02	2.814357634295822780e-02	6.997548245331139394e-02
1.015931744867609382e+03	2.760333182022183252e-01	1.797894500019342201e-01	2.367352272498180477e-01	1.418082868379046957e-01	6.741210390569436772e-02	2.817712925145270456e-02	7.004448455063386203e-02
1.017383075931706003e+03	2.757749654663853578e-01	1.796295795346837254e-01	2.369136042244028295e-01	1.419048689921973139e-01	6.745307541761740022e-02	2.821056276927799353e-02	7.011334359509158176e-02
1.018834406995802851e+03	2.755170626467854378e-01	1.794699722703591016e-01	2.370916838738598431e-01	1.420012654422445619e-01	6.749407752072068833e-02	2.824387841059011056e-02	7.018205983509641366e-02
1.020285738059899245e+03	2.752596090408825913e-01	1.793106277744989652e-01	2.372694666915185491e-01	1.420974775457446160e-01	6.753510776727782161e-02	2.827707765393788764e-02	7.025063352579573317e-02
1.021737069123995752e+03	2.750026039454264715e-01	1.791515456133598860e-01	2.374469531698972236e-01	1.421935066308338824e-01	6.757616376822736526e-02	2.831016194322616419e-02	7.031906492868514325e-02
1.023188400188092373e+03	2.747460466564984327e-01	1.789927253539151664e-01	2.376241438007041518e-01	1.422893539967740872e-01	6.761724319187489840e-02	2.834313268865100433e-02	7.038735431123843700e-02
1.024639731252188767e+03	2.744899364695561061e-01	1.788341665638537026e-01	2.378010390748386549e-01	1.423850209146237389e-01	6.765834376262225280e-02	2.837599126760778981e-02	7.045550194655397780e-02
1.026091062316285615e+03	2.742342726794770313e-01	1.786758688115787641e-01	2.379776394823923946e-01	1.424805086278948529e-01	6.769946325972314716e-02	2.840873902557303904e-02	7.052350811301698330e-02
1.027542393380382237e+03	2.739790545806014554e-01	1.785178316662068554e-01	2.381539455126504556e-01	1.425758183531947165e-01	6.774059951606503649e-02	2.844137727696073939e-02	7.059137309397695015e-02
1.028993724444478858e+03	2.737242814667737445e-01	1.783600546975665502e-01	2.383299576540924558e-01	1.426709512808534974e-01	6.778175041697648284e-02	2.847390730595401181e-02	7.065909717743949769e-02
1.030445055508575479e+03	2.734699526313830176e-01	1.782025374761972147e-01	2.385056763943937674e-01	1.427659085755375590e-01	6.782291389905954759e-02	2.850633036731285361e-02	7.072668065577226992e-02
1.031896386572671872e+03	2.732160673674028373e-01	1.780452795733479532e-01	2.386811022204267385e-01	1.428606913768490638e-01	6.786408794904694175e-02	2.853864768715867056e-02	7.079412382542404902e-02
1.033347717636768493e+03	2.729626249674296790e-01	1.778882805609763862e-01	2.388562356182617197e-01	1.429553007999122549e-01	6.790527060268321258e-02	2.857086046373636876e-02	7.086142698665665041e-02
1.034799048700865114e+03	2.727096247237207893e-01	1.777315400117474575e-01	2.390310770731683132e-01	1.430497379359462473e-01	6.794645994362974450e-02	2.860296986815462350e-02	7.092859044328909957e-02
1.036250379764961508e+03	2.724570659282309348e-01	1.775750574990322961e-01	2.392056270696165665e-01	1.431440038528251080e-01	6.798765410239292206e-02	2.863497704510505407e-02	7.099561450245345240e-02
1.037701710829058356e+03	2.722049478726482064e-01	1.774188325969070501e-01	2.393798860912780269e-01	1.432380995956252234e-01	6.802885125527502463e-02	2.866688311356088009e-02	7.106249947436187042e-02
1.039153041893154750e+03	2.719532698484293243e-01	1.772628648801516937e-01	2.395538546210271569e-01	1.433320261871603440e-01	6.807004962334761711e-02	2.869868916745577439e-02	7.112924567208436799e-02
1.040604372957251599e+03	2.717020311468335558e-01	1.771071539242489445e-01	2.397275331409421117e-01	1.434257846285044991e-01	6.811124747144682579e-02	2.873039627634339441e-02	7.119585341133696788e-02
1.042055704021347992e+03	2.714512310589560773e-01	1.769516993053829867e-01	2.399009221323062935e-01	1.435193758995030044e-01	6.815244310718998610e-02	2.876200548603831050e-02	7.126232301027958516e-02
1.043507035085444613e+03	2.712008688757606145e-01	1.767965006004383888e-01	2.400740220756093779e-01	1.436128009592720634e-01	6.819363488001350948e-02	2.879351781923876821e-02	7.132865478932343128e-02
1.044958366149541234e+03	2.709509438881111953e-01	1.766415573869989375e-01	2.402468334505485359e-01	1.437060607466869033e-01	6.823482118023128928e-02	2.882493427613194020e-02	7.139484907094736932e-02
1.046409697213637855e+03	2.707014553868029583e-01	1.764868692433464448e-01	2.404193567360294048e-01	1.437991561808588392e-01	6.827600043811346553e-02	2.885625583498210855e-02	7.146090617952297053e-02
1.047861028277734476e+03	2.704524026625923505e-01	1.763324357484596649e-01	2.405915924101675873e-01	1.438920881616015390e-01	6.831717112298493766e-02	2.888748345270233941e-02	7.152682644114778665e-02
1.049312359341831097e+03	2.702037850062266044e-01	1.761782564820131014e-01	2.407635409502896506e-01	1.439848575698866595e-01	6.835833174234337561e-02	2.891861806541013574e-02	7.159261018348662964e-02
1.050763690405927491e+03	2.699556017084727699e-01	1.760243310243758130e-01	2.409352028329343198e-01	1.440774652682891011e-01	6.839948084099629899e-02	2.894966058896755387e-02	7.165825773562034540e-02
1.052215021470024112e+03	2.697078520601451368e-01	1.758706589566103318e-01	2.411065785338536993e-01	1.441699121014221596e-01	6.844061700021682182e-02	2.898061191950619675e-02	7.172376942790188725e-02
1.053666352534120733e+03	2.694605353521329905e-01	1.757172398604714969e-01	2.412776685280144384e-01	1.442621988963626589e-01	6.848173883691768826e-02	2.901147293393763898e-02	7.178914559181931443e-02
1.055117683598217127e+03	2.692136508754271462e-01	1.755640733184053448e-01	2.414484732895989250e-01	1.443543264630665068e-01	6.852284500284330782e-02	2.904224449044958897e-02	7.185438655986542411e-02
1.056569014662313975e+03	2.689671979211457620e-01	1.754111589135478877e-01	2.416189932920064787e-01	1.444462955947746763e-01	6.856393418377927651e-02	2.907292742898832244e-02	7.191949266541382280e-02
1.058020345726410369e+03	2.687211757805599843e-01	1.752584962297240034e-01	2.417892290078544892e-01	1.445381070684098324e-01	6.860500509877918984e-02	2.910352257172773432e-02	7.198446424260093734e-02
1.059471676790506763e+03	2.684755837451184290e-01	1.751060848514463808e-01	2.419591809089796930e-01	1.446297616449639944e-01	6.864605649940827559e-02	2.913403072352540799e-02	7.204930162621396572e-02
1.060923007854603611e+03	2.682304211064712174e-01	1.749539243639142705e-01	2.421288494664393387e-01	1.447212600698773721e-01	6.868708716900355504e-02	2.916445267236609032e-02	7.211400515158430946e-02
1.062374338918700232e+03	2.679856871564935128e-01	1.748020143530124026e-01	2.422982351505122978e-01	1.448126030734082914e-01	6.872809592195022743e-02	2.919478918979297871e-02	7.217857515448640460e-02
1.063825669982796853e+03	2.677413811873086691e-01	1.746503544053098211e-01	2.424673384307002855e-01	1.449037913709947945e-01	6.876908160297384720e-02	2.922504103132710432e-02	7.224301197104157635e-02
1.065277001046893474e+03	2.674975024913100463e-01	1.744989441080588288e-01	2.426361597757291100e-01	1.449948256636079680e-01	6.881004308644808609e-02	2.925520893687524535e-02	7.230731593762677878e-02
1.066728332110990095e+03	2.672540503611831597e-01	1.743477830491937941e-01	2.428046996535498936e-01	1.450857066380969451e-01	6.885097927571764975e-02	2.928529363112663056e-02	7.237148739078802517e-02
1.068179663175086489e+03	2.670110240899266074e-01	1.741968708173299851e-01	2.429729585313400442e-01	1.451764349675262744e-01	6.889188910243608521e-02	2.931529582393879729e-02	7.243552666715821764e-02
1.069630994239183110e+03	2.667684229708729982e-01	1.740462070017625706e-01	2.431409368755047540e-01	1.452670113115052120e-01	6.893277152591824330e-02	2.934521621071294398e-02	7.249943410337927885e-02
1.071082325303279504e+03	2.665262462977088798e-01	1.738957911924653432e-01	2.433086351516779156e-01	1.453574363165095751e-01	6.897362553250689643e-02	2.937505547275901310e-02	7.256321003602829445e-02
1.072533656367376352e+03	2.662844933644944456e-01	1.737456229800897478e-01	2.434760538247235095e-01	1.454477106161962685e-01	6.901445013495345615e-02	2.940481427765087932e-02	7.262685480154758288e-02
1.073984987431472746e+03	2.660431634656826305e-01	1.735957019559636605e-01	2.436431933587367149e-01	1.455378348317103165e-01	6.905524437181226327e-02	2.943449327957186820e-02	7.269036873617842898e-02
1.075436318495569594e+03	2.658022558961377069e-01	1.734460277120903060e-01	2.438100542170451024e-01	1.456278095719849563e-01	6.909600730684842262e-02	2.946409311965092828e-02	7.275375217589845345e-02
1.076887649559666215e+03	2.655617699511534924e-01	1.732965998411471475e-01	2.439766368622097725e-01	1.457176354340348479e-01	6.913673802845858585e-02	2.949361442628970278e-02	7.281700545636231314e-02
1.078338980623762609e+03	2.653217049264711136e-01	1.731474179364847210e-01	2.441429417560266601e-01	1.458073130032422893e-01	6.917743564910472376e-02	2.952305781548076810e-02	7.288012891284559314e-02
1.079790311687859230e+03	2.650820601182959924e-01	1.729984815921255803e-01	2.443089693595276723e-01	1.458968428536370210e-01	6.921809930476034711e-02	2.955242389111728887e-02	7.294312288019193236e-02
1.081241642751955851e+03	2.648428348233148877e-01	1.728497904027631871e-01	2.444747201329819375e-01	1.459862255481693682e-01	6.925872815436917573e-02	2.958171324529436028e-02	7.300598769276288313e-02
1.082692973816052472e+03	2.646040283387121606e-01	1.727013439637607728e-01	2.446401945358968044e-01	1.460754616389772498e-01	6.929932137931571479e-02	2.961092645860222486e-02	7.306872368439086551e-02
1.084144304880149093e+03	2.643656399621855391e-01	1.725531418711502285e-01	2.448053930270192302e-01	1.461645516676468026e-01	6.933987818290769656e-02	2.964006410041165537e-02	7.313133118833455015e-02
1.085595635944245487e+03	2.641276689919619391e-01	1.724051837216310223e-01	2.449703160643369737e-01	1.462534961654670118e-01	6.938039778987001305e-02	2.966912672915167706e-02	7.319381053723698904e-02
1.087046967008342108e+03	2.638901147268123970e-01	1.722574691125691448e-01	2.451349641050796224e-01	1.463422956536784558e-01	6.942087944585002834e-02	2.969811489257988962e-02	7.325616206308613321e-02
1.088498298072438729e+03	2.636529764660665576e-01	1.721099976419958322e-01	2.452993376057199804e-01	1.464309506437162789e-01	6.946132241693382670e-02	2.972702912804555883e-02	7.331838609717765409e-02
1.089949629136535123e+03	2.634162535096273849e-01	1.719627689086066502e-01	2.454634370219750394e-01	1.465194616374474179e-01	6.950172598917334077e-02	2.975586996274571377e-02	7.338048297008013809e-02
1.091400960200631971e+03	2.631799451579848736e-01	1.718157825117603288e-01	2.456272628088073950e-01	1.466078291274023615e-01	6.954208946812412417e-02	2.978463791397443702e-02	7.344245301160215456e-02
1.092852291264728365e+03	2.629440507122295934e-01	1.716690380514776515e-01	2.457908154204262730e-01	1.466960535970015800e-01	6.958241217839332415e-02	2.981333348936552469e-02	7.350429655076168300e-02
1.094303622328825213e+03	2.627085694740660671e-01	1.715225351284404010e-01	2.459540953102888061e-01	1.467841355207765153e-01	6.962269346319789609e-02	2.984195718712873494e-02	7.356601391575717797e-02
1.095754953392921607e+03	2.624735007458255387e-01	1.713762733439901931e-01	2.461171029311012004e-01	1.468720753645854360e-01	6.966293268393272675e-02	2.987050949627977764e-02	7.362760543394067381e-02
1.097206284457018228e+03	2.622388438304784630e-01	1.712302523001274779e-01	2.462798387348198725e-01	1.469598735858244909e-01	6.970312921974847198e-02	2.989899089686424288e-02	7.368907143179256880e-02
1.098657615521114849e+03	2.620045980316466072e-01	1.710844715995104015e-01	2.464423031726527269e-01	1.470475306336334054e-01	6.974328246713878965e-02	2.992740186017559326e-02	7.375041223489810227e-02
1.100108946585211470e+03	2.617707626536149856e-01	1.709389308454536960e-01	2.466044966950602657e-01	1.471350469490967927e-01	6.978339183953699565e-02	2.995574284896746972e-02	7.381162816792544157e-02
1.101560277649308091e+03	2.615373370013434062e-01	1.707936296419276523e-01	2.467664197517567826e-01	1.472224229654404415e-01	6.982345676692162939e-02	2.998401431766037697e-02	7.387271955460525397e-02
1.103011608713404712e+03	2.613043203804779058e-01	1.706485675935569823e-01	2.469280727917116391e-01	1.473096591082231344e-01	6.986347669543115091e-02	3.001221671254297382e-02	7.393368671771180511e-02
1.104462939777501106e+03	2.610717120973610750e-01	1.705037443056197366e-01	2.470894562631502922e-01	1.473967557955239982e-01	6.990345108698710341e-02	3.004035047196806571e-02	7.399452997904533424e-02
1.105914270841597499e+03	2.608395114590431052e-01	1.703591593840463048e-01	2.472505706135556536e-01	1.474837134381253578e-01	6.994337941892586619e-02	3.006841602654349022e-02	7.405524965941583104e-02
1.107365601905694348e+03	2.606077177732920025e-01	1.702148124354182501e-01	2.474114162896691449e-01	1.475705324396913709e-01	6.998326118363878967e-02	3.009641379931803779e-02	7.411584607862801988e-02
1.108816932969790741e+03	2.603763303486036351e-01	1.700707030669672548e-01	2.475719937374918911e-01	1.476572131969424162e-01	7.002309588822032416e-02	3.012434420596247359e-02	7.417631955546753753e-02
1.110268264033887590e+03	2.601453484942115590e-01	1.699268308865740373e-01	2.477323034022859694e-01	1.477437560998254296e-01	7.006288305412426698e-02	3.015220765494590685e-02	7.423667040768829051e-02
1.111719595097984211e+03	2.599147715200962883e-01	1.697831955027673256e-01	2.478923457285755194e-01	1.478301615316802153e-01	7.010262221682769801e-02	3.018000454770753543e-02	7.429689895200081162e-02
1.113170926162080832e+03	2.596845987369946207e-01	1.696397965247227746e-01	2.480521211601480480e-01	1.479164298694017610e-01	7.014231292550250629e-02	3.020773527882395990e-02	7.435700550406165732e-02
1.114622257226177226e+03	2.594548294564086865e-01	1.694966335622618281e-01	2.482116301400554004e-01	1.480025614835988879e-01	7.018195474269446621e-02	3.023540023617216424e-02	7.441699037846387366e-02
1.116073588290273847e+03	2.592254629906144414e-01	1.693537062258507198e-01	2.483708731106151202e-01	1.480885567387489887e-01	7.022154724400954395e-02	3.026299980108825352e-02	7.447685388872819778e-02
1.117524919354370468e+03	2.589964986526703816e-01	1.692110141265993628e-01	2.485298505134115044e-01	1.481744159933492400e-01	7.026109001780724006e-02	3.029053434852213914e-02	7.453659634729536965e-02
1.118976250418467089e+03	2.587679357564254823e-01	1.690685568762603508e-01	2.486885627892968798e-01	1.482601396000641503e-01	7.030058266490107899e-02	3.031800424718818915e-02	7.459621806551905432e-02
1.120427581482563710e+03	2.585397736165274130e-01	1.689263340872278196e-01	2.488470103783927967e-01	1.483457279058696954e-01	7.034002479826573229e-02	3.034540985971203794e-02	7.465571935365972189e-02
1.121878912546660331e+03	2.583120115484300872e-01	1.687843453725364207e-01	2.490051937200910004e-01	1.484311812521939555e-01	7.037941604275096963e-02	3.037275154277359335e-02	7.471510052087919351e-02
1.123330243610756725e+03	2.580846488684013229e-01	1.686425903458602660e-01	2.491631132530548465e-01	1.485164999750545056e-01	7.041875603480196588e-02	3.040002964724641127e-02	7.477436187523588129e-02
1.124781574674853118e+03	2.578576848935300592e-01	1.685010686215119013e-01	2.493207694152203280e-01	1.486016844051925856e-01	7.045804442218606134e-02	3.042724451833345514e-02	7.483350372368080539e-02
1.126232905738949967e+03	2.576311189417335723e-01	1.683597798144411684e-01	2.494781626437973243e-01	1.486867348682038570e-01	7.049728086372575309e-02	3.045439649569941370e-02	7.489252637205411067e-02
1.127684236803046360e+03	2.574049503317640819e-01	1.682187235402342051e-01	2.496352933752707670e-01	1.487716516846664117e-01	7.053646502903782034e-02	3.048148591359962911e-02	7.495143012508230507e-02
1.129135567867143209e+03	2.571791783832157452e-01	1.680778994151123917e-01	2.497921620454016389e-01	1.488564351702654220e-01	7.057559659827822296e-02	3.050851310100572908e-02	7.501021528637602520e-02
1.130586898931239830e+03	2.569538024165309853e-01	1.679373070559312953e-01	2.499487690892284730e-01	1.489410856359149882e-01	7.061467526189306454e-02	3.053547838172806714e-02	7.506888215842831558e-02
1.132038229995336451e+03	2.567288217530067085e-01	1.677969460801795876e-01	2.501051149410681296e-01	1.490256033878770980e-01	7.065370072037507887e-02	3.056238207453506120e-02	7.512743104261343507e-02
1.133489561059432845e+03	2.565042357148004104e-01	1.676568161059781292e-01	2.502612000345174059e-01	1.491099887278776459e-01	7.069267268402575077e-02	3.058922449326947207e-02	7.518586223918627409e-02
1.134940892123529466e+03	2.562800436249362268e-01	1.675169167520787206e-01	2.504170248024537027e-01	1.491942419532198139e-01	7.073159087272289092e-02	3.061600594696174682e-02	7.524417604728195208e-02
1.136392223187626087e+03	2.560562448073104291e-01	1.673772476378631857e-01	2.505725896770366612e-01	1.492783633568946222e-01	7.077045501569347030e-02	3.064272673994050677e-02	7.530237276491613674e-02
1.137843554251722708e+03	2.558328385866973087e-01	1.672378083833423179e-01	2.507278950897089409e-01	1.493623532276889820e-01	7.080926485129171444e-02	3.066938717194022529e-02	7.536045268898557137e-02
1.139294885315819101e+03	2.556098242887540062e-01	1.670985986091548248e-01	2.508829414711976069e-01	1.494462118502910553e-01	7.084802012678226291e-02	3.069598753820618198e-02	7.541841611526910183e-02
1.140746216379915950e+03	2.553872012400261737e-01	1.669596179365663291e-01	2.510377292515152403e-01	1.495299395053931446e-01	7.088672059812828330e-02	3.072252812959679405e-02	7.547626333842900881e-02
1.142197547444012343e+03	2.551649687679529710e-01	1.668208659874682587e-01	2.511922588599611039e-01	1.496135364697921410e-01	7.092536602978449789e-02	3.074900923268334557e-02	7.553399465201268703e-02
1.143648878508108737e+03	2.549431262008715615e-01	1.666823423843768470e-01	2.513465307251223080e-01	1.496970030164875010e-01	7.096395619449490100e-02	3.077543112984722218e-02	7.559161034845469918e-02
1.145100209572205586e+03	2.547216728680223308e-01	1.665440467504321065e-01	2.515005452748748094e-01	1.497803394147769473e-01	7.100249087309513929e-02	3.080179409937470678e-02	7.564911071907902407e-02
1.146551540636302207e+03	2.545006080995530495e-01	1.664059787093968568e-01	2.516543029363847994e-01	1.498635459303498396e-01	7.104096985431949951e-02	3.082809841554938826e-02	7.570649605410166572e-02
1.148002871700398828e+03	2.542799312265235367e-01	1.662681378856555314e-01	2.518078041361097030e-01	1.499466228253782674e-01	7.107939293461221220e-02	3.085434434874227694e-02	7.576376664263352601e-02
1.149454202764495449e+03	2.540596415809098785e-01	1.661305239042132897e-01	2.519610492997994555e-01	1.500295703586060903e-01	7.111775991794318241e-02	3.088053216549964050e-02	7.582092277268349945e-02
1.150905533828591842e+03	2.538397384956084801e-01	1.659931363906949620e-01	2.521140388524975573e-01	1.501123887854356187e-01	7.115607061562792546e-02	3.090666212862865428e-02	7.587796473116184548e-02
1.152356864892688463e+03	2.536202213044400633e-01	1.658559749713439946e-01	2.522667732185421285e-01	1.501950783580125182e-01	7.119432484615170753e-02	3.093273449728094204e-02	7.593489280388367180e-02
1.153808195956785084e+03	2.534010893421534960e-01	1.657190392730214512e-01	2.524192528215673526e-01	1.502776393253082432e-01	7.123252243499759995e-02	3.095874952703400393e-02	7.599170727557277849e-02
1.155259527020881706e+03	2.531823419444295675e-01	1.655823289232050410e-01	2.525714780845044194e-01	1.503600719332009727e-01	7.127066321447869668e-02	3.098470746997063208e-02	7.604840842986554383e-02
1.156710858084978327e+03	2.529639784478847075e-01	1.654458435499879532e-01	2.527234494295826361e-01	1.504423764245542416e-01	7.130874702357400952e-02	3.101060857475635910e-02	7.610499654931510150e-02
1.158162189149074720e+03	2.527459981900739838e-01	1.653095827820779407e-01	2.528751672783305926e-01	1.505245530392936848e-01	7.134677370776822125e-02	3.103645308671497405e-02	7.616147191539557326e-02
1.159613520213171569e+03	2.525284005094950435e-01	1.651735462487963213e-01	2.530266320515773826e-01	1.506066020144822548e-01	7.138474311889521362e-02	3.106224124790219615e-02	7.621783480850656545e-02
1.161064851277267962e+03	2.523111847455908885e-01	1.650377335800769507e-01	2.531778441694537696e-01	1.506885235843931636e-01	7.142265511498509245e-02	3.108797329717747845e-02	7.627408550797767917e-02
1.162516182341364356e+03	2.520943502387530399e-01	1.649021444064651398e-01	2.533288040513932415e-01	1.507703179805814087e-01	7.146050956011479327e-02	3.111364947027409414e-02	7.633022429207332593e-02
1.163967513405461204e+03	2.518778963303246465e-01	1.647667783591167390e-01	2.534795121161331211e-01	1.508519854319534392e-01	7.149830632426214250e-02	3.113926999986744992e-02	7.638625143799747386e-02
1.165418844469557826e+03	2.516618223626033157e-01	1.646316350697970554e-01	2.536299687817157866e-01	1.509335261648350746e-01	7.153604528316327704e-02	3.116483511564174802e-02	7.644216722189861590e-02
1.166870175533654447e+03	2.514461276788439448e-01	1.644967141708798819e-01	2.537801744654898939e-01	1.510149404030379228e-01	7.157372631817342234e-02	3.119034504435498276e-02	7.649797191887484915e-02
1.168321506597751068e+03	2.512308116232610522e-01	1.643620152953464975e-01	2.539301295841112083e-01	1.510962283679240514e-01	7.161134931613076515e-02	3.121580000990236206e-02	7.655366580297894019e-02
1.169772837661847461e+03	2.510158735410318309e-01	1.642275380767846127e-01	2.540798345535439373e-01	1.511773902784691315e-01	7.164891416922360146e-02	3.124120023337815730e-02	7.660924914722362644e-02
1.171224168725944082e+03	2.508013127782980356e-01	1.640932821493874816e-01	2.542292897890620074e-01	1.512584263513239713e-01	7.168642077486050979e-02	3.126654593313605429e-02	7.666472222358684807e-02
1.172675499790040703e+03	2.505871286821687027e-01	1.639592471479527636e-01	2.543784957052498963e-01	1.513393368008748574e-01	7.172386903554354987e-02	3.129183732484801250e-02	7.672008530301716034e-02
1.174126830854137097e+03	2.503733206007224821e-01	1.638254327078815242e-01	2.545274527160039102e-01	1.514201218393019244e-01	7.176125885874433397e-02	3.131707462156169131e-02	7.677533865543914593e-02
1.175578161918233945e+03	2.501598878830094130e-01	1.636918384651773750e-01	2.546761612345333492e-01	1.515007816766365256e-01	7.179859015678309586e-02	3.134225803375648850e-02	7.683048254975885505e-02
1.177029492982330339e+03	2.499468298790531451e-01	1.635584640564453629e-01	2.548246216733615066e-01	1.515813165208170221e-01	7.183586284671045208e-02	3.136738776939818757e-02	7.688551725386941205e-02
1.178480824046426733e+03	2.497341459398531305e-01	1.634253091188910267e-01	2.549728344443269457e-01	1.516617265777431278e-01	7.187307685019191095e-02	3.139246403399229002e-02	7.694044303465656653e-02
1.179932155110523581e+03	2.495218354173862341e-01	1.632923732903193703e-01	2.551207999585845543e-01	1.517420120513292003e-01	7.191023209339521272e-02	3.141748703063607095e-02	7.699526015800427226e-02
1.181383486174620202e+03	2.493098976646086484e-01	1.631596562091339186e-01	2.552685186266067108e-01	1.518221731435559496e-01	7.194732850688005665e-02	3.144245696006932322e-02	7.704996888880034922e-02
1.182834817238716823e+03	2.490983320354575592e-01	1.630271575143356078e-01	2.554159908581842275e-01	1.519022100545208975e-01	7.198436602549057595e-02	3.146737402072391498e-02	7.710456949094218748e-02
1.184286148302813444e+03	2.488871378848528104e-01	1.628948768455219798e-01	2.555632170624276278e-01	1.519821229824877828e-01	7.202134458825022734e-02	3.149223840877213992e-02	7.715906222734239539e-02
1.185737479366910065e+03	2.486763145686984589e-01	1.627628138428860727e-01	2.557101976477682004e-01	1.520619121239347171e-01	7.205826413825910937e-02	3.151705031817386704e-02	7.721344735993451724e-02
1.187188810431006686e+03	2.484658614438842172e-01	1.626309681472154212e-01	2.558569330219592208e-01	1.521415776736008696e-01	7.209512462259377863e-02	3.154180994072260796e-02	7.726772514967879257e-02
1.188640141495103080e+03	2.482557778682868976e-01	1.624993393998911406e-01	2.560034235920770063e-01	1.522211198245323749e-01	7.213192599220921708e-02	3.156651746609041159e-02	7.732189585656783215e-02
1.190091472559199701e+03	2.480460632007716604e-01	1.623679272428869558e-01	2.561496697645218590e-01	1.523005387681268807e-01	7.216866820184326958e-02	3.159117308187173179e-02	7.737595973963241891e-02
1.191542803623296322e+03	2.478367168011933741e-01	1.622367313187681459e-01	2.562956719450195098e-01	1.523798346941771797e-01	7.220535120992314926e-02	3.161577697362620565e-02	7.742991705694721172e-02
1.192994134687392716e+03	2.476277380303976705e-01	1.621057512706905734e-01	2.564414305386220061e-01	1.524590077909133701e-01	7.224197497847427429e-02	3.164032932492042566e-02	7.748376806563646302e-02
1.194445465751489564e+03	2.474191262502221378e-01	1.619749867423997958e-01	2.565869459497087113e-01	1.525380582450445444e-01	7.227853947303108928e-02	3.166483031736868486e-02	7.753751302187981975e-02
1.195896796815585958e+03	2.472108808234973754e-01	1.618444373782300105e-01	2.567322185819876923e-01	1.526169862417989798e-01	7.231504466255002372e-02	3.168928013067277144e-02	7.759115218091794386e-02
1.197348127879682352e+03	2.470030011140479376e-01	1.617141028231031119e-01	2.568772488384966635e-01	1.526957919649635231e-01	7.235149051932449060e-02	3.171367894266079873e-02	7.764468579705834095e-02
1.198799458943779200e+03	2.467954864866931941e-01	1.615839827225277192e-01	2.570220371216040411e-01	1.527744755969220047e-01	7.238787701890185555e-02	3.173802692932512631e-02	7.769811412368096692e-02
1.200250790007875821e+03	2.465883363072483014e-01	1.614540767225981499e-01	2.571665838330101650e-01	1.528530373186925695e-01	7.242420414000237672e-02	3.176232426485933041e-02	7.775143741324400115e-02
1.201702121071972442e+03	2.463815499425248967e-01	1.613243844699935592e-01	2.573108893737483527e-01	1.529314773099642866e-01	7.246047186443994870e-02	3.178657112169436250e-02	7.780465591728943919e-02
1.203153452136069063e+03	2.461751267603318472e-01	1.611949056119768298e-01	2.574549541441861766e-01	1.530097957491326488e-01	7.249668017704480327e-02	3.181076767053377802e-02	7.785776988644878271e-02
1.204604783200165684e+03	2.459690661294759995e-01	1.610656397963937669e-01	2.575987785440260747e-01	1.530879928133342116e-01	7.253282906558795873e-02	3.183491408038816722e-02	7.791077957044865998e-02
1.206056114264262078e+03	2.457633674197627072e-01	1.609365866716720717e-01	2.577423629723068488e-01	1.531660686784805381e-01	7.256891852070741777e-02	3.185901051860877409e-02	7.796368521811639085e-02
1.207507445328358699e+03	2.455580300019964135e-01	1.608077458868202858e-01	2.578857078274048309e-01	1.532440235192911171e-01	7.260494853583614183e-02	3.188305715092030340e-02	7.801648707738562116e-02
1.208958776392455093e+03	2.453530532479811510e-01	1.606791170914269040e-01	2.580288135070346045e-01	1.533218575093255043e-01	7.264091910713173228e-02	3.190705414145293684e-02	7.806918539530184609e-02
1.210410107456551941e+03	2.451484365305210689e-01	1.605506999356595410e-01	2.581716804082503369e-01	1.533995708210146303e-01	7.267683023340759663e-02	3.193100165277364122e-02	7.812178041802789186e-02
1.211861438520648335e+03	2.449441792234207105e-01	1.604224940702637103e-01	2.583143089274468895e-01	1.534771636256913596e-01	7.271268191606591880e-02	3.195489984591667887e-02	7.817427239084948076e-02
1.213312769584745183e+03	2.447402807014854853e-01	1.602944991465620750e-01	2.584566994603608170e-01	1.535546360936202726e-01	7.274847415903214209e-02	3.197874888041343094e-02	7.822666155818060185e-02
1.214764100648841804e+03	2.445367403405218909e-01	1.601667148164534205e-01	2.585988524020713664e-01	1.536319883940267528e-01	7.278420696869089546e-02	3.200254891432153387e-02	7.827894816356902041e-02
1.216215431712937971e+03	2.443335575173377627e-01	1.600391407324117110e-01	2.587407681470018095e-01	1.537092206951251316e-01	7.281988035382354341e-02	3.202630010425331492e-02	7.833113244970162092e-02
1.217666762777034819e+03	2.441307316097426350e-01	1.599117765474850905e-01	2.588824470889203311e-01	1.537863331641463882e-01	7.285549432554710991e-02	3.205000260540351309e-02	7.838321465840975000e-02
1.219118093841131440e+03	2.439282619965477406e-01	1.597846219152950775e-01	2.590238896209413055e-01	1.538633259673650167e-01	7.289104889725471492e-02	3.207365657157645877e-02	7.843519503067457321e-02
1.220569424905228061e+03	2.437261480575662331e-01	1.596576764900353995e-01	2.591650961355259630e-01	1.539401992701251998e-01	7.292654408455732928e-02	3.209726215521251785e-02	7.848707380663232092e-02
1.222020755969324682e+03	2.435243891736131039e-01	1.595309399264712436e-01	2.593060670244838883e-01	1.540169532368662331e-01	7.296197990522695909e-02	3.212081950741394604e-02	7.853885122557957565e-02
1.223472087033421303e+03	2.433229847265054313e-01	1.594044118799382015e-01	2.594468026789739645e-01	1.540935880311475603e-01	7.299735637914110675e-02	3.214432877797018112e-02	7.859052752597847635e-02
1.224923418097517697e+03	2.431219340990622702e-01	1.592780920063413541e-01	2.595873034895054277e-01	1.541701038156729209e-01	7.303267352822860603e-02	3.216779011538248301e-02	7.864210294546182534e-02
1.226374749161614318e+03	2.429212366751046237e-01	1.591519799621543552e-01	2.597275698459389215e-01	1.542465007523139975e-01	7.306793137641662272e-02	3.219120366688806023e-02	7.869357772083830638e-02
1.227826080225710712e+03	2.427208918394553328e-01	1.590260754044184321e-01	2.598676021374875522e-01	1.543227790021333978e-01	7.310312994957905708e-02	3.221456957848357200e-02	7.874495208809750846e-02
1.229277411289807560e+03	2.425208989779390201e-01	1.589003779907414982e-01	2.600074007527180542e-01	1.543989387254070811e-01	7.313826927548600088e-02	3.223788799494813756e-02	7.879622628241499116e-02
1.230728742353903954e+03	2.423212574773818406e-01	1.587748873792972359e-01	2.601469660795518446e-01	1.544749800816462015e-01	7.317334938375449904e-02	3.226115905986581128e-02	7.884740053815732230e-02
1.232180073418000802e+03	2.421219667256113428e-01	1.586496032288240710e-01	2.602862985052659117e-01	1.545509032296185081e-01	7.320837030580037985e-02	3.228438291564748874e-02	7.889847508888704619e-02
1.233631404482097196e+03	2.419230261114562741e-01	1.585245251986242832e-01	2.604253984164941471e-01	1.546267083273688281e-01	7.324333207479129249e-02	3.230755970355235485e-02	7.894945016736754084e-02
1.235082735546193817e+03	2.417244350247462759e-01	1.583996529485631188e-01	2.605642661992280673e-01	1.547023955322395505e-01	7.327823472560081319e-02	3.233068956370883928e-02	7.900032600556798623e-02
1.236534066610290438e+03	2.415261928563115501e-01	1.582749861390678192e-01	2.607029022388183681e-01	1.547779650008901109e-01	7.331307829476366167e-02	3.235377263513503771e-02	7.905110283466816601e-02
1.237985397674387059e+03	2.413282989979825821e-01	1.581505244311266767e-01	2.608413069199754797e-01	1.548534168893161145e-01	7.334786282043186112e-02	3.237680905575871654e-02	7.910178088506328309e-02
1.239436728738483680e+03	2.411307528425897795e-01	1.580262674862881189e-01	2.609794806267709544e-01	1.549287513528681826e-01	7.338258834233216121e-02	3.239979896243684598e-02	7.915236038636870586e-02
1.240888059802580301e+03	2.409335537839631114e-01	1.579022149666598207e-01	2.611174237426382994e-01	1.550039685462699657e-01	7.341725490172419655e-02	3.242274249097466809e-02	7.920284156742470050e-02
1.242339390866676695e+03	2.407367012169315534e-01	1.577783665349077047e-01	2.612551366503741979e-01	1.550790686236359628e-01	7.345186254135982473e-02	3.244563977614434158e-02	7.925322465630112168e-02
1.243790721930773088e+03	2.405401945373228378e-01	1.576547218542551088e-01	2.613926197321395084e-01	1.551540517384886742e-01	7.348641130544336653e-02	3.246849095170315641e-02	7.930350988030200610e-02
1.245242052994869937e+03	2.403440331419627318e-01	1.575312805884817591e-01	2.615298733694604305e-01	1.552289180437753935e-01	7.352090123959274803e-02	3.249129615041134594e-02	7.935369746597020768e-02
1.246693384058966330e+03	2.401482164286747878e-01	1.574080424019229651e-01	2.616668979432292819e-01	1.553036676918845560e-01	7.355533239080158658e-02	3.251405550404946887e-02	7.940378763909192172e-02
1.248144715123063179e+03	2.399527437962795939e-01	1.572850069594685929e-01	2.618036938337057751e-01	1.553783008346617533e-01	7.358970480740220643e-02	3.253676914343541643e-02	7.945378062470122293e-02
1.249596046187159800e+03	2.397576146445943857e-01	1.571621739265621764e-01	2.619402614205179614e-01	1.554528176234250270e-01	7.362401853902947324e-02	3.255943719844103107e-02	7.950367664708449245e-02
1.251047377251256421e+03	2.395628283744322407e-01	1.570395429692001132e-01	2.620766010826633408e-01	1.555272182089801336e-01	7.365827363658553062e-02	3.258205979800832264e-02	7.955347592978483096e-02
1.252498708315352815e+03	2.393683843876017736e-01	1.569171137539305538e-01	2.622127131985099169e-01	1.556015027416350893e-01	7.369247015220529995e-02	3.260463707016537233e-02	7.960317869560654125e-02
1.253950039379449436e+03	2.391742820869062203e-01	1.567948859478526802e-01	2.623485981457970295e-01	1.556756713712144913e-01	7.372660813922291001e-02	3.262716914204181334e-02	7.965278516661937480e-02
1.255401370443546057e+03	2.389805208761429101e-01	1.566728592186156233e-01	2.624842563016367980e-01	1.557497242470735621e-01	7.376068765213880662e-02	3.264965613988402016e-02	7.970229556416286165e-02
1.256852701507642678e+03	2.387871001601025167e-01	1.565510332344176581e-01	2.626196880425146762e-01	1.558236615181114171e-01	7.379470874658773660e-02	3.267209818906990221e-02	7.975171010885059864e-02
1.258304032571739299e+03	2.385940193445684754e-01	1.564294076640053710e-01	2.627548937442908961e-01	1.558974833327845255e-01	7.382867147930738394e-02	3.269449541412342009e-02	7.980102902057441272e-02
1.259755363635835920e+03	2.384012778363161500e-01	1.563079821766725219e-01	2.628898737822012999e-01	1.559711898391192841e-01	7.386257590810788032e-02	3.271684793872871311e-02	7.985025251850863537e-02
1.261206694699932314e+03	2.382088750431120561e-01	1.561867564422593502e-01	2.630246285308584508e-01	1.560447811847246180e-01	7.389642209184189847e-02	3.273915588574397018e-02	7.989938082111411322e-02
1.262658025764028707e+03	2.380168103737132501e-01	1.560657301311515477e-01	2.631591583642525767e-01	1.561182575168041098e-01	7.393021009037557822e-02	3.276141937721497449e-02	7.994841414614242692e-02
1.264109356828125556e+03	2.378250832378663027e-01	1.559449029142793985e-01	2.632934636557527353e-01	1.561916189821677403e-01	7.396393996456007702e-02	3.278363853438829439e-02	7.999735271063990183e-02
1.265560687892221949e+03	2.376336930463066599e-01	1.558242744631169463e-01	2.634275447781077029e-01	1.562648657272434349e-01	7.399761177620377273e-02	3.280581347772426604e-02	8.004619673095164645e-02
1.267012018956318798e+03	2.374426392107578665e-01	1.557038444496810226e-01	2.635614021034469734e-01	1.563379978980881935e-01	7.403122558804521580e-02	3.282794432690962910e-02	8.009494642272549370e-02
1.268463350020415419e+03	2.372519211439304554e-01	1.555836125465302755e-01	2.636950360032821461e-01	1.564110156403989982e-01	7.406478146372666438e-02	3.285003120086989886e-02	8.014360200091601161e-02
1.269914681084511813e+03	2.370615382595213649e-01	1.554635784267644205e-01	2.638284468485073697e-01	1.564839190995232776e-01	7.409827946776820218e-02	3.287207421778144678e-02	8.019216367978836135e-02
1.271366012148608434e+03	2.368714899722128842e-01	1.553437417640232965e-01	2.639616350094008412e-01	1.565567084204692871e-01	7.413171966554257808e-02	3.289407349508335215e-02	8.024063167292216914e-02
1.272817343212705055e+03	2.366817756976719311e-01	1.552241022324858943e-01	2.640946008556256386e-01	1.566293837479160178e-01	7.416510212325058693e-02	3.291602914948895536e-02	8.028900619321542587e-02
1.274268674276801676e+03	2.364923948525488040e-01	1.551046595068695799e-01	2.642273447562307198e-01	1.567019452262230217e-01	7.419842690789699158e-02	3.293794129699718909e-02	8.033728745288815087e-02
1.275720005340898297e+03	2.363033468544765703e-01	1.549854132624290948e-01	2.643598670796520334e-01	1.567743929994397378e-01	7.423169408726716656e-02	3.295981005290361809e-02	8.038547566348626383e-02
1.277171336404994690e+03	2.361146311220700122e-01	1.548663631749558067e-01	2.644921681937134061e-01	1.568467272113146238e-01	7.426490372990410260e-02	3.298163553181127083e-02	8.043357103588527623e-02
1.278622667469091539e+03	2.359262470749245721e-01	1.547475089207766275e-01	2.646242484656277649e-01	1.569189480053043151e-01	7.429805590508609114e-02	3.300341784764124209e-02	8.048157378029395514e-02
1.280073998533187932e+03	2.357381941336155751e-01	1.546288501767533186e-01	2.647561082619978579e-01	1.569910555245819794e-01	7.433115068280492232e-02	3.302515711364300416e-02	8.052948410625797304e-02
1.281525329597284326e+03	2.355504717196969522e-01	1.545103866202815202e-01	2.648877479488174758e-01	1.570630499120459767e-01	7.436418813374456871e-02	3.304685344240458622e-02	8.057730222266354381e-02
1.282976660661381175e+03	2.353630792557004636e-01	1.543921179292898349e-01	2.650191678914724513e-01	1.571349313103279632e-01	7.439716832926041024e-02	3.306850694586244144e-02	8.062502833774100319e-02
1.284427991725477568e+03	2.351760161651346437e-01	1.542740437822390231e-01	2.651503684547416584e-01	1.572066998618008304e-01	7.443009134135895877e-02	3.309011773531116141e-02	8.067266265906833378e-02
1.285879322789574417e+03	2.349892818724836074e-01	1.541561638581210314e-01	2.652813500027978999e-01	1.572783557085864481e-01	7.446295724267799898e-02	3.311168592141294775e-02	8.072020539357467606e-02
1.287330653853671038e+03	2.348028758032061625e-01	1.540384778364582152e-01	2.654121128992089629e-01	1.573498989925631864e-01	7.449576610646731212e-02	3.313321161420689637e-02	8.076765674754381175e-02
1.288781984917767431e+03	2.346167973837346710e-01	1.539209853973024511e-01	2.655426575069387840e-01	1.574213298553731322e-01	7.452851800656977443e-02	3.315469492311805960e-02	8.081501692661760550e-02
1.290233315981864052e+03	2.344310460414740505e-01	1.538036862212341094e-01	2.656729841883482823e-01	1.574926484384292225e-01	7.456121301740295526e-02	3.317613595696635581e-02	8.086228613579940494e-02
