1.301360187473271253e+03	2.356570163793759998e-01	1.505986876517448336e-01	2.589588812460863476e-01	1.616452825411140437e-01	7.606681360670915215e-02	3.343975002279012121e-02	8.363356855183554095e-02
1.306197957686926657e+03	2.350765167866847860e-01	1.501901018222140116e-01	2.593138344775103854e-01	1.619024934728206522e-01	7.617472596838160970e-02	3.352646640587787080e-02	8.381586106616670251e-02
1.311035727900581833e+03	2.344993427271988284e-01	1.497838142049624788e-01	2.596669236814509452e-01	1.621581048253961377e-01	7.628206605214789271e-02	3.361266795865100465e-02	8.399708054984866834e-02
1.315873498114237009e+03	2.339254739746314260e-01	1.493798128714560747e-01	2.600181579772919416e-01	1.624121276426453431e-01	7.638883671168350542e-02	3.369835792560088583e-02	8.417723289634676531e-02
1.320711268327892412e+03	2.333548904816774572e-01	1.489780859051655082e-01	2.603675464458033439e-01	1.626645728793749135e-01	7.649504079017412084e-02	3.378353951284140955e-02	8.435632398461907766e-02
1.325549038541547588e+03	2.327875723758871807e-01	1.485786214042277842e-01	2.607150981295488501e-01	1.629154514023198885e-01	7.660068112012148600e-02	3.386821588970215235e-02	8.453435967784843352e-02
1.330386808755202765e+03	2.322234999557145629e-01	1.481814074839586104e-01	2.610608220332557017e-01	1.631647739910543626e-01	7.670576052317876203e-02	3.395239019021683430e-02	8.471134582227692056e-02
1.335224578968857941e+03	2.316626536867314734e-01	1.477864322792240004e-01	2.614047271241519144e-01	1.634125513388868245e-01	7.681028181001134381e-02	3.403606551451435897e-02	8.488728824613585300e-02
1.340062349182513572e+03	2.311050141979999750e-01	1.473936839466778170e-01	2.617468223322734766e-01	1.636587940537407859e-01	7.691424778018032815e-02	3.411924493011916915e-02	8.506219275866419571e-02
1.344900119396168748e+03	2.305505622785952724e-01	1.470031506668718069e-01	2.620871165507455136e-01	1.639035126590212554e-01	7.701766122204545262e-02	3.420193147316719084e-02	8.523606514920922805e-02
1.349737889609823924e+03	2.299992788742717675e-01	1.466148206462446202e-01	2.624256186360400256e-01	1.641467175944671952e-01	7.712052491268532595e-02	3.428412814954333310e-02	8.540891118640348001e-02
1.354575659823479100e+03	2.294511450842663669e-01	1.462286821189955066e-01	2.627623374082121432e-01	1.643884192169907388e-01	7.722284161783257717e-02	3.436583793594583797e-02	8.558073661741258387e-02
1.359413430037134731e+03	2.289061421582312128e-01	1.458447233488489037e-01	2.630972816511183976e-01	1.646286278015035021e-01	7.732461409182214696e-02	3.444706378088269183e-02	8.575154716724880943e-02
1.364251200250789907e+03	2.283642514932910372e-01	1.454629326307149695e-01	2.634304601126179479e-01	1.648673535417303215e-01	7.742584507755106982e-02	3.452780860560469151e-02	8.592134853814570317e-02
1.369088970464445310e+03	2.278254546312181439e-01	1.450832982922512504e-01	2.637618815047586551e-01	1.651046065510105576e-01	7.752653730644806784e-02	3.460807530497960610e-02	8.609014640898944581e-02
1.373926740678100487e+03	2.272897332557202721e-01	1.447058086953307288e-01	2.640915545039504986e-01	1.653403968630879906e-01	7.762669349845195688e-02	3.468786674831150774e-02	8.625794643480269586e-02
1.378764510891755890e+03	2.267570691898355695e-01	1.443304522374204979e-01	2.644194877511265585e-01	1.655747344328889759e-01	7.772631636199760219e-02	3.476718578010905281e-02	8.642475424627735214e-02
1.383602281105411066e+03	2.262274443934296497e-01	1.439572173528758936e-01	2.647456898518936175e-01	1.658076291372893307e-01	7.782540859400834121e-02	3.484603522080619020e-02	8.659057544935250261e-02
1.388440051319066470e+03	2.257008409607901556e-01	1.435860925141540234e-01	2.650701693766733813e-01	1.660390907758705625e-01	7.792397287989417942e-02	3.492441786743867571e-02	8.675541562483447822e-02
1.393277821532721646e+03	2.251772411183139977e-01	1.432170662329509958e-01	2.653929348608349836e-01	1.662691290716652448e-01	7.802201189355495448e-02	3.500233649427934857e-02	8.691928032805583404e-02
1.398115591746377049e+03	2.246566272222829397e-01	1.428501270612662910e-01	2.657139948048203304e-01	1.664977536718923179e-01	7.811952829738776083e-02	3.507979385343507062e-02	8.708217508857050981e-02
1.402953361960032225e+03	2.241389817567236709e-01	1.424852635923985200e-01	2.660333576742624495e-01	1.667249741486821202e-01	7.821652474229803809e-02	3.515679267540789549e-02	8.724410540988253304e-02
1.407791132173687402e+03	2.236242873313478985e-01	1.421224644618752919e-01	2.663510319000976234e-01	1.669507999997917047e-01	7.831300386771390676e-02	3.523333566962300045e-02	8.740507676920579450e-02
1.412628902387342805e+03	2.231125266795691842e-01	1.417617183483211585e-01	2.666670258786728587e-01	1.671752406493104692e-01	7.840896830160327957e-02	3.530942552492561531e-02	8.756509461725266175e-02
1.417466672600997981e+03	2.226036826565925830e-01	1.414030139742662728e-01	2.669813479718479710e-01	1.673983054483567101e-01	7.850442066049330425e-02	3.538506491004907856e-02	8.772416437804933520e-02
1.422304442814653157e+03	2.220977382375740328e-01	1.410463401068991207e-01	2.672940065070936733e-01	1.676200036757646006e-01	7.859936354949188797e-02	3.546025647405598447e-02	8.788229144877592047e-02
1.427142213028308333e+03	2.215946765158458842e-01	1.406916855587658499e-01	2.676050097775859449e-01	1.678403445387625925e-01	7.869379956231095652e-02	3.553500284675430859e-02	8.803948119962962116e-02
1.431979983241963964e+03	2.210944807012056590e-01	1.403390391884191402e-01	2.679143660422970141e-01	1.680593371736430197e-01	7.878773128129121228e-02	3.560930663909017690e-02	8.819573897370890092e-02
1.436817753455619140e+03	2.205971341182651202e-01	1.399883899010189725e-01	2.682220835260833436e-01	1.682769906464230136e-01	7.888116127742819672e-02	3.568317044351881906e-02	8.835107008691762964e-02
1.441655523669274316e+03	2.201026202048569635e-01	1.396397266488877686e-01	2.685281704197709507e-01	1.684933139534972590e-01	7.897409211039937982e-02	3.575659683435532948e-02	8.850547982788734003e-02
1.446493293882929493e+03	2.196109225104961871e-01	1.392930384320226200e-01	2.688326348802386190e-01	1.687083160222824230e-01	7.906652632859229035e-02	3.582958836810649916e-02	8.865897345791633188e-02
1.451331064096585123e+03	2.191220246948936412e-01	1.389483142985659947e-01	2.691354850304989443e-01	1.689220057118536733e-01	7.915846646913327067e-02	3.590214758378498100e-02	8.881155621092448604e-02
1.456168834310240300e+03	2.186359105265196778e-01	1.386055433452377528e-01	2.694367289597775494e-01	1.691343918135732871e-01	7.924991505791703639e-02	3.597427700320706551e-02	8.896323329342253894e-02
1.461006604523895703e+03	2.181525638812152335e-01	1.382647147177303026e-01	2.697363747235910214e-01	1.693454830517117926e-01	7.934087460963673566e-02	3.604597913127515624e-02	8.911400988449461047e-02
1.465844374737550879e+03	2.176719687408484316e-01	1.379258176110684520e-01	2.700344303438232396e-01	1.695552880840611454e-01	7.943134762781441094e-02	3.611725645624589559e-02	8.926389113579326351e-02
1.470682144951206283e+03	2.171941091920143452e-01	1.375888412699360908e-01	2.703309038088005933e-01	1.697638155025410212e-01	7.952133660483194644e-02	3.618811144998501650e-02	8.941288217154583218e-02
1.475519915164861459e+03	2.167189694247761700e-01	1.372537749889713721e-01	2.706258030733663666e-01	1.699710738337974480e-01	7.961084402196227927e-02	3.625854656820970412e-02	8.956098808857142213e-02
1.480357685378516862e+03	2.162465337314458946e-01	1.369206081130320551e-01	2.709191360589540687e-01	1.701770715397947498e-01	7.969987234940094367e-02	3.632856425071942508e-02	8.970821395630758366e-02
1.485195455592172038e+03	2.157767865054024958e-01	1.365893300374322328e-01	2.712109106536603753e-01	1.703818170184000502e-01	7.978842404629762908e-02	3.639816692161584877e-02	8.985456481684606089e-02
1.490033225805827215e+03	2.153097122399462160e-01	1.362599302081523023e-01	2.715011347123170160e-01	1.705853186039614777e-01	7.987650156078823782e-02	3.646735698951267951e-02	9.000004568497671498e-02
1.494870996019482618e+03	2.148452955271871190e-01	1.359323981220235955e-01	2.717898160565627164e-01	1.707875845678790971e-01	7.996410733002676241e-02	3.653613684773608650e-02	9.014466154823921884e-02
1.499708766233137567e+03	2.143835210569662864e-01	1.356067233268885008e-01	2.720769624749145854e-01	1.709886231191696804e-01	8.005124378021749587e-02	3.660450887451625890e-02	9.028841736698174636e-02
1.504546536446793198e+03	2.139243736158085996e-01	1.352828954217381308e-01	2.723625817228390034e-01	1.711884424050247322e-01	8.013791332664718658e-02	3.667247543317075226e-02	9.043131807442612857e-02
1.509384306660448374e+03	2.134678380859050817e-01	1.349609040568278129e-01	2.726466815228226204e-01	1.713870505113623821e-01	8.022411837371735965e-02	3.674003887228013271e-02	9.057336857673906061e-02
1.514222076874103550e+03	2.130138994441240219e-01	1.346407389337724303e-01	2.729292695644434108e-01	1.715844554633727814e-01	8.030986131497670766e-02	3.680720152585643251e-02	9.071457375310865157e-02
1.519059847087758726e+03	2.125625427610494111e-01	1.343223898056221943e-01	2.732103535044408393e-01	1.717806652260575329e-01	8.039514453315334264e-02	3.687396571350484709e-02	9.085493845582617856e-02
1.523897617301414357e+03	2.121137532000453296e-01	1.340058464769198487e-01	2.734899409667872483e-01	1.719756877047629862e-01	8.047997040018729786e-02	3.694033374057919400e-02	9.099446751037236492e-02
1.528735387515069533e+03	2.116675160163453140e-01	1.336910988037406101e-01	2.737680395427584679e-01	1.721695307457075941e-01	8.056434127726293248e-02	3.700630789833141837e-02	9.113316571550789114e-02
1.533573157728724709e+03	2.112238165561655667e-01	1.333781366937155655e-01	2.740446567910047038e-01	1.723622021365034673e-01	8.064825951484136390e-02	3.707189046405565819e-02	9.127103784336787484e-02
1.538410927942380113e+03	2.107826402558410084e-01	1.330669501060393611e-01	2.743198002376218692e-01	1.725537096066721010e-01	8.073172745269294182e-02	3.713708370122711933e-02	9.140808863955979247e-02
1.543248698156035516e+03	2.103439726409830623e-01	1.327575290514632633e-01	2.745934773762228609e-01	1.727440608281545498e-01	8.081474741992969446e-02	3.720188985963609335e-02	9.154432282326464831e-02
1.548086468369690692e+03	2.099077993256582009e-01	1.324498635922742029e-01	2.748656956680093355e-01	1.729332634158159132e-01	8.089732173503778878e-02	3.726631117551751360e-02	9.167974508734121064e-02
1.552924238583346096e+03	2.094741060115867248e-01	1.321439438422605805e-01	2.751364625418433740e-01	1.731213249279443533e-01	8.097945270590999056e-02	3.733034987167624386e-02	9.181436009843278734e-02
1.557762008797001272e+03	2.090428784873603896e-01	1.318397599666656650e-01	2.754057853943200351e-01	1.733082528667448663e-01	8.106114262987818009e-02	3.739400815760837021e-02	9.194817249707654128e-02
1.562599779010656675e+03	2.086141026276783217e-01	1.315373021821291122e-01	2.756736715898395196e-01	1.734940546788275584e-01	8.114239379374572902e-02	3.745728822961879451e-02	9.208118689781492894e-02
1.567437549224311852e+03	2.081877643926005605e-01	1.312365607566174652e-01	2.759401284606806115e-01	1.736787377556907042e-01	8.122320847382009934e-02	3.752019227093529585e-02	9.221340788930923460e-02
1.572275319437967255e+03	2.077638498268183087e-01	1.309375260093440241e-01	2.762051633070735090e-01	1.738623094341986697e-01	8.130358893594526182e-02	3.758272245181935173e-02	9.234484003445478373e-02
1.577113089651622431e+03	2.073423450589401418e-01	1.306401883106789730e-01	2.764687833972738762e-01	1.740447769970549230e-01	8.138353743553415620e-02	3.764488092967385041e-02	9.247548787049791885e-02
1.581950859865277607e+03	2.069232363007937059e-01	1.303445380820500432e-01	2.767309959676370057e-01	1.742261476732697434e-01	8.146305621760123461e-02	3.770666984914788217e-02	9.260535590915422444e-02
1.586788630078933011e+03	2.065065098467422089e-01	1.300505657958343220e-01	2.769918082226920375e-01	1.744064286386231843e-01	8.154214751679494944e-02	3.776809134223882425e-02	9.273444863672829219e-02
1.591626400292587959e+03	2.060921520730148726e-01	1.297582619752419286e-01	2.772512273352173984e-01	1.745856270161231238e-01	8.162081355743026900e-02	3.782914752839187239e-02	9.286277051423434681e-02
1.596464170506243590e+03	2.056801494370510963e-01	1.294676171941916420e-01	2.775092604463160750e-01	1.747637498764585129e-01	8.169905655352117935e-02	3.788984051459712288e-02	9.299032597751814844e-02
1.601301940719898766e+03	2.052704884768575821e-01	1.291786220771793670e-01	2.777659146654916089e-01	1.749408042384479611e-01	8.177687870881328314e-02	3.795017239548439253e-02	9.311711943737956132e-02
1.606139710933553943e+03	2.048631558103778671e-01	1.288912672991394393e-01	2.780211970707246460e-01	1.751167970694835208e-01	8.185428221681627370e-02	3.801014525341590844e-02	9.324315527969599671e-02
1.610977481147209119e+03	2.044581381348739568e-01	1.286055435852998530e-01	2.782751147085497090e-01	1.752917352859700295e-01	8.193126926083660333e-02	3.806976115857695769e-02	9.336843786554650804e-02
1.615815251360864750e+03	2.040554222263193107e-01	1.283214417110308259e-01	2.785276745941325238e-01	1.754656257537598740e-01	8.200784201401001283e-02	3.812902216906462194e-02	9.349297153133641347e-02
1.620653021574519926e+03	2.036549949388030134e-01	1.280389525016880081e-01	2.787788837113480689e-01	1.756384752885831457e-01	8.208400263933415819e-02	3.818793033097470785e-02	9.361676058892239027e-02
1.625490791788175102e+03	2.032568432039445205e-01	1.277580668324501123e-01	2.790287490128589565e-01	1.758102906564737167e-01	8.215975328970129277e-02	3.824648767848700531e-02	9.373980932573794389e-02
1.630328562001830505e+03	2.028609540303185077e-01	1.274787756281516304e-01	2.792772774201940367e-01	1.759810785741904859e-01	8.223509610793088009e-02	3.830469623394884560e-02	9.386212200491918234e-02
1.635166332215485909e+03	2.024673145028896004e-01	1.272010698631106385e-01	2.795244758238280003e-01	1.761508457096348235e-01	8.231003322680228995e-02	3.836255800795726478e-02	9.398370286543086816e-02
1.640004102429141085e+03	2.020759117824567075e-01	1.269249405609524650e-01	2.797703510832612039e-01	1.763195986822634620e-01	8.238456676908754994e-02	3.842007499943957127e-02	9.410455612219251198e-02
1.644841872642796488e+03	2.016867331051060142e-01	1.266503787944288917e-01	2.800149100270998836e-01	1.764873440634972812e-01	8.245869884758402768e-02	3.847724919573264346e-02	9.422468596620466041e-02
1.649679642856451665e+03	2.012997657816731623e-01	1.263773756852336616e-01	2.802581594531371456e-01	1.766540883771260395e-01	8.253243156514727952e-02	3.853408257266089515e-02	9.434409656467519778e-02
1.654517413070107068e+03	2.009149971972134519e-01	1.261059224038144633e-01	2.805001061284341790e-01	1.768198380997089425e-01	8.260576701472377437e-02	3.859057709461297114e-02	9.446279206114556459e-02
1.659355183283762244e+03	2.005324148104805082e-01	1.258360101691813893e-01	2.807407567894020239e-01	1.769845996609712979e-01	8.267870727938378406e-02	3.864673471461730486e-02	9.458077657561705931e-02
1.664192953497417420e+03	2.001520061534124151e-01	1.255676302487124252e-01	2.809801181418837279e-01	1.771483794441970350e-01	8.275125443235423206e-02	3.870255737441654492e-02	9.469805420467687640e-02
1.669030723711072824e+03	1.997737588306257861e-01	1.253007739579559965e-01	2.812181968612376126e-01	1.773111837866174212e-01	8.282341053705154221e-02	3.875804700454090618e-02	9.481462902162403339e-02
1.673868493924728000e+03	1.993976605189165252e-01	1.250354326604307120e-01	2.814549995924198744e-01	1.774730189797959490e-01	8.289517764711462622e-02	3.881320552438047300e-02	9.493050507659515913e-02
1.678706264138383403e+03	1.990236989667681644e-01	1.247715977674228316e-01	2.816905329500685173e-01	1.776338912700093364e-01	8.296655780643777400e-02	3.886803484225661437e-02	9.504568639669001839e-02
1.683544034352038352e+03	1.986518619938666408e-01	1.245092607377813465e-01	2.819248035185877299e-01	1.777938068586247256e-01	8.303755304920368285e-02	3.892253685549237202e-02	9.516017698609671727e-02
1.688381804565693983e+03	1.982821374906216794e-01	1.242484130777109647e-01	2.821578178522320401e-01	1.779527719024732169e-01	8.310816539991645879e-02	3.897671345048202979e-02	9.527398082621675590e-02
1.693219574779349159e+03	1.979145134176944765e-01	1.239890463405630833e-01	2.823895824751918582e-01	1.781107925142196846e-01	8.317839687343470123e-02	3.903056650275978090e-02	9.538710187578958166e-02
1.698057344993004335e+03	1.975489778055315448e-01	1.237311521266251102e-01	2.826201038816785194e-01	1.782678747627289562e-01	8.324824947500450434e-02	3.908409787706761812e-02	9.549954407101696185e-02
1.702895115206659511e+03	1.971855187539043319e-01	1.234747220829082032e-01	2.828493885360102711e-01	1.784240246734285218e-01	8.331772520029259721e-02	3.913730942742243285e-02	9.561131132568684299e-02
1.707732885420315142e+03	1.968241244314546945e-01	1.232197479029332743e-01	2.830774428726989811e-01	1.785792482286673866e-01	8.338682603541952565e-02	3.919020299718235095e-02	9.572240753129694635e-02
1.712570655633970318e+03	1.964647830752457858e-01	1.229662213265159676e-01	2.833042732965365129e-01	1.787335513680718690e-01	8.345555395699275070e-02	3.924278041911236081e-02	9.583283655717786398e-02
1.717408425847625494e+03	1.961074829903182437e-01	1.227141341395503182e-01	2.835298861826822114e-01	1.788869399888974587e-01	8.352391093213988593e-02	3.929504351544921281e-02	9.594260225061572445e-02
1.722246196061280898e+03	1.957522125492518195e-01	1.224634781737912875e-01	2.837542878767501664e-01	1.790394199463776204e-01	8.359189891854190702e-02	3.934699409796569430e-02	9.605170843697449778e-02
1.727083966274936301e+03	1.953989601917317520e-01	1.222142453066363821e-01	2.839774846948974196e-01	1.791909970540690455e-01	8.365951986446638899e-02	3.939863396803423845e-02	9.616015891981773145e-02
1.731921736488591478e+03	1.950477144241200556e-01	1.219664274609064958e-01	2.841994829239122278e-01	1.793416770841936014e-01	8.372677570880078524e-02	3.944996491668989469e-02	9.626795748102991157e-02
1.736759506702246881e+03	1.946984638190316363e-01	1.217200166046259052e-01	2.844202888213028801e-01	1.794914657679769765e-01	8.379366838108573412e-02	3.950098872469272326e-02	9.637510788093717196e-02
1.741597276915902057e+03	1.943511970149149615e-01	1.214750047508017100e-01	2.846399086153867386e-01	1.796403687959839679e-01	8.386019980154835185e-02	3.955170716258958608e-02	9.648161385842772553e-02
1.746435047129557461e+03	1.940059027156371407e-01	1.212313839572027319e-01	2.848583485053797215e-01	1.797883918184508267e-01	8.392637188113562241e-02	3.960212199077536854e-02	9.658747913107164351e-02
1.751272817343212637e+03	1.936625696900734217e-01	1.209891463261379418e-01	2.850756146614861763e-01	1.799355404456139951e-01	8.399218652154769038e-02	3.965223495955370187e-02	9.669270739524007952e-02
1.756110587556867813e+03	1.933211867717007926e-01	1.207482840042344713e-01	2.852917132249890853e-01	1.800818202480361230e-01	8.405764561527132028e-02	3.970204780919706078e-02	9.679730232622410502e-02
1.760948357770523216e+03	1.929817428581956373e-01	1.205087891822154422e-01	2.855066503083406038e-01	1.802272367569286438e-01	8.412275104561328654e-02	3.975156227000645193e-02	9.690126757835292037e-02
1.765786127984178393e+03	1.926442269110356376e-01	1.202706540946776176e-01	2.857204319952525440e-01	1.803717954644714350e-01	8.418750468673372178e-02	3.980078006237053323e-02	9.700460678511148294e-02
1.770623898197833569e+03	1.923086279551052269e-01	1.200338710198687597e-01	2.859330643407880790e-01	1.805155018241293430e-01	8.425190840367961786e-02	3.984970289682426142e-02	9.710732355925764947e-02
1.775461668411488745e+03	1.919749350783049868e-01	1.197984322794650724e-01	2.861445533714528366e-01	1.806583612509658487e-01	8.431596405241825742e-02	3.989833247410704692e-02	9.720942149293880508e-02
1.780299438625144376e+03	1.916431374311647895e-01	1.195643302383486289e-01	2.863549050852867706e-01	1.808003791219535972e-01	8.437967347987070099e-02	3.994667048522050623e-02	9.731090415780782599e-02
1.785137208838799552e+03	1.913132242264602711e-01	1.193315573043847583e-01	2.865641254519561421e-01	1.809415607762820954e-01	8.444303852394521859e-02	3.999471861148568702e-02	9.741177510513855664e-02
1.789974979052454728e+03	1.909851847388331636e-01	1.191001059281997093e-01	2.867722204128461683e-01	1.810819115156623305e-01	8.450606101357080457e-02	4.004247852459989071e-02	9.751203786594064837e-02
1.794812749266109904e+03	1.906590083044147066e-01	1.188699686029584118e-01	2.869791958811531152e-01	1.812214366046287495e-01	8.456874276873066476e-02	4.008995188669307180e-02	9.761169595107394015e-02
1.799650519479765535e+03	1.903346843204525296e-01	1.186411378641424735e-01	2.871850577419776118e-01	1.813601412708382987e-01	8.463108560049566187e-02	4.013714035038379313e-02	9.771075285136214539e-02
1.804488289693420711e+03	1.900122022449410031e-01	1.184136062893284685e-01	2.873898118524177425e-01	1.814980307053665476e-01	8.469309131105794142e-02	4.018404555883477863e-02	9.780921203770603922e-02
1.809326059907075887e+03	1.896915515962542820e-01	1.181873664979665034e-01	2.875934640416620836e-01	1.816351100630011484e-01	8.475476169376432167e-02	4.023066914580804981e-02	9.790707696119604897e-02
1.814163830120731291e+03	1.893727219527830130e-01	1.179624111511592549e-01	2.877960201110836835e-01	1.817713844625325481e-01	8.481609853314987790e-02	4.027701273571969443e-02	9.800435105322423401e-02
1.819001600334386467e+03	1.890557029525735955e-01	1.177387329514413966e-01	2.879974858343338773e-01	1.819068589870419528e-01	8.487710360497140172e-02	4.032307794369422577e-02	9.810103772559577995e-02
1.823839370548041643e+03	1.887404842929709392e-01	1.175163246425593305e-01	2.881978669574360996e-01	1.820415386841865157e-01	8.493777867624095756e-02	4.036886637561856034e-02	9.819714037063975720e-02
1.828677140761696819e+03	1.884270557302634708e-01	1.172951790092516267e-01	2.883971691988805319e-01	1.821754285664820561e-01	8.499812550525935595e-02	4.041437962819562080e-02	9.829266236131947720e-02
1.833514910975352450e+03	1.881154070793317201e-01	1.170752888770298789e-01	2.885953982497182491e-01	1.823085336115829458e-01	8.505814584164968217e-02	4.045961928899757115e-02	9.838760705134211304e-02
1.838352681189008081e+03	1.878055282132991832e-01	1.168566471119600464e-01	2.887925597736560324e-01	1.824408587625595823e-01	8.511784142639075568e-02	4.050458693651871195e-02	9.848197777526783436e-02
1.843190451402663257e+03	1.874974090631862378e-01	1.166392466204445172e-01	2.889886594071514048e-01	1.825724089281730300e-01	8.517721399185070041e-02	4.054928414022797994e-02	9.857577784861830394e-02
1.848028221616318433e+03	1.871910396175664182e-01	1.164230803490046984e-01	2.891837027595074439e-01	1.827031889831474964e-01	8.523626526182032093e-02	4.059371246062114247e-02	9.866901056798467462e-02
1.852865991829973609e+03	1.868864099222258268e-01	1.162081412840643008e-01	2.893776954129679835e-01	1.828332037684398947e-01	8.529499695154665884e-02	4.063787344927259626e-02	9.876167921113492010e-02
1.857703762043628785e+03	1.865835100798246826e-01	1.159944224517332201e-01	2.895706429228131484e-01	1.829624580915071852e-01	8.535341076776641056e-02	4.068176864888685407e-02	9.885378703712059678e-02
1.862541532257283961e+03	1.862823302495615896e-01	1.157819169175922369e-01	2.897625508174549447e-01	1.830909567265710802e-01	8.541150840873935890e-02	4.072539959334973286e-02	9.894533728638309211e-02
1.867379302470939592e+03	1.859828606468403867e-01	1.155706177864782580e-01	2.899534245985325720e-01	1.832187044148805288e-01	8.546929156428186014e-02	4.076876780777911186e-02	9.903633318085923454e-02
1.872217072684594768e+03	1.856850915429393289e-01	1.153605182022704317e-01	2.901432697410086248e-01	1.833457058649715088e-01	8.552676191580019238e-02	4.081187480857548233e-02	9.912677792408633448e-02
1.877054842898249490e+03	1.853890132646827393e-01	1.151516113476769576e-01	2.903320916932648488e-01	1.834719657529245984e-01	8.558392113632395937e-02	4.085472210347208810e-02	9.921667470130668409e-02
1.881892613111905121e+03	1.850946161941150747e-01	1.149438904440227144e-01	2.905198958771980644e-01	1.835974887226202168e-01	8.564077089053950820e-02	4.089731119158478145e-02	9.930602667957147411e-02
1.886730383325560297e+03	1.848018907681772127e-01	1.147373487510375684e-01	2.907066876883166451e-01	1.837222793859914494e-01	8.569731283482323603e-02	4.093964356346155298e-02	9.939483700784407239e-02
1.891568153539215928e+03	1.845108274783852087e-01	1.145319795666456530e-01	2.908924724958366625e-01	1.838463423232745975e-01	8.575354861727491063e-02	4.098172070113179077e-02	9.948310881710288600e-02
1.896405923752871104e+03	1.842214168705111621e-01	1.143277762267553427e-01	2.910772556427780322e-01	1.839696820832574242e-01	8.580947987775103258e-02	4.102354407815517190e-02	9.957084522044347408e-02
1.901243693966526507e+03	1.839336495442664698e-01	1.141247321050500724e-01	2.912610424460613245e-01	1.840923031835251800e-01	8.586510824789803098e-02	4.106511515967029013e-02	9.965804931318023030e-02
1.906081464180181683e+03	1.836475161529870781e-01	1.139228406127801019e-01	2.914438381966040215e-01	1.842142101107042962e-01	8.592043535118554232e-02	4.110643540244297151e-02	9.974472417294744098e-02
1.910919234393836859e+03	1.833630074033211765e-01	1.137220951985550149e-01	2.916256481594174388e-01	1.843354073207039423e-01	8.597546280293967558e-02	4.114750625491431224e-02	9.983087285979981573e-02
1.915757004607492036e+03	1.830801140549186690e-01	1.135224893481371483e-01	2.918064775737030936e-01	1.844558992389555008e-01	8.603019221037615238e-02	4.118832915724836979e-02	9.991649841631239370e-02
1.920594774821147894e+03	1.827988269201231697e-01	1.133240165842359509e-01	2.919863316529496267e-01	1.845756902606495164e-01	8.608462517263343328e-02	4.122890554137963182e-02	1.000016038676799918e-01
1.925432545034802843e+03	1.825191368636656375e-01	1.131266704663031197e-01	2.921652155850294474e-01	1.846947847509710083e-01	8.613876328080585787e-02	4.126923683106015206e-02	1.000861922218160144e-01
1.930270315248458019e+03	1.822410348023604798e-01	1.129304445903287074e-01	2.923431345322959896e-01	1.848131870453321723e-01	8.619260811797677113e-02	4.130932444190642261e-02	1.001702664694507222e-01
1.935108085462113195e+03	1.819645117048034055e-01	1.127353325886381735e-01	2.925200936316799116e-01	1.849309014496032522e-01	8.624616125925155252e-02	4.134916978144591998e-02	1.002538295842290567e-01
1.939945855675768371e+03	1.816895585910713595e-01	1.125413281296902546e-01	2.926960979947865749e-01	1.850479322403413007e-01	8.629942427179058961e-02	4.138877424916345693e-02	1.003368845228077288e-01
1.944783625889424002e+03	1.814161665324243722e-01	1.123484249178758332e-01	2.928711527079926880e-01	1.851642836650169432e-01	8.635239871484225171e-02	4.142813923654717345e-02	1.004194342249519201e-01
1.949621396103079178e+03	1.811443266510095462e-01	1.121566166933176817e-01	2.930452628325434516e-01	1.852799599422388643e-01	8.640508613977587737e-02	4.146726612713428489e-02	1.005014816136314132e-01
1.954459166316734354e+03	1.808740301195667366e-01	1.119658972316711493e-01	2.932184334046493701e-01	1.853949652619765187e-01	8.645748809011456759e-02	4.150615629655655947e-02	1.005830295951160996e-01
1.959296936530389530e+03	1.806052681611362565e-01	1.117762603439258901e-01	2.933906694355833955e-01	1.855093037857807603e-01	8.650960610156810393e-02	4.154481111258552517e-02	1.006640810590710422e-01
1.964134706744044706e+03	1.803380320487684152e-01	1.115876998762082850e-01	2.935619759117775729e-01	1.856229796470025561e-01	8.656144170206572785e-02	4.158323193517741989e-02	1.007446388786509550e-01
1.968972476957700337e+03	1.800723131052350268e-01	1.114002097095850852e-01	2.937323577949203512e-01	1.857359969510095909e-01	8.661299641178883679e-02	4.162142011651784324e-02	1.008247059105941840e-01
1.973810247171355968e+03	1.798081027027425838e-01	1.112137837598678319e-01	2.939018200220531729e-01	1.858483597754011230e-01	8.666427174320374960e-02	4.165937700106615849e-02	1.009042849953161458e-01
1.978648017385010689e+03	1.795453922626473742e-01	1.110284159774183460e-01	2.940703675056679511e-01	1.859600721702208415e-01	8.671526920109433323e-02	4.169710392559966561e-02	1.009833789570021984e-01
1.983485787598666320e+03	1.792841732551723188e-01	1.108441003469549935e-01	2.942380051338034930e-01	1.860711381581678092e-01	8.676599028259461555e-02	4.173460221925746200e-02	1.010619906037000248e-01
1.988323557812321269e+03	1.790244371991257244e-01	1.106608308873601038e-01	2.944047377701423662e-01	1.861815617348056007e-01	8.681643647722128709e-02	4.177187320358407424e-02	1.011401227274115328e-01
1.993161328025976900e+03	1.787661756616216457e-01	1.104786016514882341e-01	2.945705702541079885e-01	1.862913468687695528e-01	8.686660926690625839e-02	4.180891819257283315e-02	1.012177781041841973e-01
1.997999098239632076e+03	1.785093802578020528e-01	1.102974067259753915e-01	2.947355074009612164e-01	1.864004975019721011e-01	8.691651012602909232e-02	4.184573849270901286e-02	1.012949594942018361e-01
2.002836868453287707e+03	1.782540426505607734e-01	1.101172402310493098e-01	2.948995540018971573e-01	1.865090175498064773e-01	8.696614052144938101e-02	4.188233540301265767e-02	1.013716696418749674e-01
2.007674638666942428e+03	1.780001545502689630e-01	1.099380963203405726e-01	2.950627148241419251e-01	1.866169109013484373e-01	8.701550191253902555e-02	4.191871021508122852e-02	1.014479112759305579e-01
2.012512408880597604e+03	1.777477077145026008e-01	1.097599691806947358e-01	2.952249946110491186e-01	1.867241814195562677e-01	8.706459575121458516e-02	4.195486421313196490e-02	1.015236871095014093e-01
2.017350179094252780e+03	1.774966939477712891e-01	1.095828530319854360e-01	2.953863980821964663e-01	1.868308329414691271e-01	8.711342348196951524e-02	4.199079867404399702e-02	1.015989998402148653e-01
2.022187949307908411e+03	1.772471051012489973e-01	1.094067421269284829e-01	2.955469299334821942e-01	1.869368692784034724e-01	8.716198654190618345e-02	4.202651486740021508e-02	1.016738521502811021e-01
2.027025719521564042e+03	1.769989330725063592e-01	1.092316307508968132e-01	2.957065948372216146e-01	1.870422942161478475e-01	8.721028636076812168e-02	4.206201405552893735e-02	1.017482467065809748e-01
2.031863489735218764e+03	1.767521698052444412e-01	1.090575132217364851e-01	2.958653974422432720e-01	1.871471115151560061e-01	8.725832436097193112e-02	4.209729749354527983e-02	1.018221861607532253e-01
2.036701259948874394e+03	1.765068072890304818e-01	1.088843838895836580e-01	2.960233423739851988e-01	1.872513249107382316e-01	8.730610195763936765e-02	4.213236642939229698e-02	1.018956731492813433e-01
2.041539030162529116e+03	1.762628375590347962e-01	1.087122371366823909e-01	2.961804342345912833e-01	1.873549381132511571e-01	8.735362055862913588e-02	4.216722210388191422e-02	1.019687102935798173e-01
2.046376800376184747e+03	1.760202526957697078e-01	1.085410673772036066e-01	2.963366776030070815e-01	1.874579548082856428e-01	8.740088156456882196e-02	4.220186575073561069e-02	1.020413002000799818e-01
2.051214570589840150e+03	1.757790448248296999e-01	1.083708690570648059e-01	2.964920770350757961e-01	1.875603786568533771e-01	8.744788636888659039e-02	4.223629859662482444e-02	1.021134454603153385e-01
2.056052340803495554e+03	1.755392061166333728e-01	1.082016366537508628e-01	2.966466370636340888e-01	1.876622132955715616e-01	8.749463635784292259e-02	4.227052186121121879e-02	1.021851486510063495e-01
2.060890111017150957e+03	1.753007287861667596e-01	1.080333646761357097e-01	2.968003621986080032e-01	1.877634623368460987e-01	8.754113291056228596e-02	4.230453675718661571e-02	1.022564123341448555e-01
2.065727881230805451e+03	1.750636050927283638e-01	1.078660476643050481e-01	2.969532569271083333e-01	1.878641293690532232e-01	8.758737739906466424e-02	4.233834449031274871e-02	1.023272390570779539e-01
2.070565651444461309e+03	1.748278273396756122e-01	1.076996801893798927e-01	2.971053257135262693e-01	1.879642179567193594e-01	8.763337118829706007e-02	4.237194625946078680e-02	1.023976313525913479e-01
2.075403421658116713e+03	1.745933878741727507e-01	1.075342568533411702e-01	2.972565729996286543e-01	1.880637316406998105e-01	8.767911563616494208e-02	4.240534325665063636e-02	1.024675917389923224e-01
2.080241191871772116e+03	1.743602790869404340e-01	1.073697722888551503e-01	2.974070032046533529e-01	1.881626739383555069e-01	8.772461209356358092e-02	4.243853666708997940e-02	1.025371227201922059e-01
2.085078962085427065e+03	1.741284934120066186e-01	1.072062211590999736e-01	2.975566207254043416e-01	1.882610483437284488e-01	8.776986190440937141e-02	4.247152766921313827e-02	1.026062267857883459e-01
2.089916732299082469e+03	1.738980233264590114e-01	1.070435981575929008e-01	2.977054299363464662e-01	1.883588583277154838e-01	8.781486640567097435e-02	4.250431743471968365e-02	1.026749064111456278e-01
2.094754502512737417e+03	1.736688613501990719e-01	1.068818980080187553e-01	2.978534351897006438e-01	1.884561073382407803e-01	8.785962692740054147e-02	4.253690712861279977e-02	1.027431640574775762e-01
2.099592272726392821e+03	1.734410000456971801e-01	1.067211154640590465e-01	2.980006408155381759e-01	1.885527988004266353e-01	8.790414479276471849e-02	4.256929790923751067e-02	1.028110021719269018e-01
2.104430042940048224e+03	1.732144320177497199e-01	1.065612453092221606e-01	2.981470511218753949e-01	1.886489361167629220e-01	8.794842131807562025e-02	4.260149092831859441e-02	1.028784231876456873e-01
2.109267813153704083e+03	1.729891499132370225e-01	1.064022823566744963e-01	2.982926703947682556e-01	1.887445226672750942e-01	8.799245781282183376e-02	4.263348733099833754e-02	1.029454295238750594e-01
2.114105583367359031e+03	1.727651464208832810e-01	1.062442214490724179e-01	2.984375028984062594e-01	1.888395618096904982e-01	8.803625557969911586e-02	4.266528825587405371e-02	1.030120235860244315e-01
2.118943353581013525e+03	1.725424142710174080e-01	1.060870574583952092e-01	2.985815528752067127e-01	1.889340568796037401e-01	8.807981591464125737e-02	4.269689483503538718e-02	1.030782077657502738e-01
2.123781123794669384e+03	1.723209462353357257e-01	1.059307852857789278e-01	2.987248245459085405e-01	1.890280111906401939e-01	8.812314010685073917e-02	4.272830819410140812e-02	1.031439844410344531e-01
2.128618894008324787e+03	1.721007351266655994e-01	1.057753998613511215e-01	2.988673221096660448e-01	1.891214280346182885e-01	8.816622943882924945e-02	4.275952945225748592e-02	1.032093559762621571e-01
2.133456664221980191e+03	1.718817737987308747e-01	1.056208961440665561e-01	2.990090497441424411e-01	1.892143106817104625e-01	8.820908518640829810e-02	4.279055972229196120e-02	1.032743247222992905e-01
2.138294434435635139e+03	1.716640551459184538e-01	1.054672691215437358e-01	2.991500116056032832e-01	1.893066623806026194e-01	8.825170861877959516e-02	4.282140011063258894e-02	1.033388930165695385e-01
2.143132204649290543e+03	1.714475721030461752e-01	1.053145138099023798e-01	2.992902118290096114e-01	1.893984863586524181e-01	8.829410099852547100e-02	4.285205171738282887e-02	1.034030631831309027e-01
2.147969974862945492e+03	1.712323176451321927e-01	1.051626252536017742e-01	2.994296545281110999e-01	1.894897858220459530e-01	8.833626358164903269e-02	4.288251563635785135e-02	1.034668375327518347e-01
2.152807745076601350e+03	1.710182847871657419e-01	1.050115985252801226e-01	2.995683437955386497e-01	1.895805639559532962e-01	8.837819761760445925e-02	4.291279295512036990e-02	1.035302183629869671e-01
2.157645515290255844e+03	1.708054665838791286e-01	1.048614287255945354e-01	2.997062837028973692e-01	1.896708239246827077e-01	8.841990434932711640e-02	4.294288475501630009e-02	1.035932079582523591e-01
2.162483285503912157e+03	1.705938561295209377e-01	1.047121109830622260e-01	2.998434783008587790e-01	1.897605688718335126e-01	8.846138501326344938e-02	4.297279211121017573e-02	1.036558085899003390e-01
2.167321055717567106e+03	1.703834465576307966e-01	1.045636404539023456e-01	2.999799316192533483e-01	1.898498019204475640e-01	8.850264083940106996e-02	4.300251609272035674e-02	1.037180225162939173e-01
2.172158825931222509e+03	1.701742310408153325e-01	1.044160123218787761e-01	3.001156476671621998e-01	1.899385261731596775e-01	8.854367305129851040e-02	4.303205776245408454e-02	1.037798519828808524e-01
2.176996596144877003e+03	1.699662027905253781e-01	1.042692217981438241e-01	3.002506304330091469e-01	1.900267447123465958e-01	8.858448286611501910e-02	4.306141817724228743e-02	1.038412992222670916e-01
2.181834366358532861e+03	1.697593550568346210e-01	1.041232641210827620e-01	3.003848838846526204e-01	1.901144606002747872e-01	8.862507149464028677e-02	4.309059838787418495e-02	1.039023664542900460e-01
2.186672136572187810e+03	1.695536811282192802e-01	1.039781345561592435e-01	3.005184119694767064e-01	1.902016768792469670e-01	8.866544014132396456e-02	4.311959943913176718e-02	1.039630558860913101e-01
2.191509906785843214e+03	1.693491743313393916e-01	1.038338283957615515e-01	3.006512186144827958e-01	1.902883965717473980e-01	8.870559000430520979e-02	4.314842236982397577e-02	1.040233697121888956e-01
2.196347676999498617e+03	1.691458280308210382e-01	1.036903409590497066e-01	3.007833077263803445e-01	1.903746226805859698e-01	8.874552227544212080e-02	4.317706821282076696e-02	1.040833101145492573e-01
2.201185447213154021e+03	1.689436356290400509e-01	1.035476675918035050e-01	3.009146831916778564e-01	1.904603581890410846e-01	8.878523814034106065e-02	4.320553799508693171e-02	1.041428792626587496e-01
2.206023217426809424e+03	1.687425905659069025e-01	1.034058036662713065e-01	3.010453488767734220e-01	1.905456060610012936e-01	8.882473877838582832e-02	4.323383273771576329e-02	1.042020793135946949e-01
2.210860987640464373e+03	1.685426863186527402e-01	1.032647445810197379e-01	3.011753086280452019e-01	1.906303692411059347e-01	8.886402536276694075e-02	4.326195345596250963e-02	1.042609124120961461e-01
2.215698757854119776e+03	1.683439164016167500e-01	1.031244857607841875e-01	3.013045662719416318e-01	1.907146506548843268e-01	8.890309906051058197e-02	4.328990115927762450e-02	1.043193806906341364e-01
2.220536528067775180e+03	1.681462743660348536e-01	1.029850226563201604e-01	3.014331256150711291e-01	1.907984532088939089e-01	8.894196103250767704e-02	4.331767685133985912e-02	1.043774862694815675e-01
2.225374298281430583e+03	1.679497537998294321e-01	1.028463507442555075e-01	3.015609904442922984e-01	1.908817797908573533e-01	8.898061243354267458e-02	4.334528153008912477e-02	1.044352312567826957e-01
2.230212068495085077e+03	1.677543483274002711e-01	1.027084655269434044e-01	3.016881645268029710e-01	1.909646332697984561e-01	8.901905441232242644e-02	4.337271618775923043e-02	1.044926177486222574e-01
2.235049838708740936e+03	1.675600516094168657e-01	1.025713625323162043e-01	3.018146516102298005e-01	1.910470164961767803e-01	8.905728811150484536e-02	4.339998181091034996e-02	1.045496478290941639e-01
2.239887608922396339e+03	1.673668573426116968e-01	1.024350373137401377e-01	3.019404554227170800e-01	1.911289323020213538e-01	8.909531466772750707e-02	4.342707938046138499e-02	1.046063235703697941e-01
2.244725379136052197e+03	1.671747592595750065e-01	1.022994854498707751e-01	3.020655796730157272e-01	1.912103835010632025e-01	8.913313521163618303e-02	4.345400987172208518e-02	1.046626470327659542e-01
2.249563149349706237e+03	1.669837511285504339e-01	1.021647025445092671e-01	3.021900280505717129e-01	1.912913728888666620e-01	8.917075086791331762e-02	4.348077425442502947e-02	1.047186202648123926e-01
2.254400919563362095e+03	1.667938267532319552e-01	1.020306842264595559e-01	3.023138042256146574e-01	1.913719032429599676e-01	8.920816275530628336e-02	4.350737349275737159e-02	1.047742453033189691e-01
2.259238689777017044e+03	1.666049799725620451e-01	1.018974261493861971e-01	3.024369118492457598e-01	1.914519773229642619e-01	8.924537198665563609e-02	4.353380854539246753e-02	1.048295241734424205e-01
2.264076459990672902e+03	1.664172046605309763e-01	1.017649239916730980e-01	3.025593545535253948e-01	1.915315978707219369e-01	8.928237966892334232e-02	4.356008036552125318e-02	1.048844588887527240e-01
