1.001418434226643626e+03	2.785374217579077438e-01	1.814486962849132523e-01	2.349885292731151432e-01	1.408087561602629767e-01	6.700158840041151032e-02	2.790942170041502482e-02	6.930558642262901747e-02
1.003837319333471214e+03	2.780961043708093383e-01	1.811797265064844231e-01	2.352925536227952752e-01	1.409715515853806056e-01	6.707110681335180791e-02	2.796656113070213057e-02	6.942239597013104280e-02
1.006256204440298802e+03	2.776560737126265721e-01	1.809114913835489780e-01	2.355957349011464919e-01	1.411338259520426852e-01	6.714074740585816714e-02	2.802332480597036213e-02	6.953880183846131158e-02
1.008675089547126618e+03	2.772173265564261690e-01	1.806439889029720913e-01	2.358980754340683772e-01	1.412955871434481703e-01	6.721049494344599751e-02	2.807972224744824385e-02	6.965480477184546326e-02
1.011093974653954206e+03	2.767798596609004069e-01	1.803772170571435463e-01	2.361995775411329934e-01	1.414568426895101705e-01	6.728033489429537106e-02	2.813576255222387940e-02	6.977040560444815187e-02
1.013512859760782021e+03	2.763436697714537482e-01	1.801111738439624688e-01	2.365002435355976484e-01	1.416175997829560163e-01	6.735025339896025254e-02	2.819145441448566575e-02	6.988560525223873332e-02
1.015931744867609382e+03	2.759087536212411762e-01	1.798458572668224509e-01	2.368000757244180798e-01	1.417778652947247198e-01	6.742023724131636364e-02	2.824680614563115574e-02	7.000040470550053517e-02
1.018350629974437197e+03	2.754751079321601237e-01	1.795812653345963128e-01	2.370990764082618052e-01	1.419376457886914744e-01	6.749027382070243997e-02	2.830182569330842376e-02	7.011480502193387365e-02
1.020769515081264785e+03	2.750427294157978264e-01	1.793173960616211426e-01	2.373972478815215004e-01	1.420969475357468925e-01	6.756035112521011077e-02	2.835652065945015732e-02	7.022880732030684081e-02
1.023188400188092373e+03	2.746116147743360991e-01	1.790542474676832529e-01	2.376945924323286274e-01	1.422557765272582375e-01	6.763045770607975515e-02	2.841089831735723811e-02	7.034241277461129871e-02
1.025607285294920075e+03	2.741817607014155334e-01	1.787918175780034147e-01	2.379911123425670627e-01	1.424141384879383243e-01	6.770058265316013235e-02	2.846496562788505824e-02	7.045562260868494520e-02
1.028026170401747549e+03	2.737531638829607816e-01	1.785301044232218137e-01	2.382868098878870300e-01	1.425720388881472900e-01	6.777071557139152658e-02	2.851872925478269802e-02	7.056843809126331357e-02
1.030445055508575479e+03	2.733258209979679831e-01	1.782691060393832572e-01	2.385816873377189229e-01	1.427294829556512157e-01	6.784084655827282706e-02	2.857219557923204589e-02	7.068086053142821901e-02
1.032863940615402726e+03	2.728997287192568844e-01	1.780088204679222963e-01	2.388757469552873769e-01	1.428864756868602481e-01	6.791096618227469850e-02	2.862537071363118954e-02	7.079289127442178753e-02
1.035282825722230655e+03	2.724748837141884872e-01	1.777492457556484884e-01	2.391689909976255357e-01	1.430430218575688139e-01	6.798106546216162172e-02	2.867826051466376355e-02	7.090453169779778464e-02
1.037701710829058356e+03	2.720512826453501121e-01	1.774903799547316585e-01	2.394614217155890956e-01	1.431991260332187155e-01	6.805113584718752717e-02	2.873087059569350704e-02	7.101578320788383414e-02
1.040120595935886058e+03	2.716289221712089308e-01	1.772322211226871891e-01	2.397530413538708494e-01	1.433547925787059529e-01	6.812116919813024363e-02	2.878320633852091484e-02	7.112664723653033816e-02
1.042539481042713533e+03	2.712077989467354677e-01	1.769747673223613371e-01	2.400438521510149803e-01	1.435100256677504516e-01	6.819115776913160787e-02	2.883527290453685027e-02	7.123712523812372743e-02
1.044958366149541234e+03	2.707879096239986239e-01	1.767180166219166626e-01	2.403338563394314675e-01	1.436648292918474568e-01	6.826109419031088643e-02	2.888707524530581550e-02	7.134721868684348878e-02
1.047377251256368709e+03	2.703692508527330007e-01	1.764619670948173458e-01	2.406230561454109074e-01	1.438192072688189160e-01	6.833097145112064508e-02	2.893861811260973332e-02	7.145692907414379069e-02
1.049796136363196410e+03	2.699518192808800787e-01	1.762066168198147820e-01	2.409114537891388630e-01	1.439731632509820003e-01	6.840078288441506227e-02	2.898990606798139066e-02	7.156625790644217944e-02
1.052215021470024112e+03	2.695356115551040821e-01	1.759519638809328712e-01	2.411990514847107969e-01	1.441267007329509464e-01	6.847052215120155716e-02	2.904094349175488296e-02	7.167520670299916408e-02
1.054633906576851814e+03	2.691206243212840299e-01	1.756980063674538073e-01	2.414858514401466150e-01	1.442798230590888187e-01	6.854018322604830959e-02	2.909173459165894163e-02	7.178377699397375800e-02
1.057052791683679516e+03	2.687068542249826941e-01	1.754447423739034229e-01	2.417718558574055432e-01	1.444325334306235664e-01	6.860976038312041614e-02	2.914228341097752778e-02	7.189197031864105747e-02
1.059471676790506763e+03	2.682942979118935756e-01	1.751921700000368953e-01	2.420570669324010327e-01	1.445848349124437826e-01	6.867924818281910537e-02	2.919259383630065652e-02	7.199978822375918686e-02
1.061890561897334692e+03	2.678829520282666188e-01	1.749402873508243694e-01	2.423414868550156365e-01	1.447367304395874577e-01	6.874864145899904633e-02	2.924266960488716705e-02	7.210723226207389758e-02
1.064309447004162394e+03	2.674728132213143317e-01	1.746890925364367742e-01	2.426251178091158311e-01	1.448882228234376346e-01	6.881793530673981085e-02	2.929251431165990141e-02	7.221430399094989905e-02
1.066728332110990095e+03	2.670638781395982542e-01	1.744385836722312511e-01	2.429079619725670880e-01	1.450393147576374830e-01	6.888712507064842505e-02	2.934213141585261322e-02	7.232100497111899895e-02
1.069147217217817570e+03	2.666561434333971636e-01	1.741887588787371932e-01	2.431900215172488888e-01	1.451900088237373376e-01	6.895620633367086083e-02	2.939152424732687993e-02	7.242733676553574085e-02
1.071566102324645271e+03	2.662496057550577944e-01	1.739396162816419511e-01	2.434712986090697140e-01	1.453403074965850250e-01	6.902517490639122066e-02	2.944069601257622362e-02	7.253330093833214309e-02
1.073984987431472746e+03	2.658442617593285151e-01	1.736911540117766495e-01	2.437517954079820859e-01	1.454902131494714423e-01	6.909402681679809033e-02	2.948964980043372944e-02	7.263889905386351764e-02
1.076403872538300675e+03	2.654401081036774079e-01	1.734433702051020876e-01	2.440315140679976402e-01	1.456397280590415733e-01	6.916275830049835316e-02	2.953838858749854510e-02	7.274413267583837439e-02
1.078822757645127922e+03	2.650371414485945265e-01	1.731962630026946393e-01	2.443104567372023084e-01	1.457888544099815165e-01	6.923136579135960589e-02	2.958691524329581241e-02	7.284900336652552766e-02
1.081241642751955851e+03	2.646353584578797213e-01	1.729498305507322087e-01	2.445886255577713608e-01	1.459375942994915742e-01	6.929984591256299620e-02	2.963523253518374201e-02	7.295351268603225692e-02
1.083660527858783553e+03	2.642347557989164764e-01	1.727040710004802693e-01	2.448660226659845895e-01	1.460859497415545327e-01	6.936819546804906533e-02	2.968334313302087302e-02	7.305766219164804010e-02
1.086079412965611255e+03	2.638353301429321451e-01	1.724589825082777916e-01	2.451426501922414347e-01	1.462339226710084872e-01	6.943641143433981755e-02	2.973124961360572305e-02	7.316145343724840544e-02
1.088498298072438729e+03	2.634370781652458082e-01	1.722145632355234768e-01	2.454185102610760560e-01	1.463815149474327615e-01	6.950449095272100142e-02	2.977895446490057274e-02	7.326488797275416964e-02
1.090917183179266431e+03	2.630399965455032518e-01	1.719708113486616563e-01	2.456936049911725983e-01	1.465287283588552758e-01	6.957243132176917089e-02	2.982646009005025106e-02	7.336796734364156580e-02
1.093336068286093905e+03	2.626440819679010108e-01	1.717277250191685534e-01	2.459679364953804570e-01	1.466755646252893286e-01	6.964022999020869076e-02	2.987376881120641994e-02	7.347069309049933383e-02
1.095754953392921607e+03	2.622493311213985323e-01	1.714853024235384327e-01	2.462415068807291274e-01	1.468220254021072313e-01	6.970788455008457285e-02	2.992088287316718720e-02	7.357306674862865159e-02
1.098173838499749309e+03	2.618557406999204029e-01	1.712435417432698892e-01	2.465143182484436923e-01	1.469681122832581510e-01	6.977539273023743160e-02	2.996780444684132849e-02	7.367508984768278424e-02
1.100592723606577010e+03	2.614633074025475845e-01	1.710024411648519704e-01	2.467863726939598934e-01	1.471138268043374331e-01	6.984275239006770830e-02	3.001453563254601747e-02	7.377676391134305178e-02
1.103011608713404712e+03	2.610720279336996574e-01	1.707619988797506039e-01	2.470576723069392022e-01	1.472591704455134265e-01	6.990996151357632693e-02	3.006107846314636650e-02	7.387809045702803390e-02
1.105430493820231959e+03	2.606818990033072381e-01	1.705222130843948580e-01	2.473282191712840861e-01	1.474041446343188344e-01	6.997701820367026315e-02	3.010743490704471947e-02	7.397907099563361122e-02
1.107849378927059888e+03	2.602929173269757923e-01	1.702830819801632867e-01	2.475980153651531623e-01	1.475487507483120020e-01	7.004392067672099431e-02	3.015360687102724285e-02	7.407970703130109524e-02
1.110268264033887590e+03	2.599050796261408447e-01	1.700446037733703286e-01	2.478670629609763532e-01	1.476929901176147475e-01	7.011066725736529726e-02	3.019959620297482314e-02	7.418000006121110157e-02
1.112687149140715292e+03	2.595183826282153050e-01	1.698067766752529018e-01	2.481353640254699289e-01	1.478368640273315104e-01	7.017725637353748602e-02	3.024540469444513685e-02	7.427995157540120963e-02
1.115106034247542766e+03	2.591328230667285792e-01	1.695695989019566641e-01	2.484029206196517181e-01	1.479803737198557290e-01	7.024368655172326392e-02	3.029103408313219004e-02	7.437956305660527179e-02
1.117524919354370468e+03	2.587483976814589082e-01	1.693330686745226632e-01	2.486697347988562901e-01	1.481235203970681369e-01	7.030995641242530902e-02	3.033648605520940580e-02	7.447883598011266482e-02
1.119943804461197942e+03	2.583651032185582119e-01	1.690971842188738195e-01	2.489358086127499148e-01	1.482663052224321709e-01	7.037606466583140596e-02	3.038176224756204691e-02	7.457777181364580454e-02
1.122362689568025871e+03	2.579829364306701067e-01	1.688619437658015199e-01	2.492011441053458287e-01	1.484087293229909288e-01	7.044201010767625615e-02	3.042686424991434060e-02	7.467637201725436935e-02
1.124781574674853118e+03	2.576018940770420373e-01	1.686273455509524066e-01	2.494657433150190839e-01	1.485507937912700360e-01	7.050779161528844541e-02	3.047179360685657590e-02	7.477463804322473373e-02
1.127200459781681047e+03	2.572219729236307484e-01	1.683933878148147767e-01	2.497296082745218138e-01	1.486924996870910565e-01	7.057340814381439509e-02	3.051655181977697140e-02	7.487257133600354331e-02
1.129619344888508749e+03	2.568431697432021488e-01	1.681600688027054535e-01	2.499927410109981651e-01	1.488338480392989716e-01	7.063885872261159438e-02	3.056114034870305307e-02	7.497017333213393253e-02
1.132038229995336451e+03	2.564654813154254587e-01	1.679273867647564089e-01	2.502551435459993701e-01	1.489748398474081137e-01	7.070414245180353663e-02	3.060556061405689948e-02	7.506744546020358011e-02
1.134457115102163925e+03	2.560889044269619164e-01	1.676953399559017177e-01	2.505168178954986224e-01	1.491154760831699122e-01	7.076925849898939302e-02	3.064981399832848383e-02	7.516438914080331157e-02
1.136876000208991627e+03	2.557134358715488776e-01	1.674639266358640965e-01	2.507777660699062605e-01	1.492557576920661155e-01	7.083420609610141527e-02	3.069390184767105401e-02	7.526100578649552730e-02
1.139294885315819101e+03	2.553390724500783082e-01	1.672331450691419974e-01	2.510379900740845605e-01	1.493956855947309592e-01	7.089898453640358644e-02	3.073782547342237756e-02	7.535729680179155399e-02
1.141713770422646803e+03	2.549658109706710585e-01	1.670029935249963404e-01	2.512974919073628355e-01	1.495352606883053881e-01	7.096359317162537206e-02	3.078158615355539030e-02	7.545326358313694803e-02
1.144132655529474505e+03	2.545936482487467512e-01	1.667734702774375244e-01	2.515562735635520353e-01	1.496744838477264417e-01	7.102803140922440972e-02	3.082518513406167990e-02	7.554890751890436240e-02
1.146551540636302207e+03	2.542225811070893959e-01	1.665445736052122427e-01	2.518143370309601226e-01	1.498133559269548276e-01	7.109229870977262777e-02	3.086862363027105538e-02	7.564422998939292209e-02
1.148970425743129908e+03	2.538526063759085072e-01	1.663163017917906050e-01	2.520716842924065060e-01	1.499518777601433206e-01	7.115639458446007537e-02	3.091190282811024162e-02	7.573923236683387239e-02
1.151389310849957155e+03	2.534837208928971686e-01	1.660886531253531195e-01	2.523283173252370282e-01	1.500900501627490946e-01	7.122031859271141241e-02	3.095502388530364454e-02	7.583391601540162563e-02
1.153808195956785084e+03	2.531159215032856014e-01	1.658616258987776482e-01	2.525842381013388982e-01	1.502278739325920154e-01	7.128407033990998010e-02	3.099798793251896945e-02	7.592828229122991490e-02
1.156227081063612786e+03	2.527492050598919571e-01	1.656352184096266666e-01	2.528394485871552355e-01	1.503653498508617792e-01	7.134764947522471978e-02	3.104079607446029801e-02	7.602233254243234706e-02
1.158645966170440488e+03	2.523835684231689469e-01	1.654094289601343026e-01	2.530939507437000580e-01	1.505024786830760908e-01	7.141105568953519389e-02	3.108344939091117060e-02	7.611606810912723009e-02
1.161064851277267962e+03	2.520190084612481396e-01	1.651842558571934849e-01	2.533477465265729367e-01	1.506392611799920178e-01	7.147428871345055945e-02	3.112594893773003302e-02	7.620949032346593932e-02
1.163483736384095664e+03	2.516555220499803736e-01	1.649596974123431758e-01	2.536008378859735402e-01	1.507756980784728806e-01	7.153734831541810890e-02	3.116829574780033071e-02	7.630260050966472529e-02
1.165902621490923138e+03	2.512931060729740040e-01	1.647357519417556315e-01	2.538532267667165110e-01	1.509117901023126207e-01	7.160023429991756172e-02	3.121049083193736667e-02	7.639539998403942211e-02
1.168321506597751068e+03	2.509317574216299307e-01	1.645124177662235510e-01	2.541049151082461210e-01	1.510475379630194515e-01	7.166294650573705460e-02	3.125253517975405682e-02	7.648789005504291749e-02
1.170740391704578315e+03	2.505714729951739050e-01	1.642896932111475028e-01	2.543559048446507598e-01	1.511829423605610956e-01	7.172548480432738849e-02	3.129442976048740083e-02	7.658007202330495422e-02
1.173159276811406244e+03	2.502122497006866175e-01	1.640675766065232688e-01	2.546061979046775892e-01	1.513180039840728297e-01	7.178784909823085481e-02	3.133617552378767379e-02	7.667194718167413825e-02
1.175578161918233945e+03	2.498540844531311478e-01	1.638460662869291040e-01	2.548557962117471432e-01	1.514527235125304183e-01	7.185003931958143519e-02	3.137777340047197966e-02	7.676351681526172310e-02
1.177997047025061647e+03	2.494969741753782499e-01	1.636251605915132468e-01	2.551047016839677606e-01	1.515871016153894912e-01	7.191205542867309952e-02	3.141922430324389781e-02	7.685478220148724005e-02
1.180415932131889122e+03	2.491409157982292510e-01	1.634048578639813176e-01	2.553529162341500180e-01	1.517211389531928634e-01	7.197389741259317686e-02	3.146052912738081520e-02	7.694574461012551603e-02
1.182834817238716823e+03	2.487859062604370619e-01	1.631851564525838016e-01	2.556004417698214959e-01	1.518548361781472955e-01	7.203556528391788505e-02	3.150168875139047753e-02	7.703640530335495451e-02
1.185253702345544298e+03	2.484319425087251898e-01	1.629660547101035861e-01	2.558472801932407670e-01	1.519881939346711119e-01	7.209705907946713233e-02	3.154270403763813346e-02	7.712676553580700978e-02
1.187672587452371999e+03	2.480790214978046138e-01	1.627475509938434706e-01	2.560934334014122737e-01	1.521212128599140623e-01	7.215837885911614846e-02	3.158357583294576360e-02	7.721682655461666045e-02
1.190091472559199701e+03	2.477271401903890224e-01	1.625296436656137322e-01	2.563389032861002614e-01	1.522538935842506491e-01	7.221952470466111440e-02	3.162430496916460165e-02	7.730658959947361852e-02
1.192510357666027403e+03	2.473762955572083033e-01	1.623123310917198026e-01	2.565836917338433776e-01	1.523862367317482536e-01	7.228049671873662541e-02	3.166489226372221077e-02	7.739605590267438495e-02
1.194929242772855105e+03	2.470264845770204776e-01	1.620956116429498606e-01	2.568278006259689938e-01	1.525182429206111134e-01	7.234129502378239263e-02	3.170533852014539855e-02	7.748522668917474931e-02
1.197348127879682352e+03	2.466777042366217476e-01	1.618794836945625371e-01	2.570712318386072504e-01	1.526499127636013475e-01	7.240191976105721239e-02	3.174564452855993535e-02	7.757410317664295563e-02
1.199767012986510281e+03	2.463299515308554621e-01	1.616639456262745911e-01	2.573139872427054331e-01	1.527812468684382197e-01	7.246237108969789953e-02	3.178581106616829022e-02	7.766268657551304855e-02
1.202185898093337983e+03	2.459832234626192216e-01	1.614489958222487809e-01	2.575560687040422958e-01	1.529122458381763083e-01	7.252264918582125575e-02	3.182583889770634888e-02	7.775097808903873309e-02
1.204604783200165684e+03	2.456375170428710120e-01	1.612346326710814570e-01	2.577974780832419932e-01	1.530429102715639422e-01	7.258275424166710232e-02	3.186572877588006447e-02	7.783897891334734531e-02
1.207023668306993159e+03	2.452928292906338403e-01	1.610208545657905443e-01	2.580382172357883475e-01	1.531732407633826787e-01	7.264268646478046210e-02	3.190548144178307483e-02	7.792669023749397572e-02
1.209442553413820860e+03	2.449491572329990097e-01	1.608076599038033294e-01	2.582782880120390034e-01	1.533032379047686855e-01	7.270244607723126695e-02	3.194509762529600810e-02	7.801411324351570364e-02
1.211861438520648335e+03	2.446064979051285337e-01	1.605950470869443036e-01	2.585176922572391955e-01	1.534329022835168588e-01	7.276203331486975900e-02	3.198457804546847583e-02	7.810124910648585939e-02
1.214280323627476264e+03	2.442648483502561918e-01	1.603830145214231173e-01	2.587564318115363471e-01	1.535622344843686482e-01	7.282144842661601725e-02	3.202392341088444727e-02	7.818809899456828638e-02
1.216699208734303511e+03	2.439242056196875008e-01	1.601715606178225615e-01	2.589945085099933930e-01	1.536912350892841173e-01	7.288069167378213864e-02	3.206313442001183789e-02	7.827466406907143681e-02
1.219118093841131440e+03	2.435845667727989661e-01	1.599606837910865220e-01	2.592319241826033238e-01	1.538199046776992651e-01	7.293976332942544993e-02	3.210221176153699174e-02	7.836094548450246722e-02
1.221536978947959142e+03	2.432459288770359163e-01	1.597503824605080169e-01	2.594686806543027302e-01	1.539482438267690267e-01	7.299866367773148734e-02	3.214115611468477268e-02	7.844694438862107044e-02
1.223955864054786844e+03	2.429082890079097001e-01	1.595406550497171227e-01	2.597047797449859030e-01	1.540762531115968115e-01	7.305739301342534242e-02	3.217996814952495122e-02	7.853266192249318267e-02
1.226374749161614318e+03	2.425716442489939673e-01	1.593314999866692339e-01	2.599402232695187109e-01	1.542039331054512186e-01	7.311595164121006962e-02	3.221864852726544909e-02	7.861809922054441291e-02
1.228793634268442020e+03	2.422359916919201162e-01	1.591229157036330999e-01	2.601750130377521453e-01	1.543312843799703737e-01	7.317433987523093430e-02	3.225719790053310776e-02	7.870325741061327818e-02
1.231212519375269494e+03	2.419013284363718819e-01	1.589149006371789463e-01	2.604091508545364753e-01	1.544583075053547749e-01	7.323255803856437707e-02	3.229561691364252196e-02	7.878813761400407789e-02
1.233631404482097196e+03	2.415676515900791743e-01	1.587074532281666783e-01	2.606426385197347373e-01	1.545850030505487582e-01	7.329060646273057034e-02	3.233390620285348654e-02	7.887274094553956005e-02
1.236050289588924898e+03	2.412349582688112781e-01	1.585005719217340847e-01	2.608754778282367792e-01	1.547113715834117220e-01	7.334848548722834594e-02	3.237206639661757701e-02	7.895706851361312950e-02
1.238469174695752372e+03	2.409032455963692754e-01	1.582942551672851528e-01	2.611076705699725276e-01	1.548374136708789151e-01	7.340619545909179977e-02	3.241009811581436334e-02	7.904112142024088961e-02
1.240888059802580301e+03	2.405725107045778022e-01	1.580885014184781889e-01	2.613392185299259762e-01	1.549631298791129264e-01	7.346373673246717195e-02	3.244800197397770813e-02	7.912490076111315662e-02
1.243306944909407548e+03	2.402427507332762779e-01	1.578833091332143002e-01	2.615701234881485648e-01	1.550885207736458771e-01	7.352110966820954441e-02	3.248577857751265563e-02	7.920840762564568260e-02
1.245725830016235477e+03	2.399139628303094962e-01	1.576786767736256256e-01	2.618003872197729454e-01	1.552135869195130358e-01	7.357831463349795431e-02	3.252342852590326544e-02	7.929164309703054525e-02
1.248144715123063179e+03	2.395861441515176327e-01	1.574746028060637348e-01	2.620300114950264714e-01	1.553383288813780239e-01	7.363535200146859028e-02	3.256095241191182821e-02	7.937460825228652428e-02
1.250563600229890881e+03	2.392592918607258368e-01	1.572710857010880259e-01	2.622589980792446873e-01	1.554627472236503605e-01	7.369222215086486394e-02	3.259835082176990029e-02	7.945730416230913085e-02
1.252982485336718355e+03	2.389334031297329630e-01	1.570681239334542900e-01	2.624873487328847066e-01	1.555868425105952912e-01	7.374892546570377405e-02	3.263562433536144891e-02	7.953973189192024840e-02
1.255401370443546057e+03	2.386084751383003300e-01	1.568657159821028602e-01	2.627150652115389784e-01	1.557106153064367615e-01	7.380546233495779984e-02	3.267277352639852417e-02	7.962189249991738493e-02
1.257820255550373531e+03	2.382845050741397019e-01	1.566638603301474530e-01	2.629421492659483883e-01	1.558340661754533396e-01	7.386183315225157420e-02	3.270979896258976310e-02	7.970378703912234242e-02
1.260239140657201460e+03	2.379614901329008270e-01	1.564625554648635952e-01	2.631686026420157476e-01	1.559571956820679506e-01	7.391803831557269833e-02	3.274670120580205901e-02	7.978541655642967800e-02
1.262658025764028707e+03	2.376394275181587246e-01	1.562617998776770767e-01	2.633944270808190602e-01	1.560800043909313928e-01	7.397407822699607338e-02	3.278348081221570814e-02	7.986678209285456853e-02
1.265076910870856636e+03	2.373183144414004464e-01	1.560615920641526544e-01	2.636196243186248456e-01	1.562024928669999702e-01	7.402995329242108291e-02	3.282013833247331147e-02	7.994788468358032807e-02
1.267495795977684338e+03	2.369981481220115038e-01	1.558619305239826447e-01	2.638441960869015168e-01	1.563246616756077956e-01	7.408566392132104328e-02	3.285667431182273668e-02	8.002872535800543974e-02
1.269914681084511813e+03	2.366789257872619068e-01	1.556628137609756268e-01	2.640681441123324813e-01	1.564465113825335707e-01	7.414121052650446408e-02	3.289308929025436257e-02	8.010930513979021284e-02
1.272333566191339514e+03	2.363606446722921473e-01	1.554642402830450354e-01	2.642914701168294078e-01	1.565680425540626752e-01	7.419659352388743856e-02	3.292938380263292497e-02	8.018962504690292648e-02
1.274752451298167216e+03	2.360433020200983778e-01	1.552662086021979471e-01	2.645141758175456048e-01	1.566892557570442324e-01	7.425181333227670599e-02	3.296555837882413076e-02	8.026968609166561242e-02
1.277171336404994690e+03	2.357268950815176456e-01	1.550687172345238951e-01	2.647362629268885104e-01	1.568101515589439832e-01	7.430687037316295596e-02	3.300161354381633827e-02	8.034948928079933828e-02
1.279590221511822392e+03	2.354114211152127933e-01	1.548717647001834619e-01	2.649577331525334589e-01	1.569307305278925535e-01	7.436176507052388862e-02	3.303754981783749156e-02	8.042903561546908831e-02
1.282009106618650094e+03	2.350968773876568885e-01	1.546753495233973430e-01	2.651785881974363379e-01	1.570509932327299463e-01	7.441649785063648992e-02	3.307336771646749579e-02	8.050832609132825557e-02
1.284427991725477568e+03	2.347832611731177632e-01	1.544794702324349400e-01	2.653988297598468549e-01	1.571709402430460367e-01	7.447106914189827176e-02	3.310906775074630437e-02	8.058736169856259290e-02
1.286846876832305497e+03	2.344705697536419442e-01	1.542841253596034246e-01	2.656184595333213605e-01	1.572905721292174597e-01	7.452547937465683892e-02	3.314465042727784971e-02	8.066614342193385856e-02
1.289265761939132744e+03	2.341588004190385541e-01	1.540893134412365251e-01	2.658374792067358938e-01	1.574098894624410827e-01	7.457972898104764381e-02	3.318011624833002576e-02	8.074467224082292061e-02
1.291684647045960673e+03	2.338479504668631026e-01	1.538950330176835080e-01	2.660558904642990607e-01	1.575288928147640377e-01	7.463381839483942959e-02	3.321546571193084718e-02	8.082294912927252828e-02
1.294103532152788375e+03	2.335380172024006662e-01	1.537012826332982141e-01	2.662736949855650792e-01	1.576475827591108658e-01	7.468774805128700067e-02	3.325069931196106970e-02	8.090097505602956984e-02
1.296522417259616077e+03	2.332289979386494017e-01	1.535080608364279287e-01	2.664908944454462136e-01	1.577659598693075538e-01	7.474151838699101547e-02	3.328581753824326472e-02	8.097875098458706677e-02
1.298941302366443551e+03	2.329208899963034762e-01	1.533153661794024458e-01	2.667074905142259866e-01	1.578840247201027391e-01	7.479512983976445428e-02	3.332082087662767422e-02	8.105627787322557121e-02
1.301360187473271253e+03	2.326136907037360257e-01	1.531231972185232160e-01	2.669234848575719465e-01	1.580017778871865286e-01	7.484858284850554044e-02	3.335570980907483912e-02	8.113355667505425806e-02
1.303779072580098727e+03	2.323073973969818629e-01	1.529315525140522714e-01	2.671388791365481019e-01	1.581192199472065130e-01	7.490187785307672597e-02	3.339048481373525779e-02	8.121058833805160082e-02
1.306197957686926657e+03	2.320020074197202131e-01	1.527404306302014569e-01	2.673536750076278556e-01	1.582363514777815339e-01	7.495501529418947817e-02	3.342514636502609549e-02	8.128737380510560329e-02
1.308616842793753904e+03	2.316975181232570347e-01	1.525498301351215780e-01	2.675678741227068835e-01	1.583531730575132301e-01	7.500799561329463128e-02	3.345969493370519465e-02	8.136391401405369816e-02
1.311035727900581833e+03	2.313939268665073379e-01	1.523597496008915475e-01	2.677814781291153468e-01	1.584696852659954747e-01	7.506081925247802544e-02	3.349413098694238589e-02	8.144020989772213226e-02
1.313454613007409534e+03	2.310912310159774774e-01	1.521701876035075618e-01	2.679944886696307704e-01	1.585858886838217574e-01	7.511348665436126670e-02	3.352845498838829402e-02	8.151626238396512958e-02
1.315873498114237009e+03	2.307894279457472220e-01	1.519811427228723866e-01	2.682069073824905336e-01	1.587017838925906255e-01	7.516599826200723311e-02	3.356266739824070172e-02	8.159207239570349934e-02
1.318292383221064711e+03	2.304885150374517411e-01	1.517926135427846712e-01	2.684187359014045260e-01	1.588173714749095133e-01	7.521835451883018830e-02	3.359676867330864403e-02	8.166764085096292480e-02
1.320711268327892412e+03	2.301884896802633973e-01	1.516045986509280963e-01	2.686299758555674155e-01	1.589326520143967691e-01	7.527055586851034985e-02	3.363075926707421309e-02	8.174296866291191899e-02
1.323130153434719887e+03	2.298893492708736774e-01	1.514170966388607986e-01	2.688406288696714719e-01	1.590476260956820154e-01	7.532260275491252377e-02	3.366463962975230900e-02	8.181805673989935024e-02
1.325549038541547588e+03	2.295910912134747905e-01	1.512301061020047410e-01	2.690506965639187231e-01	1.591622943044050664e-01	7.537449562200894404e-02	3.369841020834830891e-02	8.189290598549156530e-02
1.327967923648375290e+03	2.292937129197412938e-01	1.510436256396349985e-01	2.692601805540334459e-01	1.592766572272136250e-01	7.542623491380570644e-02	3.373207144671382801e-02	8.196751729850923485e-02
1.330386808755202765e+03	2.289972118088117181e-01	1.508576538548693224e-01	2.694690824512745442e-01	1.593907154517592850e-01	7.547782107427294940e-02	3.376562378560057920e-02	8.204189157306374103e-02
1.332805693862030694e+03	2.287015853072698890e-01	1.506721893546573987e-01	2.696774038624478176e-01	1.595044695666926748e-01	7.552925454727851817e-02	3.379906766271248419e-02	8.211602969859323198e-02
1.335224578968857941e+03	2.284068308491266075e-01	1.504872307497704953e-01	2.698851463899185066e-01	1.596179201616570176e-01	7.558053577652486255e-02	3.383240351275605684e-02	8.218993255989839875e-02
1.337643464075685870e+03	2.281129458758006379e-01	1.503027766547908872e-01	2.700923116316233386e-01	1.597310678272809981e-01	7.563166520548919580e-02	3.386563176748914883e-02	8.226360103717776651e-02
1.340062349182513572e+03	2.278199278361002778e-01	1.501188256881012817e-01	2.702989011810827957e-01	1.598439131551701864e-01	7.568264327736660968e-02	3.389875285576812031e-02	8.233703600606273598e-02
1.342481234289341273e+03	2.275277741862045122e-01	1.499353764718745485e-01	2.705049166274132166e-01	1.599564567378978786e-01	7.573347043501600651e-02	3.393176720359356024e-02	8.241023833765223627e-02
1.344900119396168748e+03	2.272364823896442509e-01	1.497524276320632564e-01	2.707103595553393416e-01	1.600686991689946326e-01	7.578414712090893179e-02	3.396467523415449413e-02	8.248320889854703075e-02
1.347319004502996449e+03	2.269460499172834544e-01	1.495699777983892087e-01	2.709152315452060811e-01	1.601806410429373606e-01	7.583467377708086321e-02	3.399747736787125940e-02	8.255594855088371764e-02
1.349737889609823924e+03	2.266564742473003158e-01	1.493880256043331189e-01	2.711195341729907282e-01	1.602922829551373107e-01	7.588505084508502530e-02	3.403017402243702777e-02	8.262845815236838365e-02
1.352156774716651853e+03	2.263677528651682480e-01	1.492065696871244240e-01	2.713232690103151712e-01	1.604036255019273549e-01	7.593527876594870218e-02	3.406276561285809940e-02	8.270073855630992454e-02
1.354575659823479100e+03	2.260798832636370381e-01	1.490256086877306818e-01	2.715264376244577171e-01	1.605146692805487496e-01	7.598535798013167364e-02	3.409525255149295497e-02	8.277279061165306040e-02
1.356994544930307029e+03	2.257928629427139178e-01	1.488451412508476346e-01	2.717290415783652491e-01	1.606254148891371192e-01	7.603528892748688539e-02	3.412763524809011434e-02	8.284461516301094841e-02
1.359413430037134731e+03	2.255066894096444952e-01	1.486651660248887730e-01	2.719310824306651053e-01	1.607358629267077177e-01	7.608507204722320116e-02	3.415991410982496118e-02	8.291621305069758752e-02
1.361832315143962205e+03	2.252213601788938258e-01	1.484856816619751219e-01	2.721325617356770699e-01	1.608460139931404409e-01	7.613470777787002819e-02	3.419208954133539508e-02	8.298758511075986222e-02
1.364251200250789907e+03	2.249368727721273720e-01	1.483066868179251374e-01	2.723334810434253628e-01	1.609558686891640611e-01	7.618419655724396888e-02	3.422416194475652595e-02	8.305873217500923944e-02
1.366670085357617609e+03	2.246532247181920461e-01	1.481281801522444930e-01	2.725338418996503531e-01	1.610654276163401288e-01	7.623353882241709623e-02	3.425613171975434162e-02	8.312965507105321561e-02
1.369088970464445310e+03	2.243704135530969201e-01	1.479501603281159483e-01	2.727336458458204937e-01	1.611746913770462364e-01	7.628273500968713039e-02	3.428799926355844546e-02	8.320035462232644452e-02
1.371507855571272785e+03	2.240884368199945187e-01	1.477726260123892466e-01	2.729328944191441453e-01	1.612836605744592255e-01	7.633178555454901704e-02	3.431976497099389206e-02	8.327083164812151828e-02
1.373926740678100487e+03	2.238072920691616396e-01	1.475955758755710945e-01	2.731315891525812334e-01	1.613923358125376739e-01	7.638069089166825421e-02	3.435142923451212082e-02	8.334108696361954005e-02
1.376345625784927961e+03	2.235269768579802030e-01	1.474190085918150595e-01	2.733297315748551282e-01	1.615007176960041591e-01	7.642945145485555147e-02	3.438299244422107770e-02	8.341112137992030828e-02
1.378764510891755890e+03	2.232474887509183492e-01	1.472429228389115219e-01	2.735273232104643570e-01	1.616088068303273562e-01	7.647806767704307118e-02	3.441445498791449731e-02	8.348093570407226494e-02
1.381183395998583137e+03	2.229688253195112879e-01	1.470673172982777666e-01	2.737243655796943731e-01	1.617166038217035806e-01	7.652653999026180764e-02	3.444581725110045650e-02	8.355053073910216621e-02
1.383602281105411066e+03	2.226909841423423408e-01	1.468921906549479350e-01	2.739208601986287683e-01	1.618241092770383582e-01	7.657486882562038188e-02	3.447707961702913687e-02	8.361990728404443407e-02
1.386021166212238768e+03	2.224139628050238737e-01	1.467175415975632002e-01	2.741168085791614861e-01	1.619313238039275793e-01	7.662305461328509926e-02	3.450824246671991419e-02	8.368906613397024408e-02
1.388440051319066470e+03	2.221377589001782005e-01	1.465433688183616912e-01	2.743122122290079790e-01	1.620382480106384582e-01	7.667109778246099239e-02	3.453930617898773314e-02	8.375800808001632181e-02
1.390858936425893944e+03	2.218623700274186816e-01	1.463696710131687506e-01	2.745070726517169213e-01	1.621448825060904653e-01	7.671899876137415475e-02	3.457027113046880901e-02	8.382673390941353109e-02
1.393277821532721646e+03	2.215877937933307118e-01	1.461964468813869988e-01	2.747013913466817558e-01	1.622512278998358981e-01	7.676675797725505956e-02	3.460113769564574643e-02	8.389524440551511530e-02
1.395696706639549120e+03	2.213140278114526238e-01	1.460236951259866189e-01	2.748951698091521845e-01	1.623572848020403969e-01	7.681437585632289178e-02	3.463190624687195740e-02	8.396354034782463338e-02
1.398115591746377049e+03	2.210410697022568149e-01	1.458514144534953927e-01	2.750884095302453813e-01	1.624630538234634880e-01	7.686185282377079597e-02	3.466257715439560044e-02	8.403162251202378474e-02
1.400534476853204296e+03	2.207689170931307621e-01	1.456796035739890138e-01	2.752811119969579279e-01	1.625685355754387107e-01	7.690918930375213736e-02	3.469315078638285366e-02	8.409949166999983183e-02
1.402953361960032225e+03	2.204975676183580369e-01	1.455082612010813459e-01	2.754732786921766929e-01	1.626737306698539942e-01	7.695638571936756767e-02	3.472362750894071592e-02	8.416714858987284220e-02
1.405372247066859927e+03	2.202270189190994598e-01	1.453373860519147076e-01	2.756649110946905457e-01	1.627786397191316736e-01	7.700344249265295149e-02	3.475400768613920444e-02	8.423459403602262530e-02
1.407791132173687402e+03	2.199572686433741431e-01	1.451669768471501865e-01	2.758560106792014022e-01	1.628832633362087279e-01	7.705036004456806975e-02	3.478429168003314975e-02	8.430182876911541945e-02
1.410210017280515103e+03	2.196883144460406723e-01	1.449970323109578685e-01	2.760465789163359385e-01	1.629876021345167958e-01	7.709713879498604483e-02	3.481447985068338719e-02	8.436885354613041232e-02
1.412628902387342805e+03	2.194201539887782049e-01	1.448275511710073182e-01	2.762366172726563596e-01	1.630916567279622198e-01	7.714377916268358448e-02	3.484457255617758736e-02	8.443566912038587280e-02
1.415047787494170507e+03	2.191527849400676520e-01	1.446585321584579198e-01	2.764261272106719458e-01	1.631954277309061174e-01	7.719028156533179474e-02	3.487457015265055249e-02	8.450227624156515793e-02
1.417466672600997981e+03	2.188862049751728878e-01	1.444899740079493011e-01	2.766151101888502106e-01	1.632989157581444251e-01	7.723664641948774223e-02	3.490447299430411709e-02	8.456867565574241463e-02
1.419885557707825683e+03	2.186204117761219867e-01	1.443218754575917584e-01	2.768035676616281693e-01	1.634021214248879417e-01	7.728287414058658544e-02	3.493428143342659081e-02	8.463486810540807315e-02
1.422304442814653157e+03	2.183554030316884054e-01	1.441542352489566803e-01	2.769915010794232746e-01	1.635050453467424836e-01	7.732896514293428891e-02	3.496399582041185422e-02	8.470085432949410464e-02
1.424723327921481086e+03	2.180911764373723305e-01	1.439870521270671389e-01	2.771789118886446857e-01	1.636076881396889282e-01	7.737491983970092024e-02	3.499361650377801058e-02	8.476663506339901510e-02
1.427142213028308333e+03	2.178277296953819997e-01	1.438203248403883416e-01	2.773658015317043701e-01	1.637100504200635076e-01	7.742073864291453000e-02	3.502314383018566984e-02	8.483221103901261717e-02
1.429561098135136262e+03	2.175650605146149663e-01	1.436540521408181670e-01	2.775521714470280399e-01	1.638121328045379632e-01	7.746642196345543407e-02	3.505257814445588566e-02	8.489758298474060771e-02
1.431979983241963964e+03	2.173031666106395310e-01	1.434882327836777549e-01	2.777380230690662533e-01	1.639139359100998672e-01	7.751197021105107887e-02	3.508191978958771079e-02	8.496275162552885396e-02
1.434398868348791666e+03	2.170420457056761177e-01	1.433228655277020980e-01	2.779233578283053507e-01	1.640154603540330824e-01	7.755738379427133677e-02	3.511116910677544722e-02	8.502771768288752696e-02
1.436817753455619140e+03	2.167816955285787051e-01	1.431579491350307154e-01	2.781081771512786127e-01	1.641167067538981394e-01	7.760266312052421789e-02	3.514032643542552153e-02	8.509248187491501303e-02
1.439236638562446842e+03	2.165221138148163138e-01	1.429934823711981606e-01	2.782924824605769176e-01	1.642176757275128351e-01	7.764780859605208141e-02	3.516939211317308273e-02	8.515704491632149209e-02
1.441655523669274316e+03	2.162632983064544934e-01	1.428294640051248621e-01	2.784762751748598442e-01	1.643183678929328595e-01	7.769282062592809679e-02	3.519836647589826006e-02	8.522140751845244666e-02
1.444074408776102018e+03	2.160052467521368369e-01	1.426658928091076584e-01	2.786595567088664405e-01	1.644187838684326164e-01	7.773769961405324613e-02	3.522724985774215029e-02	8.528557038931185164e-02
1.446493293882929493e+03	2.157479569070666070e-01	1.425027675588106946e-01	2.788423284734261598e-01	1.645189242724860168e-01	7.778244596315359027e-02	3.525604259112249256e-02	8.534953423358522528e-02
1.448912178989757422e+03	2.154914265329882783e-01	1.423400870332560131e-01	2.790245918754695187e-01	1.646187897237475217e-01	7.782706007477789567e-02	3.528474500674907283e-02	8.541329975266244434e-02
1.451331064096585123e+03	2.152356533981691633e-01	1.421778500148144497e-01	2.792063483180391992e-01	1.647183808410331574e-01	7.787154234929563601e-02	3.531335743363886448e-02	8.547686764466029541e-02
1.453749949203412370e+03	2.149806352773811768e-01	1.420160552891963635e-01	2.793875992003002628e-01	1.648176982433018911e-01	7.791589318589521584e-02	3.534188019913089840e-02	8.554023860444491534e-02
1.456168834310240300e+03	2.147263699518824898e-01	1.418547016454425047e-01	2.795683459175514751e-01	1.649167425496367856e-01	7.796011298258255506e-02	3.537031362890086933e-02	8.560341332365395406e-02
1.458587719417068001e+03	2.144728552093993212e-01	1.416937878759147729e-01	2.797485898612356858e-01	1.650155143792267076e-01	7.800420213617996479e-02	3.539865804697552715e-02	8.566639249071859863e-02
1.461006604523895703e+03	2.142200888441076478e-01	1.415333127762872512e-01	2.799283324189504318e-01	1.651140143513478431e-01	7.804816104232521756e-02	3.542691377574679057e-02	8.572917679088534748e-02
1.463425489630723177e+03	2.139680686566151069e-01	1.413732751455369085e-01	2.801075749744587617e-01	1.652122430853454615e-01	7.809199009547090897e-02	3.545508113598567351e-02	8.579176690623760426e-02
1.465844374737550879e+03	2.137167924539428165e-01	1.412136737859347735e-01	2.802863189076996719e-01	1.653102012006159027e-01	7.813568968888413846e-02	3.548316044685593390e-02	8.585416351571709126e-02
1.468263259844378354e+03	2.134662580495073070e-01	1.410545075030366635e-01	2.804645655947990424e-01	1.654078893165885078e-01	7.817926021464623176e-02	3.551115202592754899e-02	8.591636729514504078e-02
1.470682144951206283e+03	2.132164632631024515e-01	1.408957751056742480e-01	2.806423164080795174e-01	1.655053080527079667e-01	7.822270206365292133e-02	3.553905618918995479e-02	8.597837891724324777e-02
1.473101030058033530e+03	2.129674059208814252e-01	1.407374754059460831e-01	2.808195727160717747e-01	1.656024580284166658e-01	7.826601562561447123e-02	3.556687325106509118e-02	8.604019905165485871e-02
1.475519915164861459e+03	2.127190838553387753e-01	1.405796072192085355e-01	2.809963358835243508e-01	1.656993398631371461e-01	7.830920128905623223e-02	3.559460352442023884e-02	8.610182836496504954e-02
1.477938800271689161e+03	2.124714949052924629e-01	1.404221693640670121e-01	2.811726072714147429e-01	1.657959541762548117e-01	7.835225944131923859e-02	3.562224732058068971e-02	8.616326752072146766e-02
1.480357685378516862e+03	2.122246369158659052e-01	1.402651606623668001e-01	2.813483882369592903e-01	1.658923015871007767e-01	7.839519046856099904e-02	3.564980494934216065e-02	8.622451717945450733e-02
1.482776570485344337e+03	2.119785077384702399e-01	1.401085799391843800e-01	2.815236801336237771e-01	1.659883827149349622e-01	7.843799475575652380e-02	3.567727671898310304e-02	8.628557799869740474e-02
