1.001418434226643626e+03	2.784442512161638961e-01	1.815098111674660897e-01	2.349901438896568329e-01	1.407774052129062425e-01	6.701536810136218825e-02	2.796870892756731647e-02	6.929431148452946942e-02
1.002869765290740247e+03	2.781777158657983695e-01	1.813493379259314975e-01	2.351726184777379047e-01	1.408745459315980386e-01	6.705785927825425041e-02	2.800299387016746272e-02	6.936492865016448406e-02
1.004321096354836754e+03	2.779116503709281316e-01	1.811891263965319521e-01	2.353547809791174672e-01	1.409715102745211779e-01	6.710038712542171213e-02	2.803714211330226441e-02	6.943540273982931610e-02
1.005772427418933376e+03	2.776460540290341394e-01	1.810291761479942696e-01	2.355366318944077386e-01	1.410682999761495582e-01	6.714294821378423428e-02	2.807115591279470482e-02	6.950573382548742851e-02
1.007223758483029997e+03	2.773809261352281341e-01	1.808694867497516179e-01	2.357181717232834650e-01	1.411649167171678543e-01	6.718553922016740065e-02	2.810503745901942255e-02	6.957592199503417896e-02
1.008675089547126618e+03	2.771162659823612762e-01	1.807100577719426282e-01	2.358994009644962420e-01	1.412613621261252783e-01	6.722815692423306233e-02	2.813878887902228690e-02	6.964596735147129958e-02
1.010126420611223239e+03	2.768520728611296167e-01	1.805508887854098965e-01	2.360803201158884479e-01	1.413576377810405738e-01	6.727079820549479450e-02	2.817241223856762136e-02	6.971587001212106727e-02
1.011577751675319632e+03	2.765883460601766264e-01	1.803919793616990119e-01	2.362609296744062060e-01	1.414537452109601301e-01	6.731346004041635633e-02	2.820590954411560103e-02	6.978563010787809662e-02
1.013029082739416367e+03	2.763250848661923387e-01	1.802333290730572801e-01	2.364412301361119850e-01	1.415496858974699124e-01	6.735613949959098901e-02	2.823928274473239824e-02	6.985524778249710409e-02
1.014480413803512761e+03	2.760622885640100499e-01	1.800749374924325574e-01	2.366212219961963681e-01	1.416454612761631482e-01	6.739883374499959501e-02	2.827253373393547389e-02	6.992472319191471442e-02
1.015931744867609382e+03	2.757999564366999112e-01	1.799168041934721685e-01	2.368009057489896263e-01	1.417410727380646329e-01	6.744154002734541187e-02	2.830566435147631801e-02	6.999405650360383813e-02
1.017383075931706003e+03	2.755380877656596339e-01	1.797589287505216293e-01	2.369802818879722384e-01	1.418365216310128740e-01	6.748425568346368142e-02	2.833867638506289491e-02	7.006324789595888558e-02
1.018834406995802851e+03	2.752766818307028629e-01	1.796013107386235375e-01	2.371593509057854099e-01	1.419318092610016013e-01	6.752697813380384440e-02	2.837157157202393337e-02	7.013229755771056839e-02
1.020285738059899245e+03	2.750157379101446642e-01	1.794439497335165445e-01	2.373381132942407601e-01	1.420269368934813370e-01	6.756970487998281705e-02	2.840435160091713679e-02	7.020120568736848421e-02
1.021737069123995752e+03	2.747552552808844029e-01	1.792868453116339966e-01	2.375165695443297864e-01	1.421219057546226072e-01	6.761243350240711547e-02	2.843701811308328373e-02	7.026997249269051338e-02
1.023188400188092373e+03	2.744952332184864008e-01	1.791299970501029348e-01	2.376947201462326631e-01	1.422167170325415730e-01	6.765516165796227332e-02	2.846957270414816887e-02	7.033859819017765358e-02
1.024639731252188767e+03	2.742356709972580964e-01	1.789734045267429297e-01	2.378725655893269009e-01	1.423113718784891624e-01	6.769788707776751291e-02	2.850201692547419535e-02	7.040708300459280755e-02
1.026091062316285615e+03	2.739765678903259283e-01	1.788170673200649430e-01	2.380501063621952573e-01	1.424058714080051469e-01	6.774060756499419855e-02	2.853435228556339825e-02	7.047542716850274669e-02
1.027542393380382237e+03	2.737179231697085546e-01	1.786609850092701623e-01	2.382273429526336472e-01	1.425002167020375243e-01	6.778332099274615719e-02	2.856658025141363064e-02	7.054363092184187667e-02
1.028993724444478858e+03	2.734597361063887400e-01	1.785051571742489462e-01	2.384042758476583590e-01	1.425944088080288441e-01	6.782602530200032565e-02	2.859870224982953221e-02	7.061169451149688914e-02
1.030445055508575479e+03	2.732020059703818005e-01	1.783495833955796583e-01	2.385809055335131323e-01	1.426884487409698643e-01	6.786871849960605940e-02	2.863071966868985935e-02	7.067961819091120312e-02
1.031896386572671872e+03	2.729447320308034941e-01	1.781942632545275851e-01	2.387572324956759307e-01	1.427823374844220394e-01	6.791139865634146511e-02	2.866263385817272719e-02	7.074740221970830800e-02
1.033347717636768493e+03	2.726879135559347467e-01	1.780391963330437144e-01	2.389332572188652415e-01	1.428760759915090606e-01	6.795406390502538307e-02	2.869444613194021415e-02	7.081504686333317533e-02
1.034799048700865114e+03	2.724315498132847124e-01	1.778843822137637642e-01	2.391089801870462384e-01	1.429696651858791412e-01	6.799671243868327108e-02	2.872615776828374087e-02	7.088255239271064323e-02
1.036250379764961508e+03	2.721756400696522804e-01	1.777298204800070447e-01	2.392844018834364983e-01	1.430631059626381596e-01	6.803934250876572665e-02	2.875777001123159399e-02	7.094991908392024593e-02
1.037701710829058356e+03	2.719201835911851384e-01	1.775755107157752088e-01	2.394595227905116364e-01	1.431563991892549903e-01	6.808195242341817666e-02	2.878928407161989930e-02	7.101714721788648932e-02
1.039153041893154750e+03	2.716651796434376154e-01	1.774214525057514202e-01	2.396343433900105790e-01	1.432495457064395239e-01	6.812454054580013851e-02	2.882070112812833151e-02	7.108423708008396180e-02
1.040604372957251599e+03	2.714106274914264150e-01	1.772676454352989373e-01	2.398088641629405882e-01	1.433425463289945412e-01	6.816710529245297023e-02	2.885202232828172272e-02	7.115118896025644790e-02
1.042055704021347992e+03	2.711565263996847941e-01	1.771140890904602250e-01	2.399830855895820625e-01	1.434354018466415803e-01	6.820964513171461074e-02	2.888324878941881182e-02	7.121800315214954491e-02
1.043507035085444613e+03	2.709028756323149101e-01	1.769607830579558727e-01	2.401570081494932563e-01	1.435281130248223513e-01	6.825215858218001974e-02	2.891438159962921722e-02	7.128467995325599160e-02
1.044958366149541234e+03	2.706496744530388909e-01	1.768077269251834283e-01	2.403306323215145535e-01	1.436206806054756979e-01	6.829464421120617912e-02	2.894542181865974312e-02	7.135121966457318166e-02
1.046409697213637855e+03	2.703969221252480182e-01	1.766549202802162877e-01	2.405039585837726313e-01	1.437131053077912446e-01	6.833710063346019881e-02	2.897637047879106365e-02	7.141762259037223726e-02
1.047861028277734476e+03	2.701446179120506885e-01	1.765023627118026683e-01	2.406769874136845677e-01	1.438053878289402288e-01	6.837952650950955558e-02	2.900722858568579449e-02	7.148388903797817107e-02
1.049312359341831097e+03	2.698927610763186546e-01	1.763500538093644987e-01	2.408497192879615889e-01	1.438975288447843504e-01	6.842192054445313254e-02	2.903799711920893381e-02	7.155001931756049816e-02
1.050763690405927491e+03	2.696413508807320447e-01	1.761979931629963358e-01	2.410221546826128713e-01	1.439895290105628334e-01	6.846428148659203239e-02	2.906867703422161969e-02	7.161601374193388159e-02
1.052215021470024112e+03	2.693903865878228276e-01	1.760461803634643663e-01	2.411942940729487339e-01	1.440813889615592813e-01	6.850660812613897088e-02	2.909926926134909567e-02	7.168187262636832591e-02
1.053666352534120733e+03	2.691398674600170571e-01	1.758946150022052124e-01	2.413661379335843016e-01	1.441731093137476327e-01	6.854889929396522363e-02	2.912977470772375177e-02	7.174759628840846060e-02
1.055117683598217127e+03	2.688897927596757276e-01	1.757432966713248779e-01	2.415376867384424475e-01	1.442646906644189375e-01	6.859115386038402984e-02	2.916019425770412579e-02	7.181318504770148325e-02
1.056569014662313975e+03	2.686401617491344651e-01	1.755922249635977761e-01	2.417089409607569295e-01	1.443561335927889544e-01	6.863337073396946764e-02	2.919052877357063147e-02	7.187863922583334619e-02
1.058020345726410369e+03	2.683909736907420518e-01	1.754413994724655923e-01	2.418799010730753596e-01	1.444474386605872906e-01	6.867554886040976025e-02	2.922077909619882202e-02	7.194395914617272847e-02
1.059471676790506763e+03	2.681422278468972298e-01	1.752908197920361733e-01	2.420505675472618967e-01	1.445386064126285841e-01	6.871768722139412477e-02	2.925094604571094881e-02	7.200914513372265457e-02
1.060923007854603611e+03	2.678939234800851721e-01	1.751404855170825559e-01	2.422209408544999110e-01	1.446296373773662824e-01	6.875978483353201165e-02	2.928103042210652290e-02	7.207419751497912142e-02
1.062374338918700232e+03	2.676460598529123991e-01	1.749903962430418292e-01	2.423910214652945649e-01	1.447205320674294637e-01	6.880184074730417987e-02	2.931103300587262206e-02	7.213911661779656703e-02
1.063825669982796853e+03	2.673986362281401408e-01	1.748405515660141352e-01	2.425608098494752840e-01	1.448112909801434200e-01	6.884385404604424774e-02	2.934095455857456750e-02	7.220390277125979250e-02
1.065277001046893474e+03	2.671516518687178099e-01	1.746909510827615863e-01	2.427303064761979767e-01	1.449019145980341428e-01	6.888582384495028910e-02	2.937079582342767489e-02	7.226855630556214272e-02
1.066728332110990095e+03	2.669051060378141438e-01	1.745415943907072387e-01	2.428995118139473941e-01	1.449924033893174313e-01	6.892774929012530916e-02	2.940055752585070750e-02	7.233307755188943255e-02
1.068179663175086489e+03	2.666589979988481796e-01	1.743924810879338982e-01	2.430684263305392390e-01	1.450827578083731251e-01	6.896962955764592007e-02	2.943024037400161080e-02	7.239746684230963236e-02
1.069630994239183110e+03	2.664133270155192301e-01	1.742436107731832884e-01	2.432370504931221089e-01	1.451729782962046522e-01	6.901146385265838346e-02	2.945984505929612196e-02	7.246172450966778533e-02
1.071082325303279504e+03	2.661680923518354169e-01	1.740949830458548842e-01	2.434053847681795502e-01	1.452630652808845069e-01	6.905325140850124277e-02	2.948937225690988206e-02	7.252585088748608744e-02
1.072533656367376352e+03	2.659232932721416476e-01	1.739465975060048852e-01	2.435734296215319727e-01	1.453530191779860425e-01	6.909499148585374062e-02	2.951882262626450565e-02	7.258984630986881070e-02
1.073984987431472746e+03	2.656789290411467608e-01	1.737984537543450780e-01	2.437411855183384268e-01	1.454428403910019429e-01	6.913668337190936874e-02	2.954819681149822158e-02	7.265371111141184779e-02
1.075436318495569594e+03	2.654349989239496721e-01	1.736505513922419197e-01	2.439086529230981848e-01	1.455325293117499252e-01	6.917832637957375963e-02	2.957749544192153288e-02	7.271744562711665583e-02
1.076887649559666215e+03	2.651915021860645760e-01	1.735028900217154557e-01	2.440758322996526841e-01	1.456220863207657590e-01	6.921991984668618425e-02	2.960671913245844708e-02	7.278105019230843298e-02
1.078338980623762609e+03	2.649484380934457595e-01	1.733554692454383206e-01	2.442427241111869152e-01	1.457115117876843224e-01	6.926146313526414244e-02	2.963586848407370050e-02	7.284452514255834732e-02
1.079790311687859230e+03	2.647058059125110829e-01	1.732082886667346000e-01	2.444093288202309477e-01	1.458008060716087240e-01	6.930295563077018550e-02	2.966494408418647241e-02	7.290787081360952659e-02
1.081241642751955851e+03	2.644636049101649067e-01	1.730613478895788593e-01	2.445756468886615131e-01	1.458899695214681824e-01	6.934439674140040200e-02	2.969394650707101596e-02	7.297108754130665620e-02
1.082692973816052472e+03	2.642218343538205727e-01	1.729146465185950610e-01	2.447416787777033365e-01	1.459790024763646110e-01	6.938578589739402558e-02	2.972287631424464296e-02	7.303417566152924090e-02
1.084144304880149093e+03	2.639804935114218876e-01	1.727681841590556766e-01	2.449074249479305243e-01	1.460679052659086541e-01	6.942712255036341540e-02	2.975173405484346847e-02	7.309713551012793353e-02
1.085595635944245487e+03	2.637395816514636060e-01	1.726219604168804378e-01	2.450728858592678416e-01	1.461566782105451212e-01	6.946840617264392337e-02	2.978052026598634883e-02	7.315996742286424992e-02
1.087046967008342108e+03	2.634990980430120255e-01	1.724759748986355035e-01	2.452380619709919884e-01	1.462453216218684571e-01	6.950963625666300993e-02	2.980923547312733235e-02	7.322267173535312867e-02
1.088498298072438729e+03	2.632590419557241934e-01	1.723302272115322942e-01	2.454029537417328488e-01	1.463338358029283581e-01	6.955081231432810873e-02	2.983788019039706335e-02	7.328524878300853029e-02
1.089949629136535123e+03	2.630194126598667803e-01	1.721847169634265762e-01	2.455675616294746288e-01	1.464222210485257303e-01	6.959193387643256012e-02	2.986645492093348633e-02	7.334769890099161749e-02
1.091400960200631971e+03	2.627802094263343990e-01	1.720394437628172957e-01	2.457318860915568837e-01	1.465104776454995983e-01	6.963300049207936382e-02	2.989496015720213840e-02	7.341002242416165557e-02
1.092852291264728365e+03	2.625414315266671461e-01	1.718944072188457461e-01	2.458959275846757941e-01	1.465986058730049391e-01	6.967401172812184851e-02	2.992339638130647045e-02	7.347221968702941086e-02
1.094303622328825213e+03	2.623030782330675881e-01	1.717496069412943471e-01	2.460596865648850273e-01	1.466866060027819385e-01	6.971496716862116139e-02	2.995176406528843316e-02	7.353429102371282500e-02
1.095754953392921607e+03	2.620651488184174149e-01	1.716050425405858393e-01	2.462231634875968744e-01	1.467744782994166997e-01	6.975586641431977264e-02	2.998006367141968498e-02	7.359623676789513180e-02
1.097206284457018228e+03	2.618276425562930942e-01	1.714607136277820076e-01	2.463863588075831668e-01	1.468622230205937906e-01	6.979670908213068958e-02	3.000829565248372063e-02	7.365805725278498639e-02
1.098657615521114849e+03	2.615905587209816918e-01	1.713166198145828767e-01	2.465492729789761639e-01	1.469498404173409378e-01	6.983749480464190862e-02	3.003646045204920456e-02	7.371975281107870370e-02
1.100108946585211470e+03	2.613538965874953601e-01	1.711727607133256279e-01	2.467119064552696084e-01	1.470373307342660030e-01	6.987822322963561927e-02	3.006455850473480768e-02	7.378132377492453708e-02
1.101560277649308091e+03	2.611176554315857157e-01	1.710291359369836561e-01	2.468742596893194752e-01	1.471246942097864940e-01	6.991889401962173012e-02	3.009259023646580766e-02	7.384277047588874709e-02
1.103011608713404712e+03	2.608818345297579944e-01	1.708857450991653482e-01	2.470363331333448598e-01	1.472119310763518318e-01	6.995950685138535574e-02	3.012055606472272343e-02	7.390409324492352994e-02
1.104462939777501106e+03	2.606464331592843187e-01	1.707425878141133058e-01	2.471981272389289219e-01	1.472990415606585390e-01	7.000006141554773742e-02	3.014845639878223696e-02	7.396529241233661123e-02
1.105914270841597499e+03	2.604114505982165761e-01	1.705996636967032354e-01	2.473596424570194963e-01	1.473860258838587955e-01	7.004055741614036157e-02	3.017629163995066630e-02	7.402636830776247734e-02
1.107365601905694348e+03	2.601768861253991871e-01	1.704569723624429212e-01	2.475208792379300360e-01	1.474728842617622770e-01	7.008099457019174860e-02	3.020406218179020469e-02	7.408732126013521657e-02
1.108816932969790741e+03	2.599427390204809285e-01	1.703145134274712813e-01	2.476818380313402512e-01	1.475596169050315543e-01	7.012137260732664856e-02	3.023176841033816536e-02	7.414815159766280361e-02
1.110268264033887590e+03	2.597090085639266466e-01	1.701722865085572856e-01	2.478425192862968862e-01	1.476462240193714137e-01	7.016169126937714384e-02	3.025941070431947821e-02	7.420885964780275790e-02
1.111719595097984211e+03	2.594756940370286369e-01	1.700302912230990671e-01	2.480029234512144964e-01	1.477327058057120446e-01	7.020195031000545094e-02	3.028698943535261881e-02	7.426944573723927301e-02
1.113170926162080832e+03	2.592427947219174134e-01	1.698885271891228399e-01	2.481630509738760315e-01	1.478190624603864800e-01	7.024214949433801869e-02	3.031450496814919182e-02	7.432991019186156734e-02
1.114622257226177226e+03	2.590103099015722554e-01	1.697469940252818998e-01	2.483229023014336401e-01	1.479052941753023209e-01	7.028228859861058997e-02	3.034195766070741165e-02	7.439025333674344209e-02
1.116073588290273847e+03	2.587782388598312555e-01	1.696056913508556252e-01	2.484824778804091694e-01	1.479914011381079919e-01	7.032236740982383827e-02	3.036934786449959137e-02	7.445047549612404669e-02
1.117524919354370468e+03	2.585465808814012001e-01	1.694646187857484776e-01	2.486417781566950258e-01	1.480773835323536958e-01	7.036238572540944036e-02	3.039667592465390353e-02	7.451057699338978213e-02
1.118976250418467089e+03	2.583153352518667289e-01	1.693237759504891138e-01	2.488008035755546188e-01	1.481632415376471501e-01	7.040234335290602996e-02	3.042394218013058302e-02	7.457055815105728680e-02
1.120427581482563710e+03	2.580845012576996611e-01	1.691831624662292477e-01	2.489595545816230548e-01	1.482489753298044666e-01	7.044224010964497684e-02	3.045114696389271056e-02	7.463041929075733827e-02
1.121878912546660331e+03	2.578540781862675990e-01	1.690427779547427345e-01	2.491180316189077204e-01	1.483345850809960065e-01	7.048207582244563063e-02	3.047829060307178511e-02	7.469016073321992077e-02
1.123330243610756725e+03	2.576240653258424773e-01	1.689026220384245436e-01	2.492762351307889201e-01	1.484200709598876289e-01	7.052185032731957126e-02	3.050537341912824135e-02	7.474978279826001437e-02
1.124781574674853118e+03	2.573944619656085009e-01	1.687626943402898150e-01	2.494341655600203489e-01	1.485054331317773313e-01	7.056156346918392164e-02	3.053239572800706472e-02	7.480928580476443879e-02
1.126232905738949967e+03	2.571652673956700830e-01	1.686229944839728323e-01	2.495918233487297855e-01	1.485906717587275050e-01	7.060121510158312574e-02	3.055935784028867425e-02	7.486867007067943280e-02
1.127684236803046360e+03	2.569364809070592837e-01	1.684835220937260514e-01	2.497492089384195924e-01	1.486757869996929993e-01	7.064080508641923384e-02	3.058626006133519787e-02	7.492793591299909406e-02
1.129135567867143209e+03	2.567081017917433039e-01	1.683442767944191010e-01	2.499063227699672152e-01	1.487607790106447725e-01	7.068033329369016737e-02	3.061310269143232426e-02	7.498708364775460988e-02
1.130586898931239830e+03	2.564801293426310358e-01	1.682052582115378392e-01	2.500631652836257657e-01	1.488456479446898240e-01	7.071979960123599140e-02	3.063988602592682825e-02	7.504611359000420978e-02
1.132038229995336451e+03	2.562525628535800570e-01	1.680664659711833819e-01	2.502197369190246046e-01	1.489303939521869624e-01	7.075920389449276426e-02	3.066661035535993285e-02	7.510502605382375629e-02
1.133489561059432845e+03	2.560254016194031257e-01	1.679278997000709928e-01	2.503760381151697301e-01	1.490150171808590218e-01	7.079854606625378410e-02	3.069327596559662252e-02	7.516382135229814077e-02
1.134940892123529466e+03	2.557986449358741754e-01	1.677895590255292779e-01	2.505320693104445273e-01	1.490995177759011636e-01	7.083782601643809351e-02	3.071988313795106368e-02	7.522249979751313709e-02
1.136392223187626087e+03	2.555722920997343661e-01	1.676514435754991039e-01	2.506878309426098794e-01	1.491838958800858483e-01	7.087704365186586752e-02	3.074643214930822266e-02	7.528106170054806034e-02
1.137843554251722708e+03	2.553463424086979128e-01	1.675135529785327093e-01	2.508433234488050556e-01	1.492681516338642544e-01	7.091619888604072663e-02	3.077292327224182347e-02	7.533950737146886956e-02
1.139294885315819101e+03	2.551207951614574698e-01	1.673758868637925390e-01	2.509985472655480443e-01	1.493522851754642555e-01	7.095529163893846136e-02	3.079935677512872505e-02	7.539783711932189492e-02
1.140746216379915950e+03	2.548956496576893493e-01	1.672384448610504670e-01	2.511535028287358862e-01	1.494362966409853721e-01	7.099432183680225161e-02	3.082573292225988804e-02	7.545605125212807851e-02
1.142197547444012343e+03	2.546709051980588501e-01	1.671012266006867975e-01	2.513081905736455068e-01	1.495201861644904762e-01	7.103328941194402002e-02	3.085205197394797622e-02	7.551415007687772851e-02
1.143648878508108737e+03	2.544465610842246983e-01	1.669642317136892373e-01	2.514626109349338279e-01	1.496039538780943867e-01	7.107219430255176662e-02	3.087831418663175911e-02	7.557213389952571747e-02
1.145100209572205586e+03	2.542226166188440439e-01	1.668274598316518420e-01	2.516167643466384884e-01	1.496875999120496348e-01	7.111103645250281546e-02	3.090451981297734699e-02	7.563000302498715244e-02
1.146551540636302207e+03	2.539990711055767902e-01	1.666909105867743213e-01	2.517706512421782894e-01	1.497711243948293136e-01	7.114981581118257070e-02	3.093066910197641434e-02	7.568775775713358633e-02
1.148002871700398828e+03	2.537759238490899794e-01	1.665545836118608458e-01	2.519242720543535263e-01	1.498545274532071259e-01	7.118853233330887931e-02	3.095676229904150562e-02	7.574539839878946523e-02
1.149454202764495449e+03	2.535531741550616225e-01	1.664184785403190481e-01	2.520776272153464892e-01	1.499378092123348771e-01	7.122718597876168123e-02	3.098279964609843007e-02	7.580292525172917240e-02
1.150905533828591842e+03	2.533308213301849743e-01	1.662825950061592450e-01	2.522307171567220174e-01	1.500209697958171384e-01	7.126577671241776657e-02	3.100878138167597817e-02	7.586033861667428047e-02
1.152356864892688463e+03	2.531088646821718635e-01	1.661469326439933558e-01	2.523835423094278330e-01	1.501040093257836050e-01	7.130430450399061204e-02	3.103470774099290758e-02	7.591763879329127551e-02
1.153808195956785084e+03	2.528873035197566899e-01	1.660114910890339579e-01	2.525361031037949289e-01	1.501869279229589293e-01	7.134276932787499137e-02	3.106057895604236868e-02	7.597482608018958639e-02
1.155259527020881706e+03	2.526661371526994770e-01	1.658762699770933990e-01	2.526883999695383465e-01	1.502697257067301673e-01	7.138117116299635967e-02	3.108639525567379741e-02	7.603190077491997489e-02
1.156710858084978327e+03	2.524453648917893145e-01	1.657412689445826315e-01	2.528404333357573419e-01	1.503524027952119480e-01	7.141950999266474809e-02	3.111215686567242109e-02	7.608886317397321741e-02
1.158162189149074720e+03	2.522249860488473550e-01	1.656064876285105458e-01	2.529922036309356637e-01	1.504349593053093959e-01	7.145778580443316874e-02	3.113786400883635647e-02	7.614571357277903629e-02
1.159613520213171569e+03	2.520049999367299232e-01	1.654719256664828331e-01	2.531437112829425518e-01	1.505173953527789987e-01	7.149599858996023849e-02	3.116351690505146654e-02	7.620245226570547536e-02
1.161064851277267962e+03	2.517854058693312358e-01	1.653375826967010132e-01	2.532949567190326823e-01	1.505997110522872273e-01	7.153414834487702156e-02	3.118911577136397259e-02	7.625907954605833095e-02
1.162516182341364356e+03	2.515662031615860106e-01	1.652034583579615745e-01	2.534459403658467225e-01	1.506819065174672401e-01	7.157223506865789675e-02	3.121466082205096026e-02	7.631559570608104082e-02
1.163967513405461204e+03	2.513473911294719643e-01	1.650695522896550305e-01	2.535966626494119414e-01	1.507639818609736171e-01	7.161025876449539362e-02	3.124015226868878323e-02	7.637200103695471198e-02
1.165418844469557826e+03	2.511289690900124216e-01	1.649358641317648366e-01	2.537471239951424873e-01	1.508459371945351235e-01	7.164821943917872027e-02	3.126559032021944406e-02	7.642829582879841210e-02
1.166870175533654447e+03	2.509109363612785359e-01	1.648023935248666416e-01	2.538973248278397210e-01	1.509277726290058075e-01	7.168611710297607964e-02	3.129097518301506703e-02	7.648448037066964134e-02
1.168321506597751068e+03	2.506932922623912319e-01	1.646691401101271490e-01	2.540472655716929373e-01	1.510094882744140998e-01	7.172395176952060802e-02	3.131630706094042788e-02	7.654055495056509562e-02
1.169772837661847461e+03	2.504760361135235369e-01	1.645361035293032292e-01	2.541969466502795871e-01	1.510910842400103038e-01	7.176172345569961641e-02	3.134158615541369347e-02	7.659651985542162422e-02
1.171224168725944082e+03	2.502591672359021913e-01	1.644032834247410590e-01	2.543463684865658325e-01	1.511725606343123918e-01	7.179943218154739848e-02	3.136681266546536423e-02	7.665237537111729837e-02
1.172675499790040703e+03	2.500426849518098682e-01	1.642706794393750946e-01	2.544955315029068799e-01	1.512539175651502477e-01	7.183707797014120267e-02	3.139198678779550611e-02	7.670812178247275737e-02
1.174126830854137097e+03	2.498265885845864787e-01	1.641382912167271557e-01	2.546444361210474794e-01	1.513351551397081607e-01	7.187466084750034068e-02	3.141710871682929646e-02	7.676375937325267962e-02
1.175578161918233945e+03	2.496108774586309753e-01	1.640061184009054540e-01	2.547930827621223138e-01	1.514162734645660424e-01	7.191218084248843234e-02	3.144217864477098084e-02	7.681928842616744801e-02
1.177029492982330339e+03	2.493955508994028514e-01	1.638741606366037606e-01	2.549414718466563312e-01	1.514972726457388674e-01	7.194963798671864807e-02	3.146719676165624785e-02	7.687470922287491237e-02
1.178480824046426733e+03	2.491806082334234174e-01	1.637424175691003236e-01	2.550896037945656336e-01	1.515781527887150870e-01	7.198703231446176853e-02	3.149216325540306338e-02	7.693002204398240174e-02
1.179932155110523581e+03	2.489660487882772166e-01	1.636108888442569798e-01	2.552374790251573100e-01	1.516589139984932111e-01	7.202436386255713086e-02	3.151707831186107561e-02	7.698522716904881991e-02
1.181383486174620202e+03	2.487518718926131356e-01	1.634795741085182663e-01	2.553850979571302138e-01	1.517395563796174462e-01	7.206163267032623942e-02	3.154194211485956273e-02	7.704032487658685202e-02
1.182834817238716823e+03	2.485380768761456527e-01	1.633484730089105053e-01	2.555324610085754067e-01	1.518200800362117797e-01	7.209883877948902731e-02	3.156675484625399986e-02	7.709531544406537928e-02
1.184286148302813444e+03	2.483246630696557822e-01	1.632175851930407484e-01	2.556795685969763809e-01	1.519004850720129252e-01	7.213598223408269894e-02	3.159151668597130064e-02	7.715019914791193534e-02
1.185737479366910065e+03	2.481116298049919899e-01	1.630869103090959726e-01	2.558264211392097809e-01	1.519807715904019640e-01	7.217306308038301532e-02	3.161622781205371963e-02	7.720497626351530140e-02
1.187188810431006686e+03	2.478989764150711372e-01	1.629564480058420528e-01	2.559730190515457360e-01	1.520609396944350156e-01	7.221008136682802170e-02	3.164088840070156117e-02	7.725964706522825409e-02
1.188640141495103080e+03	2.476867022338792024e-01	1.628261979326229014e-01	2.561193627496480829e-01	1.521409894868724355e-01	7.224703714394414833e-02	3.166549862631459072e-02	7.731421182637041034e-02
1.190091472559199701e+03	2.474748065964720578e-01	1.626961597393595804e-01	2.562654526485751427e-01	1.522209210702072379e-01	7.228393046427442070e-02	3.169005866153230822e-02	7.736867081923105849e-02
1.191542803623296322e+03	2.472632888389760530e-01	1.625663330765492187e-01	2.564112891627798874e-01	1.523007345466922402e-01	7.232076138230904283e-02	3.171456867727306256e-02	7.742302431507222527e-02
1.192994134687392716e+03	2.470521482985885420e-01	1.624367175952642628e-01	2.565568727061107723e-01	1.523804300183662364e-01	7.235752995441804836e-02	3.173902884277203518e-02	7.747727258413183993e-02
1.194445465751489564e+03	2.468413843135784935e-01	1.623073129471513942e-01	2.567022036918116257e-01	1.524600075870792548e-01	7.239423623878596392e-02	3.176343932561818267e-02	7.753141589562681513e-02
1.195896796815585958e+03	2.466309962232868247e-01	1.621781187844307248e-01	2.568472825325224806e-01	1.525394673545166502e-01	7.243088029534855421e-02	3.178780029179009009e-02	7.758545451775633595e-02
1.197348127879682352e+03	2.464209833681267059e-01	1.620491347598949083e-01	2.569921096402800198e-01	1.526188094222224456e-01	7.246746218573148213e-02	3.181211190569082498e-02	7.763938871770525996e-02
1.198799458943779200e+03	2.462113450895840328e-01	1.619203605269080859e-01	2.571366854265178525e-01	1.526980338916216484e-01	7.250398197319077309e-02	3.183637433018180612e-02	7.769321876164746177e-02
1.200250790007875821e+03	2.460020807302175094e-01	1.617917957394050255e-01	2.572810103020671257e-01	1.527771408640417328e-01	7.254043972255524997e-02	3.186058772661572169e-02	7.774694491474933022e-02
1.201702121071972442e+03	2.457931896336588706e-01	1.616634400518902337e-01	2.574250846771567458e-01	1.528561304407333454e-01	7.257683550017067498e-02	3.188475225486853137e-02	7.780056744117330725e-02
1.203153452136069063e+03	2.455846711446130204e-01	1.615352931194370123e-01	2.575689089614141003e-01	1.529350027228899567e-01	7.261316937384557080e-02	3.190886807337052489e-02	7.785408660408148218e-02
1.204604783200165684e+03	2.453765246088580043e-01	1.614073545976865975e-01	2.577124835638655020e-01	1.530137578116669561e-01	7.264944141279874867e-02	3.193293533913657556e-02	7.790750266563924165e-02
1.206056114264262078e+03	2.451687493732451484e-01	1.612796241428471333e-01	2.578558088929363556e-01	1.530923958081999714e-01	7.268565168760843243e-02	3.195695420779549184e-02	7.796081588701901655e-02
1.207507445328358699e+03	2.449613447856989201e-01	1.611521014116929218e-01	2.579988853564519347e-01	1.531709168136222432e-01	7.272180027016299231e-02	3.198092483361858474e-02	7.801402652840394580e-02
1.208958776392455093e+03	2.447543101952168176e-01	1.610247860615633408e-01	2.581417133616376591e-01	1.532493209290813618e-01	7.275788723361316379e-02	3.200484736954743725e-02	7.806713484899173439e-02
1.210410107456551941e+03	2.445476449518693418e-01	1.608976777503620392e-01	2.582842933151197062e-01	1.533276082557553655e-01	7.279391265232572350e-02	3.202872196722087589e-02	7.812014110699849745e-02
1.211861438520648335e+03	2.443413484067996355e-01	1.607707761365560484e-01	2.584266256229252323e-01	1.534057788948681722e-01	7.282987660183863621e-02	3.205254877700122740e-02	7.817304555966261836e-02
1.213312769584745183e+03	2.441354199122233171e-01	1.606440808791747832e-01	2.585687106904831500e-01	1.534838329477042629e-01	7.286577915881753409e-02	3.207632794799984005e-02	7.822584846324866226e-02
1.214764100648841804e+03	2.439298588214282859e-01	1.605175916378092094e-01	2.587105489226242949e-01	1.535617705156228363e-01	7.290162040101363927e-02	3.210005962810189711e-02	7.827855007305135893e-02
1.216215431712937971e+03	2.437246644887742508e-01	1.603913080726108997e-01	2.588521407235821470e-01	1.536395917000712152e-01	7.293740040722287987e-02	3.212374396399055032e-02	7.833115064339954414e-02
1.217666762777034819e+03	2.435198362696924246e-01	1.602652298442912293e-01	2.589934864969931638e-01	1.537172966025978083e-01	7.297311925724629667e-02	3.214738110117039416e-02	7.838365042766015645e-02
1.219118093841131440e+03	2.433153735206851076e-01	1.601393566141203206e-01	2.591345866458972802e-01	1.537948853248643777e-01	7.300877703185174039e-02	3.217097118399031563e-02	7.843604967824234497e-02
1.220569424905228061e+03	2.431112755993252161e-01	1.600136880439261833e-01	2.592754415727384631e-01	1.538723579686578080e-01	7.304437381273667929e-02	3.219451435566566405e-02	7.848834864660150790e-02
1.222020755969324682e+03	2.429075418642557826e-01	1.598882237960939923e-01	2.594160516793649340e-01	1.539497146359013746e-01	7.307990968249218622e-02	3.221801075829988648e-02	7.854054758324333085e-02
1.223472087033421303e+03	2.427041716751895117e-01	1.597629635335649223e-01	2.595564173670300567e-01	1.540269554286654019e-01	7.311538472456807769e-02	3.224146053290555258e-02	7.859264673772793641e-02
1.224923418097517697e+03	2.425011643929081417e-01	1.596379069198354539e-01	2.596965390363924486e-01	1.541040804491775884e-01	7.315079902323902428e-02	3.226486381942479664e-02	7.864464635867399189e-02
1.226374749161614318e+03	2.422985193792617786e-01	1.595130536189563741e-01	2.598364170875166468e-01	1.541810897998325547e-01	7.318615266357192395e-02	3.228822075674920439e-02	7.869654669376288658e-02
1.227826080225710712e+03	2.420962359971685351e-01	1.593884032955319441e-01	2.599760519198736075e-01	1.542579835832012247e-01	7.322144573139402479e-02	3.231153148273920722e-02	7.874834798974285344e-02
1.229277411289807560e+03	2.418943136106134206e-01	1.592639556147189550e-01	2.601154439323410394e-01	1.543347619020395967e-01	7.325667831326226898e-02	3.233479613424290744e-02	7.880005049243310467e-02
1.230728742353903954e+03	2.416927515846481744e-01	1.591397102422258403e-01	2.602545935232041807e-01	1.544114248592970695e-01	7.329185049643345551e-02	3.235801484711443854e-02	7.885165444672813384e-02
1.232180073418000802e+03	2.414915492853900725e-01	1.590156668443119259e-01	2.603935010901559099e-01	1.544879725581244367e-01	7.332696236883540220e-02	3.238118775623181206e-02	7.890316009660178209e-02
1.233631404482097196e+03	2.412907060800214831e-01	1.588918250877862648e-01	2.605321670302975234e-01	1.545644051018813525e-01	7.336201401903891250e-02	3.240431499551429256e-02	7.895456768511151247e-02
1.235082735546193817e+03	2.410902213367888958e-01	1.587681846400069985e-01	2.606705917401392347e-01	1.546407225941435204e-01	7.339700553623079715e-02	3.242739669793933549e-02	7.900587745440258713e-02
1.236534066610290438e+03	2.408900944250022269e-01	1.586447451688804133e-01	2.608087756156003967e-01	1.547169251387094657e-01	7.343193701018753405e-02	3.245043299555905314e-02	7.905708964571230013e-02
1.237985397674387059e+03	2.406903247150339320e-01	1.585215063428599969e-01	2.609467190520103341e-01	1.547930128396068639e-01	7.346680853124985811e-02	3.247342401951624352e-02	7.910820449937419618e-02
1.239436728738483680e+03	2.404909115783181728e-01	1.583984678309454663e-01	2.610844224441086214e-01	1.548689858010985632e-01	7.350162019029816973e-02	3.249636990006005838e-02	7.915922225482230346e-02
1.240888059802580301e+03	2.402918543873498736e-01	1.582756293026822136e-01	2.612218861860457486e-01	1.549448441276883304e-01	7.353637207872866510e-02	3.251927076656117160e-02	7.921014315059532462e-02
1.242339390866676695e+03	2.400931525156838886e-01	1.581529904281601118e-01	2.613591106713835099e-01	1.550205879241260964e-01	7.357106428843018797e-02	3.254212674752659379e-02	7.926096742434091125e-02
1.243790721930773088e+03	2.398948053379339473e-01	1.580305508780127377e-01	2.614960962930955590e-01	1.550962172954131191e-01	7.360569691176191420e-02	3.256493797061416756e-02	7.931169531281985485e-02
1.245242052994869937e+03	2.396968122297717940e-01	1.579083103234165397e-01	2.616328434435679084e-01	1.551717323468065901e-01	7.364027004153163303e-02	3.258770456264654253e-02	7.936232705191031966e-02
1.246693384058966330e+03	2.394991725679262162e-01	1.577862684360898660e-01	2.617693525145993183e-01	1.552471331838241042e-01	7.367478377097473607e-02	3.261042664962495591e-02	7.941286287661211696e-02
1.248144715123063179e+03	2.393018857301819902e-01	1.576644248882921873e-01	2.619056238974021289e-01	1.553224199122477389e-01	7.370923819373390029e-02	3.263310435674253440e-02	7.946330302105085452e-02
1.249596046187159800e+03	2.391049510953788260e-01	1.575427793528231535e-01	2.620416579826024828e-01	1.553975926381279682e-01	7.374363340383939536e-02	3.265573780839731155e-02	7.951364771848221102e-02
1.251047377251256421e+03	2.389083680434104795e-01	1.574213315030217608e-01	2.621774551602408798e-01	1.554726514677871596e-01	7.377796949569001561e-02	3.267832712820490509e-02	7.956389720129611320e-02
1.252498708315352815e+03	2.387121359552234756e-01	1.573000810127654914e-01	2.623130158197728989e-01	1.555475965078229883e-01	7.381224656403455320e-02	3.270087243901087515e-02	7.961405170102098250e-02
1.253950039379449436e+03	2.385162542128162200e-01	1.571790275564693695e-01	2.624483403500694756e-01	1.556224278651114623e-01	7.384646470395402063e-02	3.272337386290277705e-02	7.966411144832791225e-02
1.255401370443546057e+03	2.383207221992377223e-01	1.570581708090852124e-01	2.625834291394175124e-01	1.556971456468096981e-01	7.388062401084422026e-02	3.274583152122188812e-02	7.971407667303488653e-02
1.256852701507642678e+03	2.381255392985866803e-01	1.569375104461006587e-01	2.627182825755205453e-01	1.557717499603585853e-01	7.391472458039904936e-02	3.276824553457464984e-02	7.976394760411092966e-02
1.258304032571739299e+03	2.379307048960102033e-01	1.568170461435383078e-01	2.628529010454991321e-01	1.558462409134850624e-01	7.394876650859417977e-02	3.279061602284386034e-02	7.981372446968036660e-02
1.259755363635835920e+03	2.377362183777027294e-01	1.566967775779549155e-01	2.629872849358912412e-01	1.559206186142043926e-01	7.398274989167141769e-02	3.281294310519951296e-02	7.986340749702687536e-02
1.261206694699932314e+03	2.375420791309048596e-01	1.565767044264404773e-01	2.631214346326530285e-01	1.559948831708219963e-01	7.401667482612347970e-02	3.283522690010945433e-02	7.991299691259778903e-02
1.262658025764028707e+03	2.373482865439020817e-01	1.564568263666174519e-01	2.632553505211592260e-01	1.560690346919352267e-01	7.405054140867917134e-02	3.285746752534970949e-02	7.996249294200812041e-02
1.264109356828125556e+03	2.371548400060237427e-01	1.563371430766397896e-01	2.633890329862039192e-01	1.561430732864348969e-01	7.408434973628920395e-02	3.287966509801461962e-02	8.001189581004478080e-02
1.265560687892221949e+03	2.369617389076417446e-01	1.562176542351921271e-01	2.635224824120008247e-01	1.562169990635066119e-01	7.411809990611235854e-02	3.290181973452664665e-02	8.006120574067074336e-02
1.267012018956318798e+03	2.367689826401692677e-01	1.560983595214888719e-01	2.636556991821836227e-01	1.562908121326320177e-01	7.415179201550210764e-02	3.292393155064602533e-02	8.011042295702905380e-02
1.268463350020415419e+03	2.365765705960597431e-01	1.559792586152734806e-01	2.637886836798071788e-01	1.563645126035897170e-01	7.418542616199366724e-02	3.294600066148013762e-02	8.015954768144706311e-02
1.269914681084511813e+03	2.363845021688053549e-01	1.558603511968174871e-01	2.639214362873474884e-01	1.564381005864561303e-01	7.421900244329149299e-02	3.296802718149266509e-02	8.020858013544041043e-02
1.271366012148608434e+03	2.361927767529359568e-01	1.557416369469196427e-01	2.640539573867023981e-01	1.565115761916061332e-01	7.425252095725715096e-02	3.299001122451254014e-02	8.025752053971717259e-02
1.272817343212705055e+03	2.360013937440177123e-01	1.556231155469051108e-01	2.641862473591922722e-01	1.565849395297136959e-01	7.428598180189757705e-02	3.301195290374264735e-02	8.030636911418193025e-02
1.274268674276801676e+03	2.358103525386518740e-01	1.555047866786246347e-01	2.643183065855603808e-01	1.566581907117520489e-01	7.431938507535376659e-02	3.303385233176837910e-02	8.035512607793983408e-02
1.275720005340898297e+03	2.356196525344734782e-01	1.553866500244536764e-01	2.644501354459735110e-01	1.567313298489940443e-01	7.435273087588971375e-02	3.305570962056591372e-02	8.040379164930058775e-02
1.277171336404994690e+03	2.354292931301500136e-01	1.552687052672914736e-01	2.645817343200225213e-01	1.568043570530121833e-01	7.438601930188183664e-02	3.307752488151036868e-02	8.045236604578252793e-02
1.278622667469091539e+03	2.352392737253801158e-01	1.551509520905603456e-01	2.647131035867229532e-01	1.568772724356785331e-01	7.441925045180869391e-02	3.309929822538371785e-02	8.050084948411664887e-02
1.280073998533187932e+03	2.350495937208922637e-01	1.550333901782046386e-01	2.648442436245153631e-01	1.569500761091646157e-01	7.445242442424097884e-02	3.312102976238255614e-02	8.054924218025055760e-02
1.281525329597284326e+03	2.348602525184434464e-01	1.549160192146901427e-01	2.649751548112662114e-01	1.570227681859411029e-01	7.448554131783197141e-02	3.314271960212564899e-02	8.059754434935247069e-02
1.282976660661381175e+03	2.346712495208178317e-01	1.547988388850030372e-01	2.651058375242681953e-01	1.570953487787772329e-01	7.451860123130817082e-02	3.316436785366134316e-02	8.064575620581521109e-02
1.284427991725477568e+03	2.344825841318253501e-01	1.546818488746491138e-01	2.652362921402409146e-01	1.571678180007404779e-01	7.455160426346027491e-02	3.318597462547480392e-02	8.069387796326010776e-02
1.285879322789574417e+03	2.342942557563004735e-01	1.545650488696529712e-01	2.653665190353312608e-01	1.572401759651958220e-01	7.458455051313450657e-02	3.320754002549505812e-02	8.074190983454097859e-02
1.287330653853671038e+03	2.341062638001006890e-01	1.544484385565570994e-01	2.654965185851142495e-01	1.573124227858049562e-01	7.461744007922417599e-02	3.322906416110191913e-02	8.078985203174801621e-02
1.288781984917767431e+03	2.339186076701052219e-01	1.543320176224211582e-01	2.656262911645932423e-01	1.573845585765254740e-01	7.465027306066152057e-02	3.325054713913271065e-02	8.083770476621174317e-02
1.290233315981864052e+03	2.337312867742136757e-01	1.542157857548210054e-01	2.657558371482009463e-01	1.574565834516099272e-01	7.468304955640980847e-02	3.327198906588890032e-02	8.088546824850680050e-02
