1.001418434226643626e+03	2.783421592872587502e-01	1.815695703671952876e-01	2.349711732647366547e-01	1.407608984791184348e-01	6.702950341135255341e-02	2.804040593935049758e-02	6.928628925064070354e-02
1.002869765290740247e+03	2.780736984492471753e-01	1.814102959528125225e-01	2.351528668432764368e-01	1.408578811708927347e-01	6.707310104892071079e-02	2.807464621699593335e-02	6.935751031750733708e-02
1.004321096354836754e+03	2.778057147500730961e-01	1.812512793985342485e-01	2.353342428943222264e-01	1.409547032464649463e-01	6.711672571839155665e-02	2.810874993375208492e-02	6.942858405811466738e-02
1.005772427418933376e+03	2.775382074691233325e-01	1.810925202797891431e-01	2.355153020439208211e-01	1.410513663447807986e-01	6.716037393478481443e-02	2.814271943663850320e-02	6.949951049061534047e-02
1.007223758483029997e+03	2.772711758831719053e-01	1.809340181727358554e-01	2.356960449135413471e-01	1.411478720456261771e-01	6.720404233157580010e-02	2.817655699926783358e-02	6.957028965373383833e-02
1.008675089547126618e+03	2.770046192665080453e-01	1.807757726542607302e-01	2.358764721202028514e-01	1.412442218716513931e-01	6.724772765690455179e-02	2.821026482441822344e-02	6.964092160570695134e-02
1.010126420611223239e+03	2.767385368910604826e-01	1.806177833019755041e-01	2.360565842765974254e-01	1.413404172903303946e-01	6.729142676990203242e-02	2.824384504651119773e-02	6.971140642327573744e-02
1.011577751675319632e+03	2.764729280265172950e-01	1.804600496942150301e-01	2.362363819912094987e-01	1.414364597158560277e-01	6.733513663712992203e-02	2.827729973399863497e-02	6.978174420072637274e-02
1.013029082739416367e+03	2.762077919404419823e-01	1.803025714100353061e-01	2.364158658684313019e-01	1.415323505109736535e-01	6.737885432913078010e-02	2.831063089166236876e-02	6.985193504897738159e-02
1.014480413803512761e+03	2.759431278983861535e-01	1.801453480292110609e-01	2.365950365086744445e-01	1.416280909887549233e-01	6.742257701708531670e-02	2.834384046282971067e-02	6.992197909471106754e-02
1.015931744867609382e+03	2.756789351639981067e-01	1.799883791322338389e-01	2.367738945084778557e-01	1.417236824143141838e-01	6.746630196957362213e-02	2.837693033150813851e-02	6.999187647954691061e-02
1.017383075931706003e+03	2.754152129991278564e-01	1.798316643003098070e-01	2.369524404606123125e-01	1.418191260064682047e-01	6.751002654943730197e-02	2.840990232444222732e-02	7.006162735925484941e-02
1.018834406995802851e+03	2.751519606639292737e-01	1.796752031153578399e-01	2.371306749541814973e-01	1.419144229393421719e-01	6.755374821073954761e-02	2.844275821309576527e-02	7.013123190300651899e-02
1.020285738059899245e+03	2.748891774169581192e-01	1.795189951600073552e-01	2.373085985747196980e-01	1.420095743439228064e-01	6.759746449582022809e-02	2.847549971556191661e-02	7.020069029266245986e-02
1.021737069123995752e+03	2.746268625152675780e-01	1.793630400175964257e-01	2.374862119042866204e-01	1.421045813095607735e-01	6.764117303244318591e-02	2.850812849840414151e-02	7.027000272209379950e-02
1.023188400188092373e+03	2.743650152145004073e-01	1.792073372721698643e-01	2.376635155215586215e-01	1.421994448854237147e-01	6.768487153103303067e-02	2.854064617843050933e-02	7.033916939653635236e-02
1.024639731252188767e+03	2.741036347689779218e-01	1.790518865084772260e-01	2.378405100019173324e-01	1.422941660819015963e-01	6.772855778199862731e-02	2.857305432440388968e-02	7.040819053197590327e-02
1.026091062316285615e+03	2.738427204317862018e-01	1.788966873119709755e-01	2.380171959175353957e-01	1.423887458719657328e-01	6.777222965314082248e-02	2.860535445869047053e-02	7.047706635456285618e-02
1.027542393380382237e+03	2.735822714548595269e-01	1.787417392688046280e-01	2.381935738374592049e-01	1.424831851924833193e-01	6.781588508714186947e-02	2.863754805884890370e-02	7.054579710005504101e-02
1.028993724444478858e+03	2.733222870890609224e-01	1.785870419658308339e-01	2.383696443276889787e-01	1.425774849454884141e-01	6.785952209913392874e-02	2.866963655916230855e-02	7.061438301328712419e-02
1.030445055508575479e+03	2.730627665842600971e-01	1.784325949905997410e-01	2.385454079512564218e-01	1.426716459994110675e-01	6.790313877434445144e-02	2.870162135211526411e-02	7.068282434766549882e-02
1.031896386572671872e+03	2.728037091894087718e-01	1.782783979313570244e-01	2.387208652682996923e-01	1.427656691902658703e-01	6.794673326581598949e-02	2.873350378981788175e-02	7.075112136468722501e-02
1.033347717636768493e+03	2.725451141526139542e-01	1.781244503770423315e-01	2.388960168361358438e-01	1.428595553228011739e-01	6.799030379219822562e-02	2.876528518537888046e-02	7.081927433348200740e-02
1.034799048700865114e+03	2.722869807212079385e-01	1.779707519172873398e-01	2.390708632093311303e-01	1.429533051716102288e-01	6.803384863561001694e-02	2.879696681422960758e-02	7.088728353037611341e-02
1.036250379764961508e+03	2.720293081418166947e-01	1.778173021424142020e-01	2.392454049397688132e-01	1.430469194822055756e-01	6.807736613956934246e-02	2.882854991540080916e-02	7.095514923847691391e-02
1.037701710829058356e+03	2.717720956604258165e-01	1.776641006434337422e-01	2.394196425767148584e-01	1.431403989720577419e-01	6.812085470698893419e-02	2.886003569275391242e-02	7.102287174727740793e-02
1.039153041893154750e+03	2.715153425224438588e-01	1.775111470120439572e-01	2.395935766668815525e-01	1.432337443315993275e-01	6.816431279823587097e-02	2.889142531616848211e-02	7.109045135227944068e-02
1.040604372957251599e+03	2.712590479727642889e-01	1.773584408406282120e-01	2.397672077544887592e-01	1.433269562251958951e-01	6.820773892925278969e-02	2.892271992268751965e-02	7.115788835463499051e-02
1.042055704021347992e+03	2.710032112558249939e-01	1.772059817222536859e-01	2.399405363813235104e-01	1.434200352920844412e-01	6.825113166973921508e-02	2.895392061762211075e-02	7.122518306080448391e-02
1.043507035085444613e+03	2.707478316156655684e-01	1.770537692506697902e-01	2.401135630867975157e-01	1.435129821472805323e-01	6.829448964139077372e-02	2.898502847561693768e-02	7.129233578223131973e-02
1.044958366149541234e+03	2.704929082959830478e-01	1.769018030203065861e-01	2.402862884080027295e-01	1.436057973824551581e-01	6.833781151619487682e-02	2.901604454167810987e-02	7.135934683503190878e-02
1.046409697213637855e+03	2.702384405401856426e-01	1.767500826262731473e-01	2.404587128797652795e-01	1.436984815667825266e-01	6.838109601478073452e-02	2.904696983216469366e-02	7.142621653970042395e-02
1.047861028277734476e+03	2.699844275914445868e-01	1.765986076643560609e-01	2.406308370346973702e-01	1.437910352477591303e-01	6.842434190482239720e-02	2.907780533574524234e-02	7.149294522082759451e-02
1.049312359341831097e+03	2.697308686927445409e-01	1.764473777310179847e-01	2.408026614032477974e-01	1.438834589519956131e-01	6.846754799949288095e-02	2.910855201432064818e-02	7.155953320683290653e-02
1.050763690405927491e+03	2.694777630869319429e-01	1.762963924233958979e-01	2.409741865137505490e-01	1.439757531859821027e-01	6.851071315596793387e-02	2.913921080391451354e-02	7.162598082970941804e-02
1.052215021470024112e+03	2.692251100167618039e-01	1.761456513392999357e-01	2.411454128924719609e-01	1.440679184368277577e-01	6.855383627397791668e-02	2.916978261553225191e-02	7.169228842478071739e-02
1.053666352534120733e+03	2.689729087249430606e-01	1.759951540772115297e-01	2.413163410636564310e-01	1.441599551729754736e-01	6.859691629440614613e-02	2.920026833599005667e-02	7.175845633046951111e-02
1.055117683598217127e+03	2.687211584541823739e-01	1.758449002362823810e-01	2.414869715495703562e-01	1.442518638448926638e-01	6.863995219793246616e-02	2.923066882871479602e-02	7.182448488807713360e-02
1.056569014662313975e+03	2.684698584472263172e-01	1.756948894163326280e-01	2.416573048705448756e-01	1.443436448857385035e-01	6.868294300372035366e-02	2.926098493451595450e-02	7.189037444157349299e-02
1.058020345726410369e+03	2.682190079469021216e-01	1.755451212178496256e-01	2.418273415450171715e-01	1.444352987120089971e-01	6.872588776814650413e-02	2.929121747233057876e-02	7.195612533739707828e-02
1.059471676790506763e+03	2.679686061961572552e-01	1.753955952419864461e-01	2.419970820895703534e-01	1.445268257241600629e-01	6.876878558357130133e-02	2.932136723994221289e-02	7.202173792426441734e-02
1.060923007854603611e+03	2.677186524380974486e-01	1.752463110905605193e-01	2.421665270189720942e-01	1.446182263072094965e-01	6.881163557714907453e-02	2.935143501467480862e-02	7.208721255298856934e-02
1.062374338918700232e+03	2.674691459160234430e-01	1.750972683660521334e-01	2.423356768462121003e-01	1.447095008313187825e-01	6.885443690967672781e-02	2.938142155406245695e-02	7.215254957630633237e-02
1.063825669982796853e+03	2.672200858734664619e-01	1.749484666716032699e-01	2.425045320825381656e-01	1.448006496523549791e-01	6.889718877447963130e-02	2.941132759649583636e-02	7.221774934871361129e-02
1.065277001046893474e+03	2.669714715542226835e-01	1.747999056110159655e-01	2.426730932374911720e-01	1.448916731124336166e-01	6.893989039633359461e-02	2.944115386184623442e-02	7.228281222630861258e-02
1.066728332110990095e+03	2.667233022023862143e-01	1.746515847887512018e-01	2.428413608189389505e-01	1.449825715404431947e-01	6.898254103042175678e-02	2.947090105206791322e-02	7.234773856664258873e-02
1.068179663175086489e+03	2.664755770623811193e-01	1.745035038099273794e-01	2.430093353331090889e-01	1.450733452525516387e-01	6.902513996132532414e-02	2.950056985177962332e-02	7.241252872857760481e-02
1.069630994239183110e+03	2.662282953789922857e-01	1.743556622803191514e-01	2.431770172846204059e-01	1.451639945526957687e-01	6.906768650204692106e-02	2.953016092882599156e-02	7.247718307215120226e-02
1.071082325303279504e+03	2.659814563973951773e-01	1.742080598063559804e-01	2.433444071765139272e-01	1.452545197330539495e-01	6.911017999306581783e-02	2.955967493481952493e-02	7.254170195844739100e-02
1.072533656367376352e+03	2.657350593631846447e-01	1.740606959951208343e-01	2.435115055102821946e-01	1.453449210745024478e-01	6.915261980142373144e-02	2.958911250566392467e-02	7.260608574947399751e-02
1.073984987431472746e+03	2.654891035224026807e-01	1.739135704543488814e-01	2.436783127858982712e-01	1.454351988470564128e-01	6.919500531984038028e-02	2.961847426205933831e-02	7.267033480804577228e-02
1.075436318495569594e+03	2.652435881215652880e-01	1.737666827924263524e-01	2.438448295018433021e-01	1.455253533102956187e-01	6.923733596585783523e-02	2.964776080999024371e-02	7.273444949767311762e-02
1.076887649559666215e+03	2.649985124076881804e-01	1.736200326183890696e-01	2.440110561551333823e-01	1.456153847137756085e-01	6.927961118101268190e-02	2.967697274119654449e-02	7.279843018245618635e-02
1.078338980623762609e+03	2.647538756283119299e-01	1.734736195419213090e-01	2.441769932413457300e-01	1.457052932974247372e-01	6.932183043003523060e-02	2.970611063362851509e-02	7.286227722698411513e-02
1.079790311687859230e+03	2.645096770315258916e-01	1.733274431733544674e-01	2.443426412546436943e-01	1.457950792919276151e-01	6.936399320007467784e-02	2.973517505188612298e-02	7.292599099623911507e-02
1.081241642751955851e+03	2.642659158659912966e-01	1.731815031236657865e-01	2.445080006878010970e-01	1.458847429190952005e-01	6.940609899994969190e-02	2.976416654764330733e-02	7.298957185550516980e-02
1.082692973816052472e+03	2.640225913809640668e-01	1.730357990044772420e-01	2.446730720322257968e-01	1.459742843922220701e-01	6.944814735942336781e-02	2.979308566005775538e-02	7.305302017028118822e-02
1.084144304880149093e+03	2.637797028263161314e-01	1.728903304280542119e-01	2.448378557779825604e-01	1.460637039164316975e-01	6.949013782850185783e-02	2.982193291616664840e-02	7.311633630619841784e-02
1.085595635944245487e+03	2.635372494525560771e-01	1.727450970073042547e-01	2.450023524138150721e-01	1.461530016890094097e-01	6.953206997675601131e-02	2.985070883126895655e-02	7.317952062894177157e-02
1.087046967008342108e+03	2.632952305108497426e-01	1.726000983557758328e-01	2.451665624271671950e-01	1.462421778997238520e-01	6.957394339266503858e-02	2.987941390929462968e-02	7.324257350417520684e-02
1.088498298072438729e+03	2.630536452530392033e-01	1.724553340876573415e-01	2.453304863042038153e-01	1.463312327311374894e-01	6.961575768298178257e-02	2.990804864316129463e-02	7.330549529747057425e-02
1.089949629136535123e+03	2.628124929316615899e-01	1.723108038177756374e-01	2.454941245298306873e-01	1.464201663589060620e-01	6.965751247211868225e-02	2.993661351511876095e-02	7.336828637424010202e-02
1.091400960200631971e+03	2.625717727999669071e-01	1.721665071615950116e-01	2.456574775877138628e-01	1.465089789520677699e-01	6.969920740155390038e-02	2.996510899708185530e-02	7.343094709967212808e-02
1.092852291264728365e+03	2.623314841119359087e-01	1.720224437352158575e-01	2.458205459602984255e-01	1.465976706733223556e-01	6.974084212925685256e-02	2.999353555095196980e-02	7.349347783867014872e-02
1.094303622328825213e+03	2.620916261222960286e-01	1.718786131553736996e-01	2.459833301288265328e-01	1.466862416793002222e-01	6.978241632913256831e-02	3.002189362892770941e-02	7.355587895579478175e-02
1.095754953392921607e+03	2.618521980865380905e-01	1.717350150394378050e-01	2.461458305733550678e-01	1.467746921208223643e-01	6.982392969048435705e-02	3.005018367380501640e-02	7.361815081520871329e-02
1.097206284457018228e+03	2.616131992609318502e-01	1.715916490054102128e-01	2.463080477727726258e-01	1.468630221431511396e-01	6.986538191749402937e-02	3.007840611926716062e-02	7.368029378062439239e-02
1.098657615521114849e+03	2.613746289025404290e-01	1.714485146719244568e-01	2.464699822048159183e-01	1.469512318862320199e-01	6.990677272871918813e-02	3.010656139016494939e-02	7.374230821525441792e-02
1.100108946585211470e+03	2.611364862692352462e-01	1.713056116582444000e-01	2.466316343460857041e-01	1.470393214849270991e-01	6.994810185660708945e-02	3.013464990278747271e-02	7.380419448176440966e-02
1.101560277649308091e+03	2.608987706197095635e-01	1.711629395842630963e-01	2.467930046720622494e-01	1.471272910692400793e-01	6.998936904702438011e-02	3.016267206512373428e-02	7.386595294222830788e-02
1.103011608713404712e+03	2.606614812134919190e-01	1.710204980705018474e-01	2.469540936571201217e-01	1.472151407645335419e-01	7.003057405880246111e-02	3.019062827711549088e-02	7.392758395808597671e-02
1.104462939777501106e+03	2.604246173109591167e-01	1.708782867381087311e-01	2.471149017745428444e-01	1.473028706917383912e-01	7.007171666329760351e-02	3.021851893090158822e-02	7.398908789010304188e-02
1.105914270841597499e+03	2.601881781733483834e-01	1.707363052088577693e-01	2.472754294965367472e-01	1.473904809675558314e-01	7.011279664396573297e-02	3.024634441105410188e-02	7.405046509833278223e-02
1.107365601905694348e+03	2.599521630627693036e-01	1.705945531051475950e-01	2.474356772942445382e-01	1.474779717046521832e-01	7.015381379595103661e-02	3.027410509480657833e-02	7.411171594208004754e-02
1.108816932969790741e+03	2.597165712422154771e-01	1.704530300500005091e-01	2.475956456377584047e-01	1.475653430118468168e-01	7.019476792568829504e-02	3.030180135227461199e-02	7.417284077986713298e-02
1.110268264033887590e+03	2.594814019755752876e-01	1.703117356670612037e-01	2.477553349961328089e-01	1.476525949942932292e-01	7.023565885051817614e-02	3.032943354666906358e-02	7.423383996940147167e-02
1.111719595097984211e+03	2.592466545276425061e-01	1.701706695805958180e-01	2.479147458373967550e-01	1.477397277536537101e-01	7.027648639831532429e-02	3.035700203450216253e-02	7.429471386754496476e-02
1.113170926162080832e+03	2.590123281641266151e-01	1.700298314154906898e-01	2.480738786285656139e-01	1.478267413882677350e-01	7.031725040712864805e-02	3.038450716578672967e-02	7.435546283028515724e-02
1.114622257226177226e+03	2.587784221516625238e-01	1.698892207972514112e-01	2.482327338356528357e-01	1.479136359933142519e-01	7.035795072483345958e-02	3.041194928422875920e-02	7.441608721270795423e-02
1.116073588290273847e+03	2.585449357578198382e-01	1.697488373520015803e-01	2.483913119236809686e-01	1.480004116609681120e-01	7.039858720879524356e-02	3.043932872741363094e-02	7.447658736897175280e-02
1.117524919354370468e+03	2.583118682511121866e-01	1.696086807064818569e-01	2.485496133566926502e-01	1.480870684805508652e-01	7.043915972554430638e-02	3.046664582698608431e-02	7.453696365228319742e-02
1.118976250418467089e+03	2.580792189010056026e-01	1.694687504880487139e-01	2.487076385977609605e-01	1.481736065386759782e-01	7.047966815046140254e-02	3.049390090882427018e-02	7.459721641487421229e-02
1.120427581482563710e+03	2.578469869779269619e-01	1.693290463246735489e-01	2.488653881089996911e-01	1.482600259193889713e-01	7.052011236747358913e-02	3.052109429320800510e-02	7.465734600798037968e-02
1.121878912546660331e+03	2.576151717532719765e-01	1.691895678449415186e-01	2.490228623515731710e-01	1.483463267043021727e-01	7.056049226876018321e-02	3.054822629498147799e-02	7.471735278182060902e-02
1.123330243610756725e+03	2.573837724994129661e-01	1.690503146780504562e-01	2.491800617857057587e-01	1.484325089727247804e-01	7.060080775446853085e-02	3.057529722371057565e-02	7.477723708557808269e-02
1.124781574674853118e+03	2.571527884897060190e-01	1.689112864538097614e-01	2.493369868706911963e-01	1.485185728017879569e-01	7.064105873243904654e-02	3.060230738383500071e-02	7.483699926738217323e-02
1.126232905738949967e+03	2.569222189984981530e-01	1.687724828026395119e-01	2.494936380649014906e-01	1.486045182665653164e-01	7.068124511793948128e-02	3.062925707481541429e-02	7.489663967429172065e-02
1.127684236803046360e+03	2.566920633011341435e-01	1.686339033555692701e-01	2.496500158257956847e-01	1.486903454401892755e-01	7.072136683340791985e-02	3.065614659127570418e-02	7.495615865227915620e-02
1.129135567867143209e+03	2.564623206739627403e-01	1.684955477442370009e-01	2.498061206099282117e-01	1.487760543939625757e-01	7.076142380820428512e-02	3.068297622314059350e-02	7.501555654621572256e-02
1.130586898931239830e+03	2.562329903943432741e-01	1.683574156008881550e-01	2.499619528729570828e-01	1.488616451974660304e-01	7.080141597837015521e-02	3.070974625576872175e-02	7.507483369985763766e-02
1.132038229995336451e+03	2.560040717406512623e-01	1.682195065583745597e-01	2.501175130696519089e-01	1.489471179186621641e-01	7.084134328639651867e-02	3.073645697008138902e-02	7.513399045583327163e-02
1.133489561059432845e+03	2.557755639922842938e-01	1.680818202501532799e-01	2.502728016539013667e-01	1.490324726239948550e-01	7.088120568099912089e-02	3.076310864268707451e-02	7.519302715563104533e-02
1.134940892123529466e+03	2.555474664296673581e-01	1.679443563102857584e-01	2.504278190787208036e-01	1.491177093784854524e-01	7.092100311690148484e-02	3.078970154600187137e-02	7.525194413958831430e-02
1.136392223187626087e+03	2.553197783342579519e-01	1.678071143734366777e-01	2.505825657962594821e-01	1.492028282458250088e-01	7.096073555462495408e-02	3.081623594836602545e-02	7.531074174688094647e-02
1.137843554251722708e+03	2.550924989885512972e-01	1.676700940748729329e-01	2.507370422578074631e-01	1.492878292884630698e-01	7.100040296028579945e-02	3.084271211415665070e-02	7.536942031551374654e-02
1.139294885315819101e+03	2.548656276760848938e-01	1.675332950504626606e-01	2.508912489138025448e-01	1.493727125676934386e-01	7.104000530539900105e-02	3.086913030389679818e-02	7.542798018231158808e-02
1.140746216379915950e+03	2.546391636814432369e-01	1.673967169366741281e-01	2.510451862138366463e-01	1.494574781437360278e-01	7.107954256668864990e-02	3.089549077436097579e-02	7.548642168291126719e-02
1.142197547444012343e+03	2.544131062902619256e-01	1.672603593705747627e-01	2.511988546066624695e-01	1.495421260758160731e-01	7.111901472590456685e-02	3.092179377867724024e-02	7.554474515175395311e-02
1.143648878508108737e+03	2.541874547892317704e-01	1.671242219898302073e-01	2.513522545401993824e-01	1.496266564222401563e-01	7.115842176964509713e-02	3.094803956642599996e-02	7.560295092207837409e-02
1.145100209572205586e+03	2.539622084661029011e-01	1.669883044327031274e-01	2.515053864615398038e-01	1.497110692404692578e-01	7.119776368918571963e-02	3.097422838373562262e-02	7.566103932591451697e-02
1.146551540636302207e+03	2.537373666096884861e-01	1.668526063380524060e-01	2.516582508169548094e-01	1.497953645871888673e-01	7.123704048031344327e-02	3.100036047337492717e-02	7.571901069407803442e-02
1.148002871700398828e+03	2.535129285098680629e-01	1.667171273453319780e-01	2.518108480518999048e-01	1.498795425183766239e-01	7.127625214316667124e-02	3.102643607484275451e-02	7.577686535616506847e-02
1.149454202764495449e+03	2.532888934575910356e-01	1.665818670945898861e-01	2.519631786110204108e-01	1.499636030893669869e-01	7.131539868208042199e-02	3.105245542445461346e-02	7.583460364054775416e-02
1.150905533828591842e+03	2.530652607448800051e-01	1.664468252264673098e-01	2.521152429381569027e-01	1.500475463549136024e-01	7.135448010543671282e-02	3.107841875542655119e-02	7.589222587437005618e-02
1.152356864892688463e+03	2.528420296648336563e-01	1.663120013821975107e-01	2.522670414763504843e-01	1.501313723692489777e-01	7.139349642551988395e-02	3.110432629795635909e-02	7.594973238354427170e-02
1.153808195956785084e+03	2.526191995116296440e-01	1.661773952036048607e-01	2.524185746678476172e-01	1.502150811861421020e-01	7.143244765837687693e-02	3.113017827930215919e-02	7.600712349274785229e-02
1.155259527020881706e+03	2.523967695805274247e-01	1.660430063331038986e-01	2.525698429541052836e-01	1.502986728589532084e-01	7.147133382368200949e-02	3.115597492385849265e-02	7.606439952542073946e-02
1.156710858084978327e+03	2.521747391678707539e-01	1.659088344136981918e-01	2.527208467757955379e-01	1.503821474406870085e-01	7.151015494460641331e-02	3.118171645322997607e-02	7.612156080376314415e-02
1.158162189149074720e+03	2.519531075710899626e-01	1.657748790889795598e-01	2.528715865728102807e-01	1.504655049840431524e-01	7.154891104769170451e-02	3.120740308630262638e-02	7.617860764873370105e-02
1.159613520213171569e+03	2.517318740887046769e-01	1.656411400031268799e-01	2.530220627842655334e-01	1.505487455414650511e-01	7.158760216272801180e-02	3.123303503931290637e-02	7.623554038004788647e-02
1.161064851277267962e+03	2.515110380203254281e-01	1.655076168009053106e-01	2.531722758485061564e-01	1.506318691651864217e-01	7.162622832263597361e-02	3.125861252591459472e-02	7.629235931617704691e-02
1.162516182341364356e+03	2.512905986666560954e-01	1.653743091276650978e-01	2.533222262031098460e-01	1.507148759072760580e-01	7.166478956335271822e-02	3.128413575724355022e-02	7.634906477434759420e-02
1.163967513405461204e+03	2.510705553294957371e-01	1.652412166293406870e-01	2.534719142848912421e-01	1.507977658196806292e-01	7.170328592372170184e-02	3.130960494198039429e-02	7.640565707054057520e-02
1.165418844469557826e+03	2.508509073117401456e-01	1.651083389524498901e-01	2.536213405299061474e-01	1.508805389542658415e-01	7.174171744538614115e-02	3.133502028641126091e-02	7.646213651949160250e-02
1.166870175533654447e+03	2.506316539173837898e-01	1.649756757440926647e-01	2.537705053734550797e-01	1.509631953628556844e-01	7.178008417268613717e-02	3.136038199448663161e-02	7.651850343469103477e-02
1.168321506597751068e+03	2.504127944515211479e-01	1.648432266519503642e-01	2.539194092500875466e-01	1.510457350972700674e-01	7.181838615255911606e-02	3.138569026787829674e-02	7.657475812838449025e-02
1.169772837661847461e+03	2.501943282203483165e-01	1.647109913242846280e-01	2.540680525936054313e-01	1.511281582093608467e-01	7.185662343444372546e-02	3.141094530603455448e-02	7.663090091157356842e-02
1.171224168725944082e+03	2.499762545311641770e-01	1.645789694099364653e-01	2.542164358370666011e-01	1.512104647510463251e-01	7.189479607018688101e-02	3.143614730623370268e-02	7.668693209401689082e-02
1.172675499790040703e+03	2.497585726923718108e-01	1.644471605583252283e-01	2.543645594127885712e-01	1.512926547743441708e-01	7.193290411395396322e-02	3.146129646363583082e-02	7.674285198423143328e-02
1.174126830854137097e+03	2.495412820134794429e-01	1.643155644194478071e-01	2.545124237523518906e-01	1.513747283314029191e-01	7.197094762214198416e-02	3.148639297133301596e-02	7.679866088949396929e-02
1.175578161918233945e+03	2.493243818051016081e-01	1.641841806438775198e-01	2.546600292866031956e-01	1.514566854745320879e-01	7.200892665329576559e-02	3.151143702039798516e-02	7.685435911584288793e-02
1.177029492982330339e+03	2.491078713789600663e-01	1.640530088827632516e-01	2.548073764456587620e-01	1.515385262562309043e-01	7.204684126802682331e-02	3.153642879993122372e-02	7.690994696808009512e-02
1.178480824046426733e+03	2.488917500478845524e-01	1.639220487878284283e-01	2.549544656589074476e-01	1.516202507292157553e-01	7.208469152893505483e-02	3.156136849710667464e-02	7.696542474977317860e-02
1.179932155110523581e+03	2.486760171258137475e-01	1.637913000113700723e-01	2.551012973550141338e-01	1.517018589464463330e-01	7.212247750053300821e-02	3.158625629721601574e-02	7.702079276325780877e-02
1.181383486174620202e+03	2.484606719277957509e-01	1.636607622062579426e-01	2.552478719619221126e-01	1.517833509611506981e-01	7.216019924917278783e-02	3.161109238371157676e-02	7.707605130964026441e-02
1.182834817238716823e+03	2.482457137699888017e-01	1.635304350259334794e-01	2.553941899068564725e-01	1.518647268268490391e-01	7.219785684297530537e-02	3.163587693824791713e-02	7.713120068880012503e-02
1.184286148302813444e+03	2.480311419696617226e-01	1.634003181244089165e-01	2.555402516163269300e-01	1.519459865973761814e-01	7.223545035176198725e-02	3.166061014072219654e-02	7.718624119939321293e-02
1.185737479366910065e+03	2.478169558451945031e-01	1.632704111562663096e-01	2.556860575161303273e-01	1.520271303269033758e-01	7.227297984698877187e-02	3.168529216931324083e-02	7.724117313885461855e-02
1.187188810431006686e+03	2.476031547160785495e-01	1.631407137766566484e-01	2.558316080313535190e-01	1.521081580699586988e-01	7.231044540168234114e-02	3.170992320051949087e-02	7.729599680340185075e-02
1.188640141495103080e+03	2.473897379029170174e-01	1.630112256412988014e-01	2.559769035863760922e-01	1.521890698814466758e-01	7.234784709037847539e-02	3.173450340919573009e-02	7.735071248803826460e-02
1.190091472559199701e+03	2.471767047274249784e-01	1.628819464064787392e-01	2.561219446048728088e-01	1.522698658166666552e-01	7.238518498906250376e-02	3.175903296858877123e-02	7.740532048655650310e-02
1.191542803623296322e+03	2.469640545124298647e-01	1.627528757290484795e-01	2.562667315098161591e-01	1.523505459313305166e-01	7.242245917511180853e-02	3.178351205037201893e-02	7.745982109154209150e-02
1.192994134687392716e+03	2.467517865818711909e-01	1.626240132664251714e-01	2.564112647234788600e-01	1.524311102815793517e-01	7.245966972724016131e-02	3.180794082467904016e-02	7.751421459437717043e-02
1.194445465751489564e+03	2.465399002608008594e-01	1.624953586765901792e-01	2.565555446674360751e-01	1.525115589239992298e-01	7.249681672544408539e-02	3.183231946013605207e-02	7.756850128524434007e-02
1.195896796815585958e+03	2.463283948753831609e-01	1.623669116180881944e-01	2.566995717625681905e-01	1.525918919156362130e-01	7.253390025095091120e-02	3.185664812389353562e-02	7.762268145313065693e-02
1.197348127879682352e+03	2.461172697528944409e-01	1.622386717500262088e-01	2.568433464290624801e-01	1.526721093140104291e-01	7.257092038616873297e-02	3.188092698165683608e-02	7.767675538583163064e-02
1.198799458943779200e+03	2.459065242217233216e-01	1.621106387320727371e-01	2.569868690864160476e-01	1.527522111771295321e-01	7.260787721463782263e-02	3.190515619771589623e-02	7.773072336995540121e-02
1.200250790007875821e+03	2.456961576113702028e-01	1.619828122244566793e-01	2.571301401534374365e-01	1.528321975635013319e-01	7.264477082098397265e-02	3.192933593497408046e-02	7.778458569092699948e-02
1.201702121071972442e+03	2.454861692524472616e-01	1.618551918879666263e-01	2.572731600482490721e-01	1.529120685321455619e-01	7.268160129087325450e-02	3.195346635497618021e-02	7.783834263299264922e-02
1.203153452136069063e+03	2.452765584766781193e-01	1.617277773839498056e-01	2.574159291882893164e-01	1.529918241426051762e-01	7.271836871096831745e-02	3.197754761793557970e-02	7.789199447922424968e-02
1.204604783200165684e+03	2.450673246168973696e-01	1.616005683743112209e-01	2.575584479903144652e-01	1.530714644549568682e-01	7.275507316888624176e-02	3.200157988276060989e-02	7.794554151152377486e-02
1.206056114264262078e+03	2.448584670070504121e-01	1.614735645215126247e-01	2.577007168704008033e-01	1.531509895298208968e-01	7.279171475315776574e-02	3.202556330708017374e-02	7.799898401062789477e-02
1.207507445328358699e+03	2.446499849821929251e-01	1.613467654885717417e-01	2.578427362439464909e-01	1.532303994283703008e-01	7.282829355318792830e-02	3.204949804726860141e-02	7.805232225611258290e-02
1.208958776392455093e+03	2.444418778784903101e-01	1.612201709390612969e-01	2.579845065256736736e-01	1.533096942123396422e-01	7.286480965921804387e-02	3.207338425846976981e-02	7.810555652639784852e-02
1.210410107456551941e+03	2.442341450332173591e-01	1.610937805371081000e-01	2.581260281296301473e-01	1.533888739440329163e-01	7.290126316228900949e-02	3.209722209462056997e-02	7.815868709875245512e-02
1.211861438520648335e+03	2.440267857847576161e-01	1.609675939473921569e-01	2.582673014691914126e-01	1.534679386863311845e-01	7.293765415420580545e-02	3.212101170847366655e-02	7.821171424929873606e-02
1.213312769584745183e+03	2.438197994726027940e-01	1.608416108351457263e-01	2.584083269570622288e-01	1.535468885026995411e-01	7.297398272750318937e-02	3.214475325161961217e-02	7.826463825301746557e-02
1.214764100648841804e+03	2.436131854373521921e-01	1.607158308661524593e-01	2.585491050052787232e-01	1.536257234571934416e-01	7.301024897541268099e-02	3.216844687450832324e-02	7.831745938375275773e-02
1.216215431712937971e+03	2.434069430207119467e-01	1.605902537067464553e-01	2.586896360252098903e-01	1.537044436144646975e-01	7.304645299183055995e-02	3.219209272646998687e-02	7.837017791421703461e-02
1.217666762777034819e+03	2.432010715654944477e-01	1.604648790238113742e-01	2.588299204275593679e-01	1.537830490397670558e-01	7.308259487128702936e-02	3.221569095573530855e-02	7.842279411599603622e-02
1.219118093841131440e+03	2.429955704156174789e-01	1.603397064847795483e-01	2.589699586223671024e-01	1.538615397989610556e-01	7.311867470891637855e-02	3.223924170945526718e-02	7.847530825955378875e-02
1.220569424905228061e+03	2.427904389161035792e-01	1.602147357576310105e-01	2.591097510190111253e-01	1.539399159585187193e-01	7.315469260042820054e-02	3.226274513372022479e-02	7.852772061423776706e-02
1.222020755969324682e+03	2.425856764130791821e-01	1.600899665108927450e-01	2.592492980262089408e-01	1.540181775855276047e-01	7.319064864207962262e-02	3.228620137357860603e-02	7.858003144828390463e-02
1.223472087033421303e+03	2.423812822537738387e-01	1.599653984136376050e-01	2.593886000520193025e-01	1.540963247476946629e-01	7.322654293064842501e-02	3.230961057305495321e-02	7.863224102882181155e-02
1.224923418097517697e+03	2.421772557865193021e-01	1.598410311354835633e-01	2.595276575038437672e-01	1.541743575133493471e-01	7.326237556340715884e-02	3.233297287516757879e-02	7.868434962187985382e-02
1.226374749161614318e+03	2.419735963607486384e-01	1.597168643465928517e-01	2.596664707884280832e-01	1.542522759514468600e-01	7.329814663809808284e-02	3.235628842194566979e-02	7.873635749239039916e-02
1.227826080225710712e+03	2.417703033269953949e-01	1.595928977176707952e-01	2.598050403118638552e-01	1.543300801315705406e-01	7.333385625290902987e-02	3.237955735444592725e-02	7.878826490419499340e-02
1.229277411289807560e+03	2.415673760368926004e-01	1.594691309199653129e-01	2.599433664795899879e-01	1.544077701239341960e-01	7.336950450645007837e-02	3.240277981276876856e-02	7.884007212004959242e-02
1.230728742353903954e+03	2.413648138431718215e-01	1.593455636252656960e-01	2.600814496963940181e-01	1.544853459993840439e-01	7.340509149773100095e-02	3.242595593607410648e-02	7.889177940162979408e-02
1.232180073418000802e+03	2.411626160996621915e-01	1.592221955059019145e-01	2.602192903664138912e-01	1.545628078294002672e-01	7.344061732613953175e-02	3.244908586259664246e-02	7.894338700953608401e-02
1.233631404482097196e+03	2.409607821612893275e-01	1.590990262347436457e-01	2.603568888931388492e-01	1.546401556860982629e-01	7.347608209142039715e-02	3.247216972966081305e-02	7.899489520329915082e-02
1.235082735546193817e+03	2.407593113840743870e-01	1.589760554851994134e-01	2.604942456794114292e-01	1.547173896422296968e-01	7.351148589365501251e-02	3.249520767369529911e-02	7.904630424138514577e-02
1.236534066610290438e+03	2.405582031251330410e-01	1.588532829312157557e-01	2.606313611274283515e-01	1.547945097711831974e-01	7.354682883324194231e-02	3.251819983024716726e-02	7.909761438120094246e-02
1.237985397674387059e+03	2.403574567426742248e-01	1.587307082472762254e-01	2.607682356387420741e-01	1.548715161469847168e-01	7.358211101087801242e-02	3.254114633399561585e-02	7.914882587909947975e-02
1.239436728738483680e+03	2.401570715959991664e-01	1.586083311084006686e-01	2.609048696142621804e-01	1.549484088442977803e-01	7.361733252754011636e-02	3.256404731876537395e-02	7.919993899038506313e-02
1.240888059802580301e+03	2.399570470455002491e-01	1.584861511901441977e-01	2.610412634542566002e-01	1.550251879384233200e-01	7.365249348446757660e-02	3.258690291753974649e-02	7.925095396931865210e-02
1.242339390866676695e+03	2.397573824526599007e-01	1.583641681685964142e-01	2.611774175583528312e-01	1.551018535052994807e-01	7.368759398314519982e-02	3.260971326247333324e-02	7.930187106912317541e-02
1.243790721930773088e+03	2.395580771800493447e-01	1.582423817203804650e-01	2.613133323255394935e-01	1.551784056215009255e-01	7.372263412528687332e-02	3.263247848490436614e-02	7.935269054198886007e-02
1.245242052994869937e+03	2.393591305913275735e-01	1.581207915226522653e-01	2.614490081541671618e-01	1.552548443642380871e-01	7.375761401281981378e-02	3.265519871536682467e-02	7.940341263907851888e-02
1.246693384058966330e+03	2.391605420512400437e-01	1.579993972530994994e-01	2.615844454419501974e-01	1.553311698113563066e-01	7.379253374786920450e-02	3.267787408360211393e-02	7.945403761053293490e-02
1.248144715123063179e+03	2.389623109256175104e-01	1.578781985899408435e-01	2.617196445859673037e-01	1.554073820413344187e-01	7.382739343274359600e-02	3.270050471857058327e-02	7.950456570547602408e-02
1.249596046187159800e+03	2.387644365813747227e-01	1.577571952119250775e-01	2.618546059826632466e-01	1.554834811332836131e-01	7.386219316992066741e-02	3.272309074846263544e-02	7.955499717202031695e-02
1.251047377251256421e+03	2.385669183865093412e-01	1.576363867983301970e-01	2.619893300278498538e-01	1.555594671669456308e-01	7.389693306203345968e-02	3.274563230070962061e-02	7.960533225727214890e-02
1.252498708315352815e+03	2.383697557101005227e-01	1.575157730289625801e-01	2.621238171167072917e-01	1.556353402226912097e-01	7.393161321185723334e-02	3.276812950199445296e-02	7.965557120733694763e-02
1.253950039379449436e+03	2.381729479223077817e-01	1.573953535841561280e-01	2.622580676437850644e-01	1.557111003815180306e-01	7.396623372229670090e-02	3.279058247826192873e-02	7.970571426732458997e-02
1.255401370443546057e+03	2.379764943943696587e-01	1.572751281447713201e-01	2.623920820030033463e-01	1.557867477250487465e-01	7.400079469637368956e-02	3.281299135472885015e-02	7.975576168135461996e-02
1.256852701507642678e+03	2.377803944986023599e-01	1.571550963921944377e-01	2.625258605876540363e-01	1.558622823355286235e-01	7.403529623721537278e-02	3.283535625589381612e-02	7.980571369256156400e-02
1.258304032571739299e+03	2.375846476083986192e-01	1.570352580083366756e-01	2.626594037904019241e-01	1.559377042958232928e-01	7.406973844804272400e-02	3.285767730554687432e-02	7.985557054310012115e-02
1.259755363635835920e+03	2.373892530982261717e-01	1.569156126756332814e-01	2.627927120032857999e-01	1.560130136894160857e-01	7.410412143215955316e-02	3.287995462677884007e-02	7.990533247415045059e-02
1.261206694699932314e+03	2.371942103436265603e-01	1.567961600770426955e-01	2.629257856177196206e-01	1.560882106004055359e-01	7.413844529294183472e-02	3.290218834199047648e-02	7.995499972592344518e-02
1.262658025764028707e+03	2.369995187212137477e-01	1.566768998960457460e-01	2.630586250244935087e-01	1.561632951135024372e-01	7.417271013382743805e-02	3.292437857290140407e-02	8.000457253766589394e-02
1.264109356828125556e+03	2.368051776086727844e-01	1.565578318166447325e-01	2.631912306137748070e-01	1.562382673140270128e-01	7.420691605830628812e-02	3.294652544055881593e-02	8.005405114766568631e-02
1.265560687892221949e+03	2.366111863847584207e-01	1.564389555233625939e-01	2.633236027751094110e-01	1.563131272879059452e-01	7.424106316991078980e-02	3.296862906534596405e-02	8.010343579325705787e-02
1.267012018956318798e+03	2.364175444292937467e-01	1.563202707012420201e-01	2.634557418974223797e-01	1.563878751216691010e-01	7.427515157220664077e-02	3.299068956699051369e-02	8.015272671082572520e-02
1.268463350020415419e+03	2.362242511231688324e-01	1.562017770358446744e-01	2.635876483690196004e-01	1.564625109024464222e-01	7.430918136878397751e-02	3.301270706457260645e-02	8.020192413581404833e-02
1.269914681084511813e+03	2.360313058483392290e-01	1.560834742132502784e-01	2.637193225775882888e-01	1.565370347179644850e-01	7.434315266324885429e-02	3.303468167653281218e-02	8.025102830272620724e-02
1.271366012148608434e+03	2.358387079878247472e-01	1.559653619200558616e-01	2.638507649101982655e-01	1.566114466565431129e-01	7.437706555921497209e-02	3.305661352067987974e-02	8.030003944513330882e-02
1.272817343212705055e+03	2.356464569257078756e-01	1.558474398433747632e-01	2.639819757533030109e-01	1.566857468070919357e-01	7.441092016029578204e-02	3.307850271419832122e-02	8.034895779567850782e-02
1.274268674276801676e+03	2.354545520471324205e-01	1.557297076708359373e-01	2.641129554927405532e-01	1.567599352591065587e-01	7.444471657009685273e-02	3.310034937365578106e-02	8.039778358608208608e-02
1.275720005340898297e+03	2.352629927383021458e-01	1.556121650905829823e-01	2.642437045137346896e-01	1.568340121026650935e-01	7.447845489220845938e-02	3.312215361501028021e-02	8.044651704714651796e-02
1.277171336404994690e+03	2.350717783864792465e-01	1.554948117912734185e-01	2.643742232008958193e-01	1.569079774284242723e-01	7.451213523019854790e-02	3.314391555361729386e-02	8.049515840876157735e-02
1.278622667469091539e+03	2.348809083799829611e-01	1.553776474620777726e-01	2.645045119382218313e-01	1.569818313276156729e-01	7.454575768760589305e-02	3.316563530423669026e-02	8.054370789990929203e-02
1.280073998533187932e+03	2.346903821081880448e-01	1.552606717926787727e-01	2.646345711090994923e-01	1.570555738920417499e-01	7.457932236793349268e-02	3.318731298103945460e-02	8.059216574866903682e-02
1.281525329597284326e+03	2.345001989615234650e-01	1.551438844732705158e-01	2.647644010963050576e-01	1.571292052140718654e-01	7.461282937464225329e-02	3.320894869761434332e-02	8.064053218222250186e-02
1.282976660661381175e+03	2.343103583314708194e-01	1.550272851945575514e-01	2.648940022820054363e-01	1.572027253866382923e-01	7.464627881114491159e-02	3.323054256697435122e-02	8.068880742685863305e-02
1.284427991725477568e+03	2.341208596105628925e-01	1.549108736477541326e-01	2.650233750477589689e-01	1.572761345032321345e-01	7.467967078080010868e-02	3.325209470156306746e-02	8.073699170797862812e-02
1.285879322789574417e+03	2.339317021923821849e-01	1.547946495245834386e-01	2.651525197745166484e-01	1.573494326578991909e-01	7.471300538690681114e-02	3.327360521326085119e-02	8.078508525010083541e-02
1.287330653853671038e+03	2.337428854715594417e-01	1.546786125172764925e-01	2.652814368426229530e-01	1.574226199452356256e-01	7.474628273269878775e-02	3.329507421339093776e-02	8.083308827686570830e-02
1.288781984917767431e+03	2.335544088437721544e-01	1.545627623185716337e-01	2.654101266318166230e-01	1.574956964603839715e-01	7.477950292133948851e-02	3.331650181272537148e-02	8.088100101104064854e-02
1.290233315981864052e+03	2.333662717057431168e-01	1.544470986217135189e-01	2.655385895212320491e-01	1.575686622990286334e-01	7.481266605591688212e-02	3.333788812149082043e-02	8.092882367452489123e-02
