1.301360187473271253e+03	2.355760141585152290e-01	1.505899808649479865e-01	2.588767851084842198e-01	1.615914838557057920e-01	7.607359979669180150e-02	3.360519745827274946e-02	8.368693875703407670e-02
1.306197957686926657e+03	2.349953372975759625e-01	1.501804048625524635e-01	2.592308049879236687e-01	1.618468566381048301e-01	7.618175869614493556e-02	3.369246670303848584e-02	8.387237081431143937e-02
1.311035727900581833e+03	2.344179920365420111e-01	1.497731400291283099e-01	2.595829800382883912e-01	1.621006332243347392e-01	7.628933755905002723e-02	3.377921323884967852e-02	8.405670387345864913e-02
1.315873498114237009e+03	2.338439580092801229e-01	1.493681743870340362e-01	2.599333188625637669e-01	1.623528250178046806e-01	7.639633933392933618e-02	3.386544045714497131e-02	8.423994393189486452e-02
1.320711268327892412e+03	2.332732150414843775e-01	1.489654959606457330e-01	2.602818300378232919e-01	1.626034433222457443e-01	7.650276695665890470e-02	3.395115170174905356e-02	8.442209697904469456e-02
1.325549038541547588e+03	2.327057431454200298e-01	1.485650927800065413e-01	2.606285221152491727e-01	1.628524993428731582e-01	7.660862335048725102e-02	3.403635027126328955e-02	8.460316899435239846e-02
1.330386808755202765e+03	2.321415225149252026e-01	1.481669528842535777e-01	2.609734036201399876e-01	1.631000041875271811e-01	7.671391142605901714e-02	3.412103942128238976e-02	8.478316594546445040e-02
1.335224578968857941e+03	2.315805335206569116e-01	1.477710643248344724e-01	2.613164830519070225e-01	1.633459688677934007e-01	7.681863408144259942e-02	3.420522236645031494e-02	8.496209378656706390e-02
1.340062349182513572e+03	2.310227567055678499e-01	1.473774151685254274e-01	2.616577688840600602e-01	1.635904043001029928e-01	7.692279420216095731e-02	3.428890228236763926e-02	8.513995845686682384e-02
1.344900119396168748e+03	2.304681727806021097e-01	1.469859935002615081e-01	2.619972695641847316e-01	1.638333213068138283e-01	7.702639466122475354e-02	3.437208230736161357e-02	8.531676587920315746e-02
1.349737889609823924e+03	2.299167626205973758e-01	1.465967874257899928e-01	2.623349935139119848e-01	1.640747306172729569e-01	7.712943831916757587e-02	3.445476554412921222e-02	8.549252195878259686e-02
1.354575659823479100e+03	2.293685072603828257e-01	1.462097850741563010e-01	2.626709491288811704e-01	1.643146428688610494e-01	7.723192802408228308e-02	3.453695506126298193e-02	8.566723258202509073e-02
1.359413430037134731e+03	2.288233878910623242e-01	1.458249746000323810e-01	2.630051447786971308e-01	1.645530686080194094e-01	7.733386661165848885e-02	3.461865389466833864e-02	8.584090361551371950e-02
1.364251200250789907e+03	2.282813858564726184e-01	1.454423441858954114e-01	2.633375888068824611e-01	1.647900182912600542e-01	7.743525690522072569e-02	3.469986504888063206e-02	8.601354090503988969e-02
1.369088970464445310e+03	2.277424826498073429e-01	1.450618820440663370e-01	2.636682895308261054e-01	1.650255022861592535e-01	7.753610171576688637e-02	3.478059149828953422e-02	8.618515027473633294e-02
1.373926740678100487e+03	2.272066599103979845e-01	1.446835764186150675e-01	2.639972552417275131e-01	1.652595308723353862e-01	7.763640384200705402e-02	3.486083618827768432e-02	8.635573752629112365e-02
1.378764510891755890e+03	2.266738994206430047e-01	1.443074155871404696e-01	2.643244942045385182e-01	1.654921142424110314e-01	7.773616607040215176e-02	3.494060203628011202e-02	8.652530843823652562e-02
1.383602281105411066e+03	2.261441831030777116e-01	1.439333878624318719e-01	2.646500146579026658e-01	1.657232625029599615e-01	7.783539117520264783e-02	3.501989193277035145e-02	8.669386876530654762e-02
1.388440051319066470e+03	2.256174930175769422e-01	1.435614815940187416e-01	2.649738248140924846e-01	1.659529856754397570e-01	7.793408191848692768e-02	3.509870874217883852e-02	8.686142423785803146e-02
1.393277821532721646e+03	2.250938113586833933e-01	1.431916851696148907e-01	2.652959328589452048e-01	1.661812936971098775e-01	7.803224105019945789e-02	3.517705530374858058e-02	8.702798056135024884e-02
1.398115591746377049e+03	2.245731204530553859e-01	1.428239870164630942e-01	2.656163469517975884e-01	1.664081964219359111e-01	7.812987130818857540e-02	3.525493443233285173e-02	8.719354341587827462e-02
1.402953361960032225e+03	2.240554027570269835e-01	1.424583756025857295e-01	2.659350752254194261e-01	1.666337036214801393e-01	7.822697541824391587e-02	3.533234891913930587e-02	8.735811845575611190e-02
1.407791132173687402e+03	2.235406408542749412e-01	1.420948394379469015e-01	2.662521257859472579e-01	1.668578249857792517e-01	7.832355609413341191e-02	3.540930153242446282e-02	8.752171130914544739e-02
1.412628902387342805e+03	2.230288174535867418e-01	1.417333670755305808e-01	2.665675067128170372e-01	1.670805701242085717e-01	7.841961603763981936e-02	3.548579501814225906e-02	8.768432757772667840e-02
1.417466672600997981e+03	2.225199153867239155e-01	1.413739471123400815e-01	2.668812260586976293e-01	1.673019485663343464e-01	7.851515793859689674e-02	3.556183210055022942e-02	8.784597283640857568e-02
1.422304442814653157e+03	2.220139176063763431e-01	1.410165681903228774e-01	2.671932918494241416e-01	1.675219697627531867e-01	7.861018447492512662e-02	3.563741548277626209e-02	8.800665263307376474e-02
1.427142213028308333e+03	2.215108071842016857e-01	1.406612189972253624e-01	2.675037120839315330e-01	1.677406430859198494e-01	7.870469831266700689e-02	3.571254784734913257e-02	8.816637248835711149e-02
1.431979983241963964e+03	2.210105673089465539e-01	1.403078882673810257e-01	2.678124947341894435e-01	1.679579778309631677e-01	7.879870210602193947e-02	3.578723185669525214e-02	8.832513789545427818e-02
1.436817753455619140e+03	2.205131812846440886e-01	1.399565647824364267e-01	2.681196477451374127e-01	1.681739832164904636e-01	7.889219849738067503e-02	3.586147015360431622e-02	8.848295431995825688e-02
1.441655523669274316e+03	2.200186325288843447e-01	1.396072373720180781e-01	2.684251790346211530e-01	1.683886683853808852e-01	7.898519011735952167e-02	3.593526536166612162e-02	8.863982719972150759e-02
1.446493293882929493e+03	2.195269045711539524e-01	1.392598949143438181e-01	2.687290964933299331e-01	1.686020424055676148e-01	7.907767958483408188e-02	3.600862008568062739e-02	8.879576194474160522e-02
1.451331064096585123e+03	2.190379810512406156e-01	1.389145263367816130e-01	2.690314079847352380e-01	1.688141142708094178e-01	7.916966950697267025e-02	3.608153691204331326e-02	8.895076393706873030e-02
1.456168834310240300e+03	2.185518457176996998e-01	1.385711206163590947e-01	2.693321213450310392e-01	1.690248929014516177e-01	7.926116247926953684e-02	3.615401840910763970e-02	8.910483853073293548e-02
1.461006604523895703e+03	2.180684824263794674e-01	1.382296667802265233e-01	2.696312443830749528e-01	1.692343871451769399e-01	7.935216108557766046e-02	3.622606712752625413e-02	8.925799105168985559e-02
1.465844374737550879e+03	2.175878751390015742e-01	1.378901539060758408e-01	2.699287848803311740e-01	1.694426057777459194e-01	7.944266789814140306e-02	3.629768560057255317e-02	8.941022679778318216e-02
1.470682144951206283e+03	2.171100079217945233e-01	1.375525711225182024e-01	2.702247505908152991e-01	1.696495575037279546e-01	7.953268547762887275e-02	3.636887634444405104e-02	8.956155103872272261e-02
1.475519915164861459e+03	2.166348649441767193e-01	1.372169076094227891e-01	2.705191492410407017e-01	1.698552509572220925e-01	7.962221637316409251e-02	3.643964185854881715e-02	8.971196901607646212e-02
1.480357685378516862e+03	2.161624304774868721e-01	1.368831525982185937e-01	2.708119885299662410e-01	1.700596947025686811e-01	7.971126312235897460e-02	3.650998462577629416e-02	8.986148594327593442e-02
1.485195455592172038e+03	2.156926888937591991e-01	1.365512953721620404e-01	2.711032761289465243e-01	1.702628972350517522e-01	7.979982825134518398e-02	3.657990711275360685e-02	9.001010700563329137e-02
1.490033225805827215e+03	2.152256246645411208e-01	1.362213252665714913e-01	2.713930196816833340e-01	1.704648669815919393e-01	7.988791427480576579e-02	3.664941177008836093e-02	9.015783736036953044e-02
1.494870996019482618e+03	2.147612223597513692e-01	1.358932316690315278e-01	2.716812268041794987e-01	1.706656123014307080e-01	7.997552369600673117e-02	3.671850103259906989e-02	9.030468213665260313e-02
1.499708766233137567e+03	2.142994666465760090e-01	1.355670040195681159e-01	2.719679050846943169e-01	1.708651414868057050e-01	8.006265900682854597e-02	3.678717731953387582e-02	9.045064643564494633e-02
1.504546536446793198e+03	2.138403422884010696e-01	1.352426318107966541e-01	2.722530620837012028e-01	1.710634627636174188e-01	8.014932268779739744e-02	3.685544303477859135e-02	9.059573533055918781e-02
1.509384306660448374e+03	2.133838341437792885e-01	1.349201045880443484e-01	2.725367053338472734e-01	1.712605842920874866e-01	8.023551720811661347e-02	3.692330056705477037e-02	9.073995386672170649e-02
1.514222076874103550e+03	2.129299271654295223e-01	1.345994119494487995e-01	2.728188423399151019e-01	1.714565141674084803e-01	8.032124502569784608e-02	3.699075229010845289e-02	9.088330706164329809e-02
1.519059847087758726e+03	2.124786063992674112e-01	1.342805435460336094e-01	2.730994805787860247e-01	1.716512604203857262e-01	8.040650858719232408e-02	3.705780056289039587e-02	9.102579990509605812e-02
1.523897617301414357e+03	2.120298569834651592e-01	1.339634890817628099e-01	2.733786274994061682e-01	1.718448310180708538e-01	8.049131032802205044e-02	3.712444772972823409e-02	9.116743735919634328e-02
1.528735387515069533e+03	2.115836641475392355e-01	1.336482383135753904e-01	2.736562905227541420e-01	1.720372338643876842e-01	8.057565267241098561e-02	3.719069612049123730e-02	9.130822435849295093e-02
1.533573157728724709e+03	2.111400132114648331e-01	1.333347810514008969e-01	2.739324770418110622e-01	1.722284768007502354e-01	8.065953803341624484e-02	3.725654805074818388e-02	9.144816581006021128e-02
1.538410927942380113e+03	2.106988895848153631e-01	1.330231071581574609e-01	2.742071944215322410e-01	1.724185676066729844e-01	8.074296881295933703e-02	3.732200582191874672e-02	9.158726659359552047e-02
1.543248698156035516e+03	2.102602787659259287e-01	1.327132065497330093e-01	2.744804499988215962e-01	1.726075140003738850e-01	8.082594740185738980e-02	3.738707172141898794e-02	9.172553156152082887e-02
1.548086468369690692e+03	2.098241663410794489e-01	1.324050691949512082e-01	2.747522510825076703e-01	1.727953236393697245e-01	8.090847617985447160e-02	3.745174802280121229e-02	9.186296553908787632e-02
1.552924238583346096e+03	2.093905379837146252e-01	1.320986851155224462e-01	2.750226049533218697e-01	1.729820041210644033e-01	8.099055751565287231e-02	3.751603698588868580e-02	9.199957332448663316e-02
1.557762008797001272e+03	2.089593794536542537e-01	1.317940443859813848e-01	2.752915188638789812e-01	1.731675629833300811e-01	8.107219376694457802e-02	3.757994085690550407e-02	9.213535968895669725e-02
1.562599779010656675e+03	2.085306765963533815e-01	1.314911371336113799e-01	2.755590000386594629e-01	1.733520077050811625e-01	8.115338728044260708e-02	3.764346186860197119e-02	9.227032937690152203e-02
1.567437549224311852e+03	2.081044153421657550e-01	1.311899535383569682e-01	2.758250556739939574e-01	1.735353457068414817e-01	8.123414039191266534e-02	3.770660224037579444e-02	9.240448710600485116e-02
1.572275319437967255e+03	2.076805817056282810e-01	1.308904838327250852e-01	2.760896929380499132e-01	1.737175843513046325e-01	8.131445542620463485e-02	3.776936417838936549e-02	9.253783756734948462e-02
1.577113089651622431e+03	2.072591617847621692e-01	1.305927183016756254e-01	2.763529189708203715e-01	1.738987309438876361e-01	8.139433469728432624e-02	3.783174987568335007e-02	9.267038542553787672e-02
1.581950859865277607e+03	2.068401417603903114e-01	1.302966472825020650e-01	2.766147408841143629e-01	1.740787927332780038e-01	8.147378050826528662e-02	3.789376151228689843e-02	9.280213531881451039e-02
1.586788630078933011e+03	2.064235078954697600e-01	1.300022611647028148e-01	2.768751657615496908e-01	1.742577769119742492e-01	8.155279515144053804e-02	3.795540125532467085e-02	9.293309185918972870e-02
1.591626400292587959e+03	2.060092465344391388e-01	1.297095503898439695e-01	2.771342006585476581e-01	1.744356906168201271e-01	8.163138090831466298e-02	3.801667125912089329e-02	9.306325963256498190e-02
1.596464170506243590e+03	2.055973441025795712e-01	1.294185054514139510e-01	2.773918526023299025e-01	1.746125409295324338e-01	8.170954004963583428e-02	3.807757366530056115e-02	9.319264319885919856e-02
1.601301940719898766e+03	2.051877871053891522e-01	1.291291168946704926e-01	2.776481285919167319e-01	1.747883348772227841e-01	8.178727483542792831e-02	3.813811060288809646e-02	9.332124709213623914e-02
1.606139710933553943e+03	2.047805621279700783e-01	1.288413753164806552e-01	2.779030355981280676e-01	1.749630794329131156e-01	8.186458751502283249e-02	3.819828418840350709e-02	9.344907582073314067e-02
1.610977481147209119e+03	2.043756558344276830e-01	1.285552713651542667e-01	2.781565805635858313e-01	1.751367815160452535e-01	8.194148032709284990e-02	3.825809652595629079e-02	9.357613386738922179e-02
1.615815251360864750e+03	2.039730549672812976e-01	1.282707957402711429e-01	2.784087704027182752e-01	1.753094479929845906e-01	8.201795549968310395e-02	3.831754970733717430e-02	9.370242568937574290e-02
1.620653021574519926e+03	2.035727463468859078e-01	1.279879391925028420e-01	2.786596120017666989e-01	1.754810856775178285e-01	8.209401525024420665e-02	3.837664581210777082e-02	9.382795571862613537e-02
1.625490791788175102e+03	2.031747168708644413e-01	1.277066925234287553e-01	2.789091122187931648e-01	1.756517013313449727e-01	8.216966178566492696e-02	3.843538690768843330e-02	9.395272836186668863e-02
1.630328562001830505e+03	2.027789535135502141e-01	1.274270465853476475e-01	2.791572778836911017e-01	1.758213016645657767e-01	8.224489730230497009e-02	3.849377504944424128e-02	9.407674800074744548e-02
1.635166332215485909e+03	2.023854433254388685e-01	1.271489922810843942e-01	2.794041157981967949e-01	1.759898933361606077e-01	8.231972398602799279e-02	3.855181228076931532e-02	9.420001899197347206e-02
1.640004102429141085e+03	2.019941734326497762e-01	1.268725205637926678e-01	2.796496327359032641e-01	1.761574829544654275e-01	8.239414401223453532e-02	3.860950063316957726e-02	9.432254566743628055e-02
1.644841872642796488e+03	2.016051310363960181e-01	1.265976224367535152e-01	2.798938354422755292e-01	1.763240770776418886e-01	8.246815954589523101e-02	3.866684212634396989e-02	9.444433233434530728e-02
1.649679642856451665e+03	2.012183034124631065e-01	1.263242889531707158e-01	2.801367306346682073e-01	1.764896822141417410e-01	8.254177274158402966e-02	3.872383876826427512e-02	9.456538327535940480e-02
1.654517413070107068e+03	2.008336779106956460e-01	1.260525112159622818e-01	2.803783250023439422e-01	1.766543048231659918e-01	8.261498574351161528e-02	3.878049255525359285e-02	9.468570274871843107e-02
1.659355183283762244e+03	2.004512419544918489e-01	1.257822803775493214e-01	2.806186252064945541e-01	1.768179513151188764e-01	8.268780068555880991e-02	3.883680547206355693e-02	9.480529498837454716e-02
1.664192953497417420e+03	2.000709830403056000e-01	1.255135876396420713e-01	2.808576378802628004e-01	1.769806280520569153e-01	8.276021969131018563e-02	3.889277949195034390e-02	9.492416420412361222e-02
1.669030723711072824e+03	1.996928887371556272e-01	1.252464242530231253e-01	2.810953696287668002e-01	1.771423413481324483e-01	8.283224487408777370e-02	3.894841657674954355e-02	9.504231458173623137e-02
1.673868493924728000e+03	1.993169466861415551e-01	1.249807815173285819e-01	2.813318270291253476e-01	1.773030974700326445e-01	8.290387833698481534e-02	3.900371867694994721e-02	9.515975028308863715e-02
1.678706264138383403e+03	1.989431445999666759e-01	1.247166507808269431e-01	2.815670166304853339e-01	1.774629026374133223e-01	8.297512217289966518e-02	3.905868773176631586e-02	9.527647544629330723e-02
1.683544034352038352e+03	1.985714702624671590e-01	1.244540234401960710e-01	2.818009449540501699e-01	1.776217630233279110e-01	8.304597846456977794e-02	3.911332566921115611e-02	9.539249418582930462e-02
1.688381804565693983e+03	1.982019115281471733e-01	1.241928909402984921e-01	2.820336184931104273e-01	1.777796847546518066e-01	8.311644928460584780e-02	3.916763440616557318e-02	9.550781059267224316e-02
1.693219574779349159e+03	1.978344563217201701e-01	1.239332447739550785e-01	2.822650437130753143e-01	1.779366739125018970e-01	8.318653669552594776e-02	3.922161584844924970e-02	9.562242873442390600e-02
1.698057344993004335e+03	1.974690926376557187e-01	1.236750764817173692e-01	2.824952270515063146e-01	1.780927365326512857e-01	8.325624274978980777e-02	3.927527189088951542e-02	9.573635265544151729e-02
1.702895115206659511e+03	1.971058085397320581e-01	1.234183776516385861e-01	2.827241749181518271e-01	1.782478786059396303e-01	8.332556948983320388e-02	3.932860441738969537e-02	9.584958637696655570e-02
1.707732885420315142e+03	1.967445921605935899e-01	1.231631399190436238e-01	2.829518936949833585e-01	1.784021060786788737e-01	8.339451894810240296e-02	3.938161530099661134e-02	9.596213389725308240e-02
1.712570655633970318e+03	1.963854317013139228e-01	1.229093549662981233e-01	2.831783897362331603e-01	1.785554248530545063e-01	8.346309314708877380e-02	3.943430640396734799e-02	9.607399919169579139e-02
1.717408425847625494e+03	1.960283154309634679e-01	1.226570145225765601e-01	2.834036693684332531e-01	1.787078407875222763e-01	8.353129409936335681e-02	3.948667957783532495e-02	9.618518621295735205e-02
1.722246196061280898e+03	1.956732316861821974e-01	1.224061103636298331e-01	2.836277388904560603e-01	1.788593596972007371e-01	8.359912380761158612e-02	3.953873666347568899e-02	9.629569889109544645e-02
1.727083966274936301e+03	1.953201688707567329e-01	1.221566343115521452e-01	2.838506045735559313e-01	1.790099873542594089e-01	8.366658426466813681e-02	3.959047949116999143e-02	9.640554113368920985e-02
1.731921736488591478e+03	1.949691154552021244e-01	1.219085782345474545e-01	2.840722726614121618e-01	1.791597294883026659e-01	8.373367745355171643e-02	3.964190988067027577e-02	9.651471682596514390e-02
1.736759506702246881e+03	1.946200599763477923e-01	1.216619340466955218e-01	2.842927493701734587e-01	1.793085917867495160e-01	8.380040534750012038e-02	3.969302964126254080e-02	9.662322983092257178e-02
1.741597276915902057e+03	1.942729910369279667e-01	1.214166937077177655e-01	2.845120408885034591e-01	1.794565798952091340e-01	8.386676991000514836e-02	3.974384057182961394e-02	9.673108398945844122e-02
1.746435047129557461e+03	1.939278973051757615e-01	1.211728492227428372e-01	2.847301533776277482e-01	1.796036994178523416e-01	8.393277309484772908e-02	3.979434446091344169e-02	9.683828312049168330e-02
1.751272817343212637e+03	1.935847675144217461e-01	1.209303926420721154e-01	2.849470929713816547e-01	1.797499559177792028e-01	8.399841684613307269e-02	3.984454308677680412e-02	9.694483102108690520e-02
1.756110587556867813e+03	1.932435904626959300e-01	1.206893160609452537e-01	2.851628657762599328e-01	1.798953549173823718e-01	8.406370309832589260e-02	3.989443821746454372e-02	9.705073146657761107e-02
1.760948357770523216e+03	1.929043550123337170e-01	1.204496116193057298e-01	2.853774778714666116e-01	1.800399018987068056e-01	8.412863377628564121e-02	3.994403161086424597e-02	9.715598821068874291e-02
1.765786127984178393e+03	1.925670500895854675e-01	1.202112715015664773e-01	2.855909353089671199e-01	1.801836023038054235e-01	8.419321079530189822e-02	3.999332501476637186e-02	9.726060498565872181e-02
1.770623898197833569e+03	1.922316646842295584e-01	1.199742879363758091e-01	2.858032441135406332e-01	1.803264615350909372e-01	8.425743606112968964e-02	4.004232016692398782e-02	9.736458550236087861e-02
1.775461668411488745e+03	1.918981878491888282e-01	1.197386531963835488e-01	2.860144102828340307e-01	1.804684849556839887e-01	8.432131147002498717e-02	4.009101879511191985e-02	9.746793345042420453e-02
1.780299438625144376e+03	1.915666087001506313e-01	1.195043595980074536e-01	2.862244397874166291e-01	1.806096778897574862e-01	8.438483890878012428e-02	4.013942261718551896e-02	9.757065249835365772e-02
1.785137208838799552e+03	1.912369164151899448e-01	1.192713995012000400e-01	2.864333385708361934e-01	1.807500456228773866e-01	8.444802025475933727e-02	4.018753334113892711e-02	9.767274629364972038e-02
1.789974979052454728e+03	1.909091002343956123e-01	1.190397653092158253e-01	2.866411125496757251e-01	1.808895934023396490e-01	8.451085737593441727e-02	4.023535266516290593e-02	9.777421846292744245e-02
1.794812749266109904e+03	1.905831494595000009e-01	1.188094494683790137e-01	2.868477676136116372e-01	1.810283264375036616e-01	8.457335213092018189e-02	4.028288227770224911e-02	9.787507261203484688e-02
1.799650519479765535e+03	1.902590534535114064e-01	1.185804444678517644e-01	2.870533096254724303e-01	1.811662499001223114e-01	8.463550636901023827e-02	4.033012385751274381e-02	9.797531232617071040e-02
1.804488289693420711e+03	1.899368016403496229e-01	1.183527428394028774e-01	2.872577444212986997e-01	1.813033689246682789e-01	8.469732193021259348e-02	4.037707907371775734e-02	9.807494117000178924e-02
1.809326059907075887e+03	1.896163835044843149e-01	1.181263371571772414e-01	2.874610778104039199e-01	1.814396886086570571e-01	8.475880064528536206e-02	4.042374958586434502e-02	9.817396268777930923e-02
1.814163830120731291e+03	1.892977885905764157e-01	1.179012200374657815e-01	2.876633155754362292e-01	1.815752140129664460e-01	8.481994433577254300e-02	4.047013704397905975e-02	9.827238040345502579e-02
1.819001600334386467e+03	1.889810065031220232e-01	1.176773841384761571e-01	2.878644634724408791e-01	1.817099501621528557e-01	8.488075481403978273e-02	4.051624308862328966e-02	9.837019782079647889e-02
1.823839370548041643e+03	1.886660269060992379e-01	1.174548221601041109e-01	2.880645272309240723e-01	1.818439020447640553e-01	8.494123388331006885e-02	4.056206935094824190e-02	9.846741842350176244e-02
1.828677140761696819e+03	1.883528395226177210e-01	1.172335268437055128e-01	2.882635125539166898e-01	1.819770746136487316e-01	8.500138333769965970e-02	4.060761745274955176e-02	9.856404567531364125e-02
1.833514910975352450e+03	1.880414341345707230e-01	1.170134909718693189e-01	2.884614251180401823e-01	1.821094727862628826e-01	8.506120496225380578e-02	4.065288900652151705e-02	9.866008302013304365e-02
1.838352681189008081e+03	1.877318005822897484e-01	1.167947073681910586e-01	2.886582705735722398e-01	1.822411014449728250e-01	8.512070053298262384e-02	4.069788561551098555e-02	9.875553388213197115e-02
1.843190451402663257e+03	1.874239287642017193e-01	1.165771688970473480e-01	2.888540545445135166e-01	1.823719654373553434e-01	8.517987181689695708e-02	4.074260887377083307e-02	9.885040166586574195e-02
1.848028221616318433e+03	1.871178086364888027e-01	1.163608684633711254e-01	2.890487826286551876e-01	1.825020695764942857e-01	8.523872057204417985e-02	4.078706036621316394e-02	9.894468975638467945e-02
1.852865991829973609e+03	1.868134302127504587e-01	1.161457990124277750e-01	2.892424603976473940e-01	1.826314186412744678e-01	8.529724854754409946e-02	4.083124166866210214e-02	9.903840151934514835e-02
1.857703762043628785e+03	1.865107835636678757e-01	1.159319535295920828e-01	2.894350933970681328e-01	1.827600173766722458e-01	8.535545748362477481e-02	4.087515434790627705e-02	9.913154030112003579e-02
1.862541532257283961e+03	1.862098588166709867e-01	1.157193250401260809e-01	2.896266871464932002e-01	1.828878704940432309e-01	8.541334911165844590e-02	4.091879996175093459e-02	9.922410942890855234e-02
1.867379302470939592e+03	1.859106461556076229e-01	1.155079066089578360e-01	2.898172471395664695e-01	1.830149826714070060e-01	8.547092515419731085e-02	4.096218005906976378e-02	9.931611221084549190e-02
1.872217072684594768e+03	1.856131358204149706e-01	1.152976913404611115e-01	2.900067788440710004e-01	1.831413585537288169e-01	8.552818732500944154e-02	4.100529617985636255e-02	9.940755193610986695e-02
1.877054842898249490e+03	1.853173181067933606e-01	1.150886723782359872e-01	2.901952877020008703e-01	1.832670027531985157e-01	8.558513732911458838e-02	4.104814985527536347e-02	9.949843187503290554e-02
1.881892613111905121e+03	1.850231833658821656e-01	1.148808429048903679e-01	2.903827791296337835e-01	1.833919198495064240e-01	8.564177686282008206e-02	4.109074260771329590e-02	9.958875527920553472e-02
1.886730383325560297e+03	1.847307220039379472e-01	1.146741961418225320e-01	2.905692585176037346e-01	1.835161143901166136e-01	8.569810761375661057e-02	4.113307595082906637e-02	9.967852538158519793e-02
1.891568153539215928e+03	1.844399244820148220e-01	1.144687253490046103e-01	2.907547312309750054e-01	1.836395908905371077e-01	8.575413126091403770e-02	4.117515138960417542e-02	9.976774539660202001e-02
1.896405923752871104e+03	1.841507813156467999e-01	1.142644238247669808e-01	2.909392026093161054e-01	1.837623538345875551e-01	8.580984947467720780e-02	4.121697042039258740e-02	9.985641852026454213e-02
1.901243693966526507e+03	1.838632830745322300e-01	1.140612849055837458e-01	2.911226779667749343e-01	1.838844076746640466e-01	8.586526391686175042e-02	4.125853453097031581e-02	9.994454793026474881e-02
1.906081464180181683e+03	1.835774203822205242e-01	1.138593019658591388e-01	2.913051625921537768e-01	1.840057568320012937e-01	8.592037624074974622e-02	4.129984520058471026e-02	1.000321367860825539e-01
1.910919234393836859e+03	1.832931839158005449e-01	1.136584684177149307e-01	2.914866617489855205e-01	1.841264056969320606e-01	8.597518809112555949e-02	4.134090390000343118e-02	1.001191882290896201e-01
1.915757004607492036e+03	1.830105644055914915e-01	1.134587777107788770e-01	2.916671806756098717e-01	1.842463586291440414e-01	8.602970110431154560e-02	4.138171209156310537e-02	1.002057053826527211e-01
1.920594774821147894e+03	1.827295526348352572e-01	1.132602233319741497e-01	2.918467245852503500e-01	1.843656199579340738e-01	8.608391690820366149e-02	4.142227122921774557e-02	1.002916913522364506e-01
1.925432545034802843e+03	1.824501394393911735e-01	1.130627988053097832e-01	2.920252986660916150e-01	1.844841939824598265e-01	8.613783712230714540e-02	4.146258275858681619e-02	1.003771492255053077e-01
1.930270315248458019e+03	1.821723157074324473e-01	1.128664976916721602e-01	2.922029080813576263e-01	1.846020849719889334e-01	8.619146335777212731e-02	4.150264811700304923e-02	1.004620820724253238e-01
1.935108085462113195e+03	1.818960723791446799e-01	1.126713135886175388e-01	2.923795579693896918e-01	1.847192971661455463e-01	8.624479721742925320e-02	4.154246873355997571e-02	1.005464929453650375e-01
1.939945855675768371e+03	1.816214004464260512e-01	1.124772401301655095e-01	2.925552534437253493e-01	1.848358347751545561e-01	8.629784029582519833e-02	4.158204602915914483e-02	1.006303848791959277e-01
1.944783625889424002e+03	1.813482909525896969e-01	1.122842709865936317e-01	2.927299995931778032e-01	1.849517019800832329e-01	8.635059417925816660e-02	4.162138141655706558e-02	1.007137608913922094e-01
1.949621396103079178e+03	1.810767349920677227e-01	1.120923998642329583e-01	2.929038014819151936e-01	1.850669029330804238e-01	8.640306044581338996e-02	4.166047630041191246e-02	1.007966239821301985e-01
1.954459166316734354e+03	1.808067237101170233e-01	1.119016205052647261e-01	2.930766641495410330e-01	1.851814417576135297e-01	8.645524066539851671e-02	4.169933207732989811e-02	1.008789771343870378e-01
1.959296936530389530e+03	1.805382483025271545e-01	1.117119266875179900e-01	2.932485926111744190e-01	1.852953225487029287e-01	8.650713639977905545e-02	4.173795013591140995e-02	1.009608233140388001e-01
1.964134706744044706e+03	1.802713000153298439e-01	1.115233122242682839e-01	2.934195918575307482e-01	1.854085493731541523e-01	8.655874920261363847e-02	4.177633185679685557e-02	1.010421654699581867e-01
1.968972476957700337e+03	1.800058701445101939e-01	1.113357709640374615e-01	2.935896668550032618e-01	1.855211262697877006e-01	8.661008061948938241e-02	4.181447861271223726e-02	1.011230065341115064e-01
1.973810247171355968e+03	1.797419500357198274e-01	1.111492967903943557e-01	2.937588225457440916e-01	1.856330572496666664e-01	8.666113218795708228e-02	4.185239176851449083e-02	1.012033494216552920e-01
1.978648017385010689e+03	1.794795310839917557e-01	1.109638836217566454e-01	2.939270638477464170e-01	1.857443462963219993e-01	8.671190543756637781e-02	4.189007268123650513e-02	1.012831970310321822e-01
1.983485787598666320e+03	1.792186047334569099e-01	1.107795254111937217e-01	2.940943956549264549e-01	1.858549973659755772e-01	8.676240188990096136e-02	4.192752270013191951e-02	1.013625522440663451e-01
1.988323557812321269e+03	1.789591624770624223e-01	1.105962161462305665e-01	2.942608228372061152e-01	1.859650143877611128e-01	8.681262305861360551e-02	4.196474316671963689e-02	1.014414179260584303e-01
1.993161328025976900e+03	1.787011958562916281e-01	1.104139498486526455e-01	2.944263502405956578e-01	1.860744012639428124e-01	8.686257044946121830e-02	4.200173541482810774e-02	1.015197969258798405e-01
1.997999098239632076e+03	1.784446964608856490e-01	1.102327205743118960e-01	2.945909826872767368e-01	1.861831618701320357e-01	8.691224556033977366e-02	4.203850077063930185e-02	1.015976920760665453e-01
2.002836868453287707e+03	1.781896559285668369e-01	1.100525224129337010e-01	2.947547249756857224e-01	1.862913000555014853e-01	8.696164988131926954e-02	4.207504055273247889e-02	1.016751061929123817e-01
2.007674638666942428e+03	1.779360659447637993e-01	1.098733494879248901e-01	2.949175818805974125e-01	1.863988196429977595e-01	8.701078489467853339e-02	4.211135607212767445e-02	1.017520420765617994e-01
2.012512408880597604e+03	1.776839182423379238e-01	1.096951959561828366e-01	2.950795581532086875e-01	1.865057244295514061e-01	8.705965207494002767e-02	4.214744863232894323e-02	1.018285025111020370e-01
2.017350179094252780e+03	1.774332046013117614e-01	1.095180560079054843e-01	2.952406585212226653e-01	1.866120181862852279e-01	8.710825288890451656e-02	4.218331952936733159e-02	1.019044902646548539e-01
2.022187949307908411e+03	1.771839168485988825e-01	1.093419238664025267e-01	2.954008876889329116e-01	1.867177046587203681e-01	8.715658879568582984e-02	4.221897005184365587e-02	1.019800080894676664e-01
2.027025719521564042e+03	1.769360468577352574e-01	1.091667937879074041e-01	2.955602503373082057e-01	1.868227875669804805e-01	8.720466124674533526e-02	4.225440148097093368e-02	1.020550587220042243e-01
2.031863489735218764e+03	1.766895865486126371e-01	1.089926600613905366e-01	2.957187511240769173e-01	1.869272706059938172e-01	8.725247168592653590e-02	4.228961509061669038e-02	1.021296448830347481e-01
2.036701259948874394e+03	1.764445278872129041e-01	1.088195170083734314e-01	2.958763946838121051e-01	1.870311574456935411e-01	8.730002154948945936e-02	4.232461214734493243e-02	1.022037692777255091e-01
2.041539030162529116e+03	1.762008628853445613e-01	1.086473589827438996e-01	2.960331856280165042e-01	1.871344517312159561e-01	8.734731226614510236e-02	4.235939391045789870e-02	1.022774345957280229e-01
2.046376800376184747e+03	1.759585836003802750e-01	1.084761803705722033e-01	2.961891285452078471e-01	1.872371570830967946e-01	8.739434525708966728e-02	4.239396163203761059e-02	1.023506435112675472e-01
2.051214570589840150e+03	1.757176821349964169e-01	1.083059755899282023e-01	2.963442280010042951e-01	1.873392770974657007e-01	8.744112193603881256e-02	4.242831655698710291e-02	1.024233986832312898e-01
2.056052340803495554e+03	1.754781506369139377e-01	1.081367390906996240e-01	2.964984885382100921e-01	1.874408153462388260e-01	8.748764370926188916e-02	4.246245992307151607e-02	1.024957027552559352e-01
2.060890111017150957e+03	1.752399812986405181e-01	1.079684653544111944e-01	2.966519146769009407e-01	1.875417753773096219e-01	8.753391197561588566e-02	4.249639296095884811e-02	1.025675583558147558e-01
2.065727881230805451e+03	1.750031663572147456e-01	1.078011488940448515e-01	2.968045109145103222e-01	1.876421607147375492e-01	8.757992812657953985e-02	4.253011689426058201e-02	1.026389680983042646e-01
2.070565651444461309e+03	1.747676980939513458e-01	1.076347842538608740e-01	2.969562817259148724e-01	1.877419748589353732e-01	8.762569354628721441e-02	4.256363293957195898e-02	1.027099345811302439e-01
2.075403421658116713e+03	1.745335688341880798e-01	1.074693660092200936e-01	2.971072315635210903e-01	1.878412212868543207e-01	8.767120961156273096e-02	4.259694230651212693e-02	1.027804603877934264e-01
2.080241191871772116e+03	1.743007709470341948e-01	1.073048887664070222e-01	2.972573648573511029e-01	1.879399034521677669e-01	8.771647769195316247e-02	4.263004619776398357e-02	1.028505480869746219e-01
2.085078962085427065e+03	1.740692968451201805e-01	1.071413471624539787e-01	2.974066860151291514e-01	1.880380247854528952e-01	8.776149914976251465e-02	4.266294580911384610e-02	1.029202002326193577e-01
2.089916732299082469e+03	1.738391389843490509e-01	1.069787358649661874e-01	2.975551994223677998e-01	1.881355886943707756e-01	8.780627534008528245e-02	4.269564232949084326e-02	1.029894193640220335e-01
2.094754502512737417e+03	1.736102898636490977e-01	1.068170495719478891e-01	2.977029094424545330e-01	1.882325985638447774e-01	8.785080761084003431e-02	4.272813694100612708e-02	1.030582080059095768e-01
2.099592272726392821e+03	1.733827420247280038e-01	1.066562830116293409e-01	2.978498204167380758e-01	1.883290577562372614e-01	8.789509730280278821e-02	4.276043081899180004e-02	1.031265686685247235e-01
2.104430042940048224e+03	1.731564880518286498e-01	1.064964309422948424e-01	2.979959366646153240e-01	1.884249696115244121e-01	8.793914574964037389e-02	4.279252513203970348e-02	1.031945038477087156e-01
2.109267813153704083e+03	1.729315205714858361e-01	1.063374881521117060e-01	2.981412624836176084e-01	1.885203374474697935e-01	8.798295427794367018e-02	4.282442104203990074e-02	1.032620160249835273e-01
2.114105583367359031e+03	1.727078322522849207e-01	1.061794494589601845e-01	2.982858021494975143e-01	1.886151645597959059e-01	8.802652420726080063e-02	4.285611970421897982e-02	1.033291076676337295e-01
2.118943353581013525e+03	1.724854158046215946e-01	1.060223097102643425e-01	2.984295599163156454e-01	1.887094542223543281e-01	8.806985685013021814e-02	4.288762226717815484e-02	1.033957812287877726e-01
2.123781123794669384e+03	1.722642639804629894e-01	1.058660637828238854e-01	2.985725400165273324e-01	1.888032096872943044e-01	8.811295351211366478e-02	4.291892987293108308e-02	1.034620391474988105e-01
2.128618894008324787e+03	1.720443695731104228e-01	1.057107065826469183e-01	2.987147466610693969e-01	1.888964341852295559e-01	8.815581549182907595e-02	4.295004365694153614e-02	1.035278838488252057e-01
2.133456664221980191e+03	1.718257254169632542e-01	1.055562330447836344e-01	2.988561840394468039e-01	1.889891309254037588e-01	8.819844408098342914e-02	4.298096474816082146e-02	1.035933177439103681e-01
2.138294434435635139e+03	1.716083243872843500e-01	1.054026381331609613e-01	2.989968563198198148e-01	1.890813030958542196e-01	8.824084056440539836e-02	4.301169426906500254e-02	1.036583432300623164e-01
2.143132204649290543e+03	1.713921593999666593e-01	1.052499168404181507e-01	2.991367676490903627e-01	1.891729538635743280e-01	8.828300622007803633e-02	4.304223333569186932e-02	1.037229626908326846e-01
2.147969974862945492e+03	1.711772234113012048e-01	1.050980641877432009e-01	2.992759221529890934e-01	1.892640863746743451e-01	8.832494231917123462e-02	4.307258305767776296e-02	1.037871784960952976e-01
2.152807745076601350e+03	1.709635094177465453e-01	1.049470752247103067e-01	2.994143239361620745e-01	1.893547037545405543e-01	8.836665012607422542e-02	4.310274453829412294e-02	1.038509930021242894e-01
2.157645515290255844e+03	1.707510104556994868e-01	1.047969450291182381e-01	2.995519770822575034e-01	1.894448091079932173e-01	8.840813089842786132e-02	4.313271887448386771e-02	1.039144085516718607e-01
2.162483285503912157e+03	1.705397196012670424e-01	1.046476687068294692e-01	2.996888856540126378e-01	1.895344055194429778e-01	8.844938588715695049e-02	4.316250715689754630e-02	1.039774274740454529e-01
2.167321055717567106e+03	1.703296299700397531e-01	1.044992413916103480e-01	2.998250536933401711e-01	1.896234960530455704e-01	8.849041633650227279e-02	4.319211046992930958e-02	1.040400520851846033e-01
2.172158825931222509e+03	1.701207347168663675e-01	1.043516582449722091e-01	2.999604852214151629e-01	1.897120837528556425e-01	8.853122348405274844e-02	4.322152989175262472e-02	1.041022846877372593e-01
2.176996596144877003e+03	1.699130270356297712e-01	1.042049144560132368e-01	3.000951842387615254e-01	1.898001716429785490e-01	8.857180856077728759e-02	4.325076649435584397e-02	1.041641275711357867e-01
2.181834366358532861e+03	1.697065001590241651e-01	1.040590052412612987e-01	3.002291547253385651e-01	1.898877627277212321e-01	8.861217279105676470e-02	4.327982134357753752e-02	1.042255830116723958e-01
2.186672136572187810e+03	1.695011473583336592e-01	1.039139258445177239e-01	3.003624006406276359e-01	1.899748599917414627e-01	8.865231739271564604e-02	4.330869549914161815e-02	1.042866532725742618e-01
2.191509906785843214e+03	1.692969619432118655e-01	1.037696715367018296e-01	3.004949259237183479e-01	1.900614664001958054e-01	8.869224357705371431e-02	4.333739001469227858e-02	1.043473406040781037e-01
2.196347676999498617e+03	1.690939372614631842e-01	1.036262376156964760e-01	3.006267344933952201e-01	1.901475848988862516e-01	8.873195254887759897e-02	4.336590593782874842e-02	1.044076472435044867e-01
2.201185447213154021e+03	1.688920666988247832e-01	1.034836194061943687e-01	3.007578302482237231e-01	1.902332184144054361e-01	8.877144550653223720e-02	4.339424431013981509e-02	1.044675754153315400e-01
2.206023217426809424e+03	1.686913436787505216e-01	1.033418122595452654e-01	3.008882170666367650e-01	1.903183698542806057e-01	8.881072364193220992e-02	4.342240616723816449e-02	1.045271273312683574e-01
2.210860987640464373e+03	1.684917616621953718e-01	1.032008115536041104e-01	3.010178988070206230e-01	1.904030421071163381e-01	8.884978814059303620e-02	4.345039253879451335e-02	1.045863051903279384e-01
2.215698757854119776e+03	1.682933141474016459e-01	1.030606126925800309e-01	3.011468793078009853e-01	1.904872380427356793e-01	8.888864018166225955e-02	4.347820444857159600e-02	1.046451111788997412e-01
2.220536528067775180e+03	1.680959946696862217e-01	1.029212111068860125e-01	3.012751623875290496e-01	1.905709605123205030e-01	8.892728093795049249e-02	4.350584291445786650e-02	1.047035474708217645e-01
2.225374298281430583e+03	1.678997968012289621e-01	1.027826022529896577e-01	3.014027518449673426e-01	1.906542123485501228e-01	8.896571157596243340e-02	4.353330894850109684e-02	1.047616162274523088e-01
2.230212068495085077e+03	1.677047141508623829e-01	1.026447816132646518e-01	3.015296514591753740e-01	1.907369963657389034e-01	8.900393325592760585e-02	4.356060355694174602e-02	1.048193195977412534e-01
2.235049838708740936e+03	1.675107403638625703e-01	1.025077446958430616e-01	3.016558649895954014e-01	1.908193153599726244e-01	8.904194713183115339e-02	4.358772774024612801e-02	1.048766597183009297e-01
2.239887608922396339e+03	1.673178691217412639e-01	1.023714870344686612e-01	3.017813961761378616e-01	1.909011721092435387e-01	8.907975435144444010e-02	4.361468249313939921e-02	1.049336387134766624e-01
2.244725379136052197e+03	1.671260941420391888e-01	1.022360041883507709e-01	3.019062487392667471e-01	1.909825693735843766e-01	8.911735605635560942e-02	4.364146880463835171e-02	1.049902586954168104e-01
2.249563149349706237e+03	1.669354091781203309e-01	1.021012917420192484e-01	3.020304263800850375e-01	1.910635098952008504e-01	8.915475338199992106e-02	4.366808765808406767e-02	1.050465217641424476e-01
2.254400919563362095e+03	1.667458080189676839e-01	1.019673453051800488e-01	3.021539327804197428e-01	1.911439963986033275e-01	8.919194745769015720e-02	4.369454003117429625e-02	1.051024300076167234e-01
2.259238689777017044e+03	1.665572844889800785e-01	1.018341605125717420e-01	3.022767716029069462e-01	1.912240315907371146e-01	8.922893940664675116e-02	4.372082689599572636e-02	1.051579855018136694e-01
2.264076459990672902e+03	1.663698324477700663e-01	1.017017330238228628e-01	3.023989464910766811e-01	1.913036181611116882e-01	8.926573034602794388e-02	4.374694921905603745e-02	1.052131903107867555e-01
