1.001418434226643626e+03	2.782800350560165059e-01	1.815985923903044585e-01	2.349703553316080940e-01	1.407532814711965341e-01	6.702464239891259279e-02	2.808885262292381765e-02	6.928424072868974437e-02
1.003837319333471214e+03	2.778306639182237525e-01	1.813346246882198698e-01	2.352724419953419466e-01	1.409146297924533386e-01	6.709827231059094232e-02	2.814579296756846566e-02	6.940357432725335896e-02
1.006256204440298802e+03	2.773826305280671645e-01	1.810713655588667981e-01	2.355736394725035932e-01	1.410755610341701272e-01	6.717195612715055886e-02	2.820235999529410384e-02	6.952248728359927687e-02
1.008675089547126618e+03	2.769359314770890035e-01	1.808088130608807020e-01	2.358739509334032702e-01	1.412360821710312297e-01	6.724567817133619840e-02	2.825856436640432345e-02	6.964097981950685690e-02
1.011093974653954206e+03	2.764905633371797511e-01	1.805469652585763030e-01	2.361733794989163415e-01	1.413961997211442279e-01	6.731942369438266571e-02	2.831441617012128362e-02	6.975905231933107742e-02
1.013512859760782021e+03	2.760465226622749735e-01	1.802858202219112804e-01	2.364719282429396940e-01	1.415559197734844454e-01	6.739317882420227390e-02	2.836992495908942369e-02	6.987670531574957655e-02
1.015931744867609382e+03	2.756038059899571513e-01	1.800253760264512726e-01	2.367696001947121598e-01	1.417152480137842951e-01	6.746693051637438210e-02	2.842509978169716761e-02	6.999393947667527371e-02
1.018350629974437197e+03	2.751624098429668597e-01	1.797656307533360698e-01	2.370663983410060682e-01	1.418741897489519954e-01	6.754066650779320946e-02	2.847994921236025531e-02	7.011075559323723394e-02
1.020769515081264785e+03	2.747223307306289053e-01	1.795065824892468909e-01	2.373623256281975624e-01	1.420327499301003715e-01	6.761437527283654936e-02	2.853448137990067038e-02	7.022715456874073503e-02
1.023188400188092373e+03	2.742835651501973615e-01	1.792482293263749638e-01	2.376573849642212577e-01	1.421909331742625127e-01	6.768804598192473820e-02	2.858870399414565472e-02	7.034313740852522756e-02
1.025607285294920075e+03	2.738461095881244423e-01	1.789905693623907446e-01	2.379515792204166258e-01	1.423487437848661996e-01	6.776166846234497887e-02	2.864262437086297769e-02	7.045870521064573344e-02
1.028026170401747549e+03	2.734099605212573780e-01	1.787336007004145522e-01	2.382449112332713503e-01	1.425061857710358537e-01	6.783523316122251623e-02	2.869624945514064052e-02	7.057385915730951531e-02
1.030445055508575479e+03	2.729751144179663469e-01	1.784773214489877302e-01	2.385373838060674545e-01	1.426632628657869550e-01	6.790873111052551925e-02	2.874958584331183467e-02	7.068860050700591369e-02
1.032863940615402726e+03	2.725415677392088454e-01	1.782217297220450025e-01	2.388289997104358353e-01	1.428199785431742974e-01	6.798215389399644981e-02	2.880263980351916581e-02	7.080293058727211986e-02
1.035282825722230655e+03	2.721093169395323863e-01	1.779668236388874114e-01	2.391197616878236176e-01	1.429763360344522838e-01	6.805549361590740309e-02	2.885541729500577801e-02	7.091685078804280118e-02
1.037701710829058356e+03	2.716783584680196872e-01	1.777126013241561442e-01	2.394096724508801011e-01	1.431323383433021623e-01	6.812874287154252473e-02	2.890792398621521916e-02	7.103036255553586698e-02
1.040120595935886058e+03	2.712486887691796245e-01	1.774590609078070813e-01	2.396987346847646028e-01	1.432879882601785226e-01	6.820189471931510650e-02	2.896016527177628502e-02	7.114346738663047953e-02
1.042539481042713533e+03	2.708203042837867836e-01	1.772062005250859829e-01	2.399869510483816082e-01	1.434432883758242072e-01	6.827494265443166677e-02	2.901214628844406979e-02	7.125616682369741162e-02
1.044958366149541234e+03	2.703932014496719383e-01	1.769540183165044800e-01	2.402743241755467551e-01	1.435982410940000731e-01	6.834788058401992938e-02	2.906387193006372549e-02	7.136846244984486332e-02
1.047377251256368709e+03	2.699673767024671212e-01	1.767025124278164827e-01	2.405608566760874256e-01	1.437528486434739294e-01	6.842070280364159762e-02	2.911534686161895008e-02	7.148035588454620948e-02
1.049796136363196410e+03	2.695428264763073400e-01	1.764516810099953925e-01	2.408465511368818035e-01	1.439071130893101735e-01	6.849340397511488598e-02	2.916657553242321677e-02	7.159184877961889681e-02
1.052215021470024112e+03	2.691195472044910497e-01	1.762015222192116481e-01	2.411314101228397011e-01	1.440610363434993990e-01	6.856597910557599151e-02	2.921756218850786457e-02	7.170294281552602733e-02
1.054633906576851814e+03	2.686975353201021544e-01	1.759520342168109930e-01	2.414154361778285685e-01	1.442146201749655299e-01	6.863842352771173938e-02	2.926831088425767627e-02	7.181363969797500968e-02
1.057052791683679516e+03	2.682767872565954836e-01	1.757032151692931865e-01	2.416986318255475441e-01	1.443678662189852580e-01	6.871073288109981470e-02	2.931882549334121485e-02	7.192394115478924210e-02
1.059471676790506763e+03	2.678572994483476299e-01	1.754550632482910488e-01	2.419809995703525451e-01	1.445207759860534513e-01	6.878290309459579588e-02	2.936910971898015407e-02	7.203384893303110825e-02
1.061890561897334692e+03	2.674390683311757000e-01	1.752075766305502824e-01	2.422625418980352274e-01	1.446733508702255089e-01	6.885493036970968816e-02	2.941916710359890330e-02	7.214336479635641286e-02
1.064309447004162394e+03	2.670220903428248693e-01	1.749607534979092660e-01	2.425432612765583418e-01	1.448255921569668037e-01	6.892681116491751470e-02	2.946900103789322142e-02	7.225249052258168880e-02
1.066728332110990095e+03	2.666063619234272930e-01	1.747145920372797367e-01	2.428231601567497899e-01	1.449775010305367484e-01	6.899854218085657576e-02	2.951861476935394718e-02	7.236122790144761119e-02
1.069147217217817570e+03	2.661918795159332607e-01	1.744690904406273890e-01	2.431022409729580447e-01	1.451290785809345452e-01	6.907012034635562348e-02	2.956801141027970425e-02	7.246957873256310023e-02
1.071566102324645271e+03	2.657786395665168722e-01	1.742242469049532783e-01	2.433805061436706829e-01	1.452803258104311268e-01	6.914154280525361407e-02	2.961719394531022245e-02	7.257754482351579106e-02
1.073984987431472746e+03	2.653666385249573989e-01	1.739800596322751414e-01	2.436579580720986127e-01	1.454312436397110497e-01	6.921280690396358626e-02	2.966616523850992490e-02	7.268512798813582532e-02
1.076403872538300675e+03	2.649558728449972755e-01	1.737365268296094112e-01	2.439345991467274100e-01	1.455818329136467915e-01	6.928391017974019905e-02	2.971492804002949864e-02	7.279233004490094638e-02
1.078822757645127922e+03	2.645463389846786084e-01	1.734936467089532863e-01	2.442104317418380133e-01	1.457320944067263258e-01	6.935485034961179351e-02	2.976348499237145215e-02	7.289915281547201809e-02
1.081241642751955851e+03	2.641380334066592006e-01	1.732514174872673007e-01	2.444854582179983860e-01	1.458820288281540423e-01	6.942562529994013298e-02	2.981183863628393896e-02	7.300559812334851684e-02
1.083660527858783553e+03	2.637309525785091480e-01	1.730098373864578931e-01	2.447596809225277281e-01	1.460316368266434961e-01	6.949623307657255833e-02	2.985999141630569370e-02	7.311166779263494897e-02
1.086079412965611255e+03	2.633250929729896717e-01	1.727689046333605316e-01	2.450331021899347650e-01	1.461809189949199173e-01	6.956667187555377885e-02	2.990794568598336214e-02	7.321736364690945020e-02
1.088498298072438729e+03	2.629204510683138540e-01	1.725286174597229494e-01	2.453057243423319156e-01	1.463298758739490502e-01	6.963694003436572688e-02	2.995570371278126129e-02	7.332268750818669856e-02
1.090917183179266431e+03	2.625170233483919979e-01	1.722889741021885746e-01	2.455775496898261467e-01	1.464785079569084214e-01	6.970703602366609686e-02	3.000326768270231148e-02	7.342764119596788264e-02
1.093336068286093905e+03	2.621148063030613873e-01	1.720499728022802655e-01	2.458485805308883720e-01	1.466268156929153299e-01	6.977695843949748011e-02	3.005063970463768899e-02	7.353222652637095291e-02
1.095754953392921607e+03	2.617137964283012264e-01	1.718116118063843234e-01	2.461188191527022839e-01	1.467747994905260756e-01	6.984670599594069995e-02	3.009782181446167895e-02	7.363644531133518856e-02
1.098173838499749309e+03	2.613139902264347558e-01	1.715738893657344777e-01	2.463882678314939789e-01	1.469224597210195826e-01	6.991627751818739467e-02	3.014481597888715725e-02	7.374029935789408463e-02
1.100592723606577010e+03	2.609153842063178241e-01	1.713368037363963980e-01	2.466569288328432918e-01	1.470697967214778523e-01	6.998567193600827019e-02	3.019162409909620370e-02	7.384379046751156361e-02
1.103011608713404712e+03	2.605179748835156905e-01	1.711003531792520682e-01	2.469248044119780050e-01	1.472168107976749296e-01	7.005488827759458192e-02	3.023824801415939123e-02	7.394692043547662630e-02
1.105430493820231959e+03	2.601217587804683928e-01	1.708645359599845481e-01	2.471918968140520145e-01	1.473635022267858197e-01	7.012392566375197367e-02	3.028468950425652548e-02	7.404969105035195953e-02
1.107849378927059888e+03	2.597267324266451238e-01	1.706293503490627639e-01	2.474582082744080369e-01	1.475098712599254569e-01	7.019278330242668951e-02	3.033095029371076293e-02	7.415210409347236520e-02
1.110268264033887590e+03	2.593328923586887269e-01	1.703947946217266585e-01	2.477237410188260214e-01	1.476559181245279684e-01	7.026146048354528495e-02	3.037703205384728600e-02	7.425416133848927736e-02
1.112687149140715292e+03	2.589402351205503106e-01	1.701608670579722316e-01	2.479884972637580731e-01	1.478016430265752801e-01	7.032995657415028190e-02	3.042293640568714472e-02	7.435586455095791192e-02
1.115106034247542766e+03	2.585487572636152032e-01	1.699275659425369678e-01	2.482524792165504146e-01	1.479470461526841141e-01	7.039827101381478103e-02	3.046866492248603495e-02	7.445721548796371825e-02
1.117524919354370468e+03	2.581584553468201371e-01	1.696948895648852651e-01	2.485156890756535231e-01	1.480921276720594260e-01	7.046640331032040516e-02	3.051421913212735287e-02	7.455821589778513503e-02
1.119943804461197942e+03	2.577693259367624390e-01	1.694628362191940019e-01	2.487781290308207216e-01	1.482368877383223316e-01	7.053435303558350244e-02	3.055960051937819250e-02	7.465886751959009693e-02
1.122362689568025871e+03	2.573813656078015044e-01	1.692314042043382982e-01	2.490398012632960845e-01	1.483813264912197949e-01	7.060211982181563428e-02	3.060481052801647048e-02	7.475917208316348872e-02
1.124781574674853118e+03	2.569945709421534996e-01	1.690005918238773608e-01	2.493007079459923503e-01	1.485254440582229607e-01	7.066970335790485891e-02	3.064985056283682160e-02	7.485913130866340970e-02
1.127200459781681047e+03	2.566089385299791803e-01	1.687703973860404660e-01	2.495608512436591209e-01	1.486692405560207930e-01	7.073710338600533443e-02	3.069472199154249514e-02	7.495874690640393079e-02
1.129619344888508749e+03	2.562244649694649379e-01	1.685408192037129438e-01	2.498202333130422614e-01	1.488127160919152092e-01	7.080431969832351458e-02	3.073942614653001060e-02	7.505802057666244309e-02
1.132038229995336451e+03	2.558411468668986832e-01	1.683118555944224659e-01	2.500788563030348355e-01	1.489558707651233715e-01	7.087135213408947421e-02	3.078396432657290460e-02	7.515695400950955785e-02
1.134457115102163925e+03	2.554589808367392911e-01	1.680835048803253351e-01	2.503367223548197962e-01	1.490987046679930206e-01	7.093820057670303936e-02	3.082833779841055374e-02	7.525554888466021164e-02
1.136876000208991627e+03	2.550779635016813263e-01	1.678557653881928291e-01	2.505938336020055446e-01	1.492412178871354300e-01	7.100486495104457729e-02	3.087254779824767301e-02	7.535380687134386746e-02
1.139294885315819101e+03	2.546980914927142736e-01	1.676286354493976560e-01	2.508501921707541049e-01	1.493834105044813954e-01	7.107134522094113449e-02	3.091659553316978074e-02	7.545172962819284013e-02
1.141713770422646803e+03	2.543193614491774390e-01	1.674021133999006039e-01	2.511058001799029160e-01	1.495252825982645306e-01	7.113764138677908244e-02	3.096048218247953940e-02	7.554931880314705306e-02
1.144132655529474505e+03	2.539417700188102978e-01	1.671761975802371625e-01	2.513606597410796839e-01	1.496668342439364807e-01	7.120375348325483356e-02	3.100420889895864202e-02	7.564657603337404668e-02
1.146551540636302207e+03	2.535653138577982357e-01	1.669508863355042283e-01	2.516147729588123494e-01	1.498080655150177964e-01	7.126968157725568909e-02	3.104777681005964352e-02	7.574350294520319771e-02
1.148970425743129908e+03	2.531899896308151821e-01	1.667261780153470319e-01	2.518681419306323388e-01	1.499489764838885242e-01	7.133542576586344997e-02	3.109118701903178586e-02	7.584010115407285868e-02
1.151389310849957155e+03	2.528157940110616342e-01	1.665020709739459814e-01	2.521207687471733183e-01	1.500895672225221467e-01	7.140098617447378226e-02	3.113444060598474783e-02	7.593637226448957112e-02
1.153808195956785084e+03	2.524427236802996299e-01	1.662785635700035625e-01	2.523726554922647303e-01	1.502298378031663717e-01	7.146636295502455105e-02	3.117753862889387911e-02	7.603231786999840869e-02
1.156227081063612786e+03	2.520707753288844444e-01	1.660556541667316810e-01	2.526238042430205555e-01	1.503697882989735446e-01	7.153155628432711355e-02	3.122048212455040550e-02	7.612793955316343730e-02
1.158645966170440488e+03	2.516999456557930115e-01	1.658333411318384243e-01	2.528742170699235792e-01	1.505094187845842924e-01	7.159656636249438211e-02	3.126327210945974849e-02	7.622323888555768145e-02
1.161064851277267962e+03	2.513302313686494593e-01	1.656116228375155153e-01	2.531238960369059376e-01	1.506487293366669533e-01	7.166139341146038344e-02	3.130590958069102980e-02	7.631821742776177808e-02
1.163483736384095664e+03	2.509616291837475921e-01	1.653904976604255450e-01	2.533728432014254461e-01	1.507877200344154012e-01	7.172603767358584625e-02	3.134839551668056751e-02	7.641287672937066566e-02
1.165902621490923138e+03	2.505941358260715401e-01	1.651699639816890941e-01	2.536210606145378188e-01	1.509263909600079834e-01	7.179049941034500171e-02	3.139073087799201800e-02	7.650721832900750363e-02
1.168321506597751068e+03	2.502277480293129686e-01	1.649500201868724369e-01	2.538685503209665018e-01	1.510647421990299610e-01	7.185477890108883658e-02	3.143291660803575194e-02	7.660124375434453070e-02
1.170740391704578315e+03	2.498624625358867590e-01	1.647306646659747464e-01	2.541153143591677321e-01	1.512027738408615041e-01	7.191887644188053874e-02	3.147495363374971933e-02	7.669495452212996001e-02
1.173159276811406244e+03	2.494982760969439439e-01	1.645118958134156872e-01	2.543613547613939874e-01	1.513404859790336010e-01	7.198279234439877716e-02	3.151684286624410747e-02	7.678835213822075845e-02
1.175578161918233945e+03	2.491351854723829751e-01	1.642937120280230645e-01	2.546066735537536041e-01	1.514778787115536318e-01	7.204652693490509741e-02	3.155858520141181789e-02	7.688143809762060243e-02
1.177997047025061647e+03	2.487731874308589386e-01	1.640761117130203339e-01	2.548512727562677882e-01	1.516149521412027135e-01	7.211008055327168542e-02	3.160018152050681622e-02	7.697421388452256596e-02
1.180415932131889122e+03	2.484122787497906881e-01	1.638590932760142782e-01	2.550951543829251267e-01	1.517517063758063722e-01	7.217345355206600255e-02	3.164163269069208972e-02	7.706668097235626347e-02
1.182834817238716823e+03	2.480524562153668400e-01	1.636426551289827946e-01	2.553383204417337682e-01	1.518881415284804026e-01	7.223664629568896101e-02	3.168293956555903734e-02	7.715884082383900333e-02
1.185253702345544298e+03	2.476937166225494369e-01	1.634267956882626827e-01	2.555807729347711055e-01	1.520242577178533283e-01	7.229965915956369782e-02	3.172410298561993691e-02	7.725069489103060516e-02
1.187672587452371999e+03	2.473360567750766681e-01	1.632115133745374314e-01	2.558225138582315150e-01	1.521600550682669362e-01	7.236249252937182463e-02	3.176512377877492577e-02	7.734224461539147832e-02
1.190091472559199701e+03	2.469794734854638962e-01	1.629968066128250903e-01	2.560635452024715986e-01	1.522955337099564932e-01	7.242514680033473873e-02	3.180600276075507687e-02	7.743349142784380912e-02
1.192510357666027403e+03	2.466239635750032411e-01	1.627826738324663070e-01	2.563038689520541480e-01	1.524306937792117012e-01	7.248762237653692819e-02	3.184674073554287499e-02	7.752443674883548186e-02
1.194929242772855105e+03	2.462695238737621084e-01	1.625691134671121418e-01	2.565434870857897232e-01	1.525655354185195267e-01	7.254991967028934230e-02	3.188733849577133489e-02	7.761508198840644246e-02
1.197348127879682352e+03	2.459161512205804700e-01	1.623561239547122170e-01	2.567824015767767865e-01	1.527000587766906559e-01	7.261203910153007923e-02	3.192779682310306621e-02	7.770542854625736573e-02
1.199767012986510281e+03	2.455638424630668115e-01	1.621437037375026979e-01	2.570206143924401165e-01	1.528342640089697113e-01	7.267398109726062871e-02	3.196811648859035349e-02	7.779547781182023780e-02
1.202185898093337983e+03	2.452125944575933303e-01	1.619318512619944972e-01	2.572581274945680008e-01	1.529681512771313423e-01	7.273574609101519928e-02	3.200829825301730602e-02	7.788523116433089533e-02
1.204604783200165684e+03	2.448624040692898574e-01	1.617205649789613953e-01	2.574949428393473738e-01	1.531017207495621035e-01	7.279733452236161750e-02	3.204834286722519493e-02	7.797468997290303572e-02
1.207023668306993159e+03	2.445132681720370571e-01	1.615098433434281611e-01	2.577310623773982345e-01	1.532349726013298996e-01	7.285874683643166205e-02	3.208825107242180286e-02	7.806385559660369844e-02
1.209442553413820860e+03	2.441651836484586002e-01	1.612996848146588114e-01	2.579664880538066196e-01	1.533679070142413003e-01	7.291998348347940306e-02	3.212802360047574413e-02	7.815272938453009244e-02
1.211861438520648335e+03	2.438181473899124763e-01	1.610900878561450367e-01	2.582012218081558563e-01	1.535005241768876150e-01	7.298104491846559017e-02	3.216766117419661564e-02	7.824131267588739502e-02
1.214280323627476264e+03	2.434721562964816399e-01	1.608810509355943219e-01	2.584352655745575378e-01	1.536328242846808356e-01	7.304193160066686785e-02	3.220716450760168631e-02	7.832960680006761933e-02
1.216699208734303511e+03	2.431272072769639359e-01	1.606725725249185110e-01	2.586686212816808883e-01	1.537648075398795888e-01	7.310264399330833329e-02	3.224653430616999938e-02	7.841761307672924508e-02
1.219118093841131440e+03	2.427832972488611352e-01	1.604646511002220111e-01	2.589012908527810741e-01	1.538964741516062329e-01	7.316318256321793778e-02	3.228577126708446349e-02	7.850533281587761258e-02
1.221536978947959142e+03	2.424404231383675834e-01	1.602572851417903010e-01	2.591332762057269590e-01	1.540278243358555732e-01	7.322354778050153834e-02	3.232487607946268188e-02	7.859276731794580251e-02
1.223955864054786844e+03	2.420985818803579603e-01	1.600504731340784415e-01	2.593645792530274719e-01	1.541588583154956948e-01	7.328374011823754475e-02	3.236384942457712355e-02	7.867991787387615399e-02
1.226374749161614318e+03	2.417577704183746790e-01	1.598442135656996110e-01	2.595952019018576418e-01	1.542895763202615234e-01	7.334376005218970485e-02	3.240269197606518436e-02	7.876678576520203257e-02
1.228793634268442020e+03	2.414179857046147293e-01	1.596385049294135605e-01	2.598251460540833557e-01	1.544199785867416685e-01	7.340360806053740361e-02	3.244140440012976273e-02	7.885337226412991729e-02
1.231212519375269494e+03	2.410792246999158006e-01	1.594333457221152883e-01	2.600544136062856726e-01	1.545500653583591344e-01	7.346328462362200495e-02	3.247998735573080081e-02	7.893967863362172377e-02
1.233631404482097196e+03	2.407414843737421539e-01	1.592287344448236053e-01	2.602830064497843598e-01	1.546798368853460337e-01	7.352279022370868111e-02	3.251844149476834644e-02	7.902570612747725209e-02
1.236050289588924898e+03	2.404047617041699669e-01	1.590246696026698103e-01	2.605109264706607641e-01	1.548092934247131680e-01	7.358212534476253619e-02	3.255676746225753121e-02	7.911145599041663479e-02
1.238469174695752372e+03	2.400690536778723183e-01	1.588211497048864218e-01	2.607381755497799047e-01	1.549384352402144727e-01	7.364129047223846869e-02	3.259496589649597820e-02	7.919692945816282637e-02
1.240888059802580301e+03	2.397343572901035336e-01	1.586181732647958531e-01	2.609647555628123450e-01	1.550672626023069933e-01	7.370028609288364896e-02	3.263303742922398637e-02	7.928212775752402353e-02
1.243306944909407548e+03	2.394006695446835031e-01	1.584157387997992272e-01	2.611906683802549534e-01	1.551957757881066713e-01	7.375911269455227848e-02	3.267098268577791481e-02	7.936705210647589104e-02
1.245725830016235477e+03	2.390679874539813898e-01	1.582138448313651080e-01	2.614159158674515537e-01	1.553239750813401043e-01	7.381777076603147913e-02	3.270880228523711380e-02	7.945170371424364886e-02
1.248144715123063179e+03	2.387363080388992531e-01	1.580124898850183979e-01	2.616404998846129648e-01	1.554518607722929768e-01	7.387626079687803493e-02	3.274649684056478438e-02	7.953608378138392332e-02
1.250563600229890881e+03	2.384056283288550904e-01	1.578116724903291523e-01	2.618644222868366511e-01	1.555794331577550205e-01	7.393458327726511181e-02	3.278406695874300225e-02	7.962019349986630690e-02
1.252982485336718355e+03	2.380759453617657395e-01	1.576113911809015333e-01	2.620876849241255968e-01	1.557066925409620883e-01	7.399273869783845603e-02	3.282151324090234329e-02	7.970403405315457102e-02
1.255401370443546057e+03	2.377472561840295040e-01	1.574116444943627069e-01	2.623102896414071239e-01	1.558336392315355090e-01	7.405072754958162695e-02	3.285883628244628402e-02	7.978760661628754580e-02
1.257820255550373531e+03	2.374195578505085835e-01	1.572124309723517965e-01	2.625322382785512665e-01	1.559602735454188316e-01	7.410855032368945938e-02	3.289603667317071017e-02	7.987091235595961125e-02
1.260239140657201460e+03	2.370928474245111162e-01	1.570137491605088642e-01	2.627535326703884788e-01	1.560865958048125168e-01	7.416620751144961665e-02	3.293311499737876930e-02	7.995395243060077206e-02
1.262658025764028707e+03	2.367671219777731928e-01	1.568155976084640302e-01	2.629741746467274544e-01	1.562126063381064078e-01	7.422369960413144341e-02	3.297007183399133096e-02	8.003672799045623287e-02
1.265076910870856636e+03	2.364423785904404551e-01	1.566179748698264262e-01	2.631941660323721677e-01	1.563383054798103966e-01	7.428102709288190997e-02	3.300690775665321430e-02	8.011924017766550166e-02
1.267495795977684338e+03	2.361186143510496938e-01	1.564208795021733434e-01	2.634135086471386944e-01	1.564636935704835918e-01	7.433819046862817637e-02	3.304362333383552286e-02	8.020149012634102126e-02
1.269914681084511813e+03	2.357958263565101686e-01	1.562243100670392959e-01	2.636322043058720865e-01	1.565887709566617936e-01	7.439519022198631815e-02	3.308021912893419070e-02	8.028347896264620420e-02
1.272333566191339514e+03	2.354740117120847076e-01	1.560282651299053081e-01	2.638502548184623042e-01	1.567135379907837744e-01	7.445202684317593633e-02	3.311669570036490651e-02	8.036520780487305116e-02
1.274752451298167216e+03	2.351531675313708880e-01	1.558327432601880058e-01	2.640676619898607025e-01	1.568379950311163673e-01	7.450870082194023525e-02	3.315305360165472087e-02	8.044667776351902000e-02
1.277171336404994690e+03	2.348332909362817189e-01	1.556377430312287924e-01	2.642844276200955744e-01	1.569621424416785538e-01	7.456521264747137390e-02	3.318929338153041309e-02	8.052788994136346468e-02
1.279590221511822392e+03	2.345143790570264897e-01	1.554432630202831900e-01	2.645005535042878608e-01	1.570859805921646646e-01	7.462156280834056354e-02	3.322541558400377015e-02	8.060884543354335241e-02
1.282009106618650094e+03	2.341964290320914244e-01	1.552493018085100429e-01	2.647160414326662492e-01	1.572095098578668304e-01	7.467775179243289763e-02	3.326142074845400004e-02	8.068954532762852294e-02
1.284427991725477568e+03	2.338794380082199753e-01	1.550558579809608872e-01	2.649308931905823283e-01	1.573327306195967945e-01	7.473378008688637275e-02	3.329730940970736935e-02	8.076999070369614286e-02
1.286846876832305497e+03	2.335634031403935329e-01	1.548629301265692648e-01	2.651451105585259094e-01	1.574556432636072256e-01	7.478964817803510079e-02	3.333308209811418343e-02	8.085018263440464648e-02
1.289265761939132744e+03	2.332483215918114416e-01	1.546705168381400097e-01	2.653586953121392367e-01	1.575782481815125868e-01	7.484535655135624022e-02	3.336873933962333089e-02	8.093012218506702438e-02
1.291684647045960673e+03	2.329341905338712937e-01	1.544786167123388121e-01	2.655716492222317537e-01	1.577005457702095881e-01	7.490090569142056343e-02	3.340428165585435788e-02	8.100981041372341818e-02
1.294103532152788375e+03	2.326210071461491391e-01	1.542872283496815322e-01	2.657839740547945362e-01	1.578225364317976109e-01	7.495629608184645187e-02	3.343970956416741913e-02	8.108924837121309070e-02
1.296522417259616077e+03	2.323087686163794463e-01	1.540963503545236257e-01	2.659956715710142805e-01	1.579442205734987725e-01	7.501152820525702758e-02	3.347502357773091131e-02	8.116843710124571620e-02
1.298941302366443551e+03	2.319974721404349238e-01	1.539059813350497630e-01	2.662067435272875704e-01	1.580655986075779895e-01	7.506660254324031001e-02	3.351022420558715659e-02	8.124737764047200439e-02
1.301360187473271253e+03	2.316871149223067583e-01	1.537161199032632541e-01	2.664171916752345881e-01	1.581866709512631253e-01	7.512151957631214849e-02	3.354531195271610172e-02	8.132607101855370002e-02
1.303779072580098727e+03	2.313776941740842141e-01	1.535267646749755577e-01	2.666270177617130477e-01	1.583074380266650261e-01	7.517627978388187471e-02	3.358028732009714357e-02	8.140451825823277754e-02
1.306197957686926657e+03	2.310692071159344829e-01	1.533379142697958997e-01	2.668362235288317397e-01	1.584279002606977793e-01	7.523088364422042540e-02	3.361515080476919215e-02	8.148272037540009449e-02
1.308616842793753904e+03	2.307616509760825052e-01	1.531495673111209488e-01	2.670448107139638538e-01	1.585480580849991106e-01	7.528533163443074105e-02	3.364990289988897820e-02	8.156067837916335106e-02
1.311035727900581833e+03	2.304550229907906256e-01	1.529617224261243524e-01	2.672527810497607459e-01	1.586679119358511969e-01	7.533962423042046830e-02	3.368454409478780637e-02	8.163839327191427242e-02
1.313454613007409534e+03	2.301493204043381924e-01	1.527743782457463562e-01	2.674601362641648161e-01	1.587874622541014524e-01	7.539376190687671619e-02	3.371907487502673328e-02	8.171586604939519438e-02
1.315873498114237009e+03	2.298445404690012961e-01	1.525875334046836729e-01	2.676668780804228875e-01	1.589067094850837580e-01	7.544774513724265830e-02	3.375349572245021912e-02	8.179309770076496899e-02
1.318292383221064711e+03	2.295406804450323135e-01	1.524011865413789912e-01	2.678730082170991400e-01	1.590256540785403017e-01	7.550157439369616086e-02	3.378780711523843294e-02	8.187008920866413464e-02
1.320711268327892412e+03	2.292377376006394796e-01	1.522153362980108726e-01	2.680785283880881553e-01	1.591442964885434741e-01	7.555525014712990983e-02	3.382200952795814952e-02	8.194684154927941999e-02
1.323130153434719887e+03	2.289357092119665427e-01	1.520299813204833983e-01	2.682834403026277403e-01	1.592626371734184587e-01	7.560877286713334200e-02	3.385610343161238323e-02	8.202335569240765123e-02
1.325549038541547588e+03	2.286345925630721421e-01	1.518451202584160664e-01	2.684877456653115835e-01	1.593806765956661264e-01	7.566214302197600550e-02	3.389008929368873130e-02	8.209963260151889597e-02
1.327967923648375290e+03	2.283343849459094077e-01	1.516607517651336334e-01	2.686914461761020778e-01	1.594984152218865692e-01	7.571536107859233589e-02	3.392396757820658609e-02	8.217567323381892719e-02
1.330386808755202765e+03	2.280350836603055042e-01	1.514768744976558723e-01	2.688945435303428666e-01	1.596158535227031605e-01	7.576842750256784775e-02	3.395773874576314688e-02	8.225147854031111816e-02
1.332805693862030694e+03	2.277366860139410365e-01	1.512934871166875250e-01	2.690970394187713888e-01	1.597329919726871161e-01	7.582134275812649205e-02	3.399140325357838388e-02	8.232704946585751860e-02
1.335224578968857941e+03	2.274391893223296768e-01	1.511105882866082273e-01	2.692989355275312024e-01	1.598498310502826369e-01	7.587410730811930404e-02	3.402496155553891288e-02	8.240238694923941731e-02
1.337643464075685870e+03	2.271425909087974593e-01	1.509281766754623777e-01	2.695002335381846414e-01	1.599663712377327462e-01	7.592672161401402275e-02	3.405841410224090537e-02	8.247749192321715550e-02
1.340062349182513572e+03	2.268468881044624075e-01	1.507462509549492846e-01	2.697009351277247502e-01	1.600826130210056542e-01	7.597918613588594550e-02	3.409176134103198558e-02	8.255236531458930160e-02
1.342481234289341273e+03	2.265520782482139672e-01	1.505648098004128133e-01	2.699010419685876627e-01	1.601985568897218992e-01	7.603150133240957342e-02	3.412500371605219074e-02	8.262700804425120171e-02
1.344900119396168748e+03	2.262581586866925509e-01	1.503838518908317545e-01	2.701005557286649261e-01	1.603142033370818509e-01	7.608366766085127020e-02	3.415814166827409876e-02	8.270142102725282218e-02
1.347319004502996449e+03	2.259651267742689984e-01	1.502033759088097220e-01	2.702994780713153800e-01	1.604295528597943776e-01	7.613568557706276718e-02	3.419117563554203293e-02	8.277560517285600938e-02
1.349737889609823924e+03	2.256729798730239822e-01	1.500233805405652154e-01	2.704978106553773687e-01	1.605446059580057094e-01	7.618755553547548742e-02	3.422410605261044791e-02	8.284956138459104169e-02
1.352156774716651853e+03	2.253817153527276629e-01	1.498438644759217675e-01	2.706955551351806766e-01	1.606593631352292995e-01	7.623927798909560516e-02	3.425693335118153854e-02	8.292329056031268186e-02
1.354575659823479100e+03	2.250913305908190387e-01	1.496648264082980628e-01	2.708927131605584626e-01	1.607738248982762685e-01	7.629085338949986861e-02	3.428965795994205062e-02	8.299679359225542452e-02
1.356994544930307029e+03	2.248018229723857120e-01	1.494862650346981126e-01	2.710892863768591954e-01	1.608879917571865714e-01	7.634228218683196399e-02	3.432228030459937018e-02	8.307007136708823014e-02
1.359413430037134731e+03	2.245131898901432110e-01	1.493081790557013733e-01	2.712852764249584214e-01	1.610018642251609677e-01	7.639356482979967056e-02	3.435480080791689789e-02	8.314312476596863455e-02
1.361832315143962205e+03	2.242254287444146454e-01	1.491305671754530049e-01	2.714806849412705336e-01	1.611154428184936316e-01	7.644470176567245978e-02	3.438721988974866722e-02	8.321595466459620616e-02
1.364251200250789907e+03	2.239385369431102779e-01	1.489534281016541006e-01	2.716755135577606506e-01	1.612287280565054270e-01	7.649569344027976059e-02	3.441953796707342833e-02	8.328856193326540647e-02
1.366670085357617609e+03	2.236525119017070962e-01	1.487767605455519726e-01	2.718697639019562184e-01	1.613417204614782385e-01	7.654654029800964099e-02	3.445175545402794082e-02	8.336094743691785380e-02
1.369088970464445310e+03	2.233673510432284959e-01	1.486005632219304373e-01	2.720634375969586127e-01	1.614544205585896064e-01	7.659724278180797541e-02	3.448387276193972534e-02	8.343311203519403196e-02
1.371507855571272785e+03	2.230830517982238248e-01	1.484248348491000180e-01	2.722565362614549622e-01	1.615668288758484450e-01	7.664780133317813937e-02	3.451589029935920455e-02	8.350505658248431884e-02
1.373926740678100487e+03	2.227996116047480657e-01	1.482495741488884800e-01	2.724490615097293067e-01	1.616789459440313159e-01	7.669821639218105114e-02	3.454780847209122652e-02	8.357678192797947381e-02
1.376345625784927961e+03	2.225170279083415747e-01	1.480747798466310328e-01	2.726410149516745318e-01	1.617907722966195339e-01	7.674848839743564355e-02	3.457962768322603991e-02	8.364828891572057001e-02
1.378764510891755890e+03	2.222352981620096535e-01	1.479004506711608380e-01	2.728323981928035824e-01	1.619023084697370773e-01	7.679861778611966894e-02	3.461134833316975579e-02	8.371957838464834378e-02
1.381183395998583137e+03	2.219544198262024259e-01	1.477265853547993779e-01	2.730232128342611753e-01	1.620135550020889992e-01	7.684860499397086486e-02	3.464297081967417091e-02	8.379065116865191953e-02
1.383602281105411066e+03	2.216743903687944939e-01	1.475531826333468521e-01	2.732134604728349569e-01	1.621245124349009470e-01	7.689845045528845291e-02	3.467449553786623728e-02	8.386150809661700734e-02
1.386021166212238768e+03	2.213952072650647862e-01	1.473802412460727407e-01	2.734031427009669390e-01	1.622351813118590724e-01	7.694815460293492893e-02	3.470592288027685851e-02	8.393214999247357311e-02
1.388440051319066470e+03	2.211168679976762974e-01	1.472077599357062838e-01	2.735922611067649335e-01	1.623455621790509396e-01	7.699771786833808918e-02	3.473725323686932542e-02	8.400257767524295371e-02
1.390858936425893944e+03	2.208393700566559370e-01	1.470357374484269619e-01	2.737808172740138213e-01	1.624556555849070993e-01	7.704714068149336181e-02	3.476848699506721041e-02	8.407279195908437530e-02
1.393277821532721646e+03	2.205627109393745178e-01	1.468641725338551141e-01	2.739688127821867103e-01	1.625654620801432748e-01	7.709642347096638815e-02	3.479962453978185238e-02	8.414279365334091654e-02
1.395696706639549120e+03	2.202868881505264387e-01	1.466930639450423624e-01	2.741562492064563150e-01	1.626749822177034621e-01	7.714556666389574269e-02	3.483066625343934214e-02	8.421258356258506939e-02
1.398115591746377049e+03	2.200118992021097286e-01	1.465224104384624526e-01	2.743431281177061143e-01	1.627842165527036977e-01	7.719457068599602789e-02	3.486161251600711219e-02	8.428216248666360599e-02
1.400534476853204296e+03	2.197377416134061456e-01	1.463522107740016509e-01	2.745294510825413981e-01	1.628931656423765195e-01	7.724343596156094116e-02	3.489246370502007560e-02	8.435153122074207088e-02
1.402953361960032225e+03	2.194644129109608321e-01	1.461824637149494732e-01	2.747152196633005916e-01	1.630018300460162328e-01	7.729216291346670265e-02	3.492322019560639701e-02	8.442069055534860700e-02
1.405372247066859927e+03	2.191919106285626084e-01	1.460131680279894428e-01	2.749004354180662468e-01	1.631102103249247315e-01	7.734075196317559409e-02	3.495388236051281960e-02	8.448964127641742095e-02
1.407791132173687402e+03	2.189202323072239331e-01	1.458443224831896812e-01	2.750850999006761999e-01	1.632183070423582349e-01	7.738920353073958092e-02	3.498445057012958270e-02	8.455838416533160984e-02
1.410210017280515103e+03	2.186493754951610580e-01	1.456759258539937485e-01	2.752692146607345625e-01	1.633261207634746082e-01	7.743751803480418416e-02	3.501492519251504093e-02	8.462691999896559958e-02
1.412628902387342805e+03	2.183793377477740438e-01	1.455079769172112625e-01	2.754527812436227685e-01	1.634336520552814587e-01	7.748569589261243562e-02	3.504530659341981852e-02	8.469524954972701414e-02
1.415047787494170507e+03	2.181101166276269709e-01	1.453404744530087389e-01	2.756358011905105099e-01	1.635409014865848443e-01	7.753373752000893016e-02	3.507559513631067910e-02	8.476337358559807300e-02
1.417466672600997981e+03	2.178417097044281492e-01	1.451734172449004878e-01	2.758182760383667276e-01	1.636478696279387857e-01	7.758164333144404456e-02	3.510579118239397917e-02	8.483129287017657227e-02
1.419885557707825683e+03	2.175741145550103284e-01	1.450068040797392044e-01	2.760002073199706585e-01	1.637545570515953619e-01	7.762941373997817029e-02	3.513589509063880928e-02	8.489900816271621353e-02
1.422304442814653157e+03	2.173073287633109918e-01	1.448406337477070871e-01	2.761815965639225490e-01	1.638609643314555553e-01	7.767704915728615434e-02	3.516590721779977446e-02	8.496652021816671063e-02
1.424723327921481086e+03	2.170413499203525665e-01	1.446749050423064842e-01	2.763624452946545906e-01	1.639670920430207068e-01	7.772454999366175399e-02	3.519582791843946928e-02	8.503382978721320262e-02
1.427142213028308333e+03	2.167761756242229110e-01	1.445096167603510118e-01	2.765427550324418560e-01	1.640729407633448322e-01	7.777191665802217491e-02	3.522565754495061985e-02	8.510093761631533360e-02
1.429561098135136262e+03	2.165118034800554980e-01	1.443447677019563391e-01	2.767225272934130675e-01	1.641785110709872986e-01	7.781914955791270627e-02	3.525539644757791358e-02	8.516784444774586071e-02
1.431979983241963964e+03	2.162482311000099855e-01	1.441803566705311401e-01	2.769017635895613672e-01	1.642838035459664725e-01	7.786624909951136986e-02	3.528504497443950283e-02	8.523455101962877645e-02
1.434398868348791666e+03	2.159854561032526765e-01	1.440163824727681008e-01	2.770804654287551960e-01	1.643888187697137571e-01	7.791321568763370786e-02	3.531460347154821711e-02	8.530105806597700069e-02
1.436817753455619140e+03	2.157234761159368130e-01	1.438528439186349261e-01	2.772586343147487864e-01	1.644935573250283778e-01	7.796004972573757075e-02	3.534407228283247687e-02	8.536736631672965647e-02
1.439236638562446842e+03	2.154622887711833412e-01	1.436897398213653476e-01	2.774362717471932083e-01	1.645980197960329461e-01	7.800675161592790507e-02	3.537345175015693677e-02	8.543347649778890163e-02
1.441655523669274316e+03	2.152018917090612882e-01	1.435270689974502412e-01	2.776133792216468055e-01	1.647022067681294111e-01	7.805332175896173563e-02	3.540274221334281657e-02	8.549938933105626082e-02
1.444074408776102018e+03	2.149422825765684997e-01	1.433648302666285790e-01	2.777899582295859648e-01	1.648061188279558165e-01	7.809976055425302266e-02	3.543194401018794765e-02	8.556510553446869394e-02
1.446493293882929493e+03	2.146834590276121557e-01	1.432030224518786032e-01	2.779660102584158299e-01	1.649097565633436124e-01	7.814606839987761622e-02	3.546105747648659740e-02	8.563062582203409545e-02
1.448912178989757422e+03	2.144254187229895914e-01	1.430416443794088888e-01	2.781415367914807923e-01	1.650131205632755504e-01	7.819224569257829383e-02	3.549008294604896058e-02	8.569595090386637748e-02
1.451331064096585123e+03	2.141681593303688957e-01	1.428806948786495723e-01	2.783165393080751504e-01	1.651162114178443552e-01	7.823829282776972871e-02	3.551902075072043558e-02	8.576108148622033078e-02
1.453749949203412370e+03	2.139116785242697605e-01	1.427201727822434707e-01	2.784910192834536002e-01	1.652190297182116463e-01	7.828421019954351356e-02	3.554787122040062308e-02	8.582601827152584739e-02
1.456168834310240300e+03	2.136559739860442175e-01	1.425600769260372269e-01	2.786649781888418942e-01	1.653215760565678316e-01	7.832999820067328145e-02	3.557663468306206112e-02	8.589076195842190731e-02
1.458587719417068001e+03	2.134010434038575155e-01	1.424004061490726503e-01	2.788384174914472768e-01	1.654238510260923889e-01	7.837565722261967405e-02	3.560531146476874492e-02	8.595531324179006560e-02
1.461006604523895703e+03	2.131468844726690237e-01	1.422411592935779179e-01	2.790113386544690877e-01	1.655258552209147860e-01	7.842118765553550419e-02	3.563390188969437627e-02	8.601967281278762034e-02
1.463425489630723177e+03	2.128934948942130811e-01	1.420823352049586652e-01	2.791837431371090306e-01	1.656275892360759561e-01	7.846658988827079351e-02	3.566240628014039765e-02	8.608384135888037803e-02
1.465844374737550879e+03	2.126408723769800113e-01	1.419239327317895760e-01	2.793556323945818320e-01	1.657290536674903281e-01	7.851186430837786556e-02	3.569082495655372805e-02	8.614781956387504436e-02
1.468263259844378354e+03	2.123890146361971099e-01	1.417659507258054175e-01	2.795270078781253997e-01	1.658302491119083566e-01	7.855701130211648064e-02	3.571915823754438085e-02	8.621160810795119867e-02
1.470682144951206283e+03	2.121379193938097152e-01	1.416083880418925467e-01	2.796978710350115915e-01	1.659311761668798291e-01	7.860203125445890115e-02	3.574740643990274858e-02	8.627520766769296301e-02
1.473101030058033530e+03	2.118875843784623070e-01	1.414512435380801680e-01	2.798682233085563187e-01	1.660318354307175059e-01	7.864692454909502639e-02	3.577556987861668647e-02	8.633861891612029660e-02
1.475519915164861459e+03	2.116380073254794936e-01	1.412945160755318397e-01	2.800380661381298708e-01	1.661322275024613437e-01	7.869169156843743018e-02	3.580364886688846421e-02	8.640184252271983223e-02
1.477938800271689161e+03	2.113891859768473602e-01	1.411382045185367307e-01	2.802074009591674630e-01	1.662323529818433288e-01	7.873633269362649567e-02	3.583164371615137761e-02	8.646487915347546294e-02
1.480357685378516862e+03	2.111411180811945953e-01	1.409823077345011555e-01	2.803762292031794501e-01	1.663322124692527548e-01	7.878084830453549459e-02	3.585955473608621463e-02	8.652772947089858169e-02
1.482776570485344337e+03	2.108938013937737554e-01	1.408268245939400254e-01	2.805445522977613737e-01	1.664318065657020562e-01	7.882523877977569426e-02	3.588738223463752708e-02	8.659039413405786312e-02
