1.001418434226643626e+03	2.782352037373017062e-01	1.816371860521597825e-01	2.349436386744370997e-01	1.407413706390266139e-01	6.703754380910516286e-02	2.810957147715921478e-02	6.929548561046100508e-02
1.002869765290740247e+03	2.779646576478347897e-01	1.814793190948387758e-01	2.351242970511913943e-01	1.408381697232558294e-01	6.708208466352844068e-02	2.814388308958850823e-02	6.936758872941282961e-02
1.004321096354836754e+03	2.776945967503932633e-01	1.813217054810401241e-01	2.353046317610040239e-01	1.409348246386421533e-01	6.712664400508322471e-02	2.817805913960549566e-02	6.943953822388221342e-02
1.005772427418933376e+03	2.774250203022365358e-01	1.811643447940478047e-01	2.354846435445065445e-01	1.410313368965790126e-01	6.717121834583882067e-02	2.821210200650533378e-02	6.951133410993642903e-02
1.007223758483029997e+03	2.771559275579028037e-01	1.810072366178929471e-01	2.356643331339618175e-01	1.411277079449846095e-01	6.721580432655881177e-02	2.824601399026334045e-02	6.958297642808615457e-02
1.008675089547126618e+03	2.768873177693526588e-01	1.808503805373504469e-01	2.358437012535316846e-01	1.412239391706905933e-01	6.726039871222180833e-02	2.827979731452749668e-02	6.965446524197577149e-02
1.010126420611223239e+03	2.766191901861075331e-01	1.806937761379356910e-01	2.360227486195355662e-01	1.413200319017461903e-01	6.730499838769320176e-02	2.831345412949269613e-02	6.972580063713952614e-02
1.011577751675319632e+03	2.763515440553836466e-01	1.805374230059011986e-01	2.362014759406996789e-01	1.414159874096409253e-01	6.734960035354320418e-02	2.834698651466162692e-02	6.979698271982014146e-02
1.013029082739416367e+03	2.760843786222206275e-01	1.803813207282335407e-01	2.363798839183980094e-01	1.415118069114482124e-01	6.739420172200639991e-02	2.838039648149693478e-02	6.986801161584668685e-02
1.014480413803512761e+03	2.758176931296063561e-01	1.802254688926500925e-01	2.365579732468848229e-01	1.416074915718930627e-01	6.743879971307832621e-02	2.841368597596912252e-02	6.993888746956859748e-02
1.015931744867609382e+03	2.755514868185967026e-01	1.800698670875961749e-01	2.367357446135189558e-01	1.417030425053463494e-01	6.748339165074457302e-02	2.844685688100446336e-02	7.000961044284313706e-02
1.017383075931706003e+03	2.752857589284315454e-01	1.799145149022419177e-01	2.369131986989804761e-01	1.417984607777478256e-01	6.752797495933808569e-02	2.847991101883699111e-02	7.008018071407338956e-02
1.018834406995802851e+03	2.750205086966466261e-01	1.797594119264794843e-01	2.370903361774798213e-01	1.418937474084607797e-01	6.757254716002068784e-02	2.851285015326848402e-02	7.015059847729428200e-02
1.020285738059899245e+03	2.747557353591810747e-01	1.796045577509201574e-01	2.372671577169594981e-01	1.419889033720605487e-01	6.761710586738448048e-02	2.854567599184018589e-02	7.022086394130422349e-02
1.021737069123995752e+03	2.744914381504815482e-01	1.794499519668916743e-01	2.374436639792888437e-01	1.420839296000588892e-01	6.766164878616946765e-02	2.857839018791983113e-02	7.029097732883986260e-02
1.023188400188092373e+03	2.742276163036027059e-01	1.792955941664353681e-01	2.376198556204520973e-01	1.421788269825669249e-01	6.770617370809346725e-02	2.861099434270743952e-02	7.036093887579213113e-02
1.024639731252188767e+03	2.739642690503034106e-01	1.791414839423036698e-01	2.377957332907298105e-01	1.422735963698983364e-01	6.775067850879060161e-02	2.864349000716313182e-02	7.043074883046104850e-02
1.026091062316285615e+03	2.737013956211406529e-01	1.789876208879574437e-01	2.379712976348739573e-01	1.423682385741152079e-01	6.779516114485492628e-02	2.867587868386011624e-02	7.050040745284766319e-02
1.027542393380382237e+03	2.734389952455592576e-01	1.788340045975634340e-01	2.381465492922768823e-01	1.424627543705181132e-01	6.783961965098538049e-02	2.870816182876588865e-02	7.056991501398104938e-02
1.028993724444478858e+03	2.731770671519784255e-01	1.786806346659918221e-01	2.383214888971344203e-01	1.425571444990827996e-01	6.788405213722931153e-02	2.874034085295450180e-02	7.063927179527874911e-02
1.030445055508575479e+03	2.729156105678757216e-01	1.785275106888137842e-01	2.384961170786033258e-01	1.426514096658451081e-01	6.792845678632060402e-02	2.877241712425269299e-02	7.070847808793874478e-02
1.031896386572671872e+03	2.726546247198676221e-01	1.783746322622991598e-01	2.386704344609531236e-01	1.427455505442360717e-01	6.797283185110976345e-02	2.880439196882249309e-02	7.077753419236171295e-02
1.033347717636768493e+03	2.723941088337873961e-01	1.782219989834140095e-01	2.388444416637127143e-01	1.428395677763684979e-01	6.801717565208272032e-02	2.883626667268291213e-02	7.084644041760169986e-02
1.034799048700865114e+03	2.721340621347598798e-01	1.780696104498183663e-01	2.390181393018118439e-01	1.429334619742773926e-01	6.806148657496537135e-02	2.886804248317306060e-02	7.091519708084399742e-02
1.036250379764961508e+03	2.718744838472740288e-01	1.779174662598640988e-01	2.391915279857174947e-01	1.430272337211153100e-01	6.810576306841099881e-02	2.889972061035910381e-02	7.098380450690881804e-02
1.037701710829058356e+03	2.716153731952525296e-01	1.777655660125925519e-01	2.393646083215658082e-01	1.431208835723044304e-01	6.815000364176783398e-02	2.893130222838726298e-02	7.105226302777939429e-02
1.039153041893154750e+03	2.713567294021188014e-01	1.776139093077325481e-01	2.395373809112890662e-01	1.432144120566468393e-01	6.819420686292404499e-02	2.896278847678499316e-02	7.112057298215350432e-02
1.040604372957251599e+03	2.710985516908621662e-01	1.774624957456981122e-01	2.397098463527382872e-01	1.433078196773944213e-01	6.823837135622748407e-02	2.899418046171240576e-02	7.118873471501692418e-02
1.042055704021347992e+03	2.708408392840998546e-01	1.773113249275865277e-01	2.398820052398017433e-01	1.434011069132799243e-01	6.828249580047780765e-02	2.902547925716592037e-02	7.125674857723804378e-02
1.043507035085444613e+03	2.705835914041374579e-01	1.771603964551762000e-01	2.400538581625190349e-01	1.434942742195102761e-01	6.832657892698836000e-02	2.905668590613601221e-02	7.132461492518242518e-02
1.044958366149541234e+03	2.703268072730267702e-01	1.770097099309247413e-01	2.402254057071913640e-01	1.435873220287239849e-01	6.837061951771566948e-02	2.908780142172087343e-02	7.139233412034629023e-02
1.046409697213637855e+03	2.700704861126218548e-01	1.768592649579669440e-01	2.403966484564878658e-01	1.436802507519132355e-01	6.841461640345397610e-02	2.911882678819774015e-02	7.145990652900810480e-02
1.047861028277734476e+03	2.698146271446325017e-01	1.767090611401128386e-01	2.405675869895481656e-01	1.437730607793124560e-01	6.845856846209287527e-02	2.914976296205352979e-02	7.152733252189732993e-02
1.049312359341831097e+03	2.695592295906765745e-01	1.765590980818458611e-01	2.407382218820814379e-01	1.438657524812542166e-01	6.850247461693574624e-02	2.918061087297639869e-02	7.159461247387946536e-02
1.050763690405927491e+03	2.693042926723297481e-01	1.764093753883209104e-01	2.409085537064618865e-01	1.439583262089938476e-01	6.854633383507698074e-02	2.921137142480977056e-02	7.166174676365662244e-02
1.052215021470024112e+03	2.690498156111735817e-01	1.762598926653625164e-01	2.410785830318209477e-01	1.440507822955036932e-01	6.859014512583594403e-02	2.924204549647025850e-02	7.172873577348277963e-02
1.053666352534120733e+03	2.687957976288422590e-01	1.761106495194630639e-01	2.412483104241362752e-01	1.441431210562381937e-01	6.863390753924579479e-02	2.927263394283094802e-02	7.179557988889316567e-02
1.055117683598217127e+03	2.685422379470670529e-01	1.759616455577810157e-01	2.414177364463174214e-01	1.442353427898706575e-01	6.867762016459520724e-02	2.930313759557136646e-02	7.186227949844693763e-02
1.056569014662313975e+03	2.682891357877193461e-01	1.758128803881391922e-01	2.415868616582888262e-01	1.443274477790029986e-01	6.872128212902130218e-02	2.933355726399541549e-02	7.192883499348252940e-02
1.058020345726410369e+03	2.680364903728522652e-01	1.756643536190228838e-01	2.417556866170695595e-01	1.444194362908493012e-01	6.876489259615192751e-02	2.936389373581857823e-02	7.199524676788504607e-02
1.059471676790506763e+03	2.677843009247405370e-01	1.755160648595783801e-01	2.419242118768504257e-01	1.445113085778937656e-01	6.880845076479559508e-02	2.939414777792553196e-02	7.206151521786527403e-02
1.060923007854603611e+03	2.675325666659188473e-01	1.753680137196111100e-01	2.420924379890685152e-01	1.446030648785246731e-01	6.885195586767749176e-02	2.942432013709934263e-02	7.212764074174946027e-02
1.062374338918700232e+03	2.672812868192191438e-01	1.752201998095841151e-01	2.422603655024786751e-01	1.446947054176445369e-01	6.889540717022001048e-02	2.945441154072336171e-02	7.219362373977955549e-02
1.063825669982796853e+03	2.670304606078061083e-01	1.750726227406163293e-01	2.424279949632230646e-01	1.447862304072576323e-01	6.893880396936606647e-02	2.948442269745683852e-02	7.225946461392333819e-02
1.065277001046893474e+03	2.667800872552115177e-01	1.749252821244810241e-01	2.425953269148977409e-01	1.448776400470357106e-01	6.898214559244404687e-02	2.951435429788530629e-02	7.232516376769403121e-02
1.066728332110990095e+03	2.665301659853672733e-01	1.747781775736042265e-01	2.427623618986173015e-01	1.449689345248625916e-01	6.902543139607260347e-02	2.954420701514668540e-02	7.239072160597874450e-02
1.068179663175086489e+03	2.662806960226373754e-01	1.746313087010631093e-01	2.429291004530769460e-01	1.450601140173582160e-01	6.906866076510416452e-02	2.957398150553407559e-02	7.245613853487550826e-02
1.069630994239183110e+03	2.660316765918485094e-01	1.744846751205845203e-01	2.430955431146125667e-01	1.451511786903834644e-01	6.911183311160577769e-02	2.960367840907609377e-02	7.252141496153846623e-02
1.071082325303279504e+03	2.657831069183193007e-01	1.743382764465434276e-01	2.432616904172587302e-01	1.452421286995256300e-01	6.915494787387585496e-02	2.963329835009565968e-02	7.258655129403072948e-02
1.072533656367376352e+03	2.655349862278891249e-01	1.741921122939614208e-01	2.434275428928044660e-01	1.453329641905659331e-01	6.919800451549572295e-02	2.966284193774802042e-02	7.265154794118464099e-02
1.073984987431472746e+03	2.652873137469449194e-01	1.740461822785052404e-01	2.435931010708472788e-01	1.454236852999293284e-01	6.924100252441472980e-02	2.969230976653883941e-02	7.271640531246900685e-02
1.075436318495569594e+03	2.650400887024478291e-01	1.739004860164852506e-01	2.437583654788450516e-01	1.455142921551173529e-01	6.928394141206771495e-02	2.972170241682311684e-02	7.278112381786300267e-02
1.076887649559666215e+03	2.647933103219584083e-01	1.737550231248539689e-01	2.439233366421663662e-01	1.456047848751245988e-01	6.932682071252371792e-02	2.975102045528565248e-02	7.284570386773650541e-02
1.078338980623762609e+03	2.645469778336607125e-01	1.736097932212049000e-01	2.440880150841389651e-01	1.456951635708395587e-01	6.936963998166488510e-02	2.978026443540376239e-02	7.291014587273635106e-02
1.079790311687859230e+03	2.643010904663860017e-01	1.734647959237707315e-01	2.442524013260964633e-01	1.457854283454300681e-01	6.941239879639442278e-02	2.980943489789293632e-02	7.297445024367847644e-02
1.081241642751955851e+03	2.640556474496350559e-01	1.733200308514221966e-01	2.444164958874234517e-01	1.458755792947141472e-01	6.945509675387273596e-02	2.983853237113609155e-02	7.303861739144541787e-02
1.082692973816052472e+03	2.638106480135997689e-01	1.731754976236666299e-01	2.445802992855989899e-01	1.459656165075169099e-01	6.949773347078058716e-02	2.986755737159702342e-02	7.310264772688922219e-02
1.084144304880149093e+03	2.635660913891840207e-01	1.730311958606464973e-01	2.447438120362387393e-01	1.460555400660134839e-01	6.954030858260849823e-02	2.989651040421869091e-02	7.316654166073915944e-02
1.085595635944245487e+03	2.633219768080236611e-01	1.728871251831382294e-01	2.449070346531354858e-01	1.461453500460592192e-01	6.958282174297135414e-02	2.992539196280687153e-02	7.323029960351426504e-02
1.087046967008342108e+03	2.630783035025057726e-01	1.727432852125506957e-01	2.450699676482981648e-01	1.462350465175068781e-01	6.962527262294737618e-02	2.995420253039977540e-02	7.329392196544042004e-02
1.088498298072438729e+03	2.628350707057870994e-01	1.725996755709239550e-01	2.452326115319897470e-01	1.463246295445118361e-01	6.966766091044064579e-02	2.998294257962412848e-02	7.335740915637167792e-02
1.089949629136535123e+03	2.625922776518117008e-01	1.724562958809280067e-01	2.453949668127635431e-01	1.464140991858254859e-01	6.970998630956627695e-02	3.001161257303826269e-02	7.342076158571575473e-02
1.091400960200631971e+03	2.623499235753282699e-01	1.723131457658613197e-01	2.455570339974985361e-01	1.465034554950773171e-01	6.975224854005752928e-02	3.004021296346266745e-02	7.348397966236341894e-02
1.092852291264728365e+03	2.621080077119062324e-01	1.721702248496496668e-01	2.457188135914331883e-01	1.465926985210459221e-01	6.979444733669393219e-02	3.006874419429851966e-02	7.354706379462157273e-02
1.094303622328825213e+03	2.618665292979516779e-01	1.720275327568448476e-01	2.458803060981982758e-01	1.466818283079197871e-01	6.983658244874994814e-02	3.009720669983461175e-02	7.361001439014994152e-02
1.095754953392921607e+03	2.616254875707222372e-01	1.718850691126233565e-01	2.460415120198484740e-01	1.467708448955475642e-01	6.987865363946316188e-02	3.012560090554312203e-02	7.367283185590110806e-02
1.097206284457018228e+03	2.613848817683420145e-01	1.717428335427851338e-01	2.462024318568929449e-01	1.468597483196789066e-01	6.992066068552151015e-02	3.015392722836467837e-02	7.373551659806378000e-02
1.098657615521114849e+03	2.611447111298151880e-01	1.716008256737523163e-01	2.463630661083247575e-01	1.469485386121956449e-01	6.996260337656880213e-02	3.018218607698306202e-02	7.379806902200918006e-02
1.100108946585211470e+03	2.609049748950393322e-01	1.714590451325681830e-01	2.465234152716492821e-01	1.470372158013339703e-01	7.000448151472792035e-02	3.021037785209000279e-02	7.386048953224026714e-02
1.101560277649308091e+03	2.606656723048185187e-01	1.713174915468955450e-01	2.466834798429117237e-01	1.471257799118978749e-01	7.004629491414098019e-02	3.023850294664038804e-02	7.392277853234391349e-02
1.103011608713404712e+03	2.604268026008754733e-01	1.711761645450158853e-01	2.468432603167235173e-01	1.472142309654641823e-01	7.008804340052604553e-02	3.026656174609827082e-02	7.398493642494560762e-02
1.104462939777501106e+03	2.601883650258633440e-01	1.710350637558279707e-01	2.470027571862880855e-01	1.473025689805793348e-01	7.012972681074956804e-02	3.029455462867401347e-02	7.404696361166669683e-02
1.105914270841597499e+03	2.599503588233771367e-01	1.708941888088466865e-01	2.471619709434253187e-01	1.473907939729485195e-01	7.017134499241421686e-02	3.032248196555291375e-02	7.410886049308422485e-02
1.107365601905694348e+03	2.597127832379645396e-01	1.707535393342018981e-01	2.473209020785955836e-01	1.474789059556171344e-01	7.021289780346140486e-02	3.035034412111560845e-02	7.417062746869283740e-02
1.108816932969790741e+03	2.594756375151363037e-01	1.706131149626371746e-01	2.474795510809227328e-01	1.475669049391450938e-01	7.025438511178810908e-02	3.037814145315057002e-02	7.423226493686904681e-02
1.110268264033887590e+03	2.592389209013761797e-01	1.704729153255087337e-01	2.476379184382162535e-01	1.476547909317739715e-01	7.029580679487730521e-02	3.040587431305900867e-02	7.429377329483763392e-02
1.111719595097984211e+03	2.590026326441505766e-01	1.703329400547841377e-01	2.477960046369927782e-01	1.477425639395874846e-01	7.033716273944180808e-02	3.043354304605242616e-02	7.435515293863988184e-02
1.113170926162080832e+03	2.587667719919176101e-01	1.701931887830412937e-01	2.479538101624967905e-01	1.478302239666656470e-01	7.037845284108072696e-02	3.046114799134315432e-02	7.441640426310386358e-02
1.114622257226177226e+03	2.585313381941358735e-01	1.700536611434671497e-01	2.481113354987207753e-01	1.479177710152323744e-01	7.041967700394834162e-02	3.048868948232806922e-02	7.447752766181651995e-02
1.116073588290273847e+03	2.582963305012730415e-01	1.699143567698566115e-01	2.482685811284242872e-01	1.480052050857971757e-01	7.046083514043480212e-02	3.051616784676577585e-02	7.453852352709741669e-02
1.117524919354370468e+03	2.580617481648134759e-01	1.697752752966114886e-01	2.484255475331528240e-01	1.480925261772911561e-01	7.050192717085833338e-02	3.054358340694752344e-02	7.459939224997425011e-02
1.118976250418467089e+03	2.578275904372663296e-01	1.696364163587393004e-01	2.485822351932558683e-01	1.481797342871972734e-01	7.054295302316845873e-02	3.057093647986201812e-02	7.466013422015983780e-02
1.120427581482563710e+03	2.575938565721724305e-01	1.694977795918520547e-01	2.487386445879041785e-01	1.482668294116752661e-01	7.058391263265995086e-02	3.059822737735444845e-02	7.472074982603069127e-02
1.121878912546660331e+03	2.573605458241117749e-01	1.693593646321653323e-01	2.488947761951066928e-01	1.483538115456813911e-01	7.062480594169695536e-02	3.062545640627984886e-02	7.478123945460696254e-02
1.123330243610756725e+03	2.571276574487098565e-01	1.692211711164970378e-01	2.490506304917267655e-01	1.484406806830832204e-01	7.066563289944712001e-02	3.065262386865106811e-02	7.484160349153382019e-02
1.124781574674853118e+03	2.568951907026442716e-01	1.690831986822663446e-01	2.492062079534979047e-01	1.485274368167694703e-01	7.070639346162528593e-02	3.067973006178154050e-02	7.490184232106407436e-02
1.126232905738949967e+03	2.566631448436506036e-01	1.689454469674925297e-01	2.493615090550388713e-01	1.486140799387553613e-01	7.074708759024633808e-02	3.070677527842301940e-02	7.496195632604209236e-02
1.127684236803046360e+03	2.564315191305285291e-01	1.688079156107940015e-01	2.495165342698683619e-01	1.487006100402834541e-01	7.078771525338703463e-02	3.073375980689847797e-02	7.502194588788886620e-02
1.129135567867143209e+03	2.562003128231472027e-01	1.686706042513871628e-01	2.496712840704192193e-01	1.487870271119201560e-01	7.082827642495632958e-02	3.076068393123037453e-02	7.508181138658823195e-02
1.130586898931239830e+03	2.559695251824504747e-01	1.685335125290852998e-01	2.498257589280520885e-01	1.488733311436481188e-01	7.086877108447407758e-02	3.078754793126441125e-02	7.514155320067412991e-02
1.132038229995336451e+03	2.557391554704619985e-01	1.683966400842975553e-01	2.499799593130686837e-01	1.489595221249547519e-01	7.090919921685759353e-02	3.081435208278898025e-02	7.520117170721900279e-02
1.133489561059432845e+03	2.555092029502901707e-01	1.682599865580278464e-01	2.501338856947244449e-01	1.490456000449166263e-01	7.094956081221596988e-02	3.084109665765045333e-02	7.526066728182299881e-02
1.134940892123529466e+03	2.552796668861325724e-01	1.681235515918737267e-01	2.502875385412410836e-01	1.491315648922805770e-01	7.098985586565186023e-02	3.086778192386447836e-02	7.532004029860427108e-02
1.136392223187626087e+03	2.550505465432800212e-01	1.679873348280254974e-01	2.504409183198183508e-01	1.492174166555408632e-01	7.103008437707034051e-02	3.089440814572338989e-02	7.537929113019008198e-02
1.137843554251722708e+03	2.548218411881212897e-01	1.678513359092649593e-01	2.505940254966457781e-01	1.493031553230131925e-01	7.107024635099470911e-02	3.092097558389991091e-02	7.543842014770879567e-02
1.139294885315819101e+03	2.545935500881464364e-01	1.677155544789645236e-01	2.507468605369135850e-01	1.493887808829052755e-01	7.111034179638886510e-02	3.094748449554728109e-02	7.549742772078263386e-02
1.140746216379915950e+03	2.543656725119508022e-01	1.675799901810861026e-01	2.508994239048238373e-01	1.494742933233844107e-01	7.115037072648627836e-02	3.097393513439592946e-02	7.555631421752122268e-02
1.142197547444012343e+03	2.541382077292385078e-01	1.674446426601799986e-01	2.510517160636006051e-01	1.495596926326416831e-01	7.119033315862496880e-02	3.100032775084681988e-02	7.561508000451593048e-02
1.143648878508108737e+03	2.539111550108257842e-01	1.673095115613840445e-01	2.512037374755001773e-01	1.496449787989536095e-01	7.123022911408849467e-02	3.102666259206160806e-02	7.567372544683478863e-02
1.145100209572205586e+03	2.536845136286439706e-01	1.671745965304223536e-01	2.513554886018208312e-01	1.497301518107408136e-01	7.127005861795275565e-02	3.105293990204966575e-02	7.573225090801820325e-02
1.146551540636302207e+03	2.534582828557424561e-01	1.670398972136045435e-01	2.515069699029121031e-01	1.498152116566237591e-01	7.130982169893830547e-02	3.107915992175219744e-02	7.579065675007523595e-02
1.148002871700398828e+03	2.532324619662917331e-01	1.669054132578244865e-01	2.516581818381843361e-01	1.499001583254762071e-01	7.134951838926796575e-02	3.110532288912344970e-02	7.584894333348043971e-02
1.149454202764495449e+03	2.530070502355858397e-01	1.667711443105593661e-01	2.518091248661171733e-01	1.499849918064759813e-01	7.138914872452965799e-02	3.113142903920916582e-02	7.590711101717141640e-02
1.150905533828591842e+03	2.527820469400447467e-01	1.666370900198687610e-01	2.519597994442682176e-01	1.500697120891534286e-01	7.142871274354421762e-02	3.115747860422238974e-02	7.596516015854676285e-02
1.152356864892688463e+03	2.525574513572170776e-01	1.665032500343934796e-01	2.521102060292814140e-01	1.501543191634372998e-01	7.146821048823791267e-02	3.118347181361668524e-02	7.602309111346466919e-02
1.153808195956785084e+03	2.523332627657816629e-01	1.663696240033546714e-01	2.522603450768949873e-01	1.502388130196986304e-01	7.150764200351970856e-02	3.120940889415692310e-02	7.608090423624191967e-02
1.155259527020881706e+03	2.521094804455500937e-01	1.662362115765528003e-01	2.524102170419492697e-01	1.503231936487924580e-01	7.154700733716284899e-02	3.123529006998763263e-02	7.613859987965337917e-02
1.156710858084978327e+03	2.518861036774684981e-01	1.661030124043665901e-01	2.525598223783940832e-01	1.504074610420973734e-01	7.158630653969086377e-02	3.126111556269912245e-02	7.619617839493199318e-02
1.158162189149074720e+03	2.516631317436190951e-01	1.659700261377520525e-01	2.527091615392962343e-01	1.504916151915530187e-01	7.162553966426765673e-02	3.128688559139133213e-02	7.625364013176919031e-02
1.159613520213171569e+03	2.514405639272221382e-01	1.658372524282415161e-01	2.528582349768463966e-01	1.505756560896958640e-01	7.166470676659156269e-02	3.131260037273557451e-02	7.631098543831559000e-02
1.161064851277267962e+03	2.512183995126371361e-01	1.657046909279425995e-01	2.530070431423659394e-01	1.506595837296930140e-01	7.170380790479331801e-02	3.133826012103423098e-02	7.636821466118227930e-02
1.162516182341364356e+03	2.509966377853646291e-01	1.655723412895373503e-01	2.531555864863138106e-01	1.507433981053742378e-01	7.174284313933766699e-02	3.136386504827847616e-02	7.642532814544229780e-02
1.163967513405461204e+03	2.507752780320471331e-01	1.654402031662810801e-01	2.533038654582927540e-01	1.508270992112623055e-01	7.178181253292865993e-02	3.138941536420403883e-02	7.648232623463252500e-02
1.165418844469557826e+03	2.505543195404705270e-01	1.653082762120014204e-01	2.534518805070553049e-01	1.509106870426017988e-01	7.182071615041826784e-02	3.141491127634518654e-02	7.653920927075598402e-02
1.166870175533654447e+03	2.503337615995649967e-01	1.651765600810974899e-01	2.535996320805102844e-01	1.509941615953861449e-01	7.185955405871841117e-02	3.144035299008690609e-02	7.659597759428427022e-02
1.168321506597751068e+03	2.501136034994061452e-01	1.650450544285388399e-01	2.537471206257282397e-01	1.510775228663832626e-01	7.189832632671616652e-02	3.146574070871537010e-02	7.665263154416046554e-02
1.169772837661847461e+03	2.498938445312157419e-01	1.649137589098643997e-01	2.538943465889473838e-01	1.511607708531597927e-01	7.193703302519208198e-02	3.149107463346676600e-02	7.670917145780226098e-02
1.171224168725944082e+03	2.496744839873626665e-01	1.647826731811815881e-01	2.540413104155790358e-01	1.512439055541038579e-01	7.197567422674147619e-02	3.151635496357452215e-02	7.676559767110527344e-02
1.172675499790040703e+03	2.494555211613634360e-01	1.646517968991653424e-01	2.541880125502128385e-01	1.513269269684464347e-01	7.201425000569855461e-02	3.154158189631500742e-02	7.682191051844679264e-02
1.174126830854137097e+03	2.492369553478829269e-01	1.645211297210571466e-01	2.543344534366219767e-01	1.514098350962815864e-01	7.205276043806338460e-02	3.156675562705178045e-02	7.687811033268959759e-02
1.175578161918233945e+03	2.490187858427348466e-01	1.643906713046641155e-01	2.544806335177682843e-01	1.514926299385853381e-01	7.209120560143143785e-02	3.159187634927834720e-02	7.693419744518606440e-02
1.177029492982330339e+03	2.488010119428821776e-01	1.642604213083579678e-01	2.546265532358069072e-01	1.515753114972333560e-01	7.212958557492581135e-02	3.161694425465959996e-02	7.699017218578256549e-02
1.178480824046426733e+03	2.485836329464375660e-01	1.641303793910741105e-01	2.547722130320914102e-01	1.516578797750176011e-01	7.216790043913186292e-02	3.164195953307193110e-02	7.704603488282393831e-02
1.179932155110523581e+03	2.483666481526635716e-01	1.640005452123106666e-01	2.549176133471779404e-01	1.517403347756617060e-01	7.220615027603424774e-02	3.166692237264202847e-02	7.710178586315823146e-02
1.181383486174620202e+03	2.481500568619729730e-01	1.638709184321275603e-01	2.550627546208299457e-01	1.518226765038354908e-01	7.224433516895631402e-02	3.169183295978447029e-02	7.715742545214161752e-02
1.182834817238716823e+03	2.479338583759287673e-01	1.637414987111455444e-01	2.552076372920224490e-01	1.519049049651683692e-01	7.228245520250162204e-02	3.171669147923811966e-02	7.721295397364347224e-02
1.184286148302813444e+03	2.477180519972443373e-01	1.636122857105452855e-01	2.553522617989462673e-01	1.519870201662616715e-01	7.232051046249769743e-02	3.174149811410138106e-02	7.726837175005163427e-02
1.185737479366910065e+03	2.475026370297835343e-01	1.634832790920664192e-01	2.554966285790120639e-01	1.520690221147002752e-01	7.235850103594178295e-02	3.176625304586634668e-02	7.732367910227780361e-02
1.187188810431006686e+03	2.472876127785605116e-01	1.633544785180064685e-01	2.556407380688544562e-01	1.521509108190632897e-01	7.239642701094865795e-02	3.179095645445184637e-02	7.737887634976302331e-02
1.188640141495103080e+03	2.470729785497396691e-01	1.632258836512201494e-01	2.557845907043355127e-01	1.522326862889335775e-01	7.243428847670028980e-02	3.181560851823553998e-02	7.743396381048346655e-02
1.190091472559199701e+03	2.468587336506354035e-01	1.630974941551183166e-01	2.559281869205490278e-01	1.523143485349069681e-01	7.247208552339742815e-02	3.184020941408493427e-02	7.748894180095612649e-02
1.191542803623296322e+03	2.466448773897120528e-01	1.629693096936669916e-01	2.560715271518238523e-01	1.523958975686001416e-01	7.250981824221286454e-02	3.186475931738749073e-02	7.754381063624482540e-02
1.192994134687392716e+03	2.464314090765834520e-01	1.628413299313864471e-01	2.562146118317275012e-01	1.524773334026582050e-01	7.254748672524653774e-02	3.188925840207981754e-02	7.759857062996623756e-02
1.194445465751489564e+03	2.462183280220126835e-01	1.627135545333503741e-01	2.563574413930697071e-01	1.525586560507612988e-01	7.258509106548219347e-02	3.191370684067591779e-02	7.765322209429596778e-02
1.195896796815585958e+03	2.460056335379116610e-01	1.625859831651848830e-01	2.565000162679056950e-01	1.526398655276305916e-01	7.262263135674573711e-02	3.193810480429463972e-02	7.770776533997489355e-02
1.197348127879682352e+03	2.457933249373407680e-01	1.624586154930675319e-01	2.566423368875395128e-01	1.527209618490334986e-01	7.266010769366502975e-02	3.196245246268624579e-02	7.776220067631541000e-02
1.198799458943779200e+03	2.455814015345083035e-01	1.623314511837265495e-01	2.567844036825273624e-01	1.528019450317884831e-01	7.269752017163122471e-02	3.198674998425821148e-02	7.781652841120791086e-02
1.200250790007875821e+03	2.453698626447699815e-01	1.622044899044396971e-01	2.569262170826804303e-01	1.528828150937689423e-01	7.273486888676151951e-02	3.201099753610023996e-02	7.787074885112724165e-02
1.201702121071972442e+03	2.451587075846284325e-01	1.620777313230336580e-01	2.570677775170680524e-01	1.529635720539068711e-01	7.277215393586329573e-02	3.203519528400853439e-02	7.792486230113929158e-02
1.203153452136069063e+03	2.449479356717324807e-01	1.619511751078827333e-01	2.572090854140207661e-01	1.530442159321956097e-01	7.280937541639956323e-02	3.205934339250934850e-02	7.797886906490764103e-02
1.204604783200165684e+03	2.447375462248766176e-01	1.618248209279083416e-01	2.573501412011330869e-01	1.531247467496922587e-01	7.284653342645575069e-02	3.208344202488182251e-02	7.803276944470023679e-02
1.206056114264262078e+03	2.445275385640001964e-01	1.616986684525778262e-01	2.574909453052665054e-01	1.532051645285196217e-01	7.288362806470760624e-02	3.210749134318020143e-02	7.808656374139617828e-02
1.207507445328358699e+03	2.443179120101868496e-01	1.615727173519035942e-01	2.576314981525519854e-01	1.532854692918673989e-01	7.292065943039044429e-02	3.213149150825534567e-02	7.814025225449251766e-02
1.208958776392455093e+03	2.441086658856636282e-01	1.614469672964422842e-01	2.577718001683928506e-01	1.533656610639932139e-01	7.295762762326936379e-02	3.215544267977564485e-02	7.819383528211112933e-02
1.210410107456551941e+03	2.438997995138001973e-01	1.613214179572938778e-01	2.579118517774672270e-01	1.534457398702230024e-01	7.299453274361077104e-02	3.217934501624731408e-02	7.824731312100563496e-02
1.211861438520648335e+03	2.436913122191081416e-01	1.611960690061006451e-01	2.580516534037308185e-01	1.535257057369510958e-01	7.303137489215479061e-02	3.220319867503416283e-02	7.830068606656831465e-02
1.213312769584745183e+03	2.434832033272399943e-01	1.610709201150463399e-01	2.581912054704192938e-01	1.536055586916397209e-01	7.306815417008878655e-02	3.222700381237669776e-02	7.835395441283712903e-02
1.214764100648841804e+03	2.432754721649882934e-01	1.609459709568554220e-01	2.583305084000505070e-01	1.536852987628182787e-01	7.310487067902191050e-02	3.225076058341078133e-02	7.840711845250272760e-02
1.216215431712937971e+03	2.430681180602848601e-01	1.608212212047919476e-01	2.584695626144273839e-01	1.537649259800821233e-01	7.314152452096046864e-02	3.227446914218570773e-02	7.846017847691545699e-02
1.217666762777034819e+03	2.428611403421996329e-01	1.606966705326587086e-01	2.586083685346397543e-01	1.538444403740911182e-01	7.317811579828435720e-02	3.229812964168178591e-02	7.851313477609248026e-02
1.219118093841131440e+03	2.426545383409398626e-01	1.605723186147965109e-01	2.587469265810669605e-01	1.539238419765677768e-01	7.321464461372428900e-02	3.232174223382745792e-02	7.856598763872488234e-02
1.220569424905228061e+03	2.424483113878490581e-01	1.604481651260831199e-01	2.588852371733800783e-01	1.540031308202949034e-01	7.325111107033994984e-02	3.234530706951588980e-02	7.861873735218473380e-02
1.222020755969324682e+03	2.422424588154059033e-01	1.603242097419324552e-01	2.590233007305438595e-01	1.540823069391132893e-01	7.328751527149886258e-02	3.236882429862117383e-02	7.867138420253225184e-02
1.223472087033421303e+03	2.420369799572232306e-01	1.602004521382936197e-01	2.591611176708190079e-01	1.541613703679187986e-01	7.332385732085615337e-02	3.239229407001402439e-02	7.872392847452293341e-02
1.224923418097517697e+03	2.418318741480470491e-01	1.600768919916500110e-01	2.592986884117644553e-01	1.542403211426593701e-01	7.336013732233506723e-02	3.241571653157710592e-02	7.877637045161474394e-02
1.226374749161614318e+03	2.416271407237552404e-01	1.599535289790186277e-01	2.594360133702390825e-01	1.543191593003315765e-01	7.339635538010812199e-02	3.243909183021989606e-02	7.882871041597519501e-02
1.227826080225710712e+03	2.414227790213566982e-01	1.598303627779489311e-01	2.595730929624041061e-01	1.543978848789771263e-01	7.343251159857909494e-02	3.246242011189317406e-02	7.888094864848861631e-02
1.229277411289807560e+03	2.412187883789899401e-01	1.597073930665220687e-01	2.597099276037246884e-01	1.544764979176788677e-01	7.346860608236567558e-02	3.248570152160316221e-02	7.893308542876326106e-02
1.230728742353903954e+03	2.410151681359221365e-01	1.595846195233500964e-01	2.598465177089721578e-01	1.545549984565568746e-01	7.350463893628265966e-02	3.250893620342522328e-02	7.898512103513850857e-02
1.232180073418000802e+03	2.408119176325477784e-01	1.594620418275749241e-01	2.599828636922257852e-01	1.546333865367640614e-01	7.354061026532590639e-02	3.253212430051723864e-02	7.903705574469199746e-02
1.233631404482097196e+03	2.406090362103875946e-01	1.593396596588675940e-01	2.601189659668744492e-01	1.547116622004816311e-01	7.357652017465689254e-02	3.255526595513265342e-02	7.908888983324684208e-02
1.235082735546193817e+03	2.404065232120873030e-01	1.592174726974272259e-01	2.602548249456189677e-01	1.547898254909144677e-01	7.361236876958773823e-02	3.257836130863316082e-02	7.914062357537873793e-02
1.236534066610290438e+03	2.402043779814163338e-01	1.590954806239803787e-01	2.603904410404734304e-01	1.548678764522861961e-01	7.364815615556702388e-02	3.260141050150106024e-02	7.919225724442316428e-02
1.237985397674387059e+03	2.400025998632665802e-01	1.589736831197799682e-01	2.605258146627671967e-01	1.549458151298340747e-01	7.368388243816588468e-02	3.262441367335132403e-02	7.924379111248253116e-02
1.239436728738483680e+03	2.398011882036512332e-01	1.588520798666045175e-01	2.606609462231465058e-01	1.550236415698038328e-01	7.371954772306485437e-02	3.264737096294333812e-02	7.929522545043327098e-02
1.240888059802580301e+03	2.396001423497033656e-01	1.587306705467572132e-01	2.607958361315763085e-01	1.551013558194441755e-01	7.375515211604109778e-02	3.267028250819235119e-02	7.934656052793301328e-02
1.242339390866676695e+03	2.393994616496746830e-01	1.586094548430651563e-01	2.609304847973418773e-01	1.551789579270013153e-01	7.379069572295618440e-02	3.269314844618068094e-02	7.939779661342763473e-02
1.243790721930773088e+03	2.391991454529342198e-01	1.584884324388783072e-01	2.610648926290504157e-01	1.552564479417132548e-01	7.382617864974430621e-02	3.271596891316857353e-02	7.944893397415844771e-02
1.245242052994869937e+03	2.389991931099670341e-01	1.583676030180688754e-01	2.611990600346326685e-01	1.553338259138039024e-01	7.386160100240096726e-02	3.273874404460486859e-02	7.949997287616913932e-02
1.246693384058966330e+03	2.387996039723728203e-01	1.582469662650302644e-01	2.613329874213447535e-01	1.554110918944772157e-01	7.389696288697210347e-02	3.276147397513735210e-02	7.955091358431297388e-02
1.248144715123063179e+03	2.386003773928646043e-01	1.581265218646762116e-01	2.614666751957693269e-01	1.554882459359110680e-01	7.393226440954360490e-02	3.278415883862289409e-02	7.960175636225974571e-02
1.249596046187159800e+03	2.384015127252673560e-01	1.580062695024400110e-01	2.616001237638175270e-01	1.555652880912510305e-01	7.396750567623129602e-02	3.280679876813733659e-02	7.965250147250284296e-02
1.251047377251256421e+03	2.382030093245165736e-01	1.578862088642736805e-01	2.617333335307303055e-01	1.556422184146041832e-01	7.400268679317127674e-02	3.282939389598516639e-02	7.970314917636622809e-02
1.252498708315352815e+03	2.380048665466569791e-01	1.577663396366469906e-01	2.618663049010798716e-01	1.557190369610326475e-01	7.403780786651063817e-02	3.285194435370890342e-02	7.975369973401139068e-02
1.253950039379449436e+03	2.378070837488410472e-01	1.576466615065467425e-01	2.619990382787712457e-01	1.557957437865471473e-01	7.407286900239852534e-02	3.287445027209835030e-02	7.980415340444435568e-02
1.255401370443546057e+03	2.376096602893276177e-01	1.575271741614757415e-01	2.621315340670438698e-01	1.558723389481004307e-01	7.410787030697758848e-02	3.289691178119959203e-02	7.985451044552258071e-02
1.256852701507642678e+03	2.374125955274804800e-01	1.574078772894522138e-01	2.622637926684727727e-01	1.559488225035805531e-01	7.414281188637575348e-02	3.291932901032375985e-02	7.990477111396182552e-02
1.258304032571739299e+03	2.372158888237669572e-01	1.572887705790086410e-01	2.623958144849702911e-01	1.560251945118042993e-01	7.417769384669836708e-02	3.294170208805567018e-02	7.995493566534313257e-02
1.259755363635835920e+03	2.370195395397564908e-01	1.571698537191911493e-01	2.625275999177871245e-01	1.561014550325103001e-01	7.421251629402049466e-02	3.296403114226220676e-02	8.000500435411959932e-02
1.261206694699932314e+03	2.368235470381191143e-01	1.570511263995585660e-01	2.626591493675139444e-01	1.561776041263522596e-01	7.424727933437974547e-02	3.298631630010055715e-02	8.005497743362316454e-02
1.262658025764028707e+03	2.366279106826240652e-01	1.569325883101815866e-01	2.627904632340828939e-01	1.562536418548918782e-01	7.428198307376920884e-02	3.300855768802624102e-02	8.010485515607150553e-02
1.264109356828125556e+03	2.364326298381382863e-01	1.568142391416419701e-01	2.629215419167684753e-01	1.563295682805920239e-01	7.431662761813079277e-02	3.303075543180100659e-02	8.015463777257472722e-02
1.265560687892221949e+03	2.362377038706250099e-01	1.566960785850315951e-01	2.630523858141894933e-01	1.564053834668097664e-01	7.435121307334875695e-02	3.305290965650049817e-02	8.020432553314214841e-02
1.267012018956318798e+03	2.360431321471422039e-01	1.565781063319517108e-01	2.631829953243098874e-01	1.564810874777891603e-01	7.438573954524348164e-02	3.307502048652180560e-02	8.025391868668894924e-02
1.268463350020415419e+03	2.358489140358411562e-01	1.564603220745121592e-01	2.633133708444403420e-01	1.565566803786542505e-01	7.442020713956558342e-02	3.309708804559086115e-02	8.030341748104292965e-02
1.269914681084511813e+03	2.356550489059649478e-01	1.563427255053302933e-01	2.634435127712391744e-01	1.566321622354019394e-01	7.445461596199022536e-02	3.311911245676963517e-02	8.035282216295105973e-02
1.271366012148608434e+03	2.354615361278468988e-01	1.562253163175304216e-01	2.635734215007142223e-01	1.567075331148947148e-01	7.448896611811162138e-02	3.314109384246322759e-02	8.040213297808615489e-02
1.272817343212705055e+03	2.352683750729092083e-01	1.561080942047428366e-01	2.637030974282235096e-01	1.567827930848536000e-01	7.452325771343783212e-02	3.316303232442679993e-02	8.045135017105345399e-02
1.274268674276801676e+03	2.350755651136612889e-01	1.559910588611029270e-01	2.638325409484769124e-01	1.568579422138508261e-01	7.455749085338575499e-02	3.318492802377236844e-02	8.050047398539711407e-02
1.275720005340898297e+03	2.348831056236983794e-01	1.558742099812504833e-01	2.639617524555372130e-01	1.569329805713026160e-01	7.459166564327625315e-02	3.320678106097544463e-02	8.054950466360680239e-02
1.277171336404994690e+03	2.346909959776998789e-01	1.557575472603287825e-01	2.640907323428212661e-01	1.570079082274619120e-01	7.462578218832957577e-02	3.322859155588159252e-02	8.059844244712409400e-02
1.278622667469091539e+03	2.344992355514279869e-01	1.556410703939837825e-01	2.642194810031014973e-01	1.570827252534111040e-01	7.465984059366095882e-02	3.325035962771277775e-02	8.064728757634896661e-02
1.280073998533187932e+03	2.343078237217260662e-01	1.555247790783632622e-01	2.643479988285067361e-01	1.571574317210547300e-01	7.469384096427639230e-02	3.327208539507370277e-02	8.069604029064621209e-02
1.281525329597284326e+03	2.341167598665170879e-01	1.554086730101160441e-01	2.644762862105236034e-01	1.572320277031121205e-01	7.472778340506849859e-02	3.329376897595790613e-02	8.074470082835182028e-02
1.282976660661381175e+03	2.339260433648021331e-01	1.552927518863911616e-01	2.646043435399977328e-01	1.573065132731102378e-01	7.476166802081272988e-02	3.331541048775383401e-02	8.079326942677927947e-02
1.284427991725477568e+03	2.337356735966589216e-01	1.551770154048369432e-01	2.647321712071348254e-01	1.573808885053761542e-01	7.479549491616356571e-02	3.333701004725073830e-02	8.084174632222594636e-02
1.285879322789574417e+03	2.335456499432400912e-01	1.550614632636003465e-01	2.648597696015018710e-01	1.574551534750298909e-01	7.482926419565107123e-02	3.335856777064451911e-02	8.089013174997924938e-02
1.287330653853671038e+03	2.333559717867718097e-01	1.549460951613260695e-01	2.649871391120283137e-01	1.575293082579770632e-01	7.486297596367737228e-02	3.338008377354339390e-02	8.093842594432298920e-02
1.288781984917767431e+03	2.331666385105520822e-01	1.548309107971556353e-01	2.651142801270071625e-01	1.576033529309015246e-01	7.489663032451349123e-02	3.340155817097353874e-02	8.098662913854352829e-02
1.290233315981864052e+03	2.329776494989493352e-01	1.547159098707267533e-01	2.652411930340961566e-01	1.576772875712580957e-01	7.493022738229615509e-02	3.342299107738455621e-02	8.103474156493592484e-02
