1.001418434226643626e+03	2.781880500256053712e-01	1.816596911305538853e-01	2.349433288016464227e-01	1.407331019847947728e-01	6.702626001548925294e-02	2.814559105961155633e-02	6.930397698194833145e-02
1.003837319333471214e+03	2.777356444014024150e-01	1.813978750590997946e-01	2.352437515616992159e-01	1.408940460910541870e-01	6.710104236469270622e-02	2.820278405373984748e-02	6.942485646796139886e-02
1.006256204440298802e+03	2.772845962875390424e-01	1.811367560729479631e-01	2.355432688970600930e-01	1.410546125052131450e-01	6.717586236775467678e-02	2.825960650952473452e-02	6.954529735960987558e-02
1.008675089547126618e+03	2.768349021824504930e-01	1.808763322635685844e-01	2.358418843717884628e-01	1.412148076973297195e-01	6.725070439930498634e-02	2.831606906116594657e-02	6.966530002404129618e-02
1.011093974653954206e+03	2.763865585648666023e-01	1.806166017281843617e-01	2.361396014776271923e-01	1.413746376561267892e-01	6.732555381669681760e-02	2.837218174691384653e-02	6.978486500923385127e-02
1.013512859760782021e+03	2.759395618956231311e-01	1.803575625697236007e-01	2.364364236379824236e-01	1.415341079200948537e-01	6.740039690168875275e-02	2.842795404721729438e-02	6.990399302731940823e-02
1.015931744867609382e+03	2.754939086193652908e-01	1.800992128967746353e-01	2.367323542116686053e-01	1.416932236067162121e-01	6.747522080548885859e-02	2.848339492031157910e-02	7.002268493932424509e-02
1.018350629974437197e+03	2.750495951661492411e-01	1.798415508235429727e-01	2.370273964964319524e-01	1.418519894399195846e-01	6.755001349697586921e-02	2.853851283542493955e-02	7.014094174120485969e-02
1.020769515081264785e+03	2.746066179529474405e-01	1.795845744698095492e-01	2.373215537322652668e-01	1.420104097758690953e-01	6.762476371392170393e-02	2.859331580376939241e-02	7.025876455106695728e-02
1.023188400188092373e+03	2.741649733850639037e-01	1.793282819608910672e-01	2.376148291045262206e-01	1.421684886271846471e-01	6.769946091704863445e-02	2.864781140746935906e-02	7.037615459746558721e-02
1.025607285294920075e+03	2.737246578574635825e-01	1.790726714276018317e-01	2.379072257468705653e-01	1.423262296856863396e-01	6.777409524676270003e-02	2.870200682657064045e-02	7.049311320869369735e-02
1.028026170401747549e+03	2.732856677560223102e-01	1.788177410062170847e-01	2.381987467440110362e-01	1.424836363437494979e-01	6.784865748241325489e-02	2.875590886426198506e-02	7.060964180297417403e-02
1.030445055508575479e+03	2.728479994587003632e-01	1.785634888384376451e-01	2.384893951343121654e-01	1.426407117143523307e-01	6.792313900393669168e-02	2.880952397043195015e-02	7.072574187947820723e-02
1.032863940615402726e+03	2.724116493366450231e-01	1.783099130713561853e-01	2.387791739122306356e-01	1.427974586498935994e-01	6.799753175574926867e-02	2.886285826367505566e-02	7.084141501009952324e-02
1.035282825722230655e+03	2.719766137552265262e-01	1.780570118574244798e-01	2.390680860306102218e-01	1.429538797598531308e-01	6.807182821276161477e-02	2.891591755185308685e-02	7.095666283192024471e-02
1.037701710829058356e+03	2.715428890750102298e-01	1.778047833544217915e-01	2.393561344028397597e-01	1.431099774273637826e-01	6.814602134839418957e-02	2.896870735130984906e-02	7.107148704030968878e-02
1.040120595935886058e+03	2.711104716526698266e-01	1.775532257254247848e-01	2.396433219048825503e-01	1.432657538247597562e-01	6.822010460447916480e-02	2.902123290483079460e-02	7.118588938260243804e-02
1.042539481042713533e+03	2.706793578418444923e-01	1.773023371387779379e-01	2.399296513771843053e-01	1.434212109281621517e-01	6.829407186294085552e-02	2.907349919843242939e-02	7.129987165230711188e-02
1.044958366149541234e+03	2.702495439939435751e-01	1.770521157680653990e-01	2.402151256264672130e-01	1.435763505311593857e-01	6.836791741915239362e-02	2.912551097706048836e-02	7.141343568380081885e-02
1.047377251256368709e+03	2.698210264589013252e-01	1.768025597920835357e-01	2.404997474274168379e-01	1.437311742576363183e-01	6.844163595687192958e-02	2.917727275927028616e-02	7.152658334746903046e-02
1.049796136363196410e+03	2.693938015858855506e-01	1.765536673948142898e-01	2.407835195242678528e-01	1.438856835738036022e-01	6.851522252466731022e-02	2.922878885095761894e-02	7.163931654525299009e-02
1.052215021470024112e+03	2.689678657239620851e-01	1.763054367653996979e-01	2.410664446322950683e-01	1.440398797994746627e-01	6.858867251374263507e-02	2.928006335820369788e-02	7.175163720657129485e-02
1.054633906576851814e+03	2.685432152227182345e-01	1.760578660981168553e-01	2.413485254392151447e-01	1.441937641186360475e-01	6.866198163708554791e-02	2.933110019929332027e-02	7.186354728458405061e-02
1.057052791683679516e+03	2.681198464328471420e-01	1.758109535923536582e-01	2.416297646065042604e-01	1.443473375893532806e-01	6.873514590985811690e-02	2.938190311596133517e-02	7.197504875277138670e-02
1.059471676790506763e+03	2.676977557066960167e-01	1.755646974525854609e-01	2.419101647706372038e-01	1.445006011530527434e-01	6.880816163095884730e-02	2.943247568391864702e-02	7.208614360180032321e-02
1.061890561897334692e+03	2.672769393987797226e-01	1.753190958883520667e-01	2.421897285442515813e-01	1.446535556432168579e-01	6.888102536568738166e-02	2.948282132270552483e-02	7.219683383665603804e-02
1.064309447004162394e+03	2.668573938662624490e-01	1.750741471142356342e-01	2.424684585172429963e-01	1.448062017935284052e-01	6.895373392944691149e-02	2.953294330491666383e-02	7.230712147401606449e-02
1.066728332110990095e+03	2.664391154694087382e-01	1.748298493498389450e-01	2.427463572577940043e-01	1.449585402454970362e-01	6.902628437242380732e-02	2.958284476483949432e-02	7.241700853984707476e-02
1.069147217217817570e+03	2.660221005720058707e-01	1.745862008197643367e-01	2.430234273133419221e-01	1.451105715555997544e-01	6.909867396518655502e-02	2.963252870654424151e-02	7.252649706720637468e-02
1.071566102324645271e+03	2.656063455417599362e-01	1.743431997535930256e-01	2.432996712114882387e-01	1.452622962019646247e-01	6.917090018515012484e-02	2.968199801146186381e-02	7.263558909423122045e-02
1.073984987431472746e+03	2.651918467506660382e-01	1.741008443858650667e-01	2.435750914608537654e-01	1.454137145906257422e-01	6.924296070385434210e-02	2.973125544548330806e-02	7.274428666230073337e-02
1.076403872538300675e+03	2.647786005753554051e-01	1.738591329560597032e-01	2.438496905518824642e-01	1.455648270613753015e-01	6.931485337500835342e-02	2.978030366561141770e-02	7.285259181435631282e-02
1.078822757645127922e+03	2.643666033974195195e-01	1.736180637085760481e-01	2.441234709575974549e-01	1.457156338932378559e-01	6.938657622325571095e-02	2.982914522619468933e-02	7.296050659336769662e-02
1.081241642751955851e+03	2.639558516037139313e-01	1.733776348927144051e-01	2.443964351343112518e-01	1.458661353095891400e-01	6.945812743361719221e-02	2.987778258477004692e-02	7.306803304093298368e-02
1.083660527858783553e+03	2.635463415866420300e-01	1.731378447626577277e-01	2.446685855222939798e-01	1.460163314829421299e-01	6.952950534157131823e-02	2.992621810754006809e-02	7.317517319600175263e-02
1.086079412965611255e+03	2.631380697444202776e-01	1.728986915774536059e-01	2.449399245464014274e-01	1.461662225394197712e-01	6.960070842373430877e-02	2.997445407450834501e-02	7.328192909371131214e-02
1.088498298072438729e+03	2.627310324813262876e-01	1.726601736009964749e-01	2.452104546166656296e-01	1.463158085629345240e-01	6.967173528910405866e-02	3.002249268429508025e-02	7.338830276432703470e-02
1.090917183179266431e+03	2.623252262079301955e-01	1.724222891020102122e-01	2.454801781288502849e-01	1.464650895990921298e-01	6.974258467083421786e-02	3.007033605865360587e-02	7.349429623227848873e-02
1.093336068286093905e+03	2.619206473413109304e-01	1.721850363540311513e-01	2.457490974649728377e-01	1.466140656588368618e-01	6.981325541850681715e-02	3.011798624670704305e-02	7.359991151528350040e-02
1.095754953392921607e+03	2.615172923052579979e-01	1.719484136353912063e-01	2.460172149937956687e-01	1.467627367218541090e-01	6.988374649087365775e-02	3.016544522892313993e-02	7.370515062355340041e-02
1.098173838499749309e+03	2.611151575304595518e-01	1.717124192292012463e-01	2.462845330712879199e-01	1.469111027397453639e-01	6.995405694903829297e-02	3.021271492084407623e-02	7.381001555907273914e-02
1.100592723606577010e+03	2.607142394546777542e-01	1.714770514233349974e-01	2.465510540410598694e-01	1.470591636389897705e-01	7.002418595005217850e-02	3.025979717658696874e-02	7.391450831494759954e-02
1.103011608713404712e+03	2.603145345229124219e-01	1.712423085104128329e-01	2.468167802347716044e-01	1.472069193237051932e-01	7.009413274090026125e-02	3.030669379212969430e-02	7.401863087481713732e-02
1.105430493820231959e+03	2.599160391875528497e-01	1.710081887877860640e-01	2.470817139725174083e-01	1.473543696782214918e-01	7.016389665285235888e-02	3.035340650839576937e-02	7.412238521232314414e-02
1.107849378927059888e+03	2.595187499085196414e-01	1.707746905575213969e-01	2.473458575631873324e-01	1.475015145694777152e-01	7.023347709615869461e-02	3.039993701415109190e-02	7.422577329063322071e-02
1.110268264033887590e+03	2.591226631533961045e-01	1.705418121263854170e-01	2.476092133048074795e-01	1.476483538492539271e-01	7.030287355506845137e-02	3.044628694872451163e-02	7.432879706201311887e-02
1.112687149140715292e+03	2.587277753975507633e-01	1.703095518058296565e-01	2.478717834848602197e-01	1.477948873562482113e-01	7.037208558315224960e-02	3.049245790456340741e-02	7.443145846744445016e-02
1.115106034247542766e+03	2.583340831242507685e-01	1.700779079119753012e-01	2.481335703805855053e-01	1.479411149180086260e-01	7.044111279890993838e-02	3.053845142963473869e-02	7.453375943628416656e-02
1.117524919354370468e+03	2.579415828247668685e-01	1.698468787655985912e-01	2.483945762592644768e-01	1.480870363527287126e-01	7.050995488164658875e-02	3.058426902968135880e-02	7.463570188596248267e-02
1.119943804461197942e+03	2.575502709984713867e-01	1.696164626921161378e-01	2.486548033784864720e-01	1.482326514709156884e-01	7.057861156760059096e-02	3.062991217034273864e-02	7.473728772171606138e-02
1.122362689568025871e+03	2.571601441529281495e-01	1.693866580215704354e-01	2.489142539864004355e-01	1.483779600769391249e-01	7.064708264630836787e-02	3.067538227914864274e-02	7.483851883635386781e-02
1.124781574674853118e+03	2.567711988039760307e-01	1.691574630886154840e-01	2.491729303219516745e-01	1.485229619704674098e-01	7.071536795719166046e-02	3.072068074739373045e-02	7.493939711005299931e-02
1.127200459781681047e+03	2.563834314758056676e-01	1.689288762325026894e-01	2.494308346151047628e-01	1.486676569477994314e-01	7.078346738635366009e-02	3.076580893190064558e-02	7.503992441018199344e-02
1.129619344888508749e+03	2.559968387010308488e-01	1.687008957970667633e-01	2.496879690870536794e-01	1.488120448030979259e-01	7.085138086357149756e-02	3.081076815667851965e-02	7.514010259114960177e-02
1.132038229995336451e+03	2.556114170207532399e-01	1.684735201307118180e-01	2.499443359504195383e-01	1.489561253295307308e-01	7.091910835947315417e-02	3.085555971448348048e-02	7.523993349427686439e-02
1.134457115102163925e+03	2.552271629846226686e-01	1.682467475863975714e-01	2.501999374094372453e-01	1.490998983203258577e-01	7.098664988288752586e-02	3.090018486828727609e-02	7.533941894769063952e-02
1.136876000208991627e+03	2.548440731508920254e-01	1.680205765216256919e-01	2.504547756601313013e-01	1.492433635697459071e-01	7.105400547835717673e-02	3.094464485265975909e-02	7.543856076623697837e-02
1.139294885315819101e+03	2.544621440864674455e-01	1.677950052984261975e-01	2.507088528904814484e-01	1.493865208739867945e-01	7.112117522380394241e-02	3.098894087507063355e-02	7.553736075141248563e-02
1.141713770422646803e+03	2.540813723669541058e-01	1.675700322833440781e-01	2.509621712805789051e-01	1.495293700320058927e-01	7.118815922833804377e-02	3.103307411711541883e-02	7.563582069131247199e-02
1.144132655529474505e+03	2.537017545766980797e-01	1.673456558474259448e-01	2.512147330027743042e-01	1.496719108462838677e-01	7.125495763020192608e-02	3.107704573567041800e-02	7.573394236059435847e-02
1.146551540636302207e+03	2.533232873088240300e-01	1.671218743662067074e-01	2.514665402218163037e-01	1.498141431235248677e-01	7.132157059484077466e-02	3.112085686398103138e-02	7.583172752045519438e-02
1.148970425743129908e+03	2.529459671652692920e-01	1.668986862196965293e-01	2.517175950949832042e-01	1.499560666752984550e-01	7.138799831309179666e-02	3.116450861268758171e-02	7.592917791862204002e-02
1.151389310849957155e+03	2.525697907568146827e-01	1.666760897923677542e-01	2.519678997722070157e-01	1.500976813186276348e-01	7.145424099948521901e-02	3.120800207079251279e-02	7.602629528935411773e-02
1.153808195956785084e+03	2.521947547031119785e-01	1.664540834731417507e-01	2.522174563961904203e-01	1.502389868765262315e-01	7.152029889065009138e-02	3.125133830657254169e-02	7.612308135345591253e-02
1.156227081063612786e+03	2.518208556327082848e-01	1.662326656553763382e-01	2.524662671025176275e-01	1.503799831784887742e-01	7.158617224381845501e-02	3.129451836843921003e-02	7.621953781830012598e-02
1.158645966170440488e+03	2.514480901830678516e-01	1.660118347368527147e-01	2.527143340197590682e-01	1.505206700609364734e-01	7.165186133542203462e-02	3.133754328575095310e-02	7.631566637785971996e-02
1.161064851277267962e+03	2.510764550005906703e-01	1.657915891197629943e-01	2.529616592695699828e-01	1.506610473676215367e-01	7.171736645977562497e-02	3.138041406957970542e-02	7.641146871274821784e-02
1.163483736384095664e+03	2.507059467406294040e-01	1.655719272106972728e-01	2.532082449667843460e-01	1.508011149499931258e-01	7.178268792784205099e-02	3.142313171343481121e-02	7.650694649026769378e-02
1.165902621490923138e+03	2.503365620675029879e-01	1.653528474206311938e-01	2.534540932195034624e-01	1.509408726675272594e-01	7.184782606607352518e-02	3.146569719394683856e-02	7.660210136446350682e-02
1.168321506597751068e+03	2.499682976545087865e-01	1.651343481649134581e-01	2.536992061291795109e-01	1.510803203880229928e-01	7.191278121532486411e-02	3.150811147151375696e-02	7.669693497618544631e-02
1.170740391704578315e+03	2.496011501839322799e-01	1.649164278632533065e-01	2.539435857906953142e-01	1.512194579878674283e-01	7.197755372983417888e-02	3.155037549091177507e-02	7.679144895315449804e-02
1.173159276811406244e+03	2.492351163470549746e-01	1.646990849397082513e-01	2.541872342924396677e-01	1.513582853522711935e-01	7.204214397626679256e-02	3.159249018187298974e-02	7.688564491003492540e-02
1.175578161918233945e+03	2.488701928441602873e-01	1.644823178226715865e-01	2.544301537163785598e-01	1.514968023754768855e-01	7.210655233281872134e-02	3.163445645963178926e-02	7.697952444851094422e-02
1.177997047025061647e+03	2.485063763845380691e-01	1.642661249448603422e-01	2.546723461381230624e-01	1.516350089609419527e-01	7.217077918837573602e-02	3.167627522544207846e-02	7.707308915736763022e-02
1.180415932131889122e+03	2.481436636864870204e-01	1.640505047433028774e-01	2.549138136269935018e-01	1.517729050214979003e-01	7.223482494172495105e-02	3.171794736706681772e-02	7.716634061257576782e-02
1.182834817238716823e+03	2.477820514773161065e-01	1.638354556593269173e-01	2.551545582460808537e-01	1.519104904794875699e-01	7.229869000081555475e-02	3.175947375924184635e-02	7.725928037738001575e-02
1.185253702345544298e+03	2.474215364933440020e-01	1.636209761385473693e-01	2.553945820523046417e-01	1.520477652668816293e-01	7.236237478206562768e-02	3.180085526411526725e-02	7.735191000239025061e-02
1.187672587452371999e+03	2.470621154798978425e-01	1.634070646308543318e-01	2.556338870964684484e-01	1.521847293253762168e-01	7.242587970971231526e-02	3.184209273166405119e-02	7.744423102567561668e-02
1.190091472559199701e+03	2.467037851913101432e-01	1.631937195904010762e-01	2.558724754233119847e-01	1.523213826064727938e-01	7.248920521520267612e-02	3.188318700008910961e-02	7.753624497286105977e-02
1.192510357666027403e+03	2.463465423909148300e-01	1.629809394755921126e-01	2.561103490715617714e-01	1.524577250715414001e-01	7.255235173662258341e-02	3.192413889619018230e-02	7.762795335722599832e-02
1.194929242772855105e+03	2.459903838510421603e-01	1.627687227490714206e-01	2.563475100739784907e-01	1.525937566918686705e-01	7.261531971816159725e-02	3.196494923572169855e-02	7.771935767980489573e-02
1.197348127879682352e+03	2.456353063530124226e-01	1.625570678777104872e-01	2.565839604574027821e-01	1.527294774486915863e-01	7.267810960961136602e-02	3.200561882373077066e-02	7.781045942948953964e-02
1.199767012986510281e+03	2.452813066871289693e-01	1.623459733325965659e-01	2.568197022427986531e-01	1.528648873332181524e-01	7.274072186589550237e-02	3.204614845487836761e-02	7.790126008313275063e-02
1.202185898093337983e+03	2.449283816526700852e-01	1.621354375890210198e-01	2.570547374452950007e-01	1.529999863466357524e-01	7.280315694662922721e-02	3.208653891374464023e-02	7.799176110565322895e-02
1.204604783200165684e+03	2.445765280578801326e-01	1.619254591264674692e-01	2.572890680742253022e-01	1.531347745001082894e-01	7.286541531570675523e-02	3.212679097511939030e-02	7.808196395014163627e-02
1.207023668306993159e+03	2.442257427199597264e-01	1.617160364286002738e-01	2.575226961331657516e-01	1.532692518147628358e-01	7.292749744091459041e-02	3.216690540427845357e-02	7.817187005796737143e-02
1.209442553413820860e+03	2.438760224650553254e-01	1.615071679832528473e-01	2.577556236199716189e-01	1.534034183216665403e-01	7.298940379356955166e-02	3.220688295724694061e-02	7.826148085888613715e-02
1.211861438520648335e+03	2.435273641282481027e-01	1.612988522824162219e-01	2.579878525268121114e-01	1.535372740617948761e-01	7.305113484817958580e-02	3.224672438104998762e-02	7.835079777114806188e-02
1.214280323627476264e+03	2.431797645535421493e-01	1.610910878222272802e-01	2.582193848402039027e-01	1.536708190859913947e-01	7.311269108212617440e-02	3.228643041395182212e-02	7.843982220160621022e-02
1.216699208734303511e+03	2.428332205938517896e-01	1.608838731029575420e-01	2.584502225410433285e-01	1.538040534549200422e-01	7.317407297536697441e-02	3.232600178568379584e-02	7.852855554582541253e-02
1.219118093841131440e+03	2.424877291109888144e-01	1.606772066290016177e-01	2.586803676046372513e-01	1.539369772390105362e-01	7.323528101015742975e-02	3.236543921766198151e-02	7.861699918819121946e-02
1.221536978947959142e+03	2.421432869756487138e-01	1.604710869088657177e-01	2.589098220007329809e-01	1.540695905183972758e-01	7.329631567079014642e-02	3.240474342319498574e-02	7.870515450201902297e-02
1.223955864054786844e+03	2.417998910673966606e-01	1.602655124551563837e-01	2.591385876935466959e-01	1.542018933828524785e-01	7.335717744335105983e-02	3.244391510768253328e-02	7.879302284966302472e-02
1.226374749161614318e+03	2.414575382746528553e-01	1.600604817845691363e-01	2.593666666417911437e-01	1.543338859317140155e-01	7.341786681549113125e-02	3.248295496880530125e-02	7.888060558262519062e-02
1.228793634268442020e+03	2.411162254946776218e-01	1.598559934178772346e-01	2.595940607987024529e-01	1.544655682738081404e-01	7.347838427621290747e-02	3.252186369670652388e-02	7.896790404166387223e-02
1.231212519375269494e+03	2.407759496335557525e-01	1.596520458799203235e-01	2.598207721120656677e-01	1.545969405273679986e-01	7.353873031567079166e-02	3.256064197416586037e-02	7.905491955690230332e-02
1.233631404482097196e+03	2.404367076061808828e-01	1.594486376995932764e-01	2.600468025242398951e-01	1.547280028199479740e-01	7.359890542498420674e-02	3.259929047676594221e-02	7.914165344793654133e-02
1.236050289588924898e+03	2.400984963362390867e-01	1.592457674098350373e-01	2.602721539721820632e-01	1.548587552883343432e-01	7.365891009606299888e-02	3.263780987305194697e-02	7.922810702394320059e-02
1.238469174695752372e+03	2.397613127561924184e-01	1.590434335476174355e-01	2.604968283874706247e-01	1.549891980784528223e-01	7.371874482144416540e-02	3.267620082468469106e-02	7.931428158378654725e-02
1.240888059802580301e+03	2.394251538072619534e-01	1.588416346539340274e-01	2.607208276963279281e-01	1.551193313452727540e-01	7.377841009413932394e-02	3.271446398658754695e-02	7.940017841612510840e-02
1.243306944909407548e+03	2.390900164394107186e-01	1.586403692737891613e-01	2.609441538196424215e-01	1.552491552527091034e-01	7.383790640749210432e-02	3.275260000708747621e-02	7.948579879951772620e-02
1.245725830016235477e+03	2.387558976113259845e-01	1.584396359561867640e-01	2.611668086729896920e-01	1.553786699735216215e-01	7.389723425504501897e-02	3.279060952805060158e-02	7.957114400252895958e-02
1.248144715123063179e+03	2.384227942904017794e-01	1.582394332541195159e-01	2.613887941666536707e-01	1.555078756892121772e-01	7.395639413041517340e-02	3.282849318501254721e-02	7.965621528383379224e-02
1.250563600229890881e+03	2.380907034527207367e-01	1.580397597245576935e-01	2.616101122056463946e-01	1.556367725899202026e-01	7.401538652717812306e-02	3.286625160730381745e-02	7.974101389232167436e-02
1.252982485336718355e+03	2.377596220830359153e-01	1.578406139284383447e-01	2.618307646897280461e-01	1.557653608743163054e-01	7.407421193875964038e-02	3.290388541817052676e-02	7.982554106719982889e-02
1.255401370443546057e+03	2.374295471747523978e-01	1.576419944306543253e-01	2.620507535134260491e-01	1.558936407494947440e-01	7.413287085833458745e-02	3.294139523489072324e-02	7.990979803809573900e-02
1.257820255550373531e+03	2.371004757299085830e-01	1.574438998000434464e-01	2.622700805660538870e-01	1.560216124308644869e-01	7.419136377873278287e-02	3.297878166888647961e-02	7.999378602515890002e-02
1.260239140657201460e+03	2.367724047591573677e-01	1.572463286093775670e-01	2.624887477317291995e-01	1.561492761420394115e-01	7.424969119235112769e-02	3.301604532583204965e-02	8.007750623916169708e-02
1.262658025764028707e+03	2.364453312817472730e-01	1.570492794353519628e-01	2.627067568893921568e-01	1.562766321147275317e-01	7.430785359107176802e-02	3.305318680575824314e-02	8.016095988159942232e-02
1.265076910870856636e+03	2.361192523255030706e-01	1.568527508585742802e-01	2.629241099128226677e-01	1.564036805886196146e-01	7.436585146618591990e-02	3.309020670315326179e-02	8.024414814478955660e-02
1.267495795977684338e+03	2.357941649268065765e-01	1.566567414635540167e-01	2.631408086706575888e-01	1.565304218112771595e-01	7.442368530832289830e-02	3.312710560706009361e-02	8.032707221197006586e-02
1.269914681084511813e+03	2.354700661305772769e-01	1.564612498386915851e-01	2.633568550264077102e-01	1.566568560380202091e-01	7.448135560738418370e-02	3.316388410117075691e-02	8.040973325739672606e-02
1.272333566191339514e+03	2.351469529902525668e-01	1.562662745762677940e-01	2.635722508384742424e-01	1.567829835318145515e-01	7.453886285248199906e-02	3.320054276391743581e-02	8.049213244643975418e-02
1.274752451298167216e+03	2.348248225677681544e-01	1.560718142724331903e-01	2.637869979601652481e-01	1.569088045631592820e-01	7.459620753188234143e-02	3.323708216856077063e-02	8.057427093567934295e-02
1.277171336404994690e+03	2.345036719335382158e-01	1.558778675271972336e-01	2.640010982397112405e-01	1.570343194099738660e-01	7.465339013295196890e-02	3.327350288327533823e-02	8.065614987300034899e-02
1.279590221511822392e+03	2.341834981664354109e-01	1.556844329444179720e-01	2.642145535202813922e-01	1.571595283574854229e-01	7.471041114210934253e-02	3.330980547123255781e-02	8.073777039768602337e-02
1.282009106618650094e+03	2.338642983537710107e-01	1.554915091317913001e-01	2.644273656399985239e-01	1.572844316981163448e-01	7.476727104477902397e-02	3.334599049068108501e-02	8.081913364051079851e-02
1.284427991725477568e+03	2.335460695912745799e-01	1.552990947008404121e-01	2.646395364319545918e-01	1.574090297313720521e-01	7.482397032534950088e-02	3.338205849502479117e-02	8.090024072383213138e-02
1.286846876832305497e+03	2.332288089830739375e-01	1.551071882669053936e-01	2.648510677242256195e-01	1.575333227637290279e-01	7.488050946713409317e-02	3.341801003289856381e-02	8.098109276168140302e-02
1.289265761939132744e+03	2.329125136416748398e-01	1.549157884491326187e-01	2.650619613398866314e-01	1.576573111085233514e-01	7.493688895233482916e-02	3.345384564824187973e-02	8.106169085985386047e-02
1.291684647045960673e+03	2.325971806879406079e-01	1.547248938704643695e-01	2.652722190970261962e-01	1.577809950858397314e-01	7.499310926200911109e-02	3.348956588037035886e-02	8.114203611599758725e-02
1.294103532152788375e+03	2.322828072510718100e-01	1.545345031576284556e-01	2.654818428087608040e-01	1.579043750224010667e-01	7.504917087603890646e-02	3.352517126404534059e-02	8.122212961970154410e-02
1.296522417259616077e+03	2.319693904685857511e-01	1.543446149411277502e-01	2.656908342832492442e-01	1.580274512514586449e-01	7.510507427310235407e-02	3.356066232954160733e-02	8.130197245258263816e-02
1.298941302366443551e+03	2.316569274862959049e-01	1.541552278552298372e-01	2.658991953237065387e-01	1.581502241126828967e-01	7.516081993064774314e-02	3.359603960271327627e-02	8.138156568837183469e-02
1.301360187473271253e+03	2.313454154582915145e-01	1.539663405379567140e-01	2.661069277284180412e-01	1.582726939520550657e-01	7.521640832486943540e-02	3.363130360505806743e-02	8.146091039299929726e-02
1.303779072580098727e+03	2.310348515469168029e-01	1.537779516310744110e-01	2.663140332907530938e-01	1.583948611217593783e-01	7.527183993068592427e-02	3.366645485377983693e-02	8.154000762467865371e-02
1.306197957686926657e+03	2.307252329227505172e-01	1.535900597800828049e-01	2.665205137991789042e-01	1.585167259800762951e-01	7.532711522171971208e-02	3.370149386184961154e-02	8.161885843399020735e-02
1.308616842793753904e+03	2.304165567645851398e-01	1.534026636342053218e-01	2.667263710372739238e-01	1.586382888912764300e-01	7.538223467027886648e-02	3.373642113806509663e-02	8.169746386396325999e-02
1.311035727900581833e+03	2.301088202594061827e-01	1.532157618463786952e-01	2.669316067837413375e-01	1.587595502255151891e-01	7.543719874734029773e-02	3.377123718710878242e-02	8.177582495015749131e-02
1.313454613007409534e+03	2.298020206023715373e-01	1.530293530732427798e-01	2.671362228124222193e-01	1.588805103587287437e-01	7.549200792253453474e-02	3.380594250960462788e-02	8.185394272074346389e-02
1.315873498114237009e+03	2.294961549967907133e-01	1.528434359751304206e-01	2.673402208923089662e-01	1.590011696725304458e-01	7.554666266413184728e-02	3.384053760217347467e-02	8.193181819658203191e-02
1.318292383221064711e+03	2.291912206541039665e-01	1.526580092160573221e-01	2.675436027875581213e-01	1.591215285541085489e-01	7.560116343902978375e-02	3.387502295748717751e-02	8.200945239130295883e-02
1.320711268327892412e+03	2.288872147938616763e-01	1.524730714637118345e-01	2.677463702575034188e-01	1.592415873961247619e-01	7.565551071274202732e-02	3.390939906432147155e-02	8.208684631138263299e-02
1.323130153434719887e+03	2.285841346437033905e-01	1.522886213894449892e-01	2.679485250566688848e-01	1.593613465966137732e-01	7.570970494938819573e-02	3.394366640760775738e-02	8.216400095622074240e-02
1.325549038541547588e+03	2.282819774393370915e-01	1.521046576682604234e-01	2.681500689347814936e-01	1.594808065588838308e-01	7.576374661168498725e-02	3.397782546848370638e-02	8.224091731821615847e-02
1.327967923648375290e+03	2.279807404245183522e-01	1.519211789788042499e-01	2.683510036367838247e-01	1.595999676914183762e-01	7.581763616093818714e-02	3.401187672434277665e-02	8.231759638284190383e-02
1.330386808755202765e+03	2.276804208510295469e-01	1.517381840033552032e-01	2.685513309028467743e-01	1.597188304077785670e-01	7.587137405703564541e-02	3.404582064888274362e-02	8.239403912871916258e-02
1.332805693862030694e+03	2.273810159786590068e-01	1.515556714278145645e-01	2.687510524683821012e-01	1.598373951265070758e-01	7.592496075844122616e-02	3.407965771215316908e-02	8.247024652769045783e-02
1.335224578968857941e+03	2.270825230751802315e-01	1.513736399416962530e-01	2.689501700640550830e-01	1.599556622710327225e-01	7.597839672218946461e-02	3.411338838060193335e-02	8.254621954489194113e-02
1.337643464075685870e+03	2.267849394163308774e-01	1.511920882381168896e-01	2.691486854157966735e-01	1.600736322695763547e-01	7.603168240388115395e-02	3.414701311712084464e-02	8.262195913882477982e-02
1.340062349182513572e+03	2.264882622857922190e-01	1.510110150137859153e-01	2.693466002448159924e-01	1.601913055550577558e-01	7.608481825767954287e-02	3.418053238109029779e-02	8.269746626142582269e-02
1.342481234289341273e+03	2.261924889751681655e-01	1.508304189689957386e-01	2.695439162676127598e-01	1.603086825650034686e-01	7.613780473630721302e-02	3.421394662842314194e-02	8.277274185813712770e-02
1.344900119396168748e+03	2.258976167839643889e-01	1.506502988076118821e-01	2.697406351959892867e-01	1.604257637414558957e-01	7.619064229104366426e-02	3.424725631160763228e-02	8.284778686797493463e-02
1.347319004502996449e+03	2.256036430195676734e-01	1.504706532370631011e-01	2.699367587370626875e-01	1.605425495308834272e-01	7.624333137172341346e-02	3.428046187974961162e-02	8.292260222359766619e-02
1.349737889609823924e+03	2.253105649972250435e-01	1.502914809683317809e-01	2.701322885932774254e-01	1.606590403840916226e-01	7.629587242673470382e-02	3.431356377861391471e-02	8.299718885137308266e-02
1.352156774716651853e+03	2.250183800400229750e-01	1.501127807159439720e-01	2.703272264624168031e-01	1.607752367561355034e-01	7.634826590301871385e-02	3.434656245066498165e-02	8.307154767144464547e-02
1.354575659823479100e+03	2.247270854788666339e-01	1.499345511979598145e-01	2.705215740376152311e-01	1.608911391062328722e-01	7.640051224606916880e-02	3.437945833510673566e-02	8.314567959779708972e-02
1.356994544930307029e+03	2.244366786524591706e-01	1.497567911359636850e-01	2.707153330073704400e-01	1.610067478976788813e-01	7.645261189993247941e-02	3.441225186792176705e-02	8.321958553832115024e-02
1.359413430037134731e+03	2.241471569072809034e-01	1.495794992550546765e-01	2.709085050555550267e-01	1.611220635977613780e-01	7.650456530720831094e-02	3.444494348190982325e-02	8.329326639487749651e-02
1.361832315143962205e+03	2.238585175975686681e-01	1.494026742838367727e-01	2.711010918614285559e-01	1.612370866776776102e-01	7.655637290905044356e-02	3.447753360672561190e-02	8.336672306335993210e-02
1.364251200250789907e+03	2.235707580852950571e-01	1.492263149544094392e-01	2.712930950996493284e-01	1.613518176124519587e-01	7.660803514516809076e-02	3.451002266891594478e-02	8.343995643375771987e-02
1.366670085357617609e+03	2.232838757401477969e-01	1.490504200023577697e-01	2.714845164402863720e-01	1.614662568808545862e-01	7.665955245382745364e-02	3.454241109195627102e-02	8.351296739021725479e-02
1.369088970464445310e+03	2.229978679395090702e-01	1.488749881667430774e-01	2.716753575488309869e-01	1.615804049653212227e-01	7.671092527185367771e-02	3.457469929628660676e-02	8.358575681110286260e-02
1.371507855571272785e+03	2.227127320684347822e-01	1.487000181900933471e-01	2.718656200862085148e-01	1.616942623518740907e-01	7.676215403463304554e-02	3.460688769934679165e-02	8.365832556905693218e-02
1.373926740678100487e+03	2.224284655196341054e-01	1.485255088183935757e-01	2.720553057087901072e-01	1.618078295300437730e-01	7.681323917611546093e-02	3.463897671561125963e-02	8.373067453105922930e-02
1.376345625784927961e+03	2.221450656934487178e-01	1.483514588010764745e-01	2.722444160684042158e-01	1.619211069927922464e-01	7.686418112881707176e-02	3.467096675662317828e-02	8.380280455848551635e-02
1.378764510891755890e+03	2.218625299978323751e-01	1.481778668910127550e-01	2.724329528123485833e-01	1.620340952364368037e-01	7.691498032382332317e-02	3.470285823102804701e-02	8.387471650716547822e-02
1.381183395998583137e+03	2.215808558483303436e-01	1.480047318445019411e-01	2.726209175834013454e-01	1.621467947605750859e-01	7.696563719079206611e-02	3.473465154460676774e-02	8.394641122743982942e-02
1.383602281105411066e+03	2.213000406680586951e-01	1.478320524212627107e-01	2.728083120198329103e-01	1.622592060680110859e-01	7.701615215795687419e-02	3.476634710030818837e-02	8.401788956421679666e-02
1.386021166212238768e+03	2.210200818876841555e-01	1.476598273844236253e-01	2.729951377554174496e-01	1.623713296646823179e-01	7.706652565213063799e-02	3.479794529828112576e-02	8.408915235702789370e-02
1.388440051319066470e+03	2.207409769454032888e-01	1.474880555005138316e-01	2.731813964194442224e-01	1.624831660595878191e-01	7.711675809870915943e-02	3.482944653590591688e-02	8.416020044008296064e-02
1.390858936425893944e+03	2.204627232869223186e-01	1.473167355394534861e-01	2.733670896367292324e-01	1.625947157647171237e-01	7.716684992167513468e-02	3.486085120782542179e-02	8.423103464232452320e-02
1.393277821532721646e+03	2.201853183654365331e-01	1.471458662745446788e-01	2.735522190276264420e-01	1.627059792949804851e-01	7.721680154360198445e-02	3.489215970597562416e-02	8.430165578748152755e-02
1.395696706639549120e+03	2.199087596416100521e-01	1.469754464824619689e-01	2.737367862080393177e-01	1.628169571681397643e-01	7.726661338565810055e-02	3.492337241961571831e-02	8.437206469412232568e-02
1.398115591746377049e+03	2.196330445835553702e-01	1.468054749432431971e-01	2.739207927894322658e-01	1.629276499047405402e-01	7.731628586761099542e-02	3.495448973535776604e-02	8.444226217570705018e-02
1.400534476853204296e+03	2.193581706668131237e-01	1.466359504402802716e-01	2.741042403788418458e-01	1.630380580280449687e-01	7.736581940783167355e-02	3.498551203719588165e-02	8.451224904063939225e-02
1.402953361960032225e+03	2.190841353743317732e-01	1.464668717603098413e-01	2.742871305788880387e-01	1.631481820639657243e-01	7.741521442329910019e-02	3.501643970653502136e-02	8.458202609231757485e-02
1.405372247066859927e+03	2.188109361964473421e-01	1.462982376934041651e-01	2.744694649877858494e-01	1.632580225410009134e-01	7.746447132960466997e-02	3.504727312221932178e-02	8.465159412918484005e-02
1.407791132173687402e+03	2.185385706308631271e-01	1.461300470329618961e-01	2.746512451993561310e-01	1.633675799901697923e-01	7.751359054095686985e-02	3.507801266056001510e-02	8.472095394477925645e-02
1.410210017280515103e+03	2.182670361826296312e-01	1.459622985756990621e-01	2.748324728030370756e-01	1.634768549449495123e-01	7.756257247018594203e-02	3.510865869536296258e-02	8.479010632778290202e-02
1.412628902387342805e+03	2.179963303641243300e-01	1.457949911216397387e-01	2.750131493838954277e-01	1.635858479412126976e-01	7.761141752874863020e-02	3.513921159795577176e-02	8.485905206207039475e-02
1.415047787494170507e+03	2.177264506950315759e-01	1.456281234741072239e-01	2.751932765226376976e-01	1.636945595171660495e-01	7.766012612673300897e-02	3.516967173721453899e-02	8.492779192675690980e-02
1.417466672600997981e+03	2.174573947023224485e-01	1.454616944397146561e-01	2.753728557956211520e-01	1.638029902132896731e-01	7.770869867286336885e-02	3.520003947959017554e-02	8.499632669624553050e-02
1.419885557707825683e+03	2.171891599202348255e-01	1.452957028283562158e-01	2.755518887748649726e-01	1.639111405722774306e-01	7.775713557450505964e-02	3.523031518913442156e-02	8.506465714027403036e-02
1.422304442814653157e+03	2.169217438902531492e-01	1.451301474531980218e-01	2.757303770280616906e-01	1.640190111389780714e-01	7.780543723766951414e-02	3.526049922752539506e-02	8.513278402396103062e-02
1.424723327921481086e+03	2.166551441610887474e-01	1.449650271306690552e-01	2.759083221185879009e-01	1.641266024603373896e-01	7.785360406701923031e-02	3.529059195409288419e-02	8.520070810785165816e-02
1.427142213028308333e+03	2.163893582886595723e-01	1.448003406804522775e-01	2.760857256055154751e-01	1.642339150853409369e-01	7.790163646587275337e-02	3.532059372584323009e-02	8.526843014796260667e-02
1.429561098135136262e+03	2.161243838360704661e-01	1.446360869254756931e-01	2.762625890436225529e-01	1.643409495649578445e-01	7.794953483620981061e-02	3.535050489748386982e-02	8.533595089582661497e-02
1.431979983241963964e+03	2.158602183735932878e-01	1.444722646919033571e-01	2.764389139834046438e-01	1.644477064520854237e-01	7.799729957867629349e-02	3.538032582144753219e-02	8.540327109853637633e-02
1.434398868348791666e+03	2.155968594786469017e-01	1.443088728091265205e-01	2.766147019710855082e-01	1.645541863014944872e-01	7.804493109258943406e-02	3.541005684791611458e-02	8.547039149878798980e-02
1.436817753455619140e+03	2.153343047357775819e-01	1.441459101097546935e-01	2.767899545486282031e-01	1.646603896697755864e-01	7.809242977594289814e-02	3.543969832484422655e-02	8.553731283492377324e-02
1.439236638562446842e+03	2.150725517366391115e-01	1.439833754296068746e-01	2.769646732537460743e-01	1.647663171152859707e-01	7.813979602541189229e-02	3.546925059798240742e-02	8.560403584097461827e-02
1.441655523669274316e+03	2.148115980799731317e-01	1.438212676077026964e-01	2.771388596199135246e-01	1.648719691980974622e-01	7.818703023635831251e-02	3.549871401090003847e-02	8.567056124670172079e-02
1.444074408776102018e+03	2.145514413715893798e-01	1.436595854862535715e-01	2.773125151763772278e-01	1.649773464799449141e-01	7.823413280283592064e-02	3.552808890500790823e-02	8.573688977763792296e-02
1.446493293882929493e+03	2.142920792243460659e-01	1.434983279106539500e-01	2.774856414481666200e-01	1.650824495241757783e-01	7.828110411759542364e-02	3.555737561958054183e-02	8.580302215512848607e-02
1.448912178989757422e+03	2.140335092581301946e-01	1.433374937294725759e-01	2.776582399561048908e-01	1.651872788956999794e-01	7.832794457208967775e-02	3.558657449177814874e-02	8.586895909637128066e-02
1.451331064096585123e+03	2.137757290998381354e-01	1.431770817944437724e-01	2.778303122168199746e-01	1.652918351609409253e-01	7.837465455647886492e-02	3.561568585666832765e-02	8.593470131445664351e-02
1.453749949203412370e+03	2.135187363833560004e-01	1.430170909604585872e-01	2.780018597427553195e-01	1.653961188877871025e-01	7.842123445963557204e-02	3.564471004724745207e-02	8.600024951840656851e-02
1.456168834310240300e+03	2.132625287495399646e-01	1.428575200855563554e-01	2.781728840421804350e-01	1.655001306455444743e-01	7.846768466914995355e-02	3.567364739446182709e-02	8.606560441321352284e-02
1.458587719417068001e+03	2.130071038461971156e-01	1.426983680309157898e-01	2.783433866192019934e-01	1.656038710048893803e-01	7.851400557133492164e-02	3.570249822722849214e-02	8.613076669987879130e-02
1.461006604523895703e+03	2.127524593280658294e-01	1.425396336608464876e-01	2.785133689737743223e-01	1.657073405378226005e-01	7.856019755123122561e-02	3.573126287245576016e-02	8.619573707545021002e-02
1.463425489630723177e+03	2.124985928567964533e-01	1.423813158427802428e-01	2.786828326017103397e-01	1.658105398176236145e-01	7.860626099261257271e-02	3.575994165506353462e-02	8.626051623305966420e-02
1.465844374737550879e+03	2.122455021009319043e-01	1.422234134472625255e-01	2.788517789946919900e-01	1.659134694188059700e-01	7.865219627799073521e-02	3.578853489800334214e-02	8.632510486195990596e-02
1.468263259844378354e+03	2.119931847358884625e-01	1.420659253479438500e-01	2.790202096402812360e-01	1.660161299170730964e-01	7.869800378862064349e-02	3.581704292227803205e-02	8.638950364756102507e-02
1.470682144951206283e+03	2.117416384439363419e-01	1.419088504215712809e-01	2.791881260219305494e-01	1.661185218892748949e-01	7.874368390450553479e-02	3.584546604696133010e-02	8.645371327146643414e-02
1.473101030058033530e+03	2.114908609141806783e-01	1.417521875479798299e-01	2.793555296189934589e-01	1.662206459133649117e-01	7.878923700440192135e-02	3.587380458921705234e-02	8.651773441150850674e-02
1.475519915164861459e+03	2.112408498425421555e-01	1.415959356100840172e-01	2.795224219067353744e-01	1.663225025683583713e-01	7.883466346582468365e-02	3.590205886431811072e-02	8.658156774178361881e-02
1.477938800271689161e+03	2.109916029317379649e-01	1.414400934938694343e-01	2.796888043563441340e-01	1.664240924342906269e-01	7.887996366505212187e-02	3.593022918566524809e-02	8.664521393268685701e-02
1.480357685378516862e+03	2.107431178912626268e-01	1.412846600883841675e-01	2.798546784349404404e-01	1.665254160921763871e-01	7.892513797713093804e-02	3.595831586480553732e-02	8.670867365094632462e-02
1.482776570485344337e+03	2.104953924373690055e-01	1.411296342857304709e-01	2.800200456055885190e-01	1.666264741239695812e-01	7.897018677588123203e-02	3.598631921145065138e-02	8.677194755965694783e-02
