1.001418434226643626e+03	2.781797201077609860e-01	1.816744673878834815e-01	2.349277680903043286e-01	1.407296946246230362e-01	6.703803691459886416e-02	2.814329714492715476e-02	6.930701572955155765e-02
1.002869765290740247e+03	2.779080617162025257e-01	1.815173984167035848e-01	2.351078435492258145e-01	1.408263565253058958e-01	6.708297493754898644e-02	2.817769753024263260e-02	6.937966732441999684e-02
1.004321096354836754e+03	2.776368928436258043e-01	1.813605802504039133e-01	2.352875920913299335e-01	1.409228826754820862e-01	6.712792793023884819e-02	2.821196294275270938e-02	6.945216126581614524e-02
1.005772427418933376e+03	2.773662127349608153e-01	1.812040124767237415e-01	2.354670145084057642e-01	1.410192745187507646e-01	6.717289241168437897e-02	2.824609575810166362e-02	6.952449759102234672e-02
1.007223758483029997e+03	2.770960206324111774e-01	1.810476946841549917e-01	2.356461115820100150e-01	1.411155334332521161e-01	6.721786503401031010e-02	2.828009827055599779e-02	6.959667636325485296e-02
1.008675089547126618e+03	2.768263157756034598e-01	1.808916264619382930e-01	2.358248840838124138e-01	1.412116607342387420e-01	6.726284257764482410e-02	2.831397269618319071e-02	6.966869767022858262e-02
1.010126420611223239e+03	2.765570974017309003e-01	1.807358074000592063e-01	2.360033327759286093e-01	1.413076576765522896e-01	6.730782194668233354e-02	2.834772117590033183e-02	6.974056162279584914e-02
1.011577751675319632e+03	2.762883647456922387e-01	1.805802370892443109e-01	2.361814584112412185e-01	1.414035254570093769e-01	6.735280016440912954e-02	2.838134577839808784e-02	6.981226835365524075e-02
1.013029082739416367e+03	2.760201170402251103e-01	1.804249151209577351e-01	2.363592617337091917e-01	1.414992652166993103e-01	6.739777436898615470e-02	2.841484850294537581e-02	6.988381801612679467e-02
1.014480413803512761e+03	2.757523535160349981e-01	1.802698410873974644e-01	2.365367434786661283e-01	1.415948780431972587e-01	6.744274180928391815e-02	2.844823128207976323e-02	6.995521078299023199e-02
1.015931744867609382e+03	2.754850734019190783e-01	1.801150145814919279e-01	2.367139043731077142e-01	1.416903649726956316e-01	6.748769984086423757e-02	2.848149598418843118e-02	7.002644684538274211e-02
1.017383075931706003e+03	2.752182759248859578e-01	1.799604351968965843e-01	2.368907451359690552e-01	1.417857269920566599e-01	6.753264592210392325e-02	2.851464441598434985e-02	7.009752641175324983e-02
1.018834406995802851e+03	2.749519603102705823e-01	1.798061025279907021e-01	2.370672664783916028e-01	1.418809650407889256e-01	6.757757761045553313e-02	2.854767832488207951e-02	7.016844970687034777e-02
1.020285738059899245e+03	2.746861257818452584e-01	1.796520161698740847e-01	2.372434691039807808e-01	1.419760800129505895e-01	6.762249255884072996e-02	2.858059940127741574e-02	7.023921697088086891e-02
1.021737069123995752e+03	2.744207715619266241e-01	1.794981757183639892e-01	2.374193537090540929e-01	1.420710727589821198e-01	6.766738851217141137e-02	2.861340928073491732e-02	7.030982845841658724e-02
1.023188400188092373e+03	2.741558968714782885e-01	1.793445807699919903e-01	2.375949209828803199e-01	1.421659440874706581e-01	6.771226330399460203e-02	2.864610954608719923e-02	7.038028443774667353e-02
1.024639731252188767e+03	2.738915009302101966e-01	1.791912309220011768e-01	2.377701716079100858e-01	1.422606947668488275e-01	6.775711485325659755e-02	2.867870172944966822e-02	7.045058518997318608e-02
1.026091062316285615e+03	2.736275829566740536e-01	1.790381257723430430e-01	2.379451062599979294e-01	1.423553255270302020e-01	6.780194116118247460e-02	2.871118731415424688e-02	7.052073100826772301e-02
1.027542393380382237e+03	2.733641421683554174e-01	1.788852649196748246e-01	2.381197256086166336e-01	1.424498370609836861e-01	6.784674030826681745e-02	2.874356773660545136e-02	7.059072219714690455e-02
1.028993724444478858e+03	2.731011777817619057e-01	1.787326479633565557e-01	2.382940303170633101e-01	1.425442300262490802e-01	6.789151045137199747e-02	2.877584438806207387e-02	7.066055907178478424e-02
1.030445055508575479e+03	2.728386890125089059e-01	1.785802745034485162e-01	2.384680210426585178e-01	1.426385050463959414e-01	6.793624982093017517e-02	2.880801861634755753e-02	7.073024195736009323e-02
1.031896386572671872e+03	2.725766750754013978e-01	1.784281441407085944e-01	2.386416984369377492e-01	1.427326627124276825e-01	6.798095671824544439e-02	2.884009172749200239e-02	7.079977118843681916e-02
1.033347717636768493e+03	2.723151351845133350e-01	1.782762564765895674e-01	2.388150631458361428e-01	1.428267035841329913e-01	6.802562951289278792e-02	2.887206498730867515e-02	7.086914710837620424e-02
1.034799048700865114e+03	2.720540685532634728e-01	1.781246111132366583e-01	2.389881158098665082e-01	1.429206281913865395e-01	6.807026664021023632e-02	2.890393962290769420e-02	7.093837006877853901e-02
1.036250379764961508e+03	2.717934743944889764e-01	1.779732076534850660e-01	2.391608570642907439e-01	1.430144370354007322e-01	6.811486659888124628e-02	2.893571682414950927e-02	7.100744042895335006e-02
1.037701710829058356e+03	2.715333519205158086e-01	1.778220457008576061e-01	2.393332875392851222e-01	1.431081305899300493e-01	6.815942794860391230e-02	2.896739774504062531e-02	7.107635855541645509e-02
1.039153041893154750e+03	2.712737003432266758e-01	1.776711248595622405e-01	2.395054078600996061e-01	1.432017093024303134e-01	6.820394930784416665e-02	2.899898350507400593e-02	7.114512482141249761e-02
1.040604372957251599e+03	2.710145188741267530e-01	1.775204447344897740e-01	2.396772186472111432e-01	1.432951735951738803e-01	6.824842935166991476e-02	2.903047519051634925e-02	7.121373960646172618e-02
1.042055704021347992e+03	2.707558067244060784e-01	1.773700049312116611e-01	2.398487205164716585e-01	1.433885238663225870e-01	6.829286680966334400e-02	2.906187385564448777e-02	7.128220329592971360e-02
1.043507035085444613e+03	2.704975631050007823e-01	1.772198050559777860e-01	2.400199140792504404e-01	1.434817604909601751e-01	6.833726046390857511e-02	2.909318052393296619e-02	7.135051628061891971e-02
1.044958366149541234e+03	2.702397872266508738e-01	1.770698447157141586e-01	2.401907999425714202e-01	1.435748838220854973e-01	6.838160914705207483e-02	2.912439618919475393e-02	7.141867895638090435e-02
1.046409697213637855e+03	2.699824782999567518e-01	1.769201235180209164e-01	2.403613787092454823e-01	1.436678941915679741e-01	6.842591174043319291e-02	2.915552181667709769e-02	7.148669172374830239e-02
1.047861028277734476e+03	2.697256355354331059e-01	1.767706410711702425e-01	2.405316509779978074e-01	1.437607919110664711e-01	6.847016717228250615e-02	2.918655834411425579e-02	7.155455498758533928e-02
1.049312359341831097e+03	2.694692581435609302e-01	1.766213969841042009e-01	2.407016173435908291e-01	1.438535772729134243e-01	6.851437441598537403e-02	2.921750668273891127e-02	7.162226915675612426e-02
1.050763690405927491e+03	2.692133453348373728e-01	1.764723908664327934e-01	2.408712783969424176e-01	1.439462505509649937e-01	6.855853248840844405e-02	2.924836771825392243e-02	7.168983464380980497e-02
1.052215021470024112e+03	2.689578963198241413e-01	1.763236223284319892e-01	2.410406347252399273e-01	1.440388120014188256e-01	6.860264044828709440e-02	2.927914231176605153e-02	7.175725186468165373e-02
1.053666352534120733e+03	2.687029103091936322e-01	1.761750909810418375e-01	2.412096869120500808e-01	1.441312618636003684e-01	6.864669739467126053e-02	2.930983130068317774e-02	7.182452123840936398e-02
1.055117683598217127e+03	2.684483865137733960e-01	1.760267964358644133e-01	2.413784355374246349e-01	1.442236003607190731e-01	6.869070246542792468e-02	2.934043549957648586e-02	7.189164318686376565e-02
1.056569014662313975e+03	2.681943241445893245e-01	1.758787383051621245e-01	2.415468811780024927e-01	1.443158277005954504e-01	6.873465483579802027e-02	2.937095570100904315e-02	7.195861813449326572e-02
1.058020345726410369e+03	2.679407224129063958e-01	1.757309162018557414e-01	2.417150244071079312e-01	1.444079440763603450e-01	6.877855371700600240e-02	2.940139267633212414e-02	7.202544650808120896e-02
1.059471676790506763e+03	2.676875805302686429e-01	1.755833297395226478e-01	2.418828657948451366e-01	1.444999496671269812e-01	6.882239835491998914e-02	2.943174717645058794e-02	7.209212873651578424e-02
1.060923007854603611e+03	2.674348977085372336e-01	1.754359785323950649e-01	2.420504059081895476e-01	1.445918446386370571e-01	6.886618802876089129e-02	2.946201993255853635e-02	7.215866525057147707e-02
1.062374338918700232e+03	2.671826731599269977e-01	1.752888621953582748e-01	2.422176453110755634e-01	1.446836291438820532e-01	6.890992204985853242e-02	2.949221165684644611e-02	7.222505648270187428e-02
1.063825669982796853e+03	2.669309060970418979e-01	1.751419803439489831e-01	2.423845845644813646e-01	1.447753033237002551e-01	6.895359976045332961e-02	2.952232304318095149e-02	7.229130286684297413e-02
1.065277001046893474e+03	2.666795957329087252e-01	1.749953325943535420e-01	2.425512242265103480e-01	1.448668673073505442e-01	6.899722053254175869e-02	2.955235476775831815e-02	7.235740483822659941e-02
1.066728332110990095e+03	2.664287412810096289e-01	1.748489185634063414e-01	2.427175648524696472e-01	1.449583212130640397e-01	6.904078376676398010e-02	2.958230748973272178e-02	7.242336283320346957e-02
1.068179663175086489e+03	2.661783419553137020e-01	1.747027378685880594e-01	2.428836069949460996e-01	1.450496651485740640e-01	6.908428889133226558e-02	2.961218185182029269e-02	7.248917728907530722e-02
1.069630994239183110e+03	2.659283969703070127e-01	1.745567901280242196e-01	2.430493512038789661e-01	1.451408992116254293e-01	6.912773536099864335e-02	2.964197848087990472e-02	7.255484864393564604e-02
1.071082325303279504e+03	2.656789055410213596e-01	1.744110749604834421e-01	2.432147980266302079e-01	1.452320234904638518e-01	6.917112265606042976e-02	2.967169798847165557e-02	7.262037733651892368e-02
1.072533656367376352e+03	2.654298668830621932e-01	1.742655919853760005e-01	2.433799480080523492e-01	1.453230380643059927e-01	6.921445028140209288e-02	2.970134097139388862e-02	7.268576380605733245e-02
1.073984987431472746e+03	2.651812802126354840e-01	1.741203408227521565e-01	2.435448016905537028e-01	1.454139430037912628e-01	6.925771776557251846e-02	2.973090801219964441e-02	7.275100849214519161e-02
1.075436318495569594e+03	2.649331447465730904e-01	1.739753210933007443e-01	2.437093596141610141e-01	1.455047383714155040e-01	6.930092465989588779e-02	2.976039967969333622e-02	7.281611183461036974e-02
1.076887649559666215e+03	2.646854597023577393e-01	1.738305324183476164e-01	2.438736223165802741e-01	1.455954242219479056e-01	6.934407053761548756e-02	2.978981652940845132e-02	7.288107427339246547e-02
1.078338980623762609e+03	2.644382242981465625e-01	1.736859744198540889e-01	2.440375903332550056e-01	1.456860006028311005e-01	6.938715499306878642e-02	2.981915910406700981e-02	7.294589624842739983e-02
1.079790311687859230e+03	2.641914377527938562e-01	1.735416467204155544e-01	2.442012641974224685e-01	1.457764675545654698e-01	6.943017764089295940e-02	2.984842793402151667e-02	7.301057819953807315e-02
1.081241642751955851e+03	2.639450992858730638e-01	1.733975489432600936e-01	2.443646444401678108e-01	1.458668251110782632e-01	6.947313811525966665e-02	2.987762353768006959e-02	7.307512056633092001e-02
1.082692973816052472e+03	2.636992081176975367e-01	1.732536807122468936e-01	2.445277315904763049e-01	1.459570733000778719e-01	6.951603606913799027e-02	2.990674642191536864e-02	7.313952378809787658e-02
1.084144304880149093e+03	2.634537634693409069e-01	1.731100416518649432e-01	2.446905261752837235e-01	1.460472121433940007e-01	6.955887117358446059e-02	2.993579708245814111e-02	7.320378830372362144e-02
1.085595635944245487e+03	2.632087645626563499e-01	1.729666313872315619e-01	2.448530287195246624e-01	1.461372416573042676e-01	6.960164311705940854e-02	2.996477600427569291e-02	7.326791455159785416e-02
1.087046967008342108e+03	2.629642106202950691e-01	1.728234495440911234e-01	2.450152397461793363e-01	1.462271618528473427e-01	6.964435160476840914e-02	2.999368366193613106e-02	7.333190296953236154e-02
1.088498298072438729e+03	2.627201008657242265e-01	1.726804957488136116e-01	2.451771597763185706e-01	1.463169727361239847e-01	6.968699635802803882e-02	3.002252051995882645e-02	7.339575399468251105e-02
1.089949629136535123e+03	2.624764345232440399e-01	1.725377696283932338e-01	2.453387893291471833e-01	1.464066743085854772e-01	6.972957711365512790e-02	3.005128703315163713e-02	7.345946806347307401e-02
1.091400960200631971e+03	2.622332108180041588e-01	1.723952708104471709e-01	2.455001289220457017e-01	1.464962665673105457e-01	6.977209362337850884e-02	3.007998364693546811e-02	7.352304561152821216e-02
1.092852291264728365e+03	2.619904289760193183e-01	1.722529989232142178e-01	2.456611790706107468e-01	1.465857495052710069e-01	6.981454565327256667e-02	3.010861079765658060e-02	7.358648707360532226e-02
1.094303622328825213e+03	2.617480882241846052e-01	1.721109535955535064e-01	2.458219402886937799e-01	1.466751231115865084e-01	6.985693298321164757e-02	3.013716891288720917e-02	7.364979288353255826e-02
1.095754953392921607e+03	2.615061877902896126e-01	1.719691344569430902e-01	2.459824130884384619e-01	1.467643873717690284e-01	6.989925540634472911e-02	3.016565841171487544e-02	7.371296347414993400e-02
1.097206284457018228e+03	2.612647269030328734e-01	1.718275411374788619e-01	2.461425979803167907e-01	1.468535422679570213e-01	6.994151272858949164e-02	3.019407970502090144e-02	7.377599927725381201e-02
1.098657615521114849e+03	2.610237047920345166e-01	1.716861732678731378e-01	2.463024954731637406e-01	1.469425877791401547e-01	6.998370476814516628e-02	3.022243319574849721e-02	7.383890072354451495e-02
1.100108946585211470e+03	2.607831206878493679e-01	1.715450304794534087e-01	2.464621060742108738e-01	1.470315238813748038e-01	7.002583135502336853e-02	3.025071927916084605e-02	7.390166824257704548e-02
1.101560277649308091e+03	2.605429738219791624e-01	1.714041124041611186e-01	2.466214302891184262e-01	1.471203505479902196e-01	7.006789233059645960e-02	3.027893834308957588e-02	7.396430226271467900e-02
1.103011608713404712e+03	2.603032634268841461e-01	1.712634186745504716e-01	2.467804686220066435e-01	1.472090677497867039e-01	7.010988754716240834e-02	3.030709076817398803e-02	7.402680321108534578e-02
1.104462939777501106e+03	2.600639887359941782e-01	1.711229489237870993e-01	2.469392215754854791e-01	1.472976754552248746e-01	7.015181686752602896e-02	3.033517692809140770e-02	7.408917151354059427e-02
1.105914270841597499e+03	2.598251489837196115e-01	1.709827027856469506e-01	2.470976896506837661e-01	1.473861736306074366e-01	7.019368016459572035e-02	3.036319718977898915e-02	7.415140759461714970e-02
1.107365601905694348e+03	2.595867434054615619e-01	1.708426798945150704e-01	2.472558733472768611e-01	1.474745622402530987e-01	7.023547732099504060e-02	3.039115191364730878e-02	7.421351187750073464e-02
1.108816932969790741e+03	2.593487712376215115e-01	1.707028798853842955e-01	2.474137731635136228e-01	1.475628412466630512e-01	7.027720822868885331e-02	3.041904145378610327e-02	7.427548478399223497e-02
1.110268264033887590e+03	2.591112317176108570e-01	1.705633023938542547e-01	2.475713895962422806e-01	1.476510106106805886e-01	7.031887278862329616e-02	3.044686615816235425e-02	7.433732673447601691e-02
1.111719595097984211e+03	2.588741240838599023e-01	1.704239470561300096e-01	2.477287231409353585e-01	1.477390702916437371e-01	7.036047091037921086e-02	3.047462636881114600e-02	7.439903814789029790e-02
1.113170926162080832e+03	2.586374475758264069e-01	1.702848135090209991e-01	2.478857742917137119e-01	1.478270202475312489e-01	7.040200251183834079e-02	3.050232242201946983e-02	7.446061944169947433e-02
1.114622257226177226e+03	2.584012014340038021e-01	1.701459013899399020e-01	2.480425435413697588e-01	1.479148604351026575e-01	7.044346751886204627e-02	3.052995464850331853e-02	7.452207103186826720e-02
1.116073588290273847e+03	2.581653848999288514e-01	1.700072103369012766e-01	2.481990313813898508e-01	1.480025908100318088e-01	7.048486586498195483e-02	3.055752337357825824e-02	7.458339333283775519e-02
1.117524919354370468e+03	2.579299972161893661e-01	1.698687399885207006e-01	2.483552383019758669e-01	1.480902113270348430e-01	7.052619749110215774e-02	3.058502891732382128e-02	7.464458675750294814e-02
1.118976250418467089e+03	2.576950376264312004e-01	1.697304899840135495e-01	2.485111647920659472e-01	1.481777219399925960e-01	7.056746234521238392e-02	3.061247159474184132e-02	7.470565171719212305e-02
1.120427581482563710e+03	2.574605053753652451e-01	1.695924599631936647e-01	2.486668113393545876e-01	1.482651226020673951e-01	7.060866038211208173e-02	3.063985171590907775e-02	7.476658862164757557e-02
1.121878912546660331e+03	2.572263997087736453e-01	1.694546495664725205e-01	2.488221784303119577e-01	1.483524132658148031e-01	7.064979156314453446e-02	3.066716958612427171e-02	7.482739787900788420e-02
1.123330243610756725e+03	2.569927198735161289e-01	1.693170584348579477e-01	2.489772665502026361e-01	1.484395938832904493e-01	7.069085585594109267e-02	3.069442550604988343e-02	7.488807989579149282e-02
1.124781574674853118e+03	2.567594651175358900e-01	1.691796862099530785e-01	2.491320761831034569e-01	1.485266644061518926e-01	7.073185323417485737e-02	3.072161977184869816e-02	7.494863507688176441e-02
1.126232905738949967e+03	2.565266346898653071e-01	1.690425325339551810e-01	2.492866078119209960e-01	1.486136247857559600e-01	7.077278367732359188e-02	3.074875267531548828e-02	7.500906382551314477e-02
1.127684236803046360e+03	2.562942278406310503e-01	1.689055970496546877e-01	2.494408619184082521e-01	1.487004749732517561e-01	7.081364717044143220e-02	3.077582450400394992e-02	7.506936654325854774e-02
1.129135567867143209e+03	2.560622438210593543e-01	1.687688794004339743e-01	2.495948389831808278e-01	1.487872149196692306e-01	7.085444370393922942e-02	3.080283554134907731e-02	7.512954363001793368e-02
1.130586898931239830e+03	2.558306818834807927e-01	1.686323792302664437e-01	2.497485394857325014e-01	1.488738445760038054e-01	7.089517327337298280e-02	3.082978606678514824e-02	7.518959548400797055e-02
1.132038229995336451e+03	2.555995412813348855e-01	1.684960961837152493e-01	2.499019639044502694e-01	1.489603638932968932e-01	7.093583587924029432e-02	3.085667635585946991e-02	7.524952250175263868e-02
1.133489561059432845e+03	2.553688212691743731e-01	1.683600299059323790e-01	2.500551127166287801e-01	1.490467728227128641e-01	7.097643152678435874e-02	3.088350668034209670e-02	7.530932507807493181e-02
1.134940892123529466e+03	2.551385211026693800e-01	1.682241800426575173e-01	2.502079863984844610e-01	1.491330713156121535e-01	7.101696022580530898e-02	3.091027730833161360e-02	7.536900360608937699e-02
1.136392223187626087e+03	2.549086400386113005e-01	1.680885462402169628e-01	2.503605854251689800e-01	1.492192593236210951e-01	7.105742199047866692e-02	3.093698850435717268e-02	7.542855847719553974e-02
1.137843554251722708e+03	2.546791773349166843e-01	1.679531281455227121e-01	2.505129102707822630e-01	1.493053367986982294e-01	7.109781683918052486e-02	3.096364052947692472e-02	7.548799008107232034e-02
1.139294885315819101e+03	2.544501322506304564e-01	1.678179254060712944e-01	2.506649614083851785e-01	1.493913036931973914e-01	7.113814479431930515e-02	3.099023364137296066e-02	7.554729880567309652e-02
1.140746216379915950e+03	2.542215040459293030e-01	1.676829376699427443e-01	2.508167393100114717e-01	1.494771599599278578e-01	7.117840588217386188e-02	3.101676809444289112e-02	7.560648503722153246e-02
1.142197547444012343e+03	2.539932919821248913e-01	1.675481645857996305e-01	2.509682444466798112e-01	1.495629055522112727e-01	7.121860013273761947e-02	3.104324413988824097e-02	7.566554916020823418e-02
1.143648878508108737e+03	2.537654953216668119e-01	1.674136058028858343e-01	2.511194772884047799e-01	1.496485404239359940e-01	7.125872757956852599e-02	3.106966202579972136e-02	7.572449155738801563e-02
1.145100209572205586e+03	2.535381133281451871e-01	1.672792609710258283e-01	2.512704383042080880e-01	1.497340645296084960e-01	7.129878825964473810e-02	3.109602199723951466e-02	7.578331260977784478e-02
1.146551540636302207e+03	2.533111452662933916e-01	1.671451297406233716e-01	2.514211279621291206e-01	1.498194778244021363e-01	7.133878221322562108e-02	3.112232429632070738e-02	7.584201269665544198e-02
1.148002871700398828e+03	2.530845904019904391e-01	1.670112117626605663e-01	2.515715467292348739e-01	1.499047802642035632e-01	7.137870948371798085e-02	3.114856916228396153e-02	7.590059219555839176e-02
1.149454202764495449e+03	2.528584480022633696e-01	1.668775066886969971e-01	2.517216950716301693e-01	1.499899718056564579e-01	7.141857011754743079e-02	3.117475683157150054e-02	7.595905148228390691e-02
1.150905533828591842e+03	2.526327173352892475e-01	1.667440141708685375e-01	2.518715734544668683e-01	1.500750524062031410e-01	7.145836416403449076e-02	3.120088753789856950e-02	7.601739093088903665e-02
1.152356864892688463e+03	2.524073976703972155e-01	1.666107338618864064e-01	2.520211823419533093e-01	1.501600220241237904e-01	7.149809167527530762e-02	3.122696151232242159e-02	7.607561091369147155e-02
1.153808195956785084e+03	2.521824882780703825e-01	1.664776654150361412e-01	2.521705221973631339e-01	1.502448806185736063e-01	7.153775270602702463e-02	3.125297898330892804e-02	7.613371180127079252e-02
1.155259527020881706e+03	2.519579884299474881e-01	1.663448084841766539e-01	2.523195934830438358e-01	1.503296281496177833e-01	7.157734731359730040e-02	3.127894017679692246e-02	7.619169396247009451e-02
1.156710858084978327e+03	2.517338973988244577e-01	1.662121627237392041e-01	2.524683966604250318e-01	1.504142645782646781e-01	7.161687555773811609e-02	3.130484531626032130e-02	7.624955776439820698e-02
1.158162189149074720e+03	2.515102144586561228e-01	1.660797277887263723e-01	2.526169321900267328e-01	1.504987898664969792e-01	7.165633750054349604e-02	3.133069462276816958e-02	7.630730357243217798e-02
1.159613520213171569e+03	2.512869388845572205e-01	1.659475033347111717e-01	2.527652005314667827e-01	1.505832039773009612e-01	7.169573320635114211e-02	3.135648831504262574e-02	7.636493175022020241e-02
1.161064851277267962e+03	2.510640699528037256e-01	1.658154890178359098e-01	2.529132021434686295e-01	1.506675068746941293e-01	7.173506274164770380e-02	3.138222660951497933e-02	7.642244265968496653e-02
1.162516182341364356e+03	2.508416069408343496e-01	1.656836844948113840e-01	2.530609374838684311e-01	1.507516985237511709e-01	7.177432617497776779e-02	3.140790972037980910e-02	7.647983666102725619e-02
1.163967513405461204e+03	2.506195491272509290e-01	1.655520894229157713e-01	2.532084070096221051e-01	1.508357788906280750e-01	7.181352357685610865e-02	3.143353785964730224e-02	7.653711411272989817e-02
1.165418844469557826e+03	2.503978957918199244e-01	1.654207034599937121e-01	2.533556111768122121e-01	1.509197479425850585e-01	7.185265501968333968e-02	3.145911123719384583e-02	7.659427537156211774e-02
1.166870175533654447e+03	2.501766462154728643e-01	1.652895262644553109e-01	2.535025504406544505e-01	1.510036056480077160e-01	7.189172057766482493e-02	3.148463006081092530e-02	7.665132079258407671e-02
1.168321506597751068e+03	2.499557996803073168e-01	1.651585574952752211e-01	2.536492252555041516e-01	1.510873519764269202e-01	7.193072032673250571e-02	3.151009453625238516e-02	7.670825072915173071e-02
1.169772837661847461e+03	2.497353554695873057e-01	1.650277968119915895e-01	2.537956360748622187e-01	1.511709868985372240e-01	7.196965434446980781e-02	3.153550486728014246e-02	7.676506553292199164e-02
1.171224168725944082e+03	2.495153128677440046e-01	1.648972438747052238e-01	2.539417833513812894e-01	1.512545103862140139e-01	7.200852271003929661e-02	3.156086125570840839e-02	7.682176555385805683e-02
1.172675499790040703e+03	2.492956711603762643e-01	1.647668983440784829e-01	2.540876675368714532e-01	1.513379224125294686e-01	7.204732550411319103e-02	3.158616390144645264e-02	7.687835114023502947e-02
1.174126830854137097e+03	2.490764296342507511e-01	1.646367598813344157e-01	2.542332890823058023e-01	1.514212229517671870e-01	7.208606280880640316e-02	3.161141300253994535e-02	7.693482263864576121e-02
1.175578161918233945e+03	2.488575875773025026e-01	1.645068281482558459e-01	2.543786484378260937e-01	1.515044119794358157e-01	7.212473470761214533e-02	3.163660875521100840e-02	7.699118039400683344e-02
1.177029492982330339e+03	2.486391442786350936e-01	1.643771028071842888e-01	2.545237460527475792e-01	1.515874894722814559e-01	7.216334128534002135e-02	3.166175135389693446e-02	7.704742474956491338e-02
1.178480824046426733e+03	2.484210990285206644e-01	1.642475835210191470e-01	2.546685823755644451e-01	1.516704554082989320e-01	7.220188262805642132e-02	3.168684099128766390e-02	7.710355604690304065e-02
1.179932155110523581e+03	2.482034511184001146e-01	1.641182699532166556e-01	2.548131578539546416e-01	1.517533097667423947e-01	7.224035882302722034e-02	3.171187785836206141e-02	7.715957462594727478e-02
1.181383486174620202e+03	2.479861998408831314e-01	1.639891617677889935e-01	2.549574729347845459e-01	1.518360525281345352e-01	7.227876995866266974e-02	3.173686214442305448e-02	7.721548082497343979e-02
1.182834817238716823e+03	2.477693444897481889e-01	1.638602586293033958e-01	2.551015280641139027e-01	1.519186836742750790e-01	7.231711612446424520e-02	3.176179403713162708e-02	7.727127498061402144e-02
1.184286148302813444e+03	2.475528843599422713e-01	1.637315602028810158e-01	2.552453236871999875e-01	1.520012031882484460e-01	7.235539741097371524e-02	3.178667372253977941e-02	7.732695742786524495e-02
1.185737479366910065e+03	2.473368187475809277e-01	1.636030661541962306e-01	2.553888602485021586e-01	1.520836110544303843e-01	7.239361390972406940e-02	3.181150138512239128e-02	7.738252850009422201e-02
1.187188810431006686e+03	2.471211469499478564e-01	1.634747761494756702e-01	2.555321381916861867e-01	1.521659072584939654e-01	7.243176571319223656e-02	3.183627720780816267e-02	7.743798852904625052e-02
1.188640141495103080e+03	2.469058682654947656e-01	1.633466898554970792e-01	2.556751579596282520e-01	1.522480917874147188e-01	7.246985291475377400e-02	3.186100137200951338e-02	7.749333784485226695e-02
1.190091472559199701e+03	2.466909819938409576e-01	1.632188069395886232e-01	2.558179199944187188e-01	1.523301646294749068e-01	7.250787560863912462e-02	3.188567405765165008e-02	7.754857677603635424e-02
1.191542803623296322e+03	2.464764874357729674e-01	1.630911270696279169e-01	2.559604247373664654e-01	1.524121257742673263e-01	7.254583388989163661e-02	3.191029544320064110e-02	7.760370564952336070e-02
1.192994134687392716e+03	2.462623838932441189e-01	1.629636499140409422e-01	2.561026726290024369e-01	1.524939752126983072e-01	7.258372785432716523e-02	3.193486570569070010e-02	7.765872479064665768e-02
1.194445465751489564e+03	2.460486706693741088e-01	1.628363751418013539e-01	2.562446641090831423e-01	1.525757129369899323e-01	7.262155759849525660e-02	3.195938502075061638e-02	7.771363452315592502e-02
1.195896796815585958e+03	2.458353470684483955e-01	1.627093024224293971e-01	2.563863996165945403e-01	1.526573389406818693e-01	7.265932321964171936e-02	3.198385356262938711e-02	7.776843516922501975e-02
1.197348127879682352e+03	2.456224123959176442e-01	1.625824314259911030e-01	2.565278795897552588e-01	1.527388532186325087e-01	7.269702481567276442e-02	3.200827150422107942e-02	7.782312704945994197e-02
1.198799458943779200e+03	2.454098659583971165e-01	1.624557618230973166e-01	2.566691044660200371e-01	1.528202557670194917e-01	7.273466248512043542e-02	3.203263901708895689e-02	7.787771048290692555e-02
1.200250790007875821e+03	2.451977070636660871e-01	1.623292932849027259e-01	2.568100746820831115e-01	1.529015465833397092e-01	7.277223632710937140e-02	3.205695627148885674e-02	7.793218578706040400e-02
1.201702121071972442e+03	2.449859350206670394e-01	1.622030254831050844e-01	2.569507906738811576e-01	1.529827256664088309e-01	7.280974644132488793e-02	3.208122343639192159e-02	7.798655327787126779e-02
1.203153452136069063e+03	2.447745491395049988e-01	1.620769580899442119e-01	2.570912528765967875e-01	1.530637930163603055e-01	7.284719292798225165e-02	3.210544067950664437e-02	7.804081326975501054e-02
1.204604783200165684e+03	2.445635487314467837e-01	1.619510907782011344e-01	2.572314617246610480e-01	1.531447486346439180e-01	7.288457588779713447e-02	3.212960816730026786e-02	7.809496607559991699e-02
1.206056114264262078e+03	2.443529331089201173e-01	1.618254232211971677e-01	2.573714176517568064e-01	1.532255925240238736e-01	7.292189542195726126e-02	3.215372606501955277e-02	7.814901200677543125e-02
1.207507445328358699e+03	2.441427015855128779e-01	1.616999550927929463e-01	2.575111210908213599e-01	1.533063246885764952e-01	7.295915163209511223e-02	3.217779453671098383e-02	7.820295137314041412e-02
1.208958776392455093e+03	2.439328534759721279e-01	1.615746860673876739e-01	2.576505724740494330e-01	1.533869451336873913e-01	7.299634462026161064e-02	3.220181374524037216e-02	7.825678448305152524e-02
1.210410107456551941e+03	2.437233880962033916e-01	1.614496158199181242e-01	2.577897722328957308e-01	1.534674538660484588e-01	7.303347448890101790e-02	3.222578385231189557e-02	7.831051164337150816e-02
1.211861438520648335e+03	2.435143047632695179e-01	1.613247440258576970e-01	2.579287207980778263e-01	1.535478508936542474e-01	7.307054134082659191e-02	3.224970501848661852e-02	7.836413315947769742e-02
1.213312769584745183e+03	2.433056027953898193e-01	1.612000703612156693e-01	2.580674185995783243e-01	1.536281362257982397e-01	7.310754527919734180e-02	3.227357740320048463e-02	7.841764933527037296e-02
1.214764100648841804e+03	2.430972815119391006e-01	1.610755945025361402e-01	2.582058660666478045e-01	1.537083098730685771e-01	7.314448640749560138e-02	3.229740116478184431e-02	7.847106047318119781e-02
1.216215431712937971e+03	2.428893402334466323e-01	1.609513161268973092e-01	2.583440636278072078e-01	1.537883718473436190e-01	7.318136482950550470e-02	3.232117646046841347e-02	7.852436687418165584e-02
1.217666762777034819e+03	2.426817782815950120e-01	1.608272349119104772e-01	2.584820117108501125e-01	1.538683221617871133e-01	7.321818064929230818e-02	3.234490344642387827e-02	7.857756883779150325e-02
1.219118093841131440e+03	2.424745949792192767e-01	1.607033505357191583e-01	2.586197107428450659e-01	1.539481608308431726e-01	7.325493397118248984e-02	3.236858227775395863e-02	7.863066666208724798e-02
1.220569424905228061e+03	2.422677896503056538e-01	1.605796626769982471e-01	2.587571611501383040e-01	1.540278878702308341e-01	7.329162489974468120e-02	3.239221310852210406e-02	7.868366064371055957e-02
1.222020755969324682e+03	2.420613616199906171e-01	1.604561710149531584e-01	2.588943633583553061e-01	1.541075032969385084e-01	7.332825353977125149e-02	3.241579609176470367e-02	7.873655107787680407e-02
1.223472087033421303e+03	2.418553102145594991e-01	1.603328752293188553e-01	2.590313177924036814e-01	1.541870071292181232e-01	7.336481999626073836e-02	3.243933137950596318e-02	7.878933825838344007e-02
1.224923418097517697e+03	2.416496347614456031e-01	1.602097750003590171e-01	2.591680248764750005e-01	1.542663993865790450e-01	7.340132437440083368e-02	3.246281912277235865e-02	7.884202247761849802e-02
1.226374749161614318e+03	2.414443345892288706e-01	1.600868700088651786e-01	2.593044850340467389e-01	1.543456800897817505e-01	7.343776677955216048e-02	3.248625947160668076e-02	7.889460402656900406e-02
1.227826080225710712e+03	2.412394090276346603e-01	1.599641599361558419e-01	2.594406986878846078e-01	1.544248492608313872e-01	7.347414731723260484e-02	3.250965257508178080e-02	7.894708319482945935e-02
1.229277411289807560e+03	2.410348574075327488e-01	1.598416444640755607e-01	2.595766662600446084e-01	1.545039069229710016e-01	7.351046609310230018e-02	3.253299858131392108e-02	7.899946027061019449e-02
1.230728742353903954e+03	2.408306790609357761e-01	1.597193232749941905e-01	2.597123881718748084e-01	1.545828531006747109e-01	7.354672321294923598e-02	3.255629763747578537e-02	7.905173554074586273e-02
1.232180073418000802e+03	2.406268733209983024e-01	1.595971960518058064e-01	2.598478648440173955e-01	1.546616878196405975e-01	7.358291878267531061e-02	3.257954988980919786e-02	7.910390929070376664e-02
1.233631404482097196e+03	2.404234395220153364e-01	1.594752624779280925e-01	2.599830966964105095e-01	1.547404111067835486e-01	7.361905290828311965e-02	3.260275548363748138e-02	7.915598180459225419e-02
1.235082735546193817e+03	2.402203769994210869e-01	1.593535222373013149e-01	2.601180841482903516e-01	1.548190229902279003e-01	7.365512569586311897e-02	3.262591456337751022e-02	7.920795336516910090e-02
1.236534066610290438e+03	2.400176850897877967e-01	1.592319750143874613e-01	2.602528276181925726e-01	1.548975234992998884e-01	7.369113725158139838e-02	3.264902727255153403e-02	7.925982425384980878e-02
1.237985397674387059e+03	2.398153631308241884e-01	1.591106204941694080e-01	2.603873275239543816e-01	1.549759126645200435e-01	7.372708768166787163e-02	3.267209375379863390e-02	7.931159475071593301e-02
1.239436728738483680e+03	2.396134104613744376e-01	1.589894583621500324e-01	2.605215842827163786e-01	1.550541905175953639e-01	7.376297709240499378e-02	3.269511414888591483e-02	7.936326513452336695e-02
1.240888059802580301e+03	2.394118264214165626e-01	1.588684883043514351e-01	2.606555983109239971e-01	1.551323570914115157e-01	7.379880559011685326e-02	3.271808859871949693e-02	7.941483568271061333e-02
1.242339390866676695e+03	2.392106103520612037e-01	1.587477100073139968e-01	2.607893700243295032e-01	1.552104124200247570e-01	7.383457328115886065e-02	3.274101724335517355e-02	7.946630667140701376e-02
1.243790721930773088e+03	2.390097615955502630e-01	1.586271231580955177e-01	2.609228998379933828e-01	1.552883565386539155e-01	7.387028027190764568e-02	3.276390022200884738e-02	7.951767837544095052e-02
1.245242052994869937e+03	2.388092794952554054e-01	1.585067274442703844e-01	2.610561881662862849e-01	1.553661894836721735e-01	7.390592666875149541e-02	3.278673767306673065e-02	7.956895106834802056e-02
1.246693384058966330e+03	2.386091633956768376e-01	1.583865225539287380e-01	2.611892354228904645e-01	1.554439112925987687e-01	7.394151257808118105e-02	3.280952973409530238e-02	7.962012502237919565e-02
1.248144715123063179e+03	2.384094126424418092e-01	1.582665081756756409e-01	2.613220420208012817e-01	1.555215220040907231e-01	7.397703810628107612e-02	3.283227654185105066e-02	7.967120050850891311e-02
1.249596046187159800e+03	2.382100265823031970e-01	1.581466839986301331e-01	2.614546083723289227e-01	1.555990216579343222e-01	7.401250335972074657e-02	3.285497823228999276e-02	7.972217779644316660e-02
1.251047377251256421e+03	2.380110045631381177e-01	1.580270497124244833e-01	2.615869348890999535e-01	1.556764102950366491e-01	7.404790844474680445e-02	3.287763494057693164e-02	7.977305715462758295e-02
1.252498708315352815e+03	2.378123459339464008e-01	1.579076050072032167e-01	2.617190219820587638e-01	1.557536879574170918e-01	7.408325346767505315e-02	3.290024680109462224e-02	7.982383885025538806e-02
1.253950039379449436e+03	2.376140500448492843e-01	1.577883495736224495e-01	2.618508700614691209e-01	1.558308546881985446e-01	7.411853853478310439e-02	3.292281394745262546e-02	7.987452314927540042e-02
1.255401370443546057e+03	2.374161162470879161e-01	1.576692831028488340e-01	2.619824795369155024e-01	1.559079105315990532e-01	7.415376375230317563e-02	3.294533651249605122e-02	7.992511031639996932e-02
1.256852701507642678e+03	2.372185438930218271e-01	1.575504052865589477e-01	2.621138508173047610e-01	1.559848555329227948e-01	7.418892922641520671e-02	3.296781462831403775e-02	7.997560061511291285e-02
1.258304032571739299e+03	2.370213323361275159e-01	1.574317158169382114e-01	2.622449843108674572e-01	1.560616897385515289e-01	7.422403506324032341e-02	3.299024842624813381e-02	8.002599430767733113e-02
1.259755363635835920e+03	2.368244809309969501e-01	1.573132143866802501e-01	2.623758804251592469e-01	1.561384131959357158e-01	7.425908136883449528e-02	3.301263803690043797e-02	8.007629165514346115e-02
1.261206694699932314e+03	2.366279890333360947e-01	1.571949006889858669e-01	2.625065395670622692e-01	1.562150259535857733e-01	7.429406824918249885e-02	3.303498359014162694e-02	8.012649291735644830e-02
1.262658025764028707e+03	2.364318559999634695e-01	1.570767744175624037e-01	2.626369621427865897e-01	1.562915280610631119e-01	7.432899581019214441e-02	3.305728521511876183e-02	8.017659835296411797e-02
1.264109356828125556e+03	2.362360811888085665e-01	1.569588352666227704e-01	2.627671485578714217e-01	1.563679195689714474e-01	7.436386415768872493e-02	3.307954304026297643e-02	8.022660821942467768e-02
1.265560687892221949e+03	2.360406639589103794e-01	1.568410829308846399e-01	2.628970992171867360e-01	1.564442005289477522e-01	7.439867339740967311e-02	3.310175719329701977e-02	8.027652277301433603e-02
1.267012018956318798e+03	2.358456036704159042e-01	1.567235171055696430e-01	2.630268145249343714e-01	1.565203709936534293e-01	7.443342363499956538e-02	3.312392780124257669e-02	8.032634226883503259e-02
1.268463350020415419e+03	2.356508996845786130e-01	1.566061374864024802e-01	2.631562948846493666e-01	1.565964310167654583e-01	7.446811497600513974e-02	3.314605499042756059e-02	8.037606696082193192e-02
1.269914681084511813e+03	2.354565513637568164e-01	1.564889437696102004e-01	2.632855406992014036e-01	1.566723806529673191e-01	7.450274752587073002e-02	3.316813888649317033e-02	8.042569710175097308e-02
1.271366012148608434e+03	2.352625580714123588e-01	1.563719356519212011e-01	2.634145523707958070e-01	1.567482199579402491e-01	7.453732138993379719e-02	3.319017961440084291e-02	8.047523294324640530e-02
1.272817343212705055e+03	2.350689191721089255e-01	1.562551128305645631e-01	2.635433303009750983e-01	1.568239489883541671e-01	7.457183667342059952e-02	3.321217729843908145e-02	8.052467473578824031e-02
1.274268674276801676e+03	2.348756340315105440e-01	1.561384750032691338e-01	2.636718748906201060e-01	1.568995678018588746e-01	7.460629348144219575e-02	3.323413206223015809e-02	8.057402272871964921e-02
1.275720005340898297e+03	2.346827020163800293e-01	1.560220218682627502e-01	2.638001865399512980e-01	1.569750764570750634e-01	7.464069191899053157e-02	3.325604402873666432e-02	8.062327717025434548e-02
1.277171336404994690e+03	2.344901224945774576e-01	1.559057531242713512e-01	2.639282656485298917e-01	1.570504750135854055e-01	7.467503209093466487e-02	3.327791332026797111e-02	8.067243830748394018e-02
1.278622667469091539e+03	2.342978948350585289e-01	1.557896684705182555e-01	2.640561126152591864e-01	1.571257635319256440e-01	7.470931410201729628e-02	3.329974005848658491e-02	8.072150638638517228e-02
1.280073998533187932e+03	2.341060184078730955e-01	1.556737676067232456e-01	2.641837278383856735e-01	1.572009420735757945e-01	7.474353805685128582e-02	3.332152436441433718e-02	8.077048165182716677e-02
1.281525329597284326e+03	2.339144925841636358e-01	1.555580502331017911e-01	2.643111117155003686e-01	1.572760107009511799e-01	7.477770405991644720e-02	3.334326635843848363e-02	8.081936434757866494e-02
1.282976660661381175e+03	2.337233167361635333e-01	1.554425160503642711e-01	2.644382646435398110e-01	1.573509694773935763e-01	7.481181221555642524e-02	3.336496616031774803e-02	8.086815471631517149e-02
1.284427991725477568e+03	2.335324902371956612e-01	1.553271647597150862e-01	2.645651870187874510e-01	1.574258184671624150e-01	7.484586262797575384e-02	3.338662388918819945e-02	8.091685299962597666e-02
1.285879322789574417e+03	2.333420124616707170e-01	1.552119960628518258e-01	2.646918792368746498e-01	1.575005577354259556e-01	7.487985540123703876e-02	3.340823966356903929e-02	8.096545943802135881e-02
1.287330653853671038e+03	2.331518827850856401e-01	1.550970096619645466e-01	2.648183416927817890e-01	1.575751873482524879e-01	7.491379063925827919e-02	3.342981360136831198e-02	8.101397427093950943e-02
1.288781984917767431e+03	2.329621005840221415e-01	1.549822052597349120e-01	2.649445747808396034e-01	1.576497073726015330e-01	7.494766844581027265e-02	3.345134581988850470e-02	8.106239773675355531e-02
1.290233315981864052e+03	2.327726652361449822e-01	1.548675825593353594e-01	2.650705788947302910e-01	1.577241178763151563e-01	7.498148892451415859e-02	3.347283643583207763e-02	8.111073007277845581e-02
