1.001418434226643626e+03	2.781226048860062083e-01	1.817138644474236009e-01	2.349121504711751962e-01	1.407185058830189850e-01	6.703848871169171275e-02	2.817609405237458606e-02	6.931829154795887682e-02
1.002869765290740247e+03	2.778497785473579285e-01	1.815576569323316403e-01	2.350916630133197405e-01	1.408150510800076360e-01	6.708379416966422926e-02	2.821058039112732743e-02	6.939147586584067107e-02
1.004321096354836754e+03	2.775774462352839644e-01	1.814016975191599101e-01	2.352708458528562363e-01	1.409114688056700704e-01	6.712911096298566915e-02	2.824493239474402950e-02	6.946449822894919246e-02
1.005772427418933376e+03	2.773056071815568902e-01	1.812459858005925351e-01	2.354496998291520371e-01	1.410077604248490268e-01	6.717443563095579218e-02	2.827915242666534379e-02	6.953735870587741952e-02
1.007223758483029997e+03	2.770342606152348952e-01	1.810905213700697014e-01	2.356282257695209159e-01	1.411039272353496743e-01	6.721976484985593692e-02	2.831324276730723399e-02	6.961005739231064526e-02
1.008675089547126618e+03	2.767634057628167721e-01	1.809353038217832721e-01	2.358064244896490302e-01	1.411999704706857761e-01	6.726509542782610485e-02	2.834720561741492853e-02	6.968259440947310868e-02
1.010126420611223239e+03	2.764930418483901309e-01	1.807803327506722346e-01	2.359842967940051495e-01	1.412958913027216601e-01	6.731042429992828424e-02	2.838104310127463267e-02	6.975496990265687980e-02
1.011577751675319632e+03	2.762231680937746736e-01	1.806256077524186210e-01	2.361618434762353946e-01	1.413916908442129916e-01	6.735574852338929719e-02	2.841475726978931818e-02	6.982718403982865474e-02
1.013029082739416367e+03	2.759537837186596954e-01	1.804711284234434276e-01	2.363390653195434621e-01	1.414873701512505966e-01	6.740106527301717443e-02	2.844835010342452314e-02	6.989923701031001968e-02
1.014480413803512761e+03	2.756848879407366448e-01	1.803168943609026187e-01	2.365159630970564142e-01	1.415829302256109146e-01	6.744637183678492409e-02	2.848182351502992829e-02	6.997112902352743691e-02
1.015931744867609382e+03	2.754164799758264670e-01	1.801629051626831846e-01	2.366925375721770641e-01	1.416783720170161909e-01	6.749166561157567135e-02	2.851517935254206312e-02	7.004286030782823358e-02
1.017383075931706003e+03	2.751485590380022828e-01	1.800091604273994506e-01	2.368687894989230380e-01	1.417736964253079601e-01	6.753694409908388152e-02	2.854841940157344660e-02	7.011443110935881851e-02
1.018834406995802851e+03	2.748811243397074611e-01	1.798556597543893854e-01	2.370447196222529584e-01	1.418689043025371799e-01	6.758220490186676865e-02	2.858154538789303700e-02	7.018584169100210157e-02
1.020285738059899245e+03	2.746141750918690283e-01	1.797024027437110205e-01	2.372203286783808318e-01	1.419639964549738453e-01	6.762744571954081019e-02	2.861455897980277191e-02	7.025709233137061860e-02
1.021737069123995752e+03	2.743477105040068587e-01	1.795493889961390921e-01	2.373956173950782511e-01	1.420589736450390828e-01	6.767266434511828854e-02	2.864746179041470150e-02	7.032818332385273874e-02
1.023188400188092373e+03	2.740817297843388123e-01	1.793966181131615156e-01	2.375705864919654131e-01	1.421538365931627468e-01	6.771785866147865540e-02	2.868025537983301745e-02	7.039911497570881804e-02
1.024639731252188767e+03	2.738162321398819321e-01	1.792440896969763053e-01	2.377452366807912554e-01	1.422485859795693530e-01	6.776302663797016679e-02	2.871294125724513716e-02	7.046988760721484280e-02
1.026091062316285615e+03	2.735512167765493663e-01	1.790918033504881601e-01	2.379195686657031017e-01	1.423432224459946771e-01	6.780816632713702885e-02	2.874552088292572222e-02	7.054050155085092588e-02
1.027542393380382237e+03	2.732866828992439601e-01	1.789397586773055493e-01	2.380935831435059824e-01	1.424377465973360180e-01	6.785327586156762736e-02	2.877799567015744409e-02	7.061095715053240796e-02
1.028993724444478858e+03	2.730226297119483503e-01	1.787879552817374929e-01	2.382672808039123791e-01	1.425321590032382901e-01	6.789835345085941387e-02	2.881036698707205301e-02	7.068125476088103765e-02
1.030445055508575479e+03	2.727590564178112298e-01	1.786363927687908137e-01	2.384406623297824490e-01	1.426264601996185266e-01	6.794339737869634077e-02	2.884263615841516082e-02	7.075139474653452387e-02
1.031896386572671872e+03	2.724959622192306141e-01	1.784850707441671125e-01	2.386137283973552570e-01	1.427206506901310679e-01	6.798840600003482060e-02	2.887480446723808894e-02	7.082137748149207324e-02
1.033347717636768493e+03	2.722333463179339441e-01	1.783339888142599639e-01	2.387864796764713748e-01	1.428147309475755744e-01	6.803337773839424063e-02	2.890687315651979325e-02	7.089120334849413618e-02
1.034799048700865114e+03	2.719712079150546913e-01	1.781831465861522801e-01	2.389589168307870160e-01	1.429087014152501112e-01	6.807831108324827185e-02	2.893884343072198120e-02	7.096087273843465493e-02
1.036250379764961508e+03	2.717095462112066873e-01	1.780325436676135353e-01	2.391310405179799536e-01	1.430025625082513296e-01	6.812320458751336405e-02	2.897071645728017952e-02	7.103038604980396742e-02
1.037701710829058356e+03	2.714483604065548450e-01	1.778821796670972399e-01	2.393028513899479182e-01	1.430963146147236353e-01	6.816805686513090212e-02	2.900249336803353145e-02	7.109974368816092405e-02
1.039153041893154750e+03	2.711876497008837705e-01	1.777320541937382481e-01	2.394743500929994162e-01	1.431899580970596442e-01	6.821286658873956799e-02	2.903417526059591178e-02	7.116894606563241299e-02
1.040604372957251599e+03	2.709274132936633772e-01	1.775821668573504264e-01	2.396455372680373341e-01	1.432834932930531213e-01	6.825763248743460521e-02	2.906576319967088540e-02	7.123799360043919782e-02
1.042055704021347992e+03	2.706676503841121129e-01	1.774325172684241836e-01	2.398164135507354355e-01	1.433769205170068450e-01	6.830235334461104424e-02	2.909725821831285128e-02	7.130688671644645760e-02
1.043507035085444613e+03	2.704083601712575224e-01	1.772831050381240281e-01	2.399869795717085863e-01	1.434702400607966999e-01	6.834702799588758537e-02	2.912866131913667209e-02	7.137562584273786370e-02
1.044958366149541234e+03	2.701495418539947568e-01	1.771339297782863198e-01	2.401572359566760961e-01	1.435634521948937481e-01	6.839165532710819728e-02	2.915997347547797519e-02	7.144421141321187496e-02
1.046409697213637855e+03	2.698911946311426391e-01	1.769849911014168831e-01	2.403271833266192037e-01	1.436565571693460275e-01	6.843623427241876667e-02	2.919119563250621024e-02	7.151264386619916869e-02
1.047861028277734476e+03	2.696333177014975657e-01	1.768362886206890083e-01	2.404968222979324832e-01	1.437495552147212974e-01	6.848076381241594013e-02	2.922232870829242352e-02	7.158092364410015285e-02
1.049312359341831097e+03	2.693759102638852987e-01	1.766878219499409819e-01	2.406661534825695614e-01	1.438424465430125088e-01	6.852524297236546602e-02	2.925337359483368843e-02	7.164905119304136594e-02
1.050763690405927491e+03	2.691189715172107588e-01	1.765395907036741152e-01	2.408351774881832275e-01	1.439352313485072477e-01	6.856967082048755213e-02	2.928433115903602071e-02	7.171702696254995957e-02
1.052215021470024112e+03	2.688625006605057655e-01	1.763915944970506633e-01	2.410038949182603529e-01	1.440279098086226506e-01	6.861404646630672732e-02	2.931520224365748509e-02	7.178485140524523689e-02
1.053666352534120733e+03	2.686064968929750552e-01	1.762438329458917707e-01	2.411723063722515936e-01	1.441204820847068746e-01	6.865836905906397281e-02	2.934598766821317969e-02	7.185252497654637249e-02
1.055117683598217127e+03	2.683509594140405241e-01	1.760963056666754456e-01	2.413404124456963729e-01	1.442129483228086761e-01	6.870263778618851402e-02	2.937668822984371500e-02	7.192004813439550892e-02
1.056569014662313975e+03	2.680958874233835831e-01	1.759490122765345888e-01	2.415082137303428134e-01	1.443053086544161534e-01	6.874685187182748292e-02	2.940730470414867209e-02	7.198742133899548035e-02
1.058020345726410369e+03	2.678412801209857363e-01	1.758019523932549677e-01	2.416757108142635335e-01	1.443975631971659013e-01	6.879101057543082764e-02	2.943783784598654266e-02	7.205464505256127528e-02
1.059471676790506763e+03	2.675871367071678830e-01	1.756551256352735235e-01	2.418429042819665586e-01	1.444897120555235503e-01	6.883511319038997101e-02	2.946828839024251412e-02	7.212171973908472478e-02
1.060923007854603611e+03	2.673334563826279542e-01	1.755085316216764002e-01	2.420097947145025408e-01	1.445817553214370776e-01	6.887915904272773338e-02	2.949865705256545650e-02	7.218864586411158357e-02
1.062374338918700232e+03	2.670802383484766618e-01	1.753621699721971128e-01	2.421763826895675931e-01	1.446736930749635830e-01	6.892314748983792427e-02	2.952894453007538084e-02	7.225542389453042114e-02
1.063825669982796853e+03	2.668274818062726372e-01	1.752160403072147987e-01	2.423426687816022662e-01	1.447655253848709467e-01	6.896707791927259024e-02	2.955915150204260419e-02	7.232205429837283706e-02
1.065277001046893474e+03	2.665751859580552940e-01	1.750701422477523861e-01	2.425086535618868888e-01	1.448572523092148678e-01	6.901094974757526757e-02	2.958927863053980450e-02	7.238853754462412637e-02
1.066728332110990095e+03	2.663233500063771353e-01	1.749244754154749004e-01	2.426743375986331885e-01	1.449488738958926992e-01	6.905476241915843583e-02	2.961932656106803022e-02	7.245487410304433940e-02
1.068179663175086489e+03	2.660719731543338962e-01	1.747790394326877994e-01	2.428397214570724438e-01	1.450403901831745779e-01	6.909851540522359004e-02	2.964929592315782014e-02	7.252106444399862573e-02
1.069630994239183110e+03	2.658210546055944645e-01	1.746338339223352520e-01	2.430048056995404160e-01	1.451318012002129898e-01	6.914220820272228007e-02	2.967918733094641187e-02	7.258710903829693195e-02
1.071082325303279504e+03	2.655705935644290250e-01	1.744888585079985288e-01	2.431695908855588673e-01	1.452231069675314346e-01	6.918584033335660466e-02	2.970900138373202756e-02	7.265300835704219251e-02
1.072533656367376352e+03	2.653205892357360374e-01	1.743441128138943086e-01	2.433340775719142202e-01	1.453143074974932170e-01	6.922941134261775820e-02	2.973873866650619813e-02	7.271876287148690277e-02
1.073984987431472746e+03	2.650710408250683825e-01	1.741995964648731521e-01	2.434982663127329972e-01	1.454054027947506711e-01	6.927292079886110399e-02	2.976839975046501052e-02	7.278437305289728321e-02
1.075436318495569594e+03	2.648219475386582311e-01	1.740553090864179198e-01	2.436621576595545957e-01	1.454963928566763154e-01	6.931636829241635822e-02	2.979798519350016286e-02	7.284983937242503482e-02
1.076887649559666215e+03	2.645733085834409137e-01	1.739112503046421898e-01	2.438257521614011769e-01	1.455872776737758001e-01	6.935975343473187171e-02	2.982749554067062533e-02	7.291516230098600559e-02
1.078338980623762609e+03	2.643251231670782353e-01	1.737674197462887871e-01	2.439890503648449449e-01	1.456780572300840071e-01	6.940307585755127462e-02	2.985693132465573954e-02	7.298034230914562936e-02
1.079790311687859230e+03	2.640773904979800135e-01	1.736238170387281732e-01	2.441520528140729840e-01	1.457687315035445519e-01	6.944633521212170701e-02	2.988629306619049186e-02	7.304537986701067909e-02
1.081241642751955851e+03	2.638301097853256172e-01	1.734804418099570866e-01	2.443147600509494866e-01	1.458593004663736037e-01	6.948953116843210875e-02	2.991558127448368590e-02	7.311027544412701529e-02
1.082692973816052472e+03	2.635832802390840057e-01	1.733372936885970161e-01	2.444771726150756219e-01	1.459497640854084399e-01	6.953266341448062493e-02	2.994479644761972176e-02	7.317502950938312156e-02
1.084144304880149093e+03	2.633369010700333246e-01	1.731943723038927574e-01	2.446392910438473234e-01	1.460401223224414291e-01	6.957573165557000283e-02	2.997393907294464491e-02	7.323964253091905241e-02
1.085595635944245487e+03	2.630909714897792240e-01	1.730516772857109697e-01	2.448011158725107717e-01	1.461303751345399415e-01	6.961873561362991181e-02	3.000300962743711677e-02	7.330411497604054361e-02
1.087046967008342108e+03	2.628454907107730110e-01	1.729092082645388440e-01	2.449626476342157133e-01	1.462205224743528542e-01	6.966167502656508970e-02	3.003200857806490737e-02	7.336844731113804918e-02
1.088498298072438729e+03	2.626004579463285804e-01	1.727669648714826034e-01	2.451238868600668086e-01	1.463105642904039827e-01	6.970454964762851091e-02	3.006093638212749275e-02	7.343264000161046912e-02
1.089949629136535123e+03	2.623558724106388462e-01	1.726249467382661995e-01	2.452848340791731752e-01	1.464005005273731064e-01	6.974735924481849370e-02	3.008979348758533678e-02	7.349669351179326238e-02
1.091400960200631971e+03	2.621117333187913401e-01	1.724831534972299518e-01	2.454454898186958778e-01	1.464903311263651697e-01	6.979010360029885840e-02	3.011858033337638796e-02	7.356060830489080660e-02
1.092852291264728365e+03	2.618680398867833659e-01	1.723415847813291601e-01	2.456058546038937251e-01	1.465800560251676876e-01	6.983278250984137348e-02	3.014729734972031172e-02	7.362438484291278229e-02
1.094303622328825213e+03	2.616247913315363216e-01	1.722002402241328278e-01	2.457659289581673179e-01	1.466696751584972147e-01	6.987539578228946224e-02	3.017594495841095445e-02	7.368802358661431795e-02
1.095754953392921607e+03	2.613819868709095218e-01	1.720591194598223295e-01	2.459257134031013481e-01	1.467591884582354345e-01	6.991794323904254593e-02	3.020452357309749356e-02	7.375152499543978502e-02
1.097206284457018228e+03	2.611396257237131868e-01	1.719182221231901342e-01	2.460852084585054556e-01	1.468485958536547564e-01	6.996042471356012094e-02	3.023303359955478026e-02	7.381488952746999288e-02
1.098657615521114849e+03	2.608977071097213773e-01	1.717775478496385011e-01	2.462444146424535851e-01	1.469378972716341158e-01	7.000284005088486250e-02	3.026147543594325667e-02	7.387811763937277010e-02
1.100108946585211470e+03	2.606562302496838179e-01	1.716370962751781470e-01	2.464033324713215956e-01	1.470270926368655307e-01	7.004518910718410263e-02	3.028984947305888090e-02	7.394120978635644603e-02
1.101560277649308091e+03	2.604151943653374990e-01	1.714968670364271364e-01	2.465619624598235637e-01	1.471161818720515269e-01	7.008747174930882173e-02	3.031815609457350416e-02	7.400416642212649665e-02
1.103011608713404712e+03	2.601745986794177790e-01	1.713568597706094099e-01	2.467203051210470344e-01	1.472051648980937932e-01	7.012968785436962671e-02	3.034639567726600540e-02	7.406698799884485485e-02
1.104462939777501106e+03	2.599344424156688205e-01	1.712170741155538412e-01	2.468783609664864098e-01	1.472940416342737313e-01	7.017183730932903540e-02	3.037456859124463421e-02	7.412967496709195470e-02
1.105914270841597499e+03	2.596947247988538598e-01	1.710775097096927655e-01	2.470361305060756185e-01	1.473828119984246510e-01	7.021392001060941523e-02	3.040267520016085023e-02	7.419222777583125983e-02
1.107365601905694348e+03	2.594554450547646440e-01	1.709381661920608697e-01	2.471936142482190624e-01	1.474714759070964998e-01	7.025593586371604859e-02	3.043071586141503707e-02	7.425464687237626205e-02
1.108816932969790741e+03	2.592166024102306454e-01	1.707990432022939709e-01	2.473508126998218704e-01	1.475600332757131816e-01	7.029788478287464504e-02	3.045869092635442033e-02	7.431693270235972815e-02
1.110268264033887590e+03	2.589781960931279436e-01	1.706601403806278228e-01	2.475077263663186533e-01	1.476484840187226033e-01	7.033976669068282839e-02	3.048660074046345703e-02	7.437908570970513944e-02
1.111719595097984211e+03	2.587402253323875523e-01	1.705214573678969781e-01	2.476643557517013705e-01	1.477368280497401432e-01	7.038158151777511307e-02	3.051444564354704667e-02	7.444110633660015741e-02
1.113170926162080832e+03	2.585026893580035789e-01	1.703829938055335391e-01	2.478207013585461416e-01	1.478250652816854305e-01	7.042332920250066186e-02	3.054222596990681382e-02	7.450299502347218494e-02
1.114622257226177226e+03	2.582655874010404973e-01	1.702447493355660757e-01	2.479767636880390591e-01	1.479131956269128245e-01	7.046500969061358921e-02	3.056994204851075717e-02	7.456475220896556511e-02
1.116073588290273847e+03	2.580289186936407519e-01	1.701067236006184036e-01	2.481325432400009190e-01	1.480012189973357872e-01	7.050662293497517163e-02	3.059759420315654593e-02	7.462637832992080611e-02
1.117524919354370468e+03	2.577926824690313645e-01	1.699689162439084744e-01	2.482880405129112844e-01	1.480891353045457604e-01	7.054816889526749346e-02	3.062518275262865117e-02	7.468787382135534669e-02
1.118976250418467089e+03	2.575568779615310389e-01	1.698313269092472100e-01	2.484432560039313287e-01	1.481769444599250751e-01	7.058964753771819478e-02	3.065270801084965524e-02	7.474923911644591745e-02
1.120427581482563710e+03	2.573215044065558788e-01	1.696939552410374474e-01	2.485981902089261231e-01	1.482646463747548660e-01	7.063105883483587755e-02	3.068017028702584720e-02	7.481047464651251200e-02
1.121878912546660331e+03	2.570865610406255497e-01	1.695568008842726904e-01	2.487528436224859252e-01	1.483522409603175440e-01	7.067240276515561470e-02	3.070756988578747168e-02	7.487158084100373201e-02
1.123330243610756725e+03	2.568520471013692186e-01	1.694198634845361096e-01	2.489072167379468015e-01	1.484397281279946634e-01	7.071367931299449294e-02	3.073490710732369735e-02	7.493255812748356171e-02
1.124781574674853118e+03	2.566179618275306606e-01	1.692831426879994050e-01	2.490613100474103614e-01	1.485271077893597635e-01	7.075488846821634259e-02	3.076218224751265176e-02	7.499340693161937743e-02
1.126232905738949967e+03	2.563843044589734776e-01	1.691466381414216680e-01	2.492151240417627978e-01	1.486143798562669371e-01	7.079603022600583495e-02	3.078939559804658860e-02	7.505412767717126177e-02
1.127684236803046360e+03	2.561510742366858717e-01	1.690103494921483818e-01	2.493686592106933997e-01	1.487015442409347910e-01	7.083710458665111454e-02	3.081654744655249606e-02	7.511472078598251112e-02
1.129135567867143209e+03	2.559182704027855304e-01	1.688742763881101727e-01	2.495219160427120941e-01	1.487886008560264650e-01	7.087811155533496610e-02	3.084363807670824006e-02	7.517518667797110088e-02
1.130586898931239830e+03	2.556858922005235679e-01	1.687384184778219776e-01	2.496748950251665711e-01	1.488755496147254886e-01	7.091905114193401694e-02	3.087066776835444698e-02	7.523552577112248285e-02
1.132038229995336451e+03	2.554539388742891881e-01	1.686027754103817111e-01	2.498275966442586871e-01	1.489623904308078062e-01	7.095992336082569685e-02	3.089763679760230974e-02	7.529573848148315984e-02
1.133489561059432845e+03	2.552224096696130706e-01	1.684673468354693227e-01	2.499800213850602859e-01	1.490491232187103054e-01	7.100072823070278927e-02	3.092454543693745270e-02	7.535582522315534271e-02
1.134940892123529466e+03	2.549913038331715343e-01	1.683321324033458244e-01	2.501321697315283532e-01	1.491357478935954051e-01	7.104146577439500454e-02	3.095139395532002860e-02	7.541578640829238456e-02
1.136392223187626087e+03	2.547606206127897011e-01	1.681971317648520425e-01	2.502840421665198933e-01	1.492222643714127550e-01	7.108213601869758924e-02	3.097818261828118661e-02	7.547562244709531132e-02
1.137843554251722708e+03	2.545303592574448825e-01	1.680623445714077568e-01	2.504356391718060015e-01	1.493086725689571903e-01	7.112273899420661072e-02	3.100491168801603956e-02	7.553533374780990739e-02
1.139294885315819101e+03	2.543005190172699104e-01	1.679277704750105071e-01	2.505869612280856029e-01	1.493949724039239091e-01	7.116327473516051438e-02	3.103158142347328674e-02	7.559492071672470337e-02
1.140746216379915950e+03	2.540710991435556343e-01	1.677934091282346496e-01	2.507380088149982478e-01	1.494811637949605421e-01	7.120374327928795377e-02	3.105819208044162741e-02	7.565438375816976868e-02
1.142197547444012343e+03	2.538420988887540308e-01	1.676592601842302743e-01	2.508887824111373233e-01	1.495672466617162799e-01	7.124414466766140763e-02	3.108474391163307260e-02	7.571372327451604545e-02
1.143648878508108737e+03	2.536135175064805902e-01	1.675253232967222339e-01	2.510392824940619327e-01	1.496532209248883083e-01	7.128447894455663958e-02	3.111123716676328019e-02	7.577293966617547338e-02
1.145100209572205586e+03	2.533853542515167589e-01	1.673915981200090053e-01	2.511895095403088307e-01	1.497390865062657173e-01	7.132474615731752843e-02	3.113767209262903110e-02	7.583203333160164206e-02
1.146551540636302207e+03	2.531576083798122712e-01	1.672580843089618574e-01	2.513394640254035806e-01	1.498248433287706349e-01	7.136494635622614435e-02	3.116404893318296468e-02	7.589100466729108152e-02
1.148002871700398828e+03	2.529302791484870916e-01	1.671247815190236297e-01	2.514891464238719343e-01	1.499104913164971409e-01	7.140507959437789043e-02	3.119036792960566684e-02	7.594985406778519132e-02
1.149454202764495449e+03	2.527033658158335250e-01	1.669916894062079271e-01	2.516385572092499912e-01	1.499960303947477092e-01	7.144514592756157079e-02	3.121662932037523250e-02	7.600858192567255811e-02
1.150905533828591842e+03	2.524768676413179924e-01	1.668588076270979270e-01	2.517876968540946891e-01	1.500814604900676807e-01	7.148514541414406620e-02	3.124283334133436812e-02	7.606718863159182831e-02
1.152356864892688463e+03	2.522507838855825857e-01	1.667261358388455184e-01	2.519365658299934640e-01	1.501667815302771547e-01	7.152507811495953383e-02	3.126898022575515940e-02	7.612567457423512207e-02
1.153808195956785084e+03	2.520251138104468436e-01	1.665936736991702471e-01	2.520851646075739083e-01	1.502519934445012972e-01	7.156494409320289518e-02	3.129507020440159409e-02	7.618404014035183580e-02
1.155259527020881706e+03	2.517998566789090287e-01	1.664614208663582895e-01	2.522334936565127639e-01	1.503370961631983471e-01	7.160474341432745971e-02	3.132110350558988537e-02	7.624228571475286098e-02
1.156710858084978327e+03	2.515750117551473486e-01	1.663293769992615079e-01	2.523815534455449150e-01	1.504220896181861222e-01	7.164447614594668390e-02	3.134708035524676195e-02	7.630041168031526100e-02
1.158162189149074720e+03	2.513505783045213993e-01	1.661975417572964797e-01	2.525293444424719924e-01	1.505069737426661947e-01	7.168414235773958032e-02	3.137300097696569395e-02	7.635841841798729490e-02
1.159613520213171569e+03	2.511265555935729976e-01	1.660659148004435259e-01	2.526768671141703115e-01	1.505917484712468446e-01	7.172374212135994298e-02	3.139886559206122446e-02	7.641630630679373259e-02
1.161064851277267962e+03	2.509029428900273473e-01	1.659344957892456562e-01	2.528241219265993656e-01	1.506764137399641268e-01	7.176327551034902830e-02	3.142467441962146918e-02	7.647407572384162799e-02
1.162516182341364356e+03	2.506797394627936493e-01	1.658032843848076809e-01	2.529711093448088755e-01	1.507609694863013550e-01	7.180274260005180265e-02	3.145042767655876342e-02	7.653172704432638362e-02
1.163967513405461204e+03	2.504569445819663231e-01	1.656722802487952118e-01	2.531178298329467835e-01	1.508454156492072262e-01	7.184214346753628466e-02	3.147612557765868541e-02	7.658926064153800950e-02
1.165418844469557826e+03	2.502345575188252291e-01	1.655414830434336626e-01	2.532642838542661923e-01	1.509297521691122801e-01	7.188147819151617657e-02	3.150176833562734480e-02	7.664667688686779834e-02
1.166870175533654447e+03	2.500125775458363342e-01	1.654108924315072782e-01	2.534104718711321369e-01	1.510139789879441363e-01	7.192074685227649311e-02	3.152735616113714473e-02	7.670397614981516732e-02
1.168321506597751068e+03	2.497910039366524337e-01	1.652805080763583290e-01	2.535563943450286906e-01	1.510980960491414005e-01	7.195994953160202157e-02	3.155288926287099643e-02	7.676115879799484676e-02
1.169772837661847461e+03	2.495698359661134291e-01	1.651503296418858902e-01	2.537020517365651262e-01	1.511821032976662649e-01	7.199908631270873771e-02	3.157836784756505588e-02	7.681822519714422148e-02
1.171224168725944082e+03	2.493490729102466330e-01	1.650203567925451198e-01	2.538474445054823558e-01	1.512660006800158885e-01	7.203815728017778919e-02	3.160379212005007266e-02	7.687517571113090808e-02
1.172675499790040703e+03	2.491287140462670746e-01	1.648905891933462042e-01	2.539925731106588702e-01	1.513497881442326110e-01	7.207716251989211564e-02	3.162916228329135798e-02	7.693201070196056812e-02
1.174126830854137097e+03	2.489087586525776663e-01	1.647610265098533866e-01	2.541374380101166786e-01	1.514334656399131396e-01	7.211610211897558076e-02	3.165447853842746906e-02	7.698873052978487397e-02
1.175578161918233945e+03	2.486892060087692591e-01	1.646316684081841619e-01	2.542820396610269706e-01	1.515170331182166819e-01	7.215497616573446349e-02	3.167974108480760276e-02	7.704533555290968283e-02
1.177029492982330339e+03	2.484700553956207258e-01	1.645025145550081114e-01	2.544263785197157235e-01	1.516004905318718843e-01	7.219378474960126690e-02	3.170495012002780971e-02	7.710182612780336342e-02
1.178480824046426733e+03	2.482513060950989614e-01	1.643735646175461251e-01	2.545704550416686973e-01	1.516838378351830496e-01	7.223252796108071971e-02	3.173010583996602879e-02	7.715820260910533079e-02
1.179932155110523581e+03	2.480329573903587159e-01	1.642448182635694587e-01	2.547142696815368201e-01	1.517670749840352717e-01	7.227120589169792886e-02	3.175520843881601135e-02	7.721446534963463670e-02
1.181383486174620202e+03	2.478150085657425117e-01	1.641162751613987614e-01	2.548578228931412948e-01	1.518502019358987931e-01	7.230981863394854436e-02	3.178025810912016302e-02	7.727061470039875424e-02
1.182834817238716823e+03	2.475974589067803933e-01	1.639879349799031327e-01	2.550011151294781508e-01	1.519332186498323911e-01	7.234836628125097813e-02	3.180525504180132385e-02	7.732665101060245960e-02
1.184286148302813444e+03	2.473803077001896222e-01	1.638597973884992065e-01	2.551441468427230186e-01	1.520161250864861535e-01	7.238684892790035741e-02	3.183019942619358389e-02	7.738257462765693595e-02
1.185737479366910065e+03	2.471635542338743718e-01	1.637318620571502625e-01	2.552869184842355699e-01	1.520989212081033659e-01	7.242526666902444898e-02	3.185509145007212051e-02	7.743838589718873844e-02
1.187188810431006686e+03	2.469471977969254217e-01	1.636041286563651997e-01	2.554294305045642366e-01	1.521816069785215664e-01	7.246361960054120699e-02	3.187993129968210576e-02	7.749408516304916172e-02
1.188640141495103080e+03	2.467312376796196027e-01	1.634765968571977590e-01	2.555716833534500410e-01	1.522641823631731839e-01	7.250190781911808324e-02	3.190471915976673956e-02	7.754967276732346870e-02
1.190091472559199701e+03	2.465156731734193807e-01	1.633492663312454685e-01	2.557136774798310364e-01	1.523466473290852885e-01	7.254013142213296128e-02	3.192945521359439459e-02	7.760514905034029964e-02
1.191542803623296322e+03	2.463005035709723289e-01	1.632221367506488385e-01	2.558554133318461932e-01	1.524290018448788697e-01	7.257829050763647816e-02	3.195413964298495640e-02	7.766051435068119235e-02
1.192994134687392716e+03	2.460857281661106011e-01	1.630952077880903905e-01	2.559968913568392290e-01	1.525112458807672267e-01	7.261638517431606710e-02	3.197877262833537237e-02	7.771576900519001907e-02
1.194445465751489564e+03	2.458713462538501815e-01	1.629684791167937130e-01	2.561381120013623836e-01	1.525933794085542472e-01	7.265441552146129078e-02	3.200335434864440970e-02	7.777091334898265929e-02
1.195896796815585958e+03	2.456573571303903303e-01	1.628419504105226567e-01	2.562790757111803597e-01	1.526754024016316602e-01	7.269238164893056242e-02	3.202788498153668478e-02	7.782594771545667256e-02
1.197348127879682352e+03	2.454437600931128893e-01	1.627156213435802801e-01	2.564197829312734322e-01	1.527573148349761489e-01	7.273028365711925458e-02	3.205236470328599180e-02	7.788087243630091583e-02
1.198799458943779200e+03	2.452305544405815330e-01	1.625894915908080995e-01	2.565602341058412228e-01	1.528391166851456873e-01	7.276812164692894602e-02	3.207679368883793736e-02	7.793568784150539663e-02
1.200250790007875821e+03	2.450177394725409352e-01	1.624635608275850907e-01	2.567004296783060857e-01	1.529208079302757373e-01	7.280589571973808405e-02	3.210117211183191599e-02	7.799039425937094594e-02
1.201702121071972442e+03	2.448053144899160483e-01	1.623378287298267442e-01	2.568403700913161614e-01	1.530023885500745862e-01	7.284360597737364607e-02	3.212550014462244030e-02	7.804499201651914075e-02
1.203153452136069063e+03	2.445932787948111586e-01	1.622122949739843445e-01	2.569800557867485957e-01	1.530838585258186557e-01	7.288125252208402238e-02	3.214977795829986745e-02	7.809948143790207409e-02
1.204604783200165684e+03	2.443816316905091934e-01	1.620869592370438872e-01	2.571194872057127601e-01	1.531652178403470344e-01	7.291883545651302312e-02	3.217400572271053583e-02	7.815386284681229145e-02
1.206056114264262078e+03	2.441703724814705545e-01	1.619618211965252186e-01	2.572586647885531930e-01	1.532464664780560926e-01	7.295635488367474553e-02	3.219818360647631883e-02	7.820813656489261634e-02
1.207507445328358699e+03	2.439595004733323413e-01	1.618368805304813141e-01	2.573975889748524315e-01	1.533276044248932379e-01	7.299381090692969032e-02	3.222231177701365135e-02	7.826230291214608670e-02
1.208958776392455093e+03	2.437490149729074074e-01	1.617121369174971401e-01	2.575362602034340087e-01	1.534086316683507534e-01	7.303120362996161352e-02	3.224639040055201494e-02	7.831636220694583594e-02
1.210410107456551941e+03	2.435389152881832497e-01	1.615875900366889328e-01	2.576746789123652293e-01	1.534895481974589970e-01	7.306853315675551630e-02	3.227041964215188186e-02	7.837031476604502944e-02
1.211861438520648335e+03	2.433292007283210379e-01	1.614632395677031707e-01	2.578128455389595564e-01	1.535703540027795466e-01	7.310579959157631480e-02	3.229439966572224957e-02	7.842416090458682876e-02
1.213312769584745183e+03	2.431198706036546420e-01	1.613390851907159085e-01	2.579507605197798314e-01	1.536510490763978720e-01	7.314300303894856470e-02	3.231833063403759948e-02	7.847790093611424489e-02
1.214764100648841804e+03	2.429109242256894119e-01	1.612151265864316674e-01	2.580884242906403836e-01	1.537316334119157857e-01	7.318014360363683801e-02	3.234221270875447390e-02	7.853153517258010252e-02
1.216215431712937971e+03	2.427023609071011778e-01	1.610913634360826852e-01	2.582258372866095275e-01	1.538121070044437266e-01	7.321722139062702972e-02	3.236604605042757432e-02	7.858506392435690713e-02
1.217666762777034819e+03	2.424941799617350846e-01	1.609677954214280005e-01	2.583629999420123946e-01	1.538924698505926558e-01	7.325423650510826112e-02	3.238983081852544327e-02	7.863848750024676759e-02
1.219118093841131440e+03	2.422863807046045093e-01	1.608444222247525646e-01	2.584999126904329314e-01	1.539727219484658960e-01	7.329118905245571303e-02	3.241356717144573685e-02	7.869180620749129107e-02
1.220569424905228061e+03	2.420789624518897842e-01	1.607212435288663255e-01	2.586365759647163420e-01	1.540528632976505552e-01	7.332807913821402790e-02	3.243725526653009478e-02	7.874502035178145010e-02
1.222020755969324682e+03	2.418719245209371149e-01	1.605982590171035063e-01	2.587729901969715862e-01	1.541328938992089503e-01	7.336490686808136430e-02	3.246089526007864962e-02	7.879813023726739418e-02
1.223472087033421303e+03	2.416652662302573307e-01	1.604754683733216336e-01	2.589091558185732667e-01	1.542128137556696421e-01	7.340167234789421458e-02	3.248448730736412660e-02	7.885113616656837243e-02
1.224923418097517697e+03	2.414589868995246358e-01	1.603528712819005109e-01	2.590450732601640160e-01	1.542926228710186087e-01	7.343837568361274992e-02	3.250803156264563815e-02	7.890403844078244799e-02
1.226374749161614318e+03	2.412530858495753605e-01	1.602304674277416074e-01	2.591807429516566064e-01	1.543723212506897813e-01	7.347501698130680381e-02	3.253152817918206902e-02	7.895683735949632354e-02
1.227826080225710712e+03	2.410475624024068231e-01	1.601082564962671151e-01	2.593161653222360585e-01	1.544519089015558844e-01	7.351159634714243829e-02	3.255497730924520466e-02	7.900953322079508345e-02
1.229277411289807560e+03	2.408424158811758864e-01	1.599862381734189765e-01	2.594513408003614741e-01	1.545313858319188605e-01	7.354811388736898214e-02	3.257837910413247107e-02	7.906212632127196382e-02
1.230728742353903954e+03	2.406376456101977368e-01	1.598644121456581635e-01	2.595862698137683111e-01	1.546107520515002387e-01	7.358456970830672128e-02	3.260173371417941779e-02	7.911461695603798361e-02
1.232180073418000802e+03	2.404332509149446073e-01	1.597427780999637337e-01	2.597209527894702163e-01	1.546900075714314760e-01	7.362096391633503323e-02	3.262504128877186105e-02	7.916700541873167296e-02
1.233631404482097196e+03	2.402292311220443899e-01	1.596213357238319697e-01	2.598553901537608568e-01	1.547691524042439370e-01	7.365729661788100735e-02	3.264830197635777004e-02	7.921929200152863504e-02
1.235082735546193817e+03	2.400255855592793031e-01	1.595000847052755188e-01	2.599895823322160293e-01	1.548481865638590693e-01	7.369356791940855078e-02	3.267151592445884101e-02	7.927147699515121881e-02
1.236534066610290438e+03	2.398223135555846153e-01	1.593790247328225884e-01	2.601235297496952703e-01	1.549271100655782163e-01	7.372977792740796621e-02	3.269468327968184929e-02	7.932356068887801148e-02
1.237985397674387059e+03	2.396194144410471738e-01	1.592581554955160572e-01	2.602572328303437987e-01	1.550059229260725424e-01	7.376592674838586272e-02	3.271780418772967519e-02	7.937554337055340026e-02
1.239436728738483680e+03	2.394168875469040725e-01	1.591374766829125875e-01	2.603906919975942369e-01	1.550846251633727357e-01	7.380201448885567728e-02	3.274087879341214258e-02	7.942742532659702315e-02
1.240888059802580301e+03	2.392147322055413194e-01	1.590169879850817924e-01	2.605239076741683868e-01	1.551632167968587661e-01	7.383804125532840434e-02	3.276390724065657983e-02	7.947920684201319197e-02
1.242339390866676695e+03	2.390129477504922828e-01	1.588966890926055142e-01	2.606568802820788955e-01	1.552416978472494491e-01	7.387400715430382514e-02	3.278688967251811720e-02	7.953088820040035700e-02
1.243790721930773088e+03	2.388115335164364694e-01	1.587765796965767140e-01	2.607896102426309759e-01	1.553200683365919821e-01	7.390991229226204218e-02	3.280982623118984531e-02	7.958246968396039123e-02
1.245242052994869937e+03	2.386104888391979151e-01	1.586566594885988613e-01	2.609220979764241277e-01	1.553983282882515637e-01	7.394575677565544403e-02	3.283271705801266149e-02	7.963395157350791620e-02
1.246693384058966330e+03	2.384098130557439077e-01	1.585369281607848790e-01	2.610543439033535251e-01	1.554764777269006804e-01	7.398154071090093375e-02	3.285556229348494256e-02	7.968533414847960017e-02
1.248144715123063179e+03	2.382095055041834053e-01	1.584173854057565611e-01	2.611863484426119597e-01	1.555545166785086697e-01	7.401726420437253207e-02	3.287836207727201643e-02	7.973661768694331742e-02
1.249596046187159800e+03	2.380095655237656482e-01	1.582980309166434896e-01	2.613181120126911727e-01	1.556324451703310352e-01	7.405292736239429963e-02	3.290111654821541859e-02	7.978780246560740474e-02
1.251047377251256421e+03	2.378099924548787159e-01	1.581788643870823408e-01	2.614496350313834094e-01	1.557102632308988432e-01	7.408853029123353695e-02	3.292382584434196124e-02	7.983888875982965427e-02
1.252498708315352815e+03	2.376107856390480555e-01	1.580598855112159418e-01	2.615809179157831399e-01	1.557879708900079818e-01	7.412407309709427572e-02	3.294649010287262203e-02	7.988987684362651442e-02
1.253950039379449436e+03	2.374119444189349559e-01	1.579410939836925210e-01	2.617119610822882247e-01	1.558655681787085023e-01	7.415955588611106153e-02	3.296910946023123845e-02	7.994076698968204109e-02
1.255401370443546057e+03	2.372134681383350208e-01	1.578224894996647643e-01	2.618427649466018026e-01	1.559430551292939338e-01	7.419497876434305583e-02	3.299168405205304272e-02	7.999155946935691819e-02
1.256852701507642678e+03	2.370153561421767807e-01	1.577040717547891213e-01	2.619733299237334001e-01	1.560204317752905134e-01	7.423034183776826278e-02	3.301421401319301618e-02	8.004225455269738110e-02
1.258304032571739299e+03	2.368176077765201670e-01	1.575858404452248618e-01	2.621036564280006531e-01	1.560976981514464734e-01	7.426564521227818627e-02	3.303669947773408416e-02	8.009285250844404291e-02
1.259755363635835920e+03	2.366202223885549016e-01	1.574677952676332982e-01	2.622337448730305276e-01	1.561748542937213269e-01	7.430088899367254252e-02	3.305914057899512343e-02	8.014335360404077624e-02
1.261206694699932314e+03	2.364231993265991094e-01	1.573499359191768976e-01	2.623635956717607631e-01	1.562519002392750989e-01	7.433607328765427791e-02	3.308153744953889336e-02	8.019375810564347007e-02
1.262658025764028707e+03	2.362265379400976806e-01	1.572322620975185326e-01	2.624932092364413161e-01	1.563288360264576404e-01	7.437119819982493385e-02	3.310389022117970342e-02	8.024406627812871728e-02
1.264109356828125556e+03	2.360302375796207996e-01	1.571147735008205371e-01	2.626225859786357475e-01	1.564056616947978595e-01	7.440626383567994218e-02	3.312619902499103208e-02	8.029427838510258542e-02
1.265560687892221949e+03	2.358342975968624466e-01	1.569974698277440406e-01	2.627517263092223887e-01	1.564823772849930905e-01	7.444127030060443406e-02	3.314846399131295834e-02	8.034439468890909597e-02
1.267012018956318798e+03	2.356387173446387595e-01	1.568803507774479411e-01	2.628806306383960623e-01	1.565589828388982974e-01	7.447621769986900730e-02	3.317068524975947535e-02	8.039441545063887029e-02
1.268463350020415419e+03	2.354434961768865631e-01	1.567634160495883222e-01	2.630092993756689146e-01	1.566354783995154987e-01	7.451110613862575727e-02	3.319286292922565829e-02	8.044434093013766440e-02
1.269914681084511813e+03	2.352486334486618147e-01	1.566466653443174262e-01	2.631377329298720258e-01	1.567118640109830541e-01	7.454593572190455764e-02	3.321499715789471424e-02	8.049417138601476507e-02
1.271366012148608434e+03	2.350541285161379113e-01	1.565300983622829045e-01	2.632659317091567419e-01	1.567881397185650338e-01	7.458070655460943832e-02	3.323708806324488646e-02	8.054390707565144136e-02
1.272817343212705055e+03	2.348599807366043568e-01	1.564137148046269854e-01	2.633938961209956742e-01	1.568643055686406440e-01	7.461541874151511600e-02	3.325913577205626137e-02	8.059354825520927135e-02
1.274268674276801676e+03	2.346661894684650140e-01	1.562975143729857519e-01	2.635216265721842532e-01	1.569403616086936237e-01	7.465007238726373284e-02	3.328114041041745075e-02	8.064309517963844098e-02
1.275720005340898297e+03	2.344727540712366054e-01	1.561814967694881429e-01	2.636491234688418395e-01	1.570163078873016704e-01	7.468466759636177565e-02	3.330310210373216978e-02	8.069254810268604305e-02
1.277171336404994690e+03	2.342796739055471311e-01	1.560656616967552868e-01	2.637763872164130552e-01	1.570921444541259759e-01	7.471920447317698111e-02	3.332502097672565555e-02	8.074190727690415403e-02
1.278622667469091539e+03	2.340869483331343148e-01	1.559500088578996690e-01	2.639034182196687284e-01	1.571678713599007071e-01	7.475368312193561571e-02	3.334689715345107164e-02	8.079117295365809137e-02
1.280073998533187932e+03	2.338945767168439105e-01	1.558345379565242161e-01	2.640302168827076135e-01	1.572434886564226530e-01	7.478810364671970023e-02	3.336873075729569760e-02	8.084034538313442098e-02
1.281525329597284326e+03	2.337025584206282591e-01	1.557192486967216294e-01	2.641567836089570576e-01	1.573189963965406779e-01	7.482246615146448399e-02	3.339052191098709071e-02	8.088942481434899245e-02
1.282976660661381175e+03	2.335108928095446512e-01	1.556041407830734691e-01	2.642831188011746102e-01	1.573943946341454792e-01	7.485677073995594677e-02	3.341227073659914365e-02	8.093841149515496047e-02
1.284427991725477568e+03	2.333195792497536336e-01	1.554892139206493773e-01	2.644092228614489115e-01	1.574696834241591792e-01	7.489101751582850908e-02	3.343397735555799638e-02	8.098730567225066734e-02
1.285879322789574417e+03	2.331286171085175662e-01	1.553744678150062730e-01	2.645350961912011356e-01	1.575448628225251391e-01	7.492520658256281163e-02	3.345564188864790650e-02	8.103610759118752560e-02
1.287330653853671038e+03	2.329380057541989013e-01	1.552599021721875472e-01	2.646607391911858786e-01	1.576199328861976334e-01	7.495933804348357821e-02	3.347726445601703626e-02	8.108481749637780345e-02
1.288781984917767431e+03	2.327477445562587399e-01	1.551455166987222301e-01	2.647861522614925467e-01	1.576948936731316919e-01	7.499341200175765887e-02	3.349884517718307309e-02	8.113343563110241019e-02
1.290233315981864052e+03	2.325578328852550003e-01	1.550313111016242418e-01	2.649113358015464659e-01	1.577697452422730795e-01	7.502742856039212871e-02	3.352038417103884310e-02	8.118196223751858454e-02
