1.301360187473271253e+03	2.355185174997724284e-01	1.506158523457606369e-01	2.588597071976357356e-01	1.615719088340811238e-01	7.606796626175904574e-02	3.365980502776032973e-02	8.370624283287908529e-02
1.306197957686926657e+03	2.349377404400919134e-01	1.502059667872891469e-01	2.592135307169863290e-01	1.618266217156178188e-01	7.617610745732600330e-02	3.374727336708677194e-02	8.389275951525046460e-02
1.311035727900581833e+03	2.343603034634612059e-01	1.497983913571982739e-01	2.595655127810957419e-01	1.620797395751630288e-01	7.628366807998021581e-02	3.383421654654501093e-02	8.407816819620494986e-02
1.315873498114237009e+03	2.337861858497692347e-01	1.493931143240415649e-01	2.599156618572222577e-01	1.623312739702456597e-01	7.639065107889272954e-02	3.392063799216575581e-02	8.426247492731132882e-02
1.320711268327892412e+03	2.332153670885754315e-01	1.489901239434374414e-01	2.602639863902281858e-01	1.625812363535775462e-01	7.649705939045173264e-02	3.400654108018287547e-02	8.444568575319533199e-02
1.325549038541547588e+03	2.326478268729003374e-01	1.485894084625412892e-01	2.606104948025242396e-01	1.628296380743449734e-01	7.660289593832458888e-02	3.409192913964625982e-02	8.462780670936682903e-02
1.330386808755202765e+03	2.320835450933251554e-01	1.481909561242502060e-01	2.609551954940039220e-01	1.630764903794761356e-01	7.670816363351867784e-02	3.417680545483851862e-02	8.480884382023592960e-02
1.335224578968857941e+03	2.315225018323841255e-01	1.477947551711551732e-01	2.612980968419696404e-01	1.633218044148847525e-01	7.681286537444115270e-02	3.426117326751076247e-02	8.498880309730295901e-02
1.340062349182513572e+03	2.309646773592340108e-01	1.474007938492547243e-01	2.616392072010518266e-01	1.635655912266909262e-01	7.691700404695731019e-02	3.434503577895162835e-02	8.516769053750816720e-02
1.344900119396168748e+03	2.304100521245851518e-01	1.470090604114433763e-01	2.619785349031217292e-01	1.638078617624199040e-01	7.702058252444729525e-02	3.442839615190256691e-02	8.534551212172863943e-02
1.349737889609823924e+03	2.298586067558809620e-01	1.466195431207870381e-01	2.623160882571984320e-01	1.640486268721792484e-01	7.712360366786139010e-02	3.451125751233140304e-02	8.552227381341022394e-02
1.354575659823479100e+03	2.293103220527117070e-01	1.462322302535975782e-01	2.626518755493514878e-01	1.642878973098154394e-01	7.722607032577355479e-02	3.459362295107513974e-02	8.569798155732384626e-02
1.359413430037134731e+03	2.287651789824501625e-01	1.458471101023174621e-01	2.629859050425991662e-01	1.645256837340501321e-01	7.732798533443337174e-02	3.467549552536230983e-02	8.587264127843619033e-02
1.364251200250789907e+03	2.282231586760976594e-01	1.454641709782249770e-01	2.633181849768033711e-01	1.647619967095968752e-01	7.742935151781635272e-02	3.475687826022409721e-02	8.604625888088542063e-02
1.369088970464445310e+03	2.276842424243285812e-01	1.450834012139701479e-01	2.636487235685619490e-01	1.649968467082588153e-01	7.753017168767263601e-02	3.483777414980301218e-02	8.621884024705359084e-02
1.373926740678100487e+03	2.271484116737230718e-01	1.447047891659507812e-01	2.639775290110980555e-01	1.652302441100078900e-01	7.763044864357418473e-02	3.491818615856699670e-02	8.639039123672785647e-02
1.378764510891755890e+03	2.266156480231776016e-01	1.443283232165374075e-01	2.643046094741478003e-01	1.654621992040460066e-01	7.773018517296037544e-02	3.499811722243633544e-02	8.656091768634333050e-02
1.383602281105411066e+03	2.260859332204840366e-01	1.439539917761555043e-01	2.646299731038470049e-01	1.656927221898487623e-01	7.782938405118222658e-02	3.507757024983011729e-02	8.673042540830114278e-02
1.388440051319066470e+03	2.255592491590681092e-01	1.435817832852332443e-01	2.649536280226161278e-01	1.659218231781922070e-01	7.792804804154526699e-02	3.515654812263846463e-02	8.689892019035536097e-02
1.393277821532721646e+03	2.250355778748786284e-01	1.432116862160219550e-01	2.652755823290447457e-01	1.661495121921627849e-01	7.802617989535097498e-02	3.523505369712633811e-02	8.706640779506331917e-02
1.398115591746377049e+03	2.245149015434194650e-01	1.428436890742965926e-01	2.655958440977757573e-01	1.663757991681514281e-01	7.812378235193714882e-02	3.531308980477412818e-02	8.723289395929431644e-02
1.402953361960032225e+03	2.239972024769167902e-01	1.424777804009426940e-01	2.659144213793889766e-01	1.666006939568317191e-01	7.822085813871700044e-02	3.539065925305992510e-02	8.739838439379173096e-02
1.407791132173687402e+03	2.234824631216138779e-01	1.421139487734366935e-01	2.662313222002859470e-01	1.668242063241227313e-01	7.831740997121719450e-02	3.546776482618806126e-02	8.756288478278440035e-02
1.412628902387342805e+03	2.229706660551873110e-01	1.417521828072249857e-01	2.665465545625738675e-01	1.670463459521368266e-01	7.841344055311486039e-02	3.554440928576791531e-02	8.772640078364313254e-02
1.417466672600997981e+03	2.224617939842775671e-01	1.413924711570075932e-01	2.668601264439512954e-01	1.672671224401131307e-01	7.850895257627366064e-02	3.562059537144690591e-02	8.788893802657871124e-02
1.422304442814653157e+03	2.219558297421279913e-01	1.410348025179320730e-01	2.671720457975942375e-01	1.674865453053364373e-01	7.860394872077898498e-02	3.569632580150117890e-02	8.805050211437796814e-02
1.427142213028308333e+03	2.214527562863266574e-01	1.406791656267024349e-01	2.674823205520430736e-01	1.677046239840422059e-01	7.869843165497236726e-02	3.577160327338720081e-02	8.821109862217491049e-02
1.431979983241963964e+03	2.209525566966453469e-01	1.403255492626078182e-01	2.677909586110913120e-01	1.679213678323082659e-01	7.879240403548501415e-02	3.584643046425729784e-02	8.837073309725383685e-02
1.436817753455619140e+03	2.204552141729704262e-01	1.399739422484756746e-01	2.680979678536751787e-01	1.681367861269328912e-01	7.888586850727091759e-02	3.592081003144180495e-02	8.852941105888201268e-02
1.441655523669274316e+03	2.199607120333211818e-01	1.396243334515535062e-01	2.684033561337652585e-01	1.683508880663000806e-01	7.897882770363896798e-02	3.599474461290055882e-02	8.868713799816937970e-02
1.446493293882929493e+03	2.194690337119503398e-01	1.392767117843234093e-01	2.687071312802593592e-01	1.685636827712321539e-01	7.907128424628487307e-02	3.606823682764580263e-02	8.884391937795295402e-02
1.451331064096585123e+03	2.189801627575229670e-01	1.389310662052530565e-01	2.690093010968777620e-01	1.687751792858297462e-01	7.916324074532227195e-02	3.614128927613897979e-02	8.899976063270406690e-02
1.456168834310240300e+03	2.184940828313693406e-01	1.385873857194866998e-01	2.693098733620597485e-01	1.689853865782998121e-01	7.925469979931357156e-02	3.621390454066310272e-02	8.915466716845646400e-02
1.461006604523895703e+03	2.180107777058079843e-01	1.382456593794798572e-01	2.696088558288626258e-01	1.691943135417717792e-01	7.934566399530024183e-02	3.628608518567280616e-02	8.930864436275341711e-02
1.465844374737550879e+03	2.175302312625348733e-01	1.379058762855804865e-01	2.699062562248626951e-01	1.694019689951019592e-01	7.943613590883279174e-02	3.635783375812356999e-02	8.946169756461240519e-02
1.470682144951206283e+03	2.170524274910758666e-01	1.375680255865600887e-01	2.702020822520582732e-01	1.696083616836665808e-01	7.952611810400039838e-02	3.642915278778181831e-02	8.961383209450579646e-02
1.475519915164861459e+03	2.165773504872985922e-01	1.372320964800974319e-01	2.704963415867753240e-01	1.698135002801436366e-01	7.961561313346027235e-02	3.650004478751725512e-02	8.976505324435626876e-02
1.480357685378516862e+03	2.161049844519807861e-01	1.368980782132176166e-01	2.707890418795753096e-01	1.700173933852839048e-01	7.970462353846674564e-02	3.657051225357881713e-02	8.991536627754558031e-02
1.485195455592172038e+03	2.156353136894323119e-01	1.365659600826888698e-01	2.710801907551651513e-01	1.702200495286712856e-01	7.979315184890010959e-02	3.664055766585539581e-02	9.006477642893565005e-02
1.490033225805827215e+03	2.151683226061677501e-01	1.362357314353799254e-01	2.713697958123098553e-01	1.704214771694723685e-01	7.988120058329535589e-02	3.671018348812260523e-02	9.021328890490089292e-02
1.494870996019482618e+03	2.147039957096271434e-01	1.359073816685798519e-01	2.716578646237479133e-01	1.706216846971759793e-01	7.996877224887063984e-02	3.677939216827647018e-02	9.036090888337079685e-02
1.499708766233137567e+03	2.142423176069423452e-01	1.355809002302827138e-01	2.719444047361085359e-01	1.708206804323225692e-01	8.005586934155578538e-02	3.684818613855508906e-02	9.050764151388179801e-02
1.504546536446793198e+03	2.137832730037466933e-01	1.352562766194388977e-01	2.722294236698321601e-01	1.710184726272236111e-01	8.014249434602047084e-02	3.691656781574918778e-02	9.065349191763782954e-02
1.509384306660448374e+03	2.133268467030254578e-01	1.349335003861754645e-01	2.725129289190931781e-01	1.712150694666713657e-01	8.022864973570256741e-02	3.698453960140232061e-02	9.079846518757854479e-02
1.514222076874103550e+03	2.128730236040053680e-01	1.346125611319868576e-01	2.727949279517251635e-01	1.714104790686390711e-01	8.031433797283632492e-02	3.705210388200148863e-02	9.094256638845471530e-02
1.519059847087758726e+03	2.124217887010809158e-01	1.342934485098979391e-01	2.730754282091489293e-01	1.716047094849718901e-01	8.039956150848040495e-02	3.711926302915890402e-02	9.108580055691001265e-02
1.523897617301414357e+03	2.119731270827757974e-01	1.339761522246008807e-01	2.733544371063034162e-01	1.717977687020685040e-01	8.048432278254616379e-02	3.718601939978553178e-02	9.122817270156871605e-02
1.528735387515069533e+03	2.115270239307373290e-01	1.336606620325677119e-01	2.736319620315788015e-01	1.719896646415537966e-01	8.056862422382572719e-02	3.725237533625699871e-02	9.136968780312873517e-02
1.533573157728724709e+03	2.110834645187626146e-01	1.333469677421394439e-01	2.739080103467523286e-01	1.721804051609426567e-01	8.065246825002021780e-02	3.731833316657241079e-02	9.151035081445943464e-02
1.538410927942380113e+03	2.106424342118545512e-01	1.330350592135937093e-01	2.741825893869273001e-01	1.723699980542951204e-01	8.073585726776792704e-02	3.738389520450659947e-02	9.165016666070389950e-02
1.543248698156035516e+03	2.102039184653062276e-01	1.327249263591919470e-01	2.744557064604740693e-01	1.725584510528628546e-01	8.081879367267263969e-02	3.744906374975626173e-02	9.178914023938508637e-02
1.548086468369690692e+03	2.097679028238122745e-01	1.324165591432071853e-01	2.747273688489740850e-01	1.727457718257274510e-01	8.090127984933194460e-02	3.751384108808046569e-02	9.192727642051561066e-02
1.552924238583346096e+03	2.093343729206060266e-01	1.321099475819339786e-01	2.749975838071665457e-01	1.729319679804302845e-01	8.098331817136565636e-02	3.757822949143579255e-02	9.206458004671069784e-02
1.557762008797001272e+03	2.089033144766208050e-01	1.318050817436811351e-01	2.752663585628976062e-01	1.731170470635943204e-01	8.106491100144436190e-02	3.764223121810668371e-02	9.220105593330409077e-02
1.562599779010656675e+03	2.084747132996745689e-01	1.315019517487489020e-01	2.755337003170719723e-01	1.733010165615379850e-01	8.114606069131799493e-02	3.770584851283115962e-02	9.233670886846645498e-02
1.567437549224311852e+03	2.080485552836763286e-01	1.312005477693905797e-01	2.757996162436077703e-01	1.734838839008812084e-01	8.122676958184459062e-02	3.776908360692230598e-02	9.247154361332622641e-02
1.572275319437967255e+03	2.076248264078538186e-01	1.309008600297607017e-01	2.760641134893935811e-01	1.736656564491436683e-01	8.130704000301909595e-02	3.783193871838578387e-02	9.260556490209240210e-02
1.577113089651622431e+03	2.072035127360007112e-01	1.306028788058495038e-01	2.763271991742479172e-01	1.738463415153355673e-01	8.138687427400236041e-02	3.789441605203371088e-02	9.273877744217925989e-02
1.581950859865277607e+03	2.067846004157431195e-01	1.303065944254055419e-01	2.765888803908815863e-01	1.740259463505409165e-01	8.146627470315020991e-02	3.795651779959501732e-02	9.287118591433263237e-02
1.586788630078933011e+03	2.063680756778237257e-01	1.300119972678461799e-01	2.768491642048626078e-01	1.742044781484934912e-01	8.154524358804270123e-02	3.801824613982265899e-02	9.300279497275766583e-02
1.591626400292587959e+03	2.059539248354035623e-01	1.297190777641576420e-01	2.771080576545832952e-01	1.743819440461455428e-01	8.162378321551344573e-02	3.807960323859781865e-02	9.313360924524774487e-02
1.596464170506243590e+03	2.055421342833796683e-01	1.294278263967847120e-01	2.773655677512302242e-01	1.745583511242294605e-01	8.170189586167914131e-02	3.814059124903128317e-02	9.326363333331459671e-02
1.601301940719898766e+03	2.051326904977185672e-01	1.291382336995108293e-01	2.776217014787565329e-01	1.747337064078124114e-01	8.177958379196927086e-02	3.820121231156221875e-02	9.339287181231921420e-02
1.606139710933553943e+03	2.047255800348046217e-01	1.288502902573294140e-01	2.778764657938567750e-01	1.749080168668442070e-01	8.185684926115587012e-02	3.826146855405448965e-02	9.352132923160369482e-02
1.610977481147209119e+03	2.043207895308023214e-01	1.285639867063068931e-01	2.781298676259439384e-01	1.750812894166981770e-01	8.193369451338348985e-02	3.832136209189068027e-02	9.364901011462359315e-02
1.615815251360864750e+03	2.039183057010321987e-01	1.282793137334378164e-01	2.783819138771291835e-01	1.752535309187057411e-01	8.201012178219932447e-02	3.838089502806394521e-02	9.377591895908098107e-02
1.620653021574519926e+03	2.035181153393597620e-01	1.279962620764926173e-01	2.786326114222036354e-01	1.754247481806839870e-01	8.208613329058350727e-02	3.844006945326790270e-02	9.390206023705778560e-02
1.625490791788175102e+03	2.031202053175963085e-01	1.277148225238589896e-01	2.788819671086230634e-01	1.755949479574572258e-01	8.216173125097948893e-02	3.849888744598453649e-02	9.402743839514961233e-02
1.630328562001830505e+03	2.027245625849118382e-01	1.274349859143765196e-01	2.791299877564941689e-01	1.757641369513719132e-01	8.223691786532467962e-02	3.855735107257039079e-02	9.415205785459970778e-02
1.635166332215485909e+03	2.023311741672590425e-01	1.271567431371656842e-01	2.793766801585637616e-01	1.759323218128052979e-01	8.231169532508117448e-02	3.861546238734103742e-02	9.427592301143315756e-02
1.640004102429141085e+03	2.019400271668080338e-01	1.268800851314513256e-01	2.796220510802098769e-01	1.760995091406681867e-01	8.238606581126667328e-02	3.867322343265400253e-02	9.439903823659109849e-02
1.644841872642796488e+03	2.015511087613911789e-01	1.266050028863809074e-01	2.798661072594350596e-01	1.762657054829013248e-01	8.246003149448548342e-02	3.873063623899015984e-02	9.452140787606508332e-02
1.649679642856451665e+03	2.011644062039578407e-01	1.263314874408383304e-01	2.801088554068621450e-01	1.764309173369660033e-01	8.253359453495981435e-02	3.878770282503374994e-02	9.464303625103129280e-02
1.654517413070107068e+03	2.007799068220386673e-01	1.260595298832530298e-01	2.803503022057320937e-01	1.765951511503285332e-01	8.260675708256114136e-02	3.884442519775106045e-02	9.476392765798465068e-02
1.659355183283762244e+03	2.003975980172183757e-01	1.257891213514053808e-01	2.805904543119037142e-01	1.767584133209393338e-01	8.267952127684166652e-02	3.890080535246783627e-02	9.488408636887286918e-02
1.664192953497417420e+03	2.000174672646176099e-01	1.255202530322280241e-01	2.808293183538559390e-01	1.769207101977058327e-01	8.275188924706608495e-02	3.895684527294552418e-02	9.500351663123020318e-02
1.669030723711072824e+03	1.996395021123827940e-01	1.252529161616039999e-01	2.810669009326915990e-01	1.770820480809600361e-01	8.282386311224335107e-02	3.901254693145637248e-02	9.512222266831101003e-02
1.673868493924728000e+03	1.992636901811840056e-01	1.249871020241615227e-01	2.813032086221440298e-01	1.772424332229204369e-01	8.289544498115872240e-02	3.906791228885743428e-02	9.524020867922308731e-02
1.678706264138383403e+03	1.988900191637202608e-01	1.247228019530659676e-01	2.815382479685845651e-01	1.774018718281484830e-01	8.296663695240581726e-02	3.912294329466359938e-02	9.535747883906049716e-02
1.683544034352038352e+03	1.985184768242322650e-01	1.244600073298090526e-01	2.817720254910333622e-01	1.775603700539996332e-01	8.303744111441895004e-02	3.917764188711964080e-02	9.547403729903626568e-02
1.688381804565693983e+03	1.981490509980219916e-01	1.241987095839956617e-01	2.820045476811709473e-01	1.777179340110691397e-01	8.310785954550549415e-02	3.923200999327132454e-02	9.558988818661452724e-02
1.693219574779349159e+03	1.977817295909791995e-01	1.239389001931283929e-01	2.822358210033525383e-01	1.778745697636325285e-01	8.317789431387849486e-02	3.928604952903563124e-02	9.570503560564233569e-02
1.698057344993004335e+03	1.974165005791140848e-01	1.236805706823900647e-01	2.824658518946235319e-01	1.780302833300809184e-01	8.324754747768932372e-02	3.933976239927015894e-02	9.581948363648104539e-02
1.702895115206659511e+03	1.970533520080964829e-01	1.234237126244243643e-01	2.826946467647376005e-01	1.781850806833513157e-01	8.331682108506048567e-02	3.939315049784171407e-02	9.593323633613719259e-02
1.707732885420315142e+03	1.966922719928008434e-01	1.231683176391149270e-01	2.829222119961757875e-01	1.783389677513518845e-01	8.338571717411862039e-02	3.944621570769414609e-02	9.604629773839289120e-02
1.712570655633970318e+03	1.963332487168570895e-01	1.229143773933628198e-01	2.831485539441683241e-01	1.784919504173821114e-01	8.345423777302755919e-02	3.949895990091539799e-02	9.615867185393578431e-02
1.717408425847625494e+03	1.959762704322068616e-01	1.226618836008627339e-01	2.833736789367172215e-01	1.786440345205483893e-01	8.352238490002156235e-02	3.955138493880390460e-02	9.627036267048838525e-02
1.722246196061280898e+03	1.956213254586653405e-01	1.224108280218780265e-01	2.835975932746212513e-01	1.787952258561745222e-01	8.359016056343861190e-02	3.960349267193426920e-02	9.638137415293704380e-02
1.727083966274936301e+03	1.952684021834881767e-01	1.221612024630146509e-01	2.838203032315022578e-01	1.789455301762075679e-01	8.365756676175389872e-02	3.965528494022228789e-02	9.649171024346021863e-02
1.731921736488591478e+03	1.949174890609432775e-01	1.219129987769942691e-01	2.840418150538335240e-01	1.790949531896190716e-01	8.372460548361336519e-02	3.970676357298937031e-02	9.660137486165620846e-02
1.736759506702246881e+03	1.945685746118876180e-01	1.216662088624265309e-01	2.842621349609693038e-01	1.792435005628016109e-01	8.379127870786737264e-02	3.975793038902630805e-02	9.671037190467039746e-02
1.741597276915902057e+03	1.942216474233486034e-01	1.214208246635807287e-01	2.844812691451761300e-01	1.793911779199608147e-01	8.385758840360452160e-02	3.980878719665650184e-02	9.681870524732190397e-02
1.746435047129557461e+03	1.938766961481099560e-01	1.211768381701568420e-01	2.846992237716657881e-01	1.795379908435029148e-01	8.392353653018554127e-02	3.985933579379859204e-02	9.692637874222953531e-02
1.751272817343212637e+03	1.935337095043021260e-01	1.209342414170562624e-01	2.849160049786298998e-01	1.796839448744178280e-01	8.398912503727726242e-02	3.990957796802851315e-02	9.703339621993725683e-02
1.756110587556867813e+03	1.931926762749966164e-01	1.206930264841520606e-01	2.851316188772756166e-01	1.798290455126579923e-01	8.405435586488671507e-02	3.995951549664106262e-02	9.713976148903910590e-02
1.760948357770523216e+03	1.928535853078048312e-01	1.204531854960590315e-01	2.853460715518630342e-01	1.799732982175126783e-01	8.411923094339530949e-02	4.000915014671091452e-02	9.724547833630332871e-02
1.765786127984178393e+03	1.925164255144806436e-01	1.202147106219036421e-01	2.855593690597442169e-01	1.801167084079782765e-01	8.418375219359312822e-02	4.005848367515316838e-02	9.735055052679605914e-02
1.770623898197833569e+03	1.921811858705268494e-01	1.199775940750937991e-01	2.857715174314033879e-01	1.802592814631242268e-01	8.424792152671328749e-02	4.010751782878335669e-02	9.745498180400427590e-02
1.775461668411488745e+03	1.918478554148054238e-01	1.197418281130886858e-01	2.859825226704985068e-01	1.804010227224550345e-01	8.431174084446638184e-02	4.015625434437700148e-02	9.755877588995823246e-02
1.780299438625144376e+03	1.915164232491514407e-01	1.195074050371686680e-01	2.861923907539042911e-01	1.805419374862679283e-01	8.437521203907499823e-02	4.020469494872872668e-02	9.766193648535323457e-02
1.785137208838799552e+03	1.911868785379906566e-01	1.192743171922052842e-01	2.864011276317566801e-01	1.806820310160067444e-01	8.443833699330838272e-02	4.025284135871087798e-02	9.776446726967072398e-02
1.789974979052454728e+03	1.908592105079603141e-01	1.190425569664315120e-01	2.866087392274983547e-01	1.808213085346116467e-01	8.450111758051705169e-02	4.030069528133171236e-02	9.786637190129880703e-02
1.794812749266109904e+03	1.905334084475335532e-01	1.188121167912122300e-01	2.868152314379256995e-01	1.809597752268650439e-01	8.456355566466756957e-02	4.034825841379317823e-02	9.796765401765215875e-02
1.799650519479765535e+03	1.902094617066469040e-01	1.185829891408150816e-01	2.870206101332368753e-01	1.810974362397337056e-01	8.462565310037739597e-02	4.039553244354824463e-02	9.806831723529128853e-02
1.804488289693420711e+03	1.898873596963311372e-01	1.183551665321815605e-01	2.872248811570812799e-01	1.812342966827068247e-01	8.468741173294969116e-02	4.044251904835781397e-02	9.816836515004109809e-02
1.809326059907075887e+03	1.895670918883451961e-01	1.181286415246987354e-01	2.874280503266102849e-01	1.813703616281307218e-01	8.474883339840834362e-02	4.048921989634726021e-02	9.826780133710889820e-02
1.814163830120731291e+03	1.892486478148130424e-01	1.179034067199712377e-01	2.876301234325285283e-01	1.815056361115393868e-01	8.480991992353292819e-02	4.053563664606253669e-02	9.836662935120182860e-02
1.819001600334386467e+03	1.889320170678638333e-01	1.176794547615939018e-01	2.878311062391470387e-01	1.816401251319816057e-01	8.487067312589376133e-02	4.058177094652590244e-02	9.846485272664345922e-02
1.823839370548041643e+03	1.886171892992745958e-01	1.174567783349248218e-01	2.880310044844373030e-01	1.817738336523445075e-01	8.493109481388697035e-02	4.062762443729126677e-02	9.856247497749003050e-02
1.828677140761696819e+03	1.883041542201160101e-01	1.172353701668591985e-01	2.882298238800861667e-01	1.819067665996734195e-01	8.499118678676970129e-02	4.067319874849917999e-02	9.865949959764579169e-02
1.833514910975352450e+03	1.879929016004009135e-01	1.170152230256035764e-01	2.884275701115521229e-01	1.820389288654882809e-01	8.505095083469525752e-02	4.071849550093138703e-02	9.875593006097793669e-02
1.838352681189008081e+03	1.876834212687354952e-01	1.167963297204509393e-01	2.886242488381223215e-01	1.821703253060965588e-01	8.511038873874833544e-02	4.076351630606511040e-02	9.885176982143072111e-02
1.843190451402663257e+03	1.873757031119732130e-01	1.165786831015563768e-01	2.888198656929708008e-01	1.823009607429027790e-01	8.516950227098031567e-02	4.080826276612689596e-02	9.894702231313913521e-02
1.848028221616318433e+03	1.870697370748713728e-01	1.163622760597134986e-01	2.890144262832177180e-01	1.824308399627145305e-01	8.522829319444455431e-02	4.085273647414613268e-02	9.904169095054178584e-02
1.852865991829973609e+03	1.867655131597502072e-01	1.161471015261315992e-01	2.892079361899893564e-01	1.825599677180452796e-01	8.528676326323166024e-02	4.089693901400823228e-02	9.913577912849330653e-02
1.857703762043628785e+03	1.864630214261544239e-01	1.159331524722136131e-01	2.894004009684792988e-01	1.826883487274139073e-01	8.534491422250492509e-02	4.094087196050746197e-02	9.922929022237597652e-02
1.862541532257283961e+03	1.861622519905173911e-01	1.157204219093348474e-01	2.895918261480104894e-01	1.828159876756408897e-01	8.540274780853565617e-02	4.098453687939942330e-02	9.932222758821088182e-02
1.867379302470939592e+03	1.858631950258276266e-01	1.155089028886225194e-01	2.897822172320979606e-01	1.829428892141412855e-01	8.546026574873860637e-02	4.102793532745322574e-02	9.941459456276839635e-02
1.872217072684594768e+03	1.855658407612977290e-01	1.152985885007361128e-01	2.899715796985126715e-01	1.830690579612145596e-01	8.551746976170733483e-02	4.107106885250329242e-02	9.950639446367796903e-02
1.877054842898249490e+03	1.852701794820355852e-01	1.150894718756486357e-01	2.901599189993461225e-01	1.831944985023312988e-01	8.557436155724969240e-02	4.111393899350087450e-02	9.959763058953746695e-02
1.881892613111905121e+03	1.849762015287180206e-01	1.148815461824287398e-01	2.903472405610756923e-01	1.833192153904169563e-01	8.563094283642326554e-02	4.115654728056521161e-02	9.968830622002172737e-02
1.886730383325560297e+03	1.846838972972666693e-01	1.146748046290236717e-01	2.905335497846311954e-01	1.834432131461322391e-01	8.568721529157080630e-02	4.119889523503441481e-02	9.977842461599063795e-02
1.891568153539215928e+03	1.843932572385260094e-01	1.144692404620432369e-01	2.907188520454614955e-01	1.835664962581507187e-01	8.574318060635569005e-02	4.124098436951599556e-02	9.986798901959653696e-02
1.896405923752871104e+03	1.841042718579435633e-01	1.142648469665445421e-01	2.909031526936026180e-01	1.836890691834335287e-01	8.579884045579738716e-02	4.128281618793708946e-02	9.995700265439098897e-02
1.901243693966526507e+03	1.838169317152525406e-01	1.140616174658177356e-01	2.910864570537460283e-01	1.838109363475009250e-01	8.585419650630692068e-02	4.132439218559439548e-02	1.000454687254311303e-01
1.906081464180181683e+03	1.835312274241563679e-01	1.138595453211727476e-01	2.912687704253081877e-01	1.839321021447010707e-01	8.590925041572233800e-02	4.136571384920380290e-02	1.001333904193851543e-01
1.910919234393836859e+03	1.832471496520153287e-01	1.136586239317268071e-01	2.914500980825003862e-01	1.840525709384759068e-01	8.596400383334412698e-02	4.140678265694968524e-02	1.002207709046374351e-01
1.915757004607492036e+03	1.829646891195354230e-01	1.134588467341931667e-01	2.916304452743994080e-01	1.841723470616242753e-01	8.601845839997071530e-02	4.144760007853393047e-02	1.003076133313928336e-01
1.920594774821147894e+03	1.826838366004591707e-01	1.132602072026704793e-01	2.918098172250185862e-01	1.842914348165622107e-01	8.607261574793387271e-02	4.148816757522465898e-02	1.003939208317806836e-01
1.925432545034802843e+03	1.824045829212585235e-01	1.130626988484334933e-01	2.919882191333804666e-01	1.844098384755804565e-01	8.612647750113412715e-02	4.152848659990467095e-02	1.004796965199579589e-01
1.930270315248458019e+03	1.821269189608296923e-01	1.128663152197244279e-01	2.921656561735885282e-01	1.845275622810992888e-01	8.618004527507622248e-02	4.156855859711954676e-02	1.005649434922119695e-01
1.935108085462113195e+03	1.818508356501899181e-01	1.126710499015455419e-01	2.923421334949011796e-01	1.846446104459206206e-01	8.623332067690442360e-02	4.160838500312554616e-02	1.006496648270624739e-01
1.939945855675768371e+03	1.815763239721764344e-01	1.124768965154525763e-01	2.925176562218049781e-01	1.847609871534775516e-01	8.628630530543797417e-02	4.164796724593711891e-02	1.007338635853631259e-01
1.944783625889424002e+03	1.813033749611469847e-01	1.122838487193492801e-01	2.926922294540891811e-01	1.848766965580811994e-01	8.633900075120638784e-02	4.168730674537422104e-02	1.008175428104024912e-01
1.949621396103079178e+03	1.810319797026825328e-01	1.120919002072828657e-01	2.928658582669209087e-01	1.849917427851650309e-01	8.639140859648476722e-02	4.172640491310932592e-02	1.009007055280043419e-01
1.954459166316734354e+03	1.807621293332917767e-01	1.119010447092405186e-01	2.930385477109201942e-01	1.851061299315264752e-01	8.644353041532916448e-02	4.176526315271409523e-02	1.009833547466275072e-01
1.959296936530389530e+03	1.804938150401174946e-01	1.117112759909468511e-01	2.932103028122363120e-01	1.852198620655663708e-01	8.649536777361176154e-02	4.180388285970588341e-02	1.010654934574650859e-01
1.964134706744044706e+03	1.802270280606446673e-01	1.115225878536624943e-01	2.933811285726241058e-01	1.853329432275254429e-01	8.654692222905611965e-02	4.184226542159385359e-02	1.011471246345430897e-01
1.968972476957700337e+03	1.799617596824105992e-01	1.113349741339835636e-01	2.935510299695209269e-01	1.854453774297187552e-01	8.659819533127244284e-02	4.188041221792493385e-02	1.012282512348185448e-01
1.973810247171355968e+03	1.796980012427167317e-01	1.111484287036422491e-01	2.937200119561241829e-01	1.855571686567674405e-01	8.664918862179267489e-02	4.191832462032939882e-02	1.013088761982771091e-01
1.978648017385010689e+03	1.794357441283421506e-01	1.109629454693083217e-01	2.938880794614693315e-01	1.856683208658282402e-01	8.669990363410561007e-02	4.195600399256625701e-02	1.013890024480299801e-01
1.983485787598666320e+03	1.791749797752590634e-01	1.107785183723917349e-01	2.940552373905079286e-01	1.857788379868204887e-01	8.675034189369201787e-02	4.199345169056832583e-02	1.014686328904103457e-01
1.988323557812321269e+03	1.789156996683499146e-01	1.105951413888462687e-01	2.942214906241865657e-01	1.858887239226510169e-01	8.680050491805971213e-02	4.203066906248709156e-02	1.015477704150693494e-01
1.993161328025976900e+03	1.786578953411261661e-01	1.104128085289740463e-01	2.943868440195263059e-01	1.859979825494364192e-01	8.685039421677842597e-02	4.206765744873727092e-02	1.016264178950713193e-01
1.997999098239632076e+03	1.784015583754489376e-01	1.102315138372312459e-01	2.945513024097018429e-01	1.861066177167232938e-01	8.690001129151489478e-02	4.210441818204109510e-02	1.017045781869886922e-01
2.002836868453287707e+03	1.781466804012512006e-01	1.100512513920347130e-01	2.947148706041216593e-01	1.862146332477061517e-01	8.694935763606767565e-02	4.214095258747237865e-02	1.017822541309962026e-01
2.007674638666942428e+03	1.778932530962618608e-01	1.098720153055696702e-01	2.948775533885082956e-01	1.863220329394431052e-01	8.699843473640202218e-02	4.217726198250034558e-02	1.018594485509646402e-01
2.012512408880597604e+03	1.776412681857311715e-01	1.096937997235983148e-01	2.950393555249793409e-01	1.864288205630692530e-01	8.704724407068469005e-02	4.221334767703312230e-02	1.019361642545540125e-01
2.017350179094252780e+03	1.773907174421582300e-01	1.095165988252696232e-01	2.952002817521279243e-01	1.865349998640081497e-01	8.709578710931867307e-02	4.224921097346103632e-02	1.020124040333062476e-01
2.022187949307908411e+03	1.771415926850198053e-01	1.093404068229299891e-01	2.953603367851043715e-01	1.866405745621808610e-01	8.714406531497788377e-02	4.228485316669966521e-02	1.020881706627373153e-01
2.027025719521564042e+03	1.768938857805007481e-01	1.091652179619349572e-01	2.955195253156979174e-01	1.867455483522130755e-01	8.719208014264180628e-02	4.232027554423262866e-02	1.021634669024287928e-01
2.031863489735218764e+03	1.766475886412263441e-01	1.089910265204619699e-01	2.956778520124184739e-01	1.868499249036400522e-01	8.723983303963002423e-02	4.235547938615410318e-02	1.022382954961190138e-01
2.036701259948874394e+03	1.764026932259959157e-01	1.088178268093241280e-01	2.958353215205788977e-01	1.869537078611094860e-01	8.728732544563679030e-02	4.239046596521114235e-02	1.023126591717936074e-01
2.041539030162529116e+03	1.761591915395183394e-01	1.086456131717848661e-01	2.959919384623778127e-01	1.870569008445823744e-01	8.733455879276540157e-02	4.242523654684569878e-02	1.023865606417755508e-01
2.046376800376184747e+03	1.759170756321487006e-01	1.084743799833737532e-01	2.961477074369818774e-01	1.871595074495319144e-01	8.738153450556267188e-02	4.245979238923643789e-02	1.024600026028146954e-01
2.051214570589840150e+03	1.756763375996269194e-01	1.083041216517032501e-01	2.963026330206092185e-01	1.872615312471402893e-01	8.742825400105319611e-02	4.249413474334032270e-02	1.025329877361768338e-01
2.056052340803495554e+03	1.754369695828178477e-01	1.081348326162863832e-01	2.964567197666126419e-01	1.873629757844935406e-01	8.747471868877360057e-02	4.252826485293390024e-02	1.026055187077321573e-01
2.060890111017150957e+03	1.751989637674526423e-01	1.079665073483555698e-01	2.966099722055628440e-01	1.874638445847745249e-01	8.752092997080673786e-02	4.256218395465440757e-02	1.026775981680433242e-01
2.065727881230805451e+03	1.749623123838719430e-01	1.077991403506822626e-01	2.967623948453324556e-01	1.875641411474539555e-01	8.756688924181578459e-02	4.259589327804062797e-02	1.027492287524529729e-01
2.070565651444461309e+03	1.747270077067704652e-01	1.076327261573977317e-01	2.969139921711797525e-01	1.876638689484795008e-01	8.761259788907833912e-02	4.262939404557349043e-02	1.028204130811706807e-01
2.075403421658116713e+03	1.744930420549431205e-01	1.074672593338147075e-01	2.970647686458328662e-01	1.877630314404629408e-01	8.765805729252033884e-02	4.266268747271645401e-02	1.028911537593595327e-01
2.080241191871772116e+03	1.742604077910325233e-01	1.073027344762500779e-01	2.972147287095739387e-01	1.878616320528657124e-01	8.770326882474993591e-02	4.269577476795564236e-02	1.029614533772221091e-01
2.085078962085427065e+03	1.740290973212780812e-01	1.071391462118485710e-01	2.973638767803236660e-01	1.879596741921824021e-01	8.774823385109137286e-02	4.272865713283977018e-02	1.030313145100860556e-01
2.089916732299082469e+03	1.737991030952665827e-01	1.069764891984073679e-01	2.975122172537258969e-01	1.880571612421223782e-01	8.779295372961871957e-02	4.276133576201984754e-02	1.031007397184890984e-01
2.094754502512737417e+03	1.735704176056842019e-01	1.068147581242016725e-01	2.976597545032323988e-01	1.881540965637900076e-01	8.783742981118948523e-02	4.279381184328859972e-02	1.031697315482636018e-01
2.099592272726392821e+03	1.733430333880697782e-01	1.066539477078113085e-01	2.978064928801875677e-01	1.882504834958626250e-01	8.788166343947825809e-02	4.282608655761970667e-02	1.032382925306206678e-01
2.104430042940048224e+03	1.731169430205700410e-01	1.064940526979482466e-01	2.979524367139137486e-01	1.883463253547671135e-01	8.792565595101020648e-02	4.285816107920685514e-02	1.033064251822337215e-01
2.109267813153704083e+03	1.728921391236954708e-01	1.063350678732850746e-01	2.980975903117962789e-01	1.884416254348545705e-01	8.796940867519448259e-02	4.289003657550244375e-02	1.033741320053216256e-01
2.114105583367359031e+03	1.726686143600784096e-01	1.061769880422844398e-01	2.982419579593685310e-01	1.885363870085734195e-01	8.801292293435755698e-02	4.292171420725621189e-02	1.034414154877313086e-01
2.118943353581013525e+03	1.724463614342320317e-01	1.060198080430294204e-01	2.983855439203977333e-01	1.886306133266406615e-01	8.805620004377651133e-02	4.295319512855352850e-02	1.035082781030199905e-01
2.123781123794669384e+03	1.722253730923108683e-01	1.058635227430549108e-01	2.985283524369699015e-01	1.887243076182116841e-01	8.809924131171216477e-02	4.298448048685354905e-02	1.035747223105368264e-01
2.128618894008324787e+03	1.720056421218728593e-01	1.057081270391798389e-01	2.986703877295757148e-01	1.888174730910481269e-01	8.814204803944222788e-02	4.301557142302706721e-02	1.036407505555041603e-01
2.133456664221980191e+03	1.717871613516424867e-01	1.055536158573403965e-01	2.988116539971958363e-01	1.889101129316844430e-01	8.818462152129422083e-02	4.304646907139424161e-02	1.037063652690983218e-01
2.138294434435635139e+03	1.715699236512756298e-01	1.053999841524242004e-01	2.989521554173869555e-01	1.890022303055926833e-01	8.822696304467846085e-02	4.307717455976204507e-02	1.037715688685299370e-01
2.143132204649290543e+03	1.713539219311255857e-01	1.052472269081053680e-01	2.990918961463672199e-01	1.890938283573457002e-01	8.826907389012082772e-02	4.310768900946149174e-02	1.038363637571237397e-01
2.147969974862945492e+03	1.711391491420103106e-01	1.050953391366804962e-01	2.992308803191020550e-01	1.891849102107787672e-01	8.831095533129554309e-02	4.313801353538471162e-02	1.039007523243980491e-01
2.152807745076601350e+03	1.709255982749812997e-01	1.049443158789055836e-01	2.993691120493900404e-01	1.892754789691498130e-01	8.835260863505781104e-02	4.316814924602176140e-02	1.039647369461436238e-01
2.157645515290255844e+03	1.707132623610937150e-01	1.047941522038338680e-01	2.995065954299487299e-01	1.893655377152978492e-01	8.839403506147631984e-02	4.319809724349722713e-02	1.040283199845022238e-01
2.162483285503912157e+03	1.705021344711776521e-01	1.046448432086545810e-01	2.996433345325005271e-01	1.894550895118001232e-01	8.843523586386574376e-02	4.322785862360664644e-02	1.040915037880446037e-01
2.167321055717567106e+03	1.702922077156110436e-01	1.044963840185326037e-01	2.997793334078585614e-01	1.895441374011276880e-01	8.847621228881909217e-02	4.325743447585268797e-02	1.041542906918481587e-01
2.172158825931222509e+03	1.700834752440935349e-01	1.043487697864489833e-01	2.999145960860126192e-01	1.896326844057994732e-01	8.851696557624003092e-02	4.328682588348116422e-02	1.042166830175740577e-01
2.176996596144877003e+03	1.698759302454219411e-01	1.042019956930424346e-01	3.000491265762149085e-01	1.897207335285349128e-01	8.855749695937498167e-02	4.331603392351677378e-02	1.042786830735439874e-01
2.181834366358532861e+03	1.696695659472668150e-01	1.040560569464516749e-01	3.001829288670659901e-01	1.898082877524051304e-01	8.859780766484522119e-02	4.334505966679870481e-02	1.043402931548163826e-01
2.186672136572187810e+03	1.694643756159504300e-01	1.039109487821586464e-01	3.003160069266008203e-01	1.898953500409827633e-01	8.863789891267895293e-02	4.337390417801603726e-02	1.044015155432623104e-01
2.191509906785843214e+03	1.692603525562259570e-01	1.037666664628326268e-01	3.004483647023744597e-01	1.899819233384902328e-01	8.867777191634304557e-02	4.340256851574283981e-02	1.044623525076408543e-01
2.196347676999498617e+03	1.690574901110578898e-01	1.036232052781752566e-01	3.005800061215478380e-01	1.900680105699466549e-01	8.871742788277496572e-02	4.343105373247322515e-02	1.045228063036741234e-01
2.201185447213154021e+03	1.688557816614038865e-01	1.034805605447664117e-01	3.007109350909737411e-01	1.901536146413136119e-01	8.875686801241439161e-02	4.345936087465604447e-02	1.045828791741217761e-01
2.206023217426809424e+03	1.686552206259977760e-01	1.033387276059109239e-01	3.008411554972825752e-01	1.902387384396391767e-01	8.879609349923481276e-02	4.348749098272951252e-02	1.046425733488551696e-01
2.210860987640464373e+03	1.684558004611335924e-01	1.031977018314862160e-01	3.009706712069677437e-01	1.903233848332008260e-01	8.883510553077501870e-02	4.351544509115556209e-02	1.047018910449310225e-01
2.215698757854119776e+03	1.682575146604513294e-01	1.030574786177907570e-01	3.010994860664715778e-01	1.904075566716470214e-01	8.887390528817054602e-02	4.354322422845401108e-02	1.047608344666647318e-01
2.220536528067775180e+03	1.680603567547234722e-01	1.029180533873934461e-01	3.012276039022709906e-01	1.904912567861374306e-01	8.891249394618490343e-02	4.357082941723655622e-02	1.048194058057032585e-01
2.225374298281430583e+03	1.678643203116429450e-01	1.027794215889837187e-01	3.013550285209627977e-01	1.905744879894817889e-01	8.895087267324076896e-02	4.359826167424055848e-02	1.048776072410974869e-01
2.230212068495085077e+03	1.676693989356124181e-01	1.026415786972226518e-01	3.014817637093493707e-01	1.906572530762775108e-01	8.898904263145113180e-02	4.362552201036262733e-02	1.049354409393743609e-01
2.235049838708740936e+03	1.674755862675344764e-01	1.025045202125947907e-01	3.016078132345238472e-01	1.907395548230461924e-01	8.902700497665022583e-02	4.365261143069203847e-02	1.049929090546084381e-01
2.239887608922396339e+03	1.672828759846033408e-01	1.023682416612609197e-01	3.017331808439557284e-01	1.908213959883685307e-01	8.906476085842444934e-02	4.367953093454393643e-02	1.050500137284931246e-01
2.244725379136052197e+03	1.670912618000974792e-01	1.022327385949115541e-01	3.018578702655757562e-01	1.909027793130183281e-01	8.910231142014307659e-02	4.370628151549235674e-02	1.051067570904114928e-01
2.249563149349706237e+03	1.669007374631737428e-01	1.020980065906213763e-01	3.019818852078611782e-01	1.909837075200950252e-01	8.913965779898902486e-02	4.373286416140304694e-02	1.051631412575066565e-01
2.254400919563362095e+03	1.667112967586623917e-01	1.019640412507044069e-01	3.021052293599207905e-01	1.910641833151551783e-01	8.917680112598933007e-02	4.375927985446612101e-02	1.052191683347517975e-01
2.259238689777017044e+03	1.665229335068633132e-01	1.018308382025700509e-01	3.022279063915800368e-01	1.911442093863426339e-01	8.921374252604569177e-02	4.378552957122851946e-02	1.052748404150197353e-01
2.264076459990672902e+03	1.663356415633437668e-01	1.016983930985799756e-01	3.023499199534653292e-01	1.912237884045176195e-01	8.925048311796481004e-02	4.381161428262628915e-02	1.053301595791521633e-01
