1.001418434226643626e+03	2.780638715247025217e-01	1.817555922899383447e-01	2.348967453903395564e-01	1.407074913017593021e-01	6.703907724019333991e-02	2.820790979348608910e-02	6.932931245923271146e-02
1.002869765290740247e+03	2.777898199676677171e-01	1.816003169301569631e-01	2.350757146231079731e-01	1.408039328726164718e-01	6.708472113892595401e-02	2.824248016175890177e-02	6.940301430541788441e-02
1.004321096354836754e+03	2.775162671320675623e-01	1.814452867871164943e-01	2.352543518110467025e-01	1.409002551754735821e-01	6.713037258671911145e-02	2.827691686080196359e-02	6.947654964642643871e-02
1.005772427418933376e+03	2.772432122356631168e-01	1.812905014589614450e-01	2.354326578367850198e-01	1.409964594855755704e-01	6.717602815798021099e-02	2.831122223355602568e-02	6.954991859113048014e-02
1.007223758483029997e+03	2.769706544935321424e-01	1.811359605445933552e-01	2.356106335691564024e-01	1.410925470099387569e-01	6.722168456736735132e-02	2.834539853872137388e-02	6.962312127634248671e-02
1.008675089547126618e+03	2.766985931182283087e-01	1.809816636436659132e-01	2.357882798637065402e-01	1.411885188902653188e-01	6.726733866436004905e-02	2.837944795427367259e-02	6.969615786515208355e-02
1.010126420611223239e+03	2.764270273199337380e-01	1.808276103565801818e-01	2.359655975631819447e-01	1.412843762057429120e-01	6.731298742803439039e-02	2.841337258082556744e-02	6.976902854535321774e-02
1.011577751675319632e+03	2.761559563066057210e-01	1.806738002844799074e-01	2.361425874979996842e-01	1.413801199757333815e-01	6.735862796203528902e-02	2.844717444484105504e-02	6.984173352795694512e-02
1.013029082739416367e+03	2.758853792841181041e-01	1.805202330292469681e-01	2.363192504866989951e-01	1.414757511623551400e-01	6.740425748973861986e-02	2.848085550170934357e-02	6.991427304578495816e-02
1.014480413803512761e+03	2.756152954563962365e-01	1.803669081934970442e-01	2.364955873363752958e-01	1.415712706729629067e-01	6.744987334959656744e-02	2.851441763868454299e-02	6.998664735213951105e-02
1.015931744867609382e+03	2.753457040255480326e-01	1.802138253805754819e-01	2.366715988430975470e-01	1.416666793625291076e-01	6.749547299065923600e-02	2.854786267769731517e-02	7.005885671954541205e-02
1.017383075931706003e+03	2.750766041919885940e-01	1.800609841945530198e-01	2.368472857923092922e-01	1.417619780359304082e-01	6.754105396826638741e-02	2.858119237804423660e-02	7.013090143856025305e-02
1.018834406995802851e+03	2.748079951545605581e-01	1.799083842402218469e-01	2.370226489592143215e-01	1.418571674501431790e-01	6.758661393990283983e-02	2.861440843896041059e-02	7.020278181664904582e-02
1.020285738059899245e+03	2.745398761106498386e-01	1.797560251230917450e-01	2.371976891091472084e-01	1.419522483163513926e-01	6.763215066121174013e-02	2.864751250208057154e-02	7.027449817711967084e-02
1.021737069123995752e+03	2.742722462562966479e-01	1.796039064493863691e-01	2.373724069979294971e-01	1.420472213019701169e-01	6.767766198215977025e-02	2.868050615379373613e-02	7.034605085811598824e-02
1.023188400188092373e+03	2.740051047863019118e-01	1.794520278260395285e-01	2.375468033722122341e-01	1.421420870325882935e-01	6.772314584334872267e-02	2.871339092749611299e-02	7.041744021166532197e-02
1.024639731252188767e+03	2.737384508943300210e-01	1.793003888606916341e-01	2.377208789698047886e-01	1.422368460938332468e-01	6.776860027246814355e-02	2.874616830574691292e-02	7.048866660277734730e-02
1.026091062316285615e+03	2.734722837730071965e-01	1.791489891616862840e-01	2.378946345199914048e-01	1.423314990331606966e-01	6.781402338088360349e-02	2.877883972233131332e-02	7.055973040859161993e-02
1.027542393380382237e+03	2.732066026140158033e-01	1.789978283380669333e-01	2.380680707438348476e-01	1.424260463615726890e-01	6.785941336035587745e-02	2.881140656423480245e-02	7.063063201757119325e-02
1.028993724444478858e+03	2.729414066081855550e-01	1.788469059995735078e-01	2.382411883544686970e-01	1.425204885552661116e-01	6.790476847988589915e-02	2.884387017353279639e-02	7.070137182873954818e-02
1.030445055508575479e+03	2.726766949455805000e-01	1.786962217566394062e-01	2.384139880573780124e-01	1.426148260572151216e-01	6.795008708268091002e-02	2.887623184919931724e-02	7.077195025095882330e-02
1.031896386572671872e+03	2.724124668155827322e-01	1.785457752203883086e-01	2.385864705506691441e-01	1.427090592786893208e-01	6.799536758323730667e-02	2.890849284883832693e-02	7.084236770224693058e-02
1.033347717636768493e+03	2.721487214069729932e-01	1.783955660026311785e-01	2.387586365253289988e-01	1.428031886007106177e-01	6.804060846453582889e-02	2.894065439034115492e-02	7.091262460913135002e-02
1.034799048700865114e+03	2.718854579080077771e-01	1.782455937158633763e-01	2.389304866654740067e-01	1.428972143754510815e-01	6.808580827534477242e-02	2.897271765347325667e-02	7.098272140603786862e-02
1.036250379764961508e+03	2.716226755064936049e-01	1.780958579732617730e-01	2.391020216485897354e-01	1.429911369275739530e-01	6.813096562762735453e-02	2.900468378139346021e-02	7.105265853471225135e-02
1.037701710829058356e+03	2.713603733898582449e-01	1.779463583886819744e-01	2.392732421457607339e-01	1.430849565555203096e-01	6.817607919404912453e-02	2.903655388210868091e-02	7.112243644367303996e-02
1.039153041893154750e+03	2.710985507452191023e-01	1.777970945766556565e-01	2.394441488218917446e-01	1.431786735327430227e-01	6.822114770558186658e-02	2.906832902986688713e-02	7.119205558769386988e-02
1.040604372957251599e+03	2.708372067594486676e-01	1.776480661523879012e-01	2.396147423359200335e-01	1.432722881088906997e-01	6.826616994920003956e-02	2.910001026649111644e-02	7.126151642731373692e-02
1.042055704021347992e+03	2.705763406192377984e-01	1.774992727317546148e-01	2.397850233410194765e-01	1.433658005109429423e-01	6.831114476566671478e-02	2.913159860265705781e-02	7.133081942837364575e-02
1.043507035085444613e+03	2.703159515111561162e-01	1.773507139313000303e-01	2.399549924847966254e-01	1.434592109442995034e-01	6.835607104740513973e-02	2.916309501911671168e-02	7.139996506157822442e-02
1.044958366149541234e+03	2.700560386217098485e-01	1.772023893682342366e-01	2.401246504094793066e-01	1.435525195938243126e-01	6.840094773645302717e-02	2.919450046787045588e-02	7.146895380208119486e-02
1.046409697213637855e+03	2.697966011373980622e-01	1.770542986604308200e-01	2.402939977520974768e-01	1.436457266248469811e-01	6.844577382249629471e-02	2.922581587328982461e-02	7.153778612909304779e-02
1.047861028277734476e+03	2.695376382447656760e-01	1.769064414264244767e-01	2.404630351446572223e-01	1.437388321841227834e-01	6.849054834097922928e-02	2.925704213319307856e-02	7.160646252551008950e-02
1.049312359341831097e+03	2.692791491304549756e-01	1.767588172854088757e-01	2.406317632143079588e-01	1.438318364007533379e-01	6.853527037128823163e-02	2.928818011987566541e-02	7.167498347756354193e-02
1.050763690405927491e+03	2.690211329812550178e-01	1.766114258572341333e-01	2.408001825835029974e-01	1.439247393870690950e-01	6.857993903500619881e-02	2.931923068109753075e-02	7.174334947448764155e-02
1.052215021470024112e+03	2.687635889841485382e-01	1.764642667624049810e-01	2.409682938701537824e-01	1.440175412394751608e-01	6.862455349423514372e-02	2.935019464102913908e-02	7.181156100820586252e-02
1.053666352534120733e+03	2.685065163263576360e-01	1.763173396220783784e-01	2.411360976877781892e-01	1.441102420392622319e-01	6.866911294998402637e-02	2.938107280115799871e-02	7.187961857303407087e-02
1.055117683598217127e+03	2.682499141953871291e-01	1.761706440580615429e-01	2.413035946456429381e-01	1.442028418533838063e-01	6.871361664061967356e-02	2.941186594115737657e-02	7.194752266539998498e-02
1.056569014662313975e+03	2.679937817790664090e-01	1.760241796928098124e-01	2.414707853489004297e-01	1.442953407352008388e-01	6.875806384037813634e-02	2.944257481971891341e-02	7.201527378357791553e-02
1.058020345726410369e+03	2.677381182655891867e-01	1.758779461494247576e-01	2.416376703987201113e-01	1.443877387251955025e-01	6.880245385793429258e-02	2.947320017535057929e-02	7.208287242743800782e-02
1.059471676790506763e+03	2.674829228435522399e-01	1.757319430516521286e-01	2.418042503924149322e-01	1.444800358516549199e-01	6.884678603502743244e-02	2.950374272714155824e-02	7.215031909820920908e-02
1.060923007854603611e+03	2.672281947019920501e-01	1.755861700238800227e-01	2.419705259235626349e-01	1.445722321313263892e-01	6.889105974514059261e-02	2.953420317549545690e-02	7.221761429825533651e-02
1.062374338918700232e+03	2.669739330304201630e-01	1.754406266911368584e-01	2.421364975821222731e-01	1.446643275700448539e-01	6.893527439223172404e-02	2.956458220283317284e-02	7.228475853086346881e-02
1.063825669982796853e+03	2.667201370188570508e-01	1.752953126790896543e-01	2.423021659545463447e-01	1.447563221633342001e-01	6.897942940951448665e-02	2.959488047426675483e-02	7.235175230004409208e-02
1.065277001046893474e+03	2.664668058578645859e-01	1.751502276140421144e-01	2.424675316238882605e-01	1.448482158969829348e-01	6.902352425828704729e-02	2.962509863824548673e-02	7.241859611034213995e-02
1.066728332110990095e+03	2.662139387385772382e-01	1.750053711229329900e-01	2.426325951699058459e-01	1.449400087475955223e-01	6.906755842680670221e-02	2.965523732717536762e-02	7.248529046665888598e-02
1.068179663175086489e+03	2.659615348527318290e-01	1.748607428333341929e-01	2.427973571691606491e-01	1.450317006831204070e-01	6.911153142920879733e-02	2.968529715801317137e-02	7.255183587408346735e-02
1.069630994239183110e+03	2.657095933926962306e-01	1.747163423734491849e-01	2.429618181951133382e-01	1.451232916633555248e-01	6.915544280446807301e-02	2.971527873283609858e-02	7.261823283773410909e-02
1.071082325303279504e+03	2.654581135514965662e-01	1.745721693721111190e-01	2.431259788182154324e-01	1.452147816404322223e-01	6.919929211540098990e-02	2.974518263938812773e-02	7.268448186260814681e-02
1.072533656367376352e+03	2.652070945228438004e-01	1.744282234587814229e-01	2.432898396059972324e-01	1.453061705592783304e-01	6.924307894770714844e-02	2.977500945160402659e-02	7.275058345344065369e-02
1.073984987431472746e+03	2.649565355011586631e-01	1.742845042635479402e-01	2.434534011231526407e-01	1.453974583580616986e-01	6.928680290904867811e-02	2.980475973011195712e-02	7.281653811457104719e-02
1.075436318495569594e+03	2.647064356815960195e-01	1.741410114171235146e-01	2.436166639316203475e-01	1.454886449686141892e-01	6.933046362816562558e-02	2.983443402271562794e-02	7.288234634981735627e-02
1.076887649559666215e+03	2.644567942600676291e-01	1.739977445508442411e-01	2.437796285906620175e-01	1.455797303168377965e-01	6.937406075402648142e-02	2.986403286485681333e-02	7.294800866235774672e-02
1.078338980623762609e+03	2.642076104332645725e-01	1.738547032966680506e-01	2.439422956569372303e-01	1.456707143230928370e-01	6.941759395501202745e-02	2.989355678005909886e-02	7.301352555461891602e-02
1.079790311687859230e+03	2.639588833986783456e-01	1.737118872871731001e-01	2.441046656845757279e-01	1.457615969025694014e-01	6.946106291813153311e-02	2.992300628035363119e-02	7.307889752817101070e-02
1.081241642751955851e+03	2.637106123546211212e-01	1.735692961555562741e-01	2.442667392252465819e-01	1.458523779656426544e-01	6.950446734826978834e-02	2.995238186668765581e-02	7.314412508362863607e-02
1.082692973816052472e+03	2.634627965002452887e-01	1.734269295356317409e-01	2.444285168282248344e-01	1.459430574182125073e-01	6.954780696746395985e-02	2.998168402931654028e-02	7.320920872055788897e-02
1.084144304880149093e+03	2.632154350355618844e-01	1.732847870618294539e-01	2.445899990404553082e-01	1.460336351620283024e-01	6.959108151420903554e-02	3.001091324817997327e-02	7.327414893738878887e-02
1.085595635944245487e+03	2.629685271614585207e-01	1.731428683691936810e-01	2.447511864066142517e-01	1.461241110949993705e-01	6.963429074279070541e-02	3.004006999326306465e-02	7.333894623133307977e-02
1.087046967008342108e+03	2.627220720797165399e-01	1.730011730933816716e-01	2.449120794691682368e-01	1.462144851114917099e-01	6.967743442264462406e-02	3.006915472494290156e-02	7.340360109830698643e-02
1.088498298072438729e+03	2.624760689930270008e-01	1.728597008706621585e-01	2.450726787684309460e-01	1.463047571026114824e-01	6.972051233774109735e-02	3.009816789432120943e-02	7.346811403285878617e-02
1.089949629136535123e+03	2.622305171050064443e-01	1.727184513379139974e-01	2.452329848426176850e-01	1.463949269564759625e-01	6.976352428599412459e-02	3.012710994354372493e-02	7.353248552810079386e-02
1.091400960200631971e+03	2.619854156202118256e-01	1.725774241326247793e-01	2.453929982278976740e-01	1.464849945584721647e-01	6.980647007869381082e-02	3.015598130610676678e-02	7.359671607564566287e-02
1.092852291264728365e+03	2.617407637441548918e-01	1.724366188928895538e-01	2.455527194584444795e-01	1.465749597915040059e-01	6.984934953996135842e-02	3.018478240715163907e-02	7.366080616554675220e-02
1.094303622328825213e+03	2.614965606833155043e-01	1.722960352574094134e-01	2.457121490664843644e-01	1.466648225362281732e-01	6.989216250622562465e-02	3.021351366374725594e-02	7.372475628624231003e-02
1.095754953392921607e+03	2.612528056451549618e-01	1.721556728654902446e-01	2.458712875823426680e-01	1.467545826712794710e-01	6.993490882572045431e-02	3.024217548516159454e-02	7.378856692450330712e-02
1.097206284457018228e+03	2.610094978381281572e-01	1.720155313570412847e-01	2.460301355344886309e-01	1.468442400734855657e-01	6.997758835800201027e-02	3.027076827312236151e-02	7.385223856538476739e-02
1.098657615521114849e+03	2.607666364716957896e-01	1.718756103725740392e-01	2.461886934495780832e-01	1.469337946180720722e-01	7.002020097348514438e-02	3.029929242206735179e-02	7.391577169218034593e-02
1.100108946585211470e+03	2.605242207563354673e-01	1.717359095532007829e-01	2.463469618524949389e-01	1.470232461788582301e-01	7.006274655299843390e-02	3.032774831938492635e-02	7.397916678638002952e-02
1.101560277649308091e+03	2.602822499035527537e-01	1.715964285406334500e-01	2.465049412663906647e-01	1.471125946284433939e-01	7.010522498735667629e-02	3.035613634564502880e-02	7.404242432763080695e-02
1.103011608713404712e+03	2.600407231258914376e-01	1.714571669771823847e-01	2.466626322127224713e-01	1.472018398383848625e-01	7.014763617695046749e-02	3.038445687482110510e-02	7.410554479370011494e-02
1.104462939777501106e+03	2.597996396369432470e-01	1.713181245057549540e-01	2.468200352112897289e-01	1.472909816793674109e-01	7.018998003135215602e-02	3.041271027450334619e-02	7.416852866044197634e-02
1.105914270841597499e+03	2.595589986513576197e-01	1.711793007698545199e-01	2.469771507802694666e-01	1.473800200213646050e-01	7.023225646893739571e-02	3.044089690610354143e-02	7.423137640176567797e-02
1.107365601905694348e+03	2.593187993848504180e-01	1.710406954135790802e-01	2.471339794362499565e-01	1.474689547337927620e-01	7.027446541652185297e-02	3.046901712505199061e-02	7.429408848960679379e-02
1.108816932969790741e+03	2.590790410542124778e-01	1.709023080816201579e-01	2.472905216942633266e-01	1.475577856856574166e-01	7.031660680901236082e-02	3.049707128098670325e-02	7.435666539390047014e-02
1.110268264033887590e+03	2.588397228773178793e-01	1.707641384192615241e-01	2.474467780678168138e-01	1.476465127456925708e-01	7.035868058907188138e-02	3.052505971793527048e-02	7.441910758255697311e-02
1.111719595097984211e+03	2.586008440731318303e-01	1.706261860723780610e-01	2.476027490689227950e-01	1.477351357824934486e-01	7.040068670679798524e-02	3.055298277448968355e-02	7.448141552143915101e-02
1.113170926162080832e+03	2.583624038617178820e-01	1.704884506874345951e-01	2.477584352081276531e-01	1.478236546646425897e-01	7.044262511941402904e-02	3.058084078397437303e-02	7.454358967434189520e-02
1.114622257226177226e+03	2.581244014642449236e-01	1.703509319114847320e-01	2.479138369945395326e-01	1.479120692608298093e-01	7.048449579097273987e-02	3.060863407460780172e-02	7.460563050297344678e-02
1.116073588290273847e+03	2.578868361029941214e-01	1.702136293921697463e-01	2.480689549358550683e-01	1.480003794399661898e-01	7.052629869207155400e-02	3.063636296965780229e-02	7.466753846693846564e-02
1.117524919354370468e+03	2.576497070013651913e-01	1.700765427777173600e-01	2.482237895383850590e-01	1.480885850712922724e-01	7.056803379957940492e-02	3.066402778759099237e-02	7.472931402372268161e-02
1.118976250418467089e+03	2.574130133838822276e-01	1.699396717169407156e-01	2.483783413070791424e-01	1.481766860244809469e-01	7.060970109637434988e-02	3.069162884221643753e-02	7.479095762867919717e-02
1.120427581482563710e+03	2.571767544761997537e-01	1.698030158592370442e-01	2.485326107455494982e-01	1.482646821697349571e-01	7.065130057109175743e-02	3.071916644282386352e-02	7.485246973501617773e-02
1.121878912546660331e+03	2.569409295051079956e-01	1.696665748545868324e-01	2.486865983560936910e-01	1.483525733778794098e-01	7.069283221788247307e-02	3.074664089431658129e-02	7.491385079378608258e-02
1.123330243610756725e+03	2.567055376985382109e-01	1.695303483535525180e-01	2.488403046397166252e-01	1.484403595204495385e-01	7.073429603618072714e-02	3.077405249733938461e-02	7.497510125387607527e-02
1.124781574674853118e+03	2.564705782855674632e-01	1.693943360072773796e-01	2.489937300961516942e-01	1.485280404697737200e-01	7.077569203048134083e-02	3.080140154840159752e-02	7.503622156199989124e-02
1.126232905738949967e+03	2.562360504964232288e-01	1.692585374674846210e-01	2.491468752238809869e-01	1.486156160990522723e-01	7.081702021012577231e-02	3.082868833999550043e-02	7.509721216269073241e-02
1.127684236803046360e+03	2.560019535624880049e-01	1.691229523864760664e-01	2.492997405201549110e-01	1.487030862824317845e-01	7.085828058909679483e-02	3.085591316071027018e-02	7.515807349829534134e-02
1.129135567867143209e+03	2.557682867163031948e-01	1.689875804171312446e-01	2.494523264810108998e-01	1.487904508950755322e-01	7.089947318582140445e-02	3.088307629534167709e-02	7.521880600896924118e-02
1.130586898931239830e+03	2.555350491915732158e-01	1.688524212129062785e-01	2.496046336012916200e-01	1.488777098132300358e-01	7.094059802298155470e-02	3.091017802499766709e-02	7.527941013267289150e-02
1.132038229995336451e+03	2.553022402231691079e-01	1.687174744278327199e-01	2.497566623746622361e-01	1.489648629142878156e-01	7.098165512733256577e-02	3.093721862720001659e-02	7.533988630516884333e-02
1.133489561059432845e+03	2.550698590471320859e-01	1.685827397165166608e-01	2.499084132936272018e-01	1.490519100768466498e-01	7.102264452952880558e-02	3.096419837598219857e-02	7.540023496001982406e-02
1.134940892123529466e+03	2.548379049006768149e-01	1.684482167341375125e-01	2.500598868495462757e-01	1.491388511807652806e-01	7.106356626395624043e-02	3.099111754198366486e-02	7.546045652858766883e-02
1.136392223187626087e+03	2.546063770221944633e-01	1.683139051364470618e-01	2.502110835326502025e-01	1.492256861072160934e-01	7.110442036857192449e-02	3.101797639254060338e-02	7.552055144003311238e-02
1.137843554251722708e+03	2.543752746512558116e-01	1.681798045797684715e-01	2.503620038320554242e-01	1.493124147387344947e-01	7.114520688474976207e-02	3.104477519177339592e-02	7.558052012131623310e-02
1.139294885315819101e+03	2.541445970286134171e-01	1.680459147209950599e-01	2.505126482357786788e-01	1.493990369592653189e-01	7.118592585713251486e-02	3.107151420067085640e-02	7.564036299719779921e-02
1.140746216379915950e+03	2.539143433962048335e-01	1.679122352175894672e-01	2.506630172307505733e-01	1.494855526542064328e-01	7.122657733348980447e-02	3.109819367717141583e-02	7.570008049024121166e-02
1.142197547444012343e+03	2.536845129971546098e-01	1.677787657275824906e-01	2.508131113028290171e-01	1.495719617104495636e-01	7.126716136458169371e-02	3.112481387624132720e-02	7.575967302081504373e-02
1.143648878508108737e+03	2.534551050757766766e-01	1.676455059095721678e-01	2.509629309368119898e-01	1.496582640164184907e-01	7.130767800402795786e-02	3.115137504995008078e-02	7.581914100709637172e-02
1.145100209572205586e+03	2.532261188775761784e-01	1.675124554227227502e-01	2.511124766164500310e-01	1.497444594621047398e-01	7.134812730818244908e-02	3.117787744754305090e-02	7.587848486507446644e-02
1.146551540636302207e+03	2.529975536492517496e-01	1.673796139267636207e-01	2.512617488244578978e-01	1.498305479391009165e-01	7.138850933601255389e-02	3.120432131551158922e-02	7.593770500855527572e-02
1.148002871700398828e+03	2.527694086386969574e-01	1.672469810819883773e-01	2.514107480425262220e-01	1.499165293406317101e-01	7.142882414898360510e-02	3.123070689766056438e-02	7.599680184916618453e-02
1.149454202764495449e+03	2.525416830950021341e-01	1.671145565492537233e-01	2.515594747513322793e-01	1.500024035615827034e-01	7.146907181094774852e-02	3.125703443517353908e-02	7.605577579636145502e-02
1.150905533828591842e+03	2.523143762684558200e-01	1.669823399899785787e-01	2.517079294305510362e-01	1.500881704985270737e-01	7.150925238803752804e-02	3.128330416667560177e-02	7.611462725742802748e-02
1.152356864892688463e+03	2.520874874105460406e-01	1.668503310661430261e-01	2.518561125588648641e-01	1.501738300497502954e-01	7.154936594856364795e-02	3.130951632829399173e-02	7.617335663749180696e-02
1.153808195956785084e+03	2.518610157739619160e-01	1.667185294402873663e-01	2.520040246139738649e-01	1.502593821152729547e-01	7.158941256291674604e-02	3.133567115371662520e-02	7.623196433952428297e-02
1.155259527020881706e+03	2.516349606125943272e-01	1.665869347755110641e-01	2.521516660726050296e-01	1.503448265968717334e-01	7.162939230347335762e-02	3.136176887424853288e-02	7.629045076434966266e-02
1.156710858084978327e+03	2.514093211815374151e-01	1.664555467354718599e-01	2.522990374105217315e-01	1.504301633980985875e-01	7.166930524450555728e-02	3.138780971886635102e-02	7.634881631065221219e-02
1.158162189149074720e+03	2.511840967370891908e-01	1.663243649843847149e-01	2.524461391025323853e-01	1.505153924242982333e-01	7.170915146209422275e-02	3.141379391427093215e-02	7.640706137498405603e-02
1.159613520213171569e+03	2.509592865367523684e-01	1.661933891870209512e-01	2.525929716224988852e-01	1.506005135826241903e-01	7.174893103404589301e-02	3.143972168493813779e-02	7.646518635177325385e-02
1.161064851277267962e+03	2.507348898392353642e-01	1.660626190087070853e-01	2.527395354433451535e-01	1.506855267820531585e-01	7.178864403981288778e-02	3.146559325316790334e-02	7.652319163333214103e-02
1.162516182341364356e+03	2.505109059044525743e-01	1.659320541153241069e-01	2.528858310370646900e-01	1.507704319333978971e-01	7.182829056041677152e-02	3.149140883913160993e-02	7.658107760986601620e-02
1.163967513405461204e+03	2.502873339935252073e-01	1.658016941733063410e-01	2.530318588747285102e-01	1.508552289493189091e-01	7.186787067837481502e-02	3.151716866091786029e-02	7.663884466948206464e-02
1.165418844469557826e+03	2.500641733687815060e-01	1.656715388496405317e-01	2.531776194264923618e-01	1.509399177443346562e-01	7.190738447762953789e-02	3.154287293457670727e-02	7.669649319819846212e-02
1.166870175533654447e+03	2.498414232937572477e-01	1.655415878118649264e-01	2.533231131616039411e-01	1.510244982348304399e-01	7.194683204348101269e-02	3.156852187416241129e-02	7.675402357995381175e-02
1.168321506597751068e+03	2.496190830331959931e-01	1.654118407280683045e-01	2.534683405484097762e-01	1.511089703390662564e-01	7.198621346252195852e-02	3.159411569177476148e-02	7.681143619661674748e-02
1.169772837661847461e+03	2.493971518530492815e-01	1.652822972668890333e-01	2.536133020543618888e-01	1.511933339771833751e-01	7.202552882257549915e-02	3.161965459759902980e-02	7.686873142799574565e-02
1.171224168725944082e+03	2.491756290204767965e-01	1.651529570975140693e-01	2.537579981460242329e-01	1.512775890712098614e-01	7.206477821263536365e-02	3.164513879994461376e-02	7.692590965184900598e-02
1.172675499790040703e+03	2.489545138038463945e-01	1.650238198896780972e-01	2.539024292890786905e-01	1.513617355450650459e-01	7.210396172280862659e-02	3.167056850528240236e-02	7.698297124389476276e-02
1.174126830854137097e+03	2.487338054727340764e-01	1.648948853136626147e-01	2.540465959483313441e-01	1.514457733245629933e-01	7.214307944426066876e-02	3.169594391828094160e-02	7.703991657782145730e-02
1.175578161918233945e+03	2.485135032979239045e-01	1.647661530402947938e-01	2.541904985877182499e-01	1.515297023374150009e-01	7.218213146916248324e-02	3.172126524184141344e-02	7.709674602529829890e-02
1.177029492982330339e+03	2.482936065514080026e-01	1.646376227409468429e-01	2.543341376703107115e-01	1.516135225132312636e-01	7.222111789064003529e-02	3.174653267713151150e-02	7.715345995598579809e-02
1.178480824046426733e+03	2.480741145063861397e-01	1.645092940875348408e-01	2.544775136583211639e-01	1.516972337835215678e-01	7.226003880272574564e-02	3.177174642361822732e-02	7.721005873754649418e-02
1.179932155110523581e+03	2.478550264372655909e-01	1.643811667525179876e-01	2.546206270131081140e-01	1.517808360816952362e-01	7.229889430031190278e-02	3.179690667909957497e-02	7.726654273565579378e-02
1.181383486174620202e+03	2.476363416196609157e-01	1.642532404088974662e-01	2.547634781951812477e-01	1.518643293430603225e-01	7.233768447910604582e-02	3.182201363973537200e-02	7.732291231401292042e-02
1.182834817238716823e+03	2.474180593303933196e-01	1.641255147302157213e-01	2.549060676642063150e-01	1.519477135048220018e-01	7.237640943558810991e-02	3.184706750007698650e-02	7.737916783435190571e-02
1.184286148302813444e+03	2.472001788474904593e-01	1.639979893905554598e-01	2.550483958790099592e-01	1.520309885060802391e-01	7.241506926696933411e-02	3.187206845309623060e-02	7.743530965645273323e-02
1.185737479366910065e+03	2.469826994501859163e-01	1.638706640645387347e-01	2.551904632975842691e-01	1.521141542878268749e-01	7.245366407115286234e-02	3.189701669021332425e-02	7.749133813815249627e-02
1.187188810431006686e+03	2.467656204189186131e-01	1.637435384273260297e-01	2.553322703770912194e-01	1.521972107929419615e-01	7.249219394669596805e-02	3.192191240132399160e-02	7.754725363535668048e-02
1.188640141495103080e+03	2.465489410353323141e-01	1.636166121546152874e-01	2.554738175738671124e-01	1.522801579661896831e-01	7.253065899277377770e-02	3.194675577482579409e-02	7.760305650205046035e-02
1.190091472559199701e+03	2.463326605822749871e-01	1.634898849226411877e-01	2.556151053434265741e-01	1.523629957542133873e-01	7.256905930914459013e-02	3.197154699764360314e-02	7.765874709031012069e-02
1.191542803623296322e+03	2.461167783437981094e-01	1.633633564081740097e-01	2.557561341404666622e-01	1.524457241055304502e-01	7.260739499611645886e-02	3.199628625525435116e-02	7.771432575031438084e-02
1.192994134687392716e+03	2.459012936051560849e-01	1.632370262885188550e-01	2.558969044188708630e-01	1.525283429705263649e-01	7.264566615451527321e-02	3.202097373171104711e-02	7.776979283035596879e-02
1.194445465751489564e+03	2.456862056528053562e-01	1.631108942415147589e-01	2.560374166317127553e-01	1.526108523014483853e-01	7.268387288565414384e-02	3.204560960966608418e-02	7.782514867685301485e-02
1.195896796815585958e+03	2.454715137744037379e-01	1.629849599455337195e-01	2.561776712312598958e-01	1.526932520523987535e-01	7.272201529130395414e-02	3.207019407039383985e-02	7.788039363436065343e-02
1.197348127879682352e+03	2.452572172588095845e-01	1.628592230794798923e-01	2.563176686689772055e-01	1.527755421793275392e-01	7.276009347366522995e-02	3.209472729381267209e-02	7.793552804558248615e-02
1.198799458943779200e+03	2.450433153960808741e-01	1.627336833227885360e-01	2.564574093955306333e-01	1.528577226400249234e-01	7.279810753534116108e-02	3.211920945850624959e-02	7.799055225138222525e-02
1.200250790007875821e+03	2.448298074774744593e-01	1.626083403554252904e-01	2.565968938607905425e-01	1.529397933941132048e-01	7.283605757931163605e-02	3.214364074174429209e-02	7.804546659079518445e-02
1.201702121071972442e+03	2.446166927954450676e-01	1.624831938578851775e-01	2.567361225138347636e-01	1.530217544030384735e-01	7.287394370890847017e-02	3.216802131950271398e-02	7.810027140103993626e-02
1.203153452136069063e+03	2.444039706436443582e-01	1.623582435111917965e-01	2.568750958029520914e-01	1.531036056300617287e-01	7.291176602779157745e-02	3.219235136648323364e-02	7.815496701752983055e-02
1.204604783200165684e+03	2.441916403169200056e-01	1.622334889968962968e-01	2.570138141756452277e-01	1.531853470402499140e-01	7.294952463992621094e-02	3.221663105613239986e-02	7.820955377388459639e-02
1.206056114264262078e+03	2.439797011113145897e-01	1.621089299970766562e-01	2.571522780786336670e-01	1.532669786004665635e-01	7.298721964956103592e-02	3.224086056066012562e-02	7.826403200194195775e-02
1.207507445328358699e+03	2.437681523240647352e-01	1.619845661943367376e-01	2.572904879578570281e-01	1.533485002793620045e-01	7.302485116120721598e-02	3.226504005105772233e-02	7.831840203176915205e-02
1.208958776392455093e+03	2.435569932535998072e-01	1.618603972718053174e-01	2.574284442584776622e-01	1.534299120473635869e-01	7.306241927961833194e-02	3.228916969711544127e-02	7.837266419167449039e-02
1.210410107456551941e+03	2.433462231995411618e-01	1.617364229131353359e-01	2.575661474248832628e-01	1.535112138766653311e-01	7.309992410977111943e-02	3.231324966743952948e-02	7.842681880821888996e-02
1.211861438520648335e+03	2.431358414627007025e-01	1.616126428025029538e-01	2.577035979006900290e-01	1.535924057412176302e-01	7.313736575684702534e-02	3.233728012946886915e-02	7.848086620622739262e-02
1.213312769584745183e+03	2.429258473450800482e-01	1.614890566246066361e-01	2.578407961287449424e-01	1.536734876167165642e-01	7.317474432621459690e-02	3.236126124949117305e-02	7.853480670880069736e-02
1.214764100648841804e+03	2.427162401498691724e-01	1.613656640646664031e-01	2.579777425511284861e-01	1.537544594805929088e-01	7.321205992341243973e-02	3.238519319265874274e-02	7.858864063732656779e-02
1.216215431712937971e+03	2.425070191814452936e-01	1.612424648084228307e-01	2.581144376091571435e-01	1.538353213120012275e-01	7.324931265413309189e-02	3.240907612300384516e-02	7.864236831149132301e-02
1.217666762777034819e+03	2.422981837453717091e-01	1.611194585421362457e-01	2.582508817433858961e-01	1.539160730918086306e-01	7.328650262420743910e-02	3.243291020345370756e-02	7.869599004929117569e-02
1.219118093841131440e+03	2.420897331483965187e-01	1.609966449525858656e-01	2.583870753936105547e-01	1.539967148025832566e-01	7.332362993958982389e-02	3.245669559584509617e-02	7.874950616704369522e-02
1.220569424905228061e+03	2.418816666984514863e-01	1.608740237270688545e-01	2.585230189988701466e-01	1.540772464285828369e-01	7.336069470634384859e-02	3.248043246093858943e-02	7.880291697939909024e-02
1.222020755969324682e+03	2.416739837046507633e-01	1.607515945533996016e-01	2.586587129974491361e-01	1.541576679557428442e-01	7.339769703062863637e-02	3.250412095843245586e-02	7.885622279935147749e-02
1.223472087033421303e+03	2.414666834772895565e-01	1.606293571199086390e-01	2.587941578268797005e-01	1.542379793716648073e-01	7.343463701868578608e-02	3.252776124697621951e-02	7.890942393825020607e-02
1.224923418097517697e+03	2.412597653278428234e-01	1.605073111154420307e-01	2.589293539239440611e-01	1.543181806656042376e-01	7.347151477682685450e-02	3.255135348418389946e-02	7.896252070581107063e-02
1.226374749161614318e+03	2.410532285689641341e-01	1.603854562293603458e-01	2.590643017246762048e-01	1.543982718284586109e-01	7.350833041142137980e-02	3.257489782664692302e-02	7.901551341012741370e-02
1.227826080225710712e+03	2.408470725144841451e-01	1.602637921515378261e-01	2.591990016643644923e-01	1.544782528527551546e-01	7.354508402888536300e-02	3.259839442994675457e-02	7.906840235768131109e-02
1.229277411289807560e+03	2.406412964794094334e-01	1.601423185723615805e-01	2.593334541775533242e-01	1.545581237326386359e-01	7.358177573567029062e-02	3.262184344866719821e-02	7.912118785335464644e-02
1.230728742353903954e+03	2.404358997799210529e-01	1.600210351827306421e-01	2.594676596980453609e-01	1.546378844638588712e-01	7.361840563825260142e-02	3.264524503640646447e-02	7.917387020044011625e-02
1.232180073418000802e+03	2.402308817333732305e-01	1.598999416740552459e-01	2.596016186589033548e-01	1.547175350437585140e-01	7.365497384312366669e-02	3.266859934578893870e-02	7.922644970065223502e-02
1.233631404482097196e+03	2.400262416582918945e-01	1.597790377382558857e-01	2.597353314924520373e-01	1.547970754712603980e-01	7.369148045678010350e-02	3.269190652847669271e-02	7.927892665413825701e-02
1.235082735546193817e+03	2.398219788743734537e-01	1.596583230677624532e-01	2.598687986302801178e-01	1.548765057468550477e-01	7.372792558571455990e-02	3.271516673518069795e-02	7.933130135948901485e-02
1.236534066610290438e+03	2.396180927024831875e-01	1.595377973555133777e-01	2.600020205032422260e-01	1.549558258725879933e-01	7.376430933640687471e-02	3.273838011567188622e-02	7.938357411374979966e-02
1.237985397674387059e+03	2.394145824646540521e-01	1.594174602949549047e-01	2.601349975414605220e-01	1.550350358520473093e-01	7.380063181531568151e-02	3.276154681879188402e-02	7.943574521243104702e-02
1.239436728738483680e+03	2.392114474840850991e-01	1.592973115800400963e-01	2.602677301743265281e-01	1.551141356903506796e-01	7.383689312887031786e-02	3.278466699246354588e-02	7.948781494951917548e-02
1.240888059802580301e+03	2.390086870851400314e-01	1.591773509052281099e-01	2.604002188305029608e-01	1.551931253941329081e-01	7.387309338346309540e-02	3.280774078370130714e-02	7.953978361748705039e-02
1.242339390866676695e+03	2.388063005933458993e-01	1.590575779654832544e-01	2.605324639379253959e-01	1.552720049715330120e-01	7.390923268544188907e-02	3.283076833862125926e-02	7.959165150730476701e-02
1.243790721930773088e+03	2.386042873353915739e-01	1.589379924562742130e-01	2.606644659238039341e-01	1.553507744321815376e-01	7.394531114110312886e-02	3.285374980245103077e-02	7.964341890845005878e-02
1.245242052994869937e+03	2.384026466391262755e-01	1.588185940735732105e-01	2.607962252146249216e-01	1.554294337871878207e-01	7.398132885668501357e-02	3.287668531953948786e-02	7.969508610891884448e-02
1.246693384058966330e+03	2.382013778335580478e-01	1.586993825138550973e-01	2.609277422361525600e-01	1.555079830491270521e-01	7.401728593836107151e-02	3.289957503336626149e-02	7.974665339523555330e-02
1.248144715123063179e+03	2.380004802488523419e-01	1.585803574740966004e-01	2.610590174134304053e-01	1.555864222320276768e-01	7.405318249223399873e-02	3.292241908655100385e-02	7.979812105246357479e-02
1.249596046187159800e+03	2.377999532163306007e-01	1.584615186517754626e-01	2.611900511707831996e-01	1.556647513513584880e-01	7.408901862432976104e-02	3.294521762086254774e-02	7.984948936421552845e-02
1.251047377251256421e+03	2.375997960684685661e-01	1.583428657448696097e-01	2.613208439318182585e-01	1.557429704240158863e-01	7.412479444059195954e-02	3.296797077722782993e-02	7.990075861266345003e-02
1.252498708315352815e+03	2.374000081388948913e-01	1.582243984518563185e-01	2.614513961194270264e-01	1.558210794683111411e-01	7.416051004687648773e-02	3.299067869574069667e-02	7.995192907854901943e-02
1.253950039379449436e+03	2.372005887623896692e-01	1.581061164717113277e-01	2.615817081557866297e-01	1.558990785039575666e-01	7.419616554894632732e-02	3.301334151567049402e-02	8.000300104119358047e-02
1.255401370443546057e+03	2.370015372748828786e-01	1.579880195039081170e-01	2.617117804623612654e-01	1.559769675520578103e-01	7.423176105246677425e-02	3.303595937547051942e-02	8.005397477850827170e-02
1.256852701507642678e+03	2.368028530134527465e-01	1.578701072484169909e-01	2.618416134599038658e-01	1.560547466350911683e-01	7.426729666300060928e-02	3.305853241278632754e-02	8.010485056700396289e-02
1.258304032571739299e+03	2.366045353163243326e-01	1.577523794057043294e-01	2.619712075684573760e-01	1.561324157769009291e-01	7.430277248600376805e-02	3.308106076446384880e-02	8.015562868180116374e-02
1.259755363635835920e+03	2.364065835228680024e-01	1.576348356767316161e-01	2.621005632073563074e-01	1.562099750026815781e-01	7.433818862682098350e-02	3.310354456655740379e-02	8.020630939663990489e-02
1.261206694699932314e+03	2.362089969735977346e-01	1.575174757629548838e-01	2.622296807952279596e-01	1.562874243389663631e-01	7.437354519068181680e-02	3.312598395433755116e-02	8.025689298388948012e-02
1.262658025764028707e+03	2.360117750101698164e-01	1.574002993663236039e-01	2.623585607499942518e-01	1.563647638136145546e-01	7.440884228269664669e-02	3.314837906229879672e-02	8.030737971455820245e-02
1.264109356828125556e+03	2.358149169753810670e-01	1.572833061892800477e-01	2.624872034888724448e-01	1.564419934557989278e-01	7.444408000785317225e-02	3.317073002416718458e-02	8.035776985830304919e-02
1.265560687892221949e+03	2.356184222131673389e-01	1.571664959347583712e-01	2.626156094283772502e-01	1.565191132959933284e-01	7.447925847101272145e-02	3.319303697290773569e-02	8.040806368343922372e-02
1.267012018956318798e+03	2.354222900686019637e-01	1.570498683061838929e-01	2.627437789843215521e-01	1.565961233659600993e-01	7.451437777690700370e-02	3.321530004073180303e-02	8.045826145694974507e-02
1.268463350020415419e+03	2.352265198878941976e-01	1.569334230074721781e-01	2.628717125718180725e-01	1.566730236987377012e-01	7.454943803013486248e-02	3.323751935910421174e-02	8.050836344449485704e-02
1.269914681084511813e+03	2.350311110183875840e-01	1.568171597430282893e-01	2.629994106052807035e-01	1.567498143286284173e-01	7.458443933515924995e-02	3.325969505875042004e-02	8.055836991042143735e-02
1.271366012148608434e+03	2.348360628085584823e-01	1.567010782177459816e-01	2.631268734984255619e-01	1.568264952911859189e-01	7.461938179630436818e-02	3.328182726966342347e-02	8.060828111777236515e-02
1.272817343212705055e+03	2.346413746080142915e-01	1.565851781370067586e-01	2.632541016642727105e-01	1.569030666232030524e-01	7.465426551775289354e-02	3.330391612111063826e-02	8.065809732829570811e-02
1.274268674276801676e+03	2.344470457674920905e-01	1.564694592066793455e-01	2.633810955151469346e-01	1.569795283626996274e-01	7.468909060354336771e-02	3.332596174164065284e-02	8.070781880245402051e-02
1.275720005340898297e+03	2.342530756388568614e-01	1.563539211331186063e-01	2.635078554626795744e-01	1.570558805489101761e-01	7.472385715756767188e-02	3.334796425908984063e-02	8.075744579943339163e-02
1.277171336404994690e+03	2.340594635750999908e-01	1.562385636231647945e-01	2.636343819178091352e-01	1.571321232222719633e-01	7.475856528356875086e-02	3.336992380058891733e-02	8.080697857715256338e-02
1.278622667469091539e+03	2.338662089303376601e-01	1.561233863841428038e-01	2.637606752907831198e-01	1.572082564244129399e-01	7.479321508513829542e-02	3.339184049256938014e-02	8.085641739227195091e-02
1.280073998533187932e+03	2.336733110598091523e-01	1.560083891238613907e-01	2.638867359911589716e-01	1.572842801981397254e-01	7.482780666571461903e-02	3.341371446076981527e-02	8.090576250020253823e-02
1.281525329597284326e+03	2.334807693198753531e-01	1.558935715506123143e-01	2.640125644278052408e-01	1.573601945874256447e-01	7.486234012858070108e-02	3.343554583024217070e-02	8.095501415511481558e-02
1.282976660661381175e+03	2.332885830680171135e-01	1.557789333731695036e-01	2.641381610089031384e-01	1.574359996373989878e-01	7.489681557686220237e-02	3.345733472535789010e-02	8.100417260994750845e-02
1.284427991725477568e+03	2.330967516628336123e-01	1.556644743007882803e-01	2.642635261419472581e-01	1.575116953943311304e-01	7.493123311352567484e-02	3.347908126981396365e-02	8.105323811641640397e-02
1.285879322789574417e+03	2.329052744640407180e-01	1.555501940432047481e-01	2.643886602337472413e-01	1.575872819056248209e-01	7.496559284137689627e-02	3.350078558663893008e-02	8.110221092502302442e-02
1.287330653853671038e+03	2.327141508324694352e-01	1.554360923106346271e-01	2.645135636904286103e-01	1.576627592198025785e-01	7.499989486305914943e-02	3.352244779819871928e-02	8.115109128506320380e-02
1.288781984917767431e+03	2.325233801300642666e-01	1.553221688137727541e-01	2.646382369174342664e-01	1.577381273864950917e-01	7.503413928105177877e-02	3.354406802620248096e-02	8.119987944463570584e-02
1.290233315981864052e+03	2.323329617198815478e-01	1.552084232637921668e-01	2.647626803195253231e-01	1.578133864564296995e-01	7.506832619766865000e-02	3.356564639170830228e-02	8.124857565065064791e-02
