1.001418434226643626e+03	2.780035183573413837e-01	1.817998997057164445e-01	2.348817751632778783e-01	1.406971874656500754e-01	6.703925267420776657e-02	2.823866054529512032e-02	6.933970608816016068e-02
1.002869765290740247e+03	2.777281815090469896e-01	1.816456351409070080e-01	2.350602245156428738e-01	1.407935419934592536e-01	6.708520401052232851e-02	2.827331022250082621e-02	6.941390260756963304e-02
1.004321096354836754e+03	2.774533482726811440e-01	1.814916127075782148e-01	2.352383398748263688e-01	1.408897851677919644e-01	6.713115913751752095e-02	2.830782690793512413e-02	6.948792793131856882e-02
1.005772427418933376e+03	2.771790178512614777e-01	1.813378320098674723e-01	2.354161221625246936e-01	1.409859181673117912e-01	6.717711467420307836e-02	2.834221291741114215e-02	6.956178221706922626e-02
1.007223758483029997e+03	2.769051894451678986e-01	1.811842926526678887e-01	2.355935722849871738e-01	1.410819421016248076e-01	6.722306738259585523e-02	2.837647048169074371e-02	6.963546565091456586e-02
1.008675089547126618e+03	2.766318622523050719e-01	1.810309942416229445e-01	2.357706911336071021e-01	1.411778580143532302e-01	6.726901416199657091e-02	2.841060175014748987e-02	6.970897844561654844e-02
1.010126420611223239e+03	2.763590354682589068e-01	1.808779363831213849e-01	2.359474795854887841e-01	1.412736668860835598e-01	6.731495204348977857e-02	2.844460879426347066e-02	6.978232083894309046e-02
1.011577751675319632e+03	2.760867082864464361e-01	1.807251186842919466e-01	2.361239385039922700e-01	1.413693696371938757e-01	6.736087818465838484e-02	2.847849361096784979e-02	6.985549309209816704e-02
1.013029082739416367e+03	2.758148798982598127e-01	1.805725407529987225e-01	2.363000687392562693e-01	1.414649671305650835e-01	6.740678986450492072e-02	2.851225812582451613e-02	6.992849548823963646e-02
1.014480413803512761e+03	2.755435494932041984e-01	1.804202021978362491e-01	2.364758711286998882e-01	1.415604601741809188e-01	6.745268447857180605e-02	2.854590419607597879e-02	7.000132833107992891e-02
1.015931744867609382e+03	2.752727162590306031e-01	1.802681026281250376e-01	2.366513464975046055e-01	1.416558495236209247e-01	6.749855953425284993e-02	2.857943361355019807e-02	7.007399194356479788e-02
1.017383075931706003e+03	2.750023793818628937e-01	1.801162416539070776e-01	2.368264956590766523e-01	1.417511358844505964e-01	6.754441264628907593e-02	2.861284810743675022e-02	7.014648666662590126e-02
1.018834406995802851e+03	2.747325380463200850e-01	1.799646188859416462e-01	2.370013194154911851e-01	1.418463199145130749e-01	6.759024153244166944e-02	2.864614934693846676e-02	7.021881285800284089e-02
1.020285738059899245e+03	2.744631914356331914e-01	1.798132339357010334e-01	2.371758185579182499e-01	1.419414022261258901e-01	6.763604400933539984e-02	2.867933894380429727e-02	7.029097089113089947e-02
1.021737069123995752e+03	2.741943387317576919e-01	1.796620864153666564e-01	2.373499938670319553e-01	1.420363833881868598e-01	6.768181798846610586e-02	2.871241845474894333e-02	7.036296115409076957e-02
1.023188400188092373e+03	2.739259791154814994e-01	1.795111759378249794e-01	2.375238461134029921e-01	1.421312639281926693e-01	6.772756147236574931e-02	2.874538938376448166e-02	7.043478404861665265e-02
1.024639731252188767e+03	2.736581117665281004e-01	1.793605021166638502e-01	2.376973760578755812e-01	1.422260443341735181e-01	6.777327255091922242e-02	2.877825318432904525e-02	7.050643998915966104e-02
1.026091062316285615e+03	2.733907358636562535e-01	1.792100645661687808e-01	2.378705844519289903e-01	1.423207250565473314e-01	6.781894939782712184e-02	2.881101126151722203e-02	7.057792940200331711e-02
1.027542393380382237e+03	2.731238505847544684e-01	1.790598629013194776e-01	2.380434720380247837e-01	1.424153065098967275e-01	6.786459026720861876e-02	2.884366497401679233e-02	7.064925272442817983e-02
1.028993724444478858e+03	2.728574551069329890e-01	1.789098967377862337e-01	2.382160395499397787e-01	1.425097890746717111e-01	6.791019349033924901e-02	2.887621563605606220e-02	7.072041040392305911e-02
1.030445055508575479e+03	2.725915486066110005e-01	1.787601656919265980e-01	2.383882877130859002e-01	1.426041730988212297e-01	6.795575747251846044e-02	2.890866451924593156e-02	7.079140289743998671e-02
1.031896386572671872e+03	2.723261302596006739e-01	1.786106693807822665e-01	2.385602172448168523e-01	1.426984588993563952e-01	6.800128069006164400e-02	2.894101285434057952e-02	7.086223067069069570e-02
1.033347717636768493e+03	2.720611992411877678e-01	1.784614074220757240e-01	2.387318288547226330e-01	1.427926467638481745e-01	6.804676168741212450e-02	2.897326183292053131e-02	7.093289419748217972e-02
1.034799048700865114e+03	2.717967547262088446e-01	1.783123794342072188e-01	2.389031232449120579e-01	1.428867369518619923e-01	6.809219907436821206e-02	2.900541260900162469e-02	7.100339395908929208e-02
1.036250379764961508e+03	2.715327958891252114e-01	1.781635850362518203e-01	2.390741011102838209e-01	1.429807296963319374e-01	6.813759152342106773e-02	2.903746630057325515e-02	7.107373044366219195e-02
1.037701710829058356e+03	2.712693219040941406e-01	1.780150238479564495e-01	2.392447631387867035e-01	1.430746252048772371e-01	6.818293776719878962e-02	2.906942399106915778e-02	7.114390414566679199e-02
1.039153041893154750e+03	2.710063319450370378e-01	1.778666954897371033e-01	2.394151100116692910e-01	1.431684236610628602e-01	6.822823659601291724e-02	2.910128673077375452e-02	7.121391556535641709e-02
1.040604372957251599e+03	2.707438251857042788e-01	1.777185995826760234e-01	2.395851424037194199e-01	1.432621252256067179e-01	6.827348685550299612e-02	2.913305553816701240e-02	7.128376520827293950e-02
1.042055704021347992e+03	2.704818007997383811e-01	1.775707357485190319e-01	2.397548609834940780e-01	1.433557300375359611e-01	6.831868744437571972e-02	2.916473140121058835e-02	7.135345358477566957e-02
1.043507035085444613e+03	2.702202579607335675e-01	1.774231036096729219e-01	2.399242664135400049e-01	1.434492382152937340e-01	6.836383731223458216e-02	2.919631527857794590e-02	7.142298120959664209e-02
1.044958366149541234e+03	2.699591958422935534e-01	1.772757027892028769e-01	2.400933593506053287e-01	1.435426498577991594e-01	6.840893545749678062e-02	2.922780810083092096e-02	7.149234860142071601e-02
1.046409697213637855e+03	2.696986136180866134e-01	1.771285329108301110e-01	2.402621404458425980e-01	1.436359650454618053e-01	6.845398092539381474e-02	2.925921077154521738e-02	7.156155628248918321e-02
1.047861028277734476e+03	2.694385104618982618e-01	1.769815935989292044e-01	2.404306103450035426e-01	1.437291838411530187e-01	6.849897280605250771e-02	2.929052416838706999e-02	7.163060477822567884e-02
1.049312359341831097e+03	2.691788855476821007e-01	1.768348844785260221e-01	2.405987696886262017e-01	1.438223062911354599e-01	6.854391023265322958e-02	2.932174914414333727e-02	7.169949461688296388e-02
1.050763690405927491e+03	2.689197380496082257e-01	1.766884051752951046e-01	2.407666191122141142e-01	1.439153324259527800e-01	6.858879237966231113e-02	2.935288652770704290e-02	7.176822632920971945e-02
1.052215021470024112e+03	2.686610671421097440e-01	1.765421553155576972e-01	2.409341592464085136e-01	1.440082622612810503e-01	6.863361846113583131e-02	2.938393712502042343e-02	7.183680044813604837e-02
1.053666352534120733e+03	2.684028719999274615e-01	1.763961345262793079e-01	2.411013907171533355e-01	1.441010957987434171e-01	6.867838772909172496e-02	2.941490171997733147e-02	7.190521750847675420e-02
1.055117683598217127e+03	2.681451517981523480e-01	1.762503424350677916e-01	2.412683141458538127e-01	1.441938330266895052e-01	6.872309947194761570e-02	2.944578107528687816e-02	7.197347804665145399e-02
1.056569014662313975e+03	2.678879057122666163e-01	1.761047786701709639e-01	2.414349301495281874e-01	1.442864739209411828e-01	6.876775301302197330e-02	2.947657593329995607e-02	7.204158260042052564e-02
1.058020345726410369e+03	2.676311329181827459e-01	1.759594428604748517e-01	2.416012393409538717e-01	1.443790184455058245e-01	6.881234770909559761e-02	2.950728701680039104e-02	7.210953170863615425e-02
1.059471676790506763e+03	2.673748325922811198e-01	1.758143346355014458e-01	2.417672423288071137e-01	1.444714665532584597e-01	6.885688294903150042e-02	2.953791502976221145e-02	7.217732591100760320e-02
1.060923007854603611e+03	2.671190039114459958e-01	1.756694536254067851e-01	2.419329397177972796e-01	1.445638181865942506e-01	6.890135815245071460e-02	2.956846065807460996e-02	7.224496574787984959e-02
1.062374338918700232e+03	2.668636460530998677e-01	1.755247994609791251e-01	2.420983321087956386e-01	1.446560732780523273e-01	6.894577276846156066e-02	2.959892457023596476e-02	7.231245176002507047e-02
1.063825669982796853e+03	2.666087581952362728e-01	1.753803717736369672e-01	2.422634200989589315e-01	1.447482317509122540e-01	6.899012627444066348e-02	2.962930741801836354e-02	7.237978448844610557e-02
1.065277001046893474e+03	2.663543395164516547e-01	1.752361701954271989e-01	2.424282042818479421e-01	1.448402935197642960e-01	6.903441817486326293e-02	2.965960983710386537e-02	7.244696447419136931e-02
1.066728332110990095e+03	2.661003891959752843e-01	1.750921943590232899e-01	2.425926852475411843e-01	1.449322584910544554e-01	6.907864800018113927e-02	2.968983244769379456e-02	7.251399225818043470e-02
1.068179663175086489e+03	2.658469064136984028e-01	1.749484438977235712e-01	2.427568635827439814e-01	1.450241265636053323e-01	6.912281530574605759e-02	2.971997585509225312e-02	7.258086838104002569e-02
1.069630994239183110e+03	2.655938903502017556e-01	1.748049184454494032e-01	2.429207398708932153e-01	1.451158976291138936e-01	6.916691967077698289e-02	2.975004065026494449e-02	7.264759338294950186e-02
1.071082325303279504e+03	2.653413401867821264e-01	1.746616176367435103e-01	2.430843146922576636e-01	1.452075715726271476e-01	6.921096069736931700e-02	2.978002741037444334e-02	7.271416780349554410e-02
1.072533656367376352e+03	2.650892551054776503e-01	1.745185411067682602e-01	2.432475886240345053e-01	1.452991482729963368e-01	6.925493800954446444e-02	2.980993669929295209e-02	7.278059218153554166e-02
1.073984987431472746e+03	2.648376342890923496e-01	1.743756884913040817e-01	2.434105622404416636e-01	1.453906276033109790e-01	6.929885125233808951e-02	2.983976906809345311e-02	7.284686705506911164e-02
1.075436318495569594e+03	2.645864769212187828e-01	1.742330594267478272e-01	2.435732361128064571e-01	1.454820094313133139e-01	6.934270009092552423e-02	2.986952505552031151e-02	7.291299296111744543e-02
1.076887649559666215e+03	2.643357821862609702e-01	1.740906535501110519e-01	2.437356108096509211e-01	1.455732936197938199e-01	6.938648420978285603e-02	2.989920518844014705e-02	7.297897043560995500e-02
1.078338980623762609e+03	2.640855492694548778e-01	1.739484704990185981e-01	2.438976868967731026e-01	1.456644800269691897e-01	6.943020331188222427e-02	2.992880998227386014e-02	7.304480001327785799e-02
1.079790311687859230e+03	2.638357773568892339e-01	1.738065099117069578e-01	2.440594649373257485e-01	1.457555685068427365e-01	6.947385711791989604e-02	2.995833994141065826e-02	7.311048222755442416e-02
1.081241642751955851e+03	2.635864656355248470e-01	1.736647714270228571e-01	2.442209454918913003e-01	1.458465589095485071e-01	6.951744536557598331e-02	2.998779555960482887e-02	7.317601761048138365e-02
1.082692973816052472e+03	2.633376132932129798e-01	1.735232546844216461e-01	2.443821291185539479e-01	1.459374510816795478e-01	6.956096780880428876e-02	3.001717732035603936e-02	7.324140669262127479e-02
1.084144304880149093e+03	2.630892195187132798e-01	1.733819593239658563e-01	2.445430163729689910e-01	1.460282448666010979e-01	6.960442421715128114e-02	3.004648569727386143e-02	7.330665000297542644e-02
1.085595635944245487e+03	2.628412835017106541e-01	1.732408849863237565e-01	2.447036078084290633e-01	1.461189401047492398e-01	6.964781437510277062e-02	3.007572115442721378e-02	7.337174806890711665e-02
1.087046967008342108e+03	2.625938044328315901e-01	1.731000313127679657e-01	2.448639039759279712e-01	1.462095366339155877e-01	6.969113808145752098e-02	3.010488414667937540e-02	7.343670141606986612e-02
1.088498298072438729e+03	2.623467815036593098e-01	1.729593979451739538e-01	2.450239054242217551e-01	1.463000342895188766e-01	6.973439514872631362e-02	3.013397512000920084e-02	7.350151056834043628e-02
1.089949629136535123e+03	2.621002139067490910e-01	1.728189845260187374e-01	2.451836126998873655e-01	1.463904329048635877e-01	6.977758540255574182e-02	3.016299451181910646e-02	7.356617604775629593e-02
1.091400960200631971e+03	2.618541008356417565e-01	1.726787906983794640e-01	2.453430263473788953e-01	1.464807323113864745e-01	6.982070868117552787e-02	3.019194275123045224e-02	7.363069837445741783e-02
1.092852291264728365e+03	2.616084414848775519e-01	1.725388161059320524e-01	2.455021469090817032e-01	1.465709323388913188e-01	6.986376483486858580e-02	3.022082025936679434e-02	7.369507806663201654e-02
1.094303622328825213e+03	2.613632350500089130e-01	1.723990603929498322e-01	2.456609749253640673e-01	1.466610328157726406e-01	6.990675372546274746e-02	3.024962744962559485e-02	7.375931564046622757e-02
1.095754953392921607e+03	2.611184807276127895e-01	1.722595232043023505e-01	2.458195109346270613e-01	1.467510335692283896e-01	6.994967522584334685e-02	3.027836472793883626e-02	7.382341161009724206e-02
1.097206284457018228e+03	2.608741777153021912e-01	1.721202041854539011e-01	2.459777554733522942e-01	1.468409344254627269e-01	6.999252921948584394e-02	3.030703249302306099e-02	7.388736648757000813e-02
1.098657615521114849e+03	2.606303252117375124e-01	1.719811029824623028e-01	2.461357090761475963e-01	1.469307352098785935e-01	7.003531560000762768e-02	3.033563113661924895e-02	7.395118078279715179e-02
1.100108946585211470e+03	2.603869224166370788e-01	1.718422192419776506e-01	2.462933722757911226e-01	1.470204357472611190e-01	7.007803427073817926e-02	3.036416104372299807e-02	7.401485500352190938e-02
1.101560277649308091e+03	2.601439685307873062e-01	1.717035526112410115e-01	2.464507456032734301e-01	1.471100358619519821e-01	7.012068514430698507e-02	3.039262259280539960e-02	7.407838965528397435e-02
1.103011608713404712e+03	2.599014627560524149e-01	1.715651027380831750e-01	2.466078295878380011e-01	1.471995353780148064e-01	7.016326814224836672e-02	3.042101615602502834e-02	7.414178524138821669e-02
1.104462939777501106e+03	2.596594042953837000e-01	1.714268692709234876e-01	2.467646247570202123e-01	1.472889341193928392e-01	7.020578319462249250e-02	3.044934209943142914e-02	7.420504226287585881e-02
1.105914270841597499e+03	2.594177923528280250e-01	1.712888518587686315e-01	2.469211316366844711e-01	1.473782319100581661e-01	7.024823023965209856e-02	3.047760078316041898e-02	7.426816121849820485e-02
1.107365601905694348e+03	2.591766261335364807e-01	1.711510501512112647e-01	2.470773507510601041e-01	1.474674285741537916e-01	7.029060922337404538e-02	3.050579256162162800e-02	7.433114260469267376e-02
1.108816932969790741e+03	2.589359048437722133e-01	1.710134637984289940e-01	2.472332826227758573e-01	1.475565239361280034e-01	7.033292009930536270e-02	3.053391778367851167e-02	7.439398691556108056e-02
1.110268264033887590e+03	2.586956276909179175e-01	1.708760924511830703e-01	2.473889277728926750e-01	1.476455178208622709e-01	7.037516282812289470e-02	3.056197679282127155e-02	7.445669464284999928e-02
1.111719595097984211e+03	2.584557938834828317e-01	1.707389357608173619e-01	2.475442867209355913e-01	1.477344100537921201e-01	7.041733737735625387e-02	3.058996992733287873e-02	7.451926627593306873e-02
1.113170926162080832e+03	2.582164026311100091e-01	1.706019933792570220e-01	2.476993599849240113e-01	1.478232004610217920e-01	7.045944372109345932e-02	3.061789752044855387e-02	7.458170230179524129e-02
1.114622257226177226e+03	2.579774531445825358e-01	1.704652649590074065e-01	2.478541480814010489e-01	1.479118888694328504e-01	7.050148183969857929e-02	3.064575990050896412e-02	7.464400320501875241e-02
1.116073588290273847e+03	2.577389446358295810e-01	1.703287501531529635e-01	2.480086515254613377e-01	1.480004751067869051e-01	7.054345171954112814e-02	3.067355739110739360e-02	7.470616946777083878e-02
1.117524919354370468e+03	2.575008763179323368e-01	1.701924486153560956e-01	2.481628708307782039e-01	1.480889590018227286e-01	7.058535335273667666e-02	3.070129031123116845e-02	7.476820156979289977e-02
1.118976250418467089e+03	2.572632474051296247e-01	1.700563599998560216e-01	2.483168065096294508e-01	1.481773403843481274e-01	7.062718673689803717e-02	3.072895897539753424e-02	7.483009998839137977e-02
1.120427581482563710e+03	2.570260571128229476e-01	1.699204839614675000e-01	2.484704590729220897e-01	1.482656190853266498e-01	7.066895187489681540e-02	3.075656369378429802e-02	7.489186519842985779e-02
1.121878912546660331e+03	2.567893046575815408e-01	1.697848201555800518e-01	2.486238290302163201e-01	1.483537949369594378e-01	7.071064877463482945e-02	3.078410477235532516e-02	7.495349767232263594e-02
1.123330243610756725e+03	2.565529892571470905e-01	1.696493682381566004e-01	2.487769168897484562e-01	1.484418677727623315e-01	7.075227744882488234e-02	3.081158251298126219e-02	7.501499788002953528e-02
1.124781574674853118e+03	2.563171101304380639e-01	1.695141278657324446e-01	2.489297231584527703e-01	1.485298374276387556e-01	7.079383791478076338e-02	3.083899721355556206e-02	7.507636628905185738e-02
1.126232905738949967e+03	2.560816664975539836e-01	1.693790986954142042e-01	2.490822483419827815e-01	1.486177037379479149e-01	7.083533019421577037e-02	3.086634916810608933e-02	7.513760336442958099e-02
1.127684236803046360e+03	2.558466575797792020e-01	1.692442803848787369e-01	2.492344929447314894e-01	1.487054665415693810e-01	7.087675431304964191e-02	3.089363866690241281e-02	7.519870956873948853e-02
1.129135567867143209e+03	2.556120825995868984e-01	1.691096725923720290e-01	2.493864574698509418e-01	1.487931256779634892e-01	7.091811030122351089e-02	3.092086599655906667e-02	7.525968536209447224e-02
1.130586898931239830e+03	2.553779407806422985e-01	1.689752749767081674e-01	2.495381424192709974e-01	1.488806809882279591e-01	7.095939819252249092e-02	3.094803144013484608e-02	7.532053120214367292e-02
1.132038229995336451e+03	2.551442313478061719e-01	1.688410871972682858e-01	2.496895482937172284e-01	1.489681323151512415e-01	7.100061802440559011e-02	3.097513527722836960e-02	7.538124754407357631e-02
1.133489561059432845e+03	2.549109535271377180e-01	1.687071089139995650e-01	2.498406755927283229e-01	1.490554795032621449e-01	7.104176983784275812e-02	3.100217778407004035e-02	7.544183484060988654e-02
1.134940892123529466e+03	2.546781065458977311e-01	1.685733397874140671e-01	2.499915248146727664e-01	1.491427223988764095e-01	7.108285367715858061e-02	3.102915923361055858e-02	7.550229354202032950e-02
1.136392223187626087e+03	2.544456896325509865e-01	1.684397794785877922e-01	2.501420964567647731e-01	1.492298608501401447e-01	7.112386958988252406e-02	3.105607989560612084e-02	7.556262409611810837e-02
1.137843554251722708e+03	2.542137020167690720e-01	1.683064276491595956e-01	2.502923910150796072e-01	1.493168947070701302e-01	7.116481762660538390e-02	3.108294003670046546e-02	7.562282694826615026e-02
1.139294885315819101e+03	2.539821429294326083e-01	1.681732839613302166e-01	2.504424089845685431e-01	1.494038238215915637e-01	7.120569784084172793e-02	3.110973992050386494e-02	7.568290254138189399e-02
1.140746216379915950e+03	2.537510116026333029e-01	1.680403480778612235e-01	2.505921508590729374e-01	1.494906480475728106e-01	7.124651028889798787e-02	3.113647980766921786e-02	7.574285131594289677e-02
1.142197547444012343e+03	2.535203072696763371e-01	1.679076196620740147e-01	2.507416171313380238e-01	1.495773672408577393e-01	7.128725502974604666e-02	3.116315995596533397e-02	7.580267370999287102e-02
1.143648878508108737e+03	2.532900291650819757e-01	1.677750983778488192e-01	2.508908082930258465e-01	1.496639812592956698e-01	7.132793212490215473e-02	3.118978062034756180e-02	7.586237015914837345e-02
1.145100209572205586e+03	2.530601765245874546e-01	1.676427838896235867e-01	2.510397248347281396e-01	1.497504899627685737e-01	7.136854163831074516e-02	3.121634205302584175e-02	7.592194109660599377e-02
1.146551540636302207e+03	2.528307485851483682e-01	1.675106758623931824e-01	2.511883672459785388e-01	1.498368932132166098e-01	7.140908363623323096e-02	3.124284450353027529e-02	7.598138695315008462e-02
1.148002871700398828e+03	2.526017445849405574e-01	1.673787739617082493e-01	2.513367360152640173e-01	1.499231908746609665e-01	7.144955818714129880e-02	3.126928821877439368e-02	7.604070815716079679e-02
1.149454202764495449e+03	2.523731637633612190e-01	1.672470778536742364e-01	2.514848316300363207e-01	1.500093828132249285e-01	7.148996536161476845e-02	3.129567344311608851e-02	7.609990513462275286e-02
1.150905533828591842e+03	2.521450053610298503e-01	1.671155872049504831e-01	2.516326545767229028e-01	1.500954688971530282e-01	7.153030523224361559e-02	3.132200041841640831e-02	7.615897830913406774e-02
1.152356864892688463e+03	2.519172686197900801e-01	1.669843016827491089e-01	2.517802053407370844e-01	1.501814489968281707e-01	7.157057787353414413e-02	3.134826938409630143e-02	7.621792810191561907e-02
1.153808195956785084e+03	2.516899527827097249e-01	1.668532209548342082e-01	2.519274844064884333e-01	1.502673229847870384e-01	7.161078336181896098e-02	3.137448057719129796e-02	7.627675493182087263e-02
1.155259527020881706e+03	2.514630570940825649e-01	1.667223446895206851e-01	2.520744922573922020e-01	1.503530907357339130e-01	7.165092177517087824e-02	3.140063423240432167e-02	7.633545921534587442e-02
1.156710858084978327e+03	2.512365807994287326e-01	1.665916725556734757e-01	2.522212293758788748e-01	1.504387521265527772e-01	7.169099319332025710e-02	3.142673058215664922e-02	7.639404136663970057e-02
1.158162189149074720e+03	2.510105231454951569e-01	1.664612042227064659e-01	2.523676962434029947e-01	1.505243070363178892e-01	7.173099769757584898e-02	3.145276985663710001e-02	7.645250179751507391e-02
1.159613520213171569e+03	2.507848833802565625e-01	1.663309393605815201e-01	2.525138933404517116e-01	1.506097553463028593e-01	7.177093537074903662e-02	3.147875228384955371e-02	7.651084091745929960e-02
1.161064851277267962e+03	2.505596607529158582e-01	1.662008776398076204e-01	2.526598211465533317e-01	1.506950969399883655e-01	7.181080629708107288e-02	3.150467808965879551e-02	7.656905913364549232e-02
1.162516182341364356e+03	2.503348545139044701e-01	1.660710187314397845e-01	2.528054801402853102e-01	1.507803317030686208e-01	7.185061056217345588e-02	3.153054749783487654e-02	7.662715685094396989e-02
1.163967513405461204e+03	2.501104639148826747e-01	1.659413623070782884e-01	2.529508707992819683e-01	1.508654595234565354e-01	7.189034825292131559e-02	3.155636073009589204e-02	7.668513447193389676e-02
1.165418844469557826e+03	2.498864882087398487e-01	1.658119080388675004e-01	2.530959936002418198e-01	1.509504802912875199e-01	7.193001945744934011e-02	3.158211800614940667e-02	7.674299239691514951e-02
1.166870175533654447e+03	2.496629266495947186e-01	1.656826555994951322e-01	2.532408490189350103e-01	1.510353938989223987e-01	7.196962426505068566e-02	3.160781954373244329e-02	7.680073102392029338e-02
1.168321506597751068e+03	2.494397784927953055e-01	1.655536046621911561e-01	2.533854375302101447e-01	1.511202002409489931e-01	7.200916276612816247e-02	3.163346555865016035e-02	7.685835074872679473e-02
1.169772837661847461e+03	2.492170429949190913e-01	1.654247549007269724e-01	2.535297596080010596e-01	1.512048992141828696e-01	7.204863505213811303e-02	3.165905626481326646e-02	7.691585196486937226e-02
1.171224168725944082e+03	2.489947194137728526e-01	1.652961059894144935e-01	2.536738157253331516e-01	1.512894907176670078e-01	7.208804121553649691e-02	3.168459187427423440e-02	7.697323506365251478e-02
1.172675499790040703e+03	2.487728070083926324e-01	1.651676576031050336e-01	2.538176063543298167e-01	1.513739746526705232e-01	7.212738134972733473e-02	3.171007259726228711e-02	7.703050043416305448e-02
1.174126830854137097e+03	2.485513050390435186e-01	1.650394094171886150e-01	2.539611319662183897e-01	1.514583509226866131e-01	7.216665554901328938e-02	3.173549864221730799e-02	7.708764846328297615e-02
1.175578161918233945e+03	2.483302127672193937e-01	1.649113611075928298e-01	2.541043930313358623e-01	1.515426194334295040e-01	7.220586390854827341e-02	3.176087021582266190e-02	7.714467953570215697e-02
1.177029492982330339e+03	2.481095294556427133e-01	1.647835123507820909e-01	2.542473900191347669e-01	1.516267800928306486e-01	7.224500652429211023e-02	3.178618752303695449e-02	7.720159403393139774e-02
1.178480824046426733e+03	2.478892543682640337e-01	1.646558628237566047e-01	2.543901233981883947e-01	1.517108328110343685e-01	7.228408349296711055e-02	3.181145076712482006e-02	7.725839233831542641e-02
1.179932155110523581e+03	2.476693867702616514e-01	1.645284122040515107e-01	2.545325936361961250e-01	1.517947775003923860e-01	7.232309491201645291e-02	3.183666014968673103e-02	7.731507482704598477e-02
1.181383486174620202e+03	2.474499259280412145e-01	1.644011601697358826e-01	2.546748011999884209e-01	1.518786140754581071e-01	7.236204087956432662e-02	3.186181587068790538e-02	7.737164187617502631e-02
1.182834817238716823e+03	2.472308711092351396e-01	1.642741063994119788e-01	2.548167465555319366e-01	1.519623424529799038e-01	7.240092149437771241e-02	3.188691812848630514e-02	7.742809385962794166e-02
1.184286148302813444e+03	2.470122215827020296e-01	1.641472505722141595e-01	2.549584301679341802e-01	1.520459625518940650e-01	7.243973685582988375e-02	3.191196711985980899e-02	7.748443114921679808e-02
1.185737479366910065e+03	2.467939766185261730e-01	1.640205923678080546e-01	2.550998525014481211e-01	1.521294742933169686e-01	7.247848706386533779e-02	3.193696304003255243e-02	7.754065411465371760e-02
1.187188810431006686e+03	2.465761354880167955e-01	1.638941314663897031e-01	2.552410140194765198e-01	1.522128776005368667e-01	7.251717221896630816e-02	3.196190608270047667e-02	7.759676312356422745e-02
1.188640141495103080e+03	2.463586974637074212e-01	1.637678675486846092e-01	2.553819151845765356e-01	1.522961723990050587e-01	7.255579242212061020e-02	3.198679644005614914e-02	7.765275854150059665e-02
1.190091472559199701e+03	2.461416618193551231e-01	1.636418002959467988e-01	2.555225564584635567e-01	1.523793586163265101e-01	7.259434777479091550e-02	3.201163430281282057e-02	7.770864073195529742e-02
1.191542803623296322e+03	2.459250278299398018e-01	1.635159293899579869e-01	2.556629383020154744e-01	1.524624361822503327e-01	7.263283837888524774e-02	3.203641986022780913e-02	7.776441005637439730e-02
1.192994134687392716e+03	2.457087947716632692e-01	1.633902545130266615e-01	2.558030611752766803e-01	1.525454050286594310e-01	7.267126433672888020e-02	3.206115330012519055e-02	7.782006687417099278e-02
1.194445465751489564e+03	2.454929619219485826e-01	1.632647753479871400e-01	2.559429255374615630e-01	1.526282650895600113e-01	7.270962575103723236e-02	3.208583480891787770e-02	7.787561154273865693e-02
1.195896796815585958e+03	2.452775285594389620e-01	1.631394915781988475e-01	2.560825318469586165e-01	1.527110163010707011e-01	7.274792272489011280e-02	3.211046457162903406e-02	7.793104441746487310e-02
1.197348127879682352e+03	2.450624939639970690e-01	1.630144028875452067e-01	2.562218805613336037e-01	1.527936586014110587e-01	7.278615536170689182e-02	3.213504277191291808e-02	7.798636585174442692e-02
1.198799458943779200e+03	2.448478574167039234e-01	1.628895089604329438e-01	2.563609721373333317e-01	1.528761919308901374e-01	7.282432376522285367e-02	3.215956959207513788e-02	7.804157619699286785e-02
1.200250790007875821e+03	2.446336181998580162e-01	1.627648094817910063e-01	2.564998070308888711e-01	1.529586162318945231e-01	7.286242803946650637e-02	3.218404521309237154e-02	7.809667580265987341e-02
1.201702121071972442e+03	2.444197755969743369e-01	1.626403041370698688e-01	2.566383856971190536e-01	1.530409314488758721e-01	7.290046828873790463e-02	3.220846981463152542e-02	7.815166501624262740e-02
1.203153452136069063e+03	2.442063288927831810e-01	1.625159926122405618e-01	2.567767085903334134e-01	1.531231375283386709e-01	7.293844461758776376e-02	3.223284357506838588e-02	7.820654418329919810e-02
1.204604783200165684e+03	2.439932773732292892e-01	1.623918745937938390e-01	2.569147761640354632e-01	1.532052344188272741e-01	7.297635713079772546e-02	3.225716667150579225e-02	7.826131364746184704e-02
1.206056114264262078e+03	2.437806203254706261e-01	1.622679497687392058e-01	2.570525888709255247e-01	1.532872220709131095e-01	7.301420593336115095e-02	3.228143927979133104e-02	7.831597375045031006e-02
1.207507445328358699e+03	2.435683570378773810e-01	1.621442178246041699e-01	2.571901471629038372e-01	1.533691004371812161e-01	7.305199113046502435e-02	3.230566157453453741e-02	7.837052483208509224e-02
1.208958776392455093e+03	2.433564868000307468e-01	1.620206784494332697e-01	2.573274514910733890e-01	1.534508694722169220e-01	7.308971282747250831e-02	3.232983372912370812e-02	7.842496723030063788e-02
1.210410107456551941e+03	2.431450089027218653e-01	1.618973313317872420e-01	2.574645023057426929e-01	1.535325291325923269e-01	7.312737112990617960e-02	3.235395591574224267e-02	7.847930128115855608e-02
1.211861438520648335e+03	2.429339226379505501e-01	1.617741761607422446e-01	2.576013000564285060e-01	1.536140793768523416e-01	7.316496614343216687e-02	3.237802830538458881e-02	7.853352731886070748e-02
1.213312769584745183e+03	2.427232272989240935e-01	1.616512126258887738e-01	2.577378451918583835e-01	1.536955201655008652e-01	7.320249797384478785e-02	3.240205106787182043e-02	7.858764567576234650e-02
1.214764100648841804e+03	2.425129221800561841e-01	1.615284404173309984e-01	2.578741381599733984e-01	1.537768514609866299e-01	7.323996672705201938e-02	3.242602437186677122e-02	7.864165668238512485e-02
1.216215431712937971e+03	2.423030065769654906e-01	1.614058592256858438e-01	2.580101794079304733e-01	1.538580732276889074e-01	7.327737250906146693e-02	3.244994838488887701e-02	7.869556066743008116e-02
1.217666762777034819e+03	2.420934797864745247e-01	1.612834687420820756e-01	2.581459693821051005e-01	1.539391854319033248e-01	7.331471542596698643e-02	3.247382327332858781e-02	7.874935795779058889e-02
1.219118093841131440e+03	2.418843411066083360e-01	1.611612686581594678e-01	2.582815085280933953e-01	1.540201880418272939e-01	7.335199558393598607e-02	3.249764920246150934e-02	7.880304887856519336e-02
1.220569424905228061e+03	2.416755898365932353e-01	1.610392586660680248e-01	2.584167972907148170e-01	1.541010810275454113e-01	7.338921308919706121e-02	3.252142633646214198e-02	7.885663375307047640e-02
1.222020755969324682e+03	2.414672252768554350e-01	1.609174384584669548e-01	2.585518361140142773e-01	1.541818643610149420e-01	7.342636804802843420e-02	3.254515483841737694e-02	7.891011290285378232e-02
1.223472087033421303e+03	2.412592467290197717e-01	1.607958077285240317e-01	2.586866254412642507e-01	1.542625380160509430e-01	7.346346056674669944e-02	3.256883487033960384e-02	7.896348664770597159e-02
1.224923418097517697e+03	2.410516534959083745e-01	1.606743661699145675e-01	2.588211657149669942e-01	1.543431019683115524e-01	7.350049075169612367e-02	3.259246659317961703e-02	7.901675530567400796e-02
1.226374749161614318e+03	2.408444448815393324e-01	1.605531134768206636e-01	2.589554573768570456e-01	1.544235561952831404e-01	7.353745870923847350e-02	3.261605016683913338e-02	7.906991919307350403e-02
1.227826080225710712e+03	2.406376201911252510e-01	1.604320493439302109e-01	2.590895008679028888e-01	1.545039006762653488e-01	7.357436454574323159e-02	3.263958575018310881e-02	7.912297862450130836e-02
1.229277411289807560e+03	2.404311787310718929e-01	1.603111734664363353e-01	2.592232966283091189e-01	1.545841353923561590e-01	7.361120836757821528e-02	3.266307350105174950e-02	7.917593391284787063e-02
1.230728742353903954e+03	2.402251198089768724e-01	1.601904855400362593e-01	2.593568450975186623e-01	1.546642603264369586e-01	7.364799028110070866e-02	3.268651357627228721e-02	7.922878536930964832e-02
1.232180073418000802e+03	2.400194427336280745e-01	1.600699852609305252e-01	2.594901467142144980e-01	1.547442754631574435e-01	7.368471039264891387e-02	3.270990613167049782e-02	7.928153330340138860e-02
1.233631404482097196e+03	2.398141468150025157e-01	1.599496723258223285e-01	2.596232019163215998e-01	1.548241807889206567e-01	7.372136880853381868e-02	3.273325132208195626e-02	7.933417802296842403e-02
1.235082735546193817e+03	2.396092313642645688e-01	1.598295464319164638e-01	2.597560111410091577e-01	1.549039762918678897e-01	7.375796563503139724e-02	3.275654930136308318e-02	7.938671983419871847e-02
1.236534066610290438e+03	2.394046956937648241e-01	1.597096072769186026e-01	2.598885748246920202e-01	1.549836619618636668e-01	7.379450097837518541e-02	3.277980022240199048e-02	7.943915904163503794e-02
1.237985397674387059e+03	2.392005391170384243e-01	1.595898545590343776e-01	2.600208934030326935e-01	1.550632377904806736e-01	7.383097494474916145e-02	3.280300423712902841e-02	7.949149594818698261e-02
1.239436728738483680e+03	2.389967609488037603e-01	1.594702879769686610e-01	2.601529673109431728e-01	1.551427037709846302e-01	7.386738764028102922e-02	3.282616149652722165e-02	7.954373085514285235e-02
1.240888059802580301e+03	2.387933605049608610e-01	1.593509072299245655e-01	2.602847969825867747e-01	1.552220598983194699e-01	7.390373917103566781e-02	3.284927215064241401e-02	7.959586406218155386e-02
1.242339390866676695e+03	2.385903371025900610e-01	1.592317120176028333e-01	2.604163828513796908e-01	1.553013061690920460e-01	7.394002964300902536e-02	3.287233634859327430e-02	7.964789586738439675e-02
1.243790721930773088e+03	2.383876900599503634e-01	1.591127020402007819e-01	2.605477253499927648e-01	1.553804425815572821e-01	7.397625916212215158e-02	3.289535423858108709e-02	7.969982656724686199e-02
1.245242052994869937e+03	2.381854186964780240e-01	1.589938769984115818e-01	2.606788249103533794e-01	1.554594691356031844e-01	7.401242783421566052e-02	3.291832596789935617e-02	7.975165645669012038e-02
1.246693384058966330e+03	2.379835223327850802e-01	1.588752365934234523e-01	2.608096819636466779e-01	1.555383858327358260e-01	7.404853576504427659e-02	3.294125168294323447e-02	7.980338582907273159e-02
1.248144715123063179e+03	2.377820002906577135e-01	1.587567805269188004e-01	2.609402969403176176e-01	1.556171926760645252e-01	7.408458306027178308e-02	3.296413152921877365e-02	7.985501497620206557e-02
1.249596046187159800e+03	2.375808518930549174e-01	1.586385085010733331e-01	2.610706702700724136e-01	1.556958896702868855e-01	7.412056982546608164e-02	3.298696565135202791e-02	7.990654418834569617e-02
1.251047377251256421e+03	2.373800764641067207e-01	1.585204202185553357e-01	2.612008023818798708e-01	1.557744768216739462e-01	7.415649616609458483e-02	3.300975419309798431e-02	7.995797375424282261e-02
1.252498708315352815e+03	2.371796733291128556e-01	1.584025153825248666e-01	2.613306937039735489e-01	1.558529541380555550e-01	7.419236218751976142e-02	3.303249729734928503e-02	8.000930396111544107e-02
1.253950039379449436e+03	2.369796418145411754e-01	1.582847936966327584e-01	2.614603446638525952e-01	1.559313216288054083e-01	7.422816799499491747e-02	3.305519510614488010e-02	8.006053509467958573e-02
1.255401370443546057e+03	2.367799812480259891e-01	1.581672548650200349e-01	2.615897556882837982e-01	1.560095793048264512e-01	7.426391369366017181e-02	3.307784776067847904e-02	8.011166743915638933e-02
1.256852701507642678e+03	2.365806909583666739e-01	1.580498985923168842e-01	2.617189272033028646e-01	1.560877271785363618e-01	7.429959938853858414e-02	3.310045540130685665e-02	8.016270127728314376e-02
1.258304032571739299e+03	2.363817702755259820e-01	1.579327245836419646e-01	2.618478596342158626e-01	1.561657652638527016e-01	7.433522518453254679e-02	3.312301816755804096e-02	8.021363689032424971e-02
1.259755363635835920e+03	2.361832185306285137e-01	1.578157325446016279e-01	2.619765534056008316e-01	1.562436935761786772e-01	7.437079118642028752e-02	3.314553619813936924e-02	8.026447455808206899e-02
1.261206694699932314e+03	2.359850350559591636e-01	1.576989221812889475e-01	2.621050089413090034e-01	1.563215121323885404e-01	7.440629749885253885e-02	3.316800963094537757e-02	8.031521455890774930e-02
1.262658025764028707e+03	2.357872191849615939e-01	1.575822932002830246e-01	2.622332266644665788e-01	1.563992209508131837e-01	7.444174422634947108e-02	3.319043860306557236e-02	8.036585716971191007e-02
1.264109356828125556e+03	2.355897702522365134e-01	1.574658453086481835e-01	2.623612069974757266e-01	1.564768200512259011e-01	7.447713147329758365e-02	3.321282325079212561e-02	8.041640266597528675e-02
1.265560687892221949e+03	2.353926875935402063e-01	1.573495782139331112e-01	2.624889503620163600e-01	1.565543094548280945e-01	7.451245934394691572e-02	3.323516370962737582e-02	8.046685132175929178e-02
1.267012018956318798e+03	2.351959705457828675e-01	1.572334916241700520e-01	2.626164571790471913e-01	1.566316891842350623e-01	7.454772794240839551e-02	3.325746011429125265e-02	8.051720340971653400e-02
1.268463350020415419e+03	2.349996184470271032e-01	1.571175852478740032e-01	2.627437278688073419e-01	1.567089592634619832e-01	7.458293737265117573e-02	3.327971259872856968e-02	8.056745920110117143e-02
1.269914681084511813e+03	2.348036306364862102e-01	1.570018587940419097e-01	2.628707628508176186e-01	1.567861197179097610e-01	7.461808773850026055e-02	3.330192129611624779e-02	8.061761896577929187e-02
1.271366012148608434e+03	2.346080064545226496e-01	1.568863119721519706e-01	2.629975625438818465e-01	1.568631705743511739e-01	7.465317914363413243e-02	3.332408633887036509e-02	8.066768297223914086e-02
1.272817343212705055e+03	2.344127452426464642e-01	1.567709444921626671e-01	2.631241273660880897e-01	1.569401118609169976e-01	7.468821169158265660e-02	3.334620785865315129e-02	8.071765148760130792e-02
1.274268674276801676e+03	2.342178463435135027e-01	1.566557560645119862e-01	2.632504577348102615e-01	1.570169436070820990e-01	7.472318548572488839e-02	3.336828598637982951e-02	8.076752477762878801e-02
1.275720005340898297e+03	2.340233091009240596e-01	1.565407464001167537e-01	2.633765540667090677e-01	1.570936658436518640e-01	7.475810062928718580e-02	3.339032085222542329e-02	8.081730310673707063e-02
1.277171336404994690e+03	2.338291328598210428e-01	1.564259152103717188e-01	2.635024167777335058e-01	1.571702786027484589e-01	7.479295722534126667e-02	3.341231258563143874e-02	8.086698673800400694e-02
1.278622667469091539e+03	2.336353169662884477e-01	1.563112622071487767e-01	2.636280462831223081e-01	1.572467819177973403e-01	7.482775537680248779e-02	3.343426131531240103e-02	8.091657593317978792e-02
1.280073998533187932e+03	2.334418607675497193e-01	1.561967871027961918e-01	2.637534429974046635e-01	1.573231758235137112e-01	7.486249518642820733e-02	3.345616716926236994e-02	8.096607095269663101e-02
1.281525329597284326e+03	2.332487636119661145e-01	1.560824896101377923e-01	2.638786073344022709e-01	1.573994603558893091e-01	7.489717675681610565e-02	3.347803027476133758e-02	8.101547205567857790e-02
1.282976660661381175e+03	2.330560248490350650e-01	1.559683694424722211e-01	2.640035397072299506e-01	1.574756355521789164e-01	7.493180019040278361e-02	3.349985075838153581e-02	8.106477949995111176e-02
1.284427991725477568e+03	2.328636438293885391e-01	1.558544263135720476e-01	2.641282405282970314e-01	1.575517014508872327e-01	7.496636558946231932e-02	3.352162874599363962e-02	8.111399354205070522e-02
1.285879322789574417e+03	2.326716199047915157e-01	1.557406599376830458e-01	2.642527102093088498e-01	1.576276580917558290e-01	7.500087305610494970e-02	3.354336436277293582e-02	8.116311443723436825e-02
1.287330653853671038e+03	2.324799524281402074e-01	1.556270700295234455e-01	2.643769491612677491e-01	1.577035055157499921e-01	7.503532269227580764e-02	3.356505773320534597e-02	8.121214243948902956e-02
1.288781984917767431e+03	2.322886407534604236e-01	1.555136563042830433e-01	2.645009577944741896e-01	1.577792437650458734e-01	7.506971459975372851e-02	3.358670898109343550e-02	8.126107780154089022e-02
1.290233315981864052e+03	2.320976842359060155e-01	1.554004184776224817e-01	2.646247365185282474e-01	1.578548728830176107e-01	7.510404888015016767e-02	3.360831822956229786e-02	8.130992077486473568e-02
