1.001418434226643626e+03	2.779420632289242299e-01	1.818463792283612768e-01	2.348673489384119351e-01	1.406875743054575856e-01	6.703906684941104976e-02	2.826827364618554606e-02	6.934929380289588108e-02
1.002869765290740247e+03	2.776653911849079059e-01	1.816931966247649632e-01	2.350453050940642108e-01	1.407838555264815106e-01	6.708529436467663976e-02	2.830299717501049903e-02	6.942396002974171587e-02
1.004321096354836754e+03	2.773892278039168380e-01	1.815402528941610361e-01	2.352229256730579698e-01	1.408800330112339183e-01	6.713152194401394990e-02	2.833758839384641071e-02	6.949845027941729814e-02
1.005772427418933376e+03	2.771135722736008389e-01	1.813875476471376313e-01	2.354002116314065085e-01	1.409761078359834385e-01	6.717774626061374932e-02	2.837204958529615864e-02	6.957276476560907141e-02
1.007223758483029997e+03	2.768384237790311730e-01	1.812350804950350058e-01	2.355771639081530033e-01	1.410720810074417020e-01	6.722396413289116746e-02	2.840638294650505921e-02	6.964690373059034822e-02
1.008675089547126618e+03	2.765637815028663682e-01	1.810828510499397637e-01	2.357537834260424736e-01	1.411679534659874835e-01	6.727017251848342594e-02	2.844059059295461073e-02	6.972086744337331610e-02
1.010126420611223239e+03	2.762896446255115879e-01	1.809308589246792220e-01	2.359300710921663491e-01	1.412637260887546209e-01	6.731636850848937703e-02	2.847467456207854880e-02	6.979465619796774989e-02
1.011577751675319632e+03	2.760160123252709541e-01	1.807791037328160821e-01	2.361060277985800038e-01	1.413593996925888996e-01	6.736254932194170320e-02	2.850863681670982863e-02	6.986827031173999114e-02
1.013029082739416367e+03	2.757428837784938191e-01	1.806275850886432111e-01	2.362816544228952820e-01	1.414549750368795655e-01	6.740871230050242413e-02	2.854247924836669781e-02	6.994171012386649067e-02
1.014480413803512761e+03	2.754702581597149869e-01	1.804763026071785903e-01	2.364569518288480998e-01	1.415504528262704342e-01	6.745485490337332912e-02	2.857620368038573527e-02	7.001497599387630777e-02
1.015931744867609382e+03	2.751981346417889940e-01	1.803252559041604031e-01	2.366319208668428431e-01	1.416458337132557310e-01	6.750097470241274433e-02	2.860981187090919781e-02	7.008806830027757007e-02
1.017383075931706003e+03	2.749265123960186186e-01	1.801744445960425101e-01	2.368065623744742554e-01	1.417411183006649367e-01	6.754706937745059980e-02	2.864330551573372394e-02	7.016098743926280079e-02
1.018834406995802851e+03	2.746553905922785588e-01	1.800238682999897033e-01	2.369808771770273992e-01	1.418363071440418843e-01	6.759313671179412175e-02	2.867668625102706356e-02	7.023373382348868654e-02
1.020285738059899245e+03	2.743847683991332831e-01	1.798735266338734040e-01	2.371548660879573556e-01	1.419314007539217160e-01	6.763917458791642023e-02	2.870995565591919277e-02	7.030630788092598338e-02
1.021737069123995752e+03	2.741146449839505506e-01	1.797234192162674438e-01	2.373285299093486345e-01	1.420263995980104166e-01	6.768518098332107491e-02	2.874311525497381947e-02	7.037871005377543954e-02
1.023188400188092373e+03	2.738450195130096576e-01	1.795735456664438179e-01	2.375018694323557389e-01	1.421213041032707014e-01	6.773115396657541920e-02	2.877616652054603222e-02	7.045094079744596005e-02
1.024639731252188767e+03	2.735758911516055214e-01	1.794239056043689107e-01	2.376748854376253828e-01	1.422161146579184188e-01	6.777709169350615293e-02	2.880911087503151141e-02	7.052300057959146051e-02
1.026091062316285615e+03	2.733072590641483779e-01	1.792744986506994154e-01	2.378475786957009730e-01	1.423108316133324946e-01	6.782299240355060821e-02	2.884194969301246900e-02	7.059488987920299607e-02
1.027542393380382237e+03	2.730391224142588724e-01	1.791253244267787814e-01	2.380199499674107433e-01	1.424054552858830536e-01	6.786885441625760407e-02	2.887468430330528135e-02	7.066660918575302930e-02
1.028993724444478858e+03	2.727714803648598196e-01	1.789763825546334397e-01	2.381920000042391516e-01	1.424999859586798812e-01	6.791467612793189446e-02	2.890731599091443671e-02	7.073815899838879762e-02
1.030445055508575479e+03	2.725043320782634670e-01	1.788276726569693331e-01	2.383637295486832619e-01	1.425944238832456412e-01	6.796045600841639500e-02	2.893984599889725187e-02	7.080953982517204648e-02
1.031896386572671872e+03	2.722376767162554834e-01	1.786791943571686136e-01	2.385351393345941096e-01	1.426887692811163177e-01	6.800619259800687322e-02	2.897227553014363605e-02	7.088075218236242203e-02
1.033347717636768493e+03	2.719715134401751166e-01	1.785309472792861729e-01	2.387062300875038012e-01	1.427830223453718794e-01	6.805188450449356496e-02	2.900460574907481881e-02	7.095179659374201142e-02
1.034799048700865114e+03	2.717058414109922992e-01	1.783829310480465891e-01	2.388770025249391527e-01	1.428771832421007471e-01	6.809753040032480442e-02	2.903683778326496268e-02	7.102267358997879643e-02
1.036250379764961508e+03	2.714406597893811446e-01	1.782351452888409626e-01	2.390474573567220040e-01	1.429712521117998125e-01	6.814312901988756055e-02	2.906897272498924073e-02	7.109338370802667506e-02
1.037701710829058356e+03	2.711759677357905018e-01	1.780875896277237247e-01	2.392175952852571286e-01	1.430652290707137286e-01	6.818867915690038362e-02	2.910101163270185226e-02	7.116392749056008049e-02
1.039153041893154750e+03	2.709117644105115130e-01	1.779402636914100277e-01	2.393874170058082618e-01	1.431591142121150517e-01	6.823417966191414052e-02	2.913295553244725847e-02	7.123430548544121277e-02
1.040604372957251599e+03	2.706480489737422834e-01	1.777931671072725817e-01	2.395569232067622789e-01	1.432529076075286512e-01	6.827962943991604250e-02	2.916480541920778852e-02	7.130451824521791271e-02
1.042055704021347992e+03	2.703848205856495546e-01	1.776462995033390724e-01	2.397261145698826312e-01	1.433466093079019399e-01	6.832502744803302386e-02	2.919656225819056150e-02	7.137456632665072076e-02
1.043507035085444613e+03	2.701220784064283786e-01	1.774996605082894141e-01	2.398949917705521240e-01	1.434402193447235629e-01	6.837037269333033629e-02	2.922822698605658312e-02	7.144445029026716409e-02
1.044958366149541234e+03	2.698598215963584068e-01	1.773532497514530570e-01	2.400635554780053138e-01	1.435337377310927642e-01	6.841566423070134795e-02	2.925980051209469204e-02	7.151417069994195352e-02
1.046409697213637855e+03	2.695980493158585678e-01	1.772070668628065171e-01	2.402318063555515526e-01	1.436271644627412913e-01	6.846090116084509181e-02	2.929128371934297190e-02	7.158372812250153594e-02
1.047861028277734476e+03	2.693367607255388041e-01	1.770611114729708502e-01	2.403997450607884834e-01	1.437204995190099199e-01	6.850608262832783013e-02	2.932267746565998118e-02	7.165312312735167000e-02
1.049312359341831097e+03	2.690759549862499211e-01	1.769153832132092097e-01	2.405673722458065156e-01	1.438137428637817072e-01	6.855120781972523503e-02	2.935398258474824357e-02	7.172235628612673441e-02
1.050763690405927491e+03	2.688156312591310493e-01	1.767698817154245150e-01	2.407346885573850570e-01	1.439068944463734456e-01	6.859627596184193765e-02	2.938519988713211156e-02	7.179142817235954765e-02
1.052215021470024112e+03	2.685557887056553850e-01	1.766246066121570368e-01	2.409016946371801693e-01	1.439999542023872592e-01	6.864128632000521257e-02	2.941633016109215792e-02	7.186033936117046383e-02
1.053666352534120733e+03	2.682964264876736005e-01	1.764795575365823710e-01	2.410683911219047293e-01	1.440929220545241474e-01	6.868623819642981354e-02	2.944737417355811765e-02	7.192909042897488447e-02
1.055117683598217127e+03	2.680375437674558103e-01	1.763347341225090237e-01	2.412347786435006525e-01	1.441857979133609469e-01	6.873113092865106022e-02	2.947833267096225049e-02	7.199768195320792319e-02
1.056569014662313975e+03	2.677791397077311508e-01	1.761901360043764408e-01	2.414008578293042329e-01	1.442785816780921826e-01	6.877596388802334482e-02	2.950920638005498711e-02	7.206611451206539065e-02
1.058020345726410369e+03	2.675212134717260826e-01	1.760457628172527322e-01	2.415666293022044608e-01	1.443712732372384733e-01	6.882073647828129692e-02	2.953999600868456588e-02	7.213438868426019779e-02
1.059471676790506763e+03	2.672637642232008615e-01	1.759016141968328117e-01	2.417320936807945131e-01	1.444638724693228238e-01	6.886544813416120570e-02	2.957070224654231860e-02	7.220250504879326126e-02
1.060923007854603611e+03	2.670067911264846217e-01	1.757576897794362047e-01	2.418972515795172751e-01	1.445563792435162476e-01	6.891009832008009039e-02	2.960132576587517356e-02	7.227046418473816181e-02
1.062374338918700232e+03	2.667502933465086268e-01	1.756139892020053550e-01	2.420621036088043965e-01	1.446487934202537184e-01	6.895468652887001837e-02	2.963186722216692645e-02	7.233826667103873675e-02
1.063825669982796853e+03	2.664942700488381333e-01	1.754705121021034320e-01	2.422266503752097955e-01	1.447411148518222834e-01	6.899921228056550560e-02	2.966232725478960483e-02	7.240591308631899592e-02
1.065277001046893474e+03	2.662387203997030882e-01	1.753272581179126377e-01	2.423908924815373345e-01	1.448333433829219752e-01	6.904367512124177930e-02	2.969270648762641421e-02	7.247340400870450061e-02
1.066728332110990095e+03	2.659836435660272169e-01	1.751842268882322640e-01	2.425548305269633609e-01	1.449254788512009950e-01	6.908807462190169613e-02	2.972300552966742823e-02	7.254074001565480323e-02
1.068179663175086489e+03	2.657290387154558897e-01	1.750414180524770547e-01	2.427184651071539467e-01	1.450175210877660825e-01	6.913241037740937289e-02	2.975322497557940371e-02	7.260792168380607314e-02
1.069630994239183110e+03	2.654749050163828228e-01	1.748988312506752629e-01	2.428817968143774098e-01	1.451094699176692648e-01	6.917668200546865653e-02	2.978336540625077869e-02	7.267494958882360356e-02
1.071082325303279504e+03	2.652212416379758353e-01	1.747564661234670136e-01	2.430448262376118107e-01	1.452013251603721244e-01	6.922088914564453188e-02	2.981342738931303665e-02	7.274182430526349163e-02
1.072533656367376352e+03	2.649680477502006637e-01	1.746143223121026378e-01	2.432075539626483152e-01	1.452930866301881119e-01	6.926503145842559384e-02	2.984341147963949503e-02	7.280854640644304765e-02
1.073984987431472746e+03	2.647153225238447205e-01	1.744723994584409243e-01	2.433699805721899478e-01	1.453847541367043195e-01	6.930910862432601571e-02	2.987331821982256580e-02	7.287511646431943380e-02
1.075436318495569594e+03	2.644630651305390767e-01	1.743306972049475378e-01	2.435321066459463779e-01	1.454763274851832433e-01	6.935312034302526518e-02	2.990314814063038673e-02	7.294153504937603283e-02
1.076887649559666215e+03	2.642112747427798336e-01	1.741892151946934919e-01	2.436939327607246242e-01	1.455678064769456992e-01	6.939706633254415225e-02	2.993290176144385722e-02	7.300780273051629687e-02
1.078338980623762609e+03	2.639599505339483287e-01	1.740479530713534284e-01	2.438554594905159856e-01	1.456591909097355308e-01	6.944094632845544679e-02	2.996257959067486973e-02	7.307392007496442410e-02
1.079790311687859230e+03	2.637090916783303429e-01	1.739069104792041742e-01	2.440166874065795022e-01	1.457504805780667212e-01	6.948476008312789998e-02	2.999218212616663881e-02	7.313988764817269672e-02
1.081241642751955851e+03	2.634586973511350294e-01	1.737660870631232146e-01	2.441776170775216137e-01	1.458416752735542110e-01	6.952850736500207351e-02	3.002170985557690158e-02	7.320570601373495301e-02
1.082692973816052472e+03	2.632087667285122334e-01	1.736254824685870835e-01	2.443382490693727926e-01	1.459327747852284252e-01	6.957218795789675558e-02	3.005116325674479782e-02	7.327137573330598508e-02
1.084144304880149093e+03	2.629592989875693121e-01	1.734850963416700032e-01	2.444985839456607912e-01	1.460237788998348107e-01	6.961580166034467276e-02	3.008054279804209252e-02	7.333689736652648783e-02
1.085595635944245487e+03	2.627102933063872880e-01	1.733449283290424692e-01	2.446586222674808353e-01	1.461146874021186925e-01	6.965934828495616571e-02	3.010984893870953874e-02	7.340227147095318427e-02
1.087046967008342108e+03	2.624617488640363372e-01	1.732049780779696957e-01	2.448183645935630426e-01	1.462055000750962508e-01	6.970282765780994039e-02	3.013908212917892557e-02	7.346749860199400239e-02
1.088498298072438729e+03	2.622136648405901660e-01	1.730652452363103388e-01	2.449778114803368156e-01	1.462962167003121206e-01	6.974623961786938220e-02	3.016824281138156053e-02	7.353257931284785942e-02
1.089949629136535123e+03	2.619660404171401669e-01	1.729257294525149424e-01	2.451369634819926813e-01	1.463868370580841960e-01	6.978958401642365583e-02	3.019733141904374155e-02	7.359751415444891476e-02
1.091400960200631971e+03	2.617188747758085188e-01	1.727864303756247444e-01	2.452958211505415487e-01	1.464773609277363053e-01	6.983286071655241123e-02	3.022634837796976670e-02	7.366230367541502788e-02
1.092852291264728365e+03	2.614721670997610659e-01	1.726473476552702335e-01	2.454543850358714141e-01	1.465677880878191730e-01	6.987606959261324913e-02	3.025529410631312352e-02	7.372694842200008813e-02
1.094303622328825213e+03	2.612259165732192523e-01	1.725084809416698173e-01	2.456126556858018450e-01	1.466581183163202240e-01	6.991921052975075268e-02	3.028416901483627771e-02	7.379144893805018868e-02
1.095754953392921607e+03	2.609801223814716686e-01	1.723698298856285449e-01	2.457706336461360219e-01	1.467483513908628412e-01	6.996228342342634965e-02	3.031297350715964067e-02	7.385580576496328375e-02
1.097206284457018228e+03	2.607347837108849875e-01	1.722313941385368030e-01	2.459283194607108092e-01	1.468384870888951310e-01	7.000528817896824185e-02	3.034170798000018765e-02	7.392001944165217664e-02
1.098657615521114849e+03	2.604898997489145662e-01	1.720931733523689833e-01	2.460857136714445226e-01	1.469285251878692522e-01	7.004822471114020843e-02	3.037037282340013591e-02	7.398409050451065783e-02
1.100108946585211470e+03	2.602454696841140502e-01	1.719551671796823167e-01	2.462428168183829202e-01	1.470184654654113077e-01	7.009109294372889432e-02	3.039896842094618259e-02	7.404801948738268247e-02
1.101560277649308091e+03	2.600014927061450876e-01	1.718173752736154580e-01	2.463996294397431952e-01	1.471083076994821326e-01	7.013389280914844592e-02	3.042749514997968377e-02	7.411180692153430949e-02
1.103011608713404712e+03	2.597579680057863216e-01	1.716797972878874312e-01	2.465561520719561084e-01	1.471980516685299500e-01	7.017662424806206389e-02	3.045595338179817382e-02	7.417545333562834686e-02
1.104462939777501106e+03	2.595148947749416068e-01	1.715424328767963247e-01	2.467123852497064562e-01	1.472876971516344502e-01	7.021928720901951526e-02	3.048434348184861364e-02	7.423895925570145327e-02
1.105914270841597499e+03	2.592722722066485574e-01	1.714052816952180425e-01	2.468683295059718730e-01	1.473772439286434310e-01	7.026188164811020265e-02	3.051266580991274582e-02	7.430232520514362671e-02
1.107365601905694348e+03	2.590300994950859304e-01	1.712683433986051385e-01	2.470239853720598844e-01	1.474666917803018895e-01	7.030440752863074960e-02	3.054092072028488647e-02	7.436555170468005238e-02
1.108816932969790741e+03	2.587883758355811747e-01	1.711316176429856228e-01	2.471793533776435736e-01	1.475560404883738130e-01	7.034686482076696334e-02	3.056910856194245546e-02	7.442863927235490729e-02
1.110268264033887590e+03	2.585471004246172044e-01	1.709951040849618520e-01	2.473344340507958039e-01	1.476452898357575594e-01	7.038925350128916181e-02	3.059722967870963026e-02	7.449158842351726040e-02
1.111719595097984211e+03	2.583062724598391702e-01	1.708588023817092794e-01	2.474892279180218868e-01	1.477344396065944088e-01	7.043157355326050417e-02	3.062528440941438695e-02	7.455439967080883246e-02
1.113170926162080832e+03	2.580658911400604549e-01	1.707227121909753176e-01	2.476437355042910571e-01	1.478234895863710929e-01	7.047382496575778366e-02	3.065327308803918530e-02	7.461707352415355987e-02
1.114622257226177226e+03	2.578259556652687801e-01	1.705868331710782559e-01	2.477979573330665319e-01	1.479124395620163290e-01	7.051600773360404417e-02	3.068119604386564461e-02	7.467961049074885171e-02
1.116073588290273847e+03	2.575864652366318674e-01	1.704511649809060114e-01	2.479518939263343769e-01	1.480012893219917192e-01	7.055812185711267392e-02	3.070905360161340844e-02	7.474201107505835939e-02
1.117524919354370468e+03	2.573474190565024911e-01	1.703157072799151572e-01	2.481055458046313167e-01	1.480900386563774040e-01	7.060016734184226816e-02	3.073684608157349965e-02	7.480427577880631451e-02
1.118976250418467089e+03	2.571088163284236394e-01	1.701804597281296738e-01	2.482589134870712422e-01	1.481786873569522212e-01	7.064214419836205294e-02	3.076457379973635345e-02	7.486640510097331003e-02
1.120427581482563710e+03	2.568706562571333452e-01	1.700454219861398941e-01	2.484119974913706064e-01	1.482672352172691721e-01	7.068405244202730087e-02	3.079223706791481621e-02	7.492839953779333040e-02
1.121878912546660331e+03	2.566329380485690703e-01	1.699105937151015044e-01	2.485647983338730160e-01	1.483556820327262549e-01	7.072589209276428091e-02	3.081983619386229750e-02	7.499025958275207238e-02
1.123330243610756725e+03	2.563956609098717587e-01	1.697759745767342399e-01	2.487173165295727129e-01	1.484440276006326886e-01	7.076766317486442304e-02	3.084737148138625568e-02	7.505198572658651479e-02
1.124781574674853118e+03	2.561588240493899993e-01	1.696415642333209961e-01	2.488695525921368334e-01	1.485322717202708087e-01	7.080936571678728142e-02	3.087484323045729118e-02	7.511357845728543203e-02
1.126232905738949967e+03	2.559224266766837452e-01	1.695073623477066915e-01	2.490215070339272807e-01	1.486204141929539368e-01	7.085099975097183811e-02	3.090225173731395852e-02	7.517503826009118428e-02
1.127684236803046360e+03	2.556864680025279224e-01	1.693733685832972125e-01	2.491731803660213185e-01	1.487084548220804214e-01	7.089256531365595304e-02	3.092959729456355028e-02	7.523636561750232654e-02
1.129135567867143209e+03	2.554509472389153157e-01	1.692395826040583029e-01	2.493245730982314723e-01	1.487963934131838750e-01	7.093406244470350230e-02	3.095688019127898136e-02	7.529756100927720297e-02
1.130586898931239830e+03	2.552158635990602886e-01	1.691060040745145931e-01	2.494756857391245974e-01	1.488842297739798315e-01	7.097549118743891328e-02	3.098410071309193325e-02	7.535862491243847106e-02
1.132038229995336451e+03	2.549812162974011698e-01	1.689726326597485728e-01	2.496265187960402809e-01	1.489719637144091835e-01	7.101685158848869417e-02	3.101125914228247335e-02	7.541955780127831965e-02
1.133489561059432845e+03	2.547470045496031399e-01	1.688394680253994251e-01	2.497770727751083830e-01	1.490595950466780950e-01	7.105814369762988858e-02	3.103835575786524636e-02	7.548036014736460297e-02
1.134940892123529466e+03	2.545132275725606741e-01	1.687065098376620553e-01	2.499273481812659403e-01	1.491471235852952493e-01	7.109936756764492771e-02	3.106539083567239415e-02	7.554103241954755743e-02
1.136392223187626087e+03	2.542798845844001510e-01	1.685737577632862028e-01	2.500773455182733751e-01	1.492345491471057106e-01	7.114052325418271372e-02	3.109236464843337724e-02	7.560157508396739279e-02
1.137843554251722708e+03	2.540469748044816845e-01	1.684412114695751639e-01	2.502270652887300106e-01	1.493218715513223716e-01	7.118161081562560111e-02	3.111927746585177804e-02	7.566198860406231352e-02
1.139294885315819101e+03	2.538144974534013998e-01	1.683088706243850430e-01	2.503765079940891702e-01	1.494090906195544577e-01	7.122263031296220681e-02	3.114612955467926242e-02	7.572227344057728959e-02
1.140746216379915950e+03	2.535824517529934319e-01	1.681767348961235309e-01	2.505256741346724714e-01	1.494962061758337846e-01	7.126358180966552158e-02	3.117292117878679367e-02	7.578243005157331291e-02
1.142197547444012343e+03	2.533508369263311466e-01	1.680448039537490723e-01	2.506745642096835924e-01	1.495832180466381833e-01	7.130446537157640596e-02	3.119965259923320258e-02	7.584245889243719507e-02
1.143648878508108737e+03	2.531196521977292502e-01	1.679130774667697557e-01	2.508231787172217064e-01	1.496701260609130668e-01	7.134528106679190185e-02	3.122632407433126658e-02	7.590236041589187854e-02
1.145100209572205586e+03	2.528888967927448439e-01	1.677815551052423138e-01	2.509715181542940821e-01	1.497569300500904976e-01	7.138602896555851229e-02	3.125293585971136712e-02	7.596213507200720583e-02
1.146551540636302207e+03	2.526585699381790895e-01	1.676502365397712913e-01	2.511195830168282961e-01	1.498436298481063411e-01	7.142670914016994999e-02	3.127948820838284683e-02	7.602178330821107721e-02
1.148002871700398828e+03	2.524286708620782083e-01	1.675191214415078234e-01	2.512673737996840573e-01	1.499302252914152811e-01	7.146732166486929883e-02	3.130598137079315668e-02	7.608130556930106647e-02
1.149454202764495449e+03	2.521991987937346469e-01	1.673882094821489142e-01	2.514148909966648082e-01	1.500167162190040038e-01	7.150786661575546377e-02	3.133241559488485206e-02	7.614070229745634188e-02
1.150905533828591842e+03	2.519701529636878545e-01	1.672575003339362432e-01	2.515621351005280504e-01	1.501031024724027718e-01	7.154834407069349256e-02	3.135879112615060776e-02	7.619997393225000359e-02
1.152356864892688463e+03	2.517415326037254486e-01	1.671269936696553049e-01	2.517091066029964463e-01	1.501893838956949445e-01	7.158875410922888038e-02	3.138510820768627974e-02	7.625912091066167076e-02
1.153808195956785084e+03	2.515133369468837699e-01	1.669966891626344652e-01	2.518558059947675343e-01	1.502755603355251934e-01	7.162909681250551053e-02	3.141136708024206553e-02	7.631814366709047115e-02
1.155259527020881706e+03	2.512855652274486040e-01	1.668665864867439064e-01	2.520022337655234423e-01	1.503616316411058029e-01	7.166937226318713383e-02	3.143756798227192312e-02	7.637704263336819732e-02
1.156710858084978327e+03	2.510582166809555704e-01	1.667366853163948226e-01	2.521483904039404367e-01	1.504475976642219992e-01	7.170958054538222048e-02	3.146371114998126189e-02	7.643581823877272641e-02
1.158162189149074720e+03	2.508312905441909546e-01	1.666069853265382816e-01	2.522942763976975811e-01	1.505334582592354198e-01	7.174972174457205920e-02	3.148979681737296837e-02	7.649447091004178689e-02
1.159613520213171569e+03	2.506047860551917084e-01	1.664774861926644201e-01	2.524398922334856743e-01	1.506192132830865560e-01	7.178979594754199278e-02	3.151582521629191225e-02	7.655300107138682253e-02
1.161064851277267962e+03	2.503787024532458383e-01	1.663481875908013885e-01	2.525852383970155213e-01	1.507048625952957521e-01	7.182980324231552638e-02	3.154179657646788426e-02	7.661140914450711992e-02
1.162516182341364356e+03	2.501530389788929609e-01	1.662190891975145746e-01	2.527303153730257601e-01	1.507904060579631778e-01	7.186974371809137785e-02	3.156771112555713937e-02	7.666969554860404712e-02
1.163967513405461204e+03	2.499277948739238031e-01	1.660901906899054092e-01	2.528751236452909668e-01	1.508758435357675509e-01	7.190961746518320652e-02	3.159356908918252438e-02	7.672786070039556983e-02
1.165418844469557826e+03	2.497029693813808404e-01	1.659614917456107286e-01	2.530196636966287604e-01	1.509611748959637512e-01	7.194942457496189547e-02	3.161937069097228020e-02	7.678590501413082303e-02
1.166870175533654447e+03	2.494785617455579640e-01	1.658329920428016080e-01	2.531639360089070201e-01	1.510464000083796554e-01	7.198916513980042897e-02	3.164511615259757438e-02	7.684382890160483537e-02
1.168321506597751068e+03	2.492545712120005363e-01	1.657046912601825295e-01	2.533079410630511008e-01	1.511315187454116415e-01	7.202883925302107360e-02	3.167080569380880534e-02	7.690163277217340609e-02
1.169772837661847461e+03	2.490309970275051410e-01	1.655765890769904380e-01	2.534516793390503286e-01	1.512165309820195647e-01	7.206844700884489086e-02	3.169643953247072710e-02	7.695931703276809310e-02
1.171224168725944082e+03	2.488078384401194443e-01	1.654486851729938257e-01	2.535951513159641069e-01	1.513014365957206231e-01	7.210798850234342861e-02	3.172201788459647065e-02	7.701688208791124257e-02
1.172675499790040703e+03	2.485850946991419730e-01	1.653209792284918989e-01	2.537383574719289103e-01	1.513862354665824472e-01	7.214746382939242475e-02	3.174754096438044820e-02	7.707432833973117126e-02
1.174126830854137097e+03	2.483627650551216148e-01	1.651934709243134403e-01	2.538812982841635035e-01	1.514709274772154668e-01	7.218687308662768976e-02	3.177300898423026515e-02	7.713165618797733492e-02
1.175578161918233945e+03	2.481408487598573964e-01	1.650661599418160874e-01	2.540239742289752134e-01	1.515555125127646119e-01	7.222621637140271000e-02	3.179842215479758427e-02	7.718886603003574653e-02
1.177029492982330339e+03	2.479193450663980114e-01	1.649390459628854444e-01	2.541663857817653693e-01	1.516399904609001259e-01	7.226549378174827731e-02	3.182378068500808094e-02	7.724595826094417250e-02
1.178480824046426733e+03	2.476982532290412653e-01	1.648121286699339438e-01	2.543085334170346878e-01	1.517243612118079343e-01	7.230470541633367276e-02	3.184908478209045463e-02	7.730293327340760634e-02
1.179932155110523581e+03	2.474775725033336038e-01	1.646854077459002086e-01	2.544504176083884905e-01	1.518086246581793197e-01	7.234385137442971014e-02	3.187433465160458002e-02	7.735979145781370081e-02
1.181383486174620202e+03	2.472573021460694742e-01	1.645588828742479415e-01	2.545920388285419222e-01	1.518927806951999859e-01	7.238293175587333372e-02	3.189953049746876990e-02	7.741653320224817225e-02
1.182834817238716823e+03	2.470374414152907150e-01	1.644325537389652314e-01	2.547333975493246139e-01	1.519768292205387061e-01	7.242194666103370093e-02	3.192467252198627481e-02	7.747315889251032983e-02
1.184286148302813444e+03	2.468179895702860005e-01	1.643064200245634432e-01	2.548744942416855674e-01	1.520607701343353046e-01	7.246089619077980548e-02	3.194976092587097777e-02	7.752966891212852152e-02
1.185737479366910065e+03	2.465989458715898697e-01	1.641804814160764958e-01	2.550153293756975414e-01	1.521446033391882502e-01	7.249978044644948827e-02	3.197479590827234652e-02	7.758606364237566333e-02
1.187188810431006686e+03	2.463803095809821431e-01	1.640547375990597800e-01	2.551559034205617693e-01	1.522283287401417773e-01	7.253859952981980830e-02	3.199977766679965030e-02	7.764234346228468531e-02
1.188640141495103080e+03	2.461620799614871458e-01	1.639291882595895200e-01	2.552962168446120117e-01	1.523119462446726469e-01	7.257735354307873199e-02	3.202470639754549653e-02	7.769850874866404689e-02
1.190091472559199701e+03	2.459442562773728469e-01	1.638038330842616630e-01	2.554362701153187198e-01	1.523954557626764628e-01	7.261604258879798823e-02	3.204958229510871531e-02	7.775455987611321063e-02
1.191542803623296322e+03	2.457268377941498882e-01	1.636786717601910468e-01	2.555760636992931989e-01	1.524788572064535996e-01	7.265466676990720019e-02	3.207440555261657777e-02	7.781049721703811595e-02
1.192994134687392716e+03	2.455098237785708071e-01	1.635537039750106503e-01	2.557155980622913272e-01	1.525621504906947978e-01	7.269322618966905791e-02	3.209917636174640376e-02	7.786632114166654184e-02
1.194445465751489564e+03	2.452932134986291202e-01	1.634289294168704831e-01	2.558548736692176084e-01	1.526453355324665084e-01	7.273172095165569839e-02	3.212389491274660058e-02	7.792203201806358059e-02
1.195896796815585958e+03	2.450770062235582136e-01	1.633043477744369476e-01	2.559938909841285581e-01	1.527284122511958497e-01	7.277015115972600146e-02	3.214856139445711192e-02	7.797763021214694501e-02
1.197348127879682352e+03	2.448612012238304547e-01	1.631799587368917559e-01	2.561326504702364226e-01	1.528113805686553417e-01	7.280851691800394043e-02	3.217317599432931857e-02	7.803311608770235885e-02
1.198799458943779200e+03	2.446457977711562204e-01	1.630557619939312086e-01	2.562711525899125653e-01	1.528942404089474738e-01	7.284681833085789038e-02	3.219773889844541881e-02	7.808849000639880855e-02
1.200250790007875821e+03	2.444307951384827038e-01	1.629317572357651678e-01	2.564093978046910194e-01	1.529769916984886902e-01	7.288505550288087997e-02	3.222225029153731601e-02	7.814375232780379488e-02
1.201702121071972442e+03	2.442161925999929428e-01	1.628079441531163629e-01	2.565473865752714855e-01	1.530596343659936798e-01	7.292322853887157896e-02	3.224671035700499289e-02	7.819890340939851525e-02
1.203153452136069063e+03	2.440019894311047099e-01	1.626843224372194197e-01	2.566851193615226068e-01	1.531421683424590563e-01	7.296133754381632641e-02	3.227111927693442767e-02	7.825394360659301829e-02
1.204604783200165684e+03	2.437881849084693187e-01	1.625608917798199438e-01	2.568225966224852996e-01	1.532245935611469823e-01	7.299938262287175572e-02	3.229547723211505933e-02	7.830887327274127507e-02
1.206056114264262078e+03	2.435747783099704578e-01	1.624376518731737995e-01	2.569598188163753627e-01	1.533069099575687100e-01	7.303736388134833557e-02	3.231978440205681563e-02	7.836369275915622268e-02
1.207507445328358699e+03	2.433617689147231922e-01	1.623146024100461104e-01	2.570967864005865855e-01	1.533891174694678450e-01	7.307528142469456311e-02	3.234404096500673176e-02	7.841840241512472442e-02
1.208958776392455093e+03	2.431491560030725474e-01	1.621917430837104546e-01	2.572334998316936905e-01	1.534712160368035261e-01	7.311313535848189271e-02	3.236824709796515265e-02	7.847300258792243299e-02
1.210410107456551941e+03	2.429369388565924825e-01	1.620690735879480593e-01	2.573699595654551087e-01	1.535532056017335223e-01	7.315092578839030302e-02	3.239240297670153979e-02	7.852749362282868129e-02
1.211861438520648335e+03	2.427251167580845026e-01	1.619465936170467746e-01	2.575061660568156441e-01	1.536350861085971076e-01	7.318865282019455798e-02	3.241650877576993106e-02	7.858187586314120676e-02
1.213312769584745183e+03	2.425136889915764926e-01	1.618243028658004623e-01	2.576421197599089163e-01	1.537168575038979912e-01	7.322631655975103682e-02	3.244056466852399817e-02	7.863614965019086189e-02
1.214764100648841804e+03	2.423026548423214410e-01	1.617022010295078860e-01	2.577778211280601917e-01	1.537985197362870815e-01	7.326391711298514686e-02	3.246457082713179176e-02	7.869031532335619972e-02
1.216215431712937971e+03	2.420920135967960518e-01	1.615802878039721280e-01	2.579132706137888809e-01	1.538800727565451110e-01	7.330145458587936091e-02	3.248852742259014659e-02	7.874437322007807327e-02
1.217666762777034819e+03	2.418817645426996066e-01	1.614585628854995070e-01	2.580484686688109264e-01	1.539615165175652611e-01	7.333892908446169867e-02	3.251243462473873275e-02	7.879832367587402686e-02
1.219118093841131440e+03	2.416719069689524657e-01	1.613370259708987453e-01	2.581834157440413002e-01	1.540428509743358709e-01	7.337634071479480491e-02	3.253629260227381553e-02	7.885216702435275671e-02
1.220569424905228061e+03	2.414624401656948194e-01	1.612156767574803029e-01	2.583181122895962245e-01	1.541240760839227841e-01	7.341368958296549951e-02	3.256010152276172381e-02	7.890590359722839120e-02
1.222020755969324682e+03	2.412533634242853553e-01	1.610945149430554058e-01	2.584525587547955028e-01	1.542051918054519466e-01	7.345097579507478547e-02	3.258386155265201312e-02	7.895953372433467399e-02
1.223472087033421303e+03	2.410446760372998709e-01	1.609735402259352410e-01	2.585867555881648516e-01	1.542861981000918370e-01	7.348819945722830094e-02	3.260757285729033034e-02	7.901305773363918872e-02
1.224923418097517697e+03	2.408363772985298301e-01	1.608527523049299857e-01	2.587207032374381210e-01	1.543670949310360363e-01	7.352536067552724319e-02	3.263123560093104947e-02	7.906647595125737560e-02
1.226374749161614318e+03	2.406284665029810033e-01	1.607321508793481957e-01	2.588544021495592928e-01	1.544478822634854642e-01	7.356245955605965336e-02	3.265484994674958119e-02	7.911978870146647858e-02
1.227826080225710712e+03	2.404209429468721071e-01	1.606117356489957515e-01	2.589878527706846456e-01	1.545285600646310320e-01	7.359949620489213140e-02	3.267841605685452289e-02	7.917299630671946475e-02
1.229277411289807560e+03	2.402138059276333337e-01	1.604915063141752474e-01	2.591210555461849752e-01	1.546091283036359343e-01	7.363647072806193961e-02	3.270193409229946169e-02	7.922609908765883280e-02
1.230728742353903954e+03	2.400070547439049073e-01	1.603714625756847978e-01	2.592540109206474264e-01	1.546895869516181909e-01	7.367338323156942537e-02	3.272540421309460407e-02	7.927909736313032418e-02
1.232180073418000802e+03	2.398006886955356409e-01	1.602516041348177045e-01	2.593867193378776581e-01	1.547699359816331610e-01	7.371023382137087410e-02	3.274882657821815563e-02	7.933199145019653731e-02
1.233631404482097196e+03	2.395947070835815484e-01	1.601319306933611242e-01	2.595191812409017307e-01	1.548501753686558902e-01	7.374702260337152870e-02	3.277220134562747189e-02	7.938478166415044446e-02
1.235082735546193817e+03	2.393891092103042906e-01	1.600124419535955966e-01	2.596513970719680486e-01	1.549303050895637912e-01	7.378374968341913642e-02	3.279552867227004259e-02	7.943746831852890877e-02
1.236534066610290438e+03	2.391838943791697591e-01	1.598931376182940178e-01	2.597833672725490262e-01	1.550103251231191859e-01	7.382041516729767605e-02	3.281880871409417755e-02	7.949005172512597917e-02
1.237985397674387059e+03	2.389790618948465506e-01	1.597740173907208905e-01	2.599150922833434185e-01	1.550902354499519298e-01	7.385701916072136275e-02	3.284204162605956767e-02	7.954253219400615749e-02
1.239436728738483680e+03	2.387746110632044672e-01	1.596550809746315469e-01	2.600465725442777098e-01	1.551700360525419264e-01	7.389356176932898590e-02	3.286522756214764474e-02	7.959491003351762406e-02
1.240888059802580301e+03	2.385705411913130736e-01	1.595363280742712053e-01	2.601778084945081670e-01	1.552497269152020298e-01	7.393004309867851065e-02	3.288836667537170522e-02	7.964718555030525504e-02
1.242339390866676695e+03	2.383668515874401428e-01	1.594177583943741927e-01	2.603088005724223941e-01	1.553293080240607249e-01	7.396646325424187374e-02	3.291145911778691618e-02	7.969935904932369530e-02
1.243790721930773088e+03	2.381635415610501572e-01	1.592993716401631676e-01	2.604395492156413860e-01	1.554087793670449191e-01	7.400282234140012627e-02	3.293450504050007138e-02	7.975143083385018150e-02
1.245242052994869937e+03	2.379606104228027263e-01	1.591811675173482321e-01	2.605700548610208056e-01	1.554881409338628451e-01	7.403912046543867365e-02	3.295750459367922935e-02	7.980340120549740679e-02
1.246693384058966330e+03	2.377580574845511163e-01	1.590631457321262099e-01	2.607003179446531482e-01	1.555673927159870740e-01	7.407535773154291792e-02	3.298045792656317809e-02	7.985527046422620512e-02
1.248144715123063179e+03	2.375558820593406673e-01	1.589453059911797306e-01	2.608303389018691854e-01	1.556465347066374183e-01	7.411153424479388629e-02	3.300336518747073317e-02	7.990703890835822165e-02
1.249596046187159800e+03	2.373540834614072392e-01	1.588276480016764525e-01	2.609601181672395742e-01	1.557255669007640841e-01	7.414765011016426210e-02	3.302622652380985541e-02	7.995870683458838890e-02
1.251047377251256421e+03	2.371526610061756857e-01	1.587101714712683131e-01	2.610896561745764122e-01	1.558044892950308791e-01	7.418370543251452676e-02	3.304904208208665761e-02	8.001027453799740286e-02
1.252498708315352815e+03	2.369516140102583268e-01	1.585928761080905858e-01	2.612189533569350131e-01	1.558833018877983922e-01	7.421970031658932376e-02	3.307181200791421694e-02	8.006174231206407421e-02
1.253950039379449436e+03	2.367509417914532566e-01	1.584757616207610742e-01	2.613480101466154615e-01	1.559620046791073689e-01	7.425563486701391991e-02	3.309453644602129707e-02	8.011311044867756859e-02
1.255401370443546057e+03	2.365506436687428160e-01	1.583588277183795856e-01	2.614768269751641672e-01	1.560405976706620568e-01	7.429150918829091621e-02	3.311721554026089698e-02	8.016437923814961897e-02
1.256852701507642678e+03	2.363507189622921778e-01	1.582420741105266815e-01	2.616054042733751972e-01	1.561190808658137752e-01	7.432732338479709766e-02	3.313984943361866775e-02	8.021554896922651612e-02
1.258304032571739299e+03	2.361511669934474589e-01	1.581255005072631781e-01	2.617337424712921634e-01	1.561974542695445389e-01	7.436307756078044950e-02	3.316243826822119073e-02	8.026661992910116838e-02
1.259755363635835920e+03	2.359519870847344436e-01	1.580091066191292859e-01	2.618618419982093881e-01	1.562757178884506548e-01	7.439877182035731229e-02	3.318498218534415151e-02	8.031759240342495332e-02
1.261206694699932314e+03	2.357531785598566965e-01	1.578928921571437216e-01	2.619897032826737360e-01	1.563538717307264292e-01	7.443440626750966183e-02	3.320748132542038905e-02	8.036846667631954155e-02
1.262658025764028707e+03	2.355547407436941743e-01	1.577768568328029863e-01	2.621173267524858352e-01	1.564319158061482085e-01	7.446998100608259730e-02	3.322993582804777829e-02	8.041924303038859578e-02
1.264109356828125556e+03	2.353566729623015330e-01	1.576610003580805885e-01	2.622447128347015211e-01	1.565098501260581976e-01	7.450549613978187102e-02	3.325234583199705718e-02	8.046992174672935871e-02
1.265560687892221949e+03	2.351589745429066014e-01	1.575453224454261003e-01	2.623718619556335008e-01	1.565876747033486394e-01	7.454095177217155699e-02	3.327471147521950112e-02	8.052050310494422714e-02
1.267012018956318798e+03	2.349616448139085489e-01	1.574298228077645190e-01	2.624987745408526862e-01	1.566653895524457996e-01	7.457634800667192754e-02	3.329703289485448636e-02	8.057098738315218722e-02
1.268463350020415419e+03	2.347646831048765537e-01	1.573145011584953790e-01	2.626254510151894705e-01	1.567429946892943959e-01	7.461168494655731620e-02	3.331931022723694930e-02	8.062137485800013881e-02
1.269914681084511813e+03	2.345680887465479703e-01	1.571993572114920301e-01	2.627518918027351713e-01	1.568204901313418886e-01	7.464696269495421643e-02	3.334154360790476251e-02	8.067166580467415027e-02
1.271366012148608434e+03	2.343718610708267758e-01	1.570843906811007218e-01	2.628780973268438070e-01	1.568978758975228538e-01	7.468218135483936648e-02	3.336373317160598595e-02	8.072186049691065790e-02
1.272817343212705055e+03	2.341759994107820153e-01	1.569696012821399089e-01	2.630040680101329298e-01	1.569751520082437457e-01	7.471734102903804242e-02	3.338587905230599312e-02	8.077195920700752652e-02
1.274268674276801676e+03	2.339805031006460256e-01	1.568549887298994749e-01	2.631298042744854015e-01	1.570523184853673260e-01	7.475244182022235118e-02	3.340798138319455574e-02	8.082196220583504065e-02
1.275720005340898297e+03	2.337853714758128809e-01	1.567405527401399545e-01	2.632553065410505044e-01	1.571293753521976477e-01	7.478748383090970397e-02	3.343004029669278954e-02	8.087186976284682638e-02
1.277171336404994690e+03	2.335906038728367551e-01	1.566262930290915067e-01	2.633805752302453285e-01	1.572063226334647901e-01	7.482246716346127591e-02	3.345205592446000298e-02	8.092168214609070376e-02
1.278622667469091539e+03	2.333961996294302843e-01	1.565122093134534709e-01	2.635056107617562704e-01	1.572831603553098423e-01	7.485739192008070142e-02	3.347402839740049041e-02	8.097139962221930332e-02
1.280073998533187932e+03	2.332021580844628461e-01	1.563983013103934228e-01	2.636304135545403105e-01	1.573598885452701657e-01	7.489225820281264490e-02	3.349595784567023504e-02	8.102102245650080747e-02
1.281525329597284326e+03	2.330084785779590328e-01	1.562845687375463144e-01	2.637549840268260670e-01	1.574365072322643500e-01	7.492706611354162105e-02	3.351784439868345233e-02	8.107055091282952541e-02
1.282976660661381175e+03	2.328151604510969586e-01	1.561710113130138633e-01	2.638793225961156286e-01	1.575130164465777249e-01	7.496181575399080144e-02	3.353968818511915417e-02	8.111998525373625979e-02
1.284427991725477568e+03	2.326222030462065382e-01	1.560576287553636365e-01	2.640034296791853308e-01	1.575894162198476223e-01	7.499650722572095973e-02	3.356148933292754655e-02	8.116932574039882609e-02
1.285879322789574417e+03	2.324296057067678500e-01	1.559444207836282459e-01	2.641273056920873663e-01	1.576657065850489703e-01	7.503114063012940316e-02	3.358324796933638556e-02	8.121857263265225280e-02
1.287330653853671038e+03	2.322373677774096645e-01	1.558313871173047649e-01	2.642509510501508951e-01	1.577418875764799167e-01	7.506571606844895939e-02	3.360496422085726409e-02	8.126772618899903711e-02
1.288781984917767431e+03	2.320454886039074460e-01	1.557185274763537297e-01	2.643743661679834878e-01	1.578179592297475620e-01	7.510023364174717164e-02	3.362663821329175962e-02	8.131678666661928956e-02
1.290233315981864052e+03	2.318539675331820482e-01	1.556058415811984730e-01	2.644975514594723465e-01	1.578939215817538044e-01	7.513469345092536888e-02	3.364827007173758211e-02	8.136575432138078157e-02
