1.001418434226643626e+03	2.778859381104222814e-01	1.818816748727909993e-01	2.348679481892599064e-01	1.406811352022458994e-01	6.702808464128347243e-02	2.829915383927485151e-02	6.935606514437082926e-02
1.003837319333471214e+03	2.774228644824853207e-01	1.816282664981050121e-01	2.351640101123605164e-01	1.408413432750558747e-01	6.710545688118690899e-02	2.835700759687776254e-02	6.948105115357691708e-02
1.006256204440298802e+03	2.769612160654786326e-01	1.813755124479220771e-01	2.354591384042362956e-01	1.410012829557392156e-01	6.718281512438946390e-02	2.841450007864418370e-02	6.960553492323842684e-02
1.008675089547126618e+03	2.765009890191764685e-01	1.811234109514075763e-01	2.357533374991443997e-01	1.411609585028173741e-01	6.726014481278819179e-02	2.847164128079192683e-02	6.972951793352247241e-02
1.011093974653954206e+03	2.760421794855164590e-01	1.808719602434126772e-01	2.360466117002344988e-01	1.413203736670038957e-01	6.733743246454650111e-02	2.852844057986101550e-02	6.985300185907337978e-02
1.013512859760782021e+03	2.755847835906271026e-01	1.806211585644015294e-01	2.363389651883134046e-01	1.414795317315402645e-01	6.741466559876503617e-02	2.858490677897299742e-02	6.997598854702807847e-02
1.015931744867609382e+03	2.751287974467126474e-01	1.803710041603827641e-01	2.366304020299975497e-01	1.416384355496347058e-01	6.749183266530574266e-02	2.864104815043591254e-02	7.009847999717913614e-02
1.018350629974437197e+03	2.746742171538055777e-01	1.801214952828449622e-01	2.369209261852957826e-01	1.417970875792042285e-01	6.756892297942899972e-02	2.869687247499444135e-02	7.022047834407446620e-02
1.020769515081264785e+03	2.742210388013959221e-01	1.798726301886957590e-01	2.372105415146615603e-01	1.419554899151077021e-01	6.764592666092439366e-02	2.875238707799934387e-02	7.034198584086373551e-02
1.023188400188092373e+03	2.737692584699456533e-01	1.796244071402044729e-01	2.374992517855508967e-01	1.421136443190434973e-01	6.772283457743592805e-02	2.880759886274703377e-02	7.046300484472098336e-02
1.025607285294920075e+03	2.733188722322957287e-01	1.793768244049475935e-01	2.377870606785203456e-01	1.422715522472753347e-01	6.779963829170124190e-02	2.886251434121895471e-02	7.058353780368926966e-02
1.028026170401747549e+03	2.728698761549738783e-01	1.791298802557576286e-01	2.380739717928967991e-01	1.424292148763375288e-01	6.787633001244214315e-02	2.891713966243113568e-02	7.070358724480936552e-02
1.030445055508575479e+03	2.724222662994094102e-01	1.788835729706744482e-01	2.383599886520486877e-01	1.425866331268613452e-01	6.795290254866044599e-02	2.897148063858667050e-02	7.082315576340758589e-02
1.032863940615402726e+03	2.719760387230613086e-01	1.786379008328992379e-01	2.386451147082863933e-01	1.427438076856542004e-01	6.802934926710925423e-02	2.902554276920766424e-02	7.094224601343054881e-02
1.035282825722230655e+03	2.715311894804666171e-01	1.783928621307508955e-01	2.389293533474177167e-01	1.429007390261545496e-01	6.810566405272423796e-02	2.907933126340869409e-02	7.106086069872584454e-02
1.037701710829058356e+03	2.710877146242136049e-01	1.781484551576245356e-01	2.392127078929821293e-01	1.430574274273771762e-01	6.818184127181378673e-02	2.913285106046016593e-02	7.117900256517721569e-02
1.040120595935886058e+03	2.706456102058448776e-01	1.779046782119520220e-01	2.394951816101865416e-01	1.432138729914550213e-01	6.825787573781993967e-02	2.918610684877788811e-02	7.129667439361234149e-02
1.042539481042713533e+03	2.702048722766965394e-01	1.776615295971646358e-01	2.397767777095633768e-01	1.433700756598771664e-01	6.833376267947433025e-02	2.923910308346375567e-02	7.141387899340885526e-02
1.044958366149541234e+03	2.697654968886761817e-01	1.774190076216572987e-01	2.400574993503703236e-01	1.435260352285155083e-01	6.840949771118497169e-02	2.929184400251238357e-02	7.153061919673200930e-02
1.047377251256368709e+03	2.693274800949853609e-01	1.771771105987546002e-01	2.403373496437499757e-01	1.436817513615255282e-01	6.848507680550074139e-02	2.934433364178894166e-02	7.164689785334354966e-02
1.049796136363196410e+03	2.688908179507899510e-01	1.769358368466781573e-01	2.406163316556660103e-01	1.438372236042019803e-01	6.856049626751026249e-02	2.939657584887500966e-02	7.176271782592734405e-02
1.052215021470024112e+03	2.684555065138412022e-01	1.766951846885158328e-01	2.408944484096320060e-01	1.439924513948637186e-01	6.863575271104195574e-02	2.944857429587131176e-02	7.187808198588270525e-02
1.054633906576851814e+03	2.680215418450526688e-01	1.764551524521916215e-01	2.411717028892471082e-01	1.441474340758367445e-01	6.871084303654050041e-02	2.950033249123898069e-02	7.199299320954104242e-02
1.057052791683679516e+03	2.675889200090344477e-01	1.762157384704375329e-01	2.414480980405524224e-01	1.443021709036005074e-01	6.878576441050356094e-02	2.955185379075448565e-02	7.210745437476577535e-02
1.059471676790506763e+03	2.671576370745884499e-01	1.759769410807660028e-01	2.417236367742205128e-01	1.444566610581568822e-01	6.886051424637049112e-02	2.960314140764721755e-02	7.222146835789920727e-02
1.061890561897334692e+03	2.667276891151676432e-01	1.757387586254438305e-01	2.419983219675901631e-01	1.446109036516781965e-01	6.893509018676199918e-02	2.965419842198321887e-02	7.233503803102372953e-02
1.064309447004162394e+03	2.662990722093015461e-01	1.755011894514668103e-01	2.422721564665568927e-01	1.447648977364857648e-01	6.900949008697661313e-02	2.970502778935348379e-02	7.244816625950768751e-02
1.066728332110990095e+03	2.658717824409899122e-01	1.752642319105354451e-01	2.425451430873299119e-01	1.449186423124074197e-01	6.908371199965633591e-02	2.975563234892054584e-02	7.256085589980927619e-02
1.069147217217817570e+03	2.654458159000676609e-01	1.750278843590315214e-01	2.428172846180647049e-01	1.450721363335586156e-01	6.915775416053950020e-02	2.980601483087282413e-02	7.267310979751409605e-02
1.071566102324645271e+03	2.650211686825422741e-01	1.747921451579954322e-01	2.430885838203799831e-01	1.452253787145894315e-01	6.923161497522500873e-02	2.985617786333225401e-02	7.278493078558452567e-02
1.073984987431472746e+03	2.645978368909066014e-01	1.745570126731042782e-01	2.433590434307675021e-01	1.453783683364353041e-01	6.930529300687687799e-02	2.990612397875716533e-02	7.289632168280113511e-02
1.076403872538300675e+03	2.641758166344275738e-01	1.743224852746507736e-01	2.436286661619020133e-01	1.455311040516084065e-01	6.937878696480299923e-02	2.995585561987895024e-02	7.300728529237807130e-02
1.078822757645127922e+03	2.637551040294134896e-01	1.740885613375226515e-01	2.438974547038588181e-01	1.456835846890624786e-01	6.945209569384690196e-02	3.000537514520818655e-02	7.311782440073624767e-02
1.081241642751955851e+03	2.633356951994608730e-01	1.738552392411826519e-01	2.441654117252451961e-01	1.458358090586626687e-01	6.952521816453499648e-02	3.005468483414294040e-02	7.322794177641953062e-02
1.083660527858783553e+03	2.629175862756824023e-01	1.736225173696493151e-01	2.444325398742519251e-01	1.459877759552888621e-01	6.959815346392625446e-02	3.010378689170949834e-02	7.333764016914059991e-02
1.086079412965611255e+03	2.625007733969177970e-01	1.733903941114781078e-01	2.446988417796307769e-01	1.461394841625998642e-01	6.967090078711463130e-02	3.015268345296333655e-02	7.344692230894438179e-02
1.088498298072438729e+03	2.620852527099279405e-01	1.731588678597429931e-01	2.449643200516029296e-01	1.462909324564826974e-01	6.974345942933823927e-02	3.020137658707606684e-02	7.355579090547803567e-02
1.090917183179266431e+03	2.616710203695741255e-01	1.729279370120187231e-01	2.452289772827034586e-01	1.464421196082109078e-01	6.981582877865229186e-02	3.024986830113199007e-02	7.366424864735748868e-02
1.093336068286093905e+03	2.612580725389829772e-01	1.726975999703632969e-01	2.454928160485664590e-01	1.465930443873325606e-01	6.988800830912586526e-02	3.029816054365614547e-02	7.377229820162167773e-02
1.095754953392921607e+03	2.608464053896988877e-01	1.724678551413008631e-01	2.457558389086549611e-01	1.467437055643087962e-01	6.995999757452542323e-02	3.034625520789399622e-02	7.387994221326600608e-02
1.098173838499749309e+03	2.604360151018236258e-01	1.722387009358052334e-01	2.460180484069396656e-01	1.468941019129206271e-01	7.003179620245064685e-02	3.039415413486133352e-02	7.398718330484778394e-02
1.100592723606577010e+03	2.600268978641451234e-01	1.720101357692833954e-01	2.462794470725300500e-01	1.470442322124617951e-01	7.010340388889027552e-02	3.044185911618159379e-02	7.409402407615676978e-02
1.103011608713404712e+03	2.596190498742553809e-01	1.717821580615595811e-01	2.465400374202612044e-01	1.471940952497333976e-01	7.017482039316831621e-02	3.048937189672643044e-02	7.420046710394474776e-02
1.105430493820231959e+03	2.592124673386591027e-01	1.715547662368596127e-01	2.467998219512399782e-01	1.473436898208551060e-01	7.024604553325267120e-02	3.053669417707415706e-02	7.430651494170846527e-02
1.107849378927059888e+03	2.588071464728728399e-01	1.713279587237954982e-01	2.470588031533527962e-01	1.474930147329069352e-01	7.031707918140060742e-02	3.058382761579956505e-02	7.441217011952089289e-02
1.110268264033887590e+03	2.584030835015159733e-01	1.711017339553502214e-01	2.473169835017382800e-01	1.476420688054138897e-01	7.038792126011685080e-02	3.063077383160764389e-02	7.451743514390628265e-02
1.112687149140715292e+03	2.580002746583936468e-01	1.708760903688629762e-01	2.475743654592269805e-01	1.477908508716860581e-01	7.045857173840219811e-02	3.067753440532265327e-02	7.462231249775461150e-02
1.115106034247542766e+03	2.575987161865726516e-01	1.706510264060145110e-01	2.478309514767506883e-01	1.479393597800243987e-01	7.052903062827182989e-02	3.072411088174328841e-02	7.472680464027180169e-02
1.117524919354370468e+03	2.571984043384503149e-01	1.704265405128126132e-01	2.480867439937235186e-01	1.480875943948028739e-01	7.059929798152411728e-02	3.077050477137368775e-02	7.483091400696212370e-02
1.119943804461197942e+03	2.567993353758171726e-01	1.702026311395780089e-01	2.483417454383966549e-01	1.482355535974362870e-01	7.066937388674202070e-02	3.081671755203946317e-02	7.493464300963970093e-02
1.122362689568025871e+03	2.564015055699139234e-01	1.699792967409302358e-01	2.485959582281889180e-01	1.483832362872425925e-01	7.073925846651041294e-02	3.086275067039706207e-02	7.503799403646614630e-02
1.124781574674853118e+03	2.560049112014828321e-01	1.697565357757739035e-01	2.488493847699945194e-01	1.485306413822078675e-01	7.080895187483401965e-02	3.090860554334436475e-02	7.514096945201180489e-02
1.127200459781681047e+03	2.556095485608139706e-01	1.695343467072849830e-01	2.491020274604699714e-01	1.486777678196612995e-01	7.087845429474144698e-02	3.095428355933955988e-02	7.524357159733813250e-02
1.129619344888508749e+03	2.552154139477867401e-01	1.693127280028972614e-01	2.493538886863015391e-01	1.488246145568675183e-01	7.094776593606214043e-02	3.099978607963506036e-02	7.534580279009910064e-02
1.132038229995336451e+03	2.548225036719075076e-01	1.690916781342891029e-01	2.496049708244544862e-01	1.489711805715424331e-01	7.101688703336368758e-02	3.104511443943253068e-02	7.544766532465967124e-02
1.134457115102163925e+03	2.544308140523424133e-01	1.688711955773700424e-01	2.498552762424056106e-01	1.491174648622988763e-01	7.108581784403827930e-02	3.109026994896476812e-02	7.554916147222942580e-02
1.136876000208991627e+03	2.540403414179470132e-01	1.686512788122679907e-01	2.501048072983603210e-01	1.492634664490273821e-01	7.115455864652728279e-02	3.113525389450962771e-02	7.565029348100986428e-02
1.139294885315819101e+03	2.536510821072920363e-01	1.684319263233160224e-01	2.503535663414550583e-01	1.494091843732175406e-01	7.122310973867423955e-02	3.118006753934095265e-02	7.575106357635369436e-02
1.141713770422646803e+03	2.532630324686860335e-01	1.682131365990396366e-01	2.506015557119464221e-01	1.495546176982243680e-01	7.129147143619708749e-02	3.122471212462091944e-02	7.585147396093501471e-02
1.144132655529474505e+03	2.528761888601949170e-01	1.679949081321442106e-01	2.508487777413880848e-01	1.496997655094846058e-01	7.135964407127086406e-02	3.126918887023803079e-02	7.595152681492881031e-02
1.146551540636302207e+03	2.524905476496587253e-01	1.677772394195021222e-01	2.510952347527954376e-01	1.498446269146864740e-01	7.142762799121320227e-02	3.131349897559460721e-02	7.605122429619898261e-02
1.148970425743129908e+03	2.521061052147056669e-01	1.675601289621404533e-01	2.513409290608004110e-01	1.499892010438972079e-01	7.149542355726494491e-02	3.135764362034730579e-02	7.615056854049354063e-02
1.151389310849957155e+03	2.517228579427638335e-01	1.673435752652285280e-01	2.515858629717957484e-01	1.501334870496516538e-01	7.156303114345935468e-02	3.140162396510403492e-02	7.624956166164641169e-02
1.153808195956785084e+03	2.513408022310703593e-01	1.671275768380655335e-01	2.518300387840702870e-01	1.502774841070053102e-01	7.163045113557323096e-02	3.144544115208026958e-02	7.634820575178459523e-02
1.156227081063612786e+03	2.509599344866788595e-01	1.669121321940683911e-01	2.520734587879354671e-01	1.504211914135545891e-01	7.169768393015431285e-02	3.148909630571770230e-02	7.644650288154021534e-02
1.158645966170440488e+03	2.505802511264644816e-01	1.666972398507595432e-01	2.523161252658444043e-01	1.505646081894275179e-01	7.176472993361930619e-02	3.153259053326769312e-02	7.654445510026655630e-02
1.161064851277267962e+03	2.502017485771275140e-01	1.664828983297550469e-01	2.525580404925026889e-01	1.507077336772469911e-01	7.183158956141755258e-02	3.157592492534213452e-02	7.664206443625762311e-02
1.163483736384095664e+03	2.498244232751948568e-01	1.662691061567523332e-01	2.527992067349732475e-01	1.508505671420694028e-01	7.189826323725548307e-02	3.161910055643387535e-02	7.673933289697040805e-02
1.165902621490923138e+03	2.494482716670201328e-01	1.660558618615185777e-01	2.530396262527742635e-01	1.509931078713006303e-01	7.196475139237759611e-02	3.166211848540880641e-02	7.683626246924955827e-02
1.168321506597751068e+03	2.490732902087824108e-01	1.658431639778786826e-01	2.532793012979715486e-01	1.511353551745915347e-01	7.203105446489993513e-02	3.170497975597159901e-02	7.693285511955386125e-02
1.170740391704578315e+03	2.486994753664833191e-01	1.656310110437035077e-01	2.535182341152651952e-01	1.512773083837146704e-01	7.209717289919202743e-02	3.174768539710683818e-02	7.702911279418407642e-02
1.173159276811406244e+03	2.483268236159428821e-01	1.654194016008982415e-01	2.537564269420712337e-01	1.514189668524242582e-01	7.216310714530409232e-02	3.179023642349723677e-02	7.712503741951171055e-02
1.175578161918233945e+03	2.479553314427943300e-01	1.652083341953907714e-01	2.539938820085985705e-01	1.515603299563009487e-01	7.222885765843602146e-02	3.183263383592047080e-02	7.722063090220852855e-02
1.177997047025061647e+03	2.475849953424776595e-01	1.649978073771199982e-01	2.542306015379216522e-01	1.517013970925826516e-01	7.229442489844531416e-02	3.187487862162607932e-02	7.731589512947624476e-02
1.180415932131889122e+03	2.472158118202321953e-01	1.647878197000244016e-01	2.544665877460489112e-01	1.518421676799832087e-01	7.235980932939092836e-02	3.191697175469373343e-02	7.741083196927625587e-02
1.182834817238716823e+03	2.468477773910880968e-01	1.645783697220304931e-01	2.547018428419874914e-01	1.519826411584997150e-01	7.242501141911064644e-02	3.195891419637414410e-02	7.750544327055911009e-02
1.185253702345544298e+03	2.464808885798569771e-01	1.643694560050414366e-01	2.549363690278044769e-01	1.521228169892101800e-01	7.249003163882952738e-02	3.200070689541371222e-02	7.759973086349343518e-02
1.187672587452371999e+03	2.461151419211217717e-01	1.641610771149257242e-01	2.551701684986848462e-01	1.522626946540622528e-01	7.255487046279700258e-02	3.204235078836399631e-02	7.769369655969417254e-02
1.190091472559199701e+03	2.457505339592256643e-01	1.639532316215057406e-01	2.554032434429867049e-01	1.524022736556540913e-01	7.261952836795074195e-02	3.208384679987700411e-02	7.778734215244975658e-02
1.192510357666027403e+03	2.453870612482605407e-01	1.637459180985466334e-01	2.556355960422932450e-01	1.525415535170084325e-01	7.268400583360533351e-02	3.212519584298718228e-02	7.788066941694836431e-02
1.194929242772855105e+03	2.450247203520543593e-01	1.635391351237449886e-01	2.558672284714622047e-01	1.526805337813406382e-01	7.274830334116388908e-02	3.216639881938097162e-02	7.797368011050270775e-02
1.197348127879682352e+03	2.446635078441581901e-01	1.633328812787177564e-01	2.560981428986732755e-01	1.528192140118213305e-01	7.281242137385098012e-02	3.220745661965474654e-02	7.806637597277350793e-02
1.199767012986510281e+03	2.443034203078325306e-01	1.631271551489909821e-01	2.563283414854729547e-01	1.529575937913348060e-01	7.287636041646534946e-02	3.224837012356181198e-02	7.815875872599144236e-02
1.202185898093337983e+03	2.439444543360330675e-01	1.629219553239888152e-01	2.565578263868172892e-01	1.530956727222332059e-01	7.294012095515099714e-02	3.228914020024917231e-02	7.825083007517731615e-02
1.204604783200165684e+03	2.435866065313959661e-01	1.627172803970224901e-01	2.567865997511130094e-01	1.532334504260878250e-01	7.300370347718522501e-02	3.232976770848470377e-02	7.834259170836062325e-02
1.207023668306993159e+03	2.432298735062225770e-01	1.625131289652792521e-01	2.570146637202564976e-01	1.533709265434375357e-01	7.306710847078251581e-02	3.237025349687532028e-02	7.843404529679613713e-02
1.209442553413820860e+03	2.428742518824638374e-01	1.623094996298114212e-01	2.572420204296712587e-01	1.535081007335350745e-01	7.313033642491306718e-02	3.241059840407665982e-02	7.852519249517855848e-02
1.211861438520648335e+03	2.425197382917039790e-01	1.621063909955255400e-01	2.574686720083437241e-01	1.536449726740917454e-01	7.319338782913478725e-02	3.245080325899479812e-02	7.861603494185526175e-02
1.214280323627476264e+03	2.421663293751442347e-01	1.619038016711713546e-01	2.576946205788580024e-01	1.537815420610207651e-01	7.325626317343804372e-02	3.249086888098050296e-02	7.870657425903690441e-02
1.216699208734303511e+03	2.418140217835857697e-01	1.617017302693311009e-01	2.579198682574288526e-01	1.539178086081798291e-01	7.331896294810200110e-02	3.253079608001641088e-02	7.879681205300588520e-02
1.219118093841131440e+03	2.414628121774124725e-01	1.615001754064085970e-01	2.581444171539334920e-01	1.540537720471132077e-01	7.338148764356181020e-02	3.257058565689756324e-02	7.888674991432273464e-02
1.221536978947959142e+03	2.411126972265734136e-01	1.612991357026185568e-01	2.583682693719424606e-01	1.541894321267937018e-01	7.344383775028583139e-02	3.261023840340571134e-02	7.897638941803020174e-02
1.223955864054786844e+03	2.407636736105650266e-01	1.610986097819758212e-01	2.585914270087492639e-01	1.543247886133647107e-01	7.350601375866222531e-02	3.264975510247766083e-02	7.906573212385517579e-02
1.226374749161614318e+03	2.404157380184127613e-01	1.608985962722846164e-01	2.588138921553992389e-01	1.544598412898828266e-01	7.356801615889410617e-02	3.268913652836808598e-02	7.915477957640829065e-02
1.228793634268442020e+03	2.400688871486528486e-01	1.606990938051279794e-01	2.590356668967168652e-01	1.545945899560610959e-01	7.362984544090282746e-02	3.272838344680704947e-02	7.924353330538126683e-02
1.231212519375269494e+03	2.397231177093136212e-01	1.605001010158570718e-01	2.592567533113330769e-01	1.547290344280131957e-01	7.369150209423853959e-02	3.276749661515252626e-02	7.933199482574196382e-02
1.233631404482097196e+03	2.393784264178964172e-01	1.603016165435806606e-01	2.594771534717110750e-01	1.548631745379988045e-01	7.375298660799776973e-02	3.280647678253822974e-02	7.942016563792704542e-02
1.236050289588924898e+03	2.390348100013566790e-01	1.601036390311544044e-01	2.596968694441719183e-01	1.549970101341702211e-01	7.381429947074737152e-02	3.284532469001695543e-02	7.950804722803245239e-02
1.238469174695752372e+03	2.386922651960844133e-01	1.599061671251704730e-01	2.599159032889190035e-01	1.551305410803206497e-01	7.387544117045434511e-02	3.288404107069968496e-02	7.959564106800139094e-02
1.240888059802580301e+03	2.383507887478849285e-01	1.597091994759469724e-01	2.601342570600622128e-01	1.552637672556339554e-01	7.393641219442115275e-02	3.292262664989067250e-02	7.968294861581008692e-02
1.243306944909407548e+03	2.380103774119587956e-01	1.595127347375176197e-01	2.603519328056411175e-01	1.553966885544363907e-01	7.399721302922623867e-02	3.296108214521870777e-02	7.976997131565115307e-02
1.245725830016235477e+03	2.376710279528822523e-01	1.593167715676210849e-01	2.605689325676479595e-01	1.555293048859502092e-01	7.405784416066910070e-02	3.299940826676475009e-02	7.985671059811463857e-02
1.248144715123063179e+03	2.373327371445870249e-01	1.591213086276908606e-01	2.607852583820500225e-01	1.556616161740493054e-01	7.411830607371988622e-02	3.303760571718608596e-02	7.994316788036678889e-02
1.250563600229890881e+03	2.369955017703402333e-01	1.589263445828446308e-01	2.610009122788113922e-01	1.557936223570170198e-01	7.417859925247295705e-02	3.307567519183723936e-02	8.002934456632644633e-02
1.252982485336718355e+03	2.366593186227240742e-01	1.587318781018741687e-01	2.612158962819144392e-01	1.559253233873061639e-01	7.423872418010428464e-02	3.311361737888769696e-02	8.011524204683910522e-02
1.255401370443546057e+03	2.363241845036153088e-01	1.585379078572348721e-01	2.614302124093806912e-01	1.560567192313013496e-01	7.429868133883227310e-02	3.315143295943666357e-02	8.020086169984878832e-02
1.257820255550373531e+03	2.359900962241647804e-01	1.583444325250355778e-01	2.616438626732914829e-01	1.561878098690838712e-01	7.435847120988181569e-02	3.318912260762497957e-02	8.028620489056752241e-02
1.260239140657201460e+03	2.356570506047766800e-01	1.581514507850282636e-01	2.618568490798080517e-01	1.563185952941987533e-01	7.441809427345141836e-02	3.322668699074424886e-02	8.037127297164255169e-02
1.262658025764028707e+03	2.353250444750878134e-01	1.579589613205980014e-01	2.620691736291916318e-01	1.564490755134247124e-01	7.447755100868301559e-02	3.326412676934340645e-02	8.045606728332141411e-02
1.265076910870856636e+03	2.349940746739467290e-01	1.577669628187525208e-01	2.622808383158227730e-01	1.565792505465461726e-01	7.453684189363439516e-02	3.330144259733277406e-02	8.054058915361464455e-02
1.267495795977684338e+03	2.346641380493927065e-01	1.575754539701121892e-01	2.624918451282207688e-01	1.567091204261283621e-01	7.459596740525402392e-02	3.333863512208568025e-02	8.062483989845632693e-02
1.269914681084511813e+03	2.343352314586346907e-01	1.573844334688999647e-01	2.627021960490624752e-01	1.568386851972946028e-01	7.465492801935805223e-02	3.337570498453783230e-02	8.070882082186241202e-02
1.272333566191339514e+03	2.340073517680302806e-01	1.571939000129312369e-01	2.629118930552011291e-01	1.569679449175066244e-01	7.471372421060941404e-02	3.341265281928442604e-02	8.079253321608692584e-02
1.274752451298167216e+03	2.336804958530643017e-01	1.570038523036036970e-01	2.631209381176848328e-01	1.570968996563473774e-01	7.477235645249873108e-02	3.344947925467520178e-02	8.087597836177594368e-02
1.277171336404994690e+03	2.333546605983277678e-01	1.568142890458874006e-01	2.633293332017745958e-01	1.572255494953064547e-01	7.483082521732709047e-02	3.348618491290734911e-02	8.095915752811941313e-02
1.279590221511822392e+03	2.330298428974963976e-01	1.566252089483147480e-01	2.635370802669627088e-01	1.573538945275683998e-01	7.488913097619037673e-02	3.352277041011657993e-02	8.104207197300092314e-02
1.282009106618650094e+03	2.327060396533092435e-01	1.564366107229704650e-01	2.637441812669901742e-01	1.574819348578036238e-01	7.494727419896508869e-02	3.355923635646618913e-02	8.112472294314541921e-02
1.284427991725477568e+03	2.323832477775471805e-01	1.562484930854817211e-01	2.639506381498645804e-01	1.576096706019620430e-01	7.500525535429564128e-02	3.359558335623435976e-02	8.120711167426465649e-02
1.286846876832305497e+03	2.320614641910114795e-01	1.560608547550081660e-01	2.641564528578776438e-01	1.577371018870695474e-01	7.506307490958290252e-02	3.363181200789969183e-02	8.128923939120080711e-02
1.289265761939132744e+03	2.317406858235022959e-01	1.558736944542320202e-01	2.643616273276220285e-01	1.578642288510270775e-01	7.512073333097391004e-02	3.366792290422498946e-02	8.137110730806794423e-02
1.291684647045960673e+03	2.314209096137968547e-01	1.556870109093483057e-01	2.645661634900091097e-01	1.579910516424122835e-01	7.517823108335272564e-02	3.370391663233945900e-02	8.145271662839154159e-02
1.294103532152788375e+03	2.311021325096280499e-01	1.555008028500549644e-01	2.647700632702855161e-01	1.581175704202842647e-01	7.523556863033234454e-02	3.373979377381928352e-02	8.153406854524597458e-02
1.296522417259616077e+03	2.307843514676625463e-01	1.553150690095430053e-01	2.649733285880499500e-01	1.582437853539905848e-01	7.529274643424749280e-02	3.377555490476666367e-02	8.161516424139010628e-02
1.298941302366443551e+03	2.304675634534793516e-01	1.551298081244867622e-01	2.651759613572702845e-01	1.583696966229774239e-01	7.534976495614831293e-02	3.381120059588734600e-02	8.169600488940093053e-02
1.301360187473271253e+03	2.301517654415476954e-01	1.549450189350342066e-01	2.653779634862997172e-01	1.584953044166018399e-01	7.540662465579490992e-02	3.384673141256674955e-02	8.177659165180525824e-02
1.303779072580098727e+03	2.298369544152055466e-01	1.547607001847971231e-01	2.655793368778937014e-01	1.586206089339472491e-01	7.546332599165263277e-02	3.388214791494464223e-02	8.185692568120957191e-02
1.306197957686926657e+03	2.295231273666376859e-01	1.545768506208415050e-01	2.657800834292255998e-01	1.587456103836411003e-01	7.551986942088800836e-02	3.391745065798846409e-02	8.193700812042807591e-02
1.308616842793753904e+03	2.292102812968539183e-01	1.543934689936778404e-01	2.659802050319037270e-01	1.588703089836755455e-01	7.557625539936535519e-02	3.395264019156534613e-02	8.201684010260867908e-02
1.311035727900581833e+03	2.288984132156672291e-01	1.542105540572514533e-01	2.661797035719870030e-01	1.589947049612303875e-01	7.563248438164400789e-02	3.398771706051284536e-02	8.209642275135753398e-02
1.313454613007409534e+03	2.285875201416718849e-01	1.540281045689329831e-01	2.663785809300011076e-01	1.591187985524986914e-01	7.568855682097604121e-02	3.402268180470836845e-02	8.217575718086143899e-02
1.315873498114237009e+03	2.282775991022215623e-01	1.538461192895086982e-01	2.665768389809544670e-01	1.592425900025151442e-01	7.574447316930454921e-02	3.405753495913747819e-02	8.225484449600867221e-02
1.318292383221064711e+03	2.279686471334074760e-01	1.536645969831710035e-01	2.667744795943540748e-01	1.593660795649866901e-01	7.580023387726238238e-02	3.409227705396088853e-02	8.233368579250806285e-02
1.320711268327892412e+03	2.276606612800364526e-01	1.534835364175088646e-01	2.669715046342214793e-01	1.594892675021258588e-01	7.585583939417124555e-02	3.412690861458044650e-02	8.241228215700623083e-02
1.323130153434719887e+03	2.273536385956090033e-01	1.533029363634983433e-01	2.671679159591083264e-01	1.596121540844863684e-01	7.591129016804137875e-02	3.416143016170385127e-02	8.249063466720332749e-02
1.325549038541547588e+03	2.270475761422974248e-01	1.531227955954930775e-01	2.673637154221119028e-01	1.597347395908015333e-01	7.596658664557137675e-02	3.419584221140835323e-02	8.256874439196690285e-02
1.327967923648375290e+03	2.267424709909238167e-01	1.529431128912149551e-01	2.675589048708909012e-01	1.598570243078246411e-01	7.602172927214853604e-02	3.423014527520338440e-02	8.264661239144430183e-02
1.330386808755202765e+03	2.264383202209381551e-01	1.527638870317444553e-01	2.677534861476809080e-01	1.599790085301721898e-01	7.607671849184940993e-02	3.426433986009209259e-02	8.272423971717329794e-02
1.332805693862030694e+03	2.261351209203963097e-01	1.525851168015114612e-01	2.679474610893097242e-01	1.601006925601691777e-01	7.613155474744068285e-02	3.429842646863191791e-02	8.280162741219121436e-02
1.335224578968857941e+03	2.258328701859382281e-01	1.524068009882858787e-01	2.681408315272127418e-01	1.602220767076968921e-01	7.618623848038032220e-02	3.433240559899408684e-02	8.287877651114244903e-02
1.337643464075685870e+03	2.255315651227658147e-01	1.522289383831681719e-01	2.683335992874482101e-01	1.603431612900429737e-01	7.624077013081895227e-02	3.436627774502221816e-02	8.295568804038433441e-02
1.340062349182513572e+03	2.252312028446211145e-01	1.520515277805801202e-01	2.685257661907125559e-01	1.604639466317538399e-01	7.629515013760151954e-02	3.440004339628992269e-02	8.303236301809169273e-02
1.342481234289341273e+03	2.249317804737642756e-01	1.518745679782554647e-01	2.687173340523556497e-01	1.605844330644893292e-01	7.634937893826904132e-02	3.443370303815748018e-02	8.310880245435964264e-02
1.344900119396168748e+03	2.246332951409515943e-01	1.516980577772307770e-01	2.689083046823955714e-01	1.607046209268795101e-01	7.640345696906068740e-02	3.446725715182760719e-02	8.318500735130505974e-02
1.347319004502996449e+03	2.243357439854137547e-01	1.515219959818361051e-01	2.690986798855343753e-01	1.608245105643839046e-01	7.645738466491594498e-02	3.450070621440032986e-02	8.326097870316645499e-02
1.349737889609823924e+03	2.240391241548336521e-01	1.513463813996857588e-01	2.692884614611723015e-01	1.609441023291527106e-01	7.651116245947695016e-02	3.453405069892696855e-02	8.333671749640260418e-02
1.352156774716651853e+03	2.237434328053246047e-01	1.511712128416692058e-01	2.694776512034231519e-01	1.610633965798902167e-01	7.656479078509105529e-02	3.456729107446330357e-02	8.341222470978945647e-02
1.354575659823479100e+03	2.234486671014083992e-01	1.509964891219418015e-01	2.696662509011293340e-01	1.611823936817203817e-01	7.661827007281336865e-02	3.460042780612183205e-02	8.348750131451589118e-02
1.356994544930307029e+03	2.231548242159933637e-01	1.508222090579157681e-01	2.698542623378764049e-01	1.613010940060545795e-01	7.667160075240961326e-02	3.463346135512328922e-02	8.356254827427798959e-02
1.359413430037134731e+03	2.228619013303525520e-01	1.506483714702509524e-01	2.700416872920081146e-01	1.614194979304613142e-01	7.672478325235893015e-02	3.466639217884728147e-02	8.363736654537186344e-02
1.361832315143962205e+03	2.225698956341017332e-01	1.504749751828458881e-01	2.702285275366410611e-01	1.615376058385379343e-01	7.677781799985684830e-02	3.469922073088218401e-02	8.371195707678530384e-02
1.364251200250789907e+03	2.222788043251776036e-01	1.503020190228286368e-01	2.704147848396795673e-01	1.616554181197844553e-01	7.683070542081846255e-02	3.473194746107423347e-02	8.378632081028797307e-02
1.366670085357617609e+03	2.219886246098158600e-01	1.501295018205477672e-01	2.706004609638302250e-01	1.617729351694794648e-01	7.688344593988148679e-02	3.476457281557586432e-02	8.386045868052030561e-02
1.369088970464445310e+03	2.216993537025293837e-01	1.499574224095633346e-01	2.707855576666165498e-01	1.618901573885577205e-01	7.693603998040951519e-02	3.479709723689331652e-02	8.393437161508118804e-02
1.371507855571272785e+03	2.214109888260863968e-01	1.497857796266379438e-01	2.709700767003936361e-01	1.620070851834899961e-01	7.698848796449533904e-02	3.482952116393345926e-02	8.400806053461426504e-02
1.373926740678100487e+03	2.211235272114886741e-01	1.496145723117277837e-01	2.711540198123625900e-01	1.621237189661645650e-01	7.704079031296436064e-02	3.486184503204999702e-02	8.408152635289313503e-02
1.376345625784927961e+03	2.208369660979496718e-01	1.494437993079736626e-01	2.713373887445852950e-01	1.622400591537706827e-01	7.709294744537793787e-02	3.489406927308882911e-02	8.415476997690514438e-02
1.378764510891755890e+03	2.205513027328727949e-01	1.492734594616920429e-01	2.715201852339984012e-01	1.623561061686840112e-01	7.714495978003693688e-02	3.492619431543285413e-02	8.422779230693409891e-02
1.381183395998583137e+03	2.202665343718296642e-01	1.491035516223663815e-01	2.717024110124284797e-01	1.624718604383536547e-01	7.719682773398529874e-02	3.495822058404596949e-02	8.430059423664175433e-02
1.383602281105411066e+03	2.199826582785382734e-01	1.489340746426379702e-01	2.718840678066056227e-01	1.625873223951912749e-01	7.724855172301346717e-02	3.499014850051652276e-02	8.437317665314805759e-02
1.386021166212238768e+03	2.196996717248412834e-01	1.487650273782973320e-01	2.720651573381784871e-01	1.627024924764615965e-01	7.730013216166217727e-02	3.502197848309998585e-02	8.444554043711030578e-02
1.388440051319066470e+03	2.194175719906844013e-01	1.485964086882752833e-01	2.722456813237281170e-01	1.628173711241751864e-01	7.735156946322596649e-02	3.505371094676110189e-02	8.451768646280112540e-02
1.390858936425893944e+03	2.191363563640946199e-01	1.484282174346342464e-01	2.724256414747823762e-01	1.629319587849824280e-01	7.740286403975693563e-02	3.508534630321526876e-02	8.458961559818532761e-02
1.393277821532721646e+03	2.188560221411585127e-01	1.482604524825593961e-01	2.726050394978302149e-01	1.630462559100695208e-01	7.745401630206839860e-02	3.511688496096943002e-02	8.466132870499569474e-02
1.395696706639549120e+03	2.185765666260006679e-01	1.480931127003499992e-01	2.727838770943359359e-01	1.631602629550560901e-01	7.750502665973864336e-02	3.514832732536225801e-02	8.473282663880754573e-02
1.398115591746377049e+03	2.182979871307620667e-01	1.479261969594106718e-01	2.729621559607531833e-01	1.632739803798943512e-01	7.755589552111465113e-02	3.517967379860377497e-02	8.480411024911241324e-02
1.400534476853204296e+03	2.180202809755784343e-01	1.477597041342426920e-01	2.731398777885391538e-01	1.633874086487700217e-01	7.760662329331588505e-02	3.521092477981437735e-02	8.487518037939052740e-02
1.402953361960032225e+03	2.177434454885587567e-01	1.475936331024352843e-01	2.733170442641686959e-01	1.635005482300048163e-01	7.765721038223803718e-02	3.524208066506326342e-02	8.494603786718221694e-02
1.405372247066859927e+03	2.174674780057635759e-01	1.474279827446570990e-01	2.734936570691483548e-01	1.636133995959604404e-01	7.770765719255684489e-02	3.527314184740631270e-02	8.501668354415846396e-02
1.407791132173687402e+03	2.171923758711836183e-01	1.472627519446475519e-01	2.736697178800303054e-01	1.637259632229440820e-01	7.775796412773187949e-02	3.530410871692336167e-02	8.508711823619025116e-02
1.410210017280515103e+03	2.169181364367182840e-01	1.470979395892081931e-01	2.738452283684264521e-01	1.638382395911157641e-01	7.780813159001036261e-02	3.533498166075499380e-02	8.515734276341704878e-02
1.412628902387342805e+03	2.166447570621541086e-01	1.469335445681941854e-01	2.740201902010222512e-01	1.639502291843968340e-01	7.785815998043092712e-02	3.536576106313871204e-02	8.522735794031416345e-02
1.415047787494170507e+03	2.163722351151433354e-01	1.467695657745056725e-01	2.741946050395906997e-01	1.640619324903800358e-01	7.790804969882753062e-02	3.539644730544461854e-02	8.529716457575929611e-02
1.417466672600997981e+03	2.161005679711826000e-01	1.466060021040794525e-01	2.743684745410061576e-01	1.641733500002412471e-01	7.795780114383317472e-02	3.542704076621054632e-02	8.536676347309804513e-02
1.419885557707825683e+03	2.158297530135914188e-01	1.464428524558802902e-01	2.745418003572582255e-01	1.642844822086523826e-01	7.800741471288380469e-02	3.545754182117669129e-02	8.543615543020845193e-02
1.422304442814653157e+03	2.155597876334909291e-01	1.462801157318925627e-01	2.747145841354654561e-01	1.643953296136958508e-01	7.805689080222208420e-02	3.548795084331970301e-02	8.550534123956467225e-02
1.424723327921481086e+03	2.152906692297825164e-01	1.461177908371117662e-01	2.748868275178892873e-01	1.645058927167804552e-01	7.810622980690122563e-02	3.551826820288633141e-02	8.557432168829970376e-02
1.427142213028308333e+03	2.150223952091264712e-01	1.459558766795361062e-01	2.750585321419475870e-01	1.646161720225585712e-01	7.815543212078879254e-02	3.554849426742651142e-02	8.564309755826723936e-02
1.429561098135136262e+03	2.147549629859208109e-01	1.457943721701580875e-01	2.752296996402284757e-01	1.647261680388447669e-01	7.820449813657055771e-02	3.557862940182601047e-02	8.571166962610260454e-02
1.431979983241963964e+03	2.144883699822800471e-01	1.456332762229561872e-01	2.754003316405037594e-01	1.648358812765355619e-01	7.825342824575427791e-02	3.560867396833856946e-02	8.578003866328283433e-02
1.434398868348791666e+03	2.142226136280138971e-01	1.454725877548864177e-01	2.755704297657430302e-01	1.649453122495309065e-01	7.830222283867349642e-02	3.563862832661757185e-02	8.584820543618591759e-02
1.436817753455619140e+03	2.139576913606061337e-01	1.453123056858740825e-01	2.757399956341267111e-01	1.650544614746565220e-01	7.835088230449134550e-02	3.566849283374727564e-02	8.591617070614912532e-02
1.439236638562446842e+03	2.136936006251935749e-01	1.451524289388054778e-01	2.759090308590599339e-01	1.651633294715877387e-01	7.839940703120432119e-02	3.569826784427360816e-02	8.598393522952663126e-02
1.441655523669274316e+03	2.134303388745447672e-01	1.449929564395195103e-01	2.760775370491859726e-01	1.652719167627745012e-01	7.844779740564609971e-02	3.572795371023439887e-02	8.605149975774610549e-02
1.444074408776102018e+03	2.131679035690390300e-01	1.448338871167994812e-01	2.762455158083997331e-01	1.653802238733678154e-01	7.849605381349125666e-02	3.575755078118932756e-02	8.611886503736476683e-02
1.446493293882929493e+03	2.129062921766454175e-01	1.446752199023648711e-01	2.764129687358612419e-01	1.654882513311470849e-01	7.854417663925911119e-02	3.578705940424931065e-02	8.618603181012438053e-02
1.448912178989757422e+03	2.126455021729017070e-01	1.445169537308631791e-01	2.765798974260090248e-01	1.655959996664488898e-01	7.859216626631740366e-02	3.581647992410554038e-02	8.625300081300565913e-02
1.451331064096585123e+03	2.123855310408933328e-01	1.443590875398616524e-01	2.767463034685735401e-01	1.657034694120969598e-01	7.864002307688607030e-02	3.584581268305806617e-02	8.631977277828178918e-02
1.453749949203412370e+03	2.121263762712325696e-01	1.442016202698392091e-01	2.769121884485904461e-01	1.658106611033330624e-01	7.868774745204097643e-02	3.587505802104393876e-02	8.638634843357120841e-02
1.456168834310240300e+03	2.118680353620376322e-01	1.440445508641781669e-01	2.770775539464140347e-01	1.659175752777493074e-01	7.873533977171763565e-02	3.590421627566500740e-02	8.645272850188966129e-02
1.458587719417068001e+03	2.116105058189116095e-01	1.438878782691561664e-01	2.772424015377303874e-01	1.660242124752214776e-01	7.878280041471495687e-02	3.593328778221527992e-02	8.651891370170157469e-02
1.461006604523895703e+03	2.113537851549218693e-01	1.437316014339381776e-01	2.774067327935707539e-01	1.661305732378434152e-01	7.883012975869888028e-02	3.596227287370786646e-02	8.658490474697051742e-02
1.463425489630723177e+03	2.110978708905791312e-01	1.435757193105683671e-01	2.775705492803245966e-01	1.662366581098625451e-01	7.887732818020612435e-02	3.599117188090157626e-02	8.665070234720911868e-02
1.465844374737550879e+03	2.108427605538166494e-01	1.434202308539618831e-01	2.777338525597531915e-01	1.663424676376165090e-01	7.892439605464783570e-02	3.601998513232709809e-02	8.671630720752825094e-02
1.468263259844378354e+03	2.105884516799696182e-01	1.432651350218971387e-01	2.778966441890022288e-01	1.664480023694708821e-01	7.897133375631325281e-02	3.604871295431284761e-02	8.678172002868544954e-02
1.470682144951206283e+03	2.103349418117545222e-01	1.431104307750075411e-01	2.780589257206152465e-01	1.665532628557577222e-01	7.901814165837335591e-02	3.607735567101035684e-02	8.684694150713268002e-02
1.473101030058033530e+03	2.100822284992482081e-01	1.429561170767736367e-01	2.782206987025465650e-01	1.666582496487155063e-01	7.906482013288455846e-02	3.610591360441939984e-02	8.691197233506348097e-02
1.475519915164861459e+03	2.098303092998675401e-01	1.428021928935151452e-01	2.783819646781746648e-01	1.667629633024296787e-01	7.911136955079225985e-02	3.613438707441269521e-02	8.697681320045938524e-02
1.477938800271689161e+03	2.095791817783486943e-01	1.426486571943829107e-01	2.785427251863147879e-01	1.668674043727745582e-01	7.915779028193450917e-02	3.616277639876026156e-02	8.704146478713566115e-02
1.480357685378516862e+03	2.093288435067266473e-01	1.424955089513511852e-01	2.787029817612320937e-01	1.669715734173559396e-01	7.920408269504555787e-02	3.619108189315344698e-02	8.710592777478651239e-02
1.482776570485344337e+03	2.090792920643146091e-01	1.423427471392095245e-01	2.788627359326547595e-01	1.670754709954548611e-01	7.925024715775950968e-02	3.621930387122856976e-02	8.717020283902954247e-02
