1.001418434226643626e+03	2.778796078311076001e-01	1.818952341623975288e-01	2.348532530270633356e-01	1.406780773963601239e-01	6.703891697549368978e-02	2.829674227773087275e-02	6.935816832949477651e-02
1.002869765290740247e+03	2.776015516171947972e-01	1.817432124412048100e-01	2.350307370408707408e-01	1.407742905096834030e-01	6.708539030648093260e-02	2.833153576063960136e-02	6.943328232357362517e-02
1.004321096354836754e+03	2.773240092774419963e-01	1.815914261418538067e-01	2.352078842177400542e-01	1.408704073917216026e-01	6.713185991119359486e-02	2.836619760400345414e-02	6.950821545569346727e-02
1.005772427418933376e+03	2.770469799834502367e-01	1.814398748818605023e-01	2.353846955428380849e-01	1.409664290083557092e-01	6.717832253056699177e-02	2.840073005111794224e-02	6.958296800145845340e-02
1.007223758483029997e+03	2.767704629043181153e-01	1.812885582794869777e-01	2.355611719830009720e-01	1.410623562557485888e-01	6.722477505230724237e-02	2.843513525983660736e-02	6.965754026494935802e-02
1.008675089547126618e+03	2.764944572068102624e-01	1.811374759537350554e-01	2.357373144874842508e-01	1.411581899637123494e-01	6.727121450462830721e-02	2.846941530647770918e-02	6.973193257679981272e-02
1.010126420611223239e+03	2.762189620555186576e-01	1.809866275243405820e-01	2.359131239886813336e-01	1.412539308989285147e-01	6.731763805024981728e-02	2.850357218954197719e-02	6.980614529238686472e-02
1.011577751675319632e+03	2.759439766130169502e-01	1.808360126117677102e-01	2.360886014028110158e-01	1.413495797680267840e-01	6.736404298064542495e-02	2.853760783325094350e-02	6.988017879012889400e-02
1.013029082739416367e+03	2.756695000400084528e-01	1.806856308372033204e-01	2.362637476305760598e-01	1.414451372205291768e-01	6.741042671053136537e-02	2.857152409091482520e-02	6.995403346988450510e-02
1.014480413803512761e+03	2.753955314954675271e-01	1.805354818225518854e-01	2.364385635577934131e-01	1.415406038516642540e-01	6.745678677258584721e-02	2.860532274813845990e-02	7.002770975144632926e-02
1.015931744867609382e+03	2.751220701367750321e-01	1.803855651904303636e-01	2.366130500559974759e-01	1.416359802050575767e-01	6.750312081238973860e-02	2.863900552587343024e-02	7.010120807312411606e-02
1.017383075931706003e+03	2.748491151198478866e-01	1.802358805641630923e-01	2.367872079830179999e-01	1.417312667753034272e-01	6.754942658357958318e-02	2.867257408332396507e-02	7.017452889041174424e-02
1.018834406995802851e+03	2.745766655992631367e-01	1.800864275677772908e-01	2.369610381835327295e-01	1.418264640104228147e-01	6.759570194320435599e-02	2.870603002071394488e-02	7.024767267473333576e-02
1.020285738059899245e+03	2.743047207283766387e-01	1.799372058259983698e-01	2.371345414895968673e-01	1.419215723142128183e-01	6.764194484727772960e-02	2.873937488192187736e-02	7.032063991226340793e-02
1.021737069123995752e+03	2.740332796594364129e-01	1.797882149642453520e-01	2.373077187211494188e-01	1.420165920484913746e-01	6.768815334651770432e-02	2.877261015699036223e-02	7.039343110281708060e-02
1.023188400188092373e+03	2.737623415436915564e-01	1.796394546086268196e-01	2.374805706864983601e-01	1.421115235352426176e-01	6.773432558226609446e-02	2.880573728451629387e-02	7.046604675880593915e-02
1.024639731252188767e+03	2.734919055314961045e-01	1.794909243859366677e-01	2.376530981827844891e-01	1.422063670586665718e-01	6.778045978258043225e-02	2.883875765392763038e-02	7.053848740425572306e-02
1.026091062316285615e+03	2.732219707724085067e-01	1.793426239236501352e-01	2.378253019964257642e-01	1.423011228671374750e-01	6.782655425849118402e-02	2.887167260765235652e-02	7.061075357388225948e-02
1.027542393380382237e+03	2.729525364152866063e-01	1.791945528499198081e-01	2.379971829035423259e-01	1.423957911750744210e-01	6.787260740041742291e-02	2.890448344318491056e-02	7.068284581222213092e-02
1.028993724444478858e+03	2.726836016083789005e-01	1.790467107935720947e-01	2.381687416703634486e-01	1.424903721647284571e-01	6.791861767473464373e-02	2.893719141505510933e-02	7.075476467281487103e-02
1.030445055508575479e+03	2.724151654994115268e-01	1.788990973841034504e-01	2.383399790536168683e-01	1.425848659878894975e-01	6.796458362048816981e-02	2.896979773670437658e-02	7.082651071743370497e-02
1.031896386572671872e+03	2.721472272356713074e-01	1.787517122516768253e-01	2.385108958009014013e-01	1.426792727675161854e-01	6.801050384624618417e-02	2.900230358227373628e-02	7.089808451536193379e-02
1.033347717636768493e+03	2.718797859640856851e-01	1.786045550271183613e-01	2.386814926510435753e-01	1.427735925992928423e-01	6.805637702708679238e-02	2.903471008830794606e-02	7.096948664271229834e-02
1.034799048700865114e+03	2.716128408312987741e-01	1.784576253419140890e-01	2.388517703344389675e-01	1.428678255531156960e-01	6.810220190171326071e-02	2.906701835537981587e-02	7.104071768178685242e-02
1.036250379764961508e+03	2.713463909837442456e-01	1.783109228282066805e-01	2.390217295733786107e-01	1.429619716745121338e-01	6.814797726969223923e-02	2.909922944963858754e-02	7.111177822047491659e-02
1.037701710829058356e+03	2.710804355677149391e-01	1.781644471187923962e-01	2.391913710823616868e-01	1.430560309859954804e-01	6.819370198880993217e-02	2.913134440428609070e-02	7.118266885168689218e-02
1.039153041893154750e+03	2.708149737294294201e-01	1.780181978471180593e-01	2.393606955683944548e-01	1.431500034883584072e-01	6.823937497254101148e-02	2.916336422098412054e-02	7.125339017282199261e-02
1.040604372957251599e+03	2.705500046150957627e-01	1.778721746472780862e-01	2.395297037312764110e-01	1.432438891619072230e-01	6.828499518762588816e-02	2.919528987119644758e-02	7.132394278526765774e-02
1.042055704021347992e+03	2.702855273709723338e-01	1.777263771540117665e-01	2.396983962638742083e-01	1.433376879676399596e-01	6.833056165175159513e-02	2.922712229746851631e-02	7.139432729392906907e-02
1.043507035085444613e+03	2.700215411434262469e-01	1.775808050027003759e-01	2.398667738523835025e-01	1.434313998483706110e-01	6.837607343133196569e-02	2.925886241464789941e-02	7.146454430678679526e-02
1.044958366149541234e+03	2.697580450789887063e-01	1.774354578293645956e-01	2.400348371765798905e-01	1.435250247298016923e-01	6.842152963938294419e-02	2.929051111104833890e-02	7.153459443448120791e-02
1.046409697213637855e+03	2.694950383244083536e-01	1.772903352706619307e-01	2.402025869100585520e-01	1.436185625215475326e-01	6.846692943348914318e-02	2.932206924956009750e-02	7.160447828992182184e-02
1.047861028277734476e+03	2.692325200267020602e-01	1.771454369638840731e-01	2.403700237204638990e-01	1.437120131181104377e-01	6.851227201385753918e-02	2.935353766870914954e-02	7.167419648792028308e-02
1.049312359341831097e+03	2.689704893332035551e-01	1.770007625469545431e-01	2.405371482697092056e-01	1.438053763998117240e-01	6.855755662145494866e-02	2.938491718366772337e-02	7.174374964484572792e-02
1.050763690405927491e+03	2.687089453916098880e-01	1.768563116584262462e-01	2.407039612141868012e-01	1.438986522336795915e-01	6.860278253622549560e-02	2.941620858721848142e-02	7.181313837830095859e-02
1.052215021470024112e+03	2.684478873500257268e-01	1.767120839374791141e-01	2.408704632049689653e-01	1.439918404742957236e-01	6.864794907538482316e-02	2.944741265067454469e-02	7.188236330681851971e-02
1.053666352534120733e+03	2.681873143570059348e-01	1.765680790239179121e-01	2.410366548880005233e-01	1.440849409646024759e-01	6.869305559178774667e-02	2.947853012475748838e-02	7.195142504957537100e-02
1.055117683598217127e+03	2.679272255615957610e-01	1.764242965581699629e-01	2.412025369042827549e-01	1.441779535366723153e-01	6.873810147236625312e-02	2.950956174043530000e-02	7.202032422612511531e-02
1.056569014662313975e+03	2.676676201133699196e-01	1.762807361812829821e-01	2.413681098900495869e-01	1.442708780124411505e-01	6.878308613663486337e-02	2.954050820972219105e-02	7.208906145614676908e-02
1.058020345726410369e+03	2.674084971624692830e-01	1.761373975349229959e-01	2.415333744769360969e-01	1.443637142044072730e-01	6.882800903526052616e-02	2.957137022644207996e-02	7.215763735920920074e-02
1.059471676790506763e+03	2.671498558596364647e-01	1.759942802613722046e-01	2.416983312921397176e-01	1.444564619162971852e-01	6.887286964869422656e-02	2.960214846695746749e-02	7.222605255455025186e-02
1.060923007854603611e+03	2.668916953562492367e-01	1.758513840035271225e-01	2.418629809585744472e-01	1.445491209436999269e-01	6.891766748586168612e-02	2.963284359086532441e-02	7.229430766086974991e-02
1.062374338918700232e+03	2.666340148043528924e-01	1.757087084048965242e-01	2.420273240950186755e-01	1.446416910746713969e-01	6.896240208291078144e-02	2.966345624166159128e-02	7.236240329613556621e-02
1.063825669982796853e+03	2.663768133566912222e-01	1.755662531095995016e-01	2.421913613162561540e-01	1.447341720903096984e-01	6.900707300201305849e-02	2.969398704737569519e-02	7.243034007740212221e-02
1.065277001046893474e+03	2.661200901667355456e-01	1.754240177623636321e-01	2.423550932332111107e-01	1.448265637653029791e-01	6.905167983021720524e-02	2.972443662117657884e-02	7.249811862064038659e-02
1.066728332110990095e+03	2.658638443887129110e-01	1.752820020085230635e-01	2.425185204530777572e-01	1.449188658684510411e-01	6.909622217835209579e-02	2.975480556195150839e-02	7.256573954057900233e-02
1.068179663175086489e+03	2.656080751776330184e-01	1.751402054940168207e-01	2.426816435794437732e-01	1.450110781631616663e-01	6.914069967997749089e-02	2.978509445485899229e-02	7.263320345055560012e-02
1.069630994239183110e+03	2.653527816893133107e-01	1.749986278653871130e-01	2.428444632124087399e-01	1.451032004079230164e-01	6.918511199038010484e-02	2.981530387185698031e-02	7.270051096237807597e-02
1.071082325303279504e+03	2.650979630804039533e-01	1.748572687697773076e-01	2.430069799486973825e-01	1.451952323567528569e-01	6.922945878561342914e-02	2.984543437220753270e-02	7.276766268619488942e-02
1.072533656367376352e+03	2.648436185084105388e-01	1.747161278549305141e-01	2.431691943817679835e-01	1.452871737596261315e-01	6.927373976157899516e-02	2.987548650295903177e-02	7.283465923037414635e-02
1.073984987431472746e+03	2.645897471317167904e-01	1.745752047691878084e-01	2.433311071019159388e-01	1.453790243628811929e-01	6.931795463314774364e-02	2.990546079940700763e-02	7.290150120139085588e-02
1.075436318495569594e+03	2.643363481096052681e-01	1.744344991614867335e-01	2.434927186963729562e-01	1.454707839096063271e-01	6.936210313331950261e-02	2.993535778553454985e-02	7.296818920372193096e-02
1.076887649559666215e+03	2.640834206022779629e-01	1.742940106813595513e-01	2.436540297494021456e-01	1.455624521400069038e-01	6.940618501241899163e-02	2.996517797443328315e-02	7.303472383974847493e-02
1.078338980623762609e+03	2.638309637708753375e-01	1.741537389789316881e-01	2.438150408423886972e-01	1.456540287917540977e-01	6.945020003732682579e-02	2.999492186870576088e-02	7.310110570966495136e-02
1.079790311687859230e+03	2.635789767774947001e-01	1.740136837049202634e-01	2.439757525539268390e-01	1.457455136003165397e-01	6.949414799074400684e-02	3.002458996085021620e-02	7.316733541139476549e-02
1.081241642751955851e+03	2.633274587852078574e-01	1.738738445106325636e-01	2.441361654599030206e-01	1.458369062992749543e-01	6.953802867048841652e-02	3.005418273362840328e-02	7.323341354051210450e-02
1.082692973816052472e+03	2.630764089580776011e-01	1.737342210479645987e-01	2.442962801335755441e-01	1.459282066206208373e-01	6.958184188882195198e-02	3.008370066041736457e-02	7.329934069016946774e-02
1.084144304880149093e+03	2.628258264611736950e-01	1.735948129693995201e-01	2.444560971456506693e-01	1.460194142950400620e-01	6.962558747180699892e-02	3.011314420554585258e-02	7.336511745103065085e-02
1.085595635944245487e+03	2.625757104605881409e-01	1.734556199280062050e-01	2.446156170643553895e-01	1.461105290521818034e-01	6.966926525869096554e-02	3.014251382461610729e-02	7.343074441120889251e-02
1.087046967008342108e+03	2.623260601234493894e-01	1.733166415774379243e-01	2.447748404555074031e-01	1.462015506209135562e-01	6.971287510131767007e-02	3.017180996481166194e-02	7.349622215620987831e-02
1.088498298072438729e+03	2.620768746179363284e-01	1.731778775719309271e-01	2.449337678825818099e-01	1.462924787295630247e-01	6.975641686356440219e-02	3.020103306519184710e-02	7.356155126887919948e-02
1.089949629136535123e+03	2.618281531132910511e-01	1.730393275663030250e-01	2.450923999067748382e-01	1.463833131061471338e-01	6.979989042080358974e-02	3.023018355697355483e-02	7.362673232935436352e-02
1.091400960200631971e+03	2.615798947798316787e-01	1.729009912159521767e-01	2.452507370870651571e-01	1.464740534785891057e-01	6.984329565938794671e-02	3.025926186380089797e-02	7.369176591502057949e-02
1.092852291264728365e+03	2.613320987889639624e-01	1.727628681768552943e-01	2.454087799802723013e-01	1.465646995749238790e-01	6.988663247615811702e-02	3.028826840200328843e-02	7.375665260047067906e-02
1.094303622328825213e+03	2.610847643131926632e-01	1.726249581055668003e-01	2.455665291411127937e-01	1.466552511234925082e-01	6.992990077797182902e-02	3.031720358084245490e-02	7.382139295746842356e-02
1.095754953392921607e+03	2.608378905261321545e-01	1.724872606592174895e-01	2.457239851222536853e-01	1.467457078531261283e-01	6.997310048125376936e-02	3.034606780274895846e-02	7.388598755491532222e-02
1.097206284457018228e+03	2.605914766025166918e-01	1.723497754955129746e-01	2.458811484743638198e-01	1.468360694933197319e-01	7.001623151156495528e-02	3.037486146354860528e-02	7.395043695882067003e-02
1.098657615521114849e+03	2.603455217182101822e-01	1.722125022727327148e-01	2.460380197461631280e-01	1.469263357743964826e-01	7.005929380319106392e-02	3.040358495267929395e-02	7.401474173227462483e-02
1.100108946585211470e+03	2.601000250502152333e-01	1.720754406497285727e-01	2.461945994844694507e-01	1.470165064276627021e-01	7.010228729874877496e-02	3.043223865339867232e-02	7.407890243542407382e-02
1.101560277649308091e+03	2.598549857766820348e-01	1.719385902859235926e-01	2.463508882342437811e-01	1.471065811855543914e-01	7.014521194880932176e-02	3.046082294298306861e-02	7.414291962545131731e-02
1.103011608713404712e+03	2.596104030769164628e-01	1.718019508413108354e-01	2.465068865386331742e-01	1.471965597817751492e-01	7.018806771153862645e-02	3.048933819291804390e-02	7.420679385655516713e-02
1.104462939777501106e+03	2.593662761313881848e-01	1.716655219764521845e-01	2.466625949390122419e-01	1.472864419514262335e-01	7.023085455235306140e-02	3.051778476908100640e-02	7.427052567993455701e-02
1.105914270841597499e+03	2.591226041217379872e-01	1.715293033524770416e-01	2.468180139750223989e-01	1.473762274311290754e-01	7.027357244359039301e-02	3.054616303191617227e-02	7.433411564377433167e-02
1.107365601905694348e+03	2.588793862307848248e-01	1.713932946310812999e-01	2.469731441846099718e-01	1.474659159591405755e-01	7.031622136419524161e-02	3.057447333660229596e-02	7.439756429323315934e-02
1.108816932969790741e+03	2.586366216425325937e-01	1.712574954745260392e-01	2.471279861040622527e-01	1.475555072754613506e-01	7.035880129941811389e-02	3.060271603321342362e-02	7.446087217043353967e-02
1.110268264033887590e+03	2.583943095421765146e-01	1.711219055456364158e-01	2.472825402680423057e-01	1.476450011219375691e-01	7.040131224052788295e-02	3.063089146687304407e-02	7.452403981445354653e-02
1.111719595097984211e+03	2.581524491161090729e-01	1.709865245078004692e-01	2.474368072096221338e-01	1.477343972423564855e-01	7.044375418453674431e-02	3.065899997790189416e-02	7.458706776132047189e-02
1.113170926162080832e+03	2.579110395519256804e-01	1.708513520249680673e-01	2.475907874603145986e-01	1.478236953825357303e-01	7.048612713393731521e-02	3.068704190195972736e-02	7.464995654400612135e-02
1.114622257226177226e+03	2.576700800384301160e-01	1.707163877616497960e-01	2.477444815501038122e-01	1.479128952904073535e-01	7.052843109645125230e-02	3.071501757018128484e-02	7.471270669242360829e-02
1.116073588290273847e+03	2.574295697656394655e-01	1.705816313829156827e-01	2.478978900074744751e-01	1.480019967160960404e-01	7.057066608478897163e-02	3.074292730930677786e-02	7.477531873342573021e-02
1.117524919354370468e+03	2.571895079247891736e-01	1.704470825543941970e-01	2.480510133594397704e-01	1.480909994119923578e-01	7.061283211641983248e-02	3.077077144180708629e-02	7.483779319080466341e-02
1.118976250418467089e+03	2.569498937083373180e-01	1.703127409422711125e-01	2.482038521315682034e-01	1.481799031328209226e-01	7.065492921335254917e-02	3.079855028600390551e-02	7.490013058529297607e-02
1.120427581482563710e+03	2.567107263099690506e-01	1.701786062132885913e-01	2.483564068480093312e-01	1.482687076357039058e-01	7.069695740192519229e-02	3.082626415618511251e-02	7.496233143456587644e-02
1.121878912546660331e+03	2.564720049246000944e-01	1.700446780347438513e-01	2.485086780315182708e-01	1.483574126802201798e-01	7.073891671260443270e-02	3.085391336271550364e-02	7.502439625324466843e-02
1.123330243610756725e+03	2.562337287483812953e-01	1.699109560744881675e-01	2.486606662034795134e-01	1.484460180284599973e-01	7.078080717979363945e-02	3.088149821214316096e-02	7.508632555290119248e-02
1.124781574674853118e+03	2.559958969787016758e-01	1.697774400009258999e-01	2.488123718839293230e-01	1.485345234450757279e-01	7.082262884164944317e-02	3.090901900730161356e-02	7.514811984206333506e-02
1.126232905738949967e+03	2.557585088141915985e-01	1.696441294830133284e-01	2.489637955915775247e-01	1.486229286973287100e-01	7.086438173990630696e-02	3.093647604740797433e-02	7.520977962622153734e-02
1.127684236803046360e+03	2.555215634547263193e-01	1.695110241902577364e-01	2.491149378438283213e-01	1.487112335551322717e-01	7.090606591970897987e-02	3.096386962815725688e-02	7.527130540783610879e-02
1.129135567867143209e+03	2.552850601014284848e-01	1.693781237927161898e-01	2.492657991568001663e-01	1.487994377910915322e-01	7.094768142945216682e-02	3.099120004181301832e-02	7.533269768634542896e-02
1.130586898931239830e+03	2.550489979566711307e-01	1.692454279609946488e-01	2.494163800453448598e-01	1.488875411805395399e-01	7.098922832062737331e-02	3.101846757729449441e-02	7.539395695817494025e-02
1.132038229995336451e+03	2.548133762240799571e-01	1.691129363662468299e-01	2.495666810230659505e-01	1.489755435015704399e-01	7.103070664767649478e-02	3.104567252026038324e-02	7.545508371674686243e-02
1.133489561059432845e+03	2.545781941085358824e-01	1.689806486801733176e-01	2.497167026023362491e-01	1.490634445350695891e-01	7.107211646785177583e-02	3.107281515318943699e-02	7.551607845249055928e-02
1.134940892123529466e+03	2.543434508161772079e-01	1.688485645750204267e-01	2.498664452943147873e-01	1.491512440647407012e-01	7.111345784108209778e-02	3.109989575545797982e-02	7.557694165285366861e-02
1.136392223187626087e+03	2.541091455544013389e-01	1.687166837235792027e-01	2.500159096089628608e-01	1.492389418771302989e-01	7.115473082984506703e-02	3.112691460341448363e-02	7.563767380231364856e-02
1.137843554251722708e+03	2.538752775318670052e-01	1.685850057991844786e-01	2.501650960550596547e-01	1.493265377616496137e-01	7.119593549904479346e-02	3.115387197045136822e-02	7.569827538239000397e-02
1.139294885315819101e+03	2.536418459584957596e-01	1.684535304757138474e-01	2.503140051402171218e-01	1.494140315105940142e-01	7.123707191589501164e-02	3.118076812707409190e-02	7.575874687165702615e-02
1.140746216379915950e+03	2.534088500454736437e-01	1.683222574275866634e-01	2.504626373708943587e-01	1.495014229191600208e-01	7.127814014980750346e-02	3.120760334096770935e-02	7.581908874575699064e-02
1.142197547444012343e+03	2.531762890052525750e-01	1.681911863297630150e-01	2.506109932524111517e-01	1.495887117854600712e-01	7.131914027228526687e-02	3.123437787706095578e-02	7.587930147741382692e-02
1.143648878508108737e+03	2.529441620515516242e-01	1.680603168577428641e-01	2.507590732889614094e-01	1.496758979105352327e-01	7.136007235682061134e-02	3.126109199758798224e-02	7.593938553644712097e-02
1.145100209572205586e+03	2.527124683993582921e-01	1.679296486875649919e-01	2.509068779836255980e-01	1.497629810983659160e-01	7.140093647879756922e-02	3.128774596214786013e-02	7.599934138978664544e-02
1.146551540636302207e+03	2.524812072649294525e-01	1.677991814958059158e-01	2.510544078383830646e-01	1.498499611558806455e-01	7.144173271539877579e-02	3.131434002776192077e-02	7.605916950148715328e-02
1.148002871700398828e+03	2.522503778657923523e-01	1.676689149595791406e-01	2.512016633541235833e-01	1.499368378929629708e-01	7.148246114551635999e-02	3.134087444892906527e-02	7.611887033274351844e-02
1.149454202764495449e+03	2.520199794207453881e-01	1.675388487565339923e-01	2.513486450306587350e-01	1.500236111224566571e-01	7.152312184966691522e-02	3.136734947767906567e-02	7.617844434190616798e-02
1.150905533828591842e+03	2.517900111498589388e-01	1.674089825648548135e-01	2.514953533667326768e-01	1.501102806601694872e-01	7.156371490991009221e-02	3.139376536362403075e-02	7.623789198449683335e-02
1.152356864892688463e+03	2.515604722744759214e-01	1.672793160632599085e-01	2.516417888600324670e-01	1.501968463248750663e-01	7.160424040977092508e-02	3.142012235400802600e-02	7.629721371322457923e-02
1.153808195956785084e+03	2.513313620172122342e-01	1.671498489310005997e-01	2.517879520071980570e-01	1.502833079383135706e-01	7.164469843416550188e-02	3.144642069375498672e-02	7.635640997800191565e-02
1.155259527020881706e+03	2.511026796019575347e-01	1.670205808478603671e-01	2.519338433038316172e-01	1.503696653251909432e-01	7.168508906932999358e-02	3.147266062551497268e-02	7.641548122596135417e-02
1.156710858084978327e+03	2.508744242538750724e-01	1.668915114941538214e-01	2.520794632445074734e-01	1.504559183131767564e-01	7.172541240275284724e-02	3.149884238970885458e-02	7.647442790147193636e-02
1.158162189149074720e+03	2.506465951994023555e-01	1.667626405507257603e-01	2.522248123227802674e-01	1.505420667329008810e-01	7.176566852310990730e-02	3.152496622457146014e-02	7.653325044615612305e-02
1.159613520213171569e+03	2.504191916662512063e-01	1.666339676989502805e-01	2.523698910311938381e-01	1.506281104179488795e-01	7.180585752020250678e-02	3.155103236619327678e-02	7.659194929890672521e-02
1.161064851277267962e+03	2.501922128834078163e-01	1.665054926207298058e-01	2.525146998612894933e-01	1.507140492048565372e-01	7.184597948489829244e-02	3.157704104856078053e-02	7.665052489590397367e-02
1.162516182341364356e+03	2.499656580811329409e-01	1.663772149984942272e-01	2.526592393036137252e-01	1.507998829331030077e-01	7.188603450907464498e-02	3.160299250359541873e-02	7.670897767063281081e-02
1.163967513405461204e+03	2.497395264909616219e-01	1.662491345151997924e-01	2.528035098477259823e-01	1.508856114451032904e-01	7.192602268556459733e-02	3.162888696119127430e-02	7.676730805390022394e-02
1.165418844469557826e+03	2.495138173457032427e-01	1.661212508543284672e-01	2.529475119822059970e-01	1.509712345861995153e-01	7.196594410810527864e-02	3.165472464925159213e-02	7.682551647385266191e-02
1.166870175533654447e+03	2.492885298794413340e-01	1.659935636998867980e-01	2.530912461946609460e-01	1.510567522046514788e-01	7.200579887128850942e-02	3.168050579372406333e-02	7.688360335599357664e-02
1.168321506597751068e+03	2.490636633275333245e-01	1.658660727364050791e-01	2.532347129717322232e-01	1.511421641516262904e-01	7.204558707051372801e-02	3.170623061863501319e-02	7.694156912320104791e-02
1.169772837661847461e+03	2.488392169266102072e-01	1.657387776489363806e-01	2.533779127991019342e-01	1.512274702811873539e-01	7.208530880194287394e-02	3.173189934612249963e-02	7.699941419574540813e-02
1.171224168725944082e+03	2.486151899145762345e-01	1.656116781230557167e-01	2.535208461614994468e-01	1.513126704502824604e-01	7.212496416245742226e-02	3.175751219646838486e-02	7.705713899130695044e-02
1.172675499790040703e+03	2.483915815306085295e-01	1.654847738448590733e-01	2.536635135427073307e-01	1.513977645187311871e-01	7.216455324961724982e-02	3.178306938812940768e-02	7.711474392499371999e-02
1.174126830854137097e+03	2.481683910151565031e-01	1.653580645009626038e-01	2.538059154255675742e-01	1.514827523492119077e-01	7.220407616162137499e-02	3.180857113776730527e-02	7.717222940935924980e-02
1.175578161918233945e+03	2.479456176099414932e-01	1.652315497785015741e-01	2.539480522919868033e-01	1.515676338072478313e-01	7.224353299727040434e-02	3.183401766027806057e-02	7.722959585442035202e-02
1.177029492982330339e+03	2.477232605579560709e-01	1.651052293651295855e-01	2.540899246229423314e-01	1.516524087611926530e-01	7.228292385593075575e-02	3.185940916882019913e-02	7.728684366767493708e-02
1.178480824046426733e+03	2.475013191034634852e-01	1.649791029490176586e-01	2.542315328984872114e-01	1.517370770822156767e-01	7.232224883750035249e-02	3.188474587484230183e-02	7.734397325411984658e-02
1.179932155110523581e+03	2.472797924919970525e-01	1.648531702188532622e-01	2.543728775977554535e-01	1.518216386442864385e-01	7.236150804237595491e-02	3.191002798810970570e-02	7.740098501626867245e-02
1.181383486174620202e+03	2.470586799703594350e-01	1.647274308638395357e-01	2.545139591989670214e-01	1.519060933241587752e-01	7.240070157142190765e-02	3.193525571673042768e-02	7.745787935416943715e-02
1.182834817238716823e+03	2.468379807866217523e-01	1.646018845736943459e-01	2.546547781794326615e-01	1.519904410013546148e-01	7.243982952594033020e-02	3.196042926718031807e-02	7.751465666542250998e-02
1.184286148302813444e+03	2.466176941901231101e-01	1.644765310386493706e-01	2.547953350155585661e-01	1.520746815581470734e-01	7.247889200764258411e-02	3.198554884432754097e-02	7.757131734519824573e-02
1.185737479366910065e+03	2.463978194314694892e-01	1.643513699494492108e-01	2.549356301828509253e-01	1.521588148795436080e-01	7.251788911862210030e-02	3.201061465145634000e-02	7.762786178625476208e-02
1.187188810431006686e+03	2.461783557625330798e-01	1.642264009973506411e-01	2.550756641559202564e-01	1.522428408532683630e-01	7.255682096132826109e-02	3.203562689029017252e-02	7.768429037895559219e-02
1.188640141495103080e+03	2.459593024364513103e-01	1.641016238741215272e-01	2.552154374084857902e-01	1.523267593697445188e-01	7.259568763854173934e-02	3.206058576101417090e-02	7.774060351128730950e-02
1.190091472559199701e+03	2.457406587076259308e-01	1.639770382720401876e-01	2.553549504133793002e-01	1.524105703220761387e-01	7.263448925335062867e-02	3.208549146229706245e-02	7.779680156887708309e-02
1.191542803623296322e+03	2.455224238317220975e-01	1.638526438838942556e-01	2.554942036425493779e-01	1.524942736060299620e-01	7.267322590912791980e-02	3.211034419131241630e-02	7.785288493501030249e-02
1.192994134687392716e+03	2.453045970656673180e-01	1.637284404029800133e-01	2.556331975670651513e-01	1.525778691200166681e-01	7.271189770950982345e-02	3.213514414375941153e-02	7.790885399064793881e-02
1.194445465751489564e+03	2.450871776676505631e-01	1.636044275231014200e-01	2.557719326571201157e-01	1.526613567650720316e-01	7.275050475837513408e-02	3.215989151388301548e-02	7.796470911444404461e-02
1.195896796815585958e+03	2.448701648971210731e-01	1.634806049385692794e-01	2.559104093820357972e-01	1.527447364448380196e-01	7.278904715982549567e-02	3.218458649449366243e-02	7.802045068276304562e-02
1.197348127879682352e+03	2.446535580147873867e-01	1.633569723442003518e-01	2.560486282102650835e-01	1.528280080655434747e-01	7.282752501816662505e-02	3.220922927698643273e-02	7.807607906969703249e-02
1.198799458943779200e+03	2.444373562826162583e-01	1.632335294353165489e-01	2.561865896093959982e-01	1.529111715359846302e-01	7.286593843789029856e-02	3.223382005135973227e-02	7.813159464708295532e-02
1.200250790007875821e+03	2.442215589638314366e-01	1.631102759077439623e-01	2.563242940461548658e-01	1.529942267675056533e-01	7.290428752365719911e-02	3.225835900623354180e-02	7.818699778451976279e-02
1.201702121071972442e+03	2.440061653229126104e-01	1.629872114578121423e-01	2.564617419864095860e-01	1.530771736739788558e-01	7.294257238028058199e-02	3.228284632886718741e-02	7.824228884938544404e-02
1.203153452136069063e+03	2.437911746255942425e-01	1.628643357823530702e-01	2.565989338951728538e-01	1.531600121717849594e-01	7.298079311271057912e-02	3.230728220517671556e-02	7.829746820685398734e-02
1.204604783200165684e+03	2.435765861388643483e-01	1.627416485787004929e-01	2.567358702366051015e-01	1.532427421797930012e-01	7.301894982601932205e-02	3.233166681975183088e-02	7.835253621991224160e-02
1.206056114264262078e+03	2.433623991309633028e-01	1.626191495446889512e-01	2.568725514740178295e-01	1.533253636193404323e-01	7.305704262538668947e-02	3.235600035587243850e-02	7.840749324937679177e-02
1.207507445328358699e+03	2.431486128713825356e-01	1.624968383786529191e-01	2.570089780698760484e-01	1.534078764142128848e-01	7.309507161608669312e-02	3.238028299552481865e-02	7.846233965391052889e-02
1.208958776392455093e+03	2.429352266308634212e-01	1.623747147794259993e-01	2.571451504858016657e-01	1.534902804906240203e-01	7.313303690347451591e-02	3.240451491941740564e-02	7.851707579003938675e-02
1.210410107456551941e+03	2.427222396813958627e-01	1.622527784463400902e-01	2.572810691825758722e-01	1.535725757771953248e-01	7.317093859297417457e-02	3.242869630699626166e-02	7.857170201216881478e-02
1.211861438520648335e+03	2.425096512962171269e-01	1.621310290792244424e-01	2.574167346201421402e-01	1.536547622049357353e-01	7.320877679006665417e-02	3.245282733646013412e-02	7.862621867260015385e-02
1.213312769584745183e+03	2.422974607498104838e-01	1.620094663784050204e-01	2.575521472576087212e-01	1.537368397072213233e-01	7.324655160027859768e-02	3.247690818477523556e-02	7.868062612154705371e-02
1.214764100648841804e+03	2.420856673179038188e-01	1.618880900447033366e-01	2.576873075532512547e-01	1.538188082197749773e-01	7.328426312917167562e-02	3.250093902768971116e-02	7.873492470715161284e-02
1.216215431712937971e+03	2.418742702774684394e-01	1.617668997794359798e-01	2.578222159645154332e-01	1.539006676806459750e-01	7.332191148233224709e-02	3.252492003974775253e-02	7.878911477550058773e-02
1.217666762777034819e+03	2.416632689067176043e-01	1.616458952844134489e-01	2.579568729480192779e-01	1.539824180301897216e-01	7.335949676536156205e-02	3.254885139430344076e-02	7.884319667064138004e-02
1.219118093841131440e+03	2.414526624851052183e-01	1.615250762619395153e-01	2.580912789595558032e-01	1.540640592110471274e-01	7.339701908386646323e-02	3.257273326353431198e-02	7.889717073459796837e-02
1.220569424905228061e+03	2.412424502933244175e-01	1.614044424148103618e-01	2.582254344540952373e-01	1.541455911681245683e-01	7.343447854345049042e-02	3.259656581845462447e-02	7.895103730738671499e-02
1.222020755969324682e+03	2.410326316133061808e-01	1.612839934463136393e-01	2.583593398857873535e-01	1.542270138485732911e-01	7.347187524970535955e-02	3.262034922892838307e-02	7.900479672703217271e-02
1.223472087033421303e+03	2.408232057282179150e-01	1.611637290602277728e-01	2.584929957079639684e-01	1.543083272017692076e-01	7.350920930820289967e-02	3.264408366368207193e-02	7.905844932958254467e-02
1.224923418097517697e+03	2.406141719224620668e-01	1.610436489608210731e-01	2.586264023731408290e-01	1.543895311792925773e-01	7.354648082448733692e-02	3.266776929031715848e-02	7.911199544912533854e-02
1.226374749161614318e+03	2.404055294816746513e-01	1.609237528528508487e-01	2.587595603330200555e-01	1.544706257349078016e-01	7.358368990406789767e-02	3.269140627532235444e-02	7.916543541780274307e-02
1.227826080225710712e+03	2.401972776927237818e-01	1.608040404415626845e-01	2.588924700384922506e-01	1.545516108245432729e-01	7.362083665241184183e-02	3.271499478408564782e-02	7.921876956582683815e-02
1.229277411289807560e+03	2.399894158437083369e-01	1.606845114326895807e-01	2.590251319396386087e-01	1.546324864062710858e-01	7.365792117493777380e-02	3.273853498090608521e-02	7.927199822149488817e-02
1.230728742353903954e+03	2.397819432239563509e-01	1.605651655324510374e-01	2.591575464857329147e-01	1.547132524402870801e-01	7.369494357700925868e-02	3.276202702900537361e-02	7.932512171120435773e-02
1.232180073418000802e+03	2.395748591240235426e-01	1.604460024475523328e-01	2.592897141252437088e-01	1.547939088888908299e-01	7.373190396392872992e-02	3.278547109053922548e-02	7.937814035946796909e-02
1.233631404482097196e+03	2.393681628356919833e-01	1.603270218851837181e-01	2.594216353058362290e-01	1.548744557164656033e-01	7.376880244093179939e-02	3.280886732660853039e-02	7.943105448892844034e-02
1.235082735546193817e+03	2.391618536519684035e-01	1.602082235530195298e-01	2.595533104743744102e-01	1.549548928894585731e-01	7.380563911318165082e-02	3.283221589727031153e-02	7.948386442037339017e-02
1.236534066610290438e+03	2.389559308670828608e-01	1.600896071592174119e-01	2.596847400769227709e-01	1.550352203763610270e-01	7.384241408576383559e-02	3.285551696154851570e-02	7.953657047274986791e-02
1.237985397674387059e+03	2.387503937764870743e-01	1.599711724124174284e-01	2.598159245587483568e-01	1.551154381476885225e-01	7.387912746368130446e-02	3.287877067744456733e-02	7.958917296317896684e-02
1.239436728738483680e+03	2.385452416768530093e-01	1.598529190217413964e-01	2.599468643643226828e-01	1.551955461759615129e-01	7.391577935184959203e-02	3.290197720194779768e-02	7.964167220697024319e-02
1.240888059802580301e+03	2.383404738660712674e-01	1.597348466967918879e-01	2.600775599373234548e-01	1.552755444356855863e-01	7.395236985509236194e-02	3.292513669104565194e-02	7.969406851763599642e-02
1.242339390866676695e+03	2.381360896432495877e-01	1.596169551476516180e-01	2.602080117206366783e-01	1.553554329033320636e-01	7.398889907813704925e-02	3.294824929973375754e-02	7.974636220690556332e-02
1.243790721930773088e+03	2.379320883087113203e-01	1.594992440848824189e-01	2.603382201563578802e-01	1.554352115573187365e-01	7.402536712561080812e-02	3.297131518202580519e-02	7.979855358473934845e-02
1.245242052994869937e+03	2.377284691639938163e-01	1.593817132195246011e-01	2.604681856857946065e-01	1.555148803779906053e-01	7.406177410203652889e-02	3.299433449096330490e-02	7.985064295934289624e-02
1.246693384058966330e+03	2.375252315118469570e-01	1.592643622630960376e-01	2.605979087494676993e-01	1.555944393476006438e-01	7.409812011182922986e-02	3.301730737862512005e-02	7.990263063718067160e-02
1.248144715123063179e+03	2.373223746562314607e-01	1.591471909275914698e-01	2.607273897871131840e-01	1.556738884502908704e-01	7.413440525929247682e-02	3.304023399613691819e-02	7.995451692298999324e-02
1.249596046187159800e+03	2.371198979023173836e-01	1.590301989254816195e-01	2.608566292376839901e-01	1.557532276720733633e-01	7.417062964861503849e-02	3.306311449368044830e-02	8.000630211979457840e-02
1.251047377251256421e+03	2.369178005564825384e-01	1.589133859697123563e-01	2.609856275393515612e-01	1.558324570008114696e-01	7.420679338386770851e-02	3.308594902050265157e-02	8.005798652891817080e-02
1.252498708315352815e+03	2.367160819263109117e-01	1.587967517737039758e-01	2.611143851295075202e-01	1.559115764262010428e-01	7.424289656900029399e-02	3.310873772492468892e-02	8.010957044999797438e-02
1.253950039379449436e+03	2.365147413205909988e-01	1.586802960513504224e-01	2.612429024447655013e-01	1.559905859397519301e-01	7.427893930783867338e-02	3.313148075435076029e-02	8.016105418099804536e-02
1.255401370443546057e+03	2.363137780493143603e-01	1.585640185170184013e-01	2.613711799209626485e-01	1.560694855347694310e-01	7.431492170408217357e-02	3.315417825527686158e-02	8.021243801822247610e-02
1.256852701507642678e+03	2.361131914236738738e-01	1.584479188855465182e-01	2.614992179931611704e-01	1.561482752063359791e-01	7.435084386130089151e-02	3.317683037329937495e-02	8.026372225632859292e-02
1.258304032571739299e+03	2.359129807560621517e-01	1.583319968722447513e-01	2.616270170956498942e-01	1.562269549512928235e-01	7.438670588293327945e-02	3.319943725312354127e-02	8.031490718833995957e-02
1.259755363635835920e+03	2.357131453600700144e-01	1.582162521928933419e-01	2.617545776619461528e-01	1.563055247682220150e-01	7.442250787228377185e-02	3.322199903857180753e-02	8.036599310565931131e-02
1.261206694699932314e+03	2.355136845504847698e-01	1.581006845637422387e-01	2.618819001247970069e-01	1.563839846574283377e-01	7.445824993252060653e-02	3.324451587259204949e-02	8.041698029808136416e-02
1.262658025764028707e+03	2.353145976432886033e-01	1.579852937015101821e-01	2.620089849161810758e-01	1.564623346209214616e-01	7.449393216667375694e-02	3.326698789726572486e-02	8.046786905380558241e-02
1.264109356828125556e+03	2.351158839556570790e-01	1.578700793233839272e-01	2.621358324673098150e-01	1.565405746623980965e-01	7.452955467763289210e-02	3.328941525381585304e-02	8.051865965944873804e-02
1.265560687892221949e+03	2.349175428059573079e-01	1.577550411470174940e-01	2.622624432086291812e-01	1.566187047872245330e-01	7.456511756814550307e-02	3.331179808261490460e-02	8.056935240005742849e-02
1.267012018956318798e+03	2.347195735137464490e-01	1.576401788905313905e-01	2.623888175698212422e-01	1.566967250024190184e-01	7.460062094081515438e-02	3.333413652319260762e-02	8.061994755912052502e-02
1.268463350020415419e+03	2.345219753997700440e-01	1.575254922725117523e-01	2.625149559798054533e-01	1.567746353166343531e-01	7.463606489809976319e-02	3.335643071424362893e-02	8.067044541858145457e-02
1.269914681084511813e+03	2.343247477859603800e-01	1.574109810120096486e-01	2.626408588667401567e-01	1.568524357401407388e-01	7.467144954231001719e-02	3.337868079363515150e-02	8.072084625885038445e-02
1.271366012148608434e+03	2.341278899954347958e-01	1.572966448285401941e-01	2.627665266580242465e-01	1.569301262848085965e-01	7.470677497560790359e-02	3.340088689841434755e-02	8.077115035881633764e-02
1.272817343212705055e+03	2.339314013524941005e-01	1.571824834420818828e-01	2.628919597802986119e-01	1.570077069640915257e-01	7.474204130000529356e-02	3.342304916481578236e-02	8.082135799585922487e-02
1.274268674276801676e+03	2.337352811826209076e-01	1.570684965730756999e-01	2.630171586594473587e-01	1.570851777930095672e-01	7.477724861736248507e-02	3.344516772826868628e-02	8.087146944586171005e-02
1.275720005340898297e+03	2.335395288124779700e-01	1.569546839424244555e-01	2.631421237205994745e-01	1.571625387881323277e-01	7.481239702938709268e-02	3.346724272340415723e-02	8.092148498322102035e-02
1.277171336404994690e+03	2.333441435699064592e-01	1.568410452714918690e-01	2.632668553881299944e-01	1.572397899675624655e-01	7.484748663763274301e-02	3.348927428406228007e-02	8.097140488086065901e-02
1.278622667469091539e+03	2.331491247839243830e-01	1.567275802821019026e-01	2.633913540856618885e-01	1.573169313509191203e-01	7.488251754349800615e-02	3.351126254329912096e-02	8.102122941024200720e-02
1.280073998533187932e+03	2.329544717847249202e-01	1.566142886965380121e-01	2.635156202360670052e-01	1.573939629593216205e-01	7.491748984822535484e-02	3.353320763339368016e-02	8.107095884137581476e-02
1.281525329597284326e+03	2.327601839036747555e-01	1.565011702375422031e-01	2.636396542614677374e-01	1.574708848153732743e-01	7.495240365290013751e-02	3.355510968585469905e-02	8.112059344283364948e-02
1.282976660661381175e+03	2.325662604733123306e-01	1.563882246283144206e-01	2.637634565832381872e-01	1.575476969431452157e-01	7.498725905844963457e-02	3.357696883142747418e-02	8.117013348175913801e-02
1.284427991725477568e+03	2.323727008273462624e-01	1.562754515925117993e-01	2.638870276220058320e-01	1.576243993681604449e-01	7.502205616564222579e-02	3.359878520010049774e-02	8.121957922387927631e-02
1.285879322789574417e+03	2.321795043006536774e-01	1.561628508542476923e-01	2.640103677976528007e-01	1.577009921173780915e-01	7.505679507508655757e-02	3.362055892111205646e-02	8.126893093351547637e-02
1.287330653853671038e+03	2.319866702292784078e-01	1.560504221380911993e-01	2.641334775293170956e-01	1.577774752191775098e-01	7.509147588723076583e-02	3.364229012295678195e-02	8.131818887359465453e-02
1.288781984917767431e+03	2.317941979504294370e-01	1.559381651690660286e-01	2.642563572353940904e-01	1.578538487033429027e-01	7.512609870236176823e-02	3.366397893339206221e-02	8.136735330566008395e-02
1.290233315981864052e+03	2.316020868024792623e-01	1.558260796726500252e-01	2.643790073335379187e-01	1.579301126010477230e-01	7.516066362060459805e-02	3.368562547944443236e-02	8.141642448988234415e-02
