1.301360187473271253e+03	2.354654144412170469e-01	1.506522768795947320e-01	2.588590206740272182e-01	1.615580340090606581e-01	7.605824340039218923e-02	3.368924613000563728e-02	8.371776446535064697e-02
1.306197957686926657e+03	2.348846588496557031e-01	1.502421733152319583e-01	2.592129251326593664e-01	1.618121578510806069e-01	7.616636131863216419e-02	3.377683635538953483e-02	8.390488717699881582e-02
1.311035727900581833e+03	2.343072512130466023e-01	1.498343761979839539e-01	2.595649891299561252e-01	1.620646869232309217e-01	7.627389981261499530e-02	3.386389981794908632e-02	8.409089690486648561e-02
1.315873498114237009e+03	2.337331703968207608e-01	1.494288741253997355e-01	2.599152209986654860e-01	1.623156329836674960e-01	7.638086179309772072e-02	3.395043997559542281e-02	8.427579972640154848e-02
1.320711268327892412e+03	2.331623954979763491e-01	1.490256556634065865e-01	2.602636290530958574e-01	1.625650076789167398e-01	7.648725015876853273e-02	3.403646023438478690e-02	8.445960171309933873e-02
1.325549038541547588e+03	2.325949058376964584e-01	1.486247093517935880e-01	2.606102215889891660e-01	1.628128225453467637e-01	7.659306779631835926e-02	3.412196395131692622e-02	8.464230892818694341e-02
1.330386808755202765e+03	2.320306809543394300e-01	1.482260237093735722e-01	2.609550068833854097e-01	1.630590890106095869e-01	7.669831758050849047e-02	3.420695443691985915e-02	8.482392742451180800e-02
1.335224578968857941e+03	2.314697005967808474e-01	1.478295872388412091e-01	2.612979931944801049e-01	1.633038183950552835e-01	7.680300237423469401e-02	3.429143495763820743e-02	8.500446324261787256e-02
1.340062349182513572e+03	2.309119447180889573e-01	1.474353884313435725e-01	2.616391887614750167e-01	1.635470219131186509e-01	7.690712502858762512e-02	3.437540873804042357e-02	8.518392240899397283e-02
1.344900119396168748e+03	2.303573934695153924e-01	1.470434157707795619e-01	2.619786018044236720e-01	1.637887106746797605e-01	7.701068838290998919e-02	3.445887896285948493e-02	8.536231093448035101e-02
1.349737889609823924e+03	2.298060271947840738e-01	1.466536577378427797e-01	2.623162405240717643e-01	1.640288956863985848e-01	7.711369526485055415e-02	3.454184877888007155e-02	8.553963481282041148e-02
1.354575659823479100e+03	2.292578264246627195e-01	1.462661028138219077e-01	2.626521131016931743e-01	1.642675878530251432e-01	7.721614849041510964e-02	3.462432129668446129e-02	8.571590001934575875e-02
1.359413430037134731e+03	2.287127718718010849e-01	1.458807394841723781e-01	2.629862276989232694e-01	1.645047979786849468e-01	7.731805086401460914e-02	3.470629959226827210e-02	8.589111250978370693e-02
1.364251200250789907e+03	2.281708444258224444e-01	1.454975562418717727e-01	2.633185924575883186e-01	1.647405367681416266e-01	7.741940517851071679e-02	3.478778670853635568e-02	8.606527821917706045e-02
1.369088970464445310e+03	2.276320251486539381e-01	1.451165415905704970e-01	2.636492154995332404e-01	1.649748148280363591e-01	7.752021421525881473e-02	3.486878565668823787e-02	8.623840306090718721e-02
1.373926740678100487e+03	2.270962952700835424e-01	1.447376840475498583e-01	2.639781049264472990e-01	1.652076426681053367e-01	7.762048074414867882e-02	3.494929941750190422e-02	8.641049292581166885e-02
1.378764510891755890e+03	2.265636361835310641e-01	1.443609721464975959e-01	2.643052688196881328e-01	1.654390307023757001e-01	7.772020752364310059e-02	3.502933094252386886e-02	8.658155368138883978e-02
1.383602281105411066e+03	2.260340294420220830e-01	1.439863944401109375e-01	2.646307152401053409e-01	1.656689892503405426e-01	7.781939730081435802e-02	3.510888315517292357e-02	8.675159117108215134e-02
1.388440051319066470e+03	2.255074567543535746e-01	1.436139395025372578e-01	2.649544522278630132e-01	1.658975285381135145e-01	7.791805281137896555e-02	3.518795895176431848e-02	8.692061121363769960e-02
1.393277821532721646e+03	2.249838999814411933e-01	1.432435959316609442e-01	2.652764878022625394e-01	1.661246586995636099e-01	7.801617677973057829e-02	3.526656120246065423e-02	8.708861960252885226e-02
1.398115591746377049e+03	2.244633411328383898e-01	1.428753523512449608e-01	2.655968299615652506e-01	1.663503897774306073e-01	7.811377191897142525e-02	3.534469275215523093e-02	8.725562210544256236e-02
1.402953361960032225e+03	2.239457623634181493e-01	1.425091974129353845e-01	2.659154866828156161e-01	1.665747317244218317e-01	7.821084093094220202e-02	3.542235642129313439e-02	8.742162446382212293e-02
1.407791132173687402e+03	2.234311459702087166e-01	1.421451197981365711e-01	2.662324659216653844e-01	1.667976944042904308e-01	7.830738650625065911e-02	3.549955500663489610e-02	8.758663239246181065e-02
1.412628902387342805e+03	2.229194743893749553e-01	1.417831082197637538e-01	2.665477756121986119e-01	1.670192875928958598e-01	7.840341132429894111e-02	3.557629128196728580e-02	8.775065157914903324e-02
1.417466672600997981e+03	2.224107301933377634e-01	1.414231514238805665e-01	2.668614236667578576e-01	1.672395209792469917e-01	7.849891805330989902e-02	3.565256799876526106e-02	8.791368768435009473e-02
1.422304442814653157e+03	2.219048960880238008e-01	1.410652381912272102e-01	2.671734179757722649e-01	1.674584041665279910e-01	7.859390935035223680e-02	3.572838788680898076e-02	8.807574634093588706e-02
1.427142213028308333e+03	2.214019549102390627e-01	1.407093573386457852e-01	2.674837664075870869e-01	1.676759466731080617e-01	7.868838786136485297e-02	3.580375365475931687e-02	8.823683315394426074e-02
1.431979983241963964e+03	2.209018896251592201e-01	1.403554977204084508e-01	2.677924768082951545e-01	1.678921579335343750e-01	7.878235622118034964e-02	3.587866799069504287e-02	8.839695370037588262e-02
1.436817753455619140e+03	2.204046833239309278e-01	1.400036482294537421e-01	2.680995570015705098e-01	1.681070472995098153e-01	7.887581705354772266e-02	3.595313356261480714e-02	8.855611352902094391e-02
1.441655523669274316e+03	2.199103192213777980e-01	1.396537977985364276e-01	2.684050147885044257e-01	1.683206240408548771e-01	7.896877297115448280e-02	3.602715301890645205e-02	8.871431816031399853e-02
1.446493293882929493e+03	2.194187806538058505e-01	1.393059354012954332e-01	2.687088579474435912e-01	1.685328973464546298e-01	7.906122657564809697e-02	3.610072898878632225e-02	8.887157308621458640e-02
1.451331064096585123e+03	2.189300510769028318e-01	1.389600500532446048e-01	2.690110942338309052e-01	1.687438763251908613e-01	7.915318045765694366e-02	3.617386408271080350e-02	8.902788377011151832e-02
1.456168834310240300e+03	2.184441140637266854e-01	1.386161308126907521e-01	2.693117313800491575e-01	1.689535700068599267e-01	7.924463719681090756e-02	3.624656089276227094e-02	8.918325564674874084e-02
1.461006604523895703e+03	2.179609533027782875e-01	1.382741667815828024e-01	2.696107770952670957e-01	1.691619873430764420e-01	7.933559936176141913e-02	3.631882199301137565e-02	8.933769412217104633e-02
1.465844374737550879e+03	2.174805525961540087e-01	1.379341471062962288e-01	2.699082390652886576e-01	1.693691372081631008e-01	7.942606951020125816e-02	3.639064993985749452e-02	8.949120457368774095e-02
1.470682144951206283e+03	2.170028958577739087e-01	1.375960609783561384e-01	2.702041249524050892e-01	1.695750284000271946e-01	7.951605018888409371e-02	3.646204727234903659e-02	8.964379234985309086e-02
1.475519915164861459e+03	2.165279671116816795e-01	1.372598976351027122e-01	2.704984423952499495e-01	1.697796696410238115e-01	7.960554393364369097e-02	3.653301651248508364e-02	8.979546277046163150e-02
1.480357685378516862e+03	2.160557504904123682e-01	1.369256463603020779e-01	2.707911990086575571e-01	1.699830695788061841e-01	7.969455326941306261e-02	3.660356016549981550e-02	8.994622112655742407e-02
1.485195455592172038e+03	2.155862302334244918e-01	1.365932964847060282e-01	2.710824023835242680e-01	1.701852367871633520e-01	7.978308071024335646e-02	3.667368072013104524e-02	9.009607268045595474e-02
1.490033225805827215e+03	2.151193906855929650e-01	1.362628373865629738e-01	2.713720600866730281e-01	1.703861797668453359e-01	7.987112875932274314e-02	3.674338064887404387e-02	9.024502266577744125e-02
1.494870996019482618e+03	2.146552162957599263e-01	1.359342584920833485e-01	2.716601796607212571e-01	1.705859069463765143e-01	7.995869990899515112e-02	3.681266240822170244e-02	9.039307628749067292e-02
1.499708766233137567e+03	2.141936916153401316e-01	1.356075492758617995e-01	2.719467686239522841e-01	1.707844266828567326e-01	8.004579664077901557e-02	3.688152843889219018e-02	9.054023872196644007e-02
1.504546536446793198e+03	2.137348012969783051e-01	1.352826992612591872e-01	2.722318344701895598e-01	1.709817472627509771e-01	8.013242142538606894e-02	3.694998116604489291e-02	9.068651511703962331e-02
1.509384306660448374e+03	2.132785300932557027e-01	1.349596980207455610e-01	2.725153846686746428e-01	1.711778769026676417e-01	8.021857672274007589e-02	3.701802299948563774e-02	9.083191059207930407e-02
1.514222076874103550e+03	2.128248628554433308e-01	1.346385351762076354e-01	2.727974266639486833e-01	1.713728237501254970e-01	8.030426498199561003e-02	3.708565633386190497e-02	9.097643023806588347e-02
1.519059847087758726e+03	2.123737845322990758e-01	1.343192003992220718e-01	2.730779678757367934e-01	1.715665958843098360e-01	8.038948864155706642e-02	3.715288354884877658e-02	9.112007911767500135e-02
1.523897617301414357e+03	2.119252801689072152e-01	1.340016834112964517e-01	2.733570156988360811e-01	1.717592013168177112e-01	8.047425012909760478e-02	3.721970700932639153e-02	9.126286226536720059e-02
1.528735387515069533e+03	2.114793349055572869e-01	1.336859739840805250e-01	2.736345775030075145e-01	1.719506479923926801e-01	8.055855186157832859e-02	3.728612906554937961e-02	9.140478468748301777e-02
1.533573157728724709e+03	2.110359339766609554e-01	1.333720619395486195e-01	2.739106606328703397e-01	1.721409437896492534e-01	8.064239624526753358e-02	3.735215205330901650e-02	9.154585136234301423e-02
1.538410927942380113e+03	2.105950627097045724e-01	1.330599371501553496e-01	2.741852724078009396e-01	1.723300965217871572e-01	8.072578567576016439e-02	3.741777829408849537e-02	9.168606724035210931e-02
1.543248698156035516e+03	2.101567065242355981e-01	1.327495895389663449e-01	2.744584201218341346e-01	1.725181139372954919e-01	8.080872253799745164e-02	3.748301009521188415e-02	9.182543724410793806e-02
1.548086468369690692e+03	2.097208509308814139e-01	1.324410090797649431e-01	2.747301110435685367e-01	1.727050037206472877e-01	8.089120920628671552e-02	3.754784974998723324e-02	9.196396626851278955e-02
1.552924238583346096e+03	2.092874815303987501e-01	1.321341857971365941e-01	2.750003524160750112e-01	1.728907734929843731e-01	8.097324804432137757e-02	3.761229953784415991e-02	9.210165918088870918e-02
1.557762008797001272e+03	2.088565840127522000e-01	1.318291097665323652e-01	2.752691514568084696e-01	1.730754308127928631e-01	8.105484140520119452e-02	3.767636172446640896e-02	9.223852082109550155e-02
1.562599779010656675e+03	2.084281441562200188e-01	1.315257711143126562e-01	2.755365153575234372e-01	1.732589831765692090e-01	8.113599163145271409e-02	3.774003856191966016e-02	9.237455600165134229e-02
1.567437549224311852e+03	2.080021478265265678e-01	1.312241600177722067e-01	2.758024512841922848e-01	1.734414380194773397e-01	8.121670105504998072e-02	3.780333228877499202e-02	9.250976950785566588e-02
1.572275319437967255e+03	2.075785809759994605e-01	1.309242667051477016e-01	2.760669663769273474e-01	1.736228027159968379e-01	8.129697199743547709e-02	3.786624513022817523e-02	9.264416609791401025e-02
1.577113089651622431e+03	2.071574296427503292e-01	1.306260814556088612e-01	2.763300677499062052e-01	1.738030845805622893e-01	8.137680676954130166e-02	3.792877929821526078e-02	9.277775050306484583e-02
1.581950859865277607e+03	2.067386799498781846e-01	1.303295945992342664e-01	2.765917624912997419e-01	1.739822908681939173e-01	8.145620767181059596e-02	3.799093699152453207e-02	9.291052742770779249e-02
1.586788630078933011e+03	2.063223181046943133e-01	1.300347965169725561e-01	2.768520576632044761e-01	1.741604287751199187e-01	8.153517699421926335e-02	3.805272039590520960e-02	9.304250154953330743e-02
1.591626400292587959e+03	2.059083303979672153e-01	1.297416776405900529e-01	2.771109603015767808e-01	1.743375054393903612e-01	8.161371701629799302e-02	3.811413168417301239e-02	9.317367751965362210e-02
1.596464170506243590e+03	2.054967032031871088e-01	1.294502284526055369e-01	2.773684774161715438e-01	1.745135279414828378e-01	8.169183000715440901e-02	3.817517301631290910e-02	9.330405996273470615e-02
1.601301940719898766e+03	2.050874229758488931e-01	1.291604394862131133e-01	2.776246159904831035e-01	1.746885033049001834e-01	8.176951822549566318e-02	3.823584653957909363e-02	9.343365347712900837e-02
1.606139710933553943e+03	2.046804762527525412e-01	1.288723013251939498e-01	2.778793829816895711e-01	1.748624384967602530e-01	8.184678391965120869e-02	3.829615438859247656e-02	9.356246263500911375e-02
1.610977481147209119e+03	2.042758496513202016e-01	1.285858046038172164e-01	2.781327853206002620e-01	1.750353404283778447e-01	8.192362932759583716e-02	3.835609868543582435e-02	9.369049198250191390e-02
1.615815251360864750e+03	2.038735298689293429e-01	1.283009400067313954e-01	2.783848299116064018e-01	1.752072159558389630e-01	8.200005667697304879e-02	3.841568153974667110e-02	9.381774603982330485e-02
1.620653021574519926e+03	2.034735036822608867e-01	1.280176982688463194e-01	2.786355236326341078e-01	1.753780718805676708e-01	8.207606818511870017e-02	3.847490504880816259e-02	9.394422930141330119e-02
1.625490791788175102e+03	2.030757579466619389e-01	1.277360701752063843e-01	2.788848733351012577e-01	1.755479149498854197e-01	8.215166605908486019e-02	3.853377129763792958e-02	9.406994623607142780e-02
1.630328562001830505e+03	2.026802795955222058e-01	1.274560465608559068e-01	2.791328858438764660e-01	1.757167518575631082e-01	8.222685249566401289e-02	3.859228235907517790e-02	9.419490128709233356e-02
1.635166332215485909e+03	2.022870556396636210e-01	1.271776183106968772e-01	2.793795679572416701e-01	1.758845892443660075e-01	8.230162968141355173e-02	3.865044029386599522e-02	9.431909887240153001e-02
1.640004102429141085e+03	2.018960731667423791e-01	1.269007763593395510e-01	2.796249264468568807e-01	1.760514336985916639e-01	8.237599979268044048e-02	3.870824715074711042e-02	9.444254338469124099e-02
1.644841872642796488e+03	2.015073193406631824e-01	1.266255116909466016e-01	2.798689680577282624e-01	1.762172917566007524e-01	8.244996499562629033e-02	3.876570496652807091e-02	9.456523919155607194e-02
1.649679642856451665e+03	2.011207814010046724e-01	1.263518153390710275e-01	2.801116995081788796e-01	1.763821699033411849e-01	8.252352744625258973e-02	3.882281576617199054e-02	9.468719063562881788e-02
1.654517413070107068e+03	2.007364466624561028e-01	1.260796783864884529e-01	2.803531274898218295e-01	1.765460745728655301e-01	8.259668929042629504e-02	3.887958156287495831e-02	9.480840203471599392e-02
1.659355183283762244e+03	2.003543025142640044e-01	1.258090919650240447e-01	2.805932586675363716e-01	1.767090121488417431e-01	8.266945266390564317e-02	3.893600435814410787e-02	9.492887768193318532e-02
1.664192953497417420e+03	1.999743364196892581e-01	1.255400472553744595e-01	2.808320996794469449e-01	1.768709889650573464e-01	8.274181969236621415e-02	3.899208614187455596e-02	9.504862184584028650e-02
1.669030723711072824e+03	1.995965359154734664e-01	1.252725354869253516e-01	2.810696571369042385e-01	1.770320113059173361e-01	8.281379249142728494e-02	3.904782889242509186e-02	9.516763877057632381e-02
1.673868493924728000e+03	1.992208886113147337e-01	1.250065479375644106e-01	2.813059376244689824e-01	1.771920854069357065e-01	8.288537316667841937e-02	3.910323457669285380e-02	9.528593267599400063e-02
1.678706264138383403e+03	1.988473821893518290e-01	1.247420759334906676e-01	2.815409476998985694e-01	1.773512174552207554e-01	8.295656381370639099e-02	3.915830515018690894e-02	9.540350775779395109e-02
1.683544034352038352e+03	1.984760044036571192e-01	1.244791108490200665e-01	2.817746938941361190e-01	1.775094135899542847e-01	8.302736651812217539e-02	3.921304255710084119e-02	9.552036818765854975e-02
1.688381804565693983e+03	1.981067430797371909e-01	1.242176441063876507e-01	2.820071827113013185e-01	1.776666799028647770e-01	8.309778335558844209e-02	3.926744873038445771e-02	9.563651811338530484e-02
1.693219574779349159e+03	1.977395861140416322e-01	1.239576671755466958e-01	2.822384206286847053e-01	1.778230224386946889e-01	8.316781639184703256e-02	3.932152559181452400e-02	9.575196165901989076e-02
1.698057344993004335e+03	1.973745214734787812e-01	1.236991715739650249e-01	2.824684140967434476e-01	1.779784471956617486e-01	8.323746768274686847e-02	3.937527505206467326e-02	9.586670292498861157e-02
1.702895115206659511e+03	1.970115371949388849e-01	1.234421488664186883e-01	2.826971695390998462e-01	1.781329601259147299e-01	8.330673927427199865e-02	3.942869901077452471e-02	9.598074598823047587e-02
1.707732885420315142e+03	1.966506213848238094e-01	1.231865906647831715e-01	2.829246933525421670e-01	1.782865671359834259e-01	8.337563320256989596e-02	3.948179935661793455e-02	9.609409490232867501e-02
1.712570655633970318e+03	1.962917622185837152e-01	1.229324886278226336e-01	2.831509919070274162e-01	1.784392740872230154e-01	8.344415149398001774e-02	3.953457796737060853e-02	9.620675369764163098e-02
1.717408425847625494e+03	1.959349479402596184e-01	1.226798344609769248e-01	2.833760715456866142e-01	1.785910867962531012e-01	8.351229616506250508e-02	3.958703670997686108e-02	9.631872638143341991e-02
1.722246196061280898e+03	1.955801668620323064e-01	1.224286199161469524e-01	2.835999385848320120e-01	1.787420110353910574e-01	8.358006922262720129e-02	3.963917744061579151e-02	9.643001693800373753e-02
1.727083966274936301e+03	1.952274073637770835e-01	1.221788367914784235e-01	2.838225993139665837e-01	1.788920525330803535e-01	8.364747266376279522e-02	3.969100200476673862e-02	9.654062932881717074e-02
1.731921736488591478e+03	1.948766578926239834e-01	1.219304769311441300e-01	2.840440599957953505e-01	1.790412169743133552e-01	8.371450847586620059e-02	3.974251223727410381e-02	9.665056749263206681e-02
1.736759506702246881e+03	1.945279069625235613e-01	1.216835322251248463e-01	2.842643268662391476e-01	1.791895100010492681e-01	8.378117863667214338e-02	3.979370996241152897e-02	9.675983534562866695e-02
1.741597276915902057e+03	1.941811431538180421e-01	1.214379946089892276e-01	2.844834061344501674e-01	1.793369372126265571e-01	8.384748511428295747e-02	3.984459699394553300e-02	9.686843678153667092e-02
1.746435047129557461e+03	1.938363551128172713e-01	1.211938560636725282e-01	2.847013039828293346e-01	1.794835041661707042e-01	8.391342986719858843e-02	3.989517513519850317e-02	9.697637567176224660e-02
1.751272817343212637e+03	1.934935315513796328e-01	1.209511086152546266e-01	2.849180265670456791e-01	1.796292163769969419e-01	8.397901484434666664e-02	3.994544617911117979e-02	9.708365586551442883e-02
1.756110587556867813e+03	1.931526612464978254e-01	1.207097443347371485e-01	2.851335800160578748e-01	1.797740793190079345e-01	8.404424198511298294e-02	3.999541190830455117e-02	9.719028118993086607e-02
1.760948357770523216e+03	1.928137330398890792e-01	1.204697553378199920e-01	2.853479704321373323e-01	1.799180984250867976e-01	8.410911321937186713e-02	4.004507409514126287e-02	9.729625545020291477e-02
1.765786127984178393e+03	1.924767358375898962e-01	1.202311337846772715e-01	2.855612038908929007e-01	1.800612790874854263e-01	8.417363046751699662e-02	4.009443450178648560e-02	9.740158242970024804e-02
1.770623898197833569e+03	1.921416586095550105e-01	1.199938718797329967e-01	2.857732864412980689e-01	1.802036266582080215e-01	8.423779564049223290e-02	4.014349488026830448e-02	9.750626589009463163e-02
1.775461668411488745e+03	1.918084903892604554e-01	1.197579618714361832e-01	2.859842241057192203e-01	1.803451464493900369e-01	8.430161063982256897e-02	4.019225697253760166e-02	9.761030957148324194e-02
1.780299438625144376e+03	1.914772202733106832e-01	1.195233960520358796e-01	2.861940228799457753e-01	1.804858437336727683e-01	8.436507735764542382e-02	4.024072251052748794e-02	9.771371719251126242e-02
1.785137208838799552e+03	1.911478374210497100e-01	1.192901667573560559e-01	2.864026887332222215e-01	1.806257237445732522e-01	8.442819767674193676e-02	4.028889321621225567e-02	9.781649245049386932e-02
1.789974979052454728e+03	1.908203310541759512e-01	1.190582663665702146e-01	2.866102276082814759e-01	1.807647916768497787e-01	8.449097347056842844e-02	4.033677080166590823e-02	9.791863902153750965e-02
1.794812749266109904e+03	1.904946904563606935e-01	1.188276873019762231e-01	2.868166454213801342e-01	1.809030526868632416e-01	8.455340660328805602e-02	4.038435696912024558e-02	9.802016056066067962e-02
1.799650519479765535e+03	1.901709049728702028e-01	1.185984220287710916e-01	2.870219480623350528e-01	1.810405118929339918e-01	8.461549892980256560e-02	4.043165341102248483e-02	9.812106070191393969e-02
1.804488289693420711e+03	1.898489640101912734e-01	1.183704630548259445e-01	2.872261413945613739e-01	1.811771743756947217e-01	8.467725229578423884e-02	4.047866181009248526e-02	9.822134305849930525e-02
1.809326059907075887e+03	1.895288570356603863e-01	1.181438029304611309e-01	2.874292312551125494e-01	1.813130451784387975e-01	8.473866853770779806e-02	4.052538383937959177e-02	9.832101122288908202e-02
1.814163830120731291e+03	1.892105735770957531e-01	1.179184342482216125e-01	2.876312234547212521e-01	1.814481293074649559e-01	8.479974948288275527e-02	4.057182116231902030e-02	9.842006876694396611e-02
1.819001600334386467e+03	1.888941032224330241e-01	1.176943496426526847e-01	2.878321237778421193e-01	1.815824317324176707e-01	8.486049694948551159e-02	4.061797543278788253e-02	9.851851924203050559e-02
1.823839370548041643e+03	1.885794356193637722e-01	1.174715417900760034e-01	2.880319379826955517e-01	1.817159573866234668e-01	8.492091274659183120e-02	4.066384829516080796e-02	9.861636617913797920e-02
1.828677140761696819e+03	1.882665604749772792e-01	1.172500034083661519e-01	2.882306718013132318e-01	1.818487111674235990e-01	8.498099867420932929e-02	4.070944138436519144e-02	9.871361308899460896e-02
1.833514910975352450e+03	1.879554675554052368e-01	1.170297272567274727e-01	2.884283309395849204e-01	1.819806979365025945e-01	8.504075652331002932e-02	4.075475632593607289e-02	9.881026346218312051e-02
1.838352681189008081e+03	1.876461466854691951e-01	1.168107061354715509e-01	2.886249210773060292e-01	1.821119225202131320e-01	8.510018807586317013e-02	4.079979473607062840e-02	9.890632076925572058e-02
1.843190451402663257e+03	1.873385877483313422e-01	1.165929328857951419e-01	2.888204478682274146e-01	1.822423897098969514e-01	8.515929510486790199e-02	4.084455822168231443e-02	9.900178846084833895e-02
1.848028221616318433e+03	1.870327806851474206e-01	1.163764003895587651e-01	2.890149169401055596e-01	1.823721042622023780e-01	8.521807937438626024e-02	4.088904838045463730e-02	9.909666996779435688e-02
1.852865991829973609e+03	1.867287154947229189e-01	1.161611015690657972e-01	2.892083338947545323e-01	1.825010708993978492e-01	8.527654263957609726e-02	4.093326680089459657e-02	9.919096870123760012e-02
1.857703762043628785e+03	1.864263822331716780e-01	1.159470293868423152e-01	2.894007043080987218e-01	1.826292943096819721e-01	8.533468664672416715e-02	4.097721506238576755e-02	9.928468805274479059e-02
1.862541532257283961e+03	1.861257710135772458e-01	1.157341768454175079e-01	2.895920337302269054e-01	1.827567791474900838e-01	8.539251313327930748e-02	4.102089473524102997e-02	9.937783139441729030e-02
1.867379302470939592e+03	1.858268720056565626e-01	1.155225369871049068e-01	2.897823276854479269e-01	1.828835300337971204e-01	8.545002382788562112e-02	4.106430738075496356e-02	9.947040207900231801e-02
1.872217072684594768e+03	1.855296754354265609e-01	1.153121028937842268e-01	2.899715916723462072e-01	1.830095515564172381e-01	8.550722045041576902e-02	4.110745455125593140e-02	9.956240344000341635e-02
1.877054842898249490e+03	1.852341715848728199e-01	1.151028676866839850e-01	2.901598311638400873e-01	1.831348482702999103e-01	8.556410471200436019e-02	4.115033779015781629e-02	9.965383879179043336e-02
1.881892613111905121e+03	1.849403507916209388e-01	1.148948245261650347e-01	2.903470516072393370e-01	1.832594246978224983e-01	8.562067831508138327e-02	4.119295863201142410e-02	9.974471142970878224e-02
1.886730383325560297e+03	1.846482034486101875e-01	1.146879666115046409e-01	2.905332584243054961e-01	1.833832853290797427e-01	8.567694295340562427e-02	4.123531860255558179e-02	9.983502463018814610e-02
1.891568153539215928e+03	1.843577200037693764e-01	1.144822871806815551e-01	2.907184570113117705e-01	1.835064346221699505e-01	8.573290031209829243e-02	4.127741921876790926e-02	9.992478165085057207e-02
1.896405923752871104e+03	1.840688909596953915e-01	1.142777795101619642e-01	2.909026527391046502e-01	1.836288770034777418e-01	8.578855206767657671e-02	4.131926198891527902e-02	1.000139857306178992e-01
1.901243693966526507e+03	1.837817068733335335e-01	1.140744369146860365e-01	2.910858509531662475e-01	1.837506168679537977e-01	8.584389988808729943e-02	4.136084841260396355e-02	1.001026400898186453e-01
1.906081464180181683e+03	1.834961583556604381e-01	1.138722527470556328e-01	2.912680569736777469e-01	1.838716585793914449e-01	8.589894543274052829e-02	4.140217998082947742e-02	1.001907479302942550e-01
1.910919234393836859e+03	1.832122360713690223e-01	1.136712203979227259e-01	2.914492760955834649e-01	1.839920064707000480e-01	8.595369035254341039e-02	4.144325817602611400e-02	1.002783124355047656e-01
1.915757004607492036e+03	1.829299307385555962e-01	1.134713332955787218e-01	2.916295135886559642e-01	1.841116648441753767e-01	8.600813628993389526e-02	4.148408447211616307e-02	1.003653367706338340e-01
1.920594774821147894e+03	1.826492331284091664e-01	1.132725849057447248e-01	2.918087746975621677e-01	1.842306379717669196e-01	8.606228487891447176e-02	4.152466033455887856e-02	1.004518240826932640e-01
1.925432545034802843e+03	1.823701340649027947e-01	1.130749687313627599e-01	2.919870646419297500e-01	1.843489300953423671e-01	8.611613774508607155e-02	4.156498722039907862e-02	1.005377775006267987e-01
1.930270315248458019e+03	1.820926244244870096e-01	1.128784783123878005e-01	2.921643886164149162e-01	1.844665454269490135e-01	8.616969650568190309e-02	4.160506657831553046e-02	1.006232001354134542e-01
1.935108085462113195e+03	1.818166951357852723e-01	1.126831072255808225e-01	2.923407517907709030e-01	1.845834881490721890e-01	8.622296276960125794e-02	4.164489984866898836e-02	1.007080950801702152e-01
1.939945855675768371e+03	1.815423371792914686e-01	1.124888490843028027e-01	2.925161593099166457e-01	1.846997624148910833e-01	8.627593813744352524e-02	4.168448846354995407e-02	1.007924654102541479e-01
1.944783625889424002e+03	1.812695415870694271e-01	1.122956975383096606e-01	2.926906162940070000e-01	1.848153723485314315e-01	8.632862420154202576e-02	4.172383384682617352e-02	1.008763141833639160e-01
1.949621396103079178e+03	1.809982994424542413e-01	1.121036462735481021e-01	2.928641278385030744e-01	1.849303220453156760e-01	8.638102254599791530e-02	4.176293741418982824e-02	1.009596444396407555e-01
1.954459166316734354e+03	1.807286018797555904e-01	1.119126890119524764e-01	2.930366990142437289e-01	1.850446155720102959e-01	8.643313474671421304e-02	4.180180057320447007e-02	1.010424592017688250e-01
1.959296936530389530e+03	1.804604400839631417e-01	1.117228195112426742e-01	2.932083348675170731e-01	1.851582569670703893e-01	8.648496237142963561e-02	4.184042472335162965e-02	1.011247614750750839e-01
1.964134706744044706e+03	1.801938052904536181e-01	1.115340315647228159e-01	2.933790404201334079e-01	1.852712502408815076e-01	8.653650697975262540e-02	4.187881125607720995e-02	1.012065542476284913e-01
1.968972476957700337e+03	1.799286887846998084e-01	1.113463190010811482e-01	2.935488206694982227e-01	1.853835993759990197e-01	8.658777012319525401e-02	4.191696155483757430e-02	1.012878404903386764e-01
1.973810247171355968e+03	1.796650819019814938e-01	1.111596756841906897e-01	2.937176805886861364e-01	1.854953083273847836e-01	8.663875334520720894e-02	4.195487699514537094e-02	1.013686231570540830e-01
1.978648017385010689e+03	1.794029760270979823e-01	1.109740955129110418e-01	2.938856251265153374e-01	1.856063810226412647e-01	8.668945818120966929e-02	4.199255894461503824e-02	1.014489051846595158e-01
1.983485787598666320e+03	1.791423625940826991e-01	1.107895724208911442e-01	2.940526592076223578e-01	1.857168213622430730e-01	8.673988615862932017e-02	4.203000876300814342e-02	1.015286894931731604e-01
1.988323557812321269e+03	1.788832330859194686e-01	1.106061003763729872e-01	2.942187877325377898e-01	1.858266332197661130e-01	8.679003879693220069e-02	4.206722780227838132e-02	1.016079789858430060e-01
1.993161328025976900e+03	1.786255790342605732e-01	1.104236733819962540e-01	2.943840155777624479e-01	1.859358204421139582e-01	8.683991760765766288e-02	4.210421740661630940e-02	1.016867765492427828e-01
1.997999098239632076e+03	1.783693920191463389e-01	1.102422854746041847e-01	2.945483475958437514e-01	1.860443868497423381e-01	8.688952409445227509e-02	4.214097891249384692e-02	1.017650850533673018e-01
2.002836868453287707e+03	1.781146636687269413e-01	1.100619307250501472e-01	2.947117886154529409e-01	1.861523362368805723e-01	8.693885975310364223e-02	4.217751364870852421e-02	1.018429073517272410e-01
2.007674638666942428e+03	1.778613856589853770e-01	1.098826032380054579e-01	2.948743434414627940e-01	1.862596723717511726e-01	8.698792607157433687e-02	4.221382293642742672e-02	1.019202462814434579e-01
2.012512408880597604e+03	1.776095497134625167e-01	1.097042971517679516e-01	2.950360168550255069e-01	1.863663989967867252e-01	8.703672453003566400e-02	4.224990808923094476e-02	1.019971046633407069e-01
2.017350179094252780e+03	1.773591476029836578e-01	1.095270066380718277e-01	2.951968136136512988e-01	1.864725198288447461e-01	8.708525660090152276e-02	4.228577041315619706e-02	1.020734853020408284e-01
2.022187949307908411e+03	1.771101711453867411e-01	1.093507259018982047e-01	2.953567384512873484e-01	1.865780385594199564e-01	8.713352374886215723e-02	4.232141120674027396e-02	1.021493909860554244e-01
2.027025719521564042e+03	1.768626122052524285e-01	1.091754491812869376e-01	2.955157960783971194e-01	1.866829588548546415e-01	8.718152743091792112e-02	4.235683176106318226e-02	1.022248244878779799e-01
2.031863489735218764e+03	1.766164626936354287e-01	1.090011707471491287e-01	2.956739911820401856e-01	1.867872843565464291e-01	8.722926909641298687e-02	4.239203335979054715e-02	1.022997885640755250e-01
2.036701259948874394e+03	1.763717145677978215e-01	1.088278849030809847e-01	2.958313284259523890e-01	1.868910186811542085e-01	8.727675018706901322e-02	4.242701727921608518e-02	1.023742859553796736e-01
2.041539030162529116e+03	1.761283598309437981e-01	1.086555859851783684e-01	2.959878124506264974e-01	1.869941654208017168e-01	8.732397213701884042e-02	4.246178478830380659e-02	1.024483193867772174e-01
2.046376800376184747e+03	1.758863905319559828e-01	1.084842683618525150e-01	2.961434478733927511e-01	1.870967281432787954e-01	8.737093637284001901e-02	4.249633714873000956e-02	1.025218915676001652e-01
2.051214570589840150e+03	1.756457987651334207e-01	1.083139264336465679e-01	2.962982392885005201e-01	1.871987103922409801e-01	8.741764431358846343e-02	4.253067561492498289e-02	1.025950051916152961e-01
2.056052340803495554e+03	1.754065766699309803e-01	1.081445546330533081e-01	2.964521912671996273e-01	1.873001156874066764e-01	8.746409737083188363e-02	4.256480143411450756e-02	1.026676629371131855e-01
2.060890111017150957e+03	1.751687164307006717e-01	1.079761474243337155e-01	2.966053083578222838e-01	1.874009475247523093e-01	8.751029694868335540e-02	4.259871584636110847e-02	1.027398674669967177e-01
2.065727881230805451e+03	1.749322102764339082e-01	1.078086993033365998e-01	2.967575950858653000e-01	1.875012093767055299e-01	8.755624444383469651e-02	4.263242008460504245e-02	1.028116214288691127e-01
2.070565651444461309e+03	1.746970504805058777e-01	1.076422047973191048e-01	2.969090559540725205e-01	1.876009046923364232e-01	8.760194124558978723e-02	4.266591537470509204e-02	1.028829274551214396e-01
2.075403421658116713e+03	1.744632293604210793e-01	1.074766584647682821e-01	2.970596954425175351e-01	1.877000368975466904e-01	8.764738873589802970e-02	4.269920293547908863e-02	1.029537881630195884e-01
2.080241191871772116e+03	1.742307392775605257e-01	1.073120548952236214e-01	2.972095180086867794e-01	1.877986093952567770e-01	8.769258828938750194e-02	4.273228397874422047e-02	1.030242061547908400e-01
2.085078962085427065e+03	1.739995726369303886e-01	1.071483887091004977e-01	2.973585280875628012e-01	1.878966255655913631e-01	8.773754127339827846e-02	4.276515970935711175e-02	1.030941840177098667e-01
2.089916732299082469e+03	1.737697218869120597e-01	1.069856545575146312e-01	2.975067300917075830e-01	1.879940887660625781e-01	8.778224904801551487e-02	4.279783132525365880e-02	1.031637243241842611e-01
2.094754502512737417e+03	1.735411795190137940e-01	1.068238471221075458e-01	2.976541284113464747e-01	1.880910023317516611e-01	8.782671296610261580e-02	4.283030001748863724e-02	1.032328296318395650e-01
2.099592272726392821e+03	1.733139380676237684e-01	1.066629611148728479e-01	2.978007274144520156e-01	1.881873695754885112e-01	8.787093437333422241e-02	4.286256697027508028e-02	1.033015024836038548e-01
2.104430042940048224e+03	1.730879901097645834e-01	1.065029912779836413e-01	2.979465314468279780e-01	1.882831937880296291e-01	8.791491460822922765e-02	4.289463336102344870e-02	1.033697454077917854e-01
2.109267813153704083e+03	1.728633282648491531e-01	1.063439323836207623e-01	2.980915448321938555e-01	1.883784782382340317e-01	8.795865500218366662e-02	4.292650036038055811e-02	1.034375609181882177e-01
2.114105583367359031e+03	1.726399451944381769e-01	1.061857792338020273e-01	2.982357718722692397e-01	1.884732261732375569e-01	8.800215687950364851e-02	4.295816913226829792e-02	1.035049515141312909e-01
2.118943353581013525e+03	1.724178336019987767e-01	1.060285266602124105e-01	2.983792168468585859e-01	1.885674408186252538e-01	8.804542155743808052e-02	4.298964083392207980e-02	1.035719196805951203e-01
2.123781123794669384e+03	1.721969862326648559e-01	1.058721695240351091e-01	2.985218840139357566e-01	1.886611253786021902e-01	8.808845034621137771e-02	4.302091661592914729e-02	1.036384678882718985e-01
2.128618894008324787e+03	1.719773958729986507e-01	1.057167027157836642e-01	2.986637776097292307e-01	1.887542830361624568e-01	8.813124454905617300e-02	4.305199762226657317e-02	1.037045985936536213e-01
2.133456664221980191e+03	1.717590553507536144e-01	1.055621211551349276e-01	2.988049018488071473e-01	1.888469169532563108e-01	8.817380546224584670e-02	4.308288499033915281e-02	1.037703142391133981e-01
2.138294434435635139e+03	1.715419575346389114e-01	1.054084197907629306e-01	2.989452609241624592e-01	1.889390302709560709e-01	8.821613437512706990e-02	4.311357985101693657e-02	1.038356172529860538e-01
2.143132204649290543e+03	1.713260953340850490e-01	1.052555936001738079e-01	2.990848590072982538e-01	1.890306261096197926e-01	8.825823257015222301e-02	4.314408332867268603e-02	1.039005100496486061e-01
2.147969974862945492e+03	1.711114616990110360e-01	1.051036375895414848e-01	2.992237002483131847e-01	1.891217075690538874e-01	8.830010132291175873e-02	4.317439654121900394e-02	1.039649950296000075e-01
2.152807745076601350e+03	1.708980496195929011e-01	1.049525467935444184e-01	2.993617887759870699e-01	1.892122777286736057e-01	8.834174190216646794e-02	4.320452060014533940e-02	1.040290745795405952e-01
2.157645515290255844e+03	1.706858521260332939e-01	1.048023162752031168e-01	2.994991286978662126e-01	1.893023396476622711e-01	8.838315556987974553e-02	4.323445661055472233e-02	1.040927510724510147e-01
2.162483285503912157e+03	1.704748622883326958e-01	1.046529411257187264e-01	2.996357241003495542e-01	1.893918963651287368e-01	8.842434358124967586e-02	4.326420567120029675e-02	1.041560268676706702e-01
2.167321055717567106e+03	1.702650732160619906e-01	1.045044164643124107e-01	2.997715790487739396e-01	1.894809509002634285e-01	8.846530718474107657e-02	4.329376887452168754e-02	1.042189043109758156e-01
2.172158825931222509e+03	1.700564780581360624e-01	1.043567374380656165e-01	2.999066975875001040e-01	1.895695062524928587e-01	8.850604762211744525e-02	4.332314730668108960e-02	1.042813857346571449e-01
2.176996596144877003e+03	1.698490700025889755e-01	1.042098992217613401e-01	3.000410837399986042e-01	1.896575654016324497e-01	8.854656612847294772e-02	4.335234204759920440e-02	1.043434734575968831e-01
2.181834366358532861e+03	1.696428422763502364e-01	1.040638970177261979e-01	3.001747415089353610e-01	1.897451313080379398e-01	8.858686393226414268e-02	4.338135417099094754e-02	1.044051697853455862e-01
2.186672136572187810e+03	1.694377881450225554e-01	1.039187260556733716e-01	3.003076748762580350e-01	1.898322069127554579e-01	8.862694225534167858e-02	4.341018474440096891e-02	1.044664770101983303e-01
2.191509906785843214e+03	1.692339009126607730e-01	1.037743815925465662e-01	3.004398878032816800e-01	1.899187951376698491e-01	8.866680231298199044e-02	4.343883482923893008e-02	1.045273974112706228e-01
2.196347676999498617e+03	1.690311739215521469e-01	1.036308589123646900e-01	3.005713842307745631e-01	1.900048988856518073e-01	8.870644531391880250e-02	4.346730548081464279e-02	1.045879332545737450e-01
2.201185447213154021e+03	1.688296005519977216e-01	1.034881533260674918e-01	3.007021680790444851e-01	1.900905210407034807e-01	8.874587246037464461e-02	4.349559774837292309e-02	1.046480867930897618e-01
2.206023217426809424e+03	1.686291742220951129e-01	1.033462601713620588e-01	3.008322432480242115e-01	1.901756644681026343e-01	8.878508494809214668e-02	4.352371267512835512e-02	1.047078602668460312e-01
2.210860987640464373e+03	1.684298883875225694e-01	1.032051748125701468e-01	3.009616136173579037e-01	1.902603320145454247e-01	8.882408396636538861e-02	4.355165129829972892e-02	1.047672559029893535e-01
2.215698757854119776e+03	1.682317365413242283e-01	1.030648926404764548e-01	3.010902830464868285e-01	1.903445265082879256e-01	8.886287069807106975e-02	4.357941464914440177e-02	1.048262759158596624e-01
2.220536528067775180e+03	1.680347122136965077e-01	1.029254090721776760e-01	3.012182553747351221e-01	1.904282507592860441e-01	8.890144631969958133e-02	4.360700375299237513e-02	1.048849225070632857e-01
2.225374298281430583e+03	1.678388089717758602e-01	1.027867195509323817e-01	3.013455344213958886e-01	1.905115075593344087e-01	8.893981200138610654e-02	4.363441962928019807e-02	1.049431978655457759e-01
2.230212068495085077e+03	1.676440204194277195e-01	1.026488195460119046e-01	3.014721239858167978e-01	1.905942996822035940e-01	8.897796890694142924e-02	4.366166329158471804e-02	1.050011041676644358e-01
2.235049838708740936e+03	1.674503401970366401e-01	1.025117045525518605e-01	3.015980278474860721e-01	1.906766298837763440e-01	8.901591819388286753e-02	4.368873574765660961e-02	1.050586435772602328e-01
2.239887608922396339e+03	1.672577619812976590e-01	1.023753700914046688e-01	3.017232497661180290e-01	1.907585009021822153e-01	8.905366101346491592e-02	4.371563799945366036e-02	1.051158182457294921e-01
2.244725379136052197e+03	1.670662794850087951e-01	1.022398117089928088e-01	3.018477934817388464e-01	1.908399154579312196e-01	8.909119851070994300e-02	4.374237104317398733e-02	1.051726303120950751e-01
2.249563149349706237e+03	1.668758864568648526e-01	1.021050249771629642e-01	3.019716627147719934e-01	1.909208762540460236e-01	8.912853182443870870e-02	4.376893586928891355e-02	1.052290819030771568e-01
2.254400919563362095e+03	1.666865766812523630e-01	1.019710054930410142e-01	3.020948611661242178e-01	1.910013859761928168e-01	8.916566208730078436e-02	4.379533346257580284e-02	1.052851751331636554e-01
2.259238689777017044e+03	1.664983439780455543e-01	1.018377488788877738e-01	3.022173925172703668e-01	1.910814472928111796e-01	8.920259042580497288e-02	4.382156480215059630e-02	1.053409121046801900e-01
2.264076459990672902e+03	1.663111822024037623e-01	1.017052507819555668e-01	3.023392604303392073e-01	1.911610628552426749e-01	8.923931796034949293e-02	4.384763086150022388e-02	1.053962949078597056e-01
