1.001418434226643626e+03	2.777792077613568389e-01	1.819763171447180139e-01	2.348079030872825546e-01	1.406623705991952300e-01	6.704981282335617521e-02	2.835026853046490602e-02	6.937412005327263376e-02
1.002869765290740247e+03	2.774991824164112497e-01	1.818260381991234631e-01	2.349834813053509608e-01	1.407587085950129657e-01	6.709718761759052297e-02	2.838520685129394816e-02	6.945019501486318636e-02
1.004321096354836754e+03	2.772196842645501813e-01	1.816759851428965122e-01	2.351587013217385780e-01	1.408549729779013382e-01	6.714455583444794984e-02	2.842001646890514668e-02	6.952608398920660793e-02
1.005772427418933376e+03	2.769407123890727518e-01	1.815261576551322475e-01	2.353335642629694469e-01	1.409511644885446391e-01	6.719191427243882686e-02	2.845469954800602941e-02	6.960178738348231364e-02
1.007223758483029997e+03	2.766622658728918882e-01	1.813765554138977443e-01	2.355080712359805539e-01	1.410472837962322423e-01	6.723925988093940043e-02	2.848925816831874777e-02	6.967730563138566091e-02
1.008675089547126618e+03	2.763843437986185925e-01	1.812271780963043977e-01	2.356822233289428692e-01	1.411433315025668322e-01	6.728658975340839898e-02	2.852369432867136664e-02	6.975263919113372513e-02
1.010126420611223239e+03	2.761069452486433207e-01	1.810780253785768679e-01	2.358560216120454966e-01	1.412393081450012133e-01	6.733390112090187340e-02	2.855800995087959260e-02	6.982778854359775189e-02
1.011577751675319632e+03	2.758300693052130881e-01	1.809290969361188328e-01	2.360294671382449083e-01	1.413352142002111123e-01	6.738119134587396142e-02	2.859220688343006370e-02	6.990275419055419492e-02
1.013029082739416367e+03	2.755537150505051880e-01	1.807803924435759380e-01	2.362025609439801221e-01	1.414310500873110776e-01	6.742845791625122487e-02	2.862628690497581035e-02	6.997753665304679016e-02
1.014480413803512761e+03	2.752778815666980794e-01	1.806319115748955817e-01	2.363753040498563218e-01	1.415268161709209160e-01	6.747569843976886084e-02	2.866025172765378215e-02	7.005213646985262999e-02
1.015931744867609382e+03	2.750025679360382780e-01	1.804836540033841752e-01	2.365476974612974459e-01	1.416225127640890480e-01	6.752291063855760112e-02	2.869410300023388441e-02	7.012655419604572893e-02
1.017383075931706003e+03	2.747277732409049711e-01	1.803356194017617653e-01	2.367197421691694947e-01	1.417181401310790845e-01	6.757009234397066966e-02	2.872784231110843411e-02	7.020079040165172479e-02
1.018834406995802851e+03	2.744534965638711355e-01	1.801878074422140208e-01	2.368914391503759986e-01	1.418136984900261743e-01	6.761724149164027864e-02	2.876147119113042425e-02	7.027484567038809471e-02
1.020285738059899245e+03	2.741797369877621571e-01	1.800402177964418593e-01	2.370627893684265630e-01	1.419091880154685903e-01	6.766435611675386541e-02	2.879499111630854161e-02	7.034872059848455705e-02
1.021737069123995752e+03	2.739064935957115643e-01	1.798928501357089649e-01	2.372337937739797675e-01	1.420046088407603824e-01	6.771143434954057794e-02	2.882840351036648069e-02	7.042241579357839953e-02
1.023188400188092373e+03	2.736337654712146517e-01	1.797457041308867798e-01	2.374044533053618344e-01	1.420999610603702612e-01	6.775847441095886325e-02	2.886170974717363127e-02	7.049593187368013991e-02
1.024639731252188767e+03	2.733615516981789395e-01	1.795987794524978309e-01	2.375747688890617604e-01	1.421952447320720403e-01	6.780547460857651310e-02	2.889491115305388089e-02	7.056926946620518948e-02
1.026091062316285615e+03	2.730898513609730238e-01	1.794520757707566139e-01	2.377447414402042436e-01	1.422904598790315778e-01	6.785243333263467347e-02	2.892800900897888813e-02	7.064242920706713391e-02
1.027542393380382237e+03	2.728186635444728170e-01	1.793055927556089502e-01	2.379143718630012116e-01	1.423856064917945197e-01	6.789934905228786621e-02	2.896100455265182214e-02	7.071541173982900941e-02
1.028993724444478858e+03	2.725479873341056791e-01	1.791593300767692076e-01	2.380836610511830875e-01	1.424806845301797298e-01	6.794622031201240364e-02	2.899389898048726141e-02	7.078821771490879933e-02
1.030445055508575479e+03	2.722778218158926067e-01	1.790132874037560773e-01	2.382526098884104604e-01	1.425756939250826527e-01	6.799304572817573000e-02	2.902669344949267496e-02	7.086084778883589008e-02
1.031896386572671872e+03	2.720081660764885889e-01	1.788674644059264629e-01	2.384212192486674098e-01	1.426706345801924403e-01	6.803982398575965373e-02	2.905938907905653013e-02	7.093330262355503069e-02
1.033347717636768493e+03	2.717390192032205776e-01	1.787218607525078440e-01	2.385894899966368443e-01	1.427655063736269769e-01	6.808655383523078142e-02	2.909198695264784279e-02	7.100558288577527022e-02
1.034799048700865114e+03	2.714703802841242353e-01	1.785764761126292510e-01	2.387574229880591314e-01	1.428603091594894126e-01	6.813323408955167249e-02	2.912448811943178437e-02	7.107768924636063967e-02
1.036250379764961508e+03	2.712022484079790741e-01	1.784313101553504644e-01	2.389250190700742682e-01	1.429550427693500880e-01	6.817986362132635869e-02	2.915689359580563370e-02	7.114962237976027448e-02
1.037701710829058356e+03	2.709346226643412070e-01	1.782863625496902971e-01	2.390922790815488419e-01	1.430497070136566573e-01	6.822644136007459392e-02	2.918920436685915054e-02	7.122138296347536868e-02
1.039153041893154750e+03	2.706675021435754336e-01	1.781416329646531294e-01	2.392592038533882526e-01	1.431443016830764303e-01	6.827296628962881142e-02	2.922142138776327031e-02	7.129297167756072640e-02
1.040604372957251599e+03	2.704008859368851603e-01	1.779971210692545547e-01	2.394257942088345581e-01	1.432388265497733792e-01	6.831943744564869525e-02	2.925354558509076289e-02	7.136438920415888454e-02
1.042055704021347992e+03	2.701347731363414328e-01	1.778528265325453606e-01	2.395920509637511076e-01	1.433332813686232499e-01	6.836585391324793981e-02	2.928557785807234942e-02	7.143563622706448901e-02
1.043507035085444613e+03	2.698691628349103033e-01	1.777087490236348433e-01	2.397579749268943516e-01	1.434276658783692482e-01	6.841221482472817361e-02	2.931751907979154859e-02	7.150671343131742574e-02
1.044958366149541234e+03	2.696040541264787538e-01	1.775648882117127902e-01	2.399235669001731353e-01	1.435219798027216054e-01	6.845851935741553707e-02	2.934937009832139579e-02	7.157762150282262481e-02
1.046409697213637855e+03	2.693394461058799538e-01	1.774212437660702968e-01	2.400888276788966380e-01	1.436162228514027972e-01	6.850476673159512642e-02	2.938113173780593224e-02	7.164836112799509438e-02
1.047861028277734476e+03	2.690753378689167974e-01	1.772778153561198611e-01	2.402537580520107685e-01	1.437103947211416100e-01	6.855095620853897398e-02	2.941280479948934004e-02	7.171893299342850525e-02
1.049312359341831097e+03	2.688117285123844957e-01	1.771346026514142857e-01	2.404183588023241225e-01	1.438044950966181623e-01	6.859708708862351234e-02	2.944439006269529077e-02	7.178933778558593826e-02
1.050763690405927491e+03	2.685486171340921713e-01	1.769916053216649410e-01	2.405826307067236991e-01	1.438985236513619648e-01	6.864315870953247023e-02	2.947588828575909564e-02	7.185957619051147605e-02
1.052215021470024112e+03	2.682860028328832303e-01	1.768488230367587510e-01	2.407465745363809584e-01	1.439924800486055145e-01	6.868917044454127263e-02	2.950730020691497146e-02	7.192964889356118219e-02
1.053666352534120733e+03	2.680238847086550136e-01	1.767062554667747087e-01	2.409101910569482752e-01	1.440863639420952302e-01	6.873512170087940631e-02	2.953862654514073649e-02	7.199955657915249607e-02
1.055117683598217127e+03	2.677622618623773931e-01	1.765639022819995019e-01	2.410734810287469276e-01	1.441801749768618357e-01	6.878101191816732296e-02	2.956986800096202822e-02	7.206929993053080852e-02
1.056569014662313975e+03	2.675011333961103133e-01	1.764217631529423624e-01	2.412364452069464538e-01	1.442739127899521079e-01	6.882684056692434105e-02	2.960102525721811789e-02	7.213887962955214950e-02
1.058020345726410369e+03	2.672404984130206662e-01	1.762798377503490832e-01	2.413990843417358478e-01	1.443675770111235157e-01	6.887260714714457666e-02	2.963209897979119170e-02	7.220829635648097489e-02
1.059471676790506763e+03	2.669803560173983348e-01	1.761381257452154792e-01	2.415613991784872627e-01	1.444611672635038868e-01	6.891831118693768354e-02	2.966308981830097918e-02	7.227755078980230286e-02
1.060923007854603611e+03	2.667207053146713469e-01	1.759966268088002106e-01	2.417233904579120241e-01	1.445546831642173791e-01	6.896395224123152978e-02	2.969399840676641492e-02	7.234664360604710354e-02
1.062374338918700232e+03	2.664615454114201976e-01	1.758553406126368845e-01	2.418850589162100662e-01	1.446481243249784776e-01	6.900952989053409092e-02	2.972482536423599886e-02	7.241557547963023422e-02
1.063825669982796853e+03	2.662028754153921151e-01	1.757142668285456566e-01	2.420464052852121795e-01	1.447414903526555718e-01	6.905504373975178412e-02	2.975557129538840967e-02	7.248434708270022619e-02
1.065277001046893474e+03	2.659446944355136067e-01	1.755734051286441944e-01	2.422074302925163181e-01	1.448347808498052502e-01	6.910049341706184234e-02	2.978623679110483508e-02	7.255295908499996560e-02
1.066728332110990095e+03	2.656870015819030040e-01	1.754327551853580025e-01	2.423681346616174126e-01	1.449279954151792560e-01	6.914587857283603645e-02	2.981682242901441751e-02	7.262141215373797698e-02
1.068179663175086489e+03	2.654297959658823980e-01	1.752923166714304426e-01	2.425285191120315209e-01	1.450211336442045196e-01	6.919119887861376050e-02	2.984732877401419238e-02	7.268970695346921307e-02
1.069630994239183110e+03	2.651730766999887412e-01	1.751520892599321699e-01	2.426885843594146774e-01	1.451141951294385446e-01	6.923645402612195465e-02	2.987775637876469853e-02	7.275784414598518435e-02
1.071082325303279504e+03	2.649168428979846168e-01	1.750120726242700153e-01	2.428483311156758861e-01	1.452071794610003685e-01	6.928164372633996426e-02	2.990810578416253779e-02	7.282582439021259568e-02
1.072533656367376352e+03	2.646610936748681198e-01	1.748722664381954506e-01	2.430077600890854228e-01	1.453000862269789029e-01	6.932676770860707327e-02	2.993837751979097628e-02	7.289364834212003208e-02
1.073984987431472746e+03	2.644058281468825711e-01	1.747326703758126931e-01	2.431668719843783633e-01	1.453929150138194015e-01	6.937182571977101864e-02	2.996857210434965973e-02	7.296131665463230498e-02
1.075436318495569594e+03	2.641510454315255663e-01	1.745932841115863388e-01	2.433256675028532268e-01	1.454856654066891686e-01	6.941681752337547362e-02	2.999869004606450437e-02	7.302882997755176520e-02
1.076887649559666215e+03	2.638967446475575240e-01	1.744541073203486337e-01	2.434841473424663449e-01	1.455783369898235313e-01	6.946174289888475128e-02	3.002873184307870702e-02	7.309618895748651313e-02
1.078338980623762609e+03	2.636429249150100129e-01	1.743151396773062467e-01	2.436423121979222062e-01	1.456709293468529398e-01	6.950660164094407678e-02	3.005869798382579047e-02	7.316339423778464579e-02
1.079790311687859230e+03	2.633895853551934119e-01	1.741763808580470418e-01	2.438001627607594424e-01	1.457634420611120807e-01	6.955139355867381856e-02	3.008858894738561385e-02	7.323044645847458234e-02
1.081241642751955851e+03	2.631367250907039046e-01	1.740378305385459068e-01	2.439576997194332353e-01	1.458558747159319491e-01	6.959611847499605486e-02	3.011840520382408348e-02	7.329734625621077415e-02
1.082692973816052472e+03	2.628843432454309181e-01	1.738994883951709702e-01	2.441149237593941423e-01	1.459482268949156836e-01	6.964077622599204598e-02	3.014814721451747337e-02	7.336409426422466074e-02
1.084144304880149093e+03	2.626324389445633956e-01	1.737613541046889032e-01	2.442718355631630645e-01	1.460404981821986636e-01	6.968536666028932181e-02	3.017781543246199696e-02	7.343069111228057999e-02
1.085595635944245487e+03	2.623810113145957357e-01	1.736234273442702480e-01	2.444284358104034383e-01	1.461326881626941465e-01	6.972988963847678856e-02	3.020741030256942489e-02	7.349713742663606386e-02
1.087046967008342108e+03	2.621300594833341213e-01	1.734857077914944423e-01	2.445847251779897924e-01	1.462247964223246655e-01	6.977434503254684173e-02	3.023693226194936953e-02	7.356343383000660263e-02
1.088498298072438729e+03	2.618795825799017929e-01	1.733481951243543984e-01	2.447407043400734727e-01	1.463168225482400497e-01	6.981873272536298636e-02	3.026638174017892008e-02	7.362958094153428112e-02
1.089949629136535123e+03	2.616295797347439889e-01	1.732108890212609997e-01	2.448963739681454532e-01	1.464087661290227049e-01	6.986305261015210433e-02	3.029575915956021076e-02	7.369557937676037007e-02
1.091400960200631971e+03	2.613800500796333859e-01	1.730737891610474033e-01	2.450517347310965099e-01	1.465006267548808194e-01	6.990730459001995301e-02	3.032506493536653649e-02	7.376142974760124815e-02
1.092852291264728365e+03	2.611309927476742065e-01	1.729368952229728418e-01	2.452067872952745087e-01	1.465924040178298859e-01	6.995148857748902105e-02	3.035429947607752241e-02	7.382713266232783511e-02
1.094303622328825213e+03	2.608824068733067714e-01	1.728002068867264818e-01	2.453615323245394997e-01	1.466840975118634816e-01	6.999560449405765883e-02	3.038346318360390236e-02	7.389268872554802248e-02
1.095754953392921607e+03	2.606342915923116066e-01	1.726637238324308932e-01	2.455159704803161480e-01	1.467757068331132231e-01	7.003965226977945657e-02	3.041255645350241649e-02	7.395809853819207413e-02
1.097206284457018228e+03	2.603866460418131079e-01	1.725274457406454076e-01	2.456701024216440543e-01	1.468672315799991468e-01	7.008363184286206526e-02	3.044157967518126839e-02	7.402336269750073305e-02
1.098657615521114849e+03	2.601394693602832597e-01	1.723913722923692826e-01	2.458239288052257998e-01	1.469586713533704014e-01	7.012754315928446114e-02	3.047053323209661033e-02	7.408848179701593706e-02
1.100108946585211470e+03	2.598927606875450214e-01	1.722555031690445326e-01	2.459774502854730205e-01	1.470500257566368651e-01	7.017138617243189047e-02	3.049941750194048659e-02	7.415345642657392156e-02
1.101560277649308091e+03	2.596465191647752135e-01	1.721198380525588989e-01	2.461306675145503720e-01	1.471412943958924358e-01	7.021516084274757874e-02	3.052823285682064111e-02	7.421828717230052885e-02
1.103011608713404712e+03	2.594007439345077937e-01	1.719843766252482919e-01	2.462835811424177457e-01	1.472324768800300498e-01	7.025886713740053802e-02	3.055697966343257077e-02	7.428297461660869627e-02
1.104462939777501106e+03	2.591554341406361872e-01	1.718491185698992896e-01	2.464361918168705423e-01	1.473235728208488471e-01	7.030250502996870932e-02	3.058565828322419924e-02	7.434751933819785941e-02
1.105914270841597499e+03	2.589105889284162298e-01	1.717140635697514683e-01	2.465885001835783352e-01	1.474145818331541458e-01	7.034607450013671825e-02	3.061426907255350091e-02	7.441192191205524276e-02
1.107365601905694348e+03	2.586662074444681658e-01	1.715792113084995407e-01	2.467405068861218131e-01	1.475055035348502852e-01	7.038957553340755013e-02	3.064281238283945649e-02	7.447618290945885733e-02
1.108816932969790741e+03	2.584222888367790349e-01	1.714445614702953258e-01	2.468922125660281963e-01	1.475963375470268901e-01	7.043300812082753382e-02	3.067128856070659368e-02	7.454030289798208031e-02
1.110268264033887590e+03	2.581788322547046155e-01	1.713101137397497198e-01	2.470436178628052371e-01	1.476870834940387789e-01	7.047637225872407929e-02	3.069969794812345970e-02	7.460428244149978905e-02
1.111719595097984211e+03	2.579358368489712006e-01	1.711758678019343616e-01	2.471947234139735272e-01	1.477777410035798766e-01	7.051966794845546116e-02	3.072804088253528604e-02	7.466812210019589668e-02
1.113170926162080832e+03	2.576933017716775964e-01	1.710418233423833534e-01	2.473455298550978065e-01	1.478683097067513275e-01	7.056289519617219008e-02	3.075631769699115059e-02	7.473182243057217844e-02
1.114622257226177226e+03	2.574512261762962329e-01	1.709079800470946486e-01	2.474960378198167721e-01	1.479587892381243053e-01	7.060605401258940317e-02	3.078452872026585588e-02	7.479538398545834688e-02
1.116073588290273847e+03	2.572096092176748283e-01	1.707743376025316895e-01	2.476462479398715555e-01	1.480491792357976899e-01	7.064914441276973212e-02	3.081267427697678349e-02	7.485880731402325128e-02
1.117524919354370468e+03	2.569684500520377779e-01	1.706408956956244338e-01	2.477961608451332842e-01	1.481394793414506084e-01	7.069216641591631600e-02	3.084075468769597456e-02	7.492209296178713174e-02
1.118976250418467089e+03	2.567277478369869859e-01	1.705076540137708818e-01	2.479457771636292274e-01	1.482296892003906463e-01	7.073512004517525098e-02	3.086877026905766180e-02	7.498524147063487244e-02
1.120427581482563710e+03	2.564875017315031425e-01	1.703746122448378530e-01	2.480950975215681920e-01	1.483198084615973966e-01	7.077800532744724094e-02	3.089672133386141620e-02	7.504825337883019865e-02
1.121878912546660331e+03	2.562477108959466121e-01	1.702417700771622910e-01	2.482441225433645871e-01	1.484098367777621219e-01	7.082082229320793565e-02	3.092460819117116844e-02	7.511112922103070633e-02
1.123330243610756725e+03	2.560083744920580995e-01	1.701091271995520959e-01	2.483928528516615719e-01	1.484997738053230043e-01	7.086357097633660951e-02	3.095243114641027526e-02	7.517386952830366897e-02
1.124781574674853118e+03	2.557694916829594822e-01	1.699766833012869849e-01	2.485412890673535935e-01	1.485896192044971476e-01	7.090625141395273667e-02	3.098019050145281450e-02	7.523647482814260767e-02
1.126232905738949967e+03	2.555310616331542550e-01	1.698444380721192692e-01	2.486894318096073975e-01	1.486793726393085269e-01	7.094886364626014352e-02	3.100788655471126490e-02	7.529894564448451344e-02
1.127684236803046360e+03	2.552930835085281402e-01	1.697123912022745484e-01	2.488372816958828726e-01	1.487690337776129412e-01	7.099140771639828040e-02	3.103551960122076167e-02	7.536128249772774956e-02
1.129135567867143209e+03	2.550555564763495875e-01	1.695805423824524316e-01	2.489848393419526462e-01	1.488586022911195239e-01	7.103388367030057104e-02	3.106308993272009766e-02	7.542348590475045356e-02
1.130586898931239830e+03	2.548184797052696626e-01	1.694488913038270095e-01	2.491321053619210968e-01	1.489480778554093110e-01	7.107629155655911801e-02	3.109059783772954999e-02	7.548555637892953585e-02
1.132038229995336451e+03	2.545818523653228249e-01	1.693174376580473539e-01	2.492790803682424783e-01	1.490374601499508400e-01	7.111863142629579193e-02	3.111804360162577499e-02	7.554749443016016419e-02
1.133489561059432845e+03	2.543456736279266495e-01	1.691861811372381286e-01	2.494257649717384895e-01	1.491267488581131673e-01	7.116090333303923265e-02	3.114542750671382004e-02	7.560930056487566442e-02
1.134940892123529466e+03	2.541099426658821603e-01	1.690551214339997277e-01	2.495721597816151494e-01	1.492159436671762485e-01	7.120310733260754033e-02	3.117274983229643970e-02	7.567097528606786527e-02
1.136392223187626087e+03	2.538746586533735528e-01	1.689242582414088312e-01	2.497182654054788675e-01	1.493050442683387935e-01	7.124524348299644816e-02	3.120001085474080962e-02	7.573251909330780407e-02
1.137843554251722708e+03	2.536398207659682491e-01	1.687935912530185156e-01	2.498640824493521817e-01	1.493940503567239009e-01	7.128731184427265777e-02	3.122721084754275650e-02	7.579393248276679318e-02
1.139294885315819101e+03	2.534054281806168429e-01	1.686631201628585874e-01	2.500096115176886347e-01	1.494829616313824716e-01	7.132931247847204559e-02	3.125435008138863213e-02	7.585521594723779182e-02
1.140746216379915950e+03	2.531714800756526551e-01	1.685328446654357770e-01	2.501548532133873182e-01	1.495717777952946526e-01	7.137124544950269878e-02	3.128142882421493937e-02	7.591636997615699989e-02
1.142197547444012343e+03	2.529379756307916227e-01	1.684027644557336834e-01	2.502998081378066675e-01	1.496604985553691425e-01	7.141311082305230873e-02	3.130844734126576878e-02	7.597739505562584039e-02
1.143648878508108737e+03	2.527049140271318550e-01	1.682728792292131625e-01	2.504444768907778673e-01	1.497491236224408329e-01	7.145490866650001938e-02	3.133540589514820229e-02	7.603829166843302512e-02
1.145100209572205586e+03	2.524722944471533004e-01	1.681431886818121890e-01	2.505888600706180358e-01	1.498376527112666723e-01	7.149663904883217513e-02	3.136230474588574263e-02	7.609906029407691175e-02
1.146551540636302207e+03	2.522401160747171911e-01	1.680136925099458001e-01	2.507329582741422702e-01	1.499260855405198101e-01	7.153830204056212116e-02	3.138914415096985544e-02	7.615970140878794425e-02
1.148002871700398828e+03	2.520083780950656549e-01	1.678843904105062623e-01	2.508767720966759152e-01	1.500144218327822687e-01	7.157989771365365350e-02	3.141592436540971423e-02	7.622021548555145409e-02
1.149454202764495449e+03	2.517770796948210488e-01	1.677552820808628498e-01	2.510203021320662198e-01	1.501026613145362010e-01	7.162142614144802188e-02	3.144264564178023136e-02	7.628060299413030876e-02
1.150905533828591842e+03	2.515462200619854038e-01	1.676263672188618714e-01	2.511635489726932180e-01	1.501908037161536202e-01	7.166288739859433266e-02	3.146930823026844459e-02	7.634086440108789340e-02
1.152356864892688463e+03	2.513157983859396483e-01	1.674976455228265326e-01	2.513065132094809417e-01	1.502788487718850763e-01	7.170428156098310191e-02	3.149591237871832844e-02	7.640100016981114794e-02
1.153808195956785084e+03	2.510858138574430520e-01	1.673691166915565742e-01	2.514491954319075795e-01	1.503667962198468877e-01	7.174560870568302828e-02	3.152245833267412062e-02	7.646101076053359036e-02
1.155259527020881706e+03	2.508562656686323389e-01	1.672407804243283835e-01	2.515915962280154683e-01	1.504546458020073196e-01	7.178686891088056909e-02	3.154894633542217747e-02	7.652089663035852030e-02
1.156710858084978327e+03	2.506271530130209646e-01	1.671126364208945780e-01	2.517337161844213633e-01	1.505423972641718178e-01	7.182806225582238913e-02	3.157537662803150402e-02	7.658065823328219501e-02
1.158162189149074720e+03	2.503984750854982844e-01	1.669846843814837556e-01	2.518755558863252642e-01	1.506300503559669934e-01	7.186918882076041848e-02	3.160174944939292407e-02	7.664029602021711629e-02
1.159613520213171569e+03	2.501702310823287201e-01	1.668569240068003556e-01	2.520171159175199627e-01	1.507176048308238869e-01	7.191024868689956107e-02	3.162806503625701510e-02	7.669981043901516471e-02
1.161064851277267962e+03	2.499424202011507057e-01	1.667293549980242984e-01	2.521583968603998138e-01	1.508050604459602595e-01	7.195124193634767906e-02	3.165432362327083582e-02	7.675920193449101148e-02
1.162516182341364356e+03	2.497150416409759377e-01	1.666019770568106240e-01	2.522993992959692289e-01	1.508924169623620248e-01	7.199216865206800597e-02	3.168052544301351581e-02	7.681847094844529433e-02
1.163967513405461204e+03	2.494880946021882095e-01	1.664747898852892427e-01	2.524401238038507800e-01	1.509796741447639590e-01	7.203302891783376627e-02	3.170667072603070014e-02	7.687761791968789060e-02
1.165418844469557826e+03	2.492615782865425234e-01	1.663477931860644632e-01	2.525805709622938600e-01	1.510668317616297718e-01	7.207382281818480729e-02	3.173275970086798792e-02	7.693664328406116248e-02
1.166870175533654447e+03	2.490354918971640352e-01	1.662209866622147147e-01	2.527207413481817877e-01	1.511538895851312903e-01	7.211455043838636836e-02	3.175879259410333000e-02	7.699554747446306358e-02
1.168321506597751068e+03	2.488098346385468618e-01	1.660943700172921866e-01	2.528606355370398573e-01	1.512408473911272533e-01	7.215521186438962620e-02	3.178476963037846909e-02	7.705433092087038416e-02
1.169772837661847461e+03	2.485846057165531919e-01	1.659679429553222452e-01	2.530002541030424434e-01	1.513277049591413848e-01	7.219580718279416942e-02	3.181069103242943619e-02	7.711299405036174670e-02
1.171224168725944082e+03	2.483598043384119824e-01	1.658417051808032117e-01	2.531395976190203290e-01	1.514144620723399670e-01	7.223633648081220771e-02	3.183655702111617275e-02	7.717153728714069849e-02
1.172675499790040703e+03	2.481354297127178477e-01	1.657156563987057241e-01	2.532786666564676437e-01	1.515011185175090258e-01	7.227679984623436305e-02	3.186236781545128544e-02	7.722996105255867938e-02
1.174126830854137097e+03	2.479114810494298660e-01	1.655897963144723761e-01	2.534174617855484701e-01	1.515876740850307935e-01	7.231719736739711246e-02	3.188812363262801680e-02	7.728826576513786462e-02
1.175578161918233945e+03	2.476879575598704974e-01	1.654641246340172733e-01	2.535559835751034496e-01	1.516741285688600893e-01	7.235752913315178503e-02	3.191382468804738332e-02	7.734645184059400769e-02
1.177029492982330339e+03	2.474648584567241127e-01	1.653386410637254778e-01	2.536942325926562769e-01	1.517604817664999495e-01	7.239779523283484952e-02	3.193947119534459173e-02	7.740451969185913050e-02
1.178480824046426733e+03	2.472421829540359939e-01	1.652133453104524530e-01	2.538322094044200838e-01	1.518467334789772305e-01	7.243799575623970088e-02	3.196506336641472684e-02	7.746246972910414419e-02
1.179932155110523581e+03	2.470199302672108910e-01	1.650882370815237310e-01	2.539699145753031018e-01	1.519328835108177400e-01	7.247813079358975119e-02	3.199060141143773850e-02	7.752030235976141437e-02
1.181383486174620202e+03	2.467980996130118010e-01	1.649633160847342184e-01	2.541073486689147676e-01	1.520189316700210347e-01	7.251820043551268635e-02	3.201608553890279013e-02	7.757801798854713216e-02
1.182834817238716823e+03	2.465766902095585522e-01	1.648385820283476688e-01	2.542445122475714969e-01	1.521048777680349962e-01	7.255820477301599958e-02	3.204151595563194121e-02	7.763561701748368515e-02
1.184286148302813444e+03	2.463557012763266385e-01	1.647140346210962669e-01	2.543814058723025684e-01	1.521907216197301849e-01	7.259814389746362118e-02	3.206689286680321216e-02	7.769309984592179252e-02
1.185737479366910065e+03	2.461351320341457205e-01	1.645896735721799342e-01	2.545180301028552305e-01	1.522764630433739441e-01	7.263801790055363083e-02	3.209221647597309407e-02	7.775046687056266781e-02
1.187188810431006686e+03	2.459149817051983489e-01	1.644654985912658018e-01	2.546543854977003085e-01	1.523621018606043376e-01	7.267782687429699684e-02	3.211748698509846178e-02	7.780771848547993197e-02
1.188640141495103080e+03	2.456952495130184377e-01	1.643415093884876832e-01	2.547904726140373111e-01	1.524476378964039480e-01	7.271757091099739778e-02	3.214270459455795953e-02	7.786485508214147089e-02
1.190091472559199701e+03	2.454759346824900157e-01	1.642177056744454078e-01	2.549262920077995931e-01	1.525330709790733708e-01	7.275725010323176589e-02	3.216786950317285926e-02	7.792187704943112636e-02
1.191542803623296322e+03	2.452570364398457547e-01	1.640940871602042384e-01	2.550618442336595737e-01	1.526184009402048458e-01	7.279686454383195449e-02	3.219298190822741240e-02	7.797878477367033156e-02
1.192994134687392716e+03	2.450385540126654715e-01	1.639706535572943713e-01	2.551971298450333991e-01	1.527036276146554739e-01	7.283641432586712705e-02	3.221804200548871594e-02	7.803557863863953836e-02
1.194445465751489564e+03	2.448204866298746563e-01	1.638474045777102150e-01	2.553321493940858833e-01	1.527887508405206540e-01	7.287589954262700676e-02	3.224304998922612742e-02	7.809225902559953358e-02
1.195896796815585958e+03	2.446028335217431682e-01	1.637243399339097794e-01	2.554669034317351151e-01	1.528737704591071611e-01	7.291532028760591699e-02	3.226800605223021506e-02	7.814882631331267204e-02
1.197348127879682352e+03	2.443855939198835980e-01	1.636014593388141758e-01	2.556013925076572324e-01	1.529586863149063614e-01	7.295467665448751582e-02	3.229291038583130546e-02	7.820528087806385975e-02
1.198799458943779200e+03	2.441687670572497970e-01	1.634787625058067850e-01	2.557356171702908076e-01	1.530434982555672618e-01	7.299396873713025202e-02	3.231776317991755937e-02	7.826162309368149550e-02
1.200250790007875821e+03	2.439523521681353779e-01	1.633562491487328683e-01	2.558695779668415105e-01	1.531282061318696985e-01	7.303319662955351510e-02	3.234256462295271445e-02	7.831785333155824591e-02
1.201702121071972442e+03	2.437363484881722719e-01	1.632339189818987346e-01	2.560032754432861046e-01	1.532128097976973025e-01	7.307236042592443748e-02	3.236731490199339784e-02	7.837397196067164007e-02
1.203153452136069063e+03	2.435207552543291187e-01	1.631117717200711303e-01	2.561367101443771110e-01	1.532973091100105767e-01	7.311146022054526572e-02	3.239201420270608478e-02	7.842997934760455314e-02
1.204604783200165684e+03	2.433055717049096567e-01	1.629898070784766839e-01	2.562698826136469155e-01	1.533817039288199735e-01	7.315049610784132850e-02	3.241666270938370342e-02	7.848587585656559285e-02
1.206056114264262078e+03	2.430907970795512796e-01	1.628680247728011565e-01	2.564027933934116543e-01	1.534659941171590547e-01	7.318946818234961516e-02	3.244126060496185793e-02	7.854166184940922224e-02
1.207507445328358699e+03	2.428764306192235101e-01	1.627464245191888315e-01	2.565354430247756001e-01	1.535501795410574855e-01	7.322837653870782615e-02	3.246580807103478100e-02	7.859733768565581313e-02
1.208958776392455093e+03	2.426624715662261955e-01	1.626250060342418202e-01	2.566678320476350472e-01	1.536342600695144167e-01	7.326722127164388143e-02	3.249030528787091171e-02	7.865290372251156070e-02
1.210410107456551941e+03	2.424489191641882035e-01	1.625037690350194242e-01	2.567999610006822531e-01	1.537182355744714790e-01	7.330600247596608110e-02	3.251475243442817492e-02	7.870836031488820383e-02
1.211861438520648335e+03	2.422357726580656179e-01	1.623827132390375239e-01	2.569318304214092130e-01	1.538021059307862204e-01	7.334472024655355749e-02	3.253914968836898319e-02	7.876370781542263444e-02
1.213312769584745183e+03	2.420230312941402395e-01	1.622618383642678019e-01	2.570634408461117681e-01	1.538858710162054610e-01	7.338337467834728234e-02	3.256349722607491254e-02	7.881894657449634023e-02
1.214764100648841804e+03	2.418106943200178938e-01	1.621411441291370492e-01	2.571947928098930469e-01	1.539695307113386202e-01	7.342196586634137934e-02	3.258779522266114226e-02	7.887407694025468097e-02
1.216215431712937971e+03	2.415987609846269313e-01	1.620206302525266095e-01	2.573258868466673510e-01	1.540530848996314039e-01	7.346049390557495007e-02	3.261204385199056172e-02	7.892909925862606757e-02
1.217666762777034819e+03	2.413872305382163963e-01	1.619002964537716305e-01	2.574567234891637080e-01	1.541365334673393261e-01	7.349895889112421921e-02	3.263624328668769670e-02	7.898401387334090529e-02
1.219118093841131440e+03	2.411761022323545556e-01	1.617801424526603693e-01	2.575873032689295905e-01	1.542198763035014242e-01	7.353736091809504050e-02	3.266039369815230270e-02	7.903882112595048137e-02
1.220569424905228061e+03	2.409653753199272330e-01	1.616601679694335547e-01	2.577176267163346357e-01	1.543031132999141408e-01	7.357570008161579134e-02	3.268449525657275700e-02	7.909352135584563070e-02
1.222020755969324682e+03	2.407550490551360889e-01	1.615403727247836374e-01	2.578476943605736982e-01	1.543862443511051785e-01	7.361397647683055878e-02	3.270854813093921482e-02	7.914811490027530427e-02
1.223472087033421303e+03	2.405451226934969822e-01	1.614207564398540962e-01	2.579775067296708468e-01	1.544692693543077144e-01	7.365219019889264473e-02	3.273255248905650172e-02	7.920260209436494336e-02
1.224923418097517697e+03	2.403355954918382498e-01	1.613013188362388828e-01	2.581070643504823625e-01	1.545521882094343935e-01	7.369034134295839034e-02	3.275650849755682575e-02	7.925698327113470110e-02
1.226374749161614318e+03	2.401264667082991799e-01	1.611820596359815339e-01	2.582363677487002906e-01	1.546350008190517655e-01	7.372843000418125015e-02	3.278041632191225352e-02	7.931125876151756682e-02
1.227826080225710712e+03	2.399177356023280971e-01	1.610629785615745602e-01	2.583654174488559385e-01	1.547177070883546945e-01	7.376645627770625491e-02	3.280427612644694346e-02	7.936542889437731008e-02
1.229277411289807560e+03	2.397094014346809743e-01	1.609440753359588361e-01	2.584942139743230394e-01	1.548003069251409625e-01	7.380442025866454370e-02	3.282808807434925424e-02	7.941949399652623032e-02
1.230728742353903954e+03	2.395014634674193510e-01	1.608253496825227946e-01	2.586227578473210831e-01	1.548828002397859283e-01	7.384232204216829853e-02	3.285185232768358249e-02	7.947345439274285106e-02
1.232180073418000802e+03	2.392939209639090015e-01	1.607068013251017058e-01	2.587510495889185358e-01	1.549651869452173536e-01	7.388016172330584552e-02	3.287556904740202707e-02	7.952731040578939203e-02
1.233631404482097196e+03	2.390867731888180470e-01	1.605884299879770938e-01	2.588790897190360041e-01	1.550474669568906450e-01	7.391793939713704742e-02	3.289923839335590072e-02	7.958106235642914417e-02
1.235082735546193817e+03	2.388800194081152350e-01	1.604702353958759597e-01	2.590068787564495101e-01	1.551296401927637625e-01	7.395565515868882112e-02	3.292286052430702659e-02	7.963471056344360866e-02
1.236534066610290438e+03	2.386736588890681909e-01	1.603522172739700324e-01	2.591344172187936001e-01	1.552117065732726287e-01	7.399330910295094654e-02	3.294643559793886817e-02	7.968825534364959440e-02
1.237985397674387059e+03	2.384676909002418077e-01	1.602343753478751576e-01	2.592617056225645644e-01	1.552936660213066478e-01	7.403090132487198660e-02	3.296996377086748586e-02	7.974169701191616277e-02
1.239436728738483680e+03	2.382621147114964699e-01	1.601167093436506039e-01	2.593887444831233235e-01	1.553755184621842533e-01	7.406843191935547077e-02	3.299344519865233388e-02	7.979503588118135038e-02
1.240888059802580301e+03	2.380569295939862495e-01	1.599992189877982307e-01	2.595155343146987037e-01	1.554572638236287330e-01	7.410590098125624525e-02	3.301688003580689756e-02	7.984827226246873910e-02
1.242339390866676695e+03	2.378521348201572683e-01	1.598819040072619602e-01	2.596420756303902122e-01	1.555389020357442476e-01	7.414330860537694801e-02	3.304026843580915029e-02	7.990140646490404008e-02
1.243790721930773088e+03	2.376477296637458936e-01	1.597647641294268894e-01	2.597683689421713127e-01	1.556204330309917949e-01	7.418065488646467809e-02	3.306361055111189245e-02	7.995443879573131685e-02
1.245242052994869937e+03	2.374437133997769900e-01	1.596477990821187076e-01	2.598944147608923116e-01	1.557018567441657009e-01	7.421793991920783151e-02	3.308690653315293079e-02	8.000736956032925007e-02
1.246693384058966330e+03	2.372400853045621427e-01	1.595310085936030020e-01	2.600202135962834116e-01	1.557831731123698604e-01	7.425516379823304813e-02	3.311015653236507733e-02	8.006019906222716642e-02
1.248144715123063179e+03	2.370368446556979924e-01	1.594143923925844530e-01	2.601457659569574310e-01	1.558643820749945064e-01	7.429232661810235283e-02	3.313336069818606511e-02	8.011292760312091477e-02
1.249596046187159800e+03	2.368339907320644033e-01	1.592979502082061960e-01	2.602710723504128576e-01	1.559454835736929224e-01	7.432942847331037994e-02	3.315651917906828339e-02	8.016555548288867294e-02
1.251047377251256421e+03	2.366315228138226867e-01	1.591816817700490994e-01	2.603961332830367903e-01	1.560264775523584613e-01	7.436646945828175037e-02	3.317963212248838112e-02	8.021808299960654642e-02
1.252498708315352815e+03	2.364294401824138803e-01	1.590655868081310431e-01	2.605209492601077148e-01	1.561073639571016469e-01	7.440344966736855969e-02	3.320269967495674546e-02	8.027051044956409753e-02
1.253950039379449436e+03	2.362277421205569716e-01	1.589496650529061972e-01	2.606455207857985013e-01	1.561881427362274144e-01	7.444036919484800507e-02	3.322572198202689009e-02	8.032283812727962491e-02
1.255401370443546057e+03	2.360264279122470388e-01	1.588339162352644940e-01	2.607698483631791797e-01	1.562688138402127391e-01	7.447722813492009541e-02	3.324869918830464927e-02	8.037506632551544294e-02
1.256852701507642678e+03	2.358254968427535847e-01	1.587183400865305738e-01	2.608939324942194937e-01	1.563493772216841826e-01	7.451402658170551419e-02	3.327163143745728857e-02	8.042719533529295306e-02
1.258304032571739299e+03	2.356249481986187055e-01	1.586029363384634239e-01	2.610177736797922310e-01	1.564298328353957157e-01	7.455076462924349612e-02	3.329451887222249079e-02	8.047922544590754845e-02
1.259755363635835920e+03	2.354247812676552865e-01	1.584877047232554903e-01	2.611413724196754438e-01	1.565101806382067917e-01	7.458744237148991207e-02	3.331736163441723075e-02	8.053115694494349108e-02
1.261206694699932314e+03	2.352249953389452253e-01	1.583726449735319841e-01	2.612647292125556131e-01	1.565904205890604750e-01	7.462405990231532615e-02	3.334015986494653222e-02	8.058299011828849723e-02
1.262658025764028707e+03	2.350255897028376839e-01	1.582577568223502151e-01	2.613878445560302577e-01	1.566705526489617639e-01	7.466061731550330260e-02	3.336291370381209986e-02	8.063472525014836467e-02
1.264109356828125556e+03	2.348265636509472010e-01	1.581430400031988703e-01	2.615107189466105986e-01	1.567505767809561357e-01	7.469711470474860171e-02	3.338562329012085411e-02	8.068636262306136397e-02
1.265560687892221949e+03	2.346279164761520264e-01	1.580284942499972922e-01	2.616333528797243901e-01	1.568304929501083689e-01	7.473355216365562548e-02	3.340828876209336884e-02	8.073790251791251871e-02
1.267012018956318798e+03	2.344296474725921786e-01	1.579141192970948682e-01	2.617557468497186401e-01	1.569103011234812273e-01	7.476992978573679394e-02	3.343091025707217723e-02	8.078934521394773305e-02
1.268463350020415419e+03	2.342317559356676959e-01	1.577999148792701423e-01	2.618779013498620523e-01	1.569900012701146708e-01	7.480624766441114348e-02	3.345348791153000823e-02	8.084069098878789161e-02
1.269914681084511813e+03	2.340342411620369156e-01	1.576858807317302880e-01	2.619998168723480236e-01	1.570695933610049277e-01	7.484250589300289747e-02	3.347602186107787731e-02	8.089194011844266785e-02
1.271366012148608434e+03	2.338371024496145589e-01	1.575720165901103864e-01	2.621214939082970319e-01	1.571490773690840392e-01	7.487870456474009229e-02	3.349851224047314252e-02	8.094309287732434632e-02
1.272817343212705055e+03	2.336403390975699268e-01	1.574583221904725938e-01	2.622429329477594662e-01	1.572284532691993475e-01	7.491484377275331452e-02	3.352095918362740790e-02	8.099414953826150620e-02
1.274268674276801676e+03	2.334439504063252069e-01	1.573447972693055308e-01	2.623641344797181807e-01	1.573077210380933177e-01	7.495092361007453519e-02	3.354336282361433663e-02	8.104511037251248273e-02
1.275720005340898297e+03	2.332479356775535029e-01	1.572314415635235885e-01	2.624850989920909927e-01	1.573868806543833321e-01	7.498694416963588849e-02	3.356572329267741572e-02	8.109597564977880091e-02
1.277171336404994690e+03	2.330522942141771414e-01	1.571182548104662346e-01	2.626058269717335691e-01	1.574659320985419275e-01	7.502290554426858937e-02	3.358804072223758874e-02	8.114674563821842879e-02
1.278622667469091539e+03	2.328570253203657014e-01	1.570052367478972921e-01	2.627263189044417580e-01	1.575448753528769508e-01	7.505880782670192042e-02	3.361031524290081229e-02	8.119742060445897525e-02
1.280073998533187932e+03	2.326621283015344599e-01	1.568923871140042170e-01	2.628465752749543638e-01	1.576237104015120183e-01	7.509465110956216327e-02	3.363254698446551533e-02	8.124800081361067960e-02
1.281525329597284326e+03	2.324676024643422267e-01	1.567797056473974326e-01	2.629665965669554795e-01	1.577024372303672262e-01	7.513043548537169658e-02	3.365473607592998906e-02	8.129848652927937347e-02
1.282976660661381175e+03	2.322734471166898185e-01	1.566671920871096635e-01	2.630863832630772059e-01	1.577810558271397490e-01	7.516616104654805230e-02	3.367688264549967975e-02	8.134887801357926218e-02
1.284427991725477568e+03	2.320796615677181152e-01	1.565548461725950746e-01	2.632059358449022057e-01	1.578595661812849105e-01	7.520182788540312468e-02	3.369898682059440514e-02	8.139917552714559523e-02
1.285879322789574417e+03	2.318862451278061454e-01	1.564426676437288000e-01	2.633252547929662013e-01	1.579379682839972543e-01	7.523743609414226818e-02	3.372104872785549462e-02	8.144937932914722567e-02
1.287330653853671038e+03	2.316931971085694486e-01	1.563306562408061373e-01	2.634443405867604726e-01	1.580162621281918089e-01	7.527298576486356196e-02	3.374306849315281825e-02	8.149948967729908622e-02
1.288781984917767431e+03	2.315005168228581323e-01	1.562188117045418545e-01	2.635631937047344109e-01	1.580944477084856303e-01	7.530847698955704661e-02	3.376504624159178125e-02	8.154950682787451277e-02
1.290233315981864052e+03	2.313082035847550122e-01	1.561071337760694955e-01	2.636818146242979055e-01	1.581725250211792055e-01	7.534390986010405800e-02	3.378698209752022813e-02	8.159943103571745682e-02
