1.001418434226643626e+03	2.777837682270341557e-01	1.819648913074731755e-01	2.348424133386559642e-01	1.406663822419538801e-01	6.702967800645667773e-02	2.834397840334609148e-02	6.936888847472572062e-02
1.003837319333471214e+03	2.773169267724275855e-01	1.817147858190549803e-01	2.351369714262722121e-01	1.408264954800977631e-01	6.710775502015174643e-02	2.840201033811358064e-02	6.949505514352773139e-02
1.006256204440298802e+03	2.768515366917388421e-01	1.814653165598032747e-01	2.354305832813114174e-01	1.409863769425525049e-01	6.718580263499326910e-02	2.845968469211202292e-02	6.962069919713427535e-02
1.008675089547126618e+03	2.763875939823053351e-01	1.812164818446819481e-01	2.357232535802117890e-01	1.411460299863427081e-01	6.726380685962612960e-02	2.851701111715428810e-02	6.974582262932346732e-02
1.011093974653954206e+03	2.759250946268726468e-01	1.809682799924016983e-01	2.360149868554659303e-01	1.413054574636327387e-01	6.734175478777712498e-02	2.857399865316421692e-02	6.987042762033128518e-02
1.013512859760782021e+03	2.754640345954974534e-01	1.807207093254781516e-01	2.363057875056878143e-01	1.414646617646638238e-01	6.741963451841133381e-02	2.863065577596994940e-02	6.999451651393717722e-02
1.015931744867609382e+03	2.750044098473095611e-01	1.804737681702846819e-01	2.365956598049413218e-01	1.416236448574375029e-01	6.749743508164320061e-02	2.868699044112793528e-02	7.011809179690148275e-02
1.018350629974437197e+03	2.745462163321445437e-01	1.802274548571007329e-01	2.368846079113836045e-01	1.417824083243831856e-01	6.757514637000060220e-02	2.874301012411981451e-02	7.024115608051322013e-02
1.020769515081264785e+03	2.740894499920551453e-01	1.799817677201553667e-01	2.371726358752726527e-01	1.419409533962297243e-01	6.765275907466691829e-02	2.879872185723366881e-02	7.036371208403216504e-02
1.023188400188092373e+03	2.736341067627116042e-01	1.797367050976669822e-01	2.374597476463852774e-01	1.420992809832862802e-01	6.773026462635059475e-02	2.885413226341349002e-02	7.048576261983148517e-02
1.025607285294920075e+03	2.731801825746967838e-01	1.794922653318788974e-01	2.377459470808886421e-01	1.422573917043226388e-01	6.780765514045558606e-02	2.890924758733554034e-02	7.060731058006761152e-02
1.028026170401747549e+03	2.727276733547064902e-01	1.792484467690914351e-01	2.380312379477047824e-01	1.424152859132257476e-01	6.788492336624783741e-02	2.896407372394739846e-02	7.072835892472199848e-02
1.030445055508575479e+03	2.722765750266591400e-01	1.790052477596909275e-01	2.383156239344053073e-01	1.425729637235966241e-01	6.796206263973356143e-02	2.901861624468476952e-02	7.084891067087537020e-02
1.032863940615402726e+03	2.718268835127233829e-01	1.787626666581753621e-01	2.385991086526705052e-01	1.427304250314397893e-01	6.803906683998456328e-02	2.907288042156224925e-02	7.096896888308987239e-02
1.035282825722230655e+03	2.713785947342683413e-01	1.785207018231773080e-01	2.388816956433449379e-01	1.428876695360868088e-01	6.811593034866426921e-02	2.912687124931708643e-02	7.108853666478691380e-02
1.037701710829058356e+03	2.709317046127430184e-01	1.782793516174843163e-01	2.391633883811190575e-01	1.430446967594849184e-01	6.819264801252440666e-02	2.918059346576944504e-02	7.120761715052047192e-02
1.040120595935886058e+03	2.704862090704894251e-01	1.780386144080567112e-01	2.394441902788641552e-01	1.432015060639722781e-01	6.826921510865900655e-02	2.923405157054832434e-02	7.132621349905574060e-02
1.042539481042713533e+03	2.700421040314944232e-01	1.777984885660431613e-01	2.397241046916464557e-01	1.433580966686531233e-01	6.834562731231659527e-02	2.928724984231964590e-02	7.144432888717215657e-02
1.044958366149541234e+03	2.695993854220852248e-01	1.775589724667942515e-01	2.400031349204437281e-01	1.435144676644769801e-01	6.842188066708587701e-02	2.934019235464100164e-02	7.156196650411844606e-02
1.047377251256368709e+03	2.691580491715718226e-01	1.773200644898741407e-01	2.402812842155863660e-01	1.436706180281192013e-01	6.849797155728268305e-02	2.939288299055698925e-02	7.167912954665425773e-02
1.049796136363196410e+03	2.687180912128410148e-01	1.770817630190701653e-01	2.405585557799437280e-01	1.438265466347526944e-01	6.857389668237856561e-02	2.944532545603931184e-02	7.179582121461995647e-02
1.052215021470024112e+03	2.682795074829050774e-01	1.768440664424011100e-01	2.408349527718740279e-01	1.439822522697940532e-01	6.864965303332229429e-02	2.949752329236683332e-02	7.191204470698202289e-02
1.054633906576851814e+03	2.678422939234086364e-01	1.766069731521238695e-01	2.411104783079554281e-01	1.441377336397016984e-01	6.872523787061624034e-02	2.954947988753283544e-02	7.202780321830666577e-02
1.057052791683679516e+03	2.674064464810970154e-01	1.763704815447385832e-01	2.413851354655149328e-01	1.442929893818969411e-01	6.880064870401961241e-02	2.960119848675910048e-02	7.214309993561915380e-02
1.059471676790506763e+03	2.669719611082484456e-01	1.761345900209924098e-01	2.416589272849696268e-01	1.444480180738748898e-01	6.887588327375933350e-02	2.965268220219000397e-02	7.225793803561066098e-02
1.061890561897334692e+03	2.665388337630729132e-01	1.758992969858823585e-01	2.419318567719942747e-01	1.446028182415663166e-01	6.895093953313793933e-02	2.970393402183329687e-02	7.237232068215819492e-02
1.064309447004162394e+03	2.661070604100804204e-01	1.756646008486568156e-01	2.422039268995286876e-01	1.447573883670073280e-01	6.902581563243630203e-02	2.975495681780896198e-02	7.248625102412675769e-02
1.066728332110990095e+03	2.656766370204206584e-01	1.754305000228159883e-01	2.424751406096358752e-01	1.449117268953694082e-01	6.910050990401553350e-02	2.980575335396216247e-02	7.259973219342559514e-02
1.069147217217817570e+03	2.652475595721961454e-01	1.751969929261116277e-01	2.427455008152230864e-01	1.450658322413989065e-01	6.917502084852984734e-02	2.985632629289177581e-02	7.271276730329380433e-02
1.071566102324645271e+03	2.648198240507509404e-01	1.749640779805455848e-01	2.430150104016351453e-01	1.452197027953107955e-01	6.924934712216870847e-02	2.990667820244157643e-02	7.282535944679242867e-02
1.073984987431472746e+03	2.643934264489364860e-01	1.747317536123677573e-01	2.432836722281303543e-01	1.453733369281785814e-01	6.932348752485188725e-02	2.995681156169733433e-02	7.293751169548272351e-02
1.076403872538300675e+03	2.639683627673569122e-01	1.745000182520733134e-01	2.435514891292469009e-01	1.455267329968590873e-01	6.939744098930714089e-02	3.000672876652946477e-02	7.304922709827235683e-02
1.078822757645127922e+03	2.635446290145942450e-01	1.742688703343989454e-01	2.438184639160687617e-01	1.456798893484877455e-01	6.947120657096508833e-02	3.005643213471757488e-02	7.316050868041278077e-02
1.081241642751955851e+03	2.631222212074164624e-01	1.740383082983187890e-01	2.440845993773980149e-01	1.458328043245777084e-01	6.954478343861085488e-02	3.010592391069028678e-02	7.327135944263307721e-02
1.083660527858783553e+03	2.627011353709674535e-01	1.738083305870397055e-01	2.443498982808409714e-01	1.459854762647533333e-01	6.961817086573608704e-02	3.015520626991097589e-02	7.338178236039666347e-02
1.086079412965611255e+03	2.622813675389432664e-01	1.735789356479958412e-01	2.446143633738142864e-01	1.461379035101461610e-01	6.969136822253943486e-02	3.020428132293750262e-02	7.349178038326867335e-02
1.088498298072438729e+03	2.618629137537525908e-01	1.733501219328429377e-01	2.448779973844772417e-01	1.462900844064800032e-01	6.976437496852740117e-02	3.025315111918178146e-02	7.360135643438321662e-02
1.090917183179266431e+03	2.614457700666646955e-01	1.731218878974520314e-01	2.451408030225956935e-01	1.464420173068690934e-01	6.983719064567042722e-02	3.030181765039290445e-02	7.371051341000035839e-02
1.093336068286093905e+03	2.610299325379449864e-01	1.728942320019026535e-01	2.454027829803426264e-01	1.465937005743517818e-01	6.990981487207346967e-02	3.035028285388555180e-02	7.381925417914411702e-02
1.095754953392921607e+03	2.606153972369790184e-01	1.726671527104759185e-01	2.456639399330404205e-01	1.467451325841805931e-01	6.998224733612214143e-02	3.039854861553375684e-02	7.392758158331332041e-02
1.098173838499749309e+03	2.602021602423861268e-01	1.724406484916470306e-01	2.459242765398488295e-01	1.468963117258878237e-01	7.005448779106916712e-02	3.044661677254838911e-02	7.403549843625781279e-02
1.100592723606577010e+03	2.597902176421231779e-01	1.722147178180775118e-01	2.461837954444030252e-01	1.470472364051441383e-01	7.012653605002833190e-02	3.049448911605524143e-02	7.414300752381376702e-02
1.103011608713404712e+03	2.593795655335792705e-01	1.719893591666071531e-01	2.464424992754053190e-01	1.471979050454270133e-01	7.019839198134522618e-02	3.054216739348931606e-02	7.425011160379185737e-02
1.105430493820231959e+03	2.589702000236622226e-01	1.717645710182457708e-01	2.467003906471741392e-01	1.473483160895137367e-01	7.027005550431678071e-02	3.058965331081953815e-02	7.435681340591290822e-02
1.107849378927059888e+03	2.585621172288771752e-01	1.715403518581644915e-01	2.469574721601533185e-01	1.474984680008132321e-01	7.034152658523339097e-02	3.063694853461709430e-02	7.446311563178639736e-02
1.110268264033887590e+03	2.581553132753978685e-01	1.713167001756870922e-01	2.472137464013848263e-01	1.476483592645494447e-01	7.041280523371948319e-02	3.068405469397944563e-02	7.456902095492697058e-02
1.112687149140715292e+03	2.577497842991314791e-01	1.710936144642808687e-01	2.474692159449475848e-01	1.477979883888084767e-01	7.048389149935017917e-02	3.073097338232116602e-02	7.467453202080535923e-02
1.115106034247542766e+03	2.573455264457771841e-01	1.708710932215475597e-01	2.477238833523651707e-01	1.479473539054603493e-01	7.055478546852318733e-02	3.077770615904184756e-02	7.477965144692985677e-02
1.117524919354370468e+03	2.569425358708788965e-01	1.706491349492138543e-01	2.479777511729842621e-01	1.480964543709654968e-01	7.062548726156706036e-02	3.082425455108047177e-02	7.488438182295509282e-02
1.119943804461197942e+03	2.565408087398728942e-01	1.704277381531218993e-01	2.482308219443265795e-01	1.482452883670757893e-01	7.069599703006775038e-02	3.087062005436491327e-02	7.498872571081530158e-02
1.122362689568025871e+03	2.561403412281302860e-01	1.702069013432197242e-01	2.484830981924158744e-01	1.483938545014382993e-01	7.076631495439716923e-02	3.091680413516462167e-02	7.509268564487914244e-02
1.124781574674853118e+03	2.557411295209953694e-01	1.699866230335511930e-01	2.487345824320820187e-01	1.485421514081101957e-01	7.083644124142871035e-02	3.096280823135377086e-02	7.519626413212383842e-02
1.127200459781681047e+03	2.553431698138189931e-01	1.697669017422463456e-01	2.489852771672441123e-01	1.486901777479920916e-01	7.090637612242543797e-02	3.100863375359166549e-02	7.529946365232643990e-02
1.129619344888508749e+03	2.549464583119886996e-01	1.695477359915112114e-01	2.492351848911738832e-01	1.488379322091866186e-01	7.097611985108805144e-02	3.105428208642668081e-02	7.540228665826996524e-02
1.132038229995336451e+03	2.545509912309548706e-01	1.693291243076177344e-01	2.494843080867407970e-01	1.489854135072887220e-01	7.104567270175063398e-02	3.109975458932942929e-02	7.550473557596293350e-02
1.134457115102163925e+03	2.541567647962537646e-01	1.691110652208934750e-01	2.497326492266407627e-01	1.491326203856132571e-01	7.111503496771294508e-02	3.114505259766049000e-02	7.560681280487042966e-02
1.136876000208991627e+03	2.537637752435269456e-01	1.688935572657114803e-01	2.499802107736091572e-01	1.492795516153655189e-01	7.118420695969908396e-02	3.119017742357757528e-02	7.570852071815532824e-02
1.139294885315819101e+03	2.533720188185383804e-01	1.686765989804797639e-01	2.502269951806195269e-01	1.494262059957595645e-01	7.125318900443290693e-02	3.123513035688663814e-02	7.580986166292830175e-02
1.141713770422646803e+03	2.529814917771884830e-01	1.684601889076310366e-01	2.504730048910690510e-01	1.495725823540887123e-01	7.132198144332141387e-02	3.127991266584103508e-02	7.591083796050537846e-02
1.144132655529474505e+03	2.525921903855256057e-01	1.682443255936120763e-01	2.507182423389517356e-01	1.497186795457531028e-01	7.139058463123795772e-02	3.132452559789261626e-02	7.601145190667193963e-02
1.146551540636302207e+03	2.522041109197556419e-01	1.680290075888732915e-01	2.509627099490204793e-01	1.498644964542472646e-01	7.145899893539779668e-02	3.136897038039828528e-02	7.611170577195223996e-02
1.148970425743129908e+03	2.518172496662487436e-01	1.678142334478582021e-01	2.512064101369383406e-01	1.500100319911120694e-01	7.152722473431889771e-02	3.141324822128517547e-02	7.621160180188349398e-02
1.151389310849957155e+03	2.514316029215449277e-01	1.676000017289927813e-01	2.514493453094202580e-01	1.501552850958540741e-01	7.159526241686171855e-02	3.145736030967759972e-02	7.631114221729358438e-02
1.153808195956785084e+03	2.510471669923569626e-01	1.673863109946747973e-01	2.516915178643659434e-01	1.503002547358351371e-01	7.166311238134170924e-02	3.150130781648842471e-02	7.641032921458200400e-02
1.156227081063612786e+03	2.506639381955720336e-01	1.671731598112632111e-01	2.519329301909843388e-01	1.504449399061355275e-01	7.173077503470949579e-02	3.154509189497746446e-02	7.650916496600296268e-02
1.158645966170440488e+03	2.502819128582517427e-01	1.669605467490674899e-01	2.521735846699102446e-01	1.505893396293928321e-01	7.179825079179315284e-02	3.158871368127925960e-02	7.660765161995028438e-02
1.161064851277267962e+03	2.499010873176304992e-01	1.667484703823368664e-01	2.524134836733143428e-01	1.507334529556190739e-01	7.186554007459819426e-02	3.163217429490244176e-02	7.670579130124356715e-02
1.163483736384095664e+03	2.495214579211124661e-01	1.665369292892497910e-01	2.526526295650061149e-01	1.508772789619982346e-01	7.193264331166071557e-02	3.167547483920264001e-02	7.680358611141498149e-02
1.165902621490923138e+03	2.491430210262674805e-01	1.663259220519029968e-01	2.528910247005310419e-01	1.510208167526664313e-01	7.199956093744985797e-02	3.171861640183081671e-02	7.690103812899636015e-02
1.168321506597751068e+03	2.487657730008254742e-01	1.661154472563008688e-01	2.531286714272619198e-01	1.511640654584761323e-01	7.206629339181566674e-02	3.176160005515875351e-02	7.699814940980616307e-02
1.170740391704578315e+03	2.483897102226698961e-01	1.659055034923447858e-01	2.533655720844852355e-01	1.513070242367467733e-01	7.213284111947904087e-02	3.180442685668329050e-02	7.709492198723598422e-02
1.173159276811406244e+03	2.480148290798301070e-01	1.656960893538222956e-01	2.536017290034826566e-01	1.514496922710025228e-01	7.219920456956051280e-02	3.184709784941070626e-02	7.719135787253617043e-02
1.175578161918233945e+03	2.476411259704728307e-01	1.654872034383964852e-01	2.538371445076078592e-01	1.515920687706996117e-01	7.226538419514501321e-02	3.188961406222268896e-02	7.728745905510044090e-02
1.177997047025061647e+03	2.472685973028925510e-01	1.652788443475950997e-01	2.540718209123596916e-01	1.517341529709436421e-01	7.233138045287976214e-02	3.193197651022508521e-02	7.738322750274906348e-02
1.180415932131889122e+03	2.468972394955012140e-01	1.650710106867999960e-01	2.543057605254510078e-01	1.518759441321986536e-01	7.239719380260288550e-02	3.197418619508061999e-02	7.747866516201049047e-02
1.182834817238716823e+03	2.465270489768172368e-01	1.648637010652362900e-01	2.545389656468741713e-01	1.520174415399889734e-01	7.246282470700038392e-02	3.201624410532660087e-02	7.757377395840124590e-02
1.185253702345544298e+03	2.461580221854533235e-01	1.646569140959617539e-01	2.547714385689634486e-01	1.521586445045946534e-01	7.252827363128930283e-02	3.205815121667868889e-02	7.766855579670371712e-02
1.187672587452371999e+03	2.457901555701041407e-01	1.644506483958561305e-01	2.550031815764541854e-01	1.522995523607417745e-01	7.259354104292511933e-02	3.209990849232155496e-02	7.776301256124193428e-02
1.190091472559199701e+03	2.454234455895331624e-01	1.642449025856103639e-01	2.552341969465393157e-01	1.524401644672881140e-01	7.265862741133154168e-02	3.214151688318732381e-02	7.785714611615497660e-02
1.192510357666027403e+03	2.450578887125587080e-01	1.640396752897159971e-01	2.554644869489230974e-01	1.525804802069053723e-01	7.272353320765102824e-02	3.218297732822260337e-02	7.795095830566807493e-02
1.194929242772855105e+03	2.446934814180396489e-01	1.638349651364544579e-01	2.556940538458725154e-01	1.527204989857581241e-01	7.278825890451434688e-02	3.222429075464473130e-02	7.804445095436106372e-02
1.197348127879682352e+03	2.443302201948606145e-01	1.636307707578866233e-01	2.559228998922665754e-01	1.528602202331809101e-01	7.285280497582781456e-02	3.226545807818807093e-02	7.813762586743429328e-02
1.199767012986510281e+03	2.439681015419165599e-01	1.634270907898419112e-01	2.561510273356433776e-01	1.529996434013533857e-01	7.291717189657702380e-02	3.230648020334079412e-02	7.823048483097184980e-02
1.202185898093337983e+03	2.436071219680969735e-01	1.632239238719079555e-01	2.563784384162453023e-01	1.531387679649743316e-01	7.298136014264540450e-02	3.234735802357288637e-02	7.832302961220198589e-02
1.204604783200165684e+03	2.432472779922696948e-01	1.630212686474198647e-01	2.566051353670625867e-01	1.532775934209352486e-01	7.304537019064699654e-02	3.238809242155579748e-02	7.841526195975472013e-02
1.207023668306993159e+03	2.428885661432641230e-01	1.628191237634497579e-01	2.568311204138748471e-01	1.534161192879934799e-01	7.310920251777190682e-02	3.242868426937433463e-02	7.850718360391648054e-02
1.209442553413820860e+03	2.425309829598543687e-01	1.626174878707961069e-01	2.570563957752916018e-01	1.535543451064459719e-01	7.317285760164381203e-02	3.246913442873111677e-02	7.859879625688194482e-02
1.211861438520648335e+03	2.421745249907418518e-01	1.624163596239733276e-01	2.572809636627909624e-01	1.536922704378033133e-01	7.323633592018843896e-02	3.250944375114418056e-02	7.869010161300285522e-02
1.214280323627476264e+03	2.418191887945375651e-01	1.622157376812012886e-01	2.575048262807572153e-01	1.538298948644648834e-01	7.329963795151213379e-02	3.254961307813801497e-02	7.878110134903379413e-02
1.216699208734303511e+03	2.414649709397440891e-01	1.620156207043948193e-01	2.577279858265171808e-01	1.539672179893954163e-01	7.336276417379000714e-02	3.258964324142843427e-02	7.887179712437498991e-02
1.219118093841131440e+03	2.411118680047373286e-01	1.618160073591531911e-01	2.579504444903750748e-01	1.541042394358029255e-01	7.342571506516258617e-02	3.262953506310165008e-02	7.896219058131209723e-02
1.221536978947959142e+03	2.407598765777479999e-01	1.616168963147498472e-01	2.581722044556470919e-01	1.542409588468185155e-01	7.348849110364064074e-02	3.266928935578779919e-02	7.905228334525288281e-02
1.223955864054786844e+03	2.404089932568427290e-01	1.614182862441219390e-01	2.583932678986941567e-01	1.543773758851783584e-01	7.355109276701732313e-02	3.270890692282928114e-02	7.914207702496096897e-02
1.226374749161614318e+03	2.400592146499050950e-01	1.612201758238598626e-01	2.586136369889542874e-01	1.545134902329076687e-01	7.361352053278723273e-02	3.274838855844417612e-02	7.923157321278641307e-02
1.228793634268442020e+03	2.397105373746162560e-01	1.610225637341970717e-01	2.588333138889739593e-01	1.546493015910074265e-01	7.367577487807182302e-02	3.278773504788493748e-02	7.932077348489328938e-02
1.231212519375269494e+03	2.393629580584356042e-01	1.608254486589995869e-01	2.590523007544385248e-01	1.547848096791434314e-01	7.373785627955060928e-02	3.282694716759269882e-02	7.940967940148421778e-02
1.233631404482097196e+03	2.390164733385809759e-01	1.606288292857559197e-01	2.592705997342024116e-01	1.549200142353383547e-01	7.379976521339783047e-02	3.286602568534727209e-02	7.949829250702192263e-02
1.236050289588924898e+03	2.386710798620088059e-01	1.604327043055665813e-01	2.594882129703178775e-01	1.550549150156664002e-01	7.386150215522414852e-02	3.290497136041323212e-02	7.958661433044764144e-02
1.238469174695752372e+03	2.383267742853941162e-01	1.602370724131339241e-01	2.597051425980638206e-01	1.551895117939511570e-01	7.392306758002287204e-02	3.294378494368208760e-02	7.967464638539668853e-02
1.240888059802580301e+03	2.379835532751104488e-01	1.600419323067519828e-01	2.599213907459734241e-01	1.553238043614665331e-01	7.398446196212050963e-02	3.298246717781083692e-02	7.976239017041096557e-02
1.243306944909407548e+03	2.376414135072091316e-01	1.598472826882962328e-01	2.601369595358618003e-01	1.554577925266407146e-01	7.404568577513132022e-02	3.302101879735706846e-02	7.984984716914841907e-02
1.245725830016235477e+03	2.373003516673992397e-01	1.596531222632134317e-01	2.603518510828525812e-01	1.555914761147635939e-01	7.410673949191544374e-02	3.305944052891069546e-02	7.993701885058968060e-02
1.248144715123063179e+03	2.369603644510265561e-01	1.594594497405114608e-01	2.605660674954045075e-01	1.557248549676973903e-01	7.416762358454041804e-02	3.309773309122254065e-02	8.002390666924179274e-02
1.250563600229890881e+03	2.366214485630531161e-01	1.592662638327492497e-01	2.607796108753371866e-01	1.558579289435906012e-01	7.422833852424579049e-02	3.313589719532986783e-02	8.011051206533888192e-02
1.252982485336718355e+03	2.362836007180360853e-01	1.590735632560267010e-01	2.609924833178564607e-01	1.559906979165955887e-01	7.428888478141069951e-02	3.317393354467901290e-02	8.019683646504015273e-02
1.255401370443546057e+03	2.359468176401069150e-01	1.588813467299746429e-01	2.612046869115796643e-01	1.561231617765893587e-01	7.434926282552403731e-02	3.321184283524519776e-02	8.028288128062489870e-02
1.257820255550373531e+03	2.356110960629501649e-01	1.586896129777447817e-01	2.614162237385602716e-01	1.562553204288980035e-01	7.440947312515702738e-02	3.324962575564967965e-02	8.036864791068477898e-02
1.260239140657201460e+03	2.352764327297822422e-01	1.584983607259996541e-01	2.616270958743123209e-01	1.563871737940246420e-01	7.446951614793827223e-02	3.328728298727431922e-02	8.045413774031325016e-02
1.262658025764028707e+03	2.349428243933302241e-01	1.583075887049027741e-01	2.618373053878342294e-01	1.565187218073809117e-01	7.452939236053064687e-02	3.332481520437367839e-02	8.053935214129231968e-02
1.265076910870856636e+03	2.346102678158103194e-01	1.581172956481085856e-01	2.620468543416324958e-01	1.566499644190217644e-01	7.458910222861032946e-02	3.336222307418471034e-02	8.062429247227648199e-02
1.267495795977684338e+03	2.342787597689064971e-01	1.579274802927525811e-01	2.622557447917455709e-01	1.567809015933842032e-01	7.464864621684755286e-02	3.339950725703415974e-02	8.070896007897403190e-02
1.269914681084511813e+03	2.339482970337488921e-01	1.577381413794413656e-01	2.624639787877665054e-01	1.569115333090293773e-01	7.470802478888899367e-02	3.343666840644377025e-02	8.079335629432567167e-02
1.272333566191339514e+03	2.336188764008920726e-01	1.575492776522429972e-01	2.626715583728658765e-01	1.570418595583880361e-01	7.476723840734175730e-02	3.347370716923329936e-02	8.087748243868049525e-02
1.274752451298167216e+03	2.332904946702935578e-01	1.573608878586768844e-01	2.628784855838147139e-01	1.571718803475097848e-01	7.482628753375872299e-02	3.351062418562152090e-02	8.096133981996937734e-02
1.277171336404994690e+03	2.329631486512917793e-01	1.571729707497041828e-01	2.630847624510065375e-01	1.573015956958158379e-01	7.488517262862522117e-02	3.354742008932519448e-02	8.104492973387578125e-02
1.279590221511822392e+03	2.326368351625844599e-01	1.569855250797178581e-01	2.632903909984798396e-01	1.574310056358552146e-01	7.494389415134695975e-02	3.358409550765611290e-02	8.112825346400411031e-02
1.282009106618650094e+03	2.323115510322065758e-01	1.567985496065330275e-01	2.634953732439399010e-01	1.575601102130643472e-01	7.500245256023897744e-02	3.362065106161626904e-02	8.121131228204539476e-02
1.284427991725477568e+03	2.319872930975085124e-01	1.566120430913773287e-01	2.636997111987806619e-01	1.576889094855303819e-01	7.506084831251572109e-02	3.365708736599120482e-02	8.129410744794068888e-02
1.286846876832305497e+03	2.316640582051339992e-01	1.564260042988810384e-01	2.639034068681060941e-01	1.578174035237577266e-01	7.511908186428208067e-02	3.369340502944161847e-02	8.137664021004185899e-02
1.289265761939132744e+03	2.313418432109980716e-01	1.562404319970675526e-01	2.641064622507520721e-01	1.579455924104381792e-01	7.517715367052520137e-02	3.372960465459324403e-02	8.145891180527012332e-02
1.291684647045960673e+03	2.310206449802650608e-01	1.560553249573436441e-01	2.643088793393070235e-01	1.580734762402243032e-01	7.523506418510723937e-02	3.376568683812505856e-02	8.154092345927213548e-02
1.294103532152788375e+03	2.307004603873263615e-01	1.558706819544898314e-01	2.645106601201334118e-01	1.582010551195063564e-01	7.529281386075882543e-02	3.380165217085593504e-02	8.162267638657369484e-02
1.296522417259616077e+03	2.303812863157782831e-01	1.556865017666510254e-01	2.647118065733885528e-01	1.583283291661924663e-01	7.535040314907318071e-02	3.383750123782964386e-02	8.170417179073123648e-02
1.298941302366443551e+03	2.300631196583998728e-01	1.555027831753267309e-01	2.649123206730454316e-01	1.584552985094920541e-01	7.540783250050098196e-02	3.387323461839838318e-02	8.178541086448100350e-02
1.301360187473271253e+03	2.297459573171306280e-01	1.553195249653615551e-01	2.651122043869130751e-01	1.585819632897027265e-01	7.546510236434569863e-02	3.390885288630481054e-02	8.186639478988592955e-02
1.303779072580098727e+03	2.294297962030482363e-01	1.551367259249358810e-01	2.653114596766574795e-01	1.587083236580001944e-01	7.552221318875959599e-02	3.394435660976262426e-02	8.194712473848043965e-02
1.306197957686926657e+03	2.291146332363463156e-01	1.549543848455561534e-01	2.655100884978216502e-01	1.588343797762315213e-01	7.557916542074018251e-02	3.397974635153574313e-02	8.202760187141289183e-02
1.308616842793753904e+03	2.288004653463120708e-01	1.547725005220455807e-01	2.657080927998458630e-01	1.589601318167116750e-01	7.563595950612714280e-02	3.401502266901607757e-02	8.210782733958600643e-02
1.311035727900581833e+03	2.284872894713038949e-01	1.545910717525346978e-01	2.659054745260879815e-01	1.590855799620229105e-01	7.569259588959972862e-02	3.405018611429999620e-02	8.218780228379515829e-02
1.313454613007409534e+03	2.281751025587290260e-01	1.544100973384519293e-01	2.661022356138433298e-01	1.592107244048175940e-01	7.574907501467449678e-02	3.408523723426347407e-02	8.226752783486449006e-02
1.315873498114237009e+03	2.278639015650212041e-01	1.542295760845142916e-01	2.662983779943644547e-01	1.593355653476238865e-01	7.580539732370350503e-02	3.412017657063593640e-02	8.234700511378109655e-02
1.318292383221064711e+03	2.275536834556181054e-01	1.540495067987180389e-01	2.664939035928809985e-01	1.594601030026544797e-01	7.586156325787278554e-02	3.415500466007287406e-02	8.242623523182711354e-02
1.320711268327892412e+03	2.272444452049389996e-01	1.538698882923292544e-01	2.666888143286195723e-01	1.595843375916183582e-01	7.591757325720117910e-02	3.418972203422722400e-02	8.250521929070975258e-02
1.323130153434719887e+03	2.269361837963624617e-01	1.536907193798747184e-01	2.668831121148230179e-01	1.597082693455356694e-01	7.597342776053939151e-02	3.422432921981959086e-02	8.258395838268949019e-02
1.325549038541547588e+03	2.266288962222035852e-01	1.535119988791325829e-01	2.670767988587699482e-01	1.598318985045552032e-01	7.602912720556946613e-02	3.425882673870722650e-02	8.266245359070625853e-02
1.327967923648375290e+03	2.263225794836918048e-01	1.533337256111231561e-01	2.672698764617942868e-01	1.599552253177750072e-01	7.608467202880431213e-02	3.429321510795193401e-02	8.274070598850370717e-02
1.330386808755202765e+03	2.260172305909483037e-01	1.531558984000996604e-01	2.674623468193043085e-01	1.600782500430658062e-01	7.614006266558764890e-02	3.432749483988681988e-02	8.281871664075160511e-02
1.332805693862030694e+03	2.257128465629635039e-01	1.529785160735390448e-01	2.676542118208020127e-01	1.602009729468970856e-01	7.619529955009411715e-02	3.436166644218197064e-02	8.289648660316638329e-02
1.335224578968857941e+03	2.254094244275745562e-01	1.528015774621329925e-01	2.678454733499021634e-01	1.603233943041661169e-01	7.625038311532943147e-02	3.439573041790901231e-02	8.297401692262988682e-02
1.337643464075685870e+03	2.251069612214428861e-01	1.526250813997785949e-01	2.680361332843511080e-01	1.604455143980296483e-01	7.630531379313099105e-02	3.442968726560467069e-02	8.305130863730625368e-02
1.340062349182513572e+03	2.248054539900317117e-01	1.524490267235693586e-01	2.682261934960460392e-01	1.605673335197382312e-01	7.636009201416843473e-02	3.446353747933326994e-02	8.312836277675711427e-02
1.342481234289341273e+03	2.245048997875835062e-01	1.522734122737861295e-01	2.684156558510534807e-01	1.606888519684732952e-01	7.641471820794448755e-02	3.449728154874823205e-02	8.320518036205495904e-02
1.344900119396168748e+03	2.242052956770974881e-01	1.520982368938881002e-01	2.686045222096284379e-01	1.608100700511867764e-01	7.646919280279586284e-02	3.453091995915255619e-02	8.328176240589488244e-02
1.347319004502996449e+03	2.239066387303071393e-01	1.519234994305036779e-01	2.687927944262325508e-01	1.609309880824434102e-01	7.652351622589437241e-02	3.456445319155839607e-02	8.335810991270453663e-02
1.349737889609823924e+03	2.236089260276576673e-01	1.517491987334215475e-01	2.689804743495533002e-01	1.610516063842654111e-01	7.657768890324810618e-02	3.459788172274560342e-02	8.343422387875246149e-02
1.352156774716651853e+03	2.233121546582834960e-01	1.515753336555817898e-01	2.691675638225219380e-01	1.611719252859798168e-01	7.663171125970277830e-02	3.463120602531939707e-02	8.351010529225486034e-02
1.354575659823479100e+03	2.230163217199858106e-01	1.514019030530668053e-01	2.693540646823323059e-01	1.612919451240683311e-01	7.668558371894312886e-02	3.466442656776706766e-02	8.358575513348062702e-02
1.356994544930307029e+03	2.227214243192100762e-01	1.512289057850925156e-01	2.695399787604590980e-01	1.614116662420193304e-01	7.673930670349447813e-02	3.469754381451382180e-02	8.366117437485480479e-02
1.359413430037134731e+03	2.224274595710234725e-01	1.510563407139994263e-01	2.697253078826760686e-01	1.615310889901826197e-01	7.679288063472429482e-02	3.473055822597771042e-02	8.373636398106056034e-02
1.361832315143962205e+03	2.221344245990924116e-01	1.508842067052437452e-01	2.699100538690744622e-01	1.616502137256263238e-01	7.684630593284391686e-02	3.476347025862373125e-02	8.381132490913958955e-02
1.364251200250789907e+03	2.218423165356601945e-01	1.507125026273885837e-01	2.700942185340808321e-01	1.617690408119962231e-01	7.689958301691041109e-02	3.479628036501701549e-02	8.388605810859092737e-02
1.366670085357617609e+03	2.215511325215244465e-01	1.505412273520951860e-01	2.702778036864754152e-01	1.618875706193771968e-01	7.695271230482828018e-02	3.482898899387524422e-02	8.396056452146836990e-02
1.369088970464445310e+03	2.212608697060146901e-01	1.503703797541140752e-01	2.704608111294100614e-01	1.620058035241572769e-01	7.700569421335148879e-02	3.486159659012020434e-02	8.403484508247635598e-02
1.371507855571272785e+03	2.209715252469698910e-01	1.501999587112762824e-01	2.706432426604259978e-01	1.621237399088935605e-01	7.705852915808542036e-02	3.489410359492854663e-02	8.410890071906437782e-02
1.373926740678100487e+03	2.206830963107160037e-01	1.500299631044847148e-01	2.708251000714721468e-01	1.622413801621805374e-01	7.711121755348886164e-02	3.492651044578173186e-02	8.418273235152010092e-02
1.376345625784927961e+03	2.203955800720436564e-01	1.498603918177054128e-01	2.710063851489221687e-01	1.623587246785204719e-01	7.716375981287619534e-02	3.495881757651526228e-02	8.425634089306091590e-02
1.378764510891755890e+03	2.201089737141855851e-01	1.496912437379588068e-01	2.711870996735929462e-01	1.624757738581960043e-01	7.721615634841942633e-02	3.499102541736703875e-02	8.432972724992418567e-02
1.381183395998583137e+03	2.198232744287944296e-01	1.495225177553111406e-01	2.713672454207619600e-01	1.625925281071447792e-01	7.726840757115044367e-02	3.502313439502509340e-02	8.440289232145614662e-02
1.383602281105411066e+03	2.195384794159202235e-01	1.493542127628657568e-01	2.715468241601847188e-01	1.627089878368361275e-01	7.732051389096321337e-02	3.505514493267447573e-02	8.447583700019943576e-02
1.386021166212238768e+03	2.192545858839881068e-01	1.491863276567546304e-01	2.717258376561126343e-01	1.628251534641498022e-01	7.737247571661606815e-02	3.508705745004344484e-02	8.454856217197928570e-02
1.388440051319066470e+03	2.189715910497759266e-01	1.490188613361296266e-01	2.719042876673101738e-01	1.629410254112567402e-01	7.742429345573395572e-02	3.511887236344898161e-02	8.462106871598849833e-02
1.390858936425893944e+03	2.186894921383920054e-01	1.488518127031540350e-01	2.720821759470725687e-01	1.630566041055017956e-01	7.747596751481083954e-02	3.515059008584156541e-02	8.469335750487107239e-02
1.393277821532721646e+03	2.184082863832528254e-01	1.486851806629941042e-01	2.722595042432428558e-01	1.631718899792882760e-01	7.752749829921201652e-02	3.518221102684926382e-02	8.476542940480452648e-02
1.395696706639549120e+03	2.181279710260606297e-01	1.485189641238103542e-01	2.724362742982295305e-01	1.632868834699646166e-01	7.757888621317650391e-02	3.521373559282114929e-02	8.483728527558107024e-02
1.398115591746377049e+03	2.178485433167812735e-01	1.483531619967493054e-01	2.726124878490234216e-01	1.634015850197127473e-01	7.763013165981945407e-02	3.524516418687002189e-02	8.490892597068762371e-02
1.400534476853204296e+03	2.175700005136219917e-01	1.481877731959348188e-01	2.727881466272150668e-01	1.635159950754384028e-01	7.768123504113466637e-02	3.527649720891453539e-02	8.498035233738437944e-02
1.402953361960032225e+03	2.172923398830091113e-01	1.480227966384599081e-01	2.729632523590116988e-01	1.636301140886631533e-01	7.773219675799694639e-02	3.530773505572060850e-02	8.505156521678246262e-02
1.405372247066859927e+03	2.170155586995659025e-01	1.478582312443780522e-01	2.731378067652542874e-01	1.637439425154184336e-01	7.778301721016461778e-02	3.533887812094224645e-02	8.512256544392025892e-02
1.407791132173687402e+03	2.167396542460904019e-01	1.476940759366950628e-01	2.733118115614348032e-01	1.638574808161410989e-01	7.783369679628208970e-02	3.536992679516172411e-02	8.519335384783864595e-02
1.410210017280515103e+03	2.164646238135332079e-01	1.475303296413605914e-01	2.734852684577127047e-01	1.639707294555707850e-01	7.788423591388227152e-02	3.540088146592915153e-02	8.526393125165508680e-02
1.412628902387342805e+03	2.161904647009754432e-01	1.473669912872597743e-01	2.736581791589320911e-01	1.640836889026491829e-01	7.793463495938916796e-02	3.543174251780142892e-02	8.533429847263666879e-02
1.415047787494170507e+03	2.159171742156066609e-01	1.472040598062050731e-01	2.738305453646384113e-01	1.641963596304206463e-01	7.798489432812041877e-02	3.546251033238063260e-02	8.540445632227193495e-02
1.417466672600997981e+03	2.156447496727026403e-01	1.470415341329278647e-01	2.740023687690951726e-01	1.643087421159347417e-01	7.803501441428983831e-02	3.549318528835178344e-02	8.547440560634173012e-02
1.419885557707825683e+03	2.153731883956034043e-01	1.468794132050701695e-01	2.741736510613008160e-01	1.644208368401502973e-01	7.808499561101001074e-02	3.552376776152006005e-02	8.554414712498902007e-02
1.422304442814653157e+03	2.151024877156912929e-01	1.467176959631765198e-01	2.743443939250050367e-01	1.645326442878410900e-01	7.813483831029484350e-02	3.555425812484745707e-02	8.561368167278751717e-02
1.424723327921481086e+03	2.148326449723688691e-01	1.465563813506856883e-01	2.745145990387256041e-01	1.646441649475030855e-01	7.818454290306219023e-02	3.558465674848883264e-02	8.568301003880943179e-02
1.427142213028308333e+03	2.145636575130369372e-01	1.463954683139224444e-01	2.746842680757649036e-01	1.647553993112632897e-01	7.823410977913643205e-02	3.561496399982749805e-02	8.575213300669214112e-02
1.429561098135136262e+03	2.142955226930726431e-01	1.462349558020895057e-01	2.748534027042261463e-01	1.648663478747900979e-01	7.828353932725110043e-02	3.564518024351018277e-02	8.582105135470388668e-02
1.431979983241963964e+03	2.140282378758076032e-01	1.460748427672593219e-01	2.750220045870301888e-01	1.649770111372050874e-01	7.833283193505147235e-02	3.567530584148149303e-02	8.588976585580843093e-02
1.434398868348791666e+03	2.137618004325060050e-01	1.459151281643659981e-01	2.751900753819312428e-01	1.650873896009963926e-01	7.838198798909720710e-02	3.570534115301789158e-02	8.595827727772889504e-02
1.436817753455619140e+03	2.134962077423426252e-01	1.457558109511971067e-01	2.753576167415338061e-01	1.651974837719335232e-01	7.843100787486498304e-02	3.573528653476110151e-02	8.602658638301047267e-02
1.439236638562446842e+03	2.132314571923812074e-01	1.455968900883857498e-01	2.755246303133085939e-01	1.653072941589835421e-01	7.847989197675112050e-02	3.576514234075105214e-02	8.609469392908233876e-02
1.441655523669274316e+03	2.129675461775526468e-01	1.454383645394024538e-01	2.756911177396088042e-01	1.654168212742287425e-01	7.852864067807421855e-02	3.579490892245830447e-02	8.616260066831854525e-02
1.444074408776102018e+03	2.127044721006330630e-01	1.452802332705471211e-01	2.758570806576859380e-01	1.655260656327856850e-01	7.857725436107780570e-02	3.582458662881599781e-02	8.623030734809808417e-02
1.446493293882929493e+03	2.124422323722222339e-01	1.451224952509410915e-01	2.760225206997065084e-01	1.656350277527255943e-01	7.862573340693297663e-02	3.585417580625127609e-02	8.629781471086403477e-02
1.448912178989757422e+03	2.121808244107218355e-01	1.449651494525191486e-01	2.761874394927674170e-01	1.657437081549960611e-01	7.867407819574107064e-02	3.588367679871633242e-02	8.636512349418180856e-02
1.451331064096585123e+03	2.119202456423139036e-01	1.448081948500215266e-01	2.763518386589123299e-01	1.658521073633441867e-01	7.872228910653628065e-02	3.591308994771888474e-02	8.643223443079660340e-02
1.453749949203412370e+03	2.116604935009389343e-01	1.446516304209860271e-01	2.765157198151473872e-01	1.659602259042408934e-01	7.877036651728834549e-02	3.594241559235222122e-02	8.649914824868989993e-02
1.456168834310240300e+03	2.114015654282745960e-01	1.444954551457400260e-01	2.766790845734571902e-01	1.660680643068067064e-01	7.881831080490518671e-02	3.597165406932487791e-02	8.656586567113518094e-02
1.458587719417068001e+03	2.111434588737140239e-01	1.443396680073927296e-01	2.768419345408204002e-01	1.661756231027384789e-01	7.886612234523555920e-02	3.600080571298973353e-02	8.663238741675283183e-02
1.461006604523895703e+03	2.108861712943443101e-01	1.441842679918272641e-01	2.770042713192257255e-01	1.662829028262377551e-01	7.891380151307174351e-02	3.602987085537277812e-02	8.669871419956427794e-02
1.463425489630723177e+03	2.106297001549248815e-01	1.440292540876927097e-01	2.771660965056874648e-01	1.663899040139400487e-01	7.896134868215216873e-02	3.605884982620138901e-02	8.676484672904516415e-02
1.465844374737550879e+03	2.103740429278663504e-01	1.438746252863964958e-01	2.773274116922612165e-01	1.664966272048454821e-01	7.900876422516409092e-02	3.608774295293220441e-02	8.683078571017793790e-02
1.468263259844378354e+03	2.101191970932088648e-01	1.437203805820965186e-01	2.774882184660594775e-01	1.666030729402505350e-01	7.905604851374628539e-02	3.611655056077858750e-02	8.689653184350351611e-02
1.470682144951206283e+03	2.098651601386007925e-01	1.435665189716932577e-01	2.776485184092671310e-01	1.667092417636810431e-01	7.910320191849162796e-02	3.614527297273768119e-02	8.696208582517228614e-02
1.473101030058033530e+03	2.096119295592772935e-01	1.434130394548222276e-01	2.778083130991569338e-01	1.668151342208261945e-01	7.915022480894984280e-02	3.617391050961702575e-02	8.702744834699427390e-02
1.475519915164861459e+03	2.093595028580391149e-01	1.432599410338461499e-01	2.779676041081051152e-01	1.669207508594738598e-01	7.919711755363009753e-02	3.620246349006082942e-02	8.709262009648867375e-02
1.477938800271689161e+03	2.091078775452313299e-01	1.431072227138471820e-01	2.781263930036064203e-01	1.670260922294468375e-01	7.924388052000369553e-02	3.623093223057578804e-02	8.715760175693250400e-02
1.480357685378516862e+03	2.088570511387219941e-01	1.429548835026194231e-01	2.782846813482899306e-01	1.671311588825403482e-01	7.929051407450674049e-02	3.625931704555658552e-02	8.722239400740873505e-02
1.482776570485344337e+03	2.086070211638809957e-01	1.428029224106610873e-01	2.784424706999337751e-01	1.672359513724605284e-01	7.933701858254278705e-02	3.628761824731097096e-02	8.728699752285357105e-02
