1.001418434226643626e+03	2.776106283567407185e-01	1.821258182974666018e-01	2.347556171224788601e-01	1.406449852075477291e-01	6.705705241335054023e-02	2.842052931917721584e-02	6.938536928288066563e-02
1.002869765290740247e+03	2.773267710799042218e-01	1.819792433024121914e-01	2.349289348335577565e-01	1.407415460278563235e-01	6.710535318963578577e-02	2.845559587977072175e-02	6.946255568650523682e-02
1.004321096354836754e+03	2.770434587063502208e-01	1.818328814119920256e-01	2.351018708583182404e-01	1.408380619594734873e-01	6.715364155810062130e-02	2.849053776435092611e-02	6.953954774105668146e-02
1.005772427418933376e+03	2.767606902197767837e-01	1.816867323687322289e-01	2.352744265030055903e-01	1.409345333575681702e-01	6.720191450485765716e-02	2.852535698460701569e-02	6.961634606109477763e-02
1.007223758483029997e+03	2.764784646053576878e-01	1.815407959127220971e-01	2.354466030525665110e-01	1.410309605064836158e-01	6.725016916809092860e-02	2.856005547068576206e-02	6.969295128373552417e-02
1.008675089547126618e+03	2.761967808497524102e-01	1.813950717817551239e-01	2.356184017715765022e-01	1.411273436238690837e-01	6.729840283065134654e-02	2.859463507541581614e-02	6.976936406662184731e-02
1.010126420611223239e+03	2.759156379411148996e-01	1.812495597114626433e-01	2.357898239051224587e-01	1.412236828646027398e-01	6.734661291300646224e-02	2.862909757829665974e-02	6.984558508603629090e-02
1.011577751675319632e+03	2.756350348691026242e-01	1.811042594354413671e-01	2.359608706796423871e-01	1.413199783245160657e-01	6.739479696652822538e-02	2.866344468926587327e-02	6.992161503514558729e-02
1.013029082739416367e+03	2.753549706248847317e-01	1.809591706853743431e-01	2.361315433037248224e-01	1.414162300439297248e-01	6.744295266710281789e-02	2.869767805225755669e-02	6.999745462236819926e-02
1.014480413803512761e+03	2.750754442011497658e-01	1.808142931911462525e-01	2.363018429688690247e-01	1.415124380110093505e-01	6.749107780904767262e-02	2.873179924856397380e-02	7.007310456985617331e-02
1.015931744867609382e+03	2.747964545921132706e-01	1.806696266809528495e-01	2.364717708502089566e-01	1.416086021649505255e-01	6.753917029932134108e-02	2.876580980001174070e-02	7.014856561208356045e-02
1.017383075931706003e+03	2.745180007935248412e-01	1.805251708814049894e-01	2.366413281072015928e-01	1.417047223990013372e-01	6.758722815201227696e-02	2.879971117196321664e-02	7.022383849453399385e-02
1.018834406995802851e+03	2.742400818026745069e-01	1.803809255176279380e-01	2.368105158842822855e-01	1.418007985633300827e-01	6.763524948309374007e-02	2.883350477615315502e-02	7.029892397248055369e-02
1.020285738059899245e+03	2.739626966183992818e-01	1.802368903133551026e-01	2.369793353114881540e-01	1.418968304677458714e-01	6.768323250543197001e-02	2.886719197337002732e-02	7.037382280985177152e-02
1.021737069123995752e+03	2.736858442410890491e-01	1.800930649910179315e-01	2.371477875050513606e-01	1.419928178842794764e-01	6.773117552403599972e-02	2.890077407599084963e-02	7.044853577817755674e-02
1.023188400188092373e+03	2.734095236726920009e-01	1.799494492718306249e-01	2.373158735679634646e-01	1.420887605496309325e-01	6.777907693153731317e-02	2.893425235037794252e-02	7.052306365560991053e-02
1.024639731252188767e+03	2.731337339167200784e-01	1.798060428758713747e-01	2.374835945905126311e-01	1.421846581674908738e-01	6.782693520388888286e-02	2.896762801914539928e-02	7.059740722601297314e-02
1.026091062316285615e+03	2.728584739782539126e-01	1.796628455221589149e-01	2.376509516507946396e-01	1.422805104107413565e-01	6.787474889627279073e-02	2.900090226330267681e-02	7.067156727811790828e-02
1.027542393380382237e+03	2.725837428639474869e-01	1.795198569287259072e-01	2.378179458151991055e-01	1.423763169235424952e-01	6.792251663920681470e-02	2.903407622428227225e-02	7.074554460473814199e-02
1.028993724444478858e+03	2.723095395820326337e-01	1.793770768126882187e-01	2.379845781388722492e-01	1.424720773233102700e-01	6.797023713484028062e-02	2.906715100585804956e-02	7.081934000204061219e-02
1.030445055508575479e+03	2.720358631423229201e-01	1.792345048903109805e-01	2.381508496661571272e-01	1.425677912025911098e-01	6.801790915343033928e-02	2.910012767596029462e-02	7.089295426886962903e-02
1.031896386572671872e+03	2.717627125562178669e-01	1.790921408770713985e-01	2.383167614310125471e-01	1.426634581308380001e-01	6.806553152998985612e-02	2.913300726839342103e-02	7.096638820611934906e-02
1.033347717636768493e+03	2.714900868367064457e-01	1.789499844877183721e-01	2.384823144574117759e-01	1.427590776560934138e-01	6.811310316109889240e-02	2.916579078446170786e-02	7.103964261615179632e-02
1.034799048700865114e+03	2.712179849983704649e-01	1.788080354363291991e-01	2.386475097597218764e-01	1.428546493065834810e-01	6.816062300187182565e-02	2.919847919450825266e-02	7.111271830225728008e-02
1.036250379764961508e+03	2.709464060573877897e-01	1.786662934363633659e-01	2.388123483430645844e-01	1.429501725922277255e-01	6.820809006307265721e-02	2.923107343937197608e-02	7.118561606815425324e-02
1.037701710829058356e+03	2.706753490315352839e-01	1.785247582007138678e-01	2.389768312036600062e-01	1.430456470060686436e-01	6.825550340837129026e-02	2.926357443176723014e-02	7.125833671752607179e-02
1.039153041893154750e+03	2.704048129401916412e-01	1.783834294417556421e-01	2.391409593291532187e-01	1.431410720256252322e-01	6.830286215173431152e-02	2.929598305759037805e-02	7.133088105359199071e-02
1.040604372957251599e+03	2.701347968043398273e-01	1.782423068713919756e-01	2.393047336989257423e-01	1.432364471141740203e-01	6.835016545494329576e-02	2.932830017715732512e-02	7.140324987871020379e-02
1.042055704021347992e+03	2.698652996465696896e-01	1.781013902010983863e-01	2.394681552843913597e-01	1.433317717219614040e-01	6.839741252523501291e-02	2.936052662637585534e-02	7.147544399401073445e-02
1.043507035085444613e+03	2.695963204910798994e-01	1.779606791419642287e-01	2.396312250492779738e-01	1.434270452873506740e-01	6.844460261305716775e-02	2.939266321785641636e-02	7.154746419905609611e-02
1.044958366149541234e+03	2.693278583636801726e-01	1.778201734047324678e-01	2.397939439498958381e-01	1.435222672379069808e-01	6.849173500993444019e-02	2.942471074196467348e-02	7.161931129152787623e-02
1.046409697213637855e+03	2.690599122917931019e-01	1.776798726998371769e-01	2.399563129353927404e-01	1.436174369914233750e-01	6.853880904643933070e-02	2.945666996781912128e-02	7.169098606693750930e-02
1.047861028277734476e+03	2.687924813044559880e-01	1.775397767374395086e-01	2.401183329479972262e-01	1.437125539568907262e-01	6.858582409026268978e-02	2.948854164423668489e-02	7.176248931835958744e-02
1.049312359341831097e+03	2.685255644323220614e-01	1.773998852274615012e-01	2.402800049232496071e-01	1.438076175354146280e-01	6.863277954437914385e-02	2.952032650062924937e-02	7.183382183618623740e-02
1.050763690405927491e+03	2.682591607076622586e-01	1.772601978796184419e-01	2.404413297902223967e-01	1.439026271210817887e-01	6.867967484530283773e-02	2.955202524785374707e-02	7.190498440790099588e-02
1.052215021470024112e+03	2.679932691643662768e-01	1.771207144034495085e-01	2.406023084717297533e-01	1.439975821017784596e-01	6.872650946142908057e-02	2.958363857901835647e-02	7.197597781787104521e-02
1.053666352534120733e+03	2.677278888379438504e-01	1.769814345083468854e-01	2.407629418845273483e-01	1.440924818599631507e-01	6.877328289145763496e-02	2.961516717024719261e-02	7.204680284715646310e-02
1.055117683598217127e+03	2.674630187655258617e-01	1.768423579035833526e-01	2.409232309395020477e-01	1.441873257733963243e-01	6.881999466289383249e-02	2.964661168140578576e-02	7.211746027333536257e-02
1.056569014662313975e+03	2.671986579858648958e-01	1.767034842983386811e-01	2.410831765418532391e-01	1.442821132158290665e-01	6.886664433062347768e-02	2.967797275678941971e-02	7.218795087034382552e-02
1.058020345726410369e+03	2.669348055393364061e-01	1.765648134017245019e-01	2.412427795912648332e-01	1.443768435576525122e-01	6.891323147555816764e-02	2.970925102577639740e-02	7.225827540832974183e-02
1.059471676790506763e+03	2.666714604679393252e-01	1.764263449228079539e-01	2.414020409820697155e-01	1.444715161665105774e-01	6.895975570334753058e-02	2.974044710344809009e-02	7.232843465351941614e-02
1.060923007854603611e+03	2.664086218152964536e-01	1.762880785706342490e-01	2.415609616034057883e-01	1.445661304078774689e-01	6.900621664315494119e-02	2.977156159117758105e-02	7.239842936809626206e-02
1.062374338918700232e+03	2.661462886266549588e-01	1.761500140542479331e-01	2.417195423393649900e-01	1.446606856456017776e-01	6.905261394649385431e-02	2.980259507718861084e-02	7.246826031009068192e-02
1.063825669982796853e+03	2.658844599488869309e-01	1.760121510827132307e-01	2.418777840691351821e-01	1.447551812424190953e-01	6.909894728612162029e-02	2.983354813708637837e-02	7.253792823328039652e-02
1.065277001046893474e+03	2.656231348304894935e-01	1.758744893651332242e-01	2.420356876671352631e-01	1.448496165604345465e-01	6.914521635498799279e-02	2.986442133436175220e-02	7.260743388710047541e-02
1.066728332110990095e+03	2.653623123215852475e-01	1.757370286106682833e-01	2.421932540031440095e-01	1.449439909615768129e-01	6.919142086523565049e-02	2.989521522087028316e-02	7.267677801656254044e-02
1.068179663175086489e+03	2.651019914739218830e-01	1.755997685285531629e-01	2.423504839424226454e-01	1.450383038080252374e-01	6.923756054725027642e-02	2.992593033728738541e-02	7.274596136218229592e-02
1.069630994239183110e+03	2.648421713408727340e-01	1.754627088281136282e-01	2.425073783458318866e-01	1.451325544626111408e-01	6.928363514875753026e-02	2.995656721354096261e-02	7.281498465991505242e-02
1.071082325303279504e+03	2.645828509774362791e-01	1.753258492187820261e-01	2.426639380699435466e-01	1.452267422891950210e-01	6.932964443396487375e-02	2.998712636922264141e-02	7.288384864109852257e-02
1.072533656367376352e+03	2.643240294402364188e-01	1.751891894101121894e-01	2.428201639671466738e-01	1.453208666530205473e-01	6.937558818274583428e-02	3.001760831397881288e-02	7.295255403240252789e-02
1.073984987431472746e+03	2.640657057875218650e-01	1.750527291117933426e-01	2.429760568857488312e-01	1.454149269210466833e-01	6.942146618986473616e-02	3.004801354788247739e-02	7.302110155578508954e-02
1.075436318495569594e+03	2.638078790791660855e-01	1.749164680336636191e-01	2.431316176700729081e-01	1.455089224622592159e-01	6.946727826423981789e-02	3.007834256178696861e-02	7.308949192845436149e-02
1.076887649559666215e+03	2.635505483766670265e-01	1.747804058857226339e-01	2.432868471605491578e-01	1.456028526479624663e-01	6.951302422824294502e-02	3.010859583766249681e-02	7.315772586283622592e-02
1.078338980623762609e+03	2.632937127431466129e-01	1.746445423781435025e-01	2.434417461938031824e-01	1.456967168520523215e-01	6.955870391703400379e-02	3.013877384891641351e-02	7.322580406654694007e-02
1.079790311687859230e+03	2.630373712433500266e-01	1.745088772212843031e-01	2.435963156027396992e-01	1.457905144512718631e-01	6.960431717792837925e-02	3.016887706069801972e-02	7.329372724237066816e-02
1.081241642751955851e+03	2.627815229436457622e-01	1.743734101256987912e-01	2.437505562166226436e-01	1.458842448254498436e-01	6.964986386979574173e-02	3.019890593018881991e-02	7.336149608824137081e-02
1.082692973816052472e+03	2.625261669120244057e-01	1.742381408021467792e-01	2.439044688611515799e-01	1.459779073577236186e-01	6.969534386248872615e-02	3.022886090687888078e-02	7.342911129722896890e-02
1.084144304880149093e+03	2.622713022180984122e-01	1.741030689616037130e-01	2.440580543585345874e-01	1.460715014347468699e-01	6.974075703629993572e-02	3.025874243283010676e-02	7.349657355752929611e-02
1.085595635944245487e+03	2.620169279331012180e-01	1.739681943152700805e-01	2.442113135275578717e-01	1.461650264468831451e-01	6.978610328144596586e-02	3.028855094292703595e-02	7.356388355245763178e-02
1.087046967008342108e+03	2.617630431298865745e-01	1.738335165745799327e-01	2.443642471836521834e-01	1.462584817883858246e-01	6.983138249757696314e-02	3.031828686511588850e-02	7.363104196044560623e-02
1.088498298072438729e+03	2.615096468829276599e-01	1.736990354512093215e-01	2.445168561389564343e-01	1.463518668575652659e-01	6.987659459331058143e-02	3.034795062063240859e-02	7.369804945504122851e-02
1.089949629136535123e+03	2.612567382683164130e-01	1.735647506570841825e-01	2.446691412023782874e-01	1.464451810569440959e-01	6.992173948578911391e-02	3.037754262421912127e-02	7.376490670491170354e-02
1.091400960200631971e+03	2.610043163637624231e-01	1.734306619043876341e-01	2.448211031796521386e-01	1.465384237934005129e-01	6.996681710025859369e-02	3.040706328433254516e-02	7.383161437384905268e-02
1.092852291264728365e+03	2.607523802485922082e-01	1.732967689055671945e-01	2.449727428733945722e-01	1.466315944783012915e-01	7.001182736966876652e-02	3.043651300334087456e-02	7.389817312077803790e-02
1.094303622328825213e+03	2.605009290037479386e-01	1.731630713733413318e-01	2.451240610831572631e-01	1.467246925276242120e-01	7.005677023429301986e-02	3.046589217771260294e-02	7.396458359976659791e-02
1.095754953392921607e+03	2.602499617117868258e-01	1.730295690207058756e-01	2.452750586054777138e-01	1.468177173620706655e-01	7.010164564136710241e-02	3.049520119819661146e-02	7.403084646003821323e-02
1.097206284457018228e+03	2.599994774568796796e-01	1.728962615609400399e-01	2.454257362339276605e-01	1.469106684071693203e-01	7.014645354474585703e-02	3.052444044999409398e-02	7.409696234598636688e-02
1.098657615521114849e+03	2.597494753248101307e-01	1.727631487076118910e-01	2.455760947591595078e-01	1.470035450933709353e-01	7.019119390457699559e-02	3.055361031292276597e-02	7.416293189719078138e-02
1.100108946585211470e+03	2.594999544029733540e-01	1.726302301745840651e-01	2.457261349689506824e-01	1.470963468561347909e-01	7.023586668699108304e-02	3.058271116157377373e-02	7.422875574843529334e-02
1.101560277649308091e+03	2.592509137803748476e-01	1.724975056760185976e-01	2.458758576482461544e-01	1.471890731360075977e-01	7.028047186380684264e-02	3.061174336546161959e-02	7.429443452972740725e-02
1.103011608713404712e+03	2.590023525476293220e-01	1.723649749263818365e-01	2.460252635791990716e-01	1.472817233786948565e-01	7.032500941225126867e-02	3.064070728916752986e-02	7.435996886631916769e-02
1.104462939777501106e+03	2.587542697969594796e-01	1.722326376404489934e-01	2.461743535412098394e-01	1.473742970351253900e-01	7.036947931469347828e-02	3.066960329247652925e-02	7.442535937872939156e-02
1.105914270841597499e+03	2.585066646221946818e-01	1.721004935333084462e-01	2.463231283109633685e-01	1.474667935615090741e-01	7.041388155839187202e-02	3.069843173050858590e-02	7.449060668276710762e-02
1.107365601905694348e+03	2.582595361187698391e-01	1.719685423203657360e-01	2.464715886624651020e-01	1.475592124193884913e-01	7.045821613525379834e-02	3.072719295384409785e-02	7.455571138955612021e-02
1.108816932969790741e+03	2.580128833837237456e-01	1.718367837173475632e-01	2.466197353670751546e-01	1.476515530756848382e-01	7.050248304160723622e-02	3.075588730864404347e-02	7.462067410556059988e-02
1.110268264033887590e+03	2.577667055156981912e-01	1.717052174403054243e-01	2.467675691935413140e-01	1.477438150027380048e-01	7.054668227798370495e-02	3.078451513676502133e-02	7.468549543261158996e-02
1.111719595097984211e+03	2.575210016149361292e-01	1.715738432056188312e-01	2.469150909080308487e-01	1.478359976783416296e-01	7.059081384891205402e-02	3.081307677586945029e-02	7.475017596793435970e-02
1.113170926162080832e+03	2.572757707832805107e-01	1.714426607299988359e-01	2.470623012741606506e-01	1.479281005857731313e-01	7.063487776272241170e-02	3.084157255953118987e-02	7.481471630417660390e-02
1.114622257226177226e+03	2.570310121241728973e-01	1.713116697304909730e-01	2.472092010530265449e-01	1.480201232138190215e-01	7.067887403135986180e-02	3.087000281733677867e-02	7.487911702943725323e-02
1.116073588290273847e+03	2.567867247426519062e-01	1.711808699244781462e-01	2.473557910032312401e-01	1.481120650567960551e-01	7.072280267020741862e-02	3.089836787498253037e-02	7.494337872729602001e-02
1.117524919354370468e+03	2.565429077453518225e-01	1.710502610296833759e-01	2.475020718809112785e-01	1.482039256145679107e-01	7.076666369791778655e-02	3.092666805436769528e-02	7.500750197684345755e-02
1.118976250418467089e+03	2.562995602405009343e-01	1.709198427641724360e-01	2.476480444397629876e-01	1.482957043925582086e-01	7.081045713625337690e-02	3.095490367368385759e-02	7.507148735271154671e-02
1.120427581482563710e+03	2.560566813379202000e-01	1.707896148463561026e-01	2.477937094310673771e-01	1.483874009017598083e-01	7.085418300993431839e-02	3.098307504750077296e-02	7.513533542510481000e-02
1.121878912546660331e+03	2.558142701490215831e-01	1.706595769949926511e-01	2.479390676037141472e-01	1.484790146587404713e-01	7.089784134649396163e-02	3.101118248684881992e-02	7.519904675983175857e-02
1.123330243610756725e+03	2.555723257868066089e-01	1.705297289291899110e-01	2.480841197042247537e-01	1.485705451856455250e-01	7.094143217614165553e-02	3.103922629929821778e-02	7.526262191833679727e-02
1.124781574674853118e+03	2.553308473658644773e-01	1.704000703684073470e-01	2.482288664767746122e-01	1.486619920101973358e-01	7.098495553163212957e-02	3.106720678903519134e-02	7.532606145773237949e-02
1.126232905738949967e+03	2.550898340023710631e-01	1.702706010324578079e-01	2.483733086632146925e-01	1.487533546656917838e-01	7.102841144814148189e-02	3.109512425693521792e-02	7.538936593083149507e-02
1.127684236803046360e+03	2.548492848140864742e-01	1.701413206415095247e-01	2.485174470030921123e-01	1.488446326909922679e-01	7.107179996314927362e-02	3.112297900063346751e-02	7.545253588618039409e-02
1.129135567867143209e+03	2.546091989203543293e-01	1.700122289160876654e-01	2.486612822336700945e-01	1.489358256305209627e-01	7.111512111632638244e-02	3.115077131459264778e-02	7.551557186809150501e-02
1.130586898931239830e+03	2.543695754420991495e-01	1.698833255770759720e-01	2.488048150899472288e-01	1.490269330342478271e-01	7.115837494942851837e-02	3.117850149016829220e-02	7.557847441667658872e-02
1.132038229995336451e+03	2.541304135018255250e-01	1.697546103457182320e-01	2.489480463046761238e-01	1.491179544576773097e-01	7.120156150619490198e-02	3.120616981567168186e-02	7.564124406787992028e-02
1.133489561059432845e+03	2.538917122236157842e-01	1.696260829436195550e-01	2.490909766083812815e-01	1.492088894618329165e-01	7.124468083225199422e-02	3.123377657643047062e-02	7.570388135351170666e-02
1.134940892123529466e+03	2.536534707331286609e-01	1.694977430927478990e-01	2.492336067293766388e-01	1.492997376132399190e-01	7.128773297502193074e-02	3.126132205484713489e-02	7.576638680128153225e-02
1.136392223187626087e+03	2.534156881575974629e-01	1.693695905154350978e-01	2.493759373937822488e-01	1.493904984839061756e-01	7.133071798363554983e-02	3.128880653045537641e-02	7.582876093483188751e-02
1.137843554251722708e+03	2.531783636258282955e-01	1.692416249343780266e-01	2.495179693255404896e-01	1.494811716513011479e-01	7.137363590884962528e-02	3.131623027997452319e-02	7.589100427377173941e-02
1.139294885315819101e+03	2.529414962681983958e-01	1.691138460726396286e-01	2.496597032464320243e-01	1.495717566983334745e-01	7.141648680296819318e-02	3.134359357736206386e-02	7.595311733371010177e-02
1.140746216379915950e+03	2.527050852166541350e-01	1.689862536536500814e-01	2.498011398760908719e-01	1.496622532133269623e-01	7.145927071976779232e-02	3.137089669386439877e-02	7.601510062628963338e-02
1.142197547444012343e+03	2.524691296047096301e-01	1.688588474012074903e-01	2.499422799320192845e-01	1.497526607899950790e-01	7.150198771442634049e-02	3.139813989806587713e-02	7.607695465922015288e-02
1.143648878508108737e+03	2.522336285674445788e-01	1.687316270394788598e-01	2.500831241296020968e-01	1.498429790274143636e-01	7.154463784345552191e-02	3.142532345593619658e-02	7.613867993631216746e-02
1.145100209572205586e+03	2.519985812415026505e-01	1.686045922930008434e-01	2.502236731821206872e-01	1.499332075299965317e-01	7.158722116463646368e-02	3.145244763087625545e-02	7.620027695751040164e-02
1.146551540636302207e+03	2.517639867650894869e-01	1.684777428866804649e-01	2.503639278007663838e-01	1.500233459074592768e-01	7.162973773695860413e-02	3.147951268376251999e-02	7.626174621892709005e-02
1.148002871700398828e+03	2.515298442779710930e-01	1.683510785457958403e-01	2.505038886946536758e-01	1.501133937747964331e-01	7.167218762056151715e-02	3.150651887298996923e-02	7.632308821287532574e-02
1.149454202764495449e+03	2.512961529214717271e-01	1.682245989959967047e-01	2.506435565708329816e-01	1.502033507522467226e-01	7.171457087667966468e-02	3.153346645451372138e-02	7.638430342790226979e-02
1.150905533828591842e+03	2.510629118384723468e-01	1.680983039633050791e-01	2.507829321343031381e-01	1.502932164652619473e-01	7.175688756758973053e-02	3.156035568188931412e-02	7.644539234882222201e-02
1.152356864892688463e+03	2.508301201734084995e-01	1.679721931741156860e-01	2.509220160880232808e-01	1.503829905444742931e-01	7.179913775656061870e-02	3.158718680631179831e-02	7.650635545674958071e-02
1.153808195956785084e+03	2.505977770722684905e-01	1.678462663551965606e-01	2.510608091329248337e-01	1.504726726256627178e-01	7.184132150780586645e-02	3.161396007665363134e-02	7.656719322913167758e-02
1.155259527020881706e+03	2.503658816825916067e-01	1.677205232336893004e-01	2.511993119679227782e-01	1.505622623497187562e-01	7.188343888643834723e-02	3.164067573950146012e-02	7.662790613978147369e-02
1.156710858084978327e+03	2.501344331534660070e-01	1.675949635371096758e-01	2.513375252899270329e-01	1.506517593626118257e-01	7.192548995842720783e-02	3.166733403919182177e-02	7.668849465891013073e-02
1.158162189149074720e+03	2.499034306355269741e-01	1.674695869933477410e-01	2.514754497938532785e-01	1.507411633153537267e-01	7.196747479055691510e-02	3.169393521784578949e-02	7.674895925315930456e-02
1.159613520213171569e+03	2.496728732809548323e-01	1.673443933306683618e-01	2.516130861726334489e-01	1.508304738639627274e-01	7.200939345038821771e-02	3.172047951540268862e-02	7.680930038563342499e-02
1.161064851277267962e+03	2.494427602434732827e-01	1.672193822777112704e-01	2.517504351172263344e-01	1.509196906694272033e-01	7.205124600622106468e-02	3.174696716965282745e-02	7.686951851593164242e-02
1.162516182341364356e+03	2.492130906783470989e-01	1.670945535634914825e-01	2.518874973166277953e-01	1.510088133976688063e-01	7.209303252705935583e-02	3.177339841626933975e-02	7.692961410017976065e-02
1.163967513405461204e+03	2.489838637423805179e-01	1.669699069173994632e-01	2.520242734578802546e-01	1.510978417195051604e-01	7.213475308257726037e-02	3.179977348883916699e-02	7.698958759106183658e-02
1.165418844469557826e+03	2.487550785939150189e-01	1.668454420692012663e-01	2.521607642260828008e-01	1.511867753106124757e-01	7.217640774308731189e-02	3.182609261889320779e-02	7.704943943785162730e-02
1.166870175533654447e+03	2.485267343928274364e-01	1.667211587490387004e-01	2.522969703044006251e-01	1.512756138514874393e-01	7.221799657950991880e-02	3.185235603593569026e-02	7.710917008644391224e-02
1.168321506597751068e+03	2.482988303005281006e-01	1.665970566874294401e-01	2.524328923740740693e-01	1.513643570274094408e-01	7.225951966334440146e-02	3.187856396747277415e-02	7.716877997938546840e-02
1.169772837661847461e+03	2.480713654799586443e-01	1.664731356152671926e-01	2.525685311144281742e-01	1.514530045284018800e-01	7.230097706664140311e-02	3.190471663904041744e-02	7.722826955590603171e-02
1.171224168725944082e+03	2.478443390955901160e-01	1.663493952638216145e-01	2.527038872028811167e-01	1.515415560491938651e-01	7.234236886197666083e-02	3.193081427423156288e-02	7.728763925194881423e-02
1.172675499790040703e+03	2.476177503134210089e-01	1.662258353647385056e-01	2.528389613149533144e-01	1.516300112891813268e-01	7.238369512242597004e-02	3.195685709472264463e-02	7.734688950020102149e-02
1.174126830854137097e+03	2.473915983009751518e-01	1.661024556500397542e-01	2.529737541242758625e-01	1.517183699523882434e-01	7.242495592154135631e-02	3.198284532029945643e-02	7.740602073012396722e-02
1.175578161918233945e+03	2.471658822272997658e-01	1.659792558521234196e-01	2.531082663025989721e-01	1.518066317474276727e-01	7.246615133332839909e-02	3.200877916888240221e-02	7.746503336798314654e-02
1.177029492982330339e+03	2.469406012629634384e-01	1.658562357037635659e-01	2.532424985198002965e-01	1.518947963874627827e-01	7.250728143222467947e-02	3.203465885655115697e-02	7.752392783687793443e-02
1.178480824046426733e+03	2.467157545800539309e-01	1.657333949381103178e-01	2.533764514438929805e-01	1.519828635901676328e-01	7.254834629307910232e-02	3.206048459756875857e-02	7.758270455677113153e-02
1.179932155110523581e+03	2.464913413521764296e-01	1.656107332886898875e-01	2.535101257410337094e-01	1.520708330776880668e-01	7.258934599113237018e-02	3.208625660440514449e-02	7.764136394451828793e-02
1.181383486174620202e+03	2.462673607544512144e-01	1.654882504894042983e-01	2.536435220755306474e-01	1.521587045766026325e-01	7.263028060199826219e-02	3.211197508776016812e-02	7.769990641389676322e-02
1.182834817238716823e+03	2.460438119635117438e-01	1.653659462745314113e-01	2.537766411098508201e-01	1.522464778178833911e-01	7.267115020164584271e-02	3.213764025658611551e-02	7.775833237563459233e-02
1.184286148302813444e+03	2.458206941575026006e-01	1.652438203787248705e-01	2.539094835046283305e-01	1.523341525368568650e-01	7.271195486638247496e-02	3.216325231810972241e-02	7.781664223743904596e-02
1.185737479366910065e+03	2.455980065160774106e-01	1.651218725370138529e-01	2.540420499186711867e-01	1.524217284731649302e-01	7.275269467283765334e-02	3.218881147785373348e-02	7.787483640402510787e-02
1.187188810431006686e+03	2.453757482203966778e-01	1.650001024848030129e-01	2.541743410089692956e-01	1.525092053707257922e-01	7.279336969794758527e-02	3.221431793965801732e-02	7.793291527714354960e-02
1.188640141495103080e+03	2.451539184531257853e-01	1.648785099578723157e-01	2.543063574307011243e-01	1.525965829776950999e-01	7.283398001894045293e-02	3.223977190570020968e-02	7.799087925560888035e-02
1.190091472559199701e+03	2.449325163984329701e-01	1.647570946923768431e-01	2.544380998372414715e-01	1.526838610464271995e-01	7.287452571332243834e-02	3.226517357651600276e-02	7.804872873532699151e-02
1.191542803623296322e+03	2.447115412419871294e-01	1.646358564248466272e-01	2.545695688801680179e-01	1.527710393334362760e-01	7.291500685886431743e-02	3.229052315101894194e-02	7.810646410932266248e-02
1.192994134687392716e+03	2.444909921709557399e-01	1.645147948921864556e-01	2.547007652092685981e-01	1.528581175993578567e-01	7.295542353358869248e-02	3.231582082651993093e-02	7.816408576776671946e-02
1.194445465751489564e+03	2.442708683740028031e-01	1.643939098316757330e-01	2.548316894725480841e-01	1.529450956089102864e-01	7.299577581575780738e-02	3.234106679874627910e-02	7.822159409800304164e-02
1.195896796815585958e+03	2.440511690412866252e-01	1.642732009809681759e-01	2.549623423162351021e-01	1.530319731308564246e-01	7.303606378386197362e-02	3.236626126186042951e-02	7.827898948457530370e-02
1.197348127879682352e+03	2.438318933644578745e-01	1.641526680780916736e-01	2.550927243847886938e-01	1.531187499379655370e-01	7.307628751660844024e-02	3.239140440847831925e-02	7.833627230925346852e-02
1.198799458943779200e+03	2.436130405366573604e-01	1.640323108614479275e-01	2.552228363209051443e-01	1.532054258069752706e-01	7.311644709291079125e-02	3.241649642968740669e-02	7.839344295106011329e-02
1.200250790007875821e+03	2.433946097525139241e-01	1.639121290698123679e-01	2.553526787655241992e-01	1.532920005185537948e-01	7.315654259187888420e-02	3.244153751506438643e-02	7.845050178629639492e-02
1.201702121071972442e+03	2.431766002081422740e-01	1.637921224423338207e-01	2.554822523578360038e-01	1.533784738572622208e-01	7.319657409280914961e-02	3.246652785269253660e-02	7.850744918856793209e-02
1.203153452136069063e+03	2.429590111011409037e-01	1.636722907185343134e-01	2.556115577352870427e-01	1.534648456115171311e-01	7.323654167517540392e-02	3.249146762917882320e-02	7.856428552881035421e-02
1.204604783200165684e+03	2.427418416305899829e-01	1.635526336383086032e-01	2.557405955335868564e-01	1.535511155735533040e-01	7.327644541861998151e-02	3.251635702967066444e-02	7.862101117531464234e-02
1.206056114264262078e+03	2.425250909970491364e-01	1.634331509419242046e-01	2.558693663867139256e-01	1.536372835393867431e-01	7.331628540294538032e-02	3.254119623787241067e-02	7.867762649375227568e-02
1.207507445328358699e+03	2.423087584025553354e-01	1.633138423700208619e-01	2.559978709269222774e-01	1.537233493087777902e-01	7.335606170810617110e-02	3.256598543606157442e-02	7.873413184720004510e-02
1.208958776392455093e+03	2.420928430506207596e-01	1.631947076636103555e-01	2.561261097847474244e-01	1.538093126851946268e-01	7.339577441420129522e-02	3.259072480510474823e-02	7.879052759616483881e-02
1.210410107456551941e+03	2.418773441462306606e-01	1.630757465640762793e-01	2.562540835890124158e-01	1.538951734757766920e-01	7.343542360146675108e-02	3.261541452447330042e-02	7.884681409860794243e-02
1.211861438520648335e+03	2.416622608958411689e-01	1.629569588131735969e-01	2.563817929668339435e-01	1.539809314912987115e-01	7.347500935026848867e-02	3.264005477225877944e-02	7.890299170996936673e-02
1.213312769584745183e+03	2.414475925073771290e-01	1.628383441530283637e-01	2.565092385436283373e-01	1.540665865461347261e-01	7.351453174109569277e-02	3.266464572518811005e-02	7.895906078319173127e-02
1.214764100648841804e+03	2.412333381902299900e-01	1.627199023261375332e-01	2.566364209431173382e-01	1.541521384582223708e-01	7.355399085455438524e-02	3.268918755863849807e-02	7.901502166874406485e-02
1.216215431712937971e+03	2.410194971552555854e-01	1.626016330753684846e-01	2.567633407873339824e-01	1.542375870490274303e-01	7.359338677136119389e-02	3.271368044665216857e-02	7.907087471464534223e-02
1.217666762777034819e+03	2.408060686147719398e-01	1.624835361439588011e-01	2.568899986966285964e-01	1.543229321435087287e-01	7.363271957233749609e-02	3.273812456195081266e-02	7.912662026648779878e-02
1.219118093841131440e+03	2.405930517825571602e-01	1.623656112755159087e-01	2.570163952896743487e-01	1.544081735700831848e-01	7.367198933840365949e-02	3.276252007594986082e-02	7.918225866746002317e-02
1.220569424905228061e+03	2.403804458738471872e-01	1.622478582140167158e-01	2.571425311834732441e-01	1.544933111605909515e-01	7.371119615057374064e-02	3.278686715877251329e-02	7.923779025836982792e-02
1.222020755969324682e+03	2.401682501053337415e-01	1.621302767038072801e-01	2.572684069933612871e-01	1.545783447502611097e-01	7.375034008995022539e-02	3.281116597926358319e-02	7.929321537766691186e-02
1.223472087033421303e+03	2.399564636951619645e-01	1.620128664896025028e-01	2.573940233330146432e-01	1.546632741776775288e-01	7.378942123771907446e-02	3.283541670500311066e-02	7.934853436146531436e-02
1.224923418097517697e+03	2.397450858629283921e-01	1.618956273164857407e-01	2.575193808144549679e-01	1.547480992847447834e-01	7.382843967514485239e-02	3.285961950231979650e-02	7.940374754356557818e-02
1.226374749161614318e+03	2.395341158296786233e-01	1.617785589299085003e-01	2.576444800480549024e-01	1.548328199166546515e-01	7.386739548356628660e-02	3.288377453630426245e-02	7.945885525547689843e-02
1.227826080225710712e+03	2.393235528179052385e-01	1.616616610756900219e-01	2.577693216425436806e-01	1.549174359218526142e-01	7.390628874439177098e-02	3.290788197082206157e-02	7.951385782643881350e-02
1.229277411289807560e+03	2.391133960515454959e-01	1.615449335000169184e-01	2.578939062050124575e-01	1.550019471520046876e-01	7.394511953909518875e-02	3.293194196852657768e-02	7.956875558344279897e-02
1.230728742353903954e+03	2.389036447559793053e-01	1.614283759494429260e-01	2.580182343409199719e-01	1.550863534619646156e-01	7.398388794921184619e-02	3.295595469087172352e-02	7.962354885125373649e-02
1.232180073418000802e+03	2.386942981580268131e-01	1.613119881708884040e-01	2.581423066540976530e-01	1.551706547097412292e-01	7.402259405633455913e-02	3.297992029812440301e-02	7.967823795243104967e-02
1.233631404482097196e+03	2.384853554859463765e-01	1.611957699116400300e-01	2.582661237467550608e-01	1.552548507564661118e-01	7.406123794210994760e-02	3.300383894937690410e-02	7.973282320734965956e-02
1.235082735546193817e+03	2.382768159694322874e-01	1.610797209193504387e-01	2.583896862194852706e-01	1.553389414663614299e-01	7.409981968823479981e-02	3.302771080255905572e-02	7.978730493422078740e-02
1.236534066610290438e+03	2.380686788396124964e-01	1.609638409420378058e-01	2.585129946712700355e-01	1.554229267067082920e-01	7.413833937645269989e-02	3.305153601445023209e-02	7.984168344911250770e-02
1.237985397674387059e+03	2.378609433290465036e-01	1.608481297280854594e-01	2.586360496994851710e-01	1.555068063478150242e-01	7.417679708855057230e-02	3.307531474069122512e-02	7.989595906597013464e-02
1.239436728738483680e+03	2.376536086717231933e-01	1.607325870262416023e-01	2.587588518999055509e-01	1.555905802629858892e-01	7.421519290635558708e-02	3.309904713579593649e-02	7.995013209663637266e-02
1.240888059802580301e+03	2.374466741030583916e-01	1.606172125856188126e-01	2.588814018667104366e-01	1.556742483284902223e-01	7.425352691173205122e-02	3.312273335316291006e-02	8.000420285087131433e-02
1.242339390866676695e+03	2.372401388598929239e-01	1.605020061556936828e-01	2.590037001924886395e-01	1.557578104235315397e-01	7.429179918657842496e-02	3.314637354508676026e-02	8.005817163637217460e-02
1.243790721930773088e+03	2.370340021804901998e-01	1.603869674863064865e-01	2.591257474682435724e-01	1.558412664302170902e-01	7.433000981282447683e-02	3.316996786276939224e-02	8.011203875879295555e-02
1.245242052994869937e+03	2.368282633045340480e-01	1.602720963276607902e-01	2.592475442833982457e-01	1.559246162335276575e-01	7.436815887242854972e-02	3.319351645633113190e-02	8.016580452176375049e-02
1.246693384058966330e+03	2.366229214731265795e-01	1.601573924303229257e-01	2.593690912258005410e-01	1.560078597212875562e-01	7.440624644737486859e-02	3.321701947482167544e-02	8.021946922691000625e-02
1.248144715123063179e+03	2.364179759287858840e-01	1.600428555452218238e-01	2.594903888817280402e-01	1.560909967841349610e-01	7.444427261967101472e-02	3.324047706623094178e-02	8.027303317387152193e-02
1.249596046187159800e+03	2.362134259154437532e-01	1.599284854236483755e-01	2.596114378358930219e-01	1.561740273154925140e-01	7.448223747134545547e-02	3.326388937749976543e-02	8.032649666032126712e-02
1.251047377251256421e+03	2.360092706784436001e-01	1.598142818172552382e-01	2.597322386714477349e-01	1.562569512115380699e-01	7.452014108444512952e-02	3.328725655453045051e-02	8.037985998198401982e-02
1.252498708315352815e+03	2.358055094645380712e-01	1.597002444780563080e-01	2.598527919699888389e-01	1.563397683711758857e-01	7.455798354103318482e-02	3.331057874219721382e-02	8.043312343265483777e-02
1.253950039379449436e+03	2.356021415218869375e-01	1.595863731584263590e-01	2.599730983115626226e-01	1.564224786960078939e-01	7.459576492318671648e-02	3.333385608435650294e-02	8.048628730421733546e-02
1.255401370443546057e+03	2.353991661000548186e-01	1.594726676111007102e-01	2.600931582746699999e-01	1.565050820903053364e-01	7.463348531299464350e-02	3.335708872385716173e-02	8.053935188666172529e-02
1.256852701507642678e+03	2.351965824500089619e-01	1.593591275891746983e-01	2.602129724362711172e-01	1.565875784609807031e-01	7.467114479255562709e-02	3.338027680255051255e-02	8.059231746810283092e-02
1.258304032571739299e+03	2.349943898241169671e-01	1.592457528461033722e-01	2.603325413717903491e-01	1.566699677175597272e-01	7.470874344397608613e-02	3.340342046130029968e-02	8.064518433479775372e-02
1.259755363635835920e+03	2.347925874761445930e-01	1.591325431357009379e-01	2.604518656551210176e-01	1.567522497721538788e-01	7.474628134936818491e-02	3.342651983999249399e-02	8.069795277116341425e-02
1.261206694699932314e+03	2.345911746612535098e-01	1.590194982121405920e-01	2.605709458586303318e-01	1.568344245394330261e-01	7.478375859084804289e-02	3.344957507754502124e-02	8.075062305979401056e-02
1.262658025764028707e+03	2.343901506359991338e-01	1.589066178299539389e-01	2.606897825531639401e-01	1.569164919365982069e-01	7.482117525053383345e-02	3.347258631191734474e-02	8.080319548147817110e-02
1.264109356828125556e+03	2.341895146583282683e-01	1.587939017440305745e-01	2.608083763080509265e-01	1.569984518833548448e-01	7.485853141054407689e-02	3.349555368011997158e-02	8.085567031521602444e-02
1.265560687892221949e+03	2.339892659875768832e-01	1.586813497096177805e-01	2.609267276911081956e-01	1.570803043018861034e-01	7.489582715299587801e-02	3.351847731822379245e-02	8.090804783823607460e-02
1.267012018956318798e+03	2.337894038844679778e-01	1.585689614823200255e-01	2.610448372686455798e-01	1.571620491168265743e-01	7.493306256000330234e-02	3.354135736136937967e-02	8.096032832601189611e-02
1.268463350020415419e+03	2.335899276111092493e-01	1.584567368180985480e-01	2.611627056054702245e-01	1.572436862552361869e-01	7.497023771367575251e-02	3.356419394377611887e-02	8.101251205227867624e-02
1.269914681084511813e+03	2.333908364309908723e-01	1.583446754732710238e-01	2.612803332648913068e-01	1.573252156465742568e-01	7.500735269611645550e-02	3.358698719875129884e-02	8.106459928904959089e-02
1.271366012148608434e+03	2.331921296089832785e-01	1.582327772045110936e-01	2.613977208087245874e-01	1.574066372226739230e-01	7.504440758942085288e-02	3.360973725869900730e-02	8.111659030663199987e-02
1.272817343212705055e+03	2.329938064113349361e-01	1.581210417688479197e-01	2.615148687972973507e-01	1.574879509177167514e-01	7.508140247567521297e-02	3.363244425512905422e-02	8.116848537364354521e-02
1.274268674276801676e+03	2.327958661056700185e-01	1.580094689236658800e-01	2.616317777894526242e-01	1.575691566682075606e-01	7.511833743695514598e-02	3.365510831866564551e-02	8.122028475702795791e-02
1.275720005340898297e+03	2.325983079609862392e-01	1.578980584267039300e-01	2.617484483425538411e-01	1.576502544129495809e-01	7.515521255532425782e-02	3.367772957905609821e-02	8.127198872207086477e-02
1.277171336404994690e+03	2.324011312476526037e-01	1.577868100360554637e-01	2.618648810124895587e-01	1.577312440930198068e-01	7.519202791283274845e-02	3.370030816517935457e-02	8.132359753241530376e-02
1.278622667469091539e+03	2.322043352374071334e-01	1.576757235101676757e-01	2.619810763536777332e-01	1.578121256517444893e-01	7.522878359151616290e-02	3.372284420505447522e-02	8.137511145007716995e-02
1.280073998533187932e+03	2.320079192033545901e-01	1.575647986078412555e-01	2.620970349190705484e-01	1.578928990346749606e-01	7.526547967339405898e-02	3.374533782584896585e-02	8.142653073546048115e-02
1.281525329597284326e+03	2.318118824199643657e-01	1.574540350882299711e-01	2.622127572601584689e-01	1.579735641895637366e-01	7.530211624046875829e-02	3.376778915388709695e-02	8.147785564737246300e-02
1.282976660661381175e+03	2.316162241630681240e-01	1.573434327108401420e-01	2.623282439269751243e-01	1.580541210663407581e-01	7.533869337472415273e-02	3.379019831465802925e-02	8.152908644303856478e-02
1.284427991725477568e+03	2.314209437098574962e-01	1.572329912355302783e-01	2.624434954681016396e-01	1.581345696170898263e-01	7.537521115812453876e-02	3.381256543282396693e-02	8.158022337811718372e-02
1.285879322789574417e+03	2.312260403388820551e-01	1.571227104225107196e-01	2.625585124306709095e-01	1.582149097960253714e-01	7.541166967261342391e-02	3.383489063222811649e-02	8.163126670671436158e-02
1.287330653853671038e+03	2.310315133300468449e-01	1.570125900323430801e-01	2.626732953603721499e-01	1.582951415594694433e-01	7.544806900011247208e-02	3.385717403590262492e-02	8.168221668139832858e-02
1.288781984917767431e+03	2.308373619646102715e-01	1.569026298259399987e-01	2.627878448014553392e-01	1.583752648658288409e-01	7.548440922252031005e-02	3.387941576607639282e-02	8.173307355321383916e-02
1.290233315981864052e+03	2.306435855251818268e-01	1.567928295645645564e-01	2.629021612967353816e-01	1.584552796755725190e-01	7.552069042171152824e-02	3.390161594418283908e-02	8.178383757169636892e-02
