1.001418434226643626e+03	2.853646252368648439e-01	1.709447712615264903e-01	2.345504123009825304e-01	1.423599857755739329e-01	6.910100899564083909e-02	2.760815923893071913e-02	7.007103719044473211e-02
1.002869765290740247e+03	2.851022229026142218e-01	1.707850233030379916e-01	2.347283633371433642e-01	1.424684867636303309e-01	6.914562234018092890e-02	2.763271276803260998e-02	7.013756858532461946e-02
1.004321096354836754e+03	2.848402739606576417e-01	1.706255513789380618e-01	2.349060003196452029e-01	1.425767913745680793e-01	6.919015995392999163e-02	2.765723548533836201e-02	7.020398752688675192e-02
1.005772427418933376e+03	2.845787776265606972e-01	1.704663550115939341e-01	2.350833237936421072e-01	1.426848999853320699e-01	6.923462196249061118e-02	2.768172742603848199e-02	7.027029419430616541e-02
1.007223758483029997e+03	2.843177331172498934e-01	1.703074337242019842e-01	2.352603343033442262e-01	1.427928129720406059e-01	6.927900849125165350e-02	2.770618862528416784e-02	7.033648876659157057e-02
1.008675089547126618e+03	2.840571396510102042e-01	1.701487870407860648e-01	2.354370323920194907e-01	1.429005307099877886e-01	6.932331966538891888e-02	2.773061911818740927e-02	7.040257142258425638e-02
1.010126420611223239e+03	2.837969964474825746e-01	1.699904144861962285e-01	2.356134186019951948e-01	1.430080535736461267e-01	6.936755560986594682e-02	2.775501893982110224e-02	7.046854234095695224e-02
1.011577751675319632e+03	2.835373027276619218e-01	1.698323155861071188e-01	2.357894934746597171e-01	1.431153819366688118e-01	6.941171644943464059e-02	2.777938812521917739e-02	7.053440170021275935e-02
1.013029082739416367e+03	2.832780577138941935e-01	1.696744898670167478e-01	2.359652575504640193e-01	1.432225161718923279e-01	6.945580230863607207e-02	2.780372670937669710e-02	7.060014967868412372e-02
1.014480413803512761e+03	2.830192606298745361e-01	1.695169368562447487e-01	2.361407113689233672e-01	1.433294566513387824e-01	6.949981331180109245e-02	2.782803472724996660e-02	7.066578645453175378e-02
1.015931744867609382e+03	2.827609107006445743e-01	1.693596560819312091e-01	2.363158554686188573e-01	1.434362037462183215e-01	6.954374958305112320e-02	2.785231221375664840e-02	7.073131220574359335e-02
1.017383075931706003e+03	2.825030071525901354e-01	1.692026470730350618e-01	2.364906903871992483e-01	1.435427578269315163e-01	6.958761124629875283e-02	2.787655920377586291e-02	7.079672711013380859e-02
1.018834406995802851e+03	2.822455492134390287e-01	1.690459093593326689e-01	2.366652166613822383e-01	1.436491192630719171e-01	6.963139842524845857e-02	2.790077573214831685e-02	7.086203134534178882e-02
1.020285738059899245e+03	2.819885361122584366e-01	1.688894424714164066e-01	2.368394348269564631e-01	1.437552884234282180e-01	6.967511124339732798e-02	2.792496183367637955e-02	7.092722508883117505e-02
1.021737069123995752e+03	2.817319670794528608e-01	1.687332459406932494e-01	2.370133454187828004e-01	1.438612656759868103e-01	6.971874982403561405e-02	2.794911754312420782e-02	7.099230851788888852e-02
1.023188400188092373e+03	2.814758413467616238e-01	1.685773192993832714e-01	2.371869489707961465e-01	1.439670513879339475e-01	6.976231429024751240e-02	2.797324289521784316e-02	7.105728180962413154e-02
1.024639731252188767e+03	2.812201581472564826e-01	1.684216620805182862e-01	2.373602460160069427e-01	1.440726459256583269e-01	6.980580476491174413e-02	2.799733792464532620e-02	7.112214514096748541e-02
1.026091062316285615e+03	2.809649167153391303e-01	1.682662738179404316e-01	2.375332370865027853e-01	1.441780496547532542e-01	6.984922137070222192e-02	2.802140266605678345e-02	7.118689868866999448e-02
1.027542393380382237e+03	2.807101162867394750e-01	1.681111540463005871e-01	2.377059227134501185e-01	1.442832629400190303e-01	6.989256423008867458e-02	2.804543715406453142e-02	7.125154262930220861e-02
1.028993724444478858e+03	2.804557560985125875e-01	1.679563023010572087e-01	2.378783034270957053e-01	1.443882861454652555e-01	6.993583346533734091e-02	2.806944142324319449e-02	7.131607713925332270e-02
1.030445055508575479e+03	2.802018353890369240e-01	1.678017181184746909e-01	2.380503797567682378e-01	1.444931196343131607e-01	6.997902919851151093e-02	2.809341550812977789e-02	7.138050239473028857e-02
1.031896386572671872e+03	2.799483533980117178e-01	1.676474010356220068e-01	2.382221522308800576e-01	1.445977637689979112e-01	7.002215155147221981e-02	2.811735944322378902e-02	7.144481857175689898e-02
1.033347717636768493e+03	2.796953093664546475e-01	1.674933505903714037e-01	2.383936213769286272e-01	1.447022189111707990e-01	7.006520064587881680e-02	2.814127326298732773e-02	7.150902584617302438e-02
1.034799048700865114e+03	2.794427025366996720e-01	1.673395663213967932e-01	2.385647877214981116e-01	1.448064854217016584e-01	7.010817660318961753e-02	2.816515700184517301e-02	7.157312439363364143e-02
1.036250379764961508e+03	2.791905321523947547e-01	1.671860477681725854e-01	2.387356517902609887e-01	1.449105636606809744e-01	7.015107954466244522e-02	2.818901069418489752e-02	7.163711438960808364e-02
1.037701710829058356e+03	2.789387974584992547e-01	1.670327944709721069e-01	2.389062141079796586e-01	1.450144539874223260e-01	7.019390959135531072e-02	2.821283437435694388e-02	7.170099600937923645e-02
1.039153041893154750e+03	2.786874977012819832e-01	1.668798059708661574e-01	2.390764751985079706e-01	1.451181567604643841e-01	7.023666686412691207e-02	2.823662807667473920e-02	7.176476942804267678e-02
1.040604372957251599e+03	2.784366321283188728e-01	1.667270818097217888e-01	2.392464355847928603e-01	1.452216723375733820e-01	7.027935148363730067e-02	2.826039183541477484e-02	7.182843482050592365e-02
1.042055704021347992e+03	2.781861999884903680e-01	1.665746215302007505e-01	2.394160957888758767e-01	1.453250010757451971e-01	7.032196357034839473e-02	2.828412568481669317e-02	7.189199236148763328e-02
1.043507035085444613e+03	2.779362005319796491e-01	1.664224246757582404e-01	2.395854563318946528e-01	1.454281433312075711e-01	7.036450324452463156e-02	2.830782965908339513e-02	7.195544222551682190e-02
1.044958366149541234e+03	2.776866330102698011e-01	1.662704907906413510e-01	2.397545177340847378e-01	1.455310994594223861e-01	7.040697062623345326e-02	2.833150379238111999e-02	7.201878458693217189e-02
1.046409697213637855e+03	2.774374966761418704e-01	1.661188194198878199e-01	2.399232805147809566e-01	1.456338698150878019e-01	7.044936583534590346e-02	2.835514811883954253e-02	7.208201961988119910e-02
1.047861028277734476e+03	2.771887907836725895e-01	1.659674101093245591e-01	2.400917451924189094e-01	1.457364547521404208e-01	7.049168899153722412e-02	2.837876267255185631e-02	7.214514749831960061e-02
1.049312359341831097e+03	2.769405145882318786e-01	1.658162624055662671e-01	2.402599122845368029e-01	1.458388546237575079e-01	7.053394021428735505e-02	2.840234748757486383e-02	7.220816839601049142e-02
1.050763690405927491e+03	2.766926673464810138e-01	1.656653758560140688e-01	2.404277823077767273e-01	1.459410697823591008e-01	7.057611962288147522e-02	2.842590259792907026e-02	7.227108248652371059e-02
1.052215021470024112e+03	2.764452483163699070e-01	1.655147500088541834e-01	2.405953557778863772e-01	1.460431005796102299e-01	7.061822733641061334e-02	2.844942803759875627e-02	7.233388994323515508e-02
1.053666352534120733e+03	2.761982567571350522e-01	1.653643844130564533e-01	2.407626332097205224e-01	1.461449473664230281e-01	7.066026347377209194e-02	2.847292384053207864e-02	7.239659093932604428e-02
1.055117683598217127e+03	2.759516919292973602e-01	1.652142786183730394e-01	2.409296151172425626e-01	1.462466104929587563e-01	7.070222815367013802e-02	2.849639004064114314e-02	7.245918564778225379e-02
1.056569014662313975e+03	2.757055530946597721e-01	1.650644321753370614e-01	2.410963020135261092e-01	1.463480903086301910e-01	7.074412149461636878e-02	2.851982667180210165e-02	7.252167424139373264e-02
1.058020345726410369e+03	2.754598395163049274e-01	1.649148446352611819e-01	2.412626944107564841e-01	1.464493871621034560e-01	7.078594361493031895e-02	2.854323376785523197e-02	7.258405689275372608e-02
1.059471676790506763e+03	2.752145504585933322e-01	1.647655155502361912e-01	2.414287928202323574e-01	1.465505014013002705e-01	7.082769463273996813e-02	2.856661136260501069e-02	7.264633377425827598e-02
1.060923007854603611e+03	2.749696851871605285e-01	1.646164444731297583e-01	2.415945977523671351e-01	1.466514333734000308e-01	7.086937466598222657e-02	2.858995948982020335e-02	7.270850505810548536e-02
1.062374338918700232e+03	2.747252429689155950e-01	1.644676309575850148e-01	2.417601097166905966e-01	1.467521834248418922e-01	7.091098383240347636e-02	2.861327818323394778e-02	7.277057091629494934e-02
1.063825669982796853e+03	2.744812230720380941e-01	1.643190745580191681e-01	2.419253292218503659e-01	1.468527519013268501e-01	7.095252224956004328e-02	2.863656747654384077e-02	7.283253152062711677e-02
1.065277001046893474e+03	2.742376247659765176e-01	1.641707748296222513e-01	2.420902567756135493e-01	1.469531391478197668e-01	7.099399003481873804e-02	2.865982740341199361e-02	7.289438704270276292e-02
1.066728332110990095e+03	2.739944473214456777e-01	1.640227313283555977e-01	2.422548928848681227e-01	1.470533455085514807e-01	7.103538730535727264e-02	2.868305799746514312e-02	7.295613765392233718e-02
1.068179663175086489e+03	2.737516900104247641e-01	1.638749436109506186e-01	2.424192380556245141e-01	1.471533713270208321e-01	7.107671417816482928e-02	2.870625929229470019e-02	7.301778352548540796e-02
1.069630994239183110e+03	2.735093521061548461e-01	1.637274112349074162e-01	2.425832927930171579e-01	1.472532169459966900e-01	7.111797077004249068e-02	2.872943132145685738e-02	7.307932482839014920e-02
1.071082325303279504e+03	2.732674328831370403e-01	1.635801337584934512e-01	2.427470576013059100e-01	1.473528827075200609e-01	7.115915719760376734e-02	2.875257411847264091e-02	7.314076173343268816e-02
1.072533656367376352e+03	2.730259316171299577e-01	1.634331107407421824e-01	2.429105329838777971e-01	1.474523689529059767e-01	7.120027357727501394e-02	2.877568771682800439e-02	7.320209441120664740e-02
1.073984987431472746e+03	2.727848475851477050e-01	1.632863417414517626e-01	2.430737194432481818e-01	1.475516760227456314e-01	7.124132002529595664e-02	2.879877214997389120e-02	7.326332303210254804e-02
1.075436318495569594e+03	2.725441800654574420e-01	1.631398263211835675e-01	2.432366174810625670e-01	1.476508042569082968e-01	7.128229665772012336e-02	2.882182745132632132e-02	7.332444776630737959e-02
1.076887649559666215e+03	2.723039283375774944e-01	1.629935640412610021e-01	2.433992275980980113e-01	1.477497539945434590e-01	7.132320359041530167e-02	2.884485365426646061e-02	7.338546878380394767e-02
1.078338980623762609e+03	2.720640916822751332e-01	1.628475544637681960e-01	2.435615502942645449e-01	1.478485255740825954e-01	7.136404093906403845e-02	2.886785079214069030e-02	7.344638625437048540e-02
1.079790311687859230e+03	2.718246693815642434e-01	1.627017971515485606e-01	2.437235860686067512e-01	1.479471193332413115e-01	7.140480881916405620e-02	2.889081889826069019e-02	7.350720034758011223e-02
1.081241642751955851e+03	2.715856607187032146e-01	1.625562916682034287e-01	2.438853354193052936e-01	1.480455356090212837e-01	7.144550734602871100e-02	2.891375800590350459e-02	7.356791123280034816e-02
1.082692973816052472e+03	2.713470649781926647e-01	1.624110375780908888e-01	2.440467988436784141e-01	1.481437747377121750e-01	7.148613663478742275e-02	2.893666814831161171e-02	7.362851907919265582e-02
1.084144304880149093e+03	2.711088814457734419e-01	1.622660344463242865e-01	2.442079768381833216e-01	1.482418370548936604e-01	7.152669680038618860e-02	2.895954935869300695e-02	7.368902405571192693e-02
1.085595635944245487e+03	2.708711094084244597e-01	1.621212818387710586e-01	2.443688698984177732e-01	1.483397228954373148e-01	7.156718795758790219e-02	2.898240167022126182e-02	7.374942633110607992e-02
1.087046967008342108e+03	2.706337481543604206e-01	1.619767793220512897e-01	2.445294785191215736e-01	1.484374325935085281e-01	7.160761022097290873e-02	2.900522511603559686e-02	7.380972607391560192e-02
1.088498298072438729e+03	2.703967969730295962e-01	1.618325264635364358e-01	2.446898031941780460e-01	1.485349664825685312e-01	7.164796370493935196e-02	2.902801972924095447e-02	7.386992345247304914e-02
1.089949629136535123e+03	2.701602551551118281e-01	1.616885228313480749e-01	2.448498444166154475e-01	1.486323248953762277e-01	7.168824852370365985e-02	2.905078554290806137e-02	7.393001863490268610e-02
1.091400960200631971e+03	2.699241219925163637e-01	1.615447679943564641e-01	2.450096026786085790e-01	1.487295081639901650e-01	7.172846479130090547e-02	2.907352259007351183e-02	7.399001178912001375e-02
1.092852291264728365e+03	2.696883967783796354e-01	1.614012615221794289e-01	2.451690784714800897e-01	1.488265166197703659e-01	7.176861262158526489e-02	2.909623090373980939e-02	7.404990308283142253e-02
1.094303622328825213e+03	2.694530788070631511e-01	1.612580029851808372e-01	2.453282722857021703e-01	1.489233505933803270e-01	7.180869212823046133e-02	2.911891051687546042e-02	7.410969268353367889e-02
1.095754953392921607e+03	2.692181673741514403e-01	1.611149919544693221e-01	2.454871846108978295e-01	1.490200104147888227e-01	7.184870342473011207e-02	2.914156146241502626e-02	7.416938075851363388e-02
1.097206284457018228e+03	2.689836617764496673e-01	1.609722280018971718e-01	2.456458159358424764e-01	1.491164964132718207e-01	7.188864662439814479e-02	2.916418377325919950e-02	7.422896747484773738e-02
1.098657615521114849e+03	2.687495613119817439e-01	1.608297107000588866e-01	2.458041667484653636e-01	1.492128089174143135e-01	7.192852184036928331e-02	2.918677748227485255e-02	7.428845299940176061e-02
1.100108946585211470e+03	2.685158652799881640e-01	1.606874396222898183e-01	2.459622375358510860e-01	1.493089482551123170e-01	7.196832918559936676e-02	2.920934262229511399e-02	7.434783749883033810e-02
1.101560277649308091e+03	2.682825729809238391e-01	1.605454143426650326e-01	2.461200287842409407e-01	1.494049147535745636e-01	7.200806877286577978e-02	2.923187922611943795e-02	7.440712113957662077e-02
1.103011608713404712e+03	2.680496837164558777e-01	1.604036344359979216e-01	2.462775409790345094e-01	1.495007087393244172e-01	7.204774071476785502e-02	2.925438732651365961e-02	7.446630408787195676e-02
1.104462939777501106e+03	2.678171967894617533e-01	1.602620994778388985e-01	2.464347746047910181e-01	1.495963305382017328e-01	7.208734512372722003e-02	2.927686695621006113e-02	7.452538650973551670e-02
1.105914270841597499e+03	2.675851115040269179e-01	1.601208090444741772e-01	2.465917301452308641e-01	1.496917804753646608e-01	7.212688211198825528e-02	2.929931814790742717e-02	7.458436857097390515e-02
1.107365601905694348e+03	2.673534271654427474e-01	1.599797627129244115e-01	2.467484080832370585e-01	1.497870588752915066e-01	7.216635179161842717e-02	2.932174093427112119e-02	7.464325043718093855e-02
1.108816932969790741e+03	2.671221430802044883e-01	1.598389600609435024e-01	2.469048089008566704e-01	1.498821660617825624e-01	7.220575427450867667e-02	2.934413534793313752e-02	7.470203227373720112e-02
1.110268264033887590e+03	2.668912585560093143e-01	1.596984006670172096e-01	2.470609330793022140e-01	1.499771023579618279e-01	7.224508967237382173e-02	2.936650142149216727e-02	7.476071424580976732e-02
1.111719595097984211e+03	2.666607729017537731e-01	1.595580841103619585e-01	2.472167810989531755e-01	1.500718680862788978e-01	7.228435809675294588e-02	2.938883918751365384e-02	7.481929651835195205e-02
1.113170926162080832e+03	2.664306854275321768e-01	1.594180099709235077e-01	2.473723534393574564e-01	1.501664635685107663e-01	7.232355965900968964e-02	2.941114867852985537e-02	7.487777925610288043e-02
1.114622257226177226e+03	2.662009954446343807e-01	1.592781778293757278e-01	2.475276505792327331e-01	1.502608891257635748e-01	7.236269447033273627e-02	2.943342992703990024e-02	7.493616262358733515e-02
1.116073588290273847e+03	2.659717022655434526e-01	1.591385872671192692e-01	2.476826729964679841e-01	1.503551450784743615e-01	7.240176264173608933e-02	2.945568296550986342e-02	7.499444678511534013e-02
1.117524919354370468e+03	2.657428052039338962e-01	1.589992378662803685e-01	2.478374211681249051e-01	1.504492317464129758e-01	7.244076428405947510e-02	2.947790782637280810e-02	7.505263190478195234e-02
1.118976250418467089e+03	2.655143035746694302e-01	1.588601292097095441e-01	2.479918955704392691e-01	1.505431494486836608e-01	7.247969950796870342e-02	2.950010454202883770e-02	7.511071814646694267e-02
1.120427581482563710e+03	2.652861966938009353e-01	1.587212608809802361e-01	2.481460966788224531e-01	1.506368985037269403e-01	7.251856842395602853e-02	2.952227314484517917e-02	7.516870567383458768e-02
1.121878912546660331e+03	2.650584838785644548e-01	1.585826324643876961e-01	2.483000249678628535e-01	1.507304792293213402e-01	7.255737114234048213e-02	2.954441366715621770e-02	7.522659465033332271e-02
1.123330243610756725e+03	2.648311644473789195e-01	1.584442435449477105e-01	2.484536809113272460e-01	1.508238919425851643e-01	7.259610777326823416e-02	2.956652614126355563e-02	7.528438523919553371e-02
1.124781574674853118e+03	2.646042377198443707e-01	1.583060937083951569e-01	2.486070649821622569e-01	1.509171369599781320e-01	7.263477842671298146e-02	2.958861059943609234e-02	7.534207760343733518e-02
1.126232905738949967e+03	2.643777030167396291e-01	1.581681825411830333e-01	2.487601776524958064e-01	1.510102145973032384e-01	7.267338321247625299e-02	2.961066707391004152e-02	7.539967190585827872e-02
1.127684236803046360e+03	2.641515596600205185e-01	1.580305096304809864e-01	2.489130193936384405e-01	1.511031251697084465e-01	7.271192224018775685e-02	2.963269559688902488e-02	7.545716830904111716e-02
1.129135567867143209e+03	2.639258069728175893e-01	1.578930745641741185e-01	2.490655906760848581e-01	1.511958689916882981e-01	7.275039561930574106e-02	2.965469620054409991e-02	7.551456697535161022e-02
1.130586898931239830e+03	2.637004442794341208e-01	1.577558769308618214e-01	2.492178919695152151e-01	1.512884463770857724e-01	7.278880345911734051e-02	2.967666891701382231e-02	7.557186806693827474e-02
1.132038229995336451e+03	2.634754709053440669e-01	1.576189163198563337e-01	2.493699237427966231e-01	1.513808576390939242e-01	7.282714586873886842e-02	2.969861377840430847e-02	7.562907174573217650e-02
1.133489561059432845e+03	2.632508861771902242e-01	1.574821923211817409e-01	2.495216864639845655e-01	1.514731030902576048e-01	7.286542295711621875e-02	2.972053081678928399e-02	7.568617817344674981e-02
1.134940892123529466e+03	2.630266894227818453e-01	1.573457045255725606e-01	2.496731806003242016e-01	1.515651830424750990e-01	7.290363483302511605e-02	2.974242006421012885e-02	7.574318751157750607e-02
1.136392223187626087e+03	2.628028799710928620e-01	1.572094525244725760e-01	2.498244066182518375e-01	1.516570978069998465e-01	7.294178160507153175e-02	2.976428155267593981e-02	7.580009992140193664e-02
1.137843554251722708e+03	2.625794571522597765e-01	1.570734359100335598e-01	2.499753649833963420e-01	1.517488476944421627e-01	7.297986338169197562e-02	2.978611531416357899e-02	7.585691556397924917e-02
1.139294885315819101e+03	2.623564202975796067e-01	1.569376542751140524e-01	2.501260561605804789e-01	1.518404330147708203e-01	7.301788027115381496e-02	2.980792138061773289e-02	7.591363460015020104e-02
1.140746216379915950e+03	2.621337687395078331e-01	1.568021072132781690e-01	2.502764806138224607e-01	1.519318540773147985e-01	7.305583238155556602e-02	2.982969978395095048e-02	7.597025719053694670e-02
1.142197547444012343e+03	2.619115018116566218e-01	1.566667943187942946e-01	2.504266388063371429e-01	1.520231111907649479e-01	7.309371982082729646e-02	2.985145055604370573e-02	7.602678349554282955e-02
1.143648878508108737e+03	2.616896188487924935e-01	1.565317151866339740e-01	2.505765312005374668e-01	1.521142046631754619e-01	7.313154269673084740e-02	2.987317372874444266e-02	7.608321367535221535e-02
1.145100209572205586e+03	2.614681191868343801e-01	1.563968694124705516e-01	2.507261582580358472e-01	1.522051348019658190e-01	7.316930111686023586e-02	2.989486933386963086e-02	7.613954788993035350e-02
1.146551540636302207e+03	2.612470021628519046e-01	1.562622565926779228e-01	2.508755204396458383e-01	1.522959019139221992e-01	7.320699518864194622e-02	2.991653740320380367e-02	7.619578629902316880e-02
1.148002871700398828e+03	2.610262671150630487e-01	1.561278763243295342e-01	2.510246182053830766e-01	1.523865063051992041e-01	7.324462501933517999e-02	2.993817796849963103e-02	7.625192906215717825e-02
1.149454202764495449e+03	2.608059133828321552e-01	1.559937282051969132e-01	2.511734520144669469e-01	1.524769482813214394e-01	7.328219071603223056e-02	2.995979106147794030e-02	7.630797633863928287e-02
1.150905533828591842e+03	2.605859403066681512e-01	1.558598118337486405e-01	2.513220223253217478e-01	1.525672281471851244e-01	7.331969238565878844e-02	2.998137671382778910e-02	7.636392828755665663e-02
1.152356864892688463e+03	2.603663472282224944e-01	1.557261268091489903e-01	2.514703295955783569e-01	1.526573462070598408e-01	7.335713013497420498e-02	3.000293495720649656e-02	7.641978506777660773e-02
1.153808195956785084e+03	2.601471334902869526e-01	1.555926727312567648e-01	2.516183742820752856e-01	1.527473027645900039e-01	7.339450407057183934e-02	3.002446582323969881e-02	7.647554683794645369e-02
1.155259527020881706e+03	2.599282984367919935e-01	1.554594492006242112e-01	2.517661568408602890e-01	1.528370981227964442e-01	7.343181429887932210e-02	3.004596934352140453e-02	7.653121375649335478e-02
1.156710858084978327e+03	2.597098414128044541e-01	1.553264558184955513e-01	2.519136777271918093e-01	1.529267325840780734e-01	7.346906092615891615e-02	3.006744554961402263e-02	7.658678598162425855e-02
1.158162189149074720e+03	2.594917617645257080e-01	1.551936921868059815e-01	2.520609373955399746e-01	1.530162064502135211e-01	7.350624405850771093e-02	3.008889447304842826e-02	7.664226367132573325e-02
1.159613520213171569e+03	2.592740588392897783e-01	1.550611579081804525e-01	2.522079362995882090e-01	1.531055200223626900e-01	7.354336380185803879e-02	3.011031614532400091e-02	7.669764698336387077e-02
1.161064851277267962e+03	2.590567319855612838e-01	1.549288525859323640e-01	2.523546748922346761e-01	1.531946736010681709e-01	7.358042026197766927e-02	3.013171059790866954e-02	7.675293607528420325e-02
1.162516182341364356e+03	2.588397805529334406e-01	1.547967758240624825e-01	2.525011536255934441e-01	1.532836674862570470e-01	7.361741354447014218e-02	3.015307786223896114e-02	7.680813110441156444e-02
1.163967513405461204e+03	2.586232038921260634e-01	1.546649272272576370e-01	2.526473729509960409e-01	1.533725019772423093e-01	7.365434375477505902e-02	3.017441796972004930e-02	7.686323222785002018e-02
1.165418844469557826e+03	2.584070013549837896e-01	1.545333064008895529e-01	2.527933333189925080e-01	1.534611773727244666e-01	7.369121099816836051e-02	3.019573095172579588e-02	7.691823960248277137e-02
1.166870175533654447e+03	2.581911722944738030e-01	1.544019129510137700e-01	2.529390351793530112e-01	1.535496939707931274e-01	7.372801537976263198e-02	3.021701683959879606e-02	7.697315338497207060e-02
1.168321506597751068e+03	2.579757160646842795e-01	1.542707464843682541e-01	2.530844789810692830e-01	1.536380520689285267e-01	7.376475700450735307e-02	3.023827566465041305e-02	7.702797373175913898e-02
1.169772837661847461e+03	2.577606320208221113e-01	1.541398066083723428e-01	2.532296651723556224e-01	1.537262519640030245e-01	7.380143597718921700e-02	3.025950745816085100e-02	7.708270079906406891e-02
1.171224168725944082e+03	2.575459195192111306e-01	1.540090929311255519e-01	2.533745942006505603e-01	1.538142939522826602e-01	7.383805240243239421e-02	3.028071225137916531e-02	7.713733474288579639e-02
1.172675499790040703e+03	2.573315779172899997e-01	1.538786050614063539e-01	2.535192665126180245e-01	1.539021783294287626e-01	7.387460638469878216e-02	3.030189007552332864e-02	7.719187571900200384e-02
1.174126830854137097e+03	2.571176065736106020e-01	1.537483426086709848e-01	2.536636825541486728e-01	1.539899053904993653e-01	7.391109802828833841e-02	3.032304096178026209e-02	7.724632388296906460e-02
1.175578161918233945e+03	2.569040048478356542e-01	1.536183051830523061e-01	2.538078427703613915e-01	1.540774754299508165e-01	7.394752743733931655e-02	3.034416494130589073e-02	7.730067939012197353e-02
1.177029492982330339e+03	2.566907721007370968e-01	1.534884923953586389e-01	2.539517476056044054e-01	1.541648887416391944e-01	7.398389471582852983e-02	3.036526204522517133e-02	7.735494239557427765e-02
1.178480824046426733e+03	2.564779076941940961e-01	1.533589038570724594e-01	2.540953975034568879e-01	1.542521456188218898e-01	7.402019996757168430e-02	3.038633230463214790e-02	7.740911305421807609e-02
1.179932155110523581e+03	2.562654109911911560e-01	1.532295391803494000e-01	2.542387929067301267e-01	1.543392463541591042e-01	7.405644329622358690e-02	3.040737575058997597e-02	7.746319152072396463e-02
1.181383486174620202e+03	2.560532813558159537e-01	1.531003979780169721e-01	2.543819342574687448e-01	1.544261912397153214e-01	7.409262480527843697e-02	3.042839241413099541e-02	7.751717794954092466e-02
1.182834817238716823e+03	2.558415181532577853e-01	1.529714798635733730e-01	2.545248219969521442e-01	1.545129805669607781e-01	7.412874459807011762e-02	3.044938232625674090e-02	7.757107249489637868e-02
1.184286148302813444e+03	2.556301207498052896e-01	1.528427844511864586e-01	2.546674565656960043e-01	1.545996146267730187e-01	7.416480277777239005e-02	3.047034551793799742e-02	7.762487531079610703e-02
1.185737479366910065e+03	2.554190885128448385e-01	1.527143113556923837e-01	2.548098384034533925e-01	1.546860937094383381e-01	7.420079944739924049e-02	3.049128202011483837e-02	7.767858655102423404e-02
1.187188810431006686e+03	2.552084208108584829e-01	1.525860601925945748e-01	2.549519679492160407e-01	1.547724181046531977e-01	7.423673470980508837e-02	3.051219186369666381e-02	7.773220636914318638e-02
1.188640141495103080e+03	2.549981170134220099e-01	1.524580305780625367e-01	2.550938456412158994e-01	1.548585881015258070e-01	7.427260866768506387e-02	3.053307507956225242e-02	7.778573491849367916e-02
1.190091472559199701e+03	2.547881764912031111e-01	1.523302221289306868e-01	2.552354719169261377e-01	1.549446039885775395e-01	7.430842142357529934e-02	3.055393169855978239e-02	7.783917235219471598e-02
1.191542803623296322e+03	2.545785986159594949e-01	1.522026344626971617e-01	2.553768472130627520e-01	1.550304660537443202e-01	7.434417307985310974e-02	3.057476175150688688e-02	7.789251882314354725e-02
1.192994134687392716e+03	2.543693827605368885e-01	1.520752671975227621e-01	2.555179719655857884e-01	1.551161745843782080e-01	7.437986373873733958e-02	3.059556526919068528e-02	7.794577448401569797e-02
1.194445465751489564e+03	2.541605282988672609e-01	1.519481199522296488e-01	2.556588466097004519e-01	1.552017298672487278e-01	7.441549350228854331e-02	3.061634228236783176e-02	7.799893948726491222e-02
1.195896796815585958e+03	2.539520346059668809e-01	1.518211923463003432e-01	2.557994715798586616e-01	1.552871321885444245e-01	7.445106247240930453e-02	3.063709282176453955e-02	7.805201398512320865e-02
1.197348127879682352e+03	2.537439010579344290e-01	1.516944839998765060e-01	2.559398473097603821e-01	1.553723818338741958e-01	7.448657075084443024e-02	3.065781691807663301e-02	7.810499812960083887e-02
1.198799458943779200e+03	2.535361270319491656e-01	1.515679945337577161e-01	2.560799742323546790e-01	1.554574790882687629e-01	7.452201843918121460e-02	3.067851460196957883e-02	7.815789207248627357e-02
1.200250790007875821e+03	2.533287119062689330e-01	1.514417235694005548e-01	2.562198527798412728e-01	1.555424242361820864e-01	7.455740563884974414e-02	3.069918590407853115e-02	7.821069596534629964e-02
1.201702121071972442e+03	2.531216550602284898e-01	1.513156707289171066e-01	2.563594833836715381e-01	1.556272175614929199e-01	7.459273245112306439e-02	3.071983085500835237e-02	7.826340995952595081e-02
1.203153452136069063e+03	2.529149558742373460e-01	1.511898356350741546e-01	2.564988664745502245e-01	1.557118593475059487e-01	7.462799897711747121e-02	3.074044948533367558e-02	7.831603420614854927e-02
1.204604783200165684e+03	2.527086137297782087e-01	1.510642179112919314e-01	2.566380024824363448e-01	1.557963498769534827e-01	7.466320531779278846e-02	3.076104182559892194e-02	7.836856885611574730e-02
1.206056114264262078e+03	2.525026280094048725e-01	1.509388171816428703e-01	2.567768918365446185e-01	1.558806894319967329e-01	7.469835157395253444e-02	3.078160790631835272e-02	7.842101406010751341e-02
1.207507445328358699e+03	2.522969980967403880e-01	1.508136330708506057e-01	2.569155349653469145e-01	1.559648782942271716e-01	7.473343784624422725e-02	3.080214775797609009e-02	7.847336996858217395e-02
1.208958776392455093e+03	2.520917233764753962e-01	1.506886652042887798e-01	2.570539322965732509e-01	1.560489167446680592e-01	7.476846423515959295e-02	3.082266141102616569e-02	7.852563673177645476e-02
1.210410107456551941e+03	2.518868032343659635e-01	1.505639132079799047e-01	2.571920842572132382e-01	1.561328050637756926e-01	7.480343084103484308e-02	3.084314889589255190e-02	7.857781449970549503e-02
1.211861438520648335e+03	2.516822370572321388e-01	1.504393767085943079e-01	2.573299912735174111e-01	1.562165435314408768e-01	7.483833776405088289e-02	3.086361024296920344e-02	7.862990342216293060e-02
1.213312769584745183e+03	2.514780242329556215e-01	1.503150553334488548e-01	2.574676537709984503e-01	1.563001324269903403e-01	7.487318510423354723e-02	3.088404548262008859e-02	7.868190364872085230e-02
1.214764100648841804e+03	2.512741641504783185e-01	1.501909487105060614e-01	2.576050721744323480e-01	1.563835720291880116e-01	7.490797296145386419e-02	3.090445464517922389e-02	7.873381532872991695e-02
1.216215431712937971e+03	2.510706561998003461e-01	1.500670564683727060e-01	2.577422469078599621e-01	1.564668626162364629e-01	7.494270143542824947e-02	3.092483776095071232e-02	7.878563861131934742e-02
1.217666762777034819e+03	2.508674997719780864e-01	1.499433782362988576e-01	2.578791783945879601e-01	1.565500044657782697e-01	7.497737062571879774e-02	3.094519486020877799e-02	7.883737364539702974e-02
1.219118093841131440e+03	2.506646942591225224e-01	1.498199136441767387e-01	2.580158670571903734e-01	1.566329978548973156e-01	7.501198063173350472e-02	3.096552597319780081e-02	7.888902057964955472e-02
1.220569424905228061e+03	2.504622390543973509e-01	1.496966623225396420e-01	2.581523133175095408e-01	1.567158430601202912e-01	7.504653155272644760e-02	3.098583113013235815e-02	7.894057956254221797e-02
1.222020755969324682e+03	2.502601335520170944e-01	1.495736239025607095e-01	2.582885175966577740e-01	1.567985403574178593e-01	7.508102348779804869e-02	3.100611036119724218e-02	7.899205074231914481e-02
1.223472087033421303e+03	2.500583771472453254e-01	1.494507980160518779e-01	2.584244803150183567e-01	1.568810900222061266e-01	7.511545653589535299e-02	3.102636369654750495e-02	7.904343426700333186e-02
1.224923418097517697e+03	2.498569692363928618e-01	1.493281842954628236e-01	2.585602018922468770e-01	1.569634923293479756e-01	7.514983079581218084e-02	3.104659116630850008e-02	7.909473028439671649e-02
1.226374749161614318e+03	2.496559092168158522e-01	1.492057823738797417e-01	2.586956827472724485e-01	1.570457475531543412e-01	7.518414636618940550e-02	3.106679280057590697e-02	7.914593894208021840e-02
1.227826080225710712e+03	2.494551964869141658e-01	1.490835918850243746e-01	2.588309232982989871e-01	1.571278559673856545e-01	7.521840334551516127e-02	3.108696862941575864e-02	7.919706038741379517e-02
1.229277411289807560e+03	2.492548304461292275e-01	1.489616124632527905e-01	2.589659239628065990e-01	1.572098178452531192e-01	7.525260183212506560e-02	3.110711868286449716e-02	7.924809476753660875e-02
1.230728742353903954e+03	2.490548104949426578e-01	1.488398437435542732e-01	2.591006851575525238e-01	1.572916334594199328e-01	7.528674192420249656e-02	3.112724299092898064e-02	7.929904222936702551e-02
1.232180073418000802e+03	2.488551360348740804e-01	1.487182853615503508e-01	2.592352072985728006e-01	1.573733030820027301e-01	7.532082371977873170e-02	3.114734158358653526e-02	7.934990291960267172e-02
1.233631404482097196e+03	2.486558064684794567e-01	1.485969369534935747e-01	2.593694908011832112e-01	1.574548269845729431e-01	7.535484731673322556e-02	3.116741449078497955e-02	7.940067698472058622e-02
1.235082735546193817e+03	2.484568211993493647e-01	1.484757981562664086e-01	2.595035360799804458e-01	1.575362054381579668e-01	7.538881281279384561e-02	3.118746174244265562e-02	7.945136457097726201e-02
1.236534066610290438e+03	2.482581796321071399e-01	1.483548686073802580e-01	2.596373435488437686e-01	1.576174387132425747e-01	7.542272030553705264e-02	3.120748336844847079e-02	7.950196582440874349e-02
1.237985397674387059e+03	2.480598811724069597e-01	1.482341479449743316e-01	2.597709136209359060e-01	1.576985270797701399e-01	7.545656989238816448e-02	3.122747939866192188e-02	7.955248089083069574e-02
1.239436728738483680e+03	2.478619252269322615e-01	1.481136358078143922e-01	2.599042467087042119e-01	1.577794708071440233e-01	7.549036167062152247e-02	3.124744986291312296e-02	7.960290991583852949e-02
1.240888059802580301e+03	2.476643112033938554e-01	1.479933318352919247e-01	2.600373432238823335e-01	1.578602701642287942e-01	7.552409573736075521e-02	3.126739479100285046e-02	7.965325304480751212e-02
1.242339390866676695e+03	2.474670385105281201e-01	1.478732356674228865e-01	2.601702035774911548e-01	1.579409254193515910e-01	7.555777218957898667e-02	3.128731421270257440e-02	7.970351042289278154e-02
1.243790721930773088e+03	2.472701065580951707e-01	1.477533469448465975e-01	2.603028281798400179e-01	1.580214368403033143e-01	7.559139112409904437e-02	3.130720815775447918e-02	7.975368219502952660e-02
1.245242052994869937e+03	2.470735147568772494e-01	1.476336653088247686e-01	2.604352174405279441e-01	1.581018046943399868e-01	7.562495263759368147e-02	3.132707665587148443e-02	7.980376850593305649e-02
1.246693384058966330e+03	2.468772625186768377e-01	1.475141904012403915e-01	2.605673717684450219e-01	1.581820292481839751e-01	7.565845682658579874e-02	3.134691973673731091e-02	7.985376950009889785e-02
1.248144715123063179e+03	2.466813492563148524e-01	1.473949218645965731e-01	2.606992915717734061e-01	1.582621107680253214e-01	7.569190378744863890e-02	3.136673743000648745e-02	7.990368532180296135e-02
1.249596046187159800e+03	2.464857743836289805e-01	1.472758593420155082e-01	2.608309772579889274e-01	1.583420495195229372e-01	7.572529361640603640e-02	3.138652976530438565e-02	7.995351611510154166e-02
1.251047377251256421e+03	2.462905373154717914e-01	1.471570024772374807e-01	2.609624292338618146e-01	1.584218457678059633e-01	7.575862640953259786e-02	3.140629677222724070e-02	8.000326202383151175e-02
1.252498708315352815e+03	2.460956374677090719e-01	1.470383509146196144e-01	2.610936479054583037e-01	1.585014997774749079e-01	7.579190226275392406e-02	3.142603848034220687e-02	8.005292319161043391e-02
1.253950039379449436e+03	2.459010742572180219e-01	1.469199042991350401e-01	2.612246336781415823e-01	1.585810118126029511e-01	7.582512127184683204e-02	3.144575491918736448e-02	8.010249976183664300e-02
1.255401370443546057e+03	2.457068471018855338e-01	1.468016622763716195e-01	2.613553869565733434e-01	1.586603821367373046e-01	7.585828353243953548e-02	3.146544611827176152e-02	8.015199187768938527e-02
1.256852701507642678e+03	2.455129554206063602e-01	1.466836244925309174e-01	2.614859081447146738e-01	1.587396110129002669e-01	7.589138914001190839e-02	3.148511210707544139e-02	8.020139968212895709e-02
1.258304032571739299e+03	2.453193986332814491e-01	1.465657905944272588e-01	2.616161976458273863e-01	1.588186987035905828e-01	7.592443818989565163e-02	3.150475291504947067e-02	8.025072331789676050e-02
1.259755363635835920e+03	2.451261761608161116e-01	1.464481602294864515e-01	2.617462558624753521e-01	1.588976454707846930e-01	7.595743077727448722e-02	3.152436857161596689e-02	8.029996292751551135e-02
1.261206694699932314e+03	2.449332874251184400e-01	1.463307330457449540e-01	2.618760831965254443e-01	1.589764515759379271e-01	7.599036699718443588e-02	3.154395910616813320e-02	8.034911865328929481e-02
1.262658025764028707e+03	2.447407318490973094e-01	1.462135086918486260e-01	2.620056800491488702e-01	1.590551172799856972e-01	7.602324694451395581e-02	3.156352454807029306e-02	8.039819063730375970e-02
1.264109356828125556e+03	2.445485088566609067e-01	1.460964868170518127e-01	2.621350468208226703e-01	1.591336428433448302e-01	7.605607071400416475e-02	3.158306492665789722e-02	8.044717902142621557e-02
1.265560687892221949e+03	2.443566178727147875e-01	1.459796670712161792e-01	2.622641839113304951e-01	1.592120285259147061e-01	7.608883840024907586e-02	3.160258027123758612e-02	8.049608394730575767e-02
1.267012018956318798e+03	2.441650583231602667e-01	1.458630491048096833e-01	2.623930917197637713e-01	1.592902745870784509e-01	7.612155009769575043e-02	3.162207061108718298e-02	8.054490555637343341e-02
1.268463350020415419e+03	2.439738296348926971e-01	1.457466325689055764e-01	2.625217706445233112e-01	1.593683812857042692e-01	7.615420590064457540e-02	3.164153597545574931e-02	8.059364398984235345e-02
1.269914681084511813e+03	2.437829312357995548e-01	1.456304171151812654e-01	2.626502210833203677e-01	1.594463488801465267e-01	7.618680590324938828e-02	3.166097639356359877e-02	8.064229938870783043e-02
1.271366012148608434e+03	2.435923625547590232e-01	1.455144023959173694e-01	2.627784434331775776e-01	1.595241776282470270e-01	7.621935019951774082e-02	3.168039189460233190e-02	8.069087189374754554e-02
1.272817343212705055e+03	2.434021230216379950e-01	1.453985880639965811e-01	2.629064380904302389e-01	1.596018677873362046e-01	7.625183888331106552e-02	3.169978250773486383e-02	8.073936164552165951e-02
1.274268674276801676e+03	2.432122120672905174e-01	1.452829737729026405e-01	2.630342054507277538e-01	1.596794196142343469e-01	7.628427204834489772e-02	3.171914826209545207e-02	8.078776878437300690e-02
1.275720005340898297e+03	2.430226291235560443e-01	1.451675591767193352e-01	2.631617459090346278e-01	1.597568333652527039e-01	7.631664978818905598e-02	3.173848918678972425e-02	8.083609345042719330e-02
1.277171336404994690e+03	2.428333736232576590e-01	1.450523439301293349e-01	2.632890598596316911e-01	1.598341092961947374e-01	7.634897219626785025e-02	3.175780531089469200e-02	8.088433578359277565e-02
1.278622667469091539e+03	2.426444450002004372e-01	1.449373276884133588e-01	2.634161476961170978e-01	1.599112476623573142e-01	7.638123936586030394e-02	3.177709666345882034e-02	8.093249592356138722e-02
1.280073998533187932e+03	2.424558426891697815e-01	1.448225101074489540e-01	2.635430098114079911e-01	1.599882487185318725e-01	7.641345139010033427e-02	3.179636327350199299e-02	8.098057400980790410e-02
1.281525329597284326e+03	2.422675661259295621e-01	1.447078908437094968e-01	2.636696465977410586e-01	1.600651127190055867e-01	7.644560836197693277e-02	3.181560517001560257e-02	8.102857018159061175e-02
1.282976660661381175e+03	2.420796147472205617e-01	1.445934695542632487e-01	2.637960584466742531e-01	1.601418399175626173e-01	7.647771037433440111e-02	3.183482238196252978e-02	8.107648457795137154e-02
1.284427991725477568e+03	2.418919879907587278e-01	1.444792458967721904e-01	2.639222457490875140e-01	1.602184305674851372e-01	7.650975751987251772e-02	3.185401493827718505e-02	8.112431733771573172e-02
1.285879322789574417e+03	2.417046852952335068e-01	1.443652195294911345e-01	2.640482088951842665e-01	1.602948849215546923e-01	7.654174989114674588e-02	3.187318286786556404e-02	8.117206859949312181e-02
1.287330653853671038e+03	2.415177061003060954e-01	1.442513901112665031e-01	2.641739482744925871e-01	1.603712032320531167e-01	7.657368758056844193e-02	3.189232619960523374e-02	8.121973850167700515e-02
1.288781984917767431e+03	2.413310498466078591e-01	1.441377573015355240e-01	2.642994642758662027e-01	1.604473857507639767e-01	7.660557068040503570e-02	3.191144496234538108e-02	8.126732718244504550e-02
1.290233315981864052e+03	2.411447159757385272e-01	1.440243207603250919e-01	2.644247572874856567e-01	1.605234327289735141e-01	7.663739928278023861e-02	3.193053918490682680e-02	8.131483477975928742e-02
