1.301360187473271253e+03	2.353899520380710875e-01	1.507542145650899723e-01	2.588932624447561892e-01	1.615668321032092958e-01	7.604609347471512348e-02	3.364740645339173164e-02	8.370223892040828950e-02
1.306197957686926657e+03	2.348097304301532962e-01	1.503441265576414276e-01	2.592477260730451927e-01	1.618207659296208301e-01	7.615428780705195411e-02	3.373485776705484329e-02	8.388850543507399282e-02
1.311035727900581833e+03	2.342328679188628582e-01	1.499363278822215539e-01	2.596003459512114531e-01	1.620731036010466808e-01	7.626190492275923549e-02	3.382178271363662364e-02	8.407366700990315245e-02
1.315873498114237009e+03	2.336593424114831175e-01	1.495308080350971902e-01	2.599511303644489457e-01	1.623238570726314722e-01	7.636894767099917936e-02	3.390818483354135493e-02	8.425772961144024908e-02
1.320711268327892412e+03	2.330891321006262618e-01	1.491275564339517024e-01	2.603000875807011116e-01	1.625730381805914337e-01	7.647541888961931211e-02	3.399406760939986671e-02	8.444069920475176516e-02
1.325549038541547588e+03	2.325222154539819674e-01	1.487265624258482521e-01	2.606472258505753703e-01	1.628206586439151227e-01	7.658132140524794018e-02	3.407943446923344943e-02	8.462258175083930967e-02
1.330386808755202765e+03	2.319585712045905690e-01	1.483278152947402895e-01	2.609925534072440323e-01	1.630667300660277319e-01	7.668665803338252374e-02	3.416428878938279623e-02	8.480338320427342758e-02
1.335224578968857941e+03	2.313981783416118876e-01	1.479313042685536650e-01	2.613360784663339986e-01	1.633112639364196761e-01	7.679143157847155565e-02	3.424863389721997942e-02	8.498310951103055233e-02
1.340062349182513572e+03	2.308410161015637951e-01	1.475370185258642886e-01	2.616778092258049693e-01	1.635542716322407053e-01	7.689564483399027872e-02	3.433247307366035783e-02	8.516176660651686436e-02
1.344900119396168748e+03	2.302870639600048397e-01	1.471449472021923444e-01	2.620177538658188254e-01	1.637957644198607676e-01	7.699930058251060194e-02	3.441580955548965287e-02	8.533936041376419257e-02
1.349737889609823924e+03	2.297363016236376454e-01	1.467550793959351840e-01	2.623559205485993528e-01	1.640357534563985642e-01	7.710240159576582653e-02	3.449864653752041793e-02	8.551589684178420581e-02
1.354575659823479100e+03	2.291887090228103829e-01	1.463674041739572995e-01	2.626923174182849707e-01	1.642742497912189070e-01	7.720495063471027875e-02	3.458098717459113375e-02	8.569138178406819628e-02
1.359413430037134731e+03	2.286442663043950219e-01	1.459819105768571379e-01	2.630269526007740222e-01	1.645112643673997399e-01	7.730695044957439088e-02	3.466283458341982288e-02	8.586582111722092236e-02
1.364251200250789907e+03	2.281029538250222144e-01	1.455985876239278276e-01	2.633598342035643469e-01	1.647468080231698773e-01	7.740840377991549393e-02	3.474419184432350760e-02	8.603922069971776942e-02
1.369088970464445310e+03	2.275647521446539090e-01	1.452174243178285806e-01	2.636909703155869145e-01	1.649808914933181547e-01	7.750931335466457184e-02	3.482506200281364900e-02	8.621158637077525055e-02
1.373926740678100487e+03	2.270296420204752086e-01	1.448384096489825079e-01	2.640203690070355158e-01	1.652135254105752682e-01	7.760968189216936597e-02	3.490544807107714281e-02	8.638292394932596541e-02
1.378764510891755890e+03	2.264976044010891254e-01	1.444615325997163358e-01	2.643480383291919034e-01	1.654447203069684402e-01	7.770951210023407940e-02	3.498535302935164293e-02	8.655323923308944067e-02
1.383602281105411066e+03	2.259686204209973848e-01	1.440867821481551236e-01	2.646739863142477667e-01	1.656744866151504125e-01	7.780880667615586166e-02	3.506477982720311581e-02	8.672253799773130267e-02
1.388440051319066470e+03	2.254426713953523731e-01	1.437141472718861668e-01	2.649982209751239881e-01	1.659028346697030143e-01	7.790756830675843458e-02	3.514373138471332814e-02	8.689082599610370439e-02
1.393277821532721646e+03	2.249197388149653809e-01	1.433436169514047120e-01	2.653207503052874006e-01	1.661297747084161947e-01	7.800579966842298429e-02	3.522221059358393580e-02	8.705810895756033174e-02
1.398115591746377049e+03	2.243998043415582622e-01	1.429751801733527561e-01	2.656415822785661573e-01	1.663553168735433241e-01	7.810350342711659677e-02	3.530022031816357209e-02	8.722439258734013268e-02
1.402953361960032225e+03	2.238828498032443270e-01	1.426088259335631658e-01	2.659607248489635478e-01	1.665794712130333199e-01	7.820068223841843136e-02	3.537776339640384682e-02	8.738968256601416240e-02
1.407791132173687402e+03	2.233688571902274767e-01	1.422445432399188359e-01	2.662781859504705362e-01	1.668022476817401512e-01	7.829733874754378486e-02	3.545484264074958564e-02	8.755398454899046556e-02
1.412628902387342805e+03	2.228578086507068678e-01	1.418823211150378460e-01	2.665939734968789110e-01	1.670236561426103328e-01	7.839347558936618499e-02	3.553146083896828455e-02	8.771730416607238789e-02
1.417466672600997981e+03	2.223496864869770329e-01	1.415221485987936401e-01	2.669080953815934354e-01	1.672437063678493818e-01	7.848909538843794331e-02	3.560762075492347051e-02	8.787964702106582093e-02
1.422304442814653157e+03	2.218444731517125179e-01	1.411640147506796339e-01	2.672205594774447190e-01	1.674624080400673176e-01	7.858420075900889035e-02	3.568332512929606876e-02	8.804101869143157733e-02
1.427142213028308333e+03	2.213421512444272710e-01	1.408079086520263867e-01	2.675313736365023676e-01	1.676797707534038728e-01	7.867879430504380600e-02	3.575857668025784336e-02	8.820142472797917743e-02
1.431979983241963964e+03	2.208427035080997580e-01	1.404538194080799385e-01	2.678405456898892423e-01	1.678958040146341368e-01	7.877287862023850395e-02	3.583337810410040097e-02	8.836087065459871659e-02
1.436817753455619140e+03	2.203461128259545931e-01	1.401017361499485026e-01	2.681480834475970521e-01	1.681105172442549367e-01	7.886645628803473640e-02	3.590773207582319965e-02	8.851936196802757950e-02
1.441655523669274316e+03	2.198523622183928272e-01	1.397516480364250635e-01	2.684539946983030001e-01	1.683239197775526497e-01	7.895952988163408570e-02	3.598164124968353944e-02	8.867690413764936497e-02
1.446493293882929493e+03	2.193614348400625969e-01	1.394035442556925131e-01	2.687582872091882069e-01	1.685360208656525305e-01	7.905210196401091238e-02	3.605510825971149080e-02	8.883350260532221765e-02
1.451331064096585123e+03	2.188733139770628888e-01	1.390574140269180692e-01	2.690609687257580762e-01	1.687468296765504416e-01	7.914417508792442879e-02	3.612813572019227953e-02	8.898916278523420764e-02
1.456168834310240300e+03	2.183879830442733150e-01	1.387132466017426957e-01	2.693620469716649923e-01	1.689563552961271531e-01	7.923575179593003726e-02	3.620072622611865409e-02	8.914389006378355129e-02
1.461006604523895703e+03	2.179054255828033471e-01	1.383710312656717123e-01	2.696615296485324054e-01	1.691646067291457667e-01	7.932683462039008537e-02	3.627288235361538632e-02	8.929768979948163321e-02
1.465844374737550879e+03	2.174256252575543502e-01	1.380307573393718401e-01	2.699594244357826356e-01	1.693715929002325149e-01	7.941742608348398291e-02	3.634460666033803578e-02	8.945056732287692824e-02
1.470682144951206283e+03	2.169485658548890028e-01	1.376924141798799850e-01	2.702557389904660656e-01	1.695773226548414614e-01	7.950752869721795790e-02	3.641590168584784432e-02	8.960252793649797765e-02
1.475519915164861459e+03	2.164742312804018021e-01	1.373559911817284485e-01	2.705504809470936078e-01	1.697818047602034919e-01	7.959714496343422985e-02	3.648676995196457884e-02	8.975357691481411493e-02
1.480357685378516862e+03	2.160026055567856873e-01	1.370214777779915349e-01	2.708436579174721137e-01	1.699850479062599007e-01	7.968627737382005805e-02	3.655721396309887655e-02	8.990371950421210956e-02
1.485195455592172038e+03	2.155336728217900344e-01	1.366888634412574965e-01	2.711352774905423368e-01	1.701870607065807117e-01	7.977492840991635970e-02	3.662723620656566786e-02	9.005296092298763211e-02
1.490033225805827215e+03	2.150674173262643318e-01	1.363581376845304782e-01	2.714253472322202265e-01	1.703878516992686498e-01	7.986310054312620310e-02	3.669683915288004389e-02	9.020130636135020863e-02
1.494870996019482618e+03	2.146038234322837635e-01	1.360292900620658774e-01	2.717138746852415521e-01	1.705874293478484294e-01	7.995079623472310659e-02	3.676602525603682448e-02	9.034876098144054013e-02
1.499708766233137567e+03	2.141428756113522569e-01	1.357023101701431145e-01	2.720008673690089696e-01	1.707858020421421374e-01	8.003801793585933744e-02	3.683479695377506885e-02	9.049532991735910470e-02
1.504546536446793198e+03	2.136845584426788069e-01	1.353771876477792846e-01	2.722863327794434185e-01	1.709829780991308501e-01	8.012476808757396096e-02	3.690315666782855580e-02	9.064101827520501531e-02
1.509384306660448374e+03	2.132288566115233264e-01	1.350539121773868534e-01	2.725702783888381275e-01	1.711789657638027040e-01	8.021104912080109783e-02	3.697110680416334366e-02	9.078583113312443942e-02
1.514222076874103550e+03	2.127757549076082222e-01	1.347324734853786454e-01	2.728527116457162283e-01	1.713737732099878952e-01	8.029686345637809808e-02	3.703864975320322883e-02	9.092977354136753954e-02
1.519059847087758726e+03	2.123252382235926439e-01	1.344128613427233998e-01	2.731336399746920329e-01	1.715674085411806882e-01	8.038221350505377061e-02	3.710578789004408129e-02	9.107285052235328249e-02
1.523897617301414357e+03	2.118772915536057955e-01	1.340950655654536694e-01	2.734130707763354762e-01	1.717598797913488795e-01	8.046710166749682092e-02	3.717252357465778562e-02	9.121506707074145126e-02
1.528735387515069533e+03	2.114318999918362862e-01	1.337790760151301717e-01	2.736910114270404981e-01	1.719511949257309380e-01	8.055153033430428877e-02	3.723885915208654390e-02	9.135642815351112389e-02
1.533573157728724709e+03	2.109890487311748553e-01	1.334648825992638121e-01	2.739674692788963695e-01	1.721413618416209879e-01	8.063550188601036062e-02	3.730479695262825524e-02	9.149693871004510592e-02
1.538410927942380113e+03	2.105487230619074723e-01	1.331524752716984061e-01	2.742424516595634576e-01	1.723303883691418847e-01	8.071901869309509869e-02	3.737033929201356158e-02	9.163660365221974746e-02
1.543248698156035516e+03	2.101109083704563452e-01	1.328418440329562633e-01	2.745159658721517126e-01	1.725182822720068010e-01	8.080208311599365589e-02	3.743548847157517068e-02	9.177542786449970069e-02
1.548086468369690692e+03	2.096755901381660292e-01	1.325329789305485229e-01	2.747880191951032058e-01	1.727050512482693201e-01	8.088469750510558776e-02	3.750024677840996939e-02	9.191341620403703505e-02
1.552924238583346096e+03	2.092427539401330583e-01	1.322258700592525704e-01	2.750586188820782763e-01	1.728907029310623455e-01	8.096686420080442814e-02	3.756461648553450355e-02	9.205057350077439082e-02
1.557762008797001272e+03	2.088123854440760985e-01	1.319205075613581746e-01	2.753277721618453411e-01	1.730752448893263240e-01	8.104858553344763961e-02	3.762859985203419882e-02	9.218690455755178259e-02
1.562599779010656675e+03	2.083844704092449318e-01	1.316168816268841468e-01	2.755954862381738146e-01	1.732586846285263660e-01	8.112986382338679969e-02	3.769219912320675991e-02	9.232241415021667785e-02
1.567437549224311852e+03	2.079589946853663829e-01	1.313149824937671906e-01	2.758617682897314682e-01	1.734410295913591527e-01	8.121070138097803703e-02	3.775541653070024761e-02	9.245710702773696221e-02
1.572275319437967255e+03	2.075359442116248843e-01	1.310148004480249373e-01	2.761266254699845102e-01	1.736222871584494343e-01	8.129110050659296705e-02	3.781825429264605576e-02	9.259098791231659686e-02
1.577113089651622431e+03	2.071153050156763764e-01	1.307163258238940862e-01	2.763900649071017734e-01	1.738024646490363423e-01	8.137106349062980803e-02	3.788071461378721833e-02	9.272406149951366305e-02
1.581950859865277607e+03	2.066970632126937657e-01	1.304195490039454230e-01	2.766520937038624561e-01	1.739815693216498760e-01	8.145059261352492752e-02	3.794279968560238664e-02	9.285633245836039107e-02
1.586788630078933011e+03	2.062812050044421364e-01	1.301244604191769683e-01	2.769127189375669706e-01	1.741596083747775636e-01	8.152969014576473550e-02	3.800451168642563632e-02	9.298780543148525701e-02
1.591626400292587959e+03	2.058677166783822454e-01	1.298310505490866129e-01	2.771719476599517895e-01	1.743365889475215758e-01	8.160835834789791077e-02	3.806585278156252722e-02	9.311848503523653675e-02
1.596464170506243590e+03	2.054565846068014401e-01	1.295393099217253818e-01	2.774297868971076220e-01	1.745125181202465958e-01	8.168659947054807136e-02	3.812682512340257596e-02	9.324837585980749743e-02
1.601301940719898766e+03	2.050477952459697217e-01	1.292492291137323779e-01	2.776862436494008102e-01	1.746874029152183094e-01	8.176441575442676413e-02	3.818743085152841166e-02	9.337748246936276864e-02
1.606139710933553943e+03	2.046413351353204568e-01	1.289607987503527120e-01	2.779413248913985557e-01	1.748612502972329008e-01	8.184180943034688460e-02	3.824767209282176061e-02	9.350580940216586534e-02
1.610977481147209119e+03	2.042371908966543192e-01	1.286740095054393351e-01	2.781950375717971435e-01	1.750340671742375842e-01	8.191878271923642985e-02	3.830755096156659295e-02	9.363336117070764075e-02
1.615815251360864750e+03	2.038353492333649097e-01	1.283888521014394379e-01	2.784473886133539966e-01	1.752058603979427254e-01	8.199533783215273708e-02	3.836706955954946596e-02	9.376014226183565503e-02
1.620653021574519926e+03	2.034357969296858859e-01	1.281053173093669451e-01	2.786983849128226165e-01	1.753766367644250257e-01	8.207147697029698596e-02	3.842622997615732783e-02	9.388615713688409914e-02
1.625490791788175102e+03	2.030385208499574101e-01	1.278233959487612981e-01	2.789480333408911328e-01	1.755464030147224908e-01	8.214720232502926989e-02	3.848503428847292740e-02	9.401141023180438483e-02
1.630328562001830505e+03	2.026435079379121096e-01	1.275430788876339150e-01	2.791963407421237942e-01	1.757151658354210721e-01	8.222251607788388927e-02	3.854348456136792028e-02	9.413590595729623423e-02
1.635166332215485909e+03	2.022507452159788000e-01	1.272643570424027148e-01	2.794433139349060125e-01	1.758829318592332325e-01	8.229742040058515840e-02	3.860158284759390712e-02	9.425964869893903308e-02
1.640004102429141085e+03	2.018602197846035284e-01	1.269872213778155401e-01	2.796889597113926818e-01	1.760497076655685444e-01	8.237191745506358687e-02	3.865933118787144573e-02	9.438264281732351713e-02
1.644841872642796488e+03	2.014719188215869372e-01	1.267116629068632261e-01	2.799332848374589955e-01	1.762154997810963519e-01	8.244600939347240809e-02	3.871673161097718280e-02	9.450489264818366653e-02
1.649679642856451665e+03	2.010858295814373087e-01	1.264376726906828730e-01	2.801762960526552049e-01	1.763803146803008537e-01	8.251969835820456567e-02	3.877378613382920225e-02	9.462640250252873919e-02
1.654517413070107068e+03	2.007019393947384878e-01	1.261652418384520691e-01	2.804180000701636533e-01	1.765441587860284711e-01	8.259298648191008840e-02	3.883049676157072916e-02	9.474717666677523464e-02
1.659355183283762244e+03	2.003202356675319040e-01	1.258943615072743438e-01	2.806584035767595853e-01	1.767070384700278884e-01	8.266587588751381221e-02	3.888686548765224460e-02	9.486721940287896893e-02
1.664192953497417420e+03	1.999407058807121940e-01	1.256250229020568765e-01	2.808975132327742319e-01	1.768689600534827655e-01	8.273836868823351842e-02	3.894289429391210866e-02	9.498653494846699685e-02
1.669030723711072824e+03	1.995633375894358130e-01	1.253572172753805447e-01	2.811353356720614483e-01	1.770299298075372063e-01	8.281046698759841895e-02	3.899858515065578873e-02	9.510512751696943712e-02
1.673868493924728000e+03	1.991881184225417767e-01	1.250909359273629784e-01	2.813718775019667939e-01	1.771899539538141222e-01	8.288217287946814116e-02	3.905394001673370002e-02	9.522300129775114474e-02
1.678706264138383403e+03	1.988150360819843643e-01	1.248261702055150774e-01	2.816071453032996663e-01	1.773490386649266837e-01	8.295348844805193467e-02	3.910896083961787340e-02	9.534016045624305047e-02
1.683544034352038352e+03	1.984440783422768972e-01	1.245629115045914365e-01	2.818411456303081541e-01	1.775071900649830281e-01	8.302441576792837785e-02	3.916364955547734644e-02	9.545660913407337522e-02
1.688381804565693983e+03	1.980752330499463976e-01	1.243011512664350671e-01	2.820738850106568330e-01	1.776644142300840556e-01	8.309495690406529245e-02	3.921800808925245130e-02	9.557235144919845604e-02
1.693219574779349159e+03	1.977084881229985158e-01	1.240408809798167061e-01	2.823053699454071142e-01	1.778207171888146476e-01	8.316511391184029656e-02	3.927203835472799914e-02	9.568739149603325278e-02
1.698057344993004335e+03	1.973438315503920903e-01	1.237820921802693930e-01	2.825356069090001476e-01	1.779761049227285563e-01	8.323488883706139929e-02	3.932574225460547246e-02	9.580173334558148013e-02
1.702895115206659511e+03	1.969812513915233099e-01	1.235247764499182027e-01	2.827646023492426663e-01	1.781305833668265781e-01	8.330428371598817827e-02	3.937912168057416951e-02	9.591538104556540656e-02
1.707732885420315142e+03	1.966207357757188134e-01	1.232689254173058718e-01	2.829923626872952180e-01	1.782841584100287313e-01	8.337330057535322081e-02	3.943217851338150226e-02	9.602833862055511205e-02
1.712570655633970318e+03	1.962622729017373113e-01	1.230145307572144686e-01	2.832188943176630613e-01	1.784368358956400502e-01	8.344194143238384265e-02	3.948491462290230902e-02	9.614061007209742660e-02
1.717408425847625494e+03	1.959058510372796158e-01	1.227615841904831917e-01	2.834442036081891714e-01	1.785886216218103284e-01	8.351020829482437569e-02	3.953733186820736212e-02	9.625219937884431365e-02
1.722246196061280898e+03	1.955514585185064436e-01	1.225100774838230600e-01	2.836682969000505761e-01	1.787395213419879225e-01	8.357810316095845571e-02	3.958943209763106374e-02	9.636311049668079554e-02
1.727083966274936301e+03	1.951990837495639619e-01	1.222600024496282439e-01	2.838911805077558581e-01	1.788895407653674219e-01	8.364562801963192074e-02	3.964121714883834385e-02	9.647334735885246260e-02
1.731921736488591478e+03	1.948487152021164681e-01	1.220113509457846773e-01	2.841128607191461541e-01	1.790386855573318781e-01	8.371278485027588978e-02	3.969268884889077392e-02	9.658291387609228840e-02
1.736759506702246881e+03	1.945003414148860632e-01	1.217641148754758373e-01	2.843333437953979859e-01	1.791869613398889283e-01	8.377957562293017468e-02	3.974384901431202155e-02	9.669181393674709801e-02
1.741597276915902057e+03	1.941539509931991814e-01	1.215182861869862074e-01	2.845526359710281450e-01	1.793343736921015896e-01	8.384600229826705275e-02	3.979469945115254176e-02	9.680005140690335630e-02
1.746435047129557461e+03	1.938095326085394476e-01	1.212738568735024919e-01	2.847707434539013538e-01	1.794809281505133913e-01	8.391206682761521984e-02	3.984524195505368543e-02	9.690763013051247043e-02
1.751272817343212637e+03	1.934670749981069193e-01	1.210308189729127487e-01	2.849876724252396465e-01	1.796266302095679557e-01	8.397777115298424300e-02	3.989547831131105837e-02	9.701455392951552348e-02
1.756110587556867813e+03	1.931265669643829341e-01	1.207891645676037323e-01	2.852034290396341931e-01	1.797714853220234166e-01	8.404311720708905475e-02	3.994541029493734602e-02	9.712082660396741118e-02
1.760948357770523216e+03	1.927879973747012032e-01	1.205488857842565431e-01	2.854180194250591773e-01	1.799154988993613147e-01	8.410810691337496092e-02	3.999503967072449984e-02	9.722645193216042370e-02
1.765786127984178393e+03	1.924513551608240391e-01	1.203099747936406672e-01	2.856314496828875615e-01	1.800586763121904965e-01	8.417274218604277325e-02	4.004436819330534775e-02	9.733143367074720276e-02
1.770623898197833569e+03	1.921166293185241347e-01	1.200724238104067948e-01	2.858437258879092391e-01	1.802010228906457956e-01	8.423702493007427516e-02	4.009339760721460783e-02	9.743577555486317154e-02
1.775461668411488745e+03	1.917838089071714491e-01	1.198362250928783207e-01	2.860548540883508517e-01	1.803425439247817175e-01	8.430095704125792344e-02	4.014212964694944402e-02	9.753948129824825675e-02
1.780299438625144376e+03	1.914528830493250344e-01	1.196013709428418170e-01	2.862648403058976054e-01	1.804832446649610178e-01	8.436454040621486905e-02	4.019056603702941821e-02	9.764255459336813880e-02
1.785137208838799552e+03	1.911238409303297747e-01	1.193678537053365907e-01	2.864736905357171404e-01	1.806231303222385065e-01	8.442777690242515842e-02	4.023870849205592876e-02	9.774499911153479437e-02
1.789974979052454728e+03	1.907966717979175109e-01	1.191356657684432829e-01	2.866814107464851213e-01	1.807622060687400778e-01	8.449066839825421227e-02	4.028655871677119804e-02	9.784681850302645589e-02
1.794812749266109904e+03	1.904713649618129667e-01	1.189047995630718862e-01	2.868880068804127159e-01	1.809004770380369664e-01	8.455321675297952644e-02	4.033411840611674654e-02	9.794801639720693287e-02
1.799650519479765535e+03	1.901479097933438389e-01	1.186752475627491227e-01	2.870934848532761263e-01	1.810379483255151745e-01	8.461542381681766423e-02	4.038138924529137419e-02	9.804859640264444731e-02
1.804488289693420711e+03	1.898262957250551330e-01	1.184470022834052394e-01	2.872978505544470651e-01	1.811746249887404570e-01	8.467729143095140132e-02	4.042837290980873938e-02	9.814856210722960883e-02
1.809326059907075887e+03	1.895065122503273858e-01	1.182200562831606100e-01	2.875011098469261173e-01	1.813105120478188670e-01	8.473882142755714830e-02	4.047507106555443823e-02	9.824791707829302889e-02
1.814163830120731291e+03	1.891885489229992723e-01	1.179944021621116834e-01	2.877032685673767132e-01	1.814456144857525544e-01	8.480001562983258134e-02	4.052148536884263297e-02	9.834666486272217178e-02
1.819001600334386467e+03	1.888723953569935443e-01	1.177700325621170302e-01	2.879043325261613773e-01	1.815799372487914010e-01	8.486087585202437000e-02	4.056761746647230549e-02	9.844480898707753946e-02
1.823839370548041643e+03	1.885580412259470484e-01	1.175469401665830693e-01	2.881043075073793092e-01	1.817134852467802431e-01	8.492140389945633527e-02	4.061346899578306691e-02	9.854235295770838454e-02
1.828677140761696819e+03	1.882454762628441303e-01	1.173251177002497536e-01	2.883031992689059075e-01	1.818462633535018191e-01	8.498160156855759373e-02	4.065904158471052993e-02	9.863930026086768776e-02
1.833514910975352450e+03	1.879346902596536195e-01	1.171045579289762412e-01	2.885010135424330158e-01	1.819782764070155545e-01	8.504147064689097923e-02	4.070433685184132039e-02	9.873565436282660812e-02
1.838352681189008081e+03	1.876256730669692840e-01	1.168852536595266223e-01	2.886977560335117210e-01	1.821095292099921548e-01	8.510101291318172834e-02	4.074935640646766555e-02	9.883141870998814194e-02
1.843190451402663257e+03	1.873184145936534761e-01	1.166671977393558129e-01	2.888934324215957083e-01	1.822400265300441746e-01	8.516023013734611014e-02	4.079410184864160765e-02	9.892659672900039336e-02
1.848028221616318433e+03	1.870129048064840538e-01	1.164503830563956011e-01	2.890880483600867246e-01	1.823697731000525069e-01	8.521912408052051413e-02	4.083857476922884977e-02	9.902119182686905385e-02
1.852865991829973609e+03	1.867091337298045772e-01	1.162348025388409145e-01	2.892816094763807078e-01	1.824987736184890408e-01	8.527769649509051031e-02	4.088277674996217137e-02	9.911520739106934041e-02
1.857703762043628785e+03	1.864070914451772532e-01	1.160204491549364503e-01	2.894741213719163597e-01	1.826270327497351298e-01	8.533594912472017291e-02	4.092670936349458027e-02	9.920864678965730932e-02
1.862541532257283961e+03	1.861067680910392375e-01	1.158073159127635254e-01	2.896655896222238291e-01	1.827545551243965893e-01	8.539388370438147358e-02	4.097037417345199967e-02	9.930151337138051759e-02
1.867379302470939592e+03	1.858081538623616025e-01	1.155953958600274417e-01	2.898560197769757263e-01	1.828813453396146704e-01	8.545150196038393819e-02	4.101377273448567062e-02	9.939381046578811552e-02
1.872217072684594768e+03	1.855112390103113018e-01	1.153846820838451831e-01	2.900454173600383601e-01	1.830074079593733694e-01	8.550880561040433148e-02	4.105690659232414524e-02	9.948554138334037011e-02
1.877054842898249490e+03	1.852160138419157165e-01	1.151751677105336269e-01	2.902337878695256390e-01	1.831327475148030182e-01	8.556579636351657747e-02	4.109977728382500223e-02	9.957670941551743926e-02
1.881892613111905121e+03	1.849224687197301986e-01	1.149668459053982406e-01	2.904211367778525288e-01	1.832573685044803502e-01	8.562247592022176335e-02	4.114238633702619469e-02	9.966731783492771557e-02
1.886730383325560297e+03	1.846305940615080021e-01	1.147597098725223752e-01	2.906074695317910073e-01	1.833812753947248464e-01	8.567884597247828193e-02	4.118473527119700939e-02	9.975736989541537925e-02
1.891568153539215928e+03	1.843403803398730445e-01	1.145537528545570310e-01	2.907927915525266305e-01	1.835044726198916953e-01	8.573490820373212695e-02	4.122682559688882475e-02	9.984686883216754849e-02
1.896405923752871104e+03	1.840518180819950556e-01	1.143489681325113028e-01	2.909771082357159866e-01	1.836269645826612007e-01	8.579066428894724372e-02	4.126865881598539704e-02	9.993581786182068050e-02
1.901243693966526507e+03	1.837648978692673074e-01	1.141453490255434355e-01	2.911604249515457044e-01	1.837487556543248579e-01	8.584611589463607417e-02	4.131023642175291749e-02	1.000242201825664451e-01
1.906081464180181683e+03	1.834796103369867870e-01	1.139428888907525472e-01	2.913427470447925161e-01	1.838698501750679337e-01	8.590126467889017126e-02	4.135155989888972261e-02	1.001120789742569739e-01
1.910919234393836859e+03	1.831959461740367279e-01	1.137415811229710860e-01	2.915240798348837648e-01	1.839902524542487428e-01	8.595611229141091048e-02	4.139263072357571294e-02	1.001993973985095543e-01
1.915757004607492036e+03	1.829138961225715565e-01	1.135414191545578572e-01	2.917044286159596322e-01	1.841099667706749543e-01	8.601066037354032634e-02	4.143345036352143879e-02	1.002861785988106991e-01
1.920594774821147894e+03	1.826334509777040593e-01	1.133423964551918961e-01	2.918837986569358667e-01	1.842289973728761243e-01	8.606491055829204595e-02	4.147402027801687374e-02	1.003724257006196052e-01
1.925432545034802843e+03	1.823546015871948811e-01	1.131445065316671189e-01	2.920621952015677314e-01	1.843473484793734241e-01	8.611886447038226422e-02	4.151434191797988976e-02	1.004581418114711411e-01
1.930270315248458019e+03	1.820773388511444102e-01	1.129477429276876110e-01	2.922396234685146199e-01	1.844650242789463435e-01	8.617252372626084400e-02	4.155441672600446862e-02	1.005433300210781117e-01
1.935108085462113195e+03	1.818016537216864958e-01	1.127520992236638320e-01	2.924160886514060032e-01	1.845820289308958417e-01	8.622588993414255498e-02	4.159424613640856638e-02	1.006279934014330524e-01
1.939945855675768371e+03	1.815275372026846357e-01	1.125575690365095277e-01	2.925915959189078763e-01	1.846983665653049167e-01	8.627896469403825708e-02	4.163383157528172118e-02	1.007121350069093701e-01
1.944783625889424002e+03	1.812549803494301615e-01	1.123641460194395730e-01	2.927661504147900384e-01	1.848140412832958435e-01	8.633174959778626423e-02	4.167317446053233482e-02	1.007957578743620269e-01
1.949621396103079178e+03	1.809839742683425901e-01	1.121718238617685076e-01	2.929397572579945375e-01	1.849290571572846931e-01	8.638424622908374984e-02	4.171227620193469765e-02	1.008788650232274875e-01
1.954459166316734354e+03	1.807145101166718615e-01	1.119805962887099743e-01	2.931124215427043933e-01	1.850434182312327702e-01	8.643645616351822158e-02	4.175113820117574287e-02	1.009614594556232231e-01
1.959296936530389530e+03	1.804465791022027976e-01	1.117904570611771287e-01	2.932841483384139858e-01	1.851571285208951367e-01	8.648838096859903790e-02	4.178976185190144688e-02	1.010435441564466325e-01
1.964134706744044706e+03	1.801801724829614759e-01	1.116013999755836594e-01	2.934549426899990543e-01	1.852701920140665814e-01	8.654002220378895216e-02	4.182814853976302150e-02	1.011251220934733935e-01
1.968972476957700337e+03	1.799152815669234906e-01	1.114134188636460021e-01	2.936248096177882516e-01	1.853826126708244260e-01	8.659138142053585119e-02	4.186629964246280783e-02	1.012061962174551910e-01
1.973810247171355968e+03	1.796518977117244342e-01	1.112265075921860941e-01	2.937937541176354195e-01	1.854943944237688325e-01	8.664246016230431335e-02	4.190421652979988559e-02	1.012867694622170134e-01
1.978648017385010689e+03	1.793900123243718503e-01	1.110406600629353646e-01	2.939617811609917530e-01	1.856055411782602249e-01	8.669325996460744421e-02	4.194190056371541186e-02	1.013668447447538118e-01
1.983485787598666320e+03	1.791296168609595452e-01	1.108558702123393497e-01	2.941288956949797972e-01	1.857160568126541844e-01	8.674378235503857337e-02	4.197935309833768919e-02	1.014464249653266592e-01
1.988323557812321269e+03	1.788707028263834264e-01	1.106721320113633750e-01	2.942951026424669991e-01	1.858259451785335692e-01	8.679402885330314565e-02	4.201657548002699083e-02	1.015255130075582574e-01
1.993161328025976900e+03	1.786132617740593120e-01	1.104894394652991274e-01	2.944604069021406478e-01	1.859352101009380254e-01	8.684400097125045959e-02	4.205356904742008767e-02	1.016041117385280690e-01
1.997999098239632076e+03	1.783572853056425989e-01	1.103077866135720453e-01	2.946248133485831477e-01	1.860438553785911109e-01	8.689370021290561408e-02	4.209033513147449751e-02	1.016822240088667562e-01
2.002836868453287707e+03	1.781027650707496524e-01	1.101271675295498048e-01	2.947883268323476247e-01	1.861518847841245605e-01	8.694312807450142733e-02	4.212687505551254014e-02	1.017598526528501746e-01
2.007674638666942428e+03	1.778496927666809446e-01	1.099475763203515699e-01	2.949509521800346978e-01	1.862593020643004416e-01	8.699228604451025859e-02	4.216319013526507314e-02	1.018370004884928126e-01
2.012512408880597604e+03	1.775980601381461077e-01	1.097690071266582412e-01	2.951126941943692517e-01	1.863661109402304228e-01	8.704117560367607975e-02	4.219928167891498494e-02	1.019136703176406478e-01
2.017350179094252780e+03	1.773478589769906244e-01	1.095914541225237182e-01	2.952735576542780960e-01	1.864723151075929897e-01	8.708979822504635260e-02	4.223515098714043792e-02	1.019898649260635309e-01
2.022187949307908411e+03	1.770990811219241012e-01	1.094149115151868967e-01	2.954335473149677371e-01	1.865779182368479949e-01	8.713815537400403100e-02	4.227079935315784798e-02	1.020655870835470713e-01
2.027025719521564042e+03	1.768517184582505120e-01	1.092393735448848741e-01	2.955926679080031483e-01	1.866829239734490165e-01	8.718624850829953532e-02	4.230622806276464198e-02	1.021408395439838968e-01
2.031863489735218764e+03	1.766057629175999399e-01	1.090648344846668200e-01	2.957509241413866508e-01	1.867873359380532172e-01	8.723407907808278239e-02	4.234143839438172380e-02	1.022156250454644977e-01
2.036701259948874394e+03	1.763612064776619859e-01	1.088912886402089997e-01	2.959083206996372395e-01	1.868911577267289847e-01	8.728164852593514600e-02	4.237643161909570438e-02	1.022899463103674744e-01
2.041539030162529116e+03	1.761180411619209796e-01	1.087187303496306434e-01	2.960648622438707966e-01	1.869943929111614611e-01	8.732895828690143136e-02	4.241120900070091682e-02	1.023638060454493265e-01
2.046376800376184747e+03	1.758762590393924963e-01	1.085471539833107735e-01	2.962205534118800276e-01	1.870970450388554085e-01	8.737600978852194666e-02	4.244577179574113290e-02	1.024372069419337283e-01
2.051214570589840150e+03	1.756358522243618991e-01	1.083765539437059749e-01	2.963753988182154520e-01	1.871991176333364093e-01	8.742280445086442198e-02	4.248012125355109248e-02	1.025101516756002085e-01
2.056052340803495554e+03	1.753968128761241863e-01	1.082069246651691380e-01	2.965294030542663939e-01	1.873006141943494574e-01	8.746934368655605307e-02	4.251425861629775510e-02	1.025826429068724677e-01
2.060890111017150957e+03	1.751591331987255584e-01	1.080382606137690882e-01	2.966825706883424174e-01	1.874015381980554951e-01	8.751562890081542034e-02	4.254818511902131589e-02	1.026546832809060866e-01
2.065727881230805451e+03	1.749228054407065414e-01	1.078705562871112578e-01	2.968349062657552051e-01	1.875018930972260078e-01	8.756166149148450484e-02	4.258190198967599233e-02	1.027262754276757756e-01
2.070565651444461309e+03	1.746878218948465233e-01	1.077038062141591895e-01	2.969864143089009367e-01	1.876016823214353146e-01	8.760744284906057944e-02	4.261541044917056126e-02	1.027974219620620827e-01
2.075403421658116713e+03	1.744541748979100693e-01	1.075380049550570122e-01	2.971370993173425012e-01	1.877009092772509713e-01	8.765297435672819715e-02	4.264871171140869471e-02	1.028681254839376863e-01
2.080241191871772116e+03	1.742218568303945114e-01	1.073731471009529287e-01	2.972869657678924304e-01	1.877995773484219533e-01	8.769825739039106838e-02	4.268180698332902506e-02	1.029383885782531316e-01
2.085078962085427065e+03	1.739908601162794000e-01	1.072092272738235236e-01	2.974360181146961657e-01	1.878976898960649511e-01	8.774329331870393822e-02	4.271469746494498121e-02	1.030082138151220683e-01
2.089916732299082469e+03	1.737611772227769524e-01	1.070462401262991942e-01	2.975842607893152691e-01	1.879952502588486118e-01	8.778808350310443598e-02	4.274738434938441661e-02	1.030776037499060716e-01
2.094754502512737417e+03	1.735328006600845296e-01	1.068841803414902342e-01	2.977316982008112456e-01	1.880922617531759766e-01	8.783262929784499407e-02	4.277986882292900139e-02	1.031465609232989494e-01
2.099592272726392821e+03	1.733057229811382494e-01	1.067230426328141663e-01	2.978783347358294198e-01	1.881887276733647252e-01	8.787693205002453101e-02	4.281215206505337850e-02	1.032150878614104955e-01
2.104430042940048224e+03	1.730799367813681544e-01	1.065628217438237268e-01	2.980241747586829804e-01	1.882846512918257831e-01	8.792099309962027320e-02	4.284423524846408399e-02	1.032831870758498943e-01
2.109267813153704083e+03	1.728554346984548518e-01	1.064035124480359751e-01	2.981692226114378008e-01	1.883800358592399027e-01	8.796481377951950731e-02	4.287611953913828683e-02	1.033508610638085301e-01
2.114105583367359031e+03	1.726322094120875117e-01	1.062451095487622621e-01	2.983134826139967610e-01	1.884748846047323567e-01	8.800839541555129097e-02	4.290780609636223042e-02	1.034181123081424347e-01
2.118943353581013525e+03	1.724102536437234767e-01	1.060876078789390609e-01	2.984569590641845682e-01	1.885692007360459943e-01	8.805173932651803870e-02	4.293929607276954219e-02	1.034849432774541250e-01
2.123781123794669384e+03	1.721895601563492029e-01	1.059310023009598783e-01	2.985996562378329111e-01	1.886629874397121598e-01	8.809484682422720481e-02	4.297059061437925875e-02	1.035513564261741626e-01
2.128618894008324787e+03	1.719701217542424221e-01	1.057752877065078756e-01	2.987415783888656695e-01	1.887562478812202515e-01	8.813771921352288319e-02	4.300169086063364288e-02	1.036173541946420473e-01
2.133456664221980191e+03	1.717519312827360256e-01	1.056204590163895563e-01	2.988827297493842905e-01	1.888489852051851159e-01	8.818035779231725435e-02	4.303259794443581310e-02	1.036829390091867642e-01
2.138294434435635139e+03	1.715349816279831408e-01	1.054665111803693156e-01	2.990231145297531645e-01	1.889412025355129976e-01	8.822276385162214352e-02	4.306331299218711661e-02	1.037481132822069274e-01
2.143132204649290543e+03	1.713192657167235400e-01	1.053134391770049472e-01	2.991627369186856678e-01	1.890329029755657142e-01	8.826493867558039830e-02	4.309383712382432174e-02	1.038128794122502585e-01
2.147969974862945492e+03	1.711047765160516598e-01	1.051612380134839542e-01	2.993016010833296492e-01	1.891240896083228873e-01	8.830688354149734964e-02	4.312417145285655368e-02	1.038772397840928285e-01
2.152807745076601350e+03	1.708915070331856745e-01	1.050099027254607909e-01	2.994397111693535840e-01	1.892147654965429249e-01	8.834859971987203686e-02	4.315431708640208447e-02	1.039411967688177729e-01
2.157645515290255844e+03	1.706794503152381792e-01	1.048594283768951446e-01	2.995770713010325048e-01	1.893049336829220330e-01	8.839008847442861305e-02	4.318427512522483858e-02	1.040047527238934649e-01
2.162483285503912157e+03	1.704685994489880396e-01	1.047098100598909121e-01	2.997136855813343770e-01	1.893945971902517844e-01	8.843135106214747299e-02	4.321404666377074572e-02	1.040679099932514395e-01
2.167321055717567106e+03	1.702589475606536840e-01	1.045610428945361325e-01	2.998495580920060299e-01	1.894837590215749379e-01	8.847238873329646425e-02	4.324363279020385087e-02	1.041306709073636372e-01
2.172158825931222509e+03	1.700504878156676170e-01	1.044131220287439210e-01	2.999846928936596990e-01	1.895724221603398152e-01	8.851320273146200124e-02	4.327303458644223694e-02	1.041930377833193977e-01
2.176996596144877003e+03	1.698432134184523490e-01	1.042660426380940947e-01	3.001190940258595674e-01	1.896605895705529843e-01	8.855379429358004040e-02	4.330225312819371841e-02	1.042550129249019270e-01
2.181834366358532861e+03	1.696371176121974356e-01	1.041197999256758405e-01	3.002527655072080304e-01	1.897482641969304717e-01	8.859416464996716645e-02	4.333128948499136851e-02	1.043165986226643610e-01
2.186672136572187810e+03	1.694321936786381266e-01	1.039743891219311739e-01	3.003857113354321817e-01	1.898354489650475319e-01	8.863431502435142884e-02	4.336014472022878957e-02	1.043777971540053445e-01
2.191509906785843214e+03	1.692284349378350705e-01	1.038298054844993268e-01	3.005179354874707998e-01	1.899221467814866948e-01	8.867424663390326145e-02	4.338881989119523774e-02	1.044386107832442345e-01
2.196347676999498617e+03	1.690258347479552670e-01	1.036860442980618996e-01	3.006494419195603340e-01	1.900083605339845105e-01	8.871396068926623579e-02	4.341731604911050479e-02	1.044990417616958323e-01
2.201185447213154021e+03	1.688243865050544079e-01	1.035431008741890258e-01	3.007802345673221134e-01	1.900940930915767935e-01	8.875345839458775865e-02	4.344563423915963341e-02	1.045590923277447820e-01
2.206023217426809424e+03	1.686240836428605228e-01	1.034009705511862443e-01	3.009103173458487768e-01	1.901793473047424243e-01	8.879274094754979751e-02	4.347377550052737571e-02	1.046187647069193455e-01
2.210860987640464373e+03	1.684249196325586784e-01	1.032596486939423852e-01	3.010396941497908152e-01	1.902641260055456252e-01	8.883180953939938396e-02	4.350174086643254778e-02	1.046780611119650095e-01
2.215698757854119776e+03	1.682268879825771779e-01	1.031191306937781632e-01	3.011683688534434467e-01	1.903484320077769298e-01	8.887066535497917252e-02	4.352953136416208568e-02	1.047369837429174555e-01
2.220536528067775180e+03	1.680299822383746478e-01	1.029794119682957004e-01	3.012963453108332690e-01	1.904322681070927392e-01	8.890930957275784696e-02	4.355714801510499057e-02	1.047955347871752652e-01
2.225374298281430583e+03	1.678341959822287066e-01	1.028404879612288686e-01	3.014236273558046908e-01	1.905156370811535438e-01	8.894774336486049870e-02	4.358459183478601701e-02	1.048537164195720850e-01
2.230212068495085077e+03	1.676395228330257170e-01	1.027023541422945052e-01	3.015502188021069729e-01	1.905985416897605922e-01	8.898596789709892207e-02	4.361186383289920865e-02	1.049115308024485133e-01
2.235049838708740936e+03	1.674459564460516747e-01	1.025650060070444208e-01	3.016761234434802708e-01	1.906809846749915327e-01	8.902398432900178460e-02	4.363896501334123962e-02	1.049689800857234734e-01
2.239887608922396339e+03	1.672534905127844029e-01	1.024284390767182529e-01	3.018013450537426756e-01	1.907629687613344727e-01	8.906179381384479732e-02	4.366589637424451303e-02	1.050260664069651989e-01
2.244725379136052197e+03	1.670621187606869118e-01	1.022926488980971521e-01	3.019258873868765902e-01	1.908444966558208444e-01	8.909939749868077408e-02	4.369265890801016239e-02	1.050827918914618436e-01
2.249563149349706237e+03	1.668718349530018963e-01	1.021576310433583296e-01	3.020497541771150485e-01	1.909255710481569390e-01	8.913679652436951040e-02	4.371925360134078231e-02	1.051391586522917032e-01
2.254400919563362095e+03	1.666826328885475661e-01	1.020233811099303112e-01	3.021729491390283684e-01	1.910061946108541631e-01	8.917399202560782889e-02	4.374568143527299280e-02	1.051951687903929511e-01
2.259238689777017044e+03	1.664945064015144194e-01	1.018898947203491362e-01	3.022954759676103054e-01	1.910863699993581855e-01	8.921098513095924998e-02	4.377194338520987160e-02	1.052508243946330274e-01
2.264076459990672902e+03	1.663074493612634597e-01	1.017571675221153465e-01	3.024173383383642610e-01	1.911660998521765020e-01	8.924777696288378748e-02	4.379804042095311600e-02	1.053061275418777226e-01
