1.001418434226643626e+03	2.776287049917467442e-01	1.821178012278213132e-01	2.347330360453398490e-01	1.406313754381943171e-01	6.704753288630756203e-02	2.845944171343599977e-02	6.938210769679689638e-02
1.002869765290740247e+03	2.773480613373445203e-01	1.819687474730614374e-01	2.349055411267758076e-01	1.407278278339858246e-01	6.709566890633746061e-02	2.849450043250154399e-02	6.945965288963616702e-02
1.004321096354836754e+03	2.770680457713448619e-01	1.818198326463954240e-01	2.350776640199829515e-01	1.408242452844212234e-01	6.714378351871094774e-02	2.852943516886814052e-02	6.953699358991917434e-02
1.005772427418933376e+03	2.767886566114390878e-01	1.816710570308160133e-01	2.352494061464550090e-01	1.409206278418090874e-01	6.719187401301117413e-02	2.856424780472879149e-02	6.961413055138351846e-02
1.007223758483029997e+03	2.765098921798541109e-01	1.815224209048119652e-01	2.354207689046249052e-01	1.410169754922227514e-01	6.723993782426040955e-02	2.859894014538806248e-02	6.969106454848053578e-02
1.008675089547126618e+03	2.762317508033778624e-01	1.813739245424879909e-01	2.355917536708851678e-01	1.411132881597734201e-01	6.728797252536317108e-02	2.863351392345606442e-02	6.976779637429907088e-02
1.010126420611223239e+03	2.759542308133827726e-01	1.812255682136788282e-01	2.357623618005565136e-01	1.412095657106516855e-01	6.733597581993684689e-02	2.866797080279449503e-02	6.984432683864159885e-02
1.011577751675319632e+03	2.756773305458469214e-01	1.810773521840581268e-01	2.359325946288063636e-01	1.413058079569491088e-01	6.738394553551053934e-02	2.870231238222998096e-02	6.992065676624165116e-02
1.013029082739416367e+03	2.754010483413734112e-01	1.809292767152421710e-01	2.361024534715203405e-01	1.414020146602716910e-01	6.743187961707351741e-02	2.873654019904903906e-02	6.999678699511246993e-02
1.014480413803512761e+03	2.751253825452079083e-01	1.807813420648888281e-01	2.362719396261291072e-01	1.414981855351557238e-01	6.747977612095583388e-02	2.877065573228794471e-02	7.007271837501724554e-02
1.015931744867609382e+03	2.748503315072540754e-01	1.806335484867919450e-01	2.364410543723929059e-01	1.415943202522967626e-01	6.752763320902432920e-02	2.880466040583012921e-02	7.014845176605240262e-02
1.017383075931706003e+03	2.745758935820880597e-01	1.804858962309712489e-01	2.366097989731457130e-01	1.416904184416009072e-01	6.757544914317822893e-02	2.883855559132278423e-02	7.022398803733566341e-02
1.018834406995802851e+03	2.743020671289703727e-01	1.803383855437584449e-01	2.367781746750013405e-01	1.417864796950682738e-01	6.762322228012902781e-02	2.887234261092366805e-02	7.029932806579139437e-02
1.020285738059899245e+03	2.740288505118576023e-01	1.801910166678791780e-01	2.369461827090234285e-01	1.418825035695171488e-01	6.767095106645042157e-02	2.890602273988845949e-02	7.037447273502632494e-02
1.021737069123995752e+03	2.737562420994112955e-01	1.800437898425312488e-01	2.371138242913610750e-01	1.419784895891571253e-01	6.771863403388446445e-02	2.893959720900824220e-02	7.044942293428910207e-02
1.023188400188092373e+03	2.734842402650067283e-01	1.798967053034595254e-01	2.372811006238519649e-01	1.420744372480194084e-01	6.776626979489101810e-02	2.897306720690626114e-02	7.052417955750762968e-02
1.024639731252188767e+03	2.732128433867395678e-01	1.797497632830273306e-01	2.374480128945947732e-01	1.421703460122515084e-01	6.781385703842816859e-02	2.900643388220236485e-02	7.059874350239882246e-02
1.026091062316285615e+03	2.729420498474318668e-01	1.796029640102848046e-01	2.376145622784920364e-01	1.422662153222837844e-01	6.786139452595162103e-02	2.903969834555312005e-02	7.067311566964531999e-02
1.027542393380382237e+03	2.726718580346364496e-01	1.794563077110342131e-01	2.377807499377656564e-01	1.423620445948743929e-01	6.790888108762213604e-02	2.907286167157506138e-02	7.074729696213466479e-02
1.028993724444478858e+03	2.724022663406407418e-01	1.793097946078922311e-01	2.379465770224459820e-01	1.424578332250390489e-01	6.795631561871018356e-02	2.910592490065808113e-02	7.082128828425629519e-02
1.030445055508575479e+03	2.721332731624691026e-01	1.791634249203498952e-01	2.381120446708357985e-01	1.425535805878719586e-01	6.800369707618790505e-02	2.913888904067550231e-02	7.089509054125234244e-02
1.031896386572671872e+03	2.718648769018846556e-01	1.790171988648297519e-01	2.382771540099511143e-01	1.426492860402631957e-01	6.805102447549848943e-02	2.917175506859702103e-02	7.096870463861829070e-02
1.033347717636768493e+03	2.715970759653896782e-01	1.788711166547404252e-01	2.384419061559391040e-01	1.427449489225186274e-01	6.809829688749421961e-02	2.920452393201028798e-02	7.104213148155015534e-02
1.034799048700865114e+03	2.713298687642256568e-01	1.787251785005292415e-01	2.386063022144751800e-01	1.428405685598870545e-01	6.814551343553414131e-02	2.923719655055654829e-02	7.111537197443461300e-02
1.036250379764961508e+03	2.710632537143722876e-01	1.785793846097324666e-01	2.387703432811396353e-01	1.429361442639999202e-01	6.819267329273348555e-02	2.926977381728544658e-02	7.118842702037923853e-02
1.037701710829058356e+03	2.707972292365454225e-01	1.784337351870234067e-01	2.389340304417755523e-01	1.430316753342277258e-01	6.823977567935668453e-02	2.930225659993376461e-02	7.126129752077989266e-02
1.039153041893154750e+03	2.705317937561949604e-01	1.782882304342586766e-01	2.390973647728284468e-01	1.431271610589583132e-01	6.828681986034682017e-02	2.933464574213258055e-02	7.133398437492269317e-02
1.040604372957251599e+03	2.702669457035014045e-01	1.781428705505224142e-01	2.392603473416686777e-01	1.432226007168004300e-01	6.833380514298444119e-02	2.936694206454708994e-02	7.140648847961808543e-02
1.042055704021347992e+03	2.700026835133721437e-01	1.779976557321689690e-01	2.394229792068978124e-01	1.433179935777171843e-01	6.838073087466876865e-02	2.939914636595299807e-02	7.147881072886468068e-02
1.043507035085444613e+03	2.697390056254370116e-01	1.778525861728637580e-01	2.395852614186395890e-01	1.434133389040927187e-01	6.842759644081533588e-02	2.943125942425323452e-02	7.155095201354089163e-02
1.044958366149541234e+03	2.694759104840432906e-01	1.777076620636223458e-01	2.397471950188161671e-01	1.435086359517360188e-01	6.847440126286383211e-02	2.946328199743850421e-02	7.162291322112226966e-02
1.046409697213637855e+03	2.692133965382501049e-01	1.775628835928484972e-01	2.399087810414106958e-01	1.436038839708250470e-01	6.852114479639039024e-02	2.949521482449489126e-02	7.169469523542279510e-02
1.047861028277734476e+03	2.689514622418223144e-01	1.774182509463702873e-01	2.400700205127166698e-01	1.436990822067943097e-01	6.856782652931887878e-02	2.952705862626166244e-02	7.176629893635833035e-02
1.049312359341831097e+03	2.686901060532238539e-01	1.772737643074750735e-01	2.402309144515749617e-01	1.437942299011692460e-01	6.861444598022635455e-02	2.955881410624214278e-02	7.183772519973082027e-02
1.050763690405927491e+03	2.684293264356111264e-01	1.771294238569431634e-01	2.403914638695989481e-01	1.438893262923500171e-01	6.866100269673726386e-02	2.959048195137035930e-02	7.190897489703165779e-02
1.052215021470024112e+03	2.681691218568249546e-01	1.769852297730801771e-01	2.405516697713886431e-01	1.439843706163475845e-01	6.870749625400221494e-02	2.962206283273607216e-02	7.198004889526288252e-02
1.053666352534120733e+03	2.679094907893831978e-01	1.768411822317484949e-01	2.407115331547342307e-01	1.440793621074744624e-01	6.875392625325665863e-02	2.965355740627056286e-02	7.205094805677492165e-02
1.055117683598217127e+03	2.676504317104722586e-01	1.766972814063971775e-01	2.408710550108096038e-01	1.441742999989929219e-01	6.880029232045542509e-02	2.968496631339542779e-02	7.212167323911980454e-02
1.056569014662313975e+03	2.673919431019384230e-01	1.765535274680910538e-01	2.410302363243561619e-01	1.442691835237227549e-01	6.884659410497903642e-02	2.971629018163654892e-02	7.219222529491854667e-02
1.058020345726410369e+03	2.671340234502792010e-01	1.764099205855389485e-01	2.411890780738581430e-01	1.443640119146107625e-01	6.889283127840822862e-02	2.974752962520521918e-02	7.226260507174200876e-02
1.059471676790506763e+03	2.668766712466338342e-01	1.762664609251206604e-01	2.413475812317088520e-01	1.444587844052641068e-01	6.893900353336292197e-02	2.977868524554828575e-02	7.233281341200389902e-02
1.060923007854603611e+03	2.666198849867735809e-01	1.761231486509133026e-01	2.415057467643692002e-01	1.445535002304496330e-01	6.898511058240233695e-02	2.980975763186911875e-02	7.240285115286540507e-02
1.062374338918700232e+03	2.663636631710922242e-01	1.759799839247166431e-01	2.416635756325184181e-01	1.446481586265608021e-01	6.903115215698310547e-02	2.984074736162107069e-02	7.247271912615038669e-02
1.063825669982796853e+03	2.661080043045955801e-01	1.758369669060775853e-01	2.418210687911976631e-01	1.447427588320541747e-01	6.907712800647224094e-02	2.987165500097495319e-02	7.254241815827043582e-02
1.065277001046893474e+03	2.658529068968914499e-01	1.756940977523140657e-01	2.419782271899466319e-01	1.448373000878570016e-01	6.912303789721220559e-02	2.990248110526205066e-02	7.261194907015919298e-02
1.066728332110990095e+03	2.655983694621789071e-01	1.755513766185380631e-01	2.421350517729335960e-01	1.449317816377477808e-01	6.916888161163514681e-02	2.993322621939403100e-02	7.268131267721512911e-02
1.068179663175086489e+03	2.653443905192372498e-01	1.754088036576778864e-01	2.422915434790795519e-01	1.450262027287106681e-01	6.921465894742402647e-02	2.996389087826108188e-02	7.275050978925222400e-02
1.069630994239183110e+03	2.650909685914151770e-01	1.752663790204999905e-01	2.424477032421761546e-01	1.451205626112660740e-01	6.926036971671781228e-02	2.999447560710949770e-02	7.281954121045805528e-02
1.071082325303279504e+03	2.648381022066195745e-01	1.751241028556297930e-01	2.426035319909984889e-01	1.452148605397778347e-01	6.930601374535867720e-02	3.002498092189985479e-02	7.288840773935859052e-02
1.072533656367376352e+03	2.645857898973041356e-01	1.749819753095723240e-01	2.427590306494121497e-01	1.453090957727389554e-01	6.935159087217893092e-02	3.005540732964690626e-02	7.295711016878940469e-02
1.073984987431472746e+03	2.643340302004575926e-01	1.748399965267320999e-01	2.429142001364758274e-01	1.454032675730369262e-01	6.939710094832551857e-02	3.008575532874217459e-02	7.302564928587261528e-02
1.075436318495569594e+03	2.640828216575921705e-01	1.746981666494324126e-01	2.430690413665387850e-01	1.454973752081994143e-01	6.944254383662021302e-02	3.011602540926026222e-02	7.309402587199942403e-02
1.076887649559666215e+03	2.638321628147316522e-01	1.745564858179341206e-01	2.432235552493341169e-01	1.455914179506219430e-01	6.948791941095355806e-02	3.014621805324974382e-02	7.316224070281747427e-02
1.078338980623762609e+03	2.635820522223993323e-01	1.744149541704540229e-01	2.433777426900676222e-01	1.456853950777783346e-01	6.953322755571073044e-02	3.017633373500953203e-02	7.323029454822303774e-02
1.079790311687859230e+03	2.633324884356058604e-01	1.742735718431827341e-01	2.435316045895026538e-01	1.457793058724146940e-01	6.957846816522773870e-02	3.020637292135150073e-02	7.329818817235742023e-02
1.081241642751955851e+03	2.630834700138370286e-01	1.741323389703020030e-01	2.436851418440413308e-01	1.458731496227282931e-01	6.962364114327639075e-02	3.023633607185016031e-02	7.336592233360740567e-02
1.082692973816052472e+03	2.628349955210413924e-01	1.739912556840018387e-01	2.438383553458020048e-01	1.459669256225317457e-01	6.966874640257629536e-02	3.026622363908006152e-02	7.343349778460928068e-02
1.084144304880149093e+03	2.625870635256177810e-01	1.738503221144969968e-01	2.439912459826932001e-01	1.460606331714037753e-01	6.971378386433270402e-02	3.029603606884163913e-02	7.350091527225646737e-02
1.085595635944245487e+03	2.623396726004028068e-01	1.737095383900432444e-01	2.441438146384846963e-01	1.461542715748269661e-01	6.975875345779872228e-02	3.032577380037613027e-02	7.356817553771005658e-02
1.087046967008342108e+03	2.620928213226578762e-01	1.735689046369532085e-01	2.442960621928750298e-01	1.462478401443134124e-01	6.980365511986054428e-02	3.035543726657011568e-02	7.363527931641247748e-02
1.088498298072438729e+03	2.618465082740570327e-01	1.734284209796117249e-01	2.444479895215564969e-01	1.463413381975187944e-01	6.984848879464466975e-02	3.038502689415035693e-02	7.370222733810369298e-02
1.089949629136535123e+03	2.616007320406734671e-01	1.732880875404911869e-01	2.445995974962771324e-01	1.464347650583459892e-01	6.989325443314574338e-02	3.041454310386934590e-02	7.376902032683987920e-02
1.091400960200631971e+03	2.613554912129673613e-01	1.731479044401662559e-01	2.447508869849002733e-01	1.465281200570381359e-01	6.993795199287404507e-02	3.044398631068215982e-02	7.383565900101451973e-02
1.092852291264728365e+03	2.611107843857723432e-01	1.730078717973284053e-01	2.449018588514615125e-01	1.466214025302625679e-01	6.998258143752153493e-02	3.047335692391504175e-02	7.390214407338138725e-02
1.094303622328825213e+03	2.608666101582827745e-01	1.728679897288002143e-01	2.450525139562232113e-01	1.467146118211853367e-01	7.002714273664552291e-02	3.050265534742618856e-02	7.396847625107956514e-02
1.095754953392921607e+03	2.606229671340406506e-01	1.727282583495493296e-01	2.452028531557270130e-01	1.468077472795374094e-01	7.007163586536901967e-02	3.053188197975914564e-02	7.403465623566023168e-02
1.097206284457018228e+03	2.603798539209226104e-01	1.725886777727021204e-01	2.453528773028440524e-01	1.469008082616729827e-01	7.011606080409676922e-02	3.056103721428922795e-02	7.410068472311505394e-02
1.098657615521114849e+03	2.601372691311266139e-01	1.724492481095571683e-01	2.455025872468232784e-01	1.469937941306202200e-01	7.016041753824631133e-02	3.059012143936331099e-02	7.416656240390596955e-02
1.100108946585211470e+03	2.598952113811588416e-01	1.723099694695984785e-01	2.456519838333377226e-01	1.470867042561248561e-01	7.020470605799317143e-02	3.061913503843340448e-02	7.423228996299643945e-02
1.101560277649308091e+03	2.596536792918205383e-01	1.721708419605084417e-01	2.458010679045291302e-01	1.471795380146872501e-01	7.024892635802944263e-02	3.064807839018426558e-02	7.429786807988388031e-02
1.103011608713404712e+03	2.594126714881948015e-01	1.720318656881806296e-01	2.459498402990507038e-01	1.472722947895931667e-01	7.029307843733506589e-02	3.067695186865542975e-02	7.436329742863316550e-02
1.104462939777501106e+03	2.591721865996332586e-01	1.718930407567322849e-01	2.460983018521084031e-01	1.473649739709387563e-01	7.033716229896108674e-02	3.070575584335794722e-02	7.442857867791127791e-02
1.105914270841597499e+03	2.589322232597426332e-01	1.717543672685167555e-01	2.462464533955005808e-01	1.474575749556499282e-01	7.038117794982433340e-02	3.073449067938606796e-02	7.449371249102268444e-02
1.107365601905694348e+03	2.586927801063717558e-01	1.716158453241355963e-01	2.463942957576562010e-01	1.475500971474966172e-01	7.042512540051286407e-02	3.076315673752418739e-02	7.455869952594569583e-02
1.108816932969790741e+03	2.584538557815981297e-01	1.714774750224505873e-01	2.465418297636715328e-01	1.476425399571022201e-01	7.046900466510161443e-02	3.079175437434927831e-02	7.462354043536950643e-02
1.110268264033887590e+03	2.582154489317146084e-01	1.713392564605954460e-01	2.466890562353458161e-01	1.477349028019484256e-01	7.051281576097763459e-02	3.082028394232904159e-02	7.468823586673187243e-02
1.111719595097984211e+03	2.579775582072159068e-01	1.712011897339874855e-01	2.468359759912154006e-01	1.478271851063759357e-01	7.055655870867461044e-02	3.084874578991604263e-02	7.475278646225748391e-02
1.113170926162080832e+03	2.577401822627854444e-01	1.710632749363391880e-01	2.469825898465866920e-01	1.479193863015809962e-01	7.060023353171590577e-02	3.087714026163795519e-02	7.481719285899673944e-02
1.114622257226177226e+03	2.575033197572820232e-01	1.709255121596693072e-01	2.471288986135682653e-01	1.480115058256082361e-01	7.064384025646588960e-02	3.090546769818422468e-02	7.488145568886504788e-02
1.116073588290273847e+03	2.572669693537261715e-01	1.707879014943142204e-01	2.472749031011016452e-01	1.481035431233402033e-01	7.068737891198900725e-02	3.093372843648924120e-02	7.494557557868250508e-02
1.117524919354370468e+03	2.570311297192872657e-01	1.706504430289388086e-01	2.474206041149910051e-01	1.481954976464834317e-01	7.073084952991623431e-02	3.096192280981226175e-02	7.500955315021397285e-02
1.118976250418467089e+03	2.567957995252698189e-01	1.705131368505473644e-01	2.475660024579322271e-01	1.482873688535515100e-01	7.077425214431841416e-02	3.099005114781420989e-02	7.507338902020938010e-02
1.120427581482563710e+03	2.565609774471004356e-01	1.703759830444943890e-01	2.477110989295406573e-01	1.483791562098453198e-01	7.081758679158627057e-02	3.101811377663155414e-02	7.513708380044434310e-02
1.121878912546660331e+03	2.563266621643139898e-01	1.702389816944951118e-01	2.478558943263783343e-01	1.484708591874305816e-01	7.086085351031658208e-02	3.104611101894736575e-02	7.520063809776089681e-02
1.123330243610756725e+03	2.560928523605410234e-01	1.701021328826360646e-01	2.480003894419801624e-01	1.485624772651130687e-01	7.090405234120439326e-02	3.107404319405975002e-02	7.526405251410850372e-02
1.124781574674853118e+03	2.558595467234937582e-01	1.699654366893852964e-01	2.481445850668791975e-01	1.486540099284112126e-01	7.094718332694066598e-02	3.110191061794771034e-02	7.532732764658511826e-02
1.126232905738949967e+03	2.556267439449531609e-01	1.698288931936028923e-01	2.482884819886316263e-01	1.487454566695269043e-01	7.099024651211537085e-02	3.112971360333467719e-02	7.539046408747837602e-02
1.127684236803046360e+03	2.553944427207556211e-01	1.696925024725508546e-01	2.484320809918404704e-01	1.488368169873141300e-01	7.103324194312547746e-02	3.115745245974971267e-02	7.545346242430678307e-02
1.129135567867143209e+03	2.551626417507796285e-01	1.695562646019032338e-01	2.485753828581790947e-01	1.489280903872457484e-01	7.107616966808777414e-02	3.118512749358658478e-02	7.551632323986100237e-02
1.130586898931239830e+03	2.549313397389324498e-01	1.694201796557560924e-01	2.487183883664138284e-01	1.490192763813786014e-01	7.111902973675621187e-02	3.121273900816077043e-02	7.557904711224511241e-02
1.132038229995336451e+03	2.547005353931369731e-01	1.692842477066373585e-01	2.488610982924258919e-01	1.491103744883170434e-01	7.116182220044339757e-02	3.124028730376450860e-02	7.564163461491785201e-02
1.133489561059432845e+03	2.544702274253185514e-01	1.691484688255164293e-01	2.490035134092329627e-01	1.492013842331750550e-01	7.120454711194620923e-02	3.126777267771998353e-02	7.570408631673376798e-02
1.134940892123529466e+03	2.542404145513916802e-01	1.690128430818139404e-01	2.491456344870100204e-01	1.492923051475368579e-01	7.124720452547522731e-02	3.129519542443078006e-02	7.576640278198434886e-02
1.136392223187626087e+03	2.540110954912470076e-01	1.688773705434113426e-01	2.492874622931097461e-01	1.493831367694164469e-01	7.128979449658774670e-02	3.132255583543158695e-02	7.582858457043900602e-02
1.137843554251722708e+03	2.537822689687378452e-01	1.687420512766601710e-01	2.494289975920823410e-01	1.494738786432159017e-01	7.133231708212425803e-02	3.134985419943636664e-02	7.589063223738599928e-02
1.139294885315819101e+03	2.535539337116672898e-01	1.686068853463916495e-01	2.495702411456949266e-01	1.495645303196826426e-01	7.137477234014812100e-02	3.137709080238496734e-02	7.595254633367322372e-02
1.140746216379915950e+03	2.533260884517752332e-01	1.684718728159258216e-01	2.497111937129505854e-01	1.496550913558658269e-01	7.141716032988834617e-02	3.140426592748826740e-02	7.601432740574874669e-02
1.142197547444012343e+03	2.530987319247249290e-01	1.683370137470809047e-01	2.498518560501066521e-01	1.497455613150717735e-01	7.145948111168529127e-02	3.143137985527195283e-02	7.607597599570134483e-02
1.143648878508108737e+03	2.528718628700902249e-01	1.682023082001822822e-01	2.499922289106928375e-01	1.498359397668186654e-01	7.150173474693909126e-02	3.145843286361898333e-02	7.613749264130074967e-02
1.145100209572205586e+03	2.526454800313422955e-01	1.680677562340717190e-01	2.501323130455290200e-01	1.499262262867905593e-01	7.154392129806069756e-02	3.148542522781078851e-02	7.619887787603772666e-02
1.146551540636302207e+03	2.524195821558369301e-01	1.679333579061161874e-01	2.502721092027423988e-01	1.500164204567905890e-01	7.158604082842541516e-02	3.151235722056724281e-02	7.626013222916395995e-02
1.148002871700398828e+03	2.521941679948014881e-01	1.677991132722169432e-01	2.504116181277845077e-01	1.501065218646938093e-01	7.162809340232872968e-02	3.153922911208552338e-02	7.632125622573177059e-02
1.149454202764495449e+03	2.519692363033215754e-01	1.676650223868182410e-01	2.505508405634477298e-01	1.501965301043994283e-01	7.167007908494442414e-02	3.156604117007787147e-02	7.638225038663346012e-02
1.150905533828591842e+03	2.517447858403286665e-01	1.675310853029162994e-01	2.506897772498816179e-01	1.502864447757825683e-01	7.171199794228473590e-02	3.159279365980827842e-02	7.644311522864064012e-02
1.152356864892688463e+03	2.515208153685867254e-01	1.673973020720677940e-01	2.508284289246087151e-01	1.503762654846456104e-01	7.175385004116252574e-02	3.161948684412821398e-02	7.650385126444317341e-02
1.153808195956785084e+03	2.512973236546799383e-01	1.672636727443986004e-01	2.509667963225403753e-01	1.504659918426693999e-01	7.179563544915527895e-02	3.164612098351136243e-02	7.656445900268783744e-02
1.155259527020881706e+03	2.510743094689992239e-01	1.671301973686124542e-01	2.511048801759919180e-01	1.505556234673637861e-01	7.183735423457102143e-02	3.167269633608747054e-02	7.662493894801687688e-02
1.156710858084978327e+03	2.508517715857300767e-01	1.669968759919993329e-01	2.512426812146978383e-01	1.506451599820182730e-01	7.187900646641576241e-02	3.169921315767532111e-02	7.668529160110615361e-02
1.158162189149074720e+03	2.506297087828391890e-01	1.668637086604441155e-01	2.513802001658265173e-01	1.507346010156522531e-01	7.192059221436264416e-02	3.172567170181485319e-02	7.674551745870317188e-02
1.159613520213171569e+03	2.504081198420622378e-01	1.667306954184347711e-01	2.515174377539947659e-01	1.508239462029651590e-01	7.196211154872260429e-02	3.175207221979849115e-02	7.680561701366467320e-02
1.161064851277267962e+03	2.501870035488908961e-01	1.665978363090708514e-01	2.516543947012823135e-01	1.509131951842864749e-01	7.200356454041642595e-02	3.177841496070172439e-02	7.686559075499403704e-02
1.162516182341364356e+03	2.499663586925602587e-01	1.664651313740717897e-01	2.517910717272455745e-01	1.510023476055255831e-01	7.204495126094813406e-02	3.180470017141292377e-02	7.692543916787844549e-02
1.163967513405461204e+03	2.497461840660361865e-01	1.663325806537849783e-01	2.519274695489318594e-01	1.510914031181217754e-01	7.208627178237977939e-02	3.183092809666247802e-02	7.698516273372565943e-02
1.165418844469557826e+03	2.495264784660027324e-01	1.662001841871942054e-01	2.520635888808926972e-01	1.511803613789939327e-01	7.212752617730738836e-02	3.185709897905123628e-02	7.704476193020057262e-02
1.166870175533654447e+03	2.493072406928496243e-01	1.660679420119275385e-01	2.521994304351973248e-01	1.512692220504903984e-01	7.216871451883799526e-02	3.188321305907831915e-02	7.710423723126151596e-02
1.168321506597751068e+03	2.490884695506596080e-01	1.659358541642655949e-01	2.523349949214462318e-01	1.513579848003388795e-01	7.220983688056792360e-02	3.190927057516827758e-02	7.716358910719614550e-02
1.169772837661847461e+03	2.488701638471960687e-01	1.658039206791494524e-01	2.524702830467838166e-01	1.514466493015964310e-01	7.225089333656199708e-02	3.193527176369771042e-02	7.722281802465714995e-02
1.171224168725944082e+03	2.486523223938905403e-01	1.656721415901886707e-01	2.526052955159114877e-01	1.515352152325993296e-01	7.229188396133370831e-02	3.196121685902125059e-02	7.728192444669761130e-02
1.172675499790040703e+03	2.484349440058302438e-01	1.655405169296691736e-01	2.527400330311002086e-01	1.516236822769133907e-01	7.233280882982648374e-02	3.198710609349701695e-02	7.734090883280604622e-02
1.174126830854137097e+03	2.482180275017457360e-01	1.654090467285612154e-01	2.528744962922030992e-01	1.517120501232839813e-01	7.237366801739562872e-02	3.201293969751155266e-02	7.739977163894123935e-02
1.175578161918233945e+03	2.480015717039985579e-01	1.652777310165272073e-01	2.530086859966679258e-01	1.518003184655865867e-01	7.241446159979128550e-02	3.203871789950424320e-02	7.745851331756664626e-02
1.177029492982330339e+03	2.477855754385688558e-01	1.651465698219293510e-01	2.531426028395489802e-01	1.518884870027773226e-01	7.245518965314204363e-02	3.206444092599123469e-02	7.751713431768460227e-02
1.178480824046426733e+03	2.475700375350432247e-01	1.650155631718375759e-01	2.532762475135195146e-01	1.519765554388436968e-01	7.249585225393939680e-02	3.209010900158885959e-02	7.757563508487019810e-02
1.179932155110523581e+03	2.473549568266023291e-01	1.648847110920371173e-01	2.534096207088832320e-01	1.520645234827553982e-01	7.253644947902290752e-02	3.211572234903666001e-02	7.763401606130485022e-02
1.181383486174620202e+03	2.471403321500087458e-01	1.647540136070361760e-01	2.535427231135863879e-01	1.521523908484157250e-01	7.257698140556599620e-02	3.214128118921991822e-02	7.769227768580952431e-02
1.182834817238716823e+03	2.469261623455948074e-01	1.646234707400735520e-01	2.536755554132293922e-01	1.522401572546127346e-01	7.261744811106245201e-02	3.216678574119179179e-02	7.775042039387772275e-02
1.184286148302813444e+03	2.467124462572504451e-01	1.644930825131262209e-01	2.538081182910781886e-01	1.523278224249709489e-01	7.265784967331344324e-02	3.219223622219501840e-02	7.780844461770822229e-02
1.185737479366910065e+03	2.464991827324110873e-01	1.643628489469167731e-01	2.539404124280756903e-01	1.524153860879031985e-01	7.269818617041520770e-02	3.221763284768323909e-02	7.786635078623732609e-02
1.187188810431006686e+03	2.462863706220455307e-01	1.642327700609209906e-01	2.540724385028529375e-01	1.525028479765628275e-01	7.273845768074725660e-02	3.224297583134193290e-02	7.792413932517101849e-02
1.188640141495103080e+03	2.460740087806440601e-01	1.641028458733752304e-01	2.542041971917404775e-01	1.525902078287959818e-01	7.277866428296105028e-02	3.226826538510899067e-02	7.798181065701668968e-02
1.190091472559199701e+03	2.458620960662063482e-01	1.639730764012837794e-01	2.543356891687791888e-01	1.526774653870943965e-01	7.281880605596925682e-02	3.229350171919487950e-02	7.803936520111461050e-02
1.191542803623296322e+03	2.456506313402294917e-01	1.638434616604262928e-01	2.544669151057311618e-01	1.527646203985483786e-01	7.285888307893544080e-02	3.231868504210256426e-02	7.809680337366911584e-02
1.192994134687392716e+03	2.454396134676961327e-01	1.637140016653650387e-01	2.545978756720906344e-01	1.528516726148000104e-01	7.289889543126411298e-02	3.234381556064697821e-02	7.815412558777951046e-02
1.194445465751489564e+03	2.452290413170626071e-01	1.635846964294521699e-01	2.547285715350947055e-01	1.529386217919967705e-01	7.293884319259132110e-02	3.236889347997423672e-02	7.821133225347058626e-02
1.195896796815585958e+03	2.450189137602469813e-01	1.634555459648370512e-01	2.548590033597337712e-01	1.530254676907454037e-01	7.297872644277562937e-02	3.239391900358053189e-02	7.826842377772301462e-02
1.197348127879682352e+03	2.448092296726173678e-01	1.633265502824732263e-01	2.549891718087622938e-01	1.531122100760661797e-01	7.301854526188936156e-02	3.241889233333069414e-02	7.832540056450321142e-02
1.198799458943779200e+03	2.445999879329801008e-01	1.631977093921258837e-01	2.551190775427089052e-01	1.531988487173474300e-01	7.305829973021037149e-02	3.244381366947646228e-02	7.838226301479317426e-02
1.200250790007875821e+03	2.443911874235679960e-01	1.630690233023787128e-01	2.552487212198868982e-01	1.532853833883003614e-01	7.309798992821399388e-02	3.246868321067449686e-02	7.843901152661987564e-02
1.201702121071972442e+03	2.441828270300286374e-01	1.629404920206411478e-01	2.553781034964043850e-01	1.533718138669143138e-01	7.313761593656541160e-02	3.249350115400407440e-02	7.849564649508435077e-02
1.203153452136069063e+03	2.439749056414127759e-01	1.628121155531553066e-01	2.555072250261745115e-01	1.534581399354122133e-01	7.317717783611238369e-02	3.251826769498451786e-02	7.855216831239057729e-02
1.204604783200165684e+03	2.437674221501626715e-01	1.626838939050030408e-01	2.556360864609255046e-01	1.535443613802065510e-01	7.321667570787807056e-02	3.254298302759239120e-02	7.860857736787406347e-02
1.206056114264262078e+03	2.435603754521004916e-01	1.625558270801128746e-01	2.557646884502104978e-01	1.536304779918555574e-01	7.325610963305437262e-02	3.256764734427840258e-02	7.866487404803015893e-02
1.207507445328358699e+03	2.433537644464167371e-01	1.624279150812669992e-01	2.558930316414175787e-01	1.537164895650196816e-01	7.329547969299538002e-02	3.259226083598405765e-02	7.872105873654196284e-02
1.208958776392455093e+03	2.431475880356588626e-01	1.623001579101080449e-01	2.560211166797795035e-01	1.538023958984186257e-01	7.333478596921111370e-02	3.261682369215810479e-02	7.877713181430814893e-02
1.210410107456551941e+03	2.429418451257196188e-01	1.621725555671461039e-01	2.561489442083835777e-01	1.538881967947885177e-01	7.337402854336151636e-02	3.264133610077270264e-02	7.883309365947042957e-02
1.211861438520648335e+03	2.427365346258257006e-01	1.620451080517654463e-01	2.562765148681809824e-01	1.539738920608396677e-01	7.341320749725069317e-02	3.266579824833937273e-02	7.888894464744063140e-02
1.213312769584745183e+03	2.425316554485263953e-01	1.619178153622312932e-01	2.564038292979967659e-01	1.540594815072143242e-01	7.345232291282127735e-02	3.269021031992472293e-02	7.894468515092775696e-02
1.214764100648841804e+03	2.423272065096821193e-01	1.617906774956965887e-01	2.565308881345391145e-01	1.541449649484451512e-01	7.349137487214912889e-02	3.271457249916597670e-02	7.900031553996449130e-02
1.216215431712937971e+03	2.421231867284531492e-01	1.616636944482088556e-01	2.566576920124087891e-01	1.542303422029138449e-01	7.353036345743810265e-02	3.273888496828621097e-02	7.905583618193366691e-02
1.217666762777034819e+03	2.419195950272883533e-01	1.615368662147166345e-01	2.567842415641085063e-01	1.543156130928102221e-01	7.356928875101509391e-02	3.276314790810949673e-02	7.911124744159435396e-02
1.219118093841131440e+03	2.417164303319138396e-01	1.614101927890763399e-01	2.569105374200523761e-01	1.544007774440915026e-01	7.360815083532526448e-02	3.278736149807573441e-02	7.916654968110763135e-02
1.220569424905228061e+03	2.415136915713218257e-01	1.612836741640587546e-01	2.570365802085749496e-01	1.544858350864421470e-01	7.364694979292733812e-02	3.281152591625533660e-02	7.922174326006233003e-02
1.222020755969324682e+03	2.413113776777595365e-01	1.611573103313556354e-01	2.571623705559406003e-01	1.545707858532339163e-01	7.368568570648914573e-02	3.283564133936370949e-02	7.927682853550020725e-02
1.223472087033421303e+03	2.411094875867177689e-01	1.610311012815863752e-01	2.572879090863523510e-01	1.546556295814863480e-01	7.372435865878328165e-02	3.285970794277555396e-02	7.933180586194110706e-02
1.224923418097517697e+03	2.409080202369200674e-01	1.609050470043043579e-01	2.574131964219611435e-01	1.547403661118275375e-01	7.376296873268296805e-02	3.288372590053893763e-02	7.938667559140774599e-02
1.226374749161614318e+03	2.407069745703115660e-01	1.607791474880035099e-01	2.575382331828748317e-01	1.548249952884553637e-01	7.380151601115798876e-02	3.290769538538922123e-02	7.944143807345026287e-02
1.227826080225710712e+03	2.405063495320479694e-01	1.606534027201247938e-01	2.576630199871668969e-01	1.549095169590989085e-01	7.384000057727074795e-02	3.293161656876281845e-02	7.949609365517058823e-02
1.229277411289807560e+03	2.403061440704844232e-01	1.605278126870625932e-01	2.577875574508855516e-01	1.549939309749804317e-01	7.387842251417250927e-02	3.295548962081071981e-02	7.955064268124645288e-02
1.230728742353903954e+03	2.401063571371647720e-01	1.604023773741710956e-01	2.579118461880624547e-01	1.550782371907775126e-01	7.391678190509971824e-02	3.297931471041189166e-02	7.960508549395521605e-02
1.232180073418000802e+03	2.399069876868105133e-01	1.602770967657705381e-01	2.580358868107213710e-01	1.551624354645856907e-01	7.395507883337051891e-02	3.300309200518652258e-02	7.965942243319751315e-02
1.233631404482097196e+03	2.397080346773098614e-01	1.601519708451537849e-01	2.581596799288869426e-01	1.552465256578813291e-01	7.399331338238120115e-02	3.302682167150904763e-02	7.971365383652051495e-02
1.235082735546193817e+03	2.395094970697069781e-01	1.600269995945924617e-01	2.582832261505933480e-01	1.553305076354849212e-01	7.403148563560295325e-02	3.305050387452103389e-02	7.976778003914103410e-02
1.236534066610290438e+03	2.393113738281910929e-01	1.599021829953431173e-01	2.584065260818929066e-01	1.554143812655247314e-01	7.406959567657854515e-02	3.307413877814394110e-02	7.982180137396839570e-02
1.237985397674387059e+03	2.391136639200859004e-01	1.597775210276536628e-01	2.585295803268645165e-01	1.554981464194006846e-01	7.410764358891928916e-02	3.309772654509168105e-02	7.987571817162709975e-02
1.239436728738483680e+03	2.389163663158385409e-01	1.596530136707693948e-01	2.586523894876220919e-01	1.555818029717487005e-01	7.414562945630187585e-02	3.312126733688303126e-02	7.992953076047916439e-02
1.240888059802580301e+03	2.387194799890090813e-01	1.595286609029393510e-01	2.587749541643232787e-01	1.556653508004053610e-01	7.418355336246551524e-02	3.314476131385392377e-02	7.998323946664631645e-02
1.242339390866676695e+03	2.385230039162598015e-01	1.594044627014221949e-01	2.588972749551775032e-01	1.557487897863729098e-01	7.422141539120899467e-02	3.316820863516954654e-02	8.003684461403190453e-02
1.243790721930773088e+03	2.383269370773445084e-01	1.592804190424925992e-01	2.590193524564543548e-01	1.558321198137845309e-01	7.425921562638786166e-02	3.319160945883635472e-02	8.009034652434264545e-02
1.245242052994869937e+03	2.381312784550980721e-01	1.591565299014471024e-01	2.591411872624920232e-01	1.559153407698699867e-01	7.429695415191173158e-02	3.321496394171385980e-02	8.014374551711006545e-02
1.246693384058966330e+03	2.379360270354256568e-01	1.590327952526102429e-01	2.592627799657054033e-01	1.559984525449216730e-01	7.433463105174165086e-02	3.323827223952637022e-02	8.019704190971180258e-02
1.248144715123063179e+03	2.377411818072924232e-01	1.589092150693406369e-01	2.593841311565943664e-01	1.560814550322608407e-01	7.437224640988748803e-02	3.326153450687450303e-02	8.025023601739258994e-02
1.249596046187159800e+03	2.375467417627127875e-01	1.587857893240368079e-01	2.595052414237516425e-01	1.561643481282044277e-01	7.440980031040539400e-02	3.328475089724663993e-02	8.030332815328516949e-02
1.251047377251256421e+03	2.373527058967402070e-01	1.586625179881432923e-01	2.596261113538711474e-01	1.562471317320317798e-01	7.444729283739540127e-02	3.330792156303019613e-02	8.035631862843083117e-02
1.252498708315352815e+03	2.371590732074566055e-01	1.585394010321564684e-01	2.597467415317559758e-01	1.563298057459521773e-01	7.448472407499900916e-02	3.333104665552277801e-02	8.040920775179982716e-02
1.253950039379449436e+03	2.369658426959620479e-01	1.584164384256305513e-01	2.598671325403262844e-01	1.564123700750723045e-01	7.452209410739683848e-02	3.335412632494320212e-02	8.046199583031159175e-02
1.255401370443546057e+03	2.367730133663643599e-01	1.582936301371834220e-01	2.599872849606273406e-01	1.564948246273642762e-01	7.455940301880636945e-02	3.337716072044239618e-02	8.051468316885466991e-02
1.256852701507642678e+03	2.365805842257688307e-01	1.581709761345023724e-01	2.601071993718373498e-01	1.565771693136338572e-01	7.459665089347974898e-02	3.340014999011419600e-02	8.056727007030652088e-02
1.258304032571739299e+03	2.363885542842679433e-01	1.580484763843500451e-01	2.602268763512753380e-01	1.566594040474890148e-01	7.463383781570154252e-02	3.342309428100594115e-02	8.061975683555304417e-02
1.259755363635835920e+03	2.361969225549311047e-01	1.579261308525702068e-01	2.603463164744088676e-01	1.567415287453088613e-01	7.467096386978670786e-02	3.344599373912905682e-02	8.067214376350802241e-02
1.261206694699932314e+03	2.360056880537944601e-01	1.578039395040933823e-01	2.604655203148620868e-01	1.568235433262128165e-01	7.470802914007847184e-02	3.346884850946942741e-02	8.072443115113218937e-02
1.262658025764028707e+03	2.358148497998506510e-01	1.576819023029427391e-01	2.605844884444231679e-01	1.569054477120300772e-01	7.474503371094630422e-02	3.349165873599768695e-02	8.077661929345220093e-02
1.264109356828125556e+03	2.356244068150388227e-01	1.575600192122396936e-01	2.607032214330519682e-01	1.569872418272695302e-01	7.478197766678396086e-02	3.351442456167940537e-02	8.082870848357949500e-02
1.265560687892221949e+03	2.354343581242342720e-01	1.574382901942096291e-01	2.608217198488878008e-01	1.570689255990897204e-01	7.481886109200751311e-02	3.353714612848514298e-02	8.088069901272874895e-02
1.267012018956318798e+03	2.352447027552387326e-01	1.573167152101874744e-01	2.609399842582571516e-01	1.571504989572693467e-01	7.485568407105350208e-02	3.355982357740039390e-02	8.093259117023628157e-02
1.268463350020415419e+03	2.350554397387699668e-01	1.571952942206233383e-01	2.610580152256808395e-01	1.572319618341779246e-01	7.489244668837705121e-02	3.358245704843541846e-02	8.098438524357830237e-02
1.269914681084511813e+03	2.348665681084520507e-01	1.570740271850881720e-01	2.611758133138818994e-01	1.573133141647468647e-01	7.492914902845002056e-02	3.360504668063497152e-02	8.103608151838885554e-02
1.271366012148608434e+03	2.346780869008052717e-01	1.569529140622792363e-01	2.612933790837929093e-01	1.573945558864406902e-01	7.496579117575928597e-02	3.362759261208789902e-02	8.108768027847761128e-02
1.272817343212705055e+03	2.344899951552361361e-01	1.568319548100256811e-01	2.614107130945633184e-01	1.574756869392286429e-01	7.500237321480496266e-02	3.365009497993665111e-02	8.113918180584751838e-02
1.274268674276801676e+03	2.343022919140276827e-01	1.567111493852940685e-01	2.615278159035669958e-01	1.575567072655565393e-01	7.503889523009868445e-02	3.367255392038672607e-02	8.119058638071226242e-02
1.275720005340898297e+03	2.341149762223294073e-01	1.565904977441937573e-01	2.616446880664096142e-01	1.576376168103190145e-01	7.507535730616192449e-02	3.369496956871591287e-02	8.124189428151346037e-02
1.277171336404994690e+03	2.339280471281474927e-01	1.564699998419824545e-01	2.617613301369356993e-01	1.577184155208317673e-01	7.511175952752438545e-02	3.371734205928350603e-02	8.129310578493777195e-02
1.278622667469091539e+03	2.337415036823351222e-01	1.563496556330716269e-01	2.618777426672361797e-01	1.577991033468045257e-01	7.514810197872237585e-02	3.373967152553940946e-02	8.134422116593385821e-02
1.280073998533187932e+03	2.335553449385825708e-01	1.562294650710318866e-01	2.619939262076554920e-01	1.578796802403138466e-01	7.518438474429720020e-02	3.376195810003312231e-02	8.139524069772902104e-02
1.281525329597284326e+03	2.333695699534075740e-01	1.561094281085983471e-01	2.621098813067987976e-01	1.579601461557764430e-01	7.522060790879363246e-02	3.378420191442265547e-02	8.144616465184575937e-02
1.282976660661381175e+03	2.331841777861455578e-01	1.559895446976759248e-01	2.622256085115390878e-01	1.580405010499228158e-01	7.525677155675834784e-02	3.380640309948328148e-02	8.149699329811820048e-02
1.284427991725477568e+03	2.329991674989400630e-01	1.558698147893447794e-01	2.623411083670244559e-01	1.581207448817709416e-01	7.529287577273846566e-02	3.382856178511627759e-02	8.154772690470826757e-02
1.285879322789574417e+03	2.328145381567330585e-01	1.557502383338655316e-01	2.624563814166850362e-01	1.582008776126003768e-01	7.532892064128006437e-02	3.385067810035752994e-02	8.159836573812172256e-02
1.287330653853671038e+03	2.326302888272553104e-01	1.556308152806845368e-01	2.625714282022399981e-01	1.582808992059266950e-01	7.536490624692676610e-02	3.387275217338603372e-02	8.164891006322402833e-02
1.288781984917767431e+03	2.324464185810170003e-01	1.555115455784391310e-01	2.626862492637047075e-01	1.583608096274759514e-01	7.540083267421821001e-02	3.389478413153233088e-02	8.169936014325605844e-02
1.290233315981864052e+03	2.322629264912979552e-01	1.553924291749628483e-01	2.628008451393976652e-01	1.584406088451596750e-01	7.543670000768878947e-02	3.391677410128679515e-02	8.174971623984965408e-02
