1.001418434226643626e+03	2.776244386982132384e-01	1.821115808846049955e-01	2.347503867394967469e-01	1.406357473781010836e-01	6.703953868909905134e-02	2.845620488676902510e-02	6.938210272335781914e-02
1.003837319333471214e+03	2.771558254131847310e-01	1.818640832063478374e-01	2.350383237671010983e-01	1.407963948423991973e-01	6.711977802382497471e-02	2.851452134920112041e-02	6.951107339758298698e-02
1.006256204440298802e+03	2.766889120710373517e-01	1.816170099730237686e-01	2.353252012612681576e-01	1.409569392719620395e-01	6.719995858409197331e-02	2.857249708815778541e-02	6.963948175010081787e-02
1.008675089547126618e+03	2.762236916763391448e-01	1.813703618350549773e-01	2.356110255545812715e-01	1.411173809534286838e-01	6.728006809905402730e-02	2.863014055184702131e-02	6.976733132933674031e-02
1.011093974653954206e+03	2.757601572607147888e-01	1.811241394152487416e-01	2.358958028168153809e-01	1.412777196923750422e-01	6.736009536417937593e-02	2.868745963205789409e-02	6.989462581825070520e-02
1.013512859760782021e+03	2.752983018831385298e-01	1.808783433102495453e-01	2.361795390666002192e-01	1.414379548635866513e-01	6.744003015165798975e-02	2.874446171299169239e-02	7.002136901141726988e-02
1.015931744867609382e+03	2.748381186301911971e-01	1.806329740918767301e-01	2.364622401821154241e-01	1.415980854569189595e-01	6.751986312824269365e-02	2.880115371544541419e-02	7.014756479485144414e-02
1.018350629974437197e+03	2.743796006162848022e-01	1.803880323083562331e-01	2.367439119108976364e-01	1.417581101191152937e-01	6.759958577992186690e-02	2.885754213680789826e-02	7.027321712825813915e-02
1.020769515081264785e+03	2.739227409838569383e-01	1.801435184854560112e-01	2.370245598788338348e-01	1.419180271919236735e-01	6.767919034286797031e-02	2.891363308728182868e-02	7.039833002942164075e-02
1.023188400188092373e+03	2.734675329035381464e-01	1.798994331275325653e-01	2.373041895984082383e-01	1.420778347468252545e-01	6.775866974015019861e-02	2.896943232270252078e-02	7.052290756048494591e-02
1.025607285294920075e+03	2.730139695742938022e-01	1.796557767184963073e-01	2.375828064762656733e-01	1.422375306166613063e-01	6.783801752373937177e-02	2.902494527428683274e-02	7.064695381589862488e-02
1.028026170401747549e+03	2.725620442235428542e-01	1.794125497227024857e-01	2.378604158201480800e-01	1.423971124244217679e-01	6.791722782137063485e-02	2.908017707561167189e-02	7.077047291184430933e-02
1.030445055508575479e+03	2.721117501072561895e-01	1.791697525857735285e-01	2.381370228452570348e-01	1.425565776094375181e-01	6.799629528786432786e-02	2.913513258709143905e-02	7.089346897696181815e-02
1.032863940615402726e+03	2.716630805100342938e-01	1.789273857353590458e-01	2.384126326800900253e-01	1.427159234511969910e-01	6.807521506053693106e-02	2.918981641819658884e-02	7.101594614422797325e-02
1.035282825722230655e+03	2.712160287451687579e-01	1.786854495818382127e-01	2.386872503717951399e-01	1.428751470909908339e-01	6.815398271836364819e-02	2.924423294763133993e-02	7.113790854385393381e-02
1.037701710829058356e+03	2.707705881546864646e-01	1.784439445189696105e-01	2.389608808910842486e-01	1.430342455515704048e-01	6.823259424458179290e-02	2.929838634166668718e-02	7.125936029708274111e-02
1.040120595935886058e+03	2.703267521093793424e-01	1.782028709244929676e-01	2.392335291367420624e-01	1.431932157549903606e-01	6.831104599244870734e-02	2.935228057080552580e-02	7.138030551078297647e-02
1.042539481042713533e+03	2.698845140088207417e-01	1.779622291606865192e-01	2.395051999397652120e-01	1.433520545387922396e-01	6.838933465389154809e-02	2.940591942493905875e-02	7.150074827274657818e-02
1.044958366149541234e+03	2.694438672813690983e-01	1.777220195748839826e-01	2.397758980671622353e-01	1.435107586706715621e-01	6.846745723080777113e-02	2.945930652713802875e-02	7.162069264760925758e-02
1.047377251256368709e+03	2.690048053841603282e-01	1.774822424999543680e-01	2.400456282254432860e-01	1.436693248617596785e-01	6.854541100879434079e-02	2.951244534620817844e-02	7.174014267332180783e-02
1.049796136363196410e+03	2.685673218030901199e-01	1.772428982547477883e-01	2.403143950638257365e-01	1.438277497786405734e-01	6.862319353310260273e-02	2.956533920812668900e-02	7.185910235810849533e-02
1.052215021470024112e+03	2.681314100527865119e-01	1.770039871445101554e-01	2.405822031771798764e-01	1.439860300542122884e-01	6.870080258663180395e-02	2.961799130646490877e-02	7.197757567785645350e-02
1.054633906576851814e+03	2.676970636765740319e-01	1.767655094612691768e-01	2.408490571087363863e-01	1.441441622974936332e-01	6.877823616978998023e-02	2.967040471189250073e-02	7.209556657388634104e-02
1.057052791683679516e+03	2.672642762464295663e-01	1.765274654841942348e-01	2.411149613525758739e-01	1.443021431024683887e-01	6.885549248206516981e-02	2.972258238084887066e-02	7.221307895105998076e-02
1.059471676790506763e+03	2.668330413629317333e-01	1.762898554799322837e-01	2.413799203559189033e-01	1.444599690560507965e-01	6.893256990516265226e-02	2.977452716345942163e-02	7.233011667618624574e-02
1.061890561897334692e+03	2.664033526552032072e-01	1.760526797029216828e-01	2.416439385212335311e-01	1.446176367452502720e-01	6.900946698757601250e-02	2.982624181076683548e-02	7.244668357669048486e-02
1.064309447004162394e+03	2.659752037808472136e-01	1.758159383956857946e-01	2.419070202081755883e-01	1.447751427636047583e-01	6.908618243047097429e-02	2.987772898134065380e-02	7.256278343951694243e-02
1.066728332110990095e+03	2.655485884258786400e-01	1.755796317891084035e-01	2.421691697353761108e-01	1.449324837169482239e-01	6.916271507477085578e-02	2.992899124732257415e-02	7.267842001023715193e-02
1.069147217217817570e+03	2.651235003046501504e-01	1.753437601026915094e-01	2.424303913820887169e-01	1.450896562285705071e-01	6.923906388934177036e-02	2.998003109995926035e-02	7.279359699234007330e-02
1.071566102324645271e+03	2.646999331597738592e-01	1.751083235447984388e-01	2.426906893897086137e-01	1.452466569438241595e-01	6.931522796018452226e-02	3.003085095466960855e-02	7.290831804668285177e-02
1.073984987431472746e+03	2.642778807620390080e-01	1.748733223128817460e-01	2.429500679631746152e-01	1.454034825342269965e-01	6.939120648054745988e-02	3.008145315568895584e-02	7.302258679108325490e-02
1.076403872538300675e+03	2.638573369103258126e-01	1.746387565936987629e-01	2.432085312722637449e-01	1.455601297011059059e-01	6.946699874188219659e-02	3.013183998032870764e-02	7.313640680003688499e-02
1.078822757645127922e+03	2.634382954315161451e-01	1.744046265635147142e-01	2.434660834527873907e-01	1.457165951788225444e-01	6.954260412557049242e-02	3.018201364288619279e-02	7.324978160454452547e-02
1.081241642751955851e+03	2.630207501804008308e-01	1.741709323882949245e-01	2.437227286076975030e-01	1.458728757376194507e-01	6.961802209535662700e-02	3.023197629823635990e-02	7.336271469203622941e-02
1.083660527858783553e+03	2.626046950395847790e-01	1.739376742238868401e-01	2.439784708081106090e-01	1.460289681861201561e-01	6.969325219042511732e-02	3.028173004513392413e-02	7.347520950638049275e-02
1.086079412965611255e+03	2.621901239193890065e-01	1.737048522161926123e-01	2.442333140942563596e-01	1.461848693735150750e-01	6.976829401906876893e-02	3.033127692925189148e-02	7.358726944796811775e-02
1.088498298072438729e+03	2.617770307577509392e-01	1.734724665013335221e-01	2.444872624763569091e-01	1.463405761914621517e-01	6.984314725289679504e-02	3.038061894598001120e-02	7.369889787386149638e-02
1.090917183179266431e+03	2.613654095201222716e-01	1.732405172058060494e-01	2.447403199354431791e-01	1.464960855757279634e-01	6.991781162153667961e-02	3.042975804300450740e-02	7.381009809800111177e-02
1.093336068286093905e+03	2.609552541993656605e-01	1.730090044466309485e-01	2.449924904241133627e-01	1.466513945075936243e-01	6.999228690778783180e-02	3.047869612268843190e-02	7.392087339146191649e-02
1.095754953392921607e+03	2.605465588156488099e-01	1.727779283314956615e-01	2.452437778672381941e-01	1.468065000150473309e-01	7.006657294318824336e-02	3.052743504427025967e-02	7.403122698275324542e-02
1.098173838499749309e+03	2.601393174163382227e-01	1.725472889588905434e-01	2.454941861626177280e-01	1.469613991737834524e-01	7.014066960395885786e-02	3.057597662589667947e-02	7.414116205815628191e-02
1.100592723606577010e+03	2.597335240758908981e-01	1.723170864182394235e-01	2.457437191815937672e-01	1.471160891080260658e-01	7.021457680729342732e-02	3.062432264650406452e-02	7.425068176209410897e-02
1.103011608713404712e+03	2.593291728957451969e-01	1.720873207900250057e-01	2.459923807696213216e-01	1.472705669911945070e-01	7.028829450796411638e-02	3.067247484756180018e-02	7.435978919752980754e-02
1.105430493820231959e+03	2.589262580042104855e-01	1.718579921459094106e-01	2.462401747468028756e-01	1.474248300464249817e-01	7.036182269521600030e-02	3.072043493468946951e-02	7.446848742638846608e-02
1.107849378927059888e+03	2.585247735563563909e-01	1.716291005488503885e-01	2.464871049083883214e-01	1.475788755469628899e-01	7.043516138992540754e-02	3.076820457915872137e-02	7.457677946999954899e-02
1.110268264033887590e+03	2.581247137339005571e-01	1.714006460532132847e-01	2.467331750252435285e-01	1.477327008164381894e-01	7.050831064199990228e-02	3.081578541928976789e-02	7.468466830955643176e-02
1.112687149140715292e+03	2.577260727450963462e-01	1.711726287048793149e-01	2.469783888442902142e-01	1.478863032290352875e-01	7.058127052799881285e-02	3.086317906175144871e-02	7.479215688659029970e-02
1.115106034247542766e+03	2.573288448246193738e-01	1.709450485413503418e-01	2.472227500889192242e-01	1.480396802095682307e-01	7.065404114895559862e-02	3.091038708277311919e-02	7.489924810345581496e-02
1.117524919354370468e+03	2.569330242334544323e-01	1.707179055918503774e-01	2.474662624593797766e-01	1.481928292334702413e-01	7.072662262838474989e-02	3.095741102927571792e-02	7.500594482382638706e-02
1.119943804461197942e+03	2.565386052587809718e-01	1.704911998774241155e-01	2.477089296331463908e-01	1.483457478267071195e-01	7.079901511045721962e-02	3.100425241992887590e-02	7.511224987319700674e-02
1.122362689568025871e+03	2.561455822138588023e-01	1.702649314110326051e-01	2.479507552652653879e-01	1.484984335656217014e-01	7.087121875833009288e-02	3.105091274614017391e-02	7.521816603939290857e-02
1.124781574674853118e+03	2.557539494379136302e-01	1.700391001976464533e-01	2.481917429886826842e-01	1.486508840767169215e-01	7.094323375261728237e-02	3.109739347298219950e-02	7.532369607308259107e-02
1.127200459781681047e+03	2.553637012960218722e-01	1.698137062343364201e-01	2.484318964145543485e-01	1.488030970363842242e-01	7.101506028998888498e-02	3.114369604006249695e-02	7.542884268829352923e-02
1.129619344888508749e+03	2.549748321789957473e-01	1.695887495103620690e-01	2.486712191325413657e-01	1.489550701705831537e-01	7.108669858188855495e-02	3.118982186234110082e-02	7.553360856292977432e-02
1.132038229995336451e+03	2.545873365032681468e-01	1.693642300072580598e-01	2.489097147110897745e-01	1.491068012544775334e-01	7.115814885335841611e-02	3.123577233089987193e-02	7.563799633928995625e-02
1.134457115102163925e+03	2.542012087107772822e-01	1.691401476989186081e-01	2.491473866976974261e-01	1.492582881120334548e-01	7.122941134196242308e-02	3.128154881366752849e-02	7.574200862458499439e-02
1.136876000208991627e+03	2.538164432688514438e-01	1.689165025516801699e-01	2.493842386191685023e-01	1.494095286155831259e-01	7.130048629679987260e-02	3.132715265610389738e-02	7.584564799145462888e-02
1.139294885315819101e+03	2.534330346700938708e-01	1.686932945244023485e-01	2.496202739818565441e-01	1.495605206853594660e-01	7.137137397760100199e-02	3.137258518184659478e-02	7.594891697848182854e-02
1.141713770422646803e+03	2.530509774322672323e-01	1.684705235685471647e-01	2.498554962718971817e-01	1.497112622890041655e-01	7.144207465389798561e-02	3.141784769332312682e-02	7.605181809070481191e-02
1.144132655529474505e+03	2.526702660981787751e-01	1.682481896282569389e-01	2.500899089554310395e-01	1.498617514410536811e-01	7.151258860426458475e-02	3.146294147233098110e-02	7.615435380012573752e-02
1.146551540636302207e+03	2.522908952355651380e-01	1.680262926404306745e-01	2.503235154788178707e-01	1.500119862024051898e-01	7.158291611561873324e-02	3.150786778058831811e-02	7.625652654621575821e-02
1.148970425743129908e+03	2.519128594369776653e-01	1.678048325347992753e-01	2.505563192688424756e-01	1.501619646797663077e-01	7.165305748258264662e-02	3.155262786025735122e-02	7.635833873641593994e-02
1.151389310849957155e+03	2.515361533196675548e-01	1.675838092339992924e-01	2.507883237329128212e-01	1.503116850250902359e-01	7.172301300689547243e-02	3.159722293444252456e-02	7.645979274663373959e-02
1.153808195956785084e+03	2.511607715254712270e-01	1.673632226536456435e-01	2.510195322592515543e-01	1.504611454349991662e-01	7.179278299687401332e-02	3.164165420766537618e-02	7.656089092173461175e-02
1.156227081063612786e+03	2.507867087206963053e-01	1.671430727024030838e-01	2.512499482170805765e-01	1.506103441501978613e-01	7.186236776691745654e-02	3.168592286631774502e-02	7.666163557602855005e-02
1.158645966170440488e+03	2.504139595960072073e-01	1.669233592820568157e-01	2.514795749567997341e-01	1.507592794548793247e-01	7.193176763705223797e-02	3.173003007909493828e-02	7.676202899375127175e-02
1.161064851277267962e+03	2.500425188663115139e-01	1.667040822875820172e-01	2.517084158101600688e-01	1.509079496761240591e-01	7.200098293251379344e-02	3.177397699741020543e-02	7.686207342953986499e-02
1.163483736384095664e+03	2.496723812706463097e-01	1.664852416072122032e-01	2.519364740904318500e-01	1.510563531832948003e-01	7.207001398336179698e-02	3.181776475579189967e-02	7.696177110890273232e-02
1.165902621490923138e+03	2.493035415720649128e-01	1.662668371225069774e-01	2.521637530925674997e-01	1.512044883874277545e-01	7.213886112412631890e-02	3.186139447226453425e-02	7.706112422868365008e-02
1.168321506597751068e+03	2.489359945575238542e-01	1.660488687084187287e-01	2.523902560933602990e-01	1.513523537406219754e-01	7.220752469348207248e-02	3.190486724871473279e-02	7.716013495751991580e-02
1.170740391704578315e+03	2.485697350377701897e-01	1.658313362333587448e-01	2.526159863515990978e-01	1.514999477354276314e-01	7.227600503394840392e-02	3.194818417124319770e-02	7.725880543629434771e-02
1.173159276811406244e+03	2.482047578472290628e-01	1.656142395592621608e-01	2.528409471082186943e-01	1.516472689042342170e-01	7.234430249161276361e-02	3.199134631050352257e-02	7.735713777858121976e-02
1.175578161918233945e+03	2.478410578438917100e-01	1.653975785416523514e-01	2.530651415864467735e-01	1.517943158186600139e-01	7.241241741587599312e-02	3.203435472202876416e-02	7.745513407108599313e-02
1.177997047025061647e+03	2.474786299092037178e-01	1.651813530297047417e-01	2.532885729919476248e-01	1.519410870889431331e-01	7.248035015921712454e-02	3.207721044654649606e-02	7.755279637407883064e-02
1.180415932131889122e+03	2.471174689479536668e-01	1.649655628663094786e-01	2.535112445129623082e-01	1.520875813633350004e-01	7.254810107697630406e-02	3.211991451028309991e-02	7.765012672182174114e-02
1.182834817238716823e+03	2.467575698881620816e-01	1.647502078881339926e-01	2.537331593204463775e-01	1.522337973274971723e-01	7.261567052715435511e-02	3.216246792525791903e-02	7.774712712298968709e-02
1.185253702345544298e+03	2.463989276809708528e-01	1.645352879256843370e-01	2.539543205682041060e-01	1.523797337039017874e-01	7.268305887022739886e-02	3.220487168956788493e-02	7.784379956108523901e-02
1.187672587452371999e+03	2.460415373005327977e-01	1.643208028033663615e-01	2.541747313930206587e-01	1.525253892512361542e-01	7.275026646897533866e-02	3.224712678766318563e-02	7.794014599484708206e-02
1.190091472559199701e+03	2.456853937439019142e-01	1.641067523395459971e-01	2.543943949147915995e-01	1.526707627638121956e-01	7.281729368832315363e-02	3.228923419061444783e-02	7.803616835865227752e-02
1.192510357666027403e+03	2.453304920309237469e-01	1.638931363466089586e-01	2.546133142366499569e-01	1.528158530709808893e-01	7.288414089519375250e-02	3.233119485637196699e-02	7.813186856291226556e-02
1.194929242772855105e+03	2.449768272041263628e-01	1.636799546310200582e-01	2.548314924450911789e-01	1.529606590365521490e-01	7.295080845837159655e-02	3.237300973001733945e-02	7.822724849446283102e-02
1.197348127879682352e+03	2.446243943286114941e-01	1.634672069933817140e-01	2.550489326100960352e-01	1.531051795582204778e-01	7.301729674837593997e-02	3.241467974400796814e-02	7.832231001694783812e-02
1.199767012986510281e+03	2.442731884919462360e-01	1.632548932284920984e-01	2.552656377852516312e-01	1.532494135669966173e-01	7.308360613734324329e-02	3.245620581841475449e-02	7.841705497119694224e-02
1.202185898093337983e+03	2.439232048040550493e-01	1.630430131254026194e-01	2.554816110078700353e-01	1.533933600266454700e-01	7.314973699891771930e-02	3.249758886115336476e-02	7.851148517559727869e-02
1.204604783200165684e+03	2.435744383971122917e-01	1.628315664674750418e-01	2.556968552991059629e-01	1.535370179331304041e-01	7.321568970814941457e-02	3.253882976820934164e-02	7.860560242645915630e-02
1.207023668306993159e+03	2.432268844254349971e-01	1.626205530324378867e-01	2.559113736640719061e-01	1.536803863140642490e-01	7.328146464139927152e-02	3.257992942385740109e-02	7.869940849837589458e-02
1.209442553413820860e+03	2.428805380653762391e-01	1.624099725924424975e-01	2.561251690919522650e-01	1.538234642281671172e-01	7.334706217625056035e-02	3.262088870087512943e-02	7.879290514457777672e-02
1.211861438520648335e+03	2.425353945152187995e-01	1.621998249141186066e-01	2.563382445561157019e-01	1.539662507647307499e-01	7.341248269142604255e-02	3.266170846075140688e-02	7.888609409728025712e-02
1.214280323627476264e+03	2.421914489950692251e-01	1.619901097586292915e-01	2.565506030142259974e-01	1.541087450430902728e-01	7.347772656671072711e-02	3.270238955388970331e-02	7.897897706802642359e-02
1.216699208734303511e+03	2.418486967467523563e-01	1.617808268817256534e-01	2.567622474083513517e-01	1.542509462121026131e-01	7.354279418287933134e-02	3.274293281980650977e-02	7.907155574802382514e-02
1.219118093841131440e+03	2.415071330337063282e-01	1.615719760338008848e-01	2.569731806650726869e-01	1.543928534496323834e-01	7.360768592162841850e-02	3.278333908732515567e-02	7.916383180847579026e-02
1.221536978947959142e+03	2.411667531408778764e-01	1.613635569599439490e-01	2.571834056955903391e-01	1.545344659620445371e-01	7.367240216551271259e-02	3.282360917476507406e-02	7.925580690090713865e-02
1.223955864054786844e+03	2.408275523746181701e-01	1.611555693999927874e-01	2.573929253958296970e-01	1.546757829837044074e-01	7.373694329788517410e-02	3.286374389012681335e-02	7.934748265748456375e-02
1.226374749161614318e+03	2.404895260625790621e-01	1.609480130885871108e-01	2.576017426465453397e-01	1.548168037764847960e-01	7.380130970284072556e-02	3.290374403127290653e-02	7.943886069133165861e-02
1.228793634268442020e+03	2.401526695536096156e-01	1.607408877552208293e-01	2.578098603134244549e-01	1.549575276292803339e-01	7.386550176516314126e-02	3.294361038610472275e-02	7.952994259683857092e-02
1.231212519375269494e+03	2.398169782176532705e-01	1.605341931242938447e-01	2.580172812471884791e-01	1.550979538575289474e-01	7.392951987027503169e-02	3.298334373273553721e-02	7.962072994996657882e-02
1.233631404482097196e+03	2.394824474456453134e-01	1.603279289151637033e-01	2.582240082836944062e-01	1.552380818027404574e-01	7.399336440419058969e-02	3.302294483965980548e-02	7.971122430854743479e-02
1.236050289588924898e+03	2.391490726494108765e-01	1.601220948421966106e-01	2.584300442440343737e-01	1.553779108320323399e-01	7.405703575347086232e-02	3.306241446591894062e-02	7.980142721257774130e-02
1.238469174695752372e+03	2.388168492615632410e-01	1.599166906148181133e-01	2.586353919346345842e-01	1.555174403376724523e-01	7.412053430518140973e-02	3.310175336126359308e-02	7.989134018450833041e-02
1.240888059802580301e+03	2.384857727354026125e-01	1.597117159375634754e-01	2.588400541473531713e-01	1.556566697366290053e-01	7.418386044685219838e-02	3.314096226631255138e-02	7.998096472952871683e-02
1.243306944909407548e+03	2.381558385448153958e-01	1.595071705101274717e-01	2.590440336595770665e-01	1.557955984701271945e-01	7.424701456643946484e-02	3.318004191270845088e-02	8.007030233584673529e-02
1.245725830016235477e+03	2.378270421841738591e-01	1.593030540274139595e-01	2.592473332343177561e-01	1.559342260032130223e-01	7.430999705228949481e-02	3.321899302327028375e-02	8.015935447496341792e-02
1.248144715123063179e+03	2.374993791682362132e-01	1.590993661795849501e-01	2.594499556203063162e-01	1.560725518243239740e-01	7.437280829310417840e-02	3.325781631214290435e-02	8.024812260194323643e-02
1.250563600229890881e+03	2.371728450320471360e-01	1.588961066521094034e-01	2.596519035520876151e-01	1.562105754448663009e-01	7.443544867790809205e-02	3.329651248494350929e-02	8.033660815567972291e-02
1.252982485336718355e+03	2.368474353308387403e-01	1.586932751258114949e-01	2.598531797501133500e-01	1.563482963987993246e-01	7.449791859601712085e-02	3.333508223890529337e-02	8.042481255915648330e-02
1.255401370443546057e+03	2.365231456399319032e-01	1.584908712769186045e-01	2.600537869208345287e-01	1.564857142422260150e-01	7.456021843700857965e-02	3.337352626301828135e-02	8.051273721970389485e-02
1.257820255550373531e+03	2.361999715546383161e-01	1.582888947771089738e-01	2.602537277567927299e-01	1.566228285529906450e-01	7.462234859069245829e-02	3.341184523816742580e-02	8.060038352925129324e-02
1.260239140657201460e+03	2.358779086901624522e-01	1.580873452935588896e-01	2.604530049367109190e-01	1.567596389302825244e-01	7.468430944708398522e-02	3.345003983726806129e-02	8.068775286457489926e-02
1.262658025764028707e+03	2.355569526815044501e-01	1.578862224889895916e-01	2.606516211255834325e-01	1.568961449942465336e-01	7.474610139637734296e-02	3.348811072539877032e-02	8.077484658754154057e-02
1.265076910870856636e+03	2.352370991833632463e-01	1.576855260217137622e-01	2.608495789747647953e-01	1.570323463855997081e-01	7.480772482892034114e-02	3.352605855993173734e-02	8.086166604534804347e-02
1.267495795977684338e+03	2.349183438700399862e-01	1.574852555456817127e-01	2.610468811220581498e-01	1.571682427652543179e-01	7.486918013519018589e-02	3.356388399066063954e-02	8.094821257075672516e-02
1.269914681084511813e+03	2.346006824353421838e-01	1.572854107105270127e-01	2.612435301918026309e-01	1.573038338139469972e-01	7.493046770577008187e-02	3.360158765992612290e-02	8.103448748232666698e-02
1.272333566191339514e+03	2.342841105924880762e-01	1.570859911616122317e-01	2.614395287949602409e-01	1.574391192318742583e-01	7.499158793132672252e-02	3.363917020273898134e-02	8.112049208464115757e-02
1.274752451298167216e+03	2.339686240740115331e-01	1.568869965400737920e-01	2.616348795292019469e-01	1.575740987383336122e-01	7.505254120258865458e-02	3.367663224690101847e-02	8.120622766853111130e-02
1.277171336404994690e+03	2.336542186316672154e-01	1.566884264828668216e-01	2.618295849789928353e-01	1.577087720713710173e-01	7.511332791032533651e-02	3.371397441312369569e-02	8.129169551129472593e-02
1.279590221511822392e+03	2.333408900363364846e-01	1.564902806228095355e-01	2.620236477156768218e-01	1.578431389874340174e-01	7.517394844532691855e-02	3.375119731514455296e-02	8.137689687691332385e-02
1.282009106618650094e+03	2.330286340779333942e-01	1.562925585886273949e-01	2.622170702975603618e-01	1.579771992610307652e-01	7.523440319838474444e-02	3.378830155984157563e-02	8.146183301626347406e-02
1.284427991725477568e+03	2.327174465653112923e-01	1.560952600049967387e-01	2.624098552699957732e-01	1.581109526843945401e-01	7.529469256027244983e-02	3.382528774734541721e-02	8.154650516732546428e-02
1.286846876832305497e+03	2.324073233261699234e-01	1.558983844925881934e-01	2.626020051654638920e-01	1.582443990671542067e-01	7.535481692172765755e-02	3.386215647114959593e-02	8.163091455538826202e-02
1.289265761939132744e+03	2.320982602069628087e-01	1.557019316681098053e-01	2.627935225036555078e-01	1.583775382360098072e-01	7.541477667343429725e-02	3.389890831821869982e-02	8.171506239325083965e-02
1.291684647045960673e+03	2.317902530728051247e-01	1.555059011443497285e-01	2.629844097915527423e-01	1.585103700344139832e-01	7.547457220600539696e-02	3.393554386909464204e-02	8.179894988142004386e-02
1.294103532152788375e+03	2.314832978073819991e-01	1.553102925302187187e-01	2.631746695235098743e-01	1.586428943222585874e-01	7.553420390996644362e-02	3.397206369800098019e-02	8.188257820830513456e-02
1.296522417259616077e+03	2.311773903128571117e-01	1.551151054307921551e-01	2.633643041813326091e-01	1.587751109755664303e-01	7.559367217573917386e-02	3.400846837294539682e-02	8.196594855040886807e-02
1.298941302366443551e+03	2.308725265097820167e-01	1.549203394473518403e-01	2.635533162343576263e-01	1.589070198861885774e-01	7.565297739362589202e-02	3.404475845582032728e-02	8.204906207251540240e-02
1.301360187473271253e+03	2.305687023370056321e-01	1.547259941774274394e-01	2.637417081395313501e-01	1.590386209615065050e-01	7.571211995379414916e-02	3.408093450250175571e-02	8.213191992787485796e-02
1.303779072580098727e+03	2.302659137515841725e-01	1.545320692148376418e-01	2.639294823414875535e-01	1.591699141241392224e-01	7.577110024626199092e-02	3.411699706294632484e-02	8.221452325838471409e-02
1.306197957686926657e+03	2.299641567286917210e-01	1.543385641497310445e-01	2.641166412726249635e-01	1.593008993116557248e-01	7.582991866088335808e-02	3.415294668128665556e-02	8.229687319476815255e-02
1.308616842793753904e+03	2.296634272615308281e-01	1.541454785686266205e-01	2.643031873531839215e-01	1.594315764762919141e-01	7.588857558733409781e-02	3.418878389592498734e-02	8.237897085674923681e-02
1.311035727900581833e+03	2.293637213612440273e-01	1.539528120544537970e-01	2.644891229913225450e-01	1.595619455846726820e-01	7.594707141509829396e-02	3.422450923962518099e-02	8.246081735322510764e-02
1.313454613007409534e+03	2.290650350568252391e-01	1.537605641865925910e-01	2.646744505831922778e-01	1.596920066175383790e-01	7.600540653345484732e-02	3.426012323960306305e-02	8.254241378243520888e-02
1.315873498114237009e+03	2.287673643950321190e-01	1.535687345409131044e-01	2.648591725130129970e-01	1.598217595694761684e-01	7.606358133146444434e-02	3.429562641761519509e-02	8.262376123212761270e-02
1.318292383221064711e+03	2.284707054402983772e-01	1.533773226898147990e-01	2.650432911531471758e-01	1.599512044486558759e-01	7.612159619795699772e-02	3.433101929004608172e-02	8.270486077972240280e-02
1.320711268327892412e+03	2.281750542746468213e-01	1.531863282022654649e-01	2.652268088641738242e-01	1.600803412765703926e-01	7.617945152151911481e-02	3.436630236799381038e-02	8.278571349247235145e-02
1.323130153434719887e+03	2.278804069976025637e-01	1.529957506438400505e-01	2.654097279949617083e-01	1.602091700877804337e-01	7.623714769048209328e-02	3.440147615735420633e-02	8.286632042762069605e-02
1.325549038541547588e+03	2.275867597261069797e-01	1.528055895767589378e-01	2.655920508827421256e-01	1.603376909296636010e-01	7.629468509291016665e-02	3.443654115890354417e-02	8.294668263255633445e-02
1.327967923648375290e+03	2.272941085944317485e-01	1.526158445599261337e-01	2.657737798531810691e-01	1.604659038621679690e-01	7.635206411658895798e-02	3.447149786837971214e-02	8.302680114496620301e-02
1.330386808755202765e+03	2.270024497540933661e-01	1.524265151489670456e-01	2.659549172204505041e-01	1.605938089575695282e-01	7.640928514901419721e-02	3.450634677656208571e-02	8.310667699298511513e-02
1.332805693862030694e+03	2.267117793737682685e-01	1.522376008962660343e-01	2.661354652872997550e-01	1.607214063002340987e-01	7.646634857738086877e-02	3.454108836934986076e-02	8.318631119534300455e-02
1.335224578968857941e+03	2.264220936392081773e-01	1.520491013510036626e-01	2.663154263451257275e-01	1.608486959863831278e-01	7.652325478857235908e-02	3.457572312783913776e-02	8.326570476150964295e-02
1.337643464075685870e+03	2.261333887531559450e-01	1.518610160591936931e-01	2.664948026740432963e-01	1.609756781238635692e-01	7.658000416915007602e-02	3.461025152839856261e-02	8.334485869183676232e-02
1.340062349182513572e+03	2.258456609352616495e-01	1.516733445637196975e-01	2.666735965429540833e-01	1.611023528319216469e-01	7.663659710534315161e-02	3.464467404274373247e-02	8.342377397769784597e-02
1.342481234289341273e+03	2.255589064219993833e-01	1.514860864043715283e-01	2.668518102096161804e-01	1.612287202409805609e-01	7.669303398303846386e-02	3.467899113801023447e-02	8.350245160162546310e-02
1.344900119396168748e+03	2.252731214665842085e-01	1.512992411178813446e-01	2.670294459207118720e-01	1.613547804924219120e-01	7.674931518777085293e-02	3.471320327682544254e-02	8.358089253744624414e-02
1.347319004502996449e+03	2.249883023388895287e-01	1.511128082379595561e-01	2.672065059119158037e-01	1.614805337383709571e-01	7.680544110471353159e-02	3.474731091737906508e-02	8.365909775041348306e-02
1.349737889609823924e+03	2.247044453253649599e-01	1.509267872953303224e-01	2.673829924079623721e-01	1.616059801414855002e-01	7.686141211866878709e-02	3.478131451349245062e-02	8.373706819733753304e-02
1.352156774716651853e+03	2.244215467289545907e-01	1.507411778177669137e-01	2.675589076227126717e-01	1.617311198747484469e-01	7.691722861405875245e-02	3.481521451468667927e-02	8.381480482671388454e-02
1.354575659823479100e+03	2.241396028690156861e-01	1.505559793301266547e-01	2.677342537592206084e-01	1.618559531212638292e-01	7.697289097491651078e-02	3.484901136624952989e-02	8.389230857884909243e-02
1.356994544930307029e+03	2.238586100812375024e-01	1.503711913543857304e-01	2.679090330097991246e-01	1.619804800740564654e-01	7.702839958487735228e-02	3.488270550930118452e-02	8.396958038598448248e-02
1.359413430037134731e+03	2.235785647175610180e-01	1.501868134096737972e-01	2.680832475560853689e-01	1.621047009358748958e-01	7.708375482717018390e-02	3.491629738085887807e-02	8.404662117241777641e-02
1.361832315143962205e+03	2.232994631460984147e-01	1.500028450123079560e-01	2.682568995691057001e-01	1.622286159189978705e-01	7.713895708460913325e-02	3.494978741390037530e-02	8.412343185462253792e-02
1.364251200250789907e+03	2.230213017510535300e-01	1.498192856758268632e-01	2.684299912093401352e-01	1.623522252450440295e-01	7.719400673958543013e-02	3.498317603742639309e-02	8.420001334136568982e-02
1.366670085357617609e+03	2.227440769326423931e-01	1.496361349110243988e-01	2.686025246267862987e-01	1.624755291447849415e-01	7.724890417405932963e-02	3.501646367652187092e-02	8.427636653382289400e-02
1.369088970464445310e+03	2.224677851070142875e-01	1.494533922259832226e-01	2.687745019610227604e-01	1.625985278579612503e-01	7.730364976955229894e-02	3.504965075241625594e-02	8.435249232569201616e-02
1.371507855571272785e+03	2.221924227061730650e-01	1.492710571261077757e-01	2.689459253412724848e-01	1.627212216331021533e-01	7.735824390713934295e-02	3.508273768254266400e-02	8.442839160330459225e-02
1.373926740678100487e+03	2.219179861778989848e-01	1.490891291141573649e-01	2.691167968864649485e-01	1.628436107273477929e-01	7.741268696744146860e-02	3.511572488059610392e-02	8.450406524573539357e-02
1.376345625784927961e+03	2.216444719856708045e-01	1.489076076902786927e-01	2.692871187052985338e-01	1.629656954062748409e-01	7.746697933061838515e-02	3.514861275659061923e-02	8.457951412491013232e-02
1.378764510891755890e+03	2.213718766085884526e-01	1.487264923520383864e-01	2.694568928963021470e-01	1.630874759437250243e-01	7.752112137636125999e-02	3.518140171691547247e-02	8.465473910571126581e-02
1.381183395998583137e+03	2.211001965412959236e-01	1.485457825944551669e-01	2.696261215478962248e-01	1.632089526216366215e-01	7.757511348388575201e-02	3.521409216439037176e-02	8.472974104608201051e-02
1.383602281105411066e+03	2.208294282939044784e-01	1.483654779100317123e-01	2.697948067384536852e-01	1.633301257298788722e-01	7.762895603192507266e-02	3.524668449831969835e-02	8.480452079712855196e-02
1.386021166212238768e+03	2.205595683919165939e-01	1.481855777887863823e-01	2.699629505363603243e-01	1.634509955660890801e-01	7.768264939872332464e-02	3.527917911454585970e-02	8.487907920322054767e-02
1.388440051319066470e+03	2.202906133761498297e-01	1.480060817182846378e-01	2.701305550000744904e-01	1.635715624355128794e-01	7.773619396202882670e-02	3.531157640550165039e-02	8.495341710208982600e-02
1.390858936425893944e+03	2.200225598026613605e-01	1.478269891836701821e-01	2.702976221781867028e-01	1.636918266508468889e-01	7.778959009908775757e-02	3.534387676026175956e-02	8.502753532492744737e-02
1.393277821532721646e+03	2.197554042426729248e-01	1.476482996676959925e-01	2.704641541094786605e-01	1.638117885320842515e-01	7.784283818663781385e-02	3.537608056459338318e-02	8.510143469647905856e-02
1.395696706639549120e+03	2.194891432824958855e-01	1.474700126507549891e-01	2.706301528229816400e-01	1.639314484063628674e-01	7.789593860090202049e-02	3.540818820100592734e-02	8.517511603513866492e-02
1.398115591746377049e+03	2.192237735234569829e-01	1.472921276109104560e-01	2.707956203380351146e-01	1.640508066078160132e-01	7.794889171758276336e-02	3.544020004879989277e-02	8.524858015304072334e-02
1.400534476853204296e+03	2.189592915818240892e-01	1.471146440239263498e-01	2.709605586643440978e-01	1.641698634774259313e-01	7.800169791185582180e-02	3.547211648411490587e-02	8.532182785615072262e-02
1.402953361960032225e+03	2.186956940887328227e-01	1.469375613632972200e-01	2.711249698020365972e-01	1.642886193628795843e-01	7.805435755836467870e-02	3.550393787997690315e-02	8.539485994435411231e-02
1.405372247066859927e+03	2.184329776901130227e-01	1.467608791002780189e-01	2.712888557417206803e-01	1.644070746184270460e-01	7.810687103121476127e-02	3.553566460634454555e-02	8.546767721154385766e-02
1.407791132173687402e+03	2.181711390466159195e-01	1.465845967039136888e-01	2.714522184645408731e-01	1.645252296047423346e-01	7.815923870396807027e-02	3.556729703015477223e-02	8.554028044570631539e-02
1.410210017280515103e+03	2.179101748335416089e-01	1.464087136410682777e-01	2.716150599422342826e-01	1.646430846887866895e-01	7.821146094963768447e-02	3.559883551536760504e-02	8.561267042900583268e-02
1.412628902387342805e+03	2.176500817407668320e-01	1.462332293764542213e-01	2.717773821371864407e-01	1.647606402436740669e-01	7.826353814068248704e-02	3.563028042301020354e-02	8.568484793786769471e-02
1.415047787494170507e+03	2.173908564726731718e-01	1.460581433726610701e-01	2.719391870024866487e-01	1.648778966485391351e-01	7.831547064900207245e-02	3.566163211122011512e-02	8.575681374305980931e-02
1.417466672600997981e+03	2.171324957480755824e-01	1.458834550901840776e-01	2.721004764819826560e-01	1.649948542884074332e-01	7.836725884593165325e-02	3.569289093528781043e-02	8.582856860977286506e-02
1.419885557707825683e+03	2.168749963001512515e-01	1.457091639874527056e-01	2.722612525103355052e-01	1.651115135540677514e-01	7.841890310223711968e-02	3.572405724769846941e-02	8.590011329769926818e-02
1.422304442814653157e+03	2.166183548763689348e-01	1.455352695208587399e-01	2.724215170130736552e-01	1.652278748419468424e-01	7.847040378811029337e-02	3.575513139817305952e-02	8.597144856111060829e-02
1.424723327921481086e+03	2.163625682384185123e-01	1.453617711447842131e-01	2.725812719066464385e-01	1.653439385539862416e-01	7.852176127316413956e-02	3.578611373370871318e-02	8.604257514893381975e-02
1.427142213028308333e+03	2.161076331621410718e-01	1.451886683116291876e-01	2.727405190984779626e-01	1.654597050975211425e-01	7.857297592642821515e-02	3.581700459861840435e-02	8.611349380482606619e-02
1.429561098135136262e+03	2.158535464374591317e-01	1.450159604718392337e-01	2.728992604870197902e-01	1.655751748851614913e-01	7.862404811634418622e-02	3.584780433456993126e-02	8.618420526724830666e-02
1.431979983241963964e+03	2.156003048683073631e-01	1.448436470739327686e-01	2.730574979618036191e-01	1.656903483346749140e-01	7.867497821076138709e-02	3.587851328062426071e-02	8.625471026953770992e-02
1.434398868348791666e+03	2.153479052725636167e-01	1.446717275645280909e-01	2.732152334034937402e-01	1.658052258688721137e-01	7.872576657693257374e-02	3.590913177327316463e-02	8.632500953997866711e-02
1.436817753455619140e+03	2.150963444819804227e-01	1.445002013883703584e-01	2.733724686839387186e-01	1.659198079154937389e-01	7.877641358150970496e-02	3.593966014647628077e-02	8.639510380187274963e-02
1.439236638562446842e+03	2.148456193421166005e-01	1.443290679883580396e-01	2.735292056662231297e-01	1.660340949070994998e-01	7.882691959053990394e-02	3.597009873169745853e-02	8.646499377360734873e-02
1.441655523669274316e+03	2.145957267122693690e-01	1.441583268055695866e-01	2.736854462047186853e-01	1.661480872809592002e-01	7.887728496946140588e-02	3.600044785794053598e-02	8.653468016872324642e-02
1.444074408776102018e+03	2.143466634654068448e-01	1.439879772792894697e-01	2.738411921451349706e-01	1.662617854789455729e-01	7.892751008309970007e-02	3.603070785178449920e-02	8.660416369598092357e-02
1.446493293882929493e+03	2.140984264881008181e-01	1.438180188470344900e-01	2.739964453245701259e-01	1.663751899474289753e-01	7.897759529566371339e-02	3.606087903741801021e-02	8.667344505942585486e-02
1.448912178989757422e+03	2.138510126804598344e-01	1.436484509445792868e-01	2.741512075715607510e-01	1.664883011371740273e-01	7.902754097074210504e-02	3.609096173667337981e-02	8.674252495845261035e-02
1.451331064096585123e+03	2.136044189560627193e-01	1.434792730059821775e-01	2.743054807061318656e-01	1.666011195032378323e-01	7.907734747129960273e-02	3.612095626905990203e-02	8.681140408786790219e-02
1.453749949203412370e+03	2.133586422418922712e-01	1.433104844636105268e-01	2.744592665398462583e-01	1.667136455048701948e-01	7.912701515967354715e-02	3.615086295179670284e-02	8.688008313795253512e-02
1.456168834310240300e+03	2.131136794782696187e-01	1.431420847481658931e-01	2.746125668758533922e-01	1.668258796054154502e-01	7.917654439757035312e-02	3.618068209984496436e-02	8.694856279452232994e-02
1.458587719417068001e+03	2.128695276187885232e-01	1.429740732887091470e-01	2.747653835089385876e-01	1.669378222722159577e-01	7.922593554606223443e-02	3.621041402593957320e-02	8.701684373898799230e-02
1.461006604523895703e+03	2.126261836302502095e-01	1.428064495126852296e-01	2.749177182255710394e-01	1.670494739765173431e-01	7.927518896558387318e-02	3.624005904062033157e-02	8.708492664841392672e-02
1.463425489630723177e+03	2.123836444925987221e-01	1.426392128459477993e-01	2.750695728039520560e-01	1.671608351933754621e-01	7.932430501592921401e-02	3.626961745226251616e-02	8.715281219557617642e-02
1.465844374737550879e+03	2.121419071988561722e-01	1.424723627127836567e-01	2.752209490140627990e-01	1.672719064015647239e-01	7.937328405624839711e-02	3.629908956710700685e-02	8.722050104901921119e-02
1.468263259844378354e+03	2.119009687550586774e-01	1.423058985359370032e-01	2.753718486177116342e-01	1.673826880834882458e-01	7.942212644504471897e-02	3.632847568928982557e-02	8.728799387311185487e-02
1.470682144951206283e+03	2.116608261801925517e-01	1.421398197366333938e-01	2.755222733685813163e-01	1.674931807250895910e-01	7.947083254017162091e-02	3.635777612087124494e-02	8.735529132810228303e-02
1.473101030058033530e+03	2.114214765061307177e-01	1.419741257346036623e-01	2.756722250122756179e-01	1.676033848157658102e-01	7.951940269882987189e-02	3.638699116186434879e-02	8.742239407017202146e-02
1.475519915164861459e+03	2.111829167775695071e-01	1.418088159481075694e-01	2.758217052863659036e-01	1.677133008482822318e-01	7.956783727756475133e-02	3.641612111026310689e-02	8.748930275148902869e-02
1.477938800271689161e+03	2.109451440519659049e-01	1.416438897939571728e-01	2.759707159204370930e-01	1.678229293186886129e-01	7.961613663226330129e-02	3.644516626207001259e-02	8.755601802025997360e-02
1.480357685378516862e+03	2.107081553994749057e-01	1.414793466875402805e-01	2.761192586361337353e-01	1.679322707262367598e-01	7.966430111815167581e-02	3.647412691132317919e-02	8.762254052078148614e-02
1.482776570485344337e+03	2.104719479028873408e-01	1.413151860428434325e-01	2.762673351472053063e-01	1.680413255732995936e-01	7.971233108979257354e-02	3.650300335012307551e-02	8.768887089349065855e-02
