1.001418434226643626e+03	2.777210623472842754e-01	1.820413841904486574e-01	2.347215993790346400e-01	1.406227475094861401e-01	6.703935349591189086e-02	2.847636542325020226e-02	6.937748765422654951e-02
1.002869765290740247e+03	2.774453050501937135e-01	1.818881981003782899e-01	2.348937238259030946e-01	1.407190574992971954e-01	6.708721965585298652e-02	2.851139205972659865e-02	6.945510380829041097e-02
1.004321096354836754e+03	2.771702339439520157e-01	1.817350977586209837e-01	2.350654675311974751e-01	1.408153361849047158e-01	6.713506036436980851e-02	2.854629452446487761e-02	6.953250969213239929e-02
1.005772427418933376e+03	2.768958463028694528e-01	1.815820843342711988e-01	2.352368319902405358e-01	1.409115834750266638e-01	6.718287311749462920e-02	2.858107463680981120e-02	6.960970614292992520e-02
1.007223758483029997e+03	2.766221394159988911e-01	1.814291589836669605e-01	2.354078186740198031e-01	1.410077992155066573e-01	6.723065555048367281e-02	2.861573414214016800e-02	6.968669401782608130e-02
1.008675089547126618e+03	2.763491105871028752e-01	1.812763228505498703e-01	2.355784290302487261e-01	1.411039831936064248e-01	6.727840543031010645e-02	2.865027471600880074e-02	6.976347419181537501e-02
1.010126420611223239e+03	2.760767571346181559e-01	1.811235770662208144e-01	2.357486644843721779e-01	1.412001351420557882e-01	6.732612064855726663e-02	2.868469796803022748e-02	6.984004755578775148e-02
1.011577751675319632e+03	2.758050763916161663e-01	1.809709227496910100e-01	2.359185264405188331e-01	1.412962547428736060e-01	6.737379921469152655e-02	2.871900544553176310e-02	6.991641501471927700e-02
1.013029082739416367e+03	2.755340657057608889e-01	1.808183610078293591e-01	2.360880162824039175e-01	1.413923416309716963e-01	6.742143924969455637e-02	2.875319863698313702e-02	6.999257748599860274e-02
1.014480413803512761e+03	2.752637224392641691e-01	1.806658929355055565e-01	2.362571353741842461e-01	1.414883953975536179e-01	6.746903898003658862e-02	2.878727897521855122e-02	7.006853589787949421e-02
1.015931744867609382e+03	2.749940439688378091e-01	1.805135196157297284e-01	2.364258850612686313e-01	1.415844155933194681e-01	6.751659673197241140e-02	2.882124784046426885e-02	7.014429118804987873e-02
1.017383075931706003e+03	2.747250276856439966e-01	1.803612421197883786e-01	2.365942666710858788e-01	1.416804017314872710e-01	6.756411092614350578e-02	2.885510656318393888e-02	7.021984430230923668e-02
1.018834406995802851e+03	2.744566709952426242e-01	1.802090615073769775e-01	2.367622815138125392e-01	1.417763532906409496e-01	6.761158007246989565e-02	2.888885642675307133e-02	7.029519619334617664e-02
1.020285738059899245e+03	2.741889713175371113e-01	1.800569788267293858e-01	2.369299308830626338e-01	1.418722697174140956e-01	6.765900276531658375e-02	2.892249866997339755e-02	7.037034781960900542e-02
1.021737069123995752e+03	2.739219260867181149e-01	1.799049951147440596e-01	2.370972160565415765e-01	1.419681504290188634e-01	6.770637767892011272e-02	2.895603448943704500e-02	7.044530014426246545e-02
1.023188400188092373e+03	2.736555327512050217e-01	1.797531113971073402e-01	2.372641382966658163e-01	1.420639948156282861e-01	6.775370356306134600e-02	2.898946504174991501e-02	7.052005413422442193e-02
1.024639731252188767e+03	2.733897887735866061e-01	1.796013286884139970e-01	2.374306988511504790e-01	1.421598022426198704e-01	6.780097923897152046e-02	2.902279144562303417e-02	7.059461075927661589e-02
1.026091062316285615e+03	2.731246916305591355e-01	1.794496479922850496e-01	2.375968989535663101e-01	1.422555720526883505e-01	6.784820359545919166e-02	2.905601478384001873e-02	7.066897099124413995e-02
1.027542393380382237e+03	2.728602388128634204e-01	1.792980703014828703e-01	2.377627398238679191e-01	1.423513035678347083e-01	6.789537558524620653e-02	2.908913610510837494e-02	7.074313580323866868e-02
1.028993724444478858e+03	2.725964278252210327e-01	1.791465965980239272e-01	2.379282226688947399e-01	1.424469960912380651e-01	6.794249422150186457e-02	2.912215642580175470e-02	7.081710616896078059e-02
1.030445055508575479e+03	2.723332561862682466e-01	1.789952278532893071e-01	2.380933486828460122e-01	1.425426489090171611e-01	6.798955857456427665e-02	2.915507673159994581e-02	7.089088306205711121e-02
1.031896386572671872e+03	2.720707214284898701e-01	1.788439650281327120e-01	2.382581190477314481e-01	1.426382612918874193e-01	6.803656776883934554e-02	2.918789797903283828e-02	7.096446745552838220e-02
1.033347717636768493e+03	2.718088210981512987e-01	1.786928090729863472e-01	2.384225349337987521e-01	1.427338324967191430e-01	6.808352097986759832e-02	2.922062109693429610e-02	7.103786032118453164e-02
1.034799048700865114e+03	2.715475527552300705e-01	1.785417609279648099e-01	2.385865974999391848e-01	1.428293617680027050e-01	6.813041743155003049e-02	2.925324698781142305e-02	7.111106262914367038e-02
1.036250379764961508e+03	2.712869139733461998e-01	1.783908215229670358e-01	2.387503078940724222e-01	1.429248483392256408e-01	6.817725639352439915e-02	2.928577652913442325e-02	7.118407534737171416e-02
1.037701710829058356e+03	2.710269023396920662e-01	1.782399917777762188e-01	2.389136672535119854e-01	1.430202914341663911e-01	6.822403717868383288e-02	2.931821057455189297e-02	7.125689944125945807e-02
1.039153041893154750e+03	2.707675154549614160e-01	1.780892726021577888e-01	2.390766767053118802e-01	1.431156902681096355e-01	6.827075914083030606e-02	2.935054995503605726e-02	7.132953587323483113e-02
1.040604372957251599e+03	2.705087509332774198e-01	1.779386648959558892e-01	2.392393373665959999e-01	1.432110440489874070e-01	6.831742167245541397e-02	2.938279547996225372e-02	7.140198560240748615e-02
1.042055704021347992e+03	2.702506064021210075e-01	1.777881695491880243e-01	2.394016503448706534e-01	1.433063519784501527e-01	6.836402420264199586e-02	2.941494793812661490e-02	7.147424958424342112e-02
1.043507035085444613e+03	2.699930795022577046e-01	1.776377874421381231e-01	2.395636167383215775e-01	1.434016132528715404e-01	6.841056619507970837e-02	2.944700809870568967e-02	7.154632877026760596e-02
1.044958366149541234e+03	2.697361678876645241e-01	1.774875194454478833e-01	2.397252376360959891e-01	1.434968270642909272e-01	6.845704714618865150e-02	2.947897671216155244e-02	7.161822410779247750e-02
1.046409697213637855e+03	2.694798692254563588e-01	1.773373664202068656e-01	2.398865141185707039e-01	1.435919926012968195e-01	6.850346658334521832e-02	2.951085451109560984e-02	7.168993653967047075e-02
1.047861028277734476e+03	2.692241811958122066e-01	1.771873292180409232e-01	2.400474472576068219e-01	1.436871090498545445e-01	6.854982406320440924e-02	2.954264221105427565e-02	7.176146700406882406e-02
1.049312359341831097e+03	2.689691014919009526e-01	1.770374086811992986e-01	2.402080381167920053e-01	1.437821755940816570e-01	6.859611917011371185e-02	2.957434051128933483e-02	7.183281643426507601e-02
1.050763690405927491e+03	2.687146278198066507e-01	1.768876056426404719e-01	2.403682877516706839e-01	1.438771914169734434e-01	6.864235151461330064e-02	2.960595009547573042e-02	7.190398575846178308e-02
1.052215021470024112e+03	2.684607578984539722e-01	1.767379209261166206e-01	2.405281972099630461e-01	1.439721557010818220e-01	6.868852073201818509e-02	2.963747163238936166e-02	7.197497589961911191e-02
1.053666352534120733e+03	2.682074894595333769e-01	1.765883553462567479e-01	2.406877675317735110e-01	1.440670676291500585e-01	6.873462648107751816e-02	2.966890577654720043e-02	7.204578777530373790e-02
1.055117683598217127e+03	2.679548202474261176e-01	1.764389097086488112e-01	2.408469997497889592e-01	1.441619263847057630e-01	6.878066844270717961e-02	2.970025316881201929e-02	7.211642229755331479e-02
1.056569014662313975e+03	2.677027480191291331e-01	1.762895848099204354e-01	2.410058948894674702e-01	1.442567311526147533e-01	6.882664631879151229e-02	2.973151443696385801e-02	7.218688037275500236e-02
1.058020345726410369e+03	2.674512705441799421e-01	1.761403814378188215e-01	2.411644539692180955e-01	1.443514811195975578e-01	6.887255983105040891e-02	2.976269019624011233e-02	7.225716290153723353e-02
1.059471676790506763e+03	2.672003856045815362e-01	1.759913003712891555e-01	2.413226780005720273e-01	1.444461754747111693e-01	6.891840871996836315e-02	2.979378104984619843e-02	7.232727077867370791e-02
1.060923007854603611e+03	2.669500909947272183e-01	1.758423423805523522e-01	2.414805679883456901e-01	1.445408134097978248e-01	6.896419274378191855e-02	2.982478758943847216e-02	7.239720489299870942e-02
1.062374338918700232e+03	2.667003845213253843e-01	1.756935082271814941e-01	2.416381249307962831e-01	1.446353941199025328e-01	6.900991167752254518e-02	2.985571039558104767e-02	7.246696612733291576e-02
1.063825669982796853e+03	2.664512640033246393e-01	1.755447986641774372e-01	2.417953498197699391e-01	1.447299168036614847e-01	6.905556531211166915e-02	2.988655003817805231e-02	7.253655535841899149e-02
1.065277001046893474e+03	2.662027272718388016e-01	1.753962144360433628e-01	2.419522436408431398e-01	1.448243806636627107e-01	6.910115345350525962e-02	2.991730707688277854e-02	7.260597345686616022e-02
1.066728332110990095e+03	2.659547721700720180e-01	1.752477562788585241e-01	2.421088073734576074e-01	1.449187849067806455e-01	6.914667592188515621e-02	2.994798206148505115e-02	7.267522128710320051e-02
1.068179663175086489e+03	2.657073965532441018e-01	1.750994249203510766e-01	2.422650419910489794e-01	1.450131287444863526e-01	6.919213255089451398e-02	2.997857553227810043e-02	7.274429970733908846e-02
1.069630994239183110e+03	2.654605982885158699e-01	1.749512210799697431e-01	2.424209484611699883e-01	1.451074113931344056e-01	6.923752318691515917e-02	3.000908802040614526e-02	7.281320956953091228e-02
1.071082325303279504e+03	2.652143752549148692e-01	1.748031454689550068e-01	2.425765277456077285e-01	1.452016320742280653e-01	6.928284768838431640e-02	3.003952004819377894e-02	7.288195171935839267e-02
1.072533656367376352e+03	2.649687253432612688e-01	1.746551987904093328e-01	2.427317808004960109e-01	1.452957900146639447e-01	6.932810592514879189e-02	3.006987212945822982e-02	7.295052699620455106e-02
1.073984987431472746e+03	2.647236464560936420e-01	1.745073817393665017e-01	2.428867085764227218e-01	1.453898844469573293e-01	6.937329777785440632e-02	3.010014476980552023e-02	7.301893623314205384e-02
1.075436318495569594e+03	2.644791365075953582e-01	1.743596950028603043e-01	2.430413120185322962e-01	1.454839146094492885e-01	6.941842313736873438e-02	3.013033846691137024e-02	7.308718025692478859e-02
1.076887649559666215e+03	2.642351934235210864e-01	1.742121392599923213e-01	2.431955920666243054e-01	1.455778797464967189e-01	6.946348190423555502e-02	3.016045371078782816e-02	7.315525988798433910e-02
1.078338980623762609e+03	2.639918151411234648e-01	1.740647151819990912e-01	2.433495496552472714e-01	1.456717791086460656e-01	6.950847398815895861e-02	3.019049098403635625e-02	7.322317594043095679e-02
1.079790311687859230e+03	2.637489996090801037e-01	1.739174234323184742e-01	2.435031857137888722e-01	1.457656119527921679e-01	6.955339930751568145e-02	3.022045076208821485e-02	7.329092922205865390e-02
1.081241642751955851e+03	2.635067447874208657e-01	1.737702646666553219e-01	2.436565011665623726e-01	1.458593775423225880e-01	6.959825778889412728e-02	3.025033351343283522e-02	7.335852053435408526e-02
1.082692973816052472e+03	2.632650486474554241e-01	1.736232395330465639e-01	2.438094969328893080e-01	1.459530751472485066e-01	6.964304936665852153e-02	3.028013969983486819e-02	7.342595067250901053e-02
1.084144304880149093e+03	2.630239091717011535e-01	1.734763486719254066e-01	2.439621739271790601e-01	1.460467040443231279e-01	6.968777398253685196e-02	3.030986977654057113e-02	7.349322042543598998e-02
1.085595635944245487e+03	2.627833243538114649e-01	1.733295927161850047e-01	2.441145330590049622e-01	1.461402635171482611e-01	6.973243158523133312e-02	3.033952419247413004e-02	7.356033057578705014e-02
1.087046967008342108e+03	2.625432921985038637e-01	1.731829722912415215e-01	2.442665752331777129e-01	1.462337528562693556e-01	6.977702213005010368e-02	3.036910339042447199e-02	7.362728189997509720e-02
1.088498298072438729e+03	2.623038107214892833e-01	1.730364880150965512e-01	2.444183013498156531e-01	1.463271713592605716e-01	6.982154557855904664e-02	3.039860780722312625e-02	7.369407516819792558e-02
1.089949629136535123e+03	2.620648779494008096e-01	1.728901404983987089e-01	2.445697123044124621e-01	1.464205183307995817e-01	6.986600189825258045e-02	3.042803787391363049e-02	7.376071114446439148e-02
1.091400960200631971e+03	2.618264919197233476e-01	1.727439303445049701e-01	2.447208089879022164e-01	1.465137930827333790e-01	6.991039106224233857e-02	3.045739401591295373e-02	7.382719058662291778e-02
1.092852291264728365e+03	2.615886506807235667e-01	1.725978581495412612e-01	2.448715922867220340e-01	1.466069949341352319e-01	6.995471304896286324e-02	3.048667665316536976e-02	7.389351424639174770e-02
1.094303622328825213e+03	2.613513522913799569e-01	1.724519245024622449e-01	2.450220630828725266e-01	1.467001232113536169e-01	6.999896784189335586e-02	3.051588620028923560e-02	7.395968286939114122e-02
1.095754953392921607e+03	2.611145948213133283e-01	1.723061299851108841e-01	2.451722222539758356e-01	1.467931772480533803e-01	7.004315542929451244e-02	3.054502306671704609e-02	7.402569719517707036e-02
1.097206284457018228e+03	2.608783763507178111e-01	1.721604751722774218e-01	2.453220706733316991e-01	1.468861563852499053e-01	7.008727580395968104e-02	3.057408765682912560e-02	7.409155795727644100e-02
1.098657615521114849e+03	2.606426949702920215e-01	1.720149606317574464e-01	2.454716092099716584e-01	1.469790599713363399e-01	7.013132896297957775e-02	3.060308037008134530e-02	7.415726588322367474e-02
1.100108946585211470e+03	2.604075487811710055e-01	1.718695869244098728e-01	2.456208387287111550e-01	1.470718873621046918e-01	7.017531490751971468e-02	3.063200160112717133e-02	7.422282169459849810e-02
1.101560277649308091e+03	2.601729358948577375e-01	1.717243546042140634e-01	2.457697600902000734e-01	1.471646379207610378e-01	7.021923364261001277e-02	3.066085173993433541e-02	7.428822610706480034e-02
1.103011608713404712e+03	2.599388544331561746e-01	1.715792642183266992e-01	2.459183741509713972e-01	1.472573110179350442e-01	7.026308517694571099e-02	3.068963117189648163e-02	7.435347983041054598e-02
1.104462939777501106e+03	2.597053025281034766e-01	1.714343163071379295e-01	2.460666817634885317e-01	1.473499060316845188e-01	7.030686952269915579e-02	3.071834027793999070e-02	7.441858356858846446e-02
1.105914270841597499e+03	2.594722783219033935e-01	1.712895114043270495e-01	2.462146837761907958e-01	1.474424223474950779e-01	7.035058669534174913e-02	3.074697943462630437e-02	7.448353801975772515e-02
1.107365601905694348e+03	2.592397799668597624e-01	1.711448500369178727e-01	2.463623810335376640e-01	1.475348593582751500e-01	7.039423671347551370e-02	3.077554901424996159e-02	7.454834387632612580e-02
1.108816932969790741e+03	2.590078056253106165e-01	1.710003327253333816e-01	2.465097743760516491e-01	1.476272164643470663e-01	7.043781959867373432e-02	3.080404938493256500e-02	7.461300182499305822e-02
1.110268264033887590e+03	2.587763534695622369e-01	1.708559599834499065e-01	2.466568646403597687e-01	1.477194930734339051e-01	7.048133537533031456e-02	3.083248091071294147e-02	7.467751254679293182e-02
1.111719595097984211e+03	2.585454216818240947e-01	1.707117323186512492e-01	2.468036526592338187e-01	1.478116886006429209e-01	7.052478407051712694e-02	3.086084395163366662e-02	7.474187671713912462e-02
1.113170926162080832e+03	2.583150084541439018e-01	1.705676502318816401e-01	2.469501392616295088e-01	1.479038024684454222e-01	7.056816571384906533e-02	3.088913886382415111e-02	7.480609500586835048e-02
1.114622257226177226e+03	2.580851119883429412e-01	1.704237142176988906e-01	2.470963252727244319e-01	1.479958341066534844e-01	7.061148033735649421e-02	3.091736599958045187e-02	7.487016807728537338e-02
1.116073588290273847e+03	2.578557304959521179e-01	1.702799247643266567e-01	2.472422115139549792e-01	1.480877829523937761e-01	7.065472797536435923e-02	3.094552570744204395e-02	7.493409659020805469e-02
1.117524919354370468e+03	2.576268621981483431e-01	1.701362823537065638e-01	2.473877988030522834e-01	1.481796484500785827e-01	7.069790866437787591e-02	3.097361833226564692e-02	7.499788119801262254e-02
1.118976250418467089e+03	2.573985053256911404e-01	1.699927874615497492e-01	2.475330879540771079e-01	1.482714300513742478e-01	7.074102244297439390e-02	3.100164421529627568e-02	7.506152254867910767e-02
1.120427581482563710e+03	2.571706581188594742e-01	1.698494405573877652e-01	2.476780797774538190e-01	1.483631272151673119e-01	7.078406935170093728e-02	3.102960369423568218e-02	7.512502128483702912e-02
1.121878912546660331e+03	2.569433188273895774e-01	1.697062421046235947e-01	2.478227750800036377e-01	1.484547394075285409e-01	7.082704943297728206e-02	3.105749710330830277e-02	7.518837804381109380e-02
1.123330243610756725e+03	2.567164857104126119e-01	1.695631925605817492e-01	2.479671746649768915e-01	1.485462661016747066e-01	7.086996273100416854e-02	3.108532477332484611e-02	7.525159345766704866e-02
1.124781574674853118e+03	2.564901570363931071e-01	1.694202923765580904e-01	2.481112793320845167e-01	1.486377067779286743e-01	7.091280929167642633e-02	3.111308703174364351e-02	7.531466815325753295e-02
1.126232905738949967e+03	2.562643310830673982e-01	1.692775419978694573e-01	2.482550898775288117e-01	1.487290609236776862e-01	7.095558916250074843e-02	3.114078420272985495e-02	7.537760275226797202e-02
1.127684236803046360e+03	2.560390061373828963e-01	1.691349418639024882e-01	2.483986070940335245e-01	1.488203280333302292e-01	7.099830239251769815e-02	3.116841660721268725e-02	7.544039787126237406e-02
1.129135567867143209e+03	2.558141804954373044e-01	1.689924924081624980e-01	2.485418317708731062e-01	1.489115076082712097e-01	7.104094903222794855e-02	3.119598456294065889e-02	7.550305412172918229e-02
1.130586898931239830e+03	2.555898524624186652e-01	1.688501940583215233e-01	2.486847646939014111e-01	1.490025991568159069e-01	7.108352913352244951e-02	3.122348838453507455e-02	7.556557211012691899e-02
1.132038229995336451e+03	2.553660203525454642e-01	1.687080472362663675e-01	2.488274066455797573e-01	1.490936021941627054e-01	7.112604274961613349e-02	3.125092838354173730e-02	7.562795243792985733e-02
1.133489561059432845e+03	2.551426824890071221e-01	1.685660523581459236e-01	2.489697584050043488e-01	1.491845162423448279e-01	7.116848993498524345e-02	3.127830486848105079e-02	7.569019570167349886e-02
1.134940892123529466e+03	2.549198372039053750e-01	1.684242098344183314e-01	2.491118207479332824e-01	1.492753408301808193e-01	7.121087074530782490e-02	3.130561814489650485e-02	7.575230249299989838e-02
1.136392223187626087e+03	2.546974828381953215e-01	1.682825200698977730e-01	2.492535944468126374e-01	1.493660754932243373e-01	7.125318523740746535e-02	3.133286851540171419e-02	7.581427339870282223e-02
1.137843554251722708e+03	2.544756177416274134e-01	1.681409834638006584e-01	2.493950802708023995e-01	1.494567197737129149e-01	7.129543346919987867e-02	3.136005627972601739e-02	7.587610900077279563e-02
1.139294885315819101e+03	2.542542402726894468e-01	1.679996004097916995e-01	2.495362789858017460e-01	1.495472732205163358e-01	7.133761549964220960e-02	3.138718173475873313e-02	7.593780987644181690e-02
1.140746216379915950e+03	2.540333487985492744e-01	1.678583712960295682e-01	2.496771913544739152e-01	1.496377353890839257e-01	7.137973138868515532e-02	3.141424517459211890e-02	7.599937659822800229e-02
1.142197547444012343e+03	2.538129416949976846e-01	1.677172965052120268e-01	2.498178181362703809e-01	1.497281058413915122e-01	7.142178119722736307e-02	3.144124689056309457e-02	7.606080973397991163e-02
1.143648878508108737e+03	2.535930173463916137e-01	1.675763764146208923e-01	2.499581600874549170e-01	1.498183841458878285e-01	7.146376498707224245e-02	3.146818717129384185e-02	7.612210984692065197e-02
1.145100209572205586e+03	2.533735741455979129e-01	1.674356113961665837e-01	2.500982179611269673e-01	1.499085698774404452e-01	7.150568282088712313e-02	3.149506630273122415e-02	7.618327749569174523e-02
1.146551540636302207e+03	2.531546104939376152e-01	1.672950018164322261e-01	2.502379925072448219e-01	1.499986626172812865e-01	7.154753476216427210e-02	3.152188456818517254e-02	7.624431323439669062e-02
1.148002871700398828e+03	2.529361248011299801e-01	1.671545480367175873e-01	2.503774844726480708e-01	1.500886619529519517e-01	7.158932087518410370e-02	3.154864224836607250e-02	7.630521761264434655e-02
1.149454202764495449e+03	2.527181154852376488e-01	1.670142504130825434e-01	2.505166946010802254e-01	1.501785674782485647e-01	7.163104122498011039e-02	3.157533962142113765e-02	7.636599117559195182e-02
1.150905533828591842e+03	2.525005809726116879e-01	1.668741092963901274e-01	2.506556236332103671e-01	1.502683787931665405e-01	7.167269587730568103e-02	3.160197696296989517e-02	7.642663446398785532e-02
1.152356864892688463e+03	2.522835196978372441e-01	1.667341250323495783e-01	2.507942723066549084e-01	1.503580955038451572e-01	7.171428489860251498e-02	3.162855454613874850e-02	7.648714801421398202e-02
1.153808195956785084e+03	2.520669301036793652e-01	1.665942979615586406e-01	2.509326413559987978e-01	1.504477172225118786e-01	7.175580835597064611e-02	3.165507264159471423e-02	7.654753235832803537e-02
1.155259527020881706e+03	2.518508106410295433e-01	1.664546284195457804e-01	2.510707315128163919e-01	1.505372435674268150e-01	7.179726631713996554e-02	3.168153151757834712e-02	7.660778802410526944e-02
1.156710858084978327e+03	2.516351597688518682e-01	1.663151167368119854e-01	2.512085435056921612e-01	1.506266741628268513e-01	7.183865885044316002e-02	3.170793143993586027e-02	7.666791553508012225e-02
1.158162189149074720e+03	2.514199759541308477e-01	1.661757632388722872e-01	2.513460780602410072e-01	1.507160086388700526e-01	7.187998602478998245e-02	3.173427267215053749e-02	7.672791541058734954e-02
1.159613520213171569e+03	2.512052576718180608e-01	1.660365682462969783e-01	2.514833358991281353e-01	1.508052466315797646e-01	7.192124790964278536e-02	3.176055547537340318e-02	7.678778816580296429e-02
1.161064851277267962e+03	2.509910034047801997e-01	1.658975320747523852e-01	2.516203177420890946e-01	1.508943877827891022e-01	7.196244457499327563e-02	3.178678010845321228e-02	7.684753431178484306e-02
1.162516182341364356e+03	2.507772116437473886e-01	1.657586550350415022e-01	2.517570243059489288e-01	1.509834317400852999e-01	7.200357609134040715e-02	3.181294682796579482e-02	7.690715435551288837e-02
1.163967513405461204e+03	2.505638808872611700e-01	1.656199374331441820e-01	2.518934563046416608e-01	1.510723781567541169e-01	7.204464252966925886e-02	3.183905588824274130e-02	7.696664879992902442e-02
1.165418844469557826e+03	2.503510096416238784e-01	1.654813795702570478e-01	2.520296144492292223e-01	1.511612266917247149e-01	7.208564396143102293e-02	3.186510754139951912e-02	7.702601814397672109e-02
1.166870175533654447e+03	2.501385964208474588e-01	1.653429817428332116e-01	2.521654994479199940e-01	1.512499770095142582e-01	7.212658045852393673e-02	3.189110203736297139e-02	7.708526288264032356e-02
1.168321506597751068e+03	2.499266397466030354e-01	1.652047442426214097e-01	2.523011120060874024e-01	1.513386287801729568e-01	7.216745209327513066e-02	3.191703962389828841e-02	7.714438350698391011e-02
1.169772837661847461e+03	2.497151381481708676e-01	1.650666673567051657e-01	2.524364528262883489e-01	1.514271816792293335e-01	7.220825893842322540e-02	3.194292054663540326e-02	7.720338050418983078e-02
1.171224168725944082e+03	2.495040901623904461e-01	1.649287513675413708e-01	2.525715226082809739e-01	1.515156353876355722e-01	7.224900106710188674e-02	3.196874504909488074e-02	7.726225435759700999e-02
1.172675499790040703e+03	2.492934943336111708e-01	1.647909965529988363e-01	2.527063220490426976e-01	1.516039895917131175e-01	7.228967855282408816e-02	3.199451337271334850e-02	7.732100554673884685e-02
1.174126830854137097e+03	2.490833492136432237e-01	1.646534031863963188e-01	2.528408518427877061e-01	1.516922439830986624e-01	7.233029146946706733e-02	3.202022575686836597e-02	7.737963454738074065e-02
1.175578161918233945e+03	2.488736533617087743e-01	1.645159715365403508e-01	2.529751126809843820e-01	1.517803982586902745e-01	7.237083989125807360e-02	3.204588243890289095e-02	7.743814183155733888e-02
1.177029492982330339e+03	2.486644053443935742e-01	1.643787018677628220e-01	2.531091052523726237e-01	1.518684521205938276e-01	7.241132389276061510e-02	3.207148365414928814e-02	7.749652786760939660e-02
1.178480824046426733e+03	2.484556037355988567e-01	1.642415944399581718e-01	2.532428302429806100e-01	1.519564052760698503e-01	7.245174354886145529e-02	3.209702963595285896e-02	7.755479312022037219e-02
1.179932155110523581e+03	2.482472471164936245e-01	1.641046495086203316e-01	2.533762883361420082e-01	1.520442574374804567e-01	7.249209893475815070e-02	3.212252061569502437e-02	7.761293805045256511e-02
1.181383486174620202e+03	2.480393340754671327e-01	1.639678673248795571e-01	2.535094802125124058e-01	1.521320083222368336e-01	7.253239012594714374e-02	3.214795682281604977e-02	7.767096311578304546e-02
1.182834817238716823e+03	2.478318632080819262e-01	1.638312481355386208e-01	2.536424065500857417e-01	1.522196576527469480e-01	7.257261719821236912e-02	3.217333848483739517e-02	7.772886877013915341e-02
1.184286148302813444e+03	2.476248331170269601e-01	1.636947921831090891e-01	2.537750680242108481e-01	1.523072051563635343e-01	7.261278022761431805e-02	3.219866582738369065e-02	7.778665546393369323e-02
1.185737479366910065e+03	2.474182424120712209e-01	1.635584997058471546e-01	2.539074653076072718e-01	1.523946505653325234e-01	7.265287929047969939e-02	3.222393907420434411e-02	7.784432364409983596e-02
1.187188810431006686e+03	2.472120897100175685e-01	1.634223709377890799e-01	2.540395990703817053e-01	1.524819936167418899e-01	7.269291446339146145e-02	3.224915844719477426e-02	7.790187375412561954e-02
1.188640141495103080e+03	2.470063736346569117e-01	1.632864061087866969e-01	2.541714699800432520e-01	1.525692340524706092e-01	7.273288582317913309e-02	3.227432416641733831e-02	7.795930623408812987e-02
1.190091472559199701e+03	2.468010928167228557e-01	1.631506054445422405e-01	2.543030787015194139e-01	1.526563716191383369e-01	7.277279344690981699e-02	3.229943645012189890e-02	7.801662152068744582e-02
1.191542803623296322e+03	2.465962458938463497e-01	1.630149691666432643e-01	2.544344258971717454e-01	1.527434060680551153e-01	7.281263741187934957e-02	3.232449551476605787e-02	7.807382004728007086e-02
1.192994134687392716e+03	2.463918315105110279e-01	1.628794974925970862e-01	2.545655122268108417e-01	1.528303371551716916e-01	7.285241779560390485e-02	3.234950157503510559e-02	7.813090224391228134e-02
1.194445465751489564e+03	2.461878483180084953e-01	1.627441906358650103e-01	2.546963383477118259e-01	1.529171646410301677e-01	7.289213467581193151e-02	3.237445484386163724e-02	7.818786853735285036e-02
1.195896796815585958e+03	2.459842949743942242e-01	1.626090488058963279e-01	2.548269049146293375e-01	1.530038882907149844e-01	7.293178813043638131e-02	3.239935553244489841e-02	7.824471935112579934e-02
1.197348127879682352e+03	2.457811701444435337e-01	1.624740722081619848e-01	2.549572125798124089e-01	1.530905078738044045e-01	7.297137823760732611e-02	3.242420385026980462e-02	7.830145510554249733e-02
1.198799458943779200e+03	2.455784724996081247e-01	1.623392610441881656e-01	2.550872619930193430e-01	1.531770231643221625e-01	7.301090507564476917e-02	3.244900000512573185e-02	7.835807621773367704e-02
1.200250790007875821e+03	2.453762007179725868e-01	1.622046155115893784e-01	2.552170538015324230e-01	1.532634339406898361e-01	7.305036872305183115e-02	3.247374420312497401e-02	7.841458310168099299e-02
1.201702121071972442e+03	2.451743534842115435e-01	1.620701358041014284e-01	2.553465886501722348e-01	1.533497399856793841e-01	7.308976925850807493e-02	3.249843664872097831e-02	7.847097616824834365e-02
1.203153452136069063e+03	2.449729294895467979e-01	1.619358221116142249e-01	2.554758671813123772e-01	1.534359410863661843e-01	7.312910676086324668e-02	3.252307754472631707e-02	7.852725582521287440e-02
1.204604783200165684e+03	2.447719274317050886e-01	1.618016746202040890e-01	2.556048900348933950e-01	1.535220370340823759e-01	7.316838130913105864e-02	3.254766709233037486e-02	7.858342247729561969e-02
1.206056114264262078e+03	2.445713460148758178e-01	1.616676935121660608e-01	2.557336578484372680e-01	1.536080276243707576e-01	7.320759298248337432e-02	3.257220549111682073e-02	7.863947652619186768e-02
1.207507445328358699e+03	2.443711839496693905e-01	1.615338789660458463e-01	2.558621712570612883e-01	1.536939126569389635e-01	7.324674186024450473e-02	3.259669293908082355e-02	7.869541837060126110e-02
1.208958776392455093e+03	2.441714399530754420e-01	1.614002311566714865e-01	2.559904308934917716e-01	1.537796919356141101e-01	7.328582802188574052e-02	3.262112963264604537e-02	7.875124840625749578e-02
1.210410107456551941e+03	2.439721127484218988e-01	1.612667502551849152e-01	2.561184373880781018e-01	1.538653652682978323e-01	7.332485154702002295e-02	3.264551576668139193e-02	7.880696702595782477e-02
1.211861438520648335e+03	2.437732010653338721e-01	1.611334364290731846e-01	2.562461913688066084e-01	1.539509324669217083e-01	7.336381251539694781e-02	3.266985153451754803e-02	7.886257461959220172e-02
1.213312769584745183e+03	2.435747036396929410e-01	1.610002898421994122e-01	2.563736934613135010e-01	1.540363933474030722e-01	7.340271100689774175e-02	3.269413712796327698e-02	7.891807157417214669e-02
1.214764100648841804e+03	2.433766192135968509e-01	1.608673106548335618e-01	2.565009442888989133e-01	1.541217477296013549e-01	7.344154710153059928e-02	3.271837273732153273e-02	7.897345827385930661e-02
1.216215431712937971e+03	2.431789465353193513e-01	1.607344990236830029e-01	2.566279444725399483e-01	1.542069954372746743e-01	7.348032087942599211e-02	3.274255855140533605e-02	7.902873509999375212e-02
1.217666762777034819e+03	2.429816843592705333e-01	1.606018551019228191e-01	2.567546946309041123e-01	1.542921362980368971e-01	7.351903242083232537e-02	3.276669475755346339e-02	7.908390243112194129e-02
1.219118093841131440e+03	2.427848314459571388e-01	1.604693790392258679e-01	2.568811953803620818e-01	1.543771701433151455e-01	7.355768180611155227e-02	3.279078154164591363e-02	7.913896064302444744e-02
1.220569424905228061e+03	2.425883865619432866e-01	1.603370709817925899e-01	2.570074473350010824e-01	1.544620968083075807e-01	7.359626911573505237e-02	3.281481908811921533e-02	7.919391010874335390e-02
1.222020755969324682e+03	2.423923484798115313e-01	1.602049310723806796e-01	2.571334511066377115e-01	1.545469161319417417e-01	7.363479443027957927e-02	3.283880757998149796e-02	7.924875119860942674e-02
1.223472087033421303e+03	2.421967159781241996e-01	1.600729594503343955e-01	2.572592073048306505e-01	1.546316279568332175e-01	7.367325783042336096e-02	3.286274719882739670e-02	7.930348428026894048e-02
1.224923418097517697e+03	2.420014878413848658e-01	1.599411562516138696e-01	2.573847165368934875e-01	1.547162321292445686e-01	7.371165939694232505e-02	3.288663812485276283e-02	7.935810971871026798e-02
1.226374749161614318e+03	2.418066628600001877e-01	1.598095216088239179e-01	2.575099794079072635e-01	1.548007284990449983e-01	7.374999921070637954e-02	3.291048053686920771e-02	7.941262787629022046e-02
1.227826080225710712e+03	2.416122398302420482e-01	1.596780556512427673e-01	2.576349965207330173e-01	1.548851169196699684e-01	7.378827735267584620e-02	3.293427461231845932e-02	7.946703911276006838e-02
1.229277411289807560e+03	2.414182175542098074e-01	1.595467585048506720e-01	2.577597684760241648e-01	1.549693972480817028e-01	7.382649390389804667e-02	3.295802052728651066e-02	7.952134378529127079e-02
1.230728742353903954e+03	2.412245948397930273e-01	1.594156302923580570e-01	2.578842958722388778e-01	1.550535693447295249e-01	7.386464894550393012e-02	3.298171845651766410e-02	7.957554224850107993e-02
1.232180073418000802e+03	2.410313705006342511e-01	1.592846711332337739e-01	2.580085793056524079e-01	1.551376330735110554e-01	7.390274255870468711e-02	3.300536857342835362e-02	7.962963485447767387e-02
1.233631404482097196e+03	2.408385433560922551e-01	1.591538811437327727e-01	2.581326193703688543e-01	1.552215883017335762e-01	7.394077482478871033e-02	3.302897105012081447e-02	7.968362195280520588e-02
1.235082735546193817e+03	2.406461122312053280e-01	1.590232604369238578e-01	2.582564166583336540e-01	1.553054349000758394e-01	7.397874582511843045e-02	3.305252605739660010e-02	7.973750389058850696e-02
1.236534066610290438e+03	2.404540759566549946e-01	1.588928091227171102e-01	2.583799717593452394e-01	1.553891727425501246e-01	7.401665564112726303e-02	3.307603376476990487e-02	7.979128101247753846e-02
1.237985397674387059e+03	2.402624333687299052e-01	1.587625273078911159e-01	2.585032852610671950e-01	1.554728017064649359e-01	7.405450435431673584e-02	3.309949434048079647e-02	7.984495366069162270e-02
1.239436728738483680e+03	2.400711833092899761e-01	1.586324150961199719e-01	2.586263577490394150e-01	1.555563216723877262e-01	7.409229204625362997e-02	3.312290795150820560e-02	7.989852217504338217e-02
1.240888059802580301e+03	2.398803246257308341e-01	1.585024725880001262e-01	2.587491898066905938e-01	1.556397325241083429e-01	7.413001879856714882e-02	3.314627476358283226e-02	7.995198689296247052e-02
1.242339390866676695e+03	2.396898561709483733e-01	1.583726998810770503e-01	2.588717820153492166e-01	1.557230341486026126e-01	7.416768469294618416e-02	3.316959494119989249e-02	8.000534814951901219e-02
1.243790721930773088e+03	2.394997768033038377e-01	1.582430970698714412e-01	2.589941349542553839e-01	1.558062264359963422e-01	7.420528981113674871e-02	3.319286864763167783e-02	8.005860627744686153e-02
1.245242052994869937e+03	2.393100853865888222e-01	1.581136642459056441e-01	2.591162492005721907e-01	1.558893092795297641e-01	7.424283423493929779e-02	3.321609604493998280e-02	8.011176160716657058e-02
1.246693384058966330e+03	2.391207807899907167e-01	1.579844014977296318e-01	2.592381253293969401e-01	1.559722825755222309e-01	7.428031804620625900e-02	3.323927729398843539e-02	8.016481446680809309e-02
1.248144715123063179e+03	2.389318618880583445e-01	1.578553089109467344e-01	2.593597639137724675e-01	1.560551462233372988e-01	7.431774132683953427e-02	3.326241255445463313e-02	8.021776518223332209e-02
1.249596046187159800e+03	2.387433275606677674e-01	1.577263865682392574e-01	2.594811655246984095e-01	1.561379001253483390e-01	7.435510415878808510e-02	3.328550198484216127e-02	8.027061407705834983e-02
1.251047377251256421e+03	2.385551766929885353e-01	1.575976345493939890e-01	2.596023307311421946e-01	1.562205441869041200e-01	7.439240662404558724e-02	3.330854574249245831e-02	8.032336147267549187e-02
1.252498708315352815e+03	2.383674081754499907e-01	1.574690529313273191e-01	2.597232601000500907e-01	1.563030783162951409e-01	7.442964880464815469e-02	3.333154398359658432e-02	8.037600768827513065e-02
1.253950039379449436e+03	2.381800209037076843e-01	1.573406417881104136e-01	2.598439541963581401e-01	1.563855024247200742e-01	7.446683078267199440e-02	3.335449686320682283e-02	8.042855304086726775e-02
1.255401370443546057e+03	2.379930137786104571e-01	1.572124011909939167e-01	2.599644135830030400e-01	1.564678164262526816e-01	7.450395264023129682e-02	3.337740453524814382e-02	8.048099784530284018e-02
1.256852701507642678e+03	2.378063857061673281e-01	1.570843312084327092e-01	2.600846388209329119e-01	1.565500202378088679e-01	7.454101445947602933e-02	3.340026715252957662e-02	8.053334241429491169e-02
1.258304032571739299e+03	2.376201355975148255e-01	1.569564319061102775e-01	2.602046304691180145e-01	1.566321137791143736e-01	7.457801632258984070e-02	3.342308486675543006e-02	8.058558705843960057e-02
1.259755363635835920e+03	2.374342623688844856e-01	1.568287033469630554e-01	2.603243890845612918e-01	1.567140969726725785e-01	7.461495831178796556e-02	3.344585782853636696e-02	8.063773208623668809e-02
1.261206694699932314e+03	2.372487649415705446e-01	1.567011455912045437e-01	2.604439152223089193e-01	1.567959697437326383e-01	7.465184050931521209e-02	3.346858618740040231e-02	8.068977780411012990e-02
1.262658025764028707e+03	2.370636422418979927e-01	1.565737586963491801e-01	2.605632094354611294e-01	1.568777320202581482e-01	7.468866299744393589e-02	3.349127009180377645e-02	8.074172451642834536e-02
1.264109356828125556e+03	2.368788932011906545e-01	1.564465427172359868e-01	2.606822722751819810e-01	1.569593837328958630e-01	7.472542585847216645e-02	3.351390968914162716e-02	8.079357252552422930e-02
1.265560687892221949e+03	2.366945167557397423e-01	1.563194977060523017e-01	2.608011042907102395e-01	1.570409248149449155e-01	7.476212917472162267e-02	3.353650512575863385e-02	8.084532213171502502e-02
1.267012018956318798e+03	2.365105118467723255e-01	1.561926237123570649e-01	2.609197060293693693e-01	1.571223552023263970e-01	7.479877302853588095e-02	3.355905654695954393e-02	8.089697363332191971e-02
1.268463350020415419e+03	2.363268774204202449e-01	1.560659207831038842e-01	2.610380780365777476e-01	1.572036748335530476e-01	7.483535750227850170e-02	3.358156409701949785e-02	8.094852732668950113e-02
1.269914681084511813e+03	2.361436124276892201e-01	1.559393889626642660e-01	2.611562208558588782e-01	1.572848836496995306e-01	7.487188267833125299e-02	3.360402791919434029e-02	8.099998350620497833e-02
1.271366012148608434e+03	2.359607158244280689e-01	1.558130282928502641e-01	2.612741350288512732e-01	1.573659815943727058e-01	7.490834863909232033e-02	3.362644815573072321e-02	8.105134246431716649e-02
1.272817343212705055e+03	2.357781865712981761e-01	1.556868388129372116e-01	2.613918210953184440e-01	1.574469686136824864e-01	7.494475546697457191e-02	3.364882494787619499e-02	8.110260449155536067e-02
1.274268674276801676e+03	2.355960236337433233e-01	1.555608205596862581e-01	2.615092795931590053e-01	1.575278446562130008e-01	7.498110324440387942e-02	3.367115843588910917e-02	8.115376987654794594e-02
1.275720005340898297e+03	2.354142259819594629e-01	1.554349735673666577e-01	2.616265110584161668e-01	1.576086096729936159e-01	7.501739205381734166e-02	3.369344875904846381e-02	8.120483890604077160e-02
1.277171336404994690e+03	2.352327925908649919e-01	1.553092978677778901e-01	2.617435160252878923e-01	1.576892636174709872e-01	7.505362197766173027e-02	3.371569605566358124e-02	8.125581186491551144e-02
1.278622667469091539e+03	2.350517224400709149e-01	1.551837934902715876e-01	2.618602950261361140e-01	1.577698064454807758e-01	7.508979309839187988e-02	3.373790046308376006e-02	8.130668903620755228e-02
1.280073998533187932e+03	2.348710145138515615e-01	1.550584604617734896e-01	2.619768485914968359e-01	1.578502381152199208e-01	7.512590549846898114e-02	3.376006211770775367e-02	8.135747070112400725e-02
1.281525329597284326e+03	2.346906678011152492e-01	1.549332988068049533e-01	2.620931772500895152e-01	1.579305585872192996e-01	7.516195926035913744e-02	3.378218115499318636e-02	8.140815713906127127e-02
1.282976660661381175e+03	2.345106812953751951e-01	1.548083085475044363e-01	2.622092815288263878e-01	1.580107678243164449e-01	7.519795446653176896e-02	3.380425770946583752e-02	8.145874862762256252e-02
1.284427991725477568e+03	2.343310539947207616e-01	1.546834897036489520e-01	2.623251619528220724e-01	1.580908657916287041e-01	7.523389119945807224e-02	3.382629191472887736e-02	8.150924544263520033e-02
1.285879322789574417e+03	2.341517849017888120e-01	1.545588422926750805e-01	2.624408190454028955e-01	1.581708524565266227e-01	7.526976954160959077e-02	3.384828390347192212e-02	8.155964785816775808e-02
1.287330653853671038e+03	2.339728730237351784e-01	1.544343663296999514e-01	2.625562533281161626e-01	1.582507277886076591e-01	7.530558957545668841e-02	3.387023380748006157e-02	8.160995614654696639e-02
1.288781984917767431e+03	2.337943173722064893e-01	1.543100618275421443e-01	2.626714653207395389e-01	1.583304917596700945e-01	7.534135138346718941e-02	3.389214175764276860e-02	8.166017057837449133e-02
1.290233315981864052e+03	2.336161169633120815e-01	1.541859287967423386e-01	2.627864555412899317e-01	1.584101443436873036e-01	7.537705504810485180e-02	3.391400788396269073e-02	8.171029142254356004e-02
