1.001418434226643626e+03	2.778957908279520717e-01	1.818975032150450255e-01	2.347015136731442908e-01	1.406096512353639805e-01	6.702643873716211675e-02	2.850499231561409372e-02	6.936410999536048172e-02
1.002869765290740247e+03	2.776281239301799375e-01	1.817375506238428085e-01	2.348729054366119895e-01	1.407057908216196029e-01	6.707389341949256123e-02	2.853993074846426781e-02	6.944180501943088279e-02
1.004321096354836754e+03	2.773611927008359235e-01	1.815776362692843038e-01	2.350439176609334935e-01	1.408019077062235835e-01	6.712131907288118593e-02	2.857474522731198729e-02	6.951928136217157272e-02
1.005772427418933376e+03	2.770949921055005927e-01	1.814177633133559064e-01	2.352145519557589104e-01	1.408980015469233349e-01	6.716871357963102862e-02	2.860943746415084768e-02	6.959654003432140523e-02
1.007223758483029997e+03	2.768295171683176070e-01	1.812579348684446590e-01	2.353848099038337027e-01	1.409940719454467195e-01	6.721607494612430456e-02	2.864400910290143543e-02	6.967358206457358039e-02
1.008675089547126618e+03	2.765647629713174904e-01	1.810981539980257016e-01	2.355546930621355006e-01	1.410901184517538709e-01	6.726340129562125014e-02	2.867846172339730618e-02	6.975040849739087834e-02
1.010126420611223239e+03	2.763007246537443895e-01	1.809384237173406740e-01	2.357242029629489644e-01	1.411861405680291948e-01	6.731069086147498104e-02	2.871279684511277019e-02	6.982702039099103475e-02
1.011577751675319632e+03	2.760373974113856654e-01	1.807787469940667635e-01	2.358933411148821380e-01	1.412821377524289268e-01	6.735794198073902228e-02	2.874701593064987043e-02	6.990341881548964298e-02
1.013029082739416367e+03	2.757747764959045944e-01	1.806191267489768715e-01	2.360621090038279857e-01	1.413781094225987356e-01	6.740515308814476469e-02	2.878112038900063757e-02	6.997960485118838447e-02
1.014480413803512761e+03	2.755128572141772314e-01	1.804595658565908978e-01	2.362305080938736923e-01	1.414740549589744989e-01	6.745232271042816974e-02	2.881511157859972805e-02	7.005557958699776266e-02
1.015931744867609382e+03	2.752516349276323271e-01	1.803000671458181436e-01	2.363985398281611694e-01	1.415699737078792986e-01	6.749944946098550280e-02	2.884899081018136094e-02	7.013134411898414022e-02
1.017383075931706003e+03	2.749911050515961297e-01	1.801406334005909993e-01	2.365662056297014315e-01	1.416658649844285411e-01	6.754653203483934609e-02	2.888275934945368217e-02	7.020689954903187868e-02
1.018834406995802851e+03	2.747312630546408507e-01	1.799812673604901936e-01	2.367335069021453964e-01	1.417617280752542508e-01	6.759356920389719692e-02	2.891641841960265052e-02	7.028224698361151823e-02
1.020285738059899245e+03	2.744721044579381264e-01	1.798219717213616620e-01	2.369004450305134124e-01	1.418575622410596926e-01	6.764055981248588700e-02	2.894996920363678006e-02	7.035738753264651757e-02
1.021737069123995752e+03	2.742136248346171423e-01	1.796627491359246431e-01	2.370670213818866223e-01	1.419533667190137904e-01	6.768750277314578012e-02	2.898341284658329312e-02	7.043232230847074060e-02
1.023188400188092373e+03	2.739558198091275876e-01	1.795036022143720600e-01	2.372332373060612454e-01	1.420491407249954152e-01	6.773439706267012084e-02	2.901675045754549542e-02	7.050705242487007030e-02
1.024639731252188767e+03	2.736986850566077156e-01	1.793445335249623240e-01	2.373990941361688034e-01	1.421448834556956753e-01	6.778124171837510148e-02	2.904998311163057081e-02	7.058157899620179365e-02
1.026091062316285615e+03	2.734422163022574015e-01	1.791855455946034237e-01	2.375645931892638729e-01	1.422405940905874799e-01	6.782803583458758834e-02	2.908311185175629920e-02	7.065590313658587363e-02
1.027542393380382237e+03	2.731864093207171384e-01	1.790266409094288802e-01	2.377297357668809452e-01	1.423362717937694810e-01	6.787477855933790605e-02	2.911613769034468099e-02	7.073002595916291768e-02
1.028993724444478858e+03	2.729312599354517532e-01	1.788678219153659876e-01	2.378945231555628648e-01	1.424319157156924420e-01	6.792146909124562038e-02	2.914906161090988559e-02	7.080394857541347231e-02
1.030445055508575479e+03	2.726767640181401720e-01	1.787090910186961701e-01	2.380589566273617064e-01	1.425275249947746403e-01	6.796810667658742533e-02	2.918188456954746643e-02	7.087767209453445238e-02
1.031896386572671872e+03	2.724229174880708482e-01	1.785504505866079838e-01	2.382230374403140893e-01	1.426230987589131582e-01	6.801469060653649035e-02	2.921460749633126783e-02	7.095119762286813958e-02
1.033347717636768493e+03	2.721697163115427975e-01	1.783919029477423479e-01	2.383867668388924554e-01	1.427186361268970860e-01	6.806122021456323390e-02	2.924723129662407106e-02	7.102452626338005837e-02
1.034799048700865114e+03	2.719171565012721281e-01	1.782334503927303915e-01	2.385501460544331986e-01	1.428141362097287703e-01	6.810769487398825317e-02	2.927975685230759309e-02	7.109765911518176051e-02
1.036250379764961508e+03	2.716652341158051209e-01	1.780750951747241129e-01	2.387131763055435063e-01	1.429095981118581882e-01	6.815411399567861128e-02	2.931218502293711503e-02	7.117059727309547890e-02
1.037701710829058356e+03	2.714139452589366397e-01	1.779168395099196553e-01	2.388758587984878001e-01	1.430050209323361909e-01	6.820047702587894722e-02	2.934451664682555944e-02	7.124334182725740316e-02
1.039153041893154750e+03	2.711632860791347577e-01	1.777586855780735331e-01	2.390381947275550534e-01	1.431004037658909211e-01	6.824678344416983122e-02	2.937675254206165154e-02	7.131589386275648257e-02
1.040604372957251599e+03	2.709132527689716019e-01	1.776006355230117517e-01	2.392001852754078728e-01	1.431957457039324810e-01	6.829303276154567726e-02	2.940889350746640415e-02	7.138825445930652158e-02
1.042055704021347992e+03	2.706638415645595264e-01	1.774426914531319621e-01	2.393618316134148161e-01	1.432910458354899608e-01	6.833922451860555136e-02	2.944094032349191606e-02	7.146042469094859850e-02
1.043507035085444613e+03	2.704150487449942242e-01	1.772848554418988698e-01	2.395231349019663336e-01	1.433863032480847677e-01	6.838535828384990911e-02	2.947289375306615111e-02	7.153240562578203066e-02
1.044958366149541234e+03	2.701668706318032798e-01	1.771271295283328717e-01	2.396840962907756944e-01	1.434815170285445862e-01	6.843143365207741968e-02	2.950475454238725079e-02	7.160419832572123555e-02
1.046409697213637855e+03	2.699193035884008829e-01	1.769695157174917821e-01	2.398447169191653960e-01	1.435766862637608832e-01	6.847745024287581195e-02	2.953652342167056161e-02	7.167580384627703083e-02
1.047861028277734476e+03	2.696723440195489818e-01	1.768120159809462300e-01	2.400049979163403069e-01	1.436718100413939547e-01	6.852340769920137187e-02	2.956820110585139244e-02	7.174722323636009702e-02
1.049312359341831097e+03	2.694259883708239323e-01	1.766546322572485894e-01	2.401649404016477640e-01	1.437668874505285410e-01	6.856930568604176213e-02	2.959978829524639865e-02	7.181845753810534028e-02
1.050763690405927491e+03	2.691802331280898630e-01	1.764973664523952213e-01	2.403245454848258467e-01	1.438619175822826168e-01	6.861514388915745943e-02	2.963128567617613965e-02	7.188950778671525377e-02
1.052215021470024112e+03	2.689350748169775929e-01	1.763402204402825801e-01	2.404838142662399647e-01	1.439568995303728560e-01	6.866092201389693839e-02	2.966269392155135645e-02	7.196037501032112593e-02
1.053666352534120733e+03	2.686905100023696535e-01	1.761831960631570215e-01	2.406427478371091777e-01	1.440518323916391286e-01	6.870663978408168837e-02	2.969401369142524519e-02	7.203106022986041634e-02
1.055117683598217127e+03	2.684465352878918076e-01	1.760262951320586688e-01	2.408013472797218002e-01	1.441467152665302232e-01	6.875229694095645605e-02	2.972524563351386026e-02	7.210156445896949429e-02
1.056569014662313975e+03	2.682031473154098400e-01	1.758695194272587303e-01	2.409596136676418476e-01	1.442415472595536541e-01	6.879789324220134117e-02	2.975639038368668374e-02	7.217188870389015798e-02
1.058020345726410369e+03	2.679603427645330660e-01	1.757128706986913480e-01	2.411175480659060455e-01	1.443363274796916063e-01	6.884342846100173496e-02	2.978744856642927263e-02	7.224203396338918504e-02
1.059471676790506763e+03	2.677181183521231134e-01	1.755563506663791185e-01	2.412751515312127337e-01	1.444310550407848781e-01	6.888890238517304809e-02	2.981842079527965289e-02	7.231200122868977620e-02
1.060923007854603611e+03	2.674764708318090323e-01	1.753999610208530624e-01	2.414324251121022225e-01	1.445257290618871260e-01	6.893431481633668922e-02	2.984930767324020517e-02	7.238179148341401803e-02
1.062374338918700232e+03	2.672353969935083451e-01	1.752437034235666269e-01	2.415893698491297092e-01	1.446203486675910199e-01	6.897966556914450487e-02	2.988010979316652743e-02	7.245140570353555964e-02
1.063825669982796853e+03	2.669948936629537029e-01	1.750875795073042751e-01	2.417459867750310909e-01	1.447149129883281704e-01	6.902495447054871058e-02	2.991082773813471749e-02	7.252084485734161534e-02
1.065277001046893474e+03	2.667549577012253703e-01	1.749315908765841643e-01	2.419022769148816143e-01	1.448094211606443804e-01	6.907018135911460743e-02	2.994146208178843221e-02	7.259010990540366859e-02
1.066728332110990095e+03	2.665155860042897062e-01	1.747757391080554668e-01	2.420582412862483379e-01	1.449038723274518048e-01	6.911534608437373828e-02	2.997201338866697234e-02	7.265920180055618349e-02
1.068179663175086489e+03	2.662767755025430838e-01	1.746200257508903619e-01	2.422138808993362924e-01	1.449982656382593771e-01	6.916044850621484719e-02	3.000248221451557590e-02	7.272812148788265763e-02
1.069630994239183110e+03	2.660385231603617506e-01	1.744644523271703940e-01	2.423691967571289796e-01	1.450926002493830858e-01	6.920548849431060190e-02	3.003286910657902709e-02	7.279686990470843333e-02
1.071082325303279504e+03	2.658008259756570735e-01	1.743090203322676113e-01	2.425241898555232367e-01	1.451868753241370991e-01	6.925046592757796993e-02	3.006317460387958329e-02	7.286544798059975403e-02
1.072533656367376352e+03	2.655636809794366671e-01	1.741537312352206546e-01	2.426788611834591325e-01	1.452810900330070432e-01	6.929538069366998621e-02	3.009339923748022630e-02	7.293385663736869085e-02
1.073984987431472746e+03	2.653270852353707410e-01	1.739985864791053771e-01	2.428332117230446174e-01	1.453752435538067656e-01	6.934023268849752453e-02	3.012354353073411553e-02	7.300209678908316235e-02
1.075436318495569594e+03	2.650910358393644972e-01	1.738435874814007465e-01	2.429872424496759831e-01	1.454693350718191391e-01	6.938502181577889394e-02	3.015360799952106902e-02	7.307016934208201975e-02
1.076887649559666215e+03	2.648555299191351353e-01	1.736887356343492783e-01	2.431409543321532973e-01	1.455633637799225721e-01	6.942974798661578906e-02	3.018359315247191865e-02	7.313807519499436471e-02
1.078338980623762609e+03	2.646205646337950190e-01	1.735340323053129186e-01	2.432943483327922873e-01	1.456573288787035847e-01	6.947441111909402611e-02	3.021349949118141975e-02	7.320581523876316943e-02
1.079790311687859230e+03	2.643861371734396726e-01	1.733794788371239015e-01	2.434474254075317534e-01	1.457512295765565902e-01	6.951901113790757980e-02	3.024332751041044695e-02	7.327339035667251865e-02
1.081241642751955851e+03	2.641522447587414946e-01	1.732250765484305566e-01	2.436001865060375415e-01	1.458450650897718248e-01	6.956354797400451928e-02	3.027307769827810788e-02	7.334080142437834904e-02
1.082692973816052472e+03	2.639188846405484679e-01	1.730708267340388684e-01	2.437526325718028797e-01	1.459388346426118699e-01	6.960802156425367759e-02	3.030275053644439220e-02	7.340804930994228317e-02
1.084144304880149093e+03	2.636860540994879210e-01	1.729167306652488190e-01	2.439047645422450505e-01	1.460325374673777654e-01	6.965243185113059732e-02	3.033234650028391113e-02	7.347513487386840569e-02
1.085595635944245487e+03	2.634537504455758405e-01	1.727627895901864552e-01	2.440565833487992609e-01	1.461261728044652985e-01	6.969677878242178104e-02	3.036186605905127900e-02	7.354205896914249585e-02
1.087046967008342108e+03	2.632219710178308469e-01	1.726090047341312383e-01	2.442080899170092911e-01	1.462197399024123823e-01	6.974106231094620578e-02	3.039130967603862962e-02	7.360882244127382734e-02
1.088498298072438729e+03	2.629907131838935541e-01	1.724553772998388967e-01	2.443592851666150367e-01	1.463132380179373859e-01	6.978528239429282465e-02	3.042067780872570459e-02	7.367542612833902216e-02
1.089949629136535123e+03	2.627599743396504817e-01	1.723019084678599488e-01	2.445101700116376897e-01	1.464066664159699438e-01	6.982943899457348669e-02	3.044997090892302694e-02	7.374187086102786115e-02
1.091400960200631971e+03	2.625297519088632958e-01	1.721485993968537298e-01	2.446607453604619509e-01	1.465000243696741589e-01	6.987353207818995660e-02	3.047918942290847935e-02	7.380815746269089872e-02
1.092852291264728365e+03	2.623000433428026579e-01	1.719954512238981437e-01	2.448110121159158270e-01	1.465933111604647843e-01	6.991756161561459015e-02	3.050833379155774849e-02	7.387428674938871509e-02
1.094303622328825213e+03	2.620708461198871242e-01	1.718424650647951690e-01	2.449609711753482355e-01	1.466865260780170488e-01	6.996152758118345805e-02	3.053740445046893709e-02	7.394025952994245920e-02
1.095754953392921607e+03	2.618421577453265425e-01	1.716896420143721458e-01	2.451106234307041110e-01	1.467796684202704316e-01	7.000542995290157111e-02	3.056640183008173250e-02	7.400607660598584880e-02
1.097206284457018228e+03	2.616139757507702779e-01	1.715369831467789541e-01	2.452599697685974578e-01	1.468727374934268026e-01	7.004926871225916618e-02	3.059532635579141277e-02	7.407173877201825296e-02
1.098657615521114849e+03	2.613862976939601013e-01	1.713844895157810577e-01	2.454090110703823491e-01	1.469657326119434282e-01	7.009304384405867783e-02	3.062417844805799538e-02	7.413724681545873219e-02
1.100108946585211470e+03	2.611591211583874084e-01	1.712321621550485229e-01	2.455577482122220379e-01	1.470586530985210361e-01	7.013675533625142455e-02	3.065295852251084113e-02	7.420260151670106386e-02
1.101560277649308091e+03	2.609324437529556007e-01	1.710800020784410680e-01	2.457061820651559869e-01	1.471514982840873564e-01	7.018040317978387066e-02	3.068166699004890030e-02	7.426780364916960031e-02
1.103011608713404712e+03	2.607062631116462414e-01	1.709280102802891721e-01	2.458543134951653997e-01	1.472442675077765273e-01	7.022398736845249234e-02	3.071030425693692736e-02	7.433285397937564043e-02
1.104462939777501106e+03	2.604805768931901522e-01	1.707761877356714364e-01	2.460021433632367527e-01	1.473369601169048082e-01	7.026750789876687331e-02	3.073887072489785502e-02	7.439775326697455060e-02
1.105914270841597499e+03	2.602553827807426168e-01	1.706245354006879211e-01	2.461496725254239404e-01	1.474295754669422698e-01	7.031096476982078014e-02	3.076736679120151835e-02	7.446250226482339918e-02
1.107365601905694348e+03	2.600306784815629157e-01	1.704730542127299853e-01	2.462969018329087545e-01	1.475221129214815408e-01	7.035435798317034306e-02	3.079579284875000322e-02	7.452710171903891012e-02
1.108816932969790741e+03	2.598064617266983567e-01	1.703217450907460462e-01	2.464438321320598924e-01	1.476145718522034189e-01	7.039768754271914786e-02	3.082414928615972646e-02	7.459155236905581909e-02
1.110268264033887590e+03	2.595827302706724127e-01	1.701706089355040641e-01	2.465904642644905775e-01	1.477069516388394010e-01	7.044095345460990587e-02	3.085243648784049761e-02	7.465585494768557651e-02
1.111719595097984211e+03	2.593594818911766908e-01	1.700196466298501408e-01	2.467367990671146816e-01	1.477992516691319369e-01	7.048415572712209143e-02	3.088065483407167328e-02	7.472001018117516158e-02
1.113170926162080832e+03	2.591367143887677305e-01	1.698688590389637598e-01	2.468828373722017355e-01	1.478914713387919910e-01	7.052729437057536632e-02	3.090880470107559494e-02	7.478401878926616009e-02
1.114622257226177226e+03	2.589144255865671318e-01	1.697182470106093355e-01	2.470285800074306370e-01	1.479836100514545782e-01	7.057036939723838886e-02	3.093688646108845586e-02	7.484788148525378659e-02
1.116073588290273847e+03	2.586926133299662367e-01	1.695678113753844585e-01	2.471740277959418863e-01	1.480756672186321898e-01	7.061338082124267446e-02	3.096490048242871856e-02	7.491159897604618423e-02
1.117524919354370468e+03	2.584712754863344175e-01	1.694175529469644781e-01	2.473191815563891838e-01	1.481676422596662490e-01	7.065632865850125788e-02	3.099284712956321824e-02	7.497517196222353020e-02
1.118976250418467089e+03	2.582504099447315293e-01	1.692674725223440590e-01	2.474640421029894732e-01	1.482595346016770954e-01	7.069921292663182422e-02	3.102072676317108382e-02	7.503860113809722454e-02
1.120427581482563710e+03	2.580300146156241925e-01	1.691175708820751300e-01	2.476086102455721527e-01	1.483513436795122764e-01	7.074203364488401702e-02	3.104853974020559820e-02	7.510188719176896788e-02
1.121878912546660331e+03	2.578100874306054613e-01	1.689678487905017512e-01	2.477528867896271192e-01	1.484430689356933675e-01	7.078479083407085426e-02	3.107628641395407745e-02	7.516503080518970037e-02
1.123330243610756725e+03	2.575906263421191000e-01	1.688183069959915406e-01	2.478968725363519809e-01	1.485347098203616822e-01	7.082748451650375254e-02	3.110396713409589037e-02	7.522803265421840191e-02
1.124781574674853118e+03	2.573716293231868013e-01	1.686689462311640741e-01	2.480405682826982428e-01	1.486262657912225948e-01	7.087011471593114564e-02	3.113158224675869820e-02	7.529089340868078128e-02
1.126232905738949967e+03	2.571530943671395120e-01	1.685197672131160951e-01	2.481839748214164920e-01	1.487177363134890851e-01	7.091268145748040597e-02	3.115913209457304989e-02	7.535361373242766003e-02
1.127684236803046360e+03	2.569350194873522009e-01	1.683707706436435858e-01	2.483270929411010020e-01	1.488091208598241177e-01	7.095518476760284687e-02	3.118661701672534314e-02	7.541619428339318976e-02
1.129135567867143209e+03	2.567174027169821238e-01	1.682219572094608984e-01	2.484699234262330858e-01	1.489004189102823561e-01	7.099762467402172261e-02	3.121403734900929719e-02	7.547863571365280577e-02
1.130586898931239830e+03	2.565002421087108631e-01	1.680733275824166650e-01	2.486124670572238682e-01	1.489916299522510423e-01	7.104000120568296217e-02	3.124139342387595442e-02	7.554093866948087543e-02
1.132038229995336451e+03	2.562835357344897536e-01	1.679248824197069334e-01	2.487547246104563348e-01	1.490827534803902399e-01	7.108231439270849827e-02	3.126868557048235325e-02	7.560310379140806891e-02
1.133489561059432845e+03	2.560672816852886391e-01	1.677766223640851928e-01	2.488966968583265771e-01	1.491737889965724650e-01	7.112456426635206663e-02	3.129591411473886531e-02	7.566513171427839690e-02
1.134940892123529466e+03	2.558514780708481262e-01	1.676285480440696252e-01	2.490383845692839271e-01	1.492647360098219855e-01	7.116675085895725339e-02	3.132307937935528697e-02	7.572702306730597077e-02
1.136392223187626087e+03	2.556361230194352241e-01	1.674806600741475249e-01	2.491797885078710362e-01	1.493555940362534529e-01	7.120887420391781852e-02	3.135018168388575832e-02	7.578877847413130475e-02
1.137843554251722708e+03	2.554212146776023151e-01	1.673329590549767487e-01	2.493209094347627330e-01	1.494463625990105071e-01	7.125093433563998990e-02	3.137722134477256147e-02	7.585039855287735444e-02
1.139294885315819101e+03	2.552067512099487345e-01	1.671854455735844736e-01	2.494617481068044929e-01	1.495370412282037431e-01	7.129293128950668634e-02	3.140419867538880860e-02	7.591188391620519449e-02
1.140746216379915950e+03	2.549927307988869574e-01	1.670381202035633728e-01	2.496023052770502404e-01	1.496276294608487045e-01	7.133486510184355867e-02	3.143111398608013085e-02	7.597323517136918281e-02
1.142197547444012343e+03	2.547791516444106730e-01	1.668909835052647117e-01	2.497425816947992094e-01	1.497181268408035726e-01	7.137673580988680710e-02	3.145796758420537492e-02	7.603445292027183333e-02
1.143648878508108737e+03	2.545660119638664121e-01	1.667440360259891674e-01	2.498825781056326911e-01	1.498085329187067716e-01	7.141854345175246976e-02	3.148475977417634908e-02	7.609553775951830024e-02
1.145100209572205586e+03	2.543533099917285045e-01	1.665972783001748170e-01	2.500222952514498664e-01	1.498988472519144910e-01	7.146028806640736253e-02	3.151149085749668094e-02	7.615649028047039026e-02
1.146551540636302207e+03	2.541410439793767573e-01	1.664507108495825172e-01	2.501617338705031668e-01	1.499890694044382633e-01	7.150196969364137900e-02	3.153816113279980793e-02	7.621731106930015875e-02
1.148002871700398828e+03	2.539292121948775738e-01	1.663043341834788413e-01	2.503008946974328852e-01	1.500791989468823751e-01	7.154358837404116434e-02	3.156477089588614199e-02	7.627800070704307545e-02
1.149454202764495449e+03	2.537178129227672385e-01	1.661581487988163797e-01	2.504397784633017321e-01	1.501692354563813891e-01	7.158514414896498257e-02	3.159132043975945714e-02	7.633855976965084333e-02
1.150905533828591842e+03	2.535068444638390872e-01	1.660121551804116524e-01	2.505783858956283638e-01	1.502591785165379445e-01	7.162663706051890233e-02	3.161781005466248601e-02	7.639898882804364855e-02
1.152356864892688463e+03	2.532963051349328976e-01	1.658663538011204419e-01	2.507167177184204676e-01	1.503490277173603062e-01	7.166806715153406504e-02	3.164424002811183634e-02	7.645928844816207715e-02
1.153808195956785084e+03	2.530861932687274440e-01	1.657207451220109318e-01	2.508547746522077349e-01	1.504387826552004148e-01	7.170943446554491063e-02	3.167061064493215811e-02	7.651945919101851845e-02
1.155259527020881706e+03	2.528765072135357728e-01	1.655753295925341539e-01	2.509925574140738913e-01	1.505284429326918527e-01	7.175073904676854131e-02	3.169692218728967226e-02	7.657950161274815204e-02
1.156710858084978327e+03	2.526672453331032520e-01	1.654301076506924095e-01	2.511300667176885049e-01	1.506180081586882546e-01	7.179198094008502895e-02	3.172317493472505412e-02	7.663941626465949064e-02
1.158162189149074720e+03	2.524584060064083424e-01	1.652850797232049973e-01	2.512673032733383494e-01	1.507074779482017179e-01	7.183316019101849970e-02	3.174936916418564375e-02	7.669920369328443732e-02
1.159613520213171569e+03	2.522499876274662545e-01	1.651402462256719439e-01	2.514042677879581023e-01	1.507968519223415460e-01	7.187427684571912057e-02	3.177550515005714976e-02	7.675886444042792633e-02
1.161064851277267962e+03	2.520419886051348257e-01	1.649956075627354302e-01	2.515409609651606537e-01	1.508861297082533248e-01	7.191533095094596040e-02	3.180158316419467307e-02	7.681839904321710599e-02
1.162516182341364356e+03	2.518344073629236179e-01	1.648511641282388585e-01	2.516773835052675268e-01	1.509753109390582215e-01	7.195632255405041977e-02	3.182760347595324502e-02	7.687780803415003583e-02
1.163967513405461204e+03	2.516272423388051793e-01	1.647069163053838936e-01	2.518135361053378540e-01	1.510643952537926438e-01	7.199725170296053522e-02	3.185356635221779642e-02	7.693709194114395356e-02
1.165418844469557826e+03	2.514204919850289710e-01	1.645628644668852003e-01	2.519494194591979652e-01	1.511533822973480934e-01	7.203811844616589410e-02	3.187947205743262707e-02	7.699625128758307013e-02
1.166870175533654447e+03	2.512141547679378473e-01	1.644190089751231543e-01	2.520850342574699199e-01	1.512422717204115197e-01	7.207892283270311840e-02	3.190532085363034787e-02	7.705528659236592082e-02
1.168321506597751068e+03	2.510082291677870892e-01	1.642753501822942497e-01	2.522203811875997626e-01	1.513310631794060335e-01	7.211966491214205632e-02	3.193111300046033718e-02	7.711419836995229982e-02
1.169772837661847461e+03	2.508027136785658806e-01	1.641318884305597303e-01	2.523554609338856669e-01	1.514197563364317045e-01	7.216034473457243192e-02	3.195684875521678792e-02	7.717298713040961211e-02
1.171224168725944082e+03	2.505976068078208940e-01	1.639886240521919170e-01	2.524902741775056914e-01	1.515083508592070805e-01	7.220096235059107748e-02	3.198252837286619937e-02	7.723165337945898934e-02
1.172675499790040703e+03	2.503929070764828180e-01	1.638455573697185641e-01	2.526248215965444799e-01	1.515968464210110112e-01	7.224151781128969330e-02	3.200815210607450834e-02	7.729019761852072568e-02
1.174126830854137097e+03	2.501886130186948831e-01	1.637026886960653571e-01	2.527591038660206846e-01	1.516852427006247506e-01	7.228201116824296835e-02	3.203372020523376218e-02	7.734862034475940840e-02
1.175578161918233945e+03	2.499847231816437754e-01	1.635600183346962999e-01	2.528931216579130559e-01	1.517735393822743917e-01	7.232244247349735311e-02	3.205923291848836870e-02	7.740692205112853497e-02
1.177029492982330339e+03	2.497812361253927971e-01	1.634175465797521321e-01	2.530268756411870323e-01	1.518617361555740508e-01	7.236281177956001287e-02	3.208469049176096433e-02	7.746510322641476931e-02
1.178480824046426733e+03	2.495781504227174430e-01	1.632752737161870527e-01	2.531603664818202204e-01	1.519498327154692185e-01	7.240311913938834998e-02	3.211009316877788677e-02	7.752316435528162908e-02
1.179932155110523581e+03	2.493754646589430302e-01	1.631332000199033072e-01	2.532935948428279294e-01	1.520378287621805824e-01	7.244336460637988695e-02	3.213544119109424529e-02	7.758110591831281211e-02
1.181383486174620202e+03	2.491731774317847148e-01	1.629913257578840813e-01	2.534265613842886511e-01	1.521257240011481549e-01	7.248354823436244099e-02	3.216073479811864394e-02	7.763892839205510654e-02
1.182834817238716823e+03	2.489712873511895075e-01	1.628496511883244235e-01	2.535592667633686514e-01	1.522135181429761785e-01	7.252367007758470097e-02	3.218597422713753015e-02	7.769663224906082910e-02
1.184286148302813444e+03	2.487697930391806200e-01	1.627081765607604757e-01	2.536917116343465062e-01	1.523012109033781702e-01	7.256373019070710972e-02	3.221115971333921024e-02	7.775421795792976376e-02
1.185737479366910065e+03	2.485686931297036439e-01	1.625669021161968431e-01	2.538238966486375259e-01	1.523888020031224644e-01	7.260372862879302391e-02	3.223629148983751108e-02	7.781168598335079511e-02
1.187188810431006686e+03	2.483679862684752271e-01	1.624258280872323268e-01	2.539558224548176257e-01	1.524762911679782840e-01	7.264366544730024855e-02	3.226136978769509472e-02	7.786903678614306989e-02
1.188640141495103080e+03	2.481676711128333046e-01	1.622849546981836866e-01	2.540874896986468068e-01	1.525636781286622279e-01	7.268354070207271034e-02	3.228639483594648169e-02	7.792627082329663113e-02
1.190091472559199701e+03	2.479677463315898556e-01	1.621442821652078758e-01	2.542188990230927481e-01	1.526509626207852299e-01	7.272335444933250570e-02	3.231136686162073418e-02	7.798338854801281639e-02
1.191542803623296322e+03	2.477682106048853528e-01	1.620038106964226676e-01	2.543500510683538440e-01	1.527381443847998510e-01	7.276310674567218473e-02	3.233628608976382712e-02	7.804039040974410091e-02
1.192994134687392716e+03	2.475690626240452108e-01	1.618635404920252263e-01	2.544809464718816860e-01	1.528252231659482374e-01	7.280279764804722942e-02	3.236115274346071380e-02	7.809727685423356602e-02
1.194445465751489564e+03	2.473703010914382050e-01	1.617234717444095693e-01	2.546115858684040445e-01	1.529121987142102734e-01	7.284242721376875396e-02	3.238596704385712094e-02	7.815404832355393738e-02
1.195896796815585958e+03	2.471719247203370551e-01	1.615836046382819191e-01	2.547419698899467400e-01	1.529990707842525111e-01	7.288199550049642705e-02	3.241072921018103847e-02	7.821070525614623459e-02
1.197348127879682352e+03	2.469739322347803689e-01	1.614439393507747789e-01	2.548720991658557922e-01	1.530858391353772385e-01	7.292150256623171345e-02	3.243543945976391785e-02	7.826724808685807389e-02
1.198799458943779200e+03	2.467763223694370844e-01	1.613044760515593423e-01	2.550019743228191249e-01	1.531725035314722705e-01	7.296094846931103217e-02	3.246009800806159279e-02	7.832367724698138800e-02
1.200250790007875821e+03	2.465790938694722434e-01	1.611652149029562942e-01	2.551315959848879933e-01	1.532590637409609047e-01	7.300033326839940051e-02	3.248470506867495722e-02	7.837999316428995167e-02
1.201702121071972442e+03	2.463822454904148751e-01	1.610261560600451392e-01	2.552609647734981335e-01	1.533455195367527668e-01	7.303965702248407799e-02	3.250926085337034477e-02	7.843619626307644921e-02
1.203153452136069063e+03	2.461857759980276006e-01	1.608872996707718661e-01	2.553900813074906351e-01	1.534318706961945444e-01	7.307891979086841849e-02	3.253376557209965853e-02	7.849228696418900086e-02
1.204604783200165684e+03	2.459896841681778190e-01	1.607486458760554460e-01	2.555189462031329795e-01	1.535181170010217477e-01	7.311812163316584734e-02	3.255821943302026483e-02	7.854826568506757811e-02
1.206056114264262078e+03	2.457939687867110312e-01	1.606101948098924981e-01	2.556475600741391907e-01	1.536042582373104981e-01	7.315726260929406033e-02	3.258262264251460261e-02	7.860413283977976673e-02
1.207507445328358699e+03	2.455986286493255510e-01	1.604719465994607630e-01	2.557759235316901525e-01	1.536902941954299551e-01	7.319634277946931999e-02	3.260697540520956367e-02	7.865988883905630780e-02
1.208958776392455093e+03	2.454036625614490486e-01	1.603339013652209932e-01	2.559040371844535366e-01	1.537762246699952151e-01	7.323536220420090448e-02	3.263127792399563715e-02	7.871553409032622239e-02
1.210410107456551941e+03	2.452090693381166753e-01	1.601960592210175394e-01	2.560319016386037316e-01	1.538620494598205990e-01	7.327432094428569520e-02	3.265553040004581103e-02	7.877106899775151994e-02
1.211861438520648335e+03	2.450148478038510491e-01	1.600584202741774376e-01	2.561595174978410494e-01	1.539477683678733277e-01	7.331321906080282003e-02	3.267973303283425168e-02	7.882649396226161509e-02
1.213312769584745183e+03	2.448209967925435160e-01	1.599209846256081646e-01	2.562868853634113764e-01	1.540333812012278369e-01	7.335205661510853237e-02	3.270388602015472657e-02	7.888180938158731448e-02
1.214764100648841804e+03	2.446275151473374931e-01	1.597837523698941442e-01	2.564140058341251582e-01	1.541188877710203131e-01	7.339083366883113191e-02	3.272798955813884664e-02	7.893701565029442868e-02
1.216215431712937971e+03	2.444344017205128949e-01	1.596467235953916708e-01	2.565408795063759961e-01	1.542042878924037852e-01	7.342955028386601024e-02	3.275204384127403112e-02	7.899211315981705117e-02
1.217666762777034819e+03	2.442416553733725015e-01	1.595098983843228346e-01	2.566675069741597981e-01	1.542895813845036601e-01	7.346820652237080751e-02	3.277604906242131272e-02	7.904710229849054581e-02
1.219118093841131440e+03	2.440492749761296043e-01	1.593732768128679200e-01	2.567938888290927091e-01	1.543747680703736191e-01	7.350680244676063846e-02	3.280000541283289994e-02	7.910198345158406252e-02
1.220569424905228061e+03	2.438572594077974554e-01	1.592368589512564714e-01	2.569200256604297072e-01	1.544598477769521250e-01	7.354533811970349888e-02	3.282391308216953130e-02	7.915675700133271986e-02
1.222020755969324682e+03	2.436656075560798829e-01	1.591006448638574156e-01	2.570459180550823119e-01	1.545448203350190397e-01	7.358381360411568595e-02	3.284777225851761434e-02	7.921142332696955168e-02
1.223472087033421303e+03	2.434743183172636549e-01	1.589646346092675744e-01	2.571715665976367360e-01	1.546296855791531033e-01	7.362222896315728793e-02	3.287158312840619823e-02	7.926598280475699587e-02
1.224923418097517697e+03	2.432833905961122589e-01	1.588288282403991503e-01	2.572969718703712605e-01	1.547144433476893011e-01	7.366058426022786820e-02	3.289534587682369643e-02	7.932043580801803606e-02
1.226374749161614318e+03	2.430928233057608745e-01	1.586932258045660182e-01	2.574221344532736655e-01	1.547990934826772302e-01	7.369887955896219089e-02	3.291906068723445683e-02	7.937478270716716300e-02
1.227826080225710712e+03	2.429026153676130673e-01	1.585578273435685748e-01	2.575470549240587159e-01	1.548836358298393834e-01	7.373711492322591876e-02	3.294272774159509587e-02	7.942902386974076689e-02
1.229277411289807560e+03	2.427127657112388703e-01	1.584226328937778372e-01	2.576717338581849259e-01	1.549680702385302367e-01	7.377529041711154700e-02	3.296634722037068005e-02	7.948315966042740488e-02
1.230728742353903954e+03	2.425232732742739483e-01	1.582876424862179610e-01	2.577961718288715454e-01	1.550523965616954492e-01	7.381340610493430932e-02	3.298991930255069926e-02	7.953719044109762437e-02
1.232180073418000802e+03	2.423341370023204544e-01	1.581528561466477856e-01	2.579203694071151021e-01	1.551366146558316450e-01	7.385146205122822272e-02	3.301344416566485279e-02	7.959111657083350888e-02
1.233631404482097196e+03	2.421453558488490532e-01	1.580182738956412980e-01	2.580443271617059442e-01	1.552207243809466397e-01	7.388945832074209075e-02	3.303692198579866873e-02	7.964493840595790464e-02
1.235082735546193817e+03	2.419569287751023312e-01	1.578838957486669581e-01	2.581680456592445605e-01	1.553047256005198329e-01	7.392739497843572871e-02	3.306035293760891530e-02	7.969865630006328638e-02
1.236534066610290438e+03	2.417688547499994012e-01	1.577497217161657750e-01	2.582915254641577341e-01	1.553886181814632950e-01	7.396527208947616117e-02	3.308373719433886639e-02	7.975227060404038726e-02
1.237985397674387059e+03	2.415811327500419770e-01	1.576157518036285510e-01	2.584147671387144185e-01	1.554724019940830482e-01	7.400308971923386103e-02	3.310707492783335204e-02	7.980578166610644009e-02
1.239436728738483680e+03	2.413937617592216978e-01	1.574819860116718206e-01	2.585377712430414476e-01	1.555560769120407638e-01	7.404084793327909975e-02	3.313036630855369785e-02	7.985918983183314113e-02
1.240888059802580301e+03	2.412067407689284515e-01	1.573484243361128743e-01	2.586605383351392451e-01	1.556396428123159592e-01	7.407854679737835291e-02	3.315361150559244241e-02	7.991249544417436401e-02
1.242339390866676695e+03	2.410200687778602802e-01	1.572150667680436986e-01	2.587830689708971454e-01	1.557230995751684999e-01	7.411618637749071981e-02	3.317681068668787425e-02	7.996569884349345736e-02
1.243790721930773088e+03	2.408337447919342011e-01	1.570819132939038076e-01	2.589053637041088818e-01	1.558064470841014626e-01	7.415376673976446786e-02	3.319996401823847171e-02	8.001880036759034809e-02
1.245242052994869937e+03	2.406477678241985829e-01	1.569489638955522959e-01	2.590274230864873517e-01	1.558896852258244980e-01	7.419128795053356318e-02	3.322307166531709294e-02	8.007180035172828392e-02
1.246693384058966330e+03	2.404621368947462146e-01	1.568162185503386152e-01	2.591492476676796608e-01	1.559728138902173045e-01	7.422875007631429822e-02	3.324613379168508270e-02	8.012469912866038158e-02
1.248144715123063179e+03	2.402768510306291516e-01	1.566836772311725468e-01	2.592708379952821107e-01	1.560558329702939062e-01	7.426615318380193342e-02	3.326915055980617791e-02	8.017749702865574479e-02
1.249596046187159800e+03	2.400919092657740617e-01	1.565513399065931177e-01	2.593921946148544100e-01	1.561387423621668491e-01	7.430349733986744976e-02	3.329212213086024663e-02	8.023019437952540189e-02
1.251047377251256421e+03	2.399073106408993183e-01	1.564192065408365473e-01	2.595133180699344955e-01	1.562215419650120340e-01	7.434078261155424583e-02	3.331504866475690219e-02	8.028279150664791031e-02
1.252498708315352815e+03	2.397230542034327894e-01	1.562872770939034428e-01	2.596342089020527433e-01	1.563042316810338561e-01	7.437800906607500151e-02	3.333793032014894381e-02	8.033528873299472517e-02
1.253950039379449436e+03	2.395391390074308735e-01	1.561555515216246914e-01	2.597548676507457910e-01	1.563868114154306765e-01	7.441517677080847215e-02	3.336076725444566543e-02	8.038768637915526261e-02
1.255401370443546057e+03	2.393555641134987588e-01	1.560240297757267969e-01	2.598752948535710261e-01	1.564692810763606834e-01	7.445228579329646323e-02	3.338355962382597020e-02	8.043998476336168546e-02
1.256852701507642678e+03	2.391723285887114858e-01	1.558927118038961335e-01	2.599954910461201307e-01	1.565516405749081130e-01	7.448933620124068011e-02	3.340630758325140864e-02	8.049218420151343922e-02
1.258304032571739299e+03	2.389894315065363428e-01	1.557615975498422567e-01	2.601154567620328484e-01	1.566338898250496936e-01	7.452632806249975816e-02	3.342901128647900177e-02	8.054428500720149653e-02
1.259755363635835920e+03	2.388068719467560663e-01	1.556306869533605475e-01	2.602351925330105287e-01	1.567160287436216715e-01	7.456326144508629294e-02	3.345167088607396005e-02	8.059628749173232409e-02
1.261206694699932314e+03	2.386246489953933181e-01	1.554999799503936631e-01	2.603546988888295055e-01	1.567980572502870040e-01	7.460013641716387034e-02	3.347428653342223587e-02	8.064819196415171088e-02
1.262658025764028707e+03	2.384427617446361058e-01	1.553694764730925160e-01	2.604739763573544753e-01	1.568799752675029135e-01	7.463695304704422162e-02	3.349685837874297190e-02	8.069999873126812440e-02
1.264109356828125556e+03	2.382612092927639258e-01	1.552391764498760596e-01	2.605930254645515975e-01	1.569617827204888016e-01	7.467371140318426748e-02	3.351938657110076908e-02	8.075170809767595603e-02
1.265560687892221949e+03	2.380799907440754037e-01	1.551090798054903519e-01	2.607118467345012625e-01	1.570434795371945802e-01	7.471041155418339796e-02	3.354187125841783662e-02	8.080332036577854427e-02
1.267012018956318798e+03	2.378991052088164360e-01	1.549791864610670089e-01	2.608304406894113026e-01	1.571250656482691688e-01	7.474705356878062756e-02	3.356431258748603097e-02	8.085483583581080935e-02
1.268463350020415419e+03	2.377185518031096623e-01	1.548494963341805197e-01	2.609488078496294827e-01	1.572065409870294084e-01	7.478363751585187513e-02	3.358671070397869357e-02	8.090625480586174922e-02
1.269914681084511813e+03	2.375383296488846330e-01	1.547200093389048681e-01	2.610669487336561567e-01	1.572879054894293915e-01	7.482016346440720223e-02	3.360906575246242617e-02	8.095757757189667170e-02
1.271366012148608434e+03	2.373584378738090028e-01	1.545907253858695429e-01	2.611848638581568127e-01	1.573691590940299867e-01	7.485663148358820407e-02	3.363137787640870652e-02	8.100880442777910750e-02
1.272817343212705055e+03	2.371788756112208629e-01	1.544616443823145779e-01	2.613025537379740637e-01	1.574503017419685569e-01	7.489304164266533115e-02	3.365364721820537225e-02	8.105993566529261229e-02
1.274268674276801676e+03	2.369996420000614334e-01	1.543327662321448412e-01	2.614200188861403040e-01	1.575313333769293722e-01	7.492939401103523855e-02	3.367587391916797290e-02	8.111097157416222170e-02
1.275720005340898297e+03	2.368207361848093662e-01	1.542040908359835483e-01	2.615372598138894222e-01	1.576122539451139948e-01	7.496568865821827410e-02	3.369805811955102481e-02	8.116191244207572597e-02
1.277171336404994690e+03	2.366421573154152691e-01	1.540756180912252193e-01	2.616542770306690691e-01	1.576930633952121075e-01	7.500192565385586929e-02	3.372019995855909946e-02	8.121275855470470872e-02
1.278622667469091539e+03	2.364639045472377021e-01	1.539473478920876659e-01	2.617710710441521482e-01	1.577737616783726482e-01	7.503810506770805522e-02	3.374229957435781468e-02	8.126351019572530809e-02
1.280073998533187932e+03	2.362859770409795057e-01	1.538192801296632828e-01	2.618876423602488068e-01	1.578543487481752217e-01	7.507422696965099229e-02	3.376435710408471486e-02	8.131416764683882525e-02
1.281525329597284326e+03	2.361083739626252953e-01	1.536914146919698965e-01	2.620039914831178152e-01	1.579348245606018442e-01	7.511029142967447225e-02	3.378637268385999148e-02	8.136473118779205538e-02
1.282976660661381175e+03	2.359310944833798440e-01	1.535637514640004198e-01	2.621201189151781130e-01	1.580151890740089382e-01	7.514629851787953119e-02	3.380834644879712053e-02	8.141520109639741043e-02
1.284427991725477568e+03	2.357541377796070481e-01	1.534362903277723400e-01	2.622360251571201895e-01	1.580954422490996047e-01	7.518224830447602092e-02	3.383027853301338178e-02	8.146557764855279216e-02
1.285879322789574417e+03	2.355775030327698361e-01	1.533090311623760693e-01	2.623517107079172961e-01	1.581755840488962839e-01	7.521814085978029141e-02	3.385216906964022554e-02	8.151586111826134018e-02
1.287330653853671038e+03	2.354011894293709661e-01	1.531819738440229339e-01	2.624671760648365493e-01	1.582556144387136932e-01	7.525397625421280379e-02	3.387401819083356302e-02	8.156605177765086090e-02
1.288781984917767431e+03	2.352251961608944619e-01	1.530551182460923032e-01	2.625824217234499214e-01	1.583355333861319048e-01	7.528975455829582664e-02	3.389582602778393183e-02	8.161614989699308986e-02
1.290233315981864052e+03	2.350495224237479364e-01	1.529284642391781635e-01	2.626974481776451209e-01	1.584153408609698110e-01	7.532547584265116003e-02	3.391759271072654347e-02	8.166615574472271821e-02
