1.001418434226643626e+03	2.779265059334872223e-01	1.818615572114748724e-01	2.347146162055198104e-01	1.406102312271318988e-01	6.701590084947969816e-02	2.850809557013555054e-02	6.936309300241305653e-02
1.003837319333471214e+03	2.774822119411686216e-01	1.815935946323487538e-01	2.350004875709283403e-01	1.407702617698661229e-01	6.709487970279227886e-02	2.856619836245546246e-02	6.949236602008250496e-02
1.006256204440298802e+03	2.770399460131801606e-01	1.813257491068650251e-01	2.352853087145974631e-01	1.409302273169195929e-01	6.717377626789079736e-02	2.862396009443494982e-02	6.962103248575406134e-02
1.008675089547126618e+03	2.765996843340580158e-01	1.810580357372249538e-01	2.355690869109206553e-01	1.410901261708960575e-01	6.725258121256755262e-02	2.868138837173695235e-02	6.974909726223788020e-02
1.011093974653954206e+03	2.761614035734399897e-01	1.807904692151251491e-01	2.358518292391257321e-01	1.412499562375957307e-01	6.733128609580923962e-02	2.873849031707720325e-02	6.987656532146903354e-02
1.013512859760782021e+03	2.757250808760423610e-01	1.805230638315995784e-01	2.361335425964838919e-01	1.414097150756806753e-01	6.740988328340834224e-02	2.879527261588237311e-02	7.000344172054485947e-02
1.015931744867609382e+03	2.752906938517437063e-01	1.802558334866364576e-01	2.364142337103544711e-01	1.415693999413808746e-01	6.748836587154374844e-02	2.885174155714693989e-02	7.012973158083592173e-02
1.018350629974437197e+03	2.748582205657859046e-01	1.799887916985743741e-01	2.366939091491732372e-01	1.417290078287156141e-01	6.756672761758956980e-02	2.890790307001286571e-02	7.025544006979056455e-02
1.020769515081264785e+03	2.744276395291004866e-01	1.797219516132822492e-01	2.369725753324830875e-01	1.418885355056596076e-01	6.764496287747800984e-02	2.896376275653752760e-02	7.038057238510113389e-02
1.023188400188092373e+03	2.739989296887679893e-01	1.794553260131268313e-01	2.372502385400956648e-01	1.420479795466438044e-01	6.772306654900366041e-02	2.901932592106325898e-02	7.050513374094083408e-02
1.025607285294920075e+03	2.735720704186162533e-01	1.791889273257329662e-01	2.375269049204646876e-01	1.422073363617432085e-01	6.780103402051246286e-02	2.907459759655591988e-02	7.062912935601656228e-02
1.028026170401747549e+03	2.731470415099624960e-01	1.789227676325401695e-01	2.378025804983442959e-01	1.423666022228715633e-01	6.787886112446982201e-02	2.912958256823907841e-02	7.075256444321464944e-02
1.030445055508575479e+03	2.727238231625042086e-01	1.786568586771600797e-01	2.380772711817988607e-01	1.425257732872719230e-01	6.795654409544858721e-02	2.918428539481435907e-02	7.087544420064406658e-02
1.032863940615402726e+03	2.723023959753611556e-01	1.783912118735390961e-01	2.383509827686241533e-01	1.426848456185653702e-01	6.803407953212024795e-02	2.923871042752634181e-02	7.099777380390577541e-02
1.035282825722230655e+03	2.718827409382721383e-01	1.781258383139299462e-01	2.386237209522343861e-01	1.428438152055944710e-01	6.811146436287124351e-02	2.929286182730209478e-02	7.111955839943785718e-02
1.037701710829058356e+03	2.714648394229479678e-01	1.778607487766768747e-01	2.388954913270648073e-01	1.430026779792763492e-01	6.818869581470111962e-02	2.934674358017012527e-02	7.124080309880484463e-02
1.040120595935886058e+03	2.710486731745820332e-01	1.775959537338180627e-01	2.391662993935342874e-01	1.431614298276591979e-01	6.826577138509180853e-02	2.940035951114122401e-02	7.136151297381553016e-02
1.042539481042713533e+03	2.706342243035195771e-01	1.773314633585093558e-01	2.394361505626084463e-01	1.433200666093577547e-01	6.834268881656553607e-02	2.945371329671375368e-02	7.148169305236773408e-02
1.044958366149541234e+03	2.702214752770861206e-01	1.770672875322734374e-01	2.397050501600001271e-01	1.434785841655269178e-01	6.841944607367614339e-02	2.950680847614825519e-02	7.160134831493114582e-02
1.047377251256368709e+03	2.698104089115748727e-01	1.768034358520780003e-01	2.399730034300407155e-01	1.436369783305163350e-01	6.849604132220181441e-02	2.955964846164065019e-02	7.172048369158977310e-02
1.049796136363196410e+03	2.694010083643927356e-01	1.765399176372471901e-01	2.402400155392515613e-01	1.437952449413364420e-01	6.857247291032955716e-02	2.961223654750920822e-02	7.183910405957544265e-02
1.052215021470024112e+03	2.689932571263647931e-01	1.762767419362095689e-01	2.405060915796438936e-01	1.439533798460528313e-01	6.864873935164107766e-02	2.966457591849820663e-02	7.195721424123176224e-02
1.054633906576851814e+03	2.685871390141954529e-01	1.760139175330865113e-01	2.407712365717711578e-01	1.441113789112153099e-01	6.872483930972812793e-02	2.971666965729000132e-02	7.207481900235562788e-02
1.057052791683679516e+03	2.681826381630855738e-01	1.757514529541247261e-01	2.410354554675563643e-01	1.442692380284172349e-01	6.880077158428128670e-02	2.976852075130756448e-02	7.219192305086949424e-02
1.059471676790506763e+03	2.677797390195044702e-01	1.754893564739763712e-01	2.412987531529146579e-01	1.444269531200717827e-01	6.887653509851103528e-02	2.982013209888062857e-02	7.230853103578328833e-02
1.061890561897334692e+03	2.673784263341142386e-01	1.752276361218301493e-01	2.415611344501898683e-01	1.445845201444835026e-01	6.895212888777353666e-02	2.987150651484092936e-02	7.242464754640998148e-02
1.064309447004162394e+03	2.669786851548456297e-01	1.749662996873969645e-01	2.418226041204207810e-01	1.447419351002856291e-01	6.902755208928530728e-02	2.992264673560495608e-02	7.254027711180283111e-02
1.066728332110990095e+03	2.665805008201231896e-01	1.747053547267534701e-01	2.420831668654530033e-01	1.448991940303070713e-01	6.910280393282250411e-02	2.997355542379655929e-02	7.265542420038639815e-02
1.069147217217817570e+03	2.661838589522368959e-01	1.744448085680464222e-01	2.423428273299096380e-01	1.450562930249265081e-01	6.917788373230984722e-02	3.002423517245611864e-02	7.277009321975677625e-02
1.071566102324645271e+03	2.657887454508598424e-01	1.741846683170617527e-01	2.426015901030333932e-01	1.452132282249662121e-01	6.925279087821382962e-02	3.007468850887814321e-02	7.288428851662902275e-02
1.073984987431472746e+03	2.653951464867082000e-01	1.739249408626608318e-01	2.428594597204108418e-01	1.453699958241716217e-01	6.932752483066287330e-02	3.012491789811473641e-02	7.299801437691311179e-02
1.076403872538300675e+03	2.650030484953418419e-01	1.736656328820873896e-01	2.431164406655894894e-01	1.455265920713197936e-01	6.940208511322415452e-02	3.017492574617844717e-02	7.311127502590109017e-02
1.078822757645127922e+03	2.646124381711031925e-01	1.734067508461480389e-01	2.433725373715965035e-01	1.456830132719948989e-01	6.947647130727405140e-02	3.022471440297450074e-02	7.322407462855100302e-02
1.081241642751955851e+03	2.642233024611922998e-01	1.731483010242692022e-01	2.436277542223675430e-01	1.458392557900647368e-01	6.955068304690487091e-02	3.027428616498933911e-02	7.333641728985423880e-02
1.083660527858783553e+03	2.638356285598746354e-01	1.728902894894334685e-01	2.438820955540933200e-01	1.459953160488902668e-01	6.962472001431621593e-02	3.032364327775953494e-02	7.344830705527477521e-02
1.086079412965611255e+03	2.634494039028210111e-01	1.726327221229982667e-01	2.441355656564902499e-01	1.461511905322954719e-01	6.969858193564411331e-02	3.037278793814268338e-02	7.355974791125040324e-02
1.088498298072438729e+03	2.630646161615749490e-01	1.723756046193993807e-01	2.443881687740024067e-01	1.463068757853232538e-01	6.977226857718581143e-02	3.042172229640962081e-02	7.367074378574672844e-02
1.090917183179266431e+03	2.626812532381470056e-01	1.721189424907423882e-01	2.446399091069391407e-01	1.464623684148002591e-01	6.984577974198184769e-02	3.047044845817537678e-02	7.378129854885606687e-02
1.093336068286093905e+03	2.622993032597323304e-01	1.718627410712841586e-01	2.448907908125545763e-01	1.466176650897310363e-01	6.991911526672112132e-02	3.051896848618440225e-02	7.389141601343450494e-02
1.095754953392921607e+03	2.619187545735494616e-01	1.716070055218074653e-01	2.451408180060727637e-01	1.467727625415401194e-01	6.999227501893759418e-02	3.056728440196406632e-02	7.400109993577068390e-02
1.098173838499749309e+03	2.615395957417983031e-01	1.713517408338909587e-01	2.453899947616633992e-01	1.469276575641788041e-01	7.006525889447048905e-02	3.061539818735897062e-02	7.411035401628120189e-02
1.100592723606577010e+03	2.611618155367338434e-01	1.710969518340771378e-01	2.456383251133714418e-01	1.470823470141118805e-01	7.013806681516267238e-02	3.066331178595739504e-02	7.421918190022772088e-02
1.103011608713404712e+03	2.607854029358544490e-01	1.708426431879404572e-01	2.458858130560043209e-01	1.472368278101973404e-01	7.021069872677399015e-02	3.071102710441993289e-02	7.432758717845158736e-02
1.105430493820231959e+03	2.604103471172009576e-01	1.705888194040584283e-01	2.461324625459798132e-01	1.473910969334720211e-01	7.028315459708900370e-02	3.075854601371947813e-02	7.443557338812234470e-02
1.107849378927059888e+03	2.600366374547657955e-01	1.703354848378873798e-01	2.463782775021375326e-01	1.475451514268534825e-01	7.035543441420032129e-02	3.080587035030068685e-02	7.454314401349690367e-02
1.110268264033887590e+03	2.596642635140079536e-01	1.700826436955457099e-01	2.466232618065165305e-01	1.476989883947685822e-01	7.042753818495040008e-02	3.085300191716632695e-02	7.465030248668656776e-02
1.112687149140715292e+03	2.592932150474735464e-01	1.698303000375063765e-01	2.468674193051016985e-01	1.478526050027172689e-01	7.049946593351688606e-02	3.089994248489709439e-02	7.475705218842924882e-02
1.115106034247542766e+03	2.589234819905177343e-01	1.695784577822011252e-01	2.471107538085405564e-01	1.480059984767798098e-01	7.057121770012717010e-02	3.094669379261085276e-02	7.486339644886483291e-02
1.117524919354370468e+03	2.585550544571273979e-01	1.693271207095383701e-01	2.473532690928329780e-01	1.481591661030745022e-01	7.064279353989030841e-02	3.099325754886669143e-02	7.496933854831187849e-02
1.119943804461197942e+03	2.581879227358406803e-01	1.690762924643368081e-01	2.475949688999953269e-01	1.483121052271726692e-01	7.071419352173437256e-02	3.103963543251855861e-02	7.507488171804363453e-02
1.122362689568025871e+03	2.578220772857632848e-01	1.688259765596767104e-01	2.478358569387009713e-01	1.484648132534762965e-01	7.078541772743952853e-02	3.108582909352288967e-02	7.518002914106232393e-02
1.124781574674853118e+03	2.574575087326772538e-01	1.685761763801709445e-01	2.480759368848981794e-01	1.486172876445638336e-01	7.085646625075761595e-02	3.113184015370411631e-02	7.528478395287002689e-02
1.127200459781681047e+03	2.570942078652418417e-01	1.683268951851577266e-01	2.483152123824070856e-01	1.487695259205087384e-01	7.092733919660952624e-02	3.117767020748158854e-02	7.538914924223547032e-02
1.129619344888508749e+03	2.567321656312830935e-01	1.680781361118165174e-01	2.485536870434972845e-01	1.489215256581751523e-01	7.099803668035349624e-02	3.122332082256111183e-02	7.549312805195534937e-02
1.132038229995336451e+03	2.563713731341710766e-01	1.678299021782096445e-01	2.487913644494465226e-01	1.490732844904941734e-01	7.106855882711704542e-02	3.126879354059396848e-02	7.559672337960961219e-02
1.134457115102163925e+03	2.560118216292825988e-01	1.675821962862506509e-01	2.490282481510818768e-01	1.492248001057242257e-01	7.113890577118668623e-02	3.131408987780599784e-02	7.569993817831004168e-02
1.136876000208991627e+03	2.556535025205466383e-01	1.673350212246015600e-01	2.492643416693048897e-01	1.493760702466987167e-01	7.120907765544996770e-02	3.135921132559915669e-02	7.580277535744120443e-02
1.139294885315819101e+03	2.552964073570717085e-01	1.670883796715007807e-01	2.494996484956004124e-01	1.495270927100633973e-01	7.127907463088453688e-02	3.140415935112757934e-02	7.590523778339360039e-02
1.141713770422646803e+03	2.549405278298527699e-01	1.668422741975230383e-01	2.497341720925312925e-01	1.496778653455061447e-01	7.134889685609022147e-02	3.144893539785015291e-02	7.600732828028837484e-02
1.144132655529474505e+03	2.545858557685554691e-01	1.665967072682729699e-01	2.499679158942184620e-01	1.498283860549809166e-01	7.141854449685962336e-02	3.149354088606125951e-02	7.610904963069330120e-02
1.146551540636302207e+03	2.542323831383767052e-01	1.663516812470142991e-01	2.502008833068080640e-01	1.499786527919281798e-01	7.148801772578375346e-02	3.153797721340134697e-02	7.621040457632963228e-02
1.148970425743129908e+03	2.538801020369790273e-01	1.661071983972359223e-01	2.504330777089256443e-01	1.501286635604935360e-01	7.155731672188950232e-02	3.158224575534866740e-02	7.631139581876973665e-02
1.151389310849957155e+03	2.535290046914976392e-01	1.658632608851560442e-01	2.506645024521183540e-01	1.502784164147455970e-01	7.162644167030569886e-02	3.162634786569354373e-02	7.641202602012511780e-02
1.153808195956785084e+03	2.531790834556183478e-01	1.656198707821666671e-01	2.508951608612855488e-01	1.504279094578949705e-01	7.169539276195534272e-02	3.167028487699631578e-02	7.651229780372481581e-02
1.156227081063612786e+03	2.528303308067239019e-01	1.653770300672191829e-01	2.511250562350982873e-01	1.505771408415152723e-01	7.176417019327138713e-02	3.171405810103000017e-02	7.661221375478398377e-02
1.158645966170440488e+03	2.524827393431086087e-01	1.651347406291524544e-01	2.513541918464083924e-01	1.507261087647674691e-01	7.183277416593383813e-02	3.175766882920868367e-02	7.671177642106259686e-02
1.161064851277267962e+03	2.521363017812581764e-01	1.648930042689654152e-01	2.515825709426472434e-01	1.508748114736281065e-01	7.190120488662644915e-02	3.180111833300250379e-02	7.681098831351415579e-02
1.163483736384095664e+03	2.517910109531944496e-01	1.646518227020346836e-01	2.518101967462147983e-01	1.510232472601225617e-01	7.196946256681092946e-02	3.184440786434006299e-02	7.690985190692457840e-02
1.165902621490923138e+03	2.514468598038824276e-01	1.644111975602791098e-01	2.520370724548595676e-01	1.511714144615639022e-01	7.203754742251719523e-02	3.188753865599888715e-02	7.700836964054083578e-02
1.168321506597751068e+03	2.511038413886990672e-01	1.641711303942723355e-01	2.522632012420494840e-01	1.513193114597982392e-01	7.210545967414810908e-02	3.193051192198480964e-02	7.710654391868991542e-02
1.170740391704578315e+03	2.507619488709617039e-01	1.639316226753044226e-01	2.524885862573335582e-01	1.514669366804566042e-01	7.217319954629755618e-02	3.197332885790064166e-02	7.720437711138752879e-02
1.173159276811406244e+03	2.504211755195149824e-01	1.636926757973940494e-01	2.527132306266961503e-01	1.516142885922142358e-01	7.224076726758042744e-02	3.201599064130490613e-02	7.730187155493724316e-02
1.175578161918233945e+03	2.500815147063751853e-01	1.634542910792522175e-01	2.529371374529026939e-01	1.517613657060576937e-01	7.230816307047367719e-02	3.205849843206100974e-02	7.739902955251948269e-02
1.177997047025061647e+03	2.497429599044298509e-01	1.632164697661989960e-01	2.531603098158377030e-01	1.519081665745598830e-01	7.237538719116723418e-02	3.210085337267740146e-02	7.749585337477095381e-02
1.180415932131889122e+03	2.494055046851921531e-01	1.629792130320339427e-01	2.533827507728349526e-01	1.520546897911635720e-01	7.244243986942409952e-02	3.214305658863907122e-02	7.759234526035424517e-02
1.182834817238716823e+03	2.490691427166082939e-01	1.627425219808614765e-01	2.536044633590012198e-01	1.522009339894734581e-01	7.250932134844871590e-02	3.218510918873088850e-02	7.768850741651790737e-02
1.185253702345544298e+03	2.487338677609167714e-01	1.625063976488726192e-01	2.538254505875324751e-01	1.523468978425571441e-01	7.257603187476291406e-02	3.222701226535305136e-02	7.778434201964694317e-02
1.187672587452371999e+03	2.483996736725585242e-01	1.622708410060836604e-01	2.540457154500230796e-01	1.524925800622548289e-01	7.264257169808877035e-02	3.226876689482904847e-02	7.787985121580398573e-02
1.190091472559199701e+03	2.480665543961359798e-01	1.620358529580330775e-01	2.542652609167687650e-01	1.526379793984987132e-01	7.270894107123790362e-02	3.231037413770639771e-02	7.797503712126110931e-02
1.192510357666027403e+03	2.477345039644210933e-01	1.618014343474374894e-01	2.544840899370631182e-01	1.527830946386409816e-01	7.277514025000642039e-02	3.235183503905050828e-02	7.806990182302238346e-02
1.194929242772855105e+03	2.474035164964098477e-01	1.615675859558080019e-01	2.547022054394877388e-01	1.529279246067916098e-01	7.284116949307532785e-02	3.239315062873186768e-02	7.816444737933757325e-02
1.197348127879682352e+03	2.470735861954233281e-01	1.613343085050273074e-01	2.549196103321967888e-01	1.530724681631653317e-01	7.290702906191579014e-02	3.243432192170683098e-02	7.825867582020659685e-02
1.199767012986510281e+03	2.467447073472532615e-01	1.611016026588891203e-01	2.551363075031949923e-01	1.532167242034380150e-01	7.297271922069883954e-02	3.247534991829231082e-02	7.835258914787537887e-02
1.202185898093337983e+03	2.464168743183517418e-01	1.608694690246003089e-01	2.553522998206105843e-01	1.533606916581126134e-01	7.303824023620933414e-02	3.251623560443444444e-02	7.844618933732291910e-02
1.204604783200165684e+03	2.460900815540634501e-01	1.606379081542469445e-01	2.555675901329623190e-01	1.535043694918943324e-01	7.310359237776363484e-02	3.255697995197154304e-02	7.853947833673970147e-02
1.207023668306993159e+03	2.457643235768999235e-01	1.604069205462251013e-01	2.557821812694214270e-01	1.536477567030754277e-01	7.316877591713080720e-02	3.259758391889151091e-02	7.863245806799773474e-02
1.209442553413820860e+03	2.454395949848544589e-01	1.601765066466370457e-01	2.559960760400678548e-01	1.537908523229292168e-01	7.323379112845718186e-02	3.263804844958385909e-02	7.872513042711228037e-02
1.211861438520648335e+03	2.451158904497569846e-01	1.599466668506537848e-01	2.562092772361420079e-01	1.539336554151135572e-01	7.329863828819382920e-02	3.267837447508651488e-02	7.881749728469528149e-02
1.214280323627476264e+03	2.447932047156675672e-01	1.597174015038448636e-01	2.564217876302908872e-01	1.540761650750834544e-01	7.336331767502686507e-02	3.271856291332757294e-02	7.890956048640079823e-02
1.216699208734303511e+03	2.444715325973080555e-01	1.594887109034760497e-01	2.566336099768099510e-01	1.542183804295130800e-01	7.342782956981037945e-02	3.275861466936213356e-02	7.900132185336239399e-02
1.219118093841131440e+03	2.441508689785307218e-01	1.592605952997756535e-01	2.568447470118798148e-01	1.543603006357268104e-01	7.349217425550176597e-02	3.279853063560438098e-02	7.909278318262290275e-02
1.221536978947959142e+03	2.438312088108230136e-01	1.590330548971704283e-01	2.570552014537986762e-01	1.545019248811394241e-01	7.355635201709928572e-02	3.283831169205502637e-02	7.918394624755621669e-02
1.223955864054786844e+03	2.435125471118475271e-01	1.588060898554916334e-01	2.572649760032099664e-01	1.546432523827051264e-01	7.362036314158182382e-02	3.287795870652421987e-02	7.927481279828173244e-02
1.226374749161614318e+03	2.431948789640168140e-01	1.585797002911518427e-01	2.574740733433257267e-01	1.547842823863757877e-01	7.368420791785043611e-02	3.291747253485009100e-02	7.936538456207126169e-02
1.228793634268442020e+03	2.428781995131012728e-01	1.583538862782934986e-01	2.576824961401459890e-01	1.549250141665675928e-01	7.374788663667197763e-02	3.295685402111297319e-02	7.945566324374864209e-02
1.231212519375269494e+03	2.425625039668701799e-01	1.581286478499097925e-01	2.578902470426732152e-01	1.550654470256368211e-01	7.381139959062432698e-02	3.299610399784549952e-02	7.954565052608214559e-02
1.233631404482097196e+03	2.422477875937648351e-01	1.579039849989381794e-01	2.580973286831235169e-01	1.552055802933638984e-01	7.387474707404320662e-02	3.303522328623857696e-02	7.963534807016975359e-02
1.236050289588924898e+03	2.419340457216028473e-01	1.576798976793278850e-01	2.583037436771334350e-01	1.553454133264461356e-01	7.393792938297066852e-02	3.307421269634344685e-02	7.972475751581757641e-02
1.238469174695752372e+03	2.416212737363128971e-01	1.574563858070812394e-01	2.585094946239629432e-01	1.554849455079988230e-01	7.400094681510492600e-02	3.311307302726978347e-02	7.981388048191137563e-02
1.240888059802580301e+03	2.413094670806994746e-01	1.572334492612701418e-01	2.587145841066945673e-01	1.556241762470646772e-01	7.406379966975160101e-02	3.315180506738010097e-02	7.990271856678141105e-02
1.243306944909407548e+03	2.409986212532365946e-01	1.570110878850277947e-01	2.589190146924289504e-01	1.557631049781313115e-01	7.412648824777633150e-02	3.319040959448035788e-02	7.999127334856059868e-02
1.245725830016235477e+03	2.406887318068899329e-01	1.567893014865164580e-01	2.591227889324766998e-01	1.559017311606570033e-01	7.418901285155850289e-02	3.322888737600702275e-02	8.007954638553628490e-02
1.248144715123063179e+03	2.403797943479668575e-01	1.565680898398719434e-01	2.593259093625465139e-01	1.560400542786042621e-01	7.425137378494624241e-02	3.326723916921055235e-02	8.016753921649559522e-02
1.250563600229890881e+03	2.400718045349931606e-01	1.563474526861250435e-01	2.595283785029300350e-01	1.561780738399813628e-01	7.431357135321245422e-02	3.330546572133541439e-02	8.025525336106448249e-02
1.252982485336718355e+03	2.397647580776164911e-01	1.561273897341007577e-01	2.597301988586836474e-01	1.563157893763914841e-01	7.437560586301207588e-02	3.334356776979673781e-02	8.034269032004075217e-02
1.255401370443546057e+03	2.394586507355356553e-01	1.559079006612959228e-01	2.599313729198060585e-01	1.564532004425896461e-01	7.443747762234018128e-02	3.338154604235363948e-02	8.042985157572084265e-02
1.257820255550373531e+03	2.391534783174547318e-01	1.556889851147352233e-01	2.601319031614137134e-01	1.565903066160470036e-01	7.449918694049116608e-02	3.341940125727928257e-02	8.051673859222088780e-02
1.260239140657201460e+03	2.388492366800619715e-01	1.554706427118068834e-01	2.603317920439120470e-01	1.567271074965227162e-01	7.456073412801886291e-02	3.345713412352779859e-02	8.060335281579175670e-02
1.262658025764028707e+03	2.385459217270328447e-01	1.552528730410777102e-01	2.605310420131645155e-01	1.568636027056429239e-01	7.462211949669755873e-02	3.349474534089804528e-02	8.068969567512848662e-02
1.265076910870856636e+03	2.382435294080561539e-01	1.550356756630887900e-01	2.607296555006579086e-01	1.569997918864870223e-01	7.468334335948381697e-02	3.353223560019436000e-02	8.077576858167408169e-02
1.267495795977684338e+03	2.379420557178832663e-01	1.548190501111314232e-01	2.609276349236651638e-01	1.571356747031810719e-01	7.474440603047925735e-02	3.356960558338430850e-02	8.086157292991770495e-02
1.269914681084511813e+03	2.376414966953994956e-01	1.546029958920048797e-01	2.611249826854049050e-01	1.572712508404979503e-01	7.480530782489401564e-02	3.360685596375347084e-02	8.094711009768751353e-02
1.272333566191339514e+03	2.373418484227174108e-01	1.543875124867549742e-01	2.613217011751985952e-01	1.574065200034646117e-01	7.486604905901111939e-02	3.364398740605741706e-02	8.103238144643813701e-02
1.274752451298167216e+03	2.370431070242911553e-01	1.541725993513954618e-01	2.615177927686243575e-01	1.575414819169759784e-01	7.492663005015146038e-02	3.368100056667083786e-02	8.111738832153297940e-02
1.277171336404994690e+03	2.367452686660518613e-01	1.539582559176114473e-01	2.617132598276686872e-01	1.576761363254154114e-01	7.498705111663965528e-02	3.371789609373390673e-02	8.120213205252127531e-02
1.279590221511822392e+03	2.364483295545629915e-01	1.537444815934458364e-01	2.619081047008749996e-01	1.578104829922818420e-01	7.504731257777047526e-02	3.375467462729595663e-02	8.128661395341017781e-02
1.282009106618650094e+03	2.361522859361956383e-01	1.535312757639692993e-01	2.621023297234897353e-01	1.579445216998232315e-01	7.510741475377606668e-02	3.379133679945650615e-02	8.137083532293185040e-02
1.284427991725477568e+03	2.358571340963231122e-01	1.533186377919335541e-01	2.622959372176060788e-01	1.580782522486763875e-01	7.516735796579375462e-02	3.382788323450366258e-02	8.145479744480571549e-02
1.286846876832305497e+03	2.355628703585342099e-01	1.531065670184092453e-01	2.624889294923051786e-01	1.582116744575131351e-01	7.522714253583459576e-02	3.386431454905000638e-02	8.153850158799594294e-02
1.289265761939132744e+03	2.352694910838651343e-01	1.528950627634078352e-01	2.626813088437944255e-01	1.583447881626924014e-01	7.528676878675243100e-02	3.390063135216594276e-02	8.162194900696417843e-02
1.291684647045960673e+03	2.349769926700491784e-01	1.526841243264887293e-01	2.628730775555440657e-01	1.584775932179183777e-01	7.534623704221365958e-02	3.393683424551062477e-02	8.170514094191771992e-02
1.294103532152788375e+03	2.346853715507838667e-01	1.524737509873514696e-01	2.630642378984210938e-01	1.586100894939047601e-01	7.540554762666755451e-02	3.397292382346046163e-02	8.178807861905315613e-02
1.296522417259616077e+03	2.343946241950154719e-01	1.522639420064134386e-01	2.632547921308208139e-01	1.587422768780446802e-01	7.546470086531718857e-02	3.400890067323524696e-02	8.187076325079552241e-02
1.298941302366443551e+03	2.341047471062399354e-01	1.520546966253736587e-01	2.634447424987963471e-01	1.588741552740862983e-01	7.552369708409090165e-02	3.404476537502200417e-02	8.195319603603321013e-02
1.301360187473271253e+03	2.338157368218202192e-01	1.518460140677627412e-01	2.636340912361857525e-01	1.590057246018142523e-01	7.558253660961433695e-02	3.408051850209653511e-02	8.203537816034844887e-02
1.303779072580098727e+03	2.335275899123196996e-01	1.516378935394794014e-01	2.638228405647372599e-01	1.591369847967365470e-01	7.564121976918303236e-02	3.411616062094274121e-02	8.211731079624365326e-02
1.306197957686926657e+03	2.332403029808507722e-01	1.514303342293139010e-01	2.640109926942320606e-01	1.592679358097767450e-01	7.569974689073545593e-02	3.415169229136975904e-02	8.219899510336363402e-02
1.308616842793753904e+03	2.329538726624389156e-01	1.512233353094588617e-01	2.641985498226052109e-01	1.593985776069718197e-01	7.575811830282673520e-02	3.418711406662694463e-02	8.228043222871378459e-02
1.311035727900581833e+03	2.326682956234014388e-01	1.510168959360073115e-01	2.643855141360648697e-01	1.595289101691750033e-01	7.581633433460267801e-02	3.422242649351676935e-02	8.236162330687425703e-02
1.313454613007409534e+03	2.323835685607405499e-01	1.508110152494388512e-01	2.645718878092087056e-01	1.596589334917638825e-01	7.587439531577447327e-02	3.425763011250561318e-02	8.244256946021019661e-02
1.315873498114237009e+03	2.320996882015507468e-01	1.506056923750937471e-01	2.647576730051394156e-01	1.597886475843538767e-01	7.593230157659368318e-02	3.429272545783255272e-02	8.252327179907818777e-02
1.318292383221064711e+03	2.318166513024399189e-01	1.504009264236356169e-01	2.649428718755773016e-01	1.599180524705163531e-01	7.599005344782794324e-02	3.432771305761615765e-02	8.260373142202896701e-02
1.320711268327892412e+03	2.315344546489636335e-01	1.501967164915024855e-01	2.651274865609718479e-01	1.600471481875016810e-01	7.604765126073689818e-02	3.436259343395932364e-02	8.268394941600631931e-02
1.323130153434719887e+03	2.312530950550730213e-01	1.499930616613470991e-01	2.653115191906111336e-01	1.601759347859675053e-01	7.610509534704876233e-02	3.439736710305217604e-02	8.276392685654247738e-02
1.325549038541547588e+03	2.309725693625749865e-01	1.497899610024663042e-01	2.654949718827293581e-01	1.603044123297114043e-01	7.616238603893719927e-02	3.443203457527312106e-02	8.284366480794987109e-02
1.327967923648375290e+03	2.306928744406051557e-01	1.495874135712199349e-01	2.656778467446127001e-01	1.604325808954083499e-01	7.621952366899874265e-02	3.446659635528801641e-02	8.292316432350937960e-02
1.330386808755202765e+03	2.304140071851130400e-01	1.493854184114394579e-01	2.658601458727035682e-01	1.605604405723528860e-01	7.627650857023056397e-02	3.450105294214755175e-02	8.300242644565521133e-02
1.332805693862030694e+03	2.301359645183590485e-01	1.491839745548264873e-01	2.660418713527031853e-01	1.606879914622056926e-01	7.633334107600868446e-02	3.453540482938283196e-02	8.308145220615634208e-02
1.335224578968857941e+03	2.298587433884230202e-01	1.489830810213416123e-01	2.662230252596724522e-01	1.608152336787445902e-01	7.639002152006663104e-02	3.456965250509921872e-02	8.316024262629466424e-02
1.337643464075685870e+03	2.295823407687244688e-01	1.487827368195837052e-01	2.664036096581311464e-01	1.609421673476200965e-01	7.644655023647442538e-02	3.460379645206846516e-02	8.323879871703995792e-02
1.340062349182513572e+03	2.293067536575534027e-01	1.485829409471597362e-01	2.665836266021555101e-01	1.610687926061149522e-01	7.650292755961805857e-02	3.463783714781912965e-02	8.331712147922148981e-02
1.342481234289341273e+03	2.290319790776123021e-01	1.483836923910455685e-01	2.667630781354747294e-01	1.611951096029083375e-01	7.655915382417925741e-02	3.467177506472540055e-02	8.339521190369668380e-02
1.344900119396168748e+03	2.287580140755686164e-01	1.481849901279380655e-01	2.669419662915653024e-01	1.613211184978437795e-01	7.661522936511573623e-02	3.470561067009424877e-02	8.347307097151657196e-02
1.347319004502996449e+03	2.284848557216175025e-01	1.479868331245981494e-01	2.671202930937442432e-01	1.614468194617015018e-01	7.667115451764169864e-02	3.473934442625097041e-02	8.355069965408831734e-02
1.349737889609823924e+03	2.282125011090546940e-01	1.477892203381856451e-01	2.672980605552608968e-01	1.615722126759744637e-01	7.672692961720879723e-02	3.477297679062325841e-02	8.362809891333469747e-02
1.352156774716651853e+03	2.279409473538589193e-01	1.475921507165859070e-01	2.674752706793871448e-01	1.616972983326486479e-01	7.678255499948746787e-02	3.480650821582360888e-02	8.370526970185072912e-02
1.354575659823479100e+03	2.276701915942843935e-01	1.473956231987282040e-01	2.676519254595063901e-01	1.618220766339871219e-01	7.683803100034850009e-02	3.483993914973033262e-02	8.378221296305744803e-02
1.356994544930307029e+03	2.274002309904623320e-01	1.471996367148964424e-01	2.678280268792009311e-01	1.619465477923177910e-01	7.689335795584509303e-02	3.487327003556702637e-02	8.385892963135278821e-02
1.359413430037134731e+03	2.271310627240115398e-01	1.470041901870318690e-01	2.680035769123383371e-01	1.620707120298249815e-01	7.694853620219518908e-02	3.490650131198061445e-02	8.393542063225983840e-02
1.361832315143962205e+03	2.268626839976582155e-01	1.468092825290287506e-01	2.681785775231561586e-01	1.621945695783448549e-01	7.700356607576409884e-02	3.493963341311796117e-02	8.401168688257228123e-02
1.364251200250789907e+03	2.265950920348641928e-01	1.466149126470222830e-01	2.683530306663456932e-01	1.623181206791642073e-01	7.705844791304754249e-02	3.497266676870107449e-02	8.408772929049727896e-02
1.366670085357617609e+03	2.263282840794638706e-01	1.464210794396696713e-01	2.685269382871341426e-01	1.624413655828229885e-01	7.711318205065492704e-02	3.500560180410096367e-02	8.416354875579569461e-02
1.369088970464445310e+03	2.260622573953093295e-01	1.462277817984241335e-01	2.687003023213658803e-01	1.625643045489200966e-01	7.716776882529301218e-02	3.503843894041011597e-02	8.423914616991970417e-02
1.371507855571272785e+03	2.257970092659234984e-01	1.460350186078019363e-01	2.688731246955821663e-01	1.626869378459229742e-01	7.722220857374988146e-02	3.507117859451365505e-02	8.431452241614807719e-02
1.373926740678100487e+03	2.255325369941614810e-01	1.458427887456432148e-01	2.690454073271000279e-01	1.628092657509802588e-01	7.727650163287914931e-02	3.510382117915922945e-02	8.438967836971877912e-02
1.376345625784927961e+03	2.252688379018792930e-01	1.456510910833657968e-01	2.692171521240896426e-01	1.629312885497379848e-01	7.733064833958452899e-02	3.513636710302558280e-02	8.446461489795928368e-02
1.378764510891755890e+03	2.250059093296103152e-01	1.454599244862130603e-01	2.693883609856508876e-01	1.630530065361588121e-01	7.738464903080469193e-02	3.516881677078993046e-02	8.453933286041447059e-02
1.381183395998583137e+03	2.247437486362489911e-01	1.452692878134954346e-01	2.695590358018884469e-01	1.631744200123445843e-01	7.743850404349841843e-02	3.520117058319403164e-02	8.461383310897223342e-02
1.383602281105411066e+03	2.244823531987419907e-01	1.450791799188261011e-01	2.697291784539860848e-01	1.632955292883621623e-01	7.749221371462995667e-02	3.523342893710913054e-02	8.468811648798672820e-02
1.386021166212238768e+03	2.242217204117859242e-01	1.448895996503505035e-01	2.698987908142797543e-01	1.634163346820721729e-01	7.754577838115481181e-02	3.526559222559964152e-02	8.476218383439938775e-02
1.388440051319066470e+03	2.239618476875322728e-01	1.447005458509702525e-01	2.700678747463295948e-01	1.635368365189608097e-01	7.759919838000567394e-02	3.529766083798573095e-02	8.483603597785788208e-02
1.390858936425893944e+03	2.237027324552988972e-01	1.445120173585616452e-01	2.702364321049909313e-01	1.636570351319747429e-01	7.765247404807865128e-02	3.532963515990474035e-02	8.490967374083259467e-02
1.393277821532721646e+03	2.234443721612879852e-01	1.443240130061882176e-01	2.704044647364844400e-01	1.637769308613589436e-01	7.770560572221983653e-02	3.536151557337145063e-02	8.498309793873133622e-02
1.395696706639549120e+03	2.231867642683104669e-01	1.441365316223084669e-01	2.705719744784649272e-01	1.638965240544972557e-01	7.775859373921205353e-02	3.539330245683732640e-02	8.505630938001171315e-02
1.398115591746377049e+03	2.229299062555166189e-01	1.439495720309781623e-01	2.707389631600894409e-01	1.640158150657559377e-01	7.781143843576188157e-02	3.542499618524860144e-02	8.512930886629155314e-02
1.400534476853204296e+03	2.226737956181327471e-01	1.437631330520474093e-01	2.709054326020844394e-01	1.641348042563300358e-01	7.786414014848691556e-02	3.545659713010333031e-02	8.520209719245731839e-02
1.402953361960032225e+03	2.224184298672037541e-01	1.435772135013529960e-01	2.710713846168118502e-01	1.642534919940923932e-01	7.791669921390331766e-02	3.548810565950743373e-02	8.527467514677052052e-02
1.405372247066859927e+03	2.221638065293415065e-01	1.433918121909058263e-01	2.712368210083340725e-01	1.643718786534453802e-01	7.796911596841361869e-02	3.551952213822968246e-02	8.534704351097217867e-02
1.407791132173687402e+03	2.219099231464788935e-01	1.432069279290736075e-01	2.714017435724787597e-01	1.644899646151752881e-01	7.802139074829464449e-02	3.555084692775567490e-02	8.541920306038548738e-02
1.410210017280515103e+03	2.216567772756293797e-01	1.430225595207588185e-01	2.715661540969016574e-01	1.646077502663093883e-01	7.807352388968584467e-02	3.558208038634087800e-02	8.549115456401643054e-02
1.412628902387342805e+03	2.214043664886519436e-01	1.428387057675723770e-01	2.717300543611496089e-01	1.647252359999753502e-01	7.812551572857774629e-02	3.561322286906262735e-02	8.556289878465273002e-02
1.415047787494170507e+03	2.211526883720211223e-01	1.426553654680027816e-01	2.718934461367221722e-01	1.648424222152634622e-01	7.817736660080061573e-02	3.564427472787128071e-02	8.563443647896094857e-02
1.417466672600997981e+03	2.209017405266026080e-01	1.424725374175809522e-01	2.720563311871322387e-01	1.649593093170911018e-01	7.822907684201341194e-02	3.567523631164033066e-02	8.570576839758177468e-02
1.419885557707825683e+03	2.206515205674332569e-01	1.422902204090410461e-01	2.722187112679663734e-01	1.650758977160696195e-01	7.828064678769290630e-02	3.570610796621566385e-02	8.577689528522361440e-02
1.422304442814653157e+03	2.204020261235064837e-01	1.421084132324768878e-01	2.723805881269437679e-01	1.651921878283738598e-01	7.833207677312306605e-02	3.573689003446394591e-02	8.584781788075450393e-02
1.424723327921481086e+03	2.201532548375622067e-01	1.419271146754947088e-01	2.725419635039749711e-01	1.653081800756136532e-01	7.838336713338461825e-02	3.576758285632005568e-02	8.591853691729230136e-02
1.427142213028308333e+03	2.199052043658814848e-01	1.417463235233619168e-01	2.727028391312192879e-01	1.654238748847079998e-01	7.843451820334482183e-02	3.579818676883371464e-02	8.598905312229326858e-02
1.429561098135136262e+03	2.196578723780857612e-01	1.415660385591519244e-01	2.728632167331418445e-01	1.655392726877612519e-01	7.848553031764740617e-02	3.582870210621524193e-02	8.605936721763904340e-02
1.431979983241963964e+03	2.194112565569404649e-01	1.413862585638853975e-01	2.730230980265697105e-01	1.656543739219415445e-01	7.853640381070282894e-02	3.585912919988046982e-02	8.612947991972205730e-02
1.434398868348791666e+03	2.191653545981629703e-01	1.412069823166679505e-01	2.731824847207473539e-01	1.657691790293614742e-01	7.858713901667856161e-02	3.588946837849486815e-02	8.619939193952927403e-02
1.436817753455619140e+03	2.189201642102349132e-01	1.410282085948240394e-01	2.733413785173912647e-01	1.658836884569610814e-01	7.863773626948972195e-02	3.591971996801683609e-02	8.626910398272465141e-02
1.439236638562446842e+03	2.186756831142183666e-01	1.408499361740277456e-01	2.734997811107439669e-01	1.659979026563924986e-01	7.868819590278981757e-02	3.594988429174023753e-02	8.633861674972982680e-02
1.441655523669274316e+03	2.184319090435764277e-01	1.406721638284300913e-01	2.736576941876274205e-01	1.661118220839071791e-01	7.873851824996166981e-02	3.597996167033611775e-02	8.640793093580355355e-02
1.444074408776102018e+03	2.181888397439974703e-01	1.404948903307827179e-01	2.738151194274954792e-01	1.662254472002448469e-01	7.878870364410858751e-02	3.600995242189371226e-02	8.647704723111959701e-02
1.446493293882929493e+03	2.179464729732232542e-01	1.403181144525591229e-01	2.739720585024860156e-01	1.663387784705244732e-01	7.883875241804561007e-02	3.603985686196068544e-02	8.654596632084318730e-02
1.448912178989757422e+03	2.177048065008809763e-01	1.401418349640718708e-01	2.741285130774721579e-01	1.664518163641374449e-01	7.888866490429105593e-02	3.606967530358261981e-02	8.661468888520622300e-02
1.451331064096585123e+03	2.174638381083187633e-01	1.399660506345874744e-01	2.742844848101128052e-01	1.665645613546423709e-01	7.893844143505814037e-02	3.609940805734181829e-02	8.668321559958094835e-02
1.453749949203412370e+03	2.172235655884450223e-01	1.397907602324379162e-01	2.744399753509029205e-01	1.666770139196619149e-01	7.898808234224684310e-02	3.612905543139539877e-02	8.675154713455238142e-02
1.456168834310240300e+03	2.169839867455709281e-01	1.396159625251293945e-01	2.745949863432225468e-01	1.667891745407815429e-01	7.903758795743584531e-02	3.615861773151266695e-02	8.681968415598943778e-02
1.458587719417068001e+03	2.167450993952566851e-01	1.394416562794481840e-01	2.747495194233859905e-01	1.669010437034501027e-01	7.908695861187478582e-02	3.618809526111183006e-02	8.688762732511476350e-02
1.461006604523895703e+03	2.165069013641608975e-01	1.392678402615637467e-01	2.749035762206898381e-01	1.670126218968820686e-01	7.913619463647647567e-02	3.621748832129607215e-02	8.695537729857320819e-02
1.463425489630723177e+03	2.162693904898932429e-01	1.390945132371291804e-01	2.750571583574604739e-01	1.671239096139617020e-01	7.918529636180951514e-02	3.624679721088890083e-02	8.702293472849924327e-02
1.465844374737550879e+03	2.160325646208703654e-01	1.389216739713789728e-01	2.752102674491013201e-01	1.672349073511489592e-01	7.923426411809078584e-02	3.627602222646894581e-02	8.709030026258295087e-02
1.468263259844378354e+03	2.157964216161748772e-01	1.387493212292242040e-01	2.753629051041389109e-01	1.673456156083868995e-01	7.928309823517838695e-02	3.630516366240402887e-02	8.715747454413497186e-02
1.470682144951206283e+03	2.155609593454173301e-01	1.385774537753451940e-01	2.755150729242692997e-01	1.674560348890110351e-01	7.933179904256450199e-02	3.633422181088469954e-02	8.722445821215023265e-02
1.473101030058033530e+03	2.153261756886011846e-01	1.384060703742818477e-01	2.756667725044029127e-01	1.675661656996602356e-01	7.938036686936848774e-02	3.636319696195709772e-02	8.729125190137050627e-02
1.475519915164861459e+03	2.150920685359906104e-01	1.382351697905214727e-01	2.758180054327097896e-01	1.676760085501891040e-01	7.942880204433017122e-02	3.639208940355528887e-02	8.735785624234583546e-02
1.477938800271689161e+03	2.148586357879813113e-01	1.380647507885842118e-01	2.759687732906634938e-01	1.677855639535822396e-01	7.947710489580318838e-02	3.642089942153294013e-02	8.742427186149488716e-02
1.480357685378516862e+03	2.146258753549738219e-01	1.378948121331063648e-01	2.761190776530851876e-01	1.678948324258698055e-01	7.952527575174854479e-02	3.644962729969444815e-02	8.749049938116418290e-02
1.482776570485344337e+03	2.143937851572495501e-01	1.377253525889214347e-01	2.762689200881865981e-01	1.680038144860447613e-01	7.957331493972823189e-02	3.647827331982553961e-02	8.755653941968626064e-02
