1.301360187473271253e+03	2.353737817305678048e-01	1.508089639140039462e-01	2.589365571190700988e-01	1.615920617988565178e-01	7.604643918945770686e-02	3.356563267629290165e-02	8.367656357139355294e-02
1.306197957686926657e+03	2.347939630724594773e-01	1.503990769712211517e-01	2.592917610779422732e-01	1.618463741313293791e-01	7.615482222340515250e-02	3.365281309617731975e-02	8.386118942710779622e-02
1.311035727900581833e+03	2.342175062874226332e-01	1.499914677779236039e-01	2.596451162716245653e-01	1.620990875554910449e-01	7.626262825118894362e-02	3.373946929438079168e-02	8.404472456161091176e-02
1.315873498114237009e+03	2.336443888249676304e-01	1.495861263146942288e-01	2.599966310235945488e-01	1.623502140787040637e-01	7.636986010162293004e-02	3.382560485051462618e-02	8.422717480554441083e-02
1.320711268327892412e+03	2.330745884467398943e-01	1.491830424597062610e-01	2.603463136389697619e-01	1.625997655875694725e-01	7.647652059231849209e-02	3.391122328397348090e-02	8.440854599036499983e-02
1.325549038541547588e+03	2.325080832148448962e-01	1.487822059979169442e-01	2.606941724044852804e-01	1.628477538496984622e-01	7.658261252979677025e-02	3.399632805713499045e-02	8.458884394576496324e-02
1.330386808755202765e+03	2.319448514807720407e-01	1.483836066297440359e-01	2.610402155884549713e-01	1.630941905154438820e-01	7.668813870959234613e-02	3.408092257833339467e-02	8.476807449730164312e-02
1.335224578968857941e+03	2.313848718748850453e-01	1.479872339792536462e-01	2.613844514407172026e-01	1.633390871195933292e-01	7.679310191634931837e-02	3.416501020462371641e-02	8.494624346422004202e-02
1.340062349182513572e+03	2.308281232964489449e-01	1.475930776018856694e-01	2.617268881925666757e-01	1.635824550830253521e-01	7.689750492390984293e-02	3.424859424435177518e-02	8.512335665745400515e-02
1.344900119396168748e+03	2.302745849041650528e-01	1.472011269917417875e-01	2.620675340566734346e-01	1.638243057143293768e-01	7.700135049539608145e-02	3.433167795954426144e-02	8.529941987779225687e-02
1.349737889609823924e+03	2.297242361071865080e-01	1.468113715884596659e-01	2.624063972269903844e-01	1.640646502113911331e-01	7.710464138328558537e-02	3.441426456813202750e-02	8.547443891419698181e-02
1.354575659823479100e+03	2.291770565565889595e-01	1.464238007836960731e-01	2.627434858786502070e-01	1.643034996629444411e-01	7.720738032948085139e-02	3.449635724601875231e-02	8.564841954226305731e-02
1.359413430037134731e+03	2.286330261372723216e-01	1.460384039272397683e-01	2.630788081678526180e-01	1.645408650500903014e-01	7.730957006537332588e-02	3.457795912900629709e-02	8.582136752280765390e-02
1.364251200250789907e+03	2.280921249602701484e-01	1.456551703327745306e-01	2.634123722317434635e-01	1.647767572477848164e-01	7.741121331190231603e-02	3.465907331458711188e-02	8.599328860057985080e-02
1.369088970464445310e+03	2.275543333554453929e-01	1.452740892833109809e-01	2.637441861882856009e-01	1.650111870262963021e-01	7.751231277960901611e-02	3.473970286361346971e-02	8.616418850308137090e-02
1.373926740678100487e+03	2.270196318645513744e-01	1.448951500363057088e-01	2.640742581361233965e-01	1.652441650526329797e-01	7.761287116868623159e-02	3.481985080185243803e-02	8.633407293948995587e-02
1.378764510891755890e+03	2.264880012346389693e-01	1.445183418284838872e-01	2.644025961544409498e-01	1.654757018919419953e-01	7.771289116902381500e-02	3.489952012143486548e-02	8.650294759967748492e-02
1.383602281105411066e+03	2.259594224117916494e-01	1.441436538803823053e-01	2.647292083028151000e-01	1.657058080088806284e-01	7.781237546025047969e-02	3.497871378220615557e-02	8.667081815331567629e-02
1.388440051319066470e+03	2.254338765351701079e-01	1.437710754006274461e-01	2.650541026210634366e-01	1.659344937689606614e-01	7.791132671177189439e-02	3.505743471298582853e-02	8.683769024906262679e-02
1.393277821532721646e+03	2.249113449313512036e-01	1.434005955899632090e-01	2.653772871290888680e-01	1.661617694398663247e-01	7.800974758280564136e-02	3.513568581274264385e-02	8.700356951382404169e-02
1.398115591746377049e+03	2.243918091089442957e-01	1.430322036450420164e-01	2.656987698267205822e-01	1.663876451927473743e-01	7.810764072241307976e-02	3.521346995169120919e-02	8.716846155208343716e-02
1.402953361960032225e+03	2.238752507534711444e-01	1.426658887619919047e-01	2.660185586935517876e-01	1.666121311034867436e-01	7.820500876952848901e-02	3.529078997231587661e-02	8.733237194529602787e-02
1.407791132173687402e+03	2.233616517224950304e-01	1.423016401397720343e-01	2.663366616887756222e-01	1.668352371539451040e-01	7.830185435298560315e-02	3.536764869032714420e-02	8.749530625134147033e-02
1.412628902387342805e+03	2.228509940409856005e-01	1.419394469833278882e-01	2.666530867510190639e-01	1.670569732331813606e-01	7.839818009154179979e-02	3.544404889555538563e-02	8.765727000403082669e-02
1.417466672600997981e+03	2.223432598969073137e-01	1.415792985065575382e-01	2.669678417981754537e-01	1.672773491386511935e-01	7.849398859390016581e-02	3.551999335278647335e-02	8.781826871266373846e-02
1.422304442814653157e+03	2.218384316370193288e-01	1.412211839350987208e-01	2.672809347272359082e-01	1.674963745773831170e-01	7.858928245872956464e-02	3.559548480254345892e-02	8.797830786163177152e-02
1.427142213028308333e+03	2.213364917628756756e-01	1.408650925089467987e-01	2.675923734141203436e-01	1.677140591671333614e-01	7.868406427468289943e-02	3.567052596181815444e-02	8.813739291006454646e-02
1.431979983241963964e+03	2.208374229270151923e-01	1.405110134849130443e-01	2.679021657135083889e-01	1.679304124375198271e-01	7.877833662041382190e-02	3.574511952475620952e-02	8.829552929151529561e-02
1.436817753455619140e+03	2.203412079293309289e-01	1.401589361389312949e-01	2.682103194586701878e-01	1.681454438311358601e-01	7.887210206459174811e-02	3.581926816329908392e-02	8.845272241368264121e-02
1.441655523669274316e+03	2.198478297136098047e-01	1.398088497682221654e-01	2.685168424612977001e-01	1.683591627046442385e-01	7.896536316591580562e-02	3.589297452778588554e-02	8.860897765816611038e-02
1.446493293882929493e+03	2.193572713642331362e-01	1.394607436933217870e-01	2.688217425113370029e-01	1.685715783298518677e-01	7.905812247312735130e-02	3.596624124751800211e-02	8.876430038025245883e-02
1.451331064096585123e+03	2.188695161030299319e-01	1.391146072599831196e-01	2.691250273768213130e-01	1.687826998947658530e-01	7.915038252502148985e-02	3.603907093128921879e-02	8.891869590873062446e-02
1.456168834310240300e+03	2.183845472862743775e-01	1.387704298409563608e-01	2.694267048037053414e-01	1.689925365046312244e-01	7.924214585045766257e-02	3.611146616788363239e-02	8.907216954573290990e-02
1.461006604523895703e+03	2.179023484018205170e-01	1.384282008376554463e-01	2.697267825157010912e-01	1.692010971829508437e-01	7.933341496836930629e-02	3.618342952654379080e-02	8.922472656660046519e-02
1.465844374737550879e+03	2.174229030663661355e-01	1.380879096817165530e-01	2.700252682141156546e-01	1.694083908724881016e-01	7.942419238777273516e-02	3.625496355741112536e-02	8.937637221977118296e-02
1.470682144951206283e+03	2.169461950228397107e-01	1.377495458364548231e-01	2.703221695776903410e-01	1.696144264362523801e-01	7.951448060777548121e-02	3.632607079194057065e-02	8.952711172668814665e-02
1.475519915164861459e+03	2.164722081379034935e-01	1.374130987982247476e-01	2.706174942624426372e-01	1.698192126584683048e-01	7.960428211758392714e-02	3.639675374329129354e-02	8.967695028172700811e-02
1.480357685378516862e+03	2.160009263995668616e-01	1.370785580976896512e-01	2.709112499015096653e-01	1.700227582455286768e-01	7.969359939651053659e-02	3.646701490669509993e-02	8.982589305214093434e-02
1.485195455592172038e+03	2.155323339149038675e-01	1.367459133010049677e-01	2.712034441049944178e-01	1.702250718269316676e-01	7.978243491398062659e-02	3.653685675980423986e-02	8.997394517802162484e-02
1.490033225805827215e+03	2.150664149078699294e-01	1.364151540109204974e-01	2.714940844598143777e-01	1.704261619562027763e-01	7.987079112953879290e-02	3.660628176301985309e-02	9.012111177227510872e-02
1.494870996019482618e+03	2.146031537172118919e-01	1.360862698678059202e-01	2.717831785295530267e-01	1.706260371118014374e-01	7.995867049285518280e-02	3.667529235980260954e-02	9.026739792061121148e-02
1.499708766233137567e+03	2.141425347944671820e-01	1.357592505506035885e-01	2.720707338543136844e-01	1.708247056980133627e-01	8.004607544373132377e-02	3.674389097696661999e-02	9.041280868154552564e-02
1.504546536446793198e+03	2.136845427020468424e-01	1.354340857777129314e-01	2.723567579505765113e-01	1.710221760458281448e-01	8.013300841210600767e-02	3.681208002495790083e-02	9.055734908641288605e-02
1.509384306660448374e+03	2.132291621113983349e-01	1.351107653078104098e-01	2.726412583110583987e-01	1.712184564138032328e-01	8.021947181806102223e-02	3.687986189811838511e-02	9.070102413939151731e-02
1.514222076874103550e+03	2.127763778012440876e-01	1.347892789406077985e-01	2.729242424045757454e-01	1.714135549889136412e-01	8.030546807182677160e-02	3.694723897493654152e-02	9.084383881753675671e-02
1.519059847087758726e+03	2.123261746558913476e-01	1.344696165175534031e-01	2.732057176759104533e-01	1.716074798873888918e-01	8.039099957378792460e-02	3.701421361828542700e-02	9.098579807082386728e-02
1.523897617301414357e+03	2.118785376636101725e-01	1.341517679224783210e-01	2.734856915456792548e-01	1.718002391555362718e-01	8.047606871448917398e-02	3.708078817564917917e-02	9.112690682219888594e-02
1.528735387515069533e+03	2.114334519150757874e-01	1.338357230821914934e-01	2.737641714102057033e-01	1.719918407705516572e-01	8.056067787464098184e-02	3.714696497933858005e-02	9.126716996763707679e-02
1.533573157728724709e+03	2.109909026018717826e-01	1.335214719670258787e-01	2.740411646413959401e-01	1.721822926413173749e-01	8.064482942512549157e-02	3.721274634669655135e-02	9.140659237620823996e-02
1.538410927942380113e+03	2.105508750150512087e-01	1.332090045913392196e-01	2.743166785866176238e-01	1.723716026091881570e-01	8.072852572700252305e-02	3.727813458029424765e-02	9.154517889014822385e-02
1.543248698156035516e+03	2.101133545437527950e-01	1.328983110139710377e-01	2.745907205685820252e-01	1.725597784487648556e-01	8.081176913151587315e-02	3.734313196811831631e-02	9.168293432493630768e-02
1.548086468369690692e+03	2.096783266738687646e-01	1.325893813386591902e-01	2.748632978852294517e-01	1.727468278686562497e-01	8.089456198009971344e-02	3.740774078375001116e-02	9.181986346937781596e-02
1.552924238583346096e+03	2.092457769867624995e-01	1.322822057144174279e-01	2.751344178096184478e-01	1.729327585122295563e-01	8.097690660438526533e-02	3.747196328653658315e-02	9.195597108569145139e-02
1.557762008797001272e+03	2.088156911580325847e-01	1.319767743358770118e-01	2.754040875898177698e-01	1.731175779583493668e-01	8.105880532620773904e-02	3.753580172175566276e-02	9.209126190960108260e-02
1.562599779010656675e+03	2.083880549563215945e-01	1.316730774435935780e-01	2.756723144488025246e-01	1.733012937221056760e-01	8.114026045761349448e-02	3.759925832077285618e-02	9.222574065043148694e-02
1.567437549224311852e+03	2.079628542421668724e-01	1.313711053243219740e-01	2.759391055843529172e-01	1.734839132555309194e-01	8.122127430086761857e-02	3.766233530119322825e-02	9.235941199120765999e-02
1.572275319437967255e+03	2.075400749668913913e-01	1.310708483112603684e-01	2.762044681689568848e-01	1.736654439483064361e-01	8.130184914846171063e-02	3.772503486700687358e-02	9.249228058875752501e-02
1.577113089651622431e+03	2.071197031715324710e-01	1.307722967842654960e-01	2.764684093497160600e-01	1.738458931284584397e-01	8.138198728312204255e-02	3.778735920872914461e-02	9.262435107381750132e-02
1.581950859865277607e+03	2.067017249858066896e-01	1.304754411700409511e-01	2.767309362482551216e-01	1.740252680630438031e-01	8.146169097781803814e-02	3.784931050353573800e-02	9.275562805114084819e-02
1.586788630078933011e+03	2.062861266271089344e-01	1.301802719422996413e-01	2.769920559606343646e-01	1.742035759588256294e-01	8.154096249577119648e-02	3.791089091539306954e-02	9.288611609960835402e-02
1.591626400292587959e+03	2.058728943995438987e-01	1.298867796219023985e-01	2.772517755572659337e-01	1.743808239629391632e-01	8.161980409046423746e-02	3.797210259518420117e-02	9.301581977234130161e-02
1.596464170506243590e+03	2.054620146929887481e-01	1.295949547769734700e-01	2.775101020828332765e-01	1.745570191635480439e-01	8.169821800565080228e-02	3.803294768083056998e-02	9.314474359681629290e-02
1.601301940719898766e+03	2.050534739821845143e-01	1.293047880229948876e-01	2.777670425562138168e-01	1.747321685904907329e-01	8.177620647536536225e-02	3.809342829740987313e-02	9.327289207498196122e-02
1.606139710933553943e+03	2.046472588258560210e-01	1.290162700228806303e-01	2.780226039704052354e-01	1.749062792159182256e-01	8.185377172393369649e-02	3.815354655727026811e-02	9.340026968337705737e-02
1.610977481147209119e+03	2.042433558658577619e-01	1.287293914870316358e-01	2.782767932924548049e-01	1.750793579549219936e-01	8.193091596598361948e-02	3.821330456014113142e-02	9.352688087325013166e-02
1.615815251360864750e+03	2.038417518263453687e-01	1.284441431733729932e-01	2.785296174633921096e-01	1.752514116661534616e-01	8.200764140645624978e-02	3.827270439324063217e-02	9.365273007068025679e-02
1.620653021574519926e+03	2.034424335129705330e-01	1.281605158873743433e-01	2.787810833981648750e-01	1.754224471524344353e-01	8.208395024061757028e-02	3.833174813138030823e-02	9.377782167669894420e-02
1.625490791788175102e+03	2.030453878120992151e-01	1.278785004820544302e-01	2.790311979855784053e-01	1.755924711613588429e-01	8.215984465407048798e-02	3.839043783706674179e-02	9.390216006741290700e-02
1.630328562001830505e+03	2.026506016900509743e-01	1.275980878579706379e-01	2.792799680882375735e-01	1.757614903858862043e-01	8.223532682276726846e-02	3.844877556060062596e-02	9.402574959412772493e-02
1.635166332215485909e+03	2.022580621923593946e-01	1.273192689631945651e-01	2.795274005424926989e-01	1.759295114649265246e-01	8.231039891302244227e-02	3.850676334017331948e-02	9.414859458347207832e-02
1.640004102429141085e+03	2.018677564430516047e-01	1.270420347932746108e-01	2.797735021583878101e-01	1.760965409839172213e-01	8.238506308152601654e-02	3.856440320196104915e-02	9.427069933752267594e-02
1.644841872642796488e+03	2.014796716439468949e-01	1.267663763911858754e-01	2.800182797196127393e-01	1.762625854753918919e-01	8.245932147535721402e-02	3.862169716021685018e-02	9.439206813392957141e-02
1.649679642856451665e+03	2.010937950739727087e-01	1.264922848472685990e-01	2.802617399834574363e-01	1.764276514195411982e-01	8.253317623199865616e-02	3.867864721736048728e-02	9.451270522604195146e-02
1.654517413070107068e+03	2.007101140884978707e-01	1.262197512991557469e-01	2.805038896807701687e-01	1.765917452447659519e-01	8.260662947935083766e-02	3.873525536406632191e-02	9.463261484303411852e-02
1.659355183283762244e+03	2.003286161186816905e-01	1.259487669316901592e-01	2.807447355159182201e-01	1.767548733282226503e-01	8.267968333574710060e-02	3.879152357934939621e-02	9.475180119003183410e-02
1.664192953497417420e+03	1.999492886708386652e-01	1.256793229768322084e-01	2.809842841667511970e-01	1.769170419963615737e-01	8.275233990996906652e-02	3.884745383064971275e-02	9.487026844823866212e-02
1.669030723711072824e+03	1.995721193258174764e-01	1.254114107135585465e-01	2.812225422845681111e-01	1.770782575254572500e-01	8.282460130126231834e-02	3.890304807391486985e-02	9.498802077506249275e-02
1.673868493924728000e+03	1.991970957383943641e-01	1.251450214677521100e-01	2.814595164940865701e-01	1.772385261421320357e-01	8.289646959935276227e-02	3.895830825368110789e-02	9.510506230424213558e-02
1.678706264138383403e+03	1.988242056366795185e-01	1.248801466120844639e-01	2.816952133934150782e-01	1.773978540238723423e-01	8.296794688446307298e-02	3.901323630315289143e-02	9.522139714597369076e-02
1.683544034352038352e+03	1.984534368215361833e-01	1.246167775658907073e-01	2.819296395540281663e-01	1.775562472995379504e-01	8.303903522732981879e-02	3.906783414428108281e-02	9.533702938703708663e-02
1.688381804565693983e+03	1.980847771660120826e-01	1.243549057950374265e-01	2.821628015207441331e-01	1.777137120498644141e-01	8.310973668922080893e-02	3.912210368783974879e-02	9.545196309092228437e-02
1.693219574779349159e+03	1.977182146147823394e-01	1.240945228117841248e-01	2.823947058117056708e-01	1.778702543079587195e-01	8.318005332195295420e-02	3.917604683350171813e-02	9.556620229795538546e-02
1.698057344993004335e+03	1.973537371836033838e-01	1.238356201746386304e-01	2.826253589183626014e-01	1.780258800597883384e-01	8.324998716791040532e-02	3.922966546991295961e-02	9.567975102542455867e-02
1.702895115206659511e+03	1.969913329587775763e-01	1.235781894882069382e-01	2.828547673054580547e-01	1.781805952446636476e-01	8.331954026006319070e-02	3.928296147476574574e-02	9.579261326770563412e-02
1.707732885420315142e+03	1.966309900966278501e-01	1.233222224030376818e-01	2.830829374110166996e-01	1.783344057557139928e-01	8.338871462198617357e-02	3.933593671487081028e-02	9.590479299638754451e-02
1.712570655633970318e+03	1.962726968229820401e-01	1.230677106154618311e-01	2.833098756463354184e-01	1.784873174403575069e-01	8.345751226787834209e-02	3.938859304622837482e-02	9.601629416039725307e-02
1.717408425847625494e+03	1.959164414326664827e-01	1.228146458674277131e-01	2.835355883959767009e-01	1.786393361007644620e-01	8.352593520258258519e-02	3.944093231409826622e-02	9.612712068612451477e-02
1.722246196061280898e+03	1.955622122890085801e-01	1.225630199463317999e-01	2.837600820177645367e-01	1.787904674943147365e-01	8.359398542160574597e-02	3.949295635306904195e-02	9.623727647754622139e-02
1.727083966274936301e+03	1.952099978233476918e-01	1.223128246848457640e-01	2.839833628427826384e-01	1.789407173340490931e-01	8.366166491113900816e-02	3.954466698712619938e-02	9.634676541635026070e-02
1.731921736488591478e+03	1.948597865345541857e-01	1.220640519607395225e-01	2.842054371753747199e-01	1.790900912891147390e-01	8.372897564807876836e-02	3.959606602971957323e-02	9.645559136205907047e-02
1.736759506702246881e+03	1.945115669885564558e-01	1.218166936967012698e-01	2.844263112931475490e-01	1.792385949852049187e-01	8.379591960004770246e-02	3.964715528382983106e-02	9.656375815215278990e-02
1.741597276915902057e+03	1.941653278178752107e-01	1.215707418601542078e-01	2.846459914469762209e-01	1.793862340049925952e-01	8.386249872541626238e-02	3.969793654203424005e-02	9.667126960219178666e-02
1.746435047129557461e+03	1.938210577211650909e-01	1.213261884630703752e-01	2.848644838610109864e-01	1.795330138885589399e-01	8.392871497332453357e-02	3.974841158657164281e-02	9.677812950593892016e-02
1.751272817343212637e+03	1.934787454627630854e-01	1.210830255617819790e-01	2.850817947326874102e-01	1.796789401338159120e-01	8.399457028370428679e-02	3.979858218940669073e-02	9.688434163548112488e-02
1.756110587556867813e+03	1.931383798722436096e-01	1.208412452567900752e-01	2.852979302327377509e-01	1.798240181969234242e-01	8.406006658730150183e-02	3.984845011229337652e-02	9.698990974135070220e-02
1.760948357770523216e+03	1.927999498439800230e-01	1.206008396925712378e-01	2.855128965052049494e-01	1.799682534927012634e-01	8.412520580569912698e-02	3.989801710683790748e-02	9.709483755264590454e-02
1.765786127984178393e+03	1.924634443367121139e-01	1.203618010573820757e-01	2.857266996674583948e-01	1.801116513950355713e-01	8.418998985134018564e-02	3.994728491456089187e-02	9.719912877715120025e-02
1.770623898197833569e+03	1.921288523731196352e-01	1.201241215830618631e-01	2.859393458102118535e-01	1.802542172372801899e-01	8.425442062755111872e-02	3.999625526695895633e-02	9.730278710145680299e-02
1.775461668411488745e+03	1.917961630394013905e-01	1.198877935448335874e-01	2.861508409975435097e-01	1.803959563126529275e-01	8.431850002856551562e-02	4.004492988556566241e-02	9.740581619107784028e-02
1.780299438625144376e+03	1.914653654848598729e-01	1.196528092611033739e-01	2.863611912669175585e-01	1.805368738746266355e-01	8.438222993954808127e-02	4.009331048201193737e-02	9.750821969057288374e-02
1.785137208838799552e+03	1.911364489214911477e-01	1.194191610932586467e-01	2.865704026292084095e-01	1.806769751373154542e-01	8.444561223661888050e-02	4.014139875808583197e-02	9.761000122366195186e-02
1.789974979052454728e+03	1.908094026235796770e-01	1.191868414454649444e-01	2.867784810687259434e-01	1.808162652758560363e-01	8.450864878687790183e-02	4.018919640579179942e-02	9.771116439334393000e-02
1.794812749266109904e+03	1.904842159272984170e-01	1.189558427644617361e-01	2.869854325432431019e-01	1.809547494267841616e-01	8.457134144842984314e-02	4.023670510740944006e-02	9.781171278201346297e-02
1.799650519479765535e+03	1.901608782303131906e-01	1.187261575393571689e-01	2.871912629840253084e-01	1.810924326884062463e-01	8.463369207040921660e-02	4.028392653555167013e-02	9.791164995157733419e-02
1.804488289693420711e+03	1.898393789913919438e-01	1.184977783014221353e-01	2.873959782958612208e-01	1.812293201211666316e-01	8.469570249300562015e-02	4.033086235322243251e-02	9.801097944357005376e-02
1.809326059907075887e+03	1.895197077300184163e-01	1.182706976238834112e-01	2.875995843570958166e-01	1.813654167480099055e-01	8.475737454748936972e-02	4.037751421387392181e-02	9.810970477926919675e-02
1.814163830120731291e+03	1.892018540260097526e-01	1.180449081217163770e-01	2.878020870196645875e-01	1.815007275547388110e-01	8.481871005623728421e-02	4.042388376146331674e-02	9.820782945980985335e-02
1.819001600334386467e+03	1.888858075191388319e-01	1.178204024514370313e-01	2.880034921091296773e-01	1.816352574903678241e-01	8.487971083275884510e-02	4.046997263050902682e-02	9.830535696629873199e-02
1.823839370548041643e+03	1.885715579087601235e-01	1.175971733108936712e-01	2.882038054247176295e-01	1.817690114674722079e-01	8.494037868172236994e-02	4.051578244614652963e-02	9.840229075992748542e-02
1.828677140761696819e+03	1.882590949534395930e-01	1.173752134390582125e-01	2.884030327393585780e-01	1.819019943625326818e-01	8.500071539898157447e-02	4.056131482418373624e-02	9.849863428208564808e-02
1.833514910975352450e+03	1.879484084705884961e-01	1.171545156158173145e-01	2.886011797997271588e-01	1.820342110162760096e-01	8.506072277160239836e-02	4.060657137115592646e-02	9.859439095447278256e-02
1.838352681189008081e+03	1.876394883361005017e-01	1.169350726617632424e-01	2.887982523262848100e-01	1.821656662340111754e-01	8.512040257788981712e-02	4.065155368438030936e-02	9.868956417921022350e-02
1.843190451402663257e+03	1.873323244839929513e-01	1.167168774379846174e-01	2.889942560133235139e-01	1.822963647859616731e-01	8.517975658741513967e-02	4.069626335201009110e-02	9.878415733895214157e-02
1.848028221616318433e+03	1.870269069060508105e-01	1.164999228458573066e-01	2.891891965290110389e-01	1.824263114075934944e-01	8.523878656104326434e-02	4.074070195308820280e-02	9.887817379699598286e-02
1.852865991829973609e+03	1.867232256514747279e-01	1.162842018268351041e-01	2.893830795154375690e-01	1.825555107999392579e-01	8.529749425096036508e-02	4.078487105760061210e-02	9.897161689739245038e-02
1.857703762043628785e+03	1.864212708265317597e-01	1.160697073622407177e-01	2.895759105886637763e-01	1.826839676299183424e-01	8.535588140070148044e-02	4.082877222652924604e-02	9.906448996505475002e-02
1.862541532257283961e+03	1.861210325942096455e-01	1.158564324730567974e-01	2.897676953387701149e-01	1.828116865306530225e-01	8.541394974517860228e-02	4.087240701190454628e-02	9.915679630586733684e-02
1.867379302470939592e+03	1.858225011738740828e-01	1.156443702197171991e-01	2.899584393299073914e-01	1.829386721017809692e-01	8.547170101070868109e-02	4.091577695685761490e-02	9.924853920679406472e-02
1.872217072684594768e+03	1.855256668409289711e-01	1.154335137018985824e-01	2.901481481003488905e-01	1.830649289097638077e-01	8.552913691504193672e-02	4.095888359567207565e-02	9.933972193598569755e-02
1.877054842898249490e+03	1.852305199264795144e-01	1.152238560583121879e-01	2.903368271625434427e-01	1.831904614881920690e-01	8.558625916739032169e-02	4.100172845383545650e-02	9.943034774288696254e-02
1.881892613111905121e+03	1.849370508169984884e-01	1.150153904664960730e-01	2.905244820031697706e-01	1.833152743380863092e-01	8.564306946845613722e-02	4.104431304809035008e-02	9.952041985834286786e-02
1.886730383325560297e+03	1.846452499539950054e-01	1.148081101426077499e-01	2.907111180831919994e-01	1.834393719281948165e-01	8.569956951046076021e-02	4.108663888648512313e-02	9.960994149470452086e-02
1.891568153539215928e+03	1.843551078336862215e-01	1.146020083412171847e-01	2.908967408379166675e-01	1.835627586952876811e-01	8.575576097717355073e-02	4.112870746842432756e-02	9.969891584593437717e-02
1.896405923752871104e+03	1.840666150066715134e-01	1.143970783551003650e-01	2.910813556770502908e-01	1.836854390444472296e-01	8.581164554394099531e-02	4.117052028471878539e-02	9.978734608771082371e-02
1.901243693966526507e+03	1.837797620776095986e-01	1.141933135150333123e-01	2.912649679847584272e-01	1.838074173493551844e-01	8.586722487771580870e-02	4.121207881763529202e-02	9.987523537753233149e-02
1.906081464180181683e+03	1.834945397048979021e-01	1.139907071895866625e-01	2.914475831197257949e-01	1.839286979525762977e-01	8.592250063708631314e-02	4.125338454094608365e-02	9.996258685482088679e-02
1.910919234393836859e+03	1.832109386003544782e-01	1.137892527849208857e-01	2.916292064152172236e-01	1.840492851658387108e-01	8.597747447230580375e-02	4.129443891997788135e-02	1.000494036410249366e-01
1.915757004607492036e+03	1.829289495289026513e-01	1.135889437445819355e-01	2.918098431791396608e-01	1.841691832703109544e-01	8.603214802532231642e-02	4.133524341166067845e-02	1.001356888397217371e-01
1.920594774821147894e+03	1.826485633082576832e-01	1.133897735492978148e-01	2.919894986941053427e-01	1.842883965168756188e-01	8.608652292980813192e-02	4.137579946457618785e-02	1.002214455367191059e-01
1.925432545034802843e+03	1.823697708086161051e-01	1.131917357167755017e-01	2.921681782174957998e-01	1.844069291264000543e-01	8.614060081118972423e-02	4.141610851900601881e-02	1.003066768001566605e-01
1.930270315248458019e+03	1.820925629523472422e-01	1.129948238014987089e-01	2.923458869815268590e-01	1.845247852900035457e-01	8.619438328667758387e-02	4.145617200697947896e-02	1.003913856806064736e-01
1.935108085462113195e+03	1.818169307136869861e-01	1.127990313945263362e-01	2.925226301933143702e-01	1.846419691693216292e-01	8.624787196529629107e-02	4.149599135232112657e-02	1.004755752111731459e-01
1.939945855675768371e+03	1.815428651184338715e-01	1.126043521232916733e-01	2.926984130349410962e-01	1.847584848967672722e-01	8.630106844791463061e-02	4.153556797069804518e-02	1.005592484075933241e-01
1.944783625889424002e+03	1.812703572436472621e-01	1.124107796514022539e-01	2.928732406635242702e-01	1.848743365757890278e-01	8.635397432727578981e-02	4.157490326966672978e-02	1.006424082683346349e-01
1.949621396103079178e+03	1.809993982173477567e-01	1.122183076784404876e-01	2.930471182112838191e-01	1.849895282811260810e-01	8.640659118802773708e-02	4.161399864871978549e-02	1.007250577746942183e-01
1.954459166316734354e+03	1.807299792182198439e-01	1.120269299397651797e-01	2.932200507856121408e-01	1.851040640590604636e-01	8.645892060675351709e-02	4.165285549933228637e-02	1.008071998908964401e-01
1.959296936530389530e+03	1.804620914753161942e-01	1.118366402063137033e-01	2.933920434691436596e-01	1.852179479276664653e-01	8.651096415200175416e-02	4.169147520500782189e-02	1.008888375641903146e-01
1.964134706744044706e+03	1.801957262677646165e-01	1.116474322844050460e-01	2.935631013198256589e-01	1.853311838770568543e-01	8.656272338431721114e-02	4.172985914132433527e-02	1.009699737249461909e-01
1.968972476957700337e+03	1.799308749244765138e-01	1.114593000155436608e-01	2.937332293709901121e-01	1.854437758696265981e-01	8.661419985627143159e-02	4.176800867597961486e-02	1.010506112867520095e-01
1.973810247171355968e+03	1.796675288238577251e-01	1.112722372762241230e-01	2.939024326314256252e-01	1.855557278402935883e-01	8.666539511249335415e-02	4.180592516883654269e-02	1.011307531465089893e-01
1.978648017385010689e+03	1.794056793935209504e-01	1.110862379777366599e-01	2.940707160854506563e-01	1.856670436967367832e-01	8.671631068970013512e-02	4.184360997196803766e-02	1.012104021845267321e-01
1.983485787598666320e+03	1.791453181100003678e-01	1.109012960659735147e-01	2.942380846929869009e-01	1.857777273196315471e-01	8.676694811672791552e-02	4.188106442970178367e-02	1.012895612646178556e-01
1.988323557812321269e+03	1.788864364984682487e-01	1.107174055212361979e-01	2.944045433896337882e-01	1.858877825628823255e-01	8.681730891456268528e-02	4.191828987866462464e-02	1.013682332341920012e-01
1.993161328025976900e+03	1.786290261324529893e-01	1.105345603580435015e-01	2.945700970867431989e-01	1.859972132538527112e-01	8.686739459637124461e-02	4.195528764782672365e-02	1.014464209243494258e-01
1.997999098239632076e+03	1.783730786335596952e-01	1.103527546249405689e-01	2.947347506714950716e-01	1.861060231935928455e-01	8.691720666753213753e-02	4.199205905854546533e-02	1.015241271499739695e-01
2.002836868453287707e+03	1.781185856711917925e-01	1.101719824043086299e-01	2.948985090069736192e-01	1.862142161570644050e-01	8.696674662566664105e-02	4.202860542460907373e-02	1.016013547098255643e-01
2.007674638666942428e+03	1.778655389622751659e-01	1.099922378121758332e-01	2.950613769322437685e-01	1.863217958933629514e-01	8.701601596066983746e-02	4.206492805227998732e-02	1.016781063866321888e-01
2.012512408880597604e+03	1.776139302709835999e-01	1.098135149980287578e-01	2.952233592624286529e-01	1.864287661259378115e-01	8.706501615474170064e-02	4.210102824033794960e-02	1.017543849471812673e-01
2.017350179094252780e+03	1.773637514084662192e-01	1.096358081446250632e-01	2.953844607887872731e-01	1.865351305528095416e-01	8.711374868241816838e-02	4.213690728012289832e-02	1.018301931424105827e-01
2.022187949307908411e+03	1.771149942325766224e-01	1.094591114678067911e-01	2.955446862787927120e-01	1.866408928467849504e-01	8.716221501060238130e-02	4.217256645557752870e-02	1.019055337074987327e-01
2.027025719521564042e+03	1.768676506476036525e-01	1.092834192163148060e-01	2.957040404762110719e-01	1.867460566556697066e-01	8.721041659859576911e-02	4.220800704328966924e-02	1.019804093619549740e-01
2.031863489735218764e+03	1.766217126040040830e-01	1.091087256716039705e-01	2.958625281011806329e-01	1.868506256024786705e-01	8.725835489812927559e-02	4.224323031253437305e-02	1.020548228097086230e-01
2.036701259948874394e+03	1.763771720981366364e-01	1.089350251476592785e-01	2.960201538502916230e-01	1.869546032856438111e-01	8.730603135339458365e-02	4.227823752531575247e-02	1.021287767391978740e-01
2.041539030162529116e+03	1.761340211719980564e-01	1.087623119908129460e-01	2.961769223966663200e-01	1.870579932792199584e-01	8.735344740107535422e-02	4.231302993640861931e-02	1.022022738234582562e-01
2.046376800376184747e+03	1.758922519129605677e-01	1.085905805795624318e-01	2.963328383900397101e-01	1.871607991330880849e-01	8.740060447037845126e-02	4.234760879339980605e-02	1.022753167202104241e-01
2.051214570589840150e+03	1.756518564535110571e-01	1.084198253243892768e-01	2.964879064568404776e-01	1.872630243731566446e-01	8.744750398306518069e-02	4.238197533672930645e-02	1.023479080719475603e-01
2.056052340803495554e+03	1.754128269709918364e-01	1.082500406675789284e-01	2.966421312002723298e-01	1.873646725015604697e-01	8.749414735348257088e-02	4.241613079973115263e-02	1.024200505060222088e-01
2.060890111017150957e+03	1.751751556873430427e-01	1.080812210830414954e-01	2.967955172003958197e-01	1.874657469968576684e-01	8.754053598859468099e-02	4.245007640867404231e-02	1.024917466347327055e-01
2.065727881230805451e+03	1.749388348688465933e-01	1.079133610761333906e-01	2.969480690142105583e-01	1.875662513142243026e-01	8.758667128801375656e-02	4.248381338280174391e-02	1.025629990554090265e-01
2.070565651444461309e+03	1.747038568258717783e-01	1.077464551834799028e-01	2.970997911757377041e-01	1.876661888856469562e-01	8.763255464403159334e-02	4.251734293437329365e-02	1.026338103504981780e-01
2.075403421658116713e+03	1.744702139126221851e-01	1.075804979727987137e-01	2.972506881961023972e-01	1.877655631201133324e-01	8.767818744165076228e-02	4.255066626870287333e-02	1.027041830876491563e-01
2.080241191871772116e+03	1.742378985268844827e-01	1.074154840427242880e-01	2.974007645636173591e-01	1.878643774038005476e-01	8.772357105861582072e-02	4.258378458419954243e-02	1.027741198197972966e-01
2.085078962085427065e+03	1.740069031097784547e-01	1.072514080226332350e-01	2.975500247438662704e-01	1.879626351002617046e-01	8.776870686544463451e-02	4.261669907240671351e-02	1.028436230852483313e-01
2.089916732299082469e+03	1.737772201455087540e-01	1.070882645724705595e-01	2.976984731797870931e-01	1.880603395506102726e-01	8.781359622545953370e-02	4.264941091804138468e-02	1.029126954077617395e-01
2.094754502512737417e+03	1.735488421611178778e-01	1.069260483825767855e-01	2.978461142917564475e-01	1.881574940737026636e-01	8.785824049481855136e-02	4.268192129903313620e-02	1.029813392966338337e-01
2.099592272726392821e+03	1.733217617262410304e-01	1.067647541735161076e-01	2.979929524776737115e-01	1.882541019663186432e-01	8.790264102254663481e-02	4.271423138656293972e-02	1.030495572467802629e-01
2.104430042940048224e+03	1.730959714528620130e-01	1.066043766959053340e-01	2.981389921130455090e-01	1.883501665033399386e-01	8.794679915056677344e-02	4.274634234510172465e-02	1.031173517388180305e-01
2.109267813153704083e+03	1.728714639950708343e-01	1.064449107302438552e-01	2.982842375510705302e-01	1.884456909379270961e-01	8.799071621373118213e-02	4.277825533244868084e-02	1.031847252391471376e-01
2.114105583367359031e+03	1.726482320488228472e-01	1.062863510867443906e-01	2.984286931227242978e-01	1.885406785016942033e-01	8.803439353985242910e-02	4.280997149976943639e-02	1.032516802000316564e-01
2.118943353581013525e+03	1.724262683516990247e-01	1.061286926051648177e-01	2.985723631368444875e-01	1.886351324048820555e-01	8.807783244973449444e-02	4.284149199163388849e-02	1.033182190596804439e-01
2.123781123794669384e+03	1.722055656826679271e-01	1.059719301546407227e-01	2.987152518802162482e-01	1.887290558365291582e-01	8.812103425720391181e-02	4.287281794605395102e-02	1.033843442423272863e-01
2.128618894008324787e+03	1.719861168618489478e-01	1.058160586335189779e-01	2.988573636176575232e-01	1.888224519646413690e-01	8.816400026914071597e-02	4.290395049452095516e-02	1.034500581583106954e-01
2.133456664221980191e+03	1.717679147502769177e-01	1.056610729691921935e-01	2.989987025921050923e-01	1.889153239363593750e-01	8.820673178550952898e-02	4.293489076204293209e-02	1.035153632041531657e-01
2.138294434435635139e+03	1.715509522496683203e-01	1.055069681179340441e-01	2.991392730247001697e-01	1.890076748781246152e-01	8.824923009939043828e-02	4.296563986718162503e-02	1.035802617626400551e-01
2.143132204649290543e+03	1.713352223021885889e-01	1.053537390647355104e-01	2.992790791148744467e-01	1.890995078958435383e-01	8.829149649700998581e-02	4.299619892208934174e-02	1.036447562028978975e-01
2.147969974862945492e+03	1.711207178902209858e-01	1.052013808231420100e-01	2.994181250404363004e-01	1.891908260750500004e-01	8.833353225777201834e-02	4.302656903254552245e-02	1.037088488804724651e-01
2.152807745076601350e+03	1.709074320361367860e-01	1.050498884350914153e-01	2.995564149576570578e-01	1.892816324810661366e-01	8.837533865428853774e-02	4.305675129799314133e-02	1.037725421374061652e-01
2.157645515290255844e+03	1.706953578020667661e-01	1.048992569707529465e-01	2.996939530013574271e-01	1.893719301591614557e-01	8.841691695241055138e-02	4.308674681157492053e-02	1.038358383023151588e-01
2.162483285503912157e+03	1.704844882896741076e-01	1.047494815283670222e-01	2.998307432849937060e-01	1.894617221347103531e-01	8.845826841125874196e-02	4.311655666016928762e-02	1.038987396904659660e-01
2.167321055717567106e+03	1.702748166399285223e-01	1.046005572340858447e-01	2.999667899007447125e-01	1.895510114133480417e-01	8.849939428325423463e-02	4.314618192442615241e-02	1.039612486038516137e-01
2.172158825931222509e+03	1.700663360328818208e-01	1.044524792418149856e-01	3.001020969195982158e-01	1.896398009811248730e-01	8.854029581414918360e-02	4.317562367880246194e-02	1.040233673312674773e-01
2.176996596144877003e+03	1.698590396874447017e-01	1.043052427330558446e-01	3.002366683914378109e-01	1.897280938046590482e-01	8.858097424305746981e-02	4.320488299159758877e-02	1.040850981483865262e-01
2.181834366358532861e+03	1.696529208611648465e-01	1.041588429167488866e-01	3.003705083451295166e-01	1.898158928312878024e-01	8.862143080248519045e-02	4.323396092498846960e-02	1.041464433178342086e-01
2.186672136572187810e+03	1.694479728500063731e-01	1.040132750291178770e-01	3.005036207886088162e-01	1.899032009892170914e-01	8.866166671836112068e-02	4.326285853506457724e-02	1.042074050892629750e-01
2.191509906785843214e+03	1.692441889881305395e-01	1.038685343335148253e-01	3.006360097089675332e-01	1.899900211876697498e-01	8.870168321006723089e-02	4.329157687186267756e-02	1.042679856994262605e-01
2.196347676999498617e+03	1.690415626476776401e-01	1.037246161202658862e-01	3.007676790725406502e-01	1.900763563170321524e-01	8.874148149046900969e-02	4.332011697940137823e-02	1.043281873722521208e-01
2.201185447213154021e+03	1.688400872385502627e-01	1.035815157065181624e-01	3.008986328249932396e-01	1.901622092489994031e-01	8.878106276594582846e-02	4.334847989571549709e-02	1.043880123189164510e-01
2.206023217426809424e+03	1.686397562081978496e-01	1.034392284360872022e-01	3.010288748914077273e-01	1.902475828367189703e-01	8.882042823642111173e-02	4.337666665289022228e-02	1.044474627379157472e-01
2.210860987640464373e+03	1.684405630414024246e-01	1.032977496793054811e-01	3.011584091763704896e-01	1.903324799149331836e-01	8.885957909539264621e-02	4.340467827709509896e-02	1.045065408151394509e-01
2.215698757854119776e+03	1.682425012600654302e-01	1.031570748328717174e-01	3.012872395640592282e-01	1.904169033001199829e-01	8.889851652996266784e-02	4.343251578861775236e-02	1.045652487239419753e-01
2.220536528067775180e+03	1.680455644229961465e-01	1.030171993197009500e-01	3.014153699183295676e-01	1.905008557906325006e-01	8.893724172086786561e-02	4.346018020189754139e-02	1.046235886252141339e-01
2.225374298281430583e+03	1.678497461257010270e-01	1.028781185887755883e-01	3.015428040828022627e-01	1.905843401668370629e-01	8.897575584250946856e-02	4.348767252555888613e-02	1.046815626674544031e-01
2.230212068495085077e+03	1.676550400001742824e-01	1.027398281149970588e-01	3.016695458809501296e-01	1.906673591912499965e-01	8.901406006298313855e-02	4.351499376244449824e-02	1.047391729868395738e-01
2.235049838708740936e+03	1.674614397146898526e-01	1.026023233990385475e-01	3.017955991161848650e-01	1.907499156086730485e-01	8.905215554410883527e-02	4.354214490964836842e-02	1.047964217072950982e-01
2.239887608922396339e+03	1.672689389735944887e-01	1.024655999671984508e-01	3.019209675719439767e-01	1.908320121463275010e-01	8.909004344146061183e-02	4.356912695854861517e-02	1.048533109405650199e-01
2.244725379136052197e+03	1.670775315171018627e-01	1.023296533712545892e-01	3.020456550117775474e-01	1.909136515139868429e-01	8.912772490439631323e-02	4.359594089484006979e-02	1.049098427862815014e-01
2.249563149349706237e+03	1.668872111210881470e-01	1.021944791883192954e-01	3.021696651794349986e-01	1.909948364041082480e-01	8.916520107608724710e-02	4.362258769856677126e-02	1.049660193320339635e-01
2.254400919563362095e+03	1.666979715968885944e-01	1.020600730206953910e-01	3.022930017989520768e-01	1.910755694919628878e-01	8.920247309354770171e-02	4.364906834415418352e-02	1.050218426534378219e-01
2.259238689777017044e+03	1.665098067910952551e-01	1.019264304957328421e-01	3.024156685747371176e-01	1.911558534357647166e-01	8.923954208766454732e-02	4.367538380044129476e-02	1.050773148142028213e-01
2.264076459990672902e+03	1.663227105853560539e-01	1.017935472656863044e-01	3.025376691916579208e-01	1.912356908767982588e-01	8.927640918322654606e-02	4.370153503071250167e-02	1.051324378662009951e-01
