1.001418434226643626e+03	2.778911019140163918e-01	1.819069984065978252e-01	2.346937456072719641e-01	1.406093736287281626e-01	6.702571345489605203e-02	2.851656864267603647e-02	6.935649834545364045e-02
1.002869765290740247e+03	2.776239382965907110e-01	1.817468168117488680e-01	2.348647681180964231e-01	1.407056210450609579e-01	6.707312682019178629e-02	2.855147011049118111e-02	6.943425879746017992e-02
1.004321096354836754e+03	2.773575206497824186e-01	1.815866638333099303e-01	2.350354091497510733e-01	1.408018502301934261e-01	6.712050939912643510e-02	2.858624838527993803e-02	6.951179835219695180e-02
1.005772427418933376e+03	2.770918435215188880e-01	1.814265429881371794e-01	2.352056703606042465e-01	1.408980606939277680e-01	6.716785923384745172e-02	2.862090512535053061e-02	6.958911807625414725e-02
1.007223758483029997e+03	2.768269015280616641e-01	1.812664577353673701e-01	2.353755533815655443e-01	1.409942518940762446e-01	6.721517448358443891e-02	2.865544192362425024e-02	6.966621905336070619e-02
1.008675089547126618e+03	2.765626893531412112e-01	1.811064114772585609e-01	2.355450598172412480e-01	1.410904232406606229e-01	6.726245341762407404e-02	2.868986031154397570e-02	6.974310238217053259e-02
1.010126420611223239e+03	2.762992017470971007e-01	1.809464075600194233e-01	2.357141912470250289e-01	1.411865740998451690e-01	6.730969440870654408e-02	2.872416176272245963e-02	6.981976917422452744e-02
1.011577751675319632e+03	2.760364335260241941e-01	1.807864492746270868e-01	2.358829492261280691e-01	1.412827037976193689e-01	6.735689592681834426e-02	2.875834769634835059e-02	6.989622055207488083e-02
1.013029082739416367e+03	2.757743795709252099e-01	1.806265398576335501e-01	2.360513352865520886e-01	1.413788116232453651e-01	6.740405653335815317e-02	2.879241948036665236e-02	6.997245764755924413e-02
1.014480413803512761e+03	2.755130348268697849e-01	1.804666824919609058e-01	2.362193509380088319e-01	1.414748968324847644e-01	6.745117487565370495e-02	2.882637843444908754e-02	7.004848160021313885e-02
1.015931744867609382e+03	2.752523943021600861e-01	1.803068803076854631e-01	2.363869976687889840e-01	1.415709586506181117e-01	6.749824968180855034e-02	2.886022583276881548e-02	7.012429355581020762e-02
1.017383075931706003e+03	2.749924530675035839e-01	1.801471363828110461e-01	2.365542769465832362e-01	1.416669962752696577e-01	6.754527975585937483e-02	2.889396290659288283e-02	7.019989466502041253e-02
1.018834406995802851e+03	2.747332062551933185e-01	1.799874537440311340e-01	2.367211902192591644e-01	1.417630088790493015e-01	6.759226397322522228e-02	2.892759084670485162e-02	7.027528608217720185e-02
1.020285738059899245e+03	2.744746490582951060e-01	1.798278353674806762e-01	2.368877389155954749e-01	1.418589956120230311e-01	6.763920127643126279e-02	2.896111080566926566e-02	7.035046896414533235e-02
1.021737069123995752e+03	2.742167767298427372e-01	1.796682841794771390e-01	2.370539244459770045e-01	1.419549556040223537e-01	6.768609067109063182e-02	2.899452389994863072e-02	7.042544446928160340e-02
1.023188400188092373e+03	2.739595845820405051e-01	1.795088030572511151e-01	2.372197482030523608e-01	1.420508879668024582e-01	6.773293122212915851e-02	2.902783121188299773e-02	7.050021375648149458e-02
1.024639731252188767e+03	2.737030679854738358e-01	1.793493948296666640e-01	2.373852115623563130e-01	1.421467917960584360e-01	6.777972205023813368e-02	2.906103379154149902e-02	7.057477798430519811e-02
1.026091062316285615e+03	2.734472223683278580e-01	1.791900622779315777e-01	2.375503158828992656e-01	1.422426661733086073e-01	6.782646232854158685e-02	2.909413265845442464e-02	7.064913831017678725e-02
1.027542393380382237e+03	2.731920432156140777e-01	1.790308081362972648e-01	2.377150625077258106e-01	1.423385101676524211e-01	6.787315127946533244e-02	2.912712880323400921e-02	7.072329588965123315e-02
1.028993724444478858e+03	2.729375260684048787e-01	1.788716350927491150e-01	2.378794527644437495e-01	1.424343228374116976e-01	6.791978817179547545e-02	2.916002318909139551e-02	7.079725187574391343e-02
1.030445055508575479e+03	2.726836665230765733e-01	1.787125457896867609e-01	2.380434879657257752e-01	1.425301032316614036e-01	6.796637231791501088e-02	2.919281675325676936e-02	7.087100741831788009e-02
1.031896386572671872e+03	2.724304602305608891e-01	1.785535428245949574e-01	2.382071694097851744e-01	1.426258503916574549e-01	6.801290307120801126e-02	2.922551040830922986e-02	7.094456366352452914e-02
1.033347717636768493e+03	2.721779028956039514e-01	1.783946287507044703e-01	2.383704983808270783e-01	1.427215633521676519e-01	6.805937982362098015e-02	2.925810504342235205e-02	7.101792175329371681e-02
1.034799048700865114e+03	2.719259902760347569e-01	1.782358060776441100e-01	2.385334761494768696e-01	1.428172411427117428e-01	6.810580200337222612e-02	2.929060152553122215e-02	7.109108282486931163e-02
1.036250379764961508e+03	2.716747181820409196e-01	1.780770772720829120e-01	2.386961039731868017e-01	1.429128827887165276e-01	6.815216907280002845e-02	2.932300070042609050e-02	7.116404801038693495e-02
1.037701710829058356e+03	2.714240824754537429e-01	1.779184447583636308e-01	2.388583830966223287e-01	1.430084873125908596e-01	6.819848052634144842e-02	2.935530339377761047e-02	7.123681843649060097e-02
1.039153041893154750e+03	2.711740790690410075e-01	1.777599109191267124e-01	2.390203147520292837e-01	1.431040537347259556e-01	6.824473588863376461e-02	2.938751041209817366e-02	7.130939522398531405e-02
1.040604372957251599e+03	2.709247039258085854e-01	1.776014780959258299e-01	2.391819001595828775e-01	1.431995810744253472e-01	6.829093471273113558e-02	2.941962254364363302e-02	7.138177948752282009e-02
1.042055704021347992e+03	2.706759530583102147e-01	1.774431485898341210e-01	2.393431405277197388e-01	1.432950683507691614e-01	6.833707657842956473e-02	2.945164055925935873e-02	7.145397233531813885e-02
1.043507035085444613e+03	2.704278225279656556e-01	1.772849246620420982e-01	2.395040370534539664e-01	1.433905145834164785e-01	6.838316109069349225e-02	2.948356521317428008e-02	7.152597486889433753e-02
1.044958366149541234e+03	2.701803084443875069e-01	1.771268085344467891e-01	2.396645909226779170e-01	1.434859187933501257e-01	6.842918787817797721e-02	2.951539724374642459e-02	7.159778818285356117e-02
1.046409697213637855e+03	2.699334069647160161e-01	1.769688023902323826e-01	2.398248033104490862e-01	1.435812800035669579e-01	6.847515659184062742e-02	2.954713737416307315e-02	7.166941336467215484e-02
1.047861028277734476e+03	2.696871142929622711e-01	1.768109083744427712e-01	2.399846753812630018e-01	1.436765972397176794e-01	6.852106690363778119e-02	2.957878631309860881e-02	7.174085149451819854e-02
1.049312359341831097e+03	2.694414266793596635e-01	1.766531285945455165e-01	2.401442082893140428e-01	1.437718695306988426e-01	6.856691850529990362e-02	2.961034475533273411e-02	7.181210364508958111e-02
1.050763690405927491e+03	2.691963404197237897e-01	1.764954651209880432e-01	2.403034031787439906e-01	1.438670959092002988e-01	6.861271110718124289e-02	2.964181338233178378e-02	7.188317088147112843e-02
1.052215021470024112e+03	2.689518518548200676e-01	1.763379199877454784e-01	2.404622611838794777e-01	1.439622754122109882e-01	6.865844443717949996e-02	2.967319286279542986e-02	7.195405426100931479e-02
1.053666352534120733e+03	2.687079573697400137e-01	1.761804951928609142e-01	2.406207834294586401e-01	1.440574070814854835e-01	6.870411823972087662e-02	2.970448385317110002e-02	7.202475483320321115e-02
1.055117683598217127e+03	2.684646533932851797e-01	1.760231926989776763e-01	2.407789710308481379e-01	1.441524899639739510e-01	6.874973227480686566e-02	2.973568699813822214e-02	7.209527363961025503e-02
1.056569014662313975e+03	2.682219363973592507e-01	1.758660144338638764e-01	2.409368250942501843e-01	1.442475231122179735e-01	6.879528631711877285e-02	2.976680293106422764e-02	7.216561171376598138e-02
1.058020345726410369e+03	2.679798028963682466e-01	1.757089622909296101e-01	2.410943467169012200e-01	1.443425055847140093e-01	6.884078015517668125e-02	2.979783227443415228e-02	7.223577008111639608e-02
1.059471676790506763e+03	2.677382494466282736e-01	1.755520381297364374e-01	2.412515369872617610e-01	1.444374364462469029e-01	6.888621359054926396e-02	2.982877564025556566e-02	7.230574975896203460e-02
1.060923007854603611e+03	2.674972726457816585e-01	1.753952437764997319e-01	2.414083969851985034e-01	1.445323147681954745e-01	6.893158643711157219e-02	2.985963363044039087e-02	7.237555175641292859e-02
1.062374338918700232e+03	2.672568691322200207e-01	1.752385810245835340e-01	2.415649277821589336e-01	1.446271396288114075e-01	6.897689852034777358e-02	2.989040683716512325e-02	7.244517707435343956e-02
1.063825669982796853e+03	2.670170355845160048e-01	1.750820516349883837e-01	2.417211304413386941e-01	1.447219101134737951e-01	6.902214967669616230e-02	2.992109584321083968e-02	7.251462670541626576e-02
1.065277001046893474e+03	2.667777687208619519e-01	1.749256573368321022e-01	2.418770060178424552e-01	1.448166253149207328e-01	6.906733975293363748e-02	2.995170122228427156e-02	7.258390163396498396e-02
1.066728332110990095e+03	2.665390652985162312e-01	1.747693998278235517e-01	2.420325555588383193e-01	1.449112843334590395e-01	6.911246860559761007e-02	2.998222353932118028e-02	7.265300283608419618e-02
1.068179663175086489e+03	2.663009221132573989e-01	1.746132807747294569e-01	2.421877801037062017e-01	1.450058862771542723e-01	6.915753610044270139e-02	3.001266335077314162e-02	7.272193127957697623e-02
1.069630994239183110e+03	2.660633359988453517e-01	1.744573018138346754e-01	2.423426806841807168e-01	1.451004302620015340e-01	6.920254211193034577e-02	3.004302120487881492e-02	7.279068792396867216e-02
1.071082325303279504e+03	2.658263038264900846e-01	1.743014645513956407e-01	2.424972583244886237e-01	1.451949154120791008e-01	6.924748652274911875e-02	3.007329764192064742e-02	7.285927372051695383e-02
1.072533656367376352e+03	2.655898225043275551e-01	1.741457705640871989e-01	2.426515140414809979e-01	1.452893408596852287e-01	6.929236922336400040e-02	3.010349319446797844e-02	7.292768961222721724e-02
1.073984987431472746e+03	2.653538889769027631e-01	1.739902213994431457e-01	2.428054488447610459e-01	1.453837057454599457e-01	6.933719011159282519e-02	3.013360838760736904e-02	7.299593653387304037e-02
1.075436318495569594e+03	2.651185002246601585e-01	1.738348185762900733e-01	2.429590637368070627e-01	1.454780092184923546e-01	6.938194909220810058e-02	3.016364373916095853e-02	7.306401541202148242e-02
1.076887649559666215e+03	2.648836532634404328e-01	1.736795635851752506e-01	2.431123597130910030e-01	1.455722504364146408e-01	6.942664607656290343e-02	3.019359975989362524e-02	7.313192716506231039e-02
1.078338980623762609e+03	2.646493451439853040e-01	1.735244578887880085e-01	2.432653377621931956e-01	1.456664285654835356e-01	6.947128098223911974e-02	3.022347695370963816e-02	7.319967270324136133e-02
1.079790311687859230e+03	2.644155729514479636e-01	1.733695029223752682e-01	2.434179988659131710e-01	1.457605427806502874e-01	6.951585373271677859e-02	3.025327581783941386e-02	7.326725292869731843e-02
1.081241642751955851e+03	2.641823338049111292e-01	1.732147000941507420e-01	2.435703439993766040e-01	1.458545922656196425e-01	6.956036425706325910e-02	3.028299684301706887e-02	7.333466873550170684e-02
1.082692973816052472e+03	2.639496248569118131e-01	1.730600507856984160e-01	2.437223741311390357e-01	1.459485762128987507e-01	6.960481248964095480e-02	3.031264051364927423e-02	7.340192100970187317e-02
1.084144304880149093e+03	2.637174432929720869e-01	1.729055563523700656e-01	2.438740902232861274e-01	1.460424938238368275e-01	6.964919836983243795e-02	3.034220730797596022e-02	7.346901062936657401e-02
1.085595635944245487e+03	2.634857863311370063e-01	1.727512181236770250e-01	2.440254932315307768e-01	1.461363443086558245e-01	6.969352184178204124e-02	3.037169769822339188e-02	7.353593846463400696e-02
1.087046967008342108e+03	2.632546512215188095e-01	1.725970374036762123e-01	2.441765841053072650e-01	1.462301268864729664e-01	6.973778285415270506e-02	3.040111215075007312e-02	7.360270537776202049e-02
1.088498298072438729e+03	2.630240352458473319e-01	1.724430154713505747e-01	2.443273637878626836e-01	1.463238407853159340e-01	6.978198135989734097e-02	3.043045112618588538e-02	7.366931222318030825e-02
1.089949629136535123e+03	2.627939357170270829e-01	1.722891535809840113e-01	2.444778332163453916e-01	1.464174852421306627e-01	6.982611731604367045e-02	3.045971507956491200e-02	7.373575984754433821e-02
1.091400960200631971e+03	2.625643499787001511e-01	1.721354529625308549e-01	2.446279933218912517e-01	1.465110595027828144e-01	6.987019068349183126e-02	3.048890446045230546e-02	7.380204908979089151e-02
1.092852291264728365e+03	2.623352754048157154e-01	1.719819148219798310e-01	2.447778450297070640e-01	1.466045628220530861e-01	6.991420142682390482e-02	3.051801971306555838e-02	7.386818078119498920e-02
1.094303622328825213e+03	2.621067093992051067e-01	1.718285403417129376e-01	2.449273892591519730e-01	1.466979944636268851e-01	6.995814951412455962e-02	3.054706127639052193e-02	7.393415574542817892e-02
1.095754953392921607e+03	2.618786493951634764e-01	1.716753306808588841e-01	2.450766269238163764e-01	1.467913537000787028e-01	7.000203491681240842e-02	3.057602958429246273e-02	7.399997479861779304e-02
1.097206284457018228e+03	2.616510928550369042e-01	1.715222869756416468e-01	2.452255589315989748e-01	1.468846398128518249e-01	7.004585760948099649e-02	3.060492506562248125e-02	7.406563874940731707e-02
1.098657615521114849e+03	2.614240372698153347e-01	1.713694103397235824e-01	2.453741861847816563e-01	1.469778520922332410e-01	7.008961756974924073e-02	3.063374814431951351e-02	7.413114839901754904e-02
1.100108946585211470e+03	2.611974801587318429e-01	1.712167018645439354e-01	2.455225095801023549e-01	1.470709898373247226e-01	7.013331477812052850e-02	3.066249923950825282e-02	7.419650454130855000e-02
1.101560277649308091e+03	2.609714190688668389e-01	1.710641626196520437e-01	2.456705300088263544e-01	1.471640523560097669e-01	7.017694921784990714e-02	3.069117876559313354e-02	7.426170796284210784e-02
1.103011608713404712e+03	2.607458515747586025e-01	1.709117936530360204e-01	2.458182483568154830e-01	1.472570389649173750e-01	7.022052087481900351e-02	3.071978713234869290e-02	7.432675944294495074e-02
1.104462939777501106e+03	2.605207752780188679e-01	1.707595959914464390e-01	2.459656655045958928e-01	1.473499489893821401e-01	7.026402973741822933e-02	3.074832474500644591e-02	7.439165975377221018e-02
1.105914270841597499e+03	2.602961878069537938e-01	1.706075706407152726e-01	2.461127823274241178e-01	1.474427817634015869e-01	7.030747579643552292e-02	3.077679200433852333e-02	7.445640966037138375e-02
1.107365601905694348e+03	2.600720868161912058e-01	1.704557185860703927e-01	2.462595996953514665e-01	1.475355366295907356e-01	7.035085904495169684e-02	3.080518930673823569e-02	7.452100992074649211e-02
1.108816932969790741e+03	2.598484699863117253e-01	1.703040407924452937e-01	2.464061184732872778e-01	1.476282129391340570e-01	7.039417947824153088e-02	3.083351704429772300e-02	7.458546128592252744e-02
1.110268264033887590e+03	2.596253350234868362e-01	1.701525382047843482e-01	2.465523395210602597e-01	1.477208100517351241e-01	7.043743709368062433e-02	3.086177560488286703e-02	7.464976450001004071e-02
1.111719595097984211e+03	2.594026796591205608e-01	1.700012117483435947e-01	2.466982636934789419e-01	1.478133273355642374e-01	7.048063189065741085e-02	3.088996537220562583e-02	7.471392030026968722e-02
1.113170926162080832e+03	2.591805016494972969e-01	1.698500623289872224e-01	2.468438918403906002e-01	1.479057641672039403e-01	7.052376387049008599e-02	3.091808672589390836e-02	7.477792941717706365e-02
1.114622257226177226e+03	2.589587987754342069e-01	1.696990908334796155e-01	2.469892248067387386e-01	1.479981199315928697e-01	7.056683303634825322e-02	3.094614004155914200e-02	7.484179257448728140e-02
1.116073588290273847e+03	2.587375688419388808e-01	1.695482981297732061e-01	2.471342634326197940e-01	1.480903940219680803e-01	7.060983939317889979e-02	3.097412569086165426e-02	7.490551048929963707e-02
1.117524919354370468e+03	2.585168096778714952e-01	1.693976850672921086e-01	2.472790085533383420e-01	1.481825858398057305e-01	7.065278294763641109e-02	3.100204404157397287e-02	7.496908387212204705e-02
1.118976250418467089e+03	2.582965191356123569e-01	1.692472524772116738e-01	2.474234609994612200e-01	1.482746947947606309e-01	7.069566370801648458e-02	3.102989545764216206e-02	7.503251342693545434e-02
1.120427581482563710e+03	2.580766950907338320e-01	1.690970011727338518e-01	2.475676215968707905e-01	1.483667203046045990e-01	7.073848168419358262e-02	3.105768029924530285e-02	7.509579985125795776e-02
1.121878912546660331e+03	2.578573354416769936e-01	1.689469319493585309e-01	2.477114911668168995e-01	1.484586617951637044e-01	7.078123688756186860e-02	3.108539892285320724e-02	7.515894383620880248e-02
1.123330243610756725e+03	2.576384381094328768e-01	1.687970455851510454e-01	2.478550705259679188e-01	1.485505187002544303e-01	7.082392933097923782e-02	3.111305168128245327e-02	7.522194606657200966e-02
1.124781574674853118e+03	2.574200010372287295e-01	1.686473428410057707e-01	2.479983604864609836e-01	1.486422904616194751e-01	7.086655902871434598e-02	3.114063892375085185e-02	7.528480722085986732e-02
1.126232905738949967e+03	2.572020221902182047e-01	1.684978244609056097e-01	2.481413618559509815e-01	1.487339765288622773e-01	7.090912599639655201e-02	3.116816099593035586e-02	7.534752797137600488e-02
1.127684236803046360e+03	2.569844995551765487e-01	1.683484911721780108e-01	2.482840754376589576e-01	1.488255763593813730e-01	7.095163025096835885e-02	3.119561823999859179e-02	7.541010898427816245e-02
1.129135567867143209e+03	2.567674311401995091e-01	1.681993436857471824e-01	2.484265020304194382e-01	1.489170894183037830e-01	7.099407181064042172e-02	3.122301099468898292e-02	7.547255091964068241e-02
1.130586898931239830e+03	2.565508149744071820e-01	1.680503826963823943e-01	2.485686424287270324e-01	1.490085151784183715e-01	7.103645069484885999e-02	3.125033959533959210e-02	7.553485443151654322e-02
1.132038229995336451e+03	2.563346491076520239e-01	1.679016088829429210e-01	2.487104974227820897e-01	1.490998531201083999e-01	7.107876692421478959e-02	3.127760437394071918e-02	7.559702016799903224e-02
1.133489561059432845e+03	2.561189316102306379e-01	1.677530229086192926e-01	2.488520677985356921e-01	1.491911027312841365e-01	7.112102052050586765e-02	3.130480565918133257e-02	7.565904877128301620e-02
1.134940892123529466e+03	2.559036605726000557e-01	1.676046254211709663e-01	2.489933543377338410e-01	1.492822635073150495e-01	7.116321150659982164e-02	3.133194377649434204e-02	7.572094087772586468e-02
1.136392223187626087e+03	2.556888341050982394e-01	1.674564170531607221e-01	2.491343578179607554e-01	1.493733349509616948e-01	7.120533990644979661e-02	3.135901904810085156e-02	7.578269711790783236e-02
1.137843554251722708e+03	2.554744503376683018e-01	1.673083984221853393e-01	2.492750790126818106e-01	1.494643165723076594e-01	7.124740574505135371e-02	3.138603179305332613e-02	7.584431811669203882e-02
1.139294885315819101e+03	2.552605074195868351e-01	1.671605701311032199e-01	2.494155186912853928e-01	1.495552078886913938e-01	7.128940904841116200e-02	3.141298232727783579e-02	7.590580449328401813e-02
1.140746216379915950e+03	2.550470035191959584e-01	1.670129327682583487e-01	2.495556776191241721e-01	1.496460084246380162e-01	7.133134984351714725e-02	3.143987096361530731e-02	7.596715686129082434e-02
1.142197547444012343e+03	2.548339368236397506e-01	1.668654869077013658e-01	2.496955565575559588e-01	1.497367177117910342e-01	7.137322815831013967e-02	3.146669801186191551e-02	7.602837582877959577e-02
1.143648878508108737e+03	2.546213055386039037e-01	1.667182331094070324e-01	2.498351562639834766e-01	1.498273352888442600e-01	7.141504402165675669e-02	3.149346377880862108e-02	7.608946199833568902e-02
1.145100209572205586e+03	2.544091078880593715e-01	1.665711719194886697e-01	2.499744774918940537e-01	1.499178607014736986e-01	7.145679746332363191e-02	3.152016856827984798e-02	7.615041596712035510e-02
1.146551540636302207e+03	2.541973421140097944e-01	1.664243038704097122e-01	2.501135209908982304e-01	1.500082935022698238e-01	7.149848851395280980e-02	3.154681268117139753e-02	7.621123832692784650e-02
1.148002871700398828e+03	2.539860064762424763e-01	1.662776294811916800e-01	2.502522875067678676e-01	1.500986332506696608e-01	7.154011720503823668e-02	3.157339641548761316e-02	7.627192966424213572e-02
1.149454202764495449e+03	2.537750992520828031e-01	1.661311492576194315e-01	2.503907777814739499e-01	1.501888795128893950e-01	7.158168356890336204e-02	3.159992006637777490e-02	7.633249056029299540e-02
1.150905533828591842e+03	2.535646187361524362e-01	1.659848636924433629e-01	2.505289925532235840e-01	1.502790318618570098e-01	7.162318763867968341e-02	3.162638392617182770e-02	7.639292159111175928e-02
1.152356864892688463e+03	2.533545632401311143e-01	1.658387732655787483e-01	2.506669325564964135e-01	1.503690898771453399e-01	7.166462944828619341e-02	3.165278828441545067e-02	7.645322332758638928e-02
1.153808195956785084e+03	2.531449310925213969e-01	1.656928784443018055e-01	2.508045985220807017e-01	1.504590531449052360e-01	7.170600903240983981e-02	3.167913342790442538e-02	7.651339633551619557e-02
1.155259527020881706e+03	2.529357206384172385e-01	1.655471796834433740e-01	2.509419911771088030e-01	1.505489212577991454e-01	7.174732642648665171e-02	3.170541964071841440e-02	7.657344117566595998e-02
1.156710858084978327e+03	2.527269302392757266e-01	1.654016774255793742e-01	2.510791112450918572e-01	1.506386938149351373e-01	7.178858166668376783e-02	3.173164720425414309e-02	7.663335840381954589e-02
1.158162189149074720e+03	2.525185582726922617e-01	1.652563721012186848e-01	2.512159594459545398e-01	1.507283704218009834e-01	7.182977478988215869e-02	3.175781639725796385e-02	7.669314857083303627e-02
1.159613520213171569e+03	2.523106031321786236e-01	1.651112641289882166e-01	2.513525364960687569e-01	1.508179506901987932e-01	7.187090583366004259e-02	3.178392749585789989e-02	7.675281222268738601e-02
1.161064851277267962e+03	2.521030632269446459e-01	1.649663539158152115e-01	2.514888431082871745e-01	1.509074342381800937e-01	7.191197483627694009e-02	3.180998077359511317e-02	7.681234990054047751e-02
1.162516182341364356e+03	2.518959369816830551e-01	1.648216418571069874e-01	2.516248799919763579e-01	1.509968206899811594e-01	7.195298183665842229e-02	3.183597650145487956e-02	7.687176214077875991e-02
1.163967513405461204e+03	2.516892228363568074e-01	1.646771283369281025e-01	2.517606478530491909e-01	1.510861096759587852e-01	7.199392687438138649e-02	3.186191494789701595e-02	7.693104947506831937e-02
1.165418844469557826e+03	2.514829192459903107e-01	1.645328137281746594e-01	2.518961473939969609e-01	1.511753008325265324e-01	7.203480998965985926e-02	3.188779637888582846e-02	7.699021243040549134e-02
1.166870175533654447e+03	2.512770246804630347e-01	1.643886983927463075e-01	2.520313793139210001e-01	1.512643938020913625e-01	7.207563122333138228e-02	3.191362105791962361e-02	7.704925152916687614e-02
1.168321506597751068e+03	2.510715376243066177e-01	1.642447826817156342e-01	2.521663443085639944e-01	1.513533882329907709e-01	7.211639061684384233e-02	3.193938924605969204e-02	7.710816728915899365e-02
1.169772837661847461e+03	2.508664565765044152e-01	1.641010669354950879e-01	2.523010430703407359e-01	1.514422837794302534e-01	7.215708821224281477e-02	3.196510120195888288e-02	7.716696022366728580e-02
1.171224168725944082e+03	2.506617800502941029e-01	1.639575514840014570e-01	2.524354762883685988e-01	1.515310801014214115e-01	7.219772405215933719e-02	3.199075718188974099e-02	7.722563084150477208e-02
1.172675499790040703e+03	2.504575065729733874e-01	1.638142366468179623e-01	2.525696446484974600e-01	1.516197768647203625e-01	7.223829817979803003e-02	3.201635743977220006e-02	7.728417964706005283e-02
1.174126830854137097e+03	2.502536346857081040e-01	1.636711227333539076e-01	2.527035488333391755e-01	1.517083737407666777e-01	7.227881063892573066e-02	3.204190222720088715e-02	7.734260714034493778e-02
1.175578161918233945e+03	2.500501629433434791e-01	1.635282100430020813e-01	2.528371895222970012e-01	1.517968704066229024e-01	7.231926147386043280e-02	3.206739179347200402e-02	7.740091381704150564e-02
1.177029492982330339e+03	2.498470899142178625e-01	1.633854988652937712e-01	2.529705673915943476e-01	1.518852665449142991e-01	7.235965072946055898e-02	3.209282638560982670e-02	7.745910016854876123e-02
1.178480824046426733e+03	2.496444141799791794e-01	1.632429894800515868e-01	2.531036831143032018e-01	1.519735618437694225e-01	7.239997845111456609e-02	3.211820624839284433e-02	7.751716668202869587e-02
1.179932155110523581e+03	2.494421343354041032e-01	1.631006821575399224e-01	2.532365373603721603e-01	1.520617559967608889e-01	7.244024468473103662e-02	3.214353162437948164e-02	7.757511384045194525e-02
1.181383486174620202e+03	2.492402489882198369e-01	1.629585771586133935e-01	2.533691307966542405e-01	1.521498487028468127e-01	7.248044947672876992e-02	3.216880275393350919e-02	7.763294212264296168e-02
1.182834817238716823e+03	2.490387567589283646e-01	1.628166747348629984e-01	2.535014640869342473e-01	1.522378396663127131e-01	7.252059287402744248e-02	3.219401987524907194e-02	7.769065200332467280e-02
1.184286148302813444e+03	2.488376562806334513e-01	1.626749751287600299e-01	2.536335378919556405e-01	1.523257285967138941e-01	7.256067492403839303e-02	3.221918322437537091e-02	7.774824395316271008e-02
1.185737479366910065e+03	2.486369461988697238e-01	1.625334785737981291e-01	2.537653528694475691e-01	1.524135152088182676e-01	7.260069567465567142e-02	3.224429303524102564e-02	7.780571843880912386e-02
1.187188810431006686e+03	2.484366251714348328e-01	1.623921852946330069e-01	2.538969096741506837e-01	1.525011992225498436e-01	7.264065517424739271e-02	3.226934953967809661e-02	7.786307592294568203e-02
1.188640141495103080e+03	2.482366918682234191e-01	1.622510955072202776e-01	2.540282089578435598e-01	1.525887803629325246e-01	7.268055347164728563e-02	3.229435296744578854e-02	7.792031686432664139e-02
1.190091472559199701e+03	2.480371449710639387e-01	1.621102094189512122e-01	2.541592513693682331e-01	1.526762583600346224e-01	7.272039061614646305e-02	3.231930354625383445e-02	7.797744171782115818e-02
1.191542803623296322e+03	2.478379831735575689e-01	1.619695272287864918e-01	2.542900375546556235e-01	1.527636329489136247e-01	7.276016665748544221e-02	3.234420150178556053e-02	7.803445093445515734e-02
1.192994134687392716e+03	2.476392051809195027e-01	1.618290491273880749e-01	2.544205681567505151e-01	1.528509038695616551e-01	7.279988164584627608e-02	3.236904705772070817e-02	7.809134496145275772e-02
1.194445465751489564e+03	2.474408097098226011e-01	1.616887752972489822e-01	2.545508438158362585e-01	1.529380708668514610e-01	7.283953563184500379e-02	3.239384043575786049e-02	7.814812424227735033e-02
1.195896796815585958e+03	2.472427954882432111e-01	1.615487059128213609e-01	2.546808651692593628e-01	1.530251336904827064e-01	7.287912866652418442e-02	3.241858185563666755e-02	7.820478921667205208e-02
1.197348127879682352e+03	2.470451612553093146e-01	1.614088411406425783e-01	2.548106328515534202e-01	1.531120920949289588e-01	7.291866080134563888e-02	3.244327153515975254e-02	7.826134032069995139e-02
1.198799458943779200e+03	2.468479057611507599e-01	1.612691811394593444e-01	2.549401474944630874e-01	1.531989458393850645e-01	7.295813208818337225e-02	3.246790969021434020e-02	7.831777798678365987e-02
1.200250790007875821e+03	2.466510277667516848e-01	1.611297260603503367e-01	2.550694097269676774e-01	1.532856946877150794e-01	7.299754257931662105e-02	3.249249653479359401e-02	7.837410264374469748e-02
1.201702121071972442e+03	2.464545260438050778e-01	1.609904760468466034e-01	2.551984201753042525e-01	1.533723384084006991e-01	7.303689232742316406e-02	3.251703228101772425e-02	7.843031471684221156e-02
1.203153452136069063e+03	2.462583993745694200e-01	1.608514312350506070e-01	2.553271794629907165e-01	1.534588767744901050e-01	7.307618138557257781e-02	3.254151713915481164e-02	7.848641462781145994e-02
1.204604783200165684e+03	2.460626465517275485e-01	1.607125917537532978e-01	2.554556882108485194e-01	1.535453095635473664e-01	7.311540980721982497e-02	3.256595131764135342e-02	7.854240279490176668e-02
1.206056114264262078e+03	2.458672663782471290e-01	1.605739577245493821e-01	2.555839470370251387e-01	1.536316365576023968e-01	7.315457764619887060e-02	3.259033502310260122e-02	7.859827963291411701e-02
1.207507445328358699e+03	2.456722576672436820e-01	1.604355292619512041e-01	2.557119565570161734e-01	1.537178575431012439e-01	7.319368495671645103e-02	3.261466846037260753e-02	7.865404555323829427e-02
1.208958776392455093e+03	2.454776192418452740e-01	1.602973064735006281e-01	2.558397173836871596e-01	1.538039723108569345e-01	7.323273179334600924e-02	3.263895183251402932e-02	7.870970096388964221e-02
1.210410107456551941e+03	2.452833499350591251e-01	1.601592894598795336e-01	2.559672301272952755e-01	1.538899806560009298e-01	7.327171821102169968e-02	3.266318534083772346e-02	7.876524626954542474e-02
1.211861438520648335e+03	2.450894485896402408e-01	1.600214783150185616e-01	2.560944953955108239e-01	1.539758823779348029e-01	7.331064426503247633e-02	3.268736918492207849e-02	7.882068187158074168e-02
1.213312769584745183e+03	2.448959140579619331e-01	1.598838731262042234e-01	2.562215137934382714e-01	1.540616772802826107e-01	7.334951001101641666e-02	3.271150356263211045e-02	7.887600816810416693e-02
1.214764100648841804e+03	2.447027452018881999e-01	1.597464739741845385e-01	2.563482859236371203e-01	1.541473651708436809e-01	7.338831550495500400e-02	3.273558867013835055e-02	7.893122555399284535e-02
1.216215431712937971e+03	2.445099408926480200e-01	1.596092809332730900e-01	2.564748123861425588e-01	1.542329458615458171e-01	7.342706080316760420e-02	3.275962470193545528e-02	7.898633442092728441e-02
1.217666762777034819e+03	2.443175000107111472e-01	1.594722940714515258e-01	2.566010937784857782e-01	1.543184191683990014e-01	7.346574596230603937e-02	3.278361185086067081e-02	7.904133515742574334e-02
1.219118093841131440e+03	2.441254214456660965e-01	1.593355134504705339e-01	2.567271306957142341e-01	1.544037849114495153e-01	7.350437103934917560e-02	3.280755030811201983e-02	7.909622814887830311e-02
1.220569424905228061e+03	2.439337040960996572e-01	1.591989391259494568e-01	2.568529237304116308e-01	1.544890429147346977e-01	7.354293609159773260e-02	3.283144026326628023e-02	7.915101377758043677e-02
1.222020755969324682e+03	2.437423468694781270e-01	1.590625711474743242e-01	2.569784734727173503e-01	1.545741930062379810e-01	7.358144117666903794e-02	3.285528190429678336e-02	7.920569242276637167e-02
1.223472087033421303e+03	2.435513486820304330e-01	1.589264095586944148e-01	2.571037805103459917e-01	1.546592350178443431e-01	7.361988635249200330e-02	3.287907541759095553e-02	7.926026446064188269e-02
1.224923418097517697e+03	2.433607084586326963e-01	1.587904543974174854e-01	2.572288454286068005e-01	1.547441687852963987e-01	7.365827167730205904e-02	3.290282098796767918e-02	7.931473026441690499e-02
1.226374749161614318e+03	2.431704251326946287e-01	1.586547056957036406e-01	2.573536688104224313e-01	1.548289941481508225e-01	7.369659720963626925e-02	3.292651879869446657e-02	7.936909020433767503e-02
1.227826080225710712e+03	2.429804976460476218e-01	1.585191634799576199e-01	2.574782512363480436e-01	1.549137109497352172e-01	7.373486300832847451e-02	3.295016903150439075e-02	7.942334464771858005e-02
1.229277411289807560e+03	2.427909249488341414e-01	1.583838277710200582e-01	2.576025932845893984e-01	1.549983190371054254e-01	7.377306913250449016e-02	3.297377186661284293e-02	7.947749395897361901e-02
1.230728742353903954e+03	2.426017059993989256e-01	1.582486985842569693e-01	2.577266955310216212e-01	1.550828182610033412e-01	7.381121564157747117e-02	3.299732748273410954e-02	7.953153849964751665e-02
1.232180073418000802e+03	2.424128397641819033e-01	1.581137759296483980e-01	2.578505585492071872e-01	1.551672084758150272e-01	7.384930259524323526e-02	3.302083605709772024e-02	7.958547862844649046e-02
1.233631404482097196e+03	2.422243252176123629e-01	1.579790598118753497e-01	2.579741829104137962e-01	1.552514895395294137e-01	7.388733005347571103e-02	3.304429776546462943e-02	7.963931470126871248e-02
1.235082735546193817e+03	2.420361613420047020e-01	1.578445502304056669e-01	2.580975691836323027e-01	1.553356613136972486e-01	7.392529807652244156e-02	3.306771278214321735e-02	7.969304707123436859e-02
1.236534066610290438e+03	2.418483471274558150e-01	1.577102471795785998e-01	2.582207179355940907e-01	1.554197236633906853e-01	7.396320672490019899e-02	3.309108128000505522e-02	7.974667608871546798e-02
1.237985397674387059e+03	2.416608815717438408e-01	1.575761506486881847e-01	2.583436297307885599e-01	1.555036764571630648e-01	7.400105605939054365e-02	3.311440343050058716e-02	7.980020210136520853e-02
1.239436728738483680e+03	2.414737636802283260e-01	1.574422606220651222e-01	2.584663051314799453e-01	1.555875195670092803e-01	7.403884614103561912e-02	3.313767940367453452e-02	7.985362545414714797e-02
1.240888059802580301e+03	2.412869924657520260e-01	1.573085770791579074e-01	2.585887446977246928e-01	1.556712528683264207e-01	7.407657703113382230e-02	3.316090936818114759e-02	7.990694648936393085e-02
1.242339390866676695e+03	2.411005669485438985e-01	1.571750999946124050e-01	2.587109489873879453e-01	1.557548762398749675e-01	7.411424879123569565e-02	3.318409349129931851e-02	7.996016554668576581e-02
1.243790721930773088e+03	2.409144861561234863e-01	1.570418293383503416e-01	2.588329185561600299e-01	1.558383895637403260e-01	7.415186148313973602e-02	3.320723193894749292e-02	8.001328296317858357e-02
1.245242052994869937e+03	2.407287491232069088e-01	1.569087650756467167e-01	2.589546539575731110e-01	1.559217927252945779e-01	7.418941516888837018e-02	3.323032487569841514e-02	8.006629907333184804e-02
1.246693384058966330e+03	2.405433548916139364e-01	1.567759071672060189e-01	2.590761557430172335e-01	1.560050856131590669e-01	7.422690991076395794e-02	3.325337246479367209e-02	8.011921420908607594e-02
1.248144715123063179e+03	2.403583025101766191e-01	1.566432555692373052e-01	2.591974244617562539e-01	1.560882681191668730e-01	7.426434577128478154e-02	3.327637486815814699e-02	8.017202869986005120e-02
1.249596046187159800e+03	2.401735910346489700e-01	1.565108102335281415e-01	2.593184606609437726e-01	1.561713401383260091e-01	7.430172281320114591e-02	3.329933224641423717e-02	8.022474287257774783e-02
1.251047377251256421e+03	2.399892195276181750e-01	1.563785711075176554e-01	2.594392648856388428e-01	1.562543015687829495e-01	7.433904109949157624e-02	3.332224475889593307e-02	8.027735705169490588e-02
1.252498708315352815e+03	2.398051870584169687e-01	1.562465381343682014e-01	2.595598376788214035e-01	1.563371523117864093e-01	7.437630069335895988e-02	3.334511256366275850e-02	8.032987155922538536e-02
1.253950039379449436e+03	2.396214927030373421e-01	1.561147112530361925e-01	2.596801795814075442e-01	1.564198922716516227e-01	7.441350165822679941e-02	3.336793581751349574e-02	8.038228671476715936e-02
1.255401370443546057e+03	2.394381355440454162e-01	1.559830903983418504e-01	2.598002911322645492e-01	1.565025213557249550e-01	7.445064405773549332e-02	3.339071467599983439e-02	8.043460283552802959e-02
1.256852701507642678e+03	2.392551146704973986e-01	1.558516755010378452e-01	2.599201728682263846e-01	1.565850394743489027e-01	7.448772795573874173e-02	3.341344929343978420e-02	8.048682023635110594e-02
1.258304032571739299e+03	2.390724291778571486e-01	1.557204664878770461e-01	2.600398253241077984e-01	1.566674465408274541e-01	7.452475341629981320e-02	3.343613982293101167e-02	8.053893922973995312e-02
1.259755363635835920e+03	2.388900781679145213e-01	1.555894632816791079e-01	2.601592490327193641e-01	1.567497424713917842e-01	7.456172050368806148e-02	3.345878641636394063e-02	8.059096012588341795e-02
1.261206694699932314e+03	2.387080607487050143e-01	1.554586658013962508e-01	2.602784445248820244e-01	1.568319271851663921e-01	7.459862928237541435e-02	3.348138922443479049e-02	8.064288323268029024e-02
1.262658025764028707e+03	2.385263760344306649e-01	1.553280739621779871e-01	2.603974123294413023e-01	1.569140006041354340e-01	7.463547981703280709e-02	3.350394839665839231e-02	8.069470885576361663e-02
1.264109356828125556e+03	2.383450231453819179e-01	1.551976876754349033e-01	2.605161529732813452e-01	1.569959626531095831e-01	7.467227217252681015e-02	3.352646408138092865e-02	8.074643729852470919e-02
1.265560687892221949e+03	2.381640012078607704e-01	1.550675068489013597e-01	2.606346669813391914e-01	1.570778132596931942e-01	7.470900641391624297e-02	3.354893642579245133e-02	8.079806886213698747e-02
1.267012018956318798e+03	2.379833093541049160e-01	1.549375313866976078e-01	2.607529548766184813e-01	1.571595523542517192e-01	7.474568260644874618e-02	3.357136557593935061e-02	8.084960384557945967e-02
1.268463350020415419e+03	2.378029467222128601e-01	1.548077611893906025e-01	2.608710171802031130e-01	1.572411798698795937e-01	7.478230081555750641e-02	3.359375167673657459e-02	8.090104254565996800e-02
1.269914681084511813e+03	2.376229124560705064e-01	1.546781961540541206e-01	2.609888544112711206e-01	1.573226957423683459e-01	7.481886110685803670e-02	3.361609487197982082e-02	8.095238525703822574e-02
1.271366012148608434e+03	2.374432057052781875e-01	1.545488361743281303e-01	2.611064670871077742e-01	1.574040999101751770e-01	7.485536354614485965e-02	3.363839530435751290e-02	8.100363227224853524e-02
1.272817343212705055e+03	2.372638256250793887e-01	1.544196811404769110e-01	2.612238557231189029e-01	1.574853923143917367e-01	7.489180819938831557e-02	3.366065311546266592e-02	8.105478388172222826e-02
1.274268674276801676e+03	2.370847713762901099e-01	1.542907309394466187e-01	2.613410208328440509e-01	1.575665728987132863e-01	7.492819513273146770e-02	3.368286844580461320e-02	8.110584037380998146e-02
1.275720005340898297e+03	2.369060421252290327e-01	1.541619854549218516e-01	2.614579629279696893e-01	1.576476416094083066e-01	7.496452441248692422e-02	3.370504143482064285e-02	8.115680203480371557e-02
1.277171336404994690e+03	2.367276370436492972e-01	1.540334445673814667e-01	2.615746825183417057e-01	1.577285983952881332e-01	7.500079610513378514e-02	3.372717222088741917e-02	8.120766914895841126e-02
1.278622667469091539e+03	2.365495553086707781e-01	1.539051081541535082e-01	2.616911801119782832e-01	1.578094432076772302e-01	7.503701027731456141e-02	3.374926094133234161e-02	8.125844199851356420e-02
1.280073998533187932e+03	2.363717961027133885e-01	1.537769760894693860e-01	2.618074562150825568e-01	1.578901760003835475e-01	7.507316699583220510e-02	3.377130773244476497e-02	8.130912086371439029e-02
1.281525329597284326e+03	2.361943586134315487e-01	1.536490482445171668e-01	2.619235113320549369e-01	1.579707967296693771e-01	7.510926632764711175e-02	3.379331272948708775e-02	8.135970602283293385e-02
1.282976660661381175e+03	2.360172420336494326e-01	1.535213244874941430e-01	2.620393459655055435e-01	1.580513053542224322e-01	7.514530833987415059e-02	3.381527606670568092e-02	8.141019775218881482e-02
1.284427991725477568e+03	2.358404455612970463e-01	1.533938046836585967e-01	2.621549606162661417e-01	1.581317018351270920e-01	7.518129309977983343e-02	3.383719787734174728e-02	8.146059632616974022e-02
1.285879322789574417e+03	2.356639683993473067e-01	1.532664886953808425e-01	2.622703557834025756e-01	1.582119861358362578e-01	7.521722067477934481e-02	3.385907829364206284e-02	8.151090201725186279e-02
1.287330653853671038e+03	2.354878097557542294e-01	1.531393763821933818e-01	2.623855319642262596e-01	1.582921582221432089e-01	7.525309113243378034e-02	3.388091744686952400e-02	8.156111509601986220e-02
1.288781984917767431e+03	2.353119688433916445e-01	1.530124676008405571e-01	2.625004896543063349e-01	1.583722180621540410e-01	7.528890454044730174e-02	3.390271546731364605e-02	8.161123583118680413e-02
1.290233315981864052e+03	2.351364448799929951e-01	1.528857622053270970e-01	2.626152293474811050e-01	1.584521656262600220e-01	7.532466096666437516e-02	3.392447248430090906e-02	8.166126448961379125e-02
