1.001418434226643626e+03	2.778551398864424482e-01	1.819443116470248201e-01	2.346870938761738967e-01	1.406122972629096357e-01	6.702707587871631345e-02	2.852610720809381148e-02	6.934797424027794310e-02
1.002869765290740247e+03	2.775873380242128152e-01	1.817849172380006928e-01	2.348577440645170100e-01	1.407087431763381913e-01	6.707449514084586062e-02	2.856097053775157393e-02	6.942579181797266241e-02
1.004321096354836754e+03	2.773202936192769030e-01	1.816255413137692065e-01	2.350280097999833673e-01	1.408051748380070856e-01	6.712188161141301179e-02	2.859571167047803356e-02	6.950338714671121243e-02
1.005772427418933376e+03	2.770540010734755532e-01	1.814661875067818120e-01	2.351978927951492437e-01	1.409015915980421085e-01	6.716923348471867672e-02	2.863033221118185465e-02	6.958076133028950894e-02
1.007223758483029997e+03	2.767884548587654647e-01	1.813068593905179104e-01	2.353673947348103868e-01	1.409979927592428239e-01	6.721654906523930051e-02	2.866483370190891014e-02	6.965791548915396814e-02
1.008675089547126618e+03	2.765236495163291286e-01	1.811475604803384487e-01	2.355365172771457793e-01	1.410943775811985545e-01	6.726382676079857570e-02	2.869921762567632928e-02	6.973485075815197276e-02
1.010126420611223239e+03	2.762595796556909788e-01	1.809882942343279677e-01	2.357052620548147071e-01	1.411907452841326682e-01	6.731106507616398116e-02	2.873348541004460202e-02	6.981156828446394291e-02
1.011577751675319632e+03	2.759962399538397615e-01	1.808290640541248828e-01	2.358736306759913748e-01	1.412870950524918734e-01	6.735826260704207147e-02	2.876763843044622543e-02	6.988806922570262037e-02
1.013029082739416367e+03	2.757336251543579531e-01	1.806698732857404122e-01	2.360416247253404876e-01	1.413834260382972052e-01	6.740541803444778657e-02	2.880167801328807967e-02	6.996435474816684041e-02
1.014480413803512761e+03	2.754717300665576185e-01	1.805107252203660417e-01	2.362092457649377364e-01	1.414797373642710798e-01	6.745253011942504984e-02	2.883560543884350694e-02	7.004042602523774530e-02
1.015931744867609382e+03	2.752105495646234301e-01	1.803516230951698607e-01	2.363764953351384646e-01	1.415760281267553489e-01	6.749959769809658894e-02	2.886942194394884198e-02	7.011628423590622605e-02
1.017383075931706003e+03	2.749500785867636798e-01	1.801925700940816832e-01	2.365433749553977338e-01	1.416722973984327894e-01	6.754661967702306480e-02	2.890312872451819559e-02	7.019193056342165615e-02
1.018834406995802851e+03	2.746903121343680643e-01	1.800335693485673461e-01	2.367098861250445940e-01	1.417685442308652677e-01	6.759359502885195492e-02	2.893672693788918587e-02	7.026736619405238304e-02
1.020285738059899245e+03	2.744312452711740735e-01	1.798746239383922363e-01	2.368760303240134146e-01	1.418647676568596805e-01	6.764052278823859399e-02	2.897021770501148272e-02	7.034259231594931772e-02
1.021737069123995752e+03	2.741728731224407634e-01	1.797157368923738008e-01	2.370418090135352207e-01	1.419609666926728853e-01	6.768740204802220495e-02	2.900360211248912551e-02	7.041761011810479531e-02
1.023188400188092373e+03	2.739151908741308539e-01	1.795569111891238967e-01	2.372072236367908371e-01	1.420571403400658350e-01	6.773423195564132193e-02	2.903688121448685933e-02	7.049242078939917111e-02
1.024639731252188767e+03	2.736581937721009883e-01	1.793981497577805118e-01	2.373722756195288108e-01	1.421532875882164371e-01	6.778101170977361700e-02	2.907005603450990919e-02	7.056702551772849052e-02
1.026091062316285615e+03	2.734018771213002630e-01	1.792394554787291872e-01	2.375369663706498602e-01	1.422494074155003785e-01	6.782774055718615580e-02	2.910312756706605331e-02	7.064142548920687714e-02
1.027542393380382237e+03	2.731462362849774173e-01	1.790808311843142819e-01	2.377012972827598769e-01	1.423454987911480785e-01	6.787441778978302309e-02	2.913609677921812774e-02	7.071562188743800437e-02
1.028993724444478858e+03	2.728912666838960166e-01	1.789222796595403009e-01	2.378652697326937571e-01	1.424415606767858999e-01	6.792104274183805024e-02	2.916896461203456054e-02	7.078961589285019673e-02
1.030445055508575479e+03	2.726369637955589065e-01	1.787638036427631472e-01	2.380288850820113933e-01	1.425375920278690867e-01	6.796761478740101503e-02	2.920173198194500608e-02	7.086340868209024813e-02
1.031896386572671872e+03	2.723833231534404931e-01	1.786054058263716882e-01	2.381921446774678819e-01	1.426335917950131149e-01	6.801413333786651694e-02	2.923439978200762998e-02	7.093700142747151605e-02
1.033347717636768493e+03	2.721303403462283499e-01	1.784470888574596625e-01	2.383550498514589722e-01	1.427295589252302876e-01	6.806059783969535537e-02	2.926696888309412992e-02	7.101039529647207305e-02
1.034799048700865114e+03	2.718780110170729847e-01	1.782888553384881225e-01	2.385176019224441168e-01	1.428254923630775663e-01	6.810700777227893243e-02	2.929944013499816147e-02	7.108359145127897405e-02
1.036250379764961508e+03	2.716263308628465989e-01	1.781307078279383282e-01	2.386798021953474847e-01	1.429213910517211361e-01	6.815336264593768734e-02	2.933181436747242868e-02	7.115659104837519788e-02
1.037701710829058356e+03	2.713752956334103406e-01	1.779726488409554275e-01	2.388416519619391276e-01	1.430172539339236992e-01	6.819966200004505541e-02	2.936409239119933123e-02	7.122939523816583518e-02
1.039153041893154750e+03	2.711249011308907164e-01	1.778146808499830311e-01	2.390031525011967750e-01	1.431130799529586883e-01	6.824590540126926341e-02	2.939627499869973057e-02	7.130200516464059446e-02
1.040604372957251599e+03	2.708751432089638866e-01	1.776568062853886576e-01	2.391643050796500303e-01	1.432088680534567837e-01	6.829209244192552264e-02	2.942836296518402603e-02	7.137442196506979530e-02
1.042055704021347992e+03	2.706260177721495630e-01	1.774990275360804060e-01	2.393251109517075537e-01	1.433046171821888704e-01	6.833822273843152828e-02	2.946035704934954133e-02	7.144664676973118411e-02
1.043507035085444613e+03	2.703775207751129006e-01	1.773413469501145534e-01	2.394855713599683966e-01	1.434003262887895980e-01	6.838429592986007555e-02	2.949225799412779486e-02	7.151868070166531033e-02
1.044958366149541234e+03	2.701296482219750494e-01	1.771837668352949924e-01	2.396456875355187366e-01	1.434959943264252913e-01	6.843031167658236713e-02	2.952406652738514756e-02	7.159052487645702068e-02
1.046409697213637855e+03	2.698823961656328652e-01	1.770262894597634529e-01	2.398054606982142622e-01	1.435916202524101792e-01	6.847626965899651641e-02	2.955578336257990227e-02	7.166218040204139217e-02
1.047861028277734476e+03	2.696357607070866136e-01	1.768689170525818144e-01	2.399648920569496247e-01	1.436872030287739965e-01	6.852216957633584793e-02	2.958740919937887306e-02	7.173364837853184184e-02
1.049312359341831097e+03	2.693897379947763349e-01	1.767116518043057583e-01	2.401239828099153706e-01	1.437827416227842325e-01	6.856801114555188814e-02	2.961894472423612368e-02	7.180492989806887272e-02
1.050763690405927491e+03	2.691443242239268674e-01	1.765544958675505094e-01	2.402827341448433851e-01	1.438782350074260807e-01	6.861379410026745285e-02	2.965039061093642861e-02	7.187602604468780465e-02
1.052215021470024112e+03	2.688995156359011429e-01	1.763974513575480851e-01	2.404411472392410654e-01	1.439736821618429752e-01	6.865951818979529331e-02	2.968174752110585082e-02	7.194693789420407437e-02
1.053666352534120733e+03	2.686553085175616973e-01	1.762405203526970499e-01	2.405992232606153358e-01	1.440690820717399345e-01	6.870518317821837362e-02	2.971301610469161136e-02	7.201766651411449505e-02
1.055117683598217127e+03	2.684116992006407298e-01	1.760837048951038875e-01	2.407569633666870323e-01	1.441644337297525724e-01	6.875078884352750497e-02	2.974419700041334297e-02	7.208821296351346219e-02
1.056569014662313975e+03	2.681686840611182121e-01	1.759270069911168799e-01	2.409143687055958216e-01	1.442597361357839114e-01	6.879633497681322818e-02	2.977529083618760120e-02	7.215857829302285698e-02
1.058020345726410369e+03	2.679262595186086005e-01	1.757704286118523251e-01	2.410714404160965996e-01	1.443549882973109988e-01	6.884182138150804486e-02	2.980629822952746144e-02	7.222876354473445337e-02
1.059471676790506763e+03	2.676844220357548210e-01	1.756139716937131778e-01	2.412281796277478685e-01	1.444501892296637113e-01	6.888724787267612448e-02	2.983721978791879434e-02	7.229876975216394108e-02
1.060923007854603611e+03	2.674431681176310804e-01	1.754576381389001127e-01	2.413845874610922870e-01	1.445453379562771090e-01	6.893261427634739258e-02	2.986805610917484671e-02	7.236859794021555103e-02
1.062374338918700232e+03	2.672024943111533934e-01	1.753014298159154272e-01	2.415406650278298650e-01	1.446404335089196136e-01	6.897792042889307196e-02	2.989880778177049156e-02	7.243824912515653414e-02
1.063825669982796853e+03	2.669623972044977700e-01	1.751453485600595883e-01	2.416964134309845247e-01	1.447354749278981501e-01	6.902316617644035923e-02	2.992947538515753139e-02	7.250772431460056344e-02
1.065277001046893474e+03	2.667228734265265078e-01	1.749893961739205639e-01	2.418518337650639727e-01	1.448304612622423604e-01	6.906835137432333627e-02	2.996005949006229352e-02	7.257702450749946299e-02
1.066728332110990095e+03	2.664839196462222004e-01	1.748335744278563253e-01	2.420069271162138269e-01	1.449253915698687500e-01	6.911347588656828467e-02	2.999056065876666566e-02	7.264615069414243065e-02
1.068179663175086489e+03	2.662455325721292954e-01	1.746778850604702449e-01	2.421616945623654982e-01	1.450202649177265990e-01	6.915853958541082203e-02	3.002097944537366822e-02	7.271510385616235250e-02
1.069630994239183110e+03	2.660077089518030902e-01	1.745223297790796935e-01	2.423161371733790759e-01	1.451150803819265811e-01	6.920354235084319461e-02	3.005131639605858676e-02	7.278388496654825124e-02
1.071082325303279504e+03	2.657704455712668334e-01	1.743669102601777821e-01	2.424702560111807181e-01	1.452098370478534239e-01	6.924848407018940888e-02	3.008157204930654929e-02	7.285249498966381299e-02
1.072533656367376352e+03	2.655337392544753206e-01	1.742116281498887198e-01	2.426240521298953512e-01	1.453045340102636085e-01	6.929336463770691124e-02	3.011174693613750605e-02	7.292093488127107670e-02
1.073984987431472746e+03	2.652975868627868161e-01	1.740564850644163164e-01	2.427775265759748446e-01	1.453991703733693019e-01	6.933818395421281755e-02	3.014184158031936456e-02	7.298920558855909180e-02
1.075436318495569594e+03	2.650619852944415267e-01	1.739014825904861283e-01	2.429306803883214683e-01	1.454937452509093010e-01	6.938294192673309657e-02	3.017185649857005714e-02	7.305730805017698892e-02
1.076887649559666215e+03	2.648269314840475119e-01	1.737466222857813047e-01	2.430835145984077128e-01	1.455882577662081234e-01	6.942763846817359696e-02	3.020179220074927992e-02	7.312524319627106140e-02
1.078338980623762609e+03	2.645924224020738125e-01	1.735919056793719661e-01	2.432360302303917532e-01	1.456827070522238032e-01	6.947227349701108612e-02	3.023164919004051390e-02	7.319301194852570469e-02
1.079790311687859230e+03	2.643584550543502942e-01	1.734373342721386435e-01	2.433882283012294145e-01	1.457770922515853884e-01	6.951684693700345419e-02	3.026142796312400116e-02	7.326061522020745065e-02
1.081241642751955851e+03	2.641250264815747095e-01	1.732829095371893335e-01	2.435401098207827242e-01	1.458714125166208353e-01	6.956135871691754291e-02	3.029112901034120356e-02	7.332805391621226299e-02
1.082692973816052472e+03	2.638921337588265303e-01	1.731286329202706975e-01	2.436916757919248278e-01	1.459656670093759379e-01	6.960580877027365554e-02	3.032075281585131302e-02	7.339532893311552508e-02
1.084144304880149093e+03	2.636597739950873320e-01	1.729745058401733482e-01	2.438429272106420465e-01	1.460598549016252079e-01	6.965019703510565152e-02	3.035029985778030237e-02	7.346244115922448414e-02
1.085595635944245487e+03	2.634279443327683934e-01	1.728205296891310860e-01	2.439938650661326591e-01	1.461539753748746229e-01	6.969452345373565449e-02	3.037977060836297150e-02	7.352939147463297132e-02
1.087046967008342108e+03	2.631966419472440699e-01	1.726667058332146398e-01	2.441444903409029643e-01	1.462480276203576846e-01	6.973878797256238826e-02	3.040916553407845349e-02	7.359618075127814796e-02
1.088498298072438729e+03	2.629658640463926056e-01	1.725130356127194398e-01	2.442948040108606778e-01	1.463420108390247054e-01	6.978299054186230810e-02	3.043848509577957301e-02	7.366280985299905604e-02
1.089949629136535123e+03	2.627356078701426068e-01	1.723595203425479228e-01	2.444448070454056099e-01	1.464359242415261830e-01	6.982713111560286123e-02	3.046772974881641408e-02	7.372927963559670894e-02
1.091400960200631971e+03	2.625058706900265659e-01	1.722061613125865087e-01	2.445945004075178730e-01	1.465297670481902903e-01	6.987120965126675243e-02	3.049689994315448599e-02	7.379559094689577825e-02
1.092852291264728365e+03	2.622766498087400477e-01	1.720529597880767481e-01	2.447438850538438959e-01	1.466235384889953419e-01	6.991522610968696483e-02	3.052599612348780994e-02	7.386174462680741848e-02
1.094303622328825213e+03	2.620479425597075362e-01	1.718999170099812512e-01	2.448929619347800513e-01	1.467172378035374869e-01	6.995918045489146753e-02	3.055501872934723168e-02	7.392774150739321593e-02
1.095754953392921607e+03	2.618197463066539443e-01	1.717470341953445667e-01	2.450417319945541739e-01	1.468108642409939046e-01	7.000307265395729062e-02	3.058396819520421001e-02	7.399358241293017835e-02
1.097206284457018228e+03	2.615920584431826179e-01	1.715943125376483969e-01	2.451901961713051359e-01	1.469044170600820320e-01	7.004690267687314897e-02	3.061284495057044544e-02	7.405926815997647406e-02
1.098657615521114849e+03	2.613648763923591689e-01	1.714417532071620398e-01	2.453383553971602848e-01	1.469978955290149603e-01	7.009067049641021230e-02	3.064164942009348774e-02	7.412479955743804527e-02
1.100108946585211470e+03	2.611381976063010257e-01	1.712893573512876966e-01	2.454862105983112719e-01	1.470912989254534731e-01	7.013437608800048018e-02	3.067038202364864158e-02	7.419017740663565175e-02
1.101560277649308091e+03	2.609120195657728125e-01	1.711371260949005046e-01	2.456337626950877984e-01	1.471846265364549211e-01	7.017801942962226258e-02	3.069904317642734720e-02	7.425540250137252496e-02
1.103011608713404712e+03	2.606863397797878346e-01	1.709850605406840474e-01	2.457810126020300023e-01	1.472778776584192650e-01	7.022160050169233558e-02	3.072763328902226171e-02	7.432047562800248031e-02
1.104462939777501106e+03	2.604611557852143378e-01	1.708331617694607285e-01	2.459279612279588745e-01	1.473710515970324819e-01	7.026511928696432818e-02	3.075615276750920390e-02	7.438539756549825133e-02
1.105914270841597499e+03	2.602364651463884848e-01	1.706814308405175673e-01	2.460746094760454250e-01	1.474641476672074458e-01	7.030857577043292395e-02	3.078460201352618136e-02	7.445016908552011536e-02
1.107365601905694348e+03	2.600122654547321055e-01	1.705298687919269973e-01	2.462209582438780187e-01	1.475571651930229211e-01	7.035196993924365538e-02	3.081298142434963500e-02	7.451479095248469964e-02
1.108816932969790741e+03	2.597885543283759979e-01	1.703784766408633078e-01	2.463670084235286828e-01	1.476501035076602797e-01	7.039530178260773596e-02	3.084129139296807806e-02	7.457926392363392609e-02
1.110268264033887590e+03	2.595653294117885035e-01	1.702272553839143943e-01	2.465127609016174726e-01	1.477429619533386917e-01	7.043857129172174936e-02	3.086953230815325452e-02	7.464358874910394237e-02
1.111719595097984211e+03	2.593425883754097439e-01	1.700762059973889295e-01	2.466582165593761422e-01	1.478357398812484569e-01	7.048177845969183508e-02	3.089770455452896594e-02	7.470776617199402503e-02
1.113170926162080832e+03	2.591203289152904099e-01	1.699253294376191215e-01	2.468033762727100677e-01	1.479284366514831972e-01	7.052492328146216238e-02	3.092580851263772301e-02	7.477179692843548275e-02
1.114622257226177226e+03	2.588985487527364349e-01	1.697746266412591964e-01	2.469482409122591149e-01	1.480210516329704962e-01	7.056800575374727602e-02	3.095384455900526341e-02	7.483568174766039305e-02
1.116073588290273847e+03	2.586772456339583304e-01	1.696240985255793865e-01	2.470928113434573137e-01	1.481135842034015382e-01	7.061102587496824456e-02	3.098181306620314407e-02	7.489942135207021401e-02
1.117524919354370468e+03	2.584564173297253520e-01	1.694737459887557807e-01	2.472370884265914504e-01	1.482060337491596935e-01	7.065398364519229202e-02	3.100971440290942530e-02	7.496301645730414631e-02
1.118976250418467089e+03	2.582360616350250493e-01	1.693235699101559300e-01	2.473810730168583827e-01	1.482983996652482150e-01	7.069687906607557970e-02	3.103754893396763401e-02	7.502646777230727315e-02
1.120427581482563710e+03	2.580161763687273124e-01	1.691735711506203166e-01	2.475247659644214671e-01	1.483906813552171855e-01	7.073971214080924941e-02	3.106531702044400267e-02	7.508977599939845038e-02
1.121878912546660331e+03	2.577967593732533591e-01	1.690237505527396877e-01	2.476681681144659308e-01	1.484828782310897988e-01	7.078248287406818662e-02	3.109301901968313311e-02	7.515294183433789132e-02
1.123330243610756725e+03	2.575778085142493845e-01	1.688741089411285590e-01	2.478112803072531345e-01	1.485749897132879194e-01	7.082519127196250375e-02	3.112065528536216499e-02	7.521596596639436305e-02
1.124781574674853118e+03	2.573593216802648742e-01	1.687246471226944156e-01	2.479541033781739734e-01	1.486670152305574755e-01	7.086783734199167406e-02	3.114822616754348017e-02	7.527884907841210504e-02
1.126232905738949967e+03	2.571412967824356910e-01	1.685753658869034721e-01	2.480966381578014190e-01	1.487589542198932413e-01	7.091042109300081664e-02	3.117573201272607133e-02	7.534159184687726218e-02
1.127684236803046360e+03	2.569237317541715471e-01	1.684262660060420747e-01	2.482388854719419780e-01	1.488508061264633420e-01	7.095294253513945160e-02	3.120317316389558879e-02	7.540419494198402628e-02
1.129135567867143209e+03	2.567066245508476396e-01	1.682773482354747163e-01	2.483808461416864011e-01	1.489425704035335918e-01	7.099540167982215655e-02	3.123054996057315555e-02	7.546665902770030576e-02
1.130586898931239830e+03	2.564899731495014490e-01	1.681286133138981398e-01	2.485225209834595328e-01	1.490342465123915827e-01	7.103779853969133251e-02	3.125786273886302369e-02	7.552898476183289578e-02
1.132038229995336451e+03	2.562737755485330893e-01	1.679800619635917758e-01	2.486639108090694106e-01	1.491258339222706897e-01	7.108013312858166288e-02	3.128511183149907532e-02	7.559117279609228746e-02
1.133489561059432845e+03	2.560580297674103778e-01	1.678316948906643791e-01	2.488050164257553376e-01	1.492173321102741590e-01	7.112240546148640430e-02	3.131229756789027235e-02	7.565322377615696370e-02
1.134940892123529466e+03	2.558427338463781786e-01	1.676835127852975560e-01	2.489458386362354558e-01	1.493087405612991136e-01	7.116461555452530119e-02	3.133942027416508624e-02	7.571513834173718149e-02
1.136392223187626087e+03	2.556278858461714654e-01	1.675355163219852672e-01	2.490863782387534586e-01	1.494000587679605030e-01	7.120676342491397137e-02	3.136648027321493892e-02	7.577691712663829626e-02
1.137843554251722708e+03	2.554134838477329361e-01	1.673877061597700000e-01	2.492266360271244985e-01	1.494912862305154133e-01	7.124884909093473495e-02	3.139347788473668965e-02	7.583856075882360048e-02
1.139294885315819101e+03	2.551995259519347359e-01	1.672400829424756930e-01	2.493666127907804286e-01	1.495824224567873229e-01	7.129087257190884486e-02	3.142041342527426145e-02	7.590006986047662108e-02
1.140746216379915950e+03	2.549860102793035099e-01	1.670926472989370803e-01	2.495063093148144895e-01	1.496734669620906899e-01	7.133283388816991089e-02	3.144728720825939322e-02	7.596144504806284781e-02
1.142197547444012343e+03	2.547729349697501200e-01	1.669453998432257891e-01	2.496457263800251070e-01	1.497644192691557352e-01	7.137473306103857273e-02	3.147409954405155919e-02	7.602268693239103148e-02
1.143648878508108737e+03	2.545602981823029132e-01	1.667983411748731604e-01	2.497848647629591357e-01	1.498552789080534187e-01	7.141657011279824163e-02	3.150085073997711121e-02	7.608379611867388537e-02
1.145100209572205586e+03	2.543480980948448211e-01	1.666514718790897964e-01	2.499237252359545192e-01	1.499460454161208600e-01	7.145834506667191055e-02	3.152754110036765089e-02	7.614477320658827320e-02
1.146551540636302207e+03	2.541363329038541785e-01	1.665047925269819984e-01	2.500623085671821455e-01	1.500367183378869262e-01	7.150005794679999138e-02	3.155417092659767997e-02	7.620561879033481423e-02
1.148002871700398828e+03	2.539250008241495382e-01	1.663583036757649292e-01	2.502006155206874527e-01	1.501272972249983184e-01	7.154170877821901253e-02	3.158074051712154301e-02	7.626633345869700265e-02
1.149454202764495449e+03	2.537141000886375397e-01	1.662120058689728064e-01	2.503386468564309242e-01	1.502177816361459084e-01	7.158329758684123245e-02	3.160725016750969701e-02	7.632691779509971630e-02
1.150905533828591842e+03	2.535036289480651628e-01	1.660658996366660423e-01	2.504764033303283899e-01	1.503081711369915197e-01	7.162482439943512746e-02	3.163370017048432875e-02	7.638737237766726751e-02
1.152356864892688463e+03	2.532935856707749789e-01	1.659199854956352194e-01	2.506138856942906057e-01	1.503984653000953187e-01	7.166628924360657349e-02	3.166009081595436148e-02	7.644769777928073218e-02
1.153808195956785084e+03	2.530839685424641217e-01	1.657742639496023740e-01	2.507510946962625553e-01	1.504886637048432063e-01	7.170769214778076328e-02	3.168642239104979552e-02	7.650789456763497365e-02
1.155259527020881706e+03	2.528747758659467548e-01	1.656287354894190322e-01	2.508880310802614755e-01	1.505787659373751530e-01	7.174903314118492859e-02	3.171269518015556316e-02	7.656796330529484773e-02
1.156710858084978327e+03	2.526660059609196485e-01	1.654834005932617480e-01	2.510246955864152696e-01	1.506687715905137559e-01	7.179031225383152026e-02	3.173890946494472426e-02	7.662790454975107468e-02
1.158162189149074720e+03	2.524576571637314748e-01	1.653382597268243936e-01	2.511610889509999223e-01	1.507586802636931567e-01	7.183152951650220719e-02	3.176506552441114156e-02	7.668771885347541728e-02
1.159613520213171569e+03	2.522497278271552679e-01	1.651933133435079804e-01	2.512972119064761922e-01	1.508484915628889034e-01	7.187268496073230539e-02	3.179116363490166325e-02	7.674740676397535932e-02
1.161064851277267962e+03	2.520422163201642141e-01	1.650485618846075642e-01	2.514330651815263051e-01	1.509382051005477010e-01	7.191377861879583167e-02	3.181720407014774349e-02	7.680696882384822899e-02
1.162516182341364356e+03	2.518351210277103847e-01	1.649040057794965708e-01	2.515686495010899248e-01	1.510278204955182724e-01	7.195481052369104291e-02	3.184318710129659807e-02	7.686640557083480874e-02
1.163967513405461204e+03	2.516284403505070766e-01	1.647596454458080950e-01	2.517039655863994585e-01	1.511173373729823577e-01	7.199578070912646122e-02	3.186911299694184657e-02	7.692571753787230682e-02
1.165418844469557826e+03	2.514221727048138733e-01	1.646154812896141184e-01	2.518390141550150840e-01	1.512067553643865192e-01	7.203668920950739851e-02	3.189498202315371039e-02	7.698490525314687083e-02
1.166870175533654447e+03	2.512163165222249805e-01	1.644715137056015908e-01	2.519737959208596112e-01	1.512960741073742510e-01	7.207753605992285595e-02	3.192079444350875289e-02	7.704396924014554615e-02
1.168321506597751068e+03	2.510108702494607269e-01	1.643277430772463188e-01	2.521083115942521213e-01	1.513852932457186995e-01	7.211832129613289510e-02	3.194655051911915455e-02	7.710291001770765151e-02
1.169772837661847461e+03	2.508058323481616725e-01	1.641841697769841069e-01	2.522425618819421067e-01	1.514744124292561056e-01	7.215904495455635614e-02	3.197225050866158574e-02	7.716172810007561333e-02
1.171224168725944082e+03	2.506012012946861045e-01	1.640407941663796498e-01	2.523765474871421666e-01	1.515634313138196076e-01	7.219970707225899231e-02	3.199789466840562840e-02	7.722042399694536985e-02
1.172675499790040703e+03	2.503969755799100305e-01	1.638976165962926779e-01	2.525102691095612029e-01	1.516523495611738215e-01	7.224030768694190974e-02	3.202348325224182307e-02	7.727899821351608134e-02
1.174126830854137097e+03	2.501931537090304469e-01	1.637546374070418254e-01	2.526437274454364501e-01	1.517411668389496704e-01	7.228084683693034029e-02	3.204901651170929261e-02	7.733745125053947955e-02
1.175578161918233945e+03	2.499897342013710777e-01	1.636118569285661128e-01	2.527769231875660050e-01	1.518298828205801032e-01	7.232132456116278918e-02	3.207449469602297737e-02	7.739578360436855098e-02
1.177029492982330339e+03	2.497867155901910274e-01	1.634692754805842363e-01	2.529098570253394684e-01	1.519184971852361177e-01	7.236174089918041841e-02	3.209991805210050259e-02	7.745399576700581767e-02
1.178480824046426733e+03	2.495840964224962655e-01	1.633268933727512751e-01	2.530425296447699757e-01	1.520070096177636720e-01	7.240209589111673560e-02	3.212528682458867801e-02	7.751208822615099359e-02
1.179932155110523581e+03	2.493818752588536913e-01	1.631847109048132349e-01	2.531749417285245052e-01	1.520954198086208187e-01	7.244238957768758813e-02	3.215060125588960899e-02	7.757006146524821066e-02
1.181383486174620202e+03	2.491800506732078924e-01	1.630427283667593708e-01	2.533070939559540768e-01	1.521837274538157536e-01	7.248262200018135148e-02	3.217586158618648828e-02	7.762791596353267598e-02
1.182834817238716823e+03	2.489786212527005937e-01	1.629009460389722608e-01	2.534389870031243386e-01	1.522719322548451437e-01	7.252279320044939526e-02	3.220106805346901330e-02	7.768565219607689865e-02
1.184286148302813444e+03	2.487775855974926065e-01	1.627593641923757717e-01	2.535706215428444321e-01	1.523600339186332031e-01	7.256290322089681277e-02	3.222622089355848402e-02	7.774327063383633385e-02
1.185737479366910065e+03	2.485769423205883566e-01	1.626179830885807753e-01	2.537019982446968580e-01	1.524480321574712693e-01	7.260295210447330339e-02	3.225132034013256793e-02	7.780077174369454118e-02
1.187188810431006686e+03	2.483766900476629957e-01	1.624768029800287283e-01	2.538331177750660084e-01	1.525359266889579624e-01	7.264293989466434620e-02	3.227636662474970414e-02	7.785815598850796826e-02
1.188640141495103080e+03	2.481768274168918154e-01	1.623358241101331978e-01	2.539639807971668661e-01	1.526237172359400096e-01	7.268286663548249871e-02	3.230135997687325067e-02	7.791542382715004045e-02
1.190091472559199701e+03	2.479773530787823810e-01	1.621950467134194995e-01	2.540945879710729827e-01	1.527114035264535430e-01	7.272273237145898683e-02	3.232630062389527797e-02	7.797257571455494529e-02
1.191542803623296322e+03	2.477782656960087759e-01	1.620544710156620605e-01	2.542249399537445664e-01	1.527989852936659509e-01	7.276253714763536440e-02	3.235118879116006402e-02	7.802961210176084794e-02
1.192994134687392716e+03	2.475795639432483708e-01	1.619140972340198104e-01	2.543550373990557389e-01	1.528864622758183134e-01	7.280228100955540849e-02	3.237602470198728405e-02	7.808653343595264862e-02
1.194445465751489564e+03	2.473812465070209521e-01	1.617739255771696860e-01	2.544848809578219018e-01	1.529738342161685305e-01	7.284196400325723686e-02	3.240080857769492978e-02	7.814334016050428211e-02
1.195896796815585958e+03	2.471833120855302102e-01	1.616339562454383316e-01	2.546144712778263264e-01	1.530611008629347569e-01	7.288158617526548089e-02	3.242554063762192323e-02	7.820003271502053155e-02
1.197348127879682352e+03	2.469857593885071423e-01	1.614941894309314119e-01	2.547438090038468550e-01	1.531482619692396130e-01	7.292114757258368052e-02	3.245022109915042530e-02	7.825661153537842585e-02
1.198799458943779200e+03	2.467885871370561757e-01	1.613546253176617595e-01	2.548728947776819354e-01	1.532353172930548679e-01	7.296064824268684579e-02	3.247485017772790139e-02	7.831307705376806816e-02
1.200250790007875821e+03	2.465917940635032057e-01	1.612152640816748306e-01	2.550017292381766554e-01	1.533222665971467336e-01	7.300008823351408771e-02	3.249942808688889573e-02	7.836942969873314513e-02
1.201702121071972442e+03	2.463953789112459380e-01	1.610761058911731047e-01	2.551303130212481118e-01	1.534091096490215467e-01	7.303946759346142958e-02	3.252395503827655576e-02	7.842566989521090881e-02
1.203153452136069063e+03	2.461993404346061731e-01	1.609371509066380712e-01	2.552586467599108344e-01	1.534958462208721730e-01	7.307878637137481259e-02	3.254843124166384438e-02	7.848179806457170060e-02
1.204604783200165684e+03	2.460036773986845060e-01	1.607983992809507712e-01	2.553867310843015992e-01	1.535824760895249386e-01	7.311804461654312914e-02	3.257285690497453007e-02	7.853781462465815599e-02
1.206056114264262078e+03	2.458083885792168577e-01	1.606598511595106471e-01	2.555145666217040756e-01	1.536689990363869496e-01	7.315724237869139501e-02	3.259723223430392725e-02	7.859371998982375707e-02
1.207507445328358699e+03	2.456134727624331160e-01	1.605215066803522550e-01	2.556421539965733625e-01	1.537554148473941062e-01	7.319637970797412962e-02	3.262155743393936602e-02	7.864951457097117682e-02
1.208958776392455093e+03	2.454189287449179691e-01	1.603833659742607831e-01	2.557694938305599686e-01	1.538417233129596162e-01	7.323545665496870860e-02	3.264583270638041212e-02	7.870519877559005451e-02
1.210410107456551941e+03	2.452247553334734320e-01	1.602454291648854057e-01	2.558965867425334606e-01	1.539279242279229520e-01	7.327447327066896610e-02	3.267005825235883010e-02	7.876077300779441015e-02
1.211861438520648335e+03	2.450309513449835941e-01	1.601076963688514709e-01	2.560234333486062219e-01	1.540140173914994193e-01	7.331342960647882490e-02	3.269423427085835221e-02	7.881623766835960110e-02
1.213312769584745183e+03	2.448375156062812252e-01	1.599701676958706076e-01	2.561500342621563786e-01	1.541000026072302242e-01	7.335232571420603753e-02	3.271836095913416287e-02	7.887159315475887611e-02
1.214764100648841804e+03	2.446444469540161870e-01	1.598328432488495265e-01	2.562763900938509476e-01	1.541858796829330136e-01	7.339116164605603843e-02	3.274243851273218875e-02	7.892683986119959638e-02
1.216215431712937971e+03	2.444517442345258140e-01	1.596957231239971298e-01	2.564025014516686518e-01	1.542716484306529967e-01	7.342993745462592092e-02	3.276646712550810442e-02	7.898197817865888759e-02
1.217666762777034819e+03	2.442594063037072105e-01	1.595588074109300092e-01	2.565283689409220691e-01	1.543573086666145400e-01	7.346865319289845597e-02	3.279044698964617144e-02	7.903700849491905600e-02
1.219118093841131440e+03	2.440674320268912401e-01	1.594220961927765301e-01	2.566539931642800587e-01	1.544428602111731774e-01	7.350730891423619406e-02	3.281437829567782766e-02	7.909193119460250498e-02
1.220569424905228061e+03	2.438758202787184581e-01	1.592855895462792215e-01	2.567793747217893552e-01	1.545283028887683707e-01	7.354590467237577533e-02	3.283826123250002671e-02	7.914674665920630459e-02
1.222020755969324682e+03	2.436845699430166545e-01	1.591492875418959452e-01	2.569045142108964952e-01	1.546136365278764357e-01	7.358444052142214253e-02	3.286209598739341792e-02	7.920145526713637252e-02
1.223472087033421303e+03	2.434936799126802554e-01	1.590131902438992606e-01	2.570294122264691894e-01	1.546988609609642740e-01	7.362291651584298990e-02	3.288588274604028333e-02	7.925605739374119718e-02
1.224923418097517697e+03	2.433031490895515014e-01	1.588772977104745965e-01	2.571540693608173056e-01	1.547839760244432983e-01	7.366133271046323983e-02	3.290962169254224579e-02	7.931055341134529701e-02
1.226374749161614318e+03	2.431129763843030422e-01	1.587416099938169234e-01	2.572784862037138520e-01	1.548689815586240803e-01	7.369968916045956109e-02	3.293331300943779655e-02	7.936494368928222187e-02
1.227826080225710712e+03	2.429231607163226669e-01	1.586061271402258444e-01	2.574026633424157939e-01	1.549538774076713032e-01	7.373798592135501206e-02	3.295695687771961480e-02	7.941922859392722134e-02
1.229277411289807560e+03	2.427337010135993123e-01	1.584708491901996030e-01	2.575266013616842598e-01	1.550386634195593527e-01	7.377622304901376715e-02	3.298055347685165117e-02	7.947340848872953833e-02
1.230728742353903954e+03	2.425445962126107080e-01	1.583357761785275097e-01	2.576503008438048581e-01	1.551233394460282411e-01	7.381440059963585709e-02	3.300410298478606563e-02	7.952748373424424477e-02
1.232180073418000802e+03	2.423558452582129097e-01	1.582009081343809520e-01	2.577737623686077173e-01	1.552079053425400590e-01	7.385251862975204806e-02	3.302760557797992935e-02	7.958145468816392454e-02
1.233631404482097196e+03	2.421674471035310250e-01	1.580662450814034614e-01	2.578969865134869699e-01	1.552923609682357597e-01	7.389057719621874853e-02	3.305106143141173236e-02	7.963532170534977361e-02
1.235082735546193817e+03	2.419794007098519661e-01	1.579317870377989486e-01	2.580199738534206810e-01	1.553767061858927212e-01	7.392857635621301327e-02	3.307447071859771770e-02	7.968908513786251979e-02
1.236534066610290438e+03	2.417917050465181739e-01	1.577975340164189388e-01	2.581427249609896668e-01	1.554609408618823352e-01	7.396651616722758893e-02	3.309783361160800741e-02	7.974274533499288442e-02
1.237985397674387059e+03	2.416043590908233674e-01	1.576634860248486425e-01	2.582652404063968121e-01	1.555450648661284574e-01	7.400439668706601526e-02	3.312115028108256198e-02	7.979630264329175271e-02
1.239436728738483680e+03	2.414173618279094602e-01	1.575296430654914426e-01	2.583875207574860000e-01	1.556290780720659683e-01	7.404221797383782333e-02	3.314442089624693166e-02	7.984975740659996934e-02
1.240888059802580301e+03	2.412307122506651136e-01	1.573960051356524392e-01	2.585095665797605968e-01	1.557129803565999171e-01	7.407998008595380324e-02	3.316764562492784119e-02	7.990310996607787042e-02
1.242339390866676695e+03	2.410444093596255388e-01	1.572625722276206062e-01	2.586313784364021040e-01	1.557967716000651925e-01	7.411768308212127176e-02	3.319082463356858720e-02	7.995636066023434352e-02
1.243790721930773088e+03	2.408584521628740760e-01	1.571293443287497815e-01	2.587529568882879771e-01	1.558804516861864442e-01	7.415532702133945109e-02	3.321395808724424831e-02	8.000950982495569352e-02
1.245242052994869937e+03	2.406728396759447719e-01	1.569963214215386316e-01	2.588743024940100002e-01	1.559640205020384474e-01	7.419291196289494461e-02	3.323704614967676330e-02	8.006255779353413371e-02
1.246693384058966330e+03	2.404875709217266233e-01	1.568635034837091158e-01	2.589954158098919934e-01	1.560474779380071064e-01	7.423043796635715730e-02	3.326008898324975954e-02	8.011550489669592989e-02
1.248144715123063179e+03	2.403026449303690693e-01	1.567308904882840637e-01	2.591162973900075217e-01	1.561308238877506249e-01	7.426790509157385478e-02	3.328308674902328429e-02	8.016835146262928091e-02
1.249596046187159800e+03	2.401180607391888988e-01	1.565984824036636691e-01	2.592369477861971028e-01	1.562140582481612305e-01	7.430531339866675022e-02	3.330603960674831387e-02	8.022109781701175502e-02
1.251047377251256421e+03	2.399338173925783524e-01	1.564662791937005970e-01	2.593573675480855822e-01	1.562971809193272055e-01	7.434266294802720221e-02	3.332894771488113805e-02	8.027374428303762910e-02
1.252498708315352815e+03	2.397499139419147218e-01	1.563342808177742016e-01	2.594775572230991756e-01	1.563801918044954720e-01	7.437995380031185710e-02	3.335181123059755004e-02	8.032629118144471447e-02
1.253950039379449436e+03	2.395663494454711440e-01	1.562024872308635792e-01	2.595975173564821770e-01	1.564630908100344275e-01	7.441718601643845798e-02	3.337463030980684919e-02	8.037873883054100221e-02
1.255401370443546057e+03	2.393831229683285045e-01	1.560708983836195662e-01	2.597172484913139456e-01	1.565458778453973077e-01	7.445435965758159802e-02	3.339740510716576738e-02	8.043108754623091994e-02
1.256852701507642678e+03	2.392002335822889236e-01	1.559395142224357655e-01	2.598367511685249487e-01	1.566285528230857982e-01	7.449147478516862653e-02	3.342013577609214553e-02	8.048333764204138041e-02
1.258304032571739299e+03	2.390176803657901583e-01	1.558083346895184074e-01	2.599560259269133033e-01	1.567111156586141751e-01	7.452853146087555503e-02	3.344282246877851306e-02	8.053548942914745545e-02
1.259755363635835920e+03	2.388354624038214746e-01	1.556773597229551831e-01	2.600750733031609307e-01	1.567935662704738053e-01	7.456552974662297717e-02	3.346546533620545216e-02	8.058754321639782781e-02
1.261206694699932314e+03	2.386535787878405201e-01	1.555465892567831632e-01	2.601938938318491545e-01	1.568759045800978968e-01	7.460246970457211357e-02	3.348806452815488582e-02	8.063949931033986829e-02
1.262658025764028707e+03	2.384720286156915559e-01	1.554160232210557713e-01	2.603124880454749657e-01	1.569581305118268322e-01	7.463935139712087052e-02	3.351062019322314373e-02	8.069135801524451868e-02
1.264109356828125556e+03	2.382908109915246042e-01	1.552856615419085096e-01	2.604308564744661214e-01	1.570402439928737237e-01	7.467617488689991256e-02	3.353313247883393799e-02	8.074311963313084151e-02
1.265560687892221949e+03	2.381099250257160127e-01	1.551555041416240732e-01	2.605489996471969660e-01	1.571222449532903576e-01	7.471294023676883223e-02	3.355560153125110995e-02	8.079478446379029233e-02
1.267012018956318798e+03	2.379293698347900443e-01	1.550255509386962438e-01	2.606669180900033078e-01	1.572041333259336371e-01	7.474964750981230588e-02	3.357802749559132827e-02	8.084635280481071440e-02
1.268463350020415419e+03	2.377491445413414672e-01	1.548958018478930054e-01	2.607846123271978511e-01	1.572859090464322485e-01	7.478629676933638837e-02	3.360041051583657207e-02	8.089782495160011133e-02
1.269914681084511813e+03	2.375692482739593658e-01	1.547662567803185785e-01	2.609020828810847958e-01	1.573675720531536038e-01	7.482288807886476600e-02	3.362275073484648907e-02	8.094920119741007281e-02
1.271366012148608434e+03	2.373896801671521728e-01	1.546369156434747039e-01	2.610193302719747144e-01	1.574491222871714224e-01	7.485942150213509283e-02	3.364504829437062888e-02	8.100048183335896435e-02
1.272817343212705055e+03	2.372104393612733120e-01	1.545077783413209283e-01	2.611363550181992621e-01	1.575305596922334794e-01	7.489589710309531301e-02	3.366730333506050971e-02	8.105166714845488118e-02
1.274268674276801676e+03	2.370315250024484233e-01	1.543788447743341119e-01	2.612531576361253882e-01	1.576118842147296584e-01	7.493231494590014974e-02	3.368951599648157408e-02	8.110275742961831069e-02
1.275720005340898297e+03	2.368529362425033924e-01	1.542501148395669097e-01	2.613697386401698242e-01	1.576930958036604491e-01	7.496867509490751091e-02	3.371168641712497804e-02	8.115375296170455888e-02
1.277171336404994690e+03	2.366746722388931301e-01	1.541215884307055028e-01	2.614860985428130724e-01	1.577741944106058058e-01	7.500497761467499191e-02	3.373381473441928319e-02	8.120465402752588546e-02
1.278622667469091539e+03	2.364967321546319612e-01	1.539932654381264143e-01	2.616022378546132843e-01	1.578551799896941721e-01	7.504122256995640616e-02	3.375590108474197520e-02	8.125546090787340303e-02
1.280073998533187932e+03	2.363191151582244576e-01	1.538651457489526031e-01	2.617181570842203597e-01	1.579360524975720881e-01	7.507741002569838507e-02	3.377794560343088531e-02	8.130617388153878189e-02
1.281525329597284326e+03	2.361418204235975205e-01	1.537372292471086699e-01	2.618338567383894366e-01	1.580168118933739096e-01	7.511354004703693632e-02	3.379994842479545208e-02	8.135679322533560798e-02
1.282976660661381175e+03	2.359648471300333228e-01	1.536095158133751470e-01	2.619493373219943799e-01	1.580974581386921096e-01	7.514961269929416876e-02	3.382190968212787918e-02	8.140731921412060201e-02
1.284427991725477568e+03	2.357881944621033066e-01	1.534820053254421501e-01	2.620645993380412153e-01	1.581779911975474129e-01	7.518562804797493393e-02	3.384382950771411963e-02	8.145775212081447780e-02
1.285879322789574417e+03	2.356118616096029572e-01	1.533546976579621968e-01	2.621796432876813965e-01	1.582584110363599306e-01	7.522158615876359256e-02	3.386570803284484621e-02	8.150809221642270341e-02
1.287330653853671038e+03	2.354358477674877437e-01	1.532275926826021650e-01	2.622944696702249057e-01	1.583387176239200445e-01	7.525748709752072552e-02	3.388754538782613041e-02	8.155833977005591540e-02
1.288781984917767431e+03	2.352601521358096415e-01	1.531006902680947246e-01	2.624090789831529658e-01	1.584189109313599575e-01	7.529333093028002521e-02	3.390934170199016301e-02	8.160849504895013873e-02
1.290233315981864052e+03	2.350847739196547936e-01	1.529739902802886020e-01	2.625234717221314185e-01	1.584989909321252444e-01	7.532911772324506205e-02	3.393109710370573184e-02	8.165855831848677082e-02
