1.001418434226643626e+03	2.778207388344703932e-01	1.819728991713933375e-01	2.346921497196229611e-01	1.406198356128028348e-01	6.702102720221561616e-02	2.853898757612070153e-02	6.933436188301253522e-02
1.003837319333471214e+03	2.773736066751107954e-01	1.817086413301280956e-01	2.349759285444467938e-01	1.407809871332744989e-01	6.710002855341046235e-02	2.859687774845088779e-02	6.946393001481677987e-02
1.006256204440298802e+03	2.769286028891473350e-01	1.814444115953809389e-01	2.352586297436734253e-01	1.409421098905566383e-01	6.717893028464708149e-02	2.865443575126884468e-02	6.959287984496401180e-02
1.008675089547126618e+03	2.764857011500834183e-01	1.811802270884769472e-01	2.355402614474629286e-01	1.411031997818926187e-01	6.725772533140939036e-02	2.871166841057724156e-02	6.972121678973580705e-02
1.011093974653954206e+03	2.760448756784844027e-01	1.809161044738164803e-01	2.358208315815467082e-01	1.412642524266450594e-01	6.733640734548045070e-02	2.876858213185770619e-02	6.984894636180755123e-02
1.013512859760782021e+03	2.756061012302962188e-01	1.806520599697934715e-01	2.361003478806956990e-01	1.414252632118039588e-01	6.741497061961240767e-02	2.882518294237085277e-02	6.997607414506572254e-02
1.015931744867609382e+03	2.751693530853170366e-01	1.803881093594639773e-01	2.363788179008985690e-01	1.415862273323013898e-01	6.749341002021348734e-02	2.888147652861466214e-02	7.010260577282918792e-02
1.018350629974437197e+03	2.747346070358326897e-01	1.801242680009693675e-01	2.366562490303850408e-01	1.417471398266940963e-01	6.757172092720536982e-02	2.893746826951479681e-02	7.022854690903698738e-02
1.020769515081264785e+03	2.743018393754230178e-01	1.798605508377195406e-01	2.369326484996141791e-01	1.419079956087165861e-01	6.764989918029185034e-02	2.899316326585119757e-02	7.035390323202193874e-02
1.023188400188092373e+03	2.738710268879464560e-01	1.795969724083406327e-01	2.372080233903359758e-01	1.420687894951526420e-01	6.772794103095942930e-02	2.904856636636463790e-02	7.047868042053850868e-02
1.025607285294920075e+03	2.734421468367074781e-01	1.793335468563921342e-01	2.374823806438218776e-01	1.422295162304262894e-01	6.780584309960106804e-02	2.910368219093365655e-02	7.060288414175572291e-02
1.028026170401747549e+03	2.730151769538110562e-01	1.790702879398582137e-01	2.377557270683512969e-01	1.423901705082700753e-01	6.788360233721846271e-02	2.915851515116547193e-02	7.072652004096367795e-02
1.030445055508575479e+03	2.725900954297073575e-01	1.788072090404178305e-01	2.380280693460302965e-01	1.425507469907900115e-01	6.796121599121533741e-02	2.921306946870346269e-02	7.084959373277388561e-02
1.032863940615402726e+03	2.721668809029295089e-01	1.785443231724987423e-01	2.382994140390118643e-01	1.427112403252127903e-01	6.803868157484546653e-02	2.926734919151760886e-02	7.097211079362220065e-02
1.035282825722230655e+03	2.717455124500243180e-01	1.782816429921195989e-01	2.385697675951792551e-01	1.428716451585695657e-01	6.811599683992541898e-02	2.932135820841270946e-02	7.109407675540722893e-02
1.037701710829058356e+03	2.713259695756786161e-01	1.780191808055248959e-01	2.388391363533475253e-01	1.430319561505442871e-01	6.819315975246299788e-02	2.937510026196116231e-02	7.121549710011856882e-02
1.040120595935886058e+03	2.709082322030399448e-01	1.777569485776174518e-01	2.391075265480322176e-01	1.431921679846884510e-01	6.827016847088943075e-02	2.942857896004270890e-02	7.133637725532783469e-02
1.042539481042713533e+03	2.704922806642319211e-01	1.774949579401926547e-01	2.393749443138296074e-01	1.433522753781841241e-01	6.834702132661649165e-02	2.948179778615185251e-02	7.145672259043135688e-02
1.044958366149541234e+03	2.700780956910635022e-01	1.772332201999789469e-01	2.396413956894475894e-01	1.435122730903162225e-01	6.842371680666926859e-02	2.953476010861483952e-02	7.157653841354764956e-02
1.047377251256368709e+03	2.696656584059304307e-01	1.769717463464890728e-01	2.399068866214225382e-01	1.436721559297978457e-01	6.850025353817180973e-02	2.958746918884120822e-02	7.169582996898503369e-02
1.049796136363196410e+03	2.692549503129085808e-01	1.767105470596859462e-01	2.401714229675533663e-01	1.438319187610776206e-01	6.857663027448675230e-02	2.963992818872033738e-02	7.181460243520537690e-02
1.052215021470024112e+03	2.688459532890351555e-01	1.764496327174678025e-01	2.404350105000811200e-01	1.439915565097428241e-01	6.865284588283118716e-02	2.969214017726046900e-02	7.193286092321937719e-02
1.054633906576851814e+03	2.684386495757785651e-01	1.761890134029763244e-01	2.406976549086391470e-01	1.441510641671209514e-01	6.872889933320988631e-02	2.974410813655620212e-02	7.205061047535690766e-02
1.057052791683679516e+03	2.680330217706918261e-01	1.759286989117319067e-01	2.409593618029963746e-01	1.443104367941701882e-01	6.880478968852429822e-02	2.979583496716046997e-02	7.216785606436293410e-02
1.059471676790506763e+03	2.676290528192494245e-01	1.756686987586001669e-01	2.412201367156137088e-01	1.444696695247399132e-01	6.888051609573062062e-02	2.984732349292812392e-02	7.228460259277598443e-02
1.061890561897334692e+03	2.672267260068633132e-01	1.754090221845935049e-01	2.414799851040315970e-01	1.446287575682738413e-01	6.895607777793401338e-02	2.989857646539045150e-02	7.240085489255120021e-02
1.064309447004162394e+03	2.668260249510762128e-01	1.751496781635112909e-01	2.417389123531047401e-01	1.447876962120194511e-01	6.903147402731793503e-02	2.994959656771307641e-02	7.251661772489520486e-02
1.066728332110990095e+03	2.664269335939288275e-01	1.748906754084227633e-01	2.419969237770987214e-01	1.449464808228014823e-01	6.910670419881884130e-02	3.000038641828356792e-02	7.263189578028368676e-02
1.069147217217817570e+03	2.660294361944990915e-01	1.746320223779959380e-01	2.422540246216607351e-01	1.451051068484102424e-01	6.918176770446561596e-02	3.005094857396981706e-02	7.274669367863645375e-02
1.071566102324645271e+03	2.656335173216085588e-01	1.743737272826765550e-01	2.425102200656767681e-01	1.452635698186502677e-01	6.925666400831230474e-02	3.010128553308541108e-02	7.286101596962800409e-02
1.073984987431472746e+03	2.652391618466952705e-01	1.741157980907198644e-01	2.427655152230247804e-01	1.454218653460897237e-01	6.933139262189993990e-02	3.015139973809409860e-02	7.297486713311412965e-02
1.076403872538300675e+03	2.648463549368479386e-01	1.738582425340795545e-01	2.430199151442338501e-01	1.455799891265463497e-01	6.940595310019055664e-02	3.020129357808182952e-02	7.308825157965773145e-02
1.078822757645127922e+03	2.644550820479995568e-01	1.736010681141563761e-01	2.432734248180569159e-01	1.457379369393422275e-01	6.948034503792245575e-02	3.025096939102141225e-02	7.320117365113890107e-02
1.081241642751955851e+03	2.640653289182771091e-01	1.733442821074100693e-01	2.435260491729651644e-01	1.458957046473555175e-01	6.955456806634126299e-02	3.030042946585219388e-02	7.331363762143652818e-02
1.083660527858783553e+03	2.636770815615040453e-01	1.730878915708380927e-01	2.437777930785701985e-01	1.460532881968946983e-01	6.962862185026634509e-02	3.034967604439441080e-02	7.342564769717002671e-02
1.086079412965611255e+03	2.632903262608527473e-01	1.728319033473236788e-01	2.440286613469802302e-01	1.462106836174177082e-01	6.970250608545644488e-02	3.039871132311573743e-02	7.353720801849128463e-02
1.088498298072438729e+03	2.629050495626432671e-01	1.725763240708567958e-01	2.442786587340958215e-01	1.463678870211159444e-01	6.977622049624226941e-02	3.044753745476556916e-02	7.364832265991820559e-02
1.090917183179266431e+03	2.625212382702863390e-01	1.723211601716306274e-01	2.445277899408495881e-01	1.465248946023808840e-01	6.984976483339735975e-02	3.049615654989073707e-02	7.375899563120227875e-02
1.093336068286093905e+03	2.621388794383667786e-01	1.720664178810168976e-01	2.447760596143946366e-01	1.466817026371692312e-01	6.992313887222170732e-02	3.054457067824492555e-02	7.386923087822364065e-02
1.095754953392921607e+03	2.617579603668643284e-01	1.718121032364225420e-01	2.450234723492451250e-01	1.468383074822802448e-01	6.999634241081512109e-02	3.059278187010255889e-02	7.397903228390785568e-02
1.098173838499749309e+03	2.613784685955095055e-01	1.715582220860306928e-01	2.452700326883732740e-01	1.469947055745580988e-01	7.006937526852002884e-02	3.064079211748679810e-02	7.408840366915937781e-02
1.100592723606577010e+03	2.610003918982708448e-01	1.713047800934287268e-01	2.455157451242649391e-01	1.471508934300299332e-01	7.014223728451572659e-02	3.068860337532021074e-02	7.419734879380737724e-02
1.103011608713404712e+03	2.606237182779712058e-01	1.710517827421259296e-01	2.457606140999375466e-01	1.473068676429896140e-01	7.021492831654770062e-02	3.073621756250564593e-02	7.430587135756006045e-02
1.105430493820231959e+03	2.602484359610302556e-01	1.707992353399635510e-01	2.460046440099225018e-01	1.474626248850354482e-01	7.028744823977756129e-02	3.078363656294411457e-02	7.441397500096430528e-02
1.107849378927059888e+03	2.598745333923294654e-01	1.705471430234196673e-01	2.462478392012143469e-01	1.476181619040700388e-01	7.035979694574098775e-02	3.083086222649563876e-02	7.452166330636762759e-02
1.110268264033887590e+03	2.595019992301982326e-01	1.702955107618112918e-01	2.464902039741890816e-01	1.477734755232687214e-01	7.043197434140197055e-02	3.087789636988842734e-02	7.462893979888006457e-02
1.112687149140715292e+03	2.591308223415173528e-01	1.700443433613965383e-01	2.467317425834932854e-01	1.479285626400224929e-01	7.050398034829320759e-02	3.092474077758110285e-02	7.473580794733375443e-02
1.115106034247542766e+03	2.587609917969376228e-01	1.697936454693785291e-01	2.469724592389060946e-01	1.480834202248610398e-01	7.057581490173361893e-02	3.097139720258224038e-02	7.484227116523858858e-02
1.117524919354370468e+03	2.583924968662106858e-01	1.695434215778141851e-01	2.472123581061749786e-01	1.482380453203601123e-01	7.064747795011470932e-02	3.101786736723100013e-02	7.494833281173199357e-02
1.119943804461197942e+03	2.580253270136300681e-01	1.692936760274293684e-01	2.474514433078277842e-01	1.483924350400377679e-01	7.071896945424863135e-02	3.106415296394217027e-02	7.505399619252178800e-02
1.122362689568025871e+03	2.576594718935794059e-01	1.690444130113432086e-01	2.476897189239611885e-01	1.485465865672427332e-01	7.079028938677156546e-02	3.111025565591866646e-02	7.515926456082078211e-02
1.124781574674853118e+03	2.572949213461852014e-01	1.687956365787035284e-01	2.479271889930076689e-01	1.487004971540383524e-01	7.086143773159650494e-02	3.115617707783415596e-02	7.526414111827214870e-02
1.127200459781681047e+03	2.569316653930723282e-01	1.685473506382353659e-01	2.481638575124814894e-01	1.488541641200847865e-01	7.093241448341038036e-02	3.120191883648821413e-02	7.536862901586491303e-02
1.129619344888508749e+03	2.565696942332199026e-01	1.682995589617048982e-01	2.483997284397052585e-01	1.490075848515217405e-01	7.100321964721097168e-02	3.124748251143613306e-02	7.547273135483850703e-02
1.132038229995336451e+03	2.562089982389142984e-01	1.680522651873005702e-01	2.486348056925173355e-01	1.491607567998542161e-01	7.107385323787950016e-02	3.129286965559536365e-02	7.557645118757609637e-02
1.134457115102163925e+03	2.558495679517978072e-01	1.678054728229335657e-01	2.488690931499613623e-01	1.493136774808427880e-01	7.114431527978537506e-02	3.133808179583020409e-02	7.567979151848618080e-02
1.136876000208991627e+03	2.554913940790110027e-01	1.675591852494593137e-01	2.491025946529588087e-01	1.494663444734002922e-01	7.121460580641958416e-02	3.138312043351641073e-02	7.578275530487191269e-02
1.139294885315819101e+03	2.551344674894251985e-01	1.673134057238222228e-01	2.493353140049646421e-01	1.496187554184961743e-01	7.128472486005407727e-02	3.142798704508702884e-02	7.588534545778792550e-02
1.141713770422646803e+03	2.547787792099652227e-01	1.670681373821250870e-01	2.495672549726075662e-01	1.497709080180697760e-01	7.135467249142450619e-02	3.147268308256070957e-02	7.598756484288440860e-02
1.144132655529474505e+03	2.544243204220175691e-01	1.668233832426254115e-01	2.497984212863147424e-01	1.499228000339534461e-01	7.142444875943398941e-02	3.151720997405367541e-02	7.608941628123840062e-02
1.146551540636302207e+03	2.540710824579244798e-01	1.665791462086599062e-01	2.500288166409221358e-01	1.500744292868068375e-01	7.149405373087575066e-02	3.156156912427629524e-02	7.619090255017180180e-02
1.148970425743129908e+03	2.537190567975602939e-01	1.663354290714992301e-01	2.502584446962705655e-01	1.502257936550623896e-01	7.156348748017306305e-02	3.160576191501522636e-02	7.629202638405643833e-02
1.151389310849957155e+03	2.533682350649887893e-01	1.660922345131343736e-01	2.504873090777882672e-01	1.503768910738834119e-01	7.163275008913454200e-02	3.164978970560192867e-02	7.639279047510584564e-02
1.153808195956785084e+03	2.530186090251995146e-01	1.658495651089967327e-01	2.507154133770603255e-01	1.505277195341347685e-01	7.170184164672356586e-02	3.169365383336830017e-02	7.649319747415393722e-02
1.156227081063612786e+03	2.526701705809212273e-01	1.656074233306127352e-01	2.509427611523853963e-01	1.506782770813668570e-01	7.177076224884033906e-02	3.173735561409014860e-02	7.659324999142046175e-02
1.158645966170440488e+03	2.523229117695105495e-01	1.653658115481953794e-01	2.511693559293200484e-01	1.508285618148131335e-01	7.183951199811564048e-02	3.178089634241905437e-02	7.669295059726331798e-02
1.161064851277267962e+03	2.519768247599143418e-01	1.651247320331735435e-01	2.513952012012114490e-01	1.509785718864016524e-01	7.190809100371498008e-02	3.182427729230326297e-02	7.679230182291792162e-02
1.163483736384095664e+03	2.516319018497034654e-01	1.648841869606609001e-01	2.516203004297181134e-01	1.511283054997805964e-01	7.197649938115241453e-02	3.186749971739806508e-02	7.689130616122354100e-02
1.165902621490923138e+03	2.512881354621771535e-01	1.646441784118659324e-01	2.518446570453199973e-01	1.512777609093580999e-01	7.204473725211306412e-02	3.191056485146615690e-02	7.698996606733674031e-02
1.168321506597751068e+03	2.509455181435351623e-01	1.644047083764440531e-01	2.520682744478170978e-01	1.514269364193564782e-01	7.211280474428365117e-02	3.195347390876841775e-02	7.708828395943223555e-02
1.170740391704578315e+03	2.506040425601173127e-01	1.641657787547936009e-01	2.522911560068182291e-01	1.515758303828811104e-01	7.218070199119042130e-02	3.199622808444548688e-02	7.718626221939096921e-02
1.173159276811406244e+03	2.502637014957078687e-01	1.639273913602967703e-01	2.525133050622188069e-01	1.517244412010035626e-01	7.224842913204371220e-02	3.203882855489053466e-02	7.728390319347590298e-02
1.175578161918233945e+03	2.499244878489037258e-01	1.636895479215071392e-01	2.527347249246691407e-01	1.518727673218594476e-01	7.231598631158878132e-02	3.208127647811348515e-02	7.738120919299543155e-02
1.177997047025061647e+03	2.495863946305447445e-01	1.634522500842846837e-01	2.529554188760328448e-01	1.520208072397607468e-01	7.238337367996236504e-02	3.212357299409713401e-02	7.747818249495456999e-02
1.180415932131889122e+03	2.492494149612047294e-01	1.632154994138798054e-01	2.531753901698358677e-01	1.521685594943225084e-01	7.245059139255448366e-02	3.216571922514532139e-02	7.757482534269434515e-02
1.182834817238716823e+03	2.489135420687418054e-01	1.629792973969671488e-01	2.533946420317062520e-01	1.523160226696040342e-01	7.251763960987520075e-02	3.220771627622349975e-02	7.767113994651914100e-02
1.185253702345544298e+03	2.485787692859063314e-01	1.627436454436311797e-01	2.536131776598047338e-01	1.524631953932643891e-01	7.258451849742586504e-02	3.224956523529191876e-02	7.776712848431265035e-02
1.187672587452371999e+03	2.482450900480056566e-01	1.625085448893039408e-01	2.538310002252471276e-01	1.526100763357318701e-01	7.265122822557464055e-02	3.229126717363171167e-02	7.786279310214214155e-02
1.190091472559199701e+03	2.479124978906237231e-01	1.622739969966564832e-01	2.540481128725174398e-01	1.527566642093879101e-01	7.271776896943596413e-02	3.233282314616399422e-02	7.795813591485156735e-02
1.192510357666027403e+03	2.475809864473945687e-01	1.620400029574450007e-01	2.542645187198733780e-01	1.529029577677645524e-01	7.278414090875369447e-02	3.237423419176231609e-02	7.805315900664351603e-02
1.194929242772855105e+03	2.472505494478284549e-01	1.618065638943126661e-01	2.544802208597433113e-01	1.530489558047560261e-01	7.285034422778779994e-02	3.241550133355853430e-02	7.814786443165022689e-02
1.197348127879682352e+03	2.469211807151891758e-01	1.615736808625483356e-01	2.546952223591153475e-01	1.531946571538436719e-01	7.291637911520421067e-02	3.245662557924239300e-02	7.824225421449393369e-02
1.199767012986510281e+03	2.465928741644214106e-01	1.613413548518031482e-01	2.549095262599186396e-01	1.533400606873346339e-01	7.298224576396779295e-02	3.249760792135492765e-02	7.833633035083643892e-02
1.202185898093337983e+03	2.462656238001272035e-01	1.611095867877659904e-01	2.551231355793975308e-01	1.534851653156135420e-01	7.304794437123822426e-02	3.253844933757585323e-02	7.843009480791854338e-02
1.204604783200165684e+03	2.459394237145899331e-01	1.608783775337986333e-01	2.553360533104779284e-01	1.536299699864076551e-01	7.311347513826864375e-02	3.257915079100510286e-02	7.852354952508905361e-02
1.207023668306993159e+03	2.456142680858447724e-01	1.606477278925319829e-01	2.555482824221260718e-01	1.537744736840647442e-01	7.317883827030678690e-02	3.261971323043868359e-02	7.861669641432389444e-02
1.209442553413820860e+03	2.452901511757949737e-01	1.604176386074237515e-01	2.557598258597013618e-01	1.539186754288437708e-01	7.324403397649879854e-02	3.266013759063898098e-02	7.870953736073525719e-02
1.211861438520648335e+03	2.449670673283723121e-01	1.601881103642789628e-01	2.559706865453012514e-01	1.540625742762183614e-01	7.330906246979523866e-02	3.270042479259960971e-02	7.880207422307113074e-02
1.214280323627476264e+03	2.446450109677409390e-01	1.599591437927337656e-01	2.561808673781000856e-01	1.542061693161923541e-01	7.337392396685939178e-02	3.274057574380499769e-02	7.889430883420527063e-02
1.216699208734303511e+03	2.443239765965435628e-01	1.597307394677039694e-01	2.563903712346808916e-01	1.543494596726279477e-01	7.343861868797776915e-02	3.278059133848480050e-02	7.898624300161785627e-02
1.219118093841131440e+03	2.440039587941889021e-01	1.595028979107985523e-01	2.565992009693609521e-01	1.544924445025855075e-01	7.350314685697265094e-02	3.282047245786321593e-02	7.907787850786696104e-02
1.221536978947959142e+03	2.436849522151794123e-01	1.592756195916993356e-01	2.568073594145112160e-01	1.546351229956756668e-01	7.356750870111662677e-02	3.286021997040344811e-02	7.916921711105100179e-02
1.223955864054786844e+03	2.433669515874785916e-01	1.590489049295076285e-01	2.570148493808692702e-01	1.547774943734226416e-01	7.363170445104898210e-02	3.289983473204725895e-02	7.926026054526237596e-02
1.226374749161614318e+03	2.430499517109163676e-01	1.588227542940583714e-01	2.572216736578464280e-01	1.549195578886393143e-01	7.369573434069402740e-02	3.293931758644985663e-02	7.935101052103238350e-02
1.228793634268442020e+03	2.427339474556324816e-01	1.585971680072027212e-01	2.574278350138290428e-01	1.550613128248135852e-01	7.375959860718112049e-02	3.297866936521014203e-02	7.944146872576759999e-02
1.231212519375269494e+03	2.424189337605559547e-01	1.583721463440601607e-01	2.576333361964738833e-01	1.552027584955057438e-01	7.382329749076643743e-02	3.301789088809643086e-02	7.953163682417802027e-02
1.233631404482097196e+03	2.421049056319208026e-01	1.581476895342400490e-01	2.578381799329980129e-01	1.553438942437567472e-01	7.388683123475639491e-02	3.305698296326776281e-02	7.962151645869683381e-02
1.236050289588924898e+03	2.417918581418162238e-01	1.579237977630341683e-01	2.580423689304628954e-01	1.554847194415074352e-01	7.395020008543269630e-02	3.309594638749090156e-02	7.971110924989220636e-02
1.238469174695752372e+03	2.414797864267713146e-01	1.577004711725804587e-01	2.582459058760536719e-01	1.556252334890280420e-01	7.401340429197884874e-02	3.313478194635306739e-02	7.980041679687119305e-02
1.240888059802580301e+03	2.411686856863725914e-01	1.574777098629987493e-01	2.584487934373522200e-01	1.557654358143583107e-01	7.407644410640831789e-02	3.317349041447051339e-02	7.988944067767586588e-02
1.243306944909407548e+03	2.408585511819142377e-01	1.572555138934993157e-01	2.586510342626063830e-01	1.559053258727577385e-01	7.413931978349404261e-02	3.321207255569307015e-02	7.997818244967180856e-02
1.245725830016235477e+03	2.405493782350801579e-01	1.570338832834646536e-01	2.588526309809927040e-01	1.560449031461658420e-01	7.420203158069940685e-02	3.325052912330471455e-02	8.006664364992915894e-02
1.248144715123063179e+03	2.402411622266566460e-01	1.568128180135052452e-01	2.590535862028753300e-01	1.561841671426721923e-01	7.426457975811069645e-02	3.328886086022016938e-02	8.015482579559635168e-02
1.250563600229890881e+03	2.399338985952756131e-01	1.565923180264900405e-01	2.592539025200593650e-01	1.563231173959964693e-01	7.432696457837072168e-02	3.332706849917776992e-02	8.024273038426663063e-02
1.252982485336718355e+03	2.396275828361870142e-01	1.563723832285519033e-01	2.594535825060400036e-01	1.564617534649776764e-01	7.438918630661389697e-02	3.336515276292852106e-02	8.033035889433759458e-02
1.255401370443546057e+03	2.393222105000603062e-01	1.561530134900691036e-01	2.596526287162467250e-01	1.566000749330728192e-01	7.445124521040258347e-02	3.340311436442152532e-02	8.041771278536366530e-02
1.257820255550373531e+03	2.390177771918138849e-01	1.559342086466229682e-01	2.598510436882826569e-01	1.567380814078648266e-01	7.451314155966465291e-02	3.344095400698580967e-02	8.050479349840189425e-02
1.260239140657201460e+03	2.387142785694719438e-01	1.557159684999326055e-01	2.600488299421604976e-01	1.568757725205796039e-01	7.457487562663227265e-02	3.347867238450859262e-02	8.059160245635113573e-02
1.262658025764028707e+03	2.384117103430481721e-01	1.554982928187670366e-01	2.602459899805329990e-01	1.570131479256117457e-01	7.463644768578193978e-02	3.351627018161014437e-02	8.067814106428458643e-02
1.265076910870856636e+03	2.381100682734557106e-01	1.552811813398353447e-01	2.604425262889197290e-01	1.571502073000590471e-01	7.469785801377561152e-02	3.355374807381524688e-02	8.076441070977594117e-02
1.267495795977684338e+03	2.378093481714423640e-01	1.550646337686553966e-01	2.606384413359294494e-01	1.572869503432656468e-01	7.475910688940308468e-02	3.359110672772130934e-02	8.085041276321933146e-02
1.269914681084511813e+03	2.375095458965509609e-01	1.548486497804015816e-01	2.608337375734787744e-01	1.574233767763735525e-01	7.482019459352531876e-02	3.362834680116327801e-02	8.093614857814306063e-02
1.272333566191339514e+03	2.372106573561039988e-01	1.546332290207320381e-01	2.610284174370066101e-01	1.575594863418822988e-01	7.488112140901903580e-02	3.366546894337530543e-02	8.102161949151723275e-02
1.274752451298167216e+03	2.369126785042120209e-01	1.544183711065962306e-01	2.612224833456841533e-01	1.576952788032168762e-01	7.494188762072231946e-02	3.370247379514933195e-02	8.110682682405556676e-02
1.277171336404994690e+03	2.366156053408050852e-01	1.542040756270224855e-01	2.614159377026221698e-01	1.578307539443036256e-01	7.500249351538118558e-02	3.373936198899057937e-02	8.119177188051128480e-02
1.279590221511822392e+03	2.363194339106870490e-01	1.539903421438870434e-01	2.616087828950736660e-01	1.579659115691538496e-01	7.506293938159734613e-02	3.377613414927005397e-02	8.127645594996736611e-02
1.282009106618650094e+03	2.360241603026118351e-01	1.537771701926642365e-01	2.618010212946330628e-01	1.581007515014551945e-01	7.512322550977680591e-02	3.381279089237409358e-02	8.136088030612116662e-02
1.284427991725477568e+03	2.357297806483812930e-01	1.535645592831585693e-01	2.619926552574318723e-01	1.582352735841704994e-01	7.518335219207952780e-02	3.384933282685100714e-02	8.144504620756354285e-02
1.286846876832305497e+03	2.354362911219641807e-01	1.533525089002192587e-01	2.621836871243309885e-01	1.583694776791441938e-01	7.524331972237006949e-02	3.388576055355491806e-02	8.152895489805263296e-02
1.289265761939132744e+03	2.351436879386355483e-01	1.531410185044372874e-01	2.623741192211092033e-01	1.585033636667158852e-01	7.530312839616919163e-02	3.392207466578681108e-02	8.161260760678235027e-02
1.291684647045960673e+03	2.348519673541363539e-01	1.529300875328257481e-01	2.625639538586483357e-01	1.586369314453410784e-01	7.536277851060625699e-02	3.395827574943283828e-02	8.169600554864560327e-02
1.294103532152788375e+03	2.345611256638526487e-01	1.527197153994836742e-01	2.627531933331156422e-01	1.587701809312189183e-01	7.542227036437275378e-02	3.399436438309998143e-02	8.177914992449256126e-02
1.296522417259616077e+03	2.342711592020138012e-01	1.525099014962437716e-01	2.629418399261421735e-01	1.589031120579269540e-01	7.548160425767648507e-02	3.403034113824907753e-02	8.186204192138386848e-02
1.298941302366443551e+03	2.339820643409095124e-01	1.523006451933045236e-01	2.631298959049985786e-01	1.590357247760624260e-01	7.554078049219681290e-02	3.406620657932526997e-02	8.194468271283901484e-02
1.301360187473271253e+03	2.336938374901249560e-01	1.520919458398469204e-01	2.633173635227673004e-01	1.591680190528904637e-01	7.559979937104062409e-02	3.410196126388595483e-02	8.202707345907982173e-02
1.303779072580098727e+03	2.334064750957937917e-01	1.518838027646363387e-01	2.635042450185123841e-01	1.592999948719986680e-01	7.565866119869928130e-02	3.413760574272627080e-02	8.210921530726936202e-02
1.306197957686926657e+03	2.331199736398684996e-01	1.516762152766097105e-01	2.636905426174454004e-01	1.594316522329580210e-01	7.571736628100624034e-02	3.417314056000211181e-02	8.219110939174613384e-02
1.308616842793753904e+03	2.328343296394077000e-01	1.514691826654484819e-01	2.638762585310893694e-01	1.595629911509903465e-01	7.577591492509554161e-02	3.420856625335081530e-02	8.227275683425380737e-02
1.311035727900581833e+03	2.325495396458801545e-01	1.512627042021377766e-01	2.640613949574392438e-01	1.596940116566417101e-01	7.583430743936121765e-02	3.424388335400949807e-02	8.235415874416651683e-02
1.313454613007409534e+03	2.322656002444845880e-01	1.510567791395118209e-01	2.642459540811196161e-01	1.598247137954619534e-01	7.589254413341722794e-02	3.427909238693113009e-02	8.243531621870975323e-02
1.315873498114237009e+03	2.319825080534857753e-01	1.508514067127862679e-01	2.644299380735400939e-01	1.599550976276902237e-01	7.595062531805840678e-02	3.431419387089831158e-02	8.251623034317705219e-02
1.318292383221064711e+03	2.317002597235656436e-01	1.506465861400773931e-01	2.646133490930474008e-01	1.600851632279463310e-01	7.600855130522200798e-02	3.434918831863492672e-02	8.259690219114246279e-02
1.320711268327892412e+03	2.314188519371895569e-01	1.504423166229089392e-01	2.647961892850752008e-01	1.602149106849279359e-01	7.606632240795004052e-02	3.438407623691557696e-02	8.267733282466895040e-02
1.323130153434719887e+03	2.311382814079873393e-01	1.502385973467063873e-01	2.649784607822914251e-01	1.603443401011130920e-01	7.612393894035231201e-02	3.441885812667295347e-02	8.275752329451271927e-02
1.325549038541547588e+03	2.308585448801485640e-01	1.500354274812793487e-01	2.651601657047428229e-01	1.604734515924686467e-01	7.618140121757016603e-02	3.445353448310308625e-02	8.283747464032362173e-02
1.327967923648375290e+03	2.305796391278318036e-01	1.498328061812921330e-01	2.653413061599970146e-01	1.606022452881639695e-01	7.623870955574099662e-02	3.448810579576860880e-02	8.291718789084170926e-02
1.330386808755202765e+03	2.303015609545877584e-01	1.496307325867228533e-01	2.655218842432824355e-01	1.607307213302899274e-01	7.629586427196333176e-02	3.452257254869999653e-02	8.299666406408996722e-02
1.332805693862030694e+03	2.300243071927953742e-01	1.494292058233114562e-01	2.657019020376255036e-01	1.608588798735831327e-01	7.635286568426262466e-02	3.455693522049485544e-02	8.307590416756334417e-02
1.335224578968857941e+03	2.297478747031112822e-01	1.492282250029966228e-01	2.658813616139856784e-01	1.609867210851554653e-01	7.640971411155780824e-02	3.459119428441530253e-02	8.315490919841411754e-02
1.337643464075685870e+03	2.294722603739318134e-01	1.490277892243422608e-01	2.660602650313882989e-01	1.611142451442285073e-01	7.646640987362829378e-02	3.462535020848347272e-02	8.323368014363365097e-02
1.340062349182513572e+03	2.291974611208675017e-01	1.488278975729533105e-01	2.662386143370549241e-01	1.612414522418729179e-01	7.652295329108177446e-02	3.465940345557513153e-02	8.331221798023071001e-02
1.342481234289341273e+03	2.289234738862296337e-01	1.486285491218816146e-01	2.664164115665317301e-01	1.613683425807528327e-01	7.657934468532259786e-02	3.469335448351157369e-02	8.339052367540626676e-02
1.344900119396168748e+03	2.286502956385286500e-01	1.484297429320217410e-01	2.665936587438156313e-01	1.614949163748748417e-01	7.663558437852074912e-02	3.472720374514964847e-02	8.346859818672497378e-02
1.347319004502996449e+03	2.283779233719840929e-01	1.482314780524972009e-01	2.667703578814782928e-01	1.616211738493417704e-01	7.669167269358140304e-02	3.476095168847010558e-02	8.354644246228333515e-02
1.349737889609823924e+03	2.281063541060459887e-01	1.480337535210371758e-01	2.669465109807881986e-01	1.617471152401110945e-01	7.674760995411504527e-02	3.479459875666421342e-02	8.362405744087453296e-02
1.352156774716651853e+03	2.278355848849268339e-01	1.478365683643440009e-01	2.671221200318303901e-01	1.618727407937577967e-01	7.680339648440828726e-02	3.482814538821871891e-02	8.370144405215021455e-02
1.354575659823479100e+03	2.275656127771448212e-01	1.476399215984516289e-01	2.672971870136246486e-01	1.619980507672417469e-01	7.685903260939519477e-02	3.486159201699915583e-02	8.377860321677904620e-02
1.356994544930307029e+03	2.272964348750772523e-01	1.474438122290754882e-01	2.674717138942413475e-01	1.621230454276792743e-01	7.691451865462907433e-02	3.489493907233154335e-02	8.385553584660226933e-02
1.359413430037134731e+03	2.270280482945242762e-01	1.472482392519534333e-01	2.676457026309156939e-01	1.622477250521192904e-01	7.696985494625492585e-02	3.492818697908249559e-02	8.393224284478616182e-02
1.361832315143962205e+03	2.267604501742825907e-01	1.470532016531785890e-01	2.678191551701599171e-01	1.623720899273232987e-01	7.702504181098239477e-02	3.496133615773783232e-02	8.400872510597166831e-02
1.364251200250789907e+03	2.264936376757289704e-01	1.468586984095239245e-01	2.679920734478736799e-01	1.624961403495498169e-01	7.708007957605926552e-02	3.499438702447960070e-02	8.408498351642111623e-02
1.366670085357617609e+03	2.262276079824133423e-01	1.466647284887588332e-01	2.681644593894525475e-01	1.626198766243426019e-01	7.713496856924537126e-02	3.502733999126168146e-02	8.416101895416201739e-02
1.369088970464445310e+03	2.259623582996610758e-01	1.464712908499578858e-01	2.683363149098951239e-01	1.627432990663229273e-01	7.718970911878722529e-02	3.506019546588386854e-02	8.423683228912816345e-02
1.371507855571272785e+03	2.256978858541844324e-01	1.462783844438021452e-01	2.685076419139080794e-01	1.628664079989860514e-01	7.724430155339293003e-02	3.509295385206457479e-02	8.431242438329800137e-02
1.373926740678100487e+03	2.254341878937028976e-01	1.460860082128728754e-01	2.686784422960095675e-01	1.629892037545008776e-01	7.729874620220766879e-02	3.512561554951209447e-02	8.438779609083030264e-02
1.376345625784927961e+03	2.251712616865720884e-01	1.458941610919379794e-01	2.688487179406307548e-01	1.631116866735140281e-01	7.735304339478968338e-02	3.515818095399449172e-02	8.446294825819723739e-02
1.378764510891755890e+03	2.249091045214212103e-01	1.457028420082316089e-01	2.690184707222164628e-01	1.632338571049572196e-01	7.740719346108670962e-02	3.519065045740819159e-02	8.453788172431488113e-02
1.381183395998583137e+03	2.246477137067987573e-01	1.455120498817266128e-01	2.691877025053233119e-01	1.633557154058583039e-01	7.746119673141292628e-02	3.522302444784515540e-02	8.461259732067114014e-02
1.383602281105411066e+03	2.243870865708262052e-01	1.453217836254003525e-01	2.693564151447170874e-01	1.634772619411561101e-01	7.751505353642623719e-02	3.525530330965884890e-02	8.468709587145131779e-02
1.386021166212238768e+03	2.241272204608596719e-01	1.451320421454940224e-01	2.695246104854677749e-01	1.635984970835184238e-01	7.756876420710612230e-02	3.528748742352889184e-02	8.476137819366118265e-02
1.388440051319066470e+03	2.238681127431591533e-01	1.449428243417653361e-01	2.696922903630439294e-01	1.637194212131636850e-01	7.762232907473184951e-02	3.531957716652443791e-02	8.483544509724770533e-02
1.390858936425893944e+03	2.236097608025653383e-01	1.447541291077350523e-01	2.698594566034049347e-01	1.638400347176858507e-01	7.767574847086115841e-02	3.535157291216639575e-02	8.490929738521735270e-02
1.393277821532721646e+03	2.233521620421837495e-01	1.445659553309275869e-01	2.700261110230921524e-01	1.639603379918826154e-01	7.772902272730934647e-02	3.538347503048840798e-02	8.498293585375227277e-02
1.395696706639549120e+03	2.230953138830759908e-01	1.443783018931052431e-01	2.701922554293184064e-01	1.640803314375869626e-01	7.778215217612877153e-02	3.541528388809660199e-02	8.505636129232412024e-02
1.398115591746377049e+03	2.228392137639580439e-01	1.441911676704968892e-01	2.703578916200564675e-01	1.642000154635018250e-01	7.783513714958875673e-02	3.544699984822832078e-02	8.512957448380571723e-02
1.400534476853204296e+03	2.225838591409052825e-01	1.440045515340210025e-01	2.705230213841257614e-01	1.643193904850378251e-01	7.788797798015592577e-02	3.547862327080957001e-02	8.520257620458057679e-02
1.402953361960032225e+03	2.223292474870642577e-01	1.438184523495029121e-01	2.706876465012779676e-01	1.644384569241541805e-01	7.794067500047487107e-02	3.551015451251148675e-02	8.527536722465023367e-02
1.405372247066859927e+03	2.220753762923708685e-01	1.436328689778867129e-01	2.708517687422812292e-01	1.645572152092025509e-01	7.799322854334925226e-02	3.554159392680562857e-02	8.534794830773964613e-02
1.407791132173687402e+03	2.218222430632749709e-01	1.434478002754421000e-01	2.710153898690030871e-01	1.646756657747737995e-01	7.804563894172326932e-02	3.557294186401822184e-02	8.542032021140046061e-02
1.410210017280515103e+03	2.215698453224710374e-01	1.432632450939656799e-01	2.711785116344922475e-01	1.647938090615477802e-01	7.809790652866346883e-02	3.560419867138336913e-02	8.549248368711230561e-02
1.412628902387342805e+03	2.213181806086352010e-01	1.430792022809775077e-01	2.713411357830589621e-01	1.649116455161458161e-01	7.815003163734099423e-02	3.563536469309524363e-02	8.556443948038215674e-02
1.415047787494170507e+03	2.210672464761677114e-01	1.428956706799125453e-01	2.715032640503544648e-01	1.650291755909861491e-01	7.820201460101408597e-02	3.566644027035924952e-02	8.563618833084173099e-02
1.417466672600997981e+03	2.208170404949416077e-01	1.427126491303074840e-01	2.716648981634485760e-01	1.651463997441419695e-01	7.825385575301101182e-02	3.569742574144219721e-02	8.570773097234306304e-02
1.419885557707825683e+03	2.205675602500566934e-01	1.425301364679827099e-01	2.718260398409070300e-01	1.652633184392022780e-01	7.830555542671333025e-02	3.572832144172154167e-02	8.577906813305226363e-02
1.422304442814653157e+03	2.203188033415992841e-01	1.423481315252197454e-01	2.719866907928671362e-01	1.653799321451351889e-01	7.835711395553943137e-02	3.575912770373363553e-02	8.585020053554136277e-02
1.424723327921481086e+03	2.200707673844070622e-01	1.421666331309343057e-01	2.721468527211122201e-01	1.654962413361541207e-01	7.840853167292849424e-02	3.578984485722105924e-02	8.592112889687850141e-02
1.427142213028308333e+03	2.198234500078393994e-01	1.419856401108447186e-01	2.723065273191453417e-01	1.656122464915862347e-01	7.845980891232472165e-02	3.582047322917905618e-02	8.599185392871627753e-02
1.429561098135136262e+03	2.195768488555525644e-01	1.418051512876366549e-01	2.724657162722615711e-01	1.657279480957435103e-01	7.851094600716190808e-02	3.585101314390107263e-02	8.606237633737849613e-02
1.431979983241963964e+03	2.193309615852802319e-01	1.416251654811229443e-01	2.726244212576194315e-01	1.658433466377963461e-01	7.856194329084828509e-02	3.588146492302336787e-02	8.613269682394519844e-02
1.434398868348791666e+03	2.190857858686184600e-01	1.414456815084000063e-01	2.727826439443112871e-01	1.659584426116494371e-01	7.861280109675176930e-02	3.591182888556884029e-02	8.620281608433605358e-02
1.436817753455619140e+03	2.188413193908158860e-01	1.412666981839999225e-01	2.729403859934325105e-01	1.660732365158200385e-01	7.866351975818540454e-02	3.594210534798995132e-02	8.627273480939211259e-02
1.439236638562446842e+03	2.185975598505681683e-01	1.410882143200388184e-01	2.730976490581500937e-01	1.661877288533186725e-01	7.871409960839312325e-02	3.597229462421085849e-02	8.634245368495604978e-02
1.441655523669274316e+03	2.183545049598173970e-01	1.409102287263614417e-01	2.732544347837695953e-01	1.663019201315318885e-01	7.876454098053589647e-02	3.600239702566871564e-02	8.641197339195087757e-02
1.444074408776102018e+03	2.181121524435553349e-01	1.407327402106819114e-01	2.734107448078018088e-01	1.664158108621075216e-01	7.881484420767800869e-02	3.603241286135416832e-02	8.648129460645703759e-02
1.446493293882929493e+03	2.178705000396315705e-01	1.405557475787212185e-01	2.735665807600280997e-01	1.665294015608419220e-01	7.886500962277376292e-02	3.606234243785112065e-02	8.655041799978811790e-02
1.448912178989757422e+03	2.176295454985657241e-01	1.403792496343408136e-01	2.737219442625647980e-01	1.666426927475694042e-01	7.891503755865438008e-02	3.609218605937565549e-02	8.661934423856508525e-02
1.451331064096585123e+03	2.173892865833635391e-01	1.402032451796730306e-01	2.738768369299268146e-01	1.667556849460538893e-01	7.896492834801514815e-02	3.612194402781428171e-02	8.668807398478907411e-02
1.453749949203412370e+03	2.171497210693373592e-01	1.400277330152481792e-01	2.740312603690906457e-01	1.668683786838825456e-01	7.901468232340294606e-02	3.615161664276139719e-02	8.675660789591276012e-02
1.456168834310240300e+03	2.169108467439302135e-01	1.398527119401181684e-01	2.741852161795554910e-01	1.669807744923615112e-01	7.906429981720390632e-02	3.618120420155603728e-02	8.682494662491041515e-02
1.458587719417068001e+03	2.166726614065440926e-01	1.396781807519772434e-01	2.743387059534049821e-01	1.670928729064135032e-01	7.911378116163138297e-02	3.621070699931793618e-02	8.689309082034658849e-02
1.461006604523895703e+03	2.164351628683716666e-01	1.395041382472792801e-01	2.744917312753666350e-01	1.672046744644775373e-01	7.916312668871421099e-02	3.624012532898290839e-02	8.696104112644344186e-02
1.463425489630723177e+03	2.161983489522318058e-01	1.393305832213522777e-01	2.746442937228716352e-01	1.673161797084104507e-01	7.921233673028511835e-02	3.626945948133745296e-02	8.702879818314687710e-02
1.465844374737550879e+03	2.159622174924086813e-01	1.391575144685099630e-01	2.747963948661130140e-01	1.674273891833903960e-01	7.926141161796949886e-02	3.629870974505283732e-02	8.709636262619130376e-02
1.468263259844378354e+03	2.157267663344943354e-01	1.389849307821601487e-01	2.749480362681031576e-01	1.675383034378222225e-01	7.931035168317426831e-02	3.632787640671841095e-02	8.716373508716317164e-02
1.470682144951206283e+03	2.154919933352346662e-01	1.388128309549106487e-01	2.750992194847309835e-01	1.676489230232445227e-01	7.935915725707713697e-02	3.635695975087431531e-02	8.723091619356339310e-02
1.473101030058033530e+03	2.152578963623787978e-01	1.386412137786722787e-01	2.752499460648180074e-01	1.677592484942385664e-01	7.940782867061596528e-02	3.638596006004360395e-02	8.729790656886843303e-02
1.475519915164861459e+03	2.150244732945315873e-01	1.384700780447591373e-01	2.754002175501734651e-01	1.678692804083390944e-01	7.945636625447841106e-02	3.641487761476366186e-02	8.736470683259030257e-02
1.477938800271689161e+03	2.147917220210093237e-01	1.382994225439864722e-01	2.755500354756489911e-01	1.679790193259465825e-01	7.950477033909175706e-02	3.644371269361711130e-02	8.743131760033538702e-02
1.480357685378516862e+03	2.145596404416988123e-01	1.381292460667655764e-01	2.756994013691927425e-01	1.680884658102413665e-01	7.955304125461301612e-02	3.647246557326203759e-02	8.749773948386213585e-02
1.482776570485344337e+03	2.143282264669189585e-01	1.379595474031966307e-01	2.758483167519019674e-01	1.681976204270994590e-01	7.960117933091918896e-02	3.650113652846173617e-02	8.756397309113771177e-02
