1.301360187473271253e+03	2.353760152775714598e-01	1.508529624965798122e-01	2.589978908498515864e-01	1.616319245846850050e-01	7.604977136262447424e-02	3.344378314438477967e-02	8.364765228394199781e-02
1.306197957686926657e+03	2.347965489092168900e-01	1.504433196758200864e-01	2.593541242910094025e-01	1.618870172616826142e-01	7.615843927041428263e-02	3.353061082310495461e-02	8.382993976839087091e-02
1.311035727900581833e+03	2.342204447858860783e-01	1.500359443811616345e-01	2.597085007344932528e-01	1.621405068891369206e-01	7.626652965194236078e-02	3.361691793676185869e-02	8.401115562025694705e-02
1.315873498114237009e+03	2.336476800347516147e-01	1.496308269683185033e-01	2.600610286224335765e-01	1.623924054503253778e-01	7.637404532978177285e-02	3.370270804329564274e-02	8.419130555073259248e-02
1.320711268327892412e+03	2.330782321148730796e-01	1.492279576728856028e-01	2.604117163754322006e-01	1.626427248088574695e-01	7.648098911506576170e-02	3.378798464298291004e-02	8.437039526954202839e-02
1.325549038541547588e+03	2.325120788044659770e-01	1.488273266204364342e-01	2.607605723926424424e-01	1.628914767104370775e-01	7.658736380762172502e-02	3.387275118125362278e-02	8.454843048278171125e-02
1.330386808755202765e+03	2.319491981888250343e-01	1.484289238360567698e-01	2.611076050518289504e-01	1.631386727845837159e-01	7.669317219609578240e-02	3.395701105132430814e-02	8.472541689092442929e-02
1.335224578968857941e+03	2.313895686488668113e-01	1.480327392533452857e-01	2.614528227094081170e-01	1.633843245463148242e-01	7.679841705806829399e-02	3.404076759666004037e-02	8.490136018697566622e-02
1.340062349182513572e+03	2.308331688502590073e-01	1.476387627229095167e-01	2.617962337004712259e-01	1.636284433977898134e-01	7.690310116016096931e-02	3.412402411327682128e-02	8.507626605477162929e-02
1.344900119396168748e+03	2.302799777331049624e-01	1.472469840203846636e-01	2.621378463387915025e-01	1.638710406299177524e-01	7.700722725813612113e-02	3.420678385189517695e-02	8.525014016740875555e-02
1.349737889609823924e+03	2.297299745021534612e-01	1.468573928540007068e-01	2.624776689168162314e-01	1.641121274239294991e-01	7.711079809698857812e-02	3.428905001995492807e-02	8.542298818579552311e-02
1.354575659823479100e+03	2.291831386175062768e-01	1.464699788717225004e-01	2.628157097056451619e-01	1.643517148529157201e-01	7.721381641103070015e-02	3.437082578350059842e-02	8.559481575731792136e-02
1.359413430037134731e+03	2.286394497857967278e-01	1.460847316679857733e-01	2.631519769549968135e-01	1.645898138833317703e-01	7.731628492397105146e-02	3.445211426894620454e-02	8.576562851461050352e-02
1.364251200250789907e+03	2.280988879518140444e-01	1.457016407900509070e-01	2.634864788931628454e-01	1.648264353764708756e-01	7.741820634898699538e-02	3.453291856472750360e-02	8.593543207442565224e-02
1.369088970464445310e+03	2.275614332905499804e-01	1.453206957439952263e-01	2.638192237269524898e-01	1.650615900899061461e-01	7.751958338879177957e-02	3.461324172284927642e-02	8.610423203659395286e-02
1.373926740678100487e+03	2.270270661996451611e-01	1.449418860003630627e-01	2.641502196416272152e-01	1.652952886789027243e-01	7.762041873569645867e-02	3.469308676033482086e-02	8.627203398306944326e-02
1.378764510891755890e+03	2.264957672922135734e-01	1.445652009994925491e-01	2.644794748008271190e-01	1.655275416978010949e-01	7.772071507166689042e-02	3.477245666058405987e-02	8.643884347705355076e-02
1.383602281105411066e+03	2.259675173900256295e-01	1.441906301565363258e-01	2.648069973464895477e-01	1.657583596013722793e-01	7.782047506837627693e-02	3.485135437464654401e-02	8.660466606219223429e-02
1.388440051319066470e+03	2.254422975170300436e-01	1.438181628661927558e-01	2.651327953987605568e-01	1.659877527461457725e-01	7.791970138725357042e-02	3.492978282241502447e-02	8.676950726184114171e-02
1.393277821532721646e+03	2.249200888931970621e-01	1.434477885071633874e-01	2.654568770559004309e-01	1.662157313917112522e-01	7.801839667952796542e-02	3.500774489374486320e-02	8.693337257839389709e-02
1.398115591746377049e+03	2.244008729286658399e-01	1.430794964463515118e-01	2.657792503941835971e-01	1.664423057019946972e-01	7.811656358626981045e-02	3.508524344950432472e-02	8.709626749266906331e-02
1.402953361960032225e+03	2.238846312181793086e-01	1.427132760428159453e-01	2.660999234677936531e-01	1.666674857465097470e-01	7.821420473842814747e-02	3.516228132256032923e-02	8.725819746335169991e-02
1.407791132173687402e+03	2.233713455357918543e-01	1.423491166514929129e-01	2.664189043087141773e-01	1.668912815015849982e-01	7.831132275686525368e-02	3.523886131870399702e-02	8.741916792648554702e-02
1.412628902387342805e+03	2.228609978298351779e-01	1.419870076266991354e-01	2.667362009266159850e-01	1.671137028515680134e-01	7.840792025238829677e-02	3.531498621751997385e-02	8.757918429501211632e-02
1.417466672600997981e+03	2.223535702181285156e-01	1.416269383254274983e-01	2.670518213087407777e-01	1.673347595900065987e-01	7.850399982577835334e-02	3.539065877320333314e-02	8.773825195835363577e-02
1.422304442814653157e+03	2.218490449834198963e-01	1.412688981104471275e-01	2.673657734197826819e-01	1.675544614208080707e-01	7.859956406781701266e-02	3.546588171532747552e-02	8.789637628203646191e-02
1.427142213028308333e+03	2.213474045690471126e-01	1.409128763532178363e-01	2.676780652017671236e-01	1.677728179593772906e-01	7.869461555931085706e-02	3.554065774956637752e-02	8.805356260735214269e-02
1.431979983241963964e+03	2.208486315748057482e-01	1.405588624366297668e-01	2.679887045739282048e-01	1.679898387337336041e-01	7.878915687111376354e-02	3.561498955837413827e-02	8.820981625105354940e-02
1.436817753455619140e+03	2.203527087530139650e-01	1.402068457575769145e-01	2.682976994325844688e-01	1.682055331856078528e-01	7.888319056414745678e-02	3.568887980162469692e-02	8.836514250508339940e-02
1.441655523669274316e+03	2.198596190047632792e-01	1.398568157293743897e-01	2.686050576510138899e-01	1.684199106715195959e-01	7.897671918942034130e-02	3.576233111721432989e-02	8.851954663633290754e-02
1.446493293882929493e+03	2.193693453763457535e-01	1.395087617840272964e-01	2.689107870793280841e-01	1.686329804638350416e-01	7.906974528804470992e-02	3.583534612162940503e-02	8.867303388642842898e-02
1.451331064096585123e+03	2.188818710558478875e-01	1.391626733743596966e-01	2.692148955443460778e-01	1.688447517518066876e-01	7.916227139125264767e-02	3.590792741048169645e-02	8.882560947154410913e-02
1.456168834310240300e+03	2.183971793699027719e-01	1.388185399760110683e-01	2.695173908494680193e-01	1.690552336425943936e-01	7.925430002041063127e-02	3.598007755901340421e-02	8.897727858223845876e-02
1.461006604523895703e+03	2.179152537805919831e-01	1.384763510893076699e-01	2.698182807745496681e-01	1.692644351622691612e-01	7.934583368703293504e-02	3.605179912257381464e-02	8.912804638331349449e-02
1.465844374737550879e+03	2.174360778824892815e-01	1.381360962410154714e-01	2.701175730757764959e-01	1.694723652567994843e-01	7.943687489279407932e-02	3.612309463706952356e-02	8.927791801369436286e-02
1.470682144951206283e+03	2.169596353998388405e-01	1.377977649859812859e-01	2.704152754855391749e-01	1.696790327930208508e-01	7.952742612954027956e-02	3.619396661938994314e-02	8.942689858632832389e-02
1.475519915164861459e+03	2.164859101838604305e-01	1.374613469086679585e-01	2.707113957123097880e-01	1.698844465595890918e-01	7.961748987930021559e-02	3.626441756780967446e-02	8.957499318810152600e-02
1.480357685378516862e+03	2.160148862101754774e-01	1.371268316245898011e-01	2.710059414405192602e-01	1.700886152679176311e-01	7.970706861429488477e-02	3.633444996236933483e-02	8.972220687977226772e-02
1.485195455592172038e+03	2.155465475763473915e-01	1.367942087816533814e-01	2.712989203304361774e-01	1.702915475530990541e-01	7.979616479694698339e-02	3.640406626523611661e-02	8.986854469591951111e-02
1.490033225805827215e+03	2.150808784995299205e-01	1.364634680614091600e-01	2.715903400180467164e-01	1.704932519748117714e-01	7.988478087988970522e-02	3.647326892104556240e-02	9.001401164490568929e-02
1.494870996019482618e+03	2.146178633142182268e-01	1.361345991802185296e-01	2.718802081149370720e-01	1.706937370182115554e-01	7.997291930597498488e-02	3.654206035722559753e-02	9.015861270885253131e-02
1.499708766233137567e+03	2.141574864700970526e-01	1.358075918903412227e-01	2.721685322081767722e-01	1.708930110948087833e-01	8.006058250828146372e-02	3.661044298430413818e-02	9.030235284362903014e-02
1.504546536446793198e+03	2.136997325299811179e-01	1.354824359809471412e-01	2.724553198602046589e-01	1.710910825433314131e-01	8.014777291012209481e-02	3.667841919620118407e-02	9.044523697885079039e-02
1.509384306660448374e+03	2.132445861678426979e-01	1.351591212790573537e-01	2.727405786087166439e-01	1.712879596305741658e-01	8.023449292505137331e-02	3.674599137050650610e-02	9.058727001788964561e-02
1.514222076874103550e+03	2.127920321669219128e-01	1.348376376504173135e-01	2.730243159665555752e-01	1.714836505522343013e-01	8.032074495687255289e-02	3.681316186874381696e-02	9.072845683789290683e-02
1.519059847087758726e+03	2.123420554179154540e-01	1.345179750003069330e-01	2.733065394216034893e-01	1.716781634337340157e-01	8.040653139964455687e-02	3.687993303662225747e-02	9.086880228981160379e-02
1.523897617301414357e+03	2.118946409172396961e-01	1.342001232742902339e-01	2.735872564366765292e-01	1.718715063310300717e-01	8.049185463768883386e-02	3.694630720427608678e-02	9.100831119843684480e-02
1.528735387515069533e+03	2.114497737653641685e-01	1.338840724589085152e-01	2.738664744494216374e-01	1.720636872314107446e-01	8.057671704559621340e-02	3.701228668649322873e-02	9.114698836244382318e-02
1.533573157728724709e+03	2.110074391652118353e-01	1.335698125823197857e-01	2.741442008722163592e-01	1.722547140542803890e-01	8.066112098823362275e-02	3.707787378293346536e-02	9.128483855444279038e-02
1.538410927942380113e+03	2.105676224206228242e-01	1.332573337148877657e-01	2.744204430920711979e-01	1.724445946519320427e-01	8.074506882075103975e-02	3.714307077833693682e-02	9.142186652103649613e-02
1.543248698156035516e+03	2.101303089348780795e-01	1.329466259697227593e-01	2.746952084705340247e-01	1.726333368103080412e-01	8.082856288858827898e-02	3.720787994272344718e-02	9.155807698288363772e-02
1.548086468369690692e+03	2.096954842092801086e-01	1.326376795031777023e-01	2.749685043435980969e-01	1.728209482497492788e-01	8.091160552748205559e-02	3.727230353158331178e-02	9.169347463476770765e-02
1.552924238583346096e+03	2.092631338417875742e-01	1.323304845153015774e-01	2.752403380216121853e-01	1.730074366257328411e-01	8.099419906347307685e-02	3.733634378606012771e-02	9.182806414567093456e-02
1.557762008797001272e+03	2.088332435257013453e-01	1.320250312502523338e-01	2.755107167891933662e-01	1.731928095295988124e-01	8.107634581291339737e-02	3.740000293312610580e-02	9.196185015885288694e-02
1.562599779010656675e+03	2.084057990483990097e-01	1.317213099966721701e-01	2.757796479051433658e-01	1.733770744892661198e-01	8.115804808247389923e-02	3.746328318575035260e-02	9.209483729193330970e-02
1.567437549224311852e+03	2.079807862901155990e-01	1.314193110880268467e-01	2.760471386023669038e-01	1.735602389699376358e-01	8.123930816915191089e-02	3.752618674306049118e-02	9.222703013697886032e-02
1.572275319437967255e+03	2.075581912227680015e-01	1.311190249029109967e-01	2.763131960877933668e-01	1.737423103747950115e-01	8.132012836027927016e-02	3.758871579049814782e-02	9.235843326059348102e-02
1.577113089651622431e+03	2.071379999088209800e-01	1.308204418653218237e-01	2.765778275423012023e-01	1.739232960456832400e-01	8.140051093353042888e-02	3.765087249996862395e-02	9.248905120401201829e-02
1.581950859865277607e+03	2.067201985001926312e-01	1.305235524449026019e-01	2.768410401206450877e-01	1.741032032637850335e-01	8.148045815693100158e-02	3.771265902998508640e-02	9.261888848319682621e-02
1.586788630078933011e+03	2.063047732371972032e-01	1.302283471571576423e-01	2.771028409513865420e-01	1.742820392502856530e-01	8.155997228886642525e-02	3.777407752580759503e-02	9.274794958893720076e-02
1.591626400292587959e+03	2.058917104475235238e-01	1.299348165636406149e-01	2.773632371368264238e-01	1.744598111670278562e-01	8.163905557809117419e-02	3.783513011957740507e-02	9.287623898695121505e-02
1.596464170506243590e+03	2.054809965452471243e-01	1.296429512721176402e-01	2.776222357529413154e-01	1.746365261171575478e-01	8.171771026373803037e-02	3.789581893044666194e-02	9.300376111798984435e-02
1.601301940719898766e+03	2.050726180298744206e-01	1.293527419367064279e-01	2.778798438493221834e-01	1.748121911457601318e-01	8.179593857532786727e-02	3.795614606470387731e-02	9.313052039794318671e-02
1.606139710933553943e+03	2.046665614854174253e-01	1.290641792579931557e-01	2.781360684491162027e-01	1.749868132404876764e-01	8.187374273277975290e-02	3.801611361589538052e-02	9.325652121794852922e-02
1.610977481147209119e+03	2.042628135794971322e-01	1.287772539831280316e-01	2.783909165489710791e-01	1.751603993321773911e-01	8.195112494642124712e-02	3.807572366494300919e-02	9.338176794450010754e-02
1.615815251360864750e+03	2.038613610624749328e-01	1.284919569059011502e-01	2.786443951189829793e-01	1.753329562954609733e-01	8.202808741699933737e-02	3.813497828025825404e-02	9.350626491956035014e-02
1.620653021574519926e+03	2.034621907666094021e-01	1.282082788667992523e-01	2.788965111026463495e-01	1.755044909493657934e-01	8.210463233569149921e-02	3.819387951785307989e-02	9.363001646067253825e-02
1.625490791788175102e+03	2.030652896052386747e-01	1.279262107530451664e-01	2.791472714168072855e-01	1.756750100579073381e-01	8.218076188411727045e-02	3.825242942144758268e-02	9.375302686107463146e-02
1.630328562001830505e+03	2.026706445719858030e-01	1.276457434986204564e-01	2.793966829516194017e-01	1.758445203306733817e-01	8.225647823435010275e-02	3.831063002257464184e-02	9.387530038981420355e-02
1.635166332215485909e+03	2.022782427399871241e-01	1.273668680842723056e-01	2.796447525705024195e-01	1.760130284234002751e-01	8.233178354892972672e-02	3.836848334068185956e-02	9.399684129186428039e-02
1.640004102429141085e+03	2.018880712611415551e-01	1.270895755375058833e-01	2.798914871101039203e-01	1.761805409385409915e-01	8.240667998087473911e-02	3.842599138323080782e-02	9.411765378824009376e-02
1.644841872642796488e+03	2.015001173653806488e-01	1.268138569325626408e-01	2.801368933802632077e-01	1.763470644258254838e-01	8.248116967369573116e-02	3.848315614579377042e-02	9.423774207611651521e-02
1.649679642856451665e+03	2.011143683599574128e-01	1.265397033903858104e-01	2.803809781639785559e-01	1.765126053828131591e-01	8.255525476140873620e-02	3.853997961214816748e-02	9.435711032894610051e-02
1.654517413070107068e+03	2.007308116287543076e-01	1.262671060785733601e-01	2.806237482173766784e-01	1.766771702554380263e-01	8.262893736854903803e-02	3.859646375436873861e-02	9.447576269657778636e-02
1.659355183283762244e+03	2.003494346316080921e-01	1.259960562113197624e-01	2.808652102696848063e-01	1.768407654385462380e-01	8.270221961018550672e-02	3.865261053291761673e-02	9.459370330537583693e-02
1.664192953497417420e+03	1.999702249036519330e-01	1.257265450493466885e-01	2.811053710232059299e-01	1.770033972764263885e-01	8.277510359193510081e-02	3.870842189673243811e-02	9.471093625833933161e-02
1.669030723711072824e+03	1.995931700546730025e-01	1.254585638998236830e-01	2.813442371532959840e-01	1.771650720633325404e-01	8.284759140997802196e-02	3.876389978331253733e-02	9.482746563522194416e-02
1.673868493924728000e+03	1.992182577684855904e-01	1.251921041162793458e-01	2.815818153083442521e-01	1.773257960440003944e-01	8.291968515107300819e-02	3.881904611880337280e-02	9.494329549265174972e-02
1.678706264138383403e+03	1.988454758023183722e-01	1.249271570985034663e-01	2.818181121097555475e-01	1.774855754141562714e-01	8.299138689257325174e-02	3.887386281807924532e-02	9.505842986425153129e-02
1.683544034352038352e+03	1.984748119862159155e-01	1.246637142924408581e-01	2.820531341519356139e-01	1.776444163210194604e-01	8.306269870244248343e-02	3.892835178482446229e-02	9.517287276075885039e-02
1.688381804565693983e+03	1.981062542224528988e-01	1.244017671900773808e-01	2.822868880022785798e-01	1.778023248637978504e-01	8.313362263927162599e-02	3.898251491161289911e-02	9.528662817014639519e-02
1.693219574779349159e+03	1.977397904849611809e-01	1.241413073293185787e-01	2.825193802011569111e-01	1.779593070941767885e-01	8.320416075229571107e-02	3.903635407998618662e-02	9.539970005774224548e-02
1.698057344993004335e+03	1.973754088187687772e-01	1.238823262938613806e-01	2.827506172619140279e-01	1.781153690168016945e-01	8.327431508141121264e-02	3.908987116053048994e-02	9.551209236635005428e-02
1.702895115206659511e+03	1.970130973394502716e-01	1.236248157130595410e-01	2.829806056708585871e-01	1.782705165897541799e-01	8.334408765719374113e-02	3.914306801295195509e-02	9.562380901636927111e-02
1.707732885420315142e+03	1.966528442325882475e-01	1.233687672617828912e-01	2.832093518872623727e-01	1.784247557250218386e-01	8.341348050091616784e-02	3.919594648615096905e-02	9.573485390591505995e-02
1.712570655633970318e+03	1.962946377532451547e-01	1.231141726602711234e-01	2.834368623433587420e-01	1.785780922889620426e-01	8.348249562456701300e-02	3.924850841829519155e-02	9.584523091093817559e-02
1.717408425847625494e+03	1.959384662254451959e-01	1.228610236739822725e-01	2.836631434443451227e-01	1.787305321027595484e-01	8.355113503086927795e-02	3.930075563689144208e-02	9.595494388534459018e-02
1.722246196061280898e+03	1.955843180416657057e-01	1.226093121134363140e-01	2.838882015683863447e-01	1.788820809428780523e-01	8.361940071329961033e-02	3.935268995885658067e-02	9.606399666111486990e-02
1.727083966274936301e+03	1.952321816623378004e-01	1.223590298340543475e-01	2.841120430666207453e-01	1.790327445415061391e-01	8.368729465610780238e-02	3.940431319058725762e-02	9.617239304842335745e-02
1.731921736488591478e+03	1.948820456153558256e-01	1.221101687359934101e-01	2.843346742631687185e-01	1.791825285869972084e-01	8.375481883433660846e-02	3.945562712802874739e-02	9.628013683575697979e-02
1.736759506702246881e+03	1.945338984955949924e-01	1.218627207639774168e-01	2.845561014551425405e-01	1.793314387243038766e-01	8.382197521384204819e-02	3.950663355674281785e-02	9.638723179003376440e-02
1.741597276915902057e+03	1.941877289644373672e-01	1.216166779071245485e-01	2.847763309126592479e-01	1.794794805554066064e-01	8.388876575131384850e-02	3.955733425197471842e-02	9.649368165672106423e-02
1.746435047129557461e+03	1.938435257493053565e-01	1.213720321987711709e-01	2.849953688788547934e-01	1.796266596397370907e-01	8.395519239429632963e-02	3.960773097871922444e-02	9.659949015995343558e-02
1.751272817343212637e+03	1.935012776432026294e-01	1.211287757162927137e-01	2.852132215699005324e-01	1.797729814945959737e-01	8.402125708120966596e-02	3.965782549178598071e-02	9.670466100264996090e-02
1.756110587556867813e+03	1.931609735042622567e-01	1.208869005809216218e-01	2.854298951750215974e-01	1.799184515955652708e-01	8.408696174137131329e-02	3.970761953586394305e-02	9.680919786663143289e-02
1.760948357770523216e+03	1.928226022553015673e-01	1.206463989575626422e-01	2.856453958565174367e-01	1.800630753769158765e-01	8.415230829501789411e-02	3.975711484558507730e-02	9.691310441273692788e-02
1.765786127984178393e+03	1.924861528833836932e-01	1.204072630546058204e-01	2.858597297497837419e-01	1.802068582320093815e-01	8.421729865332730491e-02	3.980631314558734368e-02	9.701638428094008781e-02
1.770623898197833569e+03	1.921516144393852488e-01	1.201694851237370965e-01	2.860729029633368725e-01	1.803498055136951717e-01	8.428193471844112883e-02	3.985521615057699418e-02	9.711904109046483324e-02
1.775461668411488745e+03	1.918189760375700881e-01	1.199330574597469168e-01	2.862849215788396684e-01	1.804919225347023648e-01	8.434621838348746459e-02	3.990382556539010667e-02	9.722107843990071552e-02
1.780299438625144376e+03	1.914882268551691413e-01	1.196979724003369994e-01	2.864957916511290392e-01	1.806332145680270285e-01	8.441015153260383874e-02	3.995214308505355000e-02	9.732249990731779710e-02
1.785137208838799552e+03	1.911593561319654411e-01	1.194642223259254205e-01	2.867055192082454962e-01	1.807736868473141523e-01	8.447373604096058974e-02	4.000017039484523446e-02	9.742330905038100453e-02
1.789974979052454728e+03	1.908323531698851161e-01	1.192317996594501051e-01	2.869141102514645159e-01	1.809133445672352902e-01	8.453697377478444630e-02	4.004790917035384867e-02	9.752350940646406507e-02
1.794812749266109904e+03	1.905072073325929927e-01	1.190006968661710129e-01	2.871215707553291807e-01	1.810521928838610961e-01	8.459986659138230003e-02	4.009536107753788881e-02	9.762310449276287438e-02
1.799650519479765535e+03	1.901839080450937192e-01	1.187709064534710479e-01	2.873279066676848181e-01	1.811902369150295844e-01	8.466241633916550546e-02	4.014252777278416728e-02	9.772209780640842003e-02
1.804488289693420711e+03	1.898624447933374426e-01	1.185424209706558013e-01	2.875331239097153602e-01	1.813274817407095896e-01	8.472462485767406903e-02	4.018941090296581503e-02	9.782049282457919159e-02
1.809326059907075887e+03	1.895428071238302870e-01	1.183152330087524490e-01	2.877372283759805915e-01	1.814639324033597290e-01	8.478649397760149031e-02	4.023601210549964530e-02	9.791829300461303565e-02
1.814163830120731291e+03	1.892249846432494664e-01	1.180893352003076768e-01	2.879402259344558401e-01	1.815995939082831745e-01	8.484802552081943672e-02	4.028233300840306647e-02	9.801550178411858050e-02
1.819001600334386467e+03	1.889089670180624236e-01	1.178647202191848986e-01	2.881421224265726111e-01	1.817344712239777615e-01	8.490922130040302884e-02	4.032837523035046057e-02	9.811212258108600870e-02
1.823839370548041643e+03	1.885947439741507414e-01	1.176413807803608075e-01	2.883429236672609974e-01	1.818685692824819622e-01	8.497008312065613966e-02	4.037414038072907607e-02	9.820815879399739934e-02
1.828677140761696819e+03	1.882823052964376076e-01	1.174193096397215114e-01	2.885426354449932562e-01	1.820018929797167784e-01	8.503061277713702681e-02	4.041963005969442801e-02	9.830361380193651522e-02
1.833514910975352450e+03	1.879716408285196372e-01	1.171984995938580021e-01	2.887412635218289392e-01	1.821344471758231109e-01	8.509081205668414527e-02	4.046484585822524016e-02	9.839849096469804879e-02
1.838352681189008081e+03	1.876627404723023307e-01	1.169789434798614858e-01	2.889388136334617441e-01	1.822662366954952429e-01	8.515068273744211269e-02	4.050978935817794307e-02	9.849279362289628525e-02
1.843190451402663257e+03	1.873555941876394182e-01	1.167606341751182691e-01	2.891352914892669768e-01	1.823972663283103812e-01	8.521022658888804946e-02	4.055446213234070035e-02	9.858652509807332154e-02
1.848028221616318433e+03	1.870501919919756451e-01	1.165435645971046041e-01	2.893307027723511782e-01	1.825275408290539525e-01	8.526944537185800199e-02	4.059886574448701158e-02	9.867968869280666078e-02
1.852865991829973609e+03	1.867465239599932492e-01	1.163277277031812690e-01	2.895250531396024729e-01	1.826570649180412620e-01	8.532834083857360197e-02	4.064300174942893362e-02	9.877228769081625170e-02
1.857703762043628785e+03	1.864445802232617411e-01	1.161131164903882185e-01	2.897183482217422501e-01	1.827858432814349621e-01	8.538691473266886434e-02	4.068687169306979545e-02	9.886432535707108393e-02
1.862541532257283961e+03	1.861443509698910426e-01	1.158997239952391511e-01	2.899105936233785652e-01	1.829138805715590232e-01	8.544516878921731839e-02	4.073047711245660757e-02	9.895580493789514487e-02
1.867379302470939592e+03	1.858458264441878727e-01	1.156875432935162706e-01	2.901017949230599857e-01	1.830411814072087362e-01	8.550310473475916662e-02	4.077381953583202046e-02	9.904672966107279375e-02
1.872217072684594768e+03	1.855489969463152145e-01	1.154765675000650471e-01	2.902919576733311580e-01	1.831677503739571056e-01	8.556072428732869328e-02	4.081690048268590137e-02	9.913710273595371936e-02
1.877054842898249490e+03	1.852538528319550015e-01	1.152667897685892562e-01	2.904810874007893173e-01	1.832935920244576355e-01	8.561802915648183965e-02	4.085972146380655728e-02	9.922692735355721771e-02
1.881892613111905121e+03	1.849603845119735246e-01	1.150582032914462677e-01	2.906691896061421865e-01	1.834187108787433962e-01	8.567502104332395951e-02	4.090228398133153448e-02	9.931620668667599794e-02
1.886730383325560297e+03	1.846685824520900021e-01	1.148508012994425703e-01	2.908562697642664285e-01	1.835431114245226480e-01	8.573170164053765807e-02	4.094458952879810598e-02	9.940494388997943298e-02
1.891568153539215928e+03	1.843784371725478433e-01	1.146445770616296711e-01	2.910423333242677657e-01	1.836667981174710529e-01	8.578807263241092218e-02	4.098663959119338424e-02	9.949314210011621362e-02
1.896405923752871104e+03	1.840899392477887697e-01	1.144395238851003971e-01	2.912273857095416529e-01	1.837897753815201929e-01	8.584413569486529227e-02	4.102843564500405216e-02	9.958080443581648900e-02
1.901243693966526507e+03	1.838030793061295465e-01	1.142356351147855165e-01	2.914114323178354504e-01	1.839120476091428980e-01	8.589989249548421468e-02	4.106997915826580275e-02	9.966793399799346587e-02
1.906081464180181683e+03	1.835178480294413772e-01	1.140329041332509424e-01	2.915944785213109292e-01	1.840336191616352979e-01	8.595534469354149110e-02	4.111127159061238323e-02	9.975453386984443893e-02
1.910919234393836859e+03	1.832342361528320751e-01	1.138313243604952840e-01	2.917765296666085528e-01	1.841544943693953218e-01	8.601049394002996396e-02	4.115231439332433377e-02	9.984060711695127988e-02
1.915757004607492036e+03	1.829522344643304266e-01	1.136308892537481463e-01	2.919575910749119263e-01	1.842746775321982278e-01	8.606534187769022959e-02	4.119310900937740716e-02	9.992615678738042684e-02
1.920594774821147894e+03	1.826718338045733303e-01	1.134315923072686805e-01	2.921376680420136318e-01	1.843941729194687185e-01	8.611989014103954565e-02	4.123365687349061365e-02	1.000111859117822355e-01
1.925432545034802843e+03	1.823930250664952124e-01	1.132334270521449804e-01	2.923167658383817313e-01	1.845129847705500592e-01	8.617414035640082182e-02	4.127395941217403691e-02	1.000956975034898860e-01
1.930270315248458019e+03	1.821157991950198285e-01	1.130363870560939787e-01	2.924948897092273237e-01	1.846311172949699764e-01	8.622809414193173538e-02	4.131401804377620585e-02	1.001796945586177073e-01
1.935108085462113195e+03	1.818401471867544805e-01	1.128404659232619262e-01	2.926720448745726566e-01	1.847485746727035305e-01	8.628175310765391626e-02	4.135383417853129989e-02	1.002631800561589320e-01
1.939945855675768371e+03	1.815660600896863708e-01	1.126456572940256889e-01	2.928482365293204048e-01	1.848653610544330750e-01	8.633511885548232623e-02	4.139340921860592409e-02	1.003461569580829660e-01
1.944783625889424002e+03	1.812935290028813706e-01	1.124519548447945605e-01	2.930234698433233920e-01	1.849814805618049396e-01	8.638819297925466600e-02	4.143274455814567603e-02	1.004286282094321026e-01
1.949621396103079178e+03	1.810225450761849542e-01	1.122593522878128219e-01	2.931977499614553673e-01	1.850969372876835883e-01	8.644097706476096266e-02	4.147184158332131720e-02	1.005105967384177096e-01
1.954459166316734354e+03	1.807530995099251026e-01	1.120678433709631217e-01	2.933710820036822819e-01	1.852117352964025021e-01	8.649347268977305991e-02	4.151070167237477793e-02	1.005920654565158612e-01
1.959296936530389530e+03	1.804851835546176231e-01	1.118774218775704654e-01	2.935434710651345647e-01	1.853258786240124245e-01	8.654568142407445541e-02	4.154932619566472501e-02	1.006730372585624561e-01
1.964134706744044706e+03	1.802187885106734111e-01	1.116880816262069975e-01	2.937149222161797857e-01	1.854393712785267490e-01	8.659760482948998528e-02	4.158771651571196298e-02	1.007535150228478504e-01
1.968972476957700337e+03	1.799539057281076826e-01	1.114998164704975869e-01	2.938854405024962091e-01	1.855522172401641301e-01	8.664924445991581403e-02	4.162587398724446747e-02	1.008335016112108379e-01
1.973810247171355968e+03	1.796905266062514273e-01	1.113126202989261487e-01	2.940550309451471223e-01	1.856644204615882643e-01	8.670060186134924407e-02	4.166379995724220353e-02	1.009129998691322971e-01
1.978648017385010689e+03	1.794286425934647211e-01	1.111264870346428124e-01	2.942236985406554428e-01	1.857759848681451442e-01	8.675167857191884435e-02	4.170149576498161786e-02	1.009920126258281453e-01
1.983485787598666320e+03	1.791682451868520376e-01	1.109414106352718810e-01	2.943914482610790473e-01	1.858869143580975103e-01	8.680247612191444029e-02	4.173896274207986035e-02	1.010705426943418472e-01
1.988323557812321269e+03	1.789093259319796125e-01	1.107573850927204978e-01	2.945582850540872655e-01	1.859972128028567206e-01	8.685299603381732569e-02	4.177620221253878358e-02	1.011485928716364113e-01
1.993161328025976900e+03	1.786518764225943634e-01	1.105744044329883269e-01	2.947242138430369307e-01	1.861068840472120123e-01	8.690323982233047473e-02	4.181321549278856770e-02	1.012261659386858997e-01
1.997999098239632076e+03	1.783958883003450846e-01	1.103924627159780097e-01	2.948892395270498734e-01	1.862159319095573196e-01	8.695320899440867057e-02	4.185000389173122726e-02	1.013032646605662862e-01
2.002836868453287707e+03	1.781413532545052802e-01	1.102115540353063444e-01	2.950533669810906368e-01	1.863243601821154838e-01	8.700290504928899493e-02	4.188656871078368787e-02	1.013798917865460503e-01
2.007674638666942428e+03	1.778882630216978844e-01	1.100316725181165051e-01	2.952166010560444698e-01	1.864321726311597982e-01	8.705232947852106773e-02	4.192291124392073798e-02	1.014560500501759666e-01
2.012512408880597604e+03	1.776366093856217854e-01	1.098528123248909832e-01	2.953789465787963753e-01	1.865393729972334991e-01	8.710148376599743947e-02	4.195903277771765444e-02	1.015317421693786581e-01
2.017350179094252780e+03	1.773863841767800709e-01	1.096749676492654452e-01	2.955404083523101577e-01	1.866459649953665645e-01	8.715036938798413624e-02	4.199493459139257839e-02	1.016069708465374699e-01
2.022187949307908411e+03	1.771375792722101328e-01	1.094981327178435326e-01	2.957009911557080262e-01	1.867519523152901539e-01	8.719898781315101044e-02	4.203061795684864821e-02	1.016817387685849533e-01
2.027025719521564042e+03	1.768901865952154373e-01	1.093223017900123439e-01	2.958606997443509190e-01	1.868573386216487719e-01	8.724734050260232743e-02	4.206608413871585489e-02	1.017560486070907266e-01
2.031863489735218764e+03	1.766441981150990714e-01	1.091474691577590528e-01	2.960195388499191615e-01	1.869621275542101280e-01	8.729542890990726889e-02	4.210133439439269626e-02	1.018299030183490300e-01
2.036701259948874394e+03	1.763996058468988160e-01	1.089736291454882072e-01	2.961775131804931793e-01	1.870663227280725815e-01	8.734325448113050561e-02	4.213636997408753276e-02	1.019033046434655726e-01
2.041539030162529116e+03	1.761564018511241614e-01	1.088007761098400000e-01	2.963346274206352104e-01	1.871699277338704503e-01	8.739081865486279799e-02	4.217119212085971430e-02	1.019762561084440466e-01
2.046376800376184747e+03	1.759145782334947394e-01	1.086289044395094688e-01	2.964908862314709070e-01	1.872729461379770699e-01	8.743812286225158270e-02	4.220580207066048500e-02	1.020487600242720727e-01
2.051214570589840150e+03	1.756741271446806141e-01	1.084580085550665152e-01	2.966462942507716583e-01	1.873753814827056330e-01	8.748516852703164259e-02	4.224020105237360351e-02	1.021208189870067284e-01
2.056052340803495554e+03	1.754350407800439604e-01	1.082880829087768532e-01	2.968008560930368578e-01	1.874772372865077807e-01	8.753195706555567945e-02	4.227439028785574815e-02	1.021924355778595084e-01
2.060890111017150957e+03	1.751973113793825476e-01	1.081191219844239021e-01	2.969545763495770596e-01	1.875785170441703342e-01	8.757848988682501168e-02	4.230837099197671397e-02	1.022636123632808536e-01
2.065727881230805451e+03	1.749609312266746930e-01	1.079511202971314698e-01	2.971074595885969671e-01	1.876792242270095001e-01	8.762476839252023031e-02	4.234214437265931830e-02	1.023343518950442510e-01
2.070565651444461309e+03	1.747258926498257703e-01	1.077840723931874495e-01	2.972595103552790885e-01	1.877793622830634945e-01	8.767079397703179955e-02	4.237571163091907733e-02	1.024046567103297223e-01
2.075403421658116713e+03	1.744921880204164943e-01	1.076179728498683347e-01	2.974107331718673919e-01	1.878789346372826408e-01	8.771656802749080994e-02	4.240907396090368153e-02	1.024745293318069794e-01
2.080241191871772116e+03	1.742598097534523716e-01	1.074528162752646787e-01	2.975611325377516825e-01	1.879779446917176911e-01	8.776209192379957891e-02	4.244223254993226280e-02	1.025439722677180393e-01
2.085078962085427065e+03	1.740287503071150654e-01	1.072885973081074695e-01	2.977107129295515353e-01	1.880763958257062052e-01	8.780736703866230675e-02	4.247518857853433555e-02	1.026129880119594079e-01
2.089916732299082469e+03	1.737990021825149556e-01	1.071253106175953929e-01	2.978594788012011163e-01	1.881742913960567087e-01	8.785239473761580209e-02	4.250794322048860596e-02	1.026815790441637094e-01
2.094754502512737417e+03	1.735705579234455009e-01	1.069629509032229420e-01	2.980074345840340588e-01	1.882716347372312415e-01	8.789717637906002690e-02	4.254049764286149671e-02	1.027497478297809963e-01
2.099592272726392821e+03	1.733434101161387686e-01	1.068015128946095404e-01	2.981545846868685623e-01	1.883684291615256023e-01	8.794171331428882188e-02	4.257285300604549128e-02	1.028174968201594763e-01
2.104430042940048224e+03	1.731175513890226281e-01	1.066409913513293867e-01	2.983009334960926573e-01	1.884646779592480670e-01	8.798600688752039600e-02	4.260501046379722850e-02	1.028848284526258511e-01
2.109267813153704083e+03	1.728929744124794443e-01	1.064813810627424501e-01	2.984464853757496927e-01	1.885603843988959971e-01	8.803005843592812130e-02	4.263697116327537506e-02	1.029517451505651410e-01
2.114105583367359031e+03	1.726696718986061030e-01	1.063226768478260920e-01	2.985912446676240450e-01	1.886555517273306726e-01	8.807386928967089745e-02	4.266873624507827589e-02	1.030182493235001634e-01
2.118943353581013525e+03	1.724476366009754513e-01	1.061648735550078104e-01	2.987352156913269940e-01	1.887501831699503196e-01	8.811744077192389113e-02	4.270030684328141035e-02	1.030843433671703863e-01
2.123781123794669384e+03	1.722268613143992932e-01	1.060079660619987207e-01	2.988784027443827651e-01	1.888442819308613352e-01	8.816077419890898381e-02	4.273168408547460551e-02	1.031500296636105179e-01
2.128618894008324787e+03	1.720073388746927168e-01	1.058519492756280073e-01	2.990208101023148490e-01	1.889378511930477067e-01	8.820387087992530295e-02	4.276286909279904125e-02	1.032153105812285837e-01
2.133456664221980191e+03	1.717890621584397537e-01	1.056968181316782079e-01	2.991624420187322109e-01	1.890308941185388503e-01	8.824673211737968370e-02	4.279386297998405420e-02	1.032801884748834609e-01
2.138294434435635139e+03	1.715720240827605658e-01	1.055425675947214703e-01	2.993033027254157763e-01	1.891234138485753391e-01	8.828935920681718619e-02	4.282466685538371953e-02	1.033446656859621227e-01
2.143132204649290543e+03	1.713562176050799635e-01	1.053891926579566263e-01	2.994433964324051956e-01	1.892154135037733276e-01	8.833175343695147397e-02	4.285528182101320388e-02	1.034087445424563684e-01
2.147969974862945492e+03	1.711416357228972007e-01	1.052366883430471273e-01	2.995827273280853853e-01	1.893068961842871711e-01	8.837391608969519252e-02	4.288570897258493775e-02	1.034724273590391513e-01
2.152807745076601350e+03	1.709282714735572417e-01	1.050850496999599371e-01	2.997212995792734591e-01	1.893978649699702144e-01	8.841584844019034772e-02	4.291594939954456595e-02	1.035357164371403932e-01
2.157645515290255844e+03	1.707161179340233037e-01	1.049342718068052571e-01	2.998591173313057134e-01	1.894883229205341357e-01	8.845755175683858718e-02	4.294600418510669676e-02	1.035986140650224652e-01
2.162483285503912157e+03	1.705051682206507602e-01	1.047843497696770848e-01	2.999961847081244470e-01	1.895782730757066825e-01	8.849902730133152318e-02	4.297587440629041522e-02	1.036611225178552392e-01
2.167321055717567106e+03	1.702954154889624316e-01	1.046352787224947289e-01	3.001325058123651690e-01	1.896677184553875739e-01	8.854027632868088915e-02	4.300556113395465063e-02	1.037232440577906117e-01
2.172158825931222509e+03	1.700868529334250423e-01	1.044870538268451721e-01	3.002680847254438623e-01	1.897566620598031828e-01	8.858130008724879323e-02	4.303506543283330127e-02	1.037849809340366664e-01
2.176996596144877003e+03	1.698794737872271199e-01	1.043396702718261959e-01	3.004029255076439142e-01	1.898451068696593302e-01	8.862209981877786080e-02	4.306438836157014394e-02	1.038463353829314900e-01
2.181834366358532861e+03	1.696732713220581168e-01	1.041931232738904922e-01	3.005370321982034909e-01	1.899330558462926921e-01	8.866267675842125218e-02	4.309353097275357009e-02	1.039073096280164060e-01
2.186672136572187810e+03	1.694682388478888635e-01	1.040474080766906062e-01	3.006704088154028010e-01	1.900205119318207903e-01	8.870303213477279125e-02	4.312249431295113455e-02	1.039679058801089573e-01
2.191509906785843214e+03	1.692643697127533819e-01	1.039025199509246988e-01	3.008030593566515809e-01	1.901074780492902072e-01	8.874316716989692766e-02	4.315127942274384759e-02	1.040281263373753623e-01
2.196347676999498617e+03	1.690616573025315872e-01	1.037584541941831279e-01	3.009349877985760258e-01	1.901939571028236353e-01	8.878308307935865729e-02	4.317988733676034890e-02	1.040879731854025686e-01
2.201185447213154021e+03	1.688600950407338763e-01	1.036152061307960143e-01	3.010661980971066076e-01	1.902799519777652049e-01	8.882278107225341501e-02	4.320831908371082497e-02	1.041474485972700148e-01
2.206023217426809424e+03	1.686596763882864669e-01	1.034727711116814886e-01	3.011966941875648951e-01	1.903654655408245355e-01	8.886226235123698136e-02	4.323657568642074595e-02	1.042065547336207959e-01
2.210860987640464373e+03	1.684603948433180953e-01	1.033311445141949086e-01	3.013264799847513720e-01	1.904505006402194001e-01	8.890152811255511156e-02	4.326465816186444296e-02	1.042652937427325788e-01
2.215698757854119776e+03	1.682622439409481030e-01	1.031903217419787855e-01	3.014555593830324787e-01	1.905350601058166948e-01	8.894057954607335892e-02	4.329256752119843565e-02	1.043236677605880319e-01
2.220536528067775180e+03	1.680652172530755495e-01	1.030502982248137217e-01	3.015839362564279313e-01	1.906191467492723834e-01	8.897941783530673165e-02	4.332030476979461392e-02	1.043816789109448806e-01
2.225374298281430583e+03	1.678693083881697135e-01	1.029110694184700164e-01	3.017116144586981519e-01	1.907027633641698583e-01	8.901804415744923871e-02	4.334787090727321157e-02	1.044393293054056010e-01
2.230212068495085077e+03	1.676745109910617038e-01	1.027726308045601028e-01	3.018385978234313649e-01	1.907859127261569698e-01	8.905645968340339391e-02	4.337526692753559260e-02	1.044966210434866288e-01
2.235049838708740936e+03	1.674808187427372919e-01	1.026349778903919430e-01	3.019648901641307503e-01	1.908685975930818068e-01	8.909466557780980345e-02	4.340249381879687091e-02	1.045535562126872764e-01
2.239887608922396339e+03	1.672882253601309654e-01	1.024981062088231309e-01	3.020904952743015959e-01	1.909508207051270612e-01	8.913266299907644796e-02	4.342955256361830108e-02	1.046101368885581639e-01
2.244725379136052197e+03	1.670967245959211755e-01	1.023620113181158003e-01	3.022154169275386715e-01	1.910325847849431158e-01	8.917045309940804798e-02	4.345644413893950952e-02	1.046663651347693458e-01
2.249563149349706237e+03	1.669063102383266661e-01	1.022266888017924619e-01	3.023396588776127714e-01	1.911138925377799114e-01	8.920803702483534603e-02	4.348316951611055220e-02	1.047222430031779505e-01
2.254400919563362095e+03	1.667169761109041914e-01	1.020921342684924654e-01	3.024632248585579219e-01	1.911947466516174254e-01	8.924541591524430550e-02	4.350972966092377103e-02	1.047777725338955718e-01
2.259238689777017044e+03	1.665287160723470383e-01	1.019583433518294335e-01	3.025861185847582568e-01	1.912751497972949855e-01	8.928259090440524015e-02	4.353612553364547000e-02	1.048329557553551589e-01
2.264076459990672902e+03	1.663415240162851583e-01	1.018253117102493888e-01	3.027083437510349473e-01	1.913551046286393331e-01	8.931956312000180476e-02	4.356235808904741075e-02	1.048877946843775610e-01
