1.001418434226643626e+03	2.777862925342733935e-01	1.820125051212668210e-01	2.346832979754487347e-01	1.406311055227819073e-01	6.702642866013977518e-02	2.854417277806332170e-02	6.931619740766359339e-02
1.003837319333471214e+03	2.773379828956729076e-01	1.817498066784803135e-01	2.349659813568869826e-01	1.407931126946552203e-01	6.710548528125299950e-02	2.860192017354094146e-02	6.944571091914814032e-02
1.006256204440298802e+03	2.768918371997994288e-01	1.814871048041948876e-01	2.352475691038959371e-01	1.409551045409369319e-01	6.718443599853431147e-02	2.865934062201364735e-02	6.957460773026237499e-02
1.008675089547126618e+03	2.764478283781161005e-01	1.812244171933117542e-01	2.355280699647700482e-01	1.411170757442556378e-01	6.726327476667098848e-02	2.871644064634227070e-02	6.970289330617079893e-02
1.011093974653954206e+03	2.760059299243121655e-01	1.809617610739236160e-01	2.358074924751036583e-01	1.412790207807596288e-01	6.734199616078331840e-02	2.877322637180561998e-02	6.983057321294958153e-02
1.013512859760782021e+03	2.755661158822134138e-01	1.806991532183946092e-01	2.360858449712837648e-01	1.414409339617895278e-01	6.742059530791925936e-02	2.882970356716033425e-02	6.995765309087670358e-02
1.015931744867609382e+03	2.751283608338638276e-01	1.804366099541869772e-01	2.363631356026465735e-01	1.416028094704348539e-01	6.749906782629157276e-02	2.888587768083156204e-02	7.008413863138220068e-02
1.018350629974437197e+03	2.746926398877872488e-01	1.801741471744398304e-01	2.366393723424462248e-01	1.417646413935646499e-01	6.757740977138469718e-02	2.894175387283061743e-02	7.021003555718434430e-02
1.020769515081264785e+03	2.742589286674366744e-01	1.799117803483042122e-01	2.369145629977661149e-01	1.419264237498541747e-01	6.765561758815615001e-02	2.899733704292185160e-02	7.033534960519850776e-02
1.023188400188092373e+03	2.738272032998368410e-01	1.796495245310402167e-01	2.371887152184896375e-01	1.420881505142710388e-01	6.773368806864396574e-02	2.905263185549621097e-02	7.046008651185979577e-02
1.025607285294920075e+03	2.733974404044243189e-01	1.793873943738809318e-01	2.374618365054332325e-01	1.422498156394316760e-01	6.781161831436853527e-02	2.910764276155245606e-02	7.058425200054661841e-02
1.028026170401747549e+03	2.729696170820884449e-01	1.791254041336674541e-01	2.377339342177339776e-01	1.424114130741915285e-01	6.788940570298616917e-02	2.916237401813743038e-02	7.070785177083277473e-02
1.030445055508575479e+03	2.725437109044159256e-01	1.788635676822607212e-01	2.380050155795723488e-01	1.425729367797917424e-01	6.796704785871239551e-02	2.921682970555346953e-02	7.083089148933113810e-02
1.032863940615402726e+03	2.721196999031400554e-01	1.786018985157344641e-01	2.382750876863027889e-01	1.427343807438475887e-01	6.804454262608747306e-02	2.927101374260313721e-02	7.095337678192221997e-02
1.035282825722230655e+03	2.716975625597954358e-01	1.783404097633539687e-01	2.385441575100561984e-01	1.428957389924318255e-01	6.812188804670450681e-02	2.932492990010819589e-02	7.107531322718765865e-02
1.037701710829058356e+03	2.712772777955781422e-01	1.780791141963455337e-01	2.388122319048709419e-01	1.430570056004769885e-01	6.819908233856374069e-02	2.937858181291068405e-02	7.119670635089174471e-02
1.040120595935886058e+03	2.708588249614116705e-01	1.778180242364612307e-01	2.390793176114027474e-01	1.432181747006948391e-01	6.827612387775421066e-02	2.943197299053850954e-02	7.131756162137450894e-02
1.042539481042713533e+03	2.704421838282167201e-01	1.775571519643432961e-01	2.393454212612587118e-01	1.433792404911883867e-01	6.835301118219817840e-02	2.948510682669559443e-02	7.143788444573684338e-02
1.044958366149541234e+03	2.700273345773834266e-01	1.772965091276928751e-01	2.396105493809945752e-01	1.435401972419124705e-01	6.842974289722329739e-02	2.953798660771709411e-02	7.155768016671398835e-02
1.047377251256368709e+03	2.696142577914452110e-01	1.770361071492473071e-01	2.398747083958111259e-01	1.437010393001197928e-01	6.850631778275451111e-02	2.959061552011305746e-02	7.167695406014669424e-02
1.049796136363196410e+03	2.692029344449514139e-01	1.767759571345703939e-01	2.401379046329804035e-01	1.438617610949145253e-01	6.858273470194095611e-02	2.964299665730884756e-02	7.179571133297109331e-02
1.052215021470024112e+03	2.687933458955367172e-01	1.765160698796598149e-01	2.404001443250301240e-01	1.440223571410209069e-01	6.865899261105447293e-02	2.969513302567748647e-02	7.191395712165814247e-02
1.054633906576851814e+03	2.683854738751844660e-01	1.762564558783757673e-01	2.406614336127104459e-01	1.441828220418623074e-01	6.873509055051446603e-02	2.974702754994750994e-02	7.203169649104269878e-02
1.057052791683679516e+03	2.679793004816820035e-01	1.759971253296952198e-01	2.409217785477653639e-01	1.443431504920345831e-01	6.881102763691097912e-02	2.979868307805981845e-02	7.214893443348964486e-02
1.059471676790506763e+03	2.675748081702639114e-01	1.757380881447954402e-01	2.411811850955282444e-01	1.445033372792487725e-01	6.888680305591181330e-02	2.985010238553806317e-02	7.226567586835139223e-02
1.061890561897334692e+03	2.671719797454414347e-01	1.754793539539707403e-01	2.414396591373583756e-01	1.446633772858081091e-01	6.896241605595306023e-02	2.990128817942932019e-02	7.238192564167657272e-02
1.064309447004162394e+03	2.667707983530141491e-01	1.752209321133866293e-01	2.416972064729344116e-01	1.448232654896784988e-01	6.903786594262362186e-02	2.995224310186500594e-02	7.249768852613533432e-02
1.066728332110990095e+03	2.663712474722610413e-01	1.749628317116746490e-01	2.419538328224179746e-01	1.449829969652030037e-01	6.911315207366450220e-02	3.000296973328585998e-02	7.261296922113071040e-02
1.069147217217817570e+03	2.659733109083076696e-01	1.747050615763718062e-01	2.422095438284999902e-01	1.451425668835062410e-01	6.918827385451294110e-02	3.005347059536967597e-02	7.272777235306943089e-02
1.071566102324645271e+03	2.655769727846665207e-01	1.744476302802083489e-01	2.424643450583402748e-01	1.453019705126284977e-01	6.926323073432910649e-02	3.010374815369571896e-02	7.284210247576927699e-02
1.073984987431472746e+03	2.651822175359465628e-01	1.741905461472472993e-01	2.427182420054099787e-01	1.454612032174252834e-01	6.933802220245052772e-02	3.015380482017574609e-02	7.295596407098242642e-02
1.076403872538300675e+03	2.647890299007292225e-01	1.739338172588786868e-01	2.429712400912456549e-01	1.456202604592632122e-01	6.941264778522546197e-02	3.020364295527796020e-02	7.306936154901753910e-02
1.078822757645127922e+03	2.643973949146078417e-01	1.736774514596730323e-01	2.432233446671226706e-01	1.457791377955398870e-01	6.948710704318226961e-02	3.025326487006707935e-02	7.318229924944501252e-02
1.081241642751955851e+03	2.640072979033857292e-01	1.734214563630960271e-01	2.434745610156545392e-01	1.459378308790522105e-01	6.956139956849632933e-02	3.030267282808092599e-02	7.329478144187205613e-02
1.083660527858783553e+03	2.636187244764319204e-01	1.731658393570886245e-01	2.437248943523243061e-01	1.460963354572344108e-01	6.963552498272096436e-02	3.035186904706159081e-02	7.340681232677601087e-02
1.086079412965611255e+03	2.632316605201892035e-01	1.729106076095152655e-01	2.439743498269536515e-01	1.462546473712847961e-01	6.970948293475244528e-02	3.040085570055693978e-02	7.351839603638556098e-02
1.088498298072438729e+03	2.628460921918323590e-01	1.726557680734834288e-01	2.442229325251143446e-01	1.464127625551976120e-01	6.978327309900229924e-02	3.044963491940652286e-02	7.362953663560130313e-02
1.090917183179266431e+03	2.624620059130732819e-01	1.724013274925372818e-01	2.444706474694865184e-01	1.465706770347150467e-01	6.985689517375388846e-02	3.049820879312419367e-02	7.374023812294765168e-02
1.093336068286093905e+03	2.620793883641092115e-01	1.721472924057290688e-01	2.447174996211675668e-01	1.467283869262118179e-01	6.993034887968221924e-02	3.054657937118830657e-02	7.385050443154964062e-02
1.095754953392921607e+03	2.616982264777119593e-01	1.718936691525699834e-01	2.449634938809353568e-01	1.468858884355240813e-01	7.000363395851863513e-02	3.059474866424912592e-02	7.396033943012869649e-02
1.098173838499749309e+03	2.613185074334539726e-01	1.716404638778645519e-01	2.452086350904685297e-01	1.470431778567322378e-01	7.007675017184432364e-02	3.064271864526190575e-02	7.406974692401234461e-02
1.100592723606577010e+03	2.609402186520688449e-01	1.713876825364304135e-01	2.454529280335273345e-01	1.472002515709066317e-01	7.014969729999791237e-02	3.069049125055313756e-02	7.417873065615357420e-02
1.103011608713404712e+03	2.605633477899435002e-01	1.711353308977066334e-01	2.456963774370967135e-01	1.473571060448236603e-01	7.022247514108476141e-02	3.073806838082660670e-02	7.428729430815601831e-02
1.105430493820231959e+03	2.601878827337381628e-01	1.708834145502527713e-01	2.459389879724947214e-01	1.475137378296592083e-01	7.029508351007640599e-02	3.078545190211509630e-02	7.439544150130154854e-02
1.107849378927059888e+03	2.598138115951322824e-01	1.706319389061419223e-01	2.461807642564478316e-01	1.476701435596648460e-01	7.036752223799024042e-02	3.083264364668292928e-02	7.450317579757785580e-02
1.110268264033887590e+03	2.594411227056928615e-01	1.703809092052493979e-01	2.464217108521351007e-01	1.478263199508325909e-01	7.043979117114071431e-02	3.087964541388393824e-02	7.461050070070325557e-02
1.112687149140715292e+03	2.590698046118628528e-01	1.701303305194402926e-01	2.466618322702032740e-01	1.479822637995519274e-01	7.051189017045403351e-02	3.092645897097893309e-02	7.471741965714662204e-02
1.115106034247542766e+03	2.586998460700662417e-01	1.698802077566576307e-01	2.469011329697536061e-01	1.481379719812636886e-01	7.058381911083948246e-02	3.097308605391625030e-02	7.482393605714096618e-02
1.117524919354370468e+03	2.583312360419283693e-01	1.696305456649140064e-01	2.471396173593027601e-01	1.482934414491137443e-01	7.065557788061142819e-02	3.101952836807862421e-02	7.493005323568890930e-02
1.119943804461197942e+03	2.579639636896072230e-01	1.693813488361886610e-01	2.473772897977180585e-01	1.484486692326096591e-01	7.072716638095613573e-02	3.106578758899917678e-02	7.503577447355885832e-02
1.122362689568025871e+03	2.575980183712346383e-01	1.691326217102322449e-01	2.476141545951291711e-01	1.486036524362827349e-01	7.079858452543917602e-02	3.111186536304909669e-02	7.514110299827074513e-02
1.124781574674853118e+03	2.572333896364636940e-01	1.688843685782815129e-01	2.478502160138165988e-01	1.487583882383577971e-01	7.086983223954849975e-02	3.115776330809920391e-02	7.524604198507045538e-02
1.127200459781681047e+03	2.568700672221210235e-01	1.686365935866861732e-01	2.480854782690784244e-01	1.489128738894324733e-01	7.094090946027004074e-02	3.120348301415744666e-02	7.535059455789219762e-02
1.129619344888508749e+03	2.565080410479601558e-01	1.683893007404497211e-01	2.483199455300760528e-01	1.490671067111675741e-01	7.101181613569194917e-02	3.124902604398409334e-02	7.545476379030825742e-02
1.132038229995336451e+03	2.561473012125152215e-01	1.681424939066864799e-01	2.485536219206594677e-01	1.492210840949901307e-01	7.108255222463488732e-02	3.129439393368622230e-02	7.555855270646540112e-02
1.134457115102163925e+03	2.557878379890512477e-01	1.678961768179967062e-01	2.487865115201735033e-01	1.493748035008101160e-01	7.115311769630554284e-02	3.133958819329292489e-02	7.566196428200783197e-02
1.136876000208991627e+03	2.554296418216093767e-01	1.676503530757617877e-01	2.490186183642451589e-01	1.495282624557518480e-01	7.122351252997108362e-02	3.138461030731250212e-02	7.576500144498614364e-02
1.139294885315819101e+03	2.550727033211451777e-01	1.674050261533613360e-01	2.492499464455529556e-01	1.496814585529009090e-01	7.129373671465254192e-02	3.142946173527282061e-02	7.586766707675211829e-02
1.141713770422646803e+03	2.547170132617573302e-01	1.671601993993142299e-01	2.494804997145787795e-01	1.498343894500672735e-01	7.136379024883521272e-02	3.147414391224581665e-02	7.596996401283924449e-02
1.144132655529474505e+03	2.543625625770042364e-01	1.669158760403449127e-01	2.497102820803431544e-01	1.499870528685653126e-01	7.143367314019445635e-02	3.151865824935709548e-02	7.607189504382877443e-02
1.146551540636302207e+03	2.540093423563077879e-01	1.666720591843772470e-01	2.499392974111238619e-01	1.501394465920109500e-01	7.150338540533542064e-02	3.156300613428148633e-02	7.617346291620118170e-02
1.148970425743129908e+03	2.536573438414410631e-01	1.664287518234573160e-01	2.501675495351592393e-01	1.502915684651362493e-01	7.157292706954562767e-02	3.160718893172523303e-02	7.627467033317321399e-02
1.151389310849957155e+03	2.533065584230982381e-01	1.661859568366071405e-01	2.503950422413356858e-01	1.504434163926220425e-01	7.164229816655887095e-02	3.165120798389558371e-02	7.637551995552041562e-02
1.153808195956785084e+03	2.529569776375450441e-01	1.659436769926104227e-01	2.506217792798607347e-01	1.505949883379485155e-01	7.171149873832982635e-02	3.169506461095836225e-02	7.647601440238505077e-02
1.156227081063612786e+03	2.526085931633482162e-01	1.657019149527324542e-01	2.508477643629213882e-01	1.507462823222638637e-01	7.178052883481816915e-02	3.173876011148405590e-02	7.657615625206974641e-02
1.158645966170440488e+03	2.522613968181808275e-01	1.654606732733756302e-01	2.510730011653287685e-01	1.508972964232712655e-01	7.184938851378157298e-02	3.178229576288301578e-02	7.667594804281684107e-02
1.161064851277267962e+03	2.519153805557030057e-01	1.652199544086715988e-01	2.512974933251488907e-01	1.510480287741340355e-01	7.191807784057681341e-02	3.182567282183011020e-02	7.677539227357343954e-02
1.163483736384095664e+03	2.515705364625158702e-01	1.649797607130124022e-01	2.515212444443202799e-01	1.511984775623990418e-01	7.198659688796828215e-02	3.186889252467941386e-02	7.687449140474254816e-02
1.165902621490923138e+03	2.512268567551865783e-01	1.647400944435212788e-01	2.517442580892586546e-01	1.513486410289383299e-01	7.205494573594346808e-02	3.191195608786918242e-02	7.697324785892030452e-02
1.168321506597751068e+03	2.508843337773433713e-01	1.645009577624649277e-01	2.519665377914491189e-01	1.514985174669087331e-01	7.212312447153473860e-02	3.195486470831760545e-02	7.707166402161938490e-02
1.170740391704578315e+03	2.505429599968382326e-01	1.642623527396086802e-01	2.521880870480259218e-01	1.516481052207294955e-01	7.219113318864714413e-02	3.199761956380952482e-02	7.716974224197889476e-02
1.173159276811406244e+03	2.502027280029768264e-01	1.640242813545154665e-01	2.524089093223406133e-01	1.517974026850777425e-01	7.225897198789166254e-02	3.204022181337463221e-02	7.726748483346095042e-02
1.175578161918233945e+03	2.498636305038128003e-01	1.637867454987906313e-01	2.526290080445180997e-01	1.519464083039016034e-01	7.232664097642363399e-02	3.208267259765719415e-02	7.736489407453395195e-02
1.177997047025061647e+03	2.495256603235054826e-01	1.635497469782729862e-01	2.528483866120018742e-01	1.520951205694507924e-01	7.239414026778606681e-02	3.212497303927780434e-02	7.746197220934294969e-02
1.180415932131889122e+03	2.491888103997397519e-01	1.633132875151745156e-01	2.530670483900874790e-01	1.522435380213244815e-01	7.246146998175735654e-02	3.216712424318723257e-02	7.755872144836711835e-02
1.182834817238716823e+03	2.488530737812062743e-01	1.630773687501685665e-01	2.532849967124458090e-01	1.523916592455364372e-01	7.252863024420337645e-02	3.220912729701270322e-02	7.765514396906475492e-02
1.185253702345544298e+03	2.485184436251405837e-01	1.628419922444290235e-01	2.535022348816355908e-01	1.525394828735966712e-01	7.259562118693355104e-02	3.225098327139683252e-02	7.775124191650568950e-02
1.187672587452371999e+03	2.481849131949199760e-01	1.626071594816206611e-01	2.537187661696052587e-01	1.526870075816101624e-01	7.266244294756073197e-02	3.229269322032937012e-02	7.784701740399176118e-02
1.190091472559199701e+03	2.478524758577166642e-01	1.623728718698425888e-01	2.539345938181852835e-01	1.528342320893917305e-01	7.272909566936472392e-02	3.233425818147196013e-02	7.794247251366499818e-02
1.192510357666027403e+03	2.475211250822057785e-01	1.621391307435251505e-01	2.541497210395701756e-01	1.529811551595972874e-01	7.279557950115921050e-02	3.237567917647617838e-02	7.803760929710421013e-02
1.194929242772855105e+03	2.471908544363271565e-01	1.619059373652821099e-01	2.543641510167911068e-01	1.531277755968707965e-01	7.286189459716192751e-02	3.241695721129490837e-02	7.813242977591000615e-02
1.197348127879682352e+03	2.468616575850994255e-01	1.616732929277186204e-01	2.545778869041790959e-01	1.532740922470073319e-01	7.292804111686805590e-02	3.245809327648732645e-02	7.822693594227822511e-02
1.199767012986510281e+03	2.465335282884852652e-01	1.614411985551963136e-01	2.547909318278188118e-01	1.534201039961312074e-01	7.299401922492648742e-02	3.249908834751757264e-02	7.832112975956247169e-02
1.202185898093337983e+03	2.462064603993066036e-01	1.612096553055562820e-01	2.550032888859938285e-01	1.535658097698896496e-01	7.305982909101907397e-02	3.253994338504734296e-02	7.841501316282539769e-02
1.204604783200165684e+03	2.458804478612086064e-01	1.609786641718015110e-01	2.552149611496223880e-01	1.537112085326612643e-01	7.312547088974249987e-02	3.258065933522246577e-02	7.850858805937947771e-02
1.207023668306993159e+03	2.455554847066712953e-01	1.607482260837387600e-01	2.554259516626851689e-01	1.538562992867793244e-01	7.319094480049298523e-02	3.262123712995367020e-02	7.860185632931694644e-02
1.209442553413820860e+03	2.452315650550676851e-01	1.605183419095818353e-01	2.556362634426445624e-01	1.540010810717696021e-01	7.325625100735332074e-02	3.266167768719165782e-02	7.869481982602954950e-02
1.211861438520648335e+03	2.449086831107671058e-01	1.602890124575165331e-01	2.558458994808552323e-01	1.541455529636022448e-01	7.332138969898258085e-02	3.270198191119658843e-02	7.878748037671791382e-02
1.214280323627476264e+03	2.445868331612832680e-01	1.600602384772284170e-01	2.560548627429671820e-01	1.542897140739580286e-01	7.338636106850809915e-02	3.274215069280212581e-02	7.887983978289112019e-02
1.216699208734303511e+03	2.442660095754651817e-01	1.598320206613942362e-01	2.562631561693207161e-01	1.544335635495079073e-01	7.345116531341971955e-02	3.278218490967417520e-02	7.897189982085633941e-02
1.219118093841131440e+03	2.439462068017306806e-01	1.596043596471378168e-01	2.564707826753335196e-01	1.545771005712065771e-01	7.351580263546646232e-02	3.282208542656440964e-02	7.906366224219878169e-02
1.221536978947959142e+03	2.436274193663409693e-01	1.593772560174513964e-01	2.566777451518806874e-01	1.547203243535989481e-01	7.358027324055513296e-02	3.286185309555869627e-02	7.915512877425237570e-02
1.223955864054786844e+03	2.433096418717155818e-01	1.591507103025830983e-01	2.568840464656668710e-01	1.548632341441398830e-01	7.364457733865120703e-02	3.290148875632054049e-02	7.924630112056102460e-02
1.226374749161614318e+03	2.429928689947866705e-01	1.589247229813912365e-01	2.570896894595913751e-01	1.550058292225267309e-01	7.370871514368169952e-02	3.294099323632967979e-02	7.933718096133081377e-02
1.228793634268442020e+03	2.426770954853917084e-01	1.586992944826665919e-01	2.572946769531063160e-01	1.551481089000443792e-01	7.377268687343999098e-02	3.298036735111586210e-02	7.942776995387337835e-02
1.231212519375269494e+03	2.423623161647037172e-01	1.584744251864230735e-01	2.574990117425675629e-01	1.552900725189228504e-01	7.383649274949266594e-02	3.301961190448798877e-02	7.951806973304040294e-02
1.233631404482097196e+03	2.420485259236980213e-01	1.582501154251575448e-01	2.577026966015792397e-01	1.554317194517068623e-01	7.390013299708822481e-02	3.305872768875867118e-02	7.960808191164965575e-02
1.236050289588924898e+03	2.417357197216549181e-01	1.580263654850799226e-01	2.579057342813316223e-01	1.555730491006373784e-01	7.396360784506757213e-02	3.309771548496431154e-02	7.969780808090250190e-02
1.238469174695752372e+03	2.414238925846972084e-01	1.578031756073134950e-01	2.581081275109320949e-01	1.557140608970449536e-01	7.402691752577639228e-02	3.313657606308078457e-02	7.978724981079332590e-02
1.240888059802580301e+03	2.411130396043617563e-01	1.575805459890672056e-01	2.583098789977300580e-01	1.558547543007544889e-01	7.409006227497921815e-02	3.317531018223483785e-02	7.987640865051069683e-02
1.243306944909407548e+03	2.408031559362043272e-01	1.573584767847794608e-01	2.585109914276358389e-01	1.559951287995013924e-01	7.415304233177529014e-02	3.321391859091128718e-02	7.996528612883067877e-02
1.245725830016235477e+03	2.404942367984371776e-01	1.571369681072349866e-01	2.587114674654329982e-01	1.561351839083586213e-01	7.421585793851595558e-02	3.325240202715606941e-02	8.005388375450242511e-02
1.248144715123063179e+03	2.401862774705980363e-01	1.569160200286549012e-01	2.589113097550852505e-01	1.562749191691748252e-01	7.427850934072387223e-02	3.329076121877527772e-02	8.014220301662604296e-02
1.250563600229890881e+03	2.398792732922502835e-01	1.566956325817608353e-01	2.591105209200371129e-01	1.564143341500230378e-01	7.434099678701368286e-02	3.332899688353023471e-02	8.023024538502306069e-02
1.252982485336718355e+03	2.395732196617134102e-01	1.564758057608135744e-01	2.593091035635089470e-01	1.565534284446598590e-01	7.440332052901429960e-02	3.336710972932867975e-02	8.031801231059952639e-02
1.255401370443546057e+03	2.392681120348228441e-01	1.562565395226271081e-01	2.595070602687864492e-01	1.566922016719950739e-01	7.446548082129275659e-02	3.340510045441218850e-02	8.040550522570188985e-02
1.257820255550373531e+03	2.389639459237189179e-01	1.560378337875581445e-01	2.597043935995048680e-01	1.568306534755711246e-01	7.452747792127950577e-02	3.344296974753982465e-02	8.049272554446591788e-02
1.260239140657201460e+03	2.386607168956637048e-01	1.558196884404723648e-01	2.599011060999273925e-01	1.569687835230526851e-01	7.458931208919519773e-02	3.348071828816818335e-02	8.057967466315872629e-02
1.262658025764028707e+03	2.383584205718854987e-01	1.556021033316873081e-01	2.600972002952188777e-01	1.571065915057259232e-01	7.465098358797894740e-02	3.351834674662784730e-02	8.066635396051387297e-02
1.265076910870856636e+03	2.380570526264501885e-01	1.553850782778927464e-01	2.602926786917138524e-01	1.572440771380073377e-01	7.471249268321790427e-02	3.355585578429634563e-02	8.075276479805994223e-02
1.267495795977684338e+03	2.377566087851588905e-01	1.551686130630492433e-01	2.604875437771798641e-01	1.573812401569617270e-01	7.477383964307833530e-02	3.359324605376765721e-02	8.083890852044263442e-02
1.269914681084511813e+03	2.374570848244708932e-01	1.549527074392650916e-01	2.606817980210757724e-01	1.575180803218298176e-01	7.483502473823795687e-02	3.363051819901841100e-02	8.092478645574044394e-02
1.272333566191339514e+03	2.371584765704520259e-01	1.547373611276523231e-01	2.608754438748053239e-01	1.576545974135644124e-01	7.489604824181961273e-02	3.366767285557070027e-02	8.101039991577403676e-02
1.274752451298167216e+03	2.368607798977472312e-01	1.545225738191621234e-01	2.610684837719657869e-01	1.577907912343756991e-01	7.495691042932628445e-02	3.370471065065176047e-02	8.109575019640956339e-02
1.277171336404994690e+03	2.365639907285768118e-01	1.543083451754004576e-01	2.612609201285922000e-01	1.579266616072853291e-01	7.501761157857736451e-02	3.374163220335040653e-02	8.118083857785592106e-02
1.279590221511822392e+03	2.362681050317563536e-01	1.540946748294240165e-01	2.614527553433967366e-01	1.580622083756886842e-01	7.507815196964610915e-02	3.377843812477040325e-02	8.126566632495615949e-02
1.282009106618650094e+03	2.359731188217390196e-01	1.538815623865171511e-01	2.616439917980043495e-01	1.581974314029256923e-01	7.513853188479842349e-02	3.381512901818079647e-02	8.135023468747307196e-02
1.284427991725477568e+03	2.356790281576801871e-01	1.536690074249501547e-01	2.618346318571829756e-01	1.583323305718599971e-01	7.519875160843275674e-02	3.385170547916324657e-02	8.143454490036916571e-02
1.286846876832305497e+03	2.353858291425237892e-01	1.534570094967194764e-01	2.620246778690706324e-01	1.584669057844659557e-01	7.525881142702121884e-02	3.388816809575645461e-02	8.151859818408098424e-02
1.289265761939132744e+03	2.350935179221097238e-01	1.532455681282700599e-01	2.622141321653974066e-01	1.586011569614236838e-01	7.531871162905182104e-02	3.392451744859770885e-02	8.160239574478818370e-02
1.291684647045960673e+03	2.348020906843019395e-01	1.530346828212005017e-01	2.624029970617038909e-01	1.587350840417216802e-01	7.537845250497188232e-02	3.396075411106162789e-02	8.168593877467704434e-02
1.294103532152788375e+03	2.345115436581367563e-01	1.528243530529511396e-01	2.625912748575556788e-01	1.588686869822673875e-01	7.543803434713249045e-02	3.399687864939617693e-02	8.176922845219891656e-02
1.296522417259616077e+03	2.342218731129909193e-01	1.526145782774757931e-01	2.627789678367534187e-01	1.590019657575048040e-01	7.549745744973415662e-02	3.403289162285594999e-02	8.185226594232349051e-02
1.298941302366443551e+03	2.339330753577687216e-01	1.524053579258971836e-01	2.629660782675395936e-01	1.591349203590398387e-01	7.555672210877334427e-02	3.406879358383283624e-02	8.193505239678705587e-02
1.301360187473271253e+03	2.336451467401080284e-01	1.521966914071468391e-01	2.631526084028011359e-01	1.592675507952725222e-01	7.561582862199026089e-02	3.410458507798407035e-02	8.201758895433575169e-02
1.303779072580098727e+03	2.333580836456046192e-01	1.519885781085894283e-01	2.633385604802686575e-01	1.593998570910364621e-01	7.567477728881752408e-02	3.414026664435777098e-02	8.209987674096412558e-02
1.306197957686926657e+03	2.330718824970545167e-01	1.517810173966322174e-01	2.635239367227119600e-01	1.595318392872451529e-01	7.573356841032989617e-02	3.417583881551598118e-02	8.218191687014889113e-02
1.308616842793753904e+03	2.327865397537135228e-01	1.515740086173197887e-01	2.637087393381319367e-01	1.596634974405450880e-01	7.579220228919500424e-02	3.421130211765523871e-02	8.226371044307802249e-02
1.311035727900581833e+03	2.325020519105743255e-01	1.513675510969145488e-01	2.638929705199489217e-01	1.597948316229756138e-01	7.585067922962498987e-02	3.424665707072482163e-02	8.234525854887536633e-02
1.313454613007409534e+03	2.322184154976597026e-01	1.511616441424631641e-01	2.640766324471880977e-01	1.599258419216351146e-01	7.590899953732915817e-02	3.428190418854255850e-02	8.242656226482077131e-02
1.315873498114237009e+03	2.319356270793324626e-01	1.509562870423494518e-01	2.642597272846610168e-01	1.600565284383538289e-01	7.596716351946754264e-02	3.431704397890841807e-02	8.250762265656580441e-02
1.318292383221064711e+03	2.316536832536210955e-01	1.507514790668338100e-01	2.644422571831443469e-01	1.601868912893728569e-01	7.602517148460535834e-02	3.435207694371582299e-02	8.258844077834523456e-02
1.320711268327892412e+03	2.313725806515608829e-01	1.505472194685798792e-01	2.646242242795549537e-01	1.603169306050293563e-01	7.608302374266832924e-02	3.438700357906073618e-02	8.266901767318436678e-02
1.323130153434719887e+03	2.310923159365502466e-01	1.503435074831683260e-01	2.648056306971223739e-01	1.604466465294477895e-01	7.614072060489904259e-02	3.442182437534860306e-02	8.274935437310215747e-02
1.325549038541547588e+03	2.308128858037218900e-01	1.501403423295982476e-01	2.649864785455577909e-01	1.605760392202371378e-01	7.619826238381394168e-02	3.445653981739916355e-02	8.282945189931031904e-02
1.327967923648375290e+03	2.305342869793285121e-01	1.499377232107765301e-01	2.651667699212203466e-01	1.607051088481940282e-01	7.625564939316135937e-02	3.449115038454919624e-02	8.290931126240858040e-02
1.330386808755202765e+03	2.302565162201423432e-01	1.497356493139954392e-01	2.653465069072802329e-01	1.608338555970112715e-01	7.631288194788025947e-02	3.452565655075320872e-02	8.298893346257593673e-02
1.332805693862030694e+03	2.299795703128686974e-01	1.495341198113984971e-01	2.655256915738788970e-01	1.609622796629923691e-01	7.636996036405985233e-02	3.456005878468214332e-02	8.306831948975818003e-02
1.335224578968857941e+03	2.297034460735730144e-01	1.493331338604353409e-01	2.657043259782870814e-01	1.610903812547714586e-01	7.642688495890002931e-02	3.459435754982011224e-02	8.314747032385169656e-02
1.337643464075685870e+03	2.294281403471207237e-01	1.491326906043053957e-01	2.658824121650588679e-01	1.612181605930384232e-01	7.648365605067243556e-02	3.462855330455922448e-02	8.322638693488361439e-02
1.340062349182513572e+03	2.291536500066304050e-01	1.489327891723908337e-01	2.660599521661844435e-01	1.613456179102696064e-01	7.654027395868256978e-02	3.466264650229253924e-02	8.330507028318835661e-02
1.342481234289341273e+03	2.288799719529390209e-01	1.487334286806791805e-01	2.662369480012388712e-01	1.614727534504635242e-01	7.659673900323235585e-02	3.469663759150513893e-02	8.338352131958072511e-02
1.344900119396168748e+03	2.286071031140797238e-01	1.485346082321754857e-01	2.664134016775291935e-01	1.615995674688817940e-01	7.665305150558367198e-02	3.473052701586343965e-02	8.346174098552547327e-02
1.347319004502996449e+03	2.283350404447714033e-01	1.483363269173047505e-01	2.665893151902387070e-01	1.617260602317949769e-01	7.670921178792251827e-02	3.476431521430270455e-02	8.353973021330367288e-02
1.349737889609823924e+03	2.280637809259200011e-01	1.481385838143043920e-01	2.667646905225686260e-01	1.618522320162334438e-01	7.676522017332385039e-02	3.479800262111282239e-02	8.361748992617559773e-02
1.352156774716651853e+03	2.277933215641311793e-01	1.479413779896072423e-01	2.669395296458774158e-01	1.619780831097428486e-01	7.682107698571719046e-02	3.483158966602240003e-02	8.369502103854048469e-02
1.354575659823479100e+03	2.275236593912340899e-01	1.477447084982152214e-01	2.671138345198175168e-01	1.621036138101446811e-01	7.687678254985293169e-02	3.486507677428114793e-02	8.377232445609308908e-02
1.356994544930307029e+03	2.272547914638161359e-01	1.475485743840641295e-01	2.672876070924702918e-01	1.622288244253010936e-01	7.693233719126921222e-02	3.489846436674069047e-02	8.384940107597714520e-02
1.359413430037134731e+03	2.269867148627680575e-01	1.473529746803792506e-01	2.674608493004778653e-01	1.623537152728844746e-01	7.698774123625956589e-02	3.493175285993371099e-02	8.392625178693574606e-02
1.361832315143962205e+03	2.267194266928397040e-01	1.471579084100225199e-01	2.676335630691732970e-01	1.624782866801515457e-01	7.704299501184116994e-02	3.496494266615157720e-02	8.400287746945883649e-02
1.364251200250789907e+03	2.264529240822058254e-01	1.469633745858311691e-01	2.678057503127084238e-01	1.626025389837215118e-01	7.709809884572371708e-02	3.499803419352038453e-02	8.407927899592765320e-02
1.366670085357617609e+03	2.261872041820414403e-01	1.467693722109482124e-01	2.679774129341792599e-01	1.627264725293589287e-01	7.715305306627892601e-02	3.503102784607552839e-02	8.415545723075637530e-02
1.369088970464445310e+03	2.259222641661072506e-01	1.465759002791447441e-01	2.681485528257497863e-01	1.628500876717605406e-01	7.720785800251063480e-02	3.506392402383476381e-02	8.423141303053095774e-02
1.371507855571272785e+03	2.256581012303443545e-01	1.463829577751344369e-01	2.683191718687730765e-01	1.629733847743462249e-01	7.726251398402557424e-02	3.509672312286984952e-02	8.430714724414518912e-02
1.373926740678100487e+03	2.253947125924780637e-01	1.461905436748803522e-01	2.684892719339107003e-01	1.630963642090541843e-01	7.731702134100465473e-02	3.512942553537672791e-02	8.438266071293405723e-02
1.376345625784927961e+03	2.251320954916307404e-01	1.459986569458942285e-01	2.686588548812501864e-01	1.632190263561398846e-01	7.737138040417483598e-02	3.516203164974434497e-02	8.445795427080454720e-02
1.378764510891755890e+03	2.248702471879434062e-01	1.458072965475285532e-01	2.688279225604203737e-01	1.633413716039791019e-01	7.742559150478157959e-02	3.519454185062211027e-02	8.453302874436366410e-02
1.381183395998583137e+03	2.246091649622059816e-01	1.456164614312614181e-01	2.689964768107047655e-01	1.634634003488746878e-01	7.747965497456188455e-02	3.522695651898599678e-02	8.460788495304406853e-02
1.383602281105411066e+03	2.243488461154957148e-01	1.454261505409743249e-01	2.691645194611533842e-01	1.635851129948670546e-01	7.753357114571783615e-02	3.525927603220331552e-02	8.468252370922721428e-02
1.386021166212238768e+03	2.240892879688240191e-01	1.452363628132233020e-01	2.693320523306921843e-01	1.637065099535484070e-01	7.758734035089064063e-02	3.529150076409626191e-02	8.475694581836398789e-02
1.388440051319066470e+03	2.238304878627910832e-01	1.450470971775032480e-01	2.694990772282312985e-01	1.638275916438806934e-01	7.764096292313531211e-02	3.532363108500414378e-02	8.483115207909296129e-02
1.390858936425893944e+03	2.235724431572483906e-01	1.448583525565060592e-01	2.696655959527708979e-01	1.639483584920169712e-01	7.769443919589577585e-02	3.535566736184440895e-02	8.490514328335634076e-02
1.393277821532721646e+03	2.233151512309686504e-01	1.446701278663719004e-01	2.698316102935056082e-01	1.640688109311261300e-01	7.774776950298048495e-02	3.538760995817243071e-02	8.497892021651357042e-02
1.395696706639549120e+03	2.230586094813235831e-01	1.444824220169349249e-01	2.699971220299275942e-01	1.641889494012213069e-01	7.780095417853856443e-02	3.541945923424015541e-02	8.505248365745271544e-02
1.398115591746377049e+03	2.228028153239683673e-01	1.442952339119623340e-01	2.701621329319270348e-01	1.643087743489915209e-01	7.785399355703639945e-02	3.545121554705355643e-02	8.512583437869966629e-02
1.400534476853204296e+03	2.225477661925336359e-01	1.441085624493880779e-01	2.703266447598918765e-01	1.644282862276365553e-01	7.790688797323477854e-02	3.548287925042892949e-02	8.519897314652505327e-02
1.402953361960032225e+03	2.222934595383241618e-01	1.439224065215404247e-01	2.704906592648054775e-01	1.645474854967050593e-01	7.795963776216643937e-02	3.551445069504811231e-02	8.527190072104924579e-02
1.405372247066859927e+03	2.220398928300244823e-01	1.437367650153640319e-01	2.706541781883428643e-01	1.646663726219358970e-01	7.801224325911405855e-02	3.554593022851258721e-02	8.534461785634507580e-02
1.407791132173687402e+03	2.217870635534107959e-01	1.435516368126366071e-01	2.708172032629651560e-01	1.647849480751026052e-01	7.806470479958872721e-02	3.557731819539651508e-02	8.541712530053863217e-02
1.410210017280515103e+03	2.215349692110696600e-01	1.433670207901800997e-01	2.709797362120129338e-01	1.649032123338606548e-01	7.811702271930889840e-02	3.560861493729871458e-02	8.548942379590807050e-02
1.412628902387342805e+03	2.212836073221227662e-01	1.431829158200665641e-01	2.711417787497980014e-01	1.650211658815980420e-01	7.816919735417968140e-02	3.563982079289360061e-02	8.556151407898036909e-02
1.415047787494170507e+03	2.210329754219579057e-01	1.429993207698193047e-01	2.713033325816930352e-01	1.651388092072886282e-01	7.822122904027267731e-02	3.567093609798118597e-02	8.563339688062629462e-02
1.417466672600997981e+03	2.207830710619658465e-01	1.428162345026085522e-01	2.714643994042209574e-01	1.652561428053482828e-01	7.827311811380610607e-02	3.570196118553595199e-02	8.570507292615339723e-02
1.419885557707825683e+03	2.205338918092833722e-01	1.426336558774425611e-01	2.716249809051416997e-01	1.653731671754939681e-01	7.832486491112541915e-02	3.573289638575487259e-02	8.577654293539718755e-02
1.422304442814653157e+03	2.202854352465415388e-01	1.424515837493539328e-01	2.717850787635386345e-01	1.654898828226055718e-01	7.837646976868432869e-02	3.576374202610445308e-02	8.584780762281052358e-02
1.424723327921481086e+03	2.200376989716201215e-01	1.422700169695812478e-01	2.719446946499030071e-01	1.656062902565904049e-01	7.842793302302618341e-02	3.579449843136682519e-02	8.591886769755124886e-02
1.427142213028308333e+03	2.197906805974068900e-01	1.420889543857460913e-01	2.721038302262170916e-01	1.657223899922503074e-01	7.847925501076571941e-02	3.582516592368491237e-02	8.598972386356802666e-02
1.429561098135136262e+03	2.195443777515628248e-01	1.419083948420257479e-01	2.722624871460364027e-01	1.658381825491515305e-01	7.853043606857126879e-02	3.585574482260674156e-02	8.606037681968456421e-02
1.431979983241963964e+03	2.192987880762919395e-01	1.417283371793216784e-01	2.724206670545701869e-01	1.659536684514971161e-01	7.858147653314724590e-02	3.588623544512885982e-02	8.613082725968211617e-02
1.434398868348791666e+03	2.190539092281166000e-01	1.415487802354234992e-01	2.725783715887612479e-01	1.660688482280015255e-01	7.863237674121706378e-02	3.591663810573886284e-02	8.620107587238036440e-02
1.436817753455619140e+03	2.188097388776578112e-01	1.413697228451691601e-01	2.727356023773637728e-01	1.661837224117682643e-01	7.868313702950638366e-02	3.594695311645713931e-02	8.627112334171668784e-02
1.439236638562446842e+03	2.185662747094199720e-01	1.411911638406009029e-01	2.728923610410205480e-01	1.662982915401693129e-01	7.873375773472673922e-02	3.597718078687774795e-02	8.634097034682393368e-02
1.441655523669274316e+03	2.183235144215808221e-01	1.410131020511173339e-01	2.730486491923390102e-01	1.664125561547274978e-01	7.878423919355943827e-02	3.600732142420848270e-02	8.641061756210655087e-02
1.444074408776102018e+03	2.180814557257857722e-01	1.408355363036217500e-01	2.732044684359655196e-01	1.665265168010006958e-01	7.883458174263989482e-02	3.603737533331016762e-02	8.648006565731533590e-02
1.446493293882929493e+03	2.178400963469465934e-01	1.406584654226665232e-01	2.733598203686594119e-01	1.666401740284686184e-01	7.888478571854222465e-02	3.606734281673516090e-02	8.654931529762058262e-02
1.448912178989757422e+03	2.175994340230449353e-01	1.404818882305942096e-01	2.735147065793649968e-01	1.667535283904218457e-01	7.893485145776420187e-02	3.609722417476510237e-02	8.661836714368388590e-02
1.451331064096585123e+03	2.173594665049397301e-01	1.403058035476746068e-01	2.736691286492832220e-01	1.668665804438528022e-01	7.898477929671249287e-02	3.612701970544791863e-02	8.668722185172846040e-02
1.453749949203412370e+03	2.171201915561791485e-01	1.401302101922387300e-01	2.738230881519417848e-01	1.669793307493490919e-01	7.903456957168830677e-02	3.615672970463406494e-02	8.675588007360812703e-02
1.456168834310240300e+03	2.168816069528163581e-01	1.399551069808092074e-01	2.739765866532645200e-01	1.670917798709889990e-01	7.908422261887318450e-02	3.618635446601210087e-02	8.682434245687489782e-02
1.458587719417068001e+03	2.166437104832295291e-01	1.397804927282274845e-01	2.741296257116394575e-01	1.672039283762387918e-01	7.913373877431523207e-02	3.621589428114353054e-02	8.689260964484528393e-02
1.461006604523895703e+03	2.164064999479455853e-01	1.396063662477775580e-01	2.742822068779861011e-01	1.673157768358523312e-01	7.918311837391558972e-02	3.624534943949698357e-02	8.696068227666521600e-02
1.463425489630723177e+03	2.161699731594678986e-01	1.394327263513068516e-01	2.744343316958215429e-01	1.674273258237725104e-01	7.923236175341520637e-02	3.627472022848164668e-02	8.702856098737372925e-02
1.465844374737550879e+03	2.159341279421076731e-01	1.392595718493437884e-01	2.745860017013256882e-01	1.675385759170347488e-01	7.928146924838189169e-02	3.630400693348012631e-02	8.709624640796542749e-02
1.468263259844378354e+03	2.156989621318189665e-01	1.390869015512123386e-01	2.747372184234057046e-01	1.676495276956722902e-01	7.933044119419767337e-02	3.633320983788064507e-02	8.716373916545169798e-02
1.470682144951206283e+03	2.154644735760373464e-01	1.389147142651439570e-01	2.748879833837591380e-01	1.677601817426234432e-01	7.937927792604632105e-02	3.636232922310850962e-02	8.723103988292063571e-02
1.473101030058033530e+03	2.152306601335218506e-01	1.387430087983861360e-01	2.750382980969362512e-01	1.678705386436407654e-01	7.942797977890132810e-02	3.639136536865709287e-02	8.729814917959594078e-02
1.475519915164861459e+03	2.149975196742006378e-01	1.385717839573086252e-01	2.751881640704015863e-01	1.679805989872018290e-01	7.947654708751397679e-02	3.642031855211812219e-02	8.736506767089452508e-02
1.477938800271689161e+03	2.147650500790195816e-01	1.384010385475065996e-01	2.753375828045948603e-01	1.680903633644220130e-01	7.952498018640177802e-02	3.644918904921138486e-02	8.743179596848310586e-02
1.480357685378516862e+03	2.145332492397945268e-01	1.382307713739013011e-01	2.754865557929902509e-01	1.681998323689687380e-01	7.957327940983707770e-02	3.647797713381385060e-02	8.749833468033355044e-02
1.482776570485344337e+03	2.143021150590663781e-01	1.380609812408381543e-01	2.756350845221554602e-01	1.683090065969778393e-01	7.962144509183598229e-02	3.650668307798822509e-02	8.756468441077729092e-02
