1.001418434226643626e+03	2.777815370467791034e-01	1.820259072208134377e-01	2.346705152451521448e-01	1.406298254807306913e-01	6.703527513608950605e-02	2.853999986003451228e-02	6.931694001003801953e-02
1.002869765290740247e+03	2.775122827735010955e-01	1.818683869387765772e-01	2.348400083001773997e-01	1.407271149564350843e-01	6.708273903278416661e-02	2.857471700372042275e-02	6.939475099424270710e-02
1.004321096354836754e+03	2.772438121447045045e-01	1.817108619895682065e-01	2.350091058351621298e-01	1.408243998285689524e-01	6.713016542327171488e-02	2.860931527758296677e-02	6.947233950077894016e-02
1.005772427418933376e+03	2.769761192331924304e-01	1.815533362614392410e-01	2.351778097852232630e-01	1.409216789598555508e-01	6.717755293082534884e-02	2.864379615477464711e-02	6.954970667432690268e-02
1.007223758483029997e+03	2.767091981859177707e-01	1.813958135809932148e-01	2.353461220560313094e-01	1.410189511823098374e-01	6.722490026583517742e-02	2.867816105162853194e-02	6.962685367692154903e-02
1.008675089547126618e+03	2.764430432230306489e-01	1.812382977140663820e-01	2.355140445249867265e-01	1.411162153008793940e-01	6.727220621987985150e-02	2.871241133131333806e-02	6.970378168548110875e-02
1.010126420611223239e+03	2.761776486369330597e-01	1.810807923665959107e-01	2.356815790423238133e-01	1.412134700968119549e-01	6.731946966021042089e-02	2.874654830722118970e-02	6.978049188954119075e-02
1.011577751675319632e+03	2.759130087913413965e-01	1.809233011854761153e-01	2.358487274321472427e-01	1.413107143307685554e-01	6.736668952461793980e-02	2.878057324610825210e-02	6.985698548917802786e-02
1.013029082739416367e+03	2.756491181203572505e-01	1.807658277594029750e-01	2.360154914934057546e-01	1.414079467457008132e-01	6.741386481665807839e-02	2.881448737100682223e-02	6.993326369310584600e-02
1.014480413803512761e+03	2.753859711275460365e-01	1.806083756197068013e-01	2.361818730008071743e-01	1.415051660695086921e-01	6.746099460120813518e-02	2.884829186392597750e-02	7.000932771693478551e-02
1.015931744867609382e+03	2.751235623850244449e-01	1.804509482411736088e-01	2.363478737056787793e-01	1.416023710174945383e-01	6.750807800033319095e-02	2.888198786835676976e-02	7.008517878157632941e-02
1.017383075931706003e+03	2.748618865325566096e-01	1.802935490428551057e-01	2.365134953367768467e-01	1.416995602946278798e-01	6.755511418944007418e-02	2.891557649159652923e-02	7.016081811178465077e-02
1.018834406995802851e+03	2.746009382766591567e-01	1.801361813888673336e-01	2.366787396010488209e-01	1.417967325976343396e-01	6.760210239369897345e-02	2.894905880690587865e-02	7.023624693482326264e-02
1.020285738059899245e+03	2.743407123897151356e-01	1.799788485891783141e-01	2.368436081843510177e-01	1.418938866169213997e-01	6.764904188471421165e-02	2.898243585551094417e-02	7.031146647924677029e-02
1.021737069123995752e+03	2.740812037090973874e-01	1.798215539003846786e-01	2.370081027521253603e-01	1.419910210383524274e-01	6.769593197742669599e-02	2.901570864846236830e-02	7.038647797378881632e-02
1.023188400188092373e+03	2.738224071363010159e-01	1.796643005264776660e-01	2.371722249500374247e-01	1.420881345448801736e-01	6.774277202723204272e-02	2.904887816836178305e-02	7.046128264634766991e-02
1.024639731252188767e+03	2.735643176360851303e-01	1.795070916195981026e-01	2.373359764045786802e-01	1.421852258180492934e-01	6.778956142729919421e-02	2.908194537096565196e-02	7.053588172306179960e-02
1.026091062316285615e+03	2.733069302356242458e-01	1.793499302807811946e-01	2.374993587236352288e-01	1.422822935393777966e-01	6.783629960607565068e-02	2.911491118667557457e-02	7.061027642746815769e-02
1.027542393380382237e+03	2.730502400236692329e-01	1.791928195606906915e-01	2.376623734970254032e-01	1.423793363916259214e-01	6.788298602496625755e-02	2.914777652192356364e-02	7.068446797973680640e-02
1.028993724444478858e+03	2.727942421497176473e-01	1.790357624603428621e-01	2.378250222970080818e-01	1.424763530599602868e-01	6.792962017617334980e-02	2.918054226046004618e-02	7.075845759597565454e-02
1.030445055508575479e+03	2.725389318231936087e-01	1.788787619318203959e-01	2.379873066787638602e-01	1.425733422330213995e-01	6.797620158068710949e-02	2.921320926455182876e-02	7.083224648759978148e-02
1.031896386572671872e+03	2.722843043126372820e-01	1.787218208789760898e-01	2.381492281808509637e-01	1.426703026039011502e-01	6.802272978641565881e-02	2.924577837609668857e-02	7.090583586076024125e-02
1.033347717636768493e+03	2.720303549449041292e-01	1.785649421581268770e-01	2.383107883256372073e-01	1.427672328710367644e-01	6.806920436644481320e-02	2.927825041766076580e-02	7.097922691582758681e-02
1.034799048700865114e+03	2.717770791043737089e-01	1.784081285787380289e-01	2.384719886197099736e-01	1.428641317390274279e-01	6.811562491741884884e-02	2.931062619344449241e-02	7.105242084692577065e-02
1.036250379764961508e+03	2.715244722321678572e-01	1.782513829040976994e-01	2.386328305542654571e-01	1.429609979193791625e-01	6.816199105803348590e-02	2.934290649018225783e-02	7.112541884151232785e-02
1.037701710829058356e+03	2.712725298253788053e-01	1.780947078519820870e-01	2.387933156054785622e-01	1.430578301311833667e-01	6.820830242763342710e-02	2.937509207798079044e-02	7.119822208000124719e-02
1.039153041893154750e+03	2.710212474363065116e-01	1.779381060953111049e-01	2.389534452348547333e-01	1.431546271017332950e-01	6.825455868490695743e-02	2.940718371110068521e-02	7.127083173542504702e-02
1.040604372957251599e+03	2.707706206717054309e-01	1.777815802627949471e-01	2.391132208895649092e-01	1.432513875670838321e-01	6.830075950667105489e-02	2.943918212868528936e-02	7.134324897313296110e-02
1.042055704021347992e+03	2.705206451920411648e-01	1.776251329395714118e-01	2.392726440027646284e-01	1.433481102725578105e-01	6.834690458674032298e-02	2.947108805544082846e-02	7.141547495052218142e-02
1.043507035085444613e+03	2.702713167107563819e-01	1.774687666678343434e-01	2.394317159938984807e-01	1.434447939732038380e-01	6.839299363487418015e-02	2.950290220227129445e-02	7.148751081679981245e-02
1.044958366149541234e+03	2.700226309935457314e-01	1.773124839474531922e-01	2.395904382689905410e-01	1.435414374342081634e-01	6.843902637579667159e-02	2.953462526687142958e-02	7.155935771277263657e-02
1.046409697213637855e+03	2.697745838576403599e-01	1.771562872365838037e-01	2.397488122209218697e-01	1.436380394312648245e-01	6.848500254828379652e-02	2.956625793428089080e-02	7.163101677066283091e-02
1.047861028277734476e+03	2.695271711711017537e-01	1.770001789522705204e-01	2.399068392296961894e-01	1.437345987509066336e-01	6.853092190431368802e-02	2.959780087740237001e-02	7.170248911394727642e-02
1.049312359341831097e+03	2.692803888521246303e-01	1.768441614710398457e-01	2.400645206626936534e-01	1.438311141908002189e-01	6.857678420827519050e-02	2.962925475748632090e-02	7.177377585721859965e-02
1.050763690405927491e+03	2.690342328683489326e-01	1.766882371294858367e-01	2.402218578749144295e-01	1.439275845600077042e-01	6.862258923623067164e-02	2.966062022458471406e-02	7.184487810606619840e-02
1.052215021470024112e+03	2.687886992361808169e-01	1.765324082248468929e-01	2.403788522092120128e-01	1.440240086792175522e-01	6.866833677522948820e-02	2.969189791797607891e-02	7.191579695697571106e-02
1.053666352534120733e+03	2.685437840201225224e-01	1.763766770155746622e-01	2.405355049965174075e-01	1.441203853809467639e-01	6.871402662266822003e-02	2.972308846656383438e-02	7.198653349724508377e-02
1.055117683598217127e+03	2.682994833321115102e-01	1.762210457218948978e-01	2.406918175560542050e-01	1.442167135097169872e-01	6.875965858569464684e-02	2.975419248924996568e-02	7.205708880491627777e-02
1.056569014662313975e+03	2.680557933308678198e-01	1.760655165263601551e-01	2.408477911955456408e-01	1.443129919222058966e-01	6.880523248065233133e-02	2.978521059528566051e-02	7.212746394872091016e-02
1.058020345726410369e+03	2.678127102212506938e-01	1.759100915743948557e-01	2.410034272114137399e-01	1.444092194873764501e-01	6.885074813256288062e-02	2.981614338460070179e-02	7.219765998803909235e-02
1.059471676790506763e+03	2.675702302536233090e-01	1.757547729748324961e-01	2.411587268889712476e-01	1.445053950865850811e-01	6.889620537464338779e-02	2.984699144811303606e-02	7.226767797286989814e-02
1.060923007854603611e+03	2.673283497232263883e-01	1.755995628004453912e-01	2.413136915026066198e-01	1.446015176136709879e-01	6.894160404785631968e-02	2.987775536801998491e-02	7.233751894381279524e-02
1.062374338918700232e+03	2.670870649695600840e-01	1.754444630884667844e-01	2.414683223159625747e-01	1.446975859750276039e-01	6.898694400048997755e-02	2.990843571807238338e-02	7.240718393205902714e-02
1.063825669982796853e+03	2.668463723757746320e-01	1.752894758411055465e-01	2.416226205821086770e-01	1.447935990896577207e-01	6.903222508776699073e-02	2.993903306383285945e-02	7.247667395939202950e-02
1.065277001046893474e+03	2.666062683680684442e-01	1.751346030260536868e-01	2.417765875437079826e-01	1.448895558892137891e-01	6.907744717147909497e-02	2.996954796291939269e-02	7.254599003819607594e-02
1.066728332110990095e+03	2.663667494150952497e-01	1.749798465769866196e-01	2.419302244331782148e-01	1.449854553180243699e-01	6.912261011964633550e-02	2.999998096523515817e-02	7.261513317147259838e-02
1.068179663175086489e+03	2.661278120273786740e-01	1.748252083940561585e-01	2.420835324728481952e-01	1.450812963331077343e-01	6.916771380619883558e-02	3.003033261318565142e-02	7.268410435286330740e-02
1.069630994239183110e+03	2.658894527567353117e-01	1.746706903443768222e-01	2.422365128751091112e-01	1.451770779041739734e-01	6.921275811067982564e-02	3.006060344188395128e-02	7.275290456667954375e-02
1.071082325303279504e+03	2.656516681957054593e-01	1.745162942625049507e-01	2.423891668425613710e-01	1.452727990136162273e-01	6.925774291796810145e-02	3.009079397934496039e-02	7.282153478793747248e-02
1.072533656367376352e+03	2.654144549769914541e-01	1.743620219509112446e-01	2.425414955681570728e-01	1.453684586564921721e-01	6.930266811801882865e-02	3.012090474666942116e-02	7.288999598239828681e-02
1.073984987431472746e+03	2.651778097729043937e-01	1.742078751804463643e-01	2.426935002353383941e-01	1.454640558404965145e-01	6.934753360562130597e-02	3.015093625821836654e-02	7.295828910661315836e-02
1.075436318495569594e+03	2.649417292948175184e-01	1.740538556908001466e-01	2.428451820181722620e-01	1.455595895859250199e-01	6.939233928017243813e-02	3.018088902177865421e-02	7.302641510797250324e-02
1.076887649559666215e+03	2.647062102926280303e-01	1.738999651909540756e-01	2.429965420814811095e-01	1.456550589256311590e-01	6.943708504546493299e-02	3.021076353872026790e-02	7.309437492475892584e-02
1.078338980623762609e+03	2.644712495542259068e-01	1.737462053596275369e-01	2.431475815809703844e-01	1.457504629049759803e-01	6.948177080948916839e-02	3.024056030414587481e-02	7.316216948620378469e-02
1.079790311687859230e+03	2.642368439049698758e-01	1.735925778457175217e-01	2.432983016633525619e-01	1.458458005817712122e-01	6.952639648424759067e-02	3.027027980703318050e-02	7.322979971254672815e-02
1.081241642751955851e+03	2.640029902071712731e-01	1.734390842687322798e-01	2.434487034664681859e-01	1.459410710262170896e-01	6.957096198558115896e-02	3.029992253037059463e-02	7.329726651509806123e-02
1.082692973816052472e+03	2.637696853595845603e-01	1.732857262192186443e-01	2.435987881194038307e-01	1.460362733208348252e-01	6.961546723300660044e-02	3.032948895128661365e-02	7.336457079630362421e-02
1.084144304880149093e+03	2.635369262969049498e-01	1.731325052591833336e-01	2.437485567426072308e-01	1.461314065603940837e-01	6.965991214956394895e-02	3.035897954117338163e-02	7.343171344981185011e-02
1.085595635944245487e+03	2.633047099892732446e-01	1.729794229225082858e-01	2.438980104479996081e-01	1.462264698518365713e-01	6.970429666167354821e-02	3.038839476580477983e-02	7.349869536054279284e-02
1.087046967008342108e+03	2.630730334417873406e-01	1.728264807153601368e-01	2.440471503390856667e-01	1.463214623141954607e-01	6.974862069900195083e-02	3.041773508544941620e-02	7.356551740475887613e-02
1.088498298072438729e+03	2.628418936940208339e-01	1.726736801165936475e-01	2.441959775110608410e-01	1.464163830785114306e-01	6.979288419433604673e-02	3.044700095497884784e-02	7.363218045013723845e-02
1.089949629136535123e+03	2.626112878195479561e-01	1.725210225781497186e-01	2.443444930509163504e-01	1.465112312877454581e-01	6.983708708346481053e-02	3.047619282397134866e-02	7.369868535584325753e-02
1.091400960200631971e+03	2.623812129254754488e-01	1.723685095254474386e-01	2.444926980375419501e-01	1.466060060966889733e-01	6.988122930506816821e-02	3.050531113681151027e-02	7.376503297260539327e-02
1.092852291264728365e+03	2.621516661519808777e-01	1.722161423577708017e-01	2.446405935418265731e-01	1.467007066718712394e-01	6.992531080061262228e-02	3.053435633278591896e-02	7.383122414279087720e-02
1.094303622328825213e+03	2.619226446718572743e-01	1.720639224486496810e-01	2.447881806267567517e-01	1.467953321914648168e-01	6.996933151425289987e-02	3.056332884617518272e-02	7.389725970048229009e-02
1.095754953392921607e+03	2.616941456900644392e-01	1.719118511462356669e-01	2.449354603475132064e-01	1.468898818451887522e-01	7.001329139273948510e-02	3.059222910634252710e-02	7.396314047155483351e-02
1.097206284457018228e+03	2.614661664432862409e-01	1.717599297736721875e-01	2.450824337515655482e-01	1.469843548342102679e-01	7.005719038533139709e-02	3.062105753781916781e-02	7.402886727375412868e-02
1.098657615521114849e+03	2.612387041994943537e-01	1.716081596294596889e-01	2.452291018787649268e-01	1.470787503710447308e-01	7.010102844371408903e-02	3.064981456038666507e-02	7.409444091677452882e-02
1.100108946585211470e+03	2.610117562575178241e-01	1.714565419878154584e-01	2.453754657614352352e-01	1.471730676794545112e-01	7.014480552192181584e-02	3.067850058915643288e-02	7.415986220233766746e-02
1.101560277649308091e+03	2.607853199466190763e-01	1.713050780990284239e-01	2.455215264244624274e-01	1.472673059943465923e-01	7.018852157626455368e-02	3.070711603464658032e-02	7.422513192427133977e-02
1.103011608713404712e+03	2.605593926260753590e-01	1.711537691898087632e-01	2.456672848853820590e-01	1.473614645616692642e-01	7.023217656525880537e-02	3.073566130285624101e-02	7.429025086858850879e-02
1.104462939777501106e+03	2.603339716847667407e-01	1.710026164636326007e-01	2.458127421544656632e-01	1.474555426383080403e-01	7.027577044956215269e-02	3.076413679533756065e-02	7.435521981356631172e-02
1.105914270841597499e+03	2.601090545407689913e-01	1.708516211010817631e-01	2.459578992348052939e-01	1.475495394919809911e-01	7.031930319191145862e-02	3.079254290926541557e-02	7.442003952982516324e-02
1.107365601905694348e+03	2.598846386409532916e-01	1.707007842601788450e-01	2.461027571223965982e-01	1.476434544011334393e-01	7.036277475706417817e-02	3.082088003750505997e-02	7.448471078040772020e-02
1.108816932969790741e+03	2.596607214605903824e-01	1.705501070767173055e-01	2.462473168062206119e-01	1.477372866548324892e-01	7.040618511174284722e-02	3.084914856867779567e-02	7.454923432085769353e-02
1.110268264033887590e+03	2.594373005029614321e-01	1.703995906645869030e-01	2.463915792683241679e-01	1.478310355526611386e-01	7.044953422458231918e-02	3.087734888722473703e-02	7.461361089929847978e-02
1.111719595097984211e+03	2.592143732989733995e-01	1.702492361160946877e-01	2.465355454838987770e-01	1.479247004046121972e-01	7.049282206607974943e-02	3.090548137346884466e-02	7.467784125651154292e-02
1.113170926162080832e+03	2.589919374067803925e-01	1.700990445022810826e-01	2.466792164213586214e-01	1.480182805309823435e-01	7.053604860854695291e-02	3.093354640367525915e-02	7.474192612601454622e-02
1.114622257226177226e+03	2.587699904114103555e-01	1.699490168732318007e-01	2.468225930424167158e-01	1.481117752622661821e-01	7.057921382606516247e-02	3.096154435011004222e-02	7.480586623413901237e-02
1.116073588290273847e+03	2.585485299243964752e-01	1.697991542583850155e-01	2.469656763021604307e-01	1.482051839390501891e-01	7.062231769444193841e-02	3.098947558109745384e-02	7.486966230010770607e-02
1.117524919354370468e+03	2.583275535834146930e-01	1.696494576668343690e-01	2.471084671491255436e-01	1.482985059119071303e-01	7.066536019117003464e-02	3.101734046107574097e-02	7.493331503611158628e-02
1.118976250418467089e+03	2.581070590519253805e-01	1.694999280876277048e-01	2.472509665253691535e-01	1.483917405412907287e-01	7.070834129538819401e-02	3.104513935065162863e-02	7.499682514738632844e-02
1.120427581482563710e+03	2.578870440188205659e-01	1.693505664900611940e-01	2.473931753665414845e-01	1.484848871974304152e-01	7.075126098784373374e-02	3.107287260665348577e-02	7.506019333228823587e-02
1.121878912546660331e+03	2.576675061980761017e-01	1.692013738239696585e-01	2.475350946019567455e-01	1.485779452602267459e-01	7.079411925085678237e-02	3.110054058218326978e-02	7.512342028236984603e-02
1.123330243610756725e+03	2.574484433284086604e-01	1.690523510200126200e-01	2.476767251546626580e-01	1.486709141191470684e-01	7.083691606828595999e-02	3.112814362666731574e-02	7.518650668245484281e-02
1.124781574674853118e+03	2.572298531729377280e-01	1.689034989899560746e-01	2.478180679415093457e-01	1.487637931731218555e-01	7.087965142549562669e-02	3.115568208590600158e-02	7.524945321071252469e-02
1.126232905738949967e+03	2.570117335188519814e-01	1.687548186269506867e-01	2.479591238732167802e-01	1.488565818304414534e-01	7.092232530932436607e-02	3.118315630212234457e-02	7.531226053873163462e-02
1.127684236803046360e+03	2.567940821770806625e-01	1.686063108058054871e-01	2.480998938544415888e-01	1.489492795086533317e-01	7.096493770805491208e-02	3.121056661400959525e-02	7.537492933159362085e-02
1.129135567867143209e+03	2.565768969819697820e-01	1.684579763832582400e-01	2.482403787838427800e-01	1.490418856344601917e-01	7.100748861138507506e-02	3.123791335677783207e-02	7.543746024794535654e-02
1.130586898931239830e+03	2.563601757909623191e-01	1.683098161982412855e-01	2.483805795541464134e-01	1.491343996436185204e-01	7.104997801039987515e-02	3.126519686219966093e-02	7.549985394007115158e-02
1.132038229995336451e+03	2.561439164842834737e-01	1.681618310721443854e-01	2.485204970522096046e-01	1.492268209808378099e-01	7.109240589754473039e-02	3.129241745865499191e-02	7.556211105396423711e-02
1.133489561059432845e+03	2.559281169646302478e-01	1.680140218090729609e-01	2.486601321590834468e-01	1.493191490996805815e-01	7.113477226659958852e-02	3.131957547117497631e-02	7.562423222939752832e-02
1.134940892123529466e+03	2.557127751568648577e-01	1.678663891961033328e-01	2.487994857500751833e-01	1.494113834624630488e-01	7.117707711265398862e-02	3.134667122148510066e-02	7.568621809999380445e-02
1.136392223187626087e+03	2.554978890077134746e-01	1.677189340035340759e-01	2.489385586948093254e-01	1.495035235401566964e-01	7.121932043208303864e-02	3.137370502804753131e-02	7.574806929329520877e-02
1.137843554251722708e+03	2.552834564854682409e-01	1.675716569851337101e-01	2.490773518572882150e-01	1.495955688122903304e-01	7.126150222252408684e-02	3.140067720610263680e-02	7.580978643083211010e-02
1.139294885315819101e+03	2.550694755796942825e-01	1.674245588783849215e-01	2.492158660959515049e-01	1.496875187668531559e-01	7.130362248285435078e-02	3.142758806770982322e-02	7.587137012819131221e-02
1.140746216379915950e+03	2.548559443009402181e-01	1.672776404047252863e-01	2.493541022637350280e-01	1.497793729001985763e-01	7.134568121316907374e-02	3.145443792178766185e-02	7.593282099508356919e-02
1.142197547444012343e+03	2.546428606804530537e-01	1.671309022697846647e-01	2.494920612081287237e-01	1.498711307169487417e-01	7.138767841476049980e-02	3.148122707415329513e-02	7.599413963541047645e-02
1.143648878508108737e+03	2.544302227698972407e-01	1.669843451636190135e-01	2.496297437712339251e-01	1.499627917299000135e-01	7.142961409009739027e-02	3.150795582756123203e-02	7.605532664733062609e-02
1.145100209572205586e+03	2.542180286410775092e-01	1.668379697609411183e-01	2.497671507898197862e-01	1.500543554599292340e-01	7.147148824280523394e-02	3.153462448174146338e-02	7.611638262332516558e-02
1.146551540636302207e+03	2.540062763856654193e-01	1.666917767213476897e-01	2.499042830953790706e-01	1.501458214359007448e-01	7.151330087764699861e-02	3.156123333343699433e-02	7.617730815026263480e-02
1.148002871700398828e+03	2.537949641149301883e-01	1.665457666895436006e-01	2.500411415141830518e-01	1.502371891945743776e-01	7.155505200050438219e-02	3.158778267644073851e-02	7.623810380946317855e-02
1.149454202764495449e+03	2.535840899594732356e-01	1.663999402955626539e-01	2.501777268673358590e-01	1.503284582805142766e-01	7.159674161835966055e-02	3.161427280163187775e-02	7.629877017676203743e-02
1.150905533828591842e+03	2.533736520689660598e-01	1.662542981549852417e-01	2.503140399708280173e-01	1.504196282459983880e-01	7.163836973927791008e-02	3.164070399701163216e-02	7.635930782257237259e-02
1.152356864892688463e+03	2.531636486118924445e-01	1.661088408691530072e-01	2.504500816355892390e-01	1.505106986509291700e-01	7.167993637238981308e-02	3.166707654773848191e-02	7.641971731194749373e-02
1.153808195956785084e+03	2.529540777752936620e-01	1.659635690253803697e-01	2.505858526675408537e-01	1.506016690627448029e-01	7.172144152787478244e-02	3.169339073616288249e-02	7.647999920464232382e-02
1.155259527020881706e+03	2.527449377645178408e-01	1.658184831971629691e-01	2.507213538676471010e-01	1.506925390563314537e-01	7.176288521694459965e-02	3.171964684186140415e-02	7.654015405517428094e-02
1.156710858084978327e+03	2.525362268029725521e-01	1.656735839443833069e-01	2.508565860319660890e-01	1.507833082139364289e-01	7.180426745182735826e-02	3.174584514167046179e-02	7.660018241288348018e-02
1.158162189149074720e+03	2.523279431318808941e-01	1.655288718135132509e-01	2.509915499517000326e-01	1.508739761250820210e-01	7.184558824575189295e-02	3.177198590971946207e-02	7.666008482199218599e-02
1.159613520213171569e+03	2.521200850100411284e-01	1.653843473378137918e-01	2.511262464132447136e-01	1.509645423864803826e-01	7.188684761293241687e-02	3.179806941746352728e-02	7.671986182166375123e-02
1.161064851277267962e+03	2.519126507135898141e-01	1.652400110375318310e-01	2.512606761982385528e-01	1.510550066019492599e-01	7.192804556855365850e-02	3.182409593371574030e-02	7.677951394606084834e-02
1.162516182341364356e+03	2.517056385357677173e-01	1.650958634200943576e-01	2.513948400836111263e-01	1.511453683823284488e-01	7.196918212875616505e-02	3.185006572467893177e-02	7.683904172440303437e-02
1.163967513405461204e+03	2.514990467866899948e-01	1.649519049802995463e-01	2.515287388416303505e-01	1.512356273453971944e-01	7.201025731062203616e-02	3.187597905397702297e-02	7.689844568102366384e-02
1.165418844469557826e+03	2.512928737931186540e-01	1.648081362005054951e-01	2.516623732399502211e-01	1.513257831157924505e-01	7.205127113216092116e-02	3.190183618268592480e-02	7.695772633542623253e-02
1.166870175533654447e+03	2.510871178982388430e-01	1.646645575508158543e-01	2.517957440416568327e-01	1.514158353249280553e-01	7.209222361229623843e-02	3.192763736936404806e-02	7.701688420234002741e-02
1.168321506597751068e+03	2.508817774614380269e-01	1.645211694892631804e-01	2.519288520053148961e-01	1.515057836109145739e-01	7.213311477085178336e-02	3.195338287008234190e-02	7.707591979177515207e-02
1.169772837661847461e+03	2.506768508580882182e-01	1.643779724619894578e-01	2.520616978850126477e-01	1.515956276184801388e-01	7.217394462853846115e-02	3.197907293845399235e-02	7.713483360907698316e-02
1.171224168725944082e+03	2.504723364793317586e-01	1.642349669034240955e-01	2.521942824304069797e-01	1.516853669988920961e-01	7.221471320694138052e-02	3.200470782566364886e-02	7.719362615497991909e-02
1.172675499790040703e+03	2.502682327318694888e-01	1.640921532364593982e-01	2.523266063867675157e-01	1.517750014098794287e-01	7.225542052850711383e-02	3.203028778049633873e-02	7.725229792566062903e-02
1.174126830854137097e+03	2.500645380377521931e-01	1.639495318726234552e-01	2.524586704950204652e-01	1.518645305155560954e-01	7.229606661653123489e-02	3.205581304936591658e-02	7.731084941279058043e-02
1.175578161918233945e+03	2.498612508341751248e-01	1.638071032122506987e-01	2.525904754917917550e-01	1.519539539863451194e-01	7.233665149514603709e-02	3.208128387634321538e-02	7.736928110358799737e-02
1.177029492982330339e+03	2.496583695732752517e-01	1.636648676446499084e-01	2.527220221094497177e-01	1.520432714989035095e-01	7.237717518930851524e-02	3.210670050318377433e-02	7.742759348086930560e-02
1.178480824046426733e+03	2.494558927219313327e-01	1.635228255482697179e-01	2.528533110761472247e-01	1.521324827360480136e-01	7.241763772478847228e-02	3.213206316935524748e-02	7.748578702309989741e-02
1.179932155110523581e+03	2.492538187615669643e-01	1.633809772908622060e-01	2.529843431158633749e-01	1.522215873866817615e-01	7.245803912815695913e-02	3.215737211206440987e-02	7.754386220444431377e-02
1.181383486174620202e+03	2.490521461879561804e-01	1.632393232296434904e-01	2.531151189484445729e-01	1.523105851457214055e-01	7.249837942677471447e-02	3.218262756628386539e-02	7.760181949481584351e-02
1.182834817238716823e+03	2.488508735110321612e-01	1.630978637114525176e-01	2.532456392896449415e-01	1.523994757140255119e-01	7.253865864878099312e-02	3.220782976477837289e-02	7.765965935992562297e-02
1.184286148302813444e+03	2.486499992546981896e-01	1.629565990729074099e-01	2.533759048511667333e-01	1.524882587983233118e-01	7.257887682308242217e-02	3.223297893813086012e-02	7.771738226133109717e-02
1.185737479366910065e+03	2.484495219566417168e-01	1.628155296405596475e-01	2.535059163407000216e-01	1.525769341111445077e-01	7.261903397934212079e-02	3.225807531476808376e-02	7.777498865648391213e-02
1.187188810431006686e+03	2.482494401681505647e-01	1.626746557310459473e-01	2.536356744619614467e-01	1.526655013707498010e-01	7.265913014796895886e-02	3.228311912098601189e-02	7.783247899877730747e-02
1.188640141495103080e+03	2.480497524539322651e-01	1.625339776512379764e-01	2.537651799147333520e-01	1.527539603010619751e-01	7.269916536010691266e-02	3.230811058097481786e-02	7.788985373759287067e-02
1.190091472559199701e+03	2.478504573919354526e-01	1.623934956983899836e-01	2.538944333949015308e-01	1.528423106315980884e-01	7.273913964762471207e-02	3.233304991684360363e-02	7.794711331834683343e-02
1.191542803623296322e+03	2.476515535731740603e-01	1.622532101602843779e-01	2.540234355944934741e-01	1.529305520974021393e-01	7.277905304310554324e-02	3.235793734864482463e-02	7.800425818253578503e-02
1.192994134687392716e+03	2.474530396015539868e-01	1.621131213153751416e-01	2.541521872017152850e-01	1.530186844389786749e-01	7.281890557983695944e-02	3.238277309439835383e-02	7.806128876778180292e-02
1.194445465751489564e+03	2.472549140937020107e-01	1.619732294329291056e-01	2.542806889009887605e-01	1.531067074022270103e-01	7.285869729180086130e-02	3.240755737011531690e-02	7.811820550787718087e-02
1.195896796815585958e+03	2.470571756787973694e-01	1.618335347731652829e-01	2.544089413729876958e-01	1.531946207383761138e-01	7.289842821366369907e-02	3.243229038982156642e-02	7.817500883282854640e-02
1.197348127879682352e+03	2.468598229984054204e-01	1.616940375873923419e-01	2.545369452946738553e-01	1.532824242039204921e-01	7.293809838076677210e-02	3.245697236558090643e-02	7.823169916890036768e-02
1.198799458943779200e+03	2.466628547063140220e-01	1.615547381181439979e-01	2.546647013393327219e-01	1.533701175605565736e-01	7.297770782911668086e-02	3.248160350751801151e-02	7.828827693865816895e-02
1.200250790007875821e+03	2.464662694683718569e-01	1.614156365993123232e-01	2.547922101766081915e-01	1.534577005751198153e-01	7.301725659537593172e-02	3.250618402384108235e-02	7.834474256101107981e-02
1.201702121071972442e+03	2.462700659623291433e-01	1.612767332562793643e-01	2.549194724725376560e-01	1.535451730195225295e-01	7.305674471685355553e-02	3.253071412086418202e-02	7.840109645125387106e-02
1.203153452136069063e+03	2.460742428776808433e-01	1.611380283060468155e-01	2.550464888895860871e-01	1.536325346706925721e-01	7.309617223149601772e-02	3.255519400302935018e-02	7.845733902110867131e-02
1.204604783200165684e+03	2.458787989155116205e-01	1.609995219573638059e-01	2.551732600866798983e-01	1.537197853105125023e-01	7.313553917787816994e-02	3.257962387292839129e-02	7.851347067876592034e-02
1.206056114264262078e+03	2.456837327883434063e-01	1.608612144108528819e-01	2.552997867192407511e-01	1.538069247257594641e-01	7.317484559519429888e-02	3.260400393132445451e-02	7.856949182892507266e-02
1.207507445328358699e+03	2.454890432199847983e-01	1.607231058591341299e-01	2.554260694392181952e-01	1.538939527080459002e-01	7.321409152324934166e-02	3.262833437717329449e-02	7.862540287283471818e-02
1.208958776392455093e+03	2.452947289453827617e-01	1.605851964869476345e-01	2.555521088951224762e-01	1.539808690537607383e-01	7.325327700245014284e-02	3.265261540764430315e-02	7.868120420833224493e-02
1.210410107456551941e+03	2.451007887104764138e-01	1.604474864712741033e-01	2.556779057320571202e-01	1.540676735640114370e-01	7.329240207379697503e-02	3.267684721814129167e-02	7.873689622988300219e-02
1.211861438520648335e+03	2.449072212720527775e-01	1.603099759814536895e-01	2.558034605917504645e-01	1.541543660445664210e-01	7.333146677887497633e-02	3.270103000232298801e-02	7.879247932861907500e-02
1.213312769584745183e+03	2.447140253976045343e-01	1.601726651793033140e-01	2.559287741125874094e-01	1.542409463057985153e-01	7.337047115984585144e-02	3.272516395212332618e-02	7.884795389237751750e-02
1.214764100648841804e+03	2.445211998651899699e-01	1.600355542192321012e-01	2.560538469296405051e-01	1.543274141626287121e-01	7.340941525943961432e-02	3.274924925777143725e-02	7.890332030573816990e-02
1.216215431712937971e+03	2.443287434632947230e-01	1.598986432483553433e-01	2.561786796747008155e-01	1.544137694344707989e-01	7.344829912094640034e-02	3.277328610781144597e-02	7.895857895006103133e-02
1.217666762777034819e+03	2.441366549906954508e-01	1.597619324066066882e-01	2.563032729763083384e-01	1.545000119451764020e-01	7.348712278820851429e-02	3.279727468912201072e-02	7.901373020352321641e-02
1.219118093841131440e+03	2.439449332563256301e-01	1.596254218268487457e-01	2.564276274597820926e-01	1.545861415229807523e-01	7.352588630561242289e-02	3.282121518693561363e-02	7.906877444115539832e-02
1.220569424905228061e+03	2.437535770791429968e-01	1.594891116349821669e-01	2.565517437472497053e-01	1.546721580004493390e-01	7.356458971808089997e-02	3.284510778485764254e-02	7.912371203487787719e-02
1.222020755969324682e+03	2.435625852879989839e-01	1.593530019500531969e-01	2.566756224576771106e-01	1.547580612144245915e-01	7.360323307106533819e-02	3.286895266488521622e-02	7.917854335353623207e-02
1.223472087033421303e+03	2.433719567215098800e-01	1.592170928843594513e-01	2.567992642068973042e-01	1.548438510059736983e-01	7.364181641053808847e-02	3.289275000742580835e-02	7.923326876293647347e-02
1.224923418097517697e+03	2.431816902279300696e-01	1.590813845435544993e-01	2.569226696076390426e-01	1.549295272203367324e-01	7.368033978298488273e-02	3.291649999131560783e-02	7.928788862587986264e-02
1.226374749161614318e+03	2.429917846650267166e-01	1.589458770267507537e-01	2.570458392695554317e-01	1.550150897068754696e-01	7.371880323539739543e-02	3.294020279383770566e-02	7.934240330219724524e-02
1.227826080225710712e+03	2.428022388999563630e-01	1.588105704266208063e-01	2.571687737992517375e-01	1.551005383190227627e-01	7.375720681526588829e-02	3.296385859074002500e-02	7.939681314878310747e-02
1.229277411289807560e+03	2.426130518091433597e-01	1.586754648294976533e-01	2.572914738003131974e-01	1.551858729142325255e-01	7.379555057057191059e-02	3.298746755625307781e-02	7.945111851962899374e-02
1.230728742353903954e+03	2.424242222781598510e-01	1.585405603154730336e-01	2.574139398733322759e-01	1.552710933539302451e-01	7.383383454978111049e-02	3.301102986310743698e-02	7.950531976585678562e-02
1.232180073418000802e+03	2.422357492016073977e-01	1.584058569584946841e-01	2.575361726159359210e-01	1.553561995034640486e-01	7.387205880183618512e-02	3.303454568255106971e-02	7.955941723575141178e-02
1.233631404482097196e+03	2.420476314830005415e-01	1.582713548264620684e-01	2.576581726228121538e-01	1.554411912320564915e-01	7.391022337614981674e-02	3.305801518436643494e-02	7.961341127479322488e-02
1.235082735546193817e+03	2.418598680346517038e-01	1.581370539813208298e-01	2.577799404857365473e-01	1.555260684127566240e-01	7.394832832259776167e-02	3.308143853688735869e-02	7.966730222568997599e-02
1.236534066610290438e+03	2.416724577775578031e-01	1.580029544791556606e-01	2.579014767935983721e-01	1.556108309223927511e-01	7.398637369151196685e-02	3.310481590701573607e-02	7.972109042840849757e-02
1.237985397674387059e+03	2.414853996412885950e-01	1.578690563702822014e-01	2.580227821324265203e-01	1.556954786415257752e-01	7.402435953367390853e-02	3.312814746023800411e-02	7.977477622020584525e-02
1.239436728738483680e+03	2.412986925638763436e-01	1.577353596993372464e-01	2.581438570854147629e-01	1.557800114544030667e-01	7.406228590030780601e-02	3.315143336064144131e-02	7.982835993566017585e-02
1.240888059802580301e+03	2.411123354917072692e-01	1.576018645053678391e-01	2.582647022329472852e-01	1.558644292489127781e-01	7.410015284307408523e-02	3.317467377093027275e-02	7.988184190670130636e-02
1.242339390866676695e+03	2.409263273794143012e-01	1.574685708219191738e-01	2.583853181526234444e-01	1.559487319165387131e-01	7.413796041406284232e-02	3.319786885244155328e-02	7.993522246264074538e-02
1.243790721930773088e+03	2.407406671897715789e-01	1.573354786771210545e-01	2.585057054192825277e-01	1.560329193523157243e-01	7.417570866578741817e-02	3.322101876516088403e-02	7.998850193020154431e-02
1.245242052994869937e+03	2.405553538935901736e-01	1.572025880937732156e-01	2.586258646050280663e-01	1.561169914547857196e-01	7.421339765117797305e-02	3.324412366773793481e-02	8.004168063354767659e-02
1.246693384058966330e+03	2.403703864696154491e-01	1.570698990894293934e-01	2.587457962792518718e-01	1.562009481259538923e-01	7.425102742357526930e-02	3.326718371750177899e-02	8.009475889431308393e-02
1.248144715123063179e+03	2.401857639044258919e-01	1.569374116764801763e-01	2.588655010086579611e-01	1.562847892712458386e-01	7.428859803672441253e-02	3.329019907047604115e-02	8.014773703163041718e-02
1.249596046187159800e+03	2.400014851923330528e-01	1.568051258622346344e-01	2.589849793572860381e-01	1.563685147994648417e-01	7.432610954476873144e-02	3.331316988139388507e-02	8.020061536215943032e-02
1.251047377251256421e+03	2.398175493352834309e-01	1.566730416490010047e-01	2.591042318865348637e-01	1.564521246227498497e-01	7.436356200224374102e-02	3.333609630371278665e-02	8.025339420011497193e-02
1.252498708315352815e+03	2.396339553427611624e-01	1.565411590341656833e-01	2.592232591551850707e-01	1.565356186565337593e-01	7.440095546407109184e-02	3.335897848962914719e-02	8.030607385729469916e-02
1.253950039379449436e+03	2.394507022316923750e-01	1.564094780102717741e-01	2.593420617194221456e-01	1.566189968195024207e-01	7.443828998555263032e-02	3.338181659009274715e-02	8.035865464310652795e-02
1.255401370443546057e+03	2.392677890263509577e-01	1.562779985650960546e-01	2.594606401328585776e-01	1.567022590335538645e-01	7.447556562236465338e-02	3.340461075482101944e-02	8.041113686459551435e-02
1.256852701507642678e+03	2.390852147582654130e-01	1.561467206817248043e-01	2.595789949465564517e-01	1.567854052237581119e-01	7.451278243055203809e-02	3.342736113231310757e-02	8.046352082647072190e-02
1.258304032571739299e+03	2.389029784661271527e-01	1.560156443386288838e-01	2.596971267090490976e-01	1.568684353183175395e-01	7.454994046652253792e-02	3.345006786986383374e-02	8.051580683113158943e-02
1.259755363635835920e+03	2.387210791957001255e-01	1.558847695097373420e-01	2.598150359663632392e-01	1.569513492485274386e-01	7.458703978704116222e-02	3.347273111357743774e-02	8.056799517869396576e-02
1.261206694699932314e+03	2.385395159997314163e-01	1.557540961645103306e-01	2.599327232620399220e-01	1.570341469487373520e-01	7.462408044922455574e-02	3.349535100838117035e-02	8.062008616701595021e-02
1.262658025764028707e+03	2.383582879378635944e-01	1.556236242680107962e-01	2.600501891371561625e-01	1.571168283563126322e-01	7.466106251053550302e-02	3.351792769803873390e-02	8.067208009172334437e-02
1.264109356828125556e+03	2.381773940765478659e-01	1.554933537809748689e-01	2.601674341303457649e-01	1.571993934115964442e-01	7.469798602877752991e-02	3.354046132516356332e-02	8.072397724623479875e-02
1.265560687892221949e+03	2.379968334889585313e-01	1.553632846598818062e-01	2.602844587778200824e-01	1.572818420578723508e-01	7.473485106208944961e-02	3.356295203123191989e-02	8.077577792178665395e-02
1.267012018956318798e+03	2.378166052549088860e-01	1.552334168570224937e-01	2.604012636133886671e-01	1.573641742413272315e-01	7.477165766894008914e-02	3.358539995659585303e-02	8.082748240745760149e-02
1.268463350020415419e+03	2.376367084607679259e-01	1.551037503205671408e-01	2.605178491684793096e-01	1.574463899110146170e-01	7.480840590812297408e-02	3.360780524049602341e-02	8.087909099019284509e-02
1.269914681084511813e+03	2.374571421993784404e-01	1.549742849946319223e-01	2.606342159721583562e-01	1.575284890188184683e-01	7.484509583875120775e-02	3.363016802107431785e-02	8.093060395482817859e-02
1.271366012148608434e+03	2.372779055699761608e-01	1.548450208193447586e-01	2.607503645511503598e-01	1.576104715194174277e-01	7.488172752025226697e-02	3.365248843538637402e-02	8.098202158411361984e-02
1.272817343212705055e+03	2.370989976781102404e-01	1.547159577309099310e-01	2.608662954298576753e-01	1.576923373702493469e-01	7.491830101236301998e-02	3.367476661941391086e-02	8.103334415873683638e-02
1.274268674276801676e+03	2.369204176355645397e-01	1.545870956616721137e-01	2.609820091303801104e-01	1.577740865314763707e-01	7.495481637512459161e-02	3.369700270807692716e-02	8.108457195734630751e-02
1.275720005340898297e+03	2.367421645602801605e-01	1.544584345401791847e-01	2.610975061725337998e-01	1.578557189659503535e-01	7.499127366887752000e-02	3.371919683524578215e-02	8.113570525657418098e-02
1.277171336404994690e+03	2.365642375762791738e-01	1.543299742912442318e-01	2.612127870738701896e-01	1.579372346391786641e-01	7.502767295425677441e-02	3.374134913375308187e-02	8.118674433105879662e-02
1.278622667469091539e+03	2.363866358135891799e-01	1.542017148360066980e-01	2.613278523496950778e-01	1.580186335192904634e-01	7.506401429218699517e-02	3.376345973540544748e-02	8.123768945346711290e-02
1.280073998533187932e+03	2.362093584081690345e-01	1.540736560919925835e-01	2.614427025130866000e-01	1.580999155770032583e-01	7.510029774387766421e-02	3.378552877099515184e-02	8.128854089451664766e-02
1.281525329597284326e+03	2.360324045018357686e-01	1.539457979731738702e-01	2.615573380749141585e-01	1.581810807855898171e-01	7.513652337081838661e-02	3.380755637031160332e-02	8.133929892299730791e-02
1.282976660661381175e+03	2.358557732421922570e-01	1.538181403900269750e-01	2.616717595438561861e-01	1.582621291208456960e-01	7.517269123477422765e-02	3.382954266215269096e-02	8.138996380579292811e-02
1.284427991725477568e+03	2.356794637825559702e-01	1.536906832495904263e-01	2.617859674264180203e-01	1.583430605610569308e-01	7.520880139778110540e-02	3.385148777433601153e-02	8.144053580790250324e-02
1.285879322789574417e+03	2.355034752818888355e-01	1.535634264555216788e-01	2.618999622269499450e-01	1.584238750869681189e-01	7.524485392214123880e-02	3.387339183370993712e-02	8.149101519246125525e-02
1.287330653853671038e+03	2.353278069047280152e-01	1.534363699081532362e-01	2.620137444476642874e-01	1.585045726817509992e-01	7.528084887041860962e-02	3.389525496616457856e-02	8.154140222076132483e-02
1.288781984917767431e+03	2.351524578211175998e-01	1.533095135045476620e-01	2.621273145886531264e-01	1.585851533309731998e-01	7.531678630543453545e-02	3.391707729664258236e-02	8.159169715227233832e-02
1.290233315981864052e+03	2.349774272065413283e-01	1.531828571385521198e-01	2.622406731479052788e-01	1.586656170225675955e-01	7.535266629026329821e-02	3.393885894914984436e-02	8.164190024466166928e-02
