1.001418434226643626e+03	2.777697258995220908e-01	1.820424400151483546e-01	2.346662152920337974e-01	1.406387501724706279e-01	6.703934647634599009e-02	2.853816513973913421e-02	6.930535700437644164e-02
1.002869765290740247e+03	2.775001834320852123e-01	1.818853440586918335e-01	2.348353069843019114e-01	1.407364006694465097e-01	6.708684079870944061e-02	2.857282571282163466e-02	6.938309834357987704e-02
1.004321096354836754e+03	2.772314301019723759e-01	1.817282385072998829e-01	2.350039987719827195e-01	1.408340488909485544e-01	6.713429648561937413e-02	2.860736860063299927e-02	6.946061864118045770e-02
1.005772427418933376e+03	2.769634599121066909e-01	1.815711273018560667e-01	2.351722926900681743e-01	1.409316935411644711e-01	6.718171228362058989e-02	2.864179524763087528e-02	6.953791902318955109e-02
1.007223758483029997e+03	2.766962669404581798e-01	1.814140143210589695e-01	2.353401907431323659e-01	1.410293332996222226e-01	6.722908701853823332e-02	2.867610704247829101e-02	6.961500063434816754e-02
1.008675089547126618e+03	2.764298453390741095e-01	1.812569033823077658e-01	2.355076949065105507e-01	1.411269668246074582e-01	6.727641958993384186e-02	2.871030532168375796e-02	6.969186463551890753e-02
1.010126420611223239e+03	2.761641893331170383e-01	1.810997982425757713e-01	2.356748071274043232e-01	1.412245927563123282e-01	6.732370896596105714e-02	2.874439137297091912e-02	6.976851220129495768e-02
1.011577751675319632e+03	2.758992932199112458e-01	1.809427025992717819e-01	2.358415293259182310e-01	1.413222097197353866e-01	6.737095417859223501e-02	2.877836643839828956e-02	6.984494451780920432e-02
1.013029082739416367e+03	2.756351513679975995e-01	1.807856200910897548e-01	2.360078633960328853e-01	1.414198163273512887e-01	6.741815431918921075e-02	2.881223171724826837e-02	6.992116278072743607e-02
1.014480413803512761e+03	2.753717582161975264e-01	1.806285542988466108e-01	2.361738112065184247e-01	1.415174111815666880e-01	6.746530853439325348e-02	2.884598836870291144e-02	6.999716819341098017e-02
1.015931744867609382e+03	2.751091082726857540e-01	1.804715087463087397e-01	2.363393746017932451e-01	1.416149928769788180e-01	6.751241602231142225e-02	2.887963751432277154e-02	7.007296196523561671e-02
1.017383075931706003e+03	2.748471961140725450e-01	1.803144869010065987e-01	2.365045554027313257e-01	1.417125600024506660e-01	6.755947602897759141e-02	2.891318024034378667e-02	7.014854531005389193e-02
1.018834406995802851e+03	2.745860163844948132e-01	1.801574921750385416e-01	2.366693554074219275e-01	1.418101111430166983e-01	6.760648784506848030e-02	2.894661759980602517e-02	7.022391944478995063e-02
1.020285738059899245e+03	2.743255637947172865e-01	1.800005279258630464e-01	2.368337763918850203e-01	1.419076448816317115e-01	6.765345080285625756e-02	2.897995061452711060e-02	7.029908558815603503e-02
1.021737069123995752e+03	2.740658331212427190e-01	1.798435974570803397e-01	2.369978201107454940e-01	1.420051598007741611e-01	6.770036427338053941e-02	2.901318027693205320e-02	7.037404495948118566e-02
1.023188400188092373e+03	2.738068192054323724e-01	1.796867040192028087e-01	2.371614882978689276e-01	1.421026544839150973e-01	6.774722766382386407e-02	2.904630755175045126e-02	7.044879877764299858e-02
1.024639731252188767e+03	2.735485169526356564e-01	1.795298508104148649e-01	2.373247826669618032e-01	1.422001275168625345e-01	6.779404041507607059e-02	2.907933337759105452e-02	7.052334826009454272e-02
1.026091062316285615e+03	2.732909213313300945e-01	1.793730409773221512e-01	2.374877049121382755e-01	1.422975774889906342e-01	6.784080199947377376e-02	2.911225866840299464e-02	7.059769462197863776e-02
1.027542393380382237e+03	2.730340273722708377e-01	1.792162776156903115e-01	2.376502567084561313e-01	1.423950029943621132e-01	6.788751191870216750e-02	2.914508431483227302e-02	7.067183907532263720e-02
1.028993724444478858e+03	2.727778301676502815e-01	1.790595637711734911e-01	2.378124397124239953e-01	1.424924026327523408e-01	6.793416970184770753e-02	2.917781118548137820e-02	7.074578282830724929e-02
1.030445055508575479e+03	2.725223248702673406e-01	1.789029024400325130e-01	2.379742555624815292e-01	1.425897750105818151e-01	6.798077490359036301e-02	2.921044012807938114e-02	7.081952708460358126e-02
1.031896386572671872e+03	2.722675066927067178e-01	1.787462965698430328e-01	2.381357058794547343e-01	1.426871187417644571e-01	6.802732710252550052e-02	2.924297197056923564e-02	7.089307304277281396e-02
1.033347717636768493e+03	2.720133709065284400e-01	1.785897490601939808e-01	2.382967922669878003e-01	1.427844324484779381e-01	6.807382589960613017e-02	2.927540752211852532e-02	7.096642189572367754e-02
1.034799048700865114e+03	2.717599128414666665e-01	1.784332627633758994e-01	2.384575163119534158e-01	1.428817147618617334e-01	6.812027091669646539e-02	2.930774757405940970e-02	7.103957483022295405e-02
1.036250379764961508e+03	2.715071278846386549e-01	1.782768404850598176e-01	2.386178795848427070e-01	1.429789643226485052e-01	6.816666179522895552e-02	2.933999290076308789e-02	7.111253302645484387e-02
1.037701710829058356e+03	2.712550114797638856e-01	1.781204849849665761e-01	2.387778836401361071e-01	1.430761797817339254e-01	6.821299819495724170e-02	2.937214426045370308e-02	7.118529765762518502e-02
1.039153041893154750e+03	2.710035591263922905e-01	1.779641989775266886e-01	2.389375300166569072e-01	1.431733598006894870e-01	6.825927979279805546e-02	2.940420239596622243e-02	7.125786988960701451e-02
1.040604372957251599e+03	2.707527663791427508e-01	1.778079851325309602e-01	2.390968202379080421e-01	1.432705030522229139e-01	6.830550628175548200e-02	2.943616803545245214e-02	7.133025088062408536e-02
1.042055704021347992e+03	2.705026288469511431e-01	1.776518460757719187e-01	2.392557558123936667e-01	1.433676082205896929e-01	6.835167736992188436e-02	2.946804189303911525e-02	7.140244178096925853e-02
1.043507035085444613e+03	2.702531421923280441e-01	1.774957843896763920e-01	2.394143382339261328e-01	1.434646740019600575e-01	6.839779277954964598e-02	2.949982466944152740e-02	7.147444373275491092e-02
1.044958366149541234e+03	2.700043021306257063e-01	1.773398026139288708e-01	2.395725689819198090e-01	1.435616991047444779e-01	6.844385224618872166e-02	2.953151705253619086e-02	7.154625786969297241e-02
1.046409697213637855e+03	2.697561044293150245e-01	1.771839032460863494e-01	2.397304495216720233e-01	1.436586822498809035e-01	6.848985551788526471e-02	2.956311971789535309e-02	7.161788531690183035e-02
1.047861028277734476e+03	2.695085449072717187e-01	1.770280887421843696e-01	2.398879813046325693e-01	1.437556221710868942e-01	6.853580235443670898e-02	2.959463332928637808e-02	7.168932719073813076e-02
1.049312359341831097e+03	2.692616194340714530e-01	1.768723615173346531e-01	2.400451657686618889e-01	1.438525176150792229e-01	6.858169252669950311e-02	2.962605853913851187e-02	7.176058459865151951e-02
1.050763690405927491e+03	2.690153239292952247e-01	1.767167239463140749e-01	2.402020043382790959e-01	1.439493673417635844e-01	6.862752581594527834e-02	2.965739598897942572e-02	7.183165863906007531e-02
1.052215021470024112e+03	2.687696543618428024e-01	1.765611783641455601e-01	2.403584984249003131e-01	1.440461701243967441e-01	6.867330201326235506e-02	2.968864630984386493e-02	7.190255040124510222e-02
1.053666352534120733e+03	2.685246067492561561e-01	1.764057270666706811e-01	2.405146494270679336e-01	1.441429247497231780e-01	6.871902091899896592e-02	2.971981012265631841e-02	7.197326096526353301e-02
1.055117683598217127e+03	2.682801771570513805e-01	1.762503723111140952e-01	2.406704587306713605e-01	1.442396300180885105e-01	6.876468234224535070e-02	2.975088803858974909e-02	7.204379140187631980e-02
1.056569014662313975e+03	2.680363616980597774e-01	1.760951163166402100e-01	2.408259277091598094e-01	1.443362847435313290e-01	6.881028610035187787e-02	2.978188065940205395e-02	7.211414277249171556e-02
1.058020345726410369e+03	2.677931565317777651e-01	1.759399612649018008e-01	2.409810577237475604e-01	1.444328877538552935e-01	6.885583201848044510e-02	2.981278857775189473e-02	7.218431612912203088e-02
1.059471676790506763e+03	2.675505578637255577e-01	1.757849093005808827e-01	2.411358501236121055e-01	1.445294378906830657e-01	6.890131992918693826e-02	2.984361237749545009e-02	7.225431251435279756e-02
1.060923007854603611e+03	2.673085619448144490e-01	1.756299625319221180e-01	2.412903062460857728e-01	1.446259340094935286e-01	6.894674967203243132e-02	2.987435263396541821e-02	7.232413296132317315e-02
1.062374338918700232e+03	2.670671650707225897e-01	1.754751230312583954e-01	2.414444274168410232e-01	1.447223749796436310e-01	6.899212109322093445e-02	2.990500991423357402e-02	7.239377849371674001e-02
1.063825669982796853e+03	2.668263635812794798e-01	1.753203928355292207e-01	2.415982149500699450e-01	1.448187596843764358e-01	6.903743404526190008e-02	2.993558477735810616e-02	7.246325012576171343e-02
1.065277001046893474e+03	2.665861538598587877e-01	1.751657739467918362e-01	2.417516701486580044e-01	1.449150870208160136e-01	6.908268838665569678e-02	2.996607777461674990e-02	7.253254886223972631e-02
1.066728332110990095e+03	2.663465323327791623e-01	1.750112683327246232e-01	2.419047943043527715e-01	1.450113558999507335e-01	6.912788398160020498e-02	2.999648944972683334e-02	7.260167569850252411e-02
1.068179663175086489e+03	2.661074954687134841e-01	1.748568779271240381e-01	2.420575886979275393e-01	1.451075652466057297e-01	6.917302069971729972e-02	3.002682033905308689e-02	7.267063162049570979e-02
1.069630994239183110e+03	2.658690397781062198e-01	1.747026046303939706e-01	2.422100545993404741e-01	1.452037139994055148e-01	6.921809841579756872e-02	3.005707097180413886e-02	7.273941760478901120e-02
1.071082325303279504e+03	2.656311618125987706e-01	1.745484503100285523e-01	2.423621932678889923e-01	1.452998011107276832e-01	6.926311700956194750e-02	3.008724187021848129e-02	7.280803461861251602e-02
1.072533656367376352e+03	2.653938581644625927e-01	1.743944168010878593e-01	2.425140059523602787e-01	1.453958255466483440e-01	6.930807636543916128e-02	3.011733354974064844e-02	7.287648361989804147e-02
1.073984987431472746e+03	2.651571254660403110e-01	1.742405059066670647e-01	2.426654938911776693e-01	1.454917862868802259e-01	6.935297637235782187e-02	3.014734651918828806e-02	7.294476555732554157e-02
1.075436318495569594e+03	2.649209603891942710e-01	1.740867193983588745e-01	2.428166583125433431e-01	1.455876823247038987e-01	6.939781692355199982e-02	3.017728128091080528e-02	7.301288137037378889e-02
1.076887649559666215e+03	2.646853596447630297e-01	1.739330590167092461e-01	2.429675004345772660e-01	1.456835126668928893e-01	6.944259791637946710e-02	3.020713833094009274e-02	7.308083198937501135e-02
1.078338980623762609e+03	2.644503199820251726e-01	1.737795264716670562e-01	2.431180214654529714e-01	1.457792763336332731e-01	6.948731925215155536e-02	3.023691815913395406e-02	7.314861833557298465e-02
1.079790311687859230e+03	2.642158381881705709e-01	1.736261234430270806e-01	2.432682226035299267e-01	1.458749723584382985e-01	6.953198083597389445e-02	3.026662124931270986e-02	7.321624132118449702e-02
1.081241642751955851e+03	2.639819110877789643e-01	1.734728515808666161e-01	2.434181050374829014e-01	1.459705997880583750e-01	6.957658257659724010e-02	3.029624807938943037e-02	7.328370184946343679e-02
1.082692973816052472e+03	2.637485355423058730e-01	1.733197125059762755e-01	2.435676699464283668e-01	1.460661576823870933e-01	6.962112438627757194e-02	3.032579912149425613e-02	7.335100081476753076e-02
1.084144304880149093e+03	2.635157084495756141e-01	1.731667078102842594e-01	2.437169185000480631e-01	1.461616451143636086e-01	6.966560618064492061e-02	3.035527484209318144e-02	7.341813910262737219e-02
1.085595635944245487e+03	2.632834267432811459e-01	1.730138390572750762e-01	2.438658518587099033e-01	1.462570611698715828e-01	6.971002787858031347e-02	3.038467570210169610e-02	7.348511758981733644e-02
1.087046967008342108e+03	2.630516873924912402e-01	1.728611077824017961e-01	2.440144711735864613e-01	1.463524049476355726e-01	6.975438940210006156e-02	3.041400215699360116e-02	7.355193714442828656e-02
1.088498298072438729e+03	2.628204874011644265e-01	1.727085154934928646e-01	2.441627775867707129e-01	1.464476755591146429e-01	6.979869067624711043e-02	3.044325465690533167e-02	7.361859862594184734e-02
1.089949629136535123e+03	2.625898238076695423e-01	1.725560636711531426e-01	2.443107722313897223e-01	1.465428721283937308e-01	6.984293162898884411e-02	3.047243364673608151e-02	7.368510288530596974e-02
1.091400960200631971e+03	2.623596936843128336e-01	1.724037537691588406e-01	2.444584562317157761e-01	1.466379937920731236e-01	6.988711219112078710e-02	3.050153956624400073e-02	7.375145076501161967e-02
1.092852291264728365e+03	2.621300941368723825e-01	1.722515872148472904e-01	2.446058307032757395e-01	1.467330396991562147e-01	6.993123229617605185e-02	3.053057285013871872e-02	7.381764309917052125e-02
1.094303622328825213e+03	2.619010223041381979e-01	1.720995654095011651e-01	2.447528967529579713e-01	1.468280090109357339e-01	6.997529188033983771e-02	3.055953392817039455e-02	7.388368071359363576e-02
1.095754953392921607e+03	2.616724753574591333e-01	1.719476897287268435e-01	2.448996554791174063e-01	1.469229009008788944e-01	7.001929088236875931e-02	3.058842322521559617e-02	7.394956442587034828e-02
1.097206284457018228e+03	2.614444505002961883e-01	1.717959615228278336e-01	2.450461079716787227e-01	1.470177145545112363e-01	7.006322924351479631e-02	3.061724116136008492e-02	7.401529504544816784e-02
1.098657615521114849e+03	2.612169449677817501e-01	1.716443821171728112e-01	2.451922553122376225e-01	1.471124491692998582e-01	7.010710690745315665e-02	3.064598815197883130e-02	7.408087337371294101e-02
1.100108946585211470e+03	2.609899560262856633e-01	1.714929528125582470e-01	2.453380985741603071e-01	1.472071039545359006e-01	7.015092382021431705e-02	3.067466460781331436e-02	7.414630020406923205e-02
1.101560277649308091e+03	2.607634809729865721e-01	1.713416748855660643e-01	2.454836388226812327e-01	1.473016781312163903e-01	7.019467993011943574e-02	3.070327093504632635e-02	7.421157632202103616e-02
1.103011608713404712e+03	2.605375171354495367e-01	1.711905495889160800e-01	2.456288771149992556e-01	1.473961709319259461e-01	7.023837518771926247e-02	3.073180753537442522e-02	7.427670250525257589e-02
1.104462939777501106e+03	2.603120618712100875e-01	1.710395781518137259e-01	2.457738145003720287e-01	1.474905816007179293e-01	7.028200954573610160e-02	3.076027480607816667e-02	7.434167952370906995e-02
1.105914270841597499e+03	2.600871125673633322e-01	1.708887617802924141e-01	2.459184520202090662e-01	1.475849093929957889e-01	7.032558295900873113e-02	3.078867314009023706e-02	7.440650813967754351e-02
1.107365601905694348e+03	2.598626666401593899e-01	1.707381016575513777e-01	2.460627907081629484e-01	1.476791535753942120e-01	7.036909538444004186e-02	3.081700292606161587e-02	7.447118910786751367e-02
1.108816932969790741e+03	2.596387215346042665e-01	1.705875989442885710e-01	2.462068315902193882e-01	1.477733134256603853e-01	7.041254678094717445e-02	3.084526454842588181e-02	7.453572317549145287e-02
1.110268264033887590e+03	2.594152747240662249e-01	1.704372547790289072e-01	2.463505756847857164e-01	1.478673882325354794e-01	7.045593710941405741e-02	3.087345838746174270e-02	7.460011108234498867e-02
1.111719595097984211e+03	2.591923237098880395e-01	1.702870702784477774e-01	2.464940240027779506e-01	1.479613772956363815e-01	7.049926633264608222e-02	3.090158481935390347e-02	7.466435356088696462e-02
1.113170926162080832e+03	2.589698660210043579e-01	1.701370465376899344e-01	2.466371775477066430e-01	1.480552799253378460e-01	7.054253441532691571e-02	3.092964421625238325e-02	7.472845133631897396e-02
1.114622257226177226e+03	2.587478992135645584e-01	1.699871846306841017e-01	2.467800373157613136e-01	1.481490954426549767e-01	7.058574132397714418e-02	3.095763694633029903e-02	7.479240512666464336e-02
1.116073588290273847e+03	2.585264208705609912e-01	1.698374856104526709e-01	2.469226042958935496e-01	1.482428231791262929e-01	7.062888702691481890e-02	3.098556337384024070e-02	7.485621564284848650e-02
1.117524919354370468e+03	2.583054286014621614e-01	1.696879505094174290e-01	2.470648794698991624e-01	1.483364624766971840e-01	7.067197149421755586e-02	3.101342385916933120e-02	7.491988358877423038e-02
1.118976250418467089e+03	2.580849200418515177e-01	1.695385803397007618e-01	2.472068638124987616e-01	1.484300126876041681e-01	7.071499469768624535e-02	3.104121875889295085e-02	7.498340966140269737e-02
1.120427581482563710e+03	2.578648928530709039e-01	1.693893760934225556e-01	2.473485582914173031e-01	1.485234731742596237e-01	7.075795661081030197e-02	3.106894842582729604e-02	7.504679455082914619e-02
1.121878912546660331e+03	2.576453447218692294e-01	1.692403387429927963e-01	2.474899638674626645e-01	1.486168433091374641e-01	7.080085720873410815e-02	3.109661320908073401e-02	7.511003894036016870e-02
1.123330243610756725e+03	2.574262733600560238e-01	1.690914692414003384e-01	2.476310814946026673e-01	1.487101224746591455e-01	7.084369646822497035e-02	3.112421345410408199e-02	7.517314350658990674e-02
1.124781574674853118e+03	2.572076765041599877e-01	1.689427685224971776e-01	2.477719121200415153e-01	1.488033100630808681e-01	7.088647436764204668e-02	3.115174950273980059e-02	7.523610891947567214e-02
1.126232905738949967e+03	2.569895519150921515e-01	1.687942375012791152e-01	2.479124566842947630e-01	1.488964054763813050e-01	7.092919088690657903e-02	3.117922169327020515e-02	7.529893584241306725e-02
1.127684236803046360e+03	2.567718973778137515e-01	1.686458770741617597e-01	2.480527161212633114e-01	1.489894081261502468e-01	7.097184600747305505e-02	3.120663036046467109e-02	7.536162493231042536e-02
1.129135567867143209e+03	2.565547107010089367e-01	1.684976881192534748e-01	2.481926913583066552e-01	1.490823174334781065e-01	7.101443971230148033e-02	3.123397583562595101e-02	7.542417683966259889e-02
1.130586898931239830e+03	2.563379897167622490e-01	1.683496714966238039e-01	2.483323833163147143e-01	1.491751328288463130e-01	7.105697198583046936e-02	3.126125844663556891e-02	7.548659220862415087e-02
1.132038229995336451e+03	2.561217322802400442e-01	1.682018280485682582e-01	2.484717929097788880e-01	1.492678537520185922e-01	7.109944281395129406e-02	3.128847851799838875e-02	7.554887167708181084e-02
1.133489561059432845e+03	2.559059362693770767e-01	1.680541585998693854e-01	2.486109210468622488e-01	1.493604796519331368e-01	7.114185218398273725e-02	3.131563637088634333e-02	7.561101587672636182e-02
1.134940892123529466e+03	2.556905995845670243e-01	1.679066639580542031e-01	2.487497686294685151e-01	1.494530099865957473e-01	7.118420008464666771e-02	3.134273232318138258e-02	7.567302543312377783e-02
1.136392223187626087e+03	2.554757201483575102e-01	1.677593449136477455e-01	2.488883365533103298e-01	1.495454442229738889e-01	7.122648650604446185e-02	3.136976668951765163e-02	7.573490096578570918e-02
1.137843554251722708e+03	2.552612959051496211e-01	1.676122022404231970e-01	2.490266257079765400e-01	1.496377818368917201e-01	7.126871143963400823e-02	3.139673978132293680e-02	7.579664308823927388e-02
1.139294885315819101e+03	2.550473248209012556e-01	1.674652366956484728e-01	2.491646369769985325e-01	1.497300223129260921e-01	7.131087487820736426e-02	3.142365190685942472e-02	7.585825240809615511e-02
1.140746216379915950e+03	2.548338048828350244e-01	1.673184490203291352e-01	2.493023712379157930e-01	1.498221651443035207e-01	7.135297681586913465e-02	3.145050337126375356e-02	7.591972952712099099e-02
1.142197547444012343e+03	2.546207340991498147e-01	1.671718399394479804e-01	2.494398293623405205e-01	1.499142098327980732e-01	7.139501724801534943e-02	3.147729447658640517e-02	7.598107504129916756e-02
1.143648878508108737e+03	2.544081104987371278e-01	1.670254101622012100e-01	2.495770122160214377e-01	1.500061558886304214e-01	7.143699617131289703e-02	3.150402552183046573e-02	7.604228954090373749e-02
1.145100209572205586e+03	2.541959321309005815e-01	1.668791603822312453e-01	2.497139206589068239e-01	1.500980028303675884e-01	7.147891358367949866e-02	3.153069680298978272e-02	7.610337361056176975e-02
1.146551540636302207e+03	2.539841970650800196e-01	1.667330912778561547e-01	2.498505555452065485e-01	1.501897501848240279e-01	7.152076948426412673e-02	3.155730861308646967e-02	7.616432782931999157e-02
1.148002871700398828e+03	2.537729033905790077e-01	1.665872035122959449e-01	2.499869177234534390e-01	1.502813974869633973e-01	7.156256387342800618e-02	3.158386124220788349e-02	7.622515277070966710e-02
1.149454202764495449e+03	2.535620492162965478e-01	1.664414977338954660e-01	2.501230080365639541e-01	1.503729442798014682e-01	7.160429675272600436e-02	3.161035497754300511e-02	7.628584900281086545e-02
1.150905533828591842e+03	2.533516326704625121e-01	1.662959745763444019e-01	2.502588273218978032e-01	1.504643901143101203e-01	7.164596812488835398e-02	3.163679010341826497e-02	7.634641708831593765e-02
1.152356864892688463e+03	2.531416519003763521e-01	1.661506346588937644e-01	2.503943764113170656e-01	1.505557345493220567e-01	7.168757799380290341e-02	3.166316690133286899e-02	7.640685758459239696e-02
1.153808195956785084e+03	2.529321050721501374e-01	1.660054785865697213e-01	2.505296561312443937e-01	1.506469771514368228e-01	7.172912636449775559e-02	3.168948564999356232e-02	7.646717104374502194e-02
1.155259527020881706e+03	2.527229903704549252e-01	1.658605069503839846e-01	2.506646673027206340e-01	1.507381174949274927e-01	7.177061324312414281e-02	3.171574662534888678e-02	7.652735801267733506e-02
1.156710858084978327e+03	2.525143059982703497e-01	1.657157203275416713e-01	2.507994107414614482e-01	1.508291551616487702e-01	7.181203863693987055e-02	3.174195010062297317e-02	7.658741903315235966e-02
1.158162189149074720e+03	2.523060501766383745e-01	1.655711192816456123e-01	2.509338872579134350e-01	1.509200897409455067e-01	7.185340255429285838e-02	3.176809634634883417e-02	7.664735464185273850e-02
1.159613520213171569e+03	2.520982211444202092e-01	1.654267043628983302e-01	2.510680976573096412e-01	1.510109208295626892e-01	7.189470500460515279e-02	3.179418563040117829e-02	7.670716537044014460e-02
1.161064851277267962e+03	2.518908171580565014e-01	1.652824761083007132e-01	2.512020427397240185e-01	1.511016480315561239e-01	7.193594599835723136e-02	3.182021821802876599e-02	7.676685174561398428e-02
1.162516182341364356e+03	2.516838364913309145e-01	1.651384350418481917e-01	2.513357233001256019e-01	1.511922709582042001e-01	7.197712554707254295e-02	3.184619437188631469e-02	7.682641428916955895e-02
1.163967513405461204e+03	2.514772774351374252e-01	1.649945816747238891e-01	2.514691401284316341e-01	1.512827892279205999e-01	7.201824366330243643e-02	3.187211435206597360e-02	7.688585351805536650e-02
1.165418844469557826e+03	2.512711382972504515e-01	1.648509165054890813e-01	2.516022940095603566e-01	1.513732024661678943e-01	7.205930036061122812e-02	3.189797841612835444e-02	7.694516994442995861e-02
1.166870175533654447e+03	2.510654174020984231e-01	1.647074400202710454e-01	2.517351857234828572e-01	1.514635103053721676e-01	7.210029565356167180e-02	3.192378681913314586e-02	7.700436407571799313e-02
1.168321506597751068e+03	2.508601130905405707e-01	1.645641526929481069e-01	2.518678160452745285e-01	1.515537123848385848e-01	7.214122955770055357e-02	3.194953981366931151e-02	7.706343641466573136e-02
1.169772837661847461e+03	2.506552237196466582e-01	1.644210549853320769e-01	2.520001857451655836e-01	1.516438083506678192e-01	7.218210208954461971e-02	3.197523764988487172e-02	7.712238745939577200e-02
1.171224168725944082e+03	2.504507476624799889e-01	1.642781473473481635e-01	2.521322955885915151e-01	1.517337978556733691e-01	7.222291326656672672e-02	3.200088057551631754e-02	7.718121770346134114e-02
1.172675499790040703e+03	2.502466833078834108e-01	1.641354302172122748e-01	2.522641463362420566e-01	1.518236805593000671e-01	7.226366310718221331e-02	3.202646883591760141e-02	7.723992763589976329e-02
1.174126830854137097e+03	2.500430290602683181e-01	1.639929040216058787e-01	2.523957387441104205e-01	1.519134561275431727e-01	7.230435163073539728e-02	3.205200267408877396e-02	7.729851774128543296e-02
1.175578161918233945e+03	2.498397833394067347e-01	1.638505691758480876e-01	2.525270735635412600e-01	1.520031242328685195e-01	7.234497885748651658e-02	3.207748233070421839e-02	7.735698849978205061e-02
1.177029492982330339e+03	2.496369445802259501e-01	1.637084260840656891e-01	2.526581515412785195e-01	1.520926845541336891e-01	7.238554480859864249e-02	3.210290804414052401e-02	7.741534038719438682e-02
1.178480824046426733e+03	2.494345112326065983e-01	1.635664751393604566e-01	2.527889734195123417e-01	1.521821367765097133e-01	7.242604950612489823e-02	3.212828005050401975e-02	7.747357387501932480e-02
1.179932155110523581e+03	2.492324817611831778e-01	1.634247167239742948e-01	2.529195399359257523e-01	1.522714805914040237e-01	7.246649297299587178e-02	3.215359858365791218e-02	7.753168943049636164e-02
1.181383486174620202e+03	2.490308546451474037e-01	1.632831512094518045e-01	2.530498518237402905e-01	1.523607156963841525e-01	7.250687523300719528e-02	3.217886387524911129e-02	7.758968751665745733e-02
1.182834817238716823e+03	2.488296283780544460e-01	1.631417789568006815e-01	2.531799098117616387e-01	1.524498417951022367e-01	7.254719631080733255e-02	3.220407615473468849e-02	7.764756859237642583e-02
1.184286148302813444e+03	2.486288014676319158e-01	1.630006003166498962e-01	2.533097146244241427e-01	1.525388585972204114e-01	7.258745623188556095e-02	3.222923564940798763e-02	7.770533311241752117e-02
1.185737479366910065e+03	2.484283724355913769e-01	1.628596156294053743e-01	2.534392669818354427e-01	1.526277658183370634e-01	7.262765502256002259e-02	3.225434258442443081e-02	7.776298152748367665e-02
1.187188810431006686e+03	2.482283398174426614e-01	1.627188252254037071e-01	2.535685675998198274e-01	1.527165631799140277e-01	7.266779270996609474e-02	3.227939718282699100e-02	7.782051428426400852e-02
1.188640141495103080e+03	2.480287021623107102e-01	1.625782294250635307e-01	2.536976171899617549e-01	1.528052504092044239e-01	7.270786932204484354e-02	3.230439966557130393e-02	7.787793182548080617e-02
1.190091472559199701e+03	2.478294580327549679e-01	1.624378285390347953e-01	2.538264164596481520e-01	1.528938272391813791e-01	7.274788488753160254e-02	3.232935025155052322e-02	7.793523458993602271e-02
1.191542803623296322e+03	2.476306060045913027e-01	1.622976228683459532e-01	2.539549661121107693e-01	1.529822934084677233e-01	7.278783943594480110e-02	3.235424915761981463e-02	7.799242301255714105e-02
1.192994134687392716e+03	2.474321446667166469e-01	1.621576127045488980e-01	2.540832668464676480e-01	1.530706486612663231e-01	7.282773299757490382e-02	3.237909659862054507e-02	7.804949752444248490e-02
1.194445465751489564e+03	2.472340726209357742e-01	1.620177983298621005e-01	2.542113193577646424e-01	1.531588927472912476e-01	7.286756560347347478e-02	3.240389278740421486e-02	7.810645855290603012e-02
1.195896796815585958e+03	2.470363884817906586e-01	1.618781800173113017e-01	2.543391243370155541e-01	1.532470254216997674e-01	7.290733728544243619e-02	3.242863793485601526e-02	7.816330652152170266e-02
1.197348127879682352e+03	2.468390908763923863e-01	1.617387580308686235e-01	2.544666824712426556e-01	1.533350464450251305e-01	7.294704807602345187e-02	3.245333224991817089e-02	7.822004185016701028e-02
1.198799458943779200e+03	2.466421784442550946e-01	1.615995326255894871e-01	2.545939944435161029e-01	1.534229555831100877e-01	7.298669800848740785e-02	3.247797593961290752e-02	7.827666495506636901e-02
1.200250790007875821e+03	2.464456498371325466e-01	1.614605040477475051e-01	2.547210609329931819e-01	1.535107526070411954e-01	7.302628711682411511e-02	3.250256920906523239e-02	7.833317624883370800e-02
1.201702121071972442e+03	2.462495037188567604e-01	1.613216725349676806e-01	2.548478826149571108e-01	1.535984372930838671e-01	7.306581543573212323e-02	3.252711226152533996e-02	7.838957614051468570e-02
1.203153452136069063e+03	2.460537387651791641e-01	1.611830383163574132e-01	2.549744601608551209e-01	1.536860094226182305e-01	7.310528300060858964e-02	3.255160529839077471e-02	7.844586503562833713e-02
1.204604783200165684e+03	2.458583536636136102e-01	1.610446016126359792e-01	2.551007942383363702e-01	1.537734687820756785e-01	7.314468984753941250e-02	3.257604851922835110e-02	7.850204333620823538e-02
1.206056114264262078e+03	2.456633471132820545e-01	1.609063626362619015e-01	2.552268855112891921e-01	1.538608151628761689e-01	7.318403601328936359e-02	3.260044212179574741e-02	7.855811144084319519e-02
1.207507445328358699e+03	2.454687178247620671e-01	1.607683215915585162e-01	2.553527346398781206e-01	1.539480483613662187e-01	7.322332153529242937e-02	3.262478630206287755e-02	7.861406974471743525e-02
1.208958776392455093e+03	2.452744645199364804e-01	1.606304786748379010e-01	2.554783422805800841e-01	1.540351681787577587e-01	7.326254645164223533e-02	3.264908125423295060e-02	7.866991863965028253e-02
1.210410107456551941e+03	2.450805859318453961e-01	1.604928340745228887e-01	2.556037090862205985e-01	1.541221744210673483e-01	7.330171080108267845e-02	3.267332717076333604e-02	7.872565851413543259e-02
1.211861438520648335e+03	2.448870808045399694e-01	1.603553879712674712e-01	2.557288357060093498e-01	1.542090668990566682e-01	7.334081462299847642e-02	3.269752424238610983e-02	7.878128975337961304e-02
1.213312769584745183e+03	2.446939478929385237e-01	1.602181405380753987e-01	2.558537227855751661e-01	1.542958454281731506e-01	7.337985795740609163e-02	3.272167265812838538e-02	7.883681273934095568e-02
1.214764100648841804e+03	2.445011859626844142e-01	1.600810919404170030e-01	2.559783709670009899e-01	1.543825098284915820e-01	7.341884084494459950e-02	3.274577260533238082e-02	7.889222785076675792e-02
1.216215431712937971e+03	2.443087937900061402e-01	1.599442423363445498e-01	2.561027808888579060e-01	1.544690599246563156e-01	7.345776332686669574e-02	3.276982426967523648e-02	7.894753546323088345e-02
1.217666762777034819e+03	2.441167701615791219e-01	1.598075918766058423e-01	2.562269531862395033e-01	1.545554955458242341e-01	7.349662544502985617e-02	3.279382783518860339e-02	7.900273594917064934e-02
1.219118093841131440e+03	2.439251138743898373e-01	1.596711407047561038e-01	2.563508884907947372e-01	1.546418165256082944e-01	7.353542724188759372e-02	3.281778348427796810e-02	7.905782967792332472e-02
1.220569424905228061e+03	2.437338237356012904e-01	1.595348889572685835e-01	2.564745874307615692e-01	1.547280227020217391e-01	7.357416876048082643e-02	3.284169139774177626e-02	7.911281701576211578e-02
1.222020755969324682e+03	2.435428985624209508e-01	1.593988367636430536e-01	2.565980506309994968e-01	1.548141139174229464e-01	7.361285004442932878e-02	3.286555175479027868e-02	7.916769832593180400e-02
1.223472087033421303e+03	2.433523371819701908e-01	1.592629842465133616e-01	2.567212787130219720e-01	1.549000900184610008e-01	7.365147113792330780e-02	3.288936473306417613e-02	7.922247396868385694e-02
1.224923418097517697e+03	2.431621384311556111e-01	1.591273315217529571e-01	2.568442722950281532e-01	1.549859508560218757e-01	7.369003208571507646e-02	3.291313050865304901e-02	7.927714430131121981e-02
1.226374749161614318e+03	2.429723011565421975e-01	1.589918786985791699e-01	2.569670319919344914e-01	1.550716962851751424e-01	7.372853293311085188e-02	3.293684925611350262e-02	7.933170967818259367e-02
1.227826080225710712e+03	2.427828242142282544e-01	1.588566258796559050e-01	2.570895584154061497e-01	1.551573261651214841e-01	7.376697372596262292e-02	3.296052114848716658e-02	7.938617045077631107e-02
1.229277411289807560e+03	2.425937064697221424e-01	1.587215731611950065e-01	2.572118521738877006e-01	1.552428403591406270e-01	7.380535451066011499e-02	3.298414635731841682e-02	7.944052696771392030e-02
1.230728742353903954e+03	2.424049467978205696e-01	1.585867206330559553e-01	2.573339138726334352e-01	1.553282387345400195e-01	7.384367533412286577e-02	3.300772505267190321e-02	7.949477957479321455e-02
1.232180073418000802e+03	2.422165440824887994e-01	1.584520683788442352e-01	2.574557441137376723e-01	1.554135211626040403e-01	7.388193624379245372e-02	3.303125740314986902e-02	7.954892861502085855e-02
1.233631404482097196e+03	2.420284972167424387e-01	1.583176164760083660e-01	2.575773434961645125e-01	1.554986875185439266e-01	7.392013728762469871e-02	3.305474357590923451e-02	7.960297442864477935e-02
1.235082735546193817e+03	2.418408051025308370e-01	1.581833649959354937e-01	2.576987126157770369e-01	1.555837376814480366e-01	7.395827851408208475e-02	3.307818373667851392e-02	7.965691735318600197e-02
1.236534066610290438e+03	2.416534666506221229e-01	1.580493140040455657e-01	2.578198520653663950e-01	1.556686715342329996e-01	7.399635997212616889e-02	3.310157804977448964e-02	7.971075772347016586e-02
1.237985397674387059e+03	2.414664807804899338e-01	1.579154635598842560e-01	2.579407624346808370e-01	1.557534889635952824e-01	7.403438171121017042e-02	3.312492667811869212e-02	7.976449587165870825e-02
1.239436728738483680e+03	2.412798464202017823e-01	1.577818137172145030e-01	2.580614443104536915e-01	1.558381898599631721e-01	7.407234378127158791e-02	3.314822978325367153e-02	7.981813212727954798e-02
1.240888059802580301e+03	2.410935625063085896e-01	1.576483645241066878e-01	2.581818982764315096e-01	1.559227741174496196e-01	7.411024623272488565e-02	3.317148752535911682e-02	7.987166681725749173e-02
1.242339390866676695e+03	2.409076279837363832e-01	1.575151160230276459e-01	2.583021249134019870e-01	1.560072416338055268e-01	7.414808911645441591e-02	3.319470006326770417e-02	7.992510026594426553e-02
1.243790721930773088e+03	2.407220418056789935e-01	1.573820682509282920e-01	2.584221247992209980e-01	1.560915923103734781e-01	7.418587248380723032e-02	3.321786755448081357e-02	7.997843279514811610e-02
1.245242052994869937e+03	2.405368029334924163e-01	1.572492212393301059e-01	2.585418985088399624e-01	1.561758260520421104e-01	7.422359638658611314e-02	3.324099015518403033e-02	8.003166472416313459e-02
1.246693384058966330e+03	2.403519103365908405e-01	1.571165750144101758e-01	2.586614466143325464e-01	1.562599427672010377e-01	7.426126087704260081e-02	3.326406802026244530e-02	8.008479636979820571e-02
1.248144715123063179e+03	2.401673629923437581e-01	1.569841295970853534e-01	2.587807696849209194e-01	1.563439423676962203e-01	7.429886600787025119e-02	3.328710130331580253e-02	8.013782804640552648e-02
1.249596046187159800e+03	2.399831598859748782e-01	1.568518850030948819e-01	2.588998682870020662e-01	1.564278247687859724e-01	7.433641183219776016e-02	3.331009015667342477e-02	8.019076006590891703e-02
1.251047377251256421e+03	2.397993000104622074e-01	1.567198412430819698e-01	2.590187429841734890e-01	1.565115898890973023e-01	7.437389840358234194e-02	3.333303473140899337e-02	8.024359273783165936e-02
1.252498708315352815e+03	2.396157823664395725e-01	1.565879983226742544e-01	2.591373943372587973e-01	1.565952376505830301e-01	7.441132577600315101e-02	3.335593517735511299e-02	8.029632636932405865e-02
1.253950039379449436e+03	2.394326059620996705e-01	1.564563562425629606e-01	2.592558229043330775e-01	1.566787679784791831e-01	7.444869400385471792e-02	3.337879164311773755e-02	8.034896126519068538e-02
1.255401370443546057e+03	2.392497698130981731e-01	1.563249149985811715e-01	2.593740292407475390e-01	1.567621808012630014e-01	7.448600314194052385e-02	3.340160427609037419e-02	8.040149772791724270e-02
1.256852701507642678e+03	2.390672729424595799e-01	1.561936745817807393e-01	2.594920138991543279e-01	1.568454760506114432e-01	7.452325324546665852e-02	3.342437322246816223e-02	8.045393605769717016e-02
1.258304032571739299e+03	2.388851143804839594e-01	1.560626349785080857e-01	2.596097774295310079e-01	1.569286536613600236e-01	7.456044437003551961e-02	3.344709862726174404e-02	8.050627655245780334e-02
1.259755363635835920e+03	2.387032931646553002e-01	1.559317961704791700e-01	2.597273203792043184e-01	1.570117135714624579e-01	7.459757657163959554e-02	3.346978063431099715e-02	8.055851950788639471e-02
1.261206694699932314e+03	2.385218083395509447e-01	1.558011581348532071e-01	2.598446432928742111e-01	1.570946557219503881e-01	7.463464990665535925e-02	3.349241938629857196e-02	8.061066521745563485e-02
1.262658025764028707e+03	2.383406589567523826e-01	1.556707208443052493e-01	2.599617467126373871e-01	1.571774800568938868e-01	7.467166443183716196e-02	3.351501502476327693e-02	8.066271397244902108e-02
1.264109356828125556e+03	2.381598440747574041e-01	1.555404842670978782e-01	2.600786311780103888e-01	1.572601865233623497e-01	7.470862020431126571e-02	3.353756769011330408e-02	8.071466606198576810e-02
1.265560687892221949e+03	2.379793627588931704e-01	1.554104483671518433e-01	2.601952972259527486e-01	1.573427750713857209e-01	7.474551728156998698e-02	3.356007752163930880e-02	8.076652177304557978e-02
1.267012018956318798e+03	2.377992140812308086e-01	1.552806131041155335e-01	2.603117453908896373e-01	1.574252456539163847e-01	7.478235572146571530e-02	3.358254465752728846e-02	8.081828139049297699e-02
1.268463350020415419e+03	2.376193971205009248e-01	1.551509784334338393e-01	2.604279762047343461e-01	1.575075982267912511e-01	7.481913558220526506e-02	3.360496923487132914e-02	8.086994519710138940e-02
1.269914681084511813e+03	2.374399109620105308e-01	1.550215443064154319e-01	2.605439901969104355e-01	1.575898327486945916e-01	7.485585692234414390e-02	3.362735138968621362e-02	8.092151347357699753e-02
1.271366012148608434e+03	2.372607546975610271e-01	1.548923106702996544e-01	2.606597878943737179e-01	1.576719491811210405e-01	7.489251980078084903e-02	3.364969125691984891e-02	8.097298649858220010e-02
1.272817343212705055e+03	2.370819274253673226e-01	1.547632774683221080e-01	2.607753698216340177e-01	1.577539474883391801e-01	7.492912427675135767e-02	3.367198897046555506e-02	8.102436454875883154e-02
1.274268674276801676e+03	2.369034282499780097e-01	1.546344446397793782e-01	2.608907365007764323e-01	1.578358276373555968e-01	7.496567040982363150e-02	3.369424466317420819e-02	8.107564789875112976e-02
1.275720005340898297e+03	2.367252562821968720e-01	1.545058121200929280e-01	2.610058884514827593e-01	1.579175895978791044e-01	7.500215825989214879e-02	3.371645846686621706e-02	8.112683682122839857e-02
1.277171336404994690e+03	2.365474106390051678e-01	1.543773798408719089e-01	2.611208261910522577e-01	1.579992333422858275e-01	7.503858788717256145e-02	3.373863051234338856e-02	8.117793158690735089e-02
1.278622667469091539e+03	2.363698904434853587e-01	1.542491477299751945e-01	2.612355502344225200e-01	1.580807588455841739e-01	7.507495935219633820e-02	3.376076092940061280e-02	8.122893246457429939e-02
1.280073998533187932e+03	2.361926948247455027e-01	1.541211157115725261e-01	2.613500610941897895e-01	1.581621660853806954e-01	7.511127271580561593e-02	3.378284984683742331e-02	8.127983972110691679e-02
1.281525329597284326e+03	2.360158229178450917e-01	1.539932837062046589e-01	2.614643592806293881e-01	1.582434550418460872e-01	7.514752803914793999e-02	3.380489739246941155e-02	8.133065362149588529e-02
1.282976660661381175e+03	2.358392738637215824e-01	1.538656516308427313e-01	2.615784453017157007e-01	1.583246256976815480e-01	7.518372538367115721e-02	3.382690369313953033e-02	8.138137442886617112e-02
1.284427991725477568e+03	2.356630468091182040e-01	1.537382193989468293e-01	2.616923196631418813e-01	1.584056780380857787e-01	7.521986481111841982e-02	3.384886887472920991e-02	8.143200240449811889e-02
1.285879322789574417e+03	2.354871409065126264e-01	1.536109869205236345e-01	2.618059828683393930e-01	1.584866120507221476e-01	7.525594638352309240e-02	3.387079306216937008e-02	8.148253780784821265e-02
1.287330653853671038e+03	2.353115553140466276e-01	1.534839541021832121e-01	2.619194354184974372e-01	1.585674277256863551e-01	7.529197016320393621e-02	3.389267637945128642e-02	8.153298089656965675e-02
1.288781984917767431e+03	2.351362891954568435e-01	1.533571208471950498e-01	2.620326778125819933e-01	1.586481250554744593e-01	7.532793621276014095e-02	3.391451894963735253e-02	8.158333192653269283e-02
1.290233315981864052e+03	2.349613417200063226e-01	1.532304870555432907e-01	2.621457105473549154e-01	1.587287040349512068e-01	7.536384459506655087e-02	3.393632089487167575e-02	8.163359115184457004e-02
