1.001418434226643626e+03	2.777702614594471653e-01	1.820368457091403880e-01	2.346761123554759187e-01	1.406467143901791450e-01	6.703384013632075755e-02	2.853946032380954775e-02	6.929676562526546069e-02
1.003837319333471214e+03	2.773212613199698695e-01	1.817752073723869488e-01	2.349576558808947335e-01	1.408097623861383485e-01	6.711299417451184468e-02	2.859705208261062448e-02	6.942606678312607249e-02
1.006256204440298802e+03	2.768744475517616044e-01	1.815135453715914227e-01	2.352380831546292961e-01	1.409728051043391828e-01	6.719203762814277003e-02	2.865432235066601996e-02	6.955475883850810448e-02
1.008675089547126618e+03	2.764297926072689648e-01	1.812518777602844799e-01	2.355174037211190674e-01	1.411358360452494298e-01	6.727096532749168856e-02	2.871127745247578633e-02	6.968284708574895570e-02
1.011093974653954206e+03	2.759872695115140329e-01	1.809902221190673732e-01	2.357956268986245163e-01	1.412988485778613745e-01	6.734977262872435255e-02	2.876792332612031211e-02	6.981033693772639714e-02
1.013512859760782021e+03	2.755468518496659303e-01	1.807285955667952970e-01	2.360727617927506350e-01	1.414618359765809630e-01	6.742845535338777563e-02	2.882426556403267642e-02	6.993723389642511612e-02
1.015931744867609382e+03	2.751085137548033854e-01	1.804670147715048134e-01	2.363488173086041866e-01	1.416247914532272612e-01	6.750700973514792147e-02	2.888030944881340295e-02	7.006354352753745018e-02
1.018350629974437197e+03	2.746722298958759190e-01	1.802054959610907836e-01	2.366238021617444176e-01	1.417877081847415677e-01	6.758543237290134953e-02	2.893605998470797497e-02	7.018927143857640882e-02
1.020769515081264785e+03	2.742379754658698099e-01	1.799440549337374684e-01	2.368977248880671516e-01	1.419505793371334812e-01	6.766372018949461109e-02	2.899152192528909114e-02	7.031442326004674892e-02
1.023188400188092373e+03	2.738057261701827838e-01	1.796827070681095984e-01	2.371705938527459701e-01	1.421133980861274404e-01	6.774187039537703237e-02	2.904669979781747055e-02	7.043900462927804584e-02
1.025607285294920075e+03	2.733754582152119750e-01	1.794214673333074661e-01	2.374424172583392556e-01	1.422761576349165502e-01	6.781988045659334552e-02	2.910159792469518836e-02	7.056302117657455020e-02
1.028026170401747549e+03	2.729471482971561058e-01	1.791603502985921470e-01	2.377132031521587141e-01	1.424388512293823794e-01	6.789774806659379380e-02	2.915622044237352675e-02	7.068647851338157040e-02
1.030445055508575479e+03	2.725207735910343265e-01	1.788993701428852057e-01	2.379829594329838927e-01	1.426014721710949507e-01	6.797547112140199521e-02	2.921057131803179649e-02	7.080938222220606315e-02
1.032863940615402726e+03	2.720963117399213815e-01	1.786385406640474682e-01	2.382516938571966891e-01	1.427640138283693960e-01	6.805304769773624918e-02	2.926465436430372366e-02	7.093173784806325322e-02
1.035282825722230655e+03	2.716737408443997137e-01	1.783778752879427165e-01	2.385194140444014121e-01	1.429264696456223616e-01	6.813047603372837657e-02	2.931847325229336790e-02	7.105355089125021950e-02
1.037701710829058356e+03	2.712530394522270072e-01	1.781173870772899404e-01	2.387861274825877900e-01	1.430888331512412681e-01	6.820775451192707950e-02	2.937203152309212847e-02	7.117482680127293349e-02
1.040120595935886058e+03	2.708341865482188360e-01	1.778570887403094491e-01	2.390518415328879986e-01	1.432510979641539450e-01	6.828488164431049945e-02	2.942533259798188125e-02	7.129557097177549596e-02
1.042539481042713533e+03	2.704171615443436427e-01	1.775969926391675613e-01	2.393165634339718406e-01	1.434132577992632274e-01	6.836185605906587581e-02	2.947837978748610310e-02	7.141578873633974700e-02
1.044958366149541234e+03	2.700019442700291039e-01	1.773371107982238959e-01	2.395803003061200143e-01	1.435753064718909011e-01	6.843867648892318356e-02	2.953117629941058239e-02	7.153548536504031330e-02
1.047377251256368709e+03	2.695885149626764954e-01	1.770774549120859576e-01	2.398430591550096691e-01	1.437372379013579504e-01	6.851534176085556649e-02	2.958372524599760939e-02	7.165466606165478425e-02
1.049796136363196410e+03	2.691768542583812818e-01	1.768180363534756216e-01	2.401048468752431941e-01	1.438990461138122401e-01	6.859185078698185056e-02	2.963602965030203915e-02	7.177333596144178096e-02
1.052215021470024112e+03	2.687669431828565991e-01	1.765588661809115167e-01	2.403656702536471623e-01	1.440607252444016939e-01	6.866820255652629490e-02	2.968809245188413701e-02	7.189150012941064594e-02
1.054633906576851814e+03	2.683587631425567999e-01	1.762999551462114123e-01	2.406255359723648846e-01	1.442222695388782616e-01	6.874439612870821004e-02	2.973991651190219243e-02	7.200916355901626487e-02
1.057052791683679516e+03	2.679522959159978956e-01	1.760413137018191077e-01	2.408844506117641393e-01	1.443836733547083639e-01	6.882043062644957465e-02	2.979150461767764158e-02	7.212633117122135840e-02
1.059471676790506763e+03	2.675475236452714012e-01	1.757829520079593755e-01	2.411424206531780634e-01	1.445449311617550692e-01	6.889630523080228497e-02	2.984285948679628667e-02	7.224300781387554826e-02
1.061890561897334692e+03	2.671444288277490253e-01	1.755248799396254000e-01	2.413994524814958575e-01	1.447060375425907042e-01	6.897201917600831456e-02	2.989398377080139391e-02	7.235919826136737176e-02
1.064309447004162394e+03	2.667429943079732135e-01	1.752671070934022357e-01	2.416555523876178502e-01	1.448669871924896935e-01	6.904757174511698403e-02	2.994488005852743301e-02	7.247490721451063656e-02
1.066728332110990095e+03	2.663432032697320428e-01	1.750096427941301158e-01	2.419107265707872989e-01	1.450277749191467846e-01	6.912296226609232486e-02	2.999555087911719847e-02	7.259013930063218378e-02
1.069147217217817570e+03	2.659450392283135289e-01	1.747524961014114975e-01	2.421649811408106978e-01	1.451883956421590183e-01	6.919819010835183415e-02	3.004599870475981038e-02	7.270489907383151373e-02
1.071566102324645271e+03	2.655484860229362365e-01	1.744956758159651455e-01	2.424183221201764993e-01	1.453488443923057205e-01	6.927325467968499517e-02	3.009622595318236019e-02	7.281919101538696093e-02
1.073984987431472746e+03	2.651535278093526959e-01	1.742391904858313356e-01	2.426707554460806882e-01	1.455091163106564112e-01	6.934815542350611373e-02	3.014623498992395970e-02	7.293301953428675544e-02
1.076403872538300675e+03	2.647601490526224621e-01	1.739830484124307852e-01	2.429222869723678679e-01	1.456692066475324676e-01	6.942289181640162732e-02	3.019602813041744049e-02	7.304638896786525004e-02
1.078822757645127922e+03	2.643683345200508183e-01	1.737272576564818094e-01	2.431729224713941595e-01	1.458291107613456372e-01	6.949746336593681795e-02	3.024560764190079715e-02	7.315930358252784038e-02
1.081241642751955851e+03	2.639780692742896284e-01	1.734718260437778936e-01	2.434226676358183517e-01	1.459888241173331047e-01	6.957186960869105041e-02	3.029497574517771644e-02	7.327176757455008960e-02
1.083660527858783553e+03	2.635893386665975058e-01	1.732167611708298749e-01	2.436715280803268824e-01	1.461483422862066006e-01	6.964611010849447448e-02	3.034413461624424144e-02	7.338378507093824832e-02
1.086079412965611255e+03	2.632021283302550807e-01	1.729620704103751738e-01	2.439195093432975636e-01	1.463076609427307606e-01	6.972018445484245985e-02	3.039308638779649949e-02	7.349536013034023429e-02
1.088498298072438729e+03	2.628164241741327012e-01	1.727077609167576577e-01	2.441666168884064347e-01	1.464667758642440587e-01	6.979409226146668366e-02	3.044183315063254958e-02	7.360649674399770415e-02
1.090917183179266431e+03	2.624322123764067372e-01	1.724538396311808552e-01	2.444128561061813809e-01	1.466256829291334995e-01	6.986783316504464880e-02	3.049037695495990935e-02	7.371719883673069629e-02
1.093336068286093905e+03	2.620494793784217680e-01	1.722003132868377417e-01	2.446582323155065408e-01	1.467843781152737281e-01	6.994140682403129916e-02	3.053871981161879884e-02	7.382747026794778122e-02
1.095754953392921607e+03	2.616682118786946565e-01	1.719471884139197326e-01	2.449027507650802238e-01	1.469428574984386893e-01	7.001481291759864556e-02	3.058686369323005208e-02	7.393731483267562687e-02
1.098173838499749309e+03	2.612883968270578450e-01	1.716944713445078818e-01	2.451464166348294171e-01	1.471011172506938025e-01	7.008805114467085706e-02	3.063481053527545434e-02	7.404673626260238617e-02
1.100592723606577010e+03	2.609100214189390421e-01	1.714421682173488670e-01	2.453892350372830211e-01	1.472591536387750366e-01	7.016112122304377086e-02	3.068256223711739519e-02	7.415573822713043828e-02
1.103011608713404712e+03	2.605330730897735259e-01	1.711902849825188144e-01	2.456312110189066977e-01	1.474169630224608230e-01	7.023402288857935605e-02	3.073012066296387443e-02	7.426432433443445891e-02
1.105430493820231959e+03	2.601575395095464538e-01	1.709388274059771007e-01	2.458723495614009713e-01	1.475745418529412767e-01	7.030675589446627738e-02	3.077748764278419313e-02	7.437249813252140573e-02
1.107849378927059888e+03	2.597834085774620161e-01	1.706878010740130180e-01	2.461126555829643292e-01	1.477318866711894718e-01	7.037932001053957831e-02	3.082466497318000348e-02	7.448026311028922708e-02
1.110268264033887590e+03	2.594106684167372112e-01	1.704372113975879677e-01	2.463521339395237375e-01	1.478889941063381008e-01	7.045171502265243357e-02	3.087165441821589085e-02	7.458762269858225380e-02
1.112687149140715292e+03	2.590393073695164139e-01	1.701870636165750406e-01	2.465907894259330713e-01	1.480458608740647386e-01	7.052394073209454495e-02	3.091845771021310002e-02	7.469458027124065147e-02
1.115106034247542766e+03	2.586693139919045703e-01	1.699373628038990669e-01	2.468286267771417908e-01	1.482024837749883750e-01	7.059599695505180961e-02	3.096507655050966326e-02	7.480113914614229531e-02
1.117524919354370468e+03	2.583006770491160231e-01	1.696881138695789937e-01	2.470656506693347798e-01	1.483588596930794368e-01	7.066788352210306989e-02	3.101151261018976132e-02	7.490730258623552740e-02
1.119943804461197942e+03	2.579333855107367457e-01	1.694393215646752548e-01	2.473018657210442062e-01	1.485149855940853247e-01	7.073960027774969794e-02	3.105776753078486399e-02	7.501307380056150553e-02
1.122362689568025871e+03	2.575674285460968771e-01	1.691909904851438273e-01	2.475372764942352921e-01	1.486708585239729929e-01	7.081114707997485103e-02	3.110384292494888098e-02	7.511845594526493641e-02
1.124781574674853118e+03	2.572027955197509486e-01	1.689431250755999148e-01	2.477718874953660777e-01	1.488264756073900408e-01	7.088252379982906692e-02	3.114974037710928692e-02	7.522345212459230490e-02
1.127200459781681047e+03	2.568394759870642474e-01	1.686957296329925360e-01	2.480057031764228703e-01	1.489818340461451507e-01	7.095373032103968747e-02	3.119546144409602456e-02	7.532806539187705819e-02
1.129619344888508749e+03	2.564774596899013770e-01	1.684488083101928491e-01	2.482387279359319077e-01	1.491369311177093149e-01	7.102476653964158448e-02	3.124100765574973695e-02	7.543229875051078726e-02
1.132038229995336451e+03	2.561167365524156803e-01	1.682023651194978209e-01	2.484709661199477615e-01	1.492917641737379342e-01	7.109563236362732852e-02	3.128638051551071997e-02	7.553615515490026688e-02
1.134457115102163925e+03	2.557572966769373068e-01	1.679564039360512961e-01	2.487024220230199534e-01	1.494463306386148438e-01	7.116632771261462154e-02	3.133158150098985101e-02	7.563963751140963254e-02
1.136876000208991627e+03	2.553991303399565926e-01	1.677109285011843809e-01	2.489330998891377267e-01	1.496006280080187933e-01	7.123685251752959191e-02	3.137661206452263540e-02	7.574274867928774968e-02
1.139294885315819101e+03	2.550422279882018084e-01	1.674659424256773332e-01	2.491630039126541130e-01	1.497546538475121314e-01	7.130720672030455010e-02	3.142147363370733498e-02	7.584549147158026194e-02
1.141713770422646803e+03	2.546865802348078911e-01	1.672214491929442104e-01	2.493921382391897645e-01	1.499084057911525825e-01	7.137739027358866450e-02	3.146616761192808087e-02	7.594786865602638770e-02
1.144132655529474505e+03	2.543321778555751034e-01	1.669774521621426311e-01	2.496205069665170528e-01	1.500618815401279782e-01	7.144740314047071106e-02	3.151069537886383443e-02	7.604988295594021508e-02
1.146551540636302207e+03	2.539790117853147344e-01	1.667339545712104298e-01	2.498481141454252374e-01	1.502150788614138865e-01	7.151724529421267518e-02	3.155505829098385895e-02	7.615153705107666204e-02
1.148970425743129908e+03	2.536270731142800661e-01	1.664909595398302022e-01	2.500749637805668724e-01	1.503679955864545281e-01	7.158691671799354006e-02	3.159925768203038915e-02	7.625283357848186561e-02
1.151389310849957155e+03	2.532763530846806055e-01	1.662484700723244058e-01	2.503010598312863655e-01	1.505206296098665075e-01	7.165641740466220655e-02	3.164329486348912285e-02	7.635377513332826382e-02
1.153808195956785084e+03	2.529268430872779749e-01	1.660064890604818211e-01	2.505264062124306634e-01	1.506729788881654708e-01	7.172574735649915600e-02	3.168717112504803451e-02	7.645436426973431510e-02
1.156227081063612786e+03	2.525785346580609603e-01	1.657650192863176219e-01	2.507510067951431720e-01	1.508250414385157168e-01	7.179490658498591249e-02	3.173088773504504495e-02	7.655460350156903515e-02
1.158645966170440488e+03	2.522314194749981087e-01	1.655240634247682752e-01	2.509748654076405239e-01	1.509768153375021515e-01	7.186389511058197122e-02	3.177444594090497731e-02	7.665449530324139338e-02
1.161064851277267962e+03	2.518854893548663765e-01	1.652836240463226858e-01	2.511979858359735251e-01	1.511282987199249750e-01	7.193271296250866587e-02	3.181784696956623665e-02	7.675404211047491543e-02
1.163483736384095664e+03	2.515407362501534405e-01	1.650437036195914198e-01	2.514203718247718933e-01	1.512794897776162939e-01	7.200136017853944748e-02	3.186109202789758760e-02	7.685324632106732556e-02
1.165902621490923138e+03	2.511971522460325068e-01	1.648043045138152252e-01	2.516420270779736179e-01	1.514303867582786622e-01	7.206983680479624177e-02	3.190418230310537034e-02	7.695211029563575611e-02
1.168321506597751068e+03	2.508547295574076741e-01	1.645654290013145171e-01	2.518629552595391674e-01	1.515809879643454927e-01	7.213814289555153803e-02	3.194711896313151556e-02	7.705063635834746849e-02
1.170740391704578315e+03	2.505134605260280756e-01	1.643270792598808261e-01	2.520831599941509293e-01	1.517312917518625626e-01	7.220627851303583478e-02	3.198990315704262899e-02	7.714882679763647444e-02
1.173159276811406244e+03	2.501733376176693002e-01	1.640892573751119021e-01	2.523026448678983846e-01	1.518812965293910022e-01	7.227424372725020640e-02	3.203253601541045104e-02	7.724668386690602961e-02
1.175578161918233945e+03	2.498343534193808724e-01	1.638519653426916411e-01	2.525214134289489598e-01	1.520310007569306565e-01	7.234203861578375472e-02	3.207501865068395491e-02	7.734420978521748535e-02
1.177997047025061647e+03	2.494965006367974580e-01	1.636152050706161931e-01	2.527394691882050570e-01	1.521804029448642070e-01	7.240966326363564021e-02	3.211735215755331940e-02	7.744140673796542917e-02
1.180415932131889122e+03	2.491597720915130765e-01	1.633789783813676399e-01	2.529568156199480389e-01	1.523295016529213897e-01	7.247711776304145703e-02	3.215953761330602595e-02	7.753827687753968301e-02
1.182834817238716823e+03	2.488241607185163462e-01	1.631432870140360203e-01	2.531734561624687241e-01	1.524782954891630293e-01	7.254440221330392402e-02	3.220157607817527440e-02	7.763482232397400651e-02
1.185253702345544298e+03	2.484896595636855998e-01	1.629081326263916440e-01	2.533893942186851711e-01	1.526267831089845872e-01	7.261151672062748919e-02	3.224346859568098106e-02	7.773104516558192179e-02
1.187672587452371999e+03	2.481562617813423410e-01	1.626735167969080020e-01	2.536046331567476941e-01	1.527749632141389979e-01	7.267846139795690330e-02	3.228521619296348399e-02	7.782694745958000648e-02
1.190091472559199701e+03	2.478239606318616839e-01	1.624394410267372413e-01	2.538191763106319998e-01	1.529228345517782972e-01	7.274523636481944333e-02	3.232681988111019838e-02	7.792253123269859971e-02
1.192510357666027403e+03	2.474927494793384974e-01	1.622059067416388167e-01	2.540330269807198338e-01	1.530703959135139292e-01	7.281184174717071633e-02	3.236828065547537464e-02	7.801779848178029553e-02
1.194929242772855105e+03	2.471626217893078403e-01	1.619729152938625683e-01	2.542461884343683032e-01	1.532176461344950669e-01	7.287827767724400219e-02	3.240959949599313272e-02	7.811275117436657089e-02
1.197348127879682352e+03	2.468335711265185750e-01	1.617404679639872223e-01	2.544586639064674860e-01	1.533645840925050297e-01	7.294454429340277435e-02	3.245077736748398084e-02	7.820739124927245101e-02
1.199767012986510281e+03	2.465055911527586630e-01	1.615085659627155668e-01	2.546704565999866610e-01	1.535112087070753528e-01	7.301064173999666229e-02	3.249181521995485322e-02	7.830172061714975318e-02
1.202185898093337983e+03	2.461786756247313357e-01	1.612772104326269940e-01	2.548815696865100455e-01	1.536575189386168439e-01	7.307657016722034216e-02	3.253271398889300003e-02	7.839574116103892321e-02
1.204604783200165684e+03	2.458528183919804488e-01	1.610464024498888813e-01	2.550920063067612653e-01	1.538035137875678748e-01	7.314232973097559154e-02	3.257347459555369473e-02	7.848945473690978336e-02
1.207023668306993159e+03	2.455280133948642141e-01	1.608161430259271163e-01	2.553017695711174428e-01	1.539491922935591894e-01	7.320792059273625862e-02	3.261409794724202255e-02	7.858286317419133082e-02
1.209442553413820860e+03	2.452042546625761432e-01	1.605864331090575414e-01	2.555108625601130723e-01	1.540945535345951134e-01	7.327334291941604849e-02	3.265458493758881947e-02	7.867596827629083633e-02
1.211861438520648335e+03	2.448815363112119003e-01	1.603572735860783749e-01	2.557192883249339022e-01	1.542395966262508078e-01	7.333859688323919601e-02	3.269493644682092137e-02	7.876877182110253450e-02
1.214280323627476264e+03	2.445598525418812286e-01	1.601286652838252444e-01	2.559270498879005484e-01	1.543843207208851487e-01	7.340368266161374777e-02	3.273515334202585503e-02	7.886127556150587803e-02
1.216699208734303511e+03	2.442391976388636476e-01	1.599006089706892786e-01	2.561341502429431705e-01	1.545287250068692053e-01	7.346860043700755016e-02	3.277523647741104051e-02	7.895348122585379991e-02
1.219118093841131440e+03	2.439195659678072003e-01	1.596731053580992821e-01	2.563405923560659327e-01	1.546728087078297620e-01	7.353335039682677710e-02	3.281518669455772003e-02	7.904539051845108077e-02
1.221536978947959142e+03	2.436009519739688045e-01	1.594461551019688283e-01	2.565463791658026405e-01	1.548165710819078278e-01	7.359793273329699737e-02	3.285500482266962008e-02	7.913700512002300180e-02
1.223955864054786844e+03	2.432833501804958498e-01	1.592197588041092404e-01	2.567515135836634377e-01	1.549600114210315793e-01	7.366234764334668450e-02	3.289469167881654832e-02	7.922832668817440804e-02
1.226374749161614318e+03	2.429667551867473463e-01	1.589939170136087099e-01	2.569559984945721798e-01	1.551031290502037641e-01	7.372659532849309971e-02	3.293424806817295963e-02	7.931935685783964018e-02
1.228793634268442020e+03	2.426511616666543469e-01	1.587686302281791639e-01	2.571598367572957566e-01	1.552459233268029537e-01	7.379067599473056183e-02	3.297367478425166504e-02	7.941009724172319595e-02
1.231212519375269494e+03	2.423365643671182845e-01	1.585438988954709638e-01	2.573630312048643676e-01	1.553883936398988419e-01	7.385458985242093766e-02	3.301297260913276660e-02	7.950054943073141256e-02
1.233631404482097196e+03	2.420229581064465285e-01	1.583197234143565724e-01	2.575655846449840247e-01	1.555305394095807259e-01	7.391833711618638059e-02	3.305214231368784616e-02	7.959071499439551722e-02
1.236050289588924898e+03	2.417103377728243019e-01	1.580961041361836628e-01	2.577674998604401746e-01	1.556723600862995049e-01	7.398191800480434510e-02	3.309118465779965074e-02	7.968059548128593461e-02
1.238469174695752372e+03	2.413986983228219307e-01	1.578730413659987231e-01	2.579687796094943253e-01	1.558138551502223912e-01	7.404533274110461361e-02	3.313010039057721901e-02	7.977019241941830929e-02
1.240888059802580301e+03	2.410880347799369272e-01	1.576505353637414897e-01	2.581694266262721249e-01	1.559550241106007762e-01	7.410858155186839102e-02	3.316889025056664331e-02	7.985950731665114599e-02
1.243306944909407548e+03	2.407783422331696843e-01	1.574285863454109591e-01	2.583694436211442791e-01	1.560958665051499772e-01	7.417166466772967537e-02	3.320755496595755030e-02	7.994854166107542848e-02
1.245725830016235477e+03	2.404696158356322278e-01	1.572071944842039493e-01	2.585688332810994750e-01	1.562363818994419173e-01	7.423458232307830751e-02	3.324609525478531419e-02	8.003729692139628649e-02
1.248144715123063179e+03	2.401618508031893029e-01	1.569863599116266273e-01	2.587675982701108657e-01	1.563765698863092968e-01	7.429733475596524139e-02	3.328451182512916912e-02	8.012577454730693272e-02
1.250563600229890881e+03	2.398550424131309644e-01	1.567660827185794470e-01	2.589657412294944505e-01	1.565164300852618373e-01	7.435992220800954899e-02	3.332280537530628306e-02	8.021397596985495315e-02
1.252982485336718355e+03	2.395491860028757247e-01	1.565463629564165238e-01	2.591632647782609045e-01	1.566559621419138792e-01	7.442234492430749304e-02	3.336097659406185578e-02	8.030190260180114503e-02
1.255401370443546057e+03	2.392442769687039561e-01	1.563272006379797519e-01	2.593601715134608021e-01	1.567951657274234134e-01	7.448460315334319570e-02	3.339902616075535180e-02	8.038955583797105509e-02
1.257820255550373531e+03	2.389403107645204916e-01	1.561085957386083578e-01	2.595564640105226806e-01	1.569340405379423542e-01	7.454669714690134730e-02	3.343695474554293778e-02	8.047693705559932908e-02
1.260239140657201460e+03	2.386372829006459251e-01	1.558905481971246676e-01	2.597521448235846631e-01	1.570725862940773598e-01	7.460862715998152483e-02	3.347476300955618683e-02	8.056404761466715025e-02
1.262658025764028707e+03	2.383351889426358616e-01	1.556730579167961148e-01	2.599472164858196988e-01	1.572108027403616715e-01	7.467039345071432854e-02	3.351245160507712595e-02	8.065088885823268328e-02
1.265076910870856636e+03	2.380340245101273955e-01	1.554561247662745449e-01	2.601416815097546409e-01	1.573486896447372219e-01	7.473199628027907271e-02	3.355002117570975162e-02	8.073746211275478757e-02
1.267495795977684338e+03	2.377337852757124004e-01	1.552397485805132871e-01	2.603355423875828856e-01	1.574862467980470970e-01	7.479343591282340553e-02	3.358747235654802044e-02	8.082376868841024964e-02
1.269914681084511813e+03	2.374344669638367988e-01	1.550239291616621884e-01	2.605288015914711264e-01	1.576234740135380175e-01	7.485471261538423349e-02	3.362480577434041190e-02	8.090980987940449287e-02
1.272333566191339514e+03	2.371360653497252280e-01	1.548086662799416091e-01	2.607214615738600583e-01	1.577603711263727837e-01	7.491582665781046368e-02	3.366202204765114669e-02	8.099558696427588966e-02
1.274752451298167216e+03	2.368385762583306020e-01	1.545939596744954070e-01	2.609135247677596414e-01	1.578969379931522143e-01	7.497677831268723114e-02	3.369912178701813671e-02	8.108110120619393957e-02
1.277171336404994690e+03	2.365419955633079885e-01	1.543798090542235768e-01	2.611049935870382033e-01	1.580331744914467429e-01	7.503756785526163875e-02	3.373610559510765994e-02	8.116635385325136898e-02
1.279590221511822392e+03	2.362463191860119383e-01	1.541662140985953500e-01	2.612958704267063781e-01	1.581690805193372851e-01	7.509819556337005153e-02	3.377297406686594755e-02	8.125134613875029110e-02
1.282009106618650094e+03	2.359515430945171577e-01	1.539531744584427264e-01	2.614861576631953288e-01	1.583046559949651544e-01	7.515866171736677870e-02	3.380972778966762765e-02	8.133607928148245403e-02
1.284427991725477568e+03	2.356576633026618850e-01	1.537406897567350494e-01	2.616758576546299730e-01	1.584399008560909983e-01	7.521896660005429613e-02	3.384636734346117837e-02	8.142055448600385437e-02
1.286846876832305497e+03	2.353646758691129159e-01	1.535287595893351509e-01	2.618649727410966577e-01	1.585748150596625050e-01	7.527911049661485665e-02	3.388289330091139029e-02	8.150477294290370267e-02
1.289265761939132744e+03	2.350725768964525841e-01	1.533173835257376494e-01	2.620535052449060598e-01	1.587093985813906039e-01	7.533909369454339089e-02	3.391930622753894231e-02	8.158873582906800426e-02
1.291684647045960673e+03	2.347813625302866136e-01	1.531065611097893187e-01	2.622414574708504809e-01	1.588436514153342694e-01	7.539891648358185150e-02	3.395560668185711867e-02	8.167244430793758891e-02
1.294103532152788375e+03	2.344910289583724272e-01	1.528962918603926080e-01	2.624288317064571996e-01	1.589775735734933193e-01	7.545857915565495899e-02	3.399179521550575733e-02	8.175589952976101971e-02
1.296522417259616077e+03	2.342015724097677165e-01	1.526865752721920377e-01	2.626156302222361072e-01	1.591111650854096227e-01	7.551808200480700228e-02	3.402787237338244369e-02	8.183910263184235312e-02
1.298941302366443551e+03	2.339129891539983574e-01	1.524774108162444963e-01	2.628018552719232903e-01	1.592444259977761345e-01	7.557742532714024908e-02	3.406383869377103968e-02	8.192205473878372279e-02
1.301360187473271253e+03	2.336252755002458381e-01	1.522687979406733005e-01	2.629875090927196735e-01	1.593773563740534804e-01	7.563660942075435545e-02	3.409969470846760387e-02	8.200475696272310766e-02
1.303779072580098727e+03	2.333384277965529496e-01	1.520607360713067402e-01	2.631725939055250540e-01	1.595099562940946458e-01	7.569563458568707992e-02	3.413544094290373726e-02	8.208721040356713183e-02
1.306197957686926657e+03	2.330524424290479901e-01	1.518532246123014684e-01	2.633571119151681961e-01	1.596422258537767425e-01	7.575450112385626045e-02	3.417107791626739638e-02	8.216941614921925707e-02
1.308616842793753904e+03	2.327673158211867321e-01	1.516462629467506262e-01	2.635410653106322609e-01	1.597741651646402694e-01	7.581320933900287384e-02	3.420660614162126384e-02	8.225137527580322905e-02
1.311035727900581833e+03	2.324830444330118207e-01	1.514398504372778398e-01	2.637244562652760749e-01	1.599057743535355625e-01	7.587175953663533035e-02	3.424202612601870421e-02	8.233308884788191617e-02
1.313454613007409534e+03	2.321996247604290187e-01	1.512339864266166733e-01	2.639072869370510666e-01	1.600370535622763490e-01	7.593015202397490615e-02	3.427733837061734679e-02	8.241455791867183245e-02
1.315873498114237009e+03	2.319170533345003282e-01	1.510286702381764268e-01	2.640895594687145964e-01	1.601680029473000755e-01	7.598838710990220291e-02	3.431254337079035072e-02	8.249578353025319166e-02
1.318292383221064711e+03	2.316353267207530708e-01	1.508239011765941939e-01	2.642712759880388451e-01	1.602986226793352287e-01	7.604646510490475908e-02	3.434764161623542200e-02	8.257676671377564559e-02
1.320711268327892412e+03	2.313544415185048442e-01	1.506196785282738759e-01	2.644524386080161493e-01	1.604289129430749861e-01	7.610438632102575762e-02	3.438263359108158224e-02	8.265750848965992825e-02
1.323130153434719887e+03	2.310743943602041051e-01	1.504160015619122048e-01	2.646330494270603406e-01	1.605588739368577489e-01	7.616215107181370514e-02	3.441751977399377244e-02	8.273800986779529520e-02
1.325549038541547588e+03	2.307951819107856017e-01	1.502128695290119997e-01	2.648131105292043097e-01	1.606885058723537540e-01	7.621975967227323512e-02	3.445230063827531275e-02	8.281827184773299377e-02
1.327967923648375290e+03	2.305168008670407942e-01	1.500102816643832937e-01	2.649926239842940734e-01	1.608178089742581807e-01	7.627721243881684099e-02	3.448697665196830131e-02	8.289829541887575037e-02
1.330386808755202765e+03	2.302392479570024852e-01	1.498082371866323870e-01	2.651715918481791223e-01	1.609467834799902519e-01	7.633450968921756674e-02	3.452154827795193837e-02	8.297808156066345531e-02
1.332805693862030694e+03	2.299625199393436903e-01	1.496067352986390764e-01	2.653500161628994380e-01	1.610754296393983598e-01	7.639165174256282165e-02	3.455601597403884506e-02	8.305763124275494791e-02
1.335224578968857941e+03	2.296866136027899963e-01	1.494057751880225327e-01	2.655278989568688464e-01	1.612037477144711572e-01	7.644863891920895826e-02	3.459038019306943934e-02	8.313694542520624897e-02
1.337643464075685870e+03	2.294115257655455486e-01	1.492053560275957980e-01	2.657052422450550955e-01	1.613317379790543959e-01	7.650547154073694678e-02	3.462464138300436201e-02	8.321602505864499066e-02
1.340062349182513572e+03	2.291372532747321389e-01	1.490054769758095421e-01	2.658820480291566590e-01	1.614594007185735092e-01	7.656214992990878487e-02	3.465879998701504316e-02	8.329487108444143251e-02
1.342481234289341273e+03	2.288637930058408654e-01	1.488061371771850494e-01	2.660583182977762640e-01	1.615867362297616350e-01	7.661867441062497619e-02	3.469285644357242293e-02	8.337348443487592464e-02
1.344900119396168748e+03	2.285911418621965896e-01	1.486073357627367419e-01	2.662340550265913097e-01	1.617137448203930239e-01	7.667504530788274431e-02	3.472681118653381249e-02	8.345186603330292940e-02
1.347319004502996449e+03	2.283192967744342439e-01	1.484090718503845441e-01	2.664092601785211789e-01	1.618404268090221088e-01	7.673126294773524592e-02	3.476066464522804822e-02	8.353001679431178161e-02
1.349737889609823924e+03	2.280482546999874627e-01	1.482113445453562550e-01	2.665839357038913837e-01	1.619667825247275983e-01	7.678732765725149179e-02	3.479441724453888329e-02	8.360793762388410433e-02
1.352156774716651853e+03	2.277780126225884827e-01	1.480141529405804846e-01	2.667580835405948814e-01	1.620928123068615112e-01	7.684323976447718363e-02	3.482806940498666542e-02	8.368562941954804657e-02
1.354575659823479100e+03	2.275085675517795614e-01	1.478174961170695967e-01	2.669317056142503919e-01	1.622185165048036226e-01	7.689899959839628651e-02	3.486162154280837699e-02	8.376309307052934305e-02
1.356994544930307029e+03	2.272399165224356088e-01	1.476213731442939103e-01	2.671048038383581069e-01	1.623438954777206844e-01	7.695460748889351721e-02	3.489507407003601680e-02	8.384032945789934854e-02
1.359413430037134731e+03	2.269720565942974499e-01	1.474257830805464631e-01	2.672773801144519568e-01	1.624689495943304196e-01	7.701006376671745701e-02	3.492842739457340667e-02	8.391733945472004685e-02
1.361832315143962205e+03	2.267049848515157173e-01	1.472307249732993373e-01	2.674494363322498236e-01	1.625936792326703184e-01	7.706536876344452502e-02	3.496168192027141602e-02	8.399412392618602063e-02
1.364251200250789907e+03	2.264386984022052351e-01	1.470361978595508823e-01	2.676209743698009236e-01	1.627180847798710694e-01	7.712052281144371468e-02	3.499483804700166678e-02	8.407068372976365944e-02
1.366670085357617609e+03	2.261731943780093124e-01	1.468422007661649709e-01	2.677919960936301358e-01	1.628421666319345429e-01	7.717552624384199644e-02	3.502789617072870482e-02	8.414701971532742575e-02
1.369088970464445310e+03	2.259084699336740554e-01	1.466487327102018456e-01	2.679625033588802219e-01	1.629659251935163256e-01	7.723037939449045597e-02	3.506085668358074892e-02	8.422313272529342865e-02
1.371507855571272785e+03	2.256445222466320899e-01	1.464557926992408055e-01	2.681324980094512700e-01	1.630893608777125026e-01	7.728508259793120949e-02	3.509371997391896869e-02	8.429902359475018037e-02
1.373926740678100487e+03	2.253813485165960528e-01	1.462633797316953976e-01	2.683019818781376964e-01	1.632124741058508244e-01	7.733963618936488815e-02	3.512648642640534002e-02	8.437469315158679928e-02
1.376345625784927961e+03	2.251189459651607438e-01	1.460714927971205057e-01	2.684709567867630819e-01	1.633352653072860372e-01	7.739404050461891338e-02	3.515915642206914049e-02	8.445014221661850673e-02
1.378764510891755890e+03	2.248573118354148526e-01	1.458801308765124705e-01	2.686394245463121222e-01	1.634577349191993489e-01	7.744829588011636901e-02	3.519173033837208475e-02	8.452537160370965363e-02
1.381183395998583137e+03	2.245964433915609570e-01	1.456892929426014949e-01	2.688073869570606345e-01	1.635798833864020030e-01	7.750240265284555341e-02	3.522420854927212075e-02	8.460038211989419354e-02
1.383602281105411066e+03	2.243363379185442652e-01	1.454989779601371103e-01	2.689748458087031224e-01	1.637017111611427378e-01	7.755636116033014227e-02	3.525659142528594220e-02	8.467517456549364385e-02
1.386021166212238768e+03	2.240769927216898494e-01	1.453091848861667590e-01	2.691418028804782869e-01	1.638232187029191045e-01	7.761017174059998969e-02	3.528887933355019657e-02	8.474974973423278490e-02
1.388440051319066470e+03	2.238184051263477081e-01	1.451199126703073827e-01	2.693082599412921496e-01	1.639444064782927257e-01	7.766383473216262323e-02	3.532107263788151347e-02	8.482410841335293050e-02
1.390858936425893944e+03	2.235605724775461822e-01	1.449311602550105715e-01	2.694742187498389008e-01	1.640652749607081351e-01	7.771735047397515528e-02	3.535317169883522154e-02	8.489825138372285307e-02
1.393277821532721646e+03	2.233034921396528094e-01	1.447429265758211347e-01	2.696396810547201373e-01	1.641858246303154467e-01	7.777071930541701317e-02	3.538517687376294130e-02	8.497217941994754387e-02
1.395696706639549120e+03	2.230471614960431170e-01	1.445552105616292882e-01	2.698046485945614914e-01	1.643060559737964388e-01	7.782394156626301629e-02	3.541708851686897058e-02	8.504589329047468338e-02
1.398115591746377049e+03	2.227915779487764647e-01	1.443680111349169015e-01	2.699691230981275392e-01	1.644259694841943564e-01	7.787701759665721646e-02	3.544890697926552509e-02	8.511939375769898841e-02
1.400534476853204296e+03	2.225367389182794919e-01	1.441813272119974176e-01	2.701331062844347097e-01	1.645455656607469619e-01	7.792994773708714074e-02	3.548063260902686172e-02	8.519268157806446362e-02
1.402953361960032225e+03	2.222826418430363660e-01	1.439951577032501373e-01	2.702965998628620303e-01	1.646648450087229709e-01	7.798273232835876978e-02	3.551226575124230567e-02	8.526575750216444649e-02
1.405372247066859927e+03	2.220292841792862459e-01	1.438095015133486199e-01	2.704596055332602056e-01	1.647838080392621252e-01	7.803537171157176600e-02	3.554380674806816021e-02	8.533862227483980656e-02
1.407791132173687402e+03	2.217766634007272142e-01	1.436243575414835050e-01	2.706221249860590317e-01	1.649024552692180401e-01	7.808786622809550659e-02	3.557525593877863823e-02	8.541127663527502134e-02
1.410210017280515103e+03	2.215247769982268689e-01	1.434397246815798110e-01	2.707841599023722567e-01	1.650207872210046334e-01	7.814021621954549135e-02	3.560661365981564880e-02	8.548372131709235100e-02
1.412628902387342805e+03	2.212736224795395501e-01	1.432556018225089045e-01	2.709457119541012760e-01	1.651388044224454121e-01	7.819242202776022221e-02	3.563788024483768163e-02	8.555595704844402849e-02
1.415047787494170507e+03	2.210231973690297003e-01	1.430719878482954732e-01	2.711067828040368832e-01	1.652565074066259798e-01	7.824448399477870741e-02	3.566905602476762305e-02	8.562798455210271498e-02
1.417466672600997981e+03	2.207734992074013025e-01	1.428888816383189764e-01	2.712673741059594690e-01	1.653738967117495129e-01	7.829640246281828475e-02	3.570014132783962124e-02	8.569980454554999849e-02
1.419885557707825683e+03	2.205245255514335367e-01	1.427062820675103483e-01	2.714274875047369417e-01	1.654909728809950964e-01	7.834817777425306939e-02	3.573113647964500789e-02	8.577141774106315786e-02
1.422304442814653157e+03	2.202762739737221254e-01	1.425241880065439559e-01	2.715871246364218727e-01	1.656077364623790293e-01	7.839981027159277638e-02	3.576204180317726911e-02	8.584282484580012251e-02
1.424723327921481086e+03	2.200287420624264800e-01	1.423425983220245328e-01	2.717462871283463643e-01	1.657241880086189334e-01	7.845130029746200107e-02	3.579285761887611439e-02	8.591402656188272535e-02
1.427142213028308333e+03	2.197819274210224272e-01	1.421615118766696440e-01	2.719049765992153644e-01	1.658403280770005817e-01	7.850264819458002696e-02	3.582358424467065733e-02	8.598502358647834576e-02
1.429561098135136262e+03	2.195358276680604015e-01	1.419809275294877382e-01	2.720631946591988704e-01	1.659561572292475862e-01	7.855385430574093886e-02	3.585422199602170124e-02	8.605581661187979015e-02
1.431979983241963964e+03	2.192904404369290239e-01	1.418008441359515093e-01	2.722209429100219125e-01	1.660716760313935836e-01	7.860491897379427717e-02	3.588477118596315740e-02	8.612640632558353493e-02
1.434398868348791666e+03	2.190457633756236755e-01	1.416212605481669828e-01	2.723782229450539272e-01	1.661868850536570852e-01	7.865584254162608091e-02	3.591523212514267233e-02	8.619679341036658171e-02
1.436817753455619140e+03	2.188017941465205396e-01	1.414421756150387177e-01	2.725350363493957428e-01	1.663017848703189361e-01	7.870662535214029143e-02	3.594560512186135287e-02	8.626697854436148061e-02
1.439236638562446842e+03	2.185585304261553063e-01	1.412635881824304551e-01	2.726913846999656221e-01	1.664163760596021890e-01	7.875726774824065579e-02	3.597589048211277674e-02	8.633696240113009068e-02
1.441655523669274316e+03	2.183159699050067348e-01	1.410854970933220209e-01	2.728472695655839719e-01	1.665306592035545874e-01	7.880777007281292157e-02	3.600608850962110086e-02	8.640674564973563343e-02
1.444074408776102018e+03	2.180741102872852943e-01	1.409079011879623144e-01	2.730026925070564991e-01	1.666446348879332962e-01	7.885813266870755900e-02	3.603619950587853143e-02	8.647632895481345561e-02
1.446493293882929493e+03	2.178329492907259690e-01	1.407307993040182448e-01	2.731576550772558676e-01	1.667583037020920200e-01	7.890835587872269130e-02	3.606622377018189191e-02	8.654571297664027940e-02
1.448912178989757422e+03	2.175924846463859197e-01	1.405541902767201701e-01	2.733121588212022446e-01	1.668716662388705085e-01	7.895844004558751072e-02	3.609616159966857335e-02	8.661489837120206481e-02
1.451331064096585123e+03	2.173527140984465589e-01	1.403780729390035342e-01	2.734662052761422935e-01	1.669847230944863647e-01	7.900838551194602766e-02	3.612601328935165917e-02	8.668388579026048424e-02
1.453749949203412370e+03	2.171136354040196781e-01	1.402024461216470896e-01	2.736197959716274997e-01	1.670974748684289357e-01	7.905819262034122219e-02	3.615577913215441141e-02	8.675267588141813424e-02
1.456168834310240300e+03	2.168752463329580438e-01	1.400273086534074563e-01	2.737729324295902766e-01	1.672099221633554511e-01	7.910786171319947324e-02	3.618545941894399376e-02	8.682126928818231781e-02
1.458587719417068001e+03	2.166375446676701011e-01	1.398526593611503221e-01	2.739256161644196275e-01	1.673220655849894101e-01	7.915739313281537626e-02	3.621505443856457007e-02	8.688966665002760548e-02
1.461006604523895703e+03	2.164005282029384802e-01	1.396784970699785355e-01	2.740778486830354743e-01	1.674339057420207721e-01	7.920678722133688010e-02	3.624456447786970209e-02	8.695786860245716121e-02
1.463425489630723177e+03	2.161641947457427493e-01	1.395048206033566995e-01	2.742296314849612671e-01	1.675454432460086185e-01	7.925604432075081252e-02	3.627398982175408793e-02	8.702587577706276389e-02
1.465844374737550879e+03	2.159285421150857476e-01	1.393316287832327138e-01	2.743809660623961477e-01	1.676566787112854229e-01	7.930516477286862764e-02	3.630333075318468994e-02	8.709368880158366300e-02
1.468263259844378354e+03	2.156935681418238604e-01	1.391589204301562077e-01	2.745318539002855052e-01	1.677676127548635154e-01	7.935414891931254211e-02	3.633258755323116873e-02	8.716130829996421303e-02
1.470682144951206283e+03	2.154592706685006520e-01	1.389866943633940310e-01	2.746822964763905861e-01	1.678782459963435170e-01	7.940299710150201806e-02	3.636176050109578978e-02	8.722873489241045331e-02
1.473101030058033530e+03	2.152256475491845233e-01	1.388149494010426643e-01	2.748322952613569403e-01	1.679885790578244109e-01	7.945170966064041274e-02	3.639084987414264311e-02	8.729596919544539702e-02
1.475519915164861459e+03	2.149926966493095337e-01	1.386436843601379088e-01	2.749818517187819222e-01	1.680986125638159190e-01	7.950028693770209987e-02	3.641985594792633563e-02	8.736301182196330728e-02
1.477938800271689161e+03	2.147604158455196921e-01	1.384728980567616341e-01	2.751309673052809157e-01	1.682083471411521536e-01	7.954872927341974376e-02	3.644877899622005202e-02	8.742986338128286294e-02
1.480357685378516862e+03	2.145288030255165790e-01	1.383025893061458622e-01	2.752796434705527262e-01	1.683177834189075184e-01	7.959703700827194806e-02	3.647761929104308826e-02	8.749652447919925580e-02
1.482776570485344337e+03	2.142978560879104655e-01	1.381327569227742413e-01	2.754278816574439737e-01	1.684269220283140522e-01	7.964521048247118207e-02	3.650637710268783698e-02	8.756299571803523307e-02
