1.301360187473271253e+03	2.353966826728343953e-01	1.508772938667393704e-01	2.590799257218937557e-01	1.616713524700781890e-01	7.606843402880333893e-02	3.328662363186209172e-02	8.361968760742753692e-02
1.306197957686926657e+03	2.348174538892920937e-01	1.504678823208998040e-01	2.594376419731714289e-01	1.619274145179727953e-01	7.617750662704772524e-02	3.337301732962250078e-02	8.379908334163231609e-02
1.311035727900581833e+03	2.342415845524596085e-01	1.500607318596679229e-01	2.597934866200608539e-01	1.621818725499040437e-01	7.628599888218376424e-02	3.345889724305233653e-02	8.397742829231015504e-02
1.315873498114237009e+03	2.336690516930439998e-01	1.496558330077563115e-01	2.601474683321080006e-01	1.624347383882971951e-01	7.639391365113881727e-02	3.354426673177644119e-02	8.415472819551783612e-02
1.320711268327892412e+03	2.330998326814330279e-01	1.492531761627099440e-01	2.604995957523195682e-01	1.626860237405196585e-01	7.650125377852647068e-02	3.362912911185673287e-02	8.433098877227321322e-02
1.325549038541547588e+03	2.325339052145177221e-01	1.488527516053603506e-01	2.608498774973629919e-01	1.629357402005489341e-01	7.660802209680671326e-02	3.371348765748585774e-02	8.450621572755603883e-02
1.330386808755202765e+03	2.319712473031945166e-01	1.484545495096974976e-01	2.611983221577430236e-01	1.631838992506013386e-01	7.671422142643569142e-02	3.379734560258487730e-02	8.468041474938167723e-02
1.335224578968857941e+03	2.314118372605102614e-01	1.480585599521903328e-01	2.615449382979559978e-01	1.634305122627224827e-01	7.681985457600559730e-02	3.388070614231073613e-02	8.485359150794316574e-02
1.340062349182513572e+03	2.308556536904161349e-01	1.476647729205857185e-01	2.618897344566237240e-01	1.636755905003415001e-01	7.692492434237536980e-02	3.396357243447891555e-02	8.502575165481722486e-02
1.344900119396168748e+03	2.303026754770972628e-01	1.472731783222141766e-01	2.622327191466082286e-01	1.639191451197896388e-01	7.702943351079269418e-02	3.404594760090638716e-02	8.519690082223010941e-02
1.349737889609823924e+03	2.297528817748480667e-01	1.468837659918290628e-01	2.625739008551090103e-01	1.641611871717851834e-01	7.713338485500796649e-02	3.412783472867952916e-02	8.536704462237974800e-02
1.354575659823479100e+03	2.292062519984632563e-01	1.464965256990039266e-01	2.629132880437436981e-01	1.644017276028852392e-01	7.723678113738059736e-02	3.420923687135156432e-02	8.553618864681027112e-02
1.359413430037134731e+03	2.286627658141180131e-01	1.461114471551125671e-01	2.632508891486139979e-01	1.646407772569060957e-01	7.733962510897827991e-02	3.429015705007370379e-02	8.570433846583590254e-02
1.364251200250789907e+03	2.281224031307101385e-01	1.457285200199138486e-01	2.635867125803574296e-01	1.648783468763127535e-01	7.744191950966958227e-02	3.437059825466389634e-02	8.587149962801093883e-02
1.369088970464445310e+03	2.275851440916403234e-01	1.453477339077629826e-01	2.639207667241859623e-01	1.651144471035790040e-01	7.754366706821037847e-02	3.445056344461695785e-02	8.603767765964291658e-02
1.373926740678100487e+03	2.270509690670067804e-01	1.449690783934690086e-01	2.642530599399136038e-01	1.653490884825190299e-01	7.764487050232435350e-02	3.453005555005951577e-02	8.620287806434624722e-02
1.378764510891755890e+03	2.265198586461920349e-01	1.445925430178181259e-01	2.645836005619722209e-01	1.655822814595911407e-01	7.774553251877819315e-02	3.460907747265313389e-02	8.636710632263366882e-02
1.383602281105411066e+03	2.259917936308212805e-01	1.442181172927807786e-01	2.649123968994179235e-01	1.658140363851750565e-01	7.784565581345173624e-02	3.468763208644852492e-02	8.653036789154325281e-02
1.388440051319066470e+03	2.254667550280722577e-01	1.438457907064192021e-01	2.652394572359282887e-01	1.660443635148230734e-01	7.794524307140326957e-02	3.476572223869393852e-02	8.669266820429853693e-02
1.393277821532721646e+03	2.249447240443179785e-01	1.434755527275124176e-01	2.655647898297910370e-01	1.662732730104865275e-01	7.804429696693049312e-02	3.484335075060027848e-02	8.685401266999981384e-02
1.398115591746377049e+03	2.244256820790845042e-01	1.431073928099132753e-01	2.658884029138856020e-01	1.665007749417176108e-01	7.814282016362744665e-02	3.492052041806564810e-02	8.701440667334445211e-02
1.402953361960032225e+03	2.239096107193071505e-01	1.427413003966524485e-01	2.662103046956572072e-01	1.667268792868481231e-01	7.824081531443752291e-02	3.499723401236157216e-02	8.717385557437454247e-02
1.407791132173687402e+03	2.233964917338689682e-01	1.423772649238029264e-01	2.665305033570852800e-01	1.669515959341451306e-01	7.833828506170302519e-02	3.507349428078328918e-02	8.733236470824994047e-02
1.412628902387342805e+03	2.228863070684068415e-01	1.420152758241181035e-01	2.668490070546460924e-01	1.671749346829448368e-01	7.843523203721131098e-02	3.514930394726614726e-02	8.748993938504526224e-02
1.417466672600997981e+03	2.223790388403706075e-01	1.416553225304556796e-01	2.671658239192702955e-01	1.673969052447647488e-01	7.853165886223800740e-02	3.522466571297013654e-02	8.764658488956914018e-02
1.422304442814653157e+03	2.218746693343219278e-01	1.412973944789989167e-01	2.674809620562961787e-01	1.676175172443954697e-01	7.862756814758728452e-02	3.529958225683439699e-02	8.780230648120444792e-02
1.427142213028308333e+03	2.213731809974602560e-01	1.409414811122864652e-01	2.677944295454190993e-01	1.678367802209718707e-01	7.872296249362957521e-02	3.537405623610351268e-02	8.795710939376795434e-02
1.431979983241963964e+03	2.208745564353635504e-01	1.405875718820609188e-01	2.681062344406367481e-01	1.680547036290250540e-01	7.881784449033688023e-02	3.544809028682718854e-02	8.811099883538833777e-02
1.436817753455619140e+03	2.203787784079327128e-01	1.402356562519461725e-01	2.684163847701926398e-01	1.682712968395152220e-01	7.891221671731570020e-02	3.552168702433489839e-02	8.826397998840128378e-02
1.441655523669274316e+03	2.198858298255287058e-01	1.398857236999626608e-01	2.687248885365157158e-01	1.684865691408458377e-01	7.900608174383813576e-02	3.559484904368702407e-02	8.841605800926057024e-02
1.446493293882929493e+03	2.193956937452919143e-01	1.395377637208894961e-01	2.690317537161585615e-01	1.687005297398601611e-01	7.909944212887085047e-02	3.566757892010367914e-02	8.856723802846401539e-02
1.451331064096585123e+03	2.189083533676348670e-01	1.391917658284817505e-01	2.693369882597334009e-01	1.689131877628200495e-01	7.919230042110239620e-02	3.573987920937275048e-02	8.871752515049351195e-02
1.456168834310240300e+03	2.184237920328982174e-01	1.388477195575508194e-01	2.696406000918466495e-01	1.691245522563679105e-01	7.928465915896898419e-02	3.581175244823818493e-02	8.886692445376803695e-02
1.461006604523895703e+03	2.179419932181619335e-01	1.385056144659150834e-01	2.699425971110325229e-01	1.693346321884720007e-01	7.937652087067870177e-02	3.588320115476976296e-02	8.901544099060883231e-02
1.465844374737550879e+03	2.174629405342033694e-01	1.381654401362285567e-01	2.702429871896853131e-01	1.695434364493557389e-01	7.946788807423438294e-02	3.595422782871536549e-02	8.916307978721607630e-02
1.470682144951206283e+03	2.169866177225943660e-01	1.378271861776934060e-01	2.705417781739916094e-01	1.697509738524111966e-01	7.955876327745538268e-02	3.602483495183683021e-02	8.930984584365606049e-02
1.475519915164861459e+03	2.165130086529300502e-01	1.374908422276631126e-01	2.708389778838615758e-01	1.699572531350974081e-01	7.964914897799808824e-02	3.609502498823027872e-02	8.945574413385838641e-02
1.480357685378516862e+03	2.160420973201825912e-01	1.371563979531425226e-01	2.711345941128601167e-01	1.701622829598238018e-01	7.973904766337557015e-02	3.616480038463179558e-02	8.960077960562237709e-02
1.485195455592172038e+03	2.155738678421730836e-01	1.368238430521897531e-01	2.714286346281390983e-01	1.703660719148190617e-01	7.982846181097619231e-02	3.623416357070942395e-02	8.974495718063217609e-02
1.490033225805827215e+03	2.151083044571555358e-01	1.364931672552256725e-01	2.717211071703684588e-01	1.705686285149857206e-01	7.991739388808155597e-02	3.630311695934205357e-02	8.988828175447981239e-02
1.494870996019482618e+03	2.146453915215067731e-01	1.361643603262564506e-01	2.720120194536688185e-01	1.707699612027412106e-01	8.000584635188359717e-02	3.637166294688617962e-02	9.003075819669588420e-02
1.499708766233137567e+03	2.141851135075172607e-01	1.358374120640129801e-01	2.723013791655441995e-01	1.709700783488451448e-01	8.009382164950114291e-02	3.643980391343103892e-02	9.017239135078715384e-02
1.504546536446793198e+03	2.137274550012768226e-01	1.355123123030127497e-01	2.725891939668161346e-01	1.711689882532137774e-01	8.018132221799580128e-02	3.650754222304292140e-02	9.031318603428076242e-02
1.509384306660448374e+03	2.132724007006509825e-01	1.351890509145476649e-01	2.728754714915581081e-01	1.713666991457211963e-01	8.026835048438743514e-02	3.657488022399917743e-02	9.045314703877439799e-02
1.514222076874103550e+03	2.128199354133427090e-01	1.348676178076024523e-01	2.731602193470314965e-01	1.715632191869883860e-01	8.035490886566915014e-02	3.664182024901255913e-02	9.059227912999215371e-02
1.519059847087758726e+03	2.123700440550352064e-01	1.345480029297069502e-01	2.734434451136227850e-01	1.717585564691597455e-01	8.044099976882197744e-02	3.670836461544642326e-02	9.073058704784572881e-02
1.523897617301414357e+03	2.119227116476118389e-01	1.342301962677264204e-01	2.737251563447817837e-01	1.719527190166678099e-01	8.052662559082919558e-02	3.677451562552133679e-02	9.086807550650034815e-02
1.528735387515069533e+03	2.114779233174486628e-01	1.339141878485930748e-01	2.740053605669617309e-01	1.721457147869860371e-01	8.061178871869037477e-02	3.684027556651346680e-02	9.100474919444531685e-02
1.533573157728724709e+03	2.110356642937761817e-01	1.335999677399819785e-01	2.742840652795606182e-01	1.723375516713704925e-01	8.069649152943528247e-02	3.690564671094540700e-02	9.114061277456876609e-02
1.538410927942380113e+03	2.105959199071064936e-01	1.332875260509345794e-01	2.745612779548640692e-01	1.725282374955900422e-01	8.078073639013758078e-02	3.697063131676965597e-02	9.127567088423624297e-02
1.543248698156035516e+03	2.101586755877227486e-01	1.329768529324328041e-01	2.748370060379906610e-01	1.727177800206457225e-01	8.086452565792839886e-02	3.703523162754530224e-02	9.140992813537301975e-02
1.548086468369690692e+03	2.097239168642273388e-01	1.326679385779263032e-01	2.751112569468380231e-01	1.729061869434792842e-01	8.094786168000982218e-02	3.709944987260823529e-02	9.154338911454962258e-02
1.552924238583346096e+03	2.092916293621458756e-01	1.323607732238155366e-01	2.753840380720316006e-01	1.730934658976714668e-01	8.103074679366839561e-02	3.716328826723520190e-02	9.167605838307055222e-02
1.557762008797001272e+03	2.088617988025843475e-01	1.320553471498930875e-01	2.756553567768749158e-01	1.732796244541297825e-01	8.111318332628855710e-02	3.722674901280217247e-02	9.180794047706579419e-02
1.562599779010656675e+03	2.084344110009363760e-01	1.317516506797458964e-01	2.759252203973017181e-01	1.734646701217663622e-01	8.119517359536616852e-02	3.728983429693717710e-02	9.193903990758502121e-02
1.567437549224311852e+03	2.080094518656382951e-01	1.314496741811199410e-01	2.761936362418304647e-01	1.736486103481658938e-01	8.127671990852194939e-02	3.735254629366800694e-02	9.206936116069414089e-02
1.572275319437967255e+03	2.075869073969692780e-01	1.311494080662501671e-01	2.764606115915209106e-01	1.738314525202439842e-01	8.135782456351511871e-02	3.741488716356506511e-02	9.219890869757414731e-02
1.577113089651622431e+03	2.071667636858944839e-01	1.308508427921571959e-01	2.767261536999321980e-01	1.740132039648959461e-01	8.143848984825721726e-02	3.747685905387956179e-02	9.232768695462202635e-02
1.581950859865277607e+03	2.067490069129489794e-01	1.305539688609127225e-01	2.769902697930835545e-01	1.741938719496365640e-01	8.151871804082581885e-02	3.753846409867738626e-02	9.245570034355349298e-02
1.586788630078933011e+03	2.063336233471603498e-01	1.302587768198757157e-01	2.772529670694172110e-01	1.743734636832304508e-01	8.159851140947858850e-02	3.759970441896880872e-02	9.258295325150742161e-02
1.591626400292587959e+03	2.059205993450078653e-01	1.299652572619004465e-01	2.775142526997628201e-01	1.745519863163136898e-01	8.167787221266741005e-02	3.766058212283428935e-02	9.270945004115196952e-02
1.596464170506243590e+03	2.055099213494167298e-01	1.296734008255186477e-01	2.777741338273049809e-01	1.747294469420067886e-01	8.175680269905273578e-02	3.772109930554660290e-02	9.283519505079201872e-02
1.601301940719898766e+03	2.051015758887852480e-01	1.293831981950966659e-01	2.780326175675520983e-01	1.749058525965189459e-01	8.183530510751813036e-02	3.778125804968943124e-02	9.296019259447792227e-02
1.606139710933553943e+03	2.046955495760435229e-01	1.290946401009696320e-01	2.782897110083080716e-01	1.750812102597439912e-01	8.191338166718509228e-02	3.784106042527265318e-02	9.308444696211548575e-02
1.610977481147209119e+03	2.042918291077420734e-01	1.288077173195533442e-01	2.785454212096456494e-01	1.752555268558480539e-01	8.199103459742793087e-02	3.790050848984444914e-02	9.320796241957693407e-02
1.615815251360864750e+03	2.038904012631687079e-01	1.285224206734357777e-01	2.787997552038823379e-01	1.754288092538491828e-01	8.206826610788903187e-02	3.795960428860047781e-02	9.333074320881290520e-02
1.620653021574519926e+03	2.034912529034924034e-01	1.282387410314487219e-01	2.790527199955586402e-01	1.756010642681888889e-01	8.214507839849435888e-02	3.801834985449017990e-02	9.345279354796523497e-02
1.625490791788175102e+03	2.030943709709329970e-01	1.279566693087213491e-01	2.793043225614180169e-01	1.757722986592961112e-01	8.222147365946913533e-02	3.807674720832038284e-02	9.357411763148050510e-02
1.630328562001830505e+03	2.026997424879549980e-01	1.276761964667163241e-01	2.795545698503894005e-01	1.759425191341433270e-01	8.229745407135390101e-02	3.813479835885639352e-02	9.369471963022424355e-02
1.635166332215485909e+03	2.023073545564846865e-01	1.273973135132496493e-01	2.798034687835718182e-01	1.761117323467953077e-01	8.237302180502070748e-02	3.819250530292066237e-02	9.381460369159579094e-02
1.640004102429141085e+03	2.019171943571494154e-01	1.271200115024953559e-01	2.800510262542210693e-01	1.762799448989503526e-01	8.244817902168975754e-02	3.824987002548911608e-02	9.393377393964352784e-02
1.644841872642796488e+03	2.015292491485375093e-01	1.268442815349754560e-01	2.802972491277390121e-01	1.764471633404744166e-01	8.252292787294614185e-02	3.830689449978532529e-02	9.405223447518068491e-02
1.649679642856451665e+03	2.011435062664786166e-01	1.265701147575364893e-01	2.805421442416644040e-01	1.766133941699279120e-01	8.259727050075706123e-02	3.836358068737259763e-02	9.416998937590138896e-02
1.654517413070107068e+03	2.007599531233426604e-01	1.262975023633134408e-01	2.807857184056661848e-01	1.767786438350857914e-01	8.267120903748918781e-02	3.841993053824408616e-02	9.428704269649711145e-02
1.659355183283762244e+03	2.003785772073569948e-01	1.260264355916813628e-01	2.810279784015388693e-01	1.769429187334505549e-01	8.274474560592637307e-02	3.847594599091101741e-02	9.440339846877322805e-02
1.664192953497417420e+03	1.999993660819408825e-01	1.257569057281960057e-01	2.812689309832002715e-01	1.771062252127584558e-01	8.281788231928768895e-02	3.853162897248913615e-02	9.451906070176591124e-02
1.669030723711072824e+03	1.996223073850563190e-01	1.254889041045237630e-01	2.815085828766907272e-01	1.772685695714792398e-01	8.289062128124576045e-02	3.858698139878340150e-02	9.463403338185909230e-02
1.673868493924728000e+03	1.992473888285744843e-01	1.252224220983615965e-01	2.817469407801750925e-01	1.774299580593092507e-01	8.296296458594533407e-02	3.864200517437112875e-02	9.474832047290142334e-02
1.678706264138383403e+03	1.988745981976570709e-01	1.249574511333477883e-01	2.819840113639461299e-01	1.775903968776581521e-01	8.303491431802224876e-02	3.869670219268350059e-02	9.486192591632343352e-02
1.683544034352038352e+03	1.985039233501519618e-01	1.246939826789638245e-01	2.822198012704303371e-01	1.777498921801293486e-01	8.310647255262257338e-02	3.875107433608569046e-02	9.497485363125456048e-02
1.688381804565693983e+03	1.981353522160023140e-01	1.244320082504281194e-01	2.824543171141958853e-01	1.779084500729940232e-01	8.317764135542222992e-02	3.880512347595548028e-02	9.508710751464016786e-02
1.693219574779349159e+03	1.977688727966686044e-01	1.241715194085821206e-01	2.826875654819622774e-01	1.780660766156594021e-01	8.324842278264674156e-02	3.885885147276057355e-02	9.519869144135849337e-02
1.698057344993004335e+03	1.974044731645631934e-01	1.239125077597691277e-01	2.829195529326117287e-01	1.782227778211307179e-01	8.331881888109142487e-02	3.891226017613463178e-02	9.530960926433748592e-02
1.702895115206659511e+03	1.970421414624963785e-01	1.236549649557064368e-01	2.831502859972028219e-01	1.783785596564673448e-01	8.338883168814169300e-02	3.896535142495204801e-02	9.541986481467149006e-02
1.707732885420315142e+03	1.966818659031340233e-01	1.233988826933511973e-01	2.833797711789864948e-01	1.785334280432333276e-01	8.345846323179391402e-02	3.901812704740156151e-02	9.552946190173769447e-02
1.712570655633970318e+03	1.963236347684657324e-01	1.231442527147603161e-01	2.836080149534228600e-01	1.786873888579418590e-01	8.352771553067631083e-02	3.907058886105872070e-02	9.563840431331249725e-02
1.717408425847625494e+03	1.959674364092832688e-01	1.228910668069449763e-01	2.838350237682005228e-01	1.788404479324943175e-01	8.359659059407036075e-02	3.912273867295731899e-02	9.574669581568748256e-02
1.722246196061280898e+03	1.956132592446691854e-01	1.226393168017200358e-01	2.840608040432578973e-01	1.789926110546138649e-01	8.366509042193226442e-02	3.917457827965967893e-02	9.585434015378532790e-02
1.727083966274936301e+03	1.952610917614943931e-01	1.223889945755484848e-01	2.842853621708059109e-01	1.791438839682732986e-01	8.373321700491492825e-02	3.922610946732608961e-02	9.596134105127519798e-02
1.731921736488591478e+03	1.949109225139249169e-01	1.221400920493816850e-01	2.845087045153524841e-01	1.792942723741178523e-01	8.380097232439008559e-02	3.927733401178317568e-02	9.606770221068805515e-02
1.736759506702246881e+03	1.945627401229375331e-01	1.218926011884953753e-01	2.847308374137291209e-01	1.794437819298825565e-01	8.386835835247070936e-02	3.932825367859139887e-02	9.617342731353152596e-02
1.741597276915902057e+03	1.942165332758431784e-01	1.216465140023218205e-01	2.849517671751188863e-01	1.795924182508044642e-01	8.393537705203374388e-02	3.937887022311165053e-02	9.627852002040446222e-02
1.746435047129557461e+03	1.938722907258187134e-01	1.214018225442784066e-01	2.851715000810860490e-01	1.797401869100296867e-01	8.400203037674311424e-02	3.942918539057104627e-02	9.638298397111115523e-02
1.751272817343212637e+03	1.935300012914460688e-01	1.211585189115930300e-01	2.853900423856077229e-01	1.798870934390154885e-01	8.406832027107291605e-02	3.947920091612783233e-02	9.648682278477513363e-02
1.756110587556867813e+03	1.931896538562586640e-01	1.209165952451263792e-01	2.856074003151066187e-01	1.800331433279273308e-01	8.413424867033095222e-02	3.952891852493556346e-02	9.659004005995266984e-02
1.760948357770523216e+03	1.928512373682949588e-01	1.206760437291913152e-01	2.858235800684860162e-01	1.801783420260311130e-01	8.419981750068250559e-02	3.957833993220648966e-02	9.669263937474577297e-02
1.765786127984178393e+03	1.925147408396586379e-01	1.204368565913698508e-01	2.860385878171656238e-01	1.803226949420805858e-01	8.426502867917440298e-02	3.962746684327424218e-02	9.679462428691483489e-02
1.770623898197833569e+03	1.921801533460850975e-01	1.201990261023276052e-01	2.862524297051196598e-01	1.804662074446999886e-01	8.432988411375916260e-02	3.967630095365577703e-02	9.689599833399090145e-02
1.775461668411488745e+03	1.918474640265144249e-01	1.199625445756261066e-01	2.864651118489158765e-01	1.806088848627621646e-01	8.439438570331968259e-02	3.972484394911267314e-02	9.699676503338733324e-02
1.780299438625144376e+03	1.915166620826701527e-01	1.197274043675331245e-01	2.866766403377563055e-01	1.807507324857618169e-01	8.445853533769383248e-02	3.977309750571175057e-02	9.709692788251128581e-02
1.785137208838799552e+03	1.911877367786438409e-01	1.194935978768311979e-01	2.868870212335196124e-01	1.808917555641845476e-01	8.452233489769958585e-02	3.982106328988504335e-02	9.719649035887448218e-02
1.789974979052454728e+03	1.908606774404850992e-01	1.192611175446244148e-01	2.870962605708046733e-01	1.810319593098712043e-01	8.458578625516009752e-02	3.986874295848918254e-02	9.729545592020368006e-02
1.794812749266109904e+03	1.905354734557969942e-01	1.190299558541437902e-01	2.873043643569754835e-01	1.811713488963779539e-01	8.464889127292930804e-02	3.991613815886416866e-02	9.739382800455061162e-02
1.799650519479765535e+03	1.902121142733366188e-01	1.188001053305512977e-01	2.875113385722078418e-01	1.813099294593320809e-01	8.471165180491747881e-02	3.996325052889153351e-02	9.749161003040147933e-02
1.804488289693420711e+03	1.898905894026205743e-01	1.185715585407425693e-01	2.877171891695366468e-01	1.814477060967833455e-01	8.477406969611718524e-02	4.001008169705201623e-02	9.758880539678597976e-02
1.809326059907075887e+03	1.895708884135352268e-01	1.183443080931486785e-01	2.879219220749053565e-01	1.815846838695513721e-01	8.483614678262930975e-02	4.005663328248261490e-02	9.768541748338574471e-02
1.814163830120731291e+03	1.892530009359515430e-01	1.181183466375368557e-01	2.881255431872162265e-01	1.817208678015686807e-01	8.489788489168939578e-02	4.010290689503313161e-02	9.778144965064246297e-02
1.819001600334386467e+03	1.889369166593445892e-01	1.178936668648103842e-01	2.883280583783818241e-01	1.818562628802198322e-01	8.495928584169418207e-02	4.014890413532224561e-02	9.787690523986529445e-02
1.823839370548041643e+03	1.886226253324170266e-01	1.176702615068078300e-01	2.885294734933778749e-01	1.819908740566764105e-01	8.502035144222822027e-02	4.019462659479303840e-02	9.797178757333797894e-02
1.828677140761696819e+03	1.883101167627270200e-01	1.174481233361015647e-01	2.887297943502974418e-01	1.821247062462281463e-01	8.508108349409083948e-02	4.024007585576800522e-02	9.806609995442533423e-02
1.833514910975352450e+03	1.879993808163201441e-01	1.172272451657958847e-01	2.889290267404060475e-01	1.822577643286101556e-01	8.514148378932313854e-02	4.028525349150368501e-02	9.815984566767926855e-02
1.838352681189008081e+03	1.876904074173651460e-01	1.170076198493245484e-01	2.891271764281981294e-01	1.823900531483261811e-01	8.520155411123531142e-02	4.033016106624472824e-02	9.825302797894427953e-02
1.843190451402663257e+03	1.873831865477934844e-01	1.167892402802480356e-01	2.893242491514544379e-01	1.825215775149682529e-01	8.526129623443404193e-02	4.037480013527757622e-02	9.834565013546243961e-02
1.848028221616318433e+03	1.870777082469427255e-01	1.165720993920506265e-01	2.895202506213007121e-01	1.826523422035324917e-01	8.532071192485012057e-02	4.041917224498367545e-02	9.843771536597786809e-02
1.852865991829973609e+03	1.867739626112031592e-01	1.163561901579371477e-01	2.897151865222675204e-01	1.827823519547311926e-01	8.537980293976620005e-02	4.046327893289224792e-02	9.852922688084073122e-02
1.857703762043628785e+03	1.864719397936682732e-01	1.161415055906297594e-01	2.899090625123506570e-01	1.829116114753014388e-01	8.543857102784471746e-02	4.050712172773267977e-02	9.862018787211065951e-02
1.862541532257283961e+03	1.861716300037883631e-01	1.159280387421645631e-01	2.901018842230732031e-01	1.830401254383099696e-01	8.549701792915601062e-02	4.055070214948643809e-02	9.871060151365962376e-02
1.867379302470939592e+03	1.858730235070274461e-01	1.157157827036882636e-01	2.902936572595481435e-01	1.831678984834546609e-01	8.555514537520650387e-02	4.059402170943867544e-02	9.880047096127439477e-02
1.872217072684594768e+03	1.855761106245234771e-01	1.155047306052550404e-01	2.904843872005422600e-01	1.832949352173623980e-01	8.561295508896710205e-02	4.063708191022932792e-02	9.888979935275839239e-02
1.877054842898249490e+03	1.852808817327515067e-01	1.152948756156234045e-01	2.906740795985406356e-01	1.834212402138837017e-01	8.567044878490176485e-02	4.067988424590388702e-02	9.897858980803307671e-02
1.881892613111905121e+03	1.849873272631898380e-01	1.150862109420532770e-01	2.908627399798124347e-01	1.835468180143837447e-01	8.572762816899609506e-02	4.072243020196384539e-02	9.906684542923871462e-02
1.886730383325560297e+03	1.846954377019894289e-01	1.148787298301034154e-01	2.910503738444772948e-01	1.836716731280302606e-01	8.578449493878616272e-02	4.076472125541664993e-02	9.915456930083474396e-02
1.891568153539215928e+03	1.844052035896457664e-01	1.146724255634289508e-01	2.912369866665729390e-01	1.837958100320779831e-01	8.584105078338744033e-02	4.080675887482537734e-02	9.924176448969951325e-02
1.896405923752871104e+03	1.841166155206738209e-01	1.144672914635794653e-01	2.914225838941231772e-01	1.839192331721500040e-01	8.589729738352382127e-02	4.084854452035804190e-02	9.932843404522964659e-02
1.901243693966526507e+03	1.838296641432856093e-01	1.142633208897972791e-01	2.916071709492072950e-01	1.840419469625158289e-01	8.595323641155679095e-02	4.089007964383650773e-02	9.941458099943863147e-02
1.906081464180181683e+03	1.835443401590704793e-01	1.140605072388162639e-01	2.917907532280297755e-01	1.841639557863663512e-01	8.600886953151472281e-02	4.093136568878510961e-02	9.950020836705519844e-02
1.910919234393836859e+03	1.832606343226780288e-01	1.138588439446610451e-01	2.919733361009911876e-01	1.842852639960856631e-01	8.606419839912221592e-02	4.097240409047889220e-02	9.958531914562090970e-02
1.915757004607492036e+03	1.829785374415034138e-01	1.136583244784467456e-01	2.921549249127594616e-01	1.844058759135198677e-01	8.611922466182961311e-02	4.101319627599153694e-02	9.966991631558735909e-02
1.920594774821147894e+03	1.826980403753754034e-01	1.134589423481791592e-01	2.923355249823422208e-01	1.845257958302427281e-01	8.617394995884258835e-02	4.105374366424296984e-02	9.975400284041290033e-02
1.925432545034802843e+03	1.824191340362466551e-01	1.132606910985555909e-01	2.925151416031598339e-01	1.846450280078186512e-01	8.622837592115187300e-02	4.109404766604661530e-02	9.983758166665870903e-02
1.930270315248458019e+03	1.821418093878866273e-01	1.130635643107662236e-01	2.926937800431190784e-01	1.847635766780623134e-01	8.628250417156295426e-02	4.113410968415633084e-02	9.992065572408441454e-02
1.935108085462113195e+03	1.818660574455764345e-01	1.128675556022960408e-01	2.928714455446873033e-01	1.848814460432957885e-01	8.633633632472602348e-02	4.117393111331307809e-02	1.000032279257432738e-01
1.939945855675768371e+03	1.815918692758065611e-01	1.126726586267274705e-01	2.930481433249675915e-01	1.849986402766025106e-01	8.638987398716588273e-02	4.121351334029119823e-02	1.000853011680766791e-01
1.944783625889424002e+03	1.813192359959764077e-01	1.124788670735435980e-01	2.932238785757745325e-01	1.851151635220785185e-01	8.644311875731197636e-02	4.125285774394447935e-02	1.001668783310083188e-01
1.949621396103079178e+03	1.810481487740960849e-01	1.122861746679321149e-01	2.933986564637103833e-01	1.852310198950811448e-01	8.649607222552854746e-02	4.129196569525185601e-02	1.002479622780376722e-01
1.954459166316734354e+03	1.807785988284906498e-01	1.120945751705899468e-01	2.935724821302419518e-01	1.853462134824745422e-01	8.654873597414475261e-02	4.133083855736282425e-02	1.003285558563331153e-01
1.959296936530389530e+03	1.805105774275061747e-01	1.119040623775286042e-01	2.937453606917782567e-01	1.854607483428727666e-01	8.660111157748497102e-02	4.136947768564255140e-02	1.004086618968244998e-01
1.964134706744044706e+03	1.802440758892181472e-01	1.117146301198801567e-01	2.939172972397482986e-01	1.855746285068802792e-01	8.665320060189905804e-02	4.140788442771675681e-02	1.004882832142950932e-01
1.968972476957700337e+03	1.799790855811418122e-01	1.115262722637041376e-01	2.940882968406801634e-01	1.856878579773295068e-01	8.670500460579277924e-02	4.144606012351621793e-02	1.005674226074732280e-01
1.973810247171355968e+03	1.797155979199445419e-01	1.113389827097950729e-01	2.942583645362795708e-01	1.858004407295160976e-01	8.675652513965820267e-02	4.148400610532106125e-02	1.006460828591232703e-01
1.978648017385010689e+03	1.794536043711602857e-01	1.111527553934908291e-01	2.944275053435101430e-01	1.859123807114314852e-01	8.680776374610418844e-02	4.152172369780472716e-02	1.007242667361362004e-01
1.983485787598666320e+03	1.791930964489058531e-01	1.109675842844817517e-01	2.945957242546731747e-01	1.860236818439928996e-01	8.685872195988690592e-02	4.155921421807771271e-02	1.008019769896195683e-01
1.988323557812321269e+03	1.789340657155993608e-01	1.107834633866205953e-01	2.947630262374883459e-01	1.861343480212709622e-01	8.690940130794047591e-02	4.159647897573096054e-02	1.008792163549871446e-01
1.993161328025976900e+03	1.786765037816802904e-01	1.106003867377332722e-01	2.949294162351750459e-01	1.862443831107146730e-01	8.695980330940752956e-02	4.163351927287907428e-02	1.009559875520478489e-01
1.997999098239632076e+03	1.784204023053317933e-01	1.104183484094303641e-01	2.950948991665338639e-01	1.863537909533742876e-01	8.700992947566989211e-02	4.167033640420318014e-02	1.010322932850944017e-01
2.002836868453287707e+03	1.781657529922044403e-01	1.102373425069195778e-01	2.952594799260282454e-01	1.864625753641213912e-01	8.705978131037930834e-02	4.170693165699358718e-02	1.011081362429912950e-01
2.007674638666942428e+03	1.779125475951420510e-01	1.100573631688189224e-01	2.954231633838674265e-01	1.865707401318668079e-01	8.710936030948808473e-02	4.174330631119212154e-02	1.011835190992623895e-01
2.012512408880597604e+03	1.776607779139093846e-01	1.098784045669708304e-01	2.955859543860889227e-01	1.866782890197763167e-01	8.715866796127996752e-02	4.177946163943426633e-02	1.012584445121780391e-01
2.017350179094252780e+03	1.774104357949214672e-01	1.097004609062570413e-01	2.957478577546420184e-01	1.867852257654838144e-01	8.720770574640082651e-02	4.181539890709101703e-02	1.013329151248416188e-01
2.022187949307908411e+03	1.771615131309746405e-01	1.095235264244143469e-01	2.959088782874708112e-01	1.868915540813023135e-01	8.725647513788954701e-02	4.185111937231045937e-02	1.014069335652756920e-01
2.027025719521564042e+03	1.769140018609796083e-01	1.093475953918513072e-01	2.960690207585987554e-01	1.869972776544326920e-01	8.730497760120876916e-02	4.188662428605911814e-02	1.014805024465075811e-01
2.031863489735218764e+03	1.766678939696957606e-01	1.091726621114657153e-01	2.962282899182125395e-01	1.871024001471702780e-01	8.735321459427580759e-02	4.192191489216307021e-02	1.015536243666545907e-01
2.036701259948874394e+03	1.764231814874678006e-01	1.089987209184630074e-01	2.963866904927468515e-01	1.872069251971091863e-01	8.740118756749352957e-02	4.195699242734880069e-02	1.016263019090086483e-01
2.041539030162529116e+03	1.761798564899633435e-01	1.088257661801754761e-01	2.965442271849692002e-01	1.873108564173444623e-01	8.744889796378108038e-02	4.199185812128377465e-02	1.016985376421205289e-01
2.046376800376184747e+03	1.759379110979128191e-01	1.086537922958824426e-01	2.967009046740650691e-01	1.874141973966722829e-01	8.749634721860494180e-02	4.202651319661682150e-02	1.017703341198835376e-01
2.051214570589840150e+03	1.756973374768505125e-01	1.084827936966312606e-01	2.968567276157235701e-01	1.875169516997877983e-01	8.754353676000969919e-02	4.206095886901823483e-02	1.018416938816168460e-01
2.056052340803495554e+03	1.754581278368576025e-01	1.083127648450592367e-01	2.970117006422230976e-01	1.876191228674810862e-01	8.759046800864894733e-02	4.209519634721967107e-02	1.019126194521482315e-01
2.060890111017150957e+03	1.752202744323065053e-01	1.081437002352164251e-01	2.971658283625174257e-01	1.877207144168311082e-01	8.763714237781622396e-02	4.212922683305379834e-02	1.019831133418964142e-01
2.065727881230805451e+03	1.749837695616069666e-01	1.079755943923892542e-01	2.973191153623218619e-01	1.878217298413972780e-01	8.768356127347584628e-02	4.216305152149367463e-02	1.020531780469529637e-01
2.070565651444461309e+03	1.747486055669538185e-01	1.078084418729251676e-01	2.974715662041997888e-01	1.879221726114096713e-01	8.772972609429378898e-02	4.219667160069193179e-02	1.021228160491637060e-01
2.075403421658116713e+03	1.745147748340759863e-01	1.076422372640580410e-01	2.976231854276493172e-01	1.880220461739565696e-01	8.777563823166857626e-02	4.223008825201973737e-02	1.021920298162096313e-01
2.080241191871772116e+03	1.742822697919872710e-01	1.074769751837345161e-01	2.977739775491903829e-01	1.881213539531706169e-01	8.782129906976213207e-02	4.226330265010548592e-02	1.022608218016873988e-01
2.085078962085427065e+03	1.740510829127386860e-01	1.073126502804413046e-01	2.979239470624517327e-01	1.882200993504127562e-01	8.786670998553061662e-02	4.229631596287328904e-02	1.023291944451894253e-01
2.089916732299082469e+03	1.738212067111720993e-01	1.071492572330332571e-01	2.980730984382581328e-01	1.883182857444543612e-01	8.791187234875527667e-02	4.232912935158124335e-02	1.023971501723834193e-01
2.094754502512737417e+03	1.735926337446755119e-01	1.069867907505624299e-01	2.982214361247180756e-01	1.884159164916574536e-01	8.795678752207322648e-02	4.236174397085944177e-02	1.024646913950915811e-01
2.099592272726392821e+03	1.733653566129398915e-01	1.068252455721079713e-01	2.983689645473112662e-01	1.885129949261532545e-01	8.800145686100828424e-02	4.239416096874781131e-02	1.025318205113692344e-01
2.104430042940048224e+03	1.731393679577171996e-01	1.066646164666069513e-01	2.985156881089764402e-01	1.886095243600185989e-01	8.804588171400168362e-02	4.242638148673369414e-02	1.025985399055831665e-01
2.109267813153704083e+03	1.729146604625801387e-01	1.065048982326860516e-01	2.986616111901991832e-01	1.887055080834509069e-01	8.809006342244288246e-02	4.245840665978919959e-02	1.026648519484893579e-01
2.114105583367359031e+03	1.726912268526833716e-01	1.063460856984941444e-01	2.988067381491001373e-01	1.888009493649410453e-01	8.813400332070024656e-02	4.249023761640837588e-02	1.027307589973103785e-01
2.118943353581013525e+03	1.724690598945257947e-01	1.061881737215357169e-01	2.989510733215232086e-01	1.888958514514447184e-01	8.817770273615174736e-02	4.252187547864415273e-02	1.027962633958123678e-01
2.123781123794669384e+03	1.722481523957146987e-01	1.060311571885052956e-01	2.990946210211235523e-01	1.889902175685519436e-01	8.822116298921560407e-02	4.255332136214504818e-02	1.028613674743814876e-01
2.128618894008324787e+03	1.720284972047310124e-01	1.058750310151226753e-01	2.992373855394563908e-01	1.890840509206549169e-01	8.826438539338095357e-02	4.258457637619166708e-02	1.029260735501000140e-01
2.133456664221980191e+03	1.718100872106960997e-01	1.057197901459689671e-01	2.993793711460650542e-01	1.891773546911141302e-01	8.830737125523840936e-02	4.261564162373301934e-02	1.029903839268219434e-01
2.138294434435635139e+03	1.715929153431399179e-01	1.055654295543236448e-01	2.995205820885696868e-01	1.892701320424229061e-01	8.835012187451062038e-02	4.264651820142259520e-02	1.030543008952482797e-01
2.143132204649290543e+03	1.713769745717703685e-01	1.054119442420024533e-01	2.996610225927558990e-01	1.893623861163701294e-01	8.839263854408280219e-02	4.267720719965423237e-02	1.031178267330017384e-01
2.147969974862945492e+03	1.711622579062444249e-01	1.052593292391960783e-01	2.998006968626634738e-01	1.894541200342015341e-01	8.843492255003318481e-02	4.270770970259780280e-02	1.031809637047011452e-01
2.152807745076601350e+03	1.709487583959400370e-01	1.051075796043097893e-01	2.999396090806749626e-01	1.895453368967793262e-01	8.847697517166348835e-02	4.273802678823465651e-02	1.032437140620353910e-01
2.157645515290255844e+03	1.707364691297300063e-01	1.049566904238039694e-01	3.000777634076043920e-01	1.896360397847401680e-01	8.851879768152925987e-02	4.276815952839289198e-02	1.033060800438369564e-01
2.162483285503912157e+03	1.705253832357566113e-01	1.048066568120354231e-01	3.002151639827863039e-01	1.897262317586516089e-01	8.856039134547025182e-02	4.279810898878240455e-02	1.033680638761550058e-01
2.167321055717567106e+03	1.703154938812079244e-01	1.046574739110996133e-01	3.003518149241644064e-01	1.898159158591670725e-01	8.860175742264074505e-02	4.282787622902974045e-02	1.034296677723280655e-01
2.172158825931222509e+03	1.701067942720953796e-01	1.045091368906737317e-01	3.004877203283804477e-01	1.899050951071792059e-01	8.864289716553970522e-02	4.285746230271274965e-02	1.034908939330563410e-01
2.176996596144877003e+03	1.698992776530325322e-01	1.043616409478606705e-01	3.006228842708629223e-01	1.899937725039718139e-01	8.868381182004107799e-02	4.288686825739501662e-02	1.035517445464735897e-01
2.181834366358532861e+03	1.696929373070151514e-01	1.042149813070337577e-01	3.007573108059161116e-01	1.900819510313701000e-01	8.872450262542386223e-02	4.291609513466013853e-02	1.036122217882185365e-01
2.186672136572187810e+03	1.694877665552026458e-01	1.040691532196824365e-01	3.008910039668087899e-01	1.901696336518897412e-01	8.876497081440223869e-02	4.294514397014578128e-02	1.036723278215060245e-01
2.191509906785843214e+03	1.692837587567007085e-01	1.039241519642587486e-01	3.010239677658630986e-01	1.902568233088843819e-01	8.880521761315557372e-02	4.297401579357751356e-02	1.037320647971975845e-01
2.196347676999498617e+03	1.690809073083453240e-01	1.037799728460246929e-01	3.011562061945433633e-01	1.903435229266915441e-01	8.884524424135843701e-02	4.300271162880250908e-02	1.037914348538717529e-01
2.201185447213154021e+03	1.688792056444879119e-01	1.036366111969003329e-01	3.012877232235446900e-01	1.904297354107773177e-01	8.888505191221046653e-02	4.303123249382299204e-02	1.038504401178939052e-01
2.206023217426809424e+03	1.686786472367816647e-01	1.034940623753129035e-01	3.014185228028819497e-01	1.905154636478796071e-01	8.892464183246628906e-02	4.305957940082951602e-02	1.039090827034857278e-01
2.210860987640464373e+03	1.684792255939693284e-01	1.033523217660465843e-01	3.015486088619781513e-01	1.906007105061499063e-01	8.896401520246524641e-02	4.308775335623405561e-02	1.039673647127943024e-01
2.215698757854119776e+03	1.682809342616721493e-01	1.032113847800932710e-01	3.016779853097533715e-01	1.906854788352939090e-01	8.900317321616117716e-02	4.311575536070293146e-02	1.040252882359607722e-01
2.220536528067775180e+03	1.680837668221798753e-01	1.030712468545039728e-01	3.018066560347130722e-01	1.907697714667104805e-01	8.904211706115208735e-02	4.314358640918948551e-02	1.040828553511885940e-01
2.225374298281430583e+03	1.678877168942422005e-01	1.029319034522412357e-01	3.019346249050367526e-01	1.908535912136295476e-01	8.908084791870971020e-02	4.317124749096662439e-02	1.041400681248115245e-01
2.230212068495085077e+03	1.676927781328611811e-01	1.027933500620322321e-01	3.020618957686662664e-01	1.909369408712485450e-01	8.911936696380912126e-02	4.319873958965915473e-02	1.041969286113610810e-01
2.235049838708740936e+03	1.674989442290850949e-01	1.026555821982228084e-01	3.021884724533943078e-01	1.910198232168676125e-01	8.915767536515814551e-02	4.322606368327592402e-02	1.042534388536336398e-01
2.239887608922396339e+03	1.673062089098033556e-01	1.025185954006322120e-01	3.023143587669525623e-01	1.911022410100234881e-01	8.919577428522676432e-02	4.325322074424180901e-02	1.043096008827573140e-01
2.244725379136052197e+03	1.671145659375426196e-01	1.023823852344086655e-01	3.024395584970999140e-01	1.911841969926221796e-01	8.923366488027649479e-02	4.328021173942948191e-02	1.043654167182581916e-01
2.249563149349706237e+03	1.669240091102639212e-01	1.022469472898858284e-01	3.025640754117105424e-01	1.912656938890702207e-01	8.927134830038960245e-02	4.330703763019101704e-02	1.044208883681264077e-01
2.254400919563362095e+03	1.667345322611614444e-01	1.021122771824399533e-01	3.026879132588619070e-01	1.913467344064049558e-01	8.930882568949830014e-02	4.333369937238933101e-02	1.044760178288817315e-01
2.259238689777017044e+03	1.665461292584618225e-01	1.019783705523478745e-01	3.028110757669224551e-01	1.914273212344232977e-01	8.934609818541389137e-02	4.336019791642939381e-02	1.045308070856388882e-01
2.264076459990672902e+03	1.663587940052251024e-01	1.018452230646458428e-01	3.029335666446396624e-01	1.915074570458095982e-01	8.938316691985578877e-02	4.338653420728932897e-02	1.045852581121723412e-01
