1.001418434226643626e+03	2.777647205925229401e-01	1.820535821283751909e-01	2.346623185518497690e-01	1.406492254075354942e-01	6.704439771936665515e-02	2.853185339616107902e-02	6.929390220382505849e-02
1.002869765290740247e+03	2.774950046224764488e-01	1.818967951108494963e-01	2.348309898536626583e-01	1.407472785701634477e-01	6.709193328589548033e-02	2.856645911467960500e-02	6.937153944190906085e-02
1.004321096354836754e+03	2.772260814780156957e-01	1.817399951102101341e-01	2.349992565340111583e-01	1.408453313950158992e-01	6.713942926749641438e-02	2.860094828843336504e-02	6.944895792645350285e-02
1.005772427418933376e+03	2.769579451132709869e-01	1.815831861028052163e-01	2.351671207450132250e-01	1.409433824286109860e-01	6.718688452209528594e-02	2.863532234527038992e-02	6.952615874257005169e-02
1.007223758483029997e+03	2.766905895580936137e-01	1.814263720024339444e-01	2.353345846070618586e-01	1.410414301990343400e-01	6.723429797914995398e-02	2.866958265746412035e-02	6.960314299639831781e-02
1.008675089547126618e+03	2.764240089170703629e-01	1.812695566612362585e-01	2.355016502100074072e-01	1.411394732191039447e-01	6.728166863452927915e-02	2.870373054537937729e-02	6.967991181230948072e-02
1.010126420611223239e+03	2.761581973685469094e-01	1.811127438705700810e-01	2.356683196142655701e-01	1.412375099892743402e-01	6.732899554577433110e-02	2.873776728086309060e-02	6.975646633034182642e-02
1.011577751675319632e+03	2.758931491636597566e-01	1.809559373618764011e-01	2.358345948518557889e-01	1.413355390003002698e-01	6.737627782771327123e-02	2.877169409038092540e-02	6.983280770384966973e-02
1.013029082739416367e+03	2.756288586253780037e-01	1.807991408075326212e-01	2.360004779273755238e-01	1.414335587356781443e-01	6.742351464840348751e-02	2.880551215791938083e-02	6.990893709734891104e-02
1.014480413803512761e+03	2.753653201475536605e-01	1.806423578216941050e-01	2.361659708189147722e-01	1.415315676738822526e-01	6.747070522537605697e-02	2.883922262767138131e-02	6.998485568454383687e-02
1.015931744867609382e+03	2.751025281939820655e-01	1.804855919611239867e-01	2.363310754789154922e-01	1.416295642904114860e-01	6.751784882216033123e-02	2.887282660652201391e-02	7.006056464652066218e-02
1.017383075931706003e+03	2.748404772974717414e-01	1.803288467260115158e-01	2.364957938349795952e-01	1.417275470596612852e-01	6.756494474506721803e-02	2.890632516634970145e-02	7.013606517009493557e-02
1.018834406995802851e+03	2.745791620589242976e-01	1.801721255607791616e-01	2.366601277906294487e-01	1.418255144566338832e-01	6.761199234021188220e-02	2.893971934615707786e-02	7.021135844630022049e-02
1.020285738059899245e+03	2.743185771464240474e-01	1.800154318548783106e-01	2.368240792260241645e-01	1.419234649584996122e-01	6.765899099075803336e-02	2.897301015404449287e-02	7.028644566900729695e-02
1.021737069123995752e+03	2.740587172943376726e-01	1.798587689435741099e-01	2.369876499986348362e-01	1.420213970460206254e-01	6.770594011436689708e-02	2.900619856903835503e-02	7.036132803366346167e-02
1.023188400188092373e+03	2.737995773024243240e-01	1.797021401087192938e-01	2.371508419438816961e-01	1.421193092048476103e-01	6.775283916083561786e-02	2.903928554278530777e-02	7.043600673614215657e-02
1.024639731252188767e+03	2.735411520349553816e-01	1.795455485795171557e-01	2.373136568757359122e-01	1.422171999266993725e-01	6.779968760991098020e-02	2.907227200112258436e-02	7.051048297169458523e-02
1.026091062316285615e+03	2.732834364198447608e-01	1.793889975332740583e-01	2.374760965872886875e-01	1.423150677104345063e-01	6.784648496926512506e-02	2.910515884553396826e-02	7.058475793399487941e-02
1.027542393380382237e+03	2.730264254477892116e-01	1.792324900961412559e-01	2.376381628512894695e-01	1.424129110630231454e-01	6.789323077262109096e-02	2.913794695450015390e-02	7.065883281427164098e-02
1.028993724444478858e+03	2.727701141714191091e-01	1.790760293438465045e-01	2.377998574206561522e-01	1.425107285004268975e-01	6.793992457801699414e-02	2.917063718475149808e-02	7.073270880051885090e-02
1.030445055508575479e+03	2.725144977044591799e-01	1.789196183024152620e-01	2.379611820289584956e-01	1.426085185483940698e-01	6.798656596619850889e-02	2.920323037243069061e-02	7.080638707677980315e-02
1.031896386572671872e+03	2.722595712208996654e-01	1.787632599488820639e-01	2.381221383908772582e-01	1.427062797431767893e-01	6.803315453912975319e-02	2.923572733417213396e-02	7.087986882249835974e-02
1.033347717636768493e+03	2.720053299541775327e-01	1.786069572119916016e-01	2.382827282026404037e-01	1.428040106321758762e-01	6.807968991861398922e-02	2.926812886810445033e-02	7.095315521193212849e-02
1.034799048700865114e+03	2.717517691963678983e-01	1.784507129728903629e-01	2.384429531424379078e-01	1.429017097745197695e-01	6.812617174501568729e-02	2.930043575478189985e-02	7.102624741362249805e-02
1.036250379764961508e+03	2.714988842973855010e-01	1.782945300658081711e-01	2.386028148708169150e-01	1.429993757415818356e-01	6.817259967607638971e-02	2.933264875805013591e-02	7.109914658991710323e-02
1.037701710829058356e+03	2.712466706641964986e-01	1.781384112787304519e-01	2.387623150310582421e-01	1.430970071174416935e-01	6.821897338581738024e-02	2.936476862585131811e-02	7.117185389654046013e-02
1.039153041893154750e+03	2.709951237600399798e-01	1.779823593540609539e-01	2.389214552495358690e-01	1.431946024992946931e-01	6.826529256352256714e-02	2.939679609097313462e-02	7.124437048220884361e-02
1.040604372957251599e+03	2.707442391036595231e-01	1.778263769892752255e-01	2.390802371360601364e-01	1.432921604978135977e-01	6.831155691279561237e-02	2.942873187174598407e-02	7.131669748828593780e-02
1.042055704021347992e+03	2.704940122685449144e-01	1.776704668375647667e-01	2.392386622842061494e-01	1.433896797374662468e-01	6.835776615068574202e-02	2.946057667269226521e-02	7.138883604847594266e-02
1.043507035085444613e+03	2.702444388821833576e-01	1.775146315084722426e-01	2.393967322716280544e-01	1.434871588567931122e-01	6.840392000687696428e-02	2.949233118513139643e-02	7.146078728855098650e-02
1.044958366149541234e+03	2.699955146253203986e-01	1.773588735685178164e-01	2.395544486603603529e-01	1.435845965086474385e-01	6.845001822293611538e-02	2.952399608774383677e-02	7.153255232611019365e-02
1.046409697213637855e+03	2.697472352312310084e-01	1.772031955418164606e-01	2.397118129971068656e-01	1.436819913604014676e-01	6.849606055161520934e-02	2.955557204709729699e-02	7.160413227036782624e-02
1.047861028277734476e+03	2.694995964849998260e-01	1.770475999106868314e-01	2.398688268135184543e-01	1.437793420941211320e-01	6.854204675620405307e-02	2.958705971813790914e-02	7.167552822196791851e-02
1.049312359341831097e+03	2.692525942228111702e-01	1.768920891162513720e-01	2.400254916264598637e-01	1.438766474067119938e-01	6.858797660992924095e-02	2.961845974464899500e-02	7.174674127282351654e-02
1.050763690405927491e+03	2.690062243312479895e-01	1.767366655590280611e-01	2.401818089382666555e-01	1.439739060100389545e-01	6.863384989539636494e-02	2.964977275967988629e-02	7.181777250597826123e-02
1.052215021470024112e+03	2.687604827466010815e-01	1.765813315995137245e-01	2.403377802369926763e-01	1.440711166310213176e-01	6.867966640407184575e-02	2.968099938594704126e-02	7.188862299548857970e-02
1.053666352534120733e+03	2.685153654541864721e-01	1.764260895587593525e-01	2.404934069966487842e-01	1.441682780117059526e-01	6.872542593580155401e-02	2.971214023620945624e-02	7.195929380632469508e-02
1.055117683598217127e+03	2.682708684876728977e-01	1.762709417189370353e-01	2.406486906774333578e-01	1.442653889093200026e-01	6.877112829836359853e-02	2.974319591362036691e-02	7.202978599428898343e-02
1.056569014662313975e+03	2.680269879284177259e-01	1.761158903238990436e-01	2.408036327259548970e-01	1.443624480963049406e-01	6.881677330705253393e-02	2.977416701205696375e-02	7.210010060595015147e-02
1.058020345726410369e+03	2.677837199048120342e-01	1.759609375797289987e-01	2.409582345754474886e-01	1.444594543603334724e-01	6.886236078429275320e-02	2.980505411642975916e-02	7.217023867859181929e-02
1.059471676790506763e+03	2.675410605916345719e-01	1.758060856552852436e-01	2.411124976459792235e-01	1.445564065043110080e-01	6.890789055927878937e-02	2.983585780297308768e-02	7.224020124017438427e-02
1.060923007854603611e+03	2.672990062094147135e-01	1.756513366827366363e-01	2.412664233446543682e-01	1.446533033463626994e-01	6.895336246764069421e-02	2.986657863951814804e-02	7.230998930930904178e-02
1.062374338918700232e+03	2.670575530238036843e-01	1.754966927580906277e-01	2.414200130658092081e-01	1.447501437198076557e-01	6.899877635113237095e-02	2.989721718574988446e-02	7.237960389524285276e-02
1.063825669982796853e+03	2.668166973449544455e-01	1.753421559417140396e-01	2.415732681912024504e-01	1.448469264731213069e-01	6.904413205734137582e-02	2.992777399344885916e-02	7.244904599785383092e-02
1.065277001046893474e+03	2.665764355269104047e-01	1.751877282588463480e-01	2.417261900901998273e-01	1.449436504698867478e-01	6.908942943941848158e-02	2.995824960671921930e-02	7.251831660765531429e-02
1.066728332110990095e+03	2.663367639670019549e-01	1.750334117001058343e-01	2.418787801199538401e-01	1.450403145887366463e-01	6.913466835582555980e-02	2.998864456220380267e-02	7.258741670580870498e-02
1.068179663175086489e+03	2.660976791052518942e-01	1.748792082219884358e-01	2.420310396255785923e-01	1.451369177232859631e-01	6.917984867010038008e-02	3.001895938928725305e-02	7.265634726414377242e-02
1.069630994239183110e+03	2.658591774237885064e-01	1.747251197473597972e-01	2.421829699403200420e-01	1.452334587820566791e-01	6.922497025063711895e-02	3.004919461028806096e-02	7.272510924518604813e-02
1.071082325303279504e+03	2.656212554462669129e-01	1.745711481659401321e-01	2.423345723857217582e-01	1.453299366883953891e-01	6.927003297048144048e-02	3.007935074064031072e-02	7.279370360219029890e-02
1.072533656367376352e+03	2.653839097372985290e-01	1.744172953347822574e-01	2.424858482717867081e-01	1.454263503803840119e-01	6.931503670713898280e-02	3.010942828906585864e-02	7.286213127917989807e-02
1.073984987431472746e+03	2.651471369018881807e-01	1.742635630787430778e-01	2.426367988971350753e-01	1.455226988107448105e-01	6.935998134239626522e-02	3.013942775773763294e-02	7.293039321099123451e-02
1.075436318495569594e+03	2.649109335848790492e-01	1.741099531909481302e-01	2.427874255491582756e-01	1.456189809467400009e-01	6.940486676215328055e-02	3.016934964243470074e-02	7.299849032332282606e-02
1.076887649559666215e+03	2.646752964704054412e-01	1.739564674332497729e-01	2.429377295041695861e-01	1.457151957700665579e-01	6.944969285626662048e-02	3.019919443268962583e-02	7.306642353278866575e-02
1.078338980623762609e+03	2.644402222813530545e-01	1.738031075366786582e-01	2.430877120275511671e-01	1.458113422767467471e-01	6.949445951840257929e-02	3.022896261192873149e-02	7.313419374697532893e-02
1.079790311687859230e+03	2.642057077788265707e-01	1.736498752018891811e-01	2.432373743738980298e-01	1.459074194770149657e-01	6.953916664589943064e-02	3.025865465760570194e-02	7.320180186450239712e-02
1.081241642751955851e+03	2.639717497616248520e-01	1.734967720995983231e-01	2.433867177871587573e-01	1.460034263952009470e-01	6.958381413963825313e-02	3.028827104132902209e-02	7.326924877508605993e-02
1.082692973816052472e+03	2.637383450657235229e-01	1.733437998710182781e-01	2.435357435007735050e-01	1.460993620696104389e-01	6.962840190392149964e-02	3.031781222898365796e-02	7.333653535960532599e-02
1.084144304880149093e+03	2.635054905637642664e-01	1.731909601282832223e-01	2.436844527378089487e-01	1.461952255524028299e-01	6.967292984635903297e-02	3.034727868084736296e-02	7.340366249017063471e-02
1.085595635944245487e+03	2.632731831645517273e-01	1.730382544548697832e-01	2.438328467110905950e-01	1.462910159094667206e-01	6.971739787776080888e-02	3.037667085170199857e-02	7.347063103019467467e-02
1.087046967008342108e+03	2.630414198125572978e-01	1.728856844060117082e-01	2.439809266233326779e-01	1.463867322202935528e-01	6.976180591203597070e-02	3.040598919094019553e-02	7.353744183446495053e-02
1.088498298072438729e+03	2.628101974874294533e-01	1.727332515091085929e-01	2.441286936672652230e-01	1.464823735778496006e-01	6.980615386609770323e-02	3.043523414266764704e-02	7.360409574921812637e-02
1.089949629136535123e+03	2.625795132035117496e-01	1.725809572641288370e-01	2.442761490257590318e-01	1.465779390884463795e-01	6.985044165977344344e-02	3.046440614580134265e-02	7.367059361221564573e-02
1.091400960200631971e+03	2.623493640093663148e-01	1.724288031440069924e-01	2.444232938719481940e-01	1.466734278716100015e-01	6.989466921572022595e-02	3.049350563416401011e-02	7.373693625282072561e-02
1.092852291264728365e+03	2.621197469873052799e-01	1.722767905950352563e-01	2.445701293693504363e-01	1.467688390599496406e-01	6.993883645934463600e-02	3.052253303657496974e-02	7.380312449207623859e-02
1.094303622328825213e+03	2.618906592529280375e-01	1.721249210372496896e-01	2.447166566719852221e-01	1.468641717990251117e-01	6.998294331872706442e-02	3.055148877693771026e-02	7.386915914278364970e-02
1.095754953392921607e+03	2.616620979546648296e-01	1.719731958648108017e-01	2.448628769244900472e-01	1.469594252472139484e-01	7.002698972455002890e-02	3.058037327432430036e-02	7.393504100958246672e-02
1.097206284457018228e+03	2.614340602733273289e-01	1.718216164463788331e-01	2.450087912622345432e-01	1.470545985755781493e-01	7.007097561003021446e-02	3.060918694305691037e-02	7.400077088903050937e-02
1.098657615521114849e+03	2.612065434216648829e-01	1.716701841254835437e-01	2.451544008114324991e-01	1.471496909677305898e-01	7.011490091085398335e-02	3.063793019278657562e-02	7.406634956968441430e-02
1.100108946585211470e+03	2.609795446439273636e-01	1.715189002208891145e-01	2.452997066892524947e-01	1.472447016197014069e-01	7.015876556511613238e-02	3.066660342856937851e-02	7.413177783218068140e-02
1.101560277649308091e+03	2.607530612154339567e-01	1.713677660269535274e-01	2.454447100039262031e-01	1.473396297398042176e-01	7.020256951326164785e-02	3.069520705094024721e-02	7.419705644931673394e-02
1.103011608713404712e+03	2.605270904421482236e-01	1.712167828139830317e-01	2.455894118548553329e-01	1.474344745485029751e-01	7.024631269803020828e-02	3.072374145598441575e-02	7.426218618613236733e-02
1.104462939777501106e+03	2.603016296602587154e-01	1.710659518285815306e-01	2.457338133327165719e-01	1.475292352782784644e-01	7.028999506440342104e-02	3.075220703540680264e-02	7.432716779999104517e-02
1.105914270841597499e+03	2.600766762357658579e-01	1.709152742939951675e-01	2.458779155195651434e-01	1.476239111734955756e-01	7.033361655955427949e-02	3.078060417659933198e-02	7.439200204066125088e-02
1.107365601905694348e+03	2.598522275640743895e-01	1.707647514104516928e-01	2.460217194889365300e-01	1.477185014902708815e-01	7.037717713279911802e-02	3.080893326270635682e-02	7.445668965039770049e-02
1.108816932969790741e+03	2.596282810695913490e-01	1.706143843554954187e-01	2.461652263059468104e-01	1.478130054963408269e-01	7.042067673555146845e-02	3.083719467268829575e-02	7.452123136402245829e-02
1.110268264033887590e+03	2.594048342053303924e-01	1.704641742843172048e-01	2.463084370273914137e-01	1.479074224709303609e-01	7.046411532127802579e-02	3.086538878138353828e-02	7.458562790900565009e-02
1.111719595097984211e+03	2.591818844525208831e-01	1.703141223300798091e-01	2.464513527018423189e-01	1.480017517046223474e-01	7.050749284545633488e-02	3.089351595956878541e-02	7.464988000554610703e-02
1.113170926162080832e+03	2.589594293202226449e-01	1.701642296042386315e-01	2.465939743697439790e-01	1.480959924992277521e-01	7.055080926553433662e-02	3.092157657401781168e-02	7.471398836665144039e-02
1.114622257226177226e+03	2.587374663449465984e-01	1.700144971968578500e-01	2.467363030635075505e-01	1.481901441676565234e-01	7.059406454089131588e-02	3.094957098755882902e-02	7.477795369821790827e-02
1.116073588290273847e+03	2.585159930902801162e-01	1.698649261769222818e-01	2.468783398076041247e-01	1.482842060337892787e-01	7.063725863280054251e-02	3.097749955913043848e-02	7.484177669910975494e-02
1.117524919354370468e+03	2.582950071465180408e-01	1.697155175926445270e-01	2.470200856186564042e-01	1.483781774323499614e-01	7.068039150439317519e-02	3.100536264383631224e-02	7.490545806123811989e-02
1.118976250418467089e+03	2.580745061302984755e-01	1.695662724717681147e-01	2.471615415055289922e-01	1.484720577087793869e-01	7.072346312062356699e-02	3.103316059299859528e-02	7.496899846963940572e-02
1.120427581482563710e+03	2.578544876842442379e-01	1.694171918218659034e-01	2.473027084694175703e-01	1.485658462191096763e-01	7.076647344823577823e-02	3.106089375421016915e-02	7.503239860255321581e-02
1.121878912546660331e+03	2.576349494766088655e-01	1.692682766306346787e-01	2.474435875039367461e-01	1.486595423298398000e-01	7.080942245573114413e-02	3.108856247138573961e-02	7.509565913149957028e-02
1.123330243610756725e+03	2.574158892009277833e-01	1.691195278661854207e-01	2.475841795952066771e-01	1.487531454178119550e-01	7.085231011333709139e-02	3.111616708481188334e-02	7.515878072135573351e-02
1.124781574674853118e+03	2.571973045756744680e-01	1.689709464773292424e-01	2.477244857219385032e-01	1.488466548700891345e-01	7.089513639297684300e-02	3.114370793119605393e-02	7.522176403043229209e-02
1.126232905738949967e+03	2.569791933439210529e-01	1.688225333938597472e-01	2.478645068555185849e-01	1.489400700838336977e-01	7.093790126824016384e-02	3.117118534371459554e-02	7.528460971054865003e-02
1.127684236803046360e+03	2.567615532730043726e-01	1.686742895268308617e-01	2.480042439600915749e-01	1.490333904661869657e-01	7.098060471435493901e-02	3.119859965205982327e-02	7.534731840710796880e-02
1.129135567867143209e+03	2.565443821541959490e-01	1.685262157688310891e-01	2.481436979926424369e-01	1.491266154341499839e-01	7.102324670815959862e-02	3.122595118248619461e-02	7.540989075917127471e-02
1.130586898931239830e+03	2.563276778023770297e-01	1.683783129942537371e-01	2.482828699030772968e-01	1.492197444144652829e-01	7.106582722807643082e-02	3.125324025785560650e-02	7.547232739953110836e-02
1.132038229995336451e+03	2.561114380557183434e-01	1.682305820595633439e-01	2.484217606343031293e-01	1.493127768434999447e-01	7.110834625408549159e-02	3.128046719768186323e-02	7.553462895478438299e-02
1.133489561059432845e+03	2.558956607753637980e-01	1.680830238035582735e-01	2.485603711223066115e-01	1.494057121671295840e-01	7.115080376769941650e-02	3.130763231817434988e-02	7.559679604540449349e-02
1.134940892123529466e+03	2.556803438451191179e-01	1.679356390476297312e-01	2.486987022962315330e-01	1.494985498406235513e-01	7.119319975193873218e-02	3.133473593228090076e-02	7.565882928581293965e-02
1.136392223187626087e+03	2.554654851711447017e-01	1.677884285960168642e-01	2.488367550784556792e-01	1.495912893285313294e-01	7.123553419130790321e-02	3.136177834972996709e-02	7.572072928445004736e-02
1.137843554251722708e+03	2.552510826816526968e-01	1.676413932360584780e-01	2.489745303846662983e-01	1.496839301045699566e-01	7.127780707177194808e-02	3.138875987707201443e-02	7.578249664384505146e-02
1.139294885315819101e+03	2.550371343266085722e-01	1.674945337384410593e-01	2.491120291239346807e-01	1.497764716515126715e-01	7.132001838073365185e-02	3.141568081772026094e-02	7.584413196068556795e-02
1.140746216379915950e+03	2.548236380774364096e-01	1.673478508574433865e-01	2.492492521987899057e-01	1.498689134610786400e-01	7.136216810701126456e-02	3.144254147199072869e-02	7.590563582588610858e-02
1.142197547444012343e+03	2.546105919267289130e-01	1.672013453311774756e-01	2.493862005052914776e-01	1.499612550338239869e-01	7.140425624081679634e-02	3.146934213714164957e-02	7.596700882465620697e-02
1.143648878508108737e+03	2.543979938879610270e-01	1.670550178818262788e-01	2.495228749331009355e-01	1.500534958790337714e-01	7.144628277373472891e-02	3.149608310741221218e-02	7.602825153656753154e-02
1.145100209572205586e+03	2.541858419952079950e-01	1.669088692158779696e-01	2.496592763655527958e-01	1.501456355146152666e-01	7.148824769870124052e-02	3.152276467406075339e-02	7.608936453562048507e-02
1.146551540636302207e+03	2.539741343028669163e-01	1.667629000243568416e-01	2.497954056797243860e-01	1.502376734669921554e-01	7.153015100998383335e-02	3.154938712540227702e-02	7.615034839030997149e-02
1.148002871700398828e+03	2.537628688853826309e-01	1.666171109830511532e-01	2.499312637465049003e-01	1.503296092710002252e-01	7.157199270316146056e-02	3.157595074684546588e-02	7.621120366369053822e-02
1.149454202764495449e+03	2.535520438369771590e-01	1.664715027527373103e-01	2.500668514306633172e-01	1.504214424697838948e-01	7.161377277510495853e-02	3.160245582092909705e-02	7.627193091344065812e-02
1.150905533828591842e+03	2.533416572713829695e-01	1.663260759794013555e-01	2.502021695909157351e-01	1.505131726146939630e-01	7.165549122395797887e-02	3.162890262735790214e-02	7.633253069192651175e-02
1.152356864892688463e+03	2.531317073215802460e-01	1.661808312944569599e-01	2.503372190799917352e-01	1.506047992651865230e-01	7.169714804911821171e-02	3.165529144303793480e-02	7.639300354626483991e-02
1.153808195956785084e+03	2.529221921395376493e-01	1.660357693149604186e-01	2.504720007446998853e-01	1.506963219887229033e-01	7.173874325121895601e-02	3.168162254211136925e-02	7.645335001838531042e-02
1.155259527020881706e+03	2.527131098959565225e-01	1.658908906438227859e-01	2.506065154259923822e-01	1.507877403606709132e-01	7.178027683211110621e-02	3.170789619599082704e-02	7.651357064509195505e-02
1.156710858084978327e+03	2.525044587800192031e-01	1.657461958700187088e-01	2.507407639590290560e-01	1.508790539642068940e-01	7.182174879484543029e-02	3.173411267339319025e-02	7.657366595812405141e-02
1.158162189149074720e+03	2.522962369991403331e-01	1.656016855687923450e-01	2.508747471732402090e-01	1.509702623902192398e-01	7.186315914365515312e-02	3.176027224037294289e-02	7.663363648421633867e-02
1.159613520213171569e+03	2.520884427787220550e-01	1.654573603018606731e-01	2.510084658923889545e-01	1.510613652372125582e-01	7.190450788393885906e-02	3.178637516035505428e-02	7.669348274515837283e-02
1.161064851277267962e+03	2.518810743619124271e-01	1.653132206176135544e-01	2.511419209346327786e-01	1.511523621112133842e-01	7.194579502224369982e-02	3.181242169416736293e-02	7.675320525785341019e-02
1.162516182341364356e+03	2.516741300093671696e-01	1.651692670513109640e-01	2.512751131125840476e-01	1.512432526256766441e-01	7.198702056624883827e-02	3.183841210007253703e-02	7.681280453437640265e-02
1.163967513405461204e+03	2.514676079990150748e-01	1.650255001252777243e-01	2.514080432333701820e-01	1.513340364013933126e-01	7.202818452474919753e-02	3.186434663379959786e-02	7.687228108203149335e-02
1.165418844469557826e+03	2.512615066258263585e-01	1.648819203490951568e-01	2.515407120986927203e-01	1.514247130663991525e-01	7.206928690763954315e-02	3.189022554857499220e-02	7.693163540340870743e-02
1.166870175533654447e+03	2.510558242015844543e-01	1.647385282197902645e-01	2.516731205048854947e-01	1.515152822558843426e-01	7.211032772589870410e-02	3.191604909515324828e-02	7.699086799644007384e-02
1.168321506597751068e+03	2.508505590546610264e-01	1.645953242220219992e-01	2.518052692429728623e-01	1.516057436121043822e-01	7.215130699157412675e-02	3.194181752184722944e-02	7.704997935445502544e-02
1.169772837661847461e+03	2.506457095297940363e-01	1.644523088282650036e-01	2.519371590987262155e-01	1.516960967842918284e-01	7.219222471776659544e-02	3.196753107455793663e-02	7.710896996623516075e-02
1.171224168725944082e+03	2.504412739878688066e-01	1.643094824989907998e-01	2.520687908527204368e-01	1.517863414285691437e-01	7.223308091861528613e-02	3.199318999680399178e-02	7.716784031606836736e-02
1.172675499790040703e+03	2.502372508057026379e-01	1.641668456828462297e-01	2.522001652803894656e-01	1.518764772078625980e-01	7.227387560928294485e-02	3.201879452975062157e-02	7.722659088380229297e-02
1.174126830854137097e+03	2.500336383758318126e-01	1.640243988168295641e-01	2.523312831520813648e-01	1.519665037918170869e-01	7.231460880594139939e-02	3.204434491223837750e-02	7.728522214489720599e-02
1.175578161918233945e+03	2.498304351063020956e-01	1.638821423264639754e-01	2.524621452331121119e-01	1.520564208567118658e-01	7.235528052575718183e-02	3.206984138081135638e-02	7.734373457047818978e-02
1.177029492982330339e+03	2.496276394204619276e-01	1.637400766259685392e-01	2.525927522838195549e-01	1.521462280853775884e-01	7.239589078687738710e-02	3.209528416974514325e-02	7.740212862738668487e-02
1.178480824046426733e+03	2.494252497567584770e-01	1.635982021184268775e-01	2.527231050596158712e-01	1.522359251671139557e-01	7.243643960841578133e-02	3.212067351107432411e-02	7.746040477823151749e-02
1.179932155110523581e+03	2.492232645685368564e-01	1.634565191959533592e-01	2.528532043110400807e-01	1.523255117976085593e-01	7.247692701043909058e-02	3.214600963461970023e-02	7.751856348143922049e-02
1.181383486174620202e+03	2.490216823238416421e-01	1.633150282398570519e-01	2.529830507838093934e-01	1.524149876788564451e-01	7.251735301395345612e-02	3.217129276801509313e-02	7.757660519130375743e-02
1.182834817238716823e+03	2.488205015052217806e-01	1.631737296208030930e-01	2.531126452188703357e-01	1.525043525190810101e-01	7.255771764089111175e-02	3.219652313673382338e-02	7.763453035803571933e-02
1.184286148302813444e+03	2.486197206095376588e-01	1.630326236989720345e-01	2.532419883524488768e-01	1.525936060326554267e-01	7.259802091409719993e-02	3.222170096411485635e-02	7.769233942781084146e-02
1.185737479366910065e+03	2.484193381477713680e-01	1.628917108242167733e-01	2.533710809161001665e-01	1.526827479400252319e-01	7.263826285731686538e-02	3.224682647138860797e-02	7.775003284281797877e-02
1.187188810431006686e+03	2.482193526448392140e-01	1.627509913362172322e-01	2.534999236367575515e-01	1.527717779676316945e-01	7.267844349518239044e-02	3.227189987770240354e-02	7.780761104130649863e-02
1.188640141495103080e+03	2.480197626394071986e-01	1.626104655646329888e-01	2.536285172367811480e-01	1.528606958478362643e-01	7.271856285320064950e-02	3.229692140014562424e-02	7.786507445763307667e-02
1.190091472559199701e+03	2.478205666837088594e-01	1.624701338292535990e-01	2.537568624340056922e-01	1.529495013188457431e-01	7.275862095774061900e-02	3.232189125377452760e-02	7.792242352230796532e-02
1.191542803623296322e+03	2.476217633433656917e-01	1.623299964401468121e-01	2.538849599417875580e-01	1.530381941246383715e-01	7.279861783602110947e-02	3.234680965163676952e-02	7.797965866204065177e-02
1.192994134687392716e+03	2.474233511972102617e-01	1.621900536978047036e-01	2.540128104690517752e-01	1.531267740148909429e-01	7.283855351609866413e-02	3.237167680479557247e-02	7.803678029978500241e-02
1.194445465751489564e+03	2.472253288371115687e-01	1.620503058932877272e-01	2.541404147203380481e-01	1.532152407449065279e-01	7.287842802685558230e-02	3.239649292235362993e-02	7.809378885478382437e-02
1.195896796815585958e+03	2.470276948678029605e-01	1.619107533083666839e-01	2.542677733958462194e-01	1.533035940755433368e-01	7.291824139798817883e-02	3.242125821147668480e-02	7.815068474261287201e-02
1.197348127879682352e+03	2.468304479067124912e-01	1.617713962156627772e-01	2.543948871914812893e-01	1.533918337731441650e-01	7.295799365999502961e-02	3.244597287741680935e-02	7.820746837522440931e-02
1.198799458943779200e+03	2.466335865837955277e-01	1.616322348787854191e-01	2.545217567988979912e-01	1.534799596094668650e-01	7.299768484416561953e-02	3.247063712353540771e-02	7.826414016099014770e-02
1.200250790007875821e+03	2.464371095413699642e-01	1.614932695524684270e-01	2.546483829055446457e-01	1.535679713616155406e-01	7.303731498256889332e-02	3.249525115132591291e-02	7.832070050474364276e-02
1.201702121071972442e+03	2.462410154339532975e-01	1.613545004827040552e-01	2.547747661947063480e-01	1.536558688119726845e-01	7.307688410804213941e-02	3.251981516043618570e-02	7.837714980782228835e-02
1.203153452136069063e+03	2.460453029281025605e-01	1.612159279068750839e-01	2.549009073455481555e-01	1.537436517481319542e-01	7.311639225417990162e-02	3.254432934869066346e-02	7.843348846810864472e-02
1.204604783200165684e+03	2.458499707022560321e-01	1.610775520538852701e-01	2.550268070331570547e-01	1.538313199628319194e-01	7.315583945532308507e-02	3.256879391211223163e-02	7.848971688007141956e-02
1.206056114264262078e+03	2.456550174465772785e-01	1.609393731442876896e-01	2.551524659285839269e-01	1.539188732538904203e-01	7.319522574654818703e-02	3.259320904494375504e-02	7.854583543480579688e-02
1.207507445328358699e+03	2.454604418628014428e-01	1.608013913904113579e-01	2.552778846988848493e-01	1.540063114241398967e-01	7.323455116365665263e-02	3.261757493966944282e-02	7.860184452007340505e-02
1.208958776392455093e+03	2.452662426640837556e-01	1.606636069964860192e-01	2.554030640071618952e-01	1.540936342813633841e-01	7.327381574316443880e-02	3.264189178703585242e-02	7.865774452034170194e-02
1.210410107456551941e+03	2.450724185748499873e-01	1.605260201587652147e-01	2.555280045126033794e-01	1.541808416382312863e-01	7.331301952229157815e-02	3.266615977607268545e-02	7.871353581682287437e-02
1.211861438520648335e+03	2.448789683306491494e-01	1.603886310656476299e-01	2.556527068705237715e-01	1.542679333122388696e-01	7.335216253895199268e-02	3.269037909411331294e-02	7.876921878751234896e-02
1.213312769584745183e+03	2.446858906780080833e-01	1.602514398977964716e-01	2.557771717324027749e-01	1.543549091256446459e-01	7.339124483174337688e-02	3.271454992681502305e-02	7.882479380722678952e-02
1.214764100648841804e+03	2.444931843742882138e-01	1.601144468282575117e-01	2.559013997459244072e-01	1.544417689054092269e-01	7.343026643993727509e-02	3.273867245817903976e-02	7.888026124764149771e-02
1.216215431712937971e+03	2.443008481875443283e-01	1.599776520225751342e-01	2.560253915550153025e-01	1.545285124831353718e-01	7.346922740346911729e-02	3.276274687057029178e-02	7.893562147732761936e-02
1.217666762777034819e+03	2.441088808963852996e-01	1.598410556389069093e-01	2.561491477998826261e-01	1.546151396950081192e-01	7.350812776292864337e-02	3.278677334473691779e-02	7.899087486178862916e-02
1.219118093841131440e+03	2.439172812898366405e-01	1.597046578281364482e-01	2.562726691170515991e-01	1.547016503817361943e-01	7.354696755955018872e-02	3.281075205982952880e-02	7.904602176349651010e-02
1.220569424905228061e+03	2.437260481672051671e-01	1.595684587339847305e-01	2.563959561394022479e-01	1.547880443884938895e-01	7.358574683520326121e-02	3.283468319342026931e-02	7.910106254192751651e-02
1.222020755969324682e+03	2.435351803379454394e-01	1.594324584931197386e-01	2.565190094962063183e-01	1.548743215648635818e-01	7.362446563238314590e-02	3.285856692152158698e-02	7.915599755359735423e-02
1.223472087033421303e+03	2.433446766215280055e-01	1.592966572352645938e-01	2.566418298131630249e-01	1.549604817647790289e-01	7.366312399420169021e-02	3.288240341860479421e-02	7.921082715209602776e-02
1.224923418097517697e+03	2.431545358473096441e-01	1.591610550833042481e-01	2.567644177124350224e-01	1.550465248464694135e-01	7.370172196437813072e-02	3.290619285761842150e-02	7.926555168812232655e-02
1.226374749161614318e+03	2.429647568544053560e-01	1.590256521533904011e-01	2.568867738126835443e-01	1.551324506724038599e-01	7.374025958723010032e-02	3.292993541000628632e-02	7.932017150951767293e-02
1.227826080225710712e+03	2.427753384915622148e-01	1.588904485550451384e-01	2.570088987291032079e-01	1.552182591092367836e-01	7.377873690766470482e-02	3.295363124572539548e-02	7.937468696129978962e-02
1.229277411289807560e+03	2.425862796170347169e-01	1.587554443912630731e-01	2.571307930734563763e-01	1.553039500277539342e-01	7.381715397116977995e-02	3.297728053326359765e-02	7.942909838569578440e-02
1.230728742353903954e+03	2.423975790984622403e-01	1.586206397586119587e-01	2.572524574541070752e-01	1.553895233028188827e-01	7.385551082380513443e-02	3.300088343965701387e-02	7.948340612217492940e-02
1.232180073418000802e+03	2.422092358127478640e-01	1.584860347473318332e-01	2.573738924760549662e-01	1.554749788133203414e-01	7.389380751219400134e-02	3.302444013050725991e-02	7.953761050748096861e-02
1.233631404482097196e+03	2.420212486459391854e-01	1.583516294414328840e-01	2.574950987409682091e-01	1.555603164421199835e-01	7.393204408351457257e-02	3.304795076999845344e-02	7.959171187566405070e-02
1.235082735546193817e+03	2.418336164931106369e-01	1.582174239187917331e-01	2.576160768472160467e-01	1.556455360760009843e-01	7.397022058549163059e-02	3.307141552091402009e-02	7.964571055811227318e-02
1.236534066610290438e+03	2.416463382582474118e-01	1.580834182512466379e-01	2.577368273899016682e-01	1.557306376056172281e-01	7.400833706638824949e-02	3.309483454465324964e-02	7.969960688358285195e-02
1.237985397674387059e+03	2.414594128541311113e-01	1.579496125046909727e-01	2.578573509608939607e-01	1.558156209254429603e-01	7.404639357499769037e-02	3.311820800124772729e-02	7.975340117823287445e-02
1.239436728738483680e+03	2.412728392022269464e-01	1.578160067391657373e-01	2.579776481488590401e-01	1.559004859337231041e-01	7.408439016063526894e-02	3.314153604937745967e-02	7.980709376564970592e-02
1.240888059802580301e+03	2.410866162325725759e-01	1.576826010089503460e-01	2.580977195392916701e-01	1.559852325324243560e-01	7.412232687313045909e-02	3.316481884638689676e-02	7.986068496688099316e-02
1.242339390866676695e+03	2.409007428836683062e-01	1.575493953626525556e-01	2.582175657145460157e-01	1.560698606271865851e-01	7.416020376281898252e-02	3.318805654830067620e-02	7.991417510046429362e-02
1.243790721930773088e+03	2.407152181023689830e-01	1.574163898432966724e-01	2.583371872538661185e-01	1.561543701272749829e-01	7.419802088053506495e-02	3.321124930983924278e-02	7.996756448245638527e-02
1.245242052994869937e+03	2.405300408437774373e-01	1.572835844884109546e-01	2.584565847334161504e-01	1.562387609455327953e-01	7.423577827760374781e-02	3.323439728443422503e-02	8.002085342646214627e-02
1.246693384058966330e+03	2.403452100711392925e-01	1.571509793301133218e-01	2.585757587263102231e-01	1.563230329983345823e-01	7.427347600583332488e-02	3.325750062424361747e-02	8.007404224366314327e-02
1.248144715123063179e+03	2.401607247557392133e-01	1.570185743951962309e-01	2.586947098026414760e-01	1.564071862055400608e-01	7.431111411750783435e-02	3.328055948016683807e-02	8.012713124284584487e-02
1.249596046187159800e+03	2.399765838767988491e-01	1.568863697052100548e-01	2.588134385295114970e-01	1.564912204904484461e-01	7.434869266537971755e-02	3.330357400185950112e-02	8.018012073042946053e-02
1.251047377251256421e+03	2.397927864213757754e-01	1.567543652765453766e-01	2.589319454710589663e-01	1.565751357797534049e-01	7.438621170266244975e-02	3.332654433774811381e-02	8.023301101049343242e-02
1.252498708315352815e+03	2.396093313842643235e-01	1.566225611205141477e-01	2.590502311884879116e-01	1.566589320034985633e-01	7.442367128302337931e-02	3.334947063504452303e-02	8.028580238480469145e-02
1.253950039379449436e+03	2.394262177678974091e-01	1.564909572434295959e-01	2.591682962400958523e-01	1.567426090950335416e-01	7.446107146057658055e-02	3.337235303976016088e-02	8.033849515284439968e-02
1.255401370443546057e+03	2.392434445822498867e-01	1.563595536466851066e-01	2.592861411813015549e-01	1.568261669909704614e-01	7.449841228987584552e-02	3.339519169672021393e-02	8.039108961183449864e-02
1.256852701507642678e+03	2.390610108447433213e-01	1.562283503268318274e-01	2.594037665646722335e-01	1.569096056311410359e-01	7.453569382590767567e-02	3.341798674957750792e-02	8.044358605676395213e-02
1.258304032571739299e+03	2.388789155801518960e-01	1.560973472756553293e-01	2.595211729399508616e-01	1.569929249585541586e-01	7.457291612408452341e-02	3.344073834082628843e-02	8.049598478041448957e-02
1.259755363635835920e+03	2.386971578205099032e-01	1.559665444802510181e-01	2.596383608540827059e-01	1.570761249193540210e-01	7.461007924023788096e-02	3.346344661181581415e-02	8.054828607338622437e-02
1.261206694699932314e+03	2.385157366050201233e-01	1.558359419230986309e-01	2.597553308512418613e-01	1.571592054627786728e-01	7.464718323061170224e-02	3.348611170276375587e-02	8.060049022412286990e-02
1.262658025764028707e+03	2.383346509799638413e-01	1.557055395821354549e-01	2.598720834728572293e-01	1.572421665411192493e-01	7.468422815185571384e-02	3.350873375276948452e-02	8.065259751893659457e-02
1.264109356828125556e+03	2.381538999986121119e-01	1.555753374308286863e-01	2.599886192576384980e-01	1.573250081096795316e-01	7.472121406101890628e-02	3.353131289982715091e-02	8.070460824203269656e-02
1.265560687892221949e+03	2.379734827211378856e-01	1.554453354382466512e-01	2.601049387416016212e-01	1.574077301267358675e-01	7.475814101554312252e-02	3.355384928083859214e-02	8.075652267553386221e-02
1.267012018956318798e+03	2.377933982145297442e-01	1.553155335691291383e-01	2.602210424580937986e-01	1.574903325534980081e-01	7.479500907325661863e-02	3.357634303162614769e-02	8.080834109950417454e-02
1.268463350020415419e+03	2.376136455525066637e-01	1.551859317839565100e-01	2.603369309378185670e-01	1.575728153540700283e-01	7.483181829236781879e-02	3.359879428694523273e-02	8.086006379197280269e-02
1.269914681084511813e+03	2.374342238154341089e-01	1.550565300390179257e-01	2.604526047088605023e-01	1.576551784954118296e-01	7.486856873145908420e-02	3.362120318049680034e-02	8.091169102895742760e-02
1.271366012148608434e+03	2.372551320902409611e-01	1.549273282864787327e-01	2.605680642967090899e-01	1.577374219473012540e-01	7.490526044948056517e-02	3.364356984493965808e-02	8.096322308448736238e-02
1.272817343212705055e+03	2.370763694703379443e-01	1.547983264744467458e-01	2.606833102242833711e-01	1.578195456822963361e-01	7.494189350574415043e-02	3.366589441190261794e-02	8.101466023062640909e-02
1.274268674276801676e+03	2.368979350555370789e-01	1.546695245470374458e-01	2.607983430119553137e-01	1.579015496756984160e-01	7.497846795991745805e-02	3.368817701199647990e-02	8.106600273749535457e-02
1.275720005340898297e+03	2.367198279519722726e-01	1.545409224444385388e-01	2.609131631775733484e-01	1.579834339055153636e-01	7.501498387201796514e-02	3.371041777482591123e-02	8.111725087329428596e-02
1.277171336404994690e+03	2.365420472720207723e-01	1.544125201029733219e-01	2.610277712364854619e-01	1.580651983524253290e-01	7.505144130240710976e-02	3.373261682900109693e-02	8.116840490432455923e-02
1.278622667469091539e+03	2.363645921342261702e-01	1.542843174551634944e-01	2.611421677015623444e-01	1.581468429997411607e-01	7.508784031178455942e-02	3.375477430214937624e-02	8.121946509501055955e-02
1.280073998533187932e+03	2.361874616632220758e-01	1.541563144297905530e-01	2.612563530832199832e-01	1.582283678333749055e-01	7.512418096118247957e-02	3.377689032092660165e-02	8.127043170792115634e-02
1.281525329597284326e+03	2.360106549896569816e-01	1.540285109519567430e-01	2.613703278894418114e-01	1.583097728418029482e-01	7.516046331195996855e-02	3.379896501102843537e-02	8.132130500379083915e-02
1.282976660661381175e+03	2.358341712501201837e-01	1.539009069431450660e-01	2.614840926258012455e-01	1.583910580160316217e-01	7.519668742579740939e-02	3.382099849720147239e-02	8.137208524154075640e-02
1.284427991725477568e+03	2.356580095870688674e-01	1.537735023212780938e-01	2.615976477954832236e-01	1.584722233495629573e-01	7.523285336469104356e-02	3.384299090325426640e-02	8.142277267829925447e-02
1.285879322789574417e+03	2.354821691487558322e-01	1.536462970007764495e-01	2.617109938993060769e-01	1.585532688383611832e-01	7.526896119094751703e-02	3.386494235206818915e-02	8.147336756942243075e-02
1.287330653853671038e+03	2.353066490891586593e-01	1.535192908926160671e-01	2.618241314357426797e-01	1.586341944808194737e-01	7.530501096717853726e-02	3.388685296560812327e-02	8.152387016851417312e-02
1.288781984917767431e+03	2.351314485679095179e-01	1.533924839043847299e-01	2.619370609009415429e-01	1.587150002777270585e-01	7.534100275629558585e-02	3.390872286493309268e-02	8.157428072744617176e-02
1.290233315981864052e+03	2.349565667502261646e-01	1.532658759403378868e-01	2.620497827887479647e-01	1.587956862322367491e-01	7.537693662150471430e-02	3.393055217020672643e-02	8.162459949637752843e-02
