1.001418434226643626e+03	2.777668943431684245e-01	1.820594139278237100e-01	2.346591932720610563e-01	1.406616681249343026e-01	6.705061323576246013e-02	2.851941140138808048e-02	6.928280569449871140e-02
1.002869765290740247e+03	2.774971304194504551e-01	1.819028124845702421e-01	2.348274289178872987e-01	1.407601686653798534e-01	6.709820204479717554e-02	2.855396518496952987e-02	6.936029228258215606e-02
1.004321096354836754e+03	2.772281610843019273e-01	1.817461963028426664e-01	2.349952548671395136e-01	1.408586702850489480e-01	6.714575046940177150e-02	2.858840347341949986e-02	6.943756351748228695e-02
1.005772427418933376e+03	2.769599802651327991e-01	1.815895693764774110e-01	2.351626734097044813e-01	1.409571713766294143e-01	6.719325746474597016e-02	2.862272769494429020e-02	6.951462041200216768e-02
1.007223758483029997e+03	2.766925819655177698e-01	1.814329356365761703e-01	2.353296868019766896e-01	1.410556703206210516e-01	6.724072205006649539e-02	2.865693922126646281e-02	6.959146400361192197e-02
1.008675089547126618e+03	2.764259602641972458e-01	1.812762989523978852e-01	2.354962972680480771e-01	1.411541654882265684e-01	6.728814330399902899e-02	2.869103937137381863e-02	6.966809535139398268e-02
1.010126420611223239e+03	2.761601093140880203e-01	1.811196631322382622e-01	2.356625070008226408e-01	1.412526552439931082e-01	6.733552036027026788e-02	2.872502941498636386e-02	6.974451553323791908e-02
1.011577751675319632e+03	2.758950233413031694e-01	1.809630319242974128e-01	2.358283181630614067e-01	1.413511379482239871e-01	6.738285240372191010e-02	2.875891057576297760e-02	6.982072564326566311e-02
1.013029082739416367e+03	2.756306966441817718e-01	1.808064090175352245e-01	2.359937328883627838e-01	1.414496119591792389e-01	6.743013866664068767e-02	2.879268403426776465e-02	6.989672678946903805e-02
1.014480413803512761e+03	2.753671235923283445e-01	1.806497980425151029e-01	2.361587532820835778e-01	1.415480756350811775e-01	6.747737842537071540e-02	2.882635093071453034e-02	6.997252009154315833e-02
1.015931744867609382e+03	2.751042986256625467e-01	1.804932025722358058e-01	2.363233814222044094e-01	1.416465273359407417e-01	6.752457099718599254e-02	2.885991236750648850e-02	7.004810667890053189e-02
1.017383075931706003e+03	2.748422162534796542e-01	1.803366261229521206e-01	2.364876193601443410e-01	1.417449654252190827e-01	6.757171573740297643e-02	2.889336941158686389e-02	7.012348768885154349e-02
1.018834406995802851e+03	2.745808710535200814e-01	1.801800721549836060e-01	2.366514691215279853e-01	1.418433882713370786e-01	6.761881203671429863e-02	2.892672309661493274e-02	7.019866426493859279e-02
1.020285738059899245e+03	2.743202576710505047e-01	1.800235440735125925e-01	2.368149327069088705e-01	1.419417942490452111e-01	6.766585931872672044e-02	2.895997442498090060e-02	7.027363755541177204e-02
1.021737069123995752e+03	2.740603708179547016e-01	1.798670452293707755e-01	2.369780120924521172e-01	1.420401817406649614e-01	6.771285703768709086e-02	2.899312436967195483e-02	7.034840871183506428e-02
1.023188400188092373e+03	2.738012052718351574e-01	1.797105789198149839e-01	2.371407092305793385e-01	1.421385491372116061e-01	6.775980467638195726e-02	2.902617387600094426e-02	7.042297888781266779e-02
1.024639731252188767e+03	2.735427558751254984e-01	1.795541483892919010e-01	2.373030260505788469e-01	1.422368948394086841e-01	6.780670174419720087e-02	2.905912386320816387e-02	7.049734923782639828e-02
1.026091062316285615e+03	2.732850175342127486e-01	1.793977568301924896e-01	2.374649644591831088e-01	1.423352172586020148e-01	6.785354777532519310e-02	2.909197522594600752e-02	7.057152091617509282e-02
1.027542393380382237e+03	2.730279852185710787e-01	1.792414073835955357e-01	2.376265263411164730e-01	1.424335148175818189e-01	6.790034232710820405e-02	2.912472883565543624e-02	7.064549507600811906e-02
1.028993724444478858e+03	2.727716539599051027e-01	1.790851031400009230e-01	2.377877135596147273e-01	1.425317859513203222e-01	6.794708497850728002e-02	2.915738554184252318e-02	7.071927286844570393e-02
1.030445055508575479e+03	2.725160188513047199e-01	1.789288471400527492e-01	2.379485279569187317e-01	1.426300291076316173e-01	6.799377532868695895e-02	2.918994617326276311e-02	7.079285544177908729e-02
1.031896386572671872e+03	2.722610750464093954e-01	1.787726423752520333e-01	2.381089713547440978e-01	1.427282427477598314e-01	6.804041299570680323e-02	2.922241153902013430e-02	7.086624394074425570e-02
1.033347717636768493e+03	2.720068177585840408e-01	1.786164917886598480e-01	2.382690455547282760e-01	1.428264253469021250e-01	6.808699761531143702e-02	2.925478242958747324e-02	7.093943950586345526e-02
1.034799048700865114e+03	2.717532422601041664e-01	1.784603982755901264e-01	2.384287523388568253e-01	1.429245753946709330e-01	6.813352883981145525e-02	2.928705961775414368e-02	7.101244327284900182e-02
1.036250379764961508e+03	2.715003438813525238e-01	1.783043646842931707e-01	2.385880934698703659e-01	1.430226913955011669e-01	6.818000633704826563e-02	2.931924385950652676e-02	7.108525637206464243e-02
1.037701710829058356e+03	2.712481180100250189e-01	1.781483938166292247e-01	2.387470706916534624e-01	1.431207718690065689e-01	6.822642978943617431e-02	2.935133589484648087e-02	7.115787992803970785e-02
1.039153041893154750e+03	2.709965600903476712e-01	1.779924884287328868e-01	2.389056857296064096e-01	1.432188153502893524e-01	6.827279889307591443e-02	2.938333644855248283e-02	7.123031505903190674e-02
1.040604372957251599e+03	2.707456656223031222e-01	1.778366512316679471e-01	2.390639402910017253e-01	1.433168203902072391e-01	6.831911335693388598e-02	2.941524623088776630e-02	7.130256287663487569e-02
1.042055704021347992e+03	2.704954301608678557e-01	1.776808848920732042e-01	2.392218360653256826e-01	1.434147855556011097e-01	6.836537290208230533e-02	2.944706593825954788e-02	7.137462448542686300e-02
1.043507035085444613e+03	2.702458493152586905e-01	1.775251920327990118e-01	2.393793747246062698e-01	1.435127094294869898e-01	6.841157726099524050e-02	2.947879625383300478e-02	7.144650098265736826e-02
1.044958366149541234e+03	2.699969187481898736e-01	1.773695752335351372e-01	2.395365579237283549e-01	1.436105906112148667e-01	6.845772617689650785e-02	2.951043784810343171e-02	7.151819345796842087e-02
1.046409697213637855e+03	2.697486341751396677e-01	1.772140370314294333e-01	2.396933873007368876e-01	1.437084277165977253e-01	6.850381940315515561e-02	2.954199137942976547e-02	7.158970299314797170e-02
1.047861028277734476e+03	2.695009913636268184e-01	1.770585799216981560e-01	2.398498644771290267e-01	1.438062193780126341e-01	6.854985670272513432e-02	2.957345749453237083e-02	7.166103066191253923e-02
1.049312359341831097e+03	2.692539861324964590e-01	1.769032063582274272e-01	2.400059910581356093e-01	1.439039642444769340e-01	6.859583784762550429e-02	2.960483682895780067e-02	7.173217752971694505e-02
1.050763690405927491e+03	2.690076143512158957e-01	1.767479187541664276e-01	2.401617686329930723e-01	1.440016609817013071e-01	6.864176261845822413e-02	2.963613000751298340e-02	7.180314465358877962e-02
1.052215021470024112e+03	2.687618719391796640e-01	1.765927194825120117e-01	2.403171987752058536e-01	1.440993082721217788e-01	6.868763080396053655e-02	2.966733764467117604e-02	7.187393308198566921e-02
1.053666352534120733e+03	2.685167548650239100e-01	1.764376108766853579e-01	2.404722830428004388e-01	1.441969048149125965e-01	6.873344220058939802e-02	2.969846034495177492e-02	7.194454385467320690e-02
1.055117683598217127e+03	2.682722591459502093e-01	1.762825952311001809e-01	2.406270229785711090e-01	1.442944493259816774e-01	6.877919661213534319e-02	2.972949870327595140e-02	7.201497800262220139e-02
1.056569014662313975e+03	2.680283808470584339e-01	1.761276748017231719e-01	2.407814201103181673e-01	1.443919405379499588e-01	6.882489384936361920e-02	2.976045330529989222e-02	7.208523654792341195e-02
1.058020345726410369e+03	2.677851160806888342e-01	1.759728518066265013e-01	2.409354759510788091e-01	1.444893772001164256e-01	6.887053372968054976e-02	2.979132472772735851e-02	7.215532050371824269e-02
1.059471676790506763e+03	2.675424610057725583e-01	1.758181284265324384e-01	2.410891919993514154e-01	1.445867580784099271e-01	6.891611607682300578e-02	2.982211353860304837e-02	7.222523087414425835e-02
1.060923007854603611e+03	2.673004118271920526e-01	1.756635068053502835e-01	2.412425697393133783e-01	1.446840819553291135e-01	6.896164072056952532e-02	2.985282029758822703e-02	7.229496865429402286e-02
1.062374338918700232e+03	2.670589647951491230e-01	1.755089890507058881e-01	2.413956106410328761e-01	1.447813476298714097e-01	6.900710749647111231e-02	2.988344555621991541e-02	7.236453483018628896e-02
1.063825669982796853e+03	2.668181162045423216e-01	1.753545772344635156e-01	2.415483161606748752e-01	1.448785539174523018e-01	6.905251624560038159e-02	2.991398985815483386e-02	7.243393037874844287e-02
1.065277001046893474e+03	2.665778623943525494e-01	1.752002733932403744e-01	2.417006877407018861e-01	1.449756996498157979e-01	6.909786681431766275e-02	2.994445373939925298e-02	7.250315626780909350e-02
1.066728332110990095e+03	2.663381997470374851e-01	1.750460795289140725e-01	2.418527268100694738e-01	1.450727836749369226e-01	6.914315905405274409e-02	2.997483772852576819e-02	7.257221345610012642e-02
1.068179663175086489e+03	2.660991246879340077e-01	1.748919976091225237e-01	2.420044347844170496e-01	1.451698048569168564e-01	6.918839282110099409e-02	3.000514234687792076e-02	7.264110289326719538e-02
1.069630994239183110e+03	2.658606336846688345e-01	1.747380295677573581e-01	2.421558130662538610e-01	1.452667620758720524e-01	6.923356797643293037e-02	3.003536810876361249e-02	7.270982551988794396e-02
1.071082325303279504e+03	2.656227232465776522e-01	1.745841773054497004e-01	2.423068630451407079e-01	1.453636542278171628e-01	6.927868438551605668e-02	3.006551552163804972e-02	7.277838226749730466e-02
1.072533656367376352e+03	2.653853899241318537e-01	1.744304426900496197e-01	2.424575860978675779e-01	1.454604802245431372e-01	6.932374191814819064e-02	3.009558508627703174e-02	7.284677405861922361e-02
1.073984987431472746e+03	2.651486303083734897e-01	1.742768275570986125e-01	2.426079835886272296e-01	1.455572389934906563e-01	6.936874044830129704e-02	3.012557729694123262e-02	7.291500180680406118e-02
1.075436318495569594e+03	2.649124410303582144e-01	1.741233337102952583e-01	2.427580568691848628e-01	1.456539294776195703e-01	6.941367985397513263e-02	3.015549264153215281e-02	7.298306641667137717e-02
1.076887649559666215e+03	2.646768187606053369e-01	1.739699629219546295e-01	2.429078072790444021e-01	1.457505506352747282e-01	6.945856001705988381e-02	3.018533160174028881e-02	7.305096878395732352e-02
1.078338980623762609e+03	2.644417602085560315e-01	1.738167169334609297e-01	2.430572361456111996e-01	1.458471014400487820e-01	6.950338082320718647e-02	3.021509465318611073e-02	7.311870979556638062e-02
1.079790311687859230e+03	2.642072621220390438e-01	1.736635974557138584e-01	2.432063447843513526e-01	1.459435808806422430e-01	6.954814216170891739e-02	3.024478226555432289e-02	7.318629032962688241e-02
1.081241642751955851e+03	2.639733212867435008e-01	1.735106061695685931e-01	2.433551344989480780e-01	1.460399879607213736e-01	6.959284392538309105e-02	3.027439490272188297e-02	7.325371125555006635e-02
1.082692973816052472e+03	2.637399345256993821e-01	1.733577447262697191e-01	2.435036065814547568e-01	1.461363216987738578e-01	6.963748601046645947e-02	3.030393302288023755e-02	7.332097343409210710e-02
1.084144304880149093e+03	2.635070986987653185e-01	1.732050147478787772e-01	2.436517623124453136e-01	1.462325811279629462e-01	6.968206831651316269e-02	3.033339707865209678e-02	7.338807771741892583e-02
1.085595635944245487e+03	2.632748107021228856e-01	1.730524178276959535e-01	2.437996029611615711e-01	1.463287652959802398e-01	6.972659074629919407e-02	3.036278751720321301e-02	7.345502494917345582e-02
1.087046967008342108e+03	2.630430674677787239e-01	1.728999555306757197e-01	2.439471297856580789e-01	1.464248732648973650e-01	6.977105320573209757e-02	3.039210478034943402e-02	7.352181596454511470e-02
1.088498298072438729e+03	2.628118659630730991e-01	1.727476293938367269e-01	2.440943440329441938e-01	1.465209041110165922e-01	6.981545560376549442e-02	3.042134930465937789e-02	7.358845159034102523e-02
1.089949629136535123e+03	2.625812031901956223e-01	1.725954409266656497e-01	2.442412469391238017e-01	1.466168569247211229e-01	6.985979785231828665e-02	3.045052152155298952e-02	7.365493264505905413e-02
1.091400960200631971e+03	2.623510761857074103e-01	1.724433916115156451e-01	2.443878397295323746e-01	1.467127308103246541e-01	6.990407986619794067e-02	3.047962185739630514e-02	7.372125993896221086e-02
1.092852291264728365e+03	2.621214820200702400e-01	1.722914829039988716e-01	2.445341236188719181e-01	1.468085248859207770e-01	6.994830156302782320e-02	3.050865073359260160e-02	7.378743427415432321e-02
1.094303622328825213e+03	2.618924177971821976e-01	1.721397162333735686e-01	2.446800998113436154e-01	1.469042382832322913e-01	6.999246286317800658e-02	3.053760856667022544e-02	7.385345644465668435e-02
1.095754953392921607e+03	2.616638806539196005e-01	1.719880930029258348e-01	2.448257695007780566e-01	1.469998701474605207e-01	7.003656368969955748e-02	3.056649576836724391e-02	7.391932723648575454e-02
1.097206284457018228e+03	2.614358677596855807e-01	1.718366145903457709e-01	2.449711338707636632e-01	1.470954196371348777e-01	7.008060396826200356e-02	3.059531274571321291e-02	7.398504742773143183e-02
1.098657615521114849e+03	2.612083763159649963e-01	1.716852823480983226e-01	2.451161940947727547e-01	1.471908859239627332e-01	7.012458362709358961e-02	3.062405990110813811e-02	7.405061778863600286e-02
1.100108946585211470e+03	2.609814035558853385e-01	1.715340976037890430e-01	2.452609513362858096e-01	1.472862681926796202e-01	7.016850259692435088e-02	3.065273763239887567e-02	7.411603908167355148e-02
1.101560277649308091e+03	2.607549467437839663e-01	1.713830616605244439e-01	2.454054067489136182e-01	1.473815656409001584e-01	7.021236081093162884e-02	3.068134633295308347e-02	7.418131206162968672e-02
1.103011608713404712e+03	2.605290031747813373e-01	1.712321757972675440e-01	2.455495614765177692e-01	1.474767774789694508e-01	7.025615820468807116e-02	3.070988639173089993e-02	7.424643747568152041e-02
1.104462939777501106e+03	2.603035701743603436e-01	1.710814412691880892e-01	2.456934166533289998e-01	1.475719029298152296e-01	7.029989471611168550e-02	3.073835819335445432e-02	7.431141606347776984e-02
1.105914270841597499e+03	2.600786450979512554e-01	1.709308593080080541e-01	2.458369734040639354e-01	1.476669412288009187e-01	7.034357028541803059e-02	3.076676211817535103e-02	7.437624855721899908e-02
1.107365601905694348e+03	2.598542253305228256e-01	1.707804311223420635e-01	2.459802328440401087e-01	1.477618916235793611e-01	7.038718485507430844e-02	3.079509854234024901e-02	7.444093568173762443e-02
1.108816932969790741e+03	2.596303082861787792e-01	1.706301578980331246e-01	2.461231960792891194e-01	1.478567533739476580e-01	7.043073836975519142e-02	3.082336783785462331e-02	7.450547815457808642e-02
1.110268264033887590e+03	2.594068914077602428e-01	1.704800407984835009e-01	2.462658642066682391e-01	1.479515257517028393e-01	7.047423077630037003e-02	3.085157037264481955e-02	7.456987668607657771e-02
1.111719595097984211e+03	2.591839721664536689e-01	1.703300809649811176e-01	2.464082383139703236e-01	1.480462080404986447e-01	7.051766202367361347e-02	3.087970651061849522e-02	7.463413197944070154e-02
1.113170926162080832e+03	2.589615480614041454e-01	1.701802795170210270e-01	2.465503194800321984e-01	1.481407995357034713e-01	7.056103206292335672e-02	3.090777661172352392e-02	7.469824473082879723e-02
1.114622257226177226e+03	2.587396166193343117e-01	1.700306375526225711e-01	2.466921087748414898e-01	1.482352995442592358e-01	7.060434084714461989e-02	3.093578103200544244e-02	7.476221562942889087e-02
1.116073588290273847e+03	2.585181753941682703e-01	1.698811561486420207e-01	2.468336072596418462e-01	1.483297073845414871e-01	7.064758833144216266e-02	3.096372012366353788e-02	7.482604535753728525e-02
1.117524919354370468e+03	2.582972219666612723e-01	1.697318363610806624e-01	2.469748159870366888e-01	1.484240223862208219e-01	7.069077447289490168e-02	3.099159423510559896e-02	7.488973459063666405e-02
1.118976250418467089e+03	2.580767539440342873e-01	1.695826792253886106e-01	2.471157360010916570e-01	1.485182438901252733e-01	7.073389923052146588e-02	3.101940371100144617e-02	7.495328399747386294e-02
1.120427581482563710e+03	2.578567689596136803e-01	1.694336857567643739e-01	2.472563683374354448e-01	1.486123712481041970e-01	7.077696256524676488e-02	3.104714889233524747e-02	7.501669424013693299e-02
1.121878912546660331e+03	2.576372646724759963e-01	1.692848569504500356e-01	2.473967140233592765e-01	1.487064038228931573e-01	7.081996443986961209e-02	3.107483011645671700e-02	7.507996597413182926e-02
1.123330243610756725e+03	2.574182387670979066e-01	1.691361937820224093e-01	2.475367740779150505e-01	1.488003409879802563e-01	7.086290481903123606e-02	3.110244771713122428e-02	7.514309984845848889e-02
1.124781574674853118e+03	2.571996889530107633e-01	1.689876972076800044e-01	2.476765495120121785e-01	1.488941821274736566e-01	7.090578366918476316e-02	3.113000202458887644e-02	7.520609650568629845e-02
1.126232905738949967e+03	2.569816129644600378e-01	1.688393681645258826e-01	2.478160413285130370e-01	1.489879266359705468e-01	7.094860095856539428e-02	3.115749336557260135e-02	7.526895658202902017e-02
1.127684236803046360e+03	2.567640085600699784e-01	1.686912075708465186e-01	2.479552505223270031e-01	1.490815739184272182e-01	7.099135665716153898e-02	3.118492206338528347e-02	7.533168070741899647e-02
1.129135567867143209e+03	2.565468735225123198e-01	1.685432163263867467e-01	2.480941780805035191e-01	1.491751233900305562e-01	7.103405073668658809e-02	3.121228843793600466e-02	7.539426950558079932e-02
1.130586898931239830e+03	2.563302056581800992e-01	1.683953953126209047e-01	2.482328249823236299e-01	1.492685744760708921e-01	7.107668317055144958e-02	3.123959280578537598e-02	7.545672359410415808e-02
1.132038229995336451e+03	2.561140027968659139e-01	1.682477453930199540e-01	2.483711921993904392e-01	1.493619266118161315e-01	7.111925393383773664e-02	3.126683548019007497e-02	7.551904358451631827e-02
1.133489561059432845e+03	2.558982627914445640e-01	1.681002674133148800e-01	2.485092806957182598e-01	1.494551792423871872e-01	7.116176300327155257e-02	3.129401677114652947e-02	7.558123008235356766e-02
1.134940892123529466e+03	2.556829835175605248e-01	1.679529622017564283e-01	2.486470914278207378e-01	1.495483318226347724e-01	7.120421035719803893e-02	3.132113698543386587e-02	7.564328368723222118e-02
1.136392223187626087e+03	2.554681628733191934e-01	1.678058305693711227e-01	2.487846253447975609e-01	1.496413838170175814e-01	7.124659597555625667e-02	3.134819642665605949e-02	7.570520499291880090e-02
1.137843554251722708e+03	2.552537987789831875e-01	1.676588733102136186e-01	2.489218833884203064e-01	1.497343346994816637e-01	7.128891983985485847e-02	3.137519539528339091e-02	7.576699458739959148e-02
1.139294885315819101e+03	2.550398891766721965e-01	1.675120912016155317e-01	2.490588664932169294e-01	1.498271839533411587e-01	7.133118193314814948e-02	3.140213418869320511e-02	7.582865305294944624e-02
1.140746216379915950e+03	2.548264320300676622e-01	1.673654850044307141e-01	2.491955755865551958e-01	1.499199310711605559e-01	7.137338224001263387e-02	3.142901310120995578e-02	7.589018096619991327e-02
1.142197547444012343e+03	2.546134253241212342e-01	1.672190554632769777e-01	2.493320115887251442e-01	1.500125755546379003e-01	7.141552074652414428e-02	3.145583242414463909e-02	7.595157889820655650e-02
1.143648878508108737e+03	2.544008670647674442e-01	1.670728033067746254e-01	2.494681754130202989e-01	1.501051169144896613e-01	7.145759744023534588e-02	3.148259244583356126e-02	7.601284741451569404e-02
1.145100209572205586e+03	2.541887552786402105e-01	1.669267292477813469e-01	2.496040679658179662e-01	1.501975546703366304e-01	7.149961231015371232e-02	3.150929345167648166e-02	7.607398707523031767e-02
1.146551540636302207e+03	2.539770880127937280e-01	1.667808339836239218e-01	2.497396901466582830e-01	1.502898883505913163e-01	7.154156534671990419e-02	3.153593572417418001e-02	7.613499843507533227e-02
1.148002871700398828e+03	2.537658633344268555e-01	1.666351181963265649e-01	2.498750428483225705e-01	1.503821174923465342e-01	7.158345654178657758e-02	3.156251954296543372e-02	7.619588204346207372e-02
1.149454202764495449e+03	2.535550793306117767e-01	1.664895825528361073e-01	2.500101269569103835e-01	1.504742416412652994e-01	7.162528588859752576e-02	3.158904518486341934e-02	7.625663844455213281e-02
1.150905533828591842e+03	2.533447341080258264e-01	1.663442277052440132e-01	2.501449433519156718e-01	1.505662603514719144e-01	7.166705338176732054e-02	3.161551292389154499e-02	7.631726817732037427e-02
1.152356864892688463e+03	2.531348257926879231e-01	1.661990542910049828e-01	2.502794929063018592e-01	1.506581731854444994e-01	7.170875901726112001e-02	3.164192303131881101e-02	7.637777177561742847e-02
1.153808195956785084e+03	2.529253525296981109e-01	1.660540629331529738e-01	2.504137764865762561e-01	1.507499797139085218e-01	7.175040279237504537e-02	3.166827577569455293e-02	7.643814976823121166e-02
1.155259527020881706e+03	2.527163124829806540e-01	1.659092542405135595e-01	2.505477949528630566e-01	1.508416795157318524e-01	7.179198470571669655e-02	3.169457142288276130e-02	7.649840267894800205e-02
1.156710858084978327e+03	2.525077038350314607e-01	1.657646288079137609e-01	2.506815491589758360e-01	1.509332721778209041e-01	7.183350475718609796e-02	3.172081023609583245e-02	7.655853102661261400e-02
1.158162189149074720e+03	2.522995247866682278e-01	1.656201872163886035e-01	2.508150399524888829e-01	1.510247572950179085e-01	7.187496294795699125e-02	3.174699247592787515e-02	7.661853532518798915e-02
1.159613520213171569e+03	2.520917735567845819e-01	1.654759300333848160e-01	2.509482681748076427e-01	1.511161344699995801e-01	7.191635928045829462e-02	3.177311840038753860e-02	7.667841608381407992e-02
1.161064851277267962e+03	2.518844483821073843e-01	1.653318578129618355e-01	2.510812346612381618e-01	1.512074033131768358e-01	7.195769375835602000e-02	3.179918826493033368e-02	7.673817380686591416e-02
1.162516182341364356e+03	2.516775475169578113e-01	1.651879710959895664e-01	2.512139402410560884e-01	1.512985634425958736e-01	7.199896638653532910e-02	3.182520232249055198e-02	7.679780899401122962e-02
1.163967513405461204e+03	2.514710692330153208e-01	1.650442704103437797e-01	2.513463857375741184e-01	1.513896144838403068e-01	7.204017717108300578e-02	3.185116082351270583e-02	7.685732214026712306e-02
1.165418844469557826e+03	2.512650118190853932e-01	1.649007562710984587e-01	2.514785719682092191e-01	1.514805560699344356e-01	7.208132611927006717e-02	3.187706401598253136e-02	7.691671373605629691e-02
1.166870175533654447e+03	2.510593735808700488e-01	1.647574291807153979e-01	2.516104997445484104e-01	1.515713878412477122e-01	7.212241323953472172e-02	3.190291214545757509e-02	7.697598426726247334e-02
1.168321506597751068e+03	2.508541528407420285e-01	1.646142896292312474e-01	2.517421698724144896e-01	1.516621094454005114e-01	7.216343854146559100e-02	3.192870545509736424e-02	7.703513421528515592e-02
1.169772837661847461e+03	2.506493479375217492e-01	1.644713380944419490e-01	2.518735831519299251e-01	1.517527205371707599e-01	7.220440203578509797e-02	3.195444418569313300e-02	7.709416405709378084e-02
1.171224168725944082e+03	2.504449572262578139e-01	1.643285750420843683e-01	2.520047403775806938e-01	1.518432207784018995e-01	7.224530373433318831e-02	3.198012857569719480e-02	7.715307426528125734e-02
1.172675499790040703e+03	2.502409790780101839e-01	1.641860009260154296e-01	2.521356423382792311e-01	1.519336098379118205e-01	7.228614365005121833e-02	3.200575886125187064e-02	7.721186530811670334e-02
1.174126830854137097e+03	2.500374118796365175e-01	1.640436161883887523e-01	2.522662898174262147e-01	1.520238873914030175e-01	7.232692179696616208e-02	3.203133527621806337e-02	7.727053764959772308e-02
1.175578161918233945e+03	2.498342540335818374e-01	1.639014212598287612e-01	2.523966835929718489e-01	1.521140531213737435e-01	7.236763819017492938e-02	3.205685805220341578e-02	7.732909174950192144e-02
1.177029492982330339e+03	2.496315039576704753e-01	1.637594165596022444e-01	2.525268244374764270e-01	1.522041067170303297e-01	7.240829284582901704e-02	3.208232741859010778e-02	7.738752806343787705e-02
1.178480824046426733e+03	2.494291600849015966e-01	1.636176024957877451e-01	2.526567131181698400e-01	1.522940478742003667e-01	7.244888578111924327e-02	3.210774360256230670e-02	7.744584704289539379e-02
1.179932155110523581e+03	2.492272208632472230e-01	1.634759794654420118e-01	2.527863503970106396e-01	1.523838762952472725e-01	7.248941701426089845e-02	3.213310682913322197e-02	7.750404913529526651e-02
1.181383486174620202e+03	2.490256847554531694e-01	1.633345478547647278e-01	2.529157370307441588e-01	1.524735916889855825e-01	7.252988656447885429e-02	3.215841732117180607e-02	7.756213478403829742e-02
1.182834817238716823e+03	2.488245502388427288e-01	1.631933080392604096e-01	2.530448737709600215e-01	1.525631937705973773e-01	7.257029445199313089e-02	3.218367529942911531e-02	7.762010442855382664e-02
1.184286148302813444e+03	2.486238158051231051e-01	1.630522603838983620e-01	2.531737613641489859e-01	1.526526822615498769e-01	7.261064069800439447e-02	3.220888098256433074e-02	7.767795850434762450e-02
1.185737479366910065e+03	2.484234799601947874e-01	1.629114052432700244e-01	2.533024005517585664e-01	1.527420568895138109e-01	7.265092532467988529e-02	3.223403458717040426e-02	7.773569744304915929e-02
1.187188810431006686e+03	2.482235412239632844e-01	1.627707429617443191e-01	2.534307920702488781e-01	1.528313173882829001e-01	7.269114835513942885e-02	3.225913632779942725e-02	7.779332167245833762e-02
1.188640141495103080e+03	2.480239981301535501e-01	1.626302738736208064e-01	2.535589366511470932e-01	1.529204634976943367e-01	7.273130981344158585e-02	3.228418641698759667e-02	7.785083161659163420e-02
1.190091472559199701e+03	2.478248492261271863e-01	1.624899983032804252e-01	2.536868350211010648e-01	1.530094949635502077e-01	7.277140972457014911e-02	3.230918506527993145e-02	7.790822769572763873e-02
1.191542803623296322e+03	2.476260930727020027e-01	1.623499165653343179e-01	2.538144879019330613e-01	1.530984115375398635e-01	7.281144811442066822e-02	3.233413248125459327e-02	7.796551032645208934e-02
1.192994134687392716e+03	2.474277282439741876e-01	1.622100289647705473e-01	2.539418960106921697e-01	1.531872129771632007e-01	7.285142500978716851e-02	3.235902887154697150e-02	7.802267992170233701e-02
1.194445465751489564e+03	2.472297533271431424e-01	1.620703357970986191e-01	2.540690600597061422e-01	1.532758990456550841e-01	7.289134043834914756e-02	3.238387444087338640e-02	7.807973689081115776e-02
1.195896796815585958e+03	2.470321669223383143e-01	1.619308373484918684e-01	2.541959807566327445e-01	1.533644695119103785e-01	7.293119442865864110e-02	3.240866939205452185e-02	7.813668163955019008e-02
1.197348127879682352e+03	2.468349676424489159e-01	1.617915338959280691e-01	2.543226588045105485e-01	1.534529241504102581e-01	7.297098701012751099e-02	3.243341392603857343e-02	7.819351457017270635e-02
1.198799458943779200e+03	2.466381541129558375e-01	1.616524257073279347e-01	2.544490949018089476e-01	1.535412627411490427e-01	7.301071821301488574e-02	3.245810824192404270e-02	7.825023608145589837e-02
1.200250790007875821e+03	2.464417249717658909e-01	1.615135130416915088e-01	2.545752897424772287e-01	1.536294850695622272e-01	7.305038806841476773e-02	3.248275253698228865e-02	7.830684656874262184e-02
1.201702121071972442e+03	2.462456788690483567e-01	1.613747961492328908e-01	2.547012440159937552e-01	1.537175909264553164e-01	7.308999660824375133e-02	3.250734700667978760e-02	7.836334642398264105e-02
1.203153452136069063e+03	2.460500144670738909e-01	1.612362752715127689e-01	2.548269584074139837e-01	1.538055801079334095e-01	7.312954386522901862e-02	3.253189184470006712e-02	7.841973603577331864e-02
1.204604783200165684e+03	2.458547304400556521e-01	1.610979506415692597e-01	2.549524335974179823e-01	1.538934524153318661e-01	7.316902987289636284e-02	3.255638724296541081e-02	7.847601578939990274e-02
1.206056114264262078e+03	2.456598254739926213e-01	1.609598224840468605e-01	2.550776702623575032e-01	1.539812076551476672e-01	7.320845466555847558e-02	3.258083339165825099e-02	7.853218606687512038e-02
1.207507445328358699e+03	2.454652982665151972e-01	1.608218910153234316e-01	2.552026690743023352e-01	1.540688456389715799e-01	7.324781827830324776e-02	3.260523047924229756e-02	7.858824724697846542e-02
1.208958776392455093e+03	2.452711475267328745e-01	1.606841564436355674e-01	2.553274307010860444e-01	1.541563661834214061e-01	7.328712074698241763e-02	3.262957869248340331e-02	7.864419970529491766e-02
1.210410107456551941e+03	2.450773719750840018e-01	1.605466189692020262e-01	2.554519558063514384e-01	1.542437691100757291e-01	7.332636210820013545e-02	3.265387821647015160e-02	7.870004381425317608e-02
1.211861438520648335e+03	2.448839703431878179e-01	1.604092787843454937e-01	2.555762450495950300e-01	1.543310542454087719e-01	7.336554239930190291e-02	3.267812923463421504e-02	7.875577994316339259e-02
1.213312769584745183e+03	2.446909413736984007e-01	1.602721360736125977e-01	2.557002990862114467e-01	1.544182214207258097e-01	7.340466165836344314e-02	3.270233192877038120e-02	7.881140845825450325e-02
1.214764100648841804e+03	2.444982838201606723e-01	1.601351910138922585e-01	2.558241185675366736e-01	1.545052704720996373e-01	7.344371992417988992e-02	3.272648647905641861e-02	7.886692972271100444e-02
1.216215431712937971e+03	2.443059964468684842e-01	1.599984437745321786e-01	2.559477041408914078e-01	1.545922012403074530e-01	7.348271723625500462e-02	3.275059306407263060e-02	7.892234409670936812e-02
1.217666762777034819e+03	2.441140780287246459e-01	1.598618945174538897e-01	2.560710564496234132e-01	1.546790135707690195e-01	7.352165363479054583e-02	3.277465186082115928e-02	7.897765193745388823e-02
1.219118093841131440e+03	2.439225273511028691e-01	1.597255433972660510e-01	2.561941761331494871e-01	1.547657073134851013e-01	7.356052916067583325e-02	3.279866304474507444e-02	7.903285359921218001e-02
1.220569424905228061e+03	2.437313432097116817e-01	1.595893905613761377e-01	2.563170638269970381e-01	1.548522823229769585e-01	7.359934385547739488e-02	3.282262678974721265e-02	7.908794943335015204e-02
1.222020755969324682e+03	2.435405244104603406e-01	1.594534361501006581e-01	2.564397201628451084e-01	1.549387384582264771e-01	7.363809776142871133e-02	3.284654326820873882e-02	7.914293978836660359e-02
1.223472087033421303e+03	2.433500697693263826e-01	1.593176802967735395e-01	2.565621457685645090e-01	1.550250755826171334e-01	7.367679092142016828e-02	3.287041265100754811e-02	7.919782500992740559e-02
1.224923418097517697e+03	2.431599781122252835e-01	1.591821231278532089e-01	2.566843412682580650e-01	1.551112935638755408e-01	7.371542337898913388e-02	3.289423510753635566e-02	7.925260544089909875e-02
1.226374749161614318e+03	2.429702482748816728e-01	1.590467647630282033e-01	2.568063072823000281e-01	1.551973922740138012e-01	7.375399517831010554e-02	3.291801080572060584e-02	7.930728142138231129e-02
1.227826080225710712e+03	2.427808791027026292e-01	1.589116053153208641e-01	2.569280444273749353e-01	1.552833715892726896e-01	7.379250636418493992e-02	3.294173991203615259e-02	7.936185328874452438e-02
1.229277411289807560e+03	2.425918694506525031e-01	1.587766448911900885e-01	2.570495533165162438e-01	1.553692313900652822e-01	7.383095698203337443e-02	3.296542259152669685e-02	7.941632137765258781e-02
1.230728742353903954e+03	2.424032181831295707e-01	1.586418835906322766e-01	2.571708345591442457e-01	1.554549715609214178e-01	7.386934707788352095e-02	3.298905900782100192e-02	7.947068602010472216e-02
1.232180073418000802e+03	2.422149241738445480e-01	1.585073215072809183e-01	2.572918887611035932e-01	1.555405919904329637e-01	7.390767669836252607e-02	3.301264932314991463e-02	7.952494754546224343e-02
1.233631404482097196e+03	2.420269863057005755e-01	1.583729587285047646e-01	2.574127165247006022e-01	1.556260925711995258e-01	7.394594589068735624e-02	3.303619369836315739e-02	7.957910628048074642e-02
1.235082735546193817e+03	2.418394034706749518e-01	1.582387953355046117e-01	2.575333184487395011e-01	1.557114731997750467e-01	7.398415470265568006e-02	3.305969229294590528e-02	7.963316254934096894e-02
1.236534066610290438e+03	2.416521745697025603e-01	1.581048314034087798e-01	2.576536951285590682e-01	1.557967337766149318e-01	7.402230318263693098e-02	3.308314526503516179e-02	7.968711667367928131e-02
1.237985397674387059e+03	2.414652985125609608e-01	1.579710670013670382e-01	2.577738471560679367e-01	1.558818742060237850e-01	7.406039137956335616e-02	3.310655277143591257e-02	7.974096897261781502e-02
1.239436728738483680e+03	2.412787742177568973e-01	1.578375021926433641e-01	2.578937751197801775e-01	1.559668943961039778e-01	7.409841934292128729e-02	3.312991496763711269e-02	7.979471976279403633e-02
1.240888059802580301e+03	2.410926006124146370e-01	1.577041370347073423e-01	2.580134796048500490e-01	1.560517942587046902e-01	7.413638712274249476e-02	3.315323200782741009e-02	7.984836935839025041e-02
1.242339390866676695e+03	2.409067766321656978e-01	1.575709715793241206e-01	2.581329611931064694e-01	1.561365737093716732e-01	7.417429476959563894e-02	3.317650404491074428e-02	7.990191807116246714e-02
1.243790721930773088e+03	2.407213012210401015e-01	1.574380058726433940e-01	2.582522204630871010e-01	1.562212326672976215e-01	7.421214233457787413e-02	3.319973123052167435e-02	7.995536621046901715e-02
1.245242052994869937e+03	2.405361733313592931e-01	1.573052399552868075e-01	2.583712579900718787e-01	1.563057710552731017e-01	7.424992986930639693e-02	3.322291371504056817e-02	8.000871408329880696e-02
1.246693384058966330e+03	2.403513919236303642e-01	1.571726738624341646e-01	2.584900743461159833e-01	1.563901887996380913e-01	7.428765742591039722e-02	3.324605164760859738e-02	8.006196199429921334e-02
1.248144715123063179e+03	2.401669559664418307e-01	1.570403076239086648e-01	2.586086701000829824e-01	1.564744858302343222e-01	7.432532505702280079e-02	3.326914517614248945e-02	8.011511024580361684e-02
1.249596046187159800e+03	2.399828644363610208e-01	1.569081412642605589e-01	2.587270458176771926e-01	1.565586620803578188e-01	7.436293281577228964e-02	3.329219444734917571e-02	8.016815913785860226e-02
1.251047377251256421e+03	2.397991163178325169e-01	1.567761748028498880e-01	2.588452020614753213e-01	1.566427174867124905e-01	7.440048075577541942e-02	3.331519960674017566e-02	8.022110896825078441e-02
1.252498708315352815e+03	2.396157106030784578e-01	1.566444082539278915e-01	2.589631393909584967e-01	1.567266519893638910e-01	7.443796893112876456e-02	3.333816079864583559e-02	8.027396003253331469e-02
1.253950039379449436e+03	2.394326462919997844e-01	1.565128416267172751e-01	2.590808583625429651e-01	1.568104655316938101e-01	7.447539739640124390e-02	3.336107816622942840e-02	8.032671262405212398e-02
1.255401370443546057e+03	2.392499223920792895e-01	1.563814749254914260e-01	2.591983595296114551e-01	1.568941580603553099e-01	7.451276620662643235e-02	3.338395185150098976e-02	8.037936703397172145e-02
1.256852701507642678e+03	2.390675379182856664e-01	1.562503081496524615e-01	2.593156434425433199e-01	1.569777295252283988e-01	7.455007541729510856e-02	3.340678199533103632e-02	8.043192355130070192e-02
1.258304032571739299e+03	2.388854918929790849e-01	1.561193412938079450e-01	2.594327106487445134e-01	1.570611798793761782e-01	7.458732508434778863e-02	3.342956873746413121e-02	8.048438246291700349e-02
1.259755363635835920e+03	2.387037833458180991e-01	1.559885743478468534e-01	2.595495616926777327e-01	1.571445090790015708e-01	7.462451526416738479e-02	3.345231221653218595e-02	8.053674405359277644e-02
1.261206694699932314e+03	2.385224113136675816e-01	1.558580072970142394e-01	2.596661971158915061e-01	1.572277170834046334e-01	7.466164601357203057e-02	3.347501257006770675e-02	8.058900860601891925e-02
1.262658025764028707e+03	2.383413748405083243e-01	1.557276401219849227e-01	2.597826174570490587e-01	1.573108038549402843e-01	7.469871738980782272e-02	3.349766993451681885e-02	8.064117640082937855e-02
1.264109356828125556e+03	2.381606729773476372e-01	1.555974727989360706e-01	2.598988232519572339e-01	1.573937693589766706e-01	7.473572945054182681e-02	3.352028444525211037e-02	8.069324771662512996e-02
1.265560687892221949e+03	2.379803047821312523e-01	1.554675052996187246e-01	2.600148150335945263e-01	1.574766135638539510e-01	7.477268225385511058e-02	3.354285623658533749e-02	8.074522282999779810e-02
1.267012018956318798e+03	2.378002693196564765e-01	1.553377375914283820e-01	2.601305933321393371e-01	1.575593364408437169e-01	7.480957585823586053e-02	3.356538544177998379e-02	8.079710201555302673e-02
1.268463350020415419e+03	2.376205656614865380e-01	1.552081696374744968e-01	2.602461586749972300e-01	1.576419379641087470e-01	7.484641032257255411e-02	3.358787219306363231e-02	8.084888554593354371e-02
1.269914681084511813e+03	2.374411928858660981e-01	1.550788013966490353e-01	2.603615115868286312e-01	1.577244181106635112e-01	7.488318570614728442e-02	3.361031662164019884e-02	8.090057369184194824e-02
1.271366012148608434e+03	2.372621500776379844e-01	1.549496328236940335e-01	2.604766525895754192e-01	1.578067768603348964e-01	7.491990206862912671e-02	3.363271885770199865e-02	8.095216672206320685e-02
1.272817343212705055e+03	2.370834363281610346e-01	1.548206638692681547e-01	2.605915822024877926e-01	1.578890141957235427e-01	7.495655947006757414e-02	3.365507903044168830e-02	8.100366490348685777e-02
1.274268674276801676e+03	2.369050507352290225e-01	1.546918944800123596e-01	2.607063009421503597e-01	1.579711301021657355e-01	7.499315797088614011e-02	3.367739726806402711e-02	8.105506850112892403e-02
1.275720005340898297e+03	2.367269924029909989e-01	1.545633245986146043e-01	2.608208093225083402e-01	1.580531245676956575e-01	7.502969763187591901e-02	3.369967369779749283e-02	8.110637777815357663e-02
1.277171336404994690e+03	2.365492604418722167e-01	1.544349541638735945e-01	2.609351078548930447e-01	1.581349975830080579e-01	7.506617851418931342e-02	3.372190844590577941e-02	8.115759299589453413e-02
1.278622667469091539e+03	2.363718539684967479e-01	1.543067831107616528e-01	2.610491970480474100e-01	1.582167491414216698e-01	7.510260067933381689e-02	3.374410163769910043e-02	8.120871441387612910e-02
1.280073998533187932e+03	2.361947721056106841e-01	1.541788113704866126e-01	2.611630774081509232e-01	1.582983792388427124e-01	7.513896418916590769e-02	3.376625339754541627e-02	8.125974228983420811e-02
1.281525329597284326e+03	2.360180139820067802e-01	1.540510388705530476e-01	2.612767494388445466e-01	1.583798878737290861e-01	7.517526910588492872e-02	3.378836384888146693e-02	8.131067687973664304e-02
1.282976660661381175e+03	2.358415787324497082e-01	1.539234655348222791e-01	2.613902136412548649e-01	1.584612750470550113e-01	7.521151549202718944e-02	3.381043311422367303e-02	8.136151843780374537e-02
1.284427991725477568e+03	2.356654654976029217e-01	1.537960912835718563e-01	2.615034705140185656e-01	1.585425407622760019e-01	7.524770341045998456e-02	3.383246131517893274e-02	8.141226721652827791e-02
1.285879322789574417e+03	2.354896734239559364e-01	1.536689160335538984e-01	2.616165205533061422e-01	1.586236850252942532e-01	7.528383292437582086e-02	3.385444857245523825e-02	8.146292346669527229e-02
1.287330653853671038e+03	2.353142016637531087e-01	1.535419396980528817e-01	2.617293642528454312e-01	1.587047078444246972e-01	7.531990409728658853e-02	3.387639500587218133e-02	8.151348743740163827e-02
1.288781984917767431e+03	2.351390493749230259e-01	1.534151621869423443e-01	2.618420021039452594e-01	1.587856092303611411e-01	7.535591699301795454e-02	3.389830073437136160e-02	8.156395937607542612e-02
1.290233315981864052e+03	2.349642157210091731e-01	1.532885834067410358e-01	2.619544345955179820e-01	1.588663891961430708e-01	7.539187167570374215e-02	3.392016587602655897e-02	8.161433952849495022e-02
