1.001418434226643626e+03	2.777738708834723291e-01	1.820461530950361617e-01	2.346706528987227425e-01	1.406673282984340356e-01	6.704426140012566260e-02	2.851970325872456649e-02	6.927803016511910328e-02
1.003837319333471214e+03	2.773247401702922388e-01	1.817850159045860947e-01	2.349509786243322851e-01	1.408316183983220893e-01	6.712356730707613739e-02	2.857714995885368703e-02	6.940692963617205169e-02
1.006256204440298802e+03	2.768778037931418079e-01	1.815238471358791295e-01	2.352301648603236373e-01	1.409959097143268225e-01	6.720275914705815812e-02	2.863428018959642690e-02	6.953523515930856713e-02
1.008675089547126618e+03	2.764330340034146238e-01	1.812626649745465168e-01	2.355082221897934480e-01	1.411601945986652451e-01	6.728183245711805149e-02	2.869110025414135443e-02	6.966295152195532692e-02
1.011093974653954206e+03	2.759904036305693698e-01	1.810014871309338080e-01	2.357851609475685450e-01	1.413244653482022828e-01	6.736078321099794874e-02	2.874761606060030963e-02	6.979008367076235120e-02
1.013512859760782021e+03	2.755498860694329255e-01	1.807403308513347018e-01	2.360609912338734739e-01	1.414887142358554895e-01	6.743960776754742703e-02	2.880383316419748985e-02	6.991663667739322907e-02
1.015931744867609382e+03	2.751114552677153546e-01	1.804792129289667924e-01	2.363357229266217219e-01	1.416529335374876186e-01	6.751830282563996144e-02	2.885975680430096640e-02	7.004261570890232824e-02
1.018350629974437197e+03	2.746750857137437718e-01	1.802181497146947420e-01	2.366093656924987687e-01	1.418171155548731133e-01	6.759686538476329665e-02	2.891539193694252219e-02	7.016802600211850816e-02
1.020769515081264785e+03	2.742407524244180883e-01	1.799571571275057902e-01	2.368819289969836261e-01	1.419812526352504656e-01	6.767529271055909568e-02	2.897074326339058731e-02	7.029287284152699322e-02
1.023188400188092373e+03	2.738084309333927990e-01	1.796962506647434843e-01	2.371534221134365961e-01	1.421453371879058680e-01	6.775358230468052356e-02	2.902581525527007586e-02	7.041716154020538632e-02
1.025607285294920075e+03	2.733780972794857544e-01	1.794354454121040165e-01	2.374238541313652973e-01	1.423093616981769560e-01	6.783173187841697038e-02	2.908061217666092421e-02	7.054089742342485592e-02
1.028026170401747549e+03	2.729497279953161382e-01	1.791747560534011352e-01	2.376932339639664937e-01	1.424733187392155098e-01	6.790973932960596426e-02	2.913513810355283784e-02	7.066408581457674087e-02
1.030445055508575479e+03	2.725233000961702623e-01	1.789141968801040983e-01	2.379615703550293226e-01	1.426372009818040187e-01	6.798760272241355374e-02	2.918939694098634033e-02	7.078673202312724122e-02
1.032863940615402726e+03	2.720987910690957912e-01	1.786537818006538880e-01	2.382288718852740295e-01	1.428010012024839293e-01	6.806532026961821524e-02	2.924339243816871312e-02	7.090884133434027792e-02
1.035282825722230655e+03	2.716761788622223950e-01	1.783935243495626544e-01	2.384951469781919631e-01	1.429647122902193701e-01	6.814289031707990163e-02	2.929712820181722133e-02	7.103041900054132829e-02
1.037701710829058356e+03	2.712554418743078899e-01	1.781334376963011334e-01	2.387604039054432303e-01	1.431283272517921701e-01	6.822031133011666193e-02	2.935060770795018537e-02	7.115147023372349333e-02
1.040120595935886058e+03	2.708365589445069221e-01	1.778735346539788154e-01	2.390246507918627472e-01	1.432918392160984489e-01	6.829758188154667897e-02	2.940383431231887584e-02	7.127200019932219965e-02
1.042539481042713533e+03	2.704195093423606422e-01	1.776138276878216349e-01	2.392878956201174301e-01	1.434552414374949125e-01	6.837470064118461588e-02	2.945681125964884003e-02	7.139201401100662980e-02
1.044958366149541234e+03	2.700042727580034274e-01	1.773543289234515707e-01	2.395501462350533295e-01	1.436185272983247496e-01	6.845166636660798831e-02	2.950954169183821890e-02	7.151151672635545908e-02
1.047377251256368709e+03	2.695908292925852101e-01	1.770950501549728717e-01	2.398114103477660408e-01	1.437816903107350108e-01	6.852847789503295484e-02	2.956202865524195506e-02	7.163051334330072795e-02
1.049796136363196410e+03	2.691791594489045258e-01	1.768360028528692118e-01	2.400716955394237295e-01	1.439447241178843928e-01	6.860513413615930423e-02	2.961427510715467296e-02	7.174900879723891678e-02
1.052215021470024112e+03	2.687692441222505613e-01	1.765771981717161598e-01	2.403310092648683338e-01	1.441076224946261364e-01	6.868163406586239028e-02	2.966628392159084346e-02	7.186700795872039138e-02
1.054633906576851814e+03	2.683610645914489834e-01	1.763186469577130433e-01	2.405893588560178709e-01	1.442703793477408403e-01	6.875797672062532173e-02	2.971805789444846579e-02	7.198451563164030842e-02
1.057052791683679516e+03	2.679546025101097184e-01	1.760603597560385092e-01	2.408467515250893309e-01	1.444329887157840275e-01	6.883416119261824562e-02	2.976959974813168236e-02	7.210153655186334054e-02
1.059471676790506763e+03	2.675498398980716286e-01	1.758023468180339166e-01	2.411031943676597844e-01	1.445954447686043920e-01	6.891018662534362238e-02	2.982091213569824581e-02	7.221807538622332379e-02
1.061890561897334692e+03	2.671467591330410341e-01	1.755446181082182810e-01	2.413586943655807449e-01	1.447577418065820742e-01	6.898605220977649388e-02	2.987199764458958393e-02	7.233413673184657666e-02
1.064309447004162394e+03	2.667453429424207489e-01	1.752871833111390443e-01	2.416132583897596386e-01	1.449198742596296829e-01	6.906175718093790494e-02	2.992285879999387679e-02	7.244972511575385743e-02
1.066728332110990095e+03	2.663455743953245247e-01	1.750300518380618897e-01	2.418668932028199825e-01	1.450818366859925879e-01	6.913730081484747991e-02	2.997349806788630541e-02	7.256484499470199079e-02
1.069147217217817570e+03	2.659474368947746803e-01	1.747732328335039609e-01	2.421196054616507332e-01	1.452436237708814026e-01	6.921268242580813634e-02	3.002391785778508321e-02	7.267950075523085807e-02
1.071566102324645271e+03	2.655509141700780340e-01	1.745167351816137857e-01	2.423714017198542736e-01	1.454052303249640243e-01	6.928790136398153832e-02	3.007412052525708021e-02	7.279369671388617735e-02
1.073984987431472746e+03	2.651559902693775839e-01	1.742605675124014875e-01	2.426222884301008076e-01	1.455666512827418491e-01	6.936295701321858187e-02	3.012410837420258919e-02	7.290743711759205270e-02
1.076403872538300675e+03	2.647626495523747181e-01	1.740047382078228344e-01	2.428722719463969892e-01	1.457278817008310356e-01	6.943784878911350711e-02	3.017388365894514354e-02	7.302072614415076879e-02
1.078822757645127922e+03	2.643708766832196244e-01	1.737492554077205709e-01	2.431213585262745336e-01	1.458889167561671363e-01	6.951257613725421447e-02	3.022344858614902860e-02	7.313356790284997189e-02
1.081241642751955851e+03	2.639806566235655128e-01	1.734941270156260262e-01	2.433695543329050803e-01	1.460497517441488591e-01	6.958713853164480434e-02	3.027280531658433846e-02	7.324596643516043115e-02
1.083660527858783553e+03	2.635919746257837093e-01	1.732393607044249717e-01	2.436168654371458631e-01	1.462103820767347018e-01	6.966153547327960660e-02	3.032195596675693952e-02	7.335792571550925345e-02
1.086079412965611255e+03	2.632048162263352364e-01	1.729849639218899726e-01	2.438632978195212908e-01	1.463708032805040860e-01	6.973576648885029816e-02	3.037090261041857503e-02	7.346944965211565926e-02
1.088498298072438729e+03	2.628191672392961031e-01	1.727309438960831500e-01	2.441088573721438282e-01	1.465310109946931783e-01	6.980983112957023229e-02	3.041964727997045759e-02	7.358054208787814798e-02
1.090917183179266431e+03	2.624350137500327529e-01	1.724773076406319883e-01	2.443535499005783096e-01	1.466910009692147243e-01	6.988372897010199092e-02	3.046819196777203129e-02	7.369120680130328283e-02
1.093336068286093905e+03	2.620523421090242833e-01	1.722240619598809641e-01	2.445973811256526576e-01	1.468507690626683626e-01	6.995745960757608628e-02	3.051653862736514178e-02	7.380144750746753246e-02
1.095754953392921607e+03	2.616711389258278286e-01	1.719712134539226334e-01	2.448403566852180024e-01	1.470103112403490508e-01	7.003102266068997328e-02	3.056468917462264179e-02	7.391126785900493934e-02
1.098173838499749309e+03	2.612913910631841086e-01	1.717187685235100070e-01	2.450824821358607575e-01	1.471696235722582402e-01	7.010441776887828269e-02	3.061264548882930772e-02	7.402067144711438340e-02
1.100592723606577010e+03	2.609130856312604219e-01	1.714667333748537414e-01	2.453237629545692022e-01	1.473287022311231542e-01	7.017764459154592072e-02	3.066040941370199585e-02	7.412966180258065418e-02
1.103011608713404712e+03	2.605362099820269783e-01	1.712151140243068081e-01	2.455642045403564899e-01	1.474875434904276972e-01	7.025070280735706829e-02	3.070798275835513388e-02	7.423824239680493209e-02
1.105430493820231959e+03	2.601607517037642925e-01	1.709639163029386122e-01	2.458038122158422156e-01	1.476461437224588225e-01	7.032359211357371021e-02	3.075536729821690130e-02	7.434641664284050155e-02
1.107849378927059888e+03	2.597866986156984193e-01	1.707131458610018915e-01	2.460425912287943495e-01	1.478044993963711362e-01	7.039631222543830946e-02	3.080256477590080644e-02	7.445418789643010182e-02
1.110268264033887590e+03	2.594140387627610900e-01	1.704628081722945609e-01	2.462805467536329507e-01	1.479626070762717627e-01	7.046886287559588069e-02	3.084957690203679950e-02	7.456155945704201482e-02
1.112687149140715292e+03	2.590427604104715287e-01	1.702129085384189444e-01	2.465176838928973824e-01	1.481204634193280245e-01	7.054124381355109108e-02	3.089640535606561628e-02	7.466853456890246155e-02
1.115106034247542766e+03	2.586728520399379505e-01	1.699634520929410308e-01	2.467540076786783887e-01	1.482780651738994371e-01	7.061345480515698880e-02	3.094305178699948908e-02	7.477511642202180897e-02
1.117524919354370468e+03	2.583043023429751339e-01	1.697144438054516979e-01	2.469895230740161984e-01	1.484354091776950990e-01	7.068549563213175069e-02	3.098951781415218085e-02	7.488130815321307476e-02
1.119943804461197942e+03	2.579371002173357907e-01	1.694658884855326786e-01	2.472242349742659884e-01	1.485924923559578392e-01	7.075736609160114543e-02	3.103580502784074671e-02	7.498711284710092573e-02
1.122362689568025871e+03	2.575712347620535136e-01	1.692177907866290465e-01	2.474581482084316497e-01	1.487493117196759806e-01	7.082906599566361761e-02	3.108191499006135103e-02	7.509253353712005974e-02
1.124781574674853118e+03	2.572066952728932487e-01	1.689701552098306914e-01	2.476912675404689679e-01	1.489058643638234147e-01	7.090059517097629938e-02	3.112784923514102728e-02	7.519757320650163890e-02
1.127200459781681047e+03	2.568434712379087936e-01	1.687229861075649207e-01	2.479235976705592426e-01	1.490621474656281253e-01	7.097195345835985436e-02	3.117360927036718840e-02	7.530223478924713554e-02
1.129619344888508749e+03	2.564815523331035463e-01	1.684762876872022141e-01	2.481551432363540699e-01	1.492181582828701614e-01	7.104314071242025241e-02	3.121919657659640024e-02	7.540652117108864738e-02
1.132038229995336451e+03	2.561209284181918955e-01	1.682300640145768800e-01	2.483859088141923688e-01	1.493738941522086694e-01	7.111415680118646221e-02	3.126461260884386140e-02	7.551043519043519614e-02
1.134457115102163925e+03	2.557615895324599764e-01	1.679843190174251932e-01	2.486158989202902903e-01	1.495293524875384028e-01	7.118500160576214653e-02	3.130985879685476564e-02	7.561397963930448218e-02
1.136876000208991627e+03	2.554035258907229045e-01	1.677390564887425162e-01	2.488451180119048423e-01	1.496845307783758183e-01	7.125567501999080511e-02	3.135493654565866400e-02	7.571715726423972059e-02
1.139294885315819101e+03	2.550467278793756010e-01	1.674942800900614537e-01	2.490735704884717849e-01	1.498394265882743437e-01	7.132617695013285242e-02	3.139984723610785705e-02	7.581997076721137818e-02
1.141713770422646803e+03	2.546911860525367111e-01	1.672499933546526263e-01	2.493012606927187680e-01	1.499940375532691217e-01	7.139650731455396415e-02	3.144459222540068460e-02	7.592242280650346453e-02
1.144132655529474505e+03	2.543368911282811728e-01	1.670061996906503921e-01	2.495281929117542097e-01	1.501483613803508699e-01	7.146666604342383211e-02	3.148917284759047280e-02	7.602451599758440481e-02
1.146551540636302207e+03	2.539838339849615489e-01	1.667629023841050717e-01	2.497543713781325003e-01	1.503023958459683562e-01	7.153665307842464738e-02	3.153359041408092256e-02	7.612625291396232785e-02
1.148970425743129908e+03	2.536320056576147342e-01	1.665201046019627595e-01	2.499798002708961964e-01	1.504561387945598239e-01	7.160646837246854857e-02	3.157784621410856390e-02	7.622763608802475555e-02
1.151389310849957155e+03	2.532813973344522074e-01	1.662778093949756897e-01	2.502044837165958158e-01	1.506095881371123657e-01	7.167611188942364653e-02	3.162194151521286606e-02	7.632866801186277694e-02
1.153808195956785084e+03	2.529320003534325512e-01	1.660360197005435468e-01	2.504284257902875677e-01	1.507627418497494987e-01	7.174558360384791778e-02	3.166587756369455137e-02	7.642935113807972081e-02
1.156227081063612786e+03	2.525838061989134076e-01	1.657947383454881074e-01	2.506516305165099046e-01	1.509155979723461882e-01	7.181488350073067517e-02	3.170965558506258497e-02	7.652968788058450711e-02
1.158645966170440488e+03	2.522368064983814273e-01	1.655539680487624898e-01	2.508741018702391190e-01	1.510681546071711567e-01	7.188401157524117180e-02	3.175327678447038837e-02	7.662968061536960807e-02
1.161064851277267962e+03	2.518909930192588242e-01	1.653137114240965100e-01	2.510958437778247343e-01	1.512204099175560035e-01	7.195296783248382455e-02	3.179674234714147812e-02	7.672933168127399339e-02
1.163483736384095664e+03	2.515463576657837597e-01	1.650739709825799484e-01	2.513168601179046058e-01	1.513723621265907482e-01	7.202175228726001577e-02	3.184005343878519578e-02	7.682864338073114308e-02
1.165902621490923138e+03	2.512028924759637238e-01	1.648347491351846161e-01	2.515371547223012594e-01	1.515240095158452982e-01	7.209036496383577908e-02	3.188321120600263320e-02	7.692761798050214150e-02
1.168321506597751068e+03	2.508605896185999162e-01	1.645960481952272736e-01	2.517567313768985238e-01	1.516753504241166450e-01	7.215880589571552206e-02	3.192621677668321806e-02	7.702625771239438035e-02
1.170740391704578315e+03	2.505194413903806261e-01	1.643578703807743457e-01	2.519755938225003433e-01	1.518263832462010132e-01	7.222707512542118902e-02	3.196907126039224417e-02	7.712456477396571752e-02
1.173159276811406244e+03	2.501794402130425587e-01	1.641202178169901826e-01	2.521937457556708839e-01	1.519771064316908782e-01	7.229517270427686382e-02	3.201177574874958243e-02	7.722254132921461955e-02
1.175578161918233945e+03	2.498405786305980814e-01	1.638830925384296422e-01	2.524111908295572637e-01	1.521275184837961036e-01	7.236309869219839652e-02	3.205433131579993322e-02	7.732018950925623191e-02
1.177997047025061647e+03	2.495028493066270558e-01	1.636464964912769104e-01	2.526279326546948534e-01	1.522776179581891987e-01	7.243085315748813702e-02	3.209673901837473836e-02	7.741751141298477967e-02
1.180415932131889122e+03	2.491662450216316771e-01	1.634104315355313919e-01	2.528439747997959786e-01	1.524274034618736673e-01	7.249843617663430384e-02	3.213899989644613403e-02	7.751450910772252068e-02
1.182834817238716823e+03	2.488307586704529839e-01	1.631748994471420855e-01	2.530593207925214694e-01	1.525768736520756452e-01	7.256584783411507145e-02	3.218111497347304895e-02	7.761118462985536204e-02
1.185253702345544298e+03	2.484963832597472666e-01	1.629399019200917509e-01	2.532739741202366113e-01	1.527260272351577686e-01	7.263308822220705674e-02	3.222308525673973911e-02	7.770753998545548713e-02
1.187672587452371999e+03	2.481631119055214274e-01	1.627054405684315863e-01	2.534879382307509976e-01	1.528748629655554414e-01	7.270015744079812159e-02	3.226491173768691878e-02	7.780357715089118720e-02
1.190091472559199701e+03	2.478309378307253508e-01	1.624715169282683613e-01	2.537012165330430058e-01	1.530233796447347527e-01	7.276705559720443584e-02	3.230659539223568189e-02	7.789929807342411971e-02
1.192510357666027403e+03	2.474998543629005898e-01	1.622381324597042818e-01	2.539138123979691741e-01	1.531715761201715709e-01	7.283378280599143995e-02	3.234813718110443603e-02	7.799470467179420163e-02
1.194929242772855105e+03	2.471698549318835092e-01	1.620052885487313632e-01	2.541257291589588130e-01	1.533194512843516488e-01	7.290033918879892938e-02	3.238953805011894616e-02	7.808979883679255385e-02
1.197348127879682352e+03	2.468409330675619406e-01	1.617729865090808128e-01	2.543369701126937943e-01	1.534670040737911578e-01	7.296672487416992758e-02	3.243079893051576540e-02	7.818458243182235812e-02
1.199767012986510281e+03	2.465130823976838526e-01	1.615412275840291123e-01	2.545475385197750184e-01	1.536142334680773158e-01	7.303293999738323661e-02	3.247192073923909489e-02	7.827905729344819541e-02
1.202185898093337983e+03	2.461862966457171453e-01	1.613100129481610523e-01	2.547574376053738932e-01	1.537611384889286670e-01	7.309898470028963757e-02	3.251290437923132215e-02	7.837322523193407386e-02
1.204604783200165684e+03	2.458605696287589071e-01	1.610793437090916047e-01	2.549666705598714889e-01	1.539077181992747623e-01	7.316485913115165773e-02	3.255375073971732841e-02	7.846708803177006308e-02
1.207023668306993159e+03	2.455358952554935192e-01	1.608492209091466896e-01	2.551752405394834833e-01	1.540539717023545196e-01	7.323056344448682087e-02	3.259446069648275213e-02	7.856064745218807599e-02
1.209442553413820860e+03	2.452122675241980021e-01	1.606196455270045287e-01	2.553831506668726159e-01	1.541998981408334024e-01	7.329609780091417282e-02	3.263503511214630587e-02	7.865390522766689541e-02
1.211861438520648335e+03	2.448896805207937122e-01	1.603906184792982248e-01	2.555904040317482639e-01	1.543454966959385000e-01	7.336146236700415157e-02	3.267547483642633394e-02	7.874686306842668126e-02
1.214280323627476264e+03	2.445681284169433367e-01	1.601621406221802602e-01	2.557970036914541390e-01	1.544907665866117608e-01	7.342665731513162153e-02	3.271578070640167313e-02	7.883952266091309724e-02
1.216699208734303511e+03	2.442476054681919639e-01	1.599342127528502466e-01	2.560029526715428272e-01	1.546357070686802393e-01	7.349168282333215507e-02	3.275595354676701099e-02	7.893188566827138986e-02
1.219118093841131440e+03	2.439281060121513967e-01	1.597068356110465659e-01	2.562082539663396163e-01	1.547803174340437460e-01	7.355653907516118695e-02	3.279599417008283169e-02	7.902395373081053109e-02
1.221536978947959142e+03	2.436096244667264876e-01	1.594800098805024269e-01	2.564129105394937769e-01	1.549245970098792335e-01	7.362122625955633271e-02	3.283590337702003981e-02	7.911572846645760493e-02
1.223955864054786844e+03	2.432921553283827754e-01	1.592537361903680893e-01	2.566169253245190740e-01	1.550685451578613372e-01	7.368574457070244110e-02	3.287568195659947012e-02	7.920721147120282635e-02
1.226374749161614318e+03	2.429756931704541156e-01	1.590280151165987810e-01	2.568203012253227335e-01	1.552121612733993739e-01	7.375009420789974124e-02	3.291533068642627652e-02	7.929840431953508184e-02
1.228793634268442020e+03	2.426602326414896427e-01	1.588028471833103361e-01	2.570230411167239160e-01	1.553554447848898012e-01	7.381427537543452932e-02	3.295485033291941507e-02	7.938930856486847709e-02
1.231212519375269494e+03	2.423457684636391440e-01	1.585782328641024974e-01	2.572251478449612550e-01	1.554983951529842479e-01	7.387828828245276980e-02	3.299424165153626298e-02	7.947992573995989185e-02
1.233631404482097196e+03	2.420322954310756280e-01	1.583541725833508829e-01	2.574266242281902373e-01	1.556410118698726697e-01	7.394213314283627769e-02	3.303350538699250522e-02	7.957025735731776406e-02
1.236050289588924898e+03	2.417198084084546950e-01	1.581306667174685598e-01	2.576274730569701465e-01	1.557832944585812729e-01	7.400581017508153781e-02	3.307264227347740670e-02	7.966030490960239463e-02
1.238469174695752372e+03	2.414083023294093799e-01	1.579077155961375878e-01	2.578276970947407931e-01	1.559252424722849251e-01	7.406931960218106348e-02	3.311165303486449801e-02	7.975006987001778680e-02
1.240888059802580301e+03	2.410977721950799124e-01	1.576853195035114730e-01	2.580272990782903064e-01	1.560668554936338881e-01	7.413266165150730891e-02	3.315053838491787558e-02	7.983955369269525593e-02
1.243306944909407548e+03	2.407882130726778092e-01	1.574634786793891184e-01	2.582262817182124914e-01	1.562081331340944845e-01	7.419583655469892680e-02	3.318929902749413741e-02	7.992875781306904570e-02
1.245725830016235477e+03	2.404796200940826356e-01	1.572421933203609901e-01	2.584246476993555808e-01	1.563490750333031698e-01	7.425884454754952402e-02	3.322793565674004440e-02	8.001768364824414503e-02
1.248144715123063179e+03	2.401719884544717409e-01	1.570214635809281389e-01	2.586223996812609949e-01	1.564896808584343990e-01	7.432168586989872094e-02	3.326644895728607387e-02	8.010633259735611134e-02
1.250563600229890881e+03	2.398653134109814122e-01	1.568012895745946322e-01	2.588195402985938864e-01	1.566299503035811502e-01	7.438436076552551457e-02	3.330483960443586522e-02	8.019470604192371899e-02
1.252982485336718355e+03	2.395595902813992262e-01	1.565816713749342282e-01	2.590160721615647477e-01	1.567698830891486039e-01	7.444686948204383425e-02	3.334310826435167574e-02	8.028280534619389175e-02
1.255401370443546057e+03	2.392548144428863210e-01	1.563626090166317095e-01	2.592119978563420801e-01	1.569094789612601737e-01	7.450921227080040121e-02	3.338125559423595762e-02	8.037063185747955751e-02
1.257820255550373531e+03	2.389509813307295061e-01	1.561441024964992930e-01	2.594073199454572376e-01	1.570487376911760269e-01	7.457138938677465578e-02	3.341928224250909074e-02	8.045818690649041149e-02
1.260239140657201460e+03	2.386480864371220145e-01	1.559261517744693071e-01	2.596020409682004426e-01	1.571876590747234848e-01	7.463340108848082188e-02	3.345718884898342405e-02	8.054547180765668501e-02
1.262658025764028707e+03	2.383461253099725952e-01	1.557087567745630285e-01	2.597961634410094200e-01	1.573262429317393296e-01	7.469524763787206700e-02	3.349497604503361148e-02	8.063248785944614194e-02
1.265076910870856636e+03	2.380450935517418598e-01	1.554919173858367865e-01	2.599896898578494264e-01	1.574644891055237139e-01	7.475692930024659122e-02	3.353264445376337444e-02	8.071923634467444153e-02
1.267495795977684338e+03	2.377449868183057757e-01	1.552756334633051960e-01	2.601826226905863404e-01	1.576023974623053658e-01	7.481844634415585338e-02	3.357019469016879476e-02	8.080571853080893707e-02
1.269914681084511813e+03	2.374458008178451096e-01	1.550599048288429371e-01	2.603749643893515375e-01	1.577399678907178138e-01	7.487979904131455977e-02	3.360762736129813133e-02	8.089193567026613241e-02
1.272333566191339514e+03	2.371475313097607951e-01	1.548447312720647728e-01	2.605667173829000482e-01	1.578772003012866854e-01	7.494098766651266508e-02	3.364494306640830601e-02	8.097788900070293505e-02
1.274752451298167216e+03	2.368501741036140307e-01	1.546301125511848062e-01	2.607578840789609442e-01	1.580140946259273871e-01	7.500201249752924682e-02	3.368214239711810748e-02	8.106357974530169208e-02
1.277171336404994690e+03	2.365537250580910522e-01	1.544160483938553652e-01	2.609484668645807304e-01	1.581506508174534975e-01	7.506287381504808676e-02	3.371922593755813380e-02	8.114900911304935571e-02
1.279590221511822392e+03	2.362581800799915810e-01	1.542025384979856806e-01	2.611384681064603530e-01	1.582868688490952080e-01	7.512357190257511197e-02	3.375619426451763327e-02	8.123417829901072307e-02
1.282009106618650094e+03	2.359635351232406419e-01	1.539895825325414969e-01	2.613278901512846586e-01	1.584227487140276724e-01	7.518410704635765385e-02	3.379304794758825059e-02	8.131908848459591665e-02
1.284427991725477568e+03	2.356697861879232248e-01	1.537771801383252535e-01	2.615167353260459127e-01	1.585582904249095981e-01	7.524447953530528921e-02	3.382978754930471982e-02	8.140374083782235537e-02
1.286846876832305497e+03	2.353769293193410661e-01	1.535653309287379753e-01	2.617050059383603244e-01	1.586934940134308580e-01	7.530468966091236060e-02	3.386641362528264310e-02	8.148813651357111887e-02
1.289265761939132744e+03	2.350849606070911646e-01	1.533540344905229558e-01	2.618927042767786317e-01	1.588283595298699558e-01	7.536473771718230075e-02	3.390292672435336191e-02	8.157227665383801063e-02
1.291684647045960673e+03	2.347938761841655564e-01	1.531432903844916205e-01	2.620798326110901910e-01	1.589628870426604279e-01	7.542462400055337246e-02	3.393932738869597648e-02	8.165616238797926418e-02
1.294103532152788375e+03	2.345036722260716855e-01	1.529330981462322658e-01	2.622663931926210168e-01	1.590970766379665724e-01	7.548434880982603234e-02	3.397561615396663820e-02	8.173979483295219783e-02
1.296522417259616077e+03	2.342143449499731189e-01	1.527234572868018114e-01	2.624523882545259923e-01	1.592309284192676699e-01	7.554391244609195977e-02	3.401179354942506644e-02	8.182317509355073459e-02
1.298941302366443551e+03	2.339258906138498850e-01	1.525143672934010097e-01	2.626378200120754736e-01	1.593644425069510318e-01	7.560331521266444588e-02	3.404786009805846336e-02	8.190630426263603714e-02
1.301360187473271253e+03	2.336383055156781574e-01	1.523058276300337244e-01	2.628226906629353987e-01	1.594976190379136793e-01	7.566255741501030918e-02	3.408381631670279882e-02	8.198918342136227166e-02
1.303779072580098727e+03	2.333515859926287572e-01	1.520978377381503599e-01	2.630070023874427898e-01	1.596304581651719623e-01	7.572163936068326828e-02	3.411966271616154872e-02	8.207181363939765328e-02
1.306197957686926657e+03	2.330657284202841961e-01	1.518903970372758316e-01	2.631907573488750929e-01	1.597629600574797248e-01	7.578056135925878567e-02	3.415539980132194925e-02	8.215419597514081462e-02
1.308616842793753904e+03	2.327807292118733440e-01	1.516835049256227974e-01	2.633739576937144666e-01	1.598951248989540774e-01	7.583932372227016050e-02	3.419102807126880861e-02	8.223633147593271964e-02
1.311035727900581833e+03	2.324965848175240268e-01	1.514771607806900677e-01	2.635566055519068529e-01	1.600269528887092452e-01	7.589792676314613407e-02	3.422654801939593872e-02	8.231822117826403939e-02
1.313454613007409534e+03	2.322132917235325000e-01	1.512713639598466941e-01	2.637387030371159957e-01	1.601584442404979658e-01	7.595637079714975815e-02	3.426196013351521380e-02	8.239986610797822575e-02
1.315873498114237009e+03	2.319308464516497137e-01	1.510661138009022353e-01	2.639202522469719092e-01	1.602895991823602428e-01	7.601465614131855397e-02	3.429726489596339467e-02	8.248126728047036615e-02
1.318292383221064711e+03	2.316492455583839261e-01	1.508614096226632562e-01	2.641012552633151267e-01	1.604204179562797039e-01	7.607278311440598961e-02	3.433246278370665622e-02	8.256242570088173638e-02
1.320711268327892412e+03	2.313684856343194429e-01	1.506572507254765603e-01	2.642817141524359537e-01	1.605509008178469255e-01	7.613075203682416470e-02	3.436755426844294997e-02	8.264334236429043967e-02
1.323130153434719887e+03	2.310885633034506226e-01	1.504536363917594599e-01	2.644616309653085584e-01	1.606810480359298632e-01	7.618856323058778579e-02	3.440253981670222949e-02	8.272401825589795199e-02
1.325549038541547588e+03	2.308094752225312851e-01	1.502505658865172233e-01	2.646410077378211767e-01	1.608108598923511934e-01	7.624621701925929362e-02	3.443741988994453856e-02	8.280445435121176756e-02
1.327967923648375290e+03	2.305312180804390820e-01	1.500480384578482818e-01	2.648198464910012651e-01	1.609403366815723990e-01	7.630371372789518380e-02	3.447219494465608020e-02	8.288465161622422805e-02
1.330386808755202765e+03	2.302537885975542153e-01	1.498460533374371684e-01	2.649981492312363796e-01	1.610694787103844339e-01	7.636105368299346552e-02	3.450686543244322474e-02	8.296461100758761864e-02
1.332805693862030694e+03	2.299771835251524232e-01	1.496446097410358556e-01	2.651759179504908914e-01	1.611982862976049091e-01	7.641823721244225820e-02	3.454143180012460290e-02	8.304433347278560029e-02
1.335224578968857941e+03	2.297013996448117323e-01	1.494437068689331849e-01	2.653531546265183727e-01	1.613267597737815806e-01	7.647526464546951230e-02	3.457589448982121422e-02	8.312381995030095061e-02
1.337643464075685870e+03	2.294264337678329213e-01	1.492433439064134448e-01	2.655298612230696520e-01	1.614548994809020810e-01	7.653213631259378480e-02	3.461025393904467590e-02	8.320307136977997398e-02
1.340062349182513572e+03	2.291522827346729185e-01	1.490435200242035685e-01	2.657060396900973176e-01	1.615827057721097304e-01	7.658885254557613875e-02	3.464451058078359819e-02	8.328208865219328960e-02
1.342481234289341273e+03	2.288789434143914114e-01	1.488442343789098399e-01	2.658816919639555021e-01	1.617101790114252313e-01	7.664541367737293109e-02	3.467866484358820417e-02	8.336087270999339993e-02
1.344900119396168748e+03	2.286064127041098071e-01	1.486454861134440808e-01	2.660568199675964474e-01	1.618373195734743863e-01	7.670182004208980775e-02	3.471271715165309690e-02	8.343942444726885899e-02
1.347319004502996449e+03	2.283346875284825717e-01	1.484472743574393183e-01	2.662314256107631838e-01	1.619641278432213671e-01	7.675807197493658696e-02	3.474666792489833345e-02	8.351774475989520718e-02
1.349737889609823924e+03	2.280637648391806993e-01	1.482495982276557378e-01	2.664055107901778241e-01	1.620906042157075067e-01	7.681416981218314177e-02	3.478051757904881275e-02	8.359583453568286693e-02
1.352156774716651853e+03	2.277936416143866438e-01	1.480524568283767550e-01	2.665790773897273036e-01	1.622167490957959479e-01	7.687011389111615689e-02	3.481426652571197045e-02	8.367369465452179078e-02
1.354575659823479100e+03	2.275243148583011576e-01	1.478558492517955403e-01	2.667521272806445132e-01	1.623425628979212332e-01	7.692590454999706506e-02	3.484791517245385689e-02	8.375132598852325083e-02
1.356994544930307029e+03	2.272557816006608999e-01	1.476597745783921889e-01	2.669246623216864900e-01	1.624680460458443332e-01	7.698154212802056640e-02	3.488146392287363312e-02	8.382872940215849167e-02
1.359413430037134731e+03	2.269880388962671747e-01	1.474642318773018712e-01	2.670966843593091111e-01	1.625931989724129778e-01	7.703702696527431337e-02	3.491491317667648475e-02	8.390590575239459392e-02
1.361832315143962205e+03	2.267210838245252436e-01	1.472692202066739897e-01	2.672681952278386786e-01	1.627180221193267884e-01	7.709235940269938692e-02	3.494826332974502320e-02	8.398285588882746511e-02
1.364251200250789907e+03	2.264549134889943249e-01	1.470747386140227042e-01	2.674391967496393407e-01	1.628425159369074060e-01	7.714753978205156348e-02	3.498151477420920197e-02	8.405958065381205491e-02
1.366670085357617609e+03	2.261895250169474458e-01	1.468807861365691025e-01	2.676096907352783494e-01	1.629666808838736158e-01	7.720256844586351197e-02	3.501466789851471334e-02	8.413608088258987816e-02
1.369088970464445310e+03	2.259249155589414804e-01	1.466873618015748226e-01	2.677796789836875413e-01	1.630905174271210789e-01	7.725744573740786492e-02	3.504772308749004583e-02	8.421235740341380394e-02
1.371507855571272785e+03	2.256610822883967082e-01	1.464944646266678197e-01	2.679491632823222114e-01	1.632140260415067545e-01	7.731217200066092810e-02	3.508068072241204982e-02	8.428841103767027720e-02
1.373926740678100487e+03	2.253980224011860878e-01	1.463020936201602229e-01	2.681181454073162107e-01	1.633372072096377081e-01	7.736674758026731991e-02	3.511354118107019168e-02	8.436424259999905639e-02
1.376345625784927961e+03	2.251357331152337715e-01	1.461102477813583100e-01	2.682866271236348243e-01	1.634600614216647207e-01	7.742117282150537405e-02	3.514630483782942710e-02	8.443985289841035580e-02
1.378764510891755890e+03	2.248742116701223370e-01	1.459189261008652094e-01	2.684546101852247069e-01	1.635825891750799788e-01	7.747544807025326385e-02	3.517897206369178381e-02	8.451524273439951773e-02
1.381183395998583137e+03	2.246134553267093159e-01	1.457281275608760529e-01	2.686220963351604318e-01	1.637047909745190377e-01	7.752957367295588986e-02	3.521154322635661194e-02	8.459041290305945038e-02
1.383602281105411066e+03	2.243534613667520772e-01	1.455378511354659954e-01	2.687890873057887653e-01	1.638266673315672550e-01	7.758354997659248908e-02	3.524401869027966872e-02	8.466536419319058149e-02
1.386021166212238768e+03	2.240942270925412871e-01	1.453480957908713234e-01	2.689555848188699971e-01	1.639482187645698863e-01	7.763737732864499363e-02	3.527639881673084316e-02	8.474009738740853614e-02
1.388440051319066470e+03	2.238357498265423629e-01	1.451588604857637077e-01	2.691215905857167190e-01	1.640694457984465671e-01	7.769105607706704164e-02	3.530868396385078434e-02	8.481461326224964958e-02
1.390858936425893944e+03	2.235780269110454466e-01	1.449701441715176009e-01	2.692871063073301596e-01	1.641903489645095415e-01	7.774458657025365427e-02	3.534087448670626685e-02	8.488891258827420405e-02
1.393277821532721646e+03	2.233210557078227076e-01	1.447819457924713060e-01	2.694521336745333562e-01	1.643109288002858603e-01	7.779796915701168991e-02	3.537297073734444602e-02	8.496299613016752850e-02
1.395696706639549120e+03	2.230648335977936381e-01	1.445942642861815508e-01	2.696166743681027156e-01	1.644311858493431866e-01	7.785120418653086738e-02	3.540497306484597512e-02	8.503686464683901658e-02
1.398115591746377049e+03	2.228093579806977031e-01	1.444070985836719834e-01	2.697807300588963009e-01	1.645511206611194044e-01	7.790429200835542745e-02	3.543688181537699849e-02	8.511051889151911853e-02
1.400534476853204296e+03	2.225546262747744863e-01	1.442204476096754506e-01	2.699443024079803966e-01	1.646707337907558355e-01	7.795723297235647442e-02	3.546869733224007615e-02	8.518395961185418197e-02
1.402953361960032225e+03	2.223006359164508006e-01	1.440343102828704203e-01	2.701073930667531320e-01	1.647900257989341477e-01	7.801002742870494222e-02	3.550041995592400496e-02	8.525718754999953020e-02
1.405372247066859927e+03	2.220473843600347941e-01	1.438486855161116018e-01	2.702700036770661618e-01	1.649089972517162606e-01	7.806267572784507391e-02	3.553205002415264768e-02	8.533020344271038948e-02
1.407791132173687402e+03	2.217948690774170506e-01	1.436635722166548779e-01	2.704321358713444035e-01	1.650276487203882481e-01	7.811517822046859516e-02	3.556358787193275584e-02	8.540300802143105385e-02
1.410210017280515103e+03	2.215430875577781011e-01	1.434789692863767396e-01	2.705937912727026107e-01	1.651459807813071834e-01	7.816753525748945663e-02	3.559503383160071699e-02	8.547560201238219024e-02
1.412628902387342805e+03	2.212920373073027358e-01	1.432948756219884212e-01	2.707549714950607256e-01	1.652639940157513698e-01	7.821974719001906218e-02	3.562638823286842088e-02	8.554798613664632567e-02
1.415047787494170507e+03	2.210417158489004497e-01	1.431112901152445660e-01	2.709156781432567884e-01	1.653816890097737080e-01	7.827181436934210756e-02	3.565765140286809853e-02	8.562016111025146092e-02
1.417466672600997981e+03	2.207921207219321336e-01	1.429282116531469249e-01	2.710759128131574602e-01	1.654990663540582274e-01	7.832373714689300215e-02	3.568882366619625934e-02	8.569212764425312989e-02
1.419885557707825683e+03	2.205432494819428713e-01	1.427456391181430029e-01	2.712356770917673798e-01	1.656161266437797541e-01	7.837551587423280397e-02	3.571990534495672609e-02	8.576388644481464096e-02
1.422304442814653157e+03	2.202950997004006206e-01	1.425635713883197375e-01	2.713949725573353566e-01	1.657328704784664652e-01	7.842715090302662673e-02	3.575089675880273321e-02	8.583543821328566692e-02
1.424723327921481086e+03	2.200476689644408346e-01	1.423820073375925144e-01	2.715538007794596198e-01	1.658492984618654131e-01	7.847864258502154633e-02	3.578179822497819240e-02	8.590678364627919728e-02
1.427142213028308333e+03	2.198009548766164389e-01	1.422009458358892697e-01	2.717121633191905139e-01	1.659654112018109084e-01	7.852999127202514584e-02	3.581261005835807698e-02	8.597792343574699181e-02
1.429561098135136262e+03	2.195549550546535555e-01	1.420203857493304300e-01	2.718700617291319177e-01	1.660812093100957898e-01	7.858119731588444901e-02	3.584333257148795970e-02	8.604885826905331325e-02
1.431979983241963964e+03	2.193096671312125823e-01	1.418403259404039107e-01	2.720274975535401651e-01	1.661966934023453579e-01	7.863226106846527008e-02	3.587396607462275955e-02	8.611958882904729995e-02
1.434398868348791666e+03	2.190650887536544911e-01	1.416607652681362295e-01	2.721844723284219669e-01	1.663118640978940854e-01	7.868318288163217433e-02	3.590451087576464195e-02	8.619011579413375645e-02
1.436817753455619140e+03	2.188212175838122608e-01	1.414817025882590118e-01	2.723409875816295012e-01	1.664267220196650743e-01	7.873396310722885483e-02	3.593496728070016966e-02	8.626043983834245921e-02
1.439236638562446842e+03	2.185780512977673617e-01	1.413031367533715832e-01	2.724970448329550043e-01	1.665412677940517894e-01	7.878460209705887007e-02	3.596533559303666250e-02	8.633056163139608830e-02
1.441655523669274316e+03	2.183355875856312078e-01	1.411250666130993703e-01	2.726526455942226979e-01	1.666555020508025953e-01	7.883510020286699227e-02	3.599561611423780089e-02	8.640048183877672983e-02
1.444074408776102018e+03	2.180938241513312725e-01	1.409474910142484438e-01	2.728077913693796597e-01	1.667694254229077355e-01	7.888545777632077760e-02	3.602580914365850762e-02	8.647020112179101825e-02
1.446493293882929493e+03	2.178527587124018949e-01	1.407704088009560650e-01	2.729624836545849198e-01	1.668830385464886989e-01	7.893567516899277492e-02	3.605591497857908029e-02	8.653972013763397420e-02
1.448912178989757422e+03	2.176123889997798322e-01	1.405938188148377621e-01	2.731167239382967238e-01	1.669963420606900284e-01	7.898575273234301197e-02	3.608593391423864372e-02	8.660903953945142675e-02
1.451331064096585123e+03	2.173727127576041418e-01	1.404177198951302163e-01	2.732705137013586305e-01	1.671093366075732944e-01	7.903569081770193960e-02	3.611586624386792232e-02	8.667815997640125614e-02
1.453749949203412370e+03	2.171337277430203661e-01	1.402421108788312054e-01	2.734238544170839447e-01	1.672220228320137059e-01	7.908548977625372289e-02	3.614571225872124927e-02	8.674708209371330414e-02
1.456168834310240300e+03	2.168954317259891296e-01	1.400669906008353838e-01	2.735767475513383729e-01	1.673344013815985243e-01	7.913514995902001803e-02	3.617547224810803430e-02	8.681580653274806325e-02
1.458587719417068001e+03	2.166578224890987059e-01	1.398923578940671764e-01	2.737291945626218470e-01	1.674464729065280877e-01	7.918467171684401285e-02	3.620514649942347535e-02	8.688433393105426950e-02
1.461006604523895703e+03	2.164208978273819695e-01	1.397182115896099808e-01	2.738811969021482384e-01	1.675582380595185550e-01	7.923405540037500860e-02	3.623473529817872879e-02	8.695266492242513523e-02
1.463425489630723177e+03	2.161846555481369281e-01	1.395445505168322331e-01	2.740327560139241836e-01	1.676696974957072594e-01	7.928330136005311279e-02	3.626423892803035814e-02	8.702080013695355498e-02
1.465844374737550879e+03	2.159490934707514465e-01	1.393713735035102819e-01	2.741838733348263557e-01	1.677808518725595888e-01	7.933240994609457031e-02	3.629365767080926231e-02	8.708874020108615943e-02
1.468263259844378354e+03	2.157142094265315224e-01	1.391986793759481811e-01	2.743345502946772374e-01	1.678917018497782798e-01	7.938138150847724728e-02	3.632299180654897236e-02	8.715648573767625917e-02
1.470682144951206283e+03	2.154800012585335045e-01	1.390264669590942914e-01	2.744847883163198388e-01	1.680022480892146286e-01	7.943021639692655900e-02	3.635224161351333777e-02	8.722403736603562274e-02
1.473101030058033530e+03	2.152464668213996679e-01	1.388547350766551336e-01	2.746345888156909720e-01	1.681124912547812822e-01	7.947891496090167540e-02	3.638140736822367133e-02	8.729139570198532483e-02
1.475519915164861459e+03	2.150136039811975930e-01	1.386834825512062164e-01	2.747839532018933051e-01	1.682224320123675287e-01	7.952747754958215676e-02	3.641048934548534594e-02	8.735856135790552590e-02
1.477938800271689161e+03	2.147814106152627633e-01	1.385127082043000613e-01	2.749328828772662492e-01	1.683320710297559197e-01	7.957590451185472813e-02	3.643948781841384321e-02	8.742553494278418325e-02
1.480357685378516862e+03	2.145498846120446335e-01	1.383424108565713129e-01	2.750813792374552924e-01	1.684414089765409184e-01	7.962419619630055345e-02	3.646840305846021230e-02	8.749231706226477667e-02
1.482776570485344337e+03	2.143190238709559992e-01	1.381725893278395456e-01	2.752294436714807779e-01	1.685504465240494354e-01	7.967235295118273164e-02	3.649723533543607762e-02	8.755890831869310442e-02
