1.001418434226643626e+03	2.777765863683554493e-01	1.820600465331212447e-01	2.346572043997273704e-01	1.406764031706211060e-01	6.705829748998692885e-02	2.849846125743765723e-02	6.927300078038478581e-02
1.002869765290740247e+03	2.775069075127125084e-01	1.819034978030548422e-01	2.348249921561819109e-01	1.407753963871515024e-01	6.710595136515203063e-02	2.853297367424445855e-02	6.935028110113733435e-02
1.004321096354836754e+03	2.772380229697888332e-01	1.817469343123788716e-01	2.349923648036477686e-01	1.408743915087398713e-01	6.715356418034257313e-02	2.856737138455198166e-02	6.942735084018461511e-02
1.005772427418933376e+03	2.769699266634651491e-01	1.815903600534917173e-01	2.351593247935657993e-01	1.409733867797645646e-01	6.720113497252160062e-02	2.860165584227045144e-02	6.950421089455520451e-02
1.007223758483029997e+03	2.767026125939916481e-01	1.814337789560563907e-01	2.353258745415226227e-01	1.410723804385413116e-01	6.724866283566842406e-02	2.863582844237593655e-02	6.958086219147814611e-02
1.008675089547126618e+03	2.764360748369779075e-01	1.812771948878933725e-01	2.354920164284539930e-01	1.411713707199268864e-01	6.729614691658877823e-02	2.866989052481340103e-02	6.965730568498007536e-02
1.010126420611223239e+03	2.761703075423926346e-01	1.811206116558611579e-01	2.356577528017731737e-01	1.412703558576872687e-01	6.734358641105744891e-02	2.870384337810940462e-02	6.973354235275332214e-02
1.011577751675319632e+03	2.759053049335732366e-01	1.809640330067245062e-01	2.358230859764295917e-01	1.413693340866499781e-01	6.739098056026655847e-02	2.873768824271635131e-02	6.980957319327416033e-02
1.013029082739416367e+03	2.756410613062463821e-01	1.808074626280106179e-01	2.359880182359034573e-01	1.414683036446578168e-01	6.743832864755477940e-02	2.877142631410870705e-02	6.988539922315262221e-02
1.014480413803512761e+03	2.753775710275584432e-01	1.806509041488536527e-01	2.361525518331409335e-01	1.415672627743405076e-01	6.748562999539470253e-02	2.880505874564998070e-02	6.996102147469611399e-02
1.015931744867609382e+03	2.751148285351172618e-01	1.804943611408272031e-01	2.363166889914346813e-01	1.416662097247192165e-01	6.753288396261758475e-02	2.883858665124781548e-02	7.003644099367059561e-02
1.017383075931706003e+03	2.748528283360438529e-01	1.803378371187654150e-01	2.364804319052535297e-01	1.417651427526575025e-01	6.758008994185638052e-02	2.887201110781327865e-02	7.011165883724437831e-02
1.018834406995802851e+03	2.745915650060355429e-01	1.801813355415725626e-01	2.366437827410256267e-01	1.418640601241716592e-01	6.762724735718925184e-02	2.890533315753917448e-02	7.018667607210063442e-02
1.020285738059899245e+03	2.743310331884395437e-01	1.800248598130212707e-01	2.368067436378777368e-01	1.419629601156113530e-01	6.767435566196770835e-02	2.893855381001111254e-02	7.026149377270572705e-02
1.021737069123995752e+03	2.740712275933377962e-01	1.798684132825399129e-01	2.369693167083349594e-01	1.420618410147222455e-01	6.772141433681425071e-02	2.897167404416396350e-02	7.033611301972138297e-02
1.023188400188092373e+03	2.738121429966422493e-01	1.797119992459885185e-01	2.371315040389828654e-01	1.421607011215994254e-01	6.776842288777608359e-02	2.900469481009546394e-02	7.041053489854992575e-02
1.024639731252188767e+03	2.735537742392015192e-01	1.795556209464242436e-01	2.372933076910953565e-01	1.422595387495412256e-01	6.781538084462232496e-02	2.903761703074774977e-02	7.048476049800207754e-02
1.026091062316285615e+03	2.732961162259182064e-01	1.793992815748559067e-01	2.374547297012306324e-01	1.423583522258114187e-01	6.786228775927317936e-02	2.907044160346684836e-02	7.055879090907821172e-02
1.027542393380382237e+03	2.730391639248771485e-01	1.792429842709880594e-01	2.376157720817975993e-01	1.424571398923177301e-01	6.790914320435043061e-02	2.910316940144934764e-02	7.063262722385413306e-02
1.028993724444478858e+03	2.727829123664842759e-01	1.790867321239546228e-01	2.377764368215944946e-01	1.425559001062131625e-01	6.795594677183974808e-02	2.913580127508477030e-02	7.070627053446343346e-02
1.030445055508575479e+03	2.725273566426166805e-01	1.789305281730420860e-01	2.379367258863224754e-01	1.426546312404270433e-01	6.800269807185568838e-02	2.916833805320158055e-02	7.077972193216895691e-02
1.031896386572671872e+03	2.722724919057834536e-01	1.787743754084028525e-01	2.380966412190750614e-01	1.427533316841314015e-01	6.804939673150119106e-02	2.920078054422404340e-02	7.085298250651644869e-02
1.033347717636768493e+03	2.720183133682969601e-01	1.786182767717583442e-01	2.382561847408058986e-01	1.428519998431482252e-01	6.809604239381417123e-02	2.923312953724676103e-02	7.092605334456407451e-02
1.034799048700865114e+03	2.717648163014547147e-01	1.784622351570923082e-01	2.384153583507757634e-01	1.429506341403025960e-01	6.814263471679414541e-02	2.926538580303299220e-02	7.099893553018189751e-02
1.036250379764961508e+03	2.715119960347322503e-01	1.783062534113342978e-01	2.385741639269805814e-01	1.430492330157261960e-01	6.818917337250254840e-02	2.929755009494263221e-02	7.107163014341587315e-02
1.037701710829058356e+03	2.712598479549861996e-01	1.781503343350336888e-01	2.387326033265617098e-01	1.431477949271155181e-01	6.823565804623089870e-02	2.932962314979502966e-02	7.114413825991128260e-02
1.039153041893154750e+03	2.710083675056677577e-01	1.779944806830242310e-01	2.388906783861995398e-01	1.432463183499486370e-01	6.828208843573142783e-02	2.936160568867164297e-02	7.121646095039112223e-02
1.040604372957251599e+03	2.707575501860466360e-01	1.778386951650789416e-01	2.390483909224916936e-01	1.433448017776639549e-01	6.832846425050517758e-02	2.939349841766304011e-02	7.128859928018485559e-02
1.042055704021347992e+03	2.705073915504455084e-01	1.776829804465561435e-01	2.392057427323167895e-01	1.434432437218043921e-01	6.837478521114312424e-02	2.942530202856441512e-02	7.136055430880390571e-02
1.043507035085444613e+03	2.702578872074838934e-01	1.775273391490363728e-01	2.393627355931847167e-01	1.435416427121300464e-01	6.842105104871591681e-02	2.945701719952346920e-02	7.143232708955991883e-02
1.044958366149541234e+03	2.700090328193327505e-01	1.773717738509500152e-01	2.395193712635741157e-01	1.436399972967018490e-01	6.846726150420863466e-02	2.948864459564431995e-02	7.150391866922262141e-02
1.046409697213637855e+03	2.697608241009791241e-01	1.772162870881964780e-01	2.396756514832583396e-01	1.437383060419388792e-01	6.851341632799695658e-02	2.952018486955062040e-02	7.157533008771393979e-02
1.047861028277734476e+03	2.695132568195000577e-01	1.770608813547543403e-01	2.398315779736200359e-01	1.438365675326519488e-01	6.855951527936121614e-02	2.955163866191102759e-02	7.164656237783571802e-02
1.049312359341831097e+03	2.692663267933467219e-01	1.769055591032831221e-01	2.399871524379555421e-01	1.439347803720550378e-01	6.860555812603583159e-02	2.958300660192978923e-02	7.171761656502817495e-02
1.050763690405927491e+03	2.690200298916384236e-01	1.767503227457163928e-01	2.401423765617694273e-01	1.440329431817572448e-01	6.865154464379094601e-02	2.961428930780507507e-02	7.178849366715672753e-02
1.052215021470024112e+03	2.687743620334654415e-01	1.765951746538466371e-01	2.402972520130598477e-01	1.441310546017362526e-01	6.869747461604386318e-02	2.964548738715745008e-02	7.185919469432475171e-02
1.053666352534120733e+03	2.685293191872020757e-01	1.764401171599019325e-01	2.404517804425952698e-01	1.442291132902957518e-01	6.874334783349800304e-02	2.967660143743071355e-02	7.192972064871044902e-02
1.055117683598217127e+03	2.682848973698287454e-01	1.762851525571141609e-01	2.406059634841832273e-01	1.443271179240080138e-01	6.878916409380726737e-02	2.970763204626714754e-02	7.200007252442562622e-02
1.056569014662313975e+03	2.680410926462633014e-01	1.761302831002795888e-01	2.407598027549310571e-01	1.444250671976428091e-01	6.883492320126363695e-02	2.973857979185908981e-02	7.207025130739463936e-02
1.058020345726410369e+03	2.677979011287014988e-01	1.759755110063114525e-01	2.409132998554998906e-01	1.445229598240844182e-01	6.888062496650637634e-02	2.976944524327855557e-02	7.214025797525197570e-02
1.059471676790506763e+03	2.675553189759665162e-01	1.758208384547844672e-01	2.410664563703512897e-01	1.446207945342373180e-01	6.892626920625115339e-02	2.980022896078655600e-02	7.221009349725673876e-02
1.060923007854603611e+03	2.673133423928676922e-01	1.756662675884721192e-01	2.412192738679877768e-01	1.447185700769225980e-01	6.897185574303743572e-02	2.983093149612358469e-02	7.227975883422284309e-02
1.062374338918700232e+03	2.670719676295674749e-01	1.755118005138758264e-01	2.413717539011871194e-01	1.448162852187648286e-01	6.901738440499273486e-02	2.986155339278266652e-02	7.234925493846337818e-02
1.063825669982796853e+03	2.668311909809576998e-01	1.753574393017471034e-01	2.415238980072307584e-01	1.449139387440714355e-01	6.906285502561264333e-02	2.989209518626624595e-02	7.241858275374815634e-02
1.065277001046893474e+03	2.665910087860440258e-01	1.752031859876020947e-01	2.416757077081267691e-01	1.450115294547048017e-01	6.910826744355511031e-02	2.992255740432809424e-02	7.248774321527316766e-02
1.066728332110990095e+03	2.663514174273392543e-01	1.750490425722288634e-01	2.418271845108274920e-01	1.451090561699479864e-01	6.915362150244810935e-02	2.995294056720130757e-02	7.255673724964104010e-02
1.068179663175086489e+03	2.661124133302645856e-01	1.748950110221876852e-01	2.419783299074423910e-01	1.452065177263648921e-01	6.919891705070957411e-02	2.998324518781343706e-02	7.262556577485147769e-02
1.069630994239183110e+03	2.658739929625596465e-01	1.747410932703039321e-01	2.421291453754458867e-01	1.453039129776554361e-01	6.924415394137865831e-02	3.001347177198964225e-02	7.269422970030081643e-02
1.071082325303279504e+03	2.656361528337005118e-01	1.745872912161543500e-01	2.422796323778807770e-01	1.454012407945061980e-01	6.928933203195754287e-02	3.004362081864477008e-02	7.276272992678990692e-02
1.072533656367376352e+03	2.653988894943254961e-01	1.744336067265463419e-01	2.424297923635573004e-01	1.454985000644374582e-01	6.933445118426281861e-02	3.007369281996511920e-02	7.283106734653960190e-02
1.073984987431472746e+03	2.651621995356691630e-01	1.742800416359902849e-01	2.425796267672480910e-01	1.455956896916467402e-01	6.937951126428604232e-02	3.010368826158062866e-02	7.289924284321314119e-02
1.075436318495569594e+03	2.649260795890047704e-01	1.741265977471654625e-01	2.427291370098791368e-01	1.456928085968494380e-01	6.942451214206231402e-02	3.013360762272818821e-02	7.296725729194478149e-02
1.076887649559666215e+03	2.646905263250932672e-01	1.739732768313792532e-01	2.428783244987168244e-01	1.457898557171171672e-01	6.946945369154672312e-02	3.016345137640670526e-02	7.303511155937417176e-02
1.078338980623762609e+03	2.644555364536408937e-01	1.738200806290198797e-01	2.430271906275515703e-01	1.458868300057137579e-01	6.951433579049780265e-02	3.019321998952444880e-02	7.310280650368575217e-02
1.079790311687859230e+03	2.642211067227640542e-01	1.736670108500026899e-01	2.431757367768777878e-01	1.459837304319298312e-01	6.955915832036756175e-02	3.022291392303928445e-02	7.317034297465291326e-02
1.081241642751955851e+03	2.639872339184616279e-01	1.735140691742101948e-01	2.433239643140702735e-01	1.460805559809157106e-01	6.960392116619759650e-02	3.025253363209224819e-02	7.323772181368644330e-02
1.082692973816052472e+03	2.637539148640946629e-01	1.733612572519258599e-01	2.434718745935578743e-01	1.461773056535133342e-01	6.964862421652087687e-02	3.028207956613492360e-02	7.330494385388652834e-02
1.084144304880149093e+03	2.635211464198733422e-01	1.732085767042617075e-01	2.436194689569935734e-01	1.462739784660873343e-01	6.969326736326866834e-02	3.031155216905107030e-02	7.337200992009831890e-02
1.085595635944245487e+03	2.632889254823511105e-01	1.730560291235800630e-01	2.437667487334216343e-01	1.463705734503555067e-01	6.973785050168235244e-02	3.034095187927285733e-02	7.343892082897052198e-02
1.087046967008342108e+03	2.630572489839259065e-01	1.729036160739090000e-01	2.439137152394418584e-01	1.464670896532188349e-01	6.978237353022978540e-02	3.037027912989208323e-02	7.350567738901664372e-02
1.088498298072438729e+03	2.628261138923481122e-01	1.727513390913522906e-01	2.440603697793712057e-01	1.465635261365914321e-01	6.982683635052569504e-02	3.039953434876674354e-02	7.357228040067871622e-02
1.089949629136535123e+03	2.625955172102357738e-01	1.725991996844932763e-01	2.442067136454023624e-01	1.466598819772303997e-01	6.987123886725610244e-02	3.042871795862321302e-02	7.363873065639313376e-02
1.091400960200631971e+03	2.623654559745963732e-01	1.724471993347931331e-01	2.443527481177598382e-01	1.467561562665660457e-01	6.991558098810617128e-02	3.045783037715433031e-02	7.370502894065836252e-02
1.092852291264728365e+03	2.621359272563553167e-01	1.722953394969835017e-01	2.444984744648535380e-01	1.468523481105321604e-01	6.995986262369160991e-02	3.048687201711372530e-02	7.377117603010437119e-02
1.094303622328825213e+03	2.619069281598912502e-01	1.721436215994535390e-01	2.446438939434296134e-01	1.469484566293969841e-01	7.000408368749293231e-02	3.051584328640650351e-02	7.383717269356339374e-02
1.095754953392921607e+03	2.616784558225772606e-01	1.719920470446315297e-01	2.447890077987192603e-01	1.470444809575947309e-01	7.004824409579281375e-02	3.054474458817664148e-02	7.390301969214201072e-02
1.097206284457018228e+03	2.614505074143291807e-01	1.718406172093610296e-01	2.449338172645847689e-01	1.471404202435577235e-01	7.009234376761606933e-02	3.057357632089123881e-02	7.396871777929422964e-02
1.098657615521114849e+03	2.612230801371599465e-01	1.716893334452717912e-01	2.450783235636635748e-01	1.472362736495494151e-01	7.013638262467210283e-02	3.060233887842181769e-02	7.403426770089556463e-02
1.100108946585211470e+03	2.609961712247402255e-01	1.715381970791452770e-01	2.452225279075098963e-01	1.473320403514984389e-01	7.018036059129975635e-02	3.063103265012289550e-02	7.409967019531774057e-02
1.101560277649308091e+03	2.607697779419649864e-01	1.713872094132752322e-01	2.453664314967343441e-01	1.474277195388333239e-01	7.022427759441433881e-02	3.065965802090793793e-02	7.416492599350407722e-02
1.103011608713404712e+03	2.605438975845264515e-01	1.712363717258229279e-01	2.455100355211413121e-01	1.475233104143186258e-01	7.026813356345666672e-02	3.068821537132290778e-02	7.423003581904530357e-02
1.104462939777501106e+03	2.603185274784931003e-01	1.710856852711674092e-01	2.456533411598643690e-01	1.476188121938919739e-01	7.031192843034403395e-02	3.071670507761749963e-02	7.429500038825577468e-02
1.105914270841597499e+03	2.600936649798940570e-01	1.709351512802510242e-01	2.457963495814995403e-01	1.477142241065024508e-01	7.035566212942293007e-02	3.074512751181423392e-02	7.435982041024991052e-02
1.107365601905694348e+03	2.598693074743100850e-01	1.707847709609197351e-01	2.459390619442366477e-01	1.478095453939499704e-01	7.039933459742347965e-02	3.077348304177551438e-02	7.442449658701874582e-02
1.108816932969790741e+03	2.596454523764692990e-01	1.706345454982587384e-01	2.460814793959889002e-01	1.479047753107263219e-01	7.044294577341544961e-02	3.080177203126876345e-02	7.448902961350667429e-02
1.110268264033887590e+03	2.594220971298497047e-01	1.704844760549235338e-01	2.462236030745202919e-01	1.479999131238572407e-01	7.048649559876564441e-02	3.082999484002973967e-02	7.455342017768804008e-02
1.111719595097984211e+03	2.591992392062863471e-01	1.703345637714659133e-01	2.463654341075713627e-01	1.480949581127459225e-01	7.052998401709675846e-02	3.085815182382415506e-02	7.461766896064368770e-02
1.113170926162080832e+03	2.589768761055846191e-01	1.701848097666557313e-01	2.465069736129831546e-01	1.481899095690180912e-01	7.057341097424749132e-02	3.088624333450766535e-02	7.468177663663742860e-02
1.114622257226177226e+03	2.587550053551385676e-01	1.700352151377977628e-01	2.466482226988192528e-01	1.482847667963683169e-01	7.061677641823392582e-02	3.091426972008430932e-02	7.474574387319213309e-02
1.116073588290273847e+03	2.585336245095547492e-01	1.698857809610443137e-01	2.467891824634862452e-01	1.483795291104078040e-01	7.066008029921191924e-02	3.094223132476351529e-02	7.480957133116569735e-02
1.117524919354370468e+03	2.583127311502814716e-01	1.697365082917033086e-01	2.469298539958525440e-01	1.484741958385138172e-01	7.070332256944079907e-02	3.097012848901568860e-02	7.487325966482659412e-02
1.118976250418467089e+03	2.580923228852429752e-01	1.695873981645421857e-01	2.470702383753652365e-01	1.485687663196804120e-01	7.074650318324784970e-02	3.099796154962651540e-02	7.493680952192909028e-02
1.120427581482563710e+03	2.578723973484788878e-01	1.694384515940871028e-01	2.472103366721655482e-01	1.486632399043708308e-01	7.078962209699388164e-02	3.102573083974998966e-02	7.500022154378803430e-02
1.121878912546660331e+03	2.576529521997888428e-01	1.692896695749183389e-01	2.473501499472027798e-01	1.487576159543711751e-01	7.083267926903973055e-02	3.105343668896025019e-02	7.506349636535321335e-02
1.123330243610756725e+03	2.574339851243818145e-01	1.691410530819612013e-01	2.474896792523462730e-01	1.488518938426459659e-01	7.087567465971356118e-02	3.108107942330229703e-02	7.512663461528319708e-02
1.124781574674853118e+03	2.572154938325307283e-01	1.689926030707729898e-01	2.476289256304964326e-01	1.489460729531948413e-01	7.091860823127899005e-02	3.110865936534159062e-02	7.518963691601872334e-02
1.126232905738949967e+03	2.569974760592315666e-01	1.688443204778257989e-01	2.477678901156936120e-01	1.490401526809111699e-01	7.096147994790402702e-02	3.113617683421261717e-02	7.525250388385547329e-02
1.127684236803046360e+03	2.567799295638675816e-01	1.686962062207853497e-01	2.479065737332259156e-01	1.491341324314418848e-01	7.100428977563073840e-02	3.116363214566648249e-02	7.531523612901631914e-02
1.129135567867143209e+03	2.565628521298778386e-01	1.685482611987858814e-01	2.480449774997353918e-01	1.492280116210490948e-01	7.104703768234554850e-02	3.119102561211751362e-02	7.537783425572301688e-02
1.130586898931239830e+03	2.563462415644308101e-01	1.684004862927011292e-01	2.481831024233228100e-01	1.493217896764730268e-01	7.108972363775031833e-02	3.121835754268897575e-02	7.544029886226720494e-02
1.132038229995336451e+03	2.561300956981024113e-01	1.682528823654114714e-01	2.483209495036509118e-01	1.494154660347966901e-01	7.113234761333396550e-02	3.124562824325788704e-02	7.550263054108088956e-02
1.133489561059432845e+03	2.559144123845583652e-01	1.681054502620672464e-01	2.484585197320465233e-01	1.495090401433120109e-01	7.117490958234477805e-02	3.127283801649901468e-02	7.556482987880625002e-02
1.134940892123529466e+03	2.556991895002412862e-01	1.679581908103484622e-01	2.485958140916010584e-01	1.496025114593874106e-01	7.121740951976321399e-02	3.129998716192801400e-02	7.562689745636472227e-02
1.136392223187626087e+03	2.554844249440619830e-01	1.678111048207206746e-01	2.487328335572696891e-01	1.496958794503369938e-01	7.125984740227533920e-02	3.132707597594383553e-02	7.568883384902558298e-02
1.137843554251722708e+03	2.552701166370953123e-01	1.676641930866873409e-01	2.488695790959693510e-01	1.497891435932913462e-01	7.130222320824672333e-02	3.135410475187033058e-02	7.575063962647371474e-02
1.139294885315819101e+03	2.550562625222798641e-01	1.675174563850385379e-01	2.490060516666752766e-01	1.498823033750696088e-01	7.134453691769691852e-02	3.138107377999715258e-02	7.581231535287678847e-02
1.140746216379915950e+03	2.548428605641225309e-01	1.673708954760961265e-01	2.491422522205162526e-01	1.499753582920531902e-01	7.138678851227436839e-02	3.140798334761994715e-02	7.587386158695171023e-02
1.142197547444012343e+03	2.546299087484064638e-01	1.672245111039556975e-01	2.492781817008688505e-01	1.500683078500609779e-01	7.142897797523181658e-02	3.143483373907984824e-02	7.593527888203040199e-02
1.143648878508108737e+03	2.544174050819039135e-01	1.670783039967245753e-01	2.494138410434500741e-01	1.501611515642260752e-01	7.147110529140220103e-02	3.146162523580233600e-02	7.599656778612491614e-02
1.145100209572205586e+03	2.542053475920922345e-01	1.669322748667570189e-01	2.495492311764088977e-01	1.502538889588738158e-01	7.151317044717490912e-02	3.148835811633542148e-02	7.605772884199182848e-02
1.146551540636302207e+03	2.539937343268747205e-01	1.667864244108856753e-01	2.496843530204166661e-01	1.503465195674014432e-01	7.155517343047253231e-02	3.151503265638725543e-02	7.611876258719590949e-02
1.148002871700398828e+03	2.537825633543047132e-01	1.666407533106499528e-01	2.498192074887563008e-01	1.504390429321591227e-01	7.159711423072791237e-02	3.154164912886307098e-02	7.617966955417314334e-02
1.149454202764495449e+03	2.535718327623140977e-01	1.664952622325211185e-01	2.499537954874101742e-01	1.505314586043324521e-01	7.163899283886174252e-02	3.156820780390160591e-02	7.624045027029308086e-02
1.150905533828591842e+03	2.533615406584450724e-01	1.663499518281241762e-01	2.500881179151470679e-01	1.506237661438263042e-01	7.168080924726043246e-02	3.159470894891090037e-02	7.630110525792037357e-02
1.152356864892688463e+03	2.531516851695860826e-01	1.662048227344565532e-01	2.502221756636077710e-01	1.507159651191502803e-01	7.172256344975434794e-02	3.162115282860358118e-02	7.636163503447572498e-02
1.153808195956785084e+03	2.529422644417114729e-01	1.660598755741037880e-01	2.503559696173895954e-01	1.508080551073052999e-01	7.176425544159648062e-02	3.164753970503158403e-02	7.642204011249616180e-02
1.155259527020881706e+03	2.527332766396244157e-01	1.659151109554521109e-01	2.504895006541299485e-01	1.509000356936717191e-01	7.180588521944136771e-02	3.167386983762034841e-02	7.648232099969443087e-02
1.156710858084978327e+03	2.525247199467039461e-01	1.657705294728980816e-01	2.506227696445885722e-01	1.509919064718988901e-01	7.184745278132440016e-02	3.170014348320249198e-02	7.654247819901795202e-02
1.158162189149074720e+03	2.523165925646550511e-01	1.656261317070550354e-01	2.507557774527289229e-01	1.510836670437958607e-01	7.188895812664149176e-02	3.172636089605102711e-02	7.660251220870693822e-02
1.159613520213171569e+03	2.521088927132625335e-01	1.654819182249568643e-01	2.508885249357983849e-01	1.511753170192236817e-01	7.193040125612899793e-02	3.175252232791201529e-02	7.666242352235182189e-02
1.161064851277267962e+03	2.519016186301485383e-01	1.653378895802587178e-01	2.510210129444073179e-01	1.512668560159888542e-01	7.197178217184393989e-02	3.177862802803681219e-02	7.672221262895011218e-02
1.162516182341364356e+03	2.516947685705328563e-01	1.651940463134349835e-01	2.511532423226073840e-01	1.513582836597381354e-01	7.201310087714463126e-02	3.180467824321380615e-02	7.678188001296244736e-02
1.163967513405461204e+03	2.514883408069972792e-01	1.650503889519744360e-01	2.512852139079685410e-01	1.514495995838547049e-01	7.205435737667147122e-02	3.183067321779970565e-02	7.684142615436806434e-02
1.165418844469557826e+03	2.512823336292529519e-01	1.649069180105724175e-01	2.514169285316552038e-01	1.515408034293556083e-01	7.209555167632811234e-02	3.185661319375037576e-02	7.690085152871958818e-02
1.166870175533654447e+03	2.510767453439106123e-01	1.647636339913206294e-01	2.515483870185012960e-01	1.516318948447904214e-01	7.213668378326285047e-02	3.188249841065125822e-02	7.696015660719712770e-02
1.168321506597751068e+03	2.508715742742549382e-01	1.646205373838939834e-01	2.516795901870845231e-01	1.517228734861412742e-01	7.217775370585033379e-02	3.190832910574734060e-02	7.701934185666176047e-02
1.169772837661847461e+03	2.506668187600212261e-01	1.644776286657349540e-01	2.518105388497995367e-01	1.518137390167239309e-01	7.221876145367352173e-02	3.193410551397270897e-02	7.707840773970829618e-02
1.171224168725944082e+03	2.504624771571755670e-01	1.643349083022350721e-01	2.519412338129300433e-01	1.519044911070903947e-01	7.225970703750586588e-02	3.195982786797967740e-02	7.713735471471749872e-02
1.172675499790040703e+03	2.502585478376980199e-01	1.641923767469141704e-01	2.520716758767204690e-01	1.519951294349325133e-01	7.230059046929387945e-02	3.198549639816754969e-02	7.719618323590758668e-02
1.174126830854137097e+03	2.500550291893691157e-01	1.640500344415968537e-01	2.522018658354457377e-01	1.520856536849867768e-01	7.234141176213972069e-02	3.201111133271091619e-02	7.725489375338512321e-02
1.175578161918233945e+03	2.498519196155586930e-01	1.639078818165864981e-01	2.523318044774813806e-01	1.521760635489404767e-01	7.238217093028426197e-02	3.203667289758765219e-02	7.731348671319528132e-02
1.177029492982330339e+03	2.496492175350184528e-01	1.637659192908369477e-01	2.524614925853716496e-01	1.522663587253389739e-01	7.242286798909028378e-02	3.206218131660643761e-02	7.737196255737152639e-02
1.178480824046426733e+03	2.494469213816769004e-01	1.636241472721214063e-01	2.525909309358974619e-01	1.523565389194940223e-01	7.246350295502586303e-02	3.208763681143398522e-02	7.743032172398460478e-02
1.179932155110523581e+03	2.492450296044373959e-01	1.634825661571993605e-01	2.527201203001431251e-01	1.524466038433934245e-01	7.250407584564810826e-02	3.211303960162181781e-02	7.748856464719096337e-02
1.181383486174620202e+03	2.490435406669788965e-01	1.633411763319808918e-01	2.528490614435622841e-01	1.525365532156117143e-01	7.254458667958704754e-02	3.213838990463276091e-02	7.754669175728062802e-02
1.182834817238716823e+03	2.488424530475595864e-01	1.631999781716886033e-01	2.529777551260429802e-01	1.526263867612219494e-01	7.258503547652971066e-02	3.216368793586702607e-02	7.760470348072434632e-02
1.184286148302813444e+03	2.486417652388233090e-01	1.630589720410174637e-01	2.531062021019718777e-01	1.527161042117087253e-01	7.262542225720450273e-02	3.218893390868795418e-02	7.766260024022027253e-02
1.185737479366910065e+03	2.484414757476084978e-01	1.629181582942922091e-01	2.532344031202979906e-01	1.528057053048821612e-01	7.266574704336578594e-02	3.221412803444741874e-02	7.772038245474002793e-02
1.187188810431006686e+03	2.482415830947600766e-01	1.627775372756224970e-01	2.533623589245949104e-01	1.528951897847930508e-01	7.270600985777857239e-02	3.223927052251090303e-02	7.777805053957412285e-02
1.188640141495103080e+03	2.480420858149436636e-01	1.626371093190559503e-01	2.534900702531227568e-01	1.529845574016490684e-01	7.274621072420357770e-02	3.226436158028220258e-02	7.783560490637689289e-02
1.190091472559199701e+03	2.478429824564626627e-01	1.624968747487290921e-01	2.536175378388892954e-01	1.530738079117320294e-01	7.278634966738233014e-02	3.228940141322784313e-02	7.789304596321083851e-02
1.191542803623296322e+03	2.476442715810777684e-01	1.623568338790159493e-01	2.537447624097100563e-01	1.531629410773162336e-01	7.282642671302257120e-02	3.231439022490114471e-02	7.795037411459038168e-02
1.192994134687392716e+03	2.474459517638290806e-01	1.622169870146744908e-01	2.538717446882677309e-01	1.532519566665877797e-01	7.286644188778385045e-02	3.233932821696598042e-02	7.800758976152509516e-02
1.194445465751489564e+03	2.472480215928606340e-01	1.620773344509914282e-01	2.539984853921711250e-01	1.533408544535649620e-01	7.290639521926325917e-02	3.236421558922021602e-02	7.806469330156240449e-02
1.195896796815585958e+03	2.470504796692473137e-01	1.619378764739243526e-01	2.541249852340127235e-01	1.534296342180196393e-01	7.294628673598141377e-02	3.238905253961883723e-02	7.812168512882970706e-02
1.197348127879682352e+03	2.468533246068244924e-01	1.617986133602424548e-01	2.542512449214262005e-01	1.535182957453995189e-01	7.298611646736856418e-02	3.241383926429678569e-02	7.817856563407597770e-02
1.198799458943779200e+03	2.466565550320196643e-01	1.616595453776645819e-01	2.543772651571427068e-01	1.536068388267516904e-01	7.302588444375097965e-02	3.243857595759147561e-02	7.823533520471290248e-02
1.200250790007875821e+03	2.464601695836867445e-01	1.615206727849960444e-01	2.545030466390465484e-01	1.536952632586468803e-01	7.306559069633739023e-02	3.246326281206503295e-02	7.829199422485534632e-02
1.201702121071972442e+03	2.462641669129424782e-01	1.613819958322628978e-01	2.546285900602304197e-01	1.537835688431047065e-01	7.310523525720574733e-02	3.248790001852622927e-02	7.834854307536145979e-02
1.203153452136069063e+03	2.460685456830052908e-01	1.612435147608446417e-01	2.547538961090496379e-01	1.538717553875199873e-01	7.314481815929003983e-02	3.251248776605212415e-02	7.840498213387223081e-02
1.204604783200165684e+03	2.458733045690363050e-01	1.611052298036048380e-01	2.548789654691756557e-01	1.539598227045898549e-01	7.318433943636737382e-02	3.253702624200945082e-02	7.846131177485046737e-02
1.206056114264262078e+03	2.456784422579825766e-01	1.609671411850200906e-01	2.550037988196491301e-01	1.540477706122419799e-01	7.322379912304512184e-02	3.256151563207568961e-02	7.851753236961937776e-02
1.207507445328358699e+03	2.454839574484225795e-01	1.608292491213069997e-01	2.551283968349319919e-01	1.541355989335634613e-01	7.326319725474840505e-02	3.258595612025989852e-02	7.857364428640060960e-02
1.208958776392455093e+03	2.452898488504138275e-01	1.606915538205473393e-01	2.552527601849593486e-01	1.542233074967308826e-01	7.330253386770752000e-02	3.261034788892323844e-02	7.862964789035181701e-02
1.210410107456551941e+03	2.450961151853425779e-01	1.605540554828115696e-01	2.553768895351899992e-01	1.543108961349410058e-01	7.334180899894576777e-02	3.263469111879925555e-02	7.868554354360371428e-02
1.211861438520648335e+03	2.449027551857757556e-01	1.604167543002805174e-01	2.555007855466571720e-01	1.543983646863426318e-01	7.338102268626724156e-02	3.265898598901389310e-02	7.874133160529672715e-02
1.213312769584745183e+03	2.447097675953147922e-01	1.602796504573651137e-01	2.556244488760177624e-01	1.544857129939689599e-01	7.342017496824486400e-02	3.268323267710524643e-02	7.879701243161714441e-02
1.214764100648841804e+03	2.445171511684515742e-01	1.601427441308249655e-01	2.557478801756016273e-01	1.545729409056712245e-01	7.345926588420864656e-02	3.270743135904304738e-02	7.885258637583276997e-02
1.216215431712937971e+03	2.443249046704265570e-01	1.600060354898846793e-01	2.558710800934596574e-01	1.546600482740528859e-01	7.349829547423394893e-02	3.273158220924791278e-02	7.890805378832821404e-02
1.217666762777034819e+03	2.441330268770884881e-01	1.598695246963487415e-01	2.559940492734119610e-01	1.547470349564047110e-01	7.353726377913002987e-02	3.275568540061032929e-02	7.896341501663957374e-02
1.219118093841131440e+03	2.439415165747566006e-01	1.597332119047149557e-01	2.561167883550945490e-01	1.548339008146407680e-01	7.357617084042868127e-02	3.277974110450940920e-02	7.901867040548886389e-02
1.220569424905228061e+03	2.437503725600842219e-01	1.595970972622859363e-01	2.562392979740061860e-01	1.549206457152351724e-01	7.361501670037301492e-02	3.280374949083139646e-02	7.907382029681786495e-02
1.222020755969324682e+03	2.435595936399246320e-01	1.594611809092792154e-01	2.563615787615543540e-01	1.550072695291596636e-01	7.365380140190638802e-02	3.282771072798790907e-02	7.912886502982163783e-02
1.223472087033421303e+03	2.433691786311986960e-01	1.593254629789356835e-01	2.564836313451003824e-01	1.550937721318219886e-01	7.369252498866155077e-02	3.285162498293398708e-02	7.918380494098149758e-02
1.224923418097517697e+03	2.431791263607642750e-01	1.591899435976266708e-01	2.566054563480045236e-01	1.551801534030050056e-01	7.373118750494978002e-02	3.287549242118587012e-02	7.923864036409768163e-02
1.226374749161614318e+03	2.429894356652875231e-01	1.590546228849591959e-01	2.567270543896699730e-01	1.552664132268066211e-01	7.376978899575038773e-02	3.289931320683857352e-02	7.929337163032153246e-02
1.227826080225710712e+03	2.428001053911160445e-01	1.589195009538799941e-01	2.568484260855865564e-01	1.553525514915805317e-01	7.380832950670007664e-02	3.292308750258322869e-02	7.934799906818726378e-02
1.229277411289807560e+03	2.426111343941536602e-01	1.587845779107779354e-01	2.569695720473741951e-01	1.554385680898776878e-01	7.384680908408271238e-02	3.294681546972418745e-02	7.940252300364339377e-02
1.230728742353903954e+03	2.424225215397371180e-01	1.586498538555849713e-01	2.570904928828247060e-01	1.555244629183883953e-01	7.388522777481901227e-02	3.297049726819591131e-02	7.945694376008366477e-02
1.232180073418000802e+03	2.422342657025143009e-01	1.585153288818757500e-01	2.572111891959446006e-01	1.556102358778853612e-01	7.392358562645651165e-02	3.299413305657965256e-02	7.951126165837764381e-02
1.233631404482097196e+03	2.420463657663243506e-01	1.583810030769656207e-01	2.573316615869960522e-01	1.556958868731672940e-01	7.396188268715957193e-02	3.301772299211992029e-02	7.956547701690094843e-02
1.235082735546193817e+03	2.418588206240792904e-01	1.582468765220074736e-01	2.574519106525383072e-01	1.557814158130033100e-01	7.400011900569963830e-02	3.304126723074070349e-02	7.961959015156501451e-02
1.236534066610290438e+03	2.416716291776475067e-01	1.581129492920869684e-01	2.575719369854676533e-01	1.558668226100781151e-01	7.403829463144541434e-02	3.306476592706154155e-02	7.967360137584654500e-02
1.237985397674387059e+03	2.414847903377386196e-01	1.579792214563165709e-01	2.576917411750576092e-01	1.559521071809376880e-01	7.407640961435343896e-02	3.308821923441333107e-02	7.972751100081655606e-02
1.239436728738483680e+03	2.412983030237900173e-01	1.578456930779282841e-01	2.578113238069981716e-01	1.560372694459357945e-01	7.411446400495851072e-02	3.311162730485396610e-02	7.978131933516899310e-02
1.240888059802580301e+03	2.411121661638551683e-01	1.577123642143647975e-01	2.579306854634351720e-01	1.561223093291812802e-01	7.415245785436447301e-02	3.313499028918374251e-02	7.983502668524913859e-02
1.242339390866676695e+03	2.409263786944932373e-01	1.575792349173696649e-01	2.580498267230081355e-01	1.562072267584857788e-01	7.419039121423488814e-02	3.315830833696062352e-02	7.988863335508149255e-02
1.243790721930773088e+03	2.407409395606603664e-01	1.574463052330758728e-01	2.581687481608884727e-01	1.562920216653123917e-01	7.422826413678408619e-02	3.318158159651522776e-02	7.994213964639738934e-02
1.245242052994869937e+03	2.405558477156024000e-01	1.573135752020935751e-01	2.582874503488171158e-01	1.563766939847247017e-01	7.426607667476813057e-02	3.320481021496570623e-02	7.999554585866218426e-02
1.246693384058966330e+03	2.403711021207493026e-01	1.571810448595959142e-01	2.584059338551412677e-01	1.564612436553367292e-01	7.430382888147600562e-02	3.322799433823235560e-02	8.004885228910221806e-02
1.248144715123063179e+03	2.401867017456107423e-01	1.570487142354044241e-01	2.585241992448509274e-01	1.565456706192633607e-01	7.434152081072087359e-02	3.325113411105210665e-02	8.010205923273130968e-02
1.249596046187159800e+03	2.400026455676733950e-01	1.569165833540725752e-01	2.586422470796151396e-01	1.566299748220714994e-01	7.437915251683142881e-02	3.327422967699277673e-02	8.015516698237695747e-02
1.251047377251256421e+03	2.398189325722994703e-01	1.567846522349683469e-01	2.587600779178174104e-01	1.567141562127317422e-01	7.441672405464344608e-02	3.329728117846715574e-02	8.020817582870620743e-02
1.252498708315352815e+03	2.396355617526268189e-01	1.566529208923557182e-01	2.588776923145909015e-01	1.567982147435708074e-01	7.445423547949137077e-02	3.332028875674693247e-02	8.026108606025121606e-02
1.253950039379449436e+03	2.394525321094703729e-01	1.565213893354749086e-01	2.589950908218532355e-01	1.568821503702244047e-01	7.449168684720000599e-02	3.334325255197641280e-02	8.031389796343441079e-02
1.255401370443546057e+03	2.392698426512248899e-01	1.563900575686213712e-01	2.591122739883407466e-01	1.569659630515908844e-01	7.452907821407638023e-02	3.336617270318606443e-02	8.036661182259344227e-02
1.256852701507642678e+03	2.390874923937691410e-01	1.562589255912238406e-01	2.592292423596421758e-01	1.570496527497853290e-01	7.456640963690165658e-02	3.338904934830591587e-02	8.041922792000567866e-02
1.258304032571739299e+03	2.389054803603714028e-01	1.561279933979211887e-01	2.593459964782322547e-01	1.571332194300944785e-01	7.460368117292318080e-02	3.341188262417875421e-02	8.047174653591249172e-02
1.259755363635835920e+03	2.387238055815962268e-01	1.559972609786381137e-01	2.594625368835046242e-01	1.572166630609318216e-01	7.464089287984658483e-02	3.343467266657314252e-02	8.052416794854320992e-02
1.261206694699932314e+03	2.385424670952125681e-01	1.558667283186598029e-01	2.595788641118045303e-01	1.572999836137936869e-01	7.467804481582808462e-02	3.345741961019631922e-02	8.057649243413875229e-02
1.262658025764028707e+03	2.383614639461032192e-01	1.557363953987056238e-01	2.596949786964606877e-01	1.573831810632155548e-01	7.471513703946681961e-02	3.348012358870688238e-02	8.062872026697492922e-02
1.264109356828125556e+03	2.381807951861753259e-01	1.556062621950015934e-01	2.598108811678174201e-01	1.574662553867292591e-01	7.475216960979724767e-02	3.350278473472735608e-02	8.068085171938552125e-02
1.265560687892221949e+03	2.380004598742722910e-01	1.554763286793519050e-01	2.599265720532658586e-01	1.575492065648204376e-01	7.478914258628172052e-02	3.352540317985652080e-02	8.073288706178495533e-02
1.267012018956318798e+03	2.378204570760870107e-01	1.553465948192094270e-01	2.600420518772748601e-01	1.576320345808867318e-01	7.482605602880315621e-02	3.354797905468168834e-02	8.078482656269082851e-02
1.268463350020415419e+03	2.376407858640759985e-01	1.552170605777452028e-01	2.601573211614216508e-01	1.577147394211964038e-01	7.486290999765773946e-02	3.357051248879074079e-02	8.083667048874600136e-02
1.269914681084511813e+03	2.374614453173750084e-01	1.550877259139168962e-01	2.602723804244219674e-01	1.577973210748475352e-01	7.489970455354771905e-02	3.359300361078402380e-02	8.088841910474051100e-02
1.271366012148608434e+03	2.372824345217157405e-01	1.549585907825363207e-01	2.603872301821600899e-01	1.578797795337278098e-01	7.493643975757442732e-02	3.361545254828614271e-02	8.094007267363317881e-02
1.272817343212705055e+03	2.371037525693434900e-01	1.548296551343359140e-01	2.605018709477179839e-01	1.579621147924746005e-01	7.497311567123123022e-02	3.363785942795753658e-02	8.099163145657284346e-02
1.274268674276801676e+03	2.369253985589364064e-01	1.547009189160344911e-01	2.606163032314046668e-01	1.580443268484359176e-01	7.500973235639661618e-02	3.366022437550595520e-02	8.104309571291956615e-02
1.275720005340898297e+03	2.367473715955253077e-01	1.545723820704016926e-01	2.607305275407846845e-01	1.581264157016314953e-01	7.504628987532747930e-02	3.368254751569774164e-02	8.109446570026522527e-02
1.277171336404994690e+03	2.365696707904150764e-01	1.544440445363218228e-01	2.608445443807065889e-01	1.582083813547146001e-01	7.508278829065237470e-02	3.370482897236901781e-02	8.114574167445419428e-02
1.278622667469091539e+03	2.363922952611068606e-01	1.543159062488566602e-01	2.609583542533308598e-01	1.582902238129342554e-01	7.511922766536487106e-02	3.372706886843671731e-02	8.119692388960345064e-02
1.280073998533187932e+03	2.362152441312215523e-01	1.541879671393072693e-01	2.610719576581577162e-01	1.583719430840979658e-01	7.515560806281701423e-02	3.374926732590943779e-02	8.124801259812267085e-02
1.281525329597284326e+03	2.360385165304241528e-01	1.540602271352751462e-01	2.611853550920543721e-01	1.584535391785350245e-01	7.519192954671288787e-02	3.377142446589819630e-02	8.129900805073389525e-02
1.282976660661381175e+03	2.358621115943492219e-01	1.539326861607223651e-01	2.612985470492817375e-01	1.585350121090600417e-01	7.522819218110228523e-02	3.379354040862701802e-02	8.134991049649102635e-02
1.284427991725477568e+03	2.356860284645275194e-01	1.538053441360307250e-01	2.614115340215213967e-01	1.586163618909371131e-01	7.526439603037436699e-02	3.381561527344343482e-02	8.140072018279910504e-02
1.285879322789574417e+03	2.355102662883135078e-01	1.536782009780603142e-01	2.615243164979018098e-01	1.586975885418445698e-01	7.530054115925151337e-02	3.383764917882876866e-02	8.145143735543322605e-02
1.287330653853671038e+03	2.353348242188138817e-01	1.535512566002070478e-01	2.616368949650240139e-01	1.587786920818398395e-01	7.533662763278319019e-02	3.385964224240838039e-02	8.150206225855734232e-02
1.288781984917767431e+03	2.351597014148170406e-01	1.534245109124595108e-01	2.617492699069877138e-01	1.588596725333251136e-01	7.537265551633988425e-02	3.388159458096171722e-02	8.155259513474269473e-02
1.290233315981864052e+03	2.349848970407237281e-01	1.532979638214548301e-01	2.618614418054163728e-01	1.589405299210131794e-01	7.540862487560717753e-02	3.390350631043224233e-02	8.160303622498618625e-02
