1.001418434226643626e+03	2.854370205949749995e-01	1.708519713167568899e-01	2.344633582254422866e-01	1.423855678214437925e-01	6.911965535444149211e-02	2.762631040004229210e-02	7.011611628686374720e-02
1.002869765290740247e+03	2.851745104823201205e-01	1.706923946566016315e-01	2.346410363266334953e-01	1.424942562837707705e-01	6.916427067042102417e-02	2.765070751879237371e-02	7.018282406142606344e-02
1.004321096354836754e+03	2.849124538839050147e-01	1.705330936945852471e-01	2.348184010373089159e-01	1.426027486406751255e-01	6.920881043553882284e-02	2.767507334194370741e-02	7.024941896600864211e-02
1.005772427418933376e+03	2.846508500152503673e-01	1.703740679537566194e-01	2.349954529013382476e-01	1.427110452654354045e-01	6.925327477647059971e-02	2.769940790833026051e-02	7.031590117938397999e-02
1.007223758483029997e+03	2.843896980932376084e-01	1.702153169579926073e-01	2.351721924616497761e-01	1.428191465305199692e-01	6.929766381965736521e-02	2.772371125673367409e-02	7.038227088017448563e-02
1.008675089547126618e+03	2.841289973361067478e-01	1.700568402319963535e-01	2.353486202602319832e-01	1.429270528075894386e-01	6.934197769130624744e-02	2.774798342588342959e-02	7.044852824685118864e-02
1.010126420611223239e+03	2.838687469634539329e-01	1.698986373012960627e-01	2.355247368381351847e-01	1.430347644674992424e-01	6.938621651739143581e-02	2.777222445445698060e-02	7.051467345773250461e-02
1.011577751675319632e+03	2.836089461962290059e-01	1.697407076922433367e-01	2.357005427354731120e-01	1.431422818803019803e-01	6.943038042365502760e-02	2.779643438107989167e-02	7.058070669098297223e-02
1.013029082739416367e+03	2.833495942567332282e-01	1.695830509320118695e-01	2.358760384914245223e-01	1.432496054152498366e-01	6.947446953560793004e-02	2.782061324432600832e-02	7.064662812461197650e-02
1.014480413803512761e+03	2.830906903686166154e-01	1.694256665485959212e-01	2.360512246442348916e-01	1.433567354407970229e-01	6.951848397853067907e-02	2.784476108271758191e-02	7.071243793647254139e-02
1.015931744867609382e+03	2.828322337568761613e-01	1.692685540708089298e-01	2.362261017312179967e-01	1.434636723246022205e-01	6.956242387747435529e-02	2.786887793472542577e-02	7.077813630426015024e-02
1.017383075931706003e+03	2.825742236478528402e-01	1.691117130282819569e-01	2.364006702887575251e-01	1.435704164335309674e-01	6.960628935726136113e-02	2.789296383876904012e-02	7.084372340551151059e-02
1.018834406995802851e+03	2.823166592692294419e-01	1.689551429514624947e-01	2.365749308523087679e-01	1.436769681336579896e-01	6.965008054248630898e-02	2.791701883321677513e-02	7.090919941760343015e-02
1.020285738059899245e+03	2.820595398500285178e-01	1.687988433716126335e-01	2.367488839564000080e-01	1.437833277902695883e-01	6.969379755751685390e-02	2.794104295638595234e-02	7.097456451775162323e-02
1.021737069123995752e+03	2.818028646206097165e-01	1.686428138208079797e-01	2.369225301346344070e-01	1.438894957678659714e-01	6.973744052649449854e-02	2.796503624654301731e-02	7.103981888300960057e-02
1.023188400188092373e+03	2.815466328126674522e-01	1.684870538319361011e-01	2.370958699196913932e-01	1.439954724301636957e-01	6.978100957333541188e-02	2.798899874190366108e-02	7.110496269026753136e-02
1.024639731252188767e+03	2.812908436592285177e-01	1.683315629386950563e-01	2.372689038433284103e-01	1.441012581400979153e-01	6.982450482173126194e-02	2.801293048063297625e-02	7.116999611625111910e-02
1.026091062316285615e+03	2.810354963946500306e-01	1.681763406755920065e-01	2.374416324363823882e-01	1.442068532598247133e-01	6.986792639514997905e-02	2.803683150084557846e-02	7.123491933752054694e-02
1.027542393380382237e+03	2.807805902546168797e-01	1.680213865779418003e-01	2.376140562287714364e-01	1.443122581507234325e-01	6.991127441683660237e-02	2.806070184060575207e-02	7.129973253046933968e-02
1.028993724444478858e+03	2.805261244761393935e-01	1.678667001818655025e-01	2.377861757494964534e-01	1.444174731733989525e-01	6.995454900981402935e-02	2.808454153792757854e-02	7.136443587132340616e-02
1.030445055508575479e+03	2.802720982975509534e-01	1.677122810242890338e-01	2.379579915266425705e-01	1.445224986876839923e-01	6.999775029688380668e-02	2.810835063077506135e-02	7.142902953613987360e-02
1.031896386572671872e+03	2.800185109585059395e-01	1.675581286429417283e-01	2.381295040873809277e-01	1.446273350526413870e-01	7.004087840062690751e-02	2.813212915706227515e-02	7.149351370080617163e-02
1.033347717636768493e+03	2.797653616999771775e-01	1.674042425763549169e-01	2.383007139579700617e-01	1.447319826265663356e-01	7.008393344340449471e-02	2.815587715465348376e-02	7.155788854103890817e-02
1.034799048700865114e+03	2.795126497642536068e-01	1.672506223638605405e-01	2.384716216637576824e-01	1.448364417669886495e-01	7.012691554735867028e-02	2.817959466136327196e-02	7.162215423238292578e-02
1.036250379764961508e+03	2.792603743949381712e-01	1.670972675455897061e-01	2.386422277291821159e-01	1.449407128306750281e-01	7.016982483441330798e-02	2.820328171495668085e-02	7.168631095021033017e-02
1.037701710829058356e+03	2.790085348369453211e-01	1.669441776624713547e-01	2.388125326777739144e-01	1.450447961736312519e-01	7.021266142627466400e-02	2.822693835314933272e-02	7.175035886971950494e-02
1.039153041893154750e+03	2.787571303364987929e-01	1.667913522562307072e-01	2.389825370321575215e-01	1.451486921511044303e-01	7.025542544443223736e-02	2.825056461360754903e-02	7.181429816593412618e-02
1.040604372957251599e+03	2.785061601411293331e-01	1.666387908693880149e-01	2.391522413140526604e-01	1.452524011175851393e-01	7.029811701015944991e-02	2.827416053394849610e-02	7.187812901370221885e-02
1.042055704021347992e+03	2.782556234996723110e-01	1.664864930452571168e-01	2.393216460442760818e-01	1.453559234268097800e-01	7.034073624451436801e-02	2.829772615174028921e-02	7.194185158769531019e-02
1.043507035085444613e+03	2.780055196622656655e-01	1.663344583279439959e-01	2.394907517427429522e-01	1.454592594317626053e-01	7.038328326834043802e-02	2.832126150450213486e-02	7.200546606240738889e-02
1.044958366149541234e+03	2.777558478803473507e-01	1.661826862623454748e-01	2.396595589284686301e-01	1.455624094846779404e-01	7.042575820226723571e-02	2.834476662970443830e-02	7.206897261215408634e-02
1.046409697213637855e+03	2.775066074066530608e-01	1.660311763941477448e-01	2.398280681195701092e-01	1.456653739370423750e-01	7.046816116671111851e-02	2.836824156476894579e-02	7.213237141107177453e-02
1.047861028277734476e+03	2.772577974952143420e-01	1.658799282698250055e-01	2.399962798332674341e-01	1.457681531395968733e-01	7.051049228187596107e-02	2.839168634706883826e-02	7.219566263311669174e-02
1.049312359341831097e+03	2.770094174013557620e-01	1.657289414366381330e-01	2.401641945858855043e-01	1.458707474423390216e-01	7.055275166775382134e-02	2.841510101392888746e-02	7.225884645206406831e-02
1.050763690405927491e+03	2.767614663816930221e-01	1.655782154426331254e-01	2.403318128928555453e-01	1.459731571945250272e-01	7.059493944412567612e-02	2.843848560262554961e-02	7.232192304150726614e-02
1.052215021470024112e+03	2.765139436941305706e-01	1.654277498366400201e-01	2.404991352687165795e-01	1.460753827446718833e-01	7.063705573056207332e-02	2.846184015038709034e-02	7.238489257485697381e-02
1.053666352534120733e+03	2.762668485978594379e-01	1.652775441682712287e-01	2.406661622271170364e-01	1.461774244405595891e-01	7.067910064642383972e-02	2.848516469439370605e-02	7.244775522534036005e-02
1.055117683598217127e+03	2.760201803533548492e-01	1.651275979879203160e-01	2.408328942808163065e-01	1.462792826292330650e-01	7.072107431086271934e-02	2.850845927177764194e-02	7.251051116600028268e-02
1.056569014662313975e+03	2.757739382223740598e-01	1.649779108467605837e-01	2.409993319416862123e-01	1.463809576570044568e-01	7.076297684282205347e-02	2.853172391962330648e-02	7.257316056969449758e-02
1.058020345726410369e+03	2.755281214679540791e-01	1.648284822967437668e-01	2.411654757207125910e-01	1.464824498694550503e-01	7.080480836103746067e-02	2.855495867496739282e-02	7.263570360909481216e-02
1.059471676790506763e+03	2.752827293544094500e-01	1.646793118905985620e-01	2.413313261279968758e-01	1.465837596114373809e-01	7.084656898403746128e-02	2.857816357479898289e-02	7.269814045668640534e-02
1.060923007854603611e+03	2.750377611473300843e-01	1.645303991818292677e-01	2.414968836727575674e-01	1.466848872270773707e-01	7.088825883014417129e-02	2.860133865605967232e-02	7.276047128476699488e-02
1.062374338918700232e+03	2.747932161135787643e-01	1.643817437247145630e-01	2.416621488633317882e-01	1.467858330597763550e-01	7.092987801747389909e-02	2.862448395564367448e-02	7.282269626544611574e-02
1.063825669982796853e+03	2.745490935212892003e-01	1.642333450743059253e-01	2.418271222071767812e-01	1.468865974522130524e-01	7.097142666393781163e-02	2.864759951039794542e-02	7.288481557064441230e-02
1.065277001046893474e+03	2.743053926398637543e-01	1.640852027864265761e-01	2.419918042108714917e-01	1.469871807463456748e-01	7.101290488724257277e-02	2.867068535712228097e-02	7.294682937209283347e-02
1.066728332110990095e+03	2.740621127399710533e-01	1.639373164176698150e-01	2.421561953801180389e-01	1.470875832834138974e-01	7.105431280489094004e-02	2.869374153256944171e-02	7.300873784133199429e-02
1.068179663175086489e+03	2.738192530935439351e-01	1.637896855253978823e-01	2.423202962197432142e-01	1.471878054039409967e-01	7.109565053418244462e-02	2.871676807344525698e-02	7.307054114971144043e-02
1.069630994239183110e+03	2.735768129737772281e-01	1.636423096677404876e-01	2.424841072337000636e-01	1.472878474477357091e-01	7.113691819221394652e-02	2.873976501640872899e-02	7.313223946838898204e-02
1.071082325303279504e+03	2.733347916551254753e-01	1.634951884035935610e-01	2.426476289250693863e-01	1.473877097538942305e-01	7.117811589588030063e-02	2.876273239807215429e-02	7.319383296832999986e-02
1.072533656367376352e+03	2.730931884133007137e-01	1.633483212926178374e-01	2.428108617960611781e-01	1.474873926608024355e-01	7.121924376187493966e-02	2.878567025500121737e-02	7.325532182030675132e-02
1.073984987431472746e+03	2.728520025252704762e-01	1.632017078952375244e-01	2.429738063480162691e-01	1.475868965061374882e-01	7.126030190669047082e-02	2.880857862371511216e-02	7.331670619489775997e-02
1.075436318495569594e+03	2.726112332692551821e-01	1.630553477726390255e-01	2.431364630814076833e-01	1.476862216268701178e-01	7.130129044661927262e-02	2.883145754068664260e-02	7.337798626248716316e-02
1.076887649559666215e+03	2.723708799247264167e-01	1.629092404867694965e-01	2.432988324958422488e-01	1.477853683592664225e-01	7.134220949775413323e-02	2.885430704234232327e-02	7.343916219326401817e-02
1.078338980623762609e+03	2.721309417724044333e-01	1.627633856003355972e-01	2.434609150900620966e-01	1.478843370388898959e-01	7.138305917598877781e-02	2.887712716506248695e-02	7.350023415722176101e-02
1.079790311687859230e+03	2.718914180942560987e-01	1.626177826768021584e-01	2.436227113619460760e-01	1.479831280006033423e-01	7.142383959701847918e-02	2.889991794518139909e-02	7.356120232415752636e-02
1.081241642751955851e+03	2.716523081734925626e-01	1.624724312803907944e-01	2.437842218085112811e-01	1.480817415785707913e-01	7.146455087634065451e-02	2.892267941898735845e-02	7.362206686367160635e-02
1.082692973816052472e+03	2.714136112945674251e-01	1.623273309760786265e-01	2.439454469259146330e-01	1.481801781062594137e-01	7.150519312925539273e-02	2.894541162272277687e-02	7.368282794516678447e-02
1.084144304880149093e+03	2.711753267431740722e-01	1.621824813295969780e-01	2.441063872094541842e-01	1.482784379164415189e-01	7.154576647086607899e-02	2.896811459258432156e-02	7.374348573784783589e-02
1.085595635944245487e+03	2.709374538062440663e-01	1.620378819074299870e-01	2.442670431535708953e-01	1.483765213411963324e-01	7.158627101607992205e-02	2.899078836472298096e-02	7.380404041072088916e-02
1.087046967008342108e+03	2.706999917719443705e-01	1.618935322768133012e-01	2.444274152518497722e-01	1.484744287119120487e-01	7.162670687960850935e-02	2.901343297524418621e-02	7.386449213259285718e-02
1.088498298072438729e+03	2.704629399296757386e-01	1.617494320057328572e-01	2.445875039970216436e-01	1.485721603592875528e-01	7.166707417596840379e-02	2.903604846020790831e-02	7.392484107207095145e-02
1.089949629136535123e+03	2.702262975700701619e-01	1.616055806629234370e-01	2.447473098809644088e-01	1.486697166133344739e-01	7.170737301948165721e-02	2.905863485562875520e-02	7.398508739756208541e-02
1.091400960200631971e+03	2.699900639849890926e-01	1.614619778178673914e-01	2.449068333947047316e-01	1.487670978033789337e-01	7.174760352427637933e-02	2.908119219747606551e-02	7.404523127727238863e-02
1.092852291264728365e+03	2.697542384675208904e-01	1.613186230407933908e-01	2.450660750284194001e-01	1.488643042580634623e-01	7.178776580428725129e-02	2.910372052167402301e-02	7.410527287920659623e-02
1.094303622328825213e+03	2.695188203119789350e-01	1.611755159026750650e-01	2.452250352714367698e-01	1.489613363053488015e-01	7.182785997325609462e-02	2.912621986410172947e-02	7.416521237116760479e-02
1.095754953392921607e+03	2.692838088138994612e-01	1.610326559752297271e-01	2.453837146122382629e-01	1.490581942725158759e-01	7.186788614473238468e-02	2.914869026059333304e-02	7.422504992075598662e-02
1.097206284457018228e+03	2.690492032700392833e-01	1.608900428309170128e-01	2.455421135384598663e-01	1.491548784861674859e-01	7.190784443207381971e-02	2.917113174693809763e-02	7.428478569536942078e-02
1.098657615521114849e+03	2.688150029783738515e-01	1.607476760429376872e-01	2.457002325368935758e-01	1.492513892722302504e-01	7.194773494844677875e-02	2.919354435888051047e-02	7.434441986220227672e-02
1.100108946585211470e+03	2.685812072380951432e-01	1.606055551852322572e-01	2.458580720934888664e-01	1.493477269559563558e-01	7.198755780682689065e-02	2.921592813212037926e-02	7.440395258824508695e-02
1.101560277649308091e+03	2.683478153496091645e-01	1.604636798324797220e-01	2.460156326933541360e-01	1.494438918619254431e-01	7.202731311999953367e-02	2.923828310231292235e-02	7.446338404028411684e-02
1.103011608713404712e+03	2.681148266145341741e-01	1.603220495600962137e-01	2.461729148207581486e-01	1.495398843140463285e-01	7.206700100056039060e-02	2.926060930506886246e-02	7.452271438490086497e-02
1.104462939777501106e+03	2.678822403356986848e-01	1.601806639442338309e-01	2.463299189591315330e-01	1.496357046355588916e-01	7.210662156091590669e-02	2.928290677595452376e-02	7.458194378847166073e-02
1.105914270841597499e+03	2.676500558171389654e-01	1.600395225617791961e-01	2.464866455910682264e-01	1.497313531490357952e-01	7.214617491328378929e-02	2.930517555049192216e-02	7.464107241716717855e-02
1.107365601905694348e+03	2.674182723640971537e-01	1.598986249903523171e-01	2.466430951983268338e-01	1.498268301763842902e-01	7.218566116969354907e-02	2.932741566415885889e-02	7.470010043695204938e-02
1.108816932969790741e+03	2.671868892830191466e-01	1.597579708083052552e-01	2.467992682618322386e-01	1.499221360388480473e-01	7.222508044198698574e-02	2.934962715238901079e-02	7.475902801358437488e-02
1.110268264033887590e+03	2.669559058815524355e-01	1.596175595947207648e-01	2.469551652616769066e-01	1.500172710570088774e-01	7.226443284181867377e-02	2.937181005057202740e-02	7.481785531261536670e-02
1.111719595097984211e+03	2.667253214685441076e-01	1.594773909294111558e-01	2.471107866771224126e-01	1.501122355507884809e-01	7.230371848065644813e-02	2.939396439405361425e-02	7.487658249938891619e-02
1.113170926162080832e+03	2.664951353540385703e-01	1.593374643929168499e-01	2.472661329866008284e-01	1.502070298394502235e-01	7.234293746978190387e-02	2.941609021813561958e-02	7.493520973904119198e-02
1.114622257226177226e+03	2.662653468492756081e-01	1.591977795665052986e-01	2.474212046677161381e-01	1.503016542416008017e-01	7.238208992029086797e-02	2.943818755807613152e-02	7.499373719650026526e-02
1.116073588290273847e+03	2.660359552666883842e-01	1.590583360321695394e-01	2.475760021972457647e-01	1.503961090751922136e-01	7.242117594309388506e-02	2.946025644908956478e-02	7.505216503648570736e-02
1.117524919354370468e+03	2.658069599199010535e-01	1.589191333726270861e-01	2.477305260511419582e-01	1.504903946575232299e-01	7.246019564891671705e-02	2.948229692634675089e-02	7.511049342350822888e-02
1.118976250418467089e+03	2.655783601237270419e-01	1.587801711713184571e-01	2.478847767045331829e-01	1.505845113052411977e-01	7.249914914830074553e-02	2.950430902497502145e-02	7.516872252186930503e-02
1.120427581482563710e+03	2.653501551941667702e-01	1.586414490124061494e-01	2.480387546317255887e-01	1.506784593343438450e-01	7.253803655160352692e-02	2.952629278005830180e-02	7.522685249566080090e-02
1.121878912546660331e+03	2.651223444484054892e-01	1.585029664807731942e-01	2.481924603062043988e-01	1.507722390601809181e-01	7.257685796899918107e-02	2.954824822663718389e-02	7.528488350876465229e-02
1.123330243610756725e+03	2.648949272048113923e-01	1.583647231620219920e-01	2.483458942006353531e-01	1.508658507974558471e-01	7.261561351047887691e-02	2.957017539970903039e-02	7.534281572485249101e-02
1.124781574674853118e+03	2.646679027829335062e-01	1.582267186424730077e-01	2.484990567868662070e-01	1.509592948602274942e-01	7.265430328585134601e-02	2.959207433422805442e-02	7.540064930738533955e-02
1.126232905738949967e+03	2.644412705034996369e-01	1.580889525091635772e-01	2.486519485359279802e-01	1.510525715619118747e-01	7.269292740474325720e-02	2.961394506510539593e-02	7.545838441961323639e-02
1.127684236803046360e+03	2.642150296884142602e-01	1.579514243498465476e-01	2.488045699180365389e-01	1.511456812152837115e-01	7.273148597659971626e-02	2.963578762720920842e-02	7.551602122457497235e-02
1.129135567867143209e+03	2.639891796607564678e-01	1.578141337529891386e-01	2.489569214025938448e-01	1.512386241324783220e-01	7.276997911068468217e-02	2.965760205536476304e-02	7.557355988509771583e-02
1.130586898931239830e+03	2.637637197447780246e-01	1.576770803077716110e-01	2.491090034581895651e-01	1.513314006249930066e-01	7.280840691608143900e-02	2.967938838435450061e-02	7.563100056379672143e-02
1.132038229995336451e+03	2.635386492659013702e-01	1.575402636040861282e-01	2.492608165526022379e-01	1.514240110036889353e-01	7.284676950169302612e-02	2.970114664891813569e-02	7.568834342307508012e-02
1.133489561059432845e+03	2.633139675507170652e-01	1.574036832325353963e-01	2.494123611528008821e-01	1.515164555787927025e-01	7.288506697624268227e-02	2.972287688375273643e-02	7.574558862512338619e-02
1.134940892123529466e+03	2.630896739269825702e-01	1.572673387844314707e-01	2.495636377249463023e-01	1.516087346598979924e-01	7.292329944827426191e-02	2.974457912351280084e-02	7.580273633191940419e-02
1.136392223187626087e+03	2.628657677236195811e-01	1.571312298517945349e-01	2.497146467343925313e-01	1.517008485559672160e-01	7.296146702615270707e-02	2.976625340281034357e-02	7.585978670522787459e-02
1.137843554251722708e+03	2.626422482707122530e-01	1.569953560273515958e-01	2.498653886456881912e-01	1.517927975753331216e-01	7.299956981806440814e-02	2.978789975621497568e-02	7.591673990660020854e-02
1.139294885315819101e+03	2.624191148995051459e-01	1.568597169045353734e-01	2.500158639225778523e-01	1.518845820257004875e-01	7.303760793201773127e-02	2.980951821825398099e-02	7.597359609737419639e-02
1.140746216379915950e+03	2.621963669424011156e-01	1.567243120774829412e-01	2.501660730280035327e-01	1.519762022141476487e-01	7.307558147584332364e-02	2.983110882341240278e-02	7.603035543867378565e-02
1.142197547444012343e+03	2.619740037329594262e-01	1.565891411410345324e-01	2.503160164241060581e-01	1.520676584471281900e-01	7.311349055719462697e-02	2.985267160613312362e-02	7.608701809140881733e-02
1.143648878508108737e+03	2.617520246058935851e-01	1.564542036907324296e-01	2.504656945722263384e-01	1.521589510304725001e-01	7.315133528354825221e-02	2.987420660081693824e-02	7.614358421627473450e-02
1.145100209572205586e+03	2.615304288970695112e-01	1.563194993228195495e-01	2.506151079329068110e-01	1.522500802693893818e-01	7.318911576220439585e-02	2.989571384182263328e-02	7.620005397375242961e-02
1.146551540636302207e+03	2.613092159435033701e-01	1.561850276342383326e-01	2.507642569658931064e-01	1.523410464684676335e-01	7.322683210028727019e-02	2.991719336346707059e-02	7.625642752410793923e-02
1.148002871700398828e+03	2.610883850833596864e-01	1.560507882226294940e-01	2.509131421301347697e-01	1.524318499316776876e-01	7.326448440474549184e-02	2.993864520002526008e-02	7.631270502739223582e-02
1.149454202764495449e+03	2.608679356559492901e-01	1.559167806863308303e-01	2.510617638837873700e-01	1.525224909623731639e-01	7.330207278235248425e-02	2.996006938573044648e-02	7.636888664344104738e-02
1.150905533828591842e+03	2.606478670017272070e-01	1.557830046243759703e-01	2.512101226842134438e-01	1.526129698632923692e-01	7.333959733970689399e-02	2.998146595477417520e-02	7.642497253187457984e-02
1.152356864892688463e+03	2.604281784622908824e-01	1.556494596364931537e-01	2.513582189879837725e-01	1.527032869365600176e-01	7.337705818323300710e-02	3.000283494130637219e-02	7.648096285209733669e-02
1.153808195956785084e+03	2.602088693803780717e-01	1.555161453231041213e-01	2.515060532508792690e-01	1.527934424836885907e-01	7.341445541918109607e-02	3.002417637943542369e-02	7.653685776329791079e-02
1.155259527020881706e+03	2.599899390998648419e-01	1.553830612853226989e-01	2.516536259278918664e-01	1.528834368055801418e-01	7.345178915362787775e-02	3.004549030322824221e-02	7.659265742444884562e-02
1.156710858084978327e+03	2.597713869657635732e-01	1.552502071249538262e-01	2.518009374732260719e-01	1.529732702025275726e-01	7.348905949247684644e-02	3.006677674671036013e-02	7.664836199430632990e-02
1.158162189149074720e+03	2.595532123242210720e-01	1.551175824444921969e-01	2.519479883403001885e-01	1.530629429742163816e-01	7.352626654145866247e-02	3.008803574386598179e-02	7.670397163141012831e-02
1.159613520213171569e+03	2.593354145225164609e-01	1.549851868471210370e-01	2.520947789817480356e-01	1.531524554197261079e-01	7.356341040613163795e-02	3.010926732863807714e-02	7.675948649408331770e-02
1.161064851277267962e+03	2.591179929090592915e-01	1.548530199367110782e-01	2.522413098494198369e-01	1.532418078375318571e-01	7.360049119188200040e-02	3.013047153492844077e-02	7.681490674043214839e-02
1.162516182341364356e+03	2.589009468333876574e-01	1.547210813178191702e-01	2.523875813943838309e-01	1.533310005255059116e-01	7.363750900392433685e-02	3.015164839659778204e-02	7.687023252834590537e-02
1.163967513405461204e+03	2.586842756461661397e-01	1.545893705956871700e-01	2.525335940669277135e-01	1.534200337809191184e-01	7.367446394730195469e-02	3.017279794746577717e-02	7.692546401549670010e-02
1.165418844469557826e+03	2.584679786991837536e-01	1.544578873762407212e-01	2.526793483165598597e-01	1.535089079004424983e-01	7.371135612688724248e-02	3.019392022131116640e-02	7.698060135933931791e-02
1.166870175533654447e+03	2.582520553453521162e-01	1.543266312660881434e-01	2.528248445920106002e-01	1.535976231801487457e-01	7.374818564738210014e-02	3.021501525187180598e-02	7.703564471711110695e-02
1.168321506597751068e+03	2.580365049387035037e-01	1.541956018725190725e-01	2.529700833412336647e-01	1.536861799155136155e-01	7.378495261331825816e-02	3.023608307284474800e-02	7.709059424583177000e-02
1.169772837661847461e+03	2.578213268343887421e-01	1.540647988035035165e-01	2.531150650114075695e-01	1.537745784014176165e-01	7.382165712905763844e-02	3.025712371788631325e-02	7.714545010230329514e-02
1.171224168725944082e+03	2.576065203886753752e-01	1.539342216676903852e-01	2.532597900489368392e-01	1.538628189321472883e-01	7.385829929879278444e-02	3.027813722061216406e-02	7.720021244310977526e-02
1.172675499790040703e+03	2.573920849589458881e-01	1.538038700744065457e-01	2.534042588994535050e-01	1.539509018013968944e-01	7.389487922654718044e-02	3.029912361459736678e-02	7.725488142461728325e-02
1.174126830854137097e+03	2.571780199036954317e-01	1.536737436336554352e-01	2.535484720078182708e-01	1.540388273022696708e-01	7.393139701617559845e-02	3.032008293337646807e-02	7.730945720297374701e-02
1.175578161918233945e+03	2.569643245825300459e-01	1.535438419561161172e-01	2.536924298181220672e-01	1.541265957272794918e-01	7.396785277136450065e-02	3.034101521044356431e-02	7.736393993410885239e-02
1.177029492982330339e+03	2.567509983561647724e-01	1.534141646531418934e-01	2.538361327736869399e-01	1.542142073683522296e-01	7.400424659563238639e-02	3.036192047925237447e-02	7.741832977373391822e-02
1.178480824046426733e+03	2.565380405864217117e-01	1.532847113367593050e-01	2.539795813170680483e-01	1.543016625168272538e-01	7.404057859233011130e-02	3.038279877321630601e-02	7.747262687734177145e-02
1.179932155110523581e+03	2.563254506362279694e-01	1.531554816196667168e-01	2.541227758900544420e-01	1.543889614634588459e-01	7.407684886464127594e-02	3.040365012570852427e-02	7.752683140020663610e-02
1.181383486174620202e+03	2.561132278696139353e-01	1.530264751152334290e-01	2.542657169336707268e-01	1.544761044984177545e-01	7.411305751558258659e-02	3.042447457006201839e-02	7.758094349738405004e-02
1.182834817238716823e+03	2.559013716517111181e-01	1.528976914374983453e-01	2.544084048881780080e-01	1.545630919112924440e-01	7.414920464800414668e-02	3.044527213956967071e-02	7.763496332371079556e-02
1.184286148302813444e+03	2.556898813487504252e-01	1.527691302011687791e-01	2.545508401930755560e-01	1.546499239910907875e-01	7.418529036458988701e-02	3.046604286748433310e-02	7.768889103380478833e-02
1.185737479366910065e+03	2.554787563280602192e-01	1.526407910216194264e-01	2.546930232871020272e-01	1.547366010262412328e-01	7.422131476785784332e-02	3.048678678701887898e-02	7.774272678206493870e-02
1.187188810431006686e+03	2.552679959580643199e-01	1.525126735148910617e-01	2.548349546082367412e-01	1.548231233045944122e-01	7.425727796016051707e-02	3.050750393134628313e-02	7.779647072267117935e-02
1.188640141495103080e+03	2.550575996082801722e-01	1.523847772976894555e-01	2.549766345937010681e-01	1.549094911134245023e-01	7.429318004368523631e-02	3.052819433359968762e-02	7.785012300958428499e-02
1.190091472559199701e+03	2.548475666493170144e-01	1.522571019873842080e-01	2.551180636799597057e-01	1.549957047394306675e-01	7.432902112045447485e-02	3.054885802687245383e-02	7.790368379654588615e-02
1.191542803623296322e+03	2.546378964528737132e-01	1.521296472020075841e-01	2.552592423027219559e-01	1.550817644687383923e-01	7.436480129232617142e-02	3.056949504421825267e-02	7.795715323707831657e-02
1.192994134687392716e+03	2.544285883917370983e-01	1.520024125602533471e-01	2.554001708969430018e-01	1.551676705869010076e-01	7.440052066099413219e-02	3.059010541865111316e-02	7.801053148448464092e-02
1.194445465751489564e+03	2.542196418397801305e-01	1.518753976814756490e-01	2.555408498968252951e-01	1.552534233789010232e-01	7.443617932798825276e-02	3.061068918314549178e-02	7.806381869184852995e-02
1.195896796815585958e+03	2.540110561719597926e-01	1.517486021856878087e-01	2.556812797358198330e-01	1.553390231291514600e-01	7.447177739467494839e-02	3.063124637063633499e-02	7.811701501203420495e-02
1.197348127879682352e+03	2.538028307643152570e-01	1.516220256935611743e-01	2.558214608466274909e-01	1.554244701214973767e-01	7.450731496225744543e-02	3.065177701401915200e-02	7.817012059768643772e-02
1.198799458943779200e+03	2.535949649939661654e-01	1.514956678264240963e-01	2.559613936612002982e-01	1.555097646392171462e-01	7.454279213177610053e-02	3.067228114615007037e-02	7.822313560123049514e-02
1.200250790007875821e+03	2.533874582391105745e-01	1.513695282062606506e-01	2.561010786107425496e-01	1.555949069650238714e-01	7.457820900410873366e-02	3.069275879984590186e-02	7.827606017487205581e-02
1.201702121071972442e+03	2.531803098790231243e-01	1.512436064557095561e-01	2.562405161257124697e-01	1.556798973810667730e-01	7.461356567997094735e-02	3.071321000788421879e-02	7.832889447059719623e-02
1.203153452136069063e+03	2.529735192940532618e-01	1.511179021980629811e-01	2.563797066358232679e-01	1.557647361689325494e-01	7.464886225991643198e-02	3.073363480300339914e-02	7.838163864017237692e-02
1.204604783200165684e+03	2.527670858656231867e-01	1.509924150572654611e-01	2.565186505700444708e-01	1.558494236096467367e-01	7.468409884433734047e-02	3.075403321790270289e-02	7.843429283514437300e-02
1.206056114264262078e+03	2.525610089762261867e-01	1.508671446579127329e-01	2.566573483566031433e-01	1.559339599836750134e-01	7.471927553346452422e-02	3.077440528524232402e-02	7.848685720684031586e-02
1.207507445328358699e+03	2.523552880094245832e-01	1.507420906252506243e-01	2.567958004229852764e-01	1.560183455709247269e-01	7.475439242736794943e-02	3.079475103764346341e-02	7.853933190636759598e-02
1.208958776392455093e+03	2.521499223498480102e-01	1.506172525851739441e-01	2.569340071959371197e-01	1.561025806507460034e-01	7.478944962595691914e-02	3.081507050768838435e-02	7.859171708461389072e-02
1.210410107456551941e+03	2.519449113831914722e-01	1.504926301642252606e-01	2.570719691014661801e-01	1.561866655019333028e-01	7.482444722898037859e-02	3.083536372792048189e-02	7.864401289224713654e-02
1.211861438520648335e+03	2.517402544962137334e-01	1.503682229895938471e-01	2.572096865648428876e-01	1.562706004027265561e-01	7.485938533602733147e-02	3.085563073084433491e-02	7.869621947971554288e-02
1.213312769584745183e+03	2.515359510767349871e-01	1.502440306891146271e-01	2.573471600106015389e-01	1.563543856308127478e-01	7.489426404652707592e-02	3.087587154892577207e-02	7.874833699724756442e-02
1.214764100648841804e+03	2.513320005136354118e-01	1.501200528912668419e-01	2.574843898625417959e-01	1.564380214633270261e-01	7.492908345974948203e-02	3.089608621459193766e-02	7.880036559485185943e-02
1.216215431712937971e+03	2.511284021968532287e-01	1.499962892251731350e-01	2.576213765437297964e-01	1.565215081768541738e-01	7.496384367480533883e-02	3.091627476023134369e-02	7.885230542231738693e-02
1.217666762777034819e+03	2.509251555173828141e-01	1.498727393205982472e-01	2.577581204764995970e-01	1.566048460474298021e-01	7.499854479064665957e-02	3.093643721819393580e-02	7.890415662921335116e-02
1.219118093841131440e+03	2.507222598672728675e-01	1.497494028079481565e-01	2.578946220824542279e-01	1.566880353505417378e-01	7.503318690606700092e-02	3.095657362079115571e-02	7.895591936488920159e-02
1.220569424905228061e+03	2.505197146396246910e-01	1.496262793182686901e-01	2.580308817824672474e-01	1.567710763611313840e-01	7.506777011970171276e-02	3.097668400029599672e-02	7.900759377847467457e-02
1.222020755969324682e+03	2.503175192285901907e-01	1.495033684832445531e-01	2.581668999966836298e-01	1.568539693535949131e-01	7.510229453002825739e-02	3.099676838894305925e-02	7.905918001887982105e-02
1.223472087033421303e+03	2.501156730293701003e-01	1.493806699351982181e-01	2.583026771445213754e-01	1.569367146017845993e-01	7.513676023536652870e-02	3.101682681892862364e-02	7.911067823479495109e-02
1.224923418097517697e+03	2.499141754382122604e-01	1.492581833070887598e-01	2.584382136446725098e-01	1.570193123790102618e-01	7.517116733387911587e-02	3.103685932241069187e-02	7.916208857469077265e-02
1.226374749161614318e+03	2.497130258524096480e-01	1.491359082325107721e-01	2.585735099151046934e-01	1.571017629580403197e-01	7.520551592357159476e-02	3.105686593150906033e-02	7.921341118681832216e-02
1.227826080225710712e+03	2.495122236702987384e-01	1.490138443456933137e-01	2.587085663730618879e-01	1.571840666111032347e-01	7.523980610229287491e-02	3.107684667830538233e-02	7.926464621920903397e-02
1.229277411289807560e+03	2.493117682912574518e-01	1.488919912814987145e-01	2.588433834350661877e-01	1.572662236098887334e-01	7.527403796773543543e-02	3.109680159484319931e-02	7.931579381967478193e-02
1.230728742353903954e+03	2.491116591157035709e-01	1.487703486754215210e-01	2.589779615169187643e-01	1.573482342255491384e-01	7.530821161743561643e-02	3.111673071312803449e-02	7.936685413580787940e-02
1.232180073418000802e+03	2.489118955450928816e-01	1.486489161635873857e-01	2.591123010337011423e-01	1.574300987287005626e-01	7.534232714877393822e-02	3.113663406512743106e-02	7.941782731498116255e-02
1.233631404482097196e+03	2.487124769819172021e-01	1.485276933827520407e-01	2.592464023997765321e-01	1.575118173894242968e-01	7.537638465897536499e-02	3.115651168277100425e-02	7.946871350434800418e-02
1.235082735546193817e+03	2.485134028297027731e-01	1.484066799703000761e-01	2.593802660287911621e-01	1.575933904772679195e-01	7.541038424510958238e-02	3.117636359795050716e-02	7.951951285084238319e-02
1.236534066610290438e+03	2.483146724930084259e-01	1.482858755642439130e-01	2.595138923336752224e-01	1.576748182612467131e-01	7.544432600409133050e-02	3.119618984251989677e-02	7.957022550117889836e-02
1.237985397674387059e+03	2.481162853774237231e-01	1.481652798032226659e-01	2.596472817266443078e-01	1.577561010098448013e-01	7.547821003268059825e-02	3.121599044829537553e-02	7.962085160185286559e-02
1.239436728738483680e+03	2.479182408895672096e-01	1.480448923265011707e-01	2.597804346192006397e-01	1.578372389910165097e-01	7.551203642748299805e-02	3.123576544705545383e-02	7.967139129914033169e-02
1.240888059802580301e+03	2.477205384370846086e-01	1.479247127739687639e-01	2.599133514221342867e-01	1.579182324721874753e-01	7.554580528494997393e-02	3.125551487054101241e-02	7.972184473909815772e-02
1.242339390866676695e+03	2.475231774286470454e-01	1.478047407861382834e-01	2.600460325455244415e-01	1.579990817202560072e-01	7.557951670137912081e-02	3.127523875045533364e-02	7.977221206756407446e-02
1.243790721930773088e+03	2.473261572739492431e-01	1.476849760041449577e-01	2.601784783987404759e-01	1.580797870015942519e-01	7.561317077291444810e-02	3.129493711846419168e-02	7.982249343015675180e-02
1.245242052994869937e+03	2.471294773837078573e-01	1.475654180697452689e-01	2.603106893904432728e-01	1.581603485820495258e-01	7.564676759554662955e-02	3.131461000619589069e-02	7.987268897227586817e-02
1.246693384058966330e+03	2.469331371696595334e-01	1.474460666253159802e-01	2.604426659285866141e-01	1.582407667269453699e-01	7.568030726511335016e-02	3.133425744524132028e-02	7.992279883910213822e-02
1.248144715123063179e+03	2.467371360445591855e-01	1.473269213138529710e-01	2.605744084204182354e-01	1.583210417010829929e-01	7.571378987729947274e-02	3.135387946715401108e-02	7.997282317559746556e-02
1.249596046187159800e+03	2.465414734221783033e-01	1.472079817789701539e-01	2.607059172724810470e-01	1.584011737687423815e-01	7.574721552763739874e-02	3.137347610345018328e-02	8.002276212650495657e-02
1.251047377251256421e+03	2.463461487173030928e-01	1.470892476648984759e-01	2.608371928906143000e-01	1.584811631936834386e-01	7.578058431150729024e-02	3.139304738560881602e-02	8.007261583634900370e-02
1.252498708315352815e+03	2.461511613457328385e-01	1.469707186164847523e-01	2.609682356799550296e-01	1.585610102391473430e-01	7.581389632413737534e-02	3.141259334507169598e-02	8.012238444943538263e-02
1.253950039379449436e+03	2.459565107242779325e-01	1.468523942791907233e-01	2.610990460449391093e-01	1.586407151678576322e-01	7.584715166060418401e-02	3.143211401324346593e-02	8.017206810985137710e-02
1.255401370443546057e+03	2.457621962707584040e-01	1.467342742990918880e-01	2.612296243893023062e-01	1.587202782420215619e-01	7.588035041583282569e-02	3.145160942149168026e-02	8.022166696146577902e-02
1.256852701507642678e+03	2.455682174040018095e-01	1.466163583228763945e-01	2.613599711160818906e-01	1.587996997233311613e-01	7.591349268459722521e-02	3.147107960114686048e-02	8.027118114792902714e-02
1.258304032571739299e+03	2.453745735438418452e-01	1.464986459978441236e-01	2.614900866276175795e-01	1.588789798729645097e-01	7.594657856152044195e-02	3.149052458350255074e-02	8.032061081267331815e-02
1.259755363635835920e+03	2.451812641111163760e-01	1.463811369719054956e-01	2.616199713255527026e-01	1.589581189515868465e-01	7.597960814107490579e-02	3.150994439981536638e-02	8.036995609891263437e-02
1.261206694699932314e+03	2.449882885276657429e-01	1.462638308935804432e-01	2.617496256108355901e-01	1.590371172193519311e-01	7.601258151758266690e-02	3.152933908130505641e-02	8.041921714964291035e-02
1.262658025764028707e+03	2.447956462163310698e-01	1.461467274119973847e-01	2.618790498837205716e-01	1.591159749359030151e-01	7.604549878521565942e-02	3.154870865915454514e-02	8.046839410764211609e-02
1.264109356828125556e+03	2.446033366009524312e-01	1.460298261768921413e-01	2.620082445437693641e-01	1.591946923603741182e-01	7.607836003799599289e-02	3.156805316450998766e-02	8.051748711547032644e-02
1.265560687892221949e+03	2.444113591063671598e-01	1.459131268386068825e-01	2.621372099898521824e-01	1.592732697513913054e-01	7.611116536979616043e-02	3.158737262848081845e-02	8.056649631546985990e-02
1.267012018956318798e+03	2.442197131584081804e-01	1.457966290480890437e-01	2.622659466201489598e-01	1.593517073670736861e-01	7.614391487433931627e-02	3.160666708213982073e-02	8.061542184976537573e-02
1.268463350020415419e+03	2.440283981839021787e-01	1.456803324568903268e-01	2.623944548321505144e-01	1.594300054650346354e-01	7.617660864519953945e-02	3.162593655652316815e-02	8.066426386026397111e-02
1.269914681084511813e+03	2.438374136106679357e-01	1.455642367171657015e-01	2.625227350226597145e-01	1.595081643023831541e-01	7.620924677580209750e-02	3.164518108263045248e-02	8.071302248865530604e-02
1.271366012148608434e+03	2.436467588675146345e-01	1.454483414816721554e-01	2.626507875877927556e-01	1.595861841357246458e-01	7.624182935942365458e-02	3.166440069142478081e-02	8.076169787641170050e-02
1.272817343212705055e+03	2.434564333842400286e-01	1.453326464037678623e-01	2.627786129229802703e-01	1.596640652211624156e-01	7.627435648919259070e-02	3.168359541383279632e-02	8.081029016478831484e-02
1.274268674276801676e+03	2.432664365916288318e-01	1.452171511374109880e-01	2.629062114229686054e-01	1.597418078142986697e-01	7.630682825808919600e-02	3.170276528074472688e-02	8.085879949482316364e-02
1.275720005340898297e+03	2.430767679214509425e-01	1.451018553371588027e-01	2.630335834818209872e-01	1.598194121702357362e-01	7.633924475894593442e-02	3.172191032301446140e-02	8.090722600733731007e-02
1.277171336404994690e+03	2.428874268064598052e-01	1.449867586581664591e-01	2.631607294929185215e-01	1.598968785435771200e-01	7.637160608444769350e-02	3.174103057145957751e-02	8.095556984293500458e-02
1.278622667469091539e+03	2.426984126803905795e-01	1.448718607561860494e-01	2.632876498489616357e-01	1.599742071884286965e-01	7.640391232713204805e-02	3.176012605686139717e-02	8.100383114200372658e-02
1.280073998533187932e+03	2.425097249779585851e-01	1.447571612875656610e-01	2.634143449419711347e-01	1.600513983583999322e-01	7.643616357938951000e-02	3.177919680996504209e-02	8.105201004471436488e-02
1.281525329597284326e+03	2.423213631348574149e-01	1.446426599092481002e-01	2.635408151632892548e-01	1.601284523066048016e-01	7.646835993346375038e-02	3.179824286147946849e-02	8.110010669102138414e-02
1.282976660661381175e+03	2.421333265877575192e-01	1.445283562787701148e-01	2.636670609035811075e-01	1.602053692856631462e-01	7.650050148145184914e-02	3.181726424207756421e-02	8.114812122066288047e-02
1.284427991725477568e+03	2.419456147743041519e-01	1.444142500542611729e-01	2.637930825528356782e-01	1.602821495477017022e-01	7.653258831530455886e-02	3.183626098239612096e-02	8.119605377316077566e-02
1.285879322789574417e+03	2.417582271331160382e-01	1.443003408944425470e-01	2.639188805003669924e-01	1.603587933443552382e-01	7.656462052682651287e-02	3.185523311303595922e-02	8.124390448782090046e-02
1.287330653853671038e+03	2.415711631037833484e-01	1.441866284586262315e-01	2.640444551348153368e-01	1.604353009267676100e-01	7.659659820767650285e-02	3.187418066456191440e-02	8.129167350373320278e-02
1.288781984917767431e+03	2.413844221268662549e-01	1.440731124067138880e-01	2.641698068441484804e-01	1.605116725455930093e-01	7.662852144936771470e-02	3.189310366750295472e-02	8.133936095977180314e-02
1.290233315981864052e+03	2.411980036438931829e-01	1.439597923991959849e-01	2.642949360156626737e-01	1.605879084509969634e-01	7.666039034326793677e-02	3.191200215235216048e-02	8.138696699459521677e-02
