1.301360187473271253e+03	2.399423621900453052e-01	1.432553471867023531e-01	2.621219464041505964e-01	1.623051768887083246e-01	7.745974732359987847e-02	3.223131692130424414e-02	8.268410308545383336e-02
1.306197957686926657e+03	2.393312352510492125e-01	1.428835208351885988e-01	2.625118365968646117e-01	1.625648754976702914e-01	7.756943501663815521e-02	3.229343202813723251e-02	8.284566477441646093e-02
1.311035727900581833e+03	2.387236141287202851e-01	1.425138276179764296e-01	2.628993626309187315e-01	1.628230779685964635e-01	7.767851443874157491e-02	3.235527399987725428e-02	8.300632921513381723e-02
1.315873498114237009e+03	2.381194786848569445e-01	1.421462552811352253e-01	2.632845391848562810e-01	1.630797928734497582e-01	7.778698877638774711e-02	3.241684407086744407e-02	8.316610112841112123e-02
1.320711268327892412e+03	2.375188088971260936e-01	1.417807916412467950e-01	2.636673808423091736e-01	1.633350287346303220e-01	7.789486120144040182e-02	3.247814346966573784e-02	8.332498521354596288e-02
1.325549038541547588e+03	2.369215848583945960e-01	1.414174245849985634e-01	2.640479020926393416e-01	1.635887940252965245e-01	7.800213487119207756e-02	3.253917341907281574e-02	8.348298614837064424e-02
1.330386808755202765e+03	2.363277867760646411e-01	1.410561420687788114e-01	2.644261173315757274e-01	1.638410971696825646e-01	7.810881292840701762e-02	3.259993513615986466e-02	8.364010858929590841e-02
1.335224578968857941e+03	2.357373949714129946e-01	1.406969321182745258e-01	2.648020408618478316e-01	1.640919465434127755e-01	7.821489850136409405e-02	3.266042983229633379e-02	8.379635717135588968e-02
1.340062349182513572e+03	2.351503898789340519e-01	1.403397828280714688e-01	2.651756868938144884e-01	1.643413504738125974e-01	7.832039470389998148e-02	3.272065871317752367e-02	8.395173650825436817e-02
1.344900119396168748e+03	2.345667520456865274e-01	1.399846823612566626e-01	2.655470695460885877e-01	1.645893172402162485e-01	7.842530463545238639e-02	3.278062297885203646e-02	8.410625119241207925e-02
1.349737889609823924e+03	2.339864621306443071e-01	1.396316189490230397e-01	2.659162028461578564e-01	1.648358550742715090e-01	7.852963138110340136e-02	3.284032382374912906e-02	8.425990579501527189e-02
1.354575659823479100e+03	2.334095009040507707e-01	1.392805808902765063e-01	2.662831007310018649e-01	1.650809721602410074e-01	7.863337801162310903e-02	3.289976243670595518e-02	8.441270486606528012e-02
1.359413430037134731e+03	2.328358492467769991e-01	1.389315565512452555e-01	2.666477770477042597e-01	1.653246766353009267e-01	7.873654758351321392e-02	3.295894000099467563e-02	8.456465293442916309e-02
1.364251200250789907e+03	2.322654881496836743e-01	1.385845343650914108e-01	2.670102455540612763e-01	1.655669765898365731e-01	7.883914313905078519e-02	3.301785769434944368e-02	8.471575450789133044e-02
1.369088970464445310e+03	2.316983987129866140e-01	1.382395028315247798e-01	2.673705199191863668e-01	1.658078800677350306e-01	7.894116770633220759e-02	3.307651668899328629e-02	8.486601407320616686e-02
1.373926740678100487e+03	2.311345621456260824e-01	1.378964505164189946e-01	2.677286137241106090e-01	1.660473950666750964e-01	7.904262429931725731e-02	3.313491815166485360e-02	8.501543609615155872e-02
1.378764510891755890e+03	2.305739597646398464e-01	1.375553660514297893e-01	2.680845404623788952e-01	1.662855295384143006e-01	7.914351591787323337e-02	3.319306324364505734e-02	8.516402502158332277e-02
1.383602281105411066e+03	2.300165729945395643e-01	1.372162381336156090e-01	2.684383135406424592e-01	1.665222913890734568e-01	7.924384554781931100e-02	3.325095312078358428e-02	8.531178527349048135e-02
1.388440051319066470e+03	2.294623833666911139e-01	1.368790555250602448e-01	2.687899462792471827e-01	1.667576884794184644e-01	7.934361616097088121e-02	3.330858893352528494e-02	8.545872125505134254e-02
1.393277821532721646e+03	2.289113725186983639e-01	1.365438070524978009e-01	2.691394519128179064e-01	1.669917286251393351e-01	7.944283071518420947e-02	3.336597182693645108e-02	8.560483734869042682e-02
1.398115591746377049e+03	2.283635221937904969e-01	1.362104816069398538e-01	2.694868435908389648e-01	1.672244195971270553e-01	7.954149215440101117e-02	3.342310294073095461e-02	8.575013791613607383e-02
1.402953361960032225e+03	2.278188142402129690e-01	1.358790681433046654e-01	2.698321343782307813e-01	1.674557691217476163e-01	7.963960340869323529e-02	3.347998340929629613e-02	8.589462729847885392e-02
1.407791132173687402e+03	2.272772306106218554e-01	1.355495556800485890e-01	2.701753372559221322e-01	1.676857848811137419e-01	7.973716739430797285e-02	3.353661436171950783e-02	8.603830981623054874e-02
1.412628902387342805e+03	2.267387533614820261e-01	1.352219332987996125e-01	2.705164651214190252e-01	1.679144745133543115e-01	7.983418701371246262e-02	3.359299692181291763e-02	8.618118976938399234e-02
1.417466672600997981e+03	2.262033646524684027e-01	1.348961901439931499e-01	2.708555307893690811e-01	1.681418456128812855e-01	7.993066515563918006e-02	3.364913220813987860e-02	8.632327143747339782e-02
1.422304442814653157e+03	2.256710467458708791e-01	1.345723154225097196e-01	2.711925469921227516e-01	1.683679057306543825e-01	8.002660469513106500e-02	3.370502133404026934e-02	8.646455907963530862e-02
1.427142213028308333e+03	2.251417820060028496e-01	1.342502984033149549e-01	2.715275263802902073e-01	1.685926623744435637e-01	8.012200849358681876e-02	3.376066540765591123e-02	8.660505693467016042e-02
1.431979983241963964e+03	2.246155528986127914e-01	1.339301284171013906e-01	2.718604815232943950e-01	1.688161230090891585e-01	8.021687939880628448e-02	3.381606553195593695e-02	8.674476922110450905e-02
1.436817753455619140e+03	2.240923419902997316e-01	1.336117948559327195e-01	2.721914249099205430e-01	1.690382950567600462e-01	8.031122024503599410e-02	3.387122280476191627e-02	8.688370013725359164e-02
1.441655523669274316e+03	2.235721319479315183e-01	1.332952871728898814e-01	2.725203689488614467e-01	1.692591858972094521e-01	8.040503385301475681e-02	3.392613831877296093e-02	8.702185386128456768e-02
1.446493293882929493e+03	2.230549055380670609e-01	1.329805948817191774e-01	2.728473259692594799e-01	1.694788028680286607e-01	8.049832303001931699e-02	3.398081316159064919e-02	8.715923455128014863e-02
1.451331064096585123e+03	2.225406456263815114e-01	1.326677075564825503e-01	2.731723082212446085e-01	1.696971532648990644e-01	8.059109056991013709e-02	3.403524841574387394e-02	8.729584634530274112e-02
1.456168834310240300e+03	2.220293351770949164e-01	1.323566148312097512e-01	2.734953278764684081e-01	1.699142443418415194e-01	8.068333925317723587e-02	3.408944515871353831e-02	8.743169336145906190e-02
1.461006604523895703e+03	2.215209572524041992e-01	1.320473063995527274e-01	2.738163970286347504e-01	1.701300833114643141e-01	8.077507184698616560e-02	3.414340446295714704e-02	8.756677969796514138e-02
1.465844374737550879e+03	2.210154950119183337e-01	1.317397720144417028e-01	2.741355276940266039e-01	1.703446773452088336e-01	8.086629110522393360e-02	3.419712739593328693e-02	8.770110943321170194e-02
1.470682144951206283e+03	2.205129317120969323e-01	1.314340014877435625e-01	2.744527318120293380e-01	1.705580335735934761e-01	8.095699976854517366e-02	3.425061502012594766e-02	8.783468662582998021e-02
1.475519915164861459e+03	2.200132507056919151e-01	1.311299846899220967e-01	2.747680212456499182e-01	1.707701590864555141e-01	8.104720056441817866e-02	3.430386839306881486e-02	8.796751531475792418e-02
1.480357685378516862e+03	2.195164354411925645e-01	1.308277115497001319e-01	2.750814077820331049e-01	1.709810609331913200e-01	8.113689620717119688e-02	3.435688856736931335e-02	8.809959951930668165e-02
1.485195455592172038e+03	2.190224694622737445e-01	1.305271720537237168e-01	2.753929031329735988e-01	1.711907461229944527e-01	8.122608939803870054e-02	3.440967659073265045e-02	8.823094323922747728e-02
1.490033225805827215e+03	2.185313364072472286e-01	1.302283562462282496e-01	2.757025189354244676e-01	1.713992216250923017e-01	8.131478282520762657e-02	3.446223350598568574e-02	8.836155045477875336e-02
1.494870996019482618e+03	2.180430200085163861e-01	1.299312542287064942e-01	2.760102667520025754e-01	1.716064943689806221e-01	8.140297916386389498e-02	3.451456035110068987e-02	8.849142512679362971e-02
1.499708766233137567e+03	2.175575040920337544e-01	1.296358561595785386e-01	2.763161580714899590e-01	1.718125712446565700e-01	8.149068107623873292e-02	3.456665815921898532e-02	8.862057119674772443e-02
1.504546536446793198e+03	2.170747725767621372e-01	1.293421522538636959e-01	2.766202043093318186e-01	1.720174591028499345e-01	8.157789121165522073e-02	3.461852795867449012e-02	8.874899258682704406e-02
1.509384306660448374e+03	2.165948094741382834e-01	1.290501327828542100e-01	2.769224168081310111e-01	1.722211647552525093e-01	8.166461220657481035e-02	3.467017077301710881e-02	8.887669319999638717e-02
1.514222076874103550e+03	2.161175988875402854e-01	1.287597880737910150e-01	2.772228068381392130e-01	1.724236949747461334e-01	8.175084668464388526e-02	3.472158762103604024e-02	8.900367692006776188e-02
1.519059847087758726e+03	2.156431250117576415e-01	1.284711085095411875e-01	2.775213855977441968e-01	1.726250564956287870e-01	8.183659725674037599e-02	3.477277951678296036e-02	8.912994761176915026e-02
1.523897617301414357e+03	2.151713721324643724e-01	1.281840845282773977e-01	2.778181642139543883e-01	1.728252560138392180e-01	8.192186652102041722e-02	3.482374746959509410e-02	8.925550912081345323e-02
1.528735387515069533e+03	2.147023246256955231e-01	1.278987066231591363e-01	2.781131537428789269e-01	1.730243001871800135e-01	8.200665706296503266e-02	3.487449248411814140e-02	8.938036527396757414e-02
1.533573157728724709e+03	2.142359669573263292e-01	1.276149653420158570e-01	2.784063651702055053e-01	1.732221956355388670e-01	8.209097145542684770e-02	3.492501556032914095e-02	8.950451987912182161e-02
1.538410927942380113e+03	2.137722836825546868e-01	1.273328512870318951e-01	2.786978094116740468e-01	1.734189489411084861e-01	8.217481225867677430e-02	3.497531769355918113e-02	8.962797672535934013e-02
1.543248698156035516e+03	2.133112594453862310e-01	1.270523551144332464e-01	2.789874973135472724e-01	1.736145666486050565e-01	8.225818202045083460e-02	3.502539987451599307e-02	8.975073958302579036e-02
1.548086468369690692e+03	2.128528789781229946e-01	1.267734675341760930e-01	2.792754396530779393e-01	1.738090552654848742e-01	8.234108327599690136e-02	3.507526308930647430e-02	8.987281220379914060e-02
1.552924238583346096e+03	2.123971271008543160e-01	1.264961793096372744e-01	2.795616471389728575e-01	1.740024212621597843e-01	8.242351854812149381e-02	3.512490831945905279e-02	8.999419832075959691e-02
1.557762008797001272e+03	2.119439887209513540e-01	1.262204812573063939e-01	2.798461304118533555e-01	1.741946710722110381e-01	8.250549034723657360e-02	3.517433654194596776e-02	9.011490164845968598e-02
1.562599779010656675e+03	2.114934488325639628e-01	1.259463642464797861e-01	2.801289000447126920e-01	1.743858110926016503e-01	8.258700117140641006e-02	3.522354872920542557e-02	9.023492588299440731e-02
1.567437549224311852e+03	2.110454925161209527e-01	1.256738191989561770e-01	2.804099665433703592e-01	1.745758476838873696e-01	8.266805350639434835e-02	3.527254584916364455e-02	9.035427470207153811e-02
1.572275319437967255e+03	2.106001049378327938e-01	1.254028370887342869e-01	2.806893403469225556e-01	1.747647871704262612e-01	8.274864982570967475e-02	3.532132886525678195e-02	9.047295176508202141e-02
1.577113089651622431e+03	2.101572713491976496e-01	1.251334089417119044e-01	2.809670318281903834e-01	1.749526358405868176e-01	8.282879259065442645e-02	3.536989873645277754e-02	9.059096071317036813e-02
1.581950859865277607e+03	2.097169770865098815e-01	1.248655258353870284e-01	2.812430512941640481e-01	1.751393999469548213e-01	8.290848425037021519e-02	3.541825641727305851e-02	9.070830516930525333e-02
1.586788630078933011e+03	2.092792075703715227e-01	1.245991788985604670e-01	2.815174089864442286e-01	1.753250857065386803e-01	8.298772724188510641e-02	3.546640285781414714e-02	9.082498873835012643e-02
1.591626400292587959e+03	2.088439483052068335e-01	1.243343593110402684e-01	2.817901150816803924e-01	1.755096993009734041e-01	8.306652399016034583e-02	3.551433900376916447e-02	9.094101500713382136e-02
1.596464170506243590e+03	2.084111848787791876e-01	1.240710583033478448e-01	2.820611796920058922e-01	1.756932468767234690e-01	8.314487690813728016e-02	3.556206579644920207e-02	9.105638754452131944e-02
1.601301940719898766e+03	2.079809029617111504e-01	1.238092671564258312e-01	2.823306128654699543e-01	1.758757345452842125e-01	8.322278839678404205e-02	3.560958417280461752e-02	9.117110990148447058e-02
1.606139710933553943e+03	2.075530883070070831e-01	1.235489772013475818e-01	2.825984245864664457e-01	1.760571683833817569e-01	8.330026084514237372e-02	3.565689506544619108e-02	9.128518561117281160e-02
1.610977481147209119e+03	2.071277267495786611e-01	1.232901798190283865e-01	2.828646247761602006e-01	1.762375544331721000e-01	8.337729663037442285e-02	3.570399940266620609e-02	9.139861818898430135e-02
1.615815251360864750e+03	2.067048042057730850e-01	1.230328664399383265e-01	2.831292232929093489e-01	1.764168987024384017e-01	8.345389811780944134e-02	3.575089810845941130e-02	9.151141113263627780e-02
1.620653021574519926e+03	2.062843066729039554e-01	1.227770285438167658e-01	2.833922299326855909e-01	1.765952071647874377e-01	8.353006766099049796e-02	3.579759210254383761e-02	9.162356792223615154e-02
1.625490791788175102e+03	2.058662202287850074e-01	1.225226576593885924e-01	2.836536544294909201e-01	1.767724857598445276e-01	8.360580760172120485e-02	3.584408230038158005e-02	9.173509202035236287e-02
1.630328562001830505e+03	2.054505310312663147e-01	1.222697453640820414e-01	2.839135064557714583e-01	1.769487403934474068e-01	8.368112027011237464e-02	3.589036961319940627e-02	9.184598687208518630e-02
1.635166332215485909e+03	2.050372253177734361e-01	1.220182832837480441e-01	2.841717956228285158e-01	1.771239769378387119e-01	8.375600798462860819e-02	3.593645494800933732e-02	9.195625590513750724e-02
1.640004102429141085e+03	2.046262894048490322e-01	1.217682630923814097e-01	2.844285314812265431e-01	1.772982012318574940e-01	8.383047305213492395e-02	3.598233920762902716e-02	9.206590252988566814e-02
1.644841872642796488e+03	2.042177096876972298e-01	1.215196765118435052e-01	2.846837235211983619e-01	1.774714190811292613e-01	8.390451776794335959e-02	3.602802329070212140e-02	9.217493013945028679e-02
1.649679642856451665e+03	2.038114726397305121e-01	1.212725153115864346e-01	2.849373811730472328e-01	1.776436362582550776e-01	8.397814441585943479e-02	3.607350809171847722e-02	9.228334210976694985e-02
1.654517413070107068e+03	2.034075648121193569e-01	1.210267713083790220e-01	2.851895138075465352e-01	1.778148585029993289e-01	8.405135526822865577e-02	3.611879450103425843e-02	9.239114179965696172e-02
1.659355183283762244e+03	2.030059728333444280e-01	1.207824363660342792e-01	2.854401307363360618e-01	1.779850915224763519e-01	8.412415258598297807e-02	3.616388340489198189e-02	9.249833255089803807e-02
1.664192953497417420e+03	2.026066834087512925e-01	1.205395023951383454e-01	2.856892412123158698e-01	1.781543409913360354e-01	8.419653861868718614e-02	3.620877568544043218e-02	9.260491768829491599e-02
1.669030723711072824e+03	2.022096833201078026e-01	1.202979613527812297e-01	2.859368544300372461e-01	1.783226125519481453e-01	8.426851560458520352e-02	3.625347222075445131e-02	9.271090051974990864e-02
1.673868493924728000e+03	2.018149594251639756e-01	1.200578052422888869e-01	2.861829795260908416e-01	1.784899118145856223e-01	8.434008577064645851e-02	3.629797388485467291e-02	9.281628433633350161e-02
1.678706264138383403e+03	2.014224986572145104e-01	1.198190261129569306e-01	2.864276255794919179e-01	1.786562443576066306e-01	8.441125133261209723e-02	3.634228154772714547e-02	9.292107241235472714e-02
1.683544034352038352e+03	2.010322880246636079e-01	1.195816160597858863e-01	2.866708016120632085e-01	1.788216157276356910e-01	8.448201449504119664e-02	3.638639607534280285e-02	9.302526800543159391e-02
1.688381804565693983e+03	2.006443146105925113e-01	1.193455672232180131e-01	2.869125165888147255e-01	1.789860314397435648e-01	8.455237745135685268e-02	3.643031832967692091e-02	9.312887435656137802e-02
1.693219574779349159e+03	2.002585655723296276e-01	1.191108717888755691e-01	2.871527794183211246e-01	1.791494969776260548e-01	8.462234238389231000e-02	3.647404916872840075e-02	9.323189469019091402e-02
1.698057344993004335e+03	1.998750281410227314e-01	1.188775219873005745e-01	2.873915989530960724e-01	1.793120177937819193e-01	8.469191146393696690e-02	3.651758944653900330e-02	9.333433221428667770e-02
1.702895115206659511e+03	1.994936896212141653e-01	1.186455100936962409e-01	2.876289839899643375e-01	1.794735993096894522e-01	8.476108685178233848e-02	3.656094001321246595e-02	9.343619012040489669e-02
1.707732885420315142e+03	1.991145373904180116e-01	1.184148284276696772e-01	2.878649432704310507e-01	1.796342469159821764e-01	8.482987069676793668e-02	3.660410171493350823e-02	9.353747158376153614e-02
1.712570655633970318e+03	1.987375588987000952e-01	1.181854693529762468e-01	2.880994854810481898e-01	1.797939659726234818e-01	8.489826513732710855e-02	3.664707539398675412e-02	9.363817976330215953e-02
1.717408425847625494e+03	1.983627416682600675e-01	1.179574252772652848e-01	2.883326192537785659e-01	1.799527618090800973e-01	8.496627230103274975e-02	3.668986188877557814e-02	9.373831780177172002e-02
1.722246196061280898e+03	1.979900732930161555e-01	1.177306886518273976e-01	2.885643531663575900e-01	1.801106397244947310e-01	8.503389430464308729e-02	3.673246203384082642e-02	9.383788882578419921e-02
1.727083966274936301e+03	1.976195414381923809e-01	1.175052519713431082e-01	2.887946957426520411e-01	1.802676049878575715e-01	8.510113325414724039e-02	3.677487665987943383e-02	9.393689594589225977e-02
1.731921736488591478e+03	1.972511338399077219e-01	1.172811077736330698e-01	2.890236554530161706e-01	1.804236628381766794e-01	8.516799124481076733e-02	3.681710659376299238e-02	9.403534225665663437e-02
1.736759506702246881e+03	1.968848383047681061e-01	1.170582486394095567e-01	2.892512407146459741e-01	1.805788184846476019e-01	8.523447036122112908e-02	3.685915265855615325e-02	9.413323083671552849e-02
1.741597276915902057e+03	1.965206427094605968e-01	1.168366671920296335e-01	2.894774598919300779e-01	1.807330771068218211e-01	8.530057267733309745e-02	3.690101567353504253e-02	9.423056474885377343e-02
1.746435047129557461e+03	1.961585350003498540e-01	1.166163560972495183e-01	2.897023212967987926e-01	1.808864438547743148e-01	8.536630025651407994e-02	3.694269645420544812e-02	9.432734704007200710e-02
1.751272817343212637e+03	1.957985031930769559e-01	1.163973080629804591e-01	2.899258331890706142e-01	1.810389238492699504e-01	8.543165515158934742e-02	3.698419581232102044e-02	9.442358074165563275e-02
1.756110587556867813e+03	1.954405353721607452e-01	1.161795158390460520e-01	2.901480037767957265e-01	1.811905221819292977e-01	8.549663940488717861e-02	3.702551455590134127e-02	9.451926886924365279e-02
1.760948357770523216e+03	1.950846196906010355e-01	1.159629722169408933e-01	2.903688412165978394e-01	1.813412439153929689e-01	8.556125504828397677e-02	3.706665348924989556e-02	9.461441442289740544e-02
1.765786127984178393e+03	1.947307443694845652e-01	1.157476700295906880e-01	2.905883536140131396e-01	1.814910940834853215e-01	8.562550410324916428e-02	3.710761341297194593e-02	9.470902038716916271e-02
1.770623898197833569e+03	1.943788976975930061e-01	1.155336021511136624e-01	2.908065490238269102e-01	1.816400776913772996e-01	8.568938858089018840e-02	3.714839512399236571e-02	9.480308973117057558e-02
1.775461668411488745e+03	1.940290680310131910e-01	1.153207614965834904e-01	2.910234354504078191e-01	1.817881997157478891e-01	8.575291048199724930e-02	3.718899941557329142e-02	9.489662540864096663e-02
1.780299438625144376e+03	1.936812437927497299e-01	1.151091410217934263e-01	2.912390208480400977e-01	1.819354651049452376e-01	8.581607179708811151e-02	3.722942707733178230e-02	9.498963035801555321e-02
1.785137208838799552e+03	1.933354134723396789e-01	1.148987337230219091e-01	2.914533131212527217e-01	1.820818787791462501e-01	8.587887450645265153e-02	3.726967889525732713e-02	9.508210750249339316e-02
1.789974979052454728e+03	1.929915656254697354e-01	1.146895326367994711e-01	2.916663201251469273e-01	1.822274456305157664e-01	8.594132058019746112e-02	3.730975565172925390e-02	9.517405975010531649e-02
1.794812749266109904e+03	1.926496888735952651e-01	1.144815308396770481e-01	2.918780496657212287e-01	1.823721705233644630e-01	8.600341197829024231e-02	3.734965812553413256e-02	9.526548999378166294e-02
1.799650519479765535e+03	1.923097719035618547e-01	1.142747214479955253e-01	2.920885095001936604e-01	1.825160582943060050e-01	8.606515065060420244e-02	3.738938709188296960e-02	9.535640111141978348e-02
1.804488289693420711e+03	1.919718034672288631e-01	1.140690976176567534e-01	2.922977073373227985e-01	1.826591137524133379e-01	8.612653853696233819e-02	3.742894332242843042e-02	9.544679596595152804e-02
1.809326059907075887e+03	1.916357723810951375e-01	1.138646525438957169e-01	2.925056508377252840e-01	1.828013416793739521e-01	8.618757756718152530e-02	3.746832758528188811e-02	9.553667740541048337e-02
1.814163830120731291e+03	1.913016675259270327e-01	1.136613794610542155e-01	2.927123476141922920e-01	1.829427468296443982e-01	8.624826966111664994e-02	3.750754064503041690e-02	9.562604826299904437e-02
1.819001600334386467e+03	1.909694778463884857e-01	1.134592716423556275e-01	2.929178052320025594e-01	1.830833339306037200e-01	8.630861672870451806e-02	3.754658326275372993e-02	9.571491135715540222e-02
1.823839370548041643e+03	1.906391923506731700e-01	1.132583223996811855e-01	2.931220312092344127e-01	1.832231076827062766e-01	8.636862067000775078e-02	3.758545619604097832e-02	9.580326949162028261e-02
1.828677140761696819e+03	1.903108001101388447e-01	1.130585250833474470e-01	2.933250330170747988e-01	1.833620727596333988e-01	8.642828337525854110e-02	3.762416019900747394e-02	9.589112545550355915e-02
1.833514910975352450e+03	1.899842902589438665e-01	1.128598730818849566e-01	2.935268180801262616e-01	1.835002338084445184e-01	8.648760672490231338e-02	3.766269602231138436e-02	9.597848202335070023e-02
1.838352681189008081e+03	1.896596519936857295e-01	1.126623598218184086e-01	2.937273937767121978e-01	1.836375954497271312e-01	8.654659258964128576e-02	3.770106441317026130e-02	9.606534195520904929e-02
1.843190451402663257e+03	1.893368745730415470e-01	1.124659787674478356e-01	2.939267674391792817e-01	1.837741622777460948e-01	8.660524283047789373e-02	3.773926611537752746e-02	9.615170799669388313e-02
1.848028221616318433e+03	1.890159473174109761e-01	1.122707234206312826e-01	2.941249463541985021e-01	1.839099388605918706e-01	8.666355929875815822e-02	3.777730186931889389e-02	9.623758287905437303e-02
1.852865991829973609e+03	1.886968596085607519e-01	1.120765873205685492e-01	2.943219377630635902e-01	1.840449297403283224e-01	8.672154383621488716e-02	3.781517241198866647e-02	9.632296931923935157e-02
1.857703762043628785e+03	1.883796008892717477e-01	1.118835640435862644e-01	2.945177488619872275e-01	1.841791394331391829e-01	8.677919827501084926e-02	3.785287847700596203e-02	9.640787001996281580e-02
1.862541532257283961e+03	1.880641606629876728e-01	1.116916472029242657e-01	2.947123868023960869e-01	1.843125724294740753e-01	8.683652443778178132e-02	3.789042079463086216e-02	9.649228766976940264e-02
1.867379302470939592e+03	1.877505284934658791e-01	1.115008304485230611e-01	2.949058586912223778e-01	1.844452331941935086e-01	8.689352413767925665e-02	3.792780009178051137e-02	9.657622494309953121e-02
1.872217072684594768e+03	1.874386940044305561e-01	1.113111074668126088e-01	2.950981715911947800e-01	1.845771261667130680e-01	8.695019917841355361e-02	3.796501709204506969e-02	9.665968450035447579e-02
1.877054842898249490e+03	1.871286468792272562e-01	1.111224719805023464e-01	2.952893325211264353e-01	1.847082557611469389e-01	8.700655135429624654e-02	3.800207251570362349e-02	9.674266898796118896e-02
1.881892613111905121e+03	1.868203768604800585e-01	1.109349177483723581e-01	2.954793484562012185e-01	1.848386263664504314e-01	8.706258245028286602e-02	3.803896707974001312e-02	9.682518103843702761e-02
1.886730383325560297e+03	1.865138737497503418e-01	1.107484385650657904e-01	2.956682263282579548e-01	1.849682423465618397e-01	8.711829424201532335e-02	3.807570149785856339e-02	9.690722327045414586e-02
1.891568153539215928e+03	1.862091274071975555e-01	1.105630282608824760e-01	2.958559730260726939e-01	1.850971080405434122e-01	8.717368849586422386e-02	3.811227648049977934e-02	9.698879828890380472e-02
1.896405923752871104e+03	1.859061277512421007e-01	1.103786807015736254e-01	2.960425953956390410e-01	1.852252277627215449e-01	8.722876696897113868e-02	3.814869273485590323e-02	9.706990868496055691e-02
1.901243693966526507e+03	1.856048647582299871e-01	1.101953897881379346e-01	2.962281002404464902e-01	1.853526058028262813e-01	8.728353140929073772e-02	3.818495096488641605e-02	9.715055703614605687e-02
1.906081464180181683e+03	1.853053284620996000e-01	1.100131494566186779e-01	2.964124943217568697e-01	1.854792464261298124e-01	8.733798355563267279e-02	3.822105187133348347e-02	9.723074590639282921e-02
1.910919234393836859e+03	1.850075089540502149e-01	1.098319536779020084e-01	2.965957843588785670e-01	1.856051538735844775e-01	8.739212513770358570e-02	3.825699615173729085e-02	9.731047784610781515e-02
1.915757004607492036e+03	1.847113963822125393e-01	1.096517964575164789e-01	2.967779770294394770e-01	1.857303323619597379e-01	8.744595787614881099e-02	3.829278450045131565e-02	9.738975539223564126e-02
1.920594774821147894e+03	1.844169809513210578e-01	1.094726718354336881e-01	2.969590789696572308e-01	1.858547860839786237e-01	8.749948348259399544e-02	3.832841760865751679e-02	9.746858106832186064e-02
1.925432545034802843e+03	1.841242529223884317e-01	1.092945738858700361e-01	2.971390967746083689e-01	1.859785192084531524e-01	8.755270365968664814e-02	3.836389616438146827e-02	9.754695738457581922e-02
1.930270315248458019e+03	1.838332026123816743e-01	1.091174967170897014e-01	2.973180369984949611e-01	1.861015358804191944e-01	8.760562010113753795e-02	3.839922085250736111e-02	9.762488683793343891e-02
1.935108085462113195e+03	1.835438203938999924e-01	1.089414344712087146e-01	2.974959061549099504e-01	1.862238402212704480e-01	8.765823449176195215e-02	3.843439235479302607e-02	9.770237191211976480e-02
1.939945855675768371e+03	1.832560966948549308e-01	1.087663813240001137e-01	2.976727107170999975e-01	1.863454363288918336e-01	8.771054850752087184e-02	3.846941134988474814e-02	9.777941507771131802e-02
1.944783625889424002e+03	1.829700219981519327e-01	1.085923314847003496e-01	2.978484571182272167e-01	1.864663282777919429e-01	8.776256381556198083e-02	3.850427851333215051e-02	9.785601879219828214e-02
1.949621396103079178e+03	1.826855868413740092e-01	1.084192791958166341e-01	2.980231517516284678e-01	1.865865201192348222e-01	8.781428207426061894e-02	3.853899451760287032e-02	9.793218550004639811e-02
1.954459166316734354e+03	1.824027818164671577e-01	1.082472187329355934e-01	2.981968009710734280e-01	1.867060158813710624e-01	8.786570493326052722e-02	3.857356003209727602e-02	9.800791763275878976e-02
1.959296936530389530e+03	1.821215975694275568e-01	1.080761444045328368e-01	2.983694110910202757e-01	1.868248195693681946e-01	8.791683403351452375e-02	3.860797572316300441e-02	9.808321760893748409e-02
1.964134706744044706e+03	1.818420247999905093e-01	1.079060505517838164e-01	2.985409883868700986e-01	1.869429351655401417e-01	8.796767100732505451e-02	3.864224225410952535e-02	9.815808783434475104e-02
1.968972476957700337e+03	1.815640542613213282e-01	1.077369315483755613e-01	2.987115390952193583e-01	1.870603666294761991e-01	8.801821747838459165e-02	3.867636028522255381e-02	9.823253070196430459e-02
1.973810247171355968e+03	1.812876767597080552e-01	1.075687818003196877e-01	2.988810694141104674e-01	1.871771178981691819e-01	8.806847506181592067e-02	3.871033047377841346e-02	9.830654859206215679e-02
1.978648017385010689e+03	1.810128831542555661e-01	1.074015957457663817e-01	2.990495855032808681e-01	1.872931928861428508e-01	8.811844536421231666e-02	3.874415347405837234e-02	9.838014387224745805e-02
1.983485787598666320e+03	1.807396643565819250e-01	1.072353678548195188e-01	2.992170934844103902e-01	1.874085954855786440e-01	8.816812998367755394e-02	3.877782993736282602e-02	9.845331889753299037e-02
1.988323557812321269e+03	1.804680113305161537e-01	1.070700926293527283e-01	2.993835994413665547e-01	1.875233295664416600e-01	8.821753050986580469e-02	3.881136051202545983e-02	9.852607601039549412e-02
1.993161328025976900e+03	1.801979150917978889e-01	1.069057646028267333e-01	2.995491094204486004e-01	1.876373989766060291e-01	8.826664852402148209e-02	3.884474584342734876e-02	9.859841754083578658e-02
1.997999098239632076e+03	1.799293667077787595e-01	1.067423783401075243e-01	2.997136294306295690e-01	1.877508075419794809e-01	8.831548559901881978e-02	3.887798657401094621e-02	9.867034580643875563e-02
2.002836868453287707e+03	1.796623572971254024e-01	1.065799284372856842e-01	2.998771654437970557e-01	1.878635590666273003e-01	8.836404329940140967e-02	3.891108334329404506e-02	9.874186311243295100e-02
2.007674638666942428e+03	1.793968780295244203e-01	1.064184095214967540e-01	3.000397233949916309e-01	1.879756573328955904e-01	8.841232318142164259e-02	3.894403678788363465e-02	9.881297175175020320e-02
2.012512408880597604e+03	1.791329201253885894e-01	1.062578162507426260e-01	3.002013091826444269e-01	1.880871061015337853e-01	8.846032679307991309e-02	3.897684754148969533e-02	9.888367400508482619e-02
2.017350179094252780e+03	1.788704748555653701e-01	1.060981433137139635e-01	3.003619286688125611e-01	1.881979091118164693e-01	8.850805567416376862e-02	3.900951623493895820e-02	9.895397214095279226e-02
2.022187949307908411e+03	1.786095335410465279e-01	1.059393854296136611e-01	3.005215876794130048e-01	1.883080700816646413e-01	8.855551135628694781e-02	3.904204349618853320e-02	9.902386841575054610e-02
2.027025719521564042e+03	1.783500875526796980e-01	1.057815373479812915e-01	3.006802920044551741e-01	1.884175927077662016e-01	8.860269536292822434e-02	3.907442995033950928e-02	9.909336507381373560e-02
2.031863489735218764e+03	1.780921283108818365e-01	1.056245938485185637e-01	3.008380473982715242e-01	1.885264806656957448e-01	8.864960920947015377e-02	3.910667621965049912e-02	9.916246434747559568e-02
2.036701259948874394e+03	1.778356472853537262e-01	1.054685497409158235e-01	3.009948595797464765e-01	1.886347376100338258e-01	8.869625440323766763e-02	3.913878292355108673e-02	9.923116845712526279e-02
2.041539030162529116e+03	1.775806359947967317e-01	1.053133998646795383e-01	3.011507342325446257e-01	1.887423671744853371e-01	8.874263244353662594e-02	3.917075067865521260e-02	9.929947961126579792e-02
2.046376800376184747e+03	1.773270860066308574e-01	1.051591390889607680e-01	3.013056770053361699e-01	1.888493729719974701e-01	8.878874482169207827e-02	3.920258009877448935e-02	9.936740000657204308e-02
2.051214570589840150e+03	1.770749889367144447e-01	1.050057623123846345e-01	3.014596935120217314e-01	1.889557585948768437e-01	8.883459302108656641e-02	3.923427179493148287e-02	9.943493182794818641e-02
2.056052340803495554e+03	1.768243364490656166e-01	1.048532644628807492e-01	3.016127893319552333e-01	1.890615276149061053e-01	8.888017851719812179e-02	3.926582637537286147e-02	9.950207724858521618e-02
2.060890111017150957e+03	1.765751202555852217e-01	1.047016404975146808e-01	3.017649700101652233e-01	1.891666835834597549e-01	8.892550277763829059e-02	3.929724444558256591e-02	9.956883843001812506e-02
2.065727881230805451e+03	1.763273321157814988e-01	1.045508854023202844e-01	3.019162410575749744e-01	1.892712300316194418e-01	8.897056726218993683e-02	3.932852660829483371e-02	9.963521752218283678e-02
2.070565651444461309e+03	1.760809638364960739e-01	1.044009941921331536e-01	3.020666079512208113e-01	1.893751704702885674e-01	8.901537342284493448e-02	3.935967346350720264e-02	9.970121666347309120e-02
2.075403421658116713e+03	1.758360072716319000e-01	1.042519619104248646e-01	3.022160761344688806e-01	1.894785083903061662e-01	8.905992270384166520e-02	3.939068560849343092e-02	9.976683798079688525e-02
2.080241191871772116e+03	1.755924543218824740e-01	1.041037836291382884e-01	3.023646510172308122e-01	1.895812472625603984e-01	8.910421654170254391e-02	3.942156363781638972e-02	9.983208358963291396e-02
2.085078962085427065e+03	1.753502969344625795e-01	1.039564544485238468e-01	3.025123379761774922e-01	1.896833905381011265e-01	8.914825636527122510e-02	3.945230814334081682e-02	9.989695559408670600e-02
2.089916732299082469e+03	1.751095271028409728e-01	1.038099694969766007e-01	3.026591423549517268e-01	1.897849416482520479e-01	8.919204359574982310e-02	3.948291971424607028e-02	9.996145608694648188e-02
2.094754502512737417e+03	1.748701368664741518e-01	1.036643239308744635e-01	3.028050694643792951e-01	1.898859040047221336e-01	8.923557964673588250e-02	3.951339893703880585e-02	1.000255871497389426e-01
2.099592272726392821e+03	1.746321183105419561e-01	1.035195129344172044e-01	3.029501245826784483e-01	1.899862809997164836e-01	8.927886592425929302e-02	3.954374639556559184e-02	1.000893508527847253e-01
2.104430042940048224e+03	1.743954635656844998e-01	1.033755317194663542e-01	3.030943129556680771e-01	1.900860760060464894e-01	8.932190382681906571e-02	3.957396267102541998e-02	1.001527492552537479e-01
2.109267813153704083e+03	1.741601648077407971e-01	1.032323755253862219e-01	3.032376397969747117e-01	1.901852923772394677e-01	8.936469474541990088e-02	3.960404834198221619e-02	1.002157844052202762e-01
2.114105583367359031e+03	1.739262142574887759e-01	1.030900396188856177e-01	3.033801102882377476e-01	1.902839334476477406e-01	8.940724006360872833e-02	3.963400398437725430e-02	1.002784583397177409e-01
2.118943353581013525e+03	1.736936041803867903e-01	1.029485192938605909e-01	3.035217295793133929e-01	1.903820025325568543e-01	8.944954115751103940e-02	3.966383017154151425e-02	1.003407730847934304e-01
2.123781123794669384e+03	1.734623268863167422e-01	1.028078098712380678e-01	3.036625027884772843e-01	1.904795029282935481e-01	8.949159939586709411e-02	3.969352747420795691e-02	1.004027306555629606e-01
2.128618894008324787e+03	1.732323747293284255e-01	1.026679066988204214e-01	3.038024350026257703e-01	1.905764379123327246e-01	8.953341614006804505e-02	3.972309646052379906e-02	1.004643330562644543e-01
2.133456664221980191e+03	1.730037401073857006e-01	1.025288051511308030e-01	3.039415312774757516e-01	1.906728107434042807e-01	8.957499274419181146e-02	3.975253769606266335e-02	1.005255822803125948e-01
2.138294434435635139e+03	1.727764154621138915e-01	1.023905006292595288e-01	3.040797966377631889e-01	1.907686246615989401e-01	8.961633055503898104e-02	3.978185174383668671e-02	1.005864803103524441e-01
2.143132204649290543e+03	1.725503932785485972e-01	1.022529885607113137e-01	3.042172360774399453e-01	1.908638828884737237e-01	8.965743091216848981e-02	3.981103916430858009e-02	1.006470291183129695e-01
2.147969974862945492e+03	1.723256660848860866e-01	1.021162643992532815e-01	3.043538545598702405e-01	1.909585886271568111e-01	8.969829514793307979e-02	3.984010051540362585e-02	1.007072306654605010e-01
2.152807745076601350e+03	1.721022264522351908e-01	1.019803236247638911e-01	3.044896570180245510e-01	1.910527450624516232e-01	8.973892458751482615e-02	3.986903635252160572e-02	1.007670869024518551e-01
2.157645515290255844e+03	1.718800669943703896e-01	1.018451617430829459e-01	3.046246483546732331e-01	1.911463553609406840e-01	8.977932054896031744e-02	3.989784722854867322e-02	1.008265997693873345e-01
2.162483285503912157e+03	1.716591803674865080e-01	1.017107742858620739e-01	3.047588334425779255e-01	1.912394226710885381e-01	8.981948434321587738e-02	3.992653369386917755e-02	1.008857711958634495e-01
2.167321055717567106e+03	1.714395592699547721e-01	1.015771568104164163e-01	3.048922171246826185e-01	1.913319501233443909e-01	8.985941727416250913e-02	3.995509629637741811e-02	1.009446031010254458e-01
2.172158825931222509e+03	1.712211964420802812e-01	1.014443048995769814e-01	3.050248042143025584e-01	1.914239408302439438e-01	8.989912063865083958e-02	3.998353558148932951e-02	1.010030973936196230e-01
2.176996596144877003e+03	1.710040846658608393e-01	1.013122141615439425e-01	3.051565994953125416e-01	1.915153978865107853e-01	8.993859572653578605e-02	4.001185209215414595e-02	1.010612559720455161e-01
2.181834366358532861e+03	1.707882167647472027e-01	1.011808802297407134e-01	3.052876077223334872e-01	1.916063243691572826e-01	8.997784382071119524e-02	4.004004636886595442e-02	1.011190807244076867e-01
2.186672136572187810e+03	1.705735856034047426e-01	1.010502987626688831e-01	3.054178336209180666e-01	1.916967233375847235e-01	9.001686619714437121e-02	4.006811894967523408e-02	1.011765735285675288e-01
2.191509906785843214e+03	1.703601840874764128e-01	1.009204654437640403e-01	3.055472818877347230e-01	1.917865978336830424e-01	9.005566412491032569e-02	4.009607037020034015e-02	1.012337362521946449e-01
2.196347676999498617e+03	1.701480051633471324e-01	1.007913759812523735e-01	3.056759571907509687e-01	1.918759508819299631e-01	9.009423886622600075e-02	4.012390116363888370e-02	1.012905707528182070e-01
2.201185447213154021e+03	1.699370418179094733e-01	1.006630261080080913e-01	3.058038641694149073e-01	1.919647854894896422e-01	9.013259167648439429e-02	4.015161186077910449e-02	1.013470788778779302e-01
2.206023217426809424e+03	1.697272870783308463e-01	1.005354115814116739e-01	3.059310074348359221e-01	1.920531046463105351e-01	9.017072380428840794e-02	4.017920299001117440e-02	1.014032624647750180e-01
2.210860987640464373e+03	1.695187340118217700e-01	1.004085281832090143e-01	3.060573915699638659e-01	1.921409113252230405e-01	9.020863649148473662e-02	4.020667507733843848e-02	1.014591233409227050e-01
2.215698757854119776e+03	1.693113757254057494e-01	1.002823717193712105e-01	3.061830211297674187e-01	1.922282084820363945e-01	9.024633097319746666e-02	4.023402864638856574e-02	1.015146633237967722e-01
2.220536528067775180e+03	1.691052053656902088e-01	1.001569380199553716e-01	3.063079006414108907e-01	1.923149990556350386e-01	9.028380847786160457e-02	4.026126421842473463e-02	1.015698842209857150e-01
2.225374298281430583e+03	1.689002161186390349e-01	1.000322229389660200e-01	3.064320346044298593e-01	1.924012859680745702e-01	9.032107022725656409e-02	4.028838231235669365e-02	1.016247878302407592e-01
2.230212068495085077e+03	1.686964012093462029e-01	9.990822235421743802e-02	3.065554274909061405e-01	1.924870721246770000e-01	9.035811743653933414e-02	4.031538344475173868e-02	1.016793759395257096e-01
2.235049838708740936e+03	1.684937539018107888e-01	9.978493216719676318e-02	3.066780837456405395e-01	1.925723604141255929e-01	9.039495131427764674e-02	4.034226812984574584e-02	1.017336503270664660e-01
2.239887608922396339e+03	1.682922674987133160e-01	9.966234830292781954e-02	3.068000077863257125e-01	1.926571537085591534e-01	9.043157306248296445e-02	4.036903687955405162e-02	1.017876127614005116e-01
2.244725379136052197e+03	1.680919353411932660e-01	9.954046670983583700e-02	3.069212040037170297e-01	1.927414548636657288e-01	9.046798387664338470e-02	4.039569020348230538e-02	1.018412650014259846e-01
2.249563149349706237e+03	1.678927508086281439e-01	9.941928335961285057e-02	3.070416767618023290e-01	1.928252667187758673e-01	9.050418494575632189e-02	4.042222860893728703e-02	1.018946087964507641e-01
2.254400919563362095e+03	1.676947073184132941e-01	9.929879424708396018e-02	3.071614303979710026e-01	1.929085920969553503e-01	9.054017745236112025e-02	4.044865260093767623e-02	1.019476458862411117e-01
2.259238689777017044e+03	1.674977983257436853e-01	9.917899539007428433e-02	3.072804692231816404e-01	1.929914338050973677e-01	9.057596257257152783e-02	4.047496268222471050e-02	1.020003780010703409e-01
2.264076459990672902e+03	1.673020173233962793e-01	9.905988282927670474e-02	3.073987975221283975e-01	1.930737946340141675e-01	9.061154147610801790e-02	4.050115935327286421e-02	1.020528068617670842e-01
