1.001418434226643626e+03	2.777953428281089154e-01	1.820573077318667909e-01	2.346533285021358273e-01	1.406904209766584035e-01	6.706418544463807474e-02	2.846330313974209866e-02	6.927611137648531647e-02
1.002869765290740247e+03	2.775259138050885088e-01	1.819007018181458823e-01	2.348204713211264338e-01	1.407897888648787788e-01	6.711181824288645070e-02	2.849792092258477197e-02	6.935338502492463530e-02
1.004321096354836754e+03	2.772572767737296884e-01	1.817440828211645265e-01	2.349871920456826635e-01	1.408891588105189163e-01	6.715941049396553786e-02	2.853242440108475636e-02	6.943045465348937628e-02
1.005772427418933376e+03	2.769894256736890048e-01	1.815874547124263494e-01	2.351534933574730701e-01	1.409885289578567680e-01	6.720696129833177157e-02	2.856681507375248216e-02	6.950732092610593937e-02
1.007223758483029997e+03	2.767223545210584223e-01	1.814308214008820974e-01	2.353193778986356066e-01	1.410878974499695793e-01	6.725446980644614325e-02	2.860109437590319104e-02	6.958398454674039058e-02
1.008675089547126618e+03	2.764560574073434140e-01	1.812741867338219237e-01	2.354848482730082238e-01	1.411872624310557822e-01	6.730193521511582122e-02	2.863526368378940465e-02	6.966044625550085745e-02
1.010126420611223239e+03	2.761905284984518816e-01	1.811175544977557950e-01	2.356499070472853063e-01	1.412866220485391178e-01	6.734935676413365824e-02	2.866932431843557255e-02	6.973670682503413376e-02
1.011577751675319632e+03	2.759257620336940109e-01	1.809609284192812972e-01	2.358145567521050812e-01	1.413859744549728348e-01	6.739673373319045313e-02	2.870327754919658678e-02	6.981276705719523246e-02
1.013029082739416367e+03	2.756617523247933410e-01	1.808043121659394237e-01	2.359787998830739086e-01	1.414853178097610631e-01	6.744406543903702644e-02	2.873712459706042818e-02	6.988862777997036091e-02
1.014480413803512761e+03	2.753984937549086576e-01	1.806477093470584827e-01	2.361426389017320104e-01	1.415846502807127927e-01	6.749135123287526572e-02	2.877086663771355121e-02	6.996428984463484713e-02
1.015931744867609382e+03	2.751359807776674327e-01	1.804911235145863213e-01	2.363060762364651013e-01	1.416839700454424478e-01	6.753859049795876701e-02	2.880450480438646876e-02	7.003975412312909987e-02
1.017383075931706003e+03	2.748742079162104779e-01	1.803345581639105299e-01	2.364691142833664494e-01	1.417832752926300732e-01	6.758578264738579477e-02	2.883804019049550013e-02	7.011502150563678204e-02
1.018834406995802851e+03	2.746131697622478662e-01	1.801780167346677397e-01	2.366317554070524465e-01	1.418825642231529849e-01	6.763292712206842028e-02	2.887147385209565612e-02	7.019009289835052845e-02
1.020285738059899245e+03	2.743528609751260672e-01	1.800215026115409844e-01	2.367940019414359609e-01	1.419818350510995975e-01	6.768002338886305869e-02	2.890480681015845238e-02	7.026496922141151069e-02
1.021737069123995752e+03	2.740932762809069057e-01	1.798650191250462660e-01	2.369558561904598626e-01	1.420810860046755608e-01	6.772707093884924867e-02	2.893804005268748800e-02	7.033965140701024799e-02
1.023188400188092373e+03	2.738344104714572347e-01	1.797085695523080728e-01	2.371173204287943537e-01	1.421803153270113362e-01	6.777406928574418454e-02	2.897117453668360612e-02	7.041414039763675692e-02
1.024639731252188767e+03	2.735762584035503764e-01	1.795521571178238518e-01	2.372783969025000772e-01	1.422795212768794004e-01	6.782101796444184316e-02	2.900421118997071820e-02	7.048843714446928477e-02
1.026091062316285615e+03	2.733188149979785542e-01	1.793957849942177940e-01	2.374390878296601948e-01	1.423787021293289046e-01	6.786791652966639443e-02	2.903715091289238090e-02	7.056254260589137073e-02
1.027542393380382237e+03	2.730620752386767047e-01	1.792394563029841292e-01	2.375993954009830711e-01	1.424778561762447548e-01	6.791476455473056950e-02	2.906999457988870134e-02	7.063645774612772876e-02
1.028993724444478858e+03	2.728060341718575033e-01	1.790831741152198175e-01	2.377593217803779801e-01	1.425769817268374706e-01	6.796156163039021592e-02	2.910274304096222356e-02	7.071018353399041723e-02
1.030445055508575479e+03	2.725506869051574910e-01	1.789269414523470547e-01	2.379188691055056926e-01	1.426760771080700652e-01	6.800830736378726815e-02	2.913539712304099097e-02	7.078372094172701023e-02
1.031896386572671872e+03	2.722960286067940827e-01	1.787707612868255913e-01	2.380780394883057205e-01	1.427751406650268617e-01	6.805500137747381995e-02	2.916795763124624755e-02	7.085707094396323513e-02
1.033347717636768493e+03	2.720420545047336769e-01	1.786146365428548932e-01	2.382368350155016357e-01	1.428741707612296852e-01	6.810164330851074810e-02	2.920042535007177573e-02	7.093023451673313717e-02
1.034799048700865114e+03	2.717887598858707565e-01	1.784585700970665878e-01	2.383952577490860980e-01	1.429731657789057586e-01	6.814823280763472602e-02	2.923280104448133104e-02	7.100321263659029047e-02
1.036250379764961508e+03	2.715361400952175375e-01	1.783025647792070567e-01	2.385533097267871772e-01	1.430721241192114690e-01	6.819476953848810363e-02	2.926508546093014099e-02	7.107600627979400454e-02
1.037701710829058356e+03	2.712841905351047189e-01	1.781466233728103699e-01	2.387109929625168825e-01	1.431710442024159424e-01	6.824125317690661607e-02	2.929727932831605736e-02	7.114861642156486421e-02
1.039153041893154750e+03	2.710329066643925588e-01	1.779907486158618379e-01	2.388683094468030954e-01	1.432699244680479544e-01	6.828768341026011934e-02	2.932938335886540668e-02	7.122104403540457929e-02
1.040604372957251599e+03	2.707822839976922746e-01	1.778349432014519893e-01	2.390252611472061528e-01	1.433687633750092838e-01	6.833405993684216195e-02	2.936139824895841674e-02	7.129329009247520332e-02
1.042055704021347992e+03	2.705323181045986014e-01	1.776792097784217761e-01	2.391818500087211641e-01	1.434675594016575906e-01	6.838038246530442343e-02	2.939332467989852829e-02	7.136535556103336397e-02
1.043507035085444613e+03	2.702830046089318983e-01	1.775235509519980936e-01	2.393380779541664505e-01	1.435663110458615666e-01	6.842665071413246702e-02	2.942516331862972748e-02	7.143724140591523053e-02
1.044958366149541234e+03	2.700343391879910238e-01	1.773679692844206124e-01	2.394939468845594388e-01	1.436650168250306892e-01	6.847286441115939259e-02	2.945691481840568421e-02	7.150894858806856880e-02
1.046409697213637855e+03	2.697863175718160367e-01	1.772124672955599223e-01	2.396494586794806758e-01	1.437636752761219661e-01	6.851902329311443385e-02	2.948857981941420056e-02	7.158047806412820568e-02
1.047861028277734476e+03	2.695389355424606670e-01	1.770570474635266012e-01	2.398046151974267126e-01	1.438622849556260019e-01	6.856512710520372422e-02	2.952015894936017501e-02	7.165183078603157285e-02
1.049312359341831097e+03	2.692921889332755558e-01	1.769017122252718177e-01	2.399594182761520811e-01	1.439608444395337472e-01	6.861117560072065025e-02	2.955165282401015989e-02	7.172300770067142894e-02
1.050763690405927491e+03	2.690460736282003773e-01	1.767464639771795520e-01	2.401138697330016947e-01	1.440593523232862883e-01	6.865716854068341923e-02	2.958306204770125292e-02	7.179400974958283221e-02
1.052215021470024112e+03	2.688005855610658967e-01	1.765913050756504066e-01	2.402679713652336735e-01	1.441578072217090667e-01	6.870310569349774577e-02	2.961438721381692493e-02	7.186483786866168511e-02
1.053666352534120733e+03	2.685557207149058545e-01	1.764362378376769513e-01	2.404217249503333986e-01	1.442562077689318323e-01	6.874898683464264471e-02	2.964562890523217420e-02	7.193549298791257485e-02
1.055117683598217127e+03	2.683114751212780091e-01	1.762812645414112422e-01	2.405751322463189623e-01	1.443545526182959671e-01	6.879481174637752661e-02	2.967678769473021047e-02	7.200597603122346757e-02
1.056569014662313975e+03	2.680678448595947283e-01	1.761263874267240404e-01	2.407281949920390962e-01	1.444528404422504853e-01	6.884058021746890244e-02	2.970786414539272960e-02	7.207628791616538244e-02
1.058020345726410369e+03	2.678248260564625172e-01	1.759716086957563430e-01	2.408809149074631617e-01	1.445510699322374304e-01	6.888629204293524044e-02	2.973885881096569039e-02	7.214642955381490863e-02
1.059471676790506763e+03	2.675824148850311501e-01	1.758169305134629490e-01	2.410332936939642012e-01	1.446492397985682521e-01	6.893194702380846250e-02	2.976977223620236312e-02	7.221640184859792755e-02
1.060923007854603611e+03	2.673406075643509627e-01	1.756623550081483909e-01	2.411853330345951896e-01	1.447473487702918560e-01	6.897754496691080317e-02	2.980060495718522828e-02	7.228620569815280561e-02
1.062374338918700232e+03	2.670994003587400800e-01	1.755078842719954013e-01	2.413370345943588735e-01	1.448453955950550487e-01	6.902308568464601835e-02	2.983135750162831112e-02	7.235584199321150323e-02
1.063825669982796853e+03	2.668587895771596386e-01	1.753535203615856630e-01	2.414884000204711723e-01	1.449433790389566545e-01	6.906856899480359746e-02	2.986203038916129121e-02	7.242531161749725388e-02
1.065277001046893474e+03	2.666187715725979457e-01	1.751992652984132315e-01	2.416394309426191656e-01	1.450412978863955815e-01	6.911399472037511871e-02	2.989262413159673656e-02	7.249461544763746712e-02
1.066728332110990095e+03	2.663793427414632431e-01	1.750451210693910187e-01	2.417901289732131420e-01	1.451391509399138635e-01	6.915936268938181752e-02	2.992313923318161428e-02	7.256375435309055100e-02
1.068179663175086489e+03	2.661404995229847414e-01	1.748910896273496163e-01	2.419404957076334295e-01	1.452369370200350673e-01	6.920467273471242464e-02	2.995357619083422601e-02	7.263272919608569633e-02
1.069630994239183110e+03	2.659022383986222038e-01	1.747371728915294575e-01	2.420905327244720073e-01	1.453346549650988140e-01	6.924992469397066308e-02	2.998393549436759870e-02	7.270154083157441549e-02
1.071082325303279504e+03	2.656645558914836336e-01	1.745833727480656794e-01	2.422402415857692892e-01	1.454323036310918305e-01	6.929511840933152977e-02	3.001421762670024307e-02	7.277019010719297520e-02
1.072533656367376352e+03	2.654274485657509564e-01	1.744296910504664067e-01	2.423896238372461320e-01	1.455298818914759484e-01	6.934025372740575122e-02	3.004442306405524787e-02	7.283867786323471039e-02
1.073984987431472746e+03	2.651909130261139724e-01	1.742761296200840970e-01	2.425386810085314315e-01	1.456273886370137438e-01	6.938533049911185802e-02	3.007455227614843490e-02	7.290700493263159443e-02
1.075436318495569594e+03	2.649549459172120258e-01	1.741226902465802528e-01	2.426874146133851384e-01	1.457248227755920111e-01	6.943034857955518446e-02	3.010460572636642490e-02	7.297517214094410842e-02
1.076887649559666215e+03	2.647195439230835001e-01	1.739693746883834991e-01	2.428358261499172777e-01	1.458221832320434619e-01	6.947530782791346005e-02	3.013458387193523533e-02	7.304318030635871539e-02
1.078338980623762609e+03	2.644847037666230305e-01	1.738161846731413052e-01	2.429839171008028043e-01	1.459194689479670071e-01	6.952020810732836842e-02	3.016448716408012820e-02	7.311103023969248160e-02
1.079790311687859230e+03	2.642504222090463761e-01	1.736631218981651292e-01	2.431316889334927678e-01	1.460166788815469019e-01	6.956504928480271299e-02	3.019431604817727349e-02	7.317872274440394287e-02
1.081241642751955851e+03	2.640166960493627313e-01	1.735101880308693445e-01	2.432791431004213134e-01	1.461138120073712243e-01	6.960983123110273119e-02	3.022407096389782138e-02	7.324625861660992443e-02
1.082692973816052472e+03	2.637835221238542527e-01	1.733573847092040321e-01	2.434262810392094356e-01	1.462108673162496320e-01	6.965455382066523815e-02	3.025375234534486216e-02	7.331363864510760664e-02
1.084144304880149093e+03	2.635508973055631921e-01	1.732047135420814177e-01	2.435731041728650403e-01	1.463078438150308969e-01	6.969921693150925301e-02	3.028336062118379413e-02	7.338086361140150338e-02
1.085595635944245487e+03	2.633188185037859119e-01	1.730521761097965350e-01	2.437196139099794823e-01	1.464047405264201629e-01	6.974382044515173296e-02	3.031289621476650903e-02	7.344793428973477034e-02
1.087046967008342108e+03	2.630872826635741735e-01	1.728997739644416720e-01	2.438658116449211044e-01	1.465015564887964528e-01	6.978836424652723469e-02	3.034235954424984935e-02	7.351485144712459341e-02
1.088498298072438729e+03	2.628562867652434742e-01	1.727475086303150997e-01	2.440116987580251973e-01	1.465982907560303972e-01	6.983284822391108704e-02	3.037175102270868454e-02	7.358161584340111583e-02
1.089949629136535123e+03	2.626258278238880473e-01	1.725953816043239997e-01	2.441572766157811269e-01	1.466949423973022137e-01	6.987727226884599130e-02	3.040107105824399469e-02	7.364822823124965445e-02
1.091400960200631971e+03	2.623959028889028544e-01	1.724433943563816185e-01	2.443025465710162436e-01	1.467915104969205464e-01	6.992163627607167475e-02	3.043032005408623925e-02	7.371468935625592744e-02
1.092852291264728365e+03	2.621665090435121304e-01	1.722915483297987604e-01	2.444475099630769310e-01	1.468879941541415823e-01	6.996594014345748624e-02	3.045949840869439582e-02	7.378099995695380775e-02
1.094303622328825213e+03	2.619376434043048096e-01	1.721398449416698950e-01	2.445921681180067420e-01	1.469843924829893900e-01	7.001018377193771181e-02	3.048860651585086692e-02	7.384716076487561620e-02
1.095754953392921607e+03	2.617093031207762821e-01	1.719882855832535473e-01	2.447365223487218966e-01	1.470807046120768957e-01	7.005436706544941605e-02	3.051764476475258420e-02	7.391317250460438526e-02
1.097206284457018228e+03	2.614814853748763657e-01	1.718368716203475810e-01	2.448805739551837279e-01	1.471769296844280261e-01	7.009848993087262892e-02	3.054661354009850782e-02	7.397903589382812117e-02
1.098657615521114849e+03	2.612541873805643289e-01	1.716856043936589027e-01	2.450243242245687680e-01	1.472730668573007662e-01	7.014255227797272507e-02	3.057551322217378839e-02	7.404475164339570370e-02
1.100108946585211470e+03	2.610274063833691871e-01	1.715344852191680314e-01	2.451677744314360863e-01	1.473691153020116329e-01	7.018655401934500992e-02	3.060434418693076461e-02	7.411032045737424301e-02
1.101560277649308091e+03	2.608011396599571041e-01	1.713835153884884499e-01	2.453109258378921853e-01	1.474650742037612594e-01	7.023049507036110972e-02	3.063310680606700503e-02	7.417574303310783823e-02
1.103011608713404712e+03	2.605753845177043448e-01	1.712326961692210436e-01	2.454537796937532601e-01	1.475609427614612279e-01	7.027437534911726291e-02	3.066180144710058814e-02	7.424102006127729358e-02
1.104462939777501106e+03	2.603501382942761122e-01	1.710820288053032656e-01	2.455963372367052922e-01	1.476567201875623736e-01	7.031819477638423521e-02	3.069042847344277333e-02	7.430615222596098635e-02
1.105914270841597499e+03	2.601253983572120454e-01	1.709315145173533890e-01	2.457385996924614513e-01	1.477524057078845598e-01	7.036195327555896939e-02	3.071898824446821219e-02	7.437114020469644260e-02
1.107365601905694348e+03	2.599011621035164921e-01	1.707811545030100964e-01	2.458805682749174992e-01	1.478479985614476466e-01	7.040565077261766447e-02	3.074748111558286978e-02	7.443598466854270401e-02
1.108816932969790741e+03	2.596774269592556084e-01	1.706309499372669902e-01	2.460222441863046949e-01	1.479434980003044020e-01	7.044928719607028433e-02	3.077590743828974643e-02	7.450068628214322197e-02
1.110268264033887590e+03	2.594541903791592885e-01	1.704809019728024400e-01	2.461636286173404797e-01	1.480389032893743573e-01	7.049286247691644025e-02	3.080426756025261142e-02	7.456524570378927907e-02
1.111719595097984211e+03	2.592314498462290340e-01	1.703310117403049051e-01	2.463047227473772471e-01	1.481342137062798270e-01	7.053637654860252237e-02	3.083256182535772799e-02	7.462966358548367429e-02
1.113170926162080832e+03	2.590092028713513739e-01	1.701812803487933179e-01	2.464455277445485870e-01	1.482294285411829560e-01	7.057982934698002475e-02	3.086079057377383653e-02	7.469394057300482448e-02
1.114622257226177226e+03	2.587874469929167254e-01	1.700317088859332193e-01	2.465860447659136978e-01	1.483245470966249313e-01	7.062322081026499443e-02	3.088895414201034417e-02	7.475807730597100464e-02
1.116073588290273847e+03	2.585661797764433611e-01	1.698822984183483431e-01	2.467262749575996894e-01	1.484195686873663045e-01	7.066655087899861853e-02	3.091705286297394967e-02	7.482207441790461599e-02
1.117524919354370468e+03	2.583453988142072055e-01	1.697330499919275648e-01	2.468662194549417765e-01	1.485144926402291732e-01	7.070981949600869954e-02	3.094508706602367223e-02	7.488593253629673152e-02
1.118976250418467089e+03	2.581251017248761270e-01	1.695839646321278815e-01	2.470058793826216126e-01	1.486093182939411395e-01	7.075302660637222685e-02	3.097305707702445107e-02	7.494965228267128077e-02
1.120427581482563710e+03	2.579052861531501151e-01	1.694350433442726733e-01	2.471452558548035972e-01	1.487040449989806556e-01	7.079617215737878111e-02	3.100096321839935706e-02	7.501323427264951216e-02
1.121878912546660331e+03	2.576859497694055645e-01	1.692862871138460512e-01	2.472843499752693242e-01	1.487986721174242855e-01	7.083925609849485439e-02	3.102880580918047915e-02	7.507667911601403898e-02
1.123330243610756725e+03	2.574670902693458885e-01	1.691376969067828473e-01	2.474231628375500591e-01	1.488931990227953805e-01	7.088227838132893366e-02	3.105658516505855476e-02	7.513998741677287152e-02
1.124781574674853118e+03	2.572487053736556839e-01	1.689892736697546083e-01	2.475616955250575235e-01	1.489876250999147000e-01	7.092523895959743085e-02	3.108430159843142415e-02	7.520315977322317158e-02
1.126232905738949967e+03	2.570307928276606702e-01	1.688410183304513978e-01	2.476999491112126528e-01	1.490819497447524178e-01	7.096813778909139003e-02	3.111195541845136053e-02	7.526619677801467401e-02
1.127684236803046360e+03	2.568133504009920132e-01	1.686929317978596854e-01	2.478379246595727725e-01	1.491761723642820170e-01	7.101097482764384683e-02	3.113954693107128316e-02	7.532909901821290000e-02
1.129135567867143209e+03	2.565963758872557565e-01	1.685450149625362937e-01	2.479756232239569147e-01	1.492702923763356837e-01	7.105375003509789567e-02	3.116707643908996420e-02	7.539186707536199572e-02
1.130586898931239830e+03	2.563798671037061938e-01	1.683972686968784049e-01	2.481130458485693580e-01	1.493643092094616154e-01	7.109646337327545085e-02	3.119454424219626071e-02	7.545450152554714074e-02
1.132038229995336451e+03	2.561638218909246256e-01	1.682496938553899035e-01	2.482501935681216687e-01	1.494582223027826340e-01	7.113911480594657666e-02	3.122195063701237866e-02	7.551700293945665110e-02
1.133489561059432845e+03	2.559482381125020023e-01	1.681022912749435549e-01	2.483870674079527996e-01	1.495520311058566587e-01	7.118170429879953909e-02	3.124929591713624874e-02	7.557937188244359672e-02
1.134940892123529466e+03	2.557331136547265626e-01	1.679550617750398822e-01	2.485236683841477445e-01	1.496457350785388996e-01	7.122423181941127390e-02	3.127658037318303830e-02	7.564160891458698854e-02
1.136392223187626087e+03	2.555184464262755251e-01	1.678080061580620730e-01	2.486599975036545007e-01	1.497393336908454664e-01	7.126669733721856248e-02	3.130380429282582366e-02	7.570371459075249387e-02
1.137843554251722708e+03	2.553042343579110529e-01	1.676611252095275006e-01	2.487960557643993931e-01	1.498328264228186713e-01	7.130910082348967949e-02	3.133096796083548879e-02	7.576568946065266597e-02
1.139294885315819101e+03	2.550904754021808274e-01	1.675144196983355260e-01	2.489318441554008998e-01	1.499262127643941345e-01	7.135144225129654016e-02	3.135807165911981553e-02	7.582753406890674341e-02
1.140746216379915950e+03	2.548771675331226727e-01	1.673678903770116633e-01	2.490673636568819793e-01	1.500194922152690846e-01	7.139372159548740271e-02	3.138511566676188691e-02	7.588924895509979729e-02
1.142197547444012343e+03	2.546643087459730670e-01	1.672215379819486647e-01	2.492026152403807038e-01	1.501126642847727677e-01	7.143593883266004252e-02	3.141210026005774453e-02	7.595083465384144805e-02
1.143648878508108737e+03	2.544518970568804273e-01	1.670753632336436367e-01	2.493375998688595607e-01	1.502057284917379387e-01	7.147809394113535664e-02	3.143902571255337980e-02	7.601229169482408288e-02
1.145100209572205586e+03	2.542399305026216139e-01	1.669293668369323802e-01	2.494723184968130891e-01	1.502986843643742965e-01	7.152018690093149555e-02	3.146589229508105212e-02	7.607362060288044847e-02
1.146551540636302207e+03	2.540284071403228761e-01	1.667835494812199837e-01	2.496067720703743498e-01	1.503915314401431946e-01	7.156221769373831421e-02	3.149270027579498948e-02	7.613482189804067490e-02
1.148002871700398828e+03	2.538173250471848497e-01	1.666379118407081694e-01	2.497409615274196470e-01	1.504842692656340741e-01	7.160418630289239195e-02	3.151944992020642988e-02	7.619589609558885535e-02
1.149454202764495449e+03	2.536066823202109966e-01	1.664924545746196693e-01	2.498748877976720018e-01	1.505768973964423663e-01	7.164609271335231622e-02	3.154614149121812844e-02	7.625684370611893192e-02
1.150905533828591842e+03	2.533964770759403184e-01	1.663471783274191595e-01	2.500085518028032361e-01	1.506694153970488392e-01	7.168793691167453519e-02	3.157277524915822614e-02	7.631766523559008197e-02
1.152356864892688463e+03	2.531867074501834014e-01	1.662020837290311692e-01	2.501419544565346431e-01	1.507618228407006100e-01	7.172971888598944634e-02	3.159935145181358429e-02	7.637836118538154917e-02
1.153808195956785084e+03	2.529773715977624571e-01	1.660571713950548534e-01	2.502750966647362962e-01	1.508541193092933774e-01	7.177143862597795687e-02	3.162587035446258465e-02	7.643893205234682242e-02
1.155259527020881706e+03	2.527684676922550833e-01	1.659124419269757400e-01	2.504079793255251651e-01	1.509463043932554038e-01	7.181309612284837718e-02	3.165233220990737451e-02	7.649937832886728739e-02
1.156710858084978327e+03	2.525599939257411886e-01	1.657678959123743689e-01	2.505406033293615109e-01	1.510383776914327458e-01	7.185469136931364742e-02	3.167873726850562593e-02	7.655970050290530904e-02
1.158162189149074720e+03	2.523519485085539693e-01	1.656235339251322658e-01	2.506729695591445872e-01	1.511303388109759838e-01	7.189622435956900814e-02	3.170508577820178864e-02	7.661989905805675904e-02
1.159613520213171569e+03	2.521443296690342173e-01	1.654793565256345300e-01	2.508050788903066208e-01	1.512221873672284778e-01	7.193769508926992073e-02	3.173137798455781533e-02	7.667997447360283547e-02
1.161064851277267962e+03	2.519371356532878470e-01	1.653353642609699248e-01	2.509369321909055150e-01	1.513139229836158728e-01	7.197910355551032091e-02	3.175761413078349860e-02	7.673992722456145221e-02
1.162516182341364356e+03	2.517303647249472531e-01	1.651915576651279416e-01	2.510685303217167208e-01	1.514055452915370747e-01	7.202044975680128858e-02	3.178379445776624568e-02	7.679975778173794843e-02
1.163967513405461204e+03	2.515240151649356104e-01	1.650479372591931171e-01	2.511998741363233867e-01	1.514970539302565866e-01	7.206173369304995358e-02	3.180991920410049939e-02	7.685946661177529837e-02
1.165418844469557826e+03	2.513180852712349478e-01	1.649045035515366020e-01	2.513309644812056209e-01	1.515884485467982323e-01	7.210295536553869289e-02	3.183598860611665249e-02	7.691905417720372451e-02
1.166870175533654447e+03	2.511125733586568876e-01	1.647612570380048991e-01	2.514618021958286431e-01	1.516797287958401297e-01	7.214411477690470254e-02	3.186200289790955265e-02	7.697852093648965832e-02
1.168321506597751068e+03	2.509074777586171590e-01	1.646181982021060475e-01	2.515923881127292705e-01	1.517708943396113008e-01	7.218521193111990253e-02	3.188796231136659803e-02	7.703786734408425707e-02
1.169772837661847461e+03	2.507027968189128320e-01	1.644753275151931426e-01	2.517227230576017938e-01	1.518619448477890876e-01	7.222624683347099450e-02	3.191386707619542351e-02	7.709709385047125441e-02
1.171224168725944082e+03	2.504985289035033258e-01	1.643326454366451361e-01	2.518528078493824096e-01	1.519528799973983435e-01	7.226721949053988014e-02	3.193971741995116354e-02	7.715620090221435301e-02
1.172675499790040703e+03	2.502946723922935268e-01	1.641901524140451651e-01	2.519826433003325983e-01	1.520436994727117075e-01	7.230812991018437108e-02	3.196551356806335425e-02	7.721518894200392336e-02
1.174126830854137097e+03	2.500912256809208478e-01	1.640478488833563286e-01	2.521122302161215023e-01	1.521344029651510998e-01	7.234897810151920405e-02	3.199125574386242621e-02	7.727405840870325837e-02
1.175578161918233945e+03	2.498881871805448684e-01	1.639057352690950209e-01	2.522415693959068617e-01	1.522249901731905775e-01	7.238976407489725040e-02	3.201694416860583620e-02	7.733280973739420361e-02
1.177029492982330339e+03	2.496855553176399178e-01	1.637638119845016282e-01	2.523706616324155050e-01	1.523154608022604106e-01	7.243048784189100309e-02	3.204257906150383139e-02	7.739144335942232944e-02
1.178480824046426733e+03	2.494833285337907103e-01	1.636220794317088945e-01	2.524995077120219533e-01	1.524058145646523810e-01	7.247114941527441068e-02	3.206816063974483877e-02	7.744995970244146488e-02
1.179932155110523581e+03	2.492815052854907010e-01	1.634805380019079546e-01	2.526281084148266909e-01	1.524960511794262730e-01	7.251174880900479458e-02	3.209368911852051448e-02	7.750835919045771794e-02
1.181383486174620202e+03	2.490800840439433839e-01	1.633391880755119263e-01	2.527564645147331035e-01	1.525861703723175311e-01	7.255228603820525202e-02	3.211916471105043941e-02	7.756664224387298245e-02
1.182834817238716823e+03	2.488790632948664483e-01	1.631980300223172808e-01	2.528845767795231403e-01	1.526761718756462494e-01	7.259276111914707286e-02	3.214458762860647467e-02	7.762480927952794540e-02
1.184286148302813444e+03	2.486784415382984337e-01	1.630570642016625771e-01	2.530124459709325868e-01	1.527660554282271599e-01	7.263317406923253117e-02	3.216995808053679101e-02	7.768286071074448351e-02
1.185737479366910065e+03	2.484782172884083817e-01	1.629162909625855304e-01	2.531400728447247284e-01	1.528558207752808984e-01	7.267352490697787104e-02	3.219527627428954430e-02	7.774079694736762969e-02
1.187188810431006686e+03	2.482783890733078758e-01	1.627757106439772228e-01	2.532674581507634581e-01	1.529454676683462411e-01	7.271381365199656999e-02	3.222054241543627351e-02	7.779861839580695659e-02
1.188640141495103080e+03	2.480789554348659942e-01	1.626353235747345916e-01	2.533946026330851642e-01	1.530349958651936737e-01	7.275404032498278273e-02	3.224575670769491698e-02	7.785632545907750224e-02
1.190091472559199701e+03	2.478799149285266790e-01	1.624951300739103932e-01	2.535215070299697282e-01	1.531244051297400710e-01	7.279420494769503480e-02	3.227091935295258590e-02	7.791391853684015434e-02
1.191542803623296322e+03	2.476812661231287682e-01	1.623551304508613069e-01	2.536481720740106360e-01	1.532136952319642920e-01	7.283430754294009657e-02	3.229603055128798389e-02	7.797139802544154896e-02
1.192994134687392716e+03	2.474830076007285551e-01	1.622153250053938456e-01	2.537745984921840892e-01	1.533028659478238853e-01	7.287434813455717642e-02	3.232109050099354897e-02	7.802876431795349732e-02
1.194445465751489564e+03	2.472851379564245944e-01	1.620757140279080188e-01	2.539007870059175054e-01	1.533919170591731274e-01	7.291432674740218334e-02	3.234609939859728334e-02	7.808601780421185745e-02
1.195896796815585958e+03	2.470876557981854793e-01	1.619362977995391917e-01	2.540267383311564653e-01	1.534808483536818091e-01	7.295424340733233648e-02	3.237105743888430559e-02	7.814315887085501733e-02
1.197348127879682352e+03	2.468905597466793667e-01	1.617970765922978060e-01	2.541524531784313812e-01	1.535696596247552448e-01	7.299409814119095508e-02	3.239596481491809760e-02	7.820018790136180897e-02
1.198799458943779200e+03	2.466938484351064720e-01	1.616580506692070762e-01	2.542779322529228336e-01	1.536583506714553071e-01	7.303389097679238717e-02	3.242082171806150159e-02	7.825710527608903400e-02
1.200250790007875821e+03	2.464975205090337296e-01	1.615192202844388525e-01	2.544031762545266862e-01	1.537469212984223510e-01	7.307362194290713264e-02	3.244562833799739116e-02	7.831391137230846178e-02
1.201702121071972442e+03	2.463015746262315064e-01	1.613805856834474584e-01	2.545281858779174233e-01	1.538353713157983305e-01	7.311329106924734089e-02	3.247038486274912011e-02	7.837060656424335581e-02
1.203153452136069063e+03	2.461060094565130640e-01	1.612421471031015574e-01	2.546529618126116001e-01	1.539237005391507762e-01	7.315289838645229470e-02	3.249509147870067310e-02	7.842719122310456981e-02
1.204604783200165684e+03	2.459108236815758519e-01	1.611039047718142991e-01	2.547775047430296258e-01	1.540119087893978000e-01	7.319244392607418548e-02	3.251974837061654550e-02	7.848366571712625528e-02
1.206056114264262078e+03	2.457160159948453271e-01	1.609658589096714665e-01	2.549018153485573257e-01	1.540999958927340430e-01	7.323192772056404121e-02	3.254435572166138047e-02	7.854003041160098619e-02
1.207507445328358699e+03	2.455215851013207995e-01	1.608280097285579024e-01	2.550258943036063375e-01	1.541879616805576780e-01	7.327134980325795965e-02	3.256891371341934932e-02	7.859628566891452284e-02
1.208958776392455093e+03	2.453275297174234704e-01	1.606903574322820494e-01	2.551497422776740076e-01	1.542758059893982736e-01	7.331071020836331387e-02	3.259342252591324041e-02	7.865243184858015935e-02
1.210410107456551941e+03	2.451338485708466630e-01	1.605529022166988229e-01	2.552733599354022331e-01	1.543635286608454615e-01	7.335000897094538785e-02	3.261788233762336064e-02	7.870846930727259938e-02
1.211861438520648335e+03	2.449405404004080522e-01	1.604156442698305429e-01	2.553967479366355264e-01	1.544511295414789376e-01	7.338924612691397065e-02	3.264229332550612483e-02	7.876439839886138772e-02
1.213312769584745183e+03	2.447476039559040306e-01	1.602785837719863660e-01	2.555199069364784692e-01	1.545386084827989059e-01	7.342842171301026954e-02	3.266665566501246454e-02	7.882021947444398102e-02
1.214764100648841804e+03	2.445550379979661293e-01	1.601417208958798577e-01	2.556428375853525004e-01	1.546259653411577173e-01	7.346753576679393438e-02	3.269096953010595247e-02	7.887593288237837452e-02
1.216215431712937971e+03	2.443628412979193809e-01	1.600050558067449835e-01	2.557655405290515938e-01	1.547131999776921729e-01	7.350658832663028996e-02	3.271523509328069790e-02	7.893153896831529848e-02
1.217666762777034819e+03	2.441710126376426815e-01	1.598685886624503505e-01	2.558880164087975473e-01	1.548003122582569946e-01	7.354557943167773504e-02	3.273945252557904778e-02	7.898703807523002607e-02
1.219118093841131440e+03	2.439795508094311782e-01	1.597323196136119228e-01	2.560102658612943283e-01	1.548873020533589329e-01	7.358450912187525228e-02	3.276362199660898950e-02	7.904243054345375108e-02
1.220569424905228061e+03	2.437884546158605448e-01	1.595962488037039884e-01	2.561322895187818083e-01	1.549741692380918190e-01	7.362337743793015421e-02	3.278774367456139399e-02	7.909771671070466026e-02
1.222020755969324682e+03	2.435977228696531716e-01	1.594603763691687381e-01	2.562540880090887208e-01	1.550609136920723941e-01	7.366218442130596789e-02	3.281181772622700221e-02	7.915289691211847833e-02
1.223472087033421303e+03	2.434073543935459938e-01	1.593247024395240963e-01	2.563756619556849525e-01	1.551475352993770540e-01	7.370093011421051388e-02	3.283584431701318945e-02	7.920797148027874934e-02
1.224923418097517697e+03	2.432173480201606786e-01	1.591892271374701351e-01	2.564970119777331692e-01	1.552340339484793164e-01	7.373961455958405464e-02	3.285982361096054238e-02	7.926294074524666000e-02
1.226374749161614318e+03	2.430277025918751721e-01	1.590539505789938524e-01	2.566181386901399408e-01	1.553204095321882583e-01	7.377823780108765106e-02	3.288375577075917933e-02	7.931780503459048837e-02
1.227826080225710712e+03	2.428384169606972176e-01	1.589188728734726996e-01	2.567390427036055911e-01	1.554066619475875932e-01	7.381679988309175489e-02	3.290764095776489706e-02	7.937256467341478883e-02
1.229277411289807560e+03	2.426494899881396772e-01	1.587839941237761954e-01	2.568597246246741572e-01	1.554927910959755522e-01	7.385530085066481509e-02	3.293147933201509558e-02	7.942721998438899422e-02
1.230728742353903954e+03	2.424609205450974081e-01	1.586493144263665944e-01	2.569801850557821843e-01	1.555787968828057644e-01	7.389374074956206462e-02	3.295527105224448777e-02	7.948177128777589306e-02
1.232180073418000802e+03	2.422727075117262763e-01	1.585148338713977256e-01	2.571004245953070200e-01	1.556646792176285821e-01	7.393211962621458466e-02	3.297901627590062168e-02	7.953621890145956552e-02
1.233631404482097196e+03	2.420848497773232244e-01	1.583805525428126082e-01	2.572204438376144986e-01	1.557504380140334044e-01	7.397043752771835512e-02	3.300271515915921550e-02	7.959056314097305573e-02
1.235082735546193817e+03	2.418973462402086716e-01	1.582464705184396525e-01	2.573402433731059036e-01	1.558360731895916118e-01	7.400869450182351317e-02	3.302636785693924271e-02	7.964480431952569717e-02
1.236534066610290438e+03	2.417101958076101897e-01	1.581125878700875287e-01	2.574598237882645413e-01	1.559215846658003890e-01	7.404689059692377839e-02	3.304997452291787152e-02	7.969894274803006329e-02
1.237985397674387059e+03	2.415233973955478175e-01	1.579789046636384253e-01	2.575791856657013157e-01	1.560069723680271581e-01	7.408502586204597506e-02	3.307353530954521698e-02	7.975297873512854352e-02
1.239436728738483680e+03	2.413369499287210673e-01	1.578454209591402813e-01	2.576983295842001365e-01	1.560922362254547058e-01	7.412310034683972093e-02	3.309705036805887790e-02	7.980691258721968329e-02
1.240888059802580301e+03	2.411508523403975146e-01	1.577121368108977129e-01	2.578172561187624390e-01	1.561773761710271990e-01	7.416111410156725481e-02	3.312051984849828656e-02	7.986074460848406609e-02
1.242339390866676695e+03	2.409651035723029133e-01	1.575790522675613037e-01	2.579359658406512601e-01	1.562623921413967554e-01	7.419906717709336130e-02	3.314394389971888483e-02	7.991447510090997353e-02
1.243790721930773088e+03	2.407797025745127828e-01	1.574461673722159227e-01	2.580544593174346479e-01	1.563472840768706795e-01	7.423695962487551758e-02	3.316732266940614071e-02	7.996810436431869840e-02
1.245242052994869937e+03	2.405946483053456042e-01	1.573134821624677659e-01	2.581727371130285165e-01	1.564320519213596161e-01	7.427479149695405403e-02	3.319065630408933598e-02	8.002163269638945531e-02
1.246693384058966330e+03	2.404099397312576269e-01	1.571809966705298989e-01	2.582907997877388895e-01	1.565166956223260908e-01	7.431256284594250916e-02	3.321394494915520801e-02	8.007506039268408315e-02
1.248144715123063179e+03	2.402255758267387853e-01	1.570487109233068279e-01	2.584086478983039226e-01	1.566012151307338840e-01	7.435027372501812337e-02	3.323718874886142510e-02	8.012838774667135899e-02
1.249596046187159800e+03	2.400415555742103357e-01	1.569166249424778781e-01	2.585262819979346482e-01	1.566856104009980155e-01	7.438792418791247141e-02	3.326038784634987450e-02	8.018161504975107601e-02
1.251047377251256421e+03	2.398578779639239100e-01	1.567847387445792107e-01	2.586437026363560543e-01	1.567698813909354782e-01	7.442551428890209486e-02	3.328354238365976991e-02	8.023474259127776065e-02
1.252498708315352815e+03	2.396745419938619004e-01	1.566530523410846754e-01	2.587609103598471072e-01	1.568540280617164440e-01	7.446304408279948162e-02	3.330665250174062730e-02	8.028777065858407058e-02
1.253950039379449436e+03	2.394915466696392325e-01	1.565215657384856907e-01	2.588779057112803317e-01	1.569380503778162184e-01	7.450051362494394813e-02	3.332971834046502546e-02	8.034069953700394284e-02
1.255401370443546057e+03	2.393088910044066375e-01	1.563902789383697367e-01	2.589946892301606685e-01	1.570219483069678346e-01	7.453792297119278543e-02	3.335274003864126258e-02	8.039352950989547830e-02
1.256852701507642678e+03	2.391265740187551170e-01	1.562591919374979321e-01	2.591112614526645541e-01	1.571057218201152017e-01	7.457527217791239116e-02	3.337571773402579073e-02	8.044626085866346532e-02
1.258304032571739299e+03	2.389445947406217963e-01	1.561283047278814728e-01	2.592276229116774466e-01	1.571893708913668919e-01	7.461256130196972092e-02	3.339865156333553242e-02	8.049889386278159809e-02
1.259755363635835920e+03	2.387629522051970821e-01	1.559976172968567942e-01	2.593437741368317950e-01	1.572728954979505933e-01	7.464979040072361460e-02	3.342154166226003753e-02	8.055142879981457005e-02
1.261206694699932314e+03	2.385816454548332077e-01	1.558671296271598450e-01	2.594597156545438432e-01	1.573562956201680074e-01	7.468695953201645588e-02	3.344438816547346677e-02	8.060386594543969552e-02
1.262658025764028707e+03	2.384006735389538612e-01	1.557368416969991953e-01	2.595754479880504340e-01	1.574395712413504678e-01	7.472406875416576222e-02	3.346719120664642944e-02	8.065620557346835084e-02
1.264109356828125556e+03	2.382200355139652836e-01	1.556067534801282848e-01	2.596909716574449245e-01	1.575227223478151417e-01	7.476111812595601092e-02	3.348995091845766853e-02	8.070844795586717968e-02
1.265560687892221949e+03	2.380397304431684791e-01	1.554768649459162266e-01	2.598062871797130469e-01	1.576057489288216762e-01	7.479810770663050667e-02	3.351266743260560704e-02	8.076059336277893741e-02
1.267012018956318798e+03	2.378597573966726164e-01	1.553471760594181961e-01	2.599213950687678798e-01	1.576886509765295374e-01	7.483503755588341577e-02	3.353534087981974859e-02	8.081264206254315519e-02
1.268463350020415419e+03	2.376801154513097647e-01	1.552176867814441252e-01	2.600362958354844878e-01	1.577714284859558780e-01	7.487190773385185572e-02	3.355797138987192535e-02	8.086459432171648476e-02
1.269914681084511813e+03	2.375008036905507658e-01	1.550883970686270097e-01	2.601509899877345044e-01	1.578540814549339588e-01	7.490871830110809593e-02	3.358055909158736557e-02	8.091645040509283515e-02
1.271366012148608434e+03	2.373218212044222175e-01	1.549593068734898826e-01	2.602654780304196058e-01	1.579366098840720156e-01	7.494546931865186945e-02	3.360310411285571952e-02	8.096821057572319014e-02
1.272817343212705055e+03	2.371431670894245947e-01	1.548304161445119842e-01	2.603797604655052056e-01	1.580190137767128467e-01	7.498216084790280955e-02	3.362560658064182167e-02	8.101987509493527306e-02
1.274268674276801676e+03	2.369648404484517024e-01	1.547017248261937927e-01	2.604938377920530401e-01	1.581012931388937059e-01	7.501879295069298348e-02	3.364806662099642520e-02	8.107144422235283698e-02
1.275720005340898297e+03	2.367868403907110453e-01	1.545732328591215288e-01	2.606077105062538091e-01	1.581834479793070014e-01	7.505536568925946783e-02	3.367048435906672132e-02	8.112291821591482988e-02
1.277171336404994690e+03	2.366091660316454182e-01	1.544449401800301602e-01	2.607213791014594828e-01	1.582654783092612150e-01	7.509187912623710437e-02	3.369285991910677541e-02	8.117429733189425456e-02
1.278622667469091539e+03	2.364318164928554955e-01	1.543168467218660189e-01	2.608348440682144997e-01	1.583473841426424888e-01	7.512833332465126968e-02	3.371519342448779655e-02	8.122558182491676493e-02
1.280073998533187932e+03	2.362547909020235037e-01	1.541889524138483070e-01	2.609481058942873521e-01	1.584291654958768225e-01	7.516472834791088076e-02	3.373748499770828913e-02	8.127677194797912341e-02
1.281525329597284326e+03	2.360780883928381424e-01	1.540612571815295484e-01	2.610611650647013393e-01	1.585108223878924916e-01	7.520106425980133125e-02	3.375973476040410037e-02	8.132786795246732536e-02
1.282976660661381175e+03	2.359017081049203379e-01	1.539337609468555135e-01	2.611740220617649877e-01	1.585923548400830774e-01	7.523734112447755251e-02	3.378194283335828746e-02	8.137887008817454304e-02
1.284427991725477568e+03	2.357256491837500523e-01	1.538064636282240050e-01	2.612866773651020269e-01	1.586737628762711905e-01	7.527355900645729680e-02	3.380410933651090827e-02	8.142977860331884754e-02
1.285879322789574417e+03	2.355499107805941739e-01	1.536793651405430061e-01	2.613991314516810327e-01	1.587550465226723329e-01	7.530971797061437878e-02	3.382623438896865953e-02	8.148059374456068094e-02
1.287330653853671038e+03	2.353744920524354911e-01	1.535524653952878849e-01	2.615113847958448479e-01	1.588362058078594263e-01	7.534581808217205579e-02	3.384831810901439697e-02	8.153131575702013412e-02
1.288781984917767431e+03	2.351993921619023875e-01	1.534257643005577099e-01	2.616234378693393370e-01	1.589172407627278127e-01	7.538185940669644980e-02	3.387036061411656529e-02	8.158194488429398872e-02
1.290233315981864052e+03	2.350246102771998136e-01	1.532992617611308728e-01	2.617352911413418082e-01	1.589981514204605872e-01	7.541784201009017752e-02	3.389236202093845463e-02	8.163248136847252312e-02
