1.301360187473271253e+03	2.354592518522592715e-01	1.509080210695009083e-01	2.592364482389515890e-01	1.618027244549970489e-01	7.607830747326776999e-02	3.259443097199053729e-02	8.392081593866786149e-02
1.306197957686926657e+03	2.348800965917969830e-01	1.504987980872375397e-01	2.595971941019913909e-01	1.620622716674416930e-01	7.618841133382676933e-02	3.267223170626946255e-02	8.410099651107111329e-02
1.311035727900581833e+03	2.343042920009786589e-01	1.500918314465042591e-01	2.599560519478313902e-01	1.623202146371559851e-01	7.629793040656199232e-02	3.274956663439638344e-02	8.428011292620624095e-02
1.315873498114237009e+03	2.337318153251889408e-01	1.496871116603749885e-01	2.603130304615245971e-01	1.625765644249499986e-01	7.640686753772810147e-02	3.282643921647536434e-02	8.445817137339294012e-02
1.320711268327892412e+03	2.331626441421967566e-01	1.492846291191458064e-01	2.606681383042626643e-01	1.628313319965935535e-01	7.651522556234201244e-02	3.290285287338505504e-02	8.463517800170912431e-02
1.325549038541547588e+03	2.325967563492906121e-01	1.488843741005114740e-01	2.610213841135134993e-01	1.630845282241033256e-01	7.662300730430954276e-02	3.297881098741392569e-02	8.481113892049260694e-02
1.330386808755202765e+03	2.320341301510792376e-01	1.484863367791743327e-01	2.613727765031329531e-01	1.633361638869965105e-01	7.673021557654220726e-02	3.305431690288460067e-02	8.498606019982514470e-02
1.335224578968857941e+03	2.314747440479212603e-01	1.480905072359158248e-01	2.617223240634534709e-01	1.635862496735124572e-01	7.683685318106471540e-02	3.312937392676752746e-02	8.515994787099974428e-02
1.340062349182513572e+03	2.309185768249512327e-01	1.476968754661598937e-01	2.620700353613499289e-01	1.638347961818036325e-01	7.694292290911391996e-02	3.320398532928406365e-02	8.533280792697223172e-02
1.344900119396168748e+03	2.303656075416689319e-01	1.473054313880560462e-01	2.624159189402863190e-01	1.640818139210973303e-01	7.704842754122960546e-02	3.327815434449907933e-02	8.550464632279754229e-02
1.349737889609823924e+03	2.298158155220624554e-01	1.469161648501073891e-01	2.627599833203431712e-01	1.643273133128287655e-01	7.715336984733782433e-02	3.335188417090322044e-02	8.567546897605196610e-02
1.354575659823479100e+03	2.292691803452361343e-01	1.465290656383687329e-01	2.631022369982287112e-01	1.645713046917472999e-01	7.725775258682728019e-02	3.342517797198497204e-02	8.584528176724165460e-02
1.359413430037134731e+03	2.287256818365162592e-01	1.461441234832380198e-01	2.634426884472738650e-01	1.648137983069964119e-01	7.736157850861924423e-02	3.349803887679267400e-02	8.601409054019822087e-02
1.364251200250789907e+03	2.281853000590091385e-01	1.457613280658628663e-01	2.637813461174137175e-01	1.650548043231688522e-01	7.746485035123130969e-02	3.357046998048651698e-02	8.618190110246223834e-02
1.369088970464445310e+03	2.276480153055870648e-01	1.453806690241832844e-01	2.641182184351553164e-01	1.652943328213373753e-01	7.756757084283580350e-02	3.364247434488081695e-02	8.634871922565491575e-02
1.373926740678100487e+03	2.271138080912794566e-01	1.450021359586299297e-01	2.644533138035345399e-01	1.655323938000625161e-01	7.766974270131274394e-02	3.371405499897653368e-02	8.651455064583880861e-02
1.378764510891755890e+03	2.265826591460473882e-01	1.446257184374971916e-01	2.647866406020614738e-01	1.657689971763780246e-01	7.777136863429820468e-02	3.378521493948431070e-02	8.667940106386795573e-02
1.383602281105411066e+03	2.260545494079208018e-01	1.442514060020078648e-01	2.651182071866568513e-01	1.660041527867547329e-01	7.787245133922808538e-02	3.385595713133807833e-02	8.684327614572806553e-02
1.388440051319066470e+03	2.255294600164794716e-01	1.438791881710869136e-01	2.654480218895796662e-01	1.662378703880438846e-01	7.797299350337792700e-02	3.392628450819940022e-02	8.700618152286715423e-02
1.393277821532721646e+03	2.250073723066589315e-01	1.435090544458594575e-01	2.657760930193469595e-01	1.664701596584003962e-01	7.807299780389881372e-02	3.399619997295270230e-02	8.716812279251714979e-02
1.398115591746377049e+03	2.244882678028639056e-01	1.431409943138886309e-01	2.661024288606466115e-01	1.667010301981870779e-01	7.817246690784987462e-02	3.406570639819148788e-02	8.732910551800683596e-02
1.402953361960032225e+03	2.239721282133733948e-01	1.427749972531665301e-01	2.664270376742443047e-01	1.669304915308602033e-01	7.827140347222751038e-02	3.413480662669576837e-02	8.748913522906666407e-02
1.407791132173687402e+03	2.234589354250211823e-01	1.424110527358725953e-01	2.667499276968852140e-01	1.671585531038372041e-01	7.836981014399173329e-02	3.420350347190069529e-02	8.764821742212572375e-02
1.412628902387342805e+03	2.229486714981373519e-01	1.420491502319113364e-01	2.670711071411906445e-01	1.673852242893472675e-01	7.846768956008975948e-02	3.427179971835667138e-02	8.780635756060128916e-02
1.417466672600997981e+03	2.224413186617369975e-01	1.416892792122416700e-01	2.673905841955508955e-01	1.676105143852652246e-01	7.856504434747721421e-02	3.433969812218103101e-02	8.796356107518124579e-02
1.422304442814653157e+03	2.219368593089425523e-01	1.413314291520093025e-01	2.677083670240147928e-01	1.678344326159292854e-01	7.866187712313700564e-02	3.440720141150140077e-02	8.811983336409989764e-02
1.427142213028308333e+03	2.214352759926278558e-01	1.409755895334926235e-01	2.680244637661762797e-01	1.680569881329432580e-01	7.875819049409617245e-02	3.447431228689090688e-02	8.827517979340714083e-02
1.431979983241963964e+03	2.209365514212716097e-01	1.406217498488722129e-01	2.683388825370583985e-01	1.682781900159639743e-01	7.885398705744091352e-02	3.454103342179534741e-02	8.842960569723171127e-02
1.436817753455619140e+03	2.204406684550093976e-01	1.402698996028340084e-01	2.686516314269961070e-01	1.684980472734738111e-01	7.894926940032986895e-02	3.460736746295251659e-02	8.858311637803845118e-02
1.441655523669274316e+03	2.199476101018734142e-01	1.399200283150146273e-01	2.689627185015169841e-01	1.687165688435394439e-01	7.904404010000598557e-02	3.467331703080366728e-02	8.873571710688005210e-02
1.446493293882929493e+03	2.194573595142103595e-01	1.395721255222977519e-01	2.692721518012212711e-01	1.689337635945569460e-01	7.913830172380691141e-02	3.473888471989748650e-02	8.888741312364344116e-02
1.451331064096585123e+03	2.189698999852675299e-01	1.392261807809695717e-01	2.695799393416615786e-01	1.691496403259835912e-01	7.923205682917429382e-02	3.480407309928647275e-02	8.903820963729112969e-02
1.456168834310240300e+03	2.184852149459385884e-01	1.388821836687411937e-01	2.698860891132217055e-01	1.693642077690570569e-01	7.932530796366193959e-02	3.486888471291598596e-02	8.918811182609760746e-02
1.461006604523895703e+03	2.180032879616602970e-01	1.385401237866449031e-01	2.701906090809963468e-01	1.695774745875022194e-01	7.941805766494297592e-02	3.493332208000606010e-02	8.933712483788128211e-02
1.465844374737550879e+03	2.175241027294522178e-01	1.381999907608113531e-01	2.704935071846704675e-01	1.697894493782257930e-01	7.951030846081633130e-02	3.499738769542611733e-02	8.948525379023172799e-02
1.470682144951206283e+03	2.170476430750920005e-01	1.378617742441343719e-01	2.707947913384001204e-01	1.700001406719995611e-01	7.960206286921232832e-02	3.506108403006270163e-02	8.963250377073293806e-02
1.475519915164861459e+03	2.165738929504187893e-01	1.375254639178292437e-01	2.710944694306932634e-01	1.702095569341322001e-01	7.969332339819781841e-02	3.512441353118032211e-02	8.977887983718234322e-02
1.480357685378516862e+03	2.161028364307583105e-01	1.371910494928903490e-01	2.713925493242929088e-01	1.704177065651301393e-01	7.978409254598065048e-02	3.518737862277563494e-02	8.992438701780602894e-02
1.485195455592172038e+03	2.156344577124628403e-01	1.368585207114536850e-01	2.716890388560607161e-01	1.706245979013478464e-01	7.987437280091379266e-02	3.524998170592495011e-02	9.006903031147020511e-02
1.490033225805827215e+03	2.151687411105603631e-01	1.365278673480697369e-01	2.719839458368626395e-01	1.708302392156277327e-01	7.996416664149913478e-02	3.531222515912526422e-02	9.021281468788910907e-02
1.494870996019482618e+03	2.147056710565068416e-01	1.361990792108912773e-01	2.722772780514565727e-01	1.710346387179298988e-01	8.005347653639088845e-02	3.537411133862894408e-02	9.035574508782955039e-02
1.499708766233137567e+03	2.142452320960363532e-01	1.358721461427805643e-01	2.725690432583813827e-01	1.712378045559523887e-01	8.014230494439893160e-02	3.543564257877215851e-02	9.049782642331206939e-02
1.504546536446793198e+03	2.137874088871040690e-01	1.355470580223413490e-01	2.728592491898487182e-01	1.714397448157415627e-01	8.023065431449194485e-02	3.549682119229714133e-02	9.063906357780902867e-02
1.509384306660448374e+03	2.133321861979167455e-01	1.352238047648784969e-01	2.731479035516364284e-01	1.716404675222935050e-01	8.031852708580047850e-02	3.555764947066844539e-02	9.077946140643972095e-02
1.514222076874103550e+03	2.128795489050465950e-01	1.349023763232902740e-01	2.734350140229849235e-01	1.718399806401462726e-01	8.040592568762001957e-02	3.561812968438334004e-02	9.091902473616247926e-02
1.519059847087758726e+03	2.124294819916240085e-01	1.345827626888963791e-01	2.737205882564956450e-01	1.720382920739634836e-01	8.049285253941405871e-02	3.567826408327630372e-02	9.105775836596403938e-02
1.523897617301414357e+03	2.119819705456048864e-01	1.342649538922057739e-01	2.740046338780325330e-01	1.722354096691092185e-01	8.057931005081726827e-02	3.573805489681791681e-02	9.119566706704630710e-02
1.528735387515069533e+03	2.115369997581089956e-01	1.339489400036270039e-01	2.742871584866258261e-01	1.724313412122147060e-01	8.066530062163884685e-02	3.579750433440815477e-02	9.133275558301041930e-02
1.533573157728724709e+03	2.110945549218252171e-01	1.336347111341248117e-01	2.745681696543785799e-01	1.726260944317368762e-01	8.075082664186590542e-02	3.585661458566415799e-02	9.146902863003841810e-02
1.538410927942380113e+03	2.106546214294804376e-01	1.333222574358257639e-01	2.748476749263764618e-01	1.728196769985088366e-01	8.083589049166722829e-02	3.591538782070270025e-02	9.160449089707251025e-02
1.543248698156035516e+03	2.102171847723690590e-01	1.330115691025754721e-01	2.751256818206000987e-01	1.730120965262828547e-01	8.092049454139711717e-02	3.597382619041734203e-02	9.173914704599203662e-02
1.548086468369690692e+03	2.097822305389392961e-01	1.327026363704505718e-01	2.754021978278403116e-01	1.732033605722656522e-01	8.100464115159961009e-02	3.603193182675042128e-02	9.187300171178816588e-02
1.552924238583346096e+03	2.093497444134339580e-01	1.323954495182276536e-01	2.756772304116166250e-01	1.733934766376463155e-01	8.108833267301290837e-02	3.608970684296000653e-02	9.200605950273657574e-02
1.557762008797001272e+03	2.089197121745825780e-01	1.320899988678116144e-01	2.759507870080987191e-01	1.735824521681170740e-01	8.117157144657424772e-02	3.614715333388184709e-02	9.213832500056791386e-02
1.562599779010656675e+03	2.084921196943424759e-01	1.317862747846258176e-01	2.762228750260307675e-01	1.737702945543870836e-01	8.125435980342497755e-02	3.620427337618647295e-02	9.226980276063638520e-02
1.567437549224311852e+03	2.080669529366857007e-01	1.314842676779660047e-01	2.764935018466591621e-01	1.739570111326891877e-01	8.133670006491608429e-02	3.626106902863149295e-02	9.240049731208632711e-02
1.572275319437967255e+03	2.076441979564303264e-01	1.311839680013201781e-01	2.767626748236629575e-01	1.741426091852801283e-01	8.141859454261413109e-02	3.631754233230922307e-02	9.253041315801700806e-02
1.577113089651622431e+03	2.072238408981130486e-01	1.308853662526562045e-01	2.770304012830878682e-01	1.743270959409340681e-01	8.150004553830747511e-02	3.637369531088973512e-02	9.265955477564551124e-02
1.581950859865277607e+03	2.068058679949015544e-01	1.305884529746790257e-01	2.772966885232830969e-01	1.745104785754297838e-01	8.158105534401305370e-02	3.642952997085935340e-02	9.278792661646802220e-02
1.586788630078933011e+03	2.063902655675441955e-01	1.302932187550592813e-01	2.775615438148412717e-01	1.746927642120315316e-01	8.166162624198347597e-02	3.648504830175482161e-02	9.291553310641924301e-02
1.591626400292587959e+03	2.059770200233553561e-01	1.299996542266349531e-01	2.778249744005418798e-01	1.748739599219636676e-01	8.174176050471461397e-02	3.654025227639304263e-02	9.304237864603032149e-02
1.596464170506243590e+03	2.055661178552345980e-01	1.297077500675870854e-01	2.780869874952972554e-01	1.750540727248794393e-01	8.182146039495366563e-02	3.659514385109664120e-02	9.316846761058508730e-02
1.601301940719898766e+03	2.051575456407179754e-01	1.294174970015921911e-01	2.783475902861022311e-01	1.752331095893236712e-01	8.190072816570762027e-02	3.664972496591532153e-02	9.329380435027480323e-02
1.606139710933553943e+03	2.047512900410597136e-01	1.291288857979510929e-01	2.786067899319864538e-01	1.754110774331897327e-01	8.197956606025216808e-02	3.670399754484322125e-02	9.341839319035138978e-02
1.610977481147209119e+03	2.043473378003428653e-01	1.288419072716971703e-01	2.788645935639701423e-01	1.755879831241710376e-01	8.205797631214119259e-02	3.675796349603215746e-02	9.354223843127919269e-02
1.615815251360864750e+03	2.039456757446175272e-01	1.285565522836839003e-01	2.791210082850225649e-01	1.757638334802065772e-01	8.213596114521665159e-02	3.681162471200108421e-02	9.366534434888534877e-02
1.620653021574519926e+03	2.035462907810651756e-01	1.282728117406537471e-01	2.793760411700240143e-01	1.759386352699215117e-01	8.221352277361890226e-02	3.686498306984158785e-02	9.378771519450873617e-02
1.625490791788175102e+03	2.031491698971877313e-01	1.279906765952889269e-01	2.796296992657301139e-01	1.761123952130618509e-01	8.229066340179765071e-02	3.691804043141971858e-02	9.390935519514762020e-02
1.630328562001830505e+03	2.027543001600203565e-01	1.277101378462454639e-01	2.798819895907399546e-01	1.762851199809244984e-01	8.236738522452320688e-02	3.697079864357407514e-02	9.403026855360599456e-02
1.635166332215485909e+03	2.023616687153667604e-01	1.274311865381714259e-01	2.801329191354664516e-01	1.764568161967817184e-01	8.244369042689836391e-02	3.702325953831028110e-02	9.415045944863859040e-02
1.640004102429141085e+03	2.019712627870555444e-01	1.271538137617098940e-01	2.803824948621101432e-01	1.766274904363006881e-01	8.251958118437066614e-02	3.707542493299194331e-02	9.426993203509469177e-02
1.644841872642796488e+03	2.015830696762172247e-01	1.268780106534884156e-01	2.806307237046355429e-01	1.767971492279582224e-01	8.259505966274521827e-02	3.712729663052813378e-02	9.438869044406072994e-02
1.649679642856451665e+03	2.011970767605804900e-01	1.266037683960947180e-01	2.808776125687507674e-01	1.769657990534504177e-01	8.267012801819795254e-02	3.717887641955745087e-02	9.450673878300169806e-02
1.654517413070107068e+03	2.008132714937866103e-01	1.263310782180402381e-01	2.811231683318893837e-01	1.771334463480976895e-01	8.274478839728933999e-02	3.723016607462877048e-02	9.462408113590137226e-02
1.659355183283762244e+03	2.004316414047216666e-01	1.260599313937119381e-01	2.813673978431958655e-01	1.773000975012451186e-01	8.281904293697867070e-02	3.728116735637870133e-02	9.474072156340143658e-02
1.664192953497417420e+03	2.000521740968652651e-01	1.257903192433131312e-01	2.816103079235128814e-01	1.774657588566580790e-01	8.289289376463870873e-02	3.733188201170587611e-02	9.485666410293944195e-02
1.669030723711072824e+03	1.996748572476551298e-01	1.255222331327939256e-01	2.818519053653722461e-01	1.776304367129133976e-01	8.296634299807081891e-02	3.738231177394207155e-02	9.497191276888582168e-02
1.673868493924728000e+03	1.992996786078669869e-01	1.252556644737719826e-01	2.820921969329876489e-01	1.777941373237861555e-01	8.303939274552066263e-02	3.743245836302027535e-02	9.508647155267963003e-02
1.678706264138383403e+03	1.989266260010087994e-01	1.249906047234442125e-01	2.823311893622509339e-01	1.779568668986319657e-01	8.311204510569424053e-02	3.748232348563974164e-02	9.520034442296344823e-02
1.683544034352038352e+03	1.985556873227286023e-01	1.247270453844899485e-01	2.825688893607301022e-01	1.781186316027650318e-01	8.318430216777440711e-02	3.753190883542809053e-02	9.531353532571713860e-02
1.688381804565693983e+03	1.981868505402356595e-01	1.244649780049660176e-01	2.828053036076705329e-01	1.782794375578320711e-01	8.325616601143789874e-02	3.758121609310052097e-02	9.542604818439064107e-02
1.693219574779349159e+03	1.978201036917340006e-01	1.242043941781944411e-01	2.830404387539983690e-01	1.784392908421818247e-01	8.332763870687270868e-02	3.763024692661616488e-02	9.553788690003578443e-02
1.698057344993004335e+03	1.974554348858680586e-01	1.239452855426430022e-01	2.832743014223266242e-01	1.785981974912307368e-01	8.339872231479598941e-02	3.767900299133170733e-02	9.564905535143718163e-02
1.702895115206659511e+03	1.970928323011795769e-01	1.236876437817992364e-01	2.835068982069633425e-01	1.787561634978244995e-01	8.346941888647232966e-02	3.772748593015225888e-02	9.575955739524207033e-02
1.707732885420315142e+03	1.967322841855753124e-01	1.234314606240383833e-01	2.837382356739226452e-01	1.789131948125955995e-01	8.353973046373247557e-02	3.777569737367957731e-02	9.586939686608936251e-02
1.712570655633970318e+03	1.963737788558053976e-01	1.231767278424854284e-01	2.839683203609377204e-01	1.790692973443170910e-01	8.360965907899245431e-02	3.782363894035765950e-02	9.597857757673759760e-02
1.717408425847625494e+03	1.960173046969514721e-01	1.229234372548719118e-01	2.841971587774764219e-01	1.792244769602524546e-01	8.367920675527308616e-02	3.787131223661578672e-02	9.608710331819221573e-02
1.722246196061280898e+03	1.956628501619245009e-01	1.226715807233876160e-01	2.844247574047586991e-01	1.793787394865015983e-01	8.374837550622002413e-02	3.791871885700907191e-02	9.619497785983179006e-02
1.727083966274936301e+03	1.953104037709714191e-01	1.224211501545277025e-01	2.846511226957769147e-01	1.795320907083433060e-01	8.381716733612394610e-02	3.796586038435653676e-02	9.630220494953341259e-02
1.731921736488591478e+03	1.949599541111907142e-01	1.221721374989353237e-01	2.848762610753177160e-01	1.796845363705739940e-01	8.388558423994141311e-02	3.801273838987680176e-02	9.640878831379728897e-02
1.736759506702246881e+03	1.946114898360561951e-01	1.219245347512403349e-01	2.851001789399862374e-01	1.798360821778427487e-01	8.395362820331594977e-02	3.805935443332137541e-02	9.651473165787040343e-02
1.741597276915902057e+03	1.942649996649490063e-01	1.216783339498942462e-01	2.853228826582325239e-01	1.799867337949829227e-01	8.402130120259945767e-02	3.810571006310568137e-02	9.662003866586939271e-02
1.746435047129557461e+03	1.939204723826970234e-01	1.214335271770015517e-01	2.855443785703798976e-01	1.801364968473400940e-01	8.408860520487414225e-02	3.815180681643780963e-02	9.672471300090267066e-02
1.751272817343212637e+03	1.935778968391217159e-01	1.211901065581479364e-01	2.857646729886554327e-01	1.802853769210968071e-01	8.415554216797466180e-02	3.819764621944504029e-02	9.682875830519159510e-02
1.756110587556867813e+03	1.932372619485919485e-01	1.209480642622254437e-01	2.859837721972221525e-01	1.804333795635938431e-01	8.422211404051072048e-02	3.824322978729817468e-02	9.693217820019092712e-02
1.760948357770523216e+03	1.928985566895848325e-01	1.207073925012548676e-01	2.862016824522133907e-01	1.805805102836478548e-01	8.428832276188996664e-02	3.828855902433379865e-02	9.703497628670851305e-02
1.765786127984178393e+03	1.925617701042527108e-01	1.204680835302056885e-01	2.864184099817689289e-01	1.807267745518661706e-01	8.435417026234119653e-02	3.833363542417440178e-02	9.713715614502416162e-02
1.770623898197833569e+03	1.922268912979966660e-01	1.202301296468134689e-01	2.866339609860729110e-01	1.808721778009580172e-01	8.441965846293793263e-02	3.837846046984648429e-02	9.723872133500777171e-02
1.775461668411488745e+03	1.918939094390458566e-01	1.199935231913953210e-01	2.868483416373938666e-01	1.810167254260426350e-01	8.448478927562230734e-02	3.842303563389663779e-02	9.733967539623664122e-02
1.780299438625144376e+03	1.915628137580427104e-01	1.197582565466632221e-01	2.870615580801259559e-01	1.811604227849542836e-01	8.454956460322923806e-02	3.846736237850570395e-02	9.744002184811210998e-02
1.785137208838799552e+03	1.912335935476335569e-01	1.195243221375356657e-01	2.872736164308324902e-01	1.813032751985440560e-01	8.461398633951099091e-02	3.851144215560094869e-02	9.753976418997548081e-02
1.789974979052454728e+03	1.909062381620648674e-01	1.192917124309475219e-01	2.874845227782908408e-01	1.814452879509786676e-01	8.467805636916184153e-02	3.855527640696641833e-02	9.763890590122302482e-02
1.794812749266109904e+03	1.905807370167844350e-01	1.190604199356585929e-01	2.876942831835387349e-01	1.815864662900361359e-01	8.474177656784329105e-02	3.859886656435140839e-02	9.773745044142052862e-02
1.799650519479765535e+03	1.902570795880474397e-01	1.188304372020606292e-01	2.879029036799228836e-01	1.817268154273986858e-01	8.480514880220935137e-02	3.864221404957716294e-02	9.783540125041692570e-02
1.804488289693420711e+03	1.899352554125276482e-01	1.186017568219833451e-01	2.881103902731484423e-01	1.818663405389423782e-01	8.486817492993220524e-02	3.868532027464173517e-02	9.793276174845728932e-02
1.809326059907075887e+03	1.896152540869329162e-01	1.183743714284992005e-01	2.883167489413305251e-01	1.820050467650241033e-01	8.493085679972808832e-02	3.872818664182318960e-02	9.802953533629511773e-02
1.814163830120731291e+03	1.892970652676252696e-01	1.181482736957272656e-01	2.885219856350464407e-01	1.821429392107656031e-01	8.499319625138350431e-02	3.877081454378104169e-02	9.812572539530395321e-02
1.819001600334386467e+03	1.889806786702454833e-01	1.179234563386363371e-01	2.887261062773905929e-01	1.822800229463346633e-01	8.505519511578157887e-02	3.881320536365607393e-02	9.822133528758829335e-02
1.823839370548041643e+03	1.886660840693415164e-01	1.176999121128471798e-01	2.889291167640296587e-01	1.824163030072235847e-01	8.511685521492876050e-02	3.885536047516850722e-02	9.831636835609383618e-02
1.828677140761696819e+03	1.883532712980011681e-01	1.174776338144342264e-01	2.891310229632597650e-01	1.825517843945246854e-01	8.517817836198166015e-02	3.889728124271454174e-02	9.841082792471696206e-02
1.833514910975352450e+03	1.880422302474887564e-01	1.172566142797267369e-01	2.893318307160647196e-01	1.826864720752034432e-01	8.523916636127423785e-02	3.893896902146137123e-02	9.850471729841372981e-02
1.838352681189008081e+03	1.877329508668853786e-01	1.170368463851094859e-01	2.895315458361757965e-01	1.828203709823685297e-01	8.529982100834512804e-02	3.898042515744063602e-02	9.859803976330804021e-02
1.843190451402663257e+03	1.874254231627329459e-01	1.168183230468231026e-01	2.897301741101325767e-01	1.829534860155395681e-01	8.536014408996517311e-02	3.902165098764039108e-02	9.869079858679924433e-02
1.848028221616318433e+03	1.871196371986818541e-01	1.166010372207641754e-01	2.899277212973450646e-01	1.830858220409120607e-01	8.542013738416523450e-02	3.906264784009556845e-02	9.878299701766905805e-02
1.852865991829973609e+03	1.868155830951418461e-01	1.163849819022850646e-01	2.901241931301572485e-01	1.832173838916197617e-01	8.547980266026411478e-02	3.910341703397700319e-02	9.887463828618787975e-02
1.857703762043628785e+03	1.865132510289367884e-01	1.161701501259936459e-01	2.903195953139114938e-01	1.833481763679946641e-01	8.553914167889679898e-02	3.914395987967907858e-02	9.896572560422041420e-02
1.862541532257283961e+03	1.862126312329620281e-01	1.159565349655530264e-01	2.905139335270142120e-01	1.834782042378241829e-01	8.559815619204277914e-02	3.918427767890593494e-02	9.905626216533074124e-02
1.867379302470939592e+03	1.859137139958454144e-01	1.157441295334811632e-01	2.907072134210026970e-01	1.836074722366060619e-01	8.565684794305454541e-02	3.922437172475632533e-02	9.914625114488662128e-02
1.872217072684594768e+03	1.856164896616113169e-01	1.155329269809506482e-01	2.908994406206131256e-01	1.837359850678008388e-01	8.571521866668635470e-02	3.926424330180715988e-02	9.923569570016335661e-02
1.877054842898249490e+03	1.853209486293474484e-01	1.153229204975884797e-01	2.910906207238493359e-01	1.838637474030817287e-01	8.577327008912316586e-02	3.930389368619573859e-02	9.932459897044691732e-02
1.881892613111905121e+03	1.850270813528749614e-01	1.151141033112761530e-01	2.912807593020527719e-01	1.839907638825822866e-01	8.583100392800951939e-02	3.934332414570066577e-02	9.941296407713648420e-02
1.886730383325560297e+03	1.847348783404210715e-01	1.149064686879498615e-01	2.914698618999733704e-01	1.841170391151416008e-01	8.588842189247890280e-02	3.938253593982157102e-02	9.950079412384642275e-02
1.891568153539215928e+03	1.844443301542947056e-01	1.147000099314010313e-01	2.916579340358416705e-01	1.842425776785472091e-01	8.594552568318306052e-02	3.942153031985753259e-02	9.958809219650759104e-02
1.896405923752871104e+03	1.841554274105648148e-01	1.144947203830770782e-01	2.918449812014413669e-01	1.843673841197756014e-01	8.600231699232145643e-02	3.946030852898436969e-02	9.967486136346809245e-02
1.901243693966526507e+03	1.838681607787412686e-01	1.142905934218825803e-01	2.920310088621832501e-01	1.844914629552306673e-01	8.605879750367093073e-02	3.949887180233066508e-02	9.976110467559345940e-02
1.906081464180181683e+03	1.835825209814583858e-01	1.140876224639809089e-01	2.922160224571794807e-01	1.846148186709796746e-01	8.611496889261550935e-02	3.953722136705270507e-02	9.984682516636618488e-02
1.910919234393836859e+03	1.832984987941610744e-01	1.138858009625960954e-01	2.924000273993193622e-01	1.847374557229870817e-01	8.617083282617624129e-02	3.957535844240822609e-02	9.993202585198474042e-02
1.915757004607492036e+03	1.830160850447934417e-01	1.136851224078153505e-01	2.925830290753454466e-01	1.848593785373462417e-01	8.622639096304127171e-02	3.961328423982909963e-02	1.000167097314619558e-01
1.920594774821147894e+03	1.827352706134897364e-01	1.134855803263919161e-01	2.927650328459305840e-01	1.849805915105088849e-01	8.628164495359592900e-02	3.965099996299288609e-02	1.001008797867228572e-01
1.925432545034802843e+03	1.824560464322677600e-01	1.132871682815485975e-01	2.929460440457558046e-01	1.851010990095123543e-01	8.633659643995302002e-02	3.968850680789334784e-02	1.001845389827019372e-01
1.930270315248458019e+03	1.821784034847245826e-01	1.130898798727816845e-01	2.931260679835887561e-01	1.852209053722049248e-01	8.639124705598316689e-02	3.972580596290986588e-02	1.002676902674398268e-01
1.935108085462113195e+03	1.819023328057345901e-01	1.128937087356655794e-01	2.933051099423630848e-01	1.853400149074689029e-01	8.644559842734525490e-02	3.976289860887589900e-02	1.003503365721795104e-01
1.939945855675768371e+03	1.816278254811498072e-01	1.126986485416579531e-01	2.934831751792583709e-01	1.854584318954416167e-01	8.649965217151694974e-02	3.979978591914635350e-02	1.004324808114617634e-01
1.944783625889424002e+03	1.813548726475021633e-01	1.125046929979055393e-01	2.936602689257807874e-01	1.855761605877345177e-01	8.655340989782540906e-02	3.983646905966404389e-02	1.005141258832203122e-01
1.949621396103079178e+03	1.810834654917082842e-01	1.123118358470506090e-01	2.938363963878443674e-01	1.856932052076501749e-01	8.660687320747795237e-02	3.987294918902514751e-02	1.005952746688762306e-01
1.954459166316734354e+03	1.808135952507762267e-01	1.121200708670379714e-01	2.940115627458530501e-01	1.858095699503971576e-01	8.666004369359288362e-02	3.990922745854365988e-02	1.006759300334318791e-01
1.959296936530389530e+03	1.805452532115142950e-01	1.119293918709229341e-01	2.941857731547827814e-01	1.859252589833031710e-01	8.671292294123036926e-02	3.994530501231502440e-02	1.007560948255642741e-01
1.964134706744044706e+03	1.802784307102419104e-01	1.117397927066796359e-01	2.943590327442651144e-01	1.860402764460260538e-01	8.676551252742337184e-02	3.998118298727876274e-02	1.008357718777179723e-01
1.968972476957700337e+03	1.800131191325025359e-01	1.115512672570103392e-01	2.945313466186705864e-01	1.861546264507630277e-01	8.681781402120872237e-02	4.001686251328025190e-02	1.009149640061973441e-01
1.973810247171355968e+03	1.797493099127786265e-01	1.113638094391553313e-01	2.947027198571929851e-01	1.862683130824578370e-01	8.686982898365810946e-02	4.005234471313159211e-02	1.009936740112583331e-01
1.978648017385010689e+03	1.794869945342083273e-01	1.111774132047036318e-01	2.948731575139339478e-01	1.863813403990061957e-01	8.692155896790934588e-02	4.008763070267164219e-02	1.010719046771997587e-01
1.983485787598666320e+03	1.792261645283043658e-01	1.109920725394044211e-01	2.950426646179882262e-01	1.864937124314591799e-01	8.697300551919741329e-02	4.012272159082521522e-02	1.011496587724539931e-01
1.988323557812321269e+03	1.789668114746748306e-01	1.108077814629792185e-01	2.952112461735293958e-01	1.866054331842250114e-01	8.702417017488579820e-02	4.015761847966139997e-02	1.012269390496771532e-01
1.993161328025976900e+03	1.787089270007455044e-01	1.106245340289349482e-01	2.953789071598958427e-01	1.867165066352687586e-01	8.707505446449775866e-02	4.019232246445111900e-02	1.013037482458388205e-01
1.997999098239632076e+03	1.784525027814843623e-01	1.104423243243776581e-01	2.955456525316775274e-01	1.868269367363104838e-01	8.712565990974763253e-02	4.022683463372385415e-02	1.013800890823112061e-01
2.002836868453287707e+03	1.781975305391277353e-01	1.102611464698271121e-01	2.957114872188028043e-01	1.869367274130214751e-01	8.717598802457224294e-02	4.026115606932363644e-02	1.014559642649577320e-01
2.007674638666942428e+03	1.779440020429083058e-01	1.100809946190321881e-01	2.958764161266257964e-01	1.870458825652187296e-01	8.722604031516220657e-02	4.029528784646420336e-02	1.015313764842213085e-01
2.012512408880597604e+03	1.776919091087849345e-01	1.099018629587870804e-01	2.960404441360142691e-01	1.871544060670577159e-01	8.727581827999345010e-02	4.032923103378348306e-02	1.016063284152118329e-01
2.017350179094252780e+03	1.774412435991740700e-01	1.097237457087483214e-01	2.962035761034375603e-01	1.872623017672234158e-01	8.732532340985862951e-02	4.036298669339726669e-02	1.016808227177934398e-01
2.022187949307908411e+03	1.771919974226831285e-01	1.095466371212526491e-01	2.963658168610553978e-01	1.873695734891197007e-01	8.737455718789856329e-02	4.039655588095221461e-02	1.017548620366710566e-01
2.027025719521564042e+03	1.769441625338452062e-01	1.093705314811357077e-01	2.965271712168062734e-01	1.874762250310569867e-01	8.742352108963377666e-02	4.042993964567811321e-02	1.018284490014766119e-01
2.031863489735218764e+03	1.766977309328560120e-01	1.091954231055515534e-01	2.966876439544967603e-01	1.875822601664381417e-01	8.747221658299603186e-02	4.046313903043945864e-02	1.019015862268546346e-01
2.036701259948874394e+03	1.764526946653118822e-01	1.090213063437930896e-01	2.968472398338910523e-01	1.876876826439429768e-01	8.752064512835974752e-02	4.049615507178634666e-02	1.019742763125474905e-01
2.041539030162529116e+03	1.762090458219498779e-01	1.088481755771132098e-01	2.970059635908003925e-01	1.877924961877108778e-01	8.756880817857359833e-02	4.052898880000471021e-02	1.020465218434799676e-01
2.046376800376184747e+03	1.759667765383892690e-01	1.086760252185469539e-01	2.971638199371731126e-01	1.878967044975219103e-01	8.761670717899201766e-02	4.056164123916586317e-02	1.021183253898434729e-01
2.051214570589840150e+03	1.757258789948747402e-01	1.085048497127344136e-01	2.973208135611850045e-01	1.880003112489763983e-01	8.766434356750676948e-02	4.059411340717545419e-02	1.021896895071798400e-01
2.056052340803495554e+03	1.754863454160211500e-01	1.083346435357445264e-01	2.974769491273293598e-01	1.881033200936729211e-01	8.771171877457843713e-02	4.062640631582174061e-02	1.022606167364644575e-01
2.060890111017150957e+03	1.752481680705598455e-01	1.081654011948997574e-01	2.976322312765082856e-01	1.882057346593845326e-01	8.775883422326791194e-02	4.065852097082324479e-02	1.023311096041890633e-01
2.065727881230805451e+03	1.750113392710865579e-01	1.079971172286015857e-01	2.977866646261227435e-01	1.883075585502337890e-01	8.780569132926804854e-02	4.069045837187582060e-02	1.024011706224440404e-01
2.070565651444461309e+03	1.747758513738108532e-01	1.078297862061569218e-01	2.979402537701644760e-01	1.884087953468659982e-01	8.785229150093504247e-02	4.072221951269912321e-02	1.024708022890001846e-01
2.075403421658116713e+03	1.745416967783071649e-01	1.076634027276053146e-01	2.980930032793064344e-01	1.885094486066210828e-01	8.789863613931997444e-02	4.075380538108247519e-02	1.025400070873901393e-01
2.080241191871772116e+03	1.743088679272671859e-01	1.074979614235471448e-01	2.982449177009947605e-01	1.886095218637038329e-01	8.794472663820029901e-02	4.078521695893017746e-02	1.026087874869891781e-01
2.085078962085427065e+03	1.740773573062538437e-01	1.073334569549725392e-01	2.983960015595401027e-01	1.887090186293528815e-01	8.799056438411129166e-02	4.081645522230623047e-02	1.026771459430957240e-01
2.089916732299082469e+03	1.738471574434568567e-01	1.071698840130912156e-01	2.985462593562093203e-01	1.888079423920080435e-01	8.803615075637748200e-02	4.084752114147850721e-02	1.027450848970112018e-01
2.094754502512737417e+03	1.736182609094495122e-01	1.070072373191633119e-01	2.986956955693174098e-01	1.889062966174761826e-01	8.808148712714410078e-02	4.087841568096239886e-02	1.028126067761196971e-01
2.099592272726392821e+03	1.733906603169473315e-01	1.068455116243308550e-01	2.988443146543193762e-01	1.890040847490958853e-01	8.812657486140842988e-02	4.090913979956391222e-02	1.028797139939668648e-01
2.104430042940048224e+03	1.731643483205676237e-01	1.066847017094502414e-01	2.989921210439022148e-01	1.891013102079004693e-01	8.817141531705119384e-02	4.093969445042222599e-02	1.029464089503386165e-01
2.109267813153704083e+03	1.729393176165908985e-01	1.065248023849256487e-01	2.991391191480772260e-01	1.891979763927797986e-01	8.821600984486789587e-02	4.097008058105178901e-02	1.030126940313392941e-01
2.114105583367359031e+03	1.727155609427236393e-01	1.063658084905430984e-01	2.992853133542721089e-01	1.892940866806404610e-01	8.826035978860008457e-02	4.100029913338382875e-02	1.030785716094693022e-01
2.118943353581013525e+03	1.724930710778622145e-01	1.062077148953055883e-01	2.994307080274232757e-01	1.893896444265648904e-01	8.830446648496666218e-02	4.103035104380742953e-02	1.031440440437024764e-01
2.123781123794669384e+03	1.722718408418585645e-01	1.060505164972690012e-01	2.995753075100681118e-01	1.894846529639688804e-01	8.834833126369499856e-02	4.106023724321011120e-02	1.032091136795628555e-01
2.128618894008324787e+03	1.720518630952869721e-01	1.058942082233788468e-01	2.997191161224375677e-01	1.895791156047578752e-01	8.839195544755226730e-02	4.108995865701788736e-02	1.032737828492010929e-01
2.133456664221980191e+03	1.718331307392123586e-01	1.057387850293079051e-01	2.998621381625485305e-01	1.896730356394819017e-01	8.843534035237649027e-02	4.111951620523490725e-02	1.033380538714704089e-01
2.138294434435635139e+03	1.716156367149599404e-01	1.055842418992948145e-01	3.000043779062961380e-01	1.897664163374891411e-01	8.847848728710766553e-02	4.114891080248260502e-02	1.034019290520021422e-01
2.143132204649290543e+03	1.713993740038862457e-01	1.054305738459832692e-01	3.001458396075464830e-01	1.898592609470784176e-01	8.852139755381875641e-02	4.117814335803841180e-02	1.034654106832808285e-01
2.147969974862945492e+03	1.711843356271513517e-01	1.052777759102623556e-01	3.002865274982289834e-01	1.899515726956500505e-01	8.856407244774677778e-02	4.120721477587400983e-02	1.035285010447188764e-01
2.152807745076601350e+03	1.709705146454925662e-01	1.051258431611075406e-01	3.004264457884288086e-01	1.900433547898557340e-01	8.860651325732374350e-02	4.123612595469314246e-02	1.035912024027308143e-01
2.157645515290255844e+03	1.707579041589994961e-01	1.049747706954226451e-01	3.005655986664795276e-01	1.901346104157470573e-01	8.864872126420747511e-02	4.126487778796901484e-02	1.036535170108071335e-01
2.162483285503912157e+03	1.705464973068901990e-01	1.048245536378824977e-01	3.007039902990554792e-01	1.902253427389226925e-01	8.869069774331252154e-02	4.129347116398127127e-02	1.037154471095876607e-01
2.167321055717567106e+03	1.703362872672888328e-01	1.046751871407766432e-01	3.008416248312643093e-01	1.903155549046744166e-01	8.873244396284096780e-02	4.132190696585252149e-02	1.037769949269345821e-01
2.172158825931222509e+03	1.701272672570046662e-01	1.045266663838537585e-01	3.009785063867391752e-01	1.904052500381320234e-01	8.877396118431313266e-02	4.135018607158450626e-02	1.038381626780049832e-01
2.176996596144877003e+03	1.699194305313120879e-01	1.043789865741668599e-01	3.011146390677313378e-01	1.904944312444068477e-01	8.881525066259819690e-02	4.137830935409383959e-02	1.038989525653230411e-01
2.181834366358532861e+03	1.697127703837321699e-01	1.042321429459195509e-01	3.012500269552022547e-01	1.905831016087341512e-01	8.885631364594490100e-02	4.140627768124736235e-02	1.039593667788517722e-01
2.186672136572187810e+03	1.695072801458153422e-01	1.040861307603128810e-01	3.013846741089160064e-01	1.906712641966144262e-01	8.889715137601204853e-02	4.143409191589709356e-02	1.040194074960643644e-01
2.191509906785843214e+03	1.693029531869253423e-01	1.039409453053931481e-01	3.015185845675313892e-01	1.907589220539532837e-01	8.893776508789899560e-02	4.146175291591485540e-02	1.040790768820151202e-01
2.196347676999498617e+03	1.690997829140245823e-01	1.037965818959005609e-01	3.016517623486939526e-01	1.908460782072005368e-01	8.897815601017608489e-02	4.148926153422641261e-02	1.041383770894099975e-01
2.201185447213154021e+03	1.688977627714603469e-01	1.036530358731186374e-01	3.017842114491282035e-01	1.909327356634878126e-01	8.901832536491501024e-02	4.151661861884539673e-02	1.041973102586767064e-01
2.206023217426809424e+03	1.686968862407528524e-01	1.035103026047244495e-01	3.019159358447293662e-01	1.910188974107651372e-01	8.905827436771904249e-02	4.154382501290675156e-02	1.042558785180345282e-01
2.210860987640464373e+03	1.684971468403838601e-01	1.033683774846397146e-01	3.020469394906552529e-01	1.911045664179364389e-01	8.909800422775333850e-02	4.157088155469984558e-02	1.043140839835635797e-01
2.215698757854119776e+03	1.682985381255869828e-01	1.032272559328827194e-01	3.021772263214182463e-01	1.911897456349940239e-01	8.913751614777501442e-02	4.159778907770128598e-02	1.043719287592738132e-01
2.220536528067775180e+03	1.681010536881389350e-01	1.030869333954209932e-01	3.023068002509763375e-01	1.912744379931516081e-01	8.917681132416324652e-02	4.162454841060733712e-02	1.044294149371735175e-01
2.225374298281430583e+03	1.679046871561521992e-01	1.029474053440248560e-01	3.024356651728254408e-01	1.913586464049766289e-01	8.921589094694926114e-02	4.165116037736604770e-02	1.044865445973375412e-01
2.230212068495085077e+03	1.677094321938686905e-01	1.028086672761216597e-01	3.025638249600899332e-01	1.914423737645212786e-01	8.925475619984632458e-02	4.167762579720897531e-02	1.045433198079750436e-01
2.235049838708740936e+03	1.675152825014546709e-01	1.026707147146510013e-01	3.026912834656146911e-01	1.915256229474525673e-01	8.929340826027945544e-02	4.170394548468267515e-02	1.045997426254968721e-01
2.239887608922396339e+03	1.673222318147968568e-01	1.025335432079205883e-01	3.028180445220555739e-01	1.916083968111811642e-01	8.933184829941535898e-02	4.173012024967981404e-02	1.046558150945826049e-01
2.244725379136052197e+03	1.671302739052997199e-01	1.023971483294629226e-01	3.029441119419707396e-01	1.916906981949894062e-01	8.937007748219202852e-02	4.175615089746995134e-02	1.047115392482471929e-01
2.249563149349706237e+03	1.669394025796839820e-01	1.022615256778929005e-01	3.030694895179114057e-01	1.917725299201580857e-01	8.940809696734833278e-02	4.178203822873008400e-02	1.047669171079071704e-01
2.254400919563362095e+03	1.667496116797859973e-01	1.021266708767660375e-01	3.031941810225126099e-01	1.918538947900923219e-01	8.944590790745365894e-02	4.180778303957479597e-02	1.048219506834465603e-01
2.259238689777017044e+03	1.665608950823586898e-01	1.019925795744375391e-01	3.033181902085835269e-01	1.919347955904463499e-01	8.948351144893726405e-02	4.183338612158619269e-02	1.048766419732823779e-01
2.264076459990672902e+03	1.663732466988733505e-01	1.018592474439221907e-01	3.034415208091980620e-01	1.920152350892473658e-01	8.952090873211770994e-02	4.185884826184348151e-02	1.049309929644297312e-01
