1.001418434226643626e+03	2.777987115074272984e-01	1.820419574965994602e-01	2.346679122175127641e-01	1.406943169415973971e-01	6.705864681275133798e-02	2.847316376916976186e-02	6.926529125457712988e-02
1.003837319333471214e+03	2.773500720405412956e-01	1.817807309689881412e-01	2.349468988639387412e-01	1.408600264596661933e-01	6.713813395868772904e-02	2.853055741063940942e-02	6.939358029717361542e-02
1.006256204440298802e+03	2.769036193784621402e-01	1.815194780324498047e-01	2.352247196307385990e-01	1.410257389613551182e-01	6.721750484131705505e-02	2.858763734281617036e-02	6.952130181249624452e-02
1.008675089547126618e+03	2.764593258618581184e-01	1.812582167644395947e-01	2.355013864911261467e-01	1.411914457485672347e-01	6.729675551014306645e-02	2.864441017557287431e-02	6.964845944792814880e-02
1.011093974653954206e+03	2.760171644100298805e-01	1.809969647687162120e-01	2.357769111335806522e-01	1.413571381396837578e-01	6.737588237105725242e-02	2.870088208186460932e-02	6.977505709470281647e-02
1.013512859760782021e+03	2.755771085080163663e-01	1.807357391865727081e-01	2.360513049759545845e-01	1.415228074952112614e-01	6.745488214438132013e-02	2.875705884383950375e-02	6.990109884565944010e-02
1.015931744867609382e+03	2.751391321939356538e-01	1.804745567078070989e-01	2.363245791782242478e-01	1.416884452394393534e-01	6.753375182840973268e-02	2.881294589349604751e-02	7.002658895832304664e-02
1.018350629974437197e+03	2.747032100465646165e-01	1.802134335814392641e-01	2.365967446540526431e-01	1.418540428786535801e-01	6.761248866770779020e-02	2.886854834854389595e-02	7.015153182267341858e-02
1.020769515081264785e+03	2.742693171731594437e-01	1.799523856261784349e-01	2.368678120813124954e-01	1.420195920163742631e-01	6.769109012552368410e-02	2.892387104404596856e-02	7.027593193304089436e-02
1.023188400188092373e+03	2.738374291975183006e-01	1.796914282406476548e-01	2.371377919116964272e-01	1.421850843660284469e-01	6.776955385976086987e-02	2.897891856035024818e-02	7.039979386363329206e-02
1.025607285294920075e+03	2.734075222482856837e-01	1.794305764133699577e-01	2.374066943795252460e-01	1.423505117614066728e-01	6.784787770203301593e-02	2.903369524775835028e-02	7.052312224725632017e-02
1.028026170401747549e+03	2.729795729474988053e-01	1.791698447325220378e-01	2.376745295098500188e-01	1.425158661652097536e-01	6.792605963938927460e-02	2.908820524832410673e-02	7.064592175684124287e-02
1.030445055508575479e+03	2.725535583993735078e-01	1.789092473954599638e-01	2.379413071259317281e-01	1.426811396759487816e-01	6.800409779835375756e-02	2.914245251512790139e-02	7.076819708943957177e-02
1.032863940615402726e+03	2.721294561793289324e-01	1.786487982180226253e-01	2.382070368561702567e-01	1.428463245334266885e-01	6.808199043097151737e-02	2.919644082933078519e-02	7.088995295238444128e-02
1.035282825722230655e+03	2.717072443232476098e-01	1.783885106436176871e-01	2.384717281405461242e-01	1.430114131229990315e-01	6.815973590259499781e-02	2.925017381527564991e-02	7.101119405135414286e-02
1.037701710829058356e+03	2.712869013169691423e-01	1.781283977520949913e-01	2.387353902366295688e-01	1.431763979787850360e-01	6.823733268118127582e-02	2.930365495387039082e-02	7.113192508010483806e-02
1.040120595935886058e+03	2.708684060860139242e-01	1.778684722684121255e-01	2.389980322252046596e-01	1.433412717859768870e-01	6.831477932790092078e-02	2.935688759445963594e-02	7.125215071166715597e-02
1.042539481042713533e+03	2.704517379855334580e-01	1.776087465710972646e-01	2.392596630155499615e-01	1.435060273823757226e-01	6.839207448888656726e-02	2.940987496536653228e-02	7.137187559082584787e-02
1.044958366149541234e+03	2.700368767904846035e-01	1.773492327005133928e-01	2.395202913504121123e-01	1.436706577592656020e-01	6.846921688797207028e-02	2.946262018326413143e-02	7.149110432772352863e-02
1.047377251256368709e+03	2.696238026860229842e-01	1.770899423669290151e-01	2.397799258107038145e-01	1.438351560617213143e-01	6.854620532029326307e-02	2.951512626151665819e-02	7.160984149244838115e-02
1.049796136363196410e+03	2.692124962581128877e-01	1.768308869583994358e-01	2.400385748199541092e-01	1.439995155884340461e-01	6.862303864663853170e-02	2.956739611761381031e-02	7.172809161048267212e-02
1.052215021470024112e+03	2.688029384843485525e-01	1.765720775484631577e-01	2.402962466485348836e-01	1.441637297911262661e-01	6.869971578845229798e-02	2.961943257980640190e-02	7.184585915890387420e-02
1.054633906576851814e+03	2.683951107249844537e-01	1.763135249036574814e-01	2.405529494176851524e-01	1.443277922736194152e-01	6.877623572340739455e-02	2.967123839303854524e-02	7.196314856324292908e-02
1.057052791683679516e+03	2.679889947141689821e-01	1.760552394908579121e-01	2.408086911033513466e-01	1.444916967906075822e-01	6.885259748147340431e-02	2.972281622425991532e-02	7.207996419491616291e-02
1.059471676790506763e+03	2.675845725513787410e-01	1.757972314844448991e-01	2.410634795398602648e-01	1.446554372461847926e-01	6.892880014141786194e-02	2.977416866719165625e-02	7.219631036915705180e-02
1.061890561897334692e+03	2.671818266930486852e-01	1.755395107733024040e-01	2.413173224234388126e-01	1.448190076921660741e-01	6.900484282768527822e-02	2.982529824661045437e-02	7.231219134338350008e-02
1.064309447004162394e+03	2.667807399443945515e-01	1.752820869676517956e-01	2.415702273155935220e-01	1.449824023262377692e-01	6.908072470760649730e-02	2.987620742220750691e-02	7.242761131594353807e-02
1.066728332110990095e+03	2.663812954514233611e-01	1.750249694057254002e-01	2.418222016463605073e-01	1.451456154899669060e-01	6.915644498889672587e-02	2.992689859207229089e-02	7.254257442518996513e-02
1.069147217217817570e+03	2.659834766931281069e-01	1.747681671602829279e-01	2.420732527174362936e-01	1.453086416666966585e-01	6.923200291740644330e-02	2.997737409584492682e-02	7.265708474883984802e-02
1.071566102324645271e+03	2.655872674738623540e-01	1.745116890449747993e-01	2.423233877051978735e-01	1.454714754793497988e-01	6.930739777509382915e-02	3.002763621757564838e-02	7.277114630358090530e-02
1.073984987431472746e+03	2.651926519158918083e-01	1.742555436205557584e-01	2.425726136636199570e-01	1.456341116881602893e-01	6.938262887819145186e-02	3.007768718832523613e-02	7.288476304489074908e-02
1.076403872538300675e+03	2.647996144521174711e-01	1.739997392009523802e-01	2.428209375270962145e-01	1.457965451883494745e-01	6.945769557554358486e-02	3.012752918853616943e-02	7.299793886703985490e-02
1.078822757645127922e+03	2.644081398189684906e-01	1.737442838591878591e-01	2.430683661131707030e-01	1.459587710077617784e-01	6.953259724709347223e-02	3.017716435020068380e-02	7.311067760325211384e-02
1.081241642751955851e+03	2.640182130494591051e-01	1.734891854331672978e-01	2.433149061251848877e-01	1.461207843044720345e-01	6.960733330250259976e-02	3.022659475884865998e-02	7.322298302600055431e-02
1.083660527858783553e+03	2.636298194664071226e-01	1.732344515313269384e-01	2.435605641548454769e-01	1.462825803643754419e-01	6.968190317988631755e-02	3.027582245537566510e-02	7.333485884741822169e-02
1.086079412965611255e+03	2.632429446758101643e-01	1.729800895381505277e-01	2.438053466847170392e-01	1.464441545987692495e-01	6.975630634465218582e-02	3.032484943772885411e-02	7.344630871980720177e-02
1.088498298072438729e+03	2.628575745603759506e-01	1.727261066195556749e-01	2.440492600906437048e-01	1.466055025419341629e-01	6.983054228842906774e-02	3.037367766246646186e-02	7.355733623623017525e-02
1.090917183179266431e+03	2.624736952732031892e-01	1.724725097281535613e-01	2.442923106441035330e-01	1.467666198487218854e-01	6.990461052807665776e-02	3.042230904620456949e-02	7.366794493117173603e-02
1.093336068286093905e+03	2.620912932316096233e-01	1.722193056083846652e-01	2.445345045144987350e-01	1.469275022921549267e-01	6.997851060476634188e-02	3.047074546696335734e-02	7.377813828125751039e-02
1.095754953392921607e+03	2.617103551111036874e-01	1.719665008015338337e-01	2.447758477713845027e-01	1.470881457610430654e-01	7.005224208312541001e-02	3.051898876542343333e-02	7.388791970602125170e-02
1.098173838499749309e+03	2.613308678394969942e-01	1.717141016506269491e-01	2.450163463866396607e-01	1.472485462576210158e-01	7.012580455043779248e-02	3.056704074610171185e-02	7.399729256871102889e-02
1.100592723606577010e+03	2.609528185911542120e-01	1.714621143052125485e-01	2.452560062365810312e-01	1.474086998952102989e-01	7.019919761589522855e-02	3.061490317845504822e-02	7.410626017712677871e-02
1.103011608713404712e+03	2.605761947813766133e-01	1.712105447260307278e-01	2.454948331040242571e-01	1.475686028959086182e-01	7.027242090989337109e-02	3.066257779791904670e-02	7.421482578448260203e-02
1.105430493820231959e+03	2.602009840609169067e-01	1.709593986895719397e-01	2.457328326802927509e-01	1.477282515883086289e-01	7.034547408336855323e-02	3.071006630688831451e-02	7.432299259028818383e-02
1.107849378927059888e+03	2.598271743106223552e-01	1.707086817925286826e-01	2.459700105671771830e-01	1.478876424052483485e-01	7.041835680717073442e-02	3.075737037564402546e-02	7.443076374124393824e-02
1.110268264033887590e+03	2.594547536362026285e-01	1.704583994561421900e-01	2.462063722788466469e-01	1.480467718815947908e-01	7.049106877146937844e-02	3.080449164323365713e-02	7.453814233214596519e-02
1.112687149140715292e+03	2.590837103631197791e-01	1.702085569304466195e-01	2.464419232437138896e-01	1.482056366520619894e-01	7.056360968518880783e-02	3.085143171830743991e-02	7.464513140679671088e-02
1.115106034247542766e+03	2.587140330315977899e-01	1.699591592984133481e-01	2.466766688062554391e-01	1.483642334490643810e-01	7.063597927547066169e-02	3.089819217991539302e-02	7.475173395891823724e-02
1.117524919354370468e+03	2.583457103917485842e-01	1.697102114799976247e-01	2.469106142287887107e-01	1.485225591006061607e-01	7.070817728716055628e-02	3.094477457826840666e-02	7.485795293306529707e-02
1.119943804461197942e+03	2.579787313988115005e-01	1.694617182360897700e-01	2.471437646932070353e-01	1.486806105282075796e-01	7.078020348231721381e-02	3.099118043546646856e-02	7.496379122553578633e-02
1.122362689568025871e+03	2.576130852085046774e-01	1.692136841723733964e-01	2.473761253026739715e-01	1.488383847448679909e-01	7.085205763974196380e-02	3.103741124619675829e-02	7.506925168527658898e-02
1.124781574674853118e+03	2.572487611724844636e-01	1.689661137430925053e-01	2.476077010832782865e-01	1.489958788530662270e-01	7.092373955452691003e-02	3.108346847840398955e-02	7.517433711478295477e-02
1.127200459781681047e+03	2.568857488339110207e-01	1.687190112547299892e-01	2.478384969856504416e-01	1.491530900427982254e-01	7.099524903762047257e-02	3.112935357393520341e-02	7.527905027099002222e-02
1.129619344888508749e+03	2.565240379231176204e-01	1.684723808695991754e-01	2.480685178865419116e-01	1.493100155896518455e-01	7.106658591540877812e-02	3.117506794916089299e-02	7.538339386615515447e-02
1.132038229995336451e+03	2.561636183533809730e-01	1.682262266093509651e-01	2.482977685903684228e-01	1.494666528529188798e-01	7.113775002931188585e-02	3.122061299557415612e-02	7.548737056873008888e-02
1.134457115102163925e+03	2.558044802167904752e-01	1.679805523583980942e-01	2.485262538307177471e-01	1.496229992737438674e-01	7.120874123539377987e-02	3.126599008036942684e-02	7.559098300422201211e-02
1.136876000208991627e+03	2.554466137802138270e-01	1.677353618672586533e-01	2.487539782718232173e-01	1.497790523733095180e-01	7.127955940398517098e-02	3.131120054700208682e-02	7.569423375604289461e-02
1.139294885315819101e+03	2.550900094813570718e-01	1.674906587558208371e-01	2.489809465100041030e-01	1.499348097510584954e-01	7.135020441931824720e-02	3.135624571573029928e-02	7.579712536634630737e-02
1.141713770422646803e+03	2.547346579249164522e-01	1.672464465165307279e-01	2.492071630750729849e-01	1.500902690829509223e-01	7.142067617917287337e-02	3.140112688413995712e-02	7.589966033685148494e-02
1.144132655529474505e+03	2.543805498788200836e-01	1.670027285175046672e-01	2.494326324317120147e-01	1.502454281197574126e-01	7.149097459453317149e-02	3.144584532765392487e-02	7.600184112965410743e-02
1.146551540636302207e+03	2.540276762705578895e-01	1.667595080055685186e-01	2.496573589808177007e-01	1.504002846853870479e-01	7.156109958925434278e-02	3.149040230002635166e-02	7.610367016802360718e-02
1.148970425743129908e+03	2.536760281835965802e-01	1.665167881092249613e-01	2.498813470608158560e-01	1.505548366752497147e-01	7.163105109973880169e-02	3.153479903382286342e-02	7.620514983718669477e-02
1.151389310849957155e+03	2.533255968538789538e-01	1.662745718415509499e-01	2.501046009489470423e-01	1.507090820546526655e-01	7.170082907462144162e-02	3.157903674088737012e-02	7.630628248509710443e-02
1.153808195956785084e+03	2.529763736664042972e-01	1.660328621030266461e-01	2.503271248625234535e-01	1.508630188572302189e-01	7.177043347446340760e-02	3.162311661279618158e-02	7.640707042319129505e-02
1.156227081063612786e+03	2.526283501518893915e-01	1.657916616842978197e-01	2.505489229601575163e-01	1.510166451834065726e-01	7.183986427145408471e-02	3.166703982129993877e-02	7.650751592713025961e-02
1.158645966170440488e+03	2.522815179835067867e-01	1.655509732688726920e-01	2.507699993429634011e-01	1.511699591988907299e-01	7.190912144912074699e-02	3.171080751875399173e-02	7.660762123752729025e-02
1.161064851277267962e+03	2.519358689736995172e-01	1.653107994357555510e-01	2.509903580557318326e-01	1.513229591332032886e-01	7.197820500204595018e-02	3.175442083853766834e-02	7.670738856066189326e-02
1.163483736384095664e+03	2.515913950710702007e-01	1.650711426620178612e-01	2.512100030880786705e-01	1.514756432782344286e-01	7.204711493559186331e-02	3.179788089546291968e-02	7.680682006917977089e-02
1.165902621490923138e+03	2.512480883573425250e-01	1.648320053253089223e-01	2.514289383755682894e-01	1.516280099868325959e-01	7.211585126563162251e-02	3.184118878617277215e-02	7.690591790277907791e-02
1.168321506597751068e+03	2.509059410443939542e-01	1.645933897063068529e-01	2.516471678008116997e-01	1.517800576714229965e-01	7.218441401828724902e-02	3.188434558952989162e-02	7.700468416888307799e-02
1.170740391704578315e+03	2.505649454713574920e-01	1.643552979911122314e-01	2.518646951945410772e-01	1.519317848026557893e-01	7.225280322967407576e-02	3.192735236699575235e-02	7.710312094329928312e-02
1.173159276811406244e+03	2.502250941017910013e-01	1.641177322735847266e-01	2.520815243366598679e-01	1.520831899080830607e-01	7.232101894565119704e-02	3.197021016300063273e-02	7.720123027086522871e-02
1.175578161918233945e+03	2.498863795209124439e-01	1.638806945576249396e-01	2.522976589572700767e-01	1.522342715708642213e-01	7.238906122157805212e-02	3.201292000530479853e-02	7.729901416608118969e-02
1.177997047025061647e+03	2.495487944329000396e-01	1.636441867594019273e-01	2.525131027376769088e-01	1.523850284284992418e-01	7.245693012207664319e-02	3.205548290535115141e-02	7.739647461372983761e-02
1.180415932131889122e+03	2.492123316582549875e-01	1.634082107095283509e-01	2.527278593113711502e-01	1.525354591715889219e-01	7.252462572079952652e-02	3.209789985860962008e-02	7.749361356948313018e-02
1.182834817238716823e+03	2.488769841312258868e-01	1.631727681551843334e-01	2.529419322649902324e-01	1.526855625426219998e-01	7.259214810020309105e-02	3.214017184491354401e-02	7.759043296049668303e-02
1.185253702345544298e+03	2.485427448972929998e-01	1.629378607621907449e-01	2.531553251392577031e-01	1.528353373347883515e-01	7.265949735132609666e-02	3.218229982878827861e-02	7.768693468599162377e-02
1.187672587452371999e+03	2.482096071107113833e-01	1.627034901170338888e-01	2.533680414299024353e-01	1.529847823908178361e-01	7.272667357357348594e-02	3.222428475977229256e-02	7.778312061782445552e-02
1.190091472559199701e+03	2.478775640321112250e-01	1.624696577288420041e-01	2.535800845885577415e-01	1.531338966018442327e-01	7.279367687450499780e-02	3.226612757273089604e-02	7.787899260104473587e-02
1.192510357666027403e+03	2.475466090261538854e-01	1.622363650313152217e-01	2.537914580236400597e-01	1.532826789062937678e-01	7.286050736962879082e-02	3.230782918816288429e-02	7.797455245444123717e-02
1.194929242772855105e+03	2.472167355592428950e-01	1.620036133846099180e-01	2.540021651012093207e-01	1.534311282887974304e-01	7.292716518219964639e-02	3.234939051250024233e-02	7.806980197107640795e-02
1.197348127879682352e+03	2.468879371972879655e-01	1.617714040771782991e-01	2.542122091458097755e-01	1.535792437791273501e-01	7.299365044302175143e-02	3.239081243840111202e-02	7.816474291880957936e-02
1.199767012986510281e+03	2.465602076035213475e-01	1.615397383275647136e-01	2.544215934412927815e-01	1.537270244511556583e-01	7.305996329025608860e-02	3.243209584503617404e-02	7.825937704080908330e-02
1.202185898093337983e+03	2.462335405363647312e-01	1.613086172861591949e-01	2.546303212316213815e-01	1.538744694218364406e-01	7.312610386923205918e-02	3.247324159836866703e-02	7.835370605605339323e-02
1.204604783200165684e+03	2.459079298473461073e-01	1.610780420369098132e-01	2.548383957216572293e-01	1.540215778502094512e-01	7.319207233226338039e-02	3.251425055142813381e-02	7.844773165982171781e-02
1.207023668306993159e+03	2.455833694790650057e-01	1.608480135989943105e-01	2.550458200779305851e-01	1.541683489364256421e-01	7.325786883846818753e-02	3.255512354457813090e-02	7.854145552417400589e-02
1.209442553413820860e+03	2.452598534632049743e-01	1.606185329284522123e-01	2.552525974293931021e-01	1.543147819207937310e-01	7.332349355359307763e-02	3.259586140577797053e-02	7.863487929842076507e-02
1.211861438520648335e+03	2.449373759185925203e-01	1.603896009197783301e-01	2.554587308681547375e-01	1.544608760828476146e-01	7.338894664984117744e-02	3.263646495083871030e-02	7.872800460958279123e-02
1.214280323627476264e+03	2.446159310493010164e-01	1.601612184074784617e-01	2.556642234502037869e-01	1.546066307404340145e-01	7.345422830570404182e-02	3.267693498367348071e-02	7.882083306284104474e-02
1.216699208734303511e+03	2.442955131427988480e-01	1.599333861675883706e-01	2.558690781961120986e-01	1.547520452488199971e-01	7.351933870579724362e-02	3.271727229654229629e-02	7.891336624197696492e-02
1.219118093841131440e+03	2.439761165681405553e-01	1.597061049191567106e-01	2.560732980917241330e-01	1.548971189998199216e-01	7.358427804069982148e-02	3.275747767029153074e-02	7.900560570980320885e-02
1.221536978947959142e+03	2.436577357742000516e-01	1.594793753256928404e-01	2.562768860888313127e-01	1.550418514209412901e-01	7.364904650679707232e-02	3.279755187458806981e-02	7.909755300858521687e-02
1.223955864054786844e+03	2.433403652879449486e-01	1.592531979965802758e-01	2.564798451058318829e-01	1.551862419745495825e-01	7.371364430612702134e-02	3.283749566814839899e-02	7.918920966045375764e-02
1.226374749161614318e+03	2.430239997127509322e-01	1.590275734884567249e-01	2.566821780283761734e-01	1.553302901570506878e-01	7.377807164623026437e-02	3.287730979896262562e-02	7.928057716780843867e-02
1.228793634268442020e+03	2.427086337267552740e-01	1.588025023065613994e-01	2.568838877099978713e-01	1.554739954980917938e-01	7.384232874000315472e-02	3.291699500451366472e-02	7.937165701371275139e-02
1.231212519375269494e+03	2.423942620812487014e-01	1.585779849060503788e-01	2.570849769727313605e-01	1.556173575597792347e-01	7.390641580555423751e-02	3.295655201199157447e-02	7.946245066228047049e-02
1.233631404482097196e+03	2.420808795991045148e-01	1.583540216932806666e-01	2.572854486077160718e-01	1.557603759359137419e-01	7.397033306606393133e-02	3.299598153850326343e-02	7.955295955905379579e-02
1.236050289588924898e+03	2.417684811732442873e-01	1.581306130270640209e-01	2.574853053757873433e-01	1.559030502512420702e-01	7.403408074964730468e-02	3.303528429127760430e-02	7.964318513137334798e-02
1.238469174695752372e+03	2.414570617651390361e-01	1.579077592198909197e-01	2.576845500080546247e-01	1.560453801607252777e-01	7.409765908921990551e-02	3.307446096786609974e-02	7.973312878874011522e-02
1.240888059802580301e+03	2.411466164033453374e-01	1.576854605391253827e-01	2.578831852064669694e-01	1.561873653488227709e-01	7.416106832236660229e-02	3.311351225633915596e-02	7.982279192316976690e-02
1.243306944909407548e+03	2.408371401820751934e-01	1.574637172081715664e-01	2.580812136443665361e-01	1.563290055287921143e-01	7.422430869121329766e-02	3.315243883547810272e-02	7.991217590953912653e-02
1.245725830016235477e+03	2.405286282597993985e-01	1.572425294076126856e-01	2.582786379670298227e-01	1.564703004420040511e-01	7.428738044230157045e-02	3.319124137496305693e-02	8.000128210592540035e-02
1.248144715123063179e+03	2.402210758578829930e-01	1.570218972763227638e-01	2.584754607921970759e-01	1.566112498572725942e-01	7.435028382646602374e-02	3.322992053555667152e-02	8.009011185393789811e-02
1.250563600229890881e+03	2.399144782592523839e-01	1.568018209125522089e-01	2.586716847105906547e-01	1.567518535701996341e-01	7.441301909871445019e-02	3.326847696928392217e-02	8.017866647904275945e-02
1.252982485336718355e+03	2.396088308070936368e-01	1.565823003749872155e-01	2.588673122864220133e-01	1.568921114025341179e-01	7.447558651811057862e-02	3.330691131960798052e-02	8.026694729088054703e-02
1.255401370443546057e+03	2.393041289035805486e-01	1.563633356837844102e-01	2.590623460578873050e-01	1.570320232015449402e-01	7.453798634765952669e-02	3.334522422160227789e-02	8.035495558357713675e-02
1.257820255550373531e+03	2.390003680086324467e-01	1.561449268215806263e-01	2.592567885376528269e-01	1.571715888394078497e-01	7.460021885419579335e-02	3.338341630211882904e-02	8.044269263604776621e-02
1.260239140657201460e+03	2.386975436387006322e-01	1.559270737344788660e-01	2.594506422133298074e-01	1.573108082126055962e-01	7.466228430827362428e-02	3.342148817995293369e-02	8.053015971229464387e-02
1.262658025764028707e+03	2.383956513655830500e-01	1.557097763330106133e-01	2.596439095479387560e-01	1.574496812413413160e-01	7.472418298406000026e-02	3.345944046600426991e-02	8.061735806169809115e-02
1.265076910870856636e+03	2.380946868152661600e-01	1.554930344930754715e-01	2.598365929803640451e-01	1.575882078689646026e-01	7.478591515922988764e-02	3.349727376343454577e-02	8.070428891930143955e-02
1.267495795977684338e+03	2.377946456667938968e-01	1.552768480568581799e-01	2.600286949257982205e-01	1.577263880614105107e-01	7.484748111486391742e-02	3.353498866782168852e-02	8.079095350608975212e-02
1.269914681084511813e+03	2.374955236511625267e-01	1.550612168337241470e-01	2.602202177761774871e-01	1.578642218066504677e-01	7.490888113534828474e-02	3.357258576731075167e-02	8.087735302926256364e-02
1.272333566191339514e+03	2.371973165502411496e-01	1.548461406010933350e-01	2.604111639006071455e-01	1.580017091141554531e-01	7.497011550827689663e-02	3.361006564276151215e-02	8.096348868250076436e-02
1.274752451298167216e+03	2.369000201957173202e-01	1.546316191052935496e-01	2.606015356457782040e-01	1.581388500143708076e-01	7.503118452435575403e-02	3.364742886789288956e-02	8.104936164622771055e-02
1.277171336404994690e+03	2.366036304680667612e-01	1.544176520623933291e-01	2.607913353363748854e-01	1.582756445582028104e-01	7.509208847730938774e-02	3.368467600942424978e-02	8.113497308786475626e-02
1.279590221511822392e+03	2.363081432955470296e-01	1.542042391590149053e-01	2.609805652754735861e-01	1.584120928165162479e-01	7.515282766378954260e-02	3.372180762721366243e-02	8.122032416208117833e-02
1.282009106618650094e+03	2.360135546532144135e-01	1.539913800531280130e-01	2.611692277449328414e-01	1.585481948796431673e-01	7.521340238328570738e-02	3.375882427439315381e-02	8.130541601103891125e-02
1.284427991725477568e+03	2.357198605619633958e-01	1.537790743748245759e-01	2.613573250057752428e-01	1.586839508569024282e-01	7.527381293803779572e-02	3.379572649750102464e-02	8.139024976463178629e-02
1.286846876832305497e+03	2.354270570875884871e-01	1.535673217270749069e-01	2.615448592985610832e-01	1.588193608761296893e-01	7.533405963295078389e-02	3.383251483661135761e-02	8.147482654071981634e-02
1.289265761939132744e+03	2.351351403398676265e-01	1.533561216864660626e-01	2.617318328437542863e-01	1.589544250832179428e-01	7.539414277551115262e-02	3.386918982546067297e-02	8.155914744535833205e-02
1.291684647045960673e+03	2.348441064716665638e-01	1.531454738039223218e-01	2.619182478420798432e-01	1.590891436416678739e-01	7.545406267570534120e-02	3.390575199157191272e-02	8.164321357302227467e-02
1.294103532152788375e+03	2.345539516780640321e-01	1.529353776054085678e-01	2.621041064748739213e-01	1.592235167321484068e-01	7.551381964593995022e-02	3.394220185637568388e-02	8.172702600682560381e-02
1.296522417259616077e+03	2.342646721954971256e-01	1.527258325926170446e-01	2.622894109044267008e-01	1.593575445520665768e-01	7.557341400096376227e-02	3.397853993532893441e-02	8.181058581873594526e-02
1.298941302366443551e+03	2.339762643009262733e-01	1.525168382436374592e-01	2.624741632743177178e-01	1.594912273151472826e-01	7.563284605779153902e-02	3.401476673803104089e-02	8.189389406978478392e-02
1.301360187473271253e+03	2.336887243110193080e-01	1.523083940136110703e-01	2.626583657097438795e-01	1.596245652510219770e-01	7.569211613562949748e-02	3.405088276833741906e-02	8.197695181027297995e-02
1.303779072580098727e+03	2.334020485813545209e-01	1.521004993353693713e-01	2.628420203178406522e-01	1.597575586048264329e-01	7.575122455580252101e-02	3.408688852447066403e-02	8.205976007997201060e-02
1.306197957686926657e+03	2.331162335056420343e-01	1.518931536200572308e-01	2.630251291879962539e-01	1.598902076368075853e-01	7.581017164168295241e-02	3.412278449912931055e-02	8.214231990832075725e-02
1.308616842793753904e+03	2.328312755149629654e-01	1.516863562577413227e-01	2.632076943921595746e-01	1.600225126219388672e-01	7.586895771862102456e-02	3.415857117959421319e-02	8.222463231461818456e-02
1.311035727900581833e+03	2.325471710770260769e-01	1.514801066180039013e-01	2.633897179851406589e-01	1.601544738495440379e-01	7.592758311387694248e-02	3.419424904783271990e-02	8.230669830821181476e-02
1.313454613007409534e+03	2.322639166954415801e-01	1.512744040505222820e-01	2.635712020049058579e-01	1.602860916229294497e-01	7.598604815655431166e-02	3.422981858060050037e-02	8.238851888868220508e-02
1.315873498114237009e+03	2.319815089090115356e-01	1.510692478856346388e-01	2.637521484728659327e-01	1.604173662590241412e-01	7.604435317753525936e-02	3.426528024954125090e-02	8.247009504602345609e-02
1.318292383221064711e+03	2.316999442910367413e-01	1.508646374348919794e-01	2.639325593941582171e-01	1.605482980880282295e-01	7.610249850941698535e-02	3.430063452128422757e-02	8.255142776081982048e-02
1.320711268327892412e+03	2.314192194486391074e-01	1.506605719915971586e-01	2.641124367579232302e-01	1.606788874530688804e-01	7.616048448644965885e-02	3.433588185753969763e-02	8.263251800441857864e-02
1.323130153434719887e+03	2.311393310220999642e-01	1.504570508313307631e-01	2.642917825375744045e-01	1.608091347098637713e-01	7.621831144447584194e-02	3.437102271519233004e-02	8.271336673909922277e-02
1.325549038541547588e+03	2.308602756842133841e-01	1.502540732124643674e-01	2.644705986910634854e-01	1.609390402263923825e-01	7.627597972087124534e-02	3.440605754639253916e-02	8.279397491823892175e-02
1.327967923648375290e+03	2.305820501396542710e-01	1.500516383766617168e-01	2.646488871611390459e-01	1.610686043825739489e-01	7.633348965448681633e-02	3.444098679864594781e-02	8.287434348647458593e-02
1.330386808755202765e+03	2.303046511243610206e-01	1.498497455493673913e-01	2.648266498756002840e-01	1.611978275699532115e-01	7.639084158559215909e-02	3.447581091490086597e-02	8.295447337986136538e-02
1.332805693862030694e+03	2.300280754049321141e-01	1.496483939402843966e-01	2.650038887475452132e-01	1.613267101913926915e-01	7.644803585582027328e-02	3.451053033363390976e-02	8.303436552602774801e-02
1.335224578968857941e+03	2.297523197780367288e-01	1.494475827438395688e-01	2.651806056756134122e-01	1.614552526607718475e-01	7.650507280811354172e-02	3.454514548893378167e-02	8.311402084432746584e-02
1.337643464075685870e+03	2.294773810698387817e-01	1.492473111396382668e-01	2.653568025442241129e-01	1.615834554026930325e-01	7.656195278667091153e-02	3.457965681058322582e-02	8.319344024598805676e-02
1.340062349182513572e+03	2.292032561354339082e-01	1.490475782929079063e-01	2.655324812238089582e-01	1.617113188521937528e-01	7.661867613689632428e-02	3.461406472413929014e-02	8.327262463425619266e-02
1.342481234289341273e+03	2.289299418582996237e-01	1.488483833549308910e-01	2.657076435710399864e-01	1.618388434544656140e-01	7.667524320534835347e-02	3.464836965101179833e-02	8.335157490454013496e-02
1.344900119396168748e+03	2.286574351497577817e-01	1.486497254634669418e-01	2.658822914290525086e-01	1.619660296645792086e-01	7.673165433969092453e-02	3.468257200854018424e-02	8.343029194454884556e-02
1.347319004502996449e+03	2.283857329484493548e-01	1.484516037431655722e-01	2.660564266276637668e-01	1.620928779472153025e-01	7.678790988864528377e-02	3.471667221006865395e-02	8.350877663442846099e-02
1.349737889609823924e+03	2.281148322198212619e-01	1.482540173059682942e-01	2.662300509835867635e-01	1.622193887764018239e-01	7.684401020194291110e-02	3.475067066501976581e-02	8.358702984689554694e-02
1.352156774716651853e+03	2.278447299556247418e-01	1.480569652515013046e-01	2.664031663006395934e-01	1.623455626352569292e-01	7.689995563027966774e-02	3.478456777896636598e-02	8.366505244736774372e-02
1.354575659823479100e+03	2.275754231734252175e-01	1.478604466674585116e-01	2.665757743699505022e-01	1.624714000157376215e-01	7.695574652527092940e-02	3.481836395370210141e-02	8.374284529409151134e-02
1.356994544930307029e+03	2.273069089161234291e-01	1.476644606299755413e-01	2.667478769701582819e-01	1.625969014183938910e-01	7.701138323940771857e-02	3.485205958731030923e-02	8.382040923826722389e-02
1.359413430037134731e+03	2.270391842514872527e-01	1.474690062039944183e-01	2.669194758676092238e-01	1.627220673521285743e-01	7.706686612601398867e-02	3.488565507423148360e-02	8.389774512417152996e-02
1.361832315143962205e+03	2.267722462716941501e-01	1.472740824436196694e-01	2.670905728165490767e-01	1.628468983339622922e-01	7.712219553920471316e-02	3.491915080532932009e-02	8.397485378927720123e-02
1.364251200250789907e+03	2.265060920928841925e-01	1.470796883924657128e-01	2.672611695593118397e-01	1.629713948888038832e-01	7.717737183384511257e-02	3.495254716795532374e-02	8.405173606437037204e-02
1.366670085357617609e+03	2.262407188547230497e-01	1.468858230839956980e-01	2.674312678265039489e-01	1.630955575492256671e-01	7.723239536551076978e-02	3.498584454601199462e-02	8.412839277366530866e-02
1.369088970464445310e+03	2.259761237199750528e-01	1.466924855418524354e-01	2.676008693371848546e-01	1.632193868552440918e-01	7.728726649044857788e-02	3.501904332001476439e-02	8.420482473491670838e-02
1.371507855571272785e+03	2.257123038740856125e-01	1.464996747801809163e-01	2.677699757990441576e-01	1.633428833541049063e-01	7.734198556553875670e-02	3.505214386715251040e-02	8.428103275952969486e-02
1.373926740678100487e+03	2.254492565247734892e-01	1.463073898039432275e-01	2.679385889085744710e-01	1.634660476000733553e-01	7.739655294825767418e-02	3.508514656134686244e-02	8.435701765266745422e-02
1.376345625784927961e+03	2.251869789016320011e-01	1.461156296092258888e-01	2.681067103512413952e-01	1.635888801542290383e-01	7.745096899664152823e-02	3.511805177331015632e-02	8.443278021335658134e-02
1.378764510891755890e+03	2.249254682557393359e-01	1.459243931835395025e-01	2.682743418016492742e-01	1.637113815842652365e-01	7.750523406925086123e-02	3.515085987060224959e-02	8.450832123459010858e-02
1.381183395998583137e+03	2.246647218592777162e-01	1.457336795061112411e-01	2.684414849237040657e-01	1.638335524642929308e-01	7.755934852513600430e-02	3.518357121768604656e-02	8.458364150342856380e-02
1.383602281105411066e+03	2.244047370051610035e-01	1.455434875481701751e-01	2.686081413707725463e-01	1.639553933746490944e-01	7.761331272380324331e-02	3.521618617598188533e-02	8.465874180109866920e-02
1.386021166212238768e+03	2.241455110066707945e-01	1.453538162732255501e-01	2.687743127858383541e-01	1.640769049017091752e-01	7.766712702518181743e-02	3.524870510392075218e-02	8.473362290309012501e-02
1.388440051319066470e+03	2.238870411971007890e-01	1.451646646373385419e-01	2.689400008016549215e-01	1.641980876377040488e-01	7.772079178959165335e-02	3.528112835699637184e-02	8.480828557925025601e-02
1.390858936425893944e+03	2.236293249294089847e-01	1.449760315893870721e-01	2.691052070408949115e-01	1.643189421805408557e-01	7.777430737771193203e-02	3.531345628781617368e-02	8.488273059387667352e-02
1.393277821532721646e+03	2.233723595758778380e-01	1.447879160713244351e-01	2.692699331162968224e-01	1.644394691336279468e-01	7.782767415055030780e-02	3.534568924615120317e-02	8.495695870580804998e-02
1.395696706639549120e+03	2.231161425277820298e-01	1.446003170184312348e-01	2.694341806308087617e-01	1.645596691057037708e-01	7.788089246941297394e-02	3.537782757898495084e-02	8.503097066851288133e-02
1.398115591746377049e+03	2.228606711950635588e-01	1.444132333595615492e-01	2.695979511777290005e-01	1.646795427106695908e-01	7.793396269587535286e-02	3.540987163056114745e-02	8.510476723017644518e-02
1.400534476853204296e+03	2.226059430060143285e-01	1.442266640173827663e-01	2.697612463408435857e-01	1.647990905674260043e-01	7.798688519175346612e-02	3.544182174243054595e-02	8.517834913378592721e-02
1.402953361960032225e+03	2.223519554069657289e-01	1.440406079086097024e-01	2.699240676945615092e-01	1.649183132997131263e-01	7.803966031907606793e-02	3.547367825349672515e-02	8.525171711721377110e-02
1.405372247066859927e+03	2.220987058619850740e-01	1.438550639442329471e-01	2.700864168040467694e-01	1.650372115359542979e-01	7.809228844005740300e-02	3.550544150006092192e-02	8.532487191329919674e-02
1.407791132173687402e+03	2.218461918525790610e-01	1.436700310297415184e-01	2.702482952253479898e-01	1.651557859091034308e-01	7.814476991707058895e-02	3.553711181586588497e-02	8.539781424992810843e-02
1.410210017280515103e+03	2.215944108774035859e-01	1.434855080653401616e-01	2.704097045055251503e-01	1.652740370564958483e-01	7.819710511262165098e-02	3.556868953213884049e-02	8.547054485011132408e-02
1.412628902387342805e+03	2.213433604519803033e-01	1.433014939461610682e-01	2.705706461827740994e-01	1.653919656197023191e-01	7.824929438932426429e-02	3.560017497763352107e-02	8.554306443206106947e-02
1.415047787494170507e+03	2.210930381084192375e-01	1.431179875624707665e-01	2.707311217865479014e-01	1.655095722443864770e-01	7.830133810987499610e-02	3.563156847867131327e-02	8.561537370926593227e-02
1.417466672600997981e+03	2.208434413951477771e-01	1.429349877998714879e-01	2.708911328376767402e-01	1.656268575801655984e-01	7.835323663702913055e-02	3.566287035918155185e-02	8.568747339056428935e-02
1.419885557707825683e+03	2.205945678766456364e-01	1.427524935394978989e-01	2.710506808484844377e-01	1.657438222804743233e-01	7.840499033357718750e-02	3.569408094074093263e-02	8.575936418021617991e-02
1.422304442814653157e+03	2.203464151331855359e-01	1.425705036582086416e-01	2.712097673229031947e-01	1.658604670024315664e-01	7.845659956232198251e-02	3.572520054261213440e-02	8.583104677797359638e-02
1.424723327921481086e+03	2.200989807605799875e-01	1.423890170287734624e-01	2.713683937565856130e-01	1.659767924067105105e-01	7.850806468605614485e-02	3.575622948178160121e-02	8.590252187914940163e-02
1.427142213028308333e+03	2.198522623699333545e-01	1.422080325200554551e-01	2.715265616370148294e-01	1.660927991574114027e-01	7.855938606754031550e-02	3.578716807299651970e-02	8.597379017468483042e-02
1.429561098135136262e+03	2.196062575873995726e-01	1.420275489971889182e-01	2.716842724436124845e-01	1.662084879219374867e-01	7.861056406948176145e-02	3.581801662880106096e-02	8.604485235121543674e-02
1.431979983241963964e+03	2.193609640539451733e-01	1.418475653217527166e-01	2.718415276478439724e-01	1.663238593708735169e-01	7.866159905451360068e-02	3.584877545957178280e-02	8.611570909113590300e-02
1.434398868348791666e+03	2.191163794251176355e-01	1.416680803519393961e-01	2.719983287133222460e-01	1.664389141778671311e-01	7.871249138517454058e-02	3.587944487355240741e-02	8.618636107266325341e-02
1.436817753455619140e+03	2.188725013708186784e-01	1.414890929427200517e-01	2.721546770959091810e-01	1.665536530195129705e-01	7.876324142388903271e-02	3.591002517688775958e-02	8.625680896989895707e-02
1.439236638562446842e+03	2.186293275750826881e-01	1.413106019460050322e-01	2.723105742438148846e-01	1.666680765752394100e-01	7.881384953294796880e-02	3.594051667365701780e-02	8.632705345288965715e-02
1.441655523669274316e+03	2.183868557358599194e-01	1.411326062108007040e-01	2.724660215976953959e-01	1.667821855271978682e-01	7.886431607448991798e-02	3.597091966590630630e-02	8.639709518768659557e-02
1.444074408776102018e+03	2.181450835648045816e-01	1.409551045833622451e-01	2.726210205907479978e-01	1.668959805601546997e-01	7.891464141048265546e-02	3.600123445368060005e-02	8.646693483640392752e-02
1.446493293882929493e+03	2.179040087870674491e-01	1.407780959073427207e-01	2.727755726488049759e-01	1.670094623613855300e-01	7.896482590270537116e-02	3.603146133505492205e-02	8.653657305727574522e-02
1.448912178989757422e+03	2.176636291410931345e-01	1.406015790239382446e-01	2.729296791904253228e-01	1.671226316205720597e-01	7.901486991273110050e-02	3.606160060616490914e-02	8.660601050471192219e-02
1.451331064096585123e+03	2.174239423784216640e-01	1.404255527720296437e-01	2.730833416269848324e-01	1.672354890297010899e-01	7.906477380190984894e-02	3.609165256123676030e-02	8.667524782935286110e-02
1.453749949203412370e+03	2.171849462634945216e-01	1.402500159883205144e-01	2.732365613627640855e-01	1.673480352829661011e-01	7.911453793135184154e-02	3.612161749261652566e-02	8.674428567812311752e-02
1.456168834310240300e+03	2.169466385734648284e-01	1.400749675074716427e-01	2.733893397950351023e-01	1.674602710766709690e-01	7.916416266191150797e-02	3.615149569079881275e-02	8.681312469428381640e-02
1.458587719417068001e+03	2.167090170980116859e-01	1.399004061622323991e-01	2.735416783141461639e-01	1.675721971091358731e-01	7.921364835417156469e-02	3.618128744445488904e-02	8.688176551748413856e-02
1.461006604523895703e+03	2.164720796391585433e-01	1.397263307835684698e-01	2.736935783036046899e-01	1.676838140806053978e-01	7.926299536842780491e-02	3.621099304046018763e-02	8.695020878381161389e-02
1.463425489630723177e+03	2.162358240110956176e-01	1.395527402007864515e-01	2.738450411401590623e-01	1.677951226931588546e-01	7.931220406467399953e-02	3.624061276392124414e-02	8.701845512584152620e-02
1.465844374737550879e+03	2.160002480400060598e-01	1.393796332416553929e-01	2.739960681938781728e-01	1.679061236506225463e-01	7.936127480258739486e-02	3.627014689820209220e-02	8.708650517268518021e-02
1.468263259844378354e+03	2.157653495638957308e-01	1.392070087325250616e-01	2.741466608282300266e-01	1.680168176584842243e-01	7.941020794151444628e-02	3.629959572495009001e-02	8.715435955003725255e-02
1.470682144951206283e+03	2.155311264324271114e-01	1.390348654984414345e-01	2.742968204001587362e-01	1.681272054238092672e-01	7.945900384045699594e-02	3.632895952412122653e-02	8.722201888022215743e-02
1.473101030058033530e+03	2.152975765067562663e-01	1.388632023632590251e-01	2.744465482601594064e-01	1.682372876551591345e-01	7.950766285805878353e-02	3.635823857400491410e-02	8.728948378223948257e-02
1.475519915164861459e+03	2.150646976593736937e-01	1.386920181497503790e-01	2.745958457523524632e-01	1.683470650625114584e-01	7.955618535259231794e-02	3.638743315124820521e-02	8.735675487180846743e-02
1.477938800271689161e+03	2.148324877739484773e-01	1.385213116797130717e-01	2.747447142145559296e-01	1.684565383571821617e-01	7.960457168194601252e-02	3.641654353087961371e-02	8.742383276141163506e-02
1.480357685378516862e+03	2.146009447451757701e-01	1.383510817740734589e-01	2.748931549783566464e-01	1.685657082517493244e-01	7.965282220361181997e-02	3.644556998633236011e-02	8.749071806033745236e-02
1.482776570485344337e+03	2.143700664786274690e-01	1.381813272529880954e-01	2.750411693691798831e-01	1.686745754599788538e-01	7.970093727467304767e-02	3.647451278946715891e-02	8.755741137472224100e-02
