1.001418434226643626e+03	2.779268220225553088e-01	1.820528621260353863e-01	2.346325296760009005e-01	1.407235327556907722e-01	6.705328553698133853e-02	2.814266499250968334e-02	6.946830288986072244e-02
1.002869765290740247e+03	2.776595056248248317e-01	1.818957037654858888e-01	2.347956929521881619e-01	1.408219815748326942e-01	6.709914537714849192e-02	2.817929108344736228e-02	6.954867962170668827e-02
1.004321096354836754e+03	2.773929640440946365e-01	1.817385472371981503e-01	2.349583868165559808e-01	1.409203968084198899e-01	6.714495966074560118e-02	2.821581820833566484e-02	6.962892722428418169e-02
1.005772427418933376e+03	2.771271913626772720e-01	1.815813963346320226e-01	2.351206151564362301e-01	1.410187767306675666e-01	6.719072791203113681e-02	2.825224789614734847e-02	6.970904460704253902e-02
1.007223758483029997e+03	2.768621817383044026e-01	1.814242547903932579e-01	2.352823818010814083e-01	1.411171196356780788e-01	6.723644967762910929e-02	2.828858160803958410e-02	6.978903074850825727e-02
1.008675089547126618e+03	2.765979294030977420e-01	1.812671262771139435e-01	2.354436905229956856e-01	1.412154238381697624e-01	6.728212452475569594e-02	2.832482074065821934e-02	6.986888469284306680e-02
1.010126420611223239e+03	2.763344286625521451e-01	1.811100144083204189e-01	2.356045450392004470e-01	1.413136876740856973e-01	6.732775203962378108e-02	2.836096662927993159e-02	6.994860554657164609e-02
1.011577751675319632e+03	2.760716738945318549e-01	1.809529227392890072e-01	2.357649490124403557e-01	1.414119095010951954e-01	6.737333182600693804e-02	2.839702055080031012e-02	7.002819247547034665e-02
1.013029082739416367e+03	2.758096595482787405e-01	1.807958547678894801e-01	2.359249060523345431e-01	1.415100876990004752e-01	6.741886350394608873e-02	2.843298372657531922e-02	7.010764470160936457e-02
1.014480413803512761e+03	2.755483801434329694e-01	1.806388139354167532e-01	2.360844197164775338e-01	1.416082206700588764e-01	6.746434670858396376e-02	2.846885732512346306e-02	7.018696150054046234e-02
1.015931744867609382e+03	2.752878302690665580e-01	1.804818036274106474e-01	2.362434935114940127e-01	1.417063068392300507e-01	6.750978108911402653e-02	2.850464246469540386e-02	7.026614219862332977e-02
1.017383075931706003e+03	2.750280045827284692e-01	1.803248271744642139e-01	2.364021308940509880e-01	1.418043446543572061e-01	6.755516630783195420e-02	2.854034021571756619e-02	7.034518617048360345e-02
1.018834406995802851e+03	2.747688978095025880e-01	1.801678878530204864e-01	2.365603352718305408e-01	1.419023325862893148e-01	6.760050203927894796e-02	2.857595160311595869e-02	7.042409283659616104e-02
1.020285738059899245e+03	2.745105047410772992e-01	1.800109888861577412e-01	2.367181100044665198e-01	1.420002691289515839e-01	6.764578796946736639e-02	2.861147760852602792e-02	7.050286166098745921e-02
1.021737069123995752e+03	2.742528202348272770e-01	1.798541334443639617e-01	2.368754584044472922e-01	1.420981527993700477e-01	6.769102379518004975e-02	2.864691917239419600e-02	7.058149214905116986e-02
1.023188400188092373e+03	2.739958392129071552e-01	1.796973246463001161e-01	2.370323837379874343e-01	1.421959821376557465e-01	6.773620922333578598e-02	2.868227719597635228e-02	7.065998384547129973e-02
1.024639731252188767e+03	2.737395566613572417e-01	1.795405655595525840e-01	2.371888892258703641e-01	1.422937557069534897e-01	6.778134397041395143e-02	2.871755254323841294e-02	7.073833633224785311e-02
1.026091062316285615e+03	2.734839676292202815e-01	1.793838592013748678e-01	2.373449780442639101e-01	1.423914720933590894e-01	6.782642776193237300e-02	2.875274604266368772e-02	7.081654922681963893e-02
1.027542393380382237e+03	2.732290672276707078e-01	1.792272085394188696e-01	2.375006533255106800e-01	1.424891299058095029e-01	6.787146033197266615e-02	2.878785848897170985e-02	7.089462218027973994e-02
1.028993724444478858e+03	2.729748506291546084e-01	1.790706164924555088e-01	2.376559181588946412e-01	1.425867277759490515e-01	6.791644142274838591e-02	2.882289064475281742e-02	7.097255487567888377e-02
1.030445055508575479e+03	2.727213130665416263e-01	1.789140859310854037e-01	2.378107755913858867e-01	1.426842643579745162e-01	6.796137078421145283e-02	2.885784324202261830e-02	7.105034702641238598e-02
1.031896386572671872e+03	2.724684498322879067e-01	1.787576196784391447e-01	2.379652286283643059e-01	1.427817383284623598e-01	6.800624817369299580e-02	2.889271698370033531e-02	7.112799837468682107e-02
1.033347717636768493e+03	2.722162562776101469e-01	1.786012205108678252e-01	2.381192802343237991e-01	1.428791483861801825e-01	6.805107335557504522e-02	2.892751254501468861e-02	7.120550869006218864e-02
1.034799048700865114e+03	2.719647278116706368e-01	1.784448911586235531e-01	2.382729333335582567e-01	1.429764932518846621e-01	6.809584610098988466e-02	2.896223057484092686e-02	7.128287776806591092e-02
1.036250379764961508e+03	2.717138599007736244e-01	1.782886343065303580e-01	2.384261908108297190e-01	1.430737716681079741e-01	6.814056618754441019e-02	2.899687169697235181e-02	7.136010542887535890e-02
1.037701710829058356e+03	2.714636480675720609e-01	1.781324525946453574e-01	2.385790555120204104e-01	1.431709823989343877e-01	6.818523339906673586e-02	2.903143651132961134e-02	7.143719151606525708e-02
1.039153041893154750e+03	2.712140878902850605e-01	1.779763486189107902e-01	2.387315302447688137e-01	1.432681242297685065e-01	6.822984752537296360e-02	2.906592559511072052e-02	7.151413589541691374e-02
1.040604372957251599e+03	2.709651750019264060e-01	1.778203249317964474e-01	2.388836177790911453e-01	1.433651959670965148e-01	6.827440836205210528e-02	2.910033950388480478e-02	7.159093845378626531e-02
1.042055704021347992e+03	2.707169050895429363e-01	1.776643840429330823e-01	2.390353208479885638e-01	1.434621964382419290e-01	6.831891571026713073e-02	2.913467877263228867e-02	7.166759909802776496e-02
1.043507035085444613e+03	2.704692738934635909e-01	1.775085284197367996e-01	2.391866421480406957e-01	1.435591244911164355e-01	6.836336937657072621e-02	2.916894391673416354e-02	7.174411775397132596e-02
1.044958366149541234e+03	2.702222772065585032e-01	1.773527604880243413e-01	2.393375843399866976e-01	1.436559789939671761e-01	6.840776917273433400e-02	2.920313543291282871e-02	7.182049436544986343e-02
1.046409697213637855e+03	2.699759108735084734e-01	1.771970826326197956e-01	2.394881500492934967e-01	1.437527588351211749e-01	6.845211491558898798e-02	2.923725380012690694e-02	7.189672889337486716e-02
1.047861028277734476e+03	2.697301707900841561e-01	1.770414971979525076e-01	2.396383418667125120e-01	1.438494629227277666e-01	6.849640642687693237e-02	2.927129948042225469e-02	7.197282131485753520e-02
1.049312359341831097e+03	2.694850529024352959e-01	1.768860064886464967e-01	2.397881623488249403e-01	1.439460901844993312e-01	6.854064353311285773e-02	2.930527291974134585e-02	7.204877162237349753e-02
1.050763690405927491e+03	2.692405532063893991e-01	1.767306127701012974e-01	2.399376140185759954e-01	1.440426395674514748e-01	6.858482606545397708e-02	2.933917454869305538e-02	7.212457982296857639e-02
1.052215021470024112e+03	2.689966677467604539e-01	1.765753182690648071e-01	2.400866993657987669e-01	1.441391100376428480e-01	6.862895385957801242e-02	2.937300478328482012e-02	7.220024593750407060e-02
1.053666352534120733e+03	2.687533926166670861e-01	1.764201251741975285e-01	2.402354208477278930e-01	1.442355005799149659e-01	6.867302675556824498e-02	2.940676402561894290e-02	7.227576999993914897e-02
1.055117683598217127e+03	2.685107239568596538e-01	1.762650356366290971e-01	2.403837808895035177e-01	1.443318101976326373e-01	6.871704459780519914e-02	2.944045266455490653e-02	7.235115205664878479e-02
1.056569014662313975e+03	2.682686579550573880e-01	1.761100517705066482e-01	2.405317818846655353e-01	1.444280379124253111e-01	6.876100723486411326e-02	2.947407107633927964e-02	7.242639216577552441e-02
1.058020345726410369e+03	2.680271908452940277e-01	1.759551756535352729e-01	2.406794261956390346e-01	1.445241827639296983e-01	6.880491451941780912e-02	2.950761962520483811e-02	7.250149039661317463e-02
1.059471676790506763e+03	2.677863189072727801e-01	1.758004093275109814e-01	2.408267161542105572e-01	1.446202438095336440e-01	6.884876630814439069e-02	2.954109866394042175e-02	7.257644682902111843e-02
1.060923007854603611e+03	2.675460384657301627e-01	1.756457547988457546e-01	2.409736540619959178e-01	1.447162201241220525e-01	6.889256246163943942e-02	2.957450853443293823e-02	7.265126155286755205e-02
1.062374338918700232e+03	2.673063458898091160e-01	1.754912140390852693e-01	2.411202421908996141e-01	1.448121107998243673e-01	6.893630284433217847e-02	2.960784956818288821e-02	7.272593466750032487e-02
1.063825669982796853e+03	2.670672375924399433e-01	1.753367889854191286e-01	2.412664827835661052e-01	1.449079149457643823e-01	6.897998732440538405e-02	2.964112208679473698e-02	7.280046628124399455e-02
1.065277001046893474e+03	2.668287100297305758e-01	1.751824815411837932e-01	2.414123780538232900e-01	1.450036316878122455e-01	6.902361577371861345e-02	2.967432640244330178e-02	7.287485651092180661e-02
1.066728332110990095e+03	2.665907597003651097e-01	1.750282935763582404e-01	2.415579301871181861e-01	1.450992601683387673e-01	6.906718806773458341e-02	2.970746281831742469e-02	7.294910548140132178e-02
1.068179663175086489e+03	2.663533831450106137e-01	1.748742269280526007e-01	2.417031413409451712e-01	1.451947995459723362e-01	6.911070408544839339e-02	2.974053162904194067e-02	7.302321332516263641e-02
1.069630994239183110e+03	2.661165769457323194e-01	1.747202834009897177e-01	2.418480136452668683e-01	1.452902489953583343e-01	6.915416370931927459e-02	2.977353312107910294e-02	7.309718018188805788e-02
1.071082325303279504e+03	2.658803377254171929e-01	1.745664647679799064e-01	2.419925492029280645e-01	1.453856077069211883e-01	6.919756682520493418e-02	2.980646757311039216e-02	7.317100619807198614e-02
1.072533656367376352e+03	2.656446621472050573e-01	1.744127727703887742e-01	2.421367500900625802e-01	1.454808748866292523e-01	6.924091332229791174e-02	2.983933525639973286e-02	7.324469152665036287e-02
1.073984987431472746e+03	2.654095469139280961e-01	1.742592091185984349e-01	2.422806183564932547e-01	1.455760497557623823e-01	6.928420309306410063e-02	2.987213643513897746e-02	7.331823632664841162e-02
1.075436318495569594e+03	2.651749887675581840e-01	1.741057754924619783e-01	2.424241560261256312e-01	1.456711315506822313e-01	6.932743603318322623e-02	2.990487136677657393e-02	7.339164076284585003e-02
1.076887649559666215e+03	2.649409844886616017e-01	1.739524735417515566e-01	2.425673650973347029e-01	1.457661195226057083e-01	6.937061204149098936e-02	2.993754030233021501e-02	7.346490500545886648e-02
1.078338980623762609e+03	2.647075308958617423e-01	1.737993048866000034e-01	2.427102475433458306e-01	1.458610129373810183e-01	6.941373101992295847e-02	2.997014348668423922e-02	7.353802922983783408e-02
1.079790311687859230e+03	2.644746248453094251e-01	1.736462711179359575e-01	2.428528053126089714e-01	1.459558110752665894e-01	6.945679287345997432e-02	3.000268115887257808e-02	7.361101361618005434e-02
1.081241642751955851e+03	2.642422632301602015e-01	1.734933737979131030e-01	2.429950403291671890e-01	1.460505132307131637e-01	6.949979751007498430e-02	3.003515355234792975e-02	7.368385834925691991e-02
1.082692973816052472e+03	2.640104429800596009e-01	1.733406144603327759e-01	2.431369544930191140e-01	1.461451187121484419e-01	6.954274484068129203e-02	3.006756089523779721e-02	7.375656361815448314e-02
1.084144304880149093e+03	2.637791610606349257e-01	1.731879946110608248e-01	2.432785496804755476e-01	1.462396268417649470e-01	6.958563477908201456e-02	3.009990341058811289e-02	7.382912961602713930e-02
1.085595635944245487e+03	2.635484144729948741e-01	1.730355157284384215e-01	2.434198277445103475e-01	1.463340369553105813e-01	6.962846724192076064e-02	3.013218131659501850e-02	7.390155653986348050e-02
1.087046967008342108e+03	2.633182002532358790e-01	1.728831792636869591e-01	2.435607905151057628e-01	1.464283484018820969e-01	6.967124214863354426e-02	3.016439482682533799e-02	7.397384459026390413e-02
1.088498298072438729e+03	2.630885154719552754e-01	1.727309866413070105e-01	2.437014397995924120e-01	1.465225605437214806e-01	6.971395942140162783e-02	3.019654415042639234e-02	7.404599397122929583e-02
1.089949629136535123e+03	2.628593572337715734e-01	1.725789392594717642e-01	2.438417773829836266e-01	1.466166727560151983e-01	6.975661898510548964e-02	3.022862949232557606e-02	7.411800488996024561e-02
1.091400960200631971e+03	2.626307226768515024e-01	1.724270384904146858e-01	2.439818050283046602e-01	1.467106844266962140e-01	6.979922076727972102e-02	3.026065105342028508e-02	7.418987755666640871e-02
1.092852291264728365e+03	2.624026089724434962e-01	1.722752856808116295e-01	2.441215244769167625e-01	1.468045949562488683e-01	6.984176469806890886e-02	3.029260903075860906e-02	7.426161218438527556e-02
1.094303622328825213e+03	2.621750133244178382e-01	1.721236821521573424e-01	2.442609374488361462e-01	1.468984037575165047e-01	6.988425071018429524e-02	3.032450361771125286e-02	7.433320898881011496e-02
1.095754953392921607e+03	2.619479329688137459e-01	1.719722292011369169e-01	2.444000456430477641e-01	1.469921102555118986e-01	6.992667873886145025e-02	3.035633500413515568e-02	7.440466818812652150e-02
1.097206284457018228e+03	2.617213651733920066e-01	1.718209280999914157e-01	2.445388507378146448e-01	1.470857138872304903e-01	6.996904872181859691e-02	3.038810337652915819e-02	7.447599000285712312e-02
1.098657615521114849e+03	2.614953072371946630e-01	1.716697800968786103e-01	2.446773543909820103e-01	1.471792141014660049e-01	7.001136059921583832e-02	3.041980891818213059e-02	7.454717465571419899e-02
1.100108946585211470e+03	2.612697564901105829e-01	1.715187864162283082e-01	2.448155582402767039e-01	1.472726103586292634e-01	7.005361431361506463e-02	3.045145180931393969e-02	7.461822237145954162e-02
1.101560277649308091e+03	2.610447102924474128e-01	1.713679482590927394e-01	2.449534639036022310e-01	1.473659021305692707e-01	7.009580980994065125e-02	3.048303222720961242e-02	7.468913337677146602e-02
1.103011608713404712e+03	2.608201660345091932e-01	1.712172668034918632e-01	2.450910729793290554e-01	1.474590889003969396e-01	7.013794703544082298e-02	3.051455034634697333e-02	7.475990790011857734e-02
1.104462939777501106e+03	2.605961211361803587e-01	1.710667432047535130e-01	2.452283870465804261e-01	1.475521701623115911e-01	7.018002593964964286e-02	3.054600633851816890e-02	7.483054617163976963e-02
1.105914270841597499e+03	2.603725730465153987e-01	1.709163785958489890e-01	2.453654076655137906e-01	1.476451454214298131e-01	7.022204647434980573e-02	3.057740037294527993e-02	7.490104842303035859e-02
1.107365601905694348e+03	2.601495192433345149e-01	1.707661740877234879e-01	2.455021363775981014e-01	1.477380141936170399e-01	7.026400859353594541e-02	3.060873261639038279e-02	7.497141488743398752e-02
1.108816932969790741e+03	2.599269572328247735e-01	1.706161307696220375e-01	2.456385747058864033e-01	1.478307760053214071e-01	7.030591225337862182e-02	3.064000323326029201e-02	7.504164579933993162e-02
1.110268264033887590e+03	2.597048845491470304e-01	1.704662497094106832e-01	2.457747241552847572e-01	1.479234303934102435e-01	7.034775741218884937e-02	3.067121238570627573e-02	7.511174139448563436e-02
1.111719595097984211e+03	2.594832987540484637e-01	1.703165319538928191e-01	2.459105862128167508e-01	1.480159769050088669e-01	7.038954403038333307e-02	3.070236023371893108e-02	7.518170190976423972e-02
1.113170926162080832e+03	2.592621974364807125e-01	1.701669785291213266e-01	2.460461623478840121e-01	1.481084150973419056e-01	7.043127207045014881e-02	3.073344693521853910e-02	7.525152758313674584e-02
1.114622257226177226e+03	2.590415782122229560e-01	1.700175904407059402e-01	2.461814540125228101e-01	1.482007445375768673e-01	7.047294149691506193e-02	3.076447264614105490e-02	7.532121865354865498e-02
1.116073588290273847e+03	2.588214387235110991e-01	1.698683686741163379e-01	2.463164626416566583e-01	1.482929648026700131e-01	7.051455227630835931e-02	3.079543752051997971e-02	7.539077536085087017e-02
1.117524919354370468e+03	2.586017766386713435e-01	1.697193141949808193e-01	2.464511896533452262e-01	1.483850754792147009e-01	7.055610437713223659e-02	3.082634171056428465e-02	7.546019794572464412e-02
1.118976250418467089e+03	2.583825896517597531e-01	1.695704279493807642e-01	2.465856364490292274e-01	1.484770761632918101e-01	7.059759776982864332e-02	3.085718536673261875e-02	7.552948664961034453e-02
1.120427581482563710e+03	2.581638754822065396e-01	1.694217108641406788e-01	2.467198044137718649e-01	1.485689664603224991e-01	7.063903242674778038e-02	3.088796863780396765e-02	7.559864171463981375e-02
1.121878912546660331e+03	2.579456318744652865e-01	1.692731638471141609e-01	2.468536949164963912e-01	1.486607459849230706e-01	7.068040832211693048e-02	3.091869167094490542e-02	7.566766338357233668e-02
1.123330243610756725e+03	2.577278565976675595e-01	1.691247877874658412e-01	2.469873093102202266e-01	1.487524143607621696e-01	7.072172543200985761e-02	3.094935461177365094e-02	7.573655189973374502e-02
1.124781574674853118e+03	2.575105474452821230e-01	1.689765835559490781e-01	2.471206489322853861e-01	1.488439712204200072e-01	7.076298373431670619e-02	3.097995760442107116e-02	7.580530750695872733e-02
1.126232905738949967e+03	2.572937022347788205e-01	1.688285520051798771e-01	2.472537151045855197e-01	1.489354162052496655e-01	7.080418320871431637e-02	3.101050079158876316e-02	7.587393044953613663e-02
1.127684236803046360e+03	2.570773188072978943e-01	1.686806939699065366e-01	2.473865091337895949e-01	1.490267489652405131e-01	7.084532383663709465e-02	3.104098431460437096e-02	7.594242097215705978e-02
1.129135567867143209e+03	2.568613950273233026e-01	1.685330102672758235e-01	2.475190323115620261e-01	1.491179691588837841e-01	7.088640560124817580e-02	3.107140831347427606e-02	7.601077931986564840e-02
1.130586898931239830e+03	2.566459287823611435e-01	1.683855016970949858e-01	2.476512859147795564e-01	1.492090764530399905e-01	7.092742848741118156e-02	3.110177292693378295e-02	7.607900573801239241e-02
1.132038229995336451e+03	2.564309179826222418e-01	1.682381690420901577e-01	2.477832712057449760e-01	1.493000705228083869e-01	7.096839248166236791e-02	3.113207829249491770e-02	7.614710047220996092e-02
1.133489561059432845e+03	2.562163605607098438e-01	1.680910130681609049e-01	2.479149894323974257e-01	1.493909510513984629e-01	7.100929757218313321e-02	3.116232454649196099e-02	7.621506376829129126e-02
1.134940892123529466e+03	2.560022544713110859e-01	1.679440345246312749e-01	2.480464418285198147e-01	1.494817177300032385e-01	7.105014374877305361e-02	3.119251182412484391e-02	7.628289587226977364e-02
1.136392223187626087e+03	2.557885976908931824e-01	1.677972341444970983e-01	2.481776296139426574e-01	1.495723702576745862e-01	7.109093100282327937e-02	3.122264025950046221e-02	7.635059703030169787e-02
1.137843554251722708e+03	2.555753882174042757e-01	1.676506126446698219e-01	2.483085539947454679e-01	1.496629083412004402e-01	7.113165932729033358e-02	3.125270998567206832e-02	7.641816748865053188e-02
1.139294885315819101e+03	2.553626240699777283e-01	1.675041707262166779e-01	2.484392161634546292e-01	1.497533316949836713e-01	7.117232871667031335e-02	3.128272113467680388e-02	7.648560749365317102e-02
1.140746216379915950e+03	2.551503032886411892e-01	1.673579090745975773e-01	2.485696172992384601e-01	1.498436400409229319e-01	7.121293916697350734e-02	3.131267383757143502e-02	7.655291729168789416e-02
1.142197547444012343e+03	2.549384239340298786e-01	1.672118283598984789e-01	2.486997585680993383e-01	1.499338331082952780e-01	7.125349067569936024e-02	3.134256822446646051e-02	7.662009712914411019e-02
1.143648878508108737e+03	2.547269840871037583e-01	1.670659292370613724e-01	2.488296411230631333e-01	1.500239106336405670e-01	7.129398324181188129e-02	3.137240442455858230e-02	7.668714725239365870e-02
1.145100209572205586e+03	2.545159818488683667e-01	1.669202123461110687e-01	2.489592661043655009e-01	1.501138723606474101e-01	7.133441686571533047e-02	3.140218256616166687e-02	7.675406790776360955e-02
1.146551540636302207e+03	2.543054153401004269e-01	1.667746783123785492e-01	2.490886346396355699e-01	1.502037180400411231e-01	7.137479154923036251e-02	3.143190277673627714e-02	7.682085934151064444e-02
1.148002871700398828e+03	2.540952827010766191e-01	1.666293277467212897e-01	2.492177478440767424e-01	1.502934474294732592e-01	7.141510729557054571e-02	3.146156518291778892e-02	7.688752179979671530e-02
1.149454202764495449e+03	2.538855820913067385e-01	1.664841612457401698e-01	2.493466068206450503e-01	1.503830602934126681e-01	7.145536410931910276e-02	3.149116991054325132e-02	7.695405552866599330e-02
1.150905533828591842e+03	2.536763116892702952e-01	1.663391793919935246e-01	2.494752126602245990e-01	1.504725564030382767e-01	7.149556199640613730e-02	3.152071708467695660e-02	7.702046077402320556e-02
1.152356864892688463e+03	2.534674696921570547e-01	1.661943827542078089e-01	2.496035664418003452e-01	1.505619355361336731e-01	7.153570096408619350e-02	3.155020682963483730e-02	7.708673778161301282e-02
1.153808195956785084e+03	2.532590543156112428e-01	1.660497718874855977e-01	2.497316692326287391e-01	1.506511974769829121e-01	7.157578102091609329e-02	3.157963926900776708e-02	7.715288679700060825e-02
1.155259527020881706e+03	2.530510637934792473e-01	1.659053473335102002e-01	2.498595220884051726e-01	1.507403420162681806e-01	7.161580217673312043e-02	3.160901452568373043e-02	7.721890806555331555e-02
1.156710858084978327e+03	2.528434963775611499e-01	1.657611096207475820e-01	2.499871260534293760e-01	1.508293689509689062e-01	7.165576444263362099e-02	3.163833272186901413e-02	7.728480183242331103e-02
1.158162189149074720e+03	2.526363503373656449e-01	1.656170592646452056e-01	2.501144821607683699e-01	1.509182780842623361e-01	7.169566783095179807e-02	3.166759397910842710e-02	7.735056834253115077e-02
1.159613520213171569e+03	2.524296239598685099e-01	1.654731967678282623e-01	2.502415914324166435e-01	1.510070692254257552e-01	7.173551235523892289e-02	3.169679841830455591e-02	7.741620784055035231e-02
1.161064851277267962e+03	2.522233155492743517e-01	1.653295226202926571e-01	2.503684548794541942e-01	1.510957421897398956e-01	7.177529803024280952e-02	3.172594615973620136e-02	7.748172057089283693e-02
1.162516182341364356e+03	2.520174234267821278e-01	1.651860372995956061e-01	2.504950735022022923e-01	1.511842967983941521e-01	7.181502487188767825e-02	3.175503732307592003e-02	7.754710677769512117e-02
1.163967513405461204e+03	2.518119459303535534e-01	1.650427412710432917e-01	2.506214482903766361e-01	1.512727328783930458e-01	7.185469289725419928e-02	3.178407202740680254e-02	7.761236670480535504e-02
1.165418844469557826e+03	2.516068814144850063e-01	1.648996349878758261e-01	2.507475802232385642e-01	1.513610502624639642e-01	7.189430212455991120e-02	3.181305039123848849e-02	7.767750059577108179e-02
1.166870175533654447e+03	2.514022282499828731e-01	1.647567188914495495e-01	2.508734702697437147e-01	1.514492487889665950e-01	7.193385257314001413e-02	3.184197253252243898e-02	7.774250869382769158e-02
1.168321506597751068e+03	2.511979848237416713e-01	1.646139934114167480e-01	2.509991193886885741e-01	1.515373283018034423e-01	7.197334426342825997e-02	3.187083856866654991e-02	7.780739124188761069e-02
1.169772837661847461e+03	2.509941495385257237e-01	1.644714589659026505e-01	2.511245285288550844e-01	1.516252886503318686e-01	7.201277721693832845e-02	3.189964861654909917e-02	7.787214848253010135e-02
1.171224168725944082e+03	2.507907208127537202e-01	1.643291159616800667e-01	2.512496986291526957e-01	1.517131296892773873e-01	7.205215145624531414e-02	3.192840279253207625e-02	7.793678065799160282e-02
1.172675499790040703e+03	2.505876970802863313e-01	1.641869647943413058e-01	2.513746306187586432e-01	1.518008512786482578e-01	7.209146700496768534e-02	3.195710121247389429e-02	7.800128801015672464e-02
1.174126830854137097e+03	2.503850767902171537e-01	1.640450058484678175e-01	2.514993254172558368e-01	1.518884532836513590e-01	7.213072388774934007e-02	3.198574399174156785e-02	7.806567078054976738e-02
1.175578161918233945e+03	2.501828584066661532e-01	1.639032394977970597e-01	2.516237839347689742e-01	1.519759355746094498e-01	7.216992213024200908e-02	3.201433124522235635e-02	7.812992921032677063e-02
1.177029492982330339e+03	2.499810404085764659e-01	1.637616661053873934e-01	2.517480070720986562e-01	1.520632980268794010e-01	7.220906175908795022e-02	3.204286308733487326e-02	7.819406354026801897e-02
1.178480824046426733e+03	2.497796212895137813e-01	1.636202860237801482e-01	2.518719957208531146e-01	1.521505405207720651e-01	7.224814280190285098e-02	3.207133963203970956e-02	7.825807401077106151e-02
1.179932155110523581e+03	2.495785995574688609e-01	1.634790995951597159e-01	2.519957507635784966e-01	1.522376629414729232e-01	7.228716528725899482e-02	3.209976099284961998e-02	7.832196086184410599e-02
1.181383486174620202e+03	2.493779737346625835e-01	1.633381071515111471e-01	2.521192730738868182e-01	1.523246651789642025e-01	7.232612924466877424e-02	3.212812728283923058e-02	7.838572433309994036e-02
1.182834817238716823e+03	2.491777423573540429e-01	1.631973090147754990e-01	2.522425635165821967e-01	1.524115471279481326e-01	7.236503470456831510e-02	3.215643861465436459e-02	7.844936466375013184e-02
1.184286148302813444e+03	2.489779039756511991e-01	1.630567054970028518e-01	2.523656229477853064e-01	1.524983086877712279e-01	7.240388169830144771e-02	3.218469510052094501e-02	7.851288209259972561e-02
1.185737479366910065e+03	2.487784571533242228e-01	1.629162969005033268e-01	2.524884522150556698e-01	1.525849497623499029e-01	7.244267025810388616e-02	3.221289685225351557e-02	7.857627685804215167e-02
1.187188810431006686e+03	2.485794004676216418e-01	1.627760835179957177e-01	2.526110521575126167e-01	1.526714702600969753e-01	7.248140041708767134e-02	3.224104398126340087e-02	7.863954919805465904e-02
1.188640141495103080e+03	2.483807325090888751e-01	1.626360656327540399e-01	2.527334236059539108e-01	1.527578700938495848e-01	7.252007220922578046e-02	3.226913659856654043e-02	7.870269935019394425e-02
1.190091472559199701e+03	2.481824518813896263e-01	1.624962435187521093e-01	2.528555673829729900e-01	1.528441491807978614e-01	7.255868566933706965e-02	3.229717481479096181e-02	7.876572755159207129e-02
1.191542803623296322e+03	2.479845572011295796e-01	1.623566174408057894e-01	2.529774843030743181e-01	1.529303074424148701e-01	7.259724083307138309e-02	3.232515874018396240e-02	7.882863403895278009e-02
1.192994134687392716e+03	2.477870470976826778e-01	1.622171876547132408e-01	2.530991751727872385e-01	1.530163448043876107e-01	7.263573773689489810e-02	3.235308848461897202e-02	7.889141904854801712e-02
1.194445465751489564e+03	2.475899202130200372e-01	1.620779544073932821e-01	2.532206407907777179e-01	1.531022611965490166e-01	7.267417641807569217e-02	3.238096415760217256e-02	7.895408281621472957e-02
1.195896796815585958e+03	2.473931752015409713e-01	1.619389179370216703e-01	2.533418819479589246e-01	1.531880565528108695e-01	7.271255691466954607e-02	3.240878586827879160e-02	7.901662557735186776e-02
1.197348127879682352e+03	2.471968107299066519e-01	1.618000784731653263e-01	2.534628994275998082e-01	1.532737308110980468e-01	7.275087926550595496e-02	3.243655372543918086e-02	7.907904756691773451e-02
1.198799458943779200e+03	2.470008254768762401e-01	1.616614362369147295e-01	2.535836940054321809e-01	1.533592839132832397e-01	7.278914351017432005e-02	3.246426783752461021e-02	7.914134901942740385e-02
1.200250790007875821e+03	2.468052181331449046e-01	1.615229914410143408e-01	2.537042664497563549e-01	1.534447158051233107e-01	7.282734968901041772e-02	3.249192831263288811e-02	7.920353016895050058e-02
1.201702121071972442e+03	2.466099874011847271e-01	1.613847442899912499e-01	2.538246175215449485e-01	1.535300264361959821e-01	7.286549784308302136e-02	3.251953525852367688e-02	7.926559124910907694e-02
1.203153452136069063e+03	2.464151319950873553e-01	1.612466949802816851e-01	2.539447479745454705e-01	1.536152157598379697e-01	7.290358801418073131e-02	3.254708878262366212e-02	7.932753249307572530e-02
1.204604783200165684e+03	2.462206506404092388e-01	1.611088437003560803e-01	2.540646585553812398e-01	1.537002837330836702e-01	7.294162024479902695e-02	3.257458899203150710e-02	7.938935413357181559e-02
1.206056114264262078e+03	2.460265420740188336e-01	1.609711906308419482e-01	2.541843500036506387e-01	1.537852303166050705e-01	7.297959457812749906e-02	3.260203599352255732e-02	7.945105640286602433e-02
1.207507445328358699e+03	2.458328050439461954e-01	1.608337359446453951e-01	2.543038230520250909e-01	1.538700554746523508e-01	7.301751105803727659e-02	3.262942989355344103e-02	7.951263953277284968e-02
1.208958776392455093e+03	2.456394383092345701e-01	1.606964798070703027e-01	2.544230784263455392e-01	1.539547591749955702e-01	7.305536972906867543e-02	3.265677079826644763e-02	7.957410375465144570e-02
1.210410107456551941e+03	2.454464406397940113e-01	1.605594223759364281e-01	2.545421168457178140e-01	1.540393413888670737e-01	7.309317063641898593e-02	3.268405881349376041e-02	7.963544929940452599e-02
1.211861438520648335e+03	2.452538108162573838e-01	1.604225638016953115e-01	2.546609390226058367e-01	1.541238020909047879e-01	7.313091382593046863e-02	3.271129404476148111e-02	7.969667639747732291e-02
1.213312769584745183e+03	2.450615476298380890e-01	1.602859042275447121e-01	2.547795456629243227e-01	1.542081412590964595e-01	7.316859934407858590e-02	3.273847659729357817e-02	7.975778527885683811e-02
1.214764100648841804e+03	2.448696498821899825e-01	1.601494437895414347e-01	2.548979374661293207e-01	1.542923588747247832e-01	7.320622723796030296e-02	3.276560657601561288e-02	7.981877617307110706e-02
1.216215431712937971e+03	2.446781163852691787e-01	1.600131826167123239e-01	2.550161151253082514e-01	1.543764549223130556e-01	7.324379755528266644e-02	3.279268408555839620e-02	7.987964930918863005e-02
1.217666762777034819e+03	2.444869459611980211e-01	1.598771208311638992e-01	2.551340793272677265e-01	1.544604293895720237e-01	7.328131034435150792e-02	3.281970923026147208e-02	7.994040491581784480e-02
1.219118093841131440e+03	2.442961374421308007e-01	1.597412585481900460e-01	2.552518307526208119e-01	1.545442822673473438e-01	7.331876565406031387e-02	3.284668211417646894e-02	8.000104322110672406e-02
1.220569424905228061e+03	2.441056896701212786e-01	1.596055958763786531e-01	2.553693700758723484e-01	1.546280135495678720e-01	7.335616353387933164e-02	3.287360284107034708e-02	8.006156445274262290e-02
1.222020755969324682e+03	2.439156014969925124e-01	1.594701329177162785e-01	2.554866979655038839e-01	1.547116232331946506e-01	7.339350403384475863e-02	3.290047151442852813e-02	8.012196883795193181e-02
1.223472087033421303e+03	2.437258717842080147e-01	1.593348697676914005e-01	2.556038150840562739e-01	1.547951113181707805e-01	7.343078720454811192e-02	3.292728823745792732e-02	8.018225660350002115e-02
1.224923418097517697e+03	2.435364994027450769e-01	1.591998065153963637e-01	2.557207220882120602e-01	1.548784778073720447e-01	7.346801309712583383e-02	3.295405311308986784e-02	8.024242797569128283e-02
1.226374749161614318e+03	2.433474832329698412e-01	1.590649432436275490e-01	2.558374196288759062e-01	1.549617227065582525e-01	7.350518176324898068e-02	3.298076624398287721e-02	8.030248318036908861e-02
1.227826080225710712e+03	2.431588221645141212e-01	1.589302800289842943e-01	2.559539083512543667e-01	1.550448460243252780e-01	7.354229325511307813e-02	3.300742773252540729e-02	8.036242244291598447e-02
1.229277411289807560e+03	2.429705150961538607e-01	1.587958169419664278e-01	2.560701888949338811e-01	1.551278477720577920e-01	7.357934762542815699e-02	3.303403768083850583e-02	8.042224598825380155e-02
1.230728742353903954e+03	2.427825609356894232e-01	1.586615540470701080e-01	2.561862618939586556e-01	1.552107279638829662e-01	7.361634492740895541e-02	3.306059619077830053e-02	8.048195404084403093e-02
1.232180073418000802e+03	2.425949585998276870e-01	1.585274914028825810e-01	2.563021279769059357e-01	1.552934866166244821e-01	7.365328521476521839e-02	3.308710336393848317e-02	8.054154682468804560e-02
1.233631404482097196e+03	2.424077070140655821e-01	1.583936290621754395e-01	2.564177877669615579e-01	1.553761237497575110e-01	7.369016854169217756e-02	3.311355930165269662e-02	8.060102456332753074e-02
1.235082735546193817e+03	2.422208051125754880e-01	1.582599670719964102e-01	2.565332418819933902e-01	1.554586393853643611e-01	7.372699496286116982e-02	3.313996410499681772e-02	8.066038747984488610e-02
1.236534066610290438e+03	2.420342518380920183e-01	1.581265054737600873e-01	2.566484909346243293e-01	1.555410335480907069e-01	7.376376453341043637e-02	3.316631787479120547e-02	8.071963579686375345e-02
1.237985397674387059e+03	2.418480461418006655e-01	1.579932443033370548e-01	2.567635355323041324e-01	1.556233062651024845e-01	7.380047730893599112e-02	3.319262071160285904e-02	8.077876973654944670e-02
1.239436728738483680e+03	2.416621869832278613e-01	1.578601835911418727e-01	2.568783762773795831e-01	1.557054575660434537e-01	7.383713334548269724e-02	3.321887271574750639e-02	8.083778952060964584e-02
1.240888059802580301e+03	2.414766733301327850e-01	1.577273233622198678e-01	2.569930137671644355e-01	1.557874874829935086e-01	7.387373269953545485e-02	3.324507398729160956e-02	8.089669537029495205e-02
1.242339390866676695e+03	2.412915041584003661e-01	1.575946636363324271e-01	2.571074485940079701e-01	1.558693960504274334e-01	7.391027542801049954e-02	3.327122462605439784e-02	8.095548750639952607e-02
1.243790721930773088e+03	2.411066784519361184e-01	1.574622044280412636e-01	2.572216813453623852e-01	1.559511833051744345e-01	7.394676158824688150e-02	3.329732473160972039e-02	8.101416614926182369e-02
1.245242052994869937e+03	2.409221952025624447e-01	1.573299457467913220e-01	2.573357126038494647e-01	1.560328492863781724e-01	7.398319123799802777e-02	3.332337440328794059e-02	8.107273151876531747e-02
1.246693384058966330e+03	2.407380534099160529e-01	1.571978875969925749e-01	2.574495429473260821e-01	1.561143940354575155e-01	7.401956443542349884e-02	3.334937374017771933e-02	8.113118383433921832e-02
1.248144715123063179e+03	2.405542520813473417e-01	1.570660299781006242e-01	2.575631729489490374e-01	1.561958175960678208e-01	7.405588123908077303e-02	3.337532284112777053e-02	8.118952331495932206e-02
1.249596046187159800e+03	2.403707902318209799e-01	1.569343728846960273e-01	2.576766031772383392e-01	1.562771200140627148e-01	7.409214170791725285e-02	3.340122180474858204e-02	8.124775017914877273e-02
1.251047377251256421e+03	2.401876668838175688e-01	1.568029163065625675e-01	2.577898341961404327e-01	1.563583013374567066e-01	7.412834590126239631e-02	3.342707072941405316e-02	8.130586464497896459e-02
1.252498708315352815e+03	2.400048810672373301e-01	1.566716602287644422e-01	2.579028665650895391e-01	1.564393616163881062e-01	7.416449387881983435e-02	3.345286971326311837e-02	8.136386693007036097e-02
1.253950039379449436e+03	2.398224318193046545e-01	1.565406046317221744e-01	2.580157008390687734e-01	1.565203009030826098e-01	7.420058570065979353e-02	3.347861885420131550e-02	8.142175725159342403e-02
1.255401370443546057e+03	2.396403181844743158e-01	1.564097494912874420e-01	2.581283375686702075e-01	1.566011192518174666e-01	7.423662142721151880e-02	3.350431824990231233e-02	8.147953582626953073e-02
1.256852701507642678e+03	2.394585392143387392e-01	1.562790947788170182e-01	2.582407773001538787e-01	1.566818167188861466e-01	7.427260111925583497e-02	3.352996799780939841e-02	8.153720287037184711e-02
1.258304032571739299e+03	2.392770939675367969e-01	1.561486404612453804e-01	2.583530205755059650e-01	1.567623933625635624e-01	7.430852483791783314e-02	3.355556819513695610e-02	8.159475859972638301e-02
1.259755363635835920e+03	2.390959815096637131e-01	1.560183865011564031e-01	2.584650679324965172e-01	1.568428492430718191e-01	7.434439264465969588e-02	3.358111893887183452e-02	8.165220322971288025e-02
1.261206694699932314e+03	2.389152009131825516e-01	1.558883328568540505e-01	2.585769199047355804e-01	1.569231844225464356e-01	7.438020460127355016e-02	3.360662032577477892e-02	8.170953697526582571e-02
1.262658025764028707e+03	2.387347512573365915e-01	1.557584794824319052e-01	2.586885770217292602e-01	1.570033989650032047e-01	7.441596076987458397e-02	3.363207245238174908e-02	8.176676005087549215e-02
1.264109356828125556e+03	2.385546316280630907e-01	1.556288263278417239e-01	2.588000398089344012e-01	1.570834929363053578e-01	7.445166121289405192e-02	3.365747541500525158e-02	8.182387267058885416e-02
1.265560687892221949e+03	2.383748411179083260e-01	1.554993733389610500e-01	2.589113087878128772e-01	1.571634664041315077e-01	7.448730599307257227e-02	3.368282930973562350e-02	8.188087504801072614e-02
1.267012018956318798e+03	2.381953788259437987e-01	1.553701204576598827e-01	2.590223844758847149e-01	1.572433194379437293e-01	7.452289517345350722e-02	3.370813423244227447e-02	8.193776739630470596e-02
1.268463350020415419e+03	2.380162438576836070e-01	1.552410676218661800e-01	2.591332673867808301e-01	1.573230521089564737e-01	7.455842881737631545e-02	3.373339027877494262e-02	8.199454992819431298e-02
1.269914681084511813e+03	2.378374353250029549e-01	1.551122147656306405e-01	2.592439580302943192e-01	1.574026644901056760e-01	7.459390698847015444e-02	3.375859754416487418e-02	8.205122285596398723e-02
1.271366012148608434e+03	2.376589523460579112e-01	1.549835618191904296e-01	2.593544569124321408e-01	1.574821566560185016e-01	7.462932975064748287e-02	3.378375612382601006e-02	8.210778639146013025e-02
1.272817343212705055e+03	2.374807940452061394e-01	1.548551087090319356e-01	2.594647645354647425e-01	1.575615286829834816e-01	7.466469716809788493e-02	3.380886611275613074e-02	8.216424074609229855e-02
1.274268674276801676e+03	2.373029595529289326e-01	1.547268553579526362e-01	2.595748813979759095e-01	1.576407806489211749e-01	7.470000930528178373e-02	3.383392760573800118e-02	8.222058613083411960e-02
1.275720005340898297e+03	2.371254480057542746e-01	1.545988016851221336e-01	2.596848079949114485e-01	1.577199126333551360e-01	7.473526622692450161e-02	3.385894069734045331e-02	8.227682275622454078e-02
1.277171336404994690e+03	2.369482585461809010e-01	1.544709476061423836e-01	2.597945448176273153e-01	1.577989247173834653e-01	7.477046799801018162e-02	3.388390548191946849e-02	8.233295083236877310e-02
1.278622667469091539e+03	2.367713903226035532e-01	1.543432930331066211e-01	2.599040923539367443e-01	1.578778169836507483e-01	7.480561468377600054e-02	3.390882205361926000e-02	8.238897056893954018e-02
1.280073998533187932e+03	2.365948424892392321e-01	1.542158378746579517e-01	2.600134510881572103e-01	1.579565895163204392e-01	7.484070634970631242e-02	3.393369050637329298e-02	8.244488217517803585e-02
1.281525329597284326e+03	2.364186142060545059e-01	1.540885820360468617e-01	2.601226215011561704e-01	1.580352424010475210e-01	7.487574306152700032e-02	3.395851093390531150e-02	8.250068585989514536e-02
1.282976660661381175e+03	2.362427046386937901e-01	1.539615254191877003e-01	2.602316040703965827e-01	1.581137757249517772e-01	7.491072488519984196e-02	3.398328342973033767e-02	8.255638183147245845e-02
1.284427991725477568e+03	2.360671129584088201e-01	1.538346679227146907e-01	2.603403992699813707e-01	1.581921895765914521e-01	7.494565188691700020e-02	3.400800808715565698e-02	8.261197029786346291e-02
1.285879322789574417e+03	2.358918383419888187e-01	1.537080094420369969e-01	2.604490075706974994e-01	1.582704840459371876e-01	7.498052413309558295e-02	3.403268499928178287e-02	8.266745146659462695e-02
1.287330653853671038e+03	2.357168799716919394e-01	1.535815498693927084e-01	2.605574294400592739e-01	1.583486592243463775e-01	7.501534169037228639e-02	3.405731425900340031e-02	8.272282554476648175e-02
1.288781984917767431e+03	2.355422370351774042e-01	1.534552890939025471e-01	2.606656653423511938e-01	1.584267152045380767e-01	7.505010462559814910e-02	3.408189595901028879e-02	8.277809273905475940e-02
1.290233315981864052e+03	2.353679087254388902e-01	1.533292270016223813e-01	2.607737157386698645e-01	1.585046520805681036e-01	7.508481300583337570e-02	3.410643019178827284e-02	8.283325325571154474e-02
