1.301360187473271253e+03	2.355071977255521753e-01	1.508783072100072231e-01	2.592641738722586409e-01	1.618006769430798408e-01	7.607212945221951406e-02	3.240204289447735225e-02	8.407547190203980281e-02
1.306197957686926657e+03	2.349281814543872637e-01	1.504692197380382845e-01	2.596237711631603218e-01	1.620600321614556472e-01	7.618177373430840005e-02	3.247759938369065846e-02	8.425942236459403600e-02
1.311035727900581833e+03	2.343525100693694407e-01	1.500623964423060397e-01	2.599814473371288570e-01	1.623177802168537520e-01	7.629082815177155863e-02	3.255275850635647866e-02	8.444227927584850579e-02
1.315873498114237009e+03	2.337801611566382165e-01	1.496578274334029179e-01	2.603372122970248892e-01	1.625739320683899092e-01	7.639929580139279142e-02	3.262752224102194454e-02	8.462404900176402622e-02
1.320711268327892412e+03	2.332111126155375636e-01	1.492555027180311467e-01	2.606910758924712024e-01	1.628284985862115120e-01	7.650717976232732087e-02	3.270189255771743103e-02	8.480473786733858099e-02
1.325549038541547588e+03	2.326453426467765262e-01	1.488554122082519637e-01	2.610430479206030663e-01	1.630814905525846403e-01	7.661448309636510745e-02	3.277587141795786779e-02	8.498435215709559953e-02
1.330386808755202765e+03	2.320828297412010910e-01	1.484575457302141910e-01	2.613931381267824428e-01	1.633329186629536578e-01	7.672120884818163511e-02	3.284946077474617393e-02	8.516289811555562139e-02
1.335224578968857941e+03	2.315235526691448997e-01	1.480618930323895910e-01	2.617413562052772757e-01	1.635827935269749123e-01	7.682736004557721987e-02	3.292266257257867035e-02	8.534038194769225094e-02
1.340062349182513572e+03	2.309674904703274412e-01	1.476684437933424854e-01	2.620877117999090844e-01	1.638311256695251239e-01	7.693293969970507740e-02	3.299547874745242110e-02	8.551680981937315185e-02
1.344900119396168748e+03	2.304146224442703283e-01	1.472771876290588644e-01	2.624322145046695809e-01	1.640779255316858198e-01	7.703795080528914874e-02	3.306791122687426088e-02	8.569218785778676128e-02
1.349737889609823924e+03	2.298649281412038781e-01	1.468881140998583856e-01	2.627748738643086446e-01	1.643232034717048706e-01	7.714239634083194797e-02	3.313996192987148787e-02	8.586652215185561210e-02
1.354575659823479100e+03	2.293183873534373474e-01	1.465012127169126599e-01	2.631156993748952067e-01	1.645669697659356834e-01	7.724627926881313944e-02	3.321163276700407618e-02	8.603981875263672086e-02
1.359413430037134731e+03	2.287749801071682909e-01	1.461164729483909186e-01	2.634547004843522666e-01	1.648092346097556893e-01	7.734960253587944146e-02	3.328292564037829693e-02	8.621208367370991610e-02
1.364251200250789907e+03	2.282346866547070585e-01	1.457338842252531019e-01	2.637918865929680390e-01	1.650500081184641810e-01	7.745236907302613383e-02	3.335384244366169926e-02	8.638332289155457866e-02
1.369088970464445310e+03	2.276974874670943672e-01	1.453534359467101578e-01	2.641272670538841738e-01	1.652893003281608597e-01	7.755458179577073841e-02	3.342438506209926413e-02	8.655354234591523810e-02
1.373926740678100487e+03	2.271633632270908254e-01	1.449751174853690927e-01	2.644608511735622725e-01	1.655271211966055922e-01	7.765624360431941375e-02	3.349455537253077236e-02	8.672274794015687183e-02
1.378764510891755890e+03	2.266322948225181488e-01	1.445989181920800948e-01	2.647926482122306968e-01	1.657634806040602926e-01	7.775735738372618888e-02	3.356435524340917187e-02	8.689094554161023998e-02
1.383602281105411066e+03	2.261042633399337753e-01	1.442248274005023534e-01	2.651226673843116721e-01	1.659983883541135130e-01	7.785792600404585484e-02	3.363378653482000658e-02	8.705814098190765848e-02
1.388440051319066470e+03	2.255792500586203397e-01	1.438528344314032592e-01	2.654509178588307372e-01	1.662318541744884082e-01	7.795795232048043089e-02	3.370285109850170574e-02	8.722434005730990425e-02
1.393277821532721646e+03	2.250572364448735485e-01	1.434829285967060553e-01	2.657774087598093193e-01	1.664638877178348797e-01	7.805743917351984362e-02	3.377155077786676840e-02	8.738954852902441894e-02
1.398115591746377049e+03	2.245382041465723566e-01	1.431150992032992064e-01	2.661021491666408223e-01	1.666944985625060938e-01	7.815638938907711053e-02	3.383988740802373191e-02	8.755377212351546368e-02
1.402953361960032225e+03	2.240221349880162638e-01	1.427493355566210875e-01	2.664251481144522815e-01	1.669236962133205382e-01	7.825480577861819442e-02	3.390786281579984129e-02	8.771701653280651600e-02
1.407791132173687402e+03	2.235090109650155477e-01	1.423856269640316474e-01	2.667464145944515308e-01	1.671514901023095356e-01	7.835269113928700069e-02	3.397547881976441947e-02	8.787928741477511740e-02
1.412628902387342805e+03	2.229988142402205831e-01	1.420239627379829561e-01	2.670659575542606023e-01	1.673778895894511287e-01	7.845004825402568382e-02	3.404273723025288273e-02	8.804059039344089288e-02
1.417466672600997981e+03	2.224915271386781745e-01	1.416643321989996540e-01	2.673837858982375248e-01	1.676029039633908646e-01	7.854687989169054085e-02	3.410963984939130444e-02	8.820093105924670107e-02
1.422304442814653157e+03	2.219871321436016065e-01	1.413067246784797115e-01	2.676999084877851875e-01	1.678265424421495899e-01	7.864318880716379689e-02	3.417618847112148528e-02	8.836031496933342833e-02
1.427142213028308333e+03	2.214856118923444472e-01	1.409511295213249915e-01	2.680143341416496572e-01	1.680488141738190888e-01	7.873897774146144946e-02	3.424238488122655771e-02	8.851874764780867655e-02
1.431979983241963964e+03	2.209869491725657276e-01	1.405975360884115233e-01	2.683270716362080588e-01	1.682697282372455083e-01	7.883424942183740736e-02	3.430823085735701383e-02	8.867623458600963626e-02
1.436817753455619140e+03	2.204911269185776679e-01	1.402459337589078148e-01	2.686381297057459094e-01	1.684892936427017929e-01	7.892900656188420183e-02	3.437372816905713557e-02	8.883278124276039467e-02
1.441655523669274316e+03	2.199981282078650457e-01	1.398963119324494742e-01	2.689475170427259032e-01	1.687075193325485167e-01	7.902325186163028370e-02	3.443887857779181355e-02	8.898839304462391464e-02
1.446493293882929493e+03	2.195079362577678495e-01	1.395486600311784398e-01	2.692552422980475368e-01	1.689244141818841694e-01	7.911698800763436457e-02	3.450368383697367120e-02	8.914307538614896220e-02
1.451331064096585123e+03	2.190205344223183082e-01	1.392029675016539236e-01	2.695613140812982977e-01	1.691399869991850324e-01	7.921021767307670491e-02	3.456814569199054971e-02	8.929683363011219066e-02
1.456168834310240300e+03	2.185359061892238886e-01	1.388592238166420356e-01	2.698657409609975799e-01	1.693542465269349262e-01	7.930294351784776541e-02	3.463226588023322200e-02	8.944967310775557567e-02
1.461006604523895703e+03	2.180540351769887364e-01	1.385174184767911376e-01	2.701685314648329950e-01	1.695672014422452412e-01	7.939516818863405490e-02	3.469604613112337727e-02	8.960159911901946495e-02
1.465844374737550879e+03	2.175749051321661243e-01	1.381775410121988124e-01	2.704696940798897442e-01	1.697788603574653665e-01	7.948689431900177182e-02	3.475948816614182757e-02	8.975261693277133968e-02
1.470682144951206283e+03	2.170984999267348559e-01	1.378395809838767194e-01	2.707692372528737734e-01	1.699892318207842368e-01	7.957812452947790605e-02	3.482259369885692957e-02	8.990273178703057921e-02
1.475519915164861459e+03	2.166248035555935203e-01	1.375035279851186121e-01	2.710671693903285995e-01	1.701983243168226356e-01	7.966886142762925893e-02	3.488536443495313805e-02	9.005194888918924279e-02
1.480357685378516862e+03	2.161538001341654913e-01	1.371693716427772880e-01	2.713634988588466412e-01	1.704061462672170901e-01	7.975910760813940958e-02	3.494780207225980928e-02	9.020027341622924300e-02
1.485195455592172038e+03	2.156854738961098139e-01	1.368371016184551092e-01	2.716582339852751660e-01	1.706127060311953270e-01	7.984886565288365490e-02	3.500990830078001825e-02	9.034771051493592497e-02
1.490033225805827215e+03	2.152198091911315114e-01	1.365067076096130316e-01	2.719513830569170176e-01	1.708180119061435132e-01	7.993813813100218713e-02	3.507168480271961181e-02	9.049426530210817610e-02
1.494870996019482618e+03	2.147567904828867891e-01	1.361781793506028349e-01	2.722429543217267933e-01	1.710220721281656142e-01	8.002692759897149510e-02	3.513313325251628955e-02	9.063994286476530216e-02
1.499708766233137567e+03	2.142964023469775825e-01	1.358515066136263549e-01	2.725329559885024677e-01	1.712248948726350639e-01	8.011523660067414176e-02	3.519425531686878883e-02	9.078474826035075329e-02
1.504546536446793198e+03	2.138386294690311495e-01	1.355266792096262995e-01	2.728213962270728543e-01	1.714264882547389401e-01	8.020306766746701510e-02	3.525505265476615996e-02	9.092868651693275517e-02
1.509384306660448374e+03	2.133834566428599588e-01	1.352036869891118931e-01	2.731082831684811807e-01	1.716268603300147855e-01	8.029042331824806644e-02	3.531552691751708301e-02	9.107176263340223399e-02
1.514222076874103550e+03	2.129308687686976842e-01	1.348825198429233763e-01	2.733936249051650003e-01	1.718260190948804611e-01	8.037730605952177199e-02	3.537567974877924709e-02	9.121398157966764675e-02
1.519059847087758726e+03	2.124808508515078076e-01	1.345631677029387741e-01	2.736774294911325511e-01	1.720239724871568121e-01	8.046371838546320654e-02	3.543551278458869497e-02	9.135534829684738289e-02
1.523897617301414357e+03	2.120333879993600013e-01	1.342456205427257632e-01	2.739597049421358954e-01	1.722207283865838379e-01	8.054966277798096541e-02	3.549502765338932025e-02	9.149586769745948756e-02
1.528735387515069533e+03	2.115884654218720684e-01	1.339298683781420807e-01	2.742404592358410054e-01	1.724162946153302012e-01	8.063514170677885118e-02	3.555422597606223978e-02	9.163554466560883127e-02
1.533573157728724709e+03	2.111460684287127243e-01	1.336159012678872493e-01	2.745197003119952406e-01	1.726106789384962703e-01	8.072015762941653350e-02	3.561310936595524917e-02	9.177438405717198988e-02
1.538410927942380113e+03	2.107061824281631912e-01	1.333037093140082840e-01	2.747974360725917164e-01	1.728038890646108605e-01	8.080471299136922358e-02	3.567167942891225074e-02	9.191239069997970967e-02
1.543248698156035516e+03	2.102687929257337773e-01	1.329932826623619058e-01	2.750736743820313968e-01	1.729959326461220637e-01	8.088881022608626625e-02	3.572993776330263271e-02	9.204956939399724924e-02
1.548086468369690692e+03	2.098338855228327471e-01	1.326846115030359818e-01	2.753484230672829103e-01	1.731868172798817218e-01	8.097245175504888537e-02	3.578788596005069017e-02	9.218592491150243151e-02
1.552924238583346096e+03	2.094014459154851515e-01	1.323776860707321090e-01	2.756216899180398139e-01	1.733765505076244884e-01	8.105563998782706892e-02	3.584552560266497656e-02	9.232146199726175284e-02
1.557762008797001272e+03	2.089714598930986766e-01	1.320724966451118088e-01	2.758934826868764123e-01	1.735651398164408388e-01	8.113837732213563525e-02	3.590285826726760665e-02	9.245618536870435500e-02
1.562599779010656675e+03	2.085439133372741505e-01	1.317690335511084720e-01	2.761638090894008579e-01	1.737525926392446685e-01	8.122066614388952221e-02	3.595988552262354560e-02	9.259009971609417911e-02
1.567437549224311852e+03	2.081187922206584329e-01	1.314672871592065528e-01	2.764326768044070293e-01	1.739389163552352568e-01	8.130250882725831296e-02	3.601660893016982168e-02	9.272320970270007956e-02
1.572275319437967255e+03	2.076960826058376341e-01	1.311672478856902302e-01	2.767000934740243556e-01	1.741241182903541518e-01	8.138390773472015116e-02	3.607303004404472518e-02	9.285551996496424487e-02
1.577113089651622431e+03	2.072757706442685255e-01	1.308689061928633990e-01	2.769660667038663648e-01	1.743082057177365307e-01	8.146486521711494844e-02	3.612915041111690317e-02	9.298703511266881439e-02
1.581950859865277607e+03	2.068578425752460592e-01	1.305722525892421548e-01	2.772306040631775659e-01	1.744911858581575381e-01	8.154538361369699506e-02	3.618497157101442652e-02	9.311775972910078802e-02
1.586788630078933011e+03	2.064422847249055282e-01	1.302772776297218549e-01	2.774937130849785549e-01	1.746730658804736269e-01	8.162546525218698779e-02	3.624049505615377365e-02	9.324769837121520133e-02
1.591626400292587959e+03	2.060290835052571434e-01	1.299839719157198092e-01	2.777554012662106220e-01	1.748538529020589039e-01	8.170511244882355806e-02	3.629572239176873105e-02	9.337685556979681556e-02
1.596464170506243590e+03	2.056182254132517540e-01	1.296923260952953239e-01	2.780156760678783034e-01	1.750335539892366454e-01	8.178432750841420351e-02	3.635065509593927296e-02	9.350523582962011471e-02
1.601301940719898766e+03	2.052096970298760148e-01	1.294023308632481217e-01	2.782745449151914907e-01	1.752121761577060399e-01	8.186311272438573372e-02	3.640529467962030225e-02	9.363284362960790086e-02
1.606139710933553943e+03	2.048034850192755330e-01	1.291139769611967247e-01	2.785320151977059289e-01	1.753897263729644607e-01	8.194147037883436901e-02	3.645964264667034271e-02	9.375968342298826586e-02
1.610977481147209119e+03	2.043995761279046586e-01	1.288272551776376285e-01	2.787880942694629383e-01	1.755662115507248267e-01	8.201940274257521479e-02	3.651370049388015515e-02	9.388575963745025843e-02
1.615815251360864750e+03	2.039979571837014227e-01	1.285421563479865470e-01	2.790427894491280814e-01	1.757416385573288276e-01	8.209691207519149991e-02	3.656746971100124921e-02	9.401107667529806644e-02
1.620653021574519926e+03	2.035986150952866502e-01	1.282586713546029211e-01	2.792961080201292745e-01	1.759160142101554303e-01	8.217400062508330161e-02	3.662095178077435370e-02	9.413563891360388070e-02
1.625490791788175102e+03	2.032015368511857767e-01	1.279767911267984115e-01	2.795480572307933453e-01	1.760893452780252777e-01	8.225067062951592345e-02	3.667414817895772033e-02	9.425945070435937101e-02
1.630328562001830505e+03	2.028067095190724534e-01	1.276965066408305149e-01	2.797986442944828678e-01	1.762616384816007575e-01	8.232692431466795413e-02	3.672706037435542747e-02	9.438251637462589938e-02
1.635166332215485909e+03	2.024141202450328858e-01	1.274178089198820529e-01	2.800478763897312207e-01	1.764329004937818246e-01	8.240276389567892379e-02	3.677968982884553123e-02	9.450484022668345641e-02
1.640004102429141085e+03	2.020237562528496289e-01	1.271406890340275875e-01	2.802957606603775909e-01	1.766031379400978540e-01	8.247819157669673829e-02	3.683203799740816797e-02	9.462642653817839034e-02
1.644841872642796488e+03	2.016356048433043113e-01	1.268651381001872913e-01	2.805423042157011437e-01	1.767723573990952202e-01	8.255320955092466939e-02	3.688410632815350421e-02	9.474727956226983161e-02
1.649679642856451665e+03	2.012496533934980125e-01	1.265911472820692718e-01	2.807875141305546385e-01	1.769405654027211838e-01	8.262782000066817845e-02	3.693589626234967949e-02	9.486740352777503493e-02
1.654517413070107068e+03	2.008658893561886816e-01	1.263187077901007926e-01	2.810313974454973773e-01	1.771077684367035610e-01	8.270202509738146246e-02	3.698740923445058282e-02	9.498680263931352785e-02
1.659355183283762244e+03	2.004843002591446821e-01	1.260478108813494758e-01	2.812739611669277662e-01	1.772739729409268106e-01	8.277582700171359775e-02	3.703864667212355966e-02	9.510548107745007973e-02
1.664192953497417420e+03	2.001048737045137693e-01	1.257784478594345112e-01	2.815152122672152646e-01	1.774391853098041261e-01	8.284922786355458646e-02	3.708960999627702870e-02	9.522344299883668539e-02
1.669030723711072824e+03	1.997275973682066108e-01	1.255106100744291797e-01	2.817551576848320027e-01	1.776034118926458627e-01	8.292222982208108384e-02	3.714030062108800156e-02	9.534069253635325814e-02
1.673868493924728000e+03	1.993524589992945184e-01	1.252442889227546319e-01	2.819938043244835102e-01	1.777666589940243846e-01	8.299483500580193129e-02	3.719071995402951913e-02	9.545723379924746232e-02
1.678706264138383403e+03	1.989794464194203083e-01	1.249794758470659239e-01	2.822311590572398887e-01	1.779289328741350540e-01	8.306704553260343959e-02	3.724086939589792838e-02	9.557307087327342188e-02
1.683544034352038352e+03	1.986085475222220675e-01	1.247161623361305316e-01	2.824672287206656529e-01	1.780902397491538336e-01	8.313886350979449169e-02	3.729075034084015916e-02	9.568820782082929077e-02
1.688381804565693983e+03	1.982397502727688277e-01	1.244543399246998416e-01	2.827020201189497928e-01	1.782505857915913650e-01	8.321029103415142347e-02	3.734036417638083444e-02	9.580264868109404641e-02
1.693219574779349159e+03	1.978730427070081177e-01	1.241940001933743293e-01	2.829355400230352258e-01	1.784099771306434379e-01	8.328133019196266862e-02	3.738971228344931813e-02	9.591639747016308948e-02
1.698057344993004335e+03	1.975084129312243975e-01	1.239351347684625737e-01	2.831677951707480823e-01	1.785684198525381849e-01	8.335198305907334793e-02	3.743879603640663800e-02	9.602945818118295562e-02
1.702895115206659511e+03	1.971458491215082598e-01	1.236777353218345143e-01	2.833987922669266579e-01	1.787259200008798621e-01	8.342225170092951170e-02	3.748761680307233918e-02	9.614183478448505571e-02
1.707732885420315142e+03	1.967853395232355140e-01	1.234217935707696417e-01	2.836285379835495890e-01	1.788824835769892985e-01	8.349213817262239601e-02	3.753617594475124747e-02	9.625353122771854175e-02
1.712570655633970318e+03	1.964268724505561226e-01	1.231673012778000120e-01	2.838570389598646382e-01	1.790381165402409325e-01	8.356164451893227652e-02	3.758447481626009390e-02	9.636455143598211814e-02
1.717408425847625494e+03	1.960704362858924354e-01	1.229142502505489176e-01	2.840843018025164812e-01	1.791928248083969055e-01	8.363077277437237778e-02	3.763251476595409067e-02	9.647489931195502022e-02
1.722246196061280898e+03	1.957160194794460573e-01	1.226626323415651310e-01	2.843103330856742161e-01	1.793466142579377143e-01	8.369952496323254665e-02	3.768029713575338224e-02	9.658457873602710464e-02
1.727083966274936301e+03	1.953636105487135399e-01	1.224124394481532763e-01	2.845351393511593163e-01	1.794994907243898097e-01	8.376790309962274528e-02	3.772782326116942697e-02	9.669359356642807934e-02
1.731921736488591478e+03	1.950131980780098195e-01	1.221636635122005099e-01	2.847587271085724736e-01	1.796514600026500319e-01	8.383590918751640531e-02	3.777509447133126086e-02	9.680194763935574820e-02
1.736759506702246881e+03	1.946647707179998410e-01	1.219162965199998283e-01	2.849811028354207187e-01	1.798025278473070476e-01	8.390354522079365718e-02	3.782211208901167104e-02	9.690964476910353398e-02
1.741597276915902057e+03	1.943183171852372881e-01	1.216703305020701842e-01	2.852022729772443754e-01	1.799526999729597343e-01	8.397081318328444843e-02	3.786887743065330686e-02	9.701668874818705768e-02
1.746435047129557461e+03	1.939738262617108355e-01	1.214257575329737854e-01	2.854222439477431816e-01	1.801019820545325945e-01	8.403771504881148158e-02	3.791539180639463824e-02	9.712308334746989902e-02
1.751272817343212637e+03	1.936312867943970617e-01	1.211825697311306183e-01	2.856410221289031881e-01	1.802503797275880615e-01	8.410425278123299930e-02	3.796165652009588637e-02	9.722883231628862144e-02
1.756110587556867813e+03	1.932906876948199681e-01	1.209407592586306673e-01	2.858586138711224356e-01	1.803978985886361963e-01	8.417042833448552808e-02	3.800767286936480860e-02	9.733393938257685341e-02
1.760948357770523216e+03	1.929520179386170764e-01	1.207003183210437064e-01	2.860750254933370762e-01	1.805445441954411923e-01	8.423624365262639968e-02	3.805344214558244870e-02	9.743840825298863417e-02
1.765786127984178393e+03	1.926152665651112150e-01	1.204612391672271604e-01	2.862902632831470506e-01	1.806903220673251875e-01	8.430170066987618949e-02	3.809896563392872054e-02	9.754224261302099630e-02
1.770623898197833569e+03	1.922804226768888014e-01	1.202235140891320803e-01	2.865043334969415989e-01	1.808352376854693577e-01	8.436680131066107147e-02	3.814424461340797795e-02	9.764544612713571548e-02
1.775461668411488745e+03	1.919474754393831473e-01	1.199871354216073688e-01	2.867172423600244935e-01	1.809792964932119552e-01	8.443154748965496503e-02	3.818928035687445266e-02	9.774802243888025544e-02
1.780299438625144376e+03	1.916164140804635652e-01	1.197520955422024802e-01	2.869289960667394390e-01	1.811225038963438505e-01	8.449594111182164025e-02	3.823407413105760905e-02	9.784997517100804676e-02
1.785137208838799552e+03	1.912872278900298317e-01	1.195183868709687597e-01	2.871396007805947503e-01	1.812648652634013535e-01	8.455998407245668425e-02	3.827862719658741558e-02	9.795130792559790522e-02
1.789974979052454728e+03	1.909599062196113139e-01	1.192860018702594643e-01	2.873490626343881971e-01	1.814063859259562039e-01	8.462367825722931503e-02	3.832294080801952607e-02	9.805202428417277016e-02
1.794812749266109904e+03	1.906344384819714244e-01	1.190549330445287574e-01	2.875573877303314596e-01	1.815470711789030078e-01	8.468702554222415357e-02	3.836701621386036376e-02	9.815212780781766566e-02
1.799650519479765535e+03	1.903108141507164341e-01	1.188251729401296752e-01	2.877645821401747517e-01	1.816869262807440932e-01	8.475002779398278785e-02	3.841085465659214299e-02	9.825162203729699562e-02
1.804488289693420711e+03	1.899890227599091153e-01	1.185967141451112067e-01	2.879706519053308322e-01	1.818259564538716455e-01	8.481268686954535063e-02	3.845445737269779368e-02	9.835051049317097838e-02
1.809326059907075887e+03	1.896690539036866296e-01	1.183695492890147055e-01	2.881756030369989063e-01	1.819641668848475946e-01	8.487500461649184758e-02	3.849782559268576099e-02	9.844879667591151240e-02
1.814163830120731291e+03	1.893508972358826370e-01	1.181436710426695819e-01	2.883794415162887481e-01	1.821015627246805046e-01	8.493698287298349914e-02	3.854096054111479791e-02	9.854648406601720922e-02
1.819001600334386467e+03	1.890345424696537879e-01	1.179190721179885076e-01	2.885821732943439910e-01	1.822381490891003264e-01	8.499862346780390210e-02	3.858386343661861229e-02	9.864357612412782972e-02
1.823839370548041643e+03	1.887199793771099365e-01	1.176957452677621224e-01	2.887838042924658621e-01	1.823739310588306239e-01	8.505992822040006618e-02	3.862653549193043739e-02	9.874007629113790152e-02
1.828677140761696819e+03	1.884071977889482941e-01	1.174736832854534063e-01	2.889843404022361950e-01	1.825089136798582479e-01	8.512089894092343678e-02	3.866897791390754013e-02	9.883598798830980914e-02
1.833514910975352450e+03	1.880961875940915240e-01	1.172528790049918307e-01	2.891837874856405532e-01	1.826431019637006770e-01	8.518153743027072344e-02	3.871119190355562512e-02	9.893131461738600974e-02
1.838352681189008081e+03	1.877869387393290568e-01	1.170333253005672175e-01	2.893821513751911323e-01	1.827765008876709452e-01	8.524184548012464502e-02	3.875317865605320405e-02	9.902605956070072157e-02
1.843190451402663257e+03	1.874794412289624568e-01	1.168150150864236125e-01	2.895794378740494945e-01	1.829091153951401538e-01	8.530182487299456384e-02	3.879493936077579169e-02	9.912022618129087692e-02
1.848028221616318433e+03	1.871736851244538147e-01	1.165979413166529782e-01	2.897756527561488604e-01	1.830409503957978190e-01	8.536147738225703663e-02	3.883647520132010172e-02	9.921381782300640884e-02
1.852865991829973609e+03	1.868696605440776926e-01	1.163820969849889697e-01	2.899708017663164550e-01	1.831720107659096930e-01	8.542080477219624046e-02	3.887778735552814557e-02	9.930683781061988569e-02
1.857703762043628785e+03	1.865673576625762053e-01	1.161674751246008219e-01	2.901648906203956879e-01	1.833023013485734209e-01	8.547980879804430165e-02	3.891887699551122015e-02	9.939928944993545179e-02
1.862541532257283961e+03	1.862667667108174052e-01	1.159540688078873338e-01	2.903579250053678340e-01	1.834318269539719493e-01	8.553849120602149969e-02	3.895974528767385398e-02	9.949117602789725456e-02
1.867379302470939592e+03	1.859678779754565248e-01	1.157418711462710192e-01	2.905499105794738801e-01	1.835605923596246580e-01	8.559685373337641567e-02	3.900039339273762840e-02	9.958250081269701126e-02
1.872217072684594768e+03	1.856706817986004121e-01	1.155308752899925906e-01	2.907408529723359836e-01	1.836886023106361898e-01	8.565489810842587259e-02	3.904082246576497800e-02	9.967326705388113162e-02
1.877054842898249490e+03	1.853751685774747970e-01	1.153210744279056926e-01	2.909307577850785420e-01	1.838158615199432799e-01	8.571262605059491724e-02	3.908103365618287306e-02	9.976347798245710496e-02
1.881892613111905121e+03	1.850813287640944160e-01	1.151124617872719136e-01	2.911196305904493742e-01	1.839423746685593108e-01	8.577003927045653842e-02	3.912102810780641871e-02	9.985313681099930450e-02
1.886730383325560297e+03	1.847891528649359683e-01	1.149050306335563376e-01	2.913074769329404012e-01	1.840681464058166739e-01	8.582713946977139907e-02	3.916080695886240554e-02	9.994224673375408374e-02
1.891568153539215928e+03	1.844986314406136529e-01	1.146987742702233332e-01	2.914943023289084945e-01	1.841931813496071602e-01	8.588392834152741573e-02	3.920037134201277695e-02	1.000308109267444012e-01
1.896405923752871104e+03	1.842097551055575655e-01	1.144936860385329658e-01	2.916801122666957125e-01	1.843174840866200759e-01	8.594040756997918529e-02	3.923972238437797855e-02	1.001188325478736679e-01
1.901243693966526507e+03	1.839225145276945639e-01	1.142897593173377996e-01	2.918649122067494828e-01	1.844410591725784421e-01	8.599657883068745345e-02	3.927886120756030747e-02	1.002063147370291230e-01
1.906081464180181683e+03	1.836369004281316053e-01	1.140869875228802677e-01	2.920487075817424505e-01	1.845639111324729464e-01	8.605244379055826398e-02	3.931778892766711608e-02	1.002932606161845014e-01
1.910919234393836859e+03	1.833529035808418306e-01	1.138853641085906393e-01	2.922315037966922158e-01	1.846860444607940910e-01	8.610800410788216341e-02	3.935650665533398096e-02	1.003796732895021609e-01
1.915757004607492036e+03	1.830705148123527581e-01	1.136848825648855005e-01	2.924133062290809604e-01	1.848074636217622024e-01	8.616326143237325319e-02	3.939501549574777467e-02	1.004655558434345841e-01
1.920594774821147894e+03	1.827897250014371144e-01	1.134855364189668592e-01	2.925941202289745746e-01	1.849281730495554166e-01	8.621821740520808908e-02	3.943331654866969599e-02	1.005509113468253113e-01
1.925432545034802843e+03	1.825105250788058020e-01	1.132873192346220137e-01	2.927739511191415067e-01	1.850481771485357474e-01	8.627287365906456673e-02	3.947141090845816130e-02	1.006357428510092772e-01
1.930270315248458019e+03	1.822329060268034484e-01	1.130902246120239207e-01	2.929528041951717232e-01	1.851674802934731856e-01	8.632723181816055746e-02	3.950929966409169602e-02	1.007200533899125228e-01
1.935108085462113195e+03	1.819568588791058983e-01	1.128942461875323683e-01	2.931306847255952808e-01	1.852860868297678820e-01	8.638129349829259951e-02	3.954698389919171497e-02	1.008038459801513936e-01
1.939945855675768371e+03	1.816823747204200090e-01	1.126993776334957315e-01	2.933075979520002874e-01	1.854040010736703603e-01	8.643506030687432562e-02	3.958446469204524032e-02	1.008871236211311279e-01
1.944783625889424002e+03	1.814094446861858612e-01	1.125056126580536442e-01	2.934835490891512522e-01	1.855212273124999534e-01	8.648853384297490454e-02	3.962174311562752932e-02	1.009698892951438887e-01
1.949621396103079178e+03	1.811380599622807175e-01	1.123129450049402261e-01	2.936585433251066579e-01	1.856377698048612968e-01	8.654171569735730207e-02	3.965882023762465347e-02	1.010521459674661726e-01
1.954459166316734354e+03	1.808682117847252857e-01	1.121213684532881699e-01	2.938325858213364783e-01	1.857536327808588794e-01	8.659460745251645886e-02	3.969569712045598053e-02	1.011338965864557460e-01
1.959296936530389530e+03	1.805998914393921184e-01	1.119308768174336055e-01	2.940056817128395839e-01	1.858688204423098733e-01	8.664721068271732940e-02	3.973237482129661491e-02	1.012151440836479427e-01
1.964134706744044706e+03	1.803330902617159004e-01	1.117414639467216447e-01	2.941778361082603155e-01	1.859833369629552147e-01	8.669952695403281007e-02	3.976885439209974782e-02	1.012958913738514627e-01
1.968972476957700337e+03	1.800677996364057065e-01	1.115531237253129110e-01	2.943490540900058905e-01	1.860971864886685756e-01	8.675155782438159768e-02	3.980513687961893809e-02	1.013761413552435459e-01
1.973810247171355968e+03	1.798040109971594525e-01	1.113658500719907490e-01	2.945193407143620878e-01	1.862103731376639759e-01	8.680330484356593712e-02	3.984122332543032358e-02	1.014558969094646601e-01
1.978648017385010689e+03	1.795417158263799828e-01	1.111796369399692813e-01	2.946887010116100991e-01	1.863229010007012854e-01	8.685476955330916071e-02	3.987711476595476312e-02	1.015351609017126622e-01
1.983485787598666320e+03	1.792809056548934354e-01	1.109944783167022692e-01	2.948571399861419917e-01	1.864347741412901716e-01	8.690595348729322767e-02	3.991281223247990229e-02	1.016139361808363201e-01
1.988323557812321269e+03	1.790215720616690764e-01	1.108103682236929316e-01	2.950246626165765051e-01	1.865459965958921884e-01	8.695685817119609695e-02	3.994831675118219738e-02	1.016922255794283775e-01
1.993161328025976900e+03	1.787637066735412728e-01	1.106273007163044997e-01	2.951912738558744587e-01	1.866565723741212823e-01	8.700748512272897528e-02	3.998362934314882156e-02	1.017700319139180770e-01
1.997999098239632076e+03	1.785073011649333519e-01	1.104452698835716867e-01	2.953569786314537149e-01	1.867665054589425500e-01	8.705783585167349570e-02	4.001875102439953619e-02	1.018473579846631005e-01
2.002836868453287707e+03	1.782523472575829049e-01	1.102642698480130190e-01	2.955217818453041434e-01	1.868757998068691639e-01	8.710791185991872965e-02	4.005368280590848595e-02	1.019242065760410515e-01
2.007674638666942428e+03	1.779988367202693100e-01	1.100842947654440268e-01	2.956856883741018072e-01	1.869844593481579942e-01	8.715771464149810188e-02	4.008842569362591757e-02	1.020005804565403407e-01
2.012512408880597604e+03	1.777467613685427550e-01	1.099053388247912544e-01	2.958487030693235931e-01	1.870924879870032032e-01	8.720724568262626375e-02	4.012298068849986382e-02	1.020764823788506137e-01
2.017350179094252780e+03	1.774961130644551188e-01	1.097273962479073384e-01	2.960108307573607322e-01	1.871998896017283975e-01	8.725650646173566116e-02	4.015734878649767498e-02	1.021519150799526099e-01
2.022187949307908411e+03	1.772468837162924915e-01	1.095504612893867802e-01	2.961720762396327089e-01	1.873066680449771704e-01	8.730549844951321359e-02	4.019153097862759871e-02	1.022268812812075489e-01
2.027025719521564042e+03	1.769990652783093865e-01	1.093745282363826760e-01	2.963324442927005586e-01	1.874128271439020055e-01	8.735422310893672937e-02	4.022552825096020052e-02	1.023013836884459349e-01
2.031863489735218764e+03	1.767526497504647853e-01	1.091995914084243624e-01	2.964919396683797226e-01	1.875183707003516276e-01	8.740268189531122389e-02	4.025934158464974238e-02	1.023754249920559856e-01
2.036701259948874394e+03	1.765076291781597362e-01	1.090256451572359231e-01	2.966505670938530681e-01	1.876233024910566871e-01	8.745087625630515449e-02	4.029297195595552689e-02	1.024490078670713678e-01
2.041539030162529116e+03	1.762639956519764795e-01	1.088526838665556939e-01	2.968083312717829658e-01	1.877276262678140573e-01	8.749880763198658595e-02	4.032642033626311628e-02	1.025221349732586135e-01
2.046376800376184747e+03	1.760217413074194326e-01	1.086807019519564765e-01	2.969652368804237552e-01	1.878313457576694101e-01	8.754647745485905075e-02	4.035968769210551005e-02	1.025948089552039255e-01
2.051214570589840150e+03	1.757808583246576739e-01	1.085096938606668754e-01	2.971212885737332665e-01	1.879344646630984883e-01	8.759388714989752023e-02	4.039277498518430154e-02	1.026670324423995112e-01
2.056052340803495554e+03	1.755413389282690362e-01	1.083396540713933570e-01	2.972764909814846201e-01	1.880369866621865449e-01	8.764103813458411218e-02	4.042568317239068204e-02	1.027388080493294165e-01
2.060890111017150957e+03	1.753031753869856713e-01	1.081705770941433359e-01	2.974308487093770825e-01	1.881389154088066729e-01	8.768793181894371513e-02	4.045841320582644479e-02	1.028101383755548881e-01
2.065727881230805451e+03	1.750663600134414188e-01	1.080024574700491624e-01	2.975843663391473104e-01	1.882402545327963861e-01	8.773456960557951545e-02	4.049096603282488493e-02	1.028810260057992504e-01
2.070565651444461309e+03	1.748308851639204242e-01	1.078352897711928743e-01	2.977370484286795405e-01	1.883410076401328126e-01	8.778095288970835797e-02	4.052334259597166477e-02	1.029514735100322820e-01
2.075403421658116713e+03	1.745967432381075879e-01	1.076690686004320857e-01	2.978888995121161121e-01	1.884411783131064722e-01	8.782708305919605107e-02	4.055554383312558880e-02	1.030214834435540933e-01
2.080241191871772116e+03	1.743639266788402364e-01	1.075037885912265428e-01	2.980399240999673238e-01	1.885407701104934997e-01	8.787296149459246364e-02	4.058757067743930247e-02	1.030910583470786152e-01
2.085078962085427065e+03	1.741324279718615975e-01	1.073394444074657894e-01	2.981901266792209571e-01	1.886397865677265639e-01	8.791858956916663581e-02	4.061942405737994921e-02	1.031602007468164217e-01
2.089916732299082469e+03	1.739022396455754405e-01	1.071760307432976095e-01	2.983395117134517993e-01	1.887382311970644266e-01	8.796396864894159839e-02	4.065110489674978594e-02	1.032289131545573030e-01
2.094754502512737417e+03	1.736733542708025491e-01	1.070135423229573723e-01	2.984880836429300022e-01	1.888361074877598911e-01	8.800910009272923384e-02	4.068261411470665972e-02	1.032971980677522550e-01
2.099592272726392821e+03	1.734457644605383042e-01	1.068519739005983904e-01	2.986358468847304382e-01	1.889334189062265301e-01	8.805398525216487360e-02	4.071395262578447749e-02	1.033650579695949423e-01
2.104430042940048224e+03	1.732194628697120153e-01	1.066913202601230959e-01	2.987828058328404479e-01	1.890301688962040538e-01	8.809862547174189540e-02	4.074512133991359253e-02	1.034324953291028693e-01
2.109267813153704083e+03	1.729944421949475286e-01	1.065315762150150780e-01	2.989289648582681425e-01	1.891263608789221229e-01	8.814302208884611245e-02	4.077612116244112850e-02	1.034995126011978711e-01
2.114105583367359031e+03	1.727706951743252506e-01	1.063727366081721054e-01	2.990743283091497617e-01	1.892219982532631073e-01	8.818717643379010707e-02	4.080695299415122018e-02	1.035661122267863554e-01
2.118943353581013525e+03	1.725482145871457262e-01	1.062147963117400229e-01	2.992189005108572553e-01	1.893170843959233463e-01	8.823108982984737003e-02	4.083761773128523342e-02	1.036322966328389328e-01
2.123781123794669384e+03	1.723269932536944660e-01	1.060577502269474670e-01	2.993626857661051410e-01	1.894116226615729648e-01	8.827476359328637057e-02	4.086811626556186017e-02	1.036980682324696590e-01
2.128618894008324787e+03	1.721070240350082159e-01	1.059015932839415808e-01	2.995056883550568649e-01	1.895056163830147467e-01	8.831819903340452915e-02	4.089844948419719961e-02	1.037634294250148470e-01
2.133456664221980191e+03	1.718882998326426992e-01	1.057463204416245611e-01	2.996479125354313822e-01	1.895990688713412864e-01	8.836139745256196831e-02	4.092861826992475610e-02	1.038283825961113516e-01
2.138294434435635139e+03	1.716708135884416342e-01	1.055919266874910528e-01	2.997893625426090725e-01	1.896919834160911700e-01	8.840436014621522176e-02	4.095862350101535376e-02	1.038929301177745207e-01
2.143132204649290543e+03	1.714545582843070570e-01	1.054384070374665555e-01	2.999300425897372113e-01	1.897843632854037677e-01	8.844708840295081864e-02	4.098846605129702336e-02	1.039570743484755921e-01
2.147969974862945492e+03	1.712395269419711430e-01	1.052857565357465525e-01	3.000699568678354967e-01	1.898762117261726390e-01	8.848958350451871513e-02	4.101814679017479898e-02	1.040208176332187151e-01
2.152807745076601350e+03	1.710257126227692770e-01	1.051339702546366106e-01	3.002091095459005765e-01	1.899675319641980775e-01	8.853184672586561499e-02	4.104766658265044527e-02	1.040841623036174862e-01
2.157645515290255844e+03	1.708131084274144840e-01	1.049830432943933550e-01	3.003475047710108536e-01	1.900583272043379068e-01	8.857387933516816525e-02	4.107702628934213618e-02	1.041471106779711386e-01
2.162483285503912157e+03	1.706017074957731916e-01	1.048329707830662622e-01	3.004851466684308470e-01	1.901486006306574716e-01	8.861568259386601309e-02	4.110622676650409202e-02	1.042096650613401759e-01
2.167321055717567106e+03	1.703915030066421588e-01	1.046837478763404106e-01	3.006220393417148307e-01	1.902383554065781857e-01	8.865725775669479336e-02	4.113526886604608468e-02	1.042718277456216591e-01
2.172158825931222509e+03	1.701824881775270137e-01	1.045353697573799812e-01	3.007581868728103625e-01	1.903275946750249137e-01	8.869860607171892175e-02	4.116415343555292899e-02	1.043336010096240496e-01
2.176996596144877003e+03	1.699746562644217918e-01	1.043878316366726872e-01	3.008935933221616454e-01	1.904163215585722435e-01	8.873972878036429091e-02	4.119288131830393246e-02	1.043949871191416218e-01
2.181834366358532861e+03	1.697680005615898602e-01	1.042411287518750923e-01	3.010282627288121682e-01	1.905045391595895365e-01	8.878062711745088320e-02	4.122145335329219923e-02	1.044559883270284317e-01
2.186672136572187810e+03	1.695625144013461760e-01	1.040952563676586923e-01	3.011621991105074558e-01	1.905922505603847850e-01	8.882130231122521702e-02	4.124987037524394801e-02	1.045166068732718972e-01
2.191509906785843214e+03	1.693581911538406537e-01	1.039502097755569954e-01	3.012954064637968776e-01	1.906794588233472476e-01	8.886175558339266811e-02	4.127813321463776053e-02	1.045768449850659615e-01
2.196347676999498617e+03	1.691550242268430315e-01	1.038059842938132138e-01	3.014278887641356763e-01	1.907661669910891700e-01	8.890198814914969383e-02	4.130624269772369128e-02	1.046367048768837710e-01
2.201185447213154021e+03	1.689530070655287652e-01	1.036625752672290651e-01	3.015596499659861651e-01	1.908523780865860053e-01	8.894200121721587693e-02	4.133419964654239109e-02	1.046961887505500483e-01
2.206023217426809424e+03	1.687521331522661705e-01	1.035199780670142539e-01	3.016906940029189799e-01	1.909380951133158588e-01	8.898179598986592775e-02	4.136200487894417521e-02	1.047552987953129788e-01
2.210860987640464373e+03	1.685523960064050364e-01	1.033781880906367995e-01	3.018210247877138319e-01	1.910233210553976546e-01	8.902137366296150600e-02	4.138965920860793180e-02	1.048140371879156957e-01
2.215698757854119776e+03	1.683537891840661271e-01	1.032372007616742388e-01	3.019506462124594837e-01	1.911080588777281930e-01	8.906073542598291759e-02	4.141716344506007202e-02	1.048724060926673751e-01
2.220536528067775180e+03	1.681563062779321827e-01	1.030970115296656331e-01	3.020795621486544458e-01	1.911923115261180695e-01	8.909988246206075602e-02	4.144451839369337615e-02	1.049304076615139442e-01
2.225374298281430583e+03	1.679599409170399738e-01	1.029576158699644917e-01	3.022077764473058981e-01	1.912760819274266499e-01	8.913881594800732167e-02	4.147172485578574236e-02	1.049880440341083437e-01
2.230212068495085077e+03	1.677646867665735508e-01	1.028190092835922775e-01	3.023352929390294430e-01	1.913593729896958529e-01	8.917753705434794398e-02	4.149878362851894958e-02	1.050453173378804311e-01
2.235049838708740936e+03	1.675705375276588249e-01	1.026811872970930378e-01	3.024621154341477491e-01	1.914421876022829039e-01	8.921604694535226199e-02	4.152569550499727452e-02	1.051022296881064244e-01
2.239887608922396339e+03	1.673774869371590923e-01	1.025441454623886445e-01	3.025882477227893608e-01	1.915245286359919807e-01	8.925434677906528280e-02	4.155246127426610175e-02	1.051587831879780555e-01
2.244725379136052197e+03	1.671855287674720025e-01	1.024078793566349094e-01	3.027136935749867308e-01	1.916063989432049142e-01	8.929243770733835683e-02	4.157908172133044367e-02	1.052149799286712234e-01
2.249563149349706237e+03	1.669946568263275255e-01	1.022723845820784350e-01	3.028384567407741423e-01	1.916878013580107787e-01	8.933032087585998648e-02	4.160555762717341177e-02	1.052708219894143288e-01
2.254400919563362095e+03	1.668048649565870845e-01	1.021376567659144224e-01	3.029625409502852418e-01	1.917687386963344565e-01	8.936799742418664871e-02	4.163188976877463254e-02	1.053263114375562054e-01
2.259238689777017044e+03	1.666161470360439378e-01	1.020036915601451322e-01	3.030859499138500723e-01	1.918492137560641464e-01	8.940546848577327066e-02	4.165807891912855915e-02	1.053814503286335941e-01
2.264076459990672902e+03	1.664284969772245326e-01	1.018704846414392184e-01	3.032086873220919410e-01	1.919292293171780683e-01	8.944273518800378853e-02	4.168412584726277625e-02	1.054362407064383667e-01
