1.001418434226643626e+03	2.779498272929092906e-01	1.820354693829875359e-01	2.346519581646399899e-01	1.407339106191835554e-01	6.704977408340570544e-02	2.810456587217787655e-02	6.947449458432980451e-02
1.003837319333471214e+03	2.775051676029323677e-01	1.817731365979543545e-01	2.349243466007269465e-01	1.408980764154028342e-01	6.712619823587526180e-02	2.816548742901382740e-02	6.960758711772811747e-02
1.006256204440298802e+03	2.770626352372440593e-01	1.815108251352224589e-01	2.351954693328967283e-01	1.410621475934497049e-01	6.720249941500390511e-02	2.822613212386494014e-02	6.974029116195193390e-02
1.008675089547126618e+03	2.766222033425475568e-01	1.812485520882557710e-01	2.354653444094471360e-01	1.412261164381612144e-01	6.727867564012932067e-02	2.828650609622576639e-02	6.987260198486695828e-02
1.011093974653954206e+03	2.761838456371946138e-01	1.809863340927398700e-01	2.357339893944775944e-01	1.413899754012518106e-01	6.735472507523893038e-02	2.834661504821034753e-02	7.000451535052053254e-02
1.013512859760782021e+03	2.757475363979838279e-01	1.807241873376368158e-01	2.360014213867711319e-01	1.415537171071101219e-01	6.743064601082489340e-02	2.840646427931144483e-02	7.013602747999539422e-02
1.015931744867609382e+03	2.753132504472475817e-01	1.804621275759778765e-01	2.362676570373163087e-01	1.417173343566602572e-01	6.750643684868680439e-02	2.846605871840360291e-02	7.026713501534118111e-02
1.018350629974437197e+03	2.748809631402227560e-01	1.802001701353999619e-01	2.365327125656354335e-01	1.418808201296472282e-01	6.758209608918029632e-02	2.852540295320791369e-02	7.039783498634004377e-02
1.020769515081264785e+03	2.744506503527012198e-01	1.799383299284321169e-01	2.367966037750594832e-01	1.420441675856433661e-01	6.765762232049557512e-02	2.858450125741932371e-02	7.052812477988253115e-02
1.023188400188092373e+03	2.740222884689558769e-01	1.796766214625375169e-01	2.370593460670691321e-01	1.422073700640208160e-01	6.773301420962130059e-02	2.864335761568118088e-02	7.065800211174780299e-02
1.025607285294920075e+03	2.735958543699373302e-01	1.794150588499166254e-01	2.373209544548040839e-01	1.423704210830922245e-01	6.780827049470807000e-02	2.870197574657741904e-02	7.078746500059795999e-02
1.028026170401747549e+03	2.731713254217361664e-01	1.791536558170771232e-01	2.375814435758277221e-01	1.425333143385864587e-01	6.788338997859486024e-02	2.876035912379903275e-02	7.091651174401235325e-02
1.030445055508575479e+03	2.727486794643069756e-01	1.788924257141763785e-01	2.378408277042217134e-01	1.426960437015966920e-01	6.795837152330216901e-02	2.881851099562935184e-02	7.104514089640048824e-02
1.032863940615402726e+03	2.723278948004477784e-01	1.786313815241410419e-01	2.380991207620749284e-01	1.428586032161137942e-01	6.803321404532933214e-02	2.887643440288099189e-02	7.117335124864583584e-02
1.035282825722230655e+03	2.719089501850319168e-01	1.783705358715697020e-01	2.383563363304221638e-01	1.430209870962377283e-01	6.810791651162105553e-02	2.893413219540707376e-02	7.130114180934399304e-02
1.037701710829058356e+03	2.714918248144853052e-01	1.781099010314232123e-01	2.386124876596807109e-01	1.431831897231437556e-01	6.818247793609166774e-02	2.899160704729943083e-02	7.142851178750957153e-02
1.040120595935886058e+03	2.710764983165058206e-01	1.778494889375079324e-01	2.388675876796263198e-01	1.433452056418651477e-01	6.825689737661429224e-02	2.904886147087773832e-02	7.155546057663643433e-02
1.042539481042713533e+03	2.706629507400191703e-01	1.775893111907565214e-01	2.391216490089455027e-01	1.435070295579445598e-01	6.833117393239830639e-02	2.910589782956523805e-02	7.168198774000439366e-02
1.044958366149541234e+03	2.702511625453665745e-01	1.773293790673113601e-01	2.393746839643958735e-01	1.436686563339947542e-01	6.840530674169122138e-02	2.916271834973918967e-02	7.180809299713471205e-02
1.047377251256368709e+03	2.698411145947195444e-01	1.770697035264148511e-01	2.396267045696024445e-01	1.438300809862033403e-01	6.847929497975245583e-02	2.921932513163719852e-02	7.193377621130378485e-02
1.049796136363196410e+03	2.694327881427167615e-01	1.768102952181115350e-01	2.398777225635153054e-01	1.439912986808089546e-01	6.855313785705496876e-02	2.927572015939418348e-02	7.205903737803195930e-02
1.052215021470024112e+03	2.690261648273180040e-01	1.765511644907661326e-01	2.401277494085503061e-01	1.441523047305711402e-01	6.862683461767851711e-02	2.933190531027886350e-02	7.218387661447069059e-02
1.054633906576851814e+03	2.686212266608717925e-01	1.762923213984021464e-01	2.403767962984329210e-01	1.443130945912516061e-01	6.870038453786442290e-02	2.938788236319308730e-02	7.230829414961773005e-02
1.057052791683679516e+03	2.682179560213901470e-01	1.760337757078650756e-01	2.406248741657622536e-01	1.444736638581217703e-01	6.877378692470680066e-02	2.944365300649249770e-02	7.243229031529511974e-02
1.059471676790506763e+03	2.678163356440280696e-01	1.757755369058144612e-01	2.408719936893120306e-01	1.446340082625072743e-01	6.884704111495941470e-02	2.949921884518228246e-02	7.255586553783009707e-02
1.061890561897334692e+03	2.674163486127614786e-01	1.755176142055486499e-01	2.411181653010819048e-01	1.447941236683792099e-01	6.892014647394092974e-02	2.955458140753750365e-02	7.267902033038392551e-02
1.064309447004162394e+03	2.670179783522600436e-01	1.752600165536667698e-01	2.413633991931129485e-01	1.449540060689982757e-01	6.899310239452424720e-02	2.960974215119370131e-02	7.280175528587762290e-02
1.066728332110990095e+03	2.666212086199506448e-01	1.750027526365709185e-01	2.416077053240787975e-01	1.451136515836176366e-01	6.906590829619792260e-02	2.966470246874972419e-02	7.292407107046795789e-02
1.069147217217817570e+03	2.662260234982670171e-01	1.747458308868132248e-01	2.418510934256631606e-01	1.452730564542483727e-01	6.913856362418978330e-02	2.971946369292154458e-02	7.304596841753047132e-02
1.071566102324645271e+03	2.658324073870815263e-01	1.744892594892908100e-01	2.420935730087341586e-01	1.454322170424903193e-01	6.921106784864435035e-02	2.977402710128262617e-02	7.316744812210977666e-02
1.073984987431472746e+03	2.654403449963144146e-01	1.742330463872927837e-01	2.423351533693242910e-01	1.455911298264303544e-01	6.928342046384729225e-02	2.982839392062373168e-02	7.328851103580071025e-02
1.076403872538300675e+03	2.650498213387174617e-01	1.739771992884022178e-01	2.425758435944246616e-01	1.457497913976093518e-01	6.935562098749108173e-02	2.988256533096233722e-02	7.340915806202640004e-02
1.078822757645127922e+03	2.646608217228273441e-01	1.737217256702572044e-01	2.428156525676013477e-01	1.459081984580586910e-01	6.942766895997701249e-02	2.993654246922955800e-02	7.352939015168237502e-02
1.081241642751955851e+03	2.642733317460851938e-01	1.734666327861736079e-01	2.430545889744409882e-01	1.460663478174062113e-01	6.949956394374948165e-02	2.999032643266014847e-02	7.364920829911787703e-02
1.083660527858783553e+03	2.638873372881183621e-01	1.732119276706335642e-01	2.432926613078332245e-01	1.462242363900515818e-01	6.957130552265930468e-02	3.004391828190924874e-02	7.376861353842820157e-02
1.086079412965611255e+03	2.635028245041807216e-01	1.729576171446423338e-01	2.435298778730953795e-01	1.463818611924106727e-01	6.964289330135302325e-02	3.009731904391756835e-02	7.388760694003379537e-02
1.088498298072438729e+03	2.631197798187479009e-01	1.727037078209570364e-01	2.437662467929462284e-01	1.465392193402280108e-01	6.971432690468584714e-02	3.015052971454506084e-02	7.400618960752340658e-02
1.090917183179266431e+03	2.627381899192639536e-01	1.724502061091898741e-01	2.440017760123339707e-01	1.466963080459568192e-01	6.978560597715621761e-02	3.020355126099152562e-02	7.412436267474112328e-02
1.093336068286093905e+03	2.623580417500357420e-01	1.721971182207893414e-01	2.442364733031241464e-01	1.468531246162049775e-01	6.985673018236022991e-02	3.025638462402109249e-02	7.424212730309788510e-02
1.095754953392921607e+03	2.619793225062719833e-01	1.719444501739020859e-01	2.444703462686522444e-01	1.470096664492461791e-01	6.992769920246444393e-02	3.030903072000625323e-02	7.435948467909024584e-02
1.098173838499749309e+03	2.616020196282629606e-01	1.716922077981180850e-01	2.447034023481458320e-01	1.471659310325949543e-01	6.999851273769575055e-02	3.036149044280580730e-02	7.447643601201003882e-02
1.100592723606577010e+03	2.612261207956985132e-01	1.714403967391022188e-01	2.449356488210210347e-01	1.473219159406441159e-01	7.006917050584725304e-02	3.041376466549002011e-02	7.459298253183024863e-02
1.103011608713404712e+03	2.608516139221201957e-01	1.711890224631150148e-01	2.451670928110571135e-01	1.474776188323634329e-01	7.013967224179919191e-02	3.046585424192512978e-02	7.470912548725328062e-02
1.105430493820231959e+03	2.604784871495052223e-01	1.709380902614245912e-01	2.453977412904538857e-01	1.476330374490579522e-01	7.021001769705417783e-02	3.051776000822855467e-02	7.482486614390899959e-02
1.107849378927059888e+03	2.601067288429784186e-01	1.706876052546132949e-01	2.456276010837750712e-01	1.477881696121848276e-01	7.028020663928571943e-02	3.056948278410502942e-02	7.494020578269096344e-02
1.110268264033887590e+03	2.597363275856500175e-01	1.704375723967808121e-01	2.458566788717822249e-01	1.479430132212270210e-01	7.035023885189983783e-02	3.062102337407329039e-02	7.505514569822012427e-02
1.112687149140715292e+03	2.593672721735753028e-01	1.701879964796464417e-01	2.460849811951620336e-01	1.480975662516226810e-01	7.042011413360876881e-02	3.067238256859202220e-02	7.516968719742601890e-02
1.115106034247542766e+03	2.589995516108345441e-01	1.699388821365533653e-01	2.463125144581506387e-01	1.482518267527485889e-01	7.048983229801651651e-02	3.072356114509319433e-02	7.528383159823648363e-02
1.117524919354370468e+03	2.586331551047288402e-01	1.696902338463762705e-01	2.465392849320584279e-01	1.484057928459565356e-01	7.055939317321571758e-02	3.077455986893019857e-02	7.539758022836733076e-02
1.119943804461197942e+03	2.582680720610907588e-01	1.694420559373359669e-01	2.467652987586981261e-01	1.485594627226611009e-01	7.062879660139535776e-02	3.082537949424762544e-02	7.551093442420439561e-02
1.122362689568025871e+03	2.579042920797056659e-01	1.691943525907217971e-01	2.469905619537191843e-01	1.487128346424778091e-01	7.069804243845896619e-02	3.087602076477902191e-02	7.562389552977084872e-02
1.124781574674853118e+03	2.575418049498423012e-01	1.689471278445253410e-01	2.472150804098515731e-01	1.488659069314097749e-01	7.076713055365302374e-02	3.092648441457835837e-02	7.573646489577294527e-02
1.127200459781681047e+03	2.571806006458888794e-01	1.687003855969863853e-01	2.474388599000614530e-01	1.490186779800822814e-01	7.083606082920512748e-02	3.097677116869066577e-02	7.584864387871842473e-02
1.129619344888508749e+03	2.568206693230936644e-01	1.684541296100542929e-01	2.476619060806215522e-01	1.491711462420234613e-01	7.090483315997168912e-02	3.102688174376662736e-02	7.596043384010192634e-02
1.132038229995336451e+03	2.564620013134056298e-01	1.682083635127659127e-01	2.478842244940987205e-01	1.493233102319901917e-01	7.097344745309486225e-02	3.107681684862576010e-02	7.607183614565213303e-02
1.134457115102163925e+03	2.561045871214150393e-01	1.679630908045426085e-01	2.481058205722609933e-01	1.494751685243379258e-01	7.104190362766836520e-02	3.112657718477228677e-02	7.618285216463600851e-02
1.136876000208991627e+03	2.557484174203894511e-01	1.677183148584082406e-01	2.483266996389068282e-01	1.496267197514332958e-01	7.111020161441207466e-02	3.117616344686755317e-02	7.629348326921574219e-02
1.139294885315819101e+03	2.553934830484047569e-01	1.674740389241296257e-01	2.485468669126184860e-01	1.497779626021083221e-01	7.117834135535504314e-02	3.122557632316252246e-02	7.640373083385437747e-02
1.141713770422646803e+03	2.550397750045677037e-01	1.672302661312817795e-01	2.487663275094419146e-01	1.499288958201551447e-01	7.124632280352671820e-02	3.127481649589362173e-02	7.651359623476629290e-02
1.144132655529474505e+03	2.546872844453278995e-01	1.669869994922394962e-01	2.489850864454951906e-01	1.500795182028602792e-01	7.131414592265611363e-02	3.132388464164485159e-02	7.662308084940933073e-02
1.146551540636302207e+03	2.543360026808783037e-01	1.667442419050971514e-01	2.492031486395075435e-01	1.502298285995771754e-01	7.138181068687887709e-02	3.137278143167899352e-02	7.673218605601507536e-02
1.148970425743129908e+03	2.539859211716404275e-01	1.665019961565182560e-01	2.494205189152909619e-01	1.503798259103363844e-01	7.144931708045183794e-02	3.142150753224040582e-02	7.684091323315479782e-02
1.151389310849957155e+03	2.536370315248334117e-01	1.662602649245167319e-01	2.496372020041464079e-01	1.505295090844918915e-01	7.151666509747493794e-02	3.147006360483176057e-02	7.694926375933791585e-02
1.153808195956785084e+03	2.532893254911246506e-01	1.660190507811711569e-01	2.498532025472062490e-01	1.506788771194029208e-01	7.158385474162036466e-02	3.151845030646680673e-02	7.705723901264081854e-02
1.156227081063612786e+03	2.529427949613599069e-01	1.657783561952740625e-01	2.500685250977148222e-01	1.508279290591505450e-01	7.165088602586866529e-02	3.156666828990120632e-02	7.716484037036369648e-02
1.158645966170440488e+03	2.525974319633713105e-01	1.655381835349173103e-01	2.502831741232488527e-01	1.509766639932874077e-01	7.171775897225167451e-02	3.161471820384322007e-02	7.727206920871311502e-02
1.161064851277267962e+03	2.522532286588607398e-01	1.652985350700156009e-01	2.504971540078794745e-01	1.511250810556205304e-01	7.178447361160208984e-02	3.166260069314590087e-02	7.737892690250855465e-02
1.163483736384095664e+03	2.519101773403579214e-01	1.650594129747690320e-01	2.507104690542771852e-01	1.512731794230257332e-01	7.185102998330950008e-02	3.171031639898234250e-02	7.748541482491114185e-02
1.165902621490923138e+03	2.515682704282503068e-01	1.648208193300667590e-01	2.509231234857617898e-01	1.514209583142931970e-01	7.191742813508272825e-02	3.175786595900541298e-02	7.759153434717264153e-02
1.168321506597751068e+03	2.512275004678837242e-01	1.645827561258327576e-01	2.511351214482981931e-01	1.515684169890030297e-01	7.198366812271828064e-02	3.180525000749322151e-02	7.769728683840357308e-02
1.170740391704578315e+03	2.508878601267319208e-01	1.643452252633151034e-01	2.513464670124402334e-01	1.517155547464303922e-01	7.204975000987484668e-02	3.185246917548158196e-02	7.780267366535871532e-02
1.173159276811406244e+03	2.505493421916331620e-01	1.641082285573202681e-01	2.515571641752233356e-01	1.518623709244791009e-01	7.211567386785357192e-02	3.189952409088449292e-02	7.790769619223886222e-02
1.175578161918233945e+03	2.502119395660926116e-01	1.638717677383938198e-01	2.517672168620078699e-01	1.520088648986431534e-01	7.218143977538400702e-02	3.194641537860370278e-02	7.801235578050756680e-02
1.177997047025061647e+03	2.498756452676490214e-01	1.636358444549484426e-01	2.519766289282742155e-01	1.521550360809952873e-01	7.224704781841564949e-02	3.199314366062824821e-02	7.811665378872181820e-02
1.180415932131889122e+03	2.495404524253034273e-01	1.634004602753409419e-01	2.521854041613710296e-01	1.523008839192020458e-01	7.231249808991480066e-02	3.203970955612485405e-02	7.822059157237554183e-02
1.182834817238716823e+03	2.492063542770092954e-01	1.631656166898992066e-01	2.523935462822178843e-01	1.524464078955643787e-01	7.237779068966680718e-02	3.208611368151996490e-02	7.832417048375507618e-02
1.185253702345544298e+03	2.488733441672222324e-01	1.629313151129004877e-01	2.526010589469633860e-01	1.525916075260835558e-01	7.244292572408321529e-02	3.213235665057408152e-02	7.842739187180568228e-02
1.187672587452371999e+03	2.485414155445077322e-01	1.626975568845017983e-01	2.528079457486003823e-01	1.527364823595511178e-01	7.250790330601419864e-02	3.217843907444913054e-02	7.853025708200821187e-02
1.190091472559199701e+03	2.482105619592057943e-01	1.624643432726242953e-01	2.530142102185389819e-01	1.528810319766629455e-01	7.257272355456559354e-02	3.222436156176947120e-02	7.863276745626547604e-02
1.192510357666027403e+03	2.478807770611509975e-01	1.622316754747919754e-01	2.532198558281386069e-01	1.530252559891559505e-01	7.263738659492080529e-02	3.227012471867702487e-02	7.873492433279717650e-02
1.194929242772855105e+03	2.475520545974467523e-01	1.619995546199261838e-01	2.534248859902002438e-01	1.531691540389677197e-01	7.270189255816730811e-02	3.231572914888113102e-02	7.883672904604321907e-02
1.197348127879682352e+03	2.472243884102919564e-01	1.617679817700969358e-01	2.536293040604200022e-01	1.533127257974178648e-01	7.276624158112768304e-02	3.236117545370351817e-02	7.893818292657452107e-02
1.199767012986510281e+03	2.468977724348599412e-01	1.615369579222321605e-01	2.538331133388048721e-01	1.534559709644107428e-01	7.283043380619497187e-02	3.240646423211890337e-02	7.903928730101086875e-02
1.202185898093337983e+03	2.465722006972271008e-01	1.613064840097854780e-01	2.540363170710517315e-01	1.535988892676589668e-01	7.289446938117233321e-02	3.245159608079153241e-02	7.914004349194528332e-02
1.204604783200165684e+03	2.462476673123508153e-01	1.610765609043642022e-01	2.542389184498907717e-01	1.537414804619271214e-01	7.295834845911687572e-02	3.249657159410809792e-02	7.924045281787450712e-02
1.207023668306993159e+03	2.459241664820955575e-01	1.608471894173178207e-01	2.544409206163937842e-01	1.538837443282952133e-01	7.302207119818754366e-02	3.254139136420731299e-02	7.934051659313519356e-02
1.209442553413820860e+03	2.456016924933055734e-01	1.606183703012883102e-01	2.546423266612485858e-01	1.540256806734413286e-01	7.308563776149697155e-02	3.258605598100648704e-02	7.944023612784516242e-02
1.211861438520648335e+03	2.452802397159233039e-01	1.603901042517231479e-01	2.548431396260006920e-01	1.541672893289429969e-01	7.314904831696712739e-02	3.263056603222535407e-02	7.953961272784976222e-02
1.214280323627476264e+03	2.449598026011524099e-01	1.601623919083516867e-01	2.550433625042627939e-01	1.543085701505966800e-01	7.321230303718875843e-02	3.267492210340743747e-02	7.963864769467261795e-02
1.216699208734303511e+03	2.446403756796643181e-01	1.599352338566260856e-01	2.552429982428925381e-01	1.544495230177550804e-01	7.327540209928454229e-02	3.271912477793915280e-02	7.973734232547062539e-02
1.219118093841131440e+03	2.443219535598473713e-01	1.597086306291274904e-01	2.554420497431403869e-01	1.545901478326815737e-01	7.333834568477565208e-02	3.276317463706689831e-02	7.983569791299297003e-02
1.221536978947959142e+03	2.440045309260973072e-01	1.594825827069381585e-01	2.556405198617672236e-01	1.547304445199216560e-01	7.340113397945194351e-02	3.280707225991230658e-02	7.993371574554369863e-02
1.223955864054786844e+03	2.436881025371481491e-01	1.592570905209807208e-01	2.558384114121337038e-01	1.548704130256906009e-01	7.346376717324544503e-02	3.285081822348585867e-02	8.003139710694776032e-02
1.226374749161614318e+03	2.433726632244429811e-01	1.590321544533248310e-01	2.560357271652607958e-01	1.550100533172772133e-01	7.352624546010713691e-02	3.289441310269901331e-02	8.012874327652028117e-02
1.228793634268442020e+03	2.430582078905429155e-01	1.588077748384625620e-01	2.562324698508632870e-01	1.551493653824628782e-01	7.358856903788696391e-02	3.293785747037498990e-02	8.022575552903868368e-02
1.231212519375269494e+03	2.427447315075737522e-01	1.585839519645529105e-01	2.564286421583566455e-01	1.552883492289559575e-01	7.365073810821698430e-02	3.298115189725838586e-02	8.032243513471767904e-02
1.233631404482097196e+03	2.424322291157098297e-01	1.583606860746361589e-01	2.566242467378374581e-01	1.554270048838408691e-01	7.371275287639748874e-02	3.302429695202369758e-02	8.041878335918679899e-02
1.236050289588924898e+03	2.421206958216930716e-01	1.581379773678191492e-01	2.568192862010391653e-01	1.555653323930414056e-01	7.377461355128622777e-02	3.306729320128290461e-02	8.051480146347038402e-02
1.238469174695752372e+03	2.418101267973875868e-01	1.579158260004316916e-01	2.570137631222624841e-01	1.557033318207982353e-01	7.383632034519033160e-02	3.311014120959220736e-02	8.061049070396979210e-02
1.240888059802580301e+03	2.415005172783681875e-01	1.576942320871551895e-01	2.572076800392822382e-01	1.558410032491597541e-01	7.389787347376124138e-02	3.315284153945801532e-02	8.070585233244766121e-02
1.243306944909407548e+03	2.411918625625423807e-01	1.574731957021239803e-01	2.574010394542307623e-01	1.559783467774863708e-01	7.395927315589223561e-02	3.319539475134224843e-02	8.080088759601430914e-02
1.245725830016235477e+03	2.408841580088048329e-01	1.572527168799999486e-01	2.575938438344582693e-01	1.561153625219676988e-01	7.402051961361871824e-02	3.323780140366712488e-02	8.089559773711574309e-02
1.248144715123063179e+03	2.405773990357237269e-01	1.570327956170212425e-01	2.577860956133709580e-01	1.562520506151522381e-01	7.408161307202107415e-02	3.328006205281932445e-02	8.098998399352368149e-02
1.250563600229890881e+03	2.402715811202581209e-01	1.568134318720257880e-01	2.579777971912482482e-01	1.563884112054893250e-01	7.414255375912999491e-02	3.332217725315385348e-02	8.108404759832688047e-02
1.252982485336718355e+03	2.399666997965055060e-01	1.565946255674497412e-01	2.581689509360378665e-01	1.565244444568830440e-01	7.420334190583442735e-02	3.336414755699738943e-02	8.117778977992420875e-02
1.255401370443546057e+03	2.396627506544789787e-01	1.563763765903019576e-01	2.583595591841312822e-01	1.566601505482577983e-01	7.426397774579172884e-02	3.340597351465135478e-02	8.127121176201902719e-02
1.257820255550373531e+03	2.393597293389134184e-01	1.561586847931149824e-01	2.585496242411185475e-01	1.567955296731350368e-01	7.432446151534037593e-02	3.344765567439474813e-02	8.136431476361498383e-02
1.260239140657201460e+03	2.390576315480995029e-01	1.559415499948727524e-01	2.587391483825241534e-01	1.569305820392211670e-01	7.438479345341478255e-02	3.348919458248666992e-02	8.145709999901293297e-02
1.262658025764028707e+03	2.387564530327456469e-01	1.557249719819161771e-01	2.589281338545237898e-01	1.570653078680061265e-01	7.444497380146238019e-02	3.353059078316869557e-02	8.154956867780913110e-02
1.265076910870856636e+03	2.384561895948662802e-01	1.555089505088265434e-01	2.591165828746422872e-01	1.571997073943723622e-01	7.450500280336296022e-02	3.357184481866707509e-02	8.164172200489448750e-02
1.267495795977684338e+03	2.381568370866967432e-01	1.552934852992875481e-01	2.593044976324339612e-01	1.573337808662141069e-01	7.456488070534997292e-02	3.361295722919482865e-02	8.173356118045488339e-02
1.269914681084511813e+03	2.378583914096335794e-01	1.550785760469264862e-01	2.594918802901454713e-01	1.574675285440664818e-01	7.462460775593401929e-02	3.365392855295368940e-02	8.182508739997237934e-02
1.272333566191339514e+03	2.375608485131997516e-01	1.548642224161351222e-01	2.596787329833610825e-01	1.576009507007443688e-01	7.468418420582821626e-02	3.369475932613608116e-02	8.191630185422743571e-02
1.274752451298167216e+03	2.372642043940343670e-01	1.546504240428706045e-01	2.598650578216321616e-01	1.577340476209903863e-01	7.474361030787560201e-02	3.373545008292693631e-02	8.200720572930193797e-02
1.277171336404994690e+03	2.369684550949059942e-01	1.544371805354368965e-01	2.600508568890895766e-01	1.578668196011324965e-01	7.480288631697841473e-02	3.377600135550556243e-02	8.209780020658301314e-02
1.279590221511822392e+03	2.366735967037492949e-01	1.542244914752473051e-01	2.602361322450407743e-01	1.579992669487501888e-01	7.486201249002924496e-02	3.381641367404749493e-02	8.218808646276765106e-02
1.282009106618650094e+03	2.363796253527243596e-01	1.540123564175684967e-01	2.604208859245514263e-01	1.581313899823494074e-01	7.492098908584385319e-02	3.385668756672634977e-02	8.227806566986801962e-02
1.284427991725477568e+03	2.360865372172980259e-01	1.538007748922465556e-01	2.606051199390123085e-01	1.582631890310460254e-01	7.497981636509593040e-02	3.389682355971568306e-02	8.236773899521741826e-02
1.286846876832305497e+03	2.357943285153469015e-01	1.535897464044151672e-01	2.607888362766909163e-01	1.583946644342575927e-01	7.503849459025344060e-02	3.393682217719096866e-02	8.245710760147692553e-02
1.289265761939132744e+03	2.355029955062813984e-01	1.533792704351868985e-01	2.609720369032698661e-01	1.585258165414029363e-01	7.509702402551668432e-02	3.397668394133152026e-02	8.254617264664262932e-02
1.291684647045960673e+03	2.352125344901903892e-01	1.531693464423273532e-01	2.611547237623703666e-01	1.586566457116098117e-01	7.515540493675794409e-02	3.401640937232259382e-02	8.263493528405338462e-02
1.294103532152788375e+03	2.349229418070059305e-01	1.529599738609133952e-01	2.613368987760631978e-01	1.587871523134299911e-01	7.521363759146272587e-02	3.405599898835746236e-02	8.272339666239915401e-02
1.296522417259616077e+03	2.346342138356874718e-01	1.527511521039747466e-01	2.615185638453657591e-01	1.589173367245618751e-01	7.527172225867251321e-02	3.409545330563962251e-02	8.281155792572979235e-02
1.298941302366443551e+03	2.343463469934253529e-01	1.525428805631205975e-01	2.616997208507269024e-01	1.590471993315803190e-01	7.532965920892910339e-02	3.413477283838510512e-02	8.289942021346437262e-02
1.301360187473271253e+03	2.340593377348629545e-01	1.523351586091505894e-01	2.618803716524988889e-01	1.591767405296733717e-01	7.538744871422027594e-02	3.417395809882482760e-02	8.298698466040090038e-02
1.303779072580098727e+03	2.337731825513368611e-01	1.521279855926510050e-01	2.620605180913972987e-01	1.593059607223860918e-01	7.544509104792695986e-02	3.421300959720709189e-02	8.307425239672645845e-02
1.306197957686926657e+03	2.334878779701351492e-01	1.519213608445765251e-01	2.622401619889494495e-01	1.594348603213708859e-01	7.550258648477177481e-02	3.425192784180013800e-02	8.316122454802782338e-02
1.308616842793753904e+03	2.332034205537729388e-01	1.517152836768176638e-01	2.624193051479307148e-01	1.595634397461443699e-01	7.555993530076887676e-02	3.429071333889485707e-02	8.324790223530233180e-02
1.311035727900581833e+03	2.329198068992845150e-01	1.515097533827545750e-01	2.625979493527900166e-01	1.596916994238506693e-01	7.561713777317519147e-02	3.432936659280758085e-02	8.333428657496917691e-02
1.313454613007409534e+03	2.326370336375326864e-01	1.513047692377971487e-01	2.627760963700642716e-01	1.598196397890306875e-01	7.567419418044286916e-02	3.436788810588297521e-02	8.342037867888105196e-02
1.315873498114237009e+03	2.323550974325336582e-01	1.511003304999120334e-01	2.629537479487822904e-01	1.599472612833976182e-01	7.573110480217298823e-02	3.440627837849705856e-02	8.350617965433607126e-02
1.318292383221064711e+03	2.320739949807981706e-01	1.508964364101367528e-01	2.631309058208578522e-01	1.600745643556180930e-01	7.578786991907046633e-02	3.444453790906033819e-02	8.359169060409002427e-02
1.320711268327892412e+03	2.317937230106875413e-01	1.506930861930813881e-01	2.633075717014733974e-01	1.602015494610992408e-01	7.584448981290017877e-02	3.448266719402103692e-02	8.367691262636890726e-02
1.323130153434719887e+03	2.315142782817852796e-01	1.504902790574179083e-01	2.634837472894530630e-01	1.603282170617811586e-01	7.590096476644422885e-02	3.452066672786846535e-02	8.376184681488162143e-02
1.325549038541547588e+03	2.312356575842828554e-01	1.502880141963574556e-01	2.636594342676268909e-01	1.604545676259347409e-01	7.595729506346025894e-02	3.455853700313646359e-02	8.384649425883308749e-02
1.327967923648375290e+03	2.309578577383800402e-01	1.500862907881161112e-01	2.638346343031850449e-01	1.605806016279650583e-01	7.601348098864099678e-02	3.459627851040703028e-02	8.393085604293752666e-02
1.330386808755202765e+03	2.306808755936993749e-01	1.498851079963691990e-01	2.640093490480232563e-01	1.607063195482194284e-01	7.606952282757471762e-02	3.463389173831395856e-02	8.401493324743188051e-02
1.332805693862030694e+03	2.304047080287138227e-01	1.496844649706945696e-01	2.641835801390794991e-01	1.608317218728009257e-01	7.612542086670685826e-02	3.467137717354665943e-02	8.409872694808960547e-02
1.335224578968857941e+03	2.301293519501880769e-01	1.494843608470047269e-01	2.643573291986615059e-01	1.609568090933864715e-01	7.618117539330250543e-02	3.470873530085407527e-02	8.418223821623448122e-02
1.337643464075685870e+03	2.298548042926330248e-01	1.492847947479688242e-01	2.645305978347666231e-01	1.610815817070497813e-01	7.623678669541000819e-02	3.474596660304871826e-02	8.426546811875482157e-02
1.340062349182513572e+03	2.295810620177722861e-01	1.490857657834238903e-01	2.647033876413929510e-01	1.612060402160888639e-01	7.629225506182545080e-02	3.478307156101073661e-02	8.434841771811764366e-02
1.342481234289341273e+03	2.293081221140218506e-01	1.488872730507762032e-01	2.648757001988421012e-01	1.613301851278581556e-01	7.634758078205811094e-02	3.482005065369221664e-02	8.443108807238314251e-02
1.344900119396168748e+03	2.290359815959812362e-01	1.486893156353927825e-01	2.650475370740154601e-01	1.614540169546048176e-01	7.640276414629677826e-02	3.485690435812145715e-02	8.451348023521927655e-02
1.347319004502996449e+03	2.287646375039367463e-01	1.484918926109831949e-01	2.652188998207014037e-01	1.615775362133094750e-01	7.645780544537700285e-02	3.489363314940741034e-02	8.459559525591651974e-02
1.349737889609823924e+03	2.284940869033763033e-01	1.482950030399721175e-01	2.653897899798561277e-01	1.617007434255310350e-01	7.651270497074914856e-02	3.493023750074423367e-02	8.467743417940273853e-02
1.352156774716651853e+03	2.282243268845152717e-01	1.480986459738624361e-01	2.655602090798769299e-01	1.618236391172556410e-01	7.656746301444732061e-02	3.496671788341588344e-02	8.475899804625815215e-02
1.354575659823479100e+03	2.279553545618333843e-01	1.479028204535898505e-01	2.657301586368683854e-01	1.619462238187494574e-01	7.662207986905911206e-02	3.500307476680086793e-02	8.484028789273052873e-02
1.356994544930307029e+03	2.276871670736224096e-01	1.477075255098684037e-01	2.658996401549019173e-01	1.620684980644153117e-01	7.667655582769615508e-02	3.503930861837700750e-02	8.492130475075038154e-02
1.359413430037134731e+03	2.274197615815443663e-01	1.475127601635275454e-01	2.660686551262684829e-01	1.621904623926531119e-01	7.673089118396539399e-02	3.507541990372636115e-02	8.500204964794631779e-02
1.361832315143962205e+03	2.271531352701996187e-01	1.473185234258411191e-01	2.662372050317250438e-01	1.623121173457238997e-01	7.678508623194116312e-02	3.511140908654020176e-02	8.508252360766054012e-02
1.364251200250789907e+03	2.268872853467053807e-01	1.471248142988479668e-01	2.664052913407343737e-01	1.624334634696174839e-01	7.683914126613795859e-02	3.514727662862409535e-02	8.516272764896432035e-02
1.366670085357617609e+03	2.266222090402836009e-01	1.469316317756647061e-01	2.665729155116992044e-01	1.625545013139235162e-01	7.689305658148393174e-02	3.518302298990300808e-02	8.524266278667362584e-02
1.369088970464445310e+03	2.263579036018584789e-01	1.467389748407908479e-01	2.667400789921897664e-01	1.626752314317057857e-01	7.694683247329518749e-02	3.521864862842657984e-02	8.532233003136491245e-02
1.371507855571272785e+03	2.260943663036632800e-01	1.465468424704062245e-01	2.669067832191662215e-01	1.627956543793801225e-01	7.700046923725056836e-02	3.525415400037437003e-02	8.540173038939079253e-02
1.373926740678100487e+03	2.258315944388561425e-01	1.463552336326612857e-01	2.670730296191945463e-01	1.629157707165950764e-01	7.705396716936724344e-02	3.528953956006129072e-02	8.548086486289598052e-02
1.376345625784927961e+03	2.255695853211447666e-01	1.461641472879599002e-01	2.672388196086579182e-01	1.630355810061160371e-01	7.710732656597685253e-02	3.532480575994300515e-02	8.555973444983312748e-02
1.378764510891755890e+03	2.253083362844197080e-01	1.459735823892354956e-01	2.674041545939614961e-01	1.631550858137122417e-01	7.716054772370238568e-02	3.535995305062147182e-02	8.563834014397883609e-02
1.381183395998583137e+03	2.250478446823959422e-01	1.457835378822200101e-01	2.675690359717331490e-01	1.632742857080467513e-01	7.721363093943553468e-02	3.539498188085048874e-02	8.571668293494968949e-02
1.383602281105411066e+03	2.247881078882630612e-01	1.455940127057065159e-01	2.677334651290181888e-01	1.633931812605693423e-01	7.726657651031479390e-02	3.542989269754136250e-02	8.579476380821830783e-02
1.386021166212238768e+03	2.245291232943429638e-01	1.454050057918049033e-01	2.678974434434694407e-01	1.635117730454121454e-01	7.731938473370399134e-02	3.546468594576860506e-02	8.587258374512943271e-02
1.388440051319066470e+03	2.242708883117557617e-01	1.452165160661916532e-01	2.680609722835326503e-01	1.636300616392879770e-01	7.737205590717149972e-02	3.549936206877570000e-02	8.595014372291616411e-02
1.390858936425893944e+03	2.240134003700932075e-01	1.450285424483531149e-01	2.682240530086267838e-01	1.637480476213914460e-01	7.742459032846989164e-02	3.553392150798089649e-02	8.602744471471605869e-02
1.393277821532721646e+03	2.237566569170995334e-01	1.448410838518226218e-01	2.683866869693198876e-01	1.638657315733025310e-01	7.747698829551620536e-02	3.556836470298312819e-02	8.610448768958745003e-02
1.395696706639549120e+03	2.235006554183596728e-01	1.446541391844121394e-01	2.685488755075004508e-01	1.639831140788927388e-01	7.752925010637276571e-02	3.560269209156789738e-02	8.618127361252560237e-02
1.398115591746377049e+03	2.232453933569944760e-01	1.444677073484375851e-01	2.687106199565447162e-01	1.641001957242337328e-01	7.758137605922837965e-02	3.563690410971326328e-02	8.625780344447903092e-02
1.400534476853204296e+03	2.229908682333630321e-01	1.442817872409390134e-01	2.688719216414789392e-01	1.642169770975082377e-01	7.763336645238018419e-02	3.567100119159586497e-02	8.633407814236580824e-02
1.402953361960032225e+03	2.227370775647716516e-01	1.440963777538949442e-01	2.690327818791383718e-01	1.643334587889233867e-01	7.768522158421584112e-02	3.570498376959698600e-02	8.641009865908984289e-02
1.405372247066859927e+03	2.224840188851893441e-01	1.439114777744315010e-01	2.691932019783216390e-01	1.644496413906263999e-01	7.773694175319625921e-02	3.573885227430866063e-02	8.648586594355724133e-02
1.407791132173687402e+03	2.222316897449701234e-01	1.437270861850262482e-01	2.693531832399411741e-01	1.645655254966222059e-01	7.778852725783880206e-02	3.577260713453983554e-02	8.656138094069258659e-02
1.410210017280515103e+03	2.219800877105813086e-01	1.435432018637068929e-01	2.695127269571704343e-01	1.646811117026935056e-01	7.783997839670089847e-02	3.580624877732254546e-02	8.663664459145534180e-02
1.412628902387342805e+03	2.217292103643379586e-01	1.433598236842450746e-01	2.696718344155866753e-01	1.647964006063228071e-01	7.789129546836411067e-02	3.583977762791814431e-02	8.671165783285615658e-02
1.415047787494170507e+03	2.214790553041436627e-01	1.431769505163452139e-01	2.698305068933103401e-01	1.649113928066163748e-01	7.794247877141857739e-02	3.587319410982356405e-02	8.678642159797321509e-02
1.417466672600997981e+03	2.212296201432366605e-01	1.429945812258286986e-01	2.699887456611408942e-01	1.650260889042304280e-01	7.799352860444792868e-02	3.590649864477762909e-02	8.686093681596859795e-02
1.419885557707825683e+03	2.209809025099423174e-01	1.428127146748132403e-01	2.701465519826895534e-01	1.651404895012991147e-01	7.804444526601461707e-02	3.593969165276736377e-02	8.693520441210464411e-02
1.422304442814653157e+03	2.207329000474306246e-01	1.426313497218879567e-01	2.703039271145078470e-01	1.652545952013643460e-01	7.809522905464551246e-02	3.597277355203434834e-02	8.700922530776024344e-02
1.424723327921481086e+03	2.204856104134793882e-01	1.424504852222838736e-01	2.704608723062137399e-01	1.653684066093075444e-01	7.814588026881805205e-02	3.600574475908109584e-02	8.708300042044719858e-02
1.427142213028308333e+03	2.202390312802429695e-01	1.422701200280401257e-01	2.706173888006140338e-01	1.654819243312831700e-01	7.819639920694659851e-02	3.603860568867748443e-02	8.715653066382651748e-02
1.429561098135136262e+03	2.199931603340258279e-01	1.420902529881659937e-01	2.707734778338238835e-01	1.655951489746539107e-01	7.824678616736926995e-02	3.607135675386717588e-02	8.722981694772476147e-02
1.431979983241963964e+03	2.197479952750613641e-01	1.419108829487988055e-01	2.709291406353834253e-01	1.657080811479277604e-01	7.829704144833510293e-02	3.610399836597406875e-02	8.730286017815026833e-02
1.434398868348791666e+03	2.195035338172957873e-01	1.417320087533577855e-01	2.710843784283708535e-01	1.658207214606965407e-01	7.834716534799152088e-02	3.613653093460877930e-02	8.737566125730948652e-02
1.436817753455619140e+03	2.192597736881765902e-01	1.415536292426941289e-01	2.712391924295135537e-01	1.659330705235760040e-01	7.839715816437209384e-02	3.616895486767513629e-02	8.744822108362323987e-02
1.439236638562446842e+03	2.190167126284458810e-01	1.413757432552370796e-01	2.713935838492954611e-01	1.660451289481479076e-01	7.844702019538482562e-02	3.620127057137670357e-02	8.752054055174286751e-02
1.441655523669274316e+03	2.187743483919384890e-01	1.411983496271364547e-01	2.715475538920624765e-01	1.661568973469030319e-01	7.849675173880046875e-02	3.623347845022331648e-02	8.759262055256653023e-02
1.444074408776102018e+03	2.185326787453842345e-01	1.410214471924014223e-01	2.717011037561247178e-01	1.662683763331861131e-01	7.854635309224138051e-02	3.626557890703758363e-02	8.766446197325536427e-02
1.446493293882929493e+03	2.182917014682148604e-01	1.408450347830356719e-01	2.718542346338564952e-01	1.663795665211421082e-01	7.859582455317061511e-02	3.629757234296150659e-02	8.773606569724960724e-02
1.448912178989757422e+03	2.180514143523751558e-01	1.406691112291693080e-01	2.720069477117935675e-01	1.664904685256637928e-01	7.864516641888115445e-02	3.632945915746302323e-02	8.780743260428479358e-02
1.451331064096585123e+03	2.178118152021382703e-01	1.404936753591872478e-01	2.721592441707282317e-01	1.666010829623408573e-01	7.869437898648573571e-02	3.636123974834258588e-02	8.787856357040781108e-02
1.453749949203412370e+03	2.175729018339252752e-01	1.403187259998542602e-01	2.723111251858016391e-01	1.667114104474101965e-01	7.874346255290662344e-02	3.639291451173976011e-02	8.794945946799297143e-02
1.456168834310240300e+03	2.173346720761283324e-01	1.401442619764369513e-01	2.724625919265938334e-01	1.668214515977077261e-01	7.879241741486589512e-02	3.642448384213982371e-02	8.802012116575810841e-02
1.458587719417068001e+03	2.170971237689382216e-01	1.399702821128223917e-01	2.726136455572121253e-01	1.669312070306211981e-01	7.884124386887587932e-02	3.645594813238037940e-02	8.809054952878049571e-02
1.461006604523895703e+03	2.168602547641753642e-01	1.397967852316339132e-01	2.727642872363762461e-01	1.670406773640444320e-01	7.888994221122988537e-02	3.648730777365797456e-02	8.816074541851288970e-02
1.463425489630723177e+03	2.166240629251246497e-01	1.396237701543437681e-01	2.729145181175022805e-01	1.671498632163327391e-01	7.893851273799312729e-02	3.651856315553470012e-02	8.823070969279939169e-02
1.465844374737550879e+03	2.163885461263740373e-01	1.394512357013827919e-01	2.730643393487840465e-01	1.672587652062595132e-01	7.898695574499395300e-02	3.654971466594483104e-02	8.830044320589146289e-02
1.468263259844378354e+03	2.161537022536564601e-01	1.392791806922474562e-01	2.732137520732723646e-01	1.673673839529739027e-01	7.903527152781536502e-02	3.658076269120143914e-02	8.836994680846364802e-02
1.470682144951206283e+03	2.159195292036953373e-01	1.391076039456039526e-01	2.733627574289526074e-01	1.674757200759595943e-01	7.908346038178658277e-02	3.661170761600304052e-02	8.843922134762949305e-02
1.473101030058033530e+03	2.156860248840534455e-01	1.389365042793896110e-01	2.735113565488202503e-01	1.675837741949947890e-01	7.913152260197503507e-02	3.664254982344018752e-02	8.850826766695728265e-02
1.475519915164861459e+03	2.154531872129850090e-01	1.387658805109115989e-01	2.736595505609544232e-01	1.676915469301132056e-01	7.917945848317842206e-02	3.667328969500214392e-02	8.857708660648577759e-02
1.477938800271689161e+03	2.152210141192911486e-01	1.385957314569432886e-01	2.738073405885895761e-01	1.677990389015660555e-01	7.922726831991709628e-02	3.670392761058346998e-02	8.864567900273992440e-02
1.480357685378516862e+03	2.149895035421783840e-01	1.384260559338177099e-01	2.739547277501856448e-01	1.679062507297849893e-01	7.927495240642661034e-02	3.673446394849066987e-02	8.871404568874646790e-02
1.482776570485344337e+03	2.147586534311202167e-01	1.382568527575188666e-01	2.741017131594962741e-01	1.680131830353461808e-01	7.932251103665047265e-02	3.676489908544880447e-02	8.878218749404961918e-02
