1.001418434226643626e+03	2.779751215847701684e-01	1.820579537554797567e-01	2.346680157522851307e-01	1.407582331344564563e-01	6.707129631174497952e-02	2.796881346731072346e-02	6.950056599358593601e-02
1.002869765290740247e+03	2.777082712764497030e-01	1.819007669029767682e-01	2.348320288147568158e-01	1.408572129953638286e-01	6.711727437170134092e-02	2.800527622384752294e-02	6.957916941453723414e-02
1.004321096354836754e+03	2.774421824421507421e-01	1.817435891855381236e-01	2.349956069214965693e-01	1.409561595383096444e-01	6.716321035075288604e-02	2.804163804374146252e-02	6.965761351764383769e-02
1.005772427418933376e+03	2.771768493836461178e-01	1.815864241993666583e-01	2.351587540701846890e-01	1.410550711143798430e-01	6.720910385694912892e-02	2.807789991142120231e-02	6.973589746368566433e-02
1.007223758483029997e+03	2.769122664755441221e-01	1.814292754835480082e-01	2.353214741772090557e-01	1.411539460988576744e-01	6.725495451530773272e-02	2.811406277277549159e-02	6.981402047639131969e-02
1.008675089547126618e+03	2.766484281642491716e-01	1.812721465208728955e-01	2.354837710799800587e-01	1.412527828915401962e-01	6.730076196640649711e-02	2.815012753702761383e-02	6.989198183955698529e-02
1.010126420611223239e+03	2.763853289669380153e-01	1.811150407386473704e-01	2.356456485391457134e-01	1.413515799169615395e-01	6.734652586512498984e-02	2.818609507852076757e-02	6.996978089429499448e-02
1.011577751675319632e+03	2.761229634705505975e-01	1.809579615094915606e-01	2.358071102407133246e-01	1.414503356245338239e-01	6.739224587951930801e-02	2.822196623841860194e-02	7.004741703640619821e-02
1.013029082739416367e+03	2.758613263307957419e-01	1.808009121521267915e-01	2.359681597980837486e-01	1.415490484886166023e-01	6.743792168981534163e-02	2.825774182632479967e-02	7.012488971387040304e-02
1.014480413803512761e+03	2.756004122711716575e-01	1.806438959321515492e-01	2.361288007540039702e-01	1.416477170085239101e-01	6.748355298750741138e-02	2.829342262182552373e-02	7.020219842444942737e-02
1.015931744867609382e+03	2.753402160820004885e-01	1.804869160628063685e-01	2.362890365824428240e-01	1.417463397084769705e-01	6.752913947455074783e-02	2.832900937595827368e-02	7.027934271339780770e-02
1.017383075931706003e+03	2.750807326194775193e-01	1.803299757057274244e-01	2.364488706903947191e-01	1.418449151375097694e-01	6.757468086263744567e-02	2.836450281261060358e-02	7.035632217127599231e-02
1.018834406995802851e+03	2.748219568047337025e-01	1.801730779716897990e-01	2.366083064196154162e-01	1.419434418693342748e-01	6.762017687254671949e-02	2.839990362985199412e-02	7.043313643186158157e-02
1.020285738059899245e+03	2.745638836229124524e-01	1.800162259213395621e-01	2.367673470482940246e-01	1.420419185021701558e-01	6.766562723356134290e-02	2.843521250120192162e-02	7.050978517015403513e-02
1.021737069123995752e+03	2.743065081222596513e-01	1.798594225659158607e-01	2.369259957926644067e-01	1.421403436585448321e-01	6.771103168294288766e-02	2.847043007683720817e-02	7.058626810046862710e-02
1.023188400188092373e+03	2.740498254132273659e-01	1.797026708679623497e-01	2.370842558085598517e-01	1.422387159850676541e-01	6.775638996545944870e-02	2.850555698474136271e-02	7.066258497461548604e-02
1.024639731252188767e+03	2.737938306675902211e-01	1.795459737420284640e-01	2.372421301929135695e-01	1.423370341521822957e-01	6.780170183296001241e-02	2.854059383179873705e-02	7.073873558016016694e-02
1.026091062316285615e+03	2.735385191175753739e-01	1.793893340553606996e-01	2.373996219852081424e-01	1.424352968539011610e-01	6.784696704399043043e-02	2.857554120483599830e-02	7.081471973876168891e-02
1.027542393380382237e+03	2.732838860550045879e-01	1.792327546285840678e-01	2.375567341688763490e-01	1.425335028075239985e-01	6.789218536344635013e-02	2.861039967161340541e-02	7.089053730458470814e-02
1.028993724444478858e+03	2.730299268304494098e-01	1.790762382363735861e-01	2.377134696726561358e-01	1.426316507533443578e-01	6.793735656225921571e-02	2.864516978176824200e-02	7.096618816278263409e-02
1.030445055508575479e+03	2.727766368523981133e-01	1.789197876081163874e-01	2.378698313719013746e-01	1.427297394543454168e-01	6.798248041711157930e-02	2.867985206771262591e-02	7.104167222804805282e-02
1.031896386572671872e+03	2.725240115864357437e-01	1.787634054285643093e-01	2.380258220898512633e-01	1.428277676958878140e-01	6.802755671017866879e-02	2.871444704548787447e-02	7.111698944322791816e-02
1.033347717636768493e+03	2.722720465544353763e-01	1.786070943384768517e-01	2.381814445988596485e-01	1.429257342853908486e-01	6.807258522889325647e-02	2.874895521557739933e-02	7.119213977800026294e-02
1.034799048700865114e+03	2.720207373337613088e-01	1.784508569352554197e-01	2.383367016215864609e-01	1.430236380520091277e-01	6.811756576573146926e-02	2.878337706368012602e-02	7.126712322760969665e-02
1.036250379764961508e+03	2.717700795564846339e-01	1.782946957735680737e-01	2.384915958321529028e-01	1.431214778463055781e-01	6.816249811801700087e-02	2.881771306144626302e-02	7.134193981165919130e-02
1.037701710829058356e+03	2.715200689086091357e-01	1.781386133659656201e-01	2.386461298572618850e-01	1.432192525399222371e-01	6.820738208774207445e-02	2.885196366717721755e-02	7.141658957295546339e-02
1.039153041893154750e+03	2.712707011293095660e-01	1.779826121834887087e-01	2.388003062772853236e-01	1.433169610252499615e-01	6.825221748140310185e-02	2.888612932649129231e-02	7.149107257640560653e-02
1.040604372957251599e+03	2.710219720101803564e-01	1.778266946562664375e-01	2.389541276273195736e-01	1.434146022150979416e-01	6.829700410984963777e-02	2.892021047295684558e-02	7.156538890796274033e-02
1.042055704021347992e+03	2.707738773944954880e-01	1.776708631741061861e-01	2.391075963982103869e-01	1.435121750423636322e-01	6.834174178814510225e-02	2.895420752869435135e-02	7.163953867361837202e-02
1.043507035085444613e+03	2.705264131764793523e-01	1.775151200870751789e-01	2.392607150375486158e-01	1.436096784597039322e-01	6.838643033543813365e-02	2.898812090494893787e-02	7.171352199843933350e-02
1.044958366149541234e+03	2.702795753005880486e-01	1.773594677060736646e-01	2.394134859506378832e-01	1.437071114392083904e-01	6.843106957484330899e-02	2.902195100263469524e-02	7.178733902564753133e-02
1.046409697213637855e+03	2.700333597608010616e-01	1.772039083033999651e-01	2.395659115014350249e-01	1.438044729720746040e-01	6.847565933333041310e-02	2.905569821285214696e-02	7.186098991574031702e-02
1.047861028277734476e+03	2.697877625999237083e-01	1.770484441133073628e-01	2.397179940134648579e-01	1.439017620682863929e-01	6.852019944162132670e-02	2.908936291738013769e-02	7.193447484564978456e-02
1.049312359341831097e+03	2.695427799088992438e-01	1.768930773325531058e-01	2.398697357707097744e-01	1.439989777562952489e-01	6.856468973409352019e-02	2.912294548914332731e-02	7.200779400793934359e-02
1.050763690405927491e+03	2.692984078261310144e-01	1.767378101209395591e-01	2.400211390184753268e-01	1.440961190827053651e-01	6.860913004868997300e-02	2.915644629265646756e-02	7.208094761003573658e-02
1.052215021470024112e+03	2.690546425368152694e-01	1.765826446018476936e-01	2.401722059642326379e-01	1.441931851119620522e-01	6.865352022683429700e-02	2.918986568444658855e-02	7.215393587349495930e-02
1.053666352534120733e+03	2.688114802722821883e-01	1.764275828627627218e-01	2.403229387784384108e-01	1.442901749260444566e-01	6.869786011335103637e-02	2.922320401345405647e-02	7.222675903330068314e-02
1.055117683598217127e+03	2.685689173093480098e-01	1.762726269557925163e-01	2.404733395953334019e-01	1.443870876241623580e-01	6.874214955639015856e-02	2.925646162141360904e-02	7.229941733719358332e-02
1.056569014662313975e+03	2.683269499696756544e-01	1.761177788981783399e-01	2.406234105137200763e-01	1.444839223224571312e-01	6.878638840735583349e-02	2.928963884321627090e-02	7.237191104503035155e-02
1.058020345726410369e+03	2.680855746191448397e-01	1.759630406727987761e-01	2.407731535977202242e-01	1.445806781537073149e-01	6.883057652083869604e-02	2.932273600725302312e-02	7.244424042817082521e-02
1.059471676790506763e+03	2.678447876672316319e-01	1.758084142286657214e-01	2.409225708775130093e-01	1.446773542670384549e-01	6.887471375455136990e-02	2.935575343574119492e-02	7.251640576889234469e-02
1.060923007854603611e+03	2.676045855663963802e-01	1.756539014814141320e-01	2.410716643500544765e-01	1.447739498276376657e-01	6.891879996926705831e-02	2.938869144503429912e-02	7.258840735982972914e-02
1.062374338918700232e+03	2.673649648114813093e-01	1.754995043137840272e-01	2.412204359797786302e-01	1.448704640164728275e-01	6.896283502876074389e-02	2.942155034591617535e-02	7.266024550344002408e-02
1.063825669982796853e+03	2.671259219391162176e-01	1.753452245760961370e-01	2.413688876992812482e-01	1.449668960300162235e-01	6.900681879975294197e-02	2.945433044388015217e-02	7.273192051149085513e-02
1.065277001046893474e+03	2.668874535271329451e-01	1.751910640867205271e-01	2.415170214099864876e-01	1.450632450799730633e-01	6.905075115185563273e-02	2.948703203939396361e-02	7.280343270457122207e-02
1.066728332110990095e+03	2.666495561939885572e-01	1.750370246325386181e-01	2.416648389827970866e-01	1.451595103930144459e-01	6.909463195752019171e-02	2.951965542815110366e-02	7.287478241162385906e-02
1.068179663175086489e+03	2.664122265981966331e-01	1.748831079693985990e-01	2.418123422587286631e-01	1.452556912105150977e-01	6.913846109198736045e-02	2.955220090130928137e-02	7.294596996949821721e-02
1.069630994239183110e+03	2.661754614377668249e-01	1.747293158225642906e-01	2.419595330495286634e-01	1.453517867882956893e-01	6.918223843323875744e-02	2.958466874571654900e-02	7.301699572252302872e-02
1.071082325303279504e+03	2.659392574496526329e-01	1.745756498871577633e-01	2.421064131382801854e-01	1.454477963963696774e-01	6.922596386195009610e-02	2.961705924412577282e-02	7.308786002209775867e-02
1.072533656367376352e+03	2.657036114092068968e-01	1.744221118285953775e-01	2.422529842799912569e-01	1.455437193186947531e-01	6.926963726144576283e-02	2.964937267539794960e-02	7.315856322630190367e-02
1.073984987431472746e+03	2.654685201296456132e-01	1.742687032830178839e-01	2.423992482021703754e-01	1.456395548529286488e-01	6.931325851765486601e-02	2.968160931469493793e-02	7.322910569952160997e-02
1.075436318495569594e+03	2.652339804615190255e-01	1.741154258577142511e-01	2.425452066053878641e-01	1.457353023101896627e-01	6.935682751906843690e-02	2.971376943366211068e-02	7.329948781209259800e-02
1.076887649559666215e+03	2.649999892921907629e-01	1.739622811315394701e-01	2.426908611638244895e-01	1.458309610148212643e-01	6.940034415669785184e-02	2.974585330060141447e-02	7.336970993995878265e-02
1.078338980623762609e+03	2.647665435453239735e-01	1.738092706553263644e-01	2.428362135258069765e-01	1.459265303041612505e-01	6.944380832403429515e-02	2.977786118063530454e-02	7.343977246434593709e-02
1.079790311687859230e+03	2.645336401803754511e-01	1.736563959522916256e-01	2.429812653143309242e-01	1.460220095283150110e-01	6.948721991700930467e-02	2.980979333586201291e-02	7.350967577144969234e-02
1.081241642751955851e+03	2.643012761920969789e-01	1.735036585184360214e-01	2.431260181275718968e-01	1.461173980499332059e-01	6.953057883395624694e-02	2.984165002550255921e-02	7.357942025213719262e-02
1.082692973816052472e+03	2.640694486100431115e-01	1.733510598229388300e-01	2.432704735393843576e-01	1.462126952439933569e-01	6.957388497557268070e-02	2.987343150603990680e-02	7.364900630166190676e-02
1.084144304880149093e+03	2.638381544980870630e-01	1.731986013085467513e-01	2.434146330997895846e-01	1.463079004975856579e-01	6.961713824488349744e-02	2.990513803135064902e-02	7.371843431939098523e-02
1.085595635944245487e+03	2.636073909539430882e-01	1.730462843919572391e-01	2.435584983354519839e-01	1.464030132097027537e-01	6.966033854720503349e-02	2.993676985282963873e-02	7.378770470854446872e-02
1.087046967008342108e+03	2.633771551086956930e-01	1.728941104641963100e-01	2.437020707501449113e-01	1.464980327910334890e-01	6.970348579010983425e-02	2.996832721950781417e-02	7.385681787594614023e-02
1.088498298072438729e+03	2.631474441263357833e-01	1.727420808909911343e-01	2.438453518252058916e-01	1.465929586637604587e-01	6.974657988339209858e-02	2.999981037816364798e-02	7.392577423178522955e-02
1.089949629136535123e+03	2.629182552033032527e-01	1.725901970131371033e-01	2.439883430199814851e-01	1.466877902613614448e-01	6.978962073903394181e-02	3.003121957342850049e-02	7.399457418938854003e-02
1.091400960200631971e+03	2.626895855680366765e-01	1.724384601468598177e-01	2.441310457722623006e-01	1.467825270284143779e-01	6.983260827117221403e-02	3.006255504788616154e-02	7.406321816500271993e-02
1.092852291264728365e+03	2.624614324805287779e-01	1.722868715841719967e-01	2.442734614987083219e-01	1.468771684204063788e-01	6.987554239606598439e-02	3.009381704216690726e-02	7.413170657758597071e-02
1.094303622328825213e+03	2.622337932318887788e-01	1.721354325932249463e-01	2.444155915952646585e-01	1.469717139035458808e-01	6.991842303206466380e-02	3.012500579503632481e-02	7.420003984860906732e-02
1.095754953392921607e+03	2.620066651439110217e-01	1.719841444186554491e-01	2.445574374375683313e-01	1.470661629545787219e-01	6.996125009957664120e-02	3.015612154347915505e-02	7.426821840186496881e-02
1.097206284457018228e+03	2.617800455686495331e-01	1.718330082819274351e-01	2.446990003813459547e-01	1.471605150606073720e-01	7.000402352103858583e-02	3.018716452277843409e-02	7.433624266328700547e-02
1.098657615521114849e+03	2.615539318879987474e-01	1.716820253816689623e-01	2.448402817628027028e-01	1.472547697189137417e-01	7.004674322088517979e-02	3.021813496659014539e-02	7.440411306077487907e-02
1.100108946585211470e+03	2.613283215132806148e-01	1.715311968940041731e-01	2.449812828990028390e-01	1.473489264367852380e-01	7.008940912551947511e-02	3.024903310701362869e-02	7.447183002402844865e-02
1.101560277649308091e+03	2.611032118848370942e-01	1.713805239728808383e-01	2.451220050882419454e-01	1.474429847313440956e-01	7.013202116328369484e-02	3.027985917465793320e-02	7.453939398438884367e-02
1.103011608713404712e+03	2.608786004716289186e-01	1.712300077503929319e-01	2.452624496104112151e-01	1.475369441293798989e-01	7.017457926443056160e-02	3.031061339870435092e-02	7.460680537468657170e-02
1.104462939777501106e+03	2.606544847708400225e-01	1.710796493370987936e-01	2.454026177273537779e-01	1.476308041671852145e-01	7.021708336109509785e-02	3.034129600696531051e-02	7.467406462909632892e-02
1.105914270841597499e+03	2.604308623074873541e-01	1.709294498223346559e-01	2.455425106832131443e-01	1.477245643903944139e-01	7.025953338726695363e-02	3.037190722593982248e-02	7.474117218299822230e-02
1.107365601905694348e+03	2.602077306340367380e-01	1.707794102745238685e-01	2.456821297047747654e-01	1.478182243538252727e-01	7.030192927876308118e-02	3.040244728086564235e-02	7.480812847284518119e-02
1.108816932969790741e+03	2.599850873300239562e-01	1.706295317414814605e-01	2.458214760017998490e-01	1.479117836213237613e-01	7.034427097320092304e-02	3.043291639576833213e-02	7.487493393603622538e-02
1.110268264033887590e+03	2.597629300016813803e-01	1.704798152507147335e-01	2.459605507673521541e-01	1.480052417656115560e-01	7.038655840997203039e-02	3.046331479350738308e-02	7.494158901079529811e-02
1.111719595097984211e+03	2.595412562815697100e-01	1.703302618097191357e-01	2.460993551781179567e-01	1.480985983681365192e-01	7.042879153021613936e-02	3.049364269581953529e-02	7.500809413605558085e-02
1.113170926162080832e+03	2.593200638282153747e-01	1.701808724062703060e-01	2.462378903947191888e-01	1.481918530189257899e-01	7.047097027679558034e-02	3.052390032335947773e-02	7.507444975134885956e-02
1.114622257226177226e+03	2.590993503257528752e-01	1.700316480087117055e-01	2.463761575620201927e-01	1.482850053164417037e-01	7.051309459427018700e-02	3.055408789573799827e-02	7.514065629669992863e-02
1.116073588290273847e+03	2.588791134835722318e-01	1.698825895662383623e-01	2.465141578094276753e-01	1.483780548674404065e-01	7.055516442887253825e-02	3.058420563155780578e-02	7.520671421252558830e-02
1.117524919354370468e+03	2.586593510359717629e-01	1.697336980091763703e-01	2.466518922511846679e-01	1.484710012868329931e-01	7.059717972848358891e-02	3.061425374844705879e-02	7.527262393953823572e-02
1.118976250418467089e+03	2.584400607418151918e-01	1.695849742492585577e-01	2.467893619866583232e-01	1.485638441975491997e-01	7.063914044260877212e-02	3.064423246309079876e-02	7.533838591865374412e-02
1.120427581482563710e+03	2.582212403841947501e-01	1.694364191798961583e-01	2.469265681006216073e-01	1.486565832304038159e-01	7.068104652235435159e-02	3.067414199126036051e-02	7.540400059090354712e-02
1.121878912546660331e+03	2.580028877700977774e-01	1.692880336764467364e-01	2.470635116635293560e-01	1.487492180239650963e-01	7.072289792040425960e-02	3.070398254784085720e-02	7.546946839735053925e-02
1.123330243610756725e+03	2.577850007300790391e-01	1.691398185964780310e-01	2.472001937317884201e-01	1.488417482244261125e-01	7.076469459099725412e-02	3.073375434685686816e-02	7.553478977900889013e-02
1.124781574674853118e+03	2.575675771179375406e-01	1.689917747800283310e-01	2.473366153480223706e-01	1.489341734854781052e-01	7.080643648990436745e-02	3.076345760149644046e-02	7.559996517676745298e-02
1.126232905738949967e+03	2.573506148103977265e-01	1.688439030498631033e-01	2.474727775413307074e-01	1.490264934681862774e-01	7.084812357440679886e-02	3.079309252413343564e-02	7.566499503131658699e-02
1.127684236803046360e+03	2.571341117067952875e-01	1.686962042117277072e-01	2.476086813275428511e-01	1.491187078408679201e-01	7.088975580327408488e-02	3.082265932634839847e-02	7.572987978307844925e-02
1.129135567867143209e+03	2.569180657287676861e-01	1.685486790545968894e-01	2.477443277094667495e-01	1.492108162789724524e-01	7.093133313674271356e-02	3.085215821894795110e-02	7.579461987214027030e-02
1.130586898931239830e+03	2.567024748199489559e-01	1.684013283509203651e-01	2.478797176771327104e-01	1.493028184649641543e-01	7.097285553649490542e-02	3.088158941198282034e-02	7.585921573819084940e-02
1.132038229995336451e+03	2.564873369456687757e-01	1.682541528568652633e-01	2.480148522080319884e-01	1.493947140882065094e-01	7.101432296563783830e-02	3.091095311476461938e-02	7.592366782045986695e-02
1.133489561059432845e+03	2.562726500926558182e-01	1.681071533125548245e-01	2.481497322673506256e-01	1.494865028448489619e-01	7.105573538868319161e-02	3.094024953588137700e-02	7.598797655766008352e-02
1.134940892123529466e+03	2.560584122687457054e-01	1.679603304423039067e-01	2.482843588081986574e-01	1.495781844377156722e-01	7.109709277152694018e-02	3.096947888321194969e-02	7.605214238793206460e-02
1.136392223187626087e+03	2.558446215025927395e-01	1.678136849548508835e-01	2.484187327718345994e-01	1.496697585761961602e-01	7.113839508142956458e-02	3.099864136393932698e-02	7.611616574879166708e-02
1.137843554251722708e+03	2.556312758433857413e-01	1.676672175435865719e-01	2.485528550878854104e-01	1.497612249761380576e-01	7.117964228699641405e-02	3.102773718456295488e-02	7.618004707707981549e-02
1.139294885315819101e+03	2.554183733605682183e-01	1.675209288867797741e-01	2.486867266745620419e-01	1.498525833597416368e-01	7.122083435815852737e-02	3.105676655091007404e-02	7.624378680891470694e-02
1.140746216379915950e+03	2.552059121435623079e-01	1.673748196477994332e-01	2.488203484388706865e-01	1.499438334554565044e-01	7.126197126615360644e-02	3.108572966814617325e-02	7.630738537964627810e-02
1.142197547444012343e+03	2.549938903014967728e-01	1.672288904753338190e-01	2.489537212768198060e-01	1.500349749978797942e-01	7.130305298350744780e-02	3.111462674078457891e-02	7.637084322381276769e-02
1.143648878508108737e+03	2.547823059629387710e-01	1.670831420036066328e-01	2.490868460736229695e-01	1.501260077276564409e-01	7.134407948401548516e-02	3.114345797269527441e-02	7.643416077509941620e-02
1.145100209572205586e+03	2.545711572756295671e-01	1.669375748525898651e-01	2.492197237038976387e-01	1.502169313913811199e-01	7.138505074272474826e-02	3.117222356711292844e-02	7.649733846629915013e-02
1.146551540636302207e+03	2.543604424062237968e-01	1.667921896282137662e-01	2.493523550318601234e-01	1.503077457415020468e-01	7.142596673591602996e-02	3.120092372664425712e-02	7.656037672927507032e-02
1.148002871700398828e+03	2.541501595400327829e-01	1.666469869225737088e-01	2.494847409115165116e-01	1.503984505362263024e-01	7.146682744108630303e-02	3.122955865327471658e-02	7.662327599492485541e-02
1.149454202764495449e+03	2.539403068807711272e-01	1.665019673141342471e-01	2.496168821868499366e-01	1.504890455394269910e-01	7.150763283693149786e-02	3.125812854837455024e-02	7.668603669314684457e-02
1.150905533828591842e+03	2.537308826503073544e-01	1.663571313679302055e-01	2.497487796920039582e-01	1.505795305205520629e-01	7.154838290332946049e-02	3.128663361270429127e-02	7.674865925280788259e-02
1.152356864892688463e+03	2.535218850884176089e-01	1.662124796357648260e-01	2.498804342514625854e-01	1.506699052545346362e-01	7.158907762132324382e-02	3.131507404641969972e-02	7.681114410171265006e-02
1.153808195956785084e+03	2.533133124525431268e-01	1.660680126564052783e-01	2.500118466802265793e-01	1.507601695217049564e-01	7.162971697310455133e-02	3.134345004907620330e-02	7.687349166657460320e-02
1.155259527020881706e+03	2.531051630175512601e-01	1.659237309557752005e-01	2.501430177839862878e-01	1.508503231077039930e-01	7.167030094199752788e-02	3.137176181963282490e-02	7.693570237298830161e-02
1.156710858084978327e+03	2.528974350754996103e-01	1.657796350471446301e-01	2.502739483592909542e-01	1.509403658033983686e-01	7.171082951244275860e-02	3.140000955645574215e-02	7.699777664540330413e-02
1.158162189149074720e+03	2.526901269354039359e-01	1.656357254313171323e-01	2.504046391937151950e-01	1.510302974047970370e-01	7.175130266998151762e-02	3.142819345732134756e-02	7.705971490709928595e-02
1.159613520213171569e+03	2.524832369230087803e-01	1.654920025968144026e-01	2.505350910660215646e-01	1.511201177129691819e-01	7.179172040124023879e-02	3.145631371941897542e-02	7.712151758016240477e-02
1.161064851277267962e+03	2.522767633805618193e-01	1.653484670200581486e-01	2.506653047463203721e-01	1.512098265339636705e-01	7.183208269391525014e-02	3.148437053935326108e-02	7.718318508546306855e-02
1.162516182341364356e+03	2.520707046665914830e-01	1.652051191655492246e-01	2.507952809962262775e-01	1.512994236787300051e-01	7.187238953675774422e-02	3.151236411314614627e-02	7.724471784263474416e-02
1.163967513405461204e+03	2.518650591556871321e-01	1.650619594860446848e-01	2.509250205690117808e-01	1.513889089630404416e-01	7.191264091955897053e-02	3.154029463623858609e-02	7.730611627005405662e-02
1.165418844469557826e+03	2.516598252382832301e-01	1.649189884227317549e-01	2.510545242097576568e-01	1.514782822074136615e-01	7.195283683313556666e-02	3.156816230349199226e-02	7.736738078482180425e-02
1.166870175533654447e+03	2.514550013204457368e-01	1.647762064053997777e-01	2.511837926555006706e-01	1.515675432370396647e-01	7.199297726931530583e-02	3.159596730918936419e-02	7.742851180274516742e-02
1.168321506597751068e+03	2.512505858236620537e-01	1.646336138526094395e-01	2.513128266353782947e-01	1.516566918817060516e-01	7.203306222092283051e-02	3.162370984703619797e-02	7.748950973832083311e-02
1.169772837661847461e+03	2.510465771846338012e-01	1.644912111718597192e-01	2.514416268707705404e-01	1.517457279757254973e-01	7.207309168176578851e-02	3.165139011016118720e-02	7.755037500471917422e-02
1.171224168725944082e+03	2.508429738550725929e-01	1.643489987597523683e-01	2.515701940754391797e-01	1.518346513578645307e-01	7.211306564662108010e-02	3.167900829111668787e-02	7.761110801376923385e-02
1.172675499790040703e+03	2.506397743014985857e-01	1.642069770021541697e-01	2.516985289556643024e-01	1.519234618712735907e-01	7.215298411122134103e-02	3.170656458187900290e-02	7.767170917594473645e-02
1.174126830854137097e+03	2.504369770050420829e-01	1.640651462743567268e-01	2.518266322103779320e-01	1.520121593634181090e-01	7.219284707224163378e-02	3.173405917384847924e-02	7.773217890035077904e-02
1.175578161918233945e+03	2.502345804612476909e-01	1.639235069412342538e-01	2.519545045312954201e-01	1.521007436860110917e-01	7.223265452728633296e-02	3.176149225784946628e-02	7.779251759471153549e-02
1.177029492982330339e+03	2.500325831798815290e-01	1.637820593573987571e-01	2.520821466030441216e-01	1.521892146949465618e-01	7.227240647487616354e-02	3.178886402413012152e-02	7.785272566535855754e-02
1.178480824046426733e+03	2.498309836847410204e-01	1.636408038673532739e-01	2.522095591032896267e-01	1.522775722502342777e-01	7.231210291443554428e-02	3.181617466236207753e-02	7.791280351721997788e-02
1.179932155110523581e+03	2.496297805134673753e-01	1.634997408056428625e-01	2.523367427028596621e-01	1.523658162159356455e-01	7.235174384628002830e-02	3.184342436163997703e-02	7.797275155381030998e-02
1.181383486174620202e+03	2.494289722173607393e-01	1.633588704970034278e-01	2.524636980658652718e-01	1.524539464601006034e-01	7.239132927160391029e-02	3.187061331048095941e-02	7.803257017722103894e-02
1.182834817238716823e+03	2.492285573611979776e-01	1.632181932565083538e-01	2.525904258498201105e-01	1.525419628547056150e-01	7.243085919246813886e-02	3.189774169682397381e-02	7.809225978811180913e-02
1.184286148302813444e+03	2.490285345230532354e-01	1.630777093897132768e-01	2.527169267057571278e-01	1.526298652755928020e-01	7.247033361178832622e-02	3.192480970802905743e-02	7.815182078570222235e-02
1.185737479366910065e+03	2.488289022941206352e-01	1.629374191927985271e-01	2.528432012783431992e-01	1.527176536024099085e-01	7.250975253332288262e-02	3.195181753087652371e-02	7.821125356776437165e-02
1.187188810431006686e+03	2.486296592785397774e-01	1.627973229527097110e-01	2.529692502059914805e-01	1.528053277185516812e-01	7.254911596166148391e-02	3.197876535156608802e-02	7.827055853061583301e-02
1.188640141495103080e+03	2.484308040932237116e-01	1.626574209472962385e-01	2.530950741209715416e-01	1.528928875111017771e-01	7.258842390221358076e-02	3.200565335571595171e-02	7.832973606911326769e-02
1.190091472559199701e+03	2.482323353676892108e-01	1.625177134454479366e-01	2.532206736495174471e-01	1.529803328707760035e-01	7.262767636119708825e-02	3.203248172836179603e-02	7.838878657664657967e-02
1.191542803623296322e+03	2.480342517438895167e-01	1.623782007072296085e-01	2.533460494119339490e-01	1.530676636918663347e-01	7.266687334562733913e-02	3.205925065395578283e-02	7.844771044513351721e-02
1.192994134687392716e+03	2.478365518760494712e-01	1.622388829840137880e-01	2.534712020227003482e-01	1.531548798721860116e-01	7.270601486330607877e-02	3.208596031636549994e-02	7.850650806501482948e-02
1.194445465751489564e+03	2.476392344305029525e-01	1.620997605186114410e-01	2.535961320905727456e-01	1.532419813130153907e-01	7.274510092281070983e-02	3.211261089887287867e-02	7.856517982524996446e-02
1.195896796815585958e+03	2.474422980855325860e-01	1.619608335454011672e-01	2.537208402186835743e-01	1.533289679190489030e-01	7.278413153348367581e-02	3.213920258417310438e-02	7.862372611331307215e-02
1.197348127879682352e+03	2.472457415312118434e-01	1.618221022904559880e-01	2.538453270046404642e-01	1.534158395983428458e-01	7.282310670542192776e-02	3.216573555437349241e-02	7.868214731518949345e-02
1.198799458943779200e+03	2.470495634692491671e-01	1.616835669716689960e-01	2.539695930406219992e-01	1.535025962622639517e-01	7.286202644946673801e-02	3.219220999099239172e-02	7.874044381537279036e-02
1.200250790007875821e+03	2.468537626128345652e-01	1.615452277988766172e-01	2.540936389134725304e-01	1.535892378254388735e-01	7.290089077719340283e-02	3.221862607495803998e-02	7.879861599686201201e-02
1.201702121071972442e+03	2.466583376864880939e-01	1.614070849739804858e-01	2.542174652047945460e-01	1.536757642057046402e-01	7.293969970090130595e-02	3.224498398660748111e-02	7.885666424115944650e-02
1.203153452136069063e+03	2.464632874259106987e-01	1.612691386910675706e-01	2.543410724910399323e-01	1.537621753240597244e-01	7.297845323360405145e-02	3.227128390568540645e-02	7.891458892826867799e-02
1.204604783200165684e+03	2.462686105778369716e-01	1.611313891365283024e-01	2.544644613435987912e-01	1.538484711046161357e-01	7.301715138901967994e-02	3.229752601134310702e-02	7.897239043669310177e-02
1.206056114264262078e+03	2.460743058998903499e-01	1.609938364891733698e-01	2.545876323288871479e-01	1.539346514745521810e-01	7.305579418156116223e-02	3.232371048213733555e-02	7.903006914343461975e-02
1.207507445328358699e+03	2.458803721604398140e-01	1.608564809203486268e-01	2.547105860084326601e-01	1.540207163640660293e-01	7.309438162632693470e-02	3.234983749602928643e-02	7.908762542399284945e-02
1.208958776392455093e+03	2.456868081384591118e-01	1.607193225940484749e-01	2.548333229389588839e-01	1.541066657063301093e-01	7.313291373909157345e-02	3.237590723038352714e-02	7.914505965236448559e-02
1.210410107456551941e+03	2.454936126233876748e-01	1.605823616670275789e-01	2.549558436724679855e-01	1.541924994374462565e-01	7.317139053629664880e-02	3.240191986196699903e-02	7.920237220104309195e-02
1.211861438520648335e+03	2.453007844149935890e-01	1.604455982889109733e-01	2.550781487563215100e-01	1.542782174964014430e-01	7.320981203504171864e-02	3.242787556694799039e-02	7.925956344101903195e-02
1.213312769584745183e+03	2.451083223232385089e-01	1.603090326023026979e-01	2.552002387333201505e-01	1.543638198250244786e-01	7.324817825307537722e-02	3.245377452089522746e-02	7.931663374177988501e-02
1.214764100648841804e+03	2.449162251681445135e-01	1.601726647428927397e-01	2.553221141417815199e-01	1.544493063679433231e-01	7.328648920878647055e-02	3.247961689877690988e-02	7.937358347131089065e-02
1.216215431712937971e+03	2.447244917796627117e-01	1.600364948395625875e-01	2.554437755156168111e-01	1.545346770725430086e-01	7.332474492119553378e-02	3.250540287495984337e-02	7.943041299609583661e-02
1.217666762777034819e+03	2.445331209975439291e-01	1.599005230144892598e-01	2.555652233844059040e-01	1.546199318889244778e-01	7.336294540994614533e-02	3.253113262320855847e-02	7.948712268111807200e-02
1.219118093841131440e+03	2.443421116712108654e-01	1.597647493832477228e-01	2.556864582734709179e-01	1.547050707698638672e-01	7.340109069529665575e-02	3.255680631668451952e-02	7.954371288986185340e-02
1.220569424905228061e+03	2.441514626596324178e-01	1.596291740549119764e-01	2.558074807039484866e-01	1.547900936707725106e-01	7.343918079811179167e-02	3.258242412794535442e-02	7.960018398431381592e-02
1.222020755969324682e+03	2.439611728311996131e-01	1.594937971321548076e-01	2.559282911928607018e-01	1.548750005496578042e-01	7.347721573985457888e-02	3.260798622894410526e-02	7.965653632496472181e-02
1.223472087033421303e+03	2.437712410636032612e-01	1.593586187113457953e-01	2.560488902531846689e-01	1.549597913670843763e-01	7.351519554257825162e-02	3.263349279102856215e-02	7.971277027081140332e-02
1.224923418097517697e+03	2.435816662437133018e-01	1.592236388826481497e-01	2.561692783939208407e-01	1.550444660861361179e-01	7.355312022891834223e-02	3.265894398494059714e-02	7.976888617935888603e-02
1.226374749161614318e+03	2.433924472674600659e-01	1.590888577301142470e-01	2.562894561201598531e-01	1.551290246723789346e-01	7.359098982208482631e-02	3.268433998081558822e-02	7.982488440662270646e-02
1.227826080225710712e+03	2.432035830397169807e-01	1.589542753317795265e-01	2.564094239331482505e-01	1.552134670938237204e-01	7.362880434585447609e-02	3.270968094818186428e-02	7.988076530713147938e-02
1.229277411289807560e+03	2.430150724741849400e-01	1.588198917597553328e-01	2.565291823303529339e-01	1.552977933208902483e-01	7.366656382456321372e-02	3.273496705596019157e-02	7.993652923392947918e-02
1.230728742353903954e+03	2.428269144932785339e-01	1.586857070803202319e-01	2.566487318055244438e-01	1.553820033263716149e-01	7.370426828309864509e-02	3.276019847246335048e-02	7.999217653857956800e-02
1.232180073418000802e+03	2.426391080280135282e-01	1.585517213540102166e-01	2.567680728487590769e-01	1.554660970853991298e-01	7.374191774689266288e-02	3.278537536539569142e-02	8.004770757116615176e-02
1.233631404482097196e+03	2.424516520178962575e-01	1.584179346357073026e-01	2.568872059465596158e-01	1.555500745754078984e-01	7.377951224191416080e-02	3.281049790185282256e-02	8.010312268029838589e-02
1.235082735546193817e+03	2.422645454108144358e-01	1.582843469747273191e-01	2.570061315818952807e-01	1.556339357761029052e-01	7.381705179466185873e-02	3.283556624832126986e-02	8.015842221311339499e-02
1.236534066610290438e+03	2.420777871629293809e-01	1.581509584149060343e-01	2.571248502342601272e-01	1.557176806694256233e-01	7.385453643215726671e-02	3.286058057067822724e-02	8.021360651527979779e-02
1.237985397674387059e+03	2.418913762385699051e-01	1.580177689946843100e-01	2.572433623797309443e-01	1.558013092395210963e-01	7.389196618193763499e-02	3.288554103419137620e-02	8.026867593100124598e-02
1.239436728738483680e+03	2.417053116101277599e-01	1.578847787471919228e-01	2.573616684910229879e-01	1.558848214727058812e-01	7.392934107204909844e-02	3.291044780351871923e-02	8.032363080302014346e-02
1.240888059802580301e+03	2.415195922579543852e-01	1.577519877003301652e-01	2.574797690375461023e-01	1.559682173574359898e-01	7.396666113103993190e-02	3.293530104270847580e-02	8.037847147262146275e-02
1.242339390866676695e+03	2.413342171702591854e-01	1.576193958768534187e-01	2.575976644854587327e-01	1.560514968842757477e-01	7.400392638795377787e-02	3.296010091519901292e-02	8.043319827963667235e-02
1.243790721930773088e+03	2.411491853430091648e-01	1.574870032944494513e-01	2.577153552977211048e-01	1.561346600458670686e-01	7.404113687232313779e-02	3.298484758381887288e-02	8.048781156244778912e-02
1.245242052994869937e+03	2.409644957798302012e-01	1.573548099658185484e-01	2.578328419341476829e-01	1.562177068368989785e-01	7.407829261416276623e-02	3.300954121078679415e-02	8.054231165799162484e-02
1.246693384058966330e+03	2.407801474919093465e-01	1.572228158987515056e-01	2.579501248514587397e-01	1.563006372540779454e-01	7.411539364396334262e-02	3.303418195771185006e-02	8.059669890176389406e-02
1.248144715123063179e+03	2.405961394978988477e-01	1.570910210962066789e-01	2.580672045033301498e-01	1.563834512960986245e-01	7.415243999268508746e-02	3.305876998559353908e-02	8.065097362782373824e-02
1.249596046187159800e+03	2.404124708238213060e-01	1.569594255563857843e-01	2.581840813404432944e-01	1.564661489636147429e-01	7.418943169175151731e-02	3.308330545482202067e-02	8.070513616879804175e-02
1.251047377251256421e+03	2.402291405029761961e-01	1.568280292728085612e-01	2.583007558105334112e-01	1.565487302592108443e-01	7.422636877304328307e-02	3.310778852517835824e-02	8.075918685588605317e-02
1.252498708315352815e+03	2.400461475758476904e-01	1.566968322343865183e-01	2.584172283584371677e-01	1.566311951873743391e-01	7.426325126889217476e-02	3.313221935583481048e-02	8.081312601886397884e-02
1.253950039379449436e+03	2.398634910900139805e-01	1.565658344254955980e-01	2.585334994261394015e-01	1.567135437544679155e-01	7.430007921207498756e-02	3.315659810535518531e-02	8.086695398608970131e-02
1.255401370443546057e+03	2.396811701000574890e-01	1.564350358260476193e-01	2.586495694528187506e-01	1.567957759687024499e-01	7.433685263580774860e-02	3.318092493169521456e-02	8.092067108450752555e-02
1.256852701507642678e+03	2.394991836674766894e-01	1.563044364115610541e-01	2.587654388748927836e-01	1.568778918401103617e-01	7.437357157373979122e-02	3.320519999220299806e-02	8.097427763965309166e-02
1.258304032571739299e+03	2.393175308605989537e-01	1.561740361532304444e-01	2.588811081260621871e-01	1.569598913805193563e-01	7.441023605994806500e-02	3.322942344361950323e-02	8.102777397565824602e-02
1.259755363635835920e+03	2.391362107544946491e-01	1.560438350179950695e-01	2.589965776373539530e-01	1.570417746035265849e-01	7.444684612893140430e-02	3.325359544207909246e-02	8.108116041525606499e-02
1.261206694699932314e+03	2.389552224308926498e-01	1.559138329686063917e-01	2.591118478371636780e-01	1.571235415244731926e-01	7.448340181560499096e-02	3.327771614311008513e-02	8.113443727978585096e-02
1.262658025764028707e+03	2.387745649780966539e-01	1.557840299636948367e-01	2.592269191512975857e-01	1.572051921604192271e-01	7.451990315529476161e-02	3.330178570163541685e-02	8.118760488919833651e-02
1.264109356828125556e+03	2.385942374909029995e-01	1.556544259578353517e-01	2.593417920030132717e-01	1.572867265301191309e-01	7.455635018373203693e-02	3.332580427197327083e-02	8.124066356206074979e-02
1.265560687892221949e+03	2.384142390705194792e-01	1.555250209016122986e-01	2.594564668130597274e-01	1.573681446539973439e-01	7.459274293704808156e-02	3.334977200783782736e-02	8.129361361556208809e-02
1.267012018956318798e+03	2.382345688244853488e-01	1.553958147416830693e-01	2.595709439997168633e-01	1.574494465541244059e-01	7.462908145176881669e-02	3.337368906233999233e-02	8.134645536551839140e-02
1.268463350020415419e+03	2.380552258665923349e-01	1.552668074208410631e-01	2.596852239788342009e-01	1.575306322541934478e-01	7.466536576480960197e-02	3.339755558798820911e-02	8.139918912637802983e-02
1.269914681084511813e+03	2.378762093168069192e-01	1.551379988780777763e-01	2.597993071638686202e-01	1.576117017794971265e-01	7.470159591347004524e-02	3.342137173668928429e-02	8.145181521122708823e-02
1.271366012148608434e+03	2.376975183011936776e-01	1.550093890486438364e-01	2.599131939659217183e-01	1.576926551569047263e-01	7.473777193542890940e-02	3.344513765974930358e-02	8.150433393179475072e-02
1.272817343212705055e+03	2.375191519518395356e-01	1.548809778641091761e-01	2.600268847937762806e-01	1.577734924148395668e-01	7.477389386873911636e-02	3.346885350787452695e-02	8.155674559845875471e-02
1.274268674276801676e+03	2.373411094067792160e-01	1.547527652524224862e-01	2.601403800539321409e-01	1.578542135832571858e-01	7.480996175182273722e-02	3.349251943117234620e-02	8.160905052025088646e-02
1.275720005340898297e+03	2.371633898099217153e-01	1.546247511379697792e-01	2.602536801506413755e-01	1.579348186936233023e-01	7.484597562346610722e-02	3.351613557915233271e-02	8.166124900486246285e-02
1.277171336404994690e+03	2.369859923109778055e-01	1.544969354416320662e-01	2.603667854859426090e-01	1.580153077788924720e-01	7.488193552281498244e-02	3.353970210072721586e-02	8.171334135864991022e-02
1.278622667469091539e+03	2.368089160653885361e-01	1.543693180808421717e-01	2.604796964596951536e-01	1.580956808734870489e-01	7.491784148936979360e-02	3.356321914421402097e-02	8.176532788664034324e-02
1.280073998533187932e+03	2.366321602342547625e-01	1.542418989696408005e-01	2.605924134696122052e-01	1.581759380132761739e-01	7.495369356298089980e-02	3.358668685733514486e-02	8.181720889253715767e-02
1.281525329597284326e+03	2.364557239842675629e-01	1.541146780187318543e-01	2.607049369112930948e-01	1.582560792355554580e-01	7.498949178384396730e-02	3.361010538721950769e-02	8.186898467872566476e-02
1.282976660661381175e+03	2.362796064876397095e-01	1.539876551355367773e-01	2.608172671782559293e-01	1.583361045790268318e-01	7.502523619249536202e-02	3.363347488040376726e-02	8.192065554627878110e-02
1.284427991725477568e+03	2.361038069220380564e-01	1.538608302242484294e-01	2.609294046619682894e-01	1.584160140837785335e-01	7.506092682980762543e-02	3.365679548283352640e-02	8.197222179496263528e-02
1.285879322789574417e+03	2.359283244705169535e-01	1.537342031858837943e-01	2.610413497518787040e-01	1.584958077912656804e-01	7.509656373698501974e-02	3.368006733986459583e-02	8.202368372324239654e-02
1.287330653853671038e+03	2.357531583214524662e-01	1.536077739183361879e-01	2.611531028354463491e-01	1.585754857442908949e-01	7.513214695555904543e-02	3.370329059626427787e-02	8.207504162828788141e-02
1.288781984917767431e+03	2.355783076684777044e-01	1.534815423164268000e-01	2.612646642981710232e-01	1.586550479869853203e-01	7.516767652738416683e-02	3.372646539621268480e-02	8.212629580597936851e-02
1.290233315981864052e+03	2.354037717104187355e-01	1.533555082719552098e-01	2.613760345236222360e-01	1.587344945647899963e-01	7.520315249463346841e-02	3.374959188330410587e-02	8.217744655091328843e-02
