1.001418434226643626e+03	2.777002178341918537e-01	1.824053041302065581e-01	2.347696542300842237e-01	1.408755229366640827e-01	6.713447891916692056e-02	2.735391743578004242e-02	6.976090451353728072e-02
1.002869765290740247e+03	2.774153585829535751e-01	1.822648889881331724e-01	2.349348744298186131e-01	1.409778974847678834e-01	6.718249464654631187e-02	2.738505559626669070e-02	6.983943027114472568e-02
1.004321096354836754e+03	2.771310490913385105e-01	1.821246745297825931e-01	2.350996121569515485e-01	1.410802416793775493e-01	6.723045504306533748e-02	2.741614457960406259e-02	6.991782291951144368e-02
1.005772427418933376e+03	2.768472882162503201e-01	1.819846604689968894e-01	2.352638714161179867e-01	1.411825532419996865e-01	6.727835961631951911e-02	2.744718452354571320e-02	6.999608251640089540e-02
1.007223758483029997e+03	2.765640748185329567e-01	1.818448465196893238e-01	2.354276561502637588e-01	1.412848299272344010e-01	6.732620789802301609e-02	2.747817556356876509e-02	7.007420912231876464e-02
1.008675089547126618e+03	2.762814077629310305e-01	1.817052323958574800e-01	2.355909702421035701e-01	1.413870695232096464e-01	6.737399944211266978e-02	2.750911783295677954e-02	7.015220280045987578e-02
1.010126420611223239e+03	2.759992859180515068e-01	1.815658178115950316e-01	2.357538175155033666e-01	1.414892698519024938e-01	6.742173382304554596e-02	2.754001146287676088e-02	7.023006361665633246e-02
1.011577751675319632e+03	2.757177081563262355e-01	1.814266024811032330e-01	2.359162017367940622e-01	1.415914287693602613e-01	6.746941063426942220e-02	2.757085658245090817e-02	7.030779163932689146e-02
1.013029082739416367e+03	2.754366733539752587e-01	1.812875861187011883e-01	2.360781266160227598e-01	1.416935441658335182e-01	6.751702948684737415e-02	2.760165331882358242e-02	7.038538693942725244e-02
1.014480413803512761e+03	2.751561803909710058e-01	1.811487684388355390e-01	2.362395958081469072e-01	1.417956139658317349e-01	6.756459000822012673e-02	2.763240179722399603e-02	7.046284959040163831e-02
1.015931744867609382e+03	2.748762281510028771e-01	1.810101491560894005e-01	2.364006129141763835e-01	1.418976361281107657e-01	6.761209184109129300e-02	2.766310214102501996e-02	7.054017966813518059e-02
1.017383075931706003e+03	2.745968155214428830e-01	1.808717279851909665e-01	2.365611814822679015e-01	1.419996086456008222e-01	6.765953464242245585e-02	2.769375447179848321e-02	7.061737725090741491e-02
1.018834406995802851e+03	2.743179413933119482e-01	1.807335046410211976e-01	2.367213050087755843e-01	1.421015295452820459e-01	6.770691808252619903e-02	2.772435890936728736e-02	7.069444241934662310e-02
1.020285738059899245e+03	2.740396046612467718e-01	1.805954788386214538e-01	2.368809869392614065e-01	1.422033968880146992e-01	6.775424184424679031e-02	2.775491557185464850e-02	7.077137525638514670e-02
1.021737069123995752e+03	2.737618042234670757e-01	1.804576502932002668e-01	2.370402306694686934e-01	1.423052087683295552e-01	6.780150562221910759e-02	2.778542457573069183e-02	7.084817584721551931e-02
1.023188400188092373e+03	2.734845389817439631e-01	1.803200187201400850e-01	2.371990395462612866e-01	1.424069633141840374e-01	6.784870912219749528e-02	2.781588603585668715e-02	7.092484427924740376e-02
1.024639731252188767e+03	2.732078078413684996e-01	1.801825838350033238e-01	2.373574168685311514e-01	1.425086586866883276e-01	6.789585206044708443e-02	2.784630006552710896e-02	7.100138064206545918e-02
1.026091062316285615e+03	2.729316097111206818e-01	1.800453453535384996e-01	2.375153658880767571e-01	1.426102930798062718e-01	6.794293416319110990e-02	2.787666677650969468e-02	7.107778502738784643e-02
1.027542393380382237e+03	2.726559435032395728e-01	1.799083029916856702e-01	2.376728898104542298e-01	1.427118647200339707e-01	6.798995516610815970e-02	2.790698627908370921e-02	7.115405752902562164e-02
1.028993724444478858e+03	2.723808081333930486e-01	1.797714564655817082e-01	2.378299917958028586e-01	1.428133718660597740e-01	6.803691481387415252e-02	2.793725868207652674e-02	7.123019824284282375e-02
1.030445055508575479e+03	2.721062025206490431e-01	1.796348054915655468e-01	2.379866749596472597e-01	1.429148128084087865e-01	6.808381285974436647e-02	2.796748409289870688e-02	7.130620726671717258e-02
1.031896386572671872e+03	2.718321255874463493e-01	1.794983497861828703e-01	2.381429423736772522e-01	1.430161858690737198e-01	6.813064906517135588e-02	2.799766261757764829e-02	7.138208470050171062e-02
1.033347717636768493e+03	2.715585762595665864e-01	1.793620890661907774e-01	2.382987970665066957e-01	1.431174894011350840e-01	6.817742319945493956e-02	2.802779436078996558e-02	7.145783064598687506e-02
1.034799048700865114e+03	2.712855534661061108e-01	1.792260230485622774e-01	2.384542420244130656e-01	1.432187217883724439e-01	6.822413503942095780e-02	2.805787942589264491e-02	7.153344520686338859e-02
1.036250379764961508e+03	2.710130561394488158e-01	1.790901514504905090e-01	2.386092801920584316e-01	1.433198814448684022e-01	6.827078436912586978e-02	2.808791791495312065e-02	7.160892848868577465e-02
1.037701710829058356e+03	2.707410832152389313e-01	1.789544739893928482e-01	2.387639144731928398e-01	1.434209668146071148e-01	6.831737097958448524e-02	2.811790992877829728e-02	7.168428059883642789e-02
1.039153041893154750e+03	2.704696336323546557e-01	1.788189903829147942e-01	2.389181477313414292e-01	1.435219763710685326e-01	6.836389466851852670e-02	2.814785556694263113e-02	7.175950164649042007e-02
1.040604372957251599e+03	2.701987063328818994e-01	1.786837003489337716e-01	2.390719827904756178e-01	1.436229086168198110e-01	6.841035524012380187e-02	2.817775492781531346e-02	7.183459174258081947e-02
1.042055704021347992e+03	2.699283002620883609e-01	1.785486036055628778e-01	2.392254224356695214e-01	1.437237620831048335e-01	6.845675250485419583e-02	2.820760810858662093e-02	7.190955099976463483e-02
1.043507035085444613e+03	2.696584143683984913e-01	1.784136998711542965e-01	2.393784694137420233e-01	1.438245353294326789e-01	6.850308627922074844e-02	2.823741520529348889e-02	7.198437953238936982e-02
1.044958366149541234e+03	2.693890476033681258e-01	1.782789888643027953e-01	2.395311264338852442e-01	1.439252269431660902e-01	6.854935638560438749e-02	2.826717631284433527e-02	7.205907745646007723e-02
1.046409697213637855e+03	2.691201989216601698e-01	1.781444703038490007e-01	2.396833961682800218e-01	1.440258355391107470e-01	6.859556265208081871e-02	2.829689152504321140e-02	7.213364488960702370e-02
1.047861028277734476e+03	2.688518672810202292e-01	1.780101439088826176e-01	2.398352812526988176e-01	1.441263597591055656e-01	6.864170491225657367e-02	2.832656093461328323e-02	7.220808195105386795e-02
1.049312359341831097e+03	2.685840516422526858e-01	1.778760093987454827e-01	2.399867842870966328e-01	1.442267982716150532e-01	6.868778300511499402e-02	2.835618463321971927e-02	7.228238876158642190e-02
1.050763690405927491e+03	2.683167509691969377e-01	1.777420664930346450e-01	2.401379078361904063e-01	1.443271497713239371e-01	6.873379677487122252e-02	2.838576271149196098e-02	7.235656544352184194e-02
1.052215021470024112e+03	2.680499642287046402e-01	1.776083149116052529e-01	2.402886544300271154e-01	1.444274129787345151e-01	6.877974607083549297e-02	2.841529525904546577e-02	7.243061212067845867e-02
1.053666352534120733e+03	2.677836903906164467e-01	1.774747543745734402e-01	2.404390265645412750e-01	1.445275866397672249e-01	6.882563074728365038e-02	2.844478236450290187e-02	7.250452891834599511e-02
1.055117683598217127e+03	2.675179284277396374e-01	1.773413846023190743e-01	2.405890267021018047e-01	1.446276695253646549e-01	6.887145066333454080e-02	2.847422411551486093e-02	7.257831596325632628e-02
1.056569014662313975e+03	2.672526773158258595e-01	1.772082053154883374e-01	2.407386572720491835e-01	1.447276604310993031e-01	6.891720568283347947e-02	2.850362059878004325e-02	7.265197338355476597e-02
1.058020345726410369e+03	2.669879360335489782e-01	1.770752162349965297e-01	2.408879206712221110e-01	1.448275581767851927e-01	6.896289567424127021e-02	2.853297190006504058e-02	7.272550130877174224e-02
1.059471676790506763e+03	2.667237035624840935e-01	1.769424170820304842e-01	2.410368192644755381e-01	1.449273616060937908e-01	6.900852051052829006e-02	2.856227810422362623e-02	7.279889986979504179e-02
1.060923007854603611e+03	2.664599788870855024e-01	1.768098075780511202e-01	2.411853553851888154e-01	1.450270695861740899e-01	6.905408006907329255e-02	2.859153929521563234e-02	7.287216919884238753e-02
1.062374338918700232e+03	2.661967609946662150e-01	1.766773874447957748e-01	2.413335313357650447e-01	1.451266810072772695e-01	6.909957423156642964e-02	2.862075555612543509e-02	7.294530942943462659e-02
1.063825669982796853e+03	2.659340488753769716e-01	1.765451564042807009e-01	2.414813493881218243e-01	1.452261947823859090e-01	6.914500288391610405e-02	2.864992696918002013e-02	7.301832069636920997e-02
1.065277001046893474e+03	2.656718415221860918e-01	1.764131141788032320e-01	2.416288117841731975e-01	1.453256098468478363e-01	6.919036591615951304e-02	2.867905361576666978e-02	7.309120313569422711e-02
1.066728332110990095e+03	2.654101379308590469e-01	1.762812604909440029e-01	2.417759207363035512e-01	1.454249251580146673e-01	6.923566322237645343e-02	2.870813557645028255e-02	7.316395688468274594e-02
1.068179663175086489e+03	2.651489370999388639e-01	1.761495950635693919e-01	2.419226784278331599e-01	1.455241396948851740e-01	6.928089470060612431e-02	2.873717293099034911e-02	7.323658208180774953e-02
1.069630994239183110e+03	2.648882380307262530e-01	1.760181176198333253e-01	2.420690870134759587e-01	1.456232524577535936e-01	6.932606025276683015e-02	2.876616575835755363e-02	7.330907886671728102e-02
1.071082325303279504e+03	2.646280397272607332e-01	1.758868278831794973e-01	2.422151486197895165e-01	1.457222624678626011e-01	6.937115978457825127e-02	2.879511413675005238e-02	7.338144738021018521e-02
1.072533656367376352e+03	2.643683411963010932e-01	1.757557255773434524e-01	2.423608653456173212e-01	1.458211687670611933e-01	6.941619320548618466e-02	2.882401814360943323e-02	7.345368776421208612e-02
1.073984987431472746e+03	2.641091414473070165e-01	1.756248104263545273e-01	2.425062392625238206e-01	1.459199704174675982e-01	6.946116042858950512e-02	2.885287785563633856e-02	7.352580016175191968e-02
1.075436318495569594e+03	2.638504394924203744e-01	1.754940821545377949e-01	2.426512724152219969e-01	1.460186665011368456e-01	6.950606137056923595e-02	2.888169334880578629e-02	7.359778471693868840e-02
1.076887649559666215e+03	2.635922343464469630e-01	1.753635404865158398e-01	2.427959668219940303e-01	1.461172561197332243e-01	6.955089595161970117e-02	2.891046469838218572e-02	7.366964157493870180e-02
1.078338980623762609e+03	2.633345250268385174e-01	1.752331851472108126e-01	2.429403244751048574e-01	1.462157383942077893e-01	6.959566409538142651e-02	2.893919197893407222e-02	7.374137088195324707e-02
1.079790311687859230e+03	2.630773105536747258e-01	1.751030158618460397e-01	2.430843473412088451e-01	1.463141124644803392e-01	6.964036572887580268e-02	2.896787526434852975e-02	7.381297278519638461e-02
1.081241642751955851e+03	2.628205899496461884e-01	1.749730323559479661e-01	2.432280373617498881e-01	1.464123774891264440e-01	6.968500078244144191e-02	2.899651462784536352e-02	7.388444743287343741e-02
1.082692973816052472e+03	2.625643622400364308e-01	1.748432343553476265e-01	2.433713964533549545e-01	1.465105326450690804e-01	6.972956918967214424e-02	2.902511014199097086e-02	7.395579497415957770e-02
1.084144304880149093e+03	2.623086264527053069e-01	1.747136215861825048e-01	2.435144265082209436e-01	1.466085771272749860e-01	6.977407088735618212e-02	2.905366187871195188e-02	7.402701555917884368e-02
1.085595635944245487e+03	2.620533816180721787e-01	1.745841937748981720e-01	2.436571293944955197e-01	1.467065101484557044e-01	6.981850581541713952e-02	2.908216990930846679e-02	7.409810933898357266e-02
1.087046967008342108e+03	2.617986267690989299e-01	1.744549506482497292e-01	2.437995069566514517e-01	1.468043309387731810e-01	6.986287391685604142e-02	2.911063430446732964e-02	7.416907646553408395e-02
1.088498298072438729e+03	2.615443609412739234e-01	1.743258919333035839e-01	2.439415610158550407e-01	1.469020387455499677e-01	6.990717513769467706e-02	2.913905513427485910e-02	7.423991709167868103e-02
1.089949629136535123e+03	2.612905831725955696e-01	1.741970173574388103e-01	2.440832933703284968e-01	1.469996328329839785e-01	6.995140942692031072e-02	2.916743246822946917e-02	7.431063137113409767e-02
1.091400960200631971e+03	2.610372925035565617e-01	1.740683266483485647e-01	2.442247057957064316e-01	1.470971124818676312e-01	6.999557673643139188e-02	2.919576637525402724e-02	7.438121945846612459e-02
1.092852291264728365e+03	2.607844879771278879e-01	1.739398195340418063e-01	2.443658000453864942e-01	1.471944769893114013e-01	7.003967702098445880e-02	2.922405692370797989e-02	7.445168150907066629e-02
1.094303622328825213e+03	2.605321686387435665e-01	1.738114957428444629e-01	2.445065778508745402e-01	1.472917256684717346e-01	7.008371023814216616e-02	2.925230418139924959e-02	7.452201767915501984e-02
1.095754953392921607e+03	2.602803335362849912e-01	1.736833550034008744e-01	2.446470409221238596e-01	1.473888578482833167e-01	7.012767634822225649e-02	2.928050821559589206e-02	7.459222812571959793e-02
1.097206284457018228e+03	2.600289817200659992e-01	1.735553970446752081e-01	2.447871909478692709e-01	1.474858728731954782e-01	7.017157531424754457e-02	2.930866909303754195e-02	7.466231300653973502e-02
1.098657615521114849e+03	2.597781122428178824e-01	1.734276215959526524e-01	2.449270295959556920e-01	1.475827701029130135e-01	7.021540710189692891e-02	2.933678687994663997e-02	7.473227248014802093e-02
1.100108946585211470e+03	2.595277241596745665e-01	1.733000283868407487e-01	2.450665585136613256e-01	1.476795489121406624e-01	7.025917167945731900e-02	2.936486164203944496e-02	7.480210670581674548e-02
1.101560277649308091e+03	2.592778165281580671e-01	1.731726171472707521e-01	2.452057793280157938e-01	1.477762086903322281e-01	7.030286901777638153e-02	2.939289344453683422e-02	7.487181584354078712e-02
1.103011608713404712e+03	2.590283884081641674e-01	1.730453876074986574e-01	2.453446936461129435e-01	1.478727488414432467e-01	7.034649909021631342e-02	2.942088235217489925e-02	7.494140005402062654e-02
1.104462939777501106e+03	2.587794388619482078e-01	1.729183394981064770e-01	2.454833030554188500e-01	1.479691687836879321e-01	7.039006187260828107e-02	2.944882842921534710e-02	7.501085949864576274e-02
1.105914270841597499e+03	2.585309669541110966e-01	1.727914725500033499e-01	2.456216091240747135e-01	1.480654679492997561e-01	7.043355734320788653e-02	2.947673173945569713e-02	7.508019433947836496e-02
1.107365601905694348e+03	2.582829717515853774e-01	1.726647864944267363e-01	2.457596134011949263e-01	1.481616457842960810e-01	7.047698548265125817e-02	2.950459234623927993e-02	7.514940473923717446e-02
1.108816932969790741e+03	2.580354523236216835e-01	1.725382810629434993e-01	2.458973174171603937e-01	1.482577017482464565e-01	7.052034627391208510e-02	2.953241031246504195e-02	7.521849086128166995e-02
1.110268264033887590e+03	2.577884077417753605e-01	1.724119559874509044e-01	2.460347226839070256e-01	1.483536353140446351e-01	7.056363970225924820e-02	2.956018570059719755e-02	7.528745286959649674e-02
1.111719595097984211e+03	2.575418370798927548e-01	1.722858110001777021e-01	2.461718306952097868e-01	1.484494459676843903e-01	7.060686575521533948e-02	2.958791857267463465e-02	7.535629092877624280e-02
1.113170926162080832e+03	2.572957394140986120e-01	1.721598458336852100e-01	2.463086429269619737e-01	1.485451332080387488e-01	7.065002442251587522e-02	2.961560899032020244e-02	7.542500520401027031e-02
1.114622257226177226e+03	2.570501138227828108e-01	1.720340602208680902e-01	2.464451608374501335e-01	1.486406965466429697e-01	7.069311569606909207e-02	2.964325701474978050e-02	7.549359586106799136e-02
1.116073588290273847e+03	2.568049593865874280e-01	1.719084538949555707e-01	2.465813858676247083e-01	1.487361355074809099e-01	7.073613956991670060e-02	2.967086270678119184e-02	7.556206306628433789e-02
1.117524919354370468e+03	2.565602751883945265e-01	1.717830265895121666e-01	2.467173194413660453e-01	1.488314496267748310e-01	7.077909604019499978e-02	2.969842612684294239e-02	7.563040698654532878e-02
1.118976250418467089e+03	2.563160603133131654e-01	1.716577780384386798e-01	2.468529629657463531e-01	1.489266384527787590e-01	7.082198510509693512e-02	2.972594733498279060e-02	7.569862778927412272e-02
1.120427581482563710e+03	2.560723138486674100e-01	1.715327079759731421e-01	2.469883178312874128e-01	1.490217015455749805e-01	7.086480676483464247e-02	2.975342639087615038e-02	7.576672564241707097e-02
1.121878912546660331e+03	2.558290348839840633e-01	1.714078161366914821e-01	2.471233854122141527e-01	1.491166384768739528e-01	7.090756102160267194e-02	2.978086335383433106e-02	7.583470071443013105e-02
1.123330243610756725e+03	2.555862225109805652e-01	1.712831022555085514e-01	2.472581670667041709e-01	1.492114488298175168e-01	7.095024787954185008e-02	2.980825828281263509e-02	7.590255317426548853e-02
1.124781574674853118e+03	2.553438758235532235e-01	1.711585660676788190e-01	2.473926641371333168e-01	1.493061321987850243e-01	7.099286734470375282e-02	2.983561123641826143e-02	7.597028319135838703e-02
1.126232905738949967e+03	2.551019939177653906e-01	1.710342073087971482e-01	2.475268779503172478e-01	1.494006881892030181e-01	7.103541942501573336e-02	2.986292227291810486e-02	7.603789093561412471e-02
1.127684236803046360e+03	2.548605758918359721e-01	1.709100257147996293e-01	2.476608098177491835e-01	1.494951164173576319e-01	7.107790413024663023e-02	2.989019145024636101e-02	7.610537657739536999e-02
1.129135567867143209e+03	2.546196208461278254e-01	1.707860210219643293e-01	2.477944610358338573e-01	1.495894165102101825e-01	7.112032147197294707e-02	2.991741882601201344e-02	7.617274028750962989e-02
1.130586898931239830e+03	2.543791278831366576e-01	1.706621929669118465e-01	2.479278328861177216e-01	1.496835881052158701e-01	7.116267146354567086e-02	2.994460445750614722e-02	7.623998223719688494e-02
1.132038229995336451e+03	2.541390961074796451e-01	1.705385412866061989e-01	2.480609266355155440e-01	1.497776308501451159e-01	7.120495412005763136e-02	2.997174840170914803e-02	7.630710259811750162e-02
1.133489561059432845e+03	2.538995246258846095e-01	1.704150657183553796e-01	2.481937435365330902e-01	1.498715444029081467e-01	7.124716945831141568e-02	2.999885071529774516e-02	7.637410154234035298e-02
1.134940892123529466e+03	2.536604125471790261e-01	1.702917659998120781e-01	2.483262848274867818e-01	1.499653284313822166e-01	7.128931749678774077e-02	3.002591145465191222e-02	7.644097924233102248e-02
1.136392223187626087e+03	2.534217589822791439e-01	1.701686418689742075e-01	2.484585517327192739e-01	1.500589826132416871e-01	7.133139825561447822e-02	3.005293067586164990e-02	7.650773587094032713e-02
1.137843554251722708e+03	2.531835630441794938e-01	1.700456930641856823e-01	2.485905454628120625e-01	1.501525066357908278e-01	7.137341175653609537e-02	3.007990843473361611e-02	7.657437160139302090e-02
1.139294885315819101e+03	2.529458238479422305e-01	1.699229193241367508e-01	2.487222672147943181e-01	1.502459001957994755e-01	7.141535802288365153e-02	3.010684478679763465e-02	7.664088660727658153e-02
1.140746216379915950e+03	2.527085405106871407e-01	1.698003203878648837e-01	2.488537181723486924e-01	1.503391629993412193e-01	7.145723707954532156e-02	3.013373978731307898e-02	7.670728106253033030e-02
1.142197547444012343e+03	2.524717121515807627e-01	1.696778959947550514e-01	2.489848995060136849e-01	1.504322947616342221e-01	7.149904895293732188e-02	3.016059349127511377e-02	7.677355514143457960e-02
1.143648878508108737e+03	2.522353378918267275e-01	1.695556458845403902e-01	2.491158123733826502e-01	1.505252952068847350e-01	7.154079367097535003e-02	3.018740595342084623e-02	7.683970901860007197e-02
1.145100209572205586e+03	2.519994168546553781e-01	1.694335697973027022e-01	2.492464579193000296e-01	1.506181640681331091e-01	7.158247126304659314e-02	3.021417722823530050e-02	7.690574286895758560e-02
1.146551540636302207e+03	2.517639481653143885e-01	1.693116674734729543e-01	2.493768372760540586e-01	1.507109010871022503e-01	7.162408175998209725e-02	3.024090736995733303e-02	7.697165686774765092e-02
1.148002871700398828e+03	2.515289309510583826e-01	1.691899386538316397e-01	2.495069515635665869e-01	1.508035060140486550e-01	7.166562519402958076e-02	3.026759643258538149e-02	7.703745119051050305e-02
1.149454202764495449e+03	2.512943643411396089e-01	1.690683830795093601e-01	2.496368018895798457e-01	1.508959786076157494e-01	7.170710159882678902e-02	3.029424446988313729e-02	7.710312601307618696e-02
1.150905533828591842e+03	2.510602474667983364e-01	1.689470004919873258e-01	2.497663893498401899e-01	1.509883186346897277e-01	7.174851100937520987e-02	3.032085153538506897e-02	7.716868151155477362e-02
1.152356864892688463e+03	2.508265794612533628e-01	1.688257906330976055e-01	2.498957150282790085e-01	1.510805258702577203e-01	7.178985346201428863e-02	3.034741768240186571e-02	7.723411786232683984e-02
1.153808195956785084e+03	2.505933594596925218e-01	1.687047532450236254e-01	2.500247799971906382e-01	1.511726000972681561e-01	7.183112899439604571e-02	3.037394296402573871e-02	7.729943524203397587e-02
1.155259527020881706e+03	2.503605865992637458e-01	1.685838880703005305e-01	2.501535853174075563e-01	1.512645411064935663e-01	7.187233764546004100e-02	3.040042743313564957e-02	7.736463382756962603e-02
1.156710858084978327e+03	2.501282600190657401e-01	1.684631948518156008e-01	2.502821320384727155e-01	1.513563486963954707e-01	7.191347945540892128e-02	3.042687114240240701e-02	7.742971379606990168e-02
1.158162189149074720e+03	2.498963788601390179e-01	1.683426733328085567e-01	2.504104211988091300e-01	1.514480226729915391e-01	7.195455446568416180e-02	3.045327414429366275e-02	7.749467532490468547e-02
1.159613520213171569e+03	2.496649422654569350e-01	1.682223232568719196e-01	2.505384538258867977e-01	1.515395628497250569e-01	7.199556271894240467e-02	3.047963649107883477e-02	7.755951859166879125e-02
1.161064851277267962e+03	2.494339493799169749e-01	1.681021443679513727e-01	2.506662309363869023e-01	1.516309690473362504e-01	7.203650425903206089e-02	3.050595823483387425e-02	7.762424377417330434e-02
1.162516182341364356e+03	2.492033993503318390e-01	1.679821364103460113e-01	2.507937535363635173e-01	1.517222410937358601e-01	7.207737913097037041e-02	3.053223942744599448e-02	7.768885105043714379e-02
1.163967513405461204e+03	2.489732913254209812e-01	1.678622991287087030e-01	2.509210226214025896e-01	1.518133788238807680e-01	7.211818738092079517e-02	3.055848012061826435e-02	7.775334059867861081e-02
1.165418844469557826e+03	2.487436244558020593e-01	1.677426322680463100e-01	2.510480391767784814e-01	1.519043820796516786e-01	7.215892905617082853e-02	3.058468036587410829e-02	7.781771259730722867e-02
1.166870175533654447e+03	2.485143978939824694e-01	1.676231355737199669e-01	2.511748041776080687e-01	1.519952507097327155e-01	7.219960420511012389e-02	3.061084021456174364e-02	7.788196722491563806e-02
1.168321506597751068e+03	2.482856107943509916e-01	1.675038087914453577e-01	2.513013185890022316e-01	1.520859845694930157e-01	7.224021287720901185e-02	3.063695971785848279e-02	7.794610466027165896e-02
1.169772837661847461e+03	2.480572623131695742e-01	1.673846516672929108e-01	2.514275833662151238e-01	1.521765835208703233e-01	7.228075512299740601e-02	3.066303892677499018e-02	7.801012508231042197e-02
1.171224168725944082e+03	2.478293516085651182e-01	1.672656639476880758e-01	2.515535994547909437e-01	1.522670474322563861e-01	7.232123099404401401e-02	3.068907789215941095e-02	7.807402867012676329e-02
1.172675499790040703e+03	2.476018778405215393e-01	1.671468453794115461e-01	2.516793677907083748e-01	1.523573761783843239e-01	7.236164054293588166e-02	3.071507666470143366e-02	7.813781560296760575e-02
1.174126830854137097e+03	2.473748401708716627e-01	1.670281957095993419e-01	2.518048893005228051e-01	1.524475696402176894e-01	7.240198382325832571e-02	3.074103529493627668e-02	7.820148606022460369e-02
1.175578161918233945e+03	2.471482377632893968e-01	1.669097146857431158e-01	2.519301649015062150e-01	1.525376277048414719e-01	7.244226088957519960e-02	3.076695383324855662e-02	7.826504022142677375e-02
1.177029492982330339e+03	2.469220697832818501e-01	1.667914020556902910e-01	2.520551955017849011e-01	1.526275502653548777e-01	7.248247179740936741e-02	3.079283232987611862e-02	7.832847826623334786e-02
1.178480824046426733e+03	2.466963353981817264e-01	1.666732575676442007e-01	2.521799820004749226e-01	1.527173372207656921e-01	7.252261660322371906e-02	3.081867083491374865e-02	7.839180037442675109e-02
1.179932155110523581e+03	2.464710337771395532e-01	1.665552809701642267e-01	2.523045252878154954e-01	1.528069884758866959e-01	7.256269536440232426e-02	3.084446939831683374e-02	7.845500672590560720e-02
1.181383486174620202e+03	2.462461640911162708e-01	1.664374720121659657e-01	2.524288262453002751e-01	1.528965039412334415e-01	7.260270813923190569e-02	3.087022806990491475e-02	7.851809750067796634e-02
1.182834817238716823e+03	2.460217255128755998e-01	1.663198304429213403e-01	2.525528857458064214e-01	1.529858835329238609e-01	7.264265498688375622e-02	3.089594689936520436e-02	7.858107287885458814e-02
1.184286148302813444e+03	2.457977172169767133e-01	1.662023560120587107e-01	2.526767046537217176e-01	1.530751271725794838e-01	7.268253596739579492e-02	3.092162593625598713e-02	7.864393304064234980e-02
1.185737479366910065e+03	2.455741383797669652e-01	1.660850484695629570e-01	2.528002838250697493e-01	1.531642347872282928e-01	7.272235114165503944e-02	3.094726523000996404e-02	7.870667816633779290e-02
1.187188810431006686e+03	2.453509881793745628e-01	1.659679075657756742e-01	2.529236241076328051e-01	1.532532063092091612e-01	7.276210057138031428e-02	3.097286482993754156e-02	7.876930843632072576e-02
1.188640141495103080e+03	2.451282657957013777e-01	1.658509330513949775e-01	2.530467263410732803e-01	1.533420416760777893e-01	7.280178431910523662e-02	3.099842478523001307e-02	7.883182403104802005e-02
1.190091472559199701e+03	2.449059704104160073e-01	1.657341246774759191e-01	2.531695913570528034e-01	1.534307408305143339e-01	7.284140244816156295e-02	3.102394514496270572e-02	7.889422513104742130e-02
1.191542803623296322e+03	2.446841012069465304e-01	1.656174821954302656e-01	2.532922199793494200e-01	1.535193037202323696e-01	7.288095502266266068e-02	3.104942595809803696e-02	7.895651191691151205e-02
1.192994134687392716e+03	2.444626573704737627e-01	1.655010053570266926e-01	2.534146130239731676e-01	1.536077302978894055e-01	7.292044210748747923e-02	3.107486727348850522e-02	7.901868456929177220e-02
1.194445465751489564e+03	2.442416380879242344e-01	1.653846939143907568e-01	2.535367712992799283e-01	1.536960205209988994e-01	7.295986376826454900e-02	3.110026913987963895e-02	7.908074326889273642e-02
1.195896796815585958e+03	2.440210425479634737e-01	1.652685476200049797e-01	2.536586956060830067e-01	1.537841743518437998e-01	7.299922007135639657e-02	3.112563160591282768e-02	7.914268819646629038e-02
1.197348127879682352e+03	2.438008699409891511e-01	1.651525662267087913e-01	2.537803867377633193e-01	1.538721917573912246e-01	7.303851108384418200e-02	3.115095472012814962e-02	7.920451953280598090e-02
1.198799458943779200e+03	2.435811194591246120e-01	1.650367494876985308e-01	2.539018454803776415e-01	1.539600727092088339e-01	7.307773687351262759e-02	3.117623853096711251e-02	7.926623745874150639e-02
1.200250790007875821e+03	2.433617902962120216e-01	1.649210971565275297e-01	2.540230726127651883e-01	1.540478171833823684e-01	7.311689750883512695e-02	3.120148308677531124e-02	7.932784215513327686e-02
1.201702121071972442e+03	2.431428816478060362e-01	1.648056089871060559e-01	2.541440689066528091e-01	1.541354251604346859e-01	7.315599305895911786e-02	3.122668843580506115e-02	7.938933380286702923e-02
1.203153452136069063e+03	2.429243927111671419e-01	1.646902847337012310e-01	2.542648351267580709e-01	1.542228966252460476e-01	7.319502359369174649e-02	3.125185462621794114e-02	7.945071258284859550e-02
1.204604783200165684e+03	2.427063226852554934e-01	1.645751241509370855e-01	2.543853720308907884e-01	1.543102315669756253e-01	7.323398918348572595e-02	3.127698170608730899e-02	7.951197867599871238e-02
1.206056114264262078e+03	2.424886707707243072e-01	1.644601269937944754e-01	2.545056803700531667e-01	1.543974299789845628e-01	7.327288989942552788e-02	3.130206972340073696e-02	7.957313226324795596e-02
1.207507445328358699e+03	2.422714361699137564e-01	1.643452930176109994e-01	2.546257608885383328e-01	1.544844918587599258e-01	7.331172581321358794e-02	3.132711872606238485e-02	7.963417352553174566e-02
1.208958776392455093e+03	2.420546180868445862e-01	1.642306219780809706e-01	2.547456143240270365e-01	1.545714172078403170e-01	7.335049699715701088e-02	3.135212876189535230e-02	7.969510264378543152e-02
1.210410107456551941e+03	2.418382157272121469e-01	1.641161136312553614e-01	2.548652414076830741e-01	1.546582060317423235e-01	7.338920352415433113e-02	3.137709987864394090e-02	7.975591979893946470e-02
1.211861438520648335e+03	2.416222282983801206e-01	1.640017677335418034e-01	2.549846428642472129e-01	1.547448583398884359e-01	7.342784546768246767e-02	3.140203212397590232e-02	7.981662517191472073e-02
1.213312769584745183e+03	2.414066550093746100e-01	1.638875840417042262e-01	2.551038194121294511e-01	1.548313741455359660e-01	7.346642290178403978e-02	3.142692554548456862e-02	7.987721894361776709e-02
1.214764100648841804e+03	2.411914950708780314e-01	1.637735623128631357e-01	2.552227717635000004e-01	1.549177534657073807e-01	7.350493590105479369e-02	3.145178019069101716e-02	7.993770129493631138e-02
1.216215431712937971e+03	2.409767476952232590e-01	1.636597023044952803e-01	2.553415006243786034e-01	1.550039963211214400e-01	7.354338454063125141e-02	3.147659610704613142e-02	7.999807240673474651e-02
1.217666762777034819e+03	2.407624120963877401e-01	1.635460037744335404e-01	2.554600066947227965e-01	1.550901027361257511e-01	7.358176889617860927e-02	3.150137334193258559e-02	8.005833245984968205e-02
1.219118093841131440e+03	2.405484874899876668e-01	1.634324664808669281e-01	2.555782906685145073e-01	1.551760727386302940e-01	7.362008904387878916e-02	3.152611194266687067e-02	8.011848163508566989e-02
1.220569424905228061e+03	2.403349730932721751e-01	1.633190901823403929e-01	2.556963532338452638e-01	1.552619063600421123e-01	7.365834506041871177e-02	3.155081195650120268e-02	8.017852011321086048e-02
1.222020755969324682e+03	2.401218681251177101e-01	1.632058746377546832e-01	2.558141950730002390e-01	1.553476036352009759e-01	7.369653702297877806e-02	3.157547343062538925e-02	8.023844807495289499e-02
1.223472087033421303e+03	2.399091718060223366e-01	1.630928196063662627e-01	2.559318168625409062e-01	1.554331646023161539e-01	7.373466500922151723e-02	3.160009641216867532e-02	8.029826570099478367e-02
1.224923418097517697e+03	2.396968833581001046e-01	1.629799248477871165e-01	2.560492192733861971e-01	1.555185893029043531e-01	7.377272909728048444e-02	3.162468094820154035e-02	8.035797317197077017e-02
1.226374749161614318e+03	2.394850020050755257e-01	1.628671901219846396e-01	2.561664029708928814e-01	1.556038777817284335e-01	7.381072936574924193e-02	3.164922708573743304e-02	8.041757066846248747e-02
1.227826080225710712e+03	2.392735269722780223e-01	1.627546151892813875e-01	2.562833686149338375e-01	1.556890300867373178e-01	7.384866589367063139e-02	3.167373487173447133e-02	8.047705837099498882e-02
1.229277411289807560e+03	2.390624574866365704e-01	1.626421998103550759e-01	2.564001168599759906e-01	1.557740462690067329e-01	7.388653876052618530e-02	3.169820435309712858e-02	8.053643646003293133e-02
1.230728742353903954e+03	2.388517927766742044e-01	1.625299437462382479e-01	2.565166483551567511e-01	1.558589263826812010e-01	7.392434804622567690e-02	3.172263557667782258e-02	8.059570511597681508e-02
1.232180073418000802e+03	2.386415320725026046e-01	1.624178467583181074e-01	2.566329637443586220e-01	1.559436704849166688e-01	7.396209383109690616e-02	3.174702858927850452e-02	8.065486451915930555e-02
1.233631404482097196e+03	2.384316746058170178e-01	1.623059086083365188e-01	2.567490636662834724e-01	1.560282786358242191e-01	7.399977619587568001e-02	3.177138343765219947e-02	8.071391484984155595e-02
1.235082735546193817e+03	2.382222196098907341e-01	1.621941290583896744e-01	2.568649487545254240e-01	1.561127508984148093e-01	7.403739522169582032e-02	3.179570016850451902e-02	8.077285628820971009e-02
1.236534066610290438e+03	2.380131663195700353e-01	1.620825078709278166e-01	2.569806196376421825e-01	1.561970873385447045e-01	7.407495099007953276e-02	3.181997882849509768e-02	8.083168901437133569e-02
1.237985397674387059e+03	2.378045139712689771e-01	1.619710448087551546e-01	2.570960769392257594e-01	1.562812880248619918e-01	7.411244358292780332e-02	3.184421946423902222e-02	8.089041320835203830e-02
1.239436728738483680e+03	2.375962618029642259e-01	1.618597396350296702e-01	2.572113212779716385e-01	1.563653530287539284e-01	7.414987308251097531e-02	3.186842212230824728e-02	8.094902905009201954e-02
1.240888059802580301e+03	2.373884090541900360e-01	1.617485921132628124e-01	2.573263532677474430e-01	1.564492824242950664e-01	7.418723957145956227e-02	3.189258684923290676e-02	8.100753671944282974e-02
1.242339390866676695e+03	2.371809549660331418e-01	1.616376020073193864e-01	2.574411735176597715e-01	1.565330762881963766e-01	7.422454313275517190e-02	3.191671369150264614e-02	8.106593639616409275e-02
1.243790721930773088e+03	2.369738987811278730e-01	1.615267690814172485e-01	2.575557826321207000e-01	1.566167346997551224e-01	7.426178384972148550e-02	3.194080269556789919e-02	8.112422825992025854e-02
1.245242052994869937e+03	2.367672397436511034e-01	1.614160931001271115e-01	2.576701812109125633e-01	1.567002577408055375e-01	7.429896180601555655e-02	3.196485390784114394e-02	8.118241249027752238e-02
1.246693384058966330e+03	2.365609770993173933e-01	1.613055738283722673e-01	2.577843698492524038e-01	1.567836454956704206e-01	7.433607708561919269e-02	3.198886737469811004e-02	8.124048926670073001e-02
1.248144715123063179e+03	2.363551100953740491e-01	1.611952110314283926e-01	2.578983491378550319e-01	1.568668980511134237e-01	7.437312977283040694e-02	3.201284314247894447e-02	8.129845876855031073e-02
1.249596046187159800e+03	2.361496379805963775e-01	1.610850044749232990e-01	2.580121196629948099e-01	1.569500154962922556e-01	7.441011995225516040e-02	3.203678125748937733e-02	8.135632117507934913e-02
1.251047377251256421e+03	2.359445600052828829e-01	1.609749539248365724e-01	2.581256820065672142e-01	1.570329979227123862e-01	7.444704770879910505e-02	3.206068176600181813e-02	8.141407666543064303e-02
1.252498708315352815e+03	2.357398754212504666e-01	1.608650591474995728e-01	2.582390367461487313e-01	1.571158454241819435e-01	7.448391312765954841e-02	3.208454471425646604e-02	8.147172541863384465e-02
1.253950039379449436e+03	2.355355834818298189e-01	1.607553199095948793e-01	2.583521844550563107e-01	1.571985580967669993e-01	7.452071629431752942e-02	3.210837014846232990e-02	8.152926761360265728e-02
1.255401370443546057e+03	2.353316834418605619e-01	1.606457359781562622e-01	2.584651257024055404e-01	1.572811360387476876e-01	7.455745729453006065e-02	3.213215811479827599e-02	8.158670342913204587e-02
1.256852701507642678e+03	2.351281745576868643e-01	1.605363071205682390e-01	2.585778610531682120e-01	1.573635793505751002e-01	7.459413621432245400e-02	3.215590865941404114e-02	8.164403304389553084e-02
1.258304032571739299e+03	2.349250560871526394e-01	1.604270331045659082e-01	2.586903910682284979e-01	1.574458881348289319e-01	7.463075313998078497e-02	3.217962182843114860e-02	8.170125663644256520e-02
1.259755363635835920e+03	2.347223272895970769e-01	1.603179136982345598e-01	2.588027163044388512e-01	1.575280624961756804e-01	7.466730815804455135e-02	3.220329766794387955e-02	8.175837438519588385e-02
1.261206694699932314e+03	2.345199874258500627e-01	1.602089486700095655e-01	2.589148373146746840e-01	1.576101025413276513e-01	7.470380135529934573e-02	3.222693622402018204e-02	8.181538646844895013e-02
1.262658025764028707e+03	2.343180357582278495e-01	1.601001377886759058e-01	2.590267546478882132e-01	1.576920083790026295e-01	7.474023281876977787e-02	3.225053754270255230e-02	8.187229306436347165e-02
1.264109356828125556e+03	2.341164715505283100e-01	1.599914808233680041e-01	2.591384688491616961e-01	1.577737801198842438e-01	7.477660263571241084e-02	3.227410167000887425e-02	8.192909435096681903e-02
1.265560687892221949e+03	2.339152940680268578e-01	1.598829775435693656e-01	2.592499804597593327e-01	1.578554178765828597e-01	7.481291089360889157e-02	3.229762865193327309e-02	8.198579050614976382e-02
1.267012018956318798e+03	2.337145025774718388e-01	1.597746277191122999e-01	2.593612900171788915e-01	1.579369217635972211e-01	7.484915768015917847e-02	3.232111853444692706e-02	8.204238170766398053e-02
1.268463350020415419e+03	2.335140963470801745e-01	1.596664311201776432e-01	2.594723980552023357e-01	1.580182918972767858e-01	7.488534308327482458e-02	3.234457136349880996e-02	8.209886813311975673e-02
1.269914681084511813e+03	2.333140746465332538e-01	1.595583875172943700e-01	2.595833051039455053e-01	1.580995283957845887e-01	7.492146719107246888e-02	3.236798718501648214e-02	8.215524995998370328e-02
1.271366012148608434e+03	2.331144367469724088e-01	1.594504966813393709e-01	2.596940116899071338e-01	1.581806313790606877e-01	7.495753009186745253e-02	3.239136604490681914e-02	8.221152736557647833e-02
1.272817343212705055e+03	2.329151819209947794e-01	1.593427583835371197e-01	2.598045183360174204e-01	1.582616009687863867e-01	7.499353187416739341e-02	3.241470798905669165e-02	8.226770052707062242e-02
1.274268674276801676e+03	2.327163094426491219e-01	1.592351723954592568e-01	2.599148255616850478e-01	1.583424372883488196e-01	7.502947262666602446e-02	3.243801306333370105e-02	8.232376962148839350e-02
1.275720005340898297e+03	2.325178185874315351e-01	1.591277384890244229e-01	2.600249338828445334e-01	1.584231404628063666e-01	7.506535243823708736e-02	3.246128131358678309e-02	8.237973482569960204e-02
1.277171336404994690e+03	2.323197086322813798e-01	1.590204564364978146e-01	2.601348438120018591e-01	1.585037106188544320e-01	7.510117139792836516e-02	3.248451278564690875e-02	8.243559631641957097e-02
1.278622667469091539e+03	2.321219788555771157e-01	1.589133260104909073e-01	2.602445558582798801e-01	1.585841478847919706e-01	7.513692959495568702e-02	3.250770752532765318e-02	8.249135427020706790e-02
1.280073998533187932e+03	2.319246285371322214e-01	1.588063469839610942e-01	2.603540705274631217e-01	1.586644523904884585e-01	7.517262711869721059e-02	3.253086557842582716e-02	8.254700886346233446e-02
1.281525329597284326e+03	2.317276569581911139e-01	1.586995191302113528e-01	2.604633883220416335e-01	1.587446242673513364e-01	7.520826405868771825e-02	3.255398699072203222e-02	8.260256027242508792e-02
1.282976660661381175e+03	2.315310634014250413e-01	1.585928422228899404e-01	2.605725097412542324e-01	1.588246636482942564e-01	7.524384050461298268e-02	3.257707180798124352e-02	8.265800867317261991e-02
1.284427991725477568e+03	2.313348471509283077e-01	1.584863160359900047e-01	2.606814352811308022e-01	1.589045706677056358e-01	7.527935654630431295e-02	3.260012007595330941e-02	8.271335424161788130e-02
1.285879322789574417e+03	2.311390074922139992e-01	1.583799403438492792e-01	2.607901654345348708e-01	1.589843454614177920e-01	7.531481227373311438e-02	3.262313184037352043e-02	8.276859715350767810e-02
1.287330653853671038e+03	2.309435437122102641e-01	1.582737149211496941e-01	2.608987006912042439e-01	1.590639881666765787e-01	7.535020777700561501e-02	3.264610714696305344e-02	8.282373758442077016e-02
1.288781984917767431e+03	2.307484550992562333e-01	1.581676395429170989e-01	2.610070415377919728e-01	1.591434989221116592e-01	7.538554314635760589e-02	3.266904604142949198e-02	8.287877570976616426e-02
1.290233315981864052e+03	2.305537409430982454e-01	1.580617139845207630e-01	2.611151884579062110e-01	1.592228778677069745e-01	7.542081847214937573e-02	3.269194856946726346e-02	8.293371170478137933e-02
