1.001418434226643626e+03	2.855045623945671185e-01	1.707626111790606915e-01	2.343803243730367414e-01	1.424065924860001275e-01	6.913810182633972623e-02	2.764777030958684087e-02	7.016003743137438908e-02
1.002869765290740247e+03	2.852419471753155356e-01	1.706031963021191200e-01	2.345577398045387563e-01	1.425154607110641070e-01	6.918269874886838477e-02	2.767203049577200355e-02	7.022692676228771413e-02
1.004321096354836754e+03	2.849797856002709295e-01	1.704440568116164234e-01	2.347348424777088161e-01	1.426241332429813435e-01	6.922722017535211381e-02	2.769625884527810583e-02	7.029370284675792724e-02
1.005772427418933376e+03	2.847180768848507348e-01	1.702851922312136612e-01	2.349116329352033683e-01	1.427326104509414051e-01	6.927166623468686280e-02	2.772045540039293557e-02	7.036036586267664650e-02
1.007223758483029997e+03	2.844568202458335748e-01	1.701266020853986760e-01	2.350881117187397507e-01	1.428408927033370246e-01	6.931603705551171724e-02	2.774462020334063708e-02	7.042691598780416451e-02
1.008675089547126618e+03	2.841960149013568748e-01	1.699682858994847334e-01	2.352642793690977452e-01	1.429489803677663484e-01	6.936033276620988397e-02	2.776875329628188810e-02	7.049335339976799120e-02
1.010126420611223239e+03	2.839356600709143641e-01	1.698102431996090789e-01	2.354401364261212437e-01	1.430568738110356286e-01	6.940455349490970427e-02	2.779285472131405588e-02	7.055967827606143827e-02
1.011577751675319632e+03	2.836757549753536889e-01	1.696524735127313555e-01	2.356156834287197188e-01	1.431645733991616376e-01	6.944869936948556977e-02	2.781692452047138803e-02	7.062589079404209269e-02
1.013029082739416367e+03	2.834162988368741920e-01	1.694949763666323272e-01	2.357909209148700280e-01	1.432720794973741940e-01	6.949277051755901879e-02	2.784096273572517904e-02	7.069199113093052600e-02
1.014480413803512761e+03	2.831572908790243592e-01	1.693377512899122972e-01	2.359658494216179125e-01	1.433793924701185218e-01	6.953676706649961070e-02	2.786496940898394031e-02	7.075797946380882331e-02
1.015931744867609382e+03	2.828987303266995434e-01	1.691807978119896916e-01	2.361404694850796626e-01	1.434865126810578317e-01	6.958068914342593891e-02	2.788894458209356664e-02	7.082385596961922325e-02
1.017383075931706003e+03	2.826406164061395221e-01	1.690241154630995890e-01	2.363147816404437551e-01	1.435934404930757080e-01	6.962453687520656076e-02	2.791288829683750625e-02	7.088962082516279961e-02
1.018834406995802851e+03	2.823829483449262212e-01	1.688677037742924436e-01	2.364887864219723523e-01	1.437001762682784400e-01	6.966831038846094115e-02	2.793680059493693080e-02	7.095527420709805966e-02
1.020285738059899245e+03	2.821257253719813285e-01	1.687115622774323920e-01	2.366624843630030783e-01	1.438067203679974926e-01	6.971200980956043791e-02	2.796068151805090538e-02	7.102081629193970902e-02
1.021737069123995752e+03	2.818689467175639063e-01	1.685556905051960042e-01	2.368358759959504622e-01	1.439130731527919760e-01	6.975563526462916220e-02	2.798453110777654115e-02	7.108624725605726391e-02
1.023188400188092373e+03	2.816126116132680601e-01	1.684000879910708404e-01	2.370089618523075481e-01	1.440192349824509499e-01	6.979918687954496381e-02	2.800834940564917580e-02	7.115156727567380213e-02
1.024639731252188767e+03	2.813567192920205517e-01	1.682447542693538967e-01	2.371817424626476156e-01	1.441252062159957548e-01	6.984266477994033329e-02	2.803213645314252614e-02	7.121677652686470017e-02
1.026091062316285615e+03	2.811012689880784676e-01	1.680896888751503004e-01	2.373542183566257346e-01	1.442309872116823710e-01	6.988606909120329003e-02	2.805589229166885121e-02	7.128187518555637037e-02
1.027542393380382237e+03	2.808462599370269430e-01	1.679348913443718117e-01	2.375263900629802361e-01	1.443365783270038893e-01	6.992939993847831215e-02	2.807961696257911532e-02	7.134686342752502575e-02
1.028993724444478858e+03	2.805916913757768305e-01	1.677803612137354905e-01	2.376982581095344604e-01	1.444419799186927034e-01	6.997265744666722465e-02	2.810331050716315462e-02	7.141174142839544492e-02
1.030445055508575479e+03	2.803375625425623130e-01	1.676260980207622264e-01	2.378698230231982014e-01	1.445471923427228134e-01	7.001584174043008757e-02	2.812697296664982624e-02	7.147650936363980634e-02
1.031896386572671872e+03	2.800838726769385167e-01	1.674721013037752393e-01	2.380410853299694540e-01	1.446522159543122688e-01	7.005895294418605646e-02	2.815060438220716096e-02	7.154116740857648093e-02
1.033347717636768493e+03	2.798306210197794019e-01	1.673183706018988304e-01	2.382120455549358584e-01	1.447570511079253330e-01	7.010199118211432601e-02	2.817420479494254712e-02	7.160571573836886639e-02
1.034799048700865114e+03	2.795778068132752092e-01	1.671649054550568003e-01	2.383827042222763370e-01	1.448616981572748430e-01	7.014495657815489338e-02	2.819777424590285200e-02	7.167015452802419362e-02
1.036250379764961508e+03	2.793254293009303502e-01	1.670117054039712001e-01	2.385530618552626214e-01	1.449661574553244014e-01	7.018784925600951574e-02	2.822131277607460575e-02	7.173448395239244435e-02
1.037701710829058356e+03	2.790734877275609094e-01	1.668587699901608601e-01	2.387231189762608896e-01	1.450704293542906254e-01	7.023066933914251520e-02	2.824482042638414708e-02	7.179870418616522698e-02
1.039153041893154750e+03	2.788219813392924240e-01	1.667060987559399188e-01	2.388928761067332651e-01	1.451745142056455329e-01	7.027341695078165307e-02	2.826829723769776551e-02	7.186281540387459699e-02
1.040604372957251599e+03	2.785709093835576633e-01	1.665536912444164908e-01	2.390623337672394821e-01	1.452784123601185973e-01	7.031609221391896258e-02	2.829174325082186095e-02	7.192681777989205771e-02
1.042055704021347992e+03	2.783202711090942971e-01	1.664015469994913621e-01	2.392314924774383289e-01	1.453821241676990506e-01	7.035869525131155378e-02	2.831515850650310334e-02	7.199071148842740853e-02
1.043507035085444613e+03	2.780700657659424535e-01	1.662496655658563804e-01	2.394003527560893407e-01	1.454856499776381595e-01	7.040122618548247391e-02	2.833854304542857486e-02	7.205449670352771785e-02
1.044958366149541234e+03	2.778202926054426647e-01	1.660980464889931785e-01	2.395689151210542156e-01	1.455889901384512242e-01	7.044368513872155402e-02	2.836189690822591911e-02	7.211817359907628233e-02
1.046409697213637855e+03	2.775709508802334802e-01	1.659466893151718969e-01	2.397371800892985072e-01	1.456921449979199368e-01	7.048607223308617220e-02	2.838522013546349379e-02	7.218174234879154438e-02
1.047861028277734476e+03	2.773220398442491352e-01	1.657955935914496304e-01	2.399051481768930683e-01	1.457951149030944915e-01	7.052838759040208627e-02	2.840851276765051295e-02	7.224520312622612073e-02
1.049312359341831097e+03	2.770735587527173305e-01	1.656447588656690395e-01	2.400728198990156881e-01	1.458979002002957770e-01	7.057063133226426643e-02	2.843177484523719961e-02	7.230855610476578932e-02
1.050763690405927491e+03	2.768255068621569004e-01	1.654941846864571575e-01	2.402401957699525914e-01	1.460005012351174303e-01	7.061280358003760305e-02	2.845500640861493152e-02	7.237180145762849015e-02
1.052215021470024112e+03	2.765778834303756484e-01	1.653438706032237526e-01	2.404072763030999371e-01	1.461029183524281405e-01	7.065490445485785032e-02	2.847820749811638685e-02	7.243493935786333993e-02
1.053666352534120733e+03	2.763306877164682374e-01	1.651938161661601345e-01	2.405740620109654559e-01	1.462051518963736196e-01	7.069693407763223691e-02	2.850137815401567951e-02	7.249796997834968837e-02
1.055117683598217127e+03	2.760839189808135252e-01	1.650440209262377389e-01	2.407405534051699492e-01	1.463072022103787950e-01	7.073889256904039580e-02	2.852451841652850831e-02	7.256089349179614678e-02
1.056569014662313975e+03	2.758375764850725109e-01	1.648944844352067673e-01	2.409067509964488429e-01	1.464090696371498912e-01	7.078078004953504421e-02	2.854762832581230272e-02	7.262371007073967211e-02
1.058020345726410369e+03	2.755916594921862250e-01	1.647452062455947441e-01	2.410726552946536594e-01	1.465107545186765392e-01	7.082259663934280247e-02	2.857070792196636511e-02	7.268641988754465100e-02
1.059471676790506763e+03	2.753461672663733983e-01	1.645961859107052949e-01	2.412382668087536541e-01	1.466122571962338861e-01	7.086434245846490176e-02	2.859375724503200253e-02	7.274902311440191449e-02
1.060923007854603611e+03	2.751010990731280192e-01	1.644474229846165925e-01	2.414035860468372319e-01	1.467135780103845932e-01	7.090601762667797514e-02	2.861677633499267945e-02	7.281151992332798861e-02
1.062374338918700232e+03	2.748564541792173355e-01	1.642989170221801354e-01	2.415686135161135006e-01	1.468147173009810014e-01	7.094762226353483470e-02	2.863976523177414954e-02	7.287391048616408129e-02
1.063825669982796853e+03	2.746122318526796335e-01	1.641506675790193603e-01	2.417333497229139372e-01	1.469156754071670457e-01	7.098915648836516545e-02	2.866272397524458754e-02	7.293619497457526357e-02
1.065277001046893474e+03	2.743684313628219629e-01	1.640026742115282543e-01	2.418977951726937192e-01	1.470164526673804206e-01	7.103062042027631640e-02	2.868565260521474189e-02	7.299837356004960920e-02
1.066728332110990095e+03	2.741250519802177488e-01	1.638549364768700500e-01	2.420619503700332520e-01	1.471170494193545786e-01	7.107201417815398048e-02	2.870855116143805619e-02	7.306044641389732031e-02
1.068179663175086489e+03	2.738820929767047940e-01	1.637074539329758383e-01	2.422258158186398336e-01	1.472174660001207558e-01	7.111333788066293016e-02	2.873141968361082529e-02	7.312241370724996414e-02
1.069630994239183110e+03	2.736395536253829475e-01	1.635602261385432632e-01	2.423893920213490705e-01	1.473177027460099431e-01	7.115459164624780841e-02	2.875425821137230289e-02	7.318427561105961265e-02
1.071082325303279504e+03	2.733974332006119390e-01	1.634132526530350793e-01	2.425526794801264041e-01	1.474177599926548843e-01	7.119577559313378101e-02	2.877706678430486109e-02	7.324603229609799593e-02
1.072533656367376352e+03	2.731557309780092146e-01	1.632665330366779299e-01	2.427156786960685542e-01	1.475176380749921301e-01	7.123688983932724428e-02	2.879984544193410836e-02	7.330768393295576668e-02
1.073984987431472746e+03	2.729144462344475497e-01	1.631200668504609319e-01	2.428783901694051561e-01	1.476173373272640088e-01	7.127793450261657449e-02	2.882259422372903182e-02	7.336923069204170922e-02
1.075436318495569594e+03	2.726735782480531611e-01	1.629738536561343432e-01	2.430408143995001491e-01	1.477168580830204858e-01	7.131890970057279400e-02	2.884531316910212209e-02	7.343067274358193453e-02
1.076887649559666215e+03	2.724331262982031543e-01	1.628278930162082305e-01	2.432029518848533300e-01	1.478162006751213287e-01	7.135981555055030678e-02	2.886800231740950864e-02	7.349201025761914474e-02
1.078338980623762609e+03	2.721930896655235799e-01	1.626821844939511930e-01	2.433648031231018249e-01	1.479153654357378556e-01	7.140065216968755069e-02	2.889066170795109162e-02	7.355324340401188377e-02
1.079790311687859230e+03	2.719534676318872690e-01	1.625367276533889738e-01	2.435263686110216153e-01	1.480143526963549894e-01	7.144141967490769130e-02	2.891329137997066673e-02	7.361437235243378785e-02
1.081241642751955851e+03	2.717142594804113909e-01	1.623915220593031006e-01	2.436876488445289812e-01	1.481131627877732004e-01	7.148211818291934361e-02	2.893589137265606057e-02	7.367539727237287783e-02
1.082692973816052472e+03	2.714754644954556762e-01	1.622465672772296363e-01	2.438486443186820563e-01	1.482117960401102830e-01	7.152274781021719652e-02	2.895846172513925204e-02	7.373631833313083750e-02
1.084144304880149093e+03	2.712370819626197527e-01	1.621018628734578471e-01	2.440093555276822423e-01	1.483102527828034922e-01	7.156330867308270671e-02	2.898100247649650768e-02	7.379713570382233356e-02
1.085595635944245487e+03	2.709991111687414245e-01	1.619574084150288140e-01	2.441697829648757645e-01	1.484085333446112931e-01	7.160380088758477868e-02	2.900351366574850306e-02	7.385784955337428015e-02
1.087046967008342108e+03	2.707615514018942293e-01	1.618132034697341570e-01	2.443299271227551139e-01	1.485066380536153030e-01	7.164422456958038921e-02	2.902599533186044772e-02	7.391846005052517266e-02
1.088498298072438729e+03	2.705244019513852738e-01	1.616692476061147576e-01	2.444897884929605192e-01	1.486045672372221793e-01	7.168457983471532291e-02	2.904844751374221351e-02	7.397896736382444938e-02
1.089949629136535123e+03	2.702876621077534569e-01	1.615255403934593437e-01	2.446493675662814171e-01	1.487023212221654789e-01	7.172486679842471347e-02	2.907087025024845950e-02	7.403937166163178374e-02
1.091400960200631971e+03	2.700513311627667501e-01	1.613820814018033512e-01	2.448086648326579795e-01	1.487999003345075177e-01	7.176508557593379301e-02	2.909326358017876382e-02	7.409967311211644592e-02
1.092852291264728365e+03	2.698154084094204208e-01	1.612388702019273978e-01	2.449676807811825563e-01	1.488973048996412585e-01	7.180523628225847499e-02	2.911562754227772776e-02	7.415987188325674773e-02
1.094303622328825213e+03	2.695798931419348121e-01	1.610959063653561174e-01	2.451264159001010634e-01	1.489945352422921698e-01	7.184531903220600646e-02	2.913796217523512144e-02	7.421996814283927935e-02
1.095754953392921607e+03	2.693447846557530667e-01	1.609531894643568550e-01	2.452848706768145925e-01	1.490915916865200308e-01	7.188533394037563418e-02	2.916026751768598449e-02	7.427996205845839583e-02
1.097206284457018228e+03	2.691100822475391285e-01	1.608107190719383350e-01	2.454430455978807990e-01	1.491884745557207903e-01	7.192528112115917360e-02	2.918254360821075782e-02	7.433985379751556488e-02
1.098657615521114849e+03	2.688757852151756889e-01	1.606684947618493287e-01	2.456009411490153449e-01	1.492851841726283157e-01	7.196516068874168892e-02	2.920479048533540858e-02	7.439964352721877006e-02
1.100108946585211470e+03	2.686418928577617993e-01	1.605265161085774328e-01	2.457585578150933703e-01	1.493817208593163359e-01	7.200497275710210365e-02	2.922700818753155155e-02	7.445933141458192794e-02
1.101560277649308091e+03	2.684084044756109844e-01	1.603847826873477100e-01	2.459158960801509641e-01	1.494780849372001064e-01	7.204471744001379740e-02	2.924919675321654977e-02	7.451891762642434691e-02
1.103011608713404712e+03	2.681753193702490212e-01	1.602432940741214673e-01	2.460729564273866354e-01	1.495742767270383522e-01	7.208439485104524425e-02	2.927135622075364638e-02	7.457840232937008873e-02
1.104462939777501106e+03	2.679426368444118300e-01	1.601020498455948127e-01	2.462297393391627287e-01	1.496702965489349613e-01	7.212400510356058170e-02	2.929348662845209644e-02	7.463778568984748285e-02
1.105914270841597499e+03	2.677103562020431982e-01	1.599610495791975728e-01	2.463862452970068950e-01	1.497661447223407882e-01	7.216354831072026299e-02	2.931558801456725372e-02	7.469706787408850190e-02
1.107365601905694348e+03	2.674784767482929482e-01	1.598202928530919331e-01	2.465424747816135076e-01	1.498618215660554032e-01	7.220302458548159830e-02	2.933766041730071633e-02	7.475624904812831761e-02
1.108816932969790741e+03	2.672469977895147730e-01	1.596797792461710774e-01	2.466984282728451328e-01	1.499573273982288957e-01	7.224243404059944862e-02	2.935970387480042743e-02	7.481532937780469017e-02
1.110268264033887590e+03	2.670159186332638490e-01	1.595395083380579671e-01	2.468541062497339733e-01	1.500526625363636235e-01	7.228177678862668376e-02	2.938171842516080004e-02	7.487430902875748251e-02
1.111719595097984211e+03	2.667852385882951705e-01	1.593994797091041193e-01	2.470095091904832840e-01	1.501478272973159056e-01	7.232105294191489009e-02	2.940370410642281426e-02	7.493318816642816071e-02
1.113170926162080832e+03	2.665549569645611627e-01	1.592596929403881922e-01	2.471646375724688427e-01	1.502428219972978540e-01	7.236026261261488401e-02	2.942566095657415254e-02	7.499196695605923890e-02
1.114622257226177226e+03	2.663250730732096838e-01	1.591201476137149295e-01	2.473194918722402824e-01	1.503376469518790393e-01	7.239940591267732262e-02	2.944758901354930375e-02	7.505064556269384901e-02
1.116073588290273847e+03	2.660955862265816929e-01	1.589808433116136344e-01	2.474740725655227291e-01	1.504323024759881833e-01	7.243848295385325875e-02	2.946948831522967424e-02	7.510922415117522732e-02
1.117524919354370468e+03	2.658664957382097516e-01	1.588417796173370311e-01	2.476283801272179952e-01	1.505267888839149915e-01	7.247749384769473779e-02	2.949135889944370925e-02	7.516770288614622875e-02
1.118976250418467089e+03	2.656378009228152481e-01	1.587029561148600443e-01	2.477824150314061891e-01	1.506211064893117346e-01	7.251643870555533888e-02	2.951320080396699699e-02	7.522608193204889659e-02
1.120427581482563710e+03	2.654095010963068435e-01	1.585643723888784662e-01	2.479361777513469645e-01	1.507152556051949976e-01	7.255531763859074390e-02	2.953501406652238315e-02	7.528436145312396299e-02
1.121878912546660331e+03	2.651815955757781951e-01	1.584260280248077635e-01	2.480896687594811023e-01	1.508092365439474558e-01	7.259413075775930646e-02	2.955679872478007494e-02	7.534254161341043254e-02
1.123330243610756725e+03	2.649540836795058474e-01	1.582879226087816893e-01	2.482428885274318153e-01	1.509030496173193736e-01	7.263287817382260703e-02	2.957855481635776954e-02	7.540062257674512436e-02
1.124781574674853118e+03	2.647269647269472892e-01	1.581500557276511176e-01	2.483958375260063300e-01	1.509966951364304921e-01	7.267155999734599414e-02	2.960028237882074420e-02	7.545860450676222797e-02
1.126232905738949967e+03	2.645002380387386776e-01	1.580124269689828220e-01	2.485485162251970526e-01	1.510901734117715001e-01	7.271017633869918118e-02	2.962198144968197777e-02	7.551648756689290087e-02
1.127684236803046360e+03	2.642739029366931169e-01	1.578750359210581711e-01	2.487009250941832061e-01	1.511834847532058379e-01	7.274872730805673204e-02	2.964365206640225126e-02	7.557427192036483832e-02
1.129135567867143209e+03	2.640479587437982167e-01	1.577378821728719349e-01	2.488530646013320247e-01	1.512766294699712799e-01	7.278721301539860244e-02	2.966529426639025885e-02	7.563195773020189860e-02
1.130586898931239830e+03	2.638224047842143705e-01	1.576009653141308420e-01	2.490049352142003347e-01	1.513696078706815995e-01	7.282563357051072273e-02	2.968690808700271896e-02	7.568954515922364512e-02
1.132038229995336451e+03	2.635972403832724242e-01	1.574642849352526630e-01	2.491565373995359711e-01	1.514624202633282346e-01	7.286398908298549748e-02	2.970849356554447832e-02	7.574703437004497164e-02
1.133489561059432845e+03	2.633724648674720115e-01	1.573278406273646568e-01	2.493078716232789982e-01	1.515550669552818697e-01	7.290227966222236067e-02	2.973005073926861599e-02	7.580442552507576925e-02
1.134940892123529466e+03	2.631480775644791104e-01	1.571916319823025154e-01	2.494589383505632918e-01	1.516475482532941010e-01	7.294050541742828908e-02	2.975157964537654756e-02	7.586171878652046840e-02
1.136392223187626087e+03	2.629240778031242121e-01	1.570556585926090598e-01	2.496097380457178161e-01	1.517398644634990468e-01	7.297866645761831583e-02	2.977308032101814647e-02	7.591891431637774745e-02
1.137843554251722708e+03	2.627004649134003222e-01	1.569199200515330461e-01	2.497602711722680668e-01	1.518320158914149010e-01	7.301676289161608546e-02	2.979455280329182734e-02	7.597601227644011634e-02
1.139294885315819101e+03	2.624772382264607962e-01	1.567844159530278614e-01	2.499105381929375147e-01	1.519240028419456268e-01	7.305479482805432578e-02	2.981599712924466392e-02	7.603301282829358354e-02
1.140746216379915950e+03	2.622543970746173958e-01	1.566491458917503576e-01	2.500605395696488542e-01	1.520158256193824831e-01	7.309276237537540299e-02	2.983741333587248967e-02	7.608991613331730908e-02
1.142197547444012343e+03	2.620319407913383469e-01	1.565141094630596030e-01	2.502102757635255581e-01	1.521074845274056619e-01	7.313066564183180740e-02	2.985880146012000191e-02	7.614672235268327150e-02
1.143648878508108737e+03	2.618098687112461187e-01	1.563793062630157160e-01	2.503597472348931263e-01	1.521989798690858708e-01	7.316850473548665301e-02	2.988016153888085544e-02	7.620343164735589314e-02
1.145100209572205586e+03	2.615881801701156473e-01	1.562447358883783943e-01	2.505089544432805293e-01	1.522903119468858590e-01	7.320627976421420491e-02	2.990149360899778050e-02	7.626004417809180425e-02
1.146551540636302207e+03	2.613668745048722264e-01	1.561103979366060823e-01	2.506578978474215402e-01	1.523814810626619998e-01	7.324399083570039271e-02	2.992279770726266955e-02	7.631656010543944046e-02
1.148002871700398828e+03	2.611459510535892314e-01	1.559762920058543889e-01	2.508065779052561783e-01	1.524724875176658445e-01	7.328163805744324077e-02	2.994407387041669172e-02	7.637297958973873757e-02
1.149454202764495449e+03	2.609254091554865651e-01	1.558424176949751438e-01	2.509549950739320412e-01	1.525633316125457606e-01	7.331922153675346499e-02	2.996532213515038304e-02	7.642930279112088165e-02
1.150905533828591842e+03	2.607052481509284925e-01	1.557087746035149822e-01	2.511031498098058035e-01	1.526540136473483744e-01	7.335674138075486128e-02	2.998654253810375744e-02	7.648552986950798993e-02
1.152356864892688463e+03	2.604854673814215871e-01	1.555753623317142065e-01	2.512510425684443272e-01	1.527445339215201536e-01	7.339419769638487467e-02	3.000773511586639353e-02	7.654166098461279155e-02
1.153808195956785084e+03	2.602660661896126215e-01	1.554421804805056762e-01	2.513986738046261604e-01	1.528348927339089891e-01	7.343159059039501557e-02	3.002889990497754555e-02	7.659769629593837781e-02
1.155259527020881706e+03	2.600470439192868466e-01	1.553092286515133646e-01	2.515460439723429809e-01	1.529250903827655828e-01	7.346892016935140102e-02	3.005003694192623712e-02	7.665363596277792457e-02
1.156710858084978327e+03	2.598283999153660484e-01	1.551765064470513877e-01	2.516931535248008722e-01	1.530151271657451406e-01	7.350618653963518490e-02	3.007114626315135486e-02	7.670948014421438699e-02
1.158162189149074720e+03	2.596101335239059948e-01	1.550440134701226713e-01	2.518400029144218233e-01	1.531050033799087329e-01	7.354338980744307142e-02	3.009222790504175252e-02	7.676522899912027742e-02
1.159613520213171569e+03	2.593922440920951589e-01	1.549117493244177857e-01	2.519865925928447270e-01	1.531947193217249870e-01	7.358053007878778695e-02	3.011328190393635501e-02	7.682088268615738791e-02
1.161064851277267962e+03	2.591747309682524425e-01	1.547797136143137797e-01	2.521329230109272124e-01	1.532842752870713920e-01	7.361760745949852414e-02	3.013430829612424172e-02	7.687644136377654036e-02
1.162516182341364356e+03	2.589575935018251229e-01	1.546479059448728766e-01	2.522789946187465882e-01	1.533736715712359644e-01	7.365462205522141370e-02	3.015530711784475404e-02	7.693190519021736451e-02
1.163967513405461204e+03	2.587408310433870207e-01	1.545163259218413632e-01	2.524248078656015637e-01	1.534629084689185519e-01	7.369157397142002408e-02	3.017627840528757516e-02	7.698727432350802036e-02
1.165418844469557826e+03	2.585244429446365011e-01	1.543849731516483692e-01	2.525703632000131371e-01	1.535519862742324715e-01	7.372846331337576387e-02	3.019722219459285151e-02	7.704254892146499001e-02
1.166870175533654447e+03	2.583084285583944761e-01	1.542538472414047290e-01	2.527156610697264272e-01	1.536409052807059805e-01	7.376529018618838140e-02	3.021813852185126215e-02	7.709772914169284175e-02
1.168321506597751068e+03	2.580927872386025168e-01	1.541229477989017049e-01	2.528607019217116725e-01	1.537296657812836365e-01	7.380205469477642277e-02	3.023902742310413672e-02	7.715281514158403575e-02
1.169772837661847461e+03	2.578775183403207993e-01	1.539922744326098492e-01	2.530054862021657303e-01	1.538182680683278791e-01	7.383875694387767585e-02	3.025988893434352831e-02	7.720780707831867429e-02
1.171224168725944082e+03	2.576626212197262733e-01	1.538618267516778104e-01	2.531500143565133532e-01	1.539067124336204184e-01	7.387539703804961444e-02	3.028072309151232100e-02	7.726270510886433518e-02
1.172675499790040703e+03	2.574480952341107187e-01	1.537316043659311404e-01	2.532942868294085770e-01	1.539949991683636776e-01	7.391197508166984231e-02	3.030152993050432009e-02	7.731750938997580813e-02
1.174126830854137097e+03	2.572339397418786366e-01	1.536016068858711558e-01	2.534383040647361085e-01	1.540831285631823200e-01	7.394849117893655122e-02	3.032230948716434227e-02	7.737222007819496983e-02
1.175578161918233945e+03	2.570201541025454173e-01	1.534718339226737449e-01	2.535820665056124912e-01	1.541711009081246364e-01	7.398494543386896494e-02	3.034306179728831626e-02	7.742683732985054801e-02
1.177029492982330339e+03	2.568067376767354526e-01	1.533422850881880906e-01	2.537255745943874929e-01	1.542589164926639611e-01	7.402133795030776953e-02	3.036378689662336261e-02	7.748136130105794106e-02
1.178480824046426733e+03	2.565936898261803045e-01	1.532129599949356991e-01	2.538688287726454940e-01	1.543465756057001426e-01	7.405766883191554351e-02	3.038448482086789776e-02	7.753579214771906536e-02
1.179932155110523581e+03	2.563810099137163179e-01	1.530838582561089845e-01	2.540118294812068189e-01	1.544340785355608758e-01	7.409393818217720196e-02	3.040515560567171732e-02	7.759013002552214711e-02
1.181383486174620202e+03	2.561686973032832881e-01	1.529549794855702693e-01	2.541545771601290693e-01	1.545214255700033124e-01	7.413014610440046837e-02	3.042579928663608976e-02	7.764437508994156967e-02
1.182834817238716823e+03	2.559567513599221855e-01	1.528263232978506192e-01	2.542970722487081781e-01	1.546086169962152534e-01	7.416629270171620769e-02	3.044641589931385006e-02	7.769852749623772092e-02
1.184286148302813444e+03	2.557451714497732120e-01	1.526978893081485933e-01	2.544393151854801860e-01	1.546956531008167046e-01	7.420237807707892597e-02	3.046700547920948646e-02	7.775258739945682673e-02
1.185737479366910065e+03	2.555339569400741362e-01	1.525696771323291345e-01	2.545813064082221855e-01	1.547825341698612078e-01	7.423840233326720051e-02	3.048756806177922371e-02	7.780655495443079828e-02
1.187188810431006686e+03	2.553231071991581280e-01	1.524416863869223204e-01	2.547230463539538192e-01	1.548692604888372570e-01	7.427436557288405461e-02	3.050810368243112719e-02	7.786043031577709328e-02
1.188640141495103080e+03	2.551126215964519828e-01	1.523139166891223362e-01	2.548645354589386125e-01	1.549558323426696582e-01	7.431026789835742941e-02	3.052861237652518267e-02	7.791421363789856336e-02
1.190091472559199701e+03	2.549024995024743445e-01	1.521863676567862256e-01	2.550057741586850280e-01	1.550422500157209726e-01	7.434610941194054468e-02	3.054909417937338306e-02	7.796790507498330136e-02
1.191542803623296322e+03	2.546927402888333747e-01	1.520590389084327809e-01	2.551467628879481864e-01	1.551285137917928492e-01	7.438189021571235682e-02	3.056954912623982556e-02	7.802150478100454423e-02
1.192994134687392716e+03	2.544833433282253088e-01	1.519319300632413494e-01	2.552875020807305884e-01	1.552146239541273565e-01	7.441761041157794743e-02	3.058997725234078452e-02	7.807501290972052033e-02
1.194445465751489564e+03	2.542743079944324025e-01	1.518050407410507230e-01	2.554279921702840572e-01	1.553005807854084541e-01	7.445327010126893963e-02	3.061037859284481896e-02	7.812842961467439395e-02
1.195896796815585958e+03	2.540656336623209333e-01	1.516783705623579726e-01	2.555682335891106827e-01	1.553863845677632971e-01	7.448886938634392829e-02	3.063075318287284549e-02	7.818175504919401553e-02
1.197348127879682352e+03	2.538573197078394794e-01	1.515519191483172823e-01	2.557082267689642641e-01	1.554720355827635681e-01	7.452440836818884085e-02	3.065110105749822844e-02	7.823498936639196322e-02
1.198799458943779200e+03	2.536493655080169773e-01	1.514256861207388394e-01	2.558479721408513652e-01	1.555575341114268928e-01	7.455988714801736750e-02	3.067142225174685974e-02	7.828813271916533478e-02
1.200250790007875821e+03	2.534417704409607786e-01	1.512996711020876406e-01	2.559874701350328130e-01	1.556428804342180894e-01	7.459530582687139144e-02	3.069171680059725946e-02	7.834118526019566431e-02
1.201702121071972442e+03	2.532345338858548178e-01	1.511738737154824097e-01	2.561267211810249744e-01	1.557280748310506113e-01	7.463066450562129417e-02	3.071198473898065218e-02	7.839414714194885281e-02
1.203153452136069063e+03	2.530276552229577258e-01	1.510482935846944597e-01	2.562657257076009776e-01	1.558131175812878522e-01	7.466596328496648283e-02	3.073222610178105024e-02	7.844701851667505721e-02
1.204604783200165684e+03	2.528211338336010527e-01	1.509229303341464157e-01	2.564044841427921551e-01	1.558980089637443944e-01	7.470120226543565389e-02	3.075244092383534397e-02	7.849979953640856545e-02
1.206056114264262078e+03	2.526149691001873254e-01	1.507977835889113272e-01	2.565429969138889876e-01	1.559827492566874252e-01	7.473638154738729278e-02	3.077262923993338492e-02	7.855249035296781035e-02
1.207507445328358699e+03	2.524091604061880489e-01	1.506728529747113354e-01	2.566812644474428806e-01	1.560673387378380683e-01	7.477150123100996526e-02	3.079279108481806915e-02	7.860509111795520309e-02
1.208958776392455093e+03	2.522037071361421523e-01	1.505481381179165912e-01	2.568192871692669410e-01	1.561517776843726057e-01	7.480656141632278933e-02	3.081292649318541702e-02	7.865760198275707771e-02
1.210410107456551941e+03	2.519986086756538235e-01	1.504236386455441998e-01	2.569570655044375318e-01	1.562360663729238652e-01	7.484156220317578212e-02	3.083303549968466686e-02	7.871002309854364942e-02
1.211861438520648335e+03	2.517938644113908997e-01	1.502993541852569725e-01	2.570945998772956043e-01	1.563202050795825804e-01	7.487650369125023464e-02	3.085311813891835134e-02	7.876235461626895917e-02
1.213312769584745183e+03	2.515894737310828133e-01	1.501752843653624270e-01	2.572318907114477526e-01	1.564041940798984454e-01	7.491138598005912808e-02	3.087317444544237371e-02	7.881459668667070706e-02
1.214764100648841804e+03	2.513854360235188712e-01	1.500514288148115938e-01	2.573689384297676019e-01	1.564880336488816970e-01	7.494620916894743912e-02	3.089320445376610505e-02	7.886674946027033561e-02
1.216215431712937971e+03	2.511817506785464782e-01	1.499277871631978232e-01	2.575057434543971957e-01	1.565717240610041971e-01	7.498097335709263955e-02	3.091320819835245703e-02	7.891881308737287715e-02
1.217666762777034819e+03	2.509784170870690834e-01	1.498043590407558689e-01	2.576423062067479397e-01	1.566552655902009039e-01	7.501567864350494608e-02	3.093318571361796179e-02	7.897078771806698150e-02
1.219118093841131440e+03	2.507754346410444590e-01	1.496811440783606117e-01	2.577786271075022673e-01	1.567386585098709539e-01	7.505032512702776437e-02	3.095313703393286209e-02	7.902267350222480502e-02
1.220569424905228061e+03	2.505728027334829244e-01	1.495581419075259488e-01	2.579147065766145830e-01	1.568219030928790503e-01	7.508491290633803605e-02	3.097306219362118418e-02	7.907447058950199670e-02
1.222020755969324682e+03	2.503705207584454029e-01	1.494353521604037394e-01	2.580505450333126505e-01	1.569049996115567391e-01	7.511944207994662726e-02	3.099296122696082456e-02	7.912617912933767039e-02
1.223472087033421303e+03	2.501685881110417564e-01	1.493127744697826942e-01	2.581861428960988691e-01	1.569879483377036311e-01	7.515391274619870332e-02	3.101283416818362282e-02	7.917779927095434933e-02
1.224923418097517697e+03	2.499670041874287318e-01	1.491904084690872379e-01	2.583215005827514954e-01	1.570707495425886502e-01	7.518832500327402024e-02	3.103268105147545877e-02	7.922933116335796611e-02
1.226374749161614318e+03	2.497657683848083510e-01	1.490682537923763984e-01	2.584566185103259195e-01	1.571534034969514215e-01	7.522267894918736875e-02	3.105250191097630452e-02	7.928077495533784880e-02
1.227826080225710712e+03	2.495648801014259122e-01	1.489463100743426971e-01	2.585914970951557756e-01	1.572359104710032984e-01	7.525697468178892124e-02	3.107229678078033200e-02	7.933213079546662383e-02
1.229277411289807560e+03	2.493643387365683251e-01	1.488245769503110938e-01	2.587261367528544409e-01	1.573182707344288056e-01	7.529121229876456489e-02	3.109206569493597194e-02	7.938339883210028536e-02
1.230728742353903954e+03	2.491641436905622231e-01	1.487030540562378489e-01	2.588605378983162009e-01	1.574004845563867494e-01	7.532539189763627629e-02	3.111180868744600411e-02	7.943457921337813976e-02
1.232180073418000802e+03	2.489642943647722428e-01	1.485817410287094409e-01	2.589947009457173599e-01	1.574825522055115223e-01	7.535951357576245457e-02	3.113152579226763708e-02	7.948567208722280564e-02
1.233631404482097196e+03	2.487647901615990531e-01	1.484606375049413729e-01	2.591286263085175179e-01	1.575644739499143521e-01	7.539357743033832382e-02	3.115121704331257416e-02	7.953667760134019993e-02
1.235082735546193817e+03	2.485656304844777176e-01	1.483397431227773400e-01	2.592623143994609025e-01	1.576462500571844949e-01	7.542758355839623841e-02	3.117088247444710358e-02	7.958759590321956567e-02
1.236534066610290438e+03	2.483668147378758073e-01	1.482190575206878136e-01	2.593957656305776460e-01	1.577278807943904015e-01	7.546153205680605769e-02	3.119052211949216794e-02	7.963842714013343038e-02
1.237985397674387059e+03	2.481683423272916522e-01	1.480985803377691534e-01	2.595289804131848399e-01	1.578093664280810493e-01	7.549542302227549295e-02	3.121013601222345432e-02	7.968917145913763378e-02
1.239436728738483680e+03	2.479702126592524536e-01	1.479783112137424694e-01	2.596619591578880337e-01	1.578907072242871357e-01	7.552925655135045435e-02	3.122972418637145336e-02	7.973982900707134169e-02
1.240888059802580301e+03	2.477724251413126466e-01	1.478582497889524838e-01	2.597947022745819567e-01	1.579719034485222162e-01	7.556303274041535623e-02	3.124928667562154941e-02	7.979039993055703217e-02
1.242339390866676695e+03	2.475749791820520129e-01	1.477383957043665597e-01	2.599272101724525719e-01	1.580529553657839537e-01	7.559675168569353343e-02	3.126882351361408990e-02	7.984088437600056487e-02
1.243790721930773088e+03	2.473778741910739321e-01	1.476187486015734796e-01	2.600594832599774642e-01	1.581338632405553113e-01	7.563041348324750501e-02	3.128833473394446868e-02	7.989128248959112555e-02
1.245242052994869937e+03	2.471811095790035495e-01	1.474993081227824465e-01	2.601915219449275618e-01	1.582146273368057465e-01	7.566401822897940443e-02	3.130782037016320574e-02	7.994159441730129545e-02
1.246693384058966330e+03	2.469846847574860838e-01	1.473800739108220570e-01	2.603233266343681906e-01	1.582952479179924876e-01	7.569756601863122936e-02	3.132728045577599235e-02	7.999182030488712070e-02
1.248144715123063179e+03	2.467885991391850220e-01	1.472610456091391073e-01	2.604548977346604621e-01	1.583757252470615606e-01	7.573105694778523023e-02	3.134671502424380557e-02	8.004196029788801514e-02
1.249596046187159800e+03	2.465928521377802884e-01	1.471422228617975669e-01	2.605862356514621614e-01	1.584560595864490384e-01	7.576449111186422947e-02	3.136612410898296371e-02	8.009201454162691303e-02
1.251047377251256421e+03	2.463974431679665511e-01	1.470236053134774956e-01	2.607173407897293016e-01	1.585362511980823175e-01	7.579786860613195454e-02	3.138550774336520272e-02	8.014198318121025510e-02
1.252498708315352815e+03	2.462023716454515287e-01	1.469051926094740446e-01	2.608482135537171231e-01	1.586163003433812557e-01	7.583118952569337101e-02	3.140486596071775244e-02	8.019186636152798864e-02
1.253950039379449436e+03	2.460076369869539925e-01	1.467869843956962905e-01	2.609788543469814814e-01	1.586962072832591719e-01	7.586445396549501563e-02	3.142419879432341301e-02	8.024166422725372005e-02
1.255401370443546057e+03	2.458132386102022393e-01	1.466689803186661534e-01	2.611092635723799016e-01	1.587759722781242056e-01	7.589766202032531550e-02	3.144350627742063115e-02	8.029137692284463168e-02
1.256852701507642678e+03	2.456191759339322600e-01	1.465511800255174524e-01	2.612394416320727997e-01	1.588555955878804826e-01	7.593081378481492116e-02	3.146278844320354873e-02	8.034100459254162052e-02
1.258304032571739299e+03	2.454254483778859630e-01	1.464335831639947405e-01	2.613693889275248150e-01	1.589350774719291426e-01	7.596390935343705353e-02	3.148204532482212770e-02	8.039054738036931214e-02
1.259755363635835920e+03	2.452320553628093980e-01	1.463161893824522775e-01	2.614991058595058093e-01	1.590144181891695596e-01	7.599694882050776756e-02	3.150127695538216394e-02	8.044000543013608839e-02
1.261206694699932314e+03	2.450389963104511737e-01	1.461989983298530305e-01	2.616285928280923656e-01	1.590936179980005361e-01	7.602993228018636862e-02	3.152048336794539829e-02	8.048937888543424013e-02
1.262658025764028707e+03	2.448462706435604597e-01	1.460820096557674252e-01	2.617578502326687873e-01	1.591726771563214127e-01	7.606285982647560673e-02	3.153966459552958596e-02	8.053866788963989776e-02
1.264109356828125556e+03	2.446538777858854874e-01	1.459652230103724579e-01	2.618868784719282083e-01	1.592515959215331789e-01	7.609573155322214844e-02	3.155882067110855893e-02	8.058787258591319780e-02
1.265560687892221949e+03	2.444618171621717184e-01	1.458486380444506403e-01	2.620156779438739258e-01	1.593303745505396107e-01	7.612854755411674335e-02	3.157795162761229540e-02	8.063699311719826901e-02
1.267012018956318798e+03	2.442700881981600958e-01	1.457322544093888339e-01	2.621442490458206764e-01	1.594090132997485199e-01	7.616130792269465433e-02	3.159705749792699608e-02	8.068602962622339891e-02
1.268463350020415419e+03	2.440786903205852953e-01	1.456160717571773899e-01	2.622725921743956912e-01	1.594875124250727527e-01	7.619401275233589343e-02	3.161613831489517440e-02	8.073498225550099217e-02
1.269914681084511813e+03	2.438876229571740883e-01	1.455000897404088445e-01	2.624007077255398612e-01	1.595658721819313564e-01	7.622666213626559661e-02	3.163519411131569814e-02	8.078385114732773709e-02
1.271366012148608434e+03	2.436968855366435094e-01	1.453843080122770859e-01	2.625285960945090702e-01	1.596440928252507441e-01	7.625925616755430125e-02	3.165422491994387272e-02	8.083263644378461954e-02
1.272817343212705055e+03	2.435064774886992467e-01	1.452687262265762169e-01	2.626562576758752487e-01	1.597221746094657224e-01	7.629179493911826537e-02	3.167323077349150362e-02	8.088133828673704784e-02
1.274268674276801676e+03	2.433163982440338102e-01	1.451533440376994999e-01	2.627836928635275404e-01	1.598001177885207402e-01	7.632427854371977294e-02	3.169221170462700049e-02	8.092995681783489437e-02
1.275720005340898297e+03	2.431266472343249496e-01	1.450381611006383575e-01	2.629109020506736338e-01	1.598779226158708877e-01	7.635670707396745305e-02	3.171116774597540489e-02	8.097849217851260661e-02
1.277171336404994690e+03	2.429372238922337945e-01	1.449231770709813183e-01	2.630378856298408174e-01	1.599555893444830623e-01	7.638908062231657137e-02	3.173009893011849436e-02	8.102694450998929043e-02
1.278622667469091539e+03	2.427481276514032449e-01	1.448083916049129893e-01	2.631646439928772008e-01	1.600331182268369956e-01	7.642139928106933544e-02	3.174900528959481716e-02	8.107531395326877943e-02
1.280073998533187932e+03	2.425593579464562777e-01	1.446938043592130019e-01	2.632911775309528801e-01	1.601105095149264745e-01	7.645366314237521388e-02	3.176788685689978936e-02	8.112360064913977376e-02
1.281525329597284326e+03	2.423709142129941430e-01	1.445794149912549287e-01	2.634174866345611044e-01	1.601877634602603406e-01	7.648587229823121392e-02	3.178674366448576427e-02	8.117180473817588171e-02
1.282976660661381175e+03	2.421827958875948372e-01	1.444652231590053959e-01	2.635435716935194406e-01	1.602648803138636002e-01	7.651802684048221448e-02	3.180557574476208099e-02	8.121992636073577243e-02
1.284427991725477568e+03	2.419950024078112161e-01	1.443512285210229174e-01	2.636694330969711064e-01	1.603418603262786180e-01	7.655012686082122986e-02	3.182438313009515463e-02	8.126796565696318975e-02
1.285879322789574417e+03	2.418075332121693843e-01	1.442374307364568675e-01	2.637950712333856917e-01	1.604187037475660049e-01	7.658217245078975666e-02	3.184316585280853873e-02	8.131592276678716036e-02
1.287330653853671038e+03	2.416203877401670586e-01	1.441238294650465657e-01	2.639204864905608794e-01	1.604954108273058400e-01	7.661416370177800972e-02	3.186192394518298082e-02	8.136379782992202159e-02
1.288781984917767431e+03	2.414335654322717906e-01	1.440104243671201656e-01	2.640456792556232779e-01	1.605719818145987521e-01	7.664610070502526906e-02	3.188065743945649871e-02	8.141159098586756016e-02
1.290233315981864052e+03	2.412470657299193855e-01	1.438972151035936564e-01	2.641706499150296983e-01	1.606484169580668919e-01	7.667798355162012969e-02	3.189936636782446377e-02	8.145930237390912321e-02
