1.001418434226643626e+03	2.777482375077403032e-01	1.823583568243846154e-01	2.347774325004959584e-01	1.408956854247401524e-01	6.713679135013032873e-02	2.728989766564286767e-02	6.979359872649616714e-02
1.003837319333471214e+03	2.772758900724153763e-01	1.821223879426843717e-01	2.350522162977797813e-01	1.410670466780817867e-01	6.721703264347961282e-02	2.733925034490839595e-02	6.992617602028106116e-02
1.006256204440298802e+03	2.768050546327458505e-01	1.818869876789149798e-01	2.353256553413567986e-01	1.412383047903901789e-01	6.729710840914583658e-02	2.738850028809778833e-02	7.005838885897891499e-02
1.008675089547126618e+03	2.763357259645707331e-01	1.816521546583043933e-01	2.355977683152977176e-01	1.414094490055657072e-01	6.737701664443696004e-02	2.743764771055553706e-02	7.019023770089934111e-02
1.011093974653954206e+03	2.758678988736917859e-01	1.814178875072891550e-01	2.358685734206165396e-01	1.415804688579296866e-01	6.745675550645695295e-02	2.748669281662965980e-02	7.032172301701665462e-02
1.013512859760782021e+03	2.754015681953762562e-01	1.811841848536401567e-01	2.361380883934686425e-01	1.417513541735152816e-01	6.753632329261348433e-02	2.753563580047318701e-02	7.045284529054345046e-02
1.015931744867609382e+03	2.749367287938777049e-01	1.809510453265737173e-01	2.364063305219459010e-01	1.419220950696332972e-01	6.761571842432496926e-02	2.758447684675503428e-02	7.058360501651987640e-02
1.018350629974437197e+03	2.744733755619737647e-01	1.807184675568499765e-01	2.366733166616678263e-01	1.420926819530602125e-01	6.769493943336654662e-02	2.763321613129470986e-02	7.071400270141753319e-02
1.020769515081264785e+03	2.740115034205189981e-01	1.804864501768610463e-01	2.369390632503326766e-01	1.422631055171339476e-01	6.777398495039410609e-02	2.768185382163269870e-02	7.084403886275703055e-02
1.023188400188092373e+03	2.735511073180129094e-01	1.802549918207100310e-01	2.372035863213660944e-01	1.424333567379902354e-01	6.785285369526655730e-02	2.773039007754635882e-02	7.097371402873831059e-02
1.025607285294920075e+03	2.730921822301805024e-01	1.800240911242825259e-01	2.374669015167805708e-01	1.426034268701302510e-01	6.793154446885418807e-02	2.777882505151946929e-02	7.110302873788301725e-02
1.028026170401747549e+03	2.726347231595656062e-01	1.797937467253118704e-01	2.377290240993409631e-01	1.427733074414756775e-01	6.801005614607588678e-02	2.782715888917213637e-02	7.123198353868837041e-02
1.030445055508575479e+03	2.721787251351367454e-01	1.795639572634386283e-01	2.379899689641153115e-01	1.429429902480378600e-01	6.808838766995350955e-02	2.787539172965668166e-02	7.136057898929171195e-02
1.032863940615402726e+03	2.717241832119032807e-01	1.793347213802655160e-01	2.382497506494775097e-01	1.431124673483055165e-01	6.816653804650901760e-02	2.792352370602408859e-02	7.148881565714554354e-02
1.035282825722230655e+03	2.712710924705424853e-01	1.791060377194081399e-01	2.385083833476176474e-01	1.432817310574340253e-01	6.824450634036091645e-02	2.797155494556493108e-02	7.161669411870230650e-02
1.037701710829058356e+03	2.708194480170372231e-01	1.788779049265421250e-01	2.387658809146070427e-01	1.434507739413058425e-01	6.832229167090167476e-02	2.801948557012792079e-02	7.174421495910859869e-02
1.040120595935886058e+03	2.703692449823224542e-01	1.786503216494473023e-01	2.390222568800580427e-01	1.436195888105165630e-01	6.839989320895861757e-02	2.806731569641882432e-02	7.187137877190856450e-02
1.042539481042713533e+03	2.699204785219420089e-01	1.784232865380488697e-01	2.392775244564120940e-01	1.437881687143315601e-01	6.847731017385809416e-02	2.811504543628191854e-02	7.199818615875581973e-02
1.044958366149541234e+03	2.694731438157135228e-01	1.781967982444560006e-01	2.395316965478856697e-01	1.439565069346487869e-01	6.855454183082661246e-02	2.816267489696593421e-02	7.212463772913391136e-02
1.047377251256368709e+03	2.690272360674019203e-01	1.779708554229986472e-01	2.397847857590980070e-01	1.441245969799966886e-01	6.863158748867428938e-02	2.821020418137603139e-02	7.225073410008486796e-02
1.049796136363196410e+03	2.685827505044017793e-01	1.777454567302620136e-01	2.400368044034028037e-01	1.442924325795895690e-01	6.870844649771568058e-02	2.825763338831317056e-02	7.237647589594542463e-02
1.052215021470024112e+03	2.681396823774271909e-01	1.775206008251194456e-01	2.402877645109418314e-01	1.444600076774584796e-01	6.878511824789060314e-02	2.830496261270196504e-02	7.250186374809095002e-02
1.054633906576851814e+03	2.676980269602092233e-01	1.772962863687633506e-01	2.405376778364373969e-01	1.446273164266715094e-01	6.886160216705436432e-02	2.835219194580804875e-02	7.262689829468657599e-02
1.057052791683679516e+03	2.672577795492013242e-01	1.770725120247349793e-01	2.407865558667371120e-01	1.447943531836540787e-01	6.893789771941175037e-02	2.839932147544575042e-02	7.275158018044547426e-02
1.059471676790506763e+03	2.668189354632912180e-01	1.768492764589525701e-01	2.410344098281243519e-01	1.449611125026176728e-01	6.901400440407404191e-02	2.844635128617675410e-02	7.287591005639394715e-02
1.061890561897334692e+03	2.663814900435202970e-01	1.766265783397381883e-01	2.412812506934049472e-01	1.451275891301022636e-01	6.908992175372123679e-02	2.849328145950043301e-02	7.299988857964313793e-02
1.064309447004162394e+03	2.659454386528098957e-01	1.764044163378434560e-01	2.415270891887808247e-01	1.452937779996372192e-01	6.916564933335542231e-02	2.854011207403634245e-02	7.312351641316730544e-02
1.066728332110990095e+03	2.655107766756935050e-01	1.761827891264741153e-01	2.417719358005192276e-01	1.454596742265231724e-01	6.924118673913287614e-02	2.858684320569933324e-02	7.324679422558817710e-02
1.069147217217817570e+03	2.650774995180558147e-01	1.759616953813133988e-01	2.420158007814263712e-01	1.456252731027362912e-01	6.931653359726526464e-02	2.863347492786774001e-02	7.336972269096550536e-02
1.071566102324645271e+03	2.646456026068778056e-01	1.757411337805444840e-01	2.422586941571322761e-01	1.457905700919560898e-01	6.939168956298129298e-02	2.868000731154499855e-02	7.349230248859341119e-02
1.073984987431472746e+03	2.642150813899880601e-01	1.755211030048719201e-01	2.425006257321945802e-01	1.459555608247161684e-01	6.946665431954207603e-02	2.872644042551496246e-02	7.361453430280258392e-02
1.076403872538300675e+03	2.637859313358192903e-01	1.753016017375421676e-01	2.427416050960276850e-01	1.461202410936776885e-01	6.954142757730427671e-02	2.877277433649131841e-02	7.373641882276787962e-02
1.078822757645127922e+03	2.633581479331713049e-01	1.750826286643633045e-01	2.429816416286628422e-01	1.462846068490241125e-01	6.961600907282608497e-02	2.881900910926129405e-02	7.385795674232141506e-02
1.081241642751955851e+03	2.629317266909787509e-01	1.748641824737237060e-01	2.432207445063452045e-01	1.464486541939758746e-01	6.969039856801195754e-02	2.886514480682390513e-02	7.397914875977089355e-02
1.083660527858783553e+03	2.625066631380850168e-01	1.746462618566100855e-01	2.434589227069732242e-01	1.466123793804232078e-01	6.976459584929274593e-02	2.891118149052299829e-02	7.409999557772301015e-02
1.086079412965611255e+03	2.620829528230203542e-01	1.744288655066246752e-01	2.436961850153852582e-01	1.467757788046750167e-01	6.983860072683782672e-02	2.895711922017528417e-02	7.422049790291182503e-02
1.088498298072438729e+03	2.616605913137860506e-01	1.742119921200016297e-01	2.439325400284981515e-01	1.469388490033216033e-01	6.991241303379731875e-02	2.900295805419352696e-02	7.434065644603189693e-02
1.090917183179266431e+03	2.612395741976427654e-01	1.739956403956228748e-01	2.441679961603026583e-01	1.471015866492090540e-01	6.998603262557159810e-02	2.904869804970511282e-02	7.446047192157620453e-02
1.093336068286093905e+03	2.608198970809038064e-01	1.737798090350329838e-01	2.444025616467194184e-01	1.472639885475227617e-01	7.005945937910668109e-02	2.909433926266613915e-02	7.457994504767849475e-02
1.095754953392921607e+03	2.604015555887335132e-01	1.735644967424535279e-01	2.446362445503205141e-01	1.474260516319777781e-01	7.013269319221361597e-02	2.913988174797119135e-02	7.469907654596011359e-02
1.098173838499749309e+03	2.599845453649497484e-01	1.733497022247968977e-01	2.448690527649196869e-01	1.475877729611132505e-01	7.020573398291055089e-02	2.918532555955893198e-02	7.481786714138118077e-02
1.100592723606577010e+03	2.595688620718306083e-01	1.731354241916792935e-01	2.451009940200358228e-01	1.477491497146888044e-01	7.027858168878618750e-02	2.923067075051371047e-02	7.493631756209580275e-02
1.103011608713404712e+03	2.591545013899260730e-01	1.729216613554330484e-01	2.453320758852329253e-01	1.479101791901798746e-01	7.035123626638356553e-02	2.927591737316324189e-02	7.505442853931149072e-02
1.105430493820231959e+03	2.587414590178732099e-01	1.727084124311187296e-01	2.455623057743399895e-01	1.480708587993701530e-01	7.042369769060316531e-02	2.932106547917254571e-02	7.517220080715249220e-02
1.107849378927059888e+03	2.583297306722155406e-01	1.724956761365361579e-01	2.457916909495549695e-01	1.482311860650379620e-01	7.049596595412443989e-02	2.936611511963426249e-02	7.528963510252686953e-02
1.110268264033887590e+03	2.579193120872268485e-01	1.722834511922353151e-01	2.460202385254353641e-01	1.483911586177346920e-01	7.056804106684501365e-02	2.941106634515543508e-02	7.540673216499743647e-02
1.112687149140715292e+03	2.575101990147383169e-01	1.720717363215264750e-01	2.462479554727789177e-01	1.485507741926524461e-01	7.063992305533675631e-02	2.945591920594090724e-02	7.552349273665631690e-02
1.115106034247542766e+03	2.571023872239691088e-01	1.718605302504898624e-01	2.464748486223976853e-01	1.487100306265789207e-01	7.071161196231819102e-02	2.950067375187340191e-02	7.563991756200290351e-02
1.117524919354370468e+03	2.566958725013617215e-01	1.716498317079848679e-01	2.467009246687881241e-01	1.488689258549370231e-01	7.078310784614247342e-02	2.954533003259046317e-02	7.575600738782536925e-02
1.119943804461197942e+03	2.562906506504196158e-01	1.714396394256585965e-01	2.469261901737006271e-01	1.490274579089067852e-01	7.085441078030052520e-02	2.958988809755825483e-02	7.587176296308556500e-02
1.122362689568025871e+03	2.558867174915493425e-01	1.712299521379541389e-01	2.471506515696107464e-01	1.491856249126276845e-01	7.092552085293864217e-02	2.963434799614242388e-02	7.598718503880697028e-02
1.124781574674853118e+03	2.554840688619050559e-01	1.710207685821183154e-01	2.473743151630953541e-01	1.493434250804789587e-01	7.099643816639027161e-02	2.967870977767604612e-02	7.610227436796596079e-02
1.127200459781681047e+03	2.550827006152369680e-01	1.708120874982089754e-01	2.475971871381159317e-01	1.495008567144358314e-01	7.106716283672129264e-02	2.972297349152477897e-02	7.621703170538614291e-02
1.129619344888508749e+03	2.546826086217429674e-01	1.706039076291017420e-01	2.478192735592122109e-01	1.496579182014996789e-01	7.113769499328854995e-02	2.976713918714932183e-02	7.633145780763553323e-02
1.132038229995336451e+03	2.542837887679227915e-01	1.703962277204964793e-01	2.480405803746076610e-01	1.498146080111999456e-01	7.120803477831098849e-02	2.981120691416522597e-02	7.644555343292687433e-02
1.134457115102163925e+03	2.538862369564359733e-01	1.701890465209233427e-01	2.482611134192306279e-01	1.499709246931659468e-01	7.127818234645333373e-02	2.985517672240019238e-02	7.655931934102049030e-02
1.136876000208991627e+03	2.534899491059619536e-01	1.699823627817484140e-01	2.484808784176520957e-01	1.501268668747667290e-01	7.134813786442160966e-02	2.989904866194888905e-02	7.667275629313015373e-02
1.139294885315819101e+03	2.530949211510637453e-01	1.697761752571788907e-01	2.486998809869433447e-01	1.502824332588168221e-01	7.141790151057025859e-02	2.994282278322541596e-02	7.678586505183139510e-02
1.141713770422646803e+03	2.527011490420535966e-01	1.695704827042679164e-01	2.489181266394552838e-01	1.504376226213464118e-01	7.148747347452065470e-02	2.998649913701343164e-02	7.689864638097260174e-02
1.144132655529474505e+03	2.523086287448622622e-01	1.693652838829191043e-01	2.491356207855217608e-01	1.505924338094337955e-01	7.155685395679040051e-02	3.003007777451408011e-02	7.701110104558850367e-02
1.146551540636302207e+03	2.519173562409101619e-01	1.691605775558907288e-01	2.493523687360889862e-01	1.507468657390987898e-01	7.162604316843335095e-02	3.007355874739174595e-02	7.712322981181619908e-02
1.148970425743129908e+03	2.515273275269814257e-01	1.689563624887994442e-01	2.495683757052729879e-01	1.509009173932550074e-01	7.169504133068987928e-02	3.011694210781772421e-02	7.723503344681346972e-02
1.151389310849957155e+03	2.511385386151006038e-01	1.687526374501238380e-01	2.497836468128471765e-01	1.510545878197197545e-01	7.176384867464716266e-02	3.016022790851186075e-02	7.734651271867953870e-02
1.153808195956785084e+03	2.507509855324114301e-01	1.685494012112075113e-01	2.499981870866619937e-01	1.512078761292795503e-01	7.183246544090918229e-02	3.020341620278224962e-02	7.745766839637800716e-02
1.156227081063612786e+03	2.503646643210579725e-01	1.683466525462619101e-01	2.502120014649985014e-01	1.513607814938101592e-01	7.190089187927620196e-02	3.024650704456302922e-02	7.756850124966201132e-02
1.158645966170440488e+03	2.499795710380687264e-01	1.681443902323689898e-01	2.504250947988576614e-01	1.515133031444491907e-01	7.196912824843339218e-02	3.028950048845034312e-02	7.767901204900147516e-02
1.161064851277267962e+03	2.495957017552419832e-01	1.679426130494832414e-01	2.506374718541870550e-01	1.516654403698200759e-01	7.203717481564836378e-02	3.033239658973654884e-02	7.778920156551251408e-02
1.163483736384095664e+03	2.492130525590341705e-01	1.677413197804338008e-01	2.508491373140470104e-01	1.518171925143060597e-01	7.210503185647731961e-02	3.037519540444267793e-02	7.789907057088878151e-02
1.165902621490923138e+03	2.488316195504498285e-01	1.675405092109260863e-01	2.510600957807175293e-01	1.519685589763725697e-01	7.217269965447969948e-02	3.041789698934926900e-02	7.800861983733482774e-02
1.168321506597751068e+03	2.484513988449341126e-01	1.673401801295432423e-01	2.512703517777479245e-01	1.521195392069365770e-01	7.224017850094097137e-02	3.046050140202559431e-02	7.811785013750137396e-02
1.170740391704578315e+03	2.480723865722667676e-01	1.671403313277471936e-01	2.514799097519505033e-01	1.522701327077822520e-01	7.230746869460333293e-02	3.050300870085730781e-02	7.822676224442237647e-02
1.173159276811406244e+03	2.476945788764586542e-01	1.669409615998796448e-01	2.516887740753399050e-01	1.524203390300206962e-01	7.237457054140419843e-02	3.054541894507263600e-02	7.833535693145397827e-02
1.175578161918233945e+03	2.473179719156497203e-01	1.667420697431627186e-01	2.518969490470195360e-01	1.525701577725932512e-01	7.244148435422211041e-02	3.058773219476709077e-02	7.844363497221519543e-02
1.177997047025061647e+03	2.469425618620090523e-01	1.665436545576993721e-01	2.521044388950171578e-01	1.527195885808170506e-01	7.250821045262999254e-02	3.062994851092677370e-02	7.855159714053024100e-02
1.180415932131889122e+03	2.465683449016368156e-01	1.663457148464734803e-01	2.523112477780696805e-01	1.528686311449711788e-01	7.257474916265552189e-02	3.067206795545035503e-02	7.865924421037262526e-02
1.182834817238716823e+03	2.461953172344677199e-01	1.661482494153499190e-01	2.525173797873603299e-01	1.530172851989227978e-01	7.264110081654834294e-02	3.071409059116973414e-02	7.876657695581078256e-02
1.185253702345544298e+03	2.458234750741764563e-01	1.659512570730742875e-01	2.527228389482079618e-01	1.531655505187922151e-01	7.270726575255397062e-02	3.075601648186940956e-02	7.887359615095530796e-02
1.187672587452371999e+03	2.454528146480847439e-01	1.657547366312724924e-01	2.529276292217106370e-01	1.533134269216550882e-01	7.277324431469425758e-02	3.079784569230467964e-02	7.898030256990772047e-02
1.190091472559199701e+03	2.450833321970698475e-01	1.655586869044499976e-01	2.531317545063446750e-01	1.534609142642817114e-01	7.283903685255409266e-02	3.083957828821860467e-02	7.908669698671065562e-02
1.192510357666027403e+03	2.447150239754750656e-01	1.653631067099909924e-01	2.533352186395201322e-01	1.536080124419114679e-01	7.290464372107439972e-02	3.088121433635786575e-02	7.919278017529964020e-02
1.194929242772855105e+03	2.443478862510213012e-01	1.651679948681573640e-01	2.535380253990942578e-01	1.537547213870620322e-01	7.297006528035093753e-02	3.092275390448752034e-02	7.929855290945612978e-02
1.197348127879682352e+03	2.439819153047205480e-01	1.649733502020874210e-01	2.537401785048436498e-01	1.539010410683722130e-01	7.303530189543903928e-02	3.096419706140468575e-02	7.940401596276196183e-02
1.199767012986510281e+03	2.436171074307906526e-01	1.647791715377945887e-01	2.539416816198966087e-01	1.540469714894773523e-01	7.310035393616395871e-02	3.100554387695118874e-02	7.950917010855518274e-02
1.202185898093337983e+03	2.432534589365715760e-01	1.645854577041656330e-01	2.541425383521267456e-01	1.541925126879165331e-01	7.316522177693667028e-02	3.104679442202525064e-02	7.961401611988709603e-02
1.204604783200165684e+03	2.428909661424430433e-01	1.643922075329591059e-01	2.543427522555088416e-01	1.543376647340707064e-01	7.322990579657502608e-02	3.108794876859219056e-02	7.971855476948060126e-02
1.207023668306993159e+03	2.425296253817434966e-01	1.641994198588032638e-01	2.545423268314377929e-01	1.544824277301307669e-01	7.329440637813015857e-02	3.112900698969423008e-02	7.982278682968978190e-02
1.209442553413820860e+03	2.421694330006905205e-01	1.640070935191940971e-01	2.547412655300122508e-01	1.546268018090947716e-01	7.335872390871779614e-02	3.116996915945939237e-02	7.992671307246063117e-02
1.211861438520648335e+03	2.418103853583024598e-01	1.638152273544930260e-01	2.549395717512830672e-01	1.547707871337936636e-01	7.342285877935463001e-02	3.121083535310954435e-02	8.003033426929298533e-02
1.214280323627476264e+03	2.414524788263213706e-01	1.636238202079246529e-01	2.551372488464683785e-01	1.549143838959444464e-01	7.348681138479928876e-02	3.125160564696762011e-02	8.013365119120356705e-02
1.216699208734303511e+03	2.410957097891371637e-01	1.634328709255740975e-01	2.553343001191357708e-01	1.550575923152302527e-01	7.355058212339805890e-02	3.129228011846404978e-02	8.023666460869002814e-02
1.219118093841131440e+03	2.407400746437128591e-01	1.632423783563843600e-01	2.555307288263522492e-01	1.552004126384063099e-01	7.361417139693501865e-02	3.133285884614239736e-02	8.033937529169624114e-02
1.221536978947959142e+03	2.403855697995112839e-01	1.630523413521536014e-01	2.557265381798037307e-01	1.553428451384314402e-01	7.367757961048662652e-02	3.137334190966428044e-02	8.044178400957846531e-02
1.223955864054786844e+03	2.400321916784225740e-01	1.628627587675322008e-01	2.559217313468837296e-01	1.554848901136241801e-01	7.374080717228050086e-02	3.141372938981359941e-02	8.054389153107260890e-02
1.226374749161614318e+03	2.396799367146931203e-01	1.626736294600197308e-01	2.561163114517532313e-01	1.556265478868425478e-01	7.380385449355830740e-02	3.145402136850001390e-02	8.064569862426243518e-02
1.228793634268442020e+03	2.393288013548553472e-01	1.624849522899616538e-01	2.563102815763716458e-01	1.557678188046874301e-01	7.386672198844276838e-02	3.149421792876179460e-02	8.074720605654871208e-02
1.231212519375269494e+03	2.389787820576586563e-01	1.622967261205461587e-01	2.565036447615002269e-01	1.559087032367284520e-01	7.392941007380844642e-02	3.153431915476808539e-02	8.084841459461930557e-02
1.233631404482097196e+03	2.386298752940013979e-01	1.621089498178008292e-01	2.566964040076781806e-01	1.560492015747518835e-01	7.399191916915641432e-02	3.157432513182045070e-02	8.094932500442017509e-02
1.236050289588924898e+03	2.382820775468639241e-01	1.619216222505888703e-01	2.568885622761730714e-01	1.561893142320297245e-01	7.405424969649251898e-02	3.161423594635393020e-02	8.104993805112727101e-02
1.238469174695752372e+03	2.379353853112425032e-01	1.617347422906057763e-01	2.570801224899051385e-01	1.563290416426098839e-01	7.411640208020935094e-02	3.165405168593747598e-02	8.115025449911915378e-02
1.240888059802580301e+03	2.375897950940841497e-01	1.615483088123755018e-01	2.572710875343471870e-01	1.564683842606263420e-01	7.417837674697158601e-02	3.169377243927384152e-02	8.125027511195066776e-02
1.243306944909407548e+03	2.372453034142226747e-01	1.613623206932466025e-01	2.574614602584000544e-01	1.566073425596289925e-01	7.424017412560472706e-02	3.173339829619899188e-02	8.135000065232721178e-02
1.245725830016235477e+03	2.369019068023152930e-01	1.611767768133882950e-01	2.576512434752448177e-01	1.567459170319326911e-01	7.430179464698721814e-02	3.177292934768093796e-02	8.144943188207989793e-02
1.248144715123063179e+03	2.365596018007804502e-01	1.609916760557866255e-01	2.578404399631720745e-01	1.568841081879847332e-01	7.436323874394565325e-02	3.181236568581818219e-02	8.154856956214145969e-02
1.250563600229890881e+03	2.362183849637361499e-01	1.608070173062401964e-01	2.580290524663887974e-01	1.570219165557503738e-01	7.442450685115314934e-02	3.185170740383759524e-02	8.164741445252285401e-02
1.252982485336718355e+03	2.358782528569395853e-01	1.606227994533560022e-01	2.582170836958043170e-01	1.571593426801158877e-01	7.448559940503073074e-02	3.189095459609194577e-02	8.174596731229066826e-02
1.255401370443546057e+03	2.355392020577271317e-01	1.604390213885452388e-01	2.584045363297941544e-01	1.572963871223088672e-01	7.454651684365160014e-02	3.193010735805692363e-02	8.184422889954517943e-02
1.257820255550373531e+03	2.352012291549555600e-01	1.602556820060188902e-01	2.585914130149446488e-01	1.574330504593347557e-01	7.460725960664832401e-02	3.196916578632780920e-02	8.194219997139905176e-02
1.260239140657201460e+03	2.348643307489436671e-01	1.600727802027833990e-01	2.587777163667768221e-01	1.575693332834297855e-01	7.466782813512279349e-02	3.200812997861571946e-02	8.203988128395681145e-02
1.262658025764028707e+03	2.345285034514150713e-01	1.598903148786359751e-01	2.589634489704515374e-01	1.577052362015293752e-01	7.472822287155880816e-02	3.204700003374348627e-02	8.213727359229486269e-02
1.265076910870856636e+03	2.341937438854412579e-01	1.597082849361602108e-01	2.591486133814550619e-01	1.578407598347519036e-01	7.478844425973733834e-02	3.208577605164117386e-02	8.223437765044215586e-02
1.267495795977684338e+03	2.338600486853859572e-01	1.595266892807213899e-01	2.593332121262675871e-01	1.579759048178971115e-01	7.484849274465429914e-02	3.212445813334127709e-02	8.233119421136153582e-02
1.269914681084511813e+03	2.335274144968496335e-01	1.593455268204616304e-01	2.595172477030127656e-01	1.581106717989591293e-01	7.490836877244085035e-02	3.216304638097353119e-02	8.242772402693157585e-02
1.272333566191339514e+03	2.331958379766153056e-01	1.591647964662953885e-01	2.597007225820908149e-01	1.582450614386531063e-01	7.496807279028598614e-02	3.220154089775945777e-02	8.252396784792903617e-02
1.274752451298167216e+03	2.328653157925943684e-01	1.589844971319043232e-01	2.598836392067943590e-01	1.583790744099559111e-01	7.502760524636162276e-02	3.223994178800659166e-02	8.261992642401194686e-02
1.277171336404994690e+03	2.325358446237736076e-01	1.588046277337326340e-01	2.600659999939078926e-01	1.585127113976596280e-01	7.508696658974978178e-02	3.227824915710243020e-02	8.271560050370314887e-02
1.279590221511822392e+03	2.322074211601627414e-01	1.586251871909818700e-01	2.602478073342919251e-01	1.586459730979380423e-01	7.514615727037211868e-02	3.231646311150810497e-02	8.281099083437437613e-02
1.282009106618650094e+03	2.318800421027423508e-01	1.584461744256061566e-01	2.604290635934507492e-01	1.587788602179257824e-01	7.520517773892149149e-02	3.235458375875174125e-02	8.290609816223092066e-02
1.284427991725477568e+03	2.315537041634128379e-01	1.582675883623069490e-01	2.606097711120861082e-01	1.589113734753091756e-01	7.526402844679570825e-02	3.239261120742167183e-02	8.300092323229672775e-02
1.286846876832305497e+03	2.312284040649435768e-01	1.580894279285280091e-01	2.607899322066355996e-01	1.590435135979294534e-01	7.532270984603317565e-02	3.243054556715932457e-02	8.309546678840000478e-02
1.289265761939132744e+03	2.309041385409230096e-01	1.579116920544501868e-01	2.609695491697971437e-01	1.591752813233968666e-01	7.538122238925062946e-02	3.246838694865192276e-02	8.318972957315935723e-02
1.291684647045960673e+03	2.305809043357091026e-01	1.577343796729861747e-01	2.611486242710394645e-01	1.593066773987163454e-01	7.543956652958275222e-02	3.250613546362495637e-02	8.328371232797027179e-02
1.294103532152788375e+03	2.302586982043804409e-01	1.575574897197753177e-01	2.613271597570992477e-01	1.594377025799237624e-01	7.549774272062359515e-02	3.254379122483445907e-02	8.337741579299219608e-02
1.296522417259616077e+03	2.299375169126878227e-01	1.573810211331783115e-01	2.615051578524651976e-01	1.595683576317328545e-01	7.555575141636979020e-02	3.258135434605909098e-02	8.347084070713589599e-02
1.298941302366443551e+03	2.296173572370065752e-01	1.572049728542717073e-01	2.616826207598492160e-01	1.596986433271923023e-01	7.561359307116562178e-02	3.261882494209204092e-02	8.356398780805138204e-02
1.301360187473271253e+03	2.292982159642892037e-01	1.570293438268426656e-01	2.618595506606455348e-01	1.598285604473528021e-01	7.567126813964974996e-02	3.265620312873273451e-02	8.365685783211619653e-02
1.303779072580098727e+03	2.289800898920184846e-01	1.568541329973835441e-01	2.620359497153771922e-01	1.599581097809437413e-01	7.572877707670350178e-02	3.269348902277841029e-02	8.374945151442403368e-02
1.306197957686926657e+03	2.286629758281613634e-01	1.566793393150862912e-01	2.622118200641316288e-01	1.600872921240593105e-01	7.578612033740092513e-02	3.273068274201550165e-02	8.384176958877388730e-02
1.308616842793753904e+03	2.283468705911231855e-01	1.565049617318370057e-01	2.623871638269842377e-01	1.602161082798538583e-01	7.584329837696027199e-02	3.276778440521092850e-02	8.393381278765946196e-02
1.311035727900581833e+03	2.280317710097023443e-01	1.563309992022104133e-01	2.625619831044109787e-01	1.603445590582459057e-01	7.590031165069710539e-02	3.280479413210319467e-02	8.402558184225901450e-02
1.313454613007409534e+03	2.277176739230454827e-01	1.561574506834642884e-01	2.627362799776905011e-01	1.604726452756309041e-01	7.595716061397879415e-02	3.284171204339338818e-02	8.411707748242557015e-02
1.315873498114237009e+03	2.274045761806031130e-01	1.559843151355338742e-01	2.629100565092955533e-01	1.606003677546024855e-01	7.601384572218047864e-02	3.287853826073604963e-02	8.420830043667738851e-02
1.318292383221064711e+03	2.270924746420857621e-01	1.558115915210261659e-01	2.630833147432740104e-01	1.607277273236816517e-01	7.607036743064242434e-02	3.291527290672992961e-02	8.429925143218895689e-02
1.320711268327892412e+03	2.267813661774204792e-01	1.556392788052142762e-01	2.632560567056205225e-01	1.608547248170540123e-01	7.612672619462877710e-02	3.295191610490865591e-02	8.438993119478209459e-02
1.323130153434719887e+03	2.264712476667078977e-01	1.554673759560318558e-01	2.634282844046379468e-01	1.609813610743147660e-01	7.618292246928753952e-02	3.298846797973124800e-02	8.448034044891755689e-02
1.325549038541547588e+03	2.261621160001795194e-01	1.552958819440672100e-01	2.635999998312896775e-01	1.611076369402210662e-01	7.623895670961187976e-02	3.302492865657261772e-02	8.457047991768683326e-02
1.327967923648375290e+03	2.258539680781555259e-01	1.551247957425576918e-01	2.637712049595428709e-01	1.612335532644517122e-01	7.629482937040271695e-02	3.306129826171393810e-02	8.466035032280437578e-02
1.330386808755202765e+03	2.255468008110030342e-01	1.549541163273837896e-01	2.639419017467028450e-01	1.613591109013738367e-01	7.635054090623241696e-02	3.309757692233292192e-02	8.474995238459999414e-02
1.332805693862030694e+03	2.252406111190947691e-01	1.547838426770635489e-01	2.641120921337384297e-01	1.614843107098166974e-01	7.640609177140973707e-02	3.313376476649405877e-02	8.483928682201158367e-02
1.335224578968857941e+03	2.249353959327680119e-01	1.546139737727464936e-01	2.642817780455996024e-01	1.616091535528517420e-01	7.646148241994590866e-02	3.316986192313878257e-02	8.492835435257822807e-02
1.337643464075685870e+03	2.246311521922839116e-01	1.544445085982080745e-01	2.644509613915264068e-01	1.617336402975797227e-01	7.651671330552173300e-02	3.320586852207554202e-02	8.501715569243342707e-02
1.340062349182513572e+03	2.243278768477873497e-01	1.542754461398436472e-01	2.646196440653498794e-01	1.618577718149234734e-01	7.657178488145591211e-02	3.324178469396990576e-02	8.510569155629868487e-02
1.342481234289341273e+03	2.240255668592669724e-01	1.541067853866625592e-01	2.647878279457858142e-01	1.619815489794274033e-01	7.662669760067424007e-02	3.327761057033446629e-02	8.519396265747732067e-02
1.344900119396168748e+03	2.237242191965157778e-01	1.539385253302824053e-01	2.649555148967205342e-01	1.621049726690625692e-01	7.668145191567994623e-02	3.331334628351888261e-02	8.528196970784857056e-02
1.347319004502996449e+03	2.234238308390918415e-01	1.537706649649231705e-01	2.651227067674893911e-01	1.622280437650376883e-01	7.673604827852498200e-02	3.334899196669972865e-02	8.536971341786188383e-02
1.349737889609823924e+03	2.231243987762795422e-01	1.536032032874010134e-01	2.652894053931482699e-01	1.623507631516157845e-01	7.679048714078222371e-02	3.338454775387039719e-02	8.545719449653146893e-02
1.352156774716651853e+03	2.228259200070510371e-01	1.534361392971226590e-01	2.654556125947380441e-01	1.624731317159363031e-01	7.684476895351863290e-02	3.342001377983094129e-02	8.554441365143111708e-02
1.354575659823479100e+03	2.225283915400280699e-01	1.532694719960792928e-01	2.656213301795424808e-01	1.625951503478424154e-01	7.689889416726938820e-02	3.345539018017790883e-02	8.563137158868919241e-02
1.356994544930307029e+03	2.222318103934441680e-01	1.531032003888406490e-01	2.657865599413393176e-01	1.627168199397137360e-01	7.695286323201275258e-02	3.349067709129412151e-02	8.571806901298385795e-02
1.359413430037134731e+03	2.219361735951071724e-01	1.529373234825490424e-01	2.659513036606455660e-01	1.628381413863038696e-01	7.700667659714587054e-02	3.352587465033850245e-02	8.580450662753855151e-02
1.361832315143962205e+03	2.216414781823619062e-01	1.527718402869133463e-01	2.661155631049555437e-01	1.629591155845828421e-01	7.706033471146146729e-02	3.356098299523579964e-02	8.589068513411765582e-02
1.364251200250789907e+03	2.213477212020533436e-01	1.526067498142029966e-01	2.662793400289739654e-01	1.630797434335844176e-01	7.711383802312514468e-02	3.359600226466639278e-02	8.597660523302227964e-02
1.366670085357617609e+03	2.210548997104899160e-01	1.524420510792421635e-01	2.664426361748424843e-01	1.632000258342578558e-01	7.716718697965371798e-02	3.363093259805605140e-02	8.606226762308635814e-02
1.369088970464445310e+03	2.207630107734072367e-01	1.522777430994034786e-01	2.666054532723608483e-01	1.633199636893242213e-01	7.722038202789410777e-02	3.366577413556566534e-02	8.614767300167294750e-02
1.371507855571272785e+03	2.204720514659321284e-01	1.521138248946021787e-01	2.667677930392024499e-01	1.634395579031371892e-01	7.727342361400302284e-02	3.370052701808104456e-02	8.623282206467056121e-02
1.373926740678100487e+03	2.201820188725467087e-01	1.519502954872900824e-01	2.669296571811241026e-01	1.635588093815477650e-01	7.732631218342740642e-02	3.373519138720265653e-02	8.631771550648982549e-02
1.376345625784927961e+03	2.198929100870530562e-01	1.517871539024494842e-01	2.670910473921713768e-01	1.636777190317733610e-01	7.737904818088552072e-02	3.376976738523543992e-02	8.640235402006027354e-02
1.378764510891755890e+03	2.196047222125379339e-01	1.516243991675871594e-01	2.672519653548779406e-01	1.637962877622708424e-01	7.743163205034873930e-02	3.380425515517855584e-02	8.648673829682730629e-02
1.381183395998583137e+03	2.193174523613379001e-01	1.514620303127284240e-01	2.674124127404602369e-01	1.639145164826134038e-01	7.748406423502397777e-02	3.383865484071522933e-02	8.657086902674926421e-02
1.383602281105411066e+03	2.190310976550044753e-01	1.513000463704108622e-01	2.675723912090077761e-01	1.640324061033711645e-01	7.753634517733679066e-02	3.387296658620254225e-02	8.665474689829480437e-02
1.386021166212238768e+03	2.187456552242698915e-01	1.511384463756784702e-01	2.677319024096679323e-01	1.641499575359955110e-01	7.758847531891498173e-02	3.390719053666131633e-02	8.673837259844024983e-02
1.388440051319066470e+03	2.184611222090128146e-01	1.509772293660755216e-01	2.678909479808267990e-01	1.642671716927070757e-01	7.764045510057296373e-02	3.394132683776594078e-02	8.682174681266723038e-02
1.390858936425893944e+03	2.181774957582244268e-01	1.508163943816406005e-01	2.680495295502849928e-01	1.643840494863869628e-01	7.769228496229657610e-02	3.397537563583429704e-02	8.690487022496043434e-02
1.393277821532721646e+03	2.178947730299747587e-01	1.506559404649003842e-01	2.682076487354298489e-01	1.645005918304714987e-01	7.774396534322855490e-02	3.400933707781765569e-02	8.698774351780549918e-02
1.395696706639549120e+03	2.176129511913792447e-01	1.504958666608636753e-01	2.683653071434027315e-01	1.646167996388503141e-01	7.779549668165448850e-02	3.404321131129064981e-02	8.707036737218702693e-02
1.398115591746377049e+03	2.173320274185654155e-01	1.503361720170154348e-01	2.685225063712626259e-01	1.647326738257673395e-01	7.784687941498935615e-02	3.407699848444124130e-02	8.715274246758672461e-02
1.400534476853204296e+03	2.170519988966400360e-01	1.501768555833104812e-01	2.686792480061453436e-01	1.648482153057251320e-01	7.789811397976452445e-02	3.411069874606077051e-02	8.723486948198176660e-02
1.402953361960032225e+03	2.167728628196562424e-01	1.500179164121677178e-01	2.688355336254195094e-01	1.649634249933920882e-01	7.794920081161529901e-02	3.414431224553399202e-02	8.731674909184318489e-02
1.405372247066859927e+03	2.164946163905811516e-01	1.498593535584637759e-01	2.689913647968378840e-01	1.650783038035126271e-01	7.800014034526897566e-02	3.417783913282915892e-02	8.739838197213443960e-02
1.407791132173687402e+03	2.162172568212633039e-01	1.497011660795271593e-01	2.691467430786857462e-01	1.651928526508202044e-01	7.805093301453326637e-02	3.421127955848819041e-02	8.747976879631007285e-02
1.410210017280515103e+03	2.159407813324006886e-01	1.495433530351322204e-01	2.693016700199253322e-01	1.653070724499529909e-01	7.810157925228528031e-02	3.424463367361683941e-02	8.756091023631457082e-02
1.412628902387342805e+03	2.156651871535088805e-01	1.493859134874928885e-01	2.694561471603368341e-01	1.654209641153722432e-01	7.815207949046094893e-02	3.427790162987492256e-02	8.764180696258119796e-02
1.415047787494170507e+03	2.153904715228892042e-01	1.492288465012567844e-01	2.696101760306560680e-01	1.655345285612833672e-01	7.820243416004483972e-02	3.431108357946655724e-02	8.772245964403106722e-02
1.417466672600997981e+03	2.151166316875974538e-01	1.490721511434991153e-01	2.697637581527086992e-01	1.656477667015594235e-01	7.825264369106038620e-02	3.434417967513053033e-02	8.780286894807227960e-02
1.419885557707825683e+03	2.148436649034123624e-01	1.489158264837165957e-01	2.699168950395413602e-01	1.657606794496671587e-01	7.830270851256056208e-02	3.437719007013062544e-02	8.788303554059914702e-02
1.422304442814653157e+03	2.145715684348047103e-01	1.487598715938215077e-01	2.700695881955496591e-01	1.658732677185953130e-01	7.835262905261894395e-02	3.441011491824605417e-02	8.796296008599159555e-02
1.424723327921481086e+03	2.143003395549062939e-01	1.486042855481354563e-01	2.702218391166030798e-01	1.659855324207852867e-01	7.840240573832114868e-02	3.444295437376194285e-02	8.804264324711454093e-02
1.427142213028308333e+03	2.140299755454792840e-01	1.484490674233835406e-01	2.703736492901670507e-01	1.660974744680640269e-01	7.845203899575664552e-02	3.447570859145981242e-02	8.812208568531741670e-02
1.429561098135136262e+03	2.137604736968856389e-01	1.482942162986882473e-01	2.705250201954217393e-01	1.662090947715791911e-01	7.850152925001090132e-02	3.450837772660817621e-02	8.820128806043396608e-02
1.431979983241963964e+03	2.134918313080568231e-01	1.481397312555632340e-01	2.706759533033784582e-01	1.663203942417363634e-01	7.855087692515794195e-02	3.454096193495318629e-02	8.828025103078181168e-02
1.434398868348791666e+03	2.132240456864636924e-01	1.479856113779076943e-01	2.708264500769932970e-01	1.664313737881382982e-01	7.860008244425320534e-02	3.457346137270928682e-02	8.835897525316234458e-02
1.436817753455619140e+03	2.129571141480863794e-01	1.478318557519999465e-01	2.709765119712778669e-01	1.665420343195262165e-01	7.864914622932671351e-02	3.460587619654997837e-02	8.843746138286068259e-02
1.439236638562446842e+03	2.126910340173846226e-01	1.476784634664916607e-01	2.711261404334076031e-01	1.666523767437230741e-01	7.869806870137661947e-02	3.463820656359863082e-02	8.851571007364557320e-02
1.441655523669274316e+03	2.124258026272680677e-01	1.475254336124017240e-01	2.712753369028274575e-01	1.667624019675786329e-01	7.874685028036301770e-02	3.467045263141931705e-02	8.859372197776956004e-02
1.444074408776102018e+03	2.121614173190667918e-01	1.473727652831103019e-01	2.714241028113552612e-01	1.668721108969164757e-01	7.879549138520211549e-02	3.470261455800774386e-02	8.867149774596910783e-02
1.446493293882929493e+03	2.118978754425021038e-01	1.472204575743528143e-01	2.715724395832825877e-01	1.669815044364826029e-01	7.884399243376055688e-02	3.473469250178224527e-02	8.874903802746483827e-02
1.448912178989757422e+03	2.116351743556573461e-01	1.470685095842139967e-01	2.717203486354733966e-01	1.670905834898960551e-01	7.889235384285023245e-02	3.476668662157482437e-02	8.882634346996187702e-02
1.451331064096585123e+03	2.113733114249488898e-01	1.469169204131217932e-01	2.718678313774603450e-01	1.671993489596010074e-01	7.894057602822318609e-02	3.479859707662224383e-02	8.890341471965018671e-02
1.453749949203412370e+03	2.111122840250975186e-01	1.467656891638415284e-01	2.720148892115387684e-01	1.673078017468205003e-01	7.898865940456692436e-02	3.483042402655719960e-02	8.898025242120512213e-02
1.456168834310240300e+03	2.108520895390995076e-01	1.466148149414698287e-01	2.721615235328589399e-01	1.674159427515119203e-01	7.903660438549989231e-02	3.486216763139957098e-02	8.905685721778790198e-02
1.458587719417068001e+03	2.105927253581984793e-01	1.464642968534286827e-01	2.723077357295155543e-01	1.675237728723237840e-01	7.908441138356721301e-02	3.489382805154769840e-02	8.913322975104619184e-02
1.461006604523895703e+03	2.103341888818567318e-01	1.463141340094595289e-01	2.724535271826358240e-01	1.676312930065541884e-01	7.913208081023673235e-02	3.492540544776975148e-02	8.920937066111483960e-02
1.463425489630723177e+03	2.100764775177273169e-01	1.461643255216172888e-01	2.725988992664654109e-01	1.677385040501106761e-01	7.917961307589525821e-02	3.495689998119516639e-02	8.928528058661655553e-02
1.465844374737550879e+03	2.098195886816258127e-01	1.460148705042643713e-01	2.727438533484521366e-01	1.678454068974715441e-01	7.922700858984496608e-02	3.498831181330609719e-02	8.936096016466270331e-02
1.468263259844378354e+03	2.095635197975026509e-01	1.458657680740648721e-01	2.728883907893283056e-01	1.679520024416484292e-01	7.927426776030017941e-02	3.501964110592903356e-02	8.943641003085421592e-02
1.470682144951206283e+03	2.093082682974151676e-01	1.457170173499785226e-01	2.730325129431905862e-01	1.680582915741503092e-01	7.932139099438423324e-02	3.505088802122637709e-02	8.951163081928245613e-02
1.473101030058033530e+03	2.090538316215002079e-01	1.455686174532548616e-01	2.731762211575788357e-01	1.681642751849487805e-01	7.936837869812657376e-02	3.508205272168815614e-02	8.958662316253022950e-02
1.475519915164861459e+03	2.088002072179465096e-01	1.454205675074273230e-01	2.733195167735527065e-01	1.682699541624445017e-01	7.941523127646009372e-02	3.511313537012376862e-02	8.966138769167278366e-02
1.477938800271689161e+03	2.085473925429675301e-01	1.452728666383071854e-01	2.734624011257664189e-01	1.683753293934350803e-01	7.946194913321869002e-02	3.514413612965382877e-02	8.973592503627889072e-02
1.480357685378516862e+03	2.082953850607741630e-01	1.451255139739780209e-01	2.736048755425426471e-01	1.684804017630838757e-01	7.950853267113487666e-02	3.517505516370204866e-02	8.981023582441202691e-02
1.482776570485344337e+03	2.080441822435477595e-01	1.449785086447895333e-01	2.737469413459437950e-01	1.685851721548900783e-01	7.955498229183777248e-02	3.520589263598718904e-02	8.988432068263151054e-02
