1.301360187473271253e+03	2.355602255103370068e-01	1.508286017496145437e-01	2.593108277667791617e-01	1.617871473341454536e-01	7.608716925559522171e-02	3.220208910739733033e-02	8.422393927576292405e-02
1.306197957686926657e+03	2.349812066553558232e-01	1.504195651108892751e-01	2.596700830204787813e-01	1.620460455969637836e-01	7.619669317635580086e-02	3.227475780795584920e-02	8.441164863163226617e-02
1.311035727900581833e+03	2.344055257941644321e-01	1.500128052326578088e-01	2.600273766854624968e-01	1.623033365402366535e-01	7.630561629847661120e-02	3.234710472404712239e-02	8.459823472458644078e-02
1.315873498114237009e+03	2.338331610408344585e-01	1.496083116236349708e-01	2.603827197764369550e-01	1.625590310239621583e-01	7.641394201530159191e-02	3.241913042207898027e-02	8.478370409738243685e-02
1.320711268327892412e+03	2.332640907919908413e-01	1.492060737175335272e-01	2.607361232325872691e-01	1.628131398246160655e-01	7.652167369671597497e-02	3.249083548482949169e-02	8.496806325135834725e-02
1.325549038541547588e+03	2.326982937166251209e-01	1.488060808808537583e-01	2.610875979186921825e-01	1.630656736360495129e-01	7.662881468950302755e-02	3.256222051101664156e-02	8.515131864689122476e-02
1.330386808755202765e+03	2.321357487464328906e-01	1.484083224202272233e-01	2.614371546262002632e-01	1.633166430703659466e-01	7.673536831768770772e-02	3.263328611487729264e-02	8.533347670384011652e-02
1.335224578968857941e+03	2.315764350666477400e-01	1.480127875893392231e-01	2.617848040742681293e-01	1.635660586587778242e-01	7.684133788286783007e-02	3.270403292575529280e-02	8.551454380197533178e-02
1.340062349182513572e+03	2.310203321073439620e-01	1.476194655954532198e-01	2.621305569107637012e-01	1.638139308524441673e-01	7.694672666453353238e-02	3.277446158769844325e-02	8.569452628139440087e-02
1.344900119396168748e+03	2.304674195351832933e-01	1.472283456055586415e-01	2.624744237132349278e-01	1.640602700232896005e-01	7.705153792037533478e-02	3.284457275906410567e-02	8.587343044292554406e-02
1.349737889609823924e+03	2.299176772455815976e-01	1.468394167521630544e-01	2.628164149898467028e-01	1.643050864648060438e-01	7.715577488658167948e-02	3.291436711213319849e-02	8.605126254851913625e-02
1.354575659823479100e+03	2.293710853552726747e-01	1.464526681387480211e-01	2.631565411802867516e-01	1.645483903928373626e-01	7.725944077812615940e-02	3.298384533273248514e-02	8.622802882162790283e-02
1.359413430037134731e+03	2.288276241952479084e-01	1.460680888449068515e-01	2.634948126566422077e-01	1.647901919463481413e-01	7.736253878904512937e-02	3.305300811986484205e-02	8.640373544757631863e-02
1.364251200250789907e+03	2.282872743040511021e-01	1.456856679311822889e-01	2.638312397242481566e-01	1.650305011881767481e-01	7.746507209270603322e-02	3.312185618534733977e-02	8.657838857391972343e-02
1.369088970464445310e+03	2.277500164214100731e-01	1.453053944436199785e-01	2.641658326225096998e-01	1.652693281057738550e-01	7.756704384206704328e-02	3.319039025345698474e-02	8.675199431079372303e-02
1.373926740678100487e+03	2.272158314821860481e-01	1.449272574180536233e-01	2.644986015256985956e-01	1.655066826119266643e-01	7.766845716992823445e-02	3.325861106058388555e-02	8.692455873125431998e-02
1.378764510891755890e+03	2.266847006106241236e-01	1.445512458841365644e-01	2.648295565437253640e-01	1.657425745454696175e-01	7.776931518917479247e-02	3.332651935489171907e-02	8.709608787160917631e-02
1.383602281105411066e+03	2.261566051148888312e-01	1.441773488691335259e-01	2.651587077228884648e-01	1.659770136719818656e-01	7.786962099301281137e-02	3.339411589598529490e-02	8.726658773174053585e-02
1.388440051319066470e+03	2.256315264818687383e-01	1.438055554014859849e-01	2.654860650466014937e-01	1.662100096844724706e-01	7.796937765519754149e-02	3.346140145458505882e-02	8.743606427542008341e-02
1.393277821532721646e+03	2.251094463722362882e-01	1.434358545141632968e-01	2.658116384360988960e-01	1.664415722040532841e-01	7.806858823025505933e-02	3.352837681220836169e-02	8.760452343061625458e-02
1.398115591746377049e+03	2.245903466157488926e-01	1.430682352478114816e-01	2.661354377511219726e-01	1.666717107806003628e-01	7.816725575369710965e-02	3.359504276085736874e-02	8.777197108979425955e-02
1.402953361960032225e+03	2.240742092067782576e-01	1.427026866537111360e-01	2.664574727905853480e-01	1.669004348934043369e-01	7.826538324222981347e-02	3.366140010271342214e-02	8.793841311020909879e-02
1.407791132173687402e+03	2.235610163000557038e-01	1.423391977965543786e-01	2.667777532932251727e-01	1.671277539518098432e-01	7.836297369395636703e-02	3.372744964983775962e-02	8.810385531419216709e-02
1.412628902387342805e+03	2.230507502066219339e-01	1.419777577570510707e-01	2.670962889382297867e-01	1.673536772958447716e-01	7.846003008857396765e-02	3.379319222387838079e-02	8.826830348943143223e-02
1.417466672600997981e+03	2.225433933899703953e-01	1.416183556343740824e-01	2.674130893458534497e-01	1.675782141968394368e-01	7.855655538756534106e-02	3.385862865578297826e-02	8.843176338924560453e-02
1.422304442814653157e+03	2.220389284623736081e-01	1.412609805484518477e-01	2.677281640780140304e-01	1.678013738580363678e-01	7.865255253438503680e-02	3.392375978551775279e-02	8.859424073285263046e-02
1.427142213028308333e+03	2.215373381813827147e-01	1.409056216421169516e-01	2.680415226388754846e-01	1.680231654151905230e-01	7.874802445464075540e-02	3.398858646179206411e-02	8.875574120563275993e-02
1.431979983241963964e+03	2.210386054464913430e-01	1.405522680831189919e-01	2.683531744754151793e-01	1.682435979371608159e-01	7.884297405626992938e-02	3.405310954178866062e-02	8.891627045938627072e-02
1.436817753455619140e+03	2.205427132959543457e-01	1.402009090660085444e-01	2.686631289779777831e-01	1.684626804264928723e-01	7.893740422971173842e-02	3.411732989089952955e-02	8.907583411258630790e-02
1.441655523669274316e+03	2.200496449037537827e-01	1.398515338139000308e-01	2.689713954808151120e-01	1.686804218199934591e-01	7.903131784807475302e-02	3.418124838246706237e-02	8.923443775062686600e-02
1.446493293882929493e+03	2.195593835767039037e-01	1.395041315801197057e-01	2.692779832626131520e-01	1.688968309892968367e-01	7.912471776730049811e-02	3.424486589753060473e-02	8.939208692606627482e-02
1.451331064096585123e+03	2.190719127516877196e-01	1.391586916497454807e-01	2.695829015470069256e-01	1.691119167414234237e-01	7.921760682632297823e-02	3.430818332457810649e-02	8.954878715886629981e-02
1.456168834310240300e+03	2.185872159930185299e-01	1.388152033410443020e-01	2.698861595030832006e-01	1.693256878193305781e-01	7.930998784722441408e-02	3.437120155930290660e-02	8.970454393662705139e-02
1.461006604523895703e+03	2.181052769899191057e-01	1.384736560068129396e-01	2.701877662458718743e-01	1.695381529024563849e-01	7.940186363538732917e-02	3.443392150436546534e-02	8.985936271481784199e-02
1.465844374737550879e+03	2.176260795541131166e-01	1.381340390356276260e-01	2.704877308368265898e-01	1.697493206072561711e-01	7.949323697964313928e-02	3.449634406915992602e-02	9.001324891700435149e-02
1.470682144951206283e+03	2.171496076175219170e-01	1.377963418530073203e-01	2.707860622842946374e-01	1.699591994877321377e-01	7.958411065241742521e-02	3.455847016958550622e-02	9.016620793507193476e-02
1.475519915164861459e+03	2.166758452300619198e-01	1.374605539224957595e-01	2.710827695439769203e-01	1.701677980359562747e-01	7.967448740987197187e-02	3.462030072782244089e-02	9.031824512944552907e-02
1.480357685378516862e+03	2.162047765575367819e-01	1.371266647466665711e-01	2.713778615193781496e-01	1.703751246825868093e-01	7.976436999204375433e-02	3.468183667211261617e-02	9.046936582930614756e-02
1.485195455592172038e+03	2.157363858796192413e-01	1.367946638680558602e-01	2.716713470622477700e-01	1.705811877973783808e-01	7.985376112298092632e-02	3.474307893654458163e-02	9.061957533280408372e-02
1.490033225805827215e+03	2.152706575879185513e-01	1.364645408700262130e-01	2.719632349730120024e-01	1.707859956896859155e-01	7.994266351087606082e-02	3.480402846084298257e-02	9.076887890726906272e-02
1.494870996019482618e+03	2.148075761841282683e-01	1.361362853775662518e-01	2.722535340011973948e-01	1.709895566089627561e-01	8.003107984819660126e-02	3.486468619016223902e-02	9.091728178941729799e-02
1.499708766233137567e+03	2.143471262782505882e-01	1.358098870580289608e-01	2.725422528458455451e-01	1.711918787452527402e-01	8.011901281181271761e-02	3.492505307488449201e-02	9.106478918555575841e-02
1.504546536446793198e+03	2.138892925868929040e-01	1.354853356218124472e-01	2.728294001559207205e-01	1.713929702296766722e-01	8.020646506312271995e-02	3.498513007042163003e-02	9.121140627178361826e-02
1.509384306660448374e+03	2.134340599316333353e-01	1.351626208229864679e-01	2.731149845307090374e-01	1.715928391349134385e-01	8.029343924817597400e-02	3.504491813702134001e-02	9.135713819419098713e-02
1.514222076874103550e+03	2.129814132374509006e-01	1.348417324598673861e-01	2.733990145202109812e-01	1.717914934756754608e-01	8.037993799779354076e-02	3.510441823957712731e-02	9.150199006905515575e-02
1.519059847087758726e+03	2.125313375312174458e-01	1.345226603755450001e-01	2.736814986255258764e-01	1.719889412091790692e-01	8.046596392768662342e-02	3.516363134744220076e-02	9.164596698303428823e-02
1.523897617301414357e+03	2.120838179402480261e-01	1.342053944583635472e-01	2.739624452992305281e-01	1.721851902356096864e-01	8.055151963857275221e-02	3.522255843424718091e-02	9.178907399335878292e-02
1.528735387515069533e+03	2.116388396909065217e-01	1.338899246423595479e-01	2.742418629457506474e-01	1.723802483985819867e-01	8.063660771629009572e-02	3.528120047772150686e-02	9.193131612802021846e-02
1.533573157728724709e+03	2.111963881072639049e-01	1.335762409076592383e-01	2.745197599217258921e-01	1.725741234855951711e-01	8.072123073190959341e-02	3.533955845951848584e-02	9.207269838595817657e-02
1.538410927942380113e+03	2.107564486098061907e-01	1.332643332808375602e-01	2.747961445363690802e-01	1.727668232284834959e-01	8.080539124184529798e-02	3.539763336504393731e-02	9.221322573724487215e-02
1.543248698156035516e+03	2.103190067141895159e-01	1.329541918352409591e-01	2.750710250518192401e-01	1.729583553038618882e-01	8.088909178796278854e-02	3.545542618328834106e-02	9.235290312326764617e-02
1.548086468369690692e+03	2.098840480300401268e-01	1.326458066912761802e-01	2.753444096834888333e-01	1.731487273335673427e-01	8.097233489768590475e-02	3.551293790666242706e-02	9.249173545690955733e-02
1.552924238583346096e+03	2.094515582597966386e-01	1.323391680166669526e-01	2.756163066004057027e-01	1.733379468850954064e-01	8.105512308410162126e-02	3.557016953083612376e-02	9.262972762272789207e-02
1.557762008797001272e+03	2.090215231975927623e-01	1.320342660266803636e-01	2.758867239255494153e-01	1.735260214720326655e-01	8.113745884606343717e-02	3.562712205458081621e-02	9.276688447713085650e-02
1.562599779010656675e+03	2.085939287281782517e-01	1.317310909843247280e-01	2.761556697361825519e-01	1.737129585544844590e-01	8.121934466829298926e-02	3.568379647961486545e-02	9.290321084855243661e-02
1.567437549224311852e+03	2.081687608258759592e-01	1.314296332005205903e-01	2.764231520641768358e-01	1.738987655394988452e-01	8.130078302148023572e-02	3.574019381045227123e-02	9.303871153762546808e-02
1.572275319437967255e+03	2.077460055535734762e-01	1.311298830342463029e-01	2.766891788963348198e-01	1.740834497814860438e-01	8.138177636238211332e-02	3.579631505425448501e-02	9.317339131735291602e-02
1.577113089651622431e+03	2.073256490617474135e-01	1.308318308926600115e-01	2.769537581747062438e-01	1.742670185826339091e-01	8.146232713391973745e-02	3.585216122068525524e-02	9.330725493327764186e-02
1.581950859865277607e+03	2.069076775875186014e-01	1.305354672311988540e-01	2.772168977969001746e-01	1.744494791933194622e-01	8.154243776527421439e-02	3.590773332176851879e-02	9.344030710365033854e-02
1.586788630078933011e+03	2.064920774537370718e-01	1.302407825536573971e-01	2.774786056163929815e-01	1.746308388125163702e-01	8.162211067198106573e-02	3.596303237174917206e-02	9.357255251959606390e-02
1.591626400292587959e+03	2.060788350680948511e-01	1.299477674122458404e-01	2.777388894428314825e-01	1.748111045881987347e-01	8.170134825602341777e-02	3.601805938695674253e-02	9.370399584527908110e-02
1.596464170506243590e+03	2.056679369222652598e-01	1.296564124076295954e-01	2.779977570423322608e-01	1.749902836177407994e-01	8.178015290592387243e-02	3.607281538567196771e-02	9.383464171806633891e-02
1.601301940719898766e+03	2.052593695910676641e-01	1.293667081889515180e-01	2.782552161377771505e-01	1.751683829483132726e-01	8.185852699683510147e-02	3.612730138799603863e-02	9.396449474868937002e-02
1.606139710933553943e+03	2.048531197316562635e-01	1.290786454538372652e-01	2.785112744091041703e-01	1.753454095772756238e-01	8.193647289062937211e-02	3.618151841572261884e-02	9.409355952140484314e-02
1.610977481147209119e+03	2.044491740827316661e-01	1.287922149483851086e-01	2.787659394935953494e-01	1.755213704525649399e-01	8.201399293598676810e-02	3.623546749221256968e-02	9.422184059415369961e-02
1.615815251360864750e+03	2.040475194637741407e-01	1.285074074671414546e-01	2.790192189861606109e-01	1.756962724730812275e-01	8.209108946848242550e-02	3.628914964227124285e-02	9.434934249871894385e-02
1.620653021574519926e+03	2.036481427742977968e-01	1.282242138530621800e-01	2.792711204396178259e-01	1.758701224890692194e-01	8.216776481067256110e-02	3.634256589202836119e-02	9.447606974088205989e-02
1.625490791788175102e+03	2.032510309931240267e-01	1.279426249974614793e-01	2.795216513649695922e-01	1.760429273024965158e-01	8.224402127217957104e-02	3.639571726882047387e-02	9.460202680057824831e-02
1.630328562001830505e+03	2.028561711776740162e-01	1.276626318399481930e-01	2.797708192316770703e-01	1.762146936674286180e-01	8.231986114977592195e-02	3.644860480107579848e-02	9.472721813205028929e-02
1.635166332215485909e+03	2.024635504632790739e-01	1.273842253683512005e-01	2.800186314679292687e-01	1.763854282904003534e-01	8.239528672746723736e-02	3.650122951820156808e-02	9.485164816400119825e-02
1.640004102429141085e+03	2.020731560625076695e-01	1.271073966186338222e-01	2.802650954609106071e-01	1.765551378307841368e-01	8.247030027657428763e-02	3.655359245047371669e-02	9.497532129974571580e-02
1.644841872642796488e+03	2.016849752645087646e-01	1.268321366747983958e-01	2.805102185570644280e-01	1.767238289011548169e-01	8.254490405581403623e-02	3.660569462892896558e-02	9.509824191736054866e-02
1.649679642856451665e+03	2.012989954343708532e-01	1.265584366687814155e-01	2.807540080623536216e-01	1.768915080676516094e-01	8.261910031137985333e-02	3.665753708525911619e-02	9.522041436983348650e-02
1.654517413070107068e+03	2.009152040124952410e-01	1.262862877803400397e-01	2.809964712425184197e-01	1.770581818503363380e-01	8.269289127702075803e-02	3.670912085170768835e-02	9.534184298521143630e-02
1.659355183283762244e+03	2.005335885139835350e-01	1.260156812369302159e-01	2.812376153233313580e-01	1.772238567235491502e-01	8.276627917411975843e-02	3.676044696096871650e-02	9.546253206674719383e-02
1.664192953497417420e+03	2.001541365280385121e-01	1.257466083135773960e-01	2.814774474908490198e-01	1.773885391162605407e-01	8.283926621177148397e-02	3.681151644608771784e-02	9.558248589304522980e-02
1.669030723711072824e+03	1.997768357173777820e-01	1.254790603327397003e-01	2.817159748916616135e-01	1.775522354124207114e-01	8.291185458685879084e-02	3.686233034036481143e-02	9.570170871820647684e-02
1.673868493924728000e+03	1.994016738176595249e-01	1.252130286641647827e-01	2.819532046331393871e-01	1.777149519513057940e-01	8.298404648412872897e-02	3.691288967725993297e-02	9.582020477197178421e-02
1.678706264138383403e+03	1.990286386369198302e-01	1.249485047247402419e-01	2.821891437836763772e-01	1.778766950278610481e-01	8.305584407626764865e-02	3.696319549030006868e-02	9.593797825986469241e-02
1.683544034352038352e+03	1.986577180550212485e-01	1.246854799783382040e-01	2.824237993729322715e-01	1.780374708930411998e-01	8.312724952397546052e-02	3.701324881298852926e-02	9.605503336333294506e-02
1.688381804565693983e+03	1.982889000231120025e-01	1.244239459356545896e-01	2.826571783920710512e-01	1.781972857541477273e-01	8.319826497603931281e-02	3.706305067871618758e-02	9.617137423988902922e-02
1.693219574779349159e+03	1.979221725630951612e-01	1.241638941540432611e-01	2.828892877939973016e-01	1.783561457751632884e-01	8.326889256940642192e-02	3.711260212067467312e-02	9.628700502324979982e-02
1.698057344993004335e+03	1.975575237671075846e-01	1.239053162373455058e-01	2.831201344935904696e-01	1.785140570770835933e-01	8.333913442925618142e-02	3.716190417177143990e-02	9.640192982347511874e-02
1.702895115206659511e+03	1.971949417970084162e-01	1.236482038357151342e-01	2.833497253679365113e-01	1.786710257382459199e-01	8.340899266907161880e-02	3.721095786454674953e-02	9.651615272710550864e-02
1.707732885420315142e+03	1.968344148838760965e-01	1.233925486454396370e-01	2.835780672565573202e-01	1.788270577946553253e-01	8.347846939071010275e-02	3.725976423109243763e-02	9.662967779729887685e-02
1.712570655633970318e+03	1.964759313275140085e-01	1.231383424087574424e-01	2.838051669616381001e-01	1.789821592403079697e-01	8.354756668447343992e-02	3.730832430297251895e-02	9.674250907396629573e-02
1.717408425847625494e+03	1.961194794959645604e-01	1.228855769136718845e-01	2.840310312482521304e-01	1.791363360275114447e-01	8.361628662917734711e-02	3.735663911114552732e-02	9.685465057390692245e-02
1.722246196061280898e+03	1.957650478250307913e-01	1.226342439937618961e-01	2.842556668445835877e-01	1.792895940672028510e-01	8.368463129222011854e-02	3.740470968588862494e-02	9.696610629094193357e-02
1.727083966274936301e+03	1.954126248178055525e-01	1.223843355279898154e-01	2.844790804421485908e-01	1.794419392292638804e-01	8.375260272965084907e-02	3.745253705672339783e-02	9.707688019604769625e-02
1.731921736488591478e+03	1.950621990442080733e-01	1.221358434405064169e-01	2.847012786960138597e-01	1.795933773428333713e-01	8.382020298623694965e-02	3.750012225234330282e-02	9.718697623748789871e-02
1.736759506702246881e+03	1.947137591405271873e-01	1.218887597004535972e-01	2.849222682250130423e-01	1.797439141966172549e-01	8.388743409553103825e-02	3.754746630054276585e-02	9.729639834094494510e-02
1.741597276915902057e+03	1.943672938089714974e-01	1.216430763217646455e-01	2.851420556119619865e-01	1.798935555391959484e-01	8.395429807993731730e-02	3.759457022814793187e-02	9.740515040965043447e-02
1.746435047129557461e+03	1.940227918172257315e-01	1.213987853629625857e-01	2.853606474038712926e-01	1.800423070793291114e-01	8.402079695077728505e-02	3.764143506094892733e-02	9.751323632451482093e-02
1.751272817343212637e+03	1.936802419980133694e-01	1.211558789269565617e-01	2.855780501121569781e-01	1.801901744862579036e-01	8.408693270835494726e-02	3.768806182363373947e-02	9.762065994425625504e-02
1.756110587556867813e+03	1.933396332486651548e-01	1.209143491608366261e-01	2.857942702128497547e-01	1.803371633900047455e-01	8.415270734202141834e-02	3.773445153972354582e-02	9.772742510552853701e-02
1.760948357770523216e+03	1.930009545306932417e-01	1.206741882556668227e-01	2.860093141468021405e-01	1.804832793816706082e-01	8.421812283023902279e-02	3.778060523150959804e-02	9.783353562304830664e-02
1.765786127984178393e+03	1.926641948693710582e-01	1.204353884462770891e-01	2.862231883198940174e-01	1.806285280137298055e-01	8.428318114064480004e-02	3.782652391999155594e-02	9.793899528972141444e-02
1.770623898197833569e+03	1.923293433533181940e-01	1.201979420110538682e-01	2.864358991032359691e-01	1.807729148003223429e-01	8.434788423011352343e-02	3.787220862481725098e-02	9.804380787676850173e-02
1.775461668411488745e+03	1.919963891340906725e-01	1.199618412717295551e-01	2.866474528333715632e-01	1.809164452175440196e-01	8.441223404482021964e-02	3.791766036422386521e-02	9.814797713384980360e-02
1.780299438625144376e+03	1.916653214257759141e-01	1.197270785931711240e-01	2.868578558124771916e-01	1.810591247037337814e-01	8.447623252030210528e-02	3.796288015498049812e-02	9.825150678918910530e-02
1.785137208838799552e+03	1.913361295045927224e-01	1.194936463831678258e-01	2.870671143085608001e-01	1.812009586597591315e-01	8.453988158152006549e-02	3.800786901233210724e-02	9.835440054969706025e-02
1.789974979052454728e+03	1.910088027084956286e-01	1.192615370922182894e-01	2.872752345556588427e-01	1.813419524492989043e-01	8.460318314291970232e-02	3.805262794994478115e-02	9.845666210109355054e-02
1.794812749266109904e+03	1.906833304367837878e-01	1.190307432133168863e-01	2.874822227540315689e-01	1.814821113991238466e-01	8.466613910849174474e-02	3.809715797985231689e-02	9.855829510802953386e-02
1.799650519479765535e+03	1.903597021497144270e-01	1.188012572817397500e-01	2.876880850703565917e-01	1.816214407993748114e-01	8.472875137183215333e-02	3.814146011240406031e-02	9.865930321420791904e-02
1.804488289693420711e+03	1.900379073681200959e-01	1.185730718748302659e-01	2.878928276379210116e-01	1.817599459038388154e-01	8.479102181620162826e-02	3.818553535621407868e-02	9.875969004250378935e-02
1.809326059907075887e+03	1.897179356730300803e-01	1.183461796117843412e-01	2.880964565568123747e-01	1.818976319302226530e-01	8.485295231458471477e-02	3.822938471811152678e-02	9.885945919508395963e-02
1.814163830120731291e+03	1.893997767052959524e-01	1.181205731534353820e-01	2.882989778941075221e-01	1.820345040604244291e-01	8.491454472974847845e-02	3.827300920309219256e-02	9.895861425352571461e-02
1.819001600334386467e+03	1.890834201652206448e-01	1.178962452020393126e-01	2.885003976840601059e-01	1.821705674408027886e-01	8.497580091430065319e-02	3.831640981427133358e-02	9.905715877893479793e-02
1.823839370548041643e+03	1.887688558121914939e-01	1.176731885010593032e-01	2.887007219282869963e-01	1.823058271824439802e-01	8.503672271074742828e-02	3.835958755283760957e-02	9.915509631206280428e-02
1.828677140761696819e+03	1.884560734643166147e-01	1.174513958349506088e-01	2.888999565959528559e-01	1.824402883614267834e-01	8.509731195155079142e-02	3.840254341800820870e-02	9.925243037342376673e-02
1.833514910975352450e+03	1.881450629980648270e-01	1.172308600289455605e-01	2.890981076239536041e-01	1.825739560190851318e-01	8.515757045918535828e-02	3.844527840698507004e-02	9.934916446341010565e-02
1.838352681189008081e+03	1.878358143479092190e-01	1.170115739488385709e-01	2.892951809170980493e-01	1.827068351622688214e-01	8.521750004619493835e-02	3.848779351491224410e-02	9.944530206240781434e-02
1.843190451402663257e+03	1.875283175059736518e-01	1.167935305007714863e-01	2.894911823482888558e-01	1.828389307636018590e-01	8.527710251524849017e-02	3.853008973483432881e-02	9.954084663091102014e-02
1.848028221616318433e+03	1.872225625216827061e-01	1.165767226310190363e-01	2.896861177587014002e-01	1.829702477617388967e-01	8.533637965919588231e-02	3.857216805765595335e-02	9.963580160963581012e-02
1.852865991829973609e+03	1.869185395014147655e-01	1.163611433257747546e-01	2.898799929579617962e-01	1.831007910616194445e-01	8.539533326112309919e-02	3.861402947210235831e-02	9.973017041963340434e-02
1.857703762043628785e+03	1.866162386081580415e-01	1.161467856109371366e-01	2.900728137243234750e-01	1.832305655347202245e-01	8.545396509440711386e-02	3.865567496468098191e-02	9.982395646240266318e-02
1.862541532257283961e+03	1.863156500611697353e-01	1.159336425518962960e-01	2.902645858048422123e-01	1.833595760193052204e-01	8.551227692277030279e-02	3.869710551964403861e-02	9.991716312000187283e-02
1.867379302470939592e+03	1.860167641356378077e-01	1.157217072533209962e-01	2.904553149155503222e-01	1.834878273206738408e-01	8.557027050033459703e-02	3.873832211895210376e-02	1.000097937551599619e-01
1.872217072684594768e+03	1.857195711623459700e-01	1.155109728589462231e-01	2.906450067416294636e-01	1.836153242114071105e-01	8.562794757167513371e-02	3.877932574223868362e-02	1.001018517113869688e-01
1.877054842898249490e+03	1.854240615273412829e-01	1.153014325513613131e-01	2.908336669375818917e-01	1.837420714316117809e-01	8.568530987187360226e-02	3.882011736677572211e-02	1.001933403130839534e-01
1.881892613111905121e+03	1.851302256716042816e-01	1.150930795517985245e-01	2.910213011274009332e-01	1.838680736891624978e-01	8.574235912657117431e-02	3.886069796744005128e-02	1.002842628656520907e-01
1.886730383325560297e+03	1.848380540907221536e-01	1.148859071199224147e-01	2.912079149047397952e-01	1.839933356599418868e-01	8.579909705202115600e-02	3.890106851668074378e-02	1.003746226556013338e-01
1.891568153539215928e+03	1.845475373345641934e-01	1.146799085536195778e-01	2.913935138330797647e-01	1.841178619880790845e-01	8.585552535514114070e-02	3.894122998448740908e-02	1.004644229506583275e-01
1.896405923752871104e+03	1.842586660069598647e-01	1.144750771887892982e-01	2.915781034458966303e-01	1.842416572861858559e-01	8.591164573356488421e-02	3.898118333835934313e-02	1.005536669998736282e-01
1.901243693966526507e+03	1.839714307653794734e-01	1.142714063991347451e-01	2.917616892468263834e-01	1.843647261355911282e-01	8.596745987569386072e-02	3.902092954327554541e-02	1.006423580337284379e-01
1.906081464180181683e+03	1.836858223206171703e-01	1.140688895959548477e-01	2.919442767098294200e-01	1.844870730865734720e-01	8.602296946074841633e-02	3.906046956166560336e-02	1.007304992642406166e-01
1.910919234393836859e+03	1.834018314364764812e-01	1.138675202279370718e-01	2.921258712793540768e-01	1.846087026585918056e-01	8.607817615881864504e-02	3.909980435338140242e-02	1.008180938850700564e-01
1.915757004607492036e+03	1.831194489294579730e-01	1.136672917809507660e-01	2.923064783704986125e-01	1.847296193405142395e-01	8.613308163091476510e-02	3.913893487566967588e-02	1.009051450716235837e-01
1.920594774821147894e+03	1.828386656684493627e-01	1.134681977778413814e-01	2.924861033691722456e-01	1.848498275908448951e-01	8.618768752901734276e-02	3.917786208314532476e-02	1.009916559811590703e-01
1.925432545034802843e+03	1.825594725744180691e-01	1.132702317782255108e-01	2.926647516322551379e-01	1.849693318379491969e-01	8.624199549612716897e-02	3.921658692776557043e-02	1.010776297528890033e-01
1.930270315248458019e+03	1.822818606201055958e-01	1.130733873782865939e-01	2.928424284877573780e-01	1.850881364802770823e-01	8.629600716631462276e-02	3.925511035880484972e-02	1.011630695080835141e-01
1.935108085462113195e+03	1.820058208297244129e-01	1.128776582105716492e-01	2.930191392349767443e-01	1.852062458865846029e-01	8.634972416476897894e-02	3.929343332283050105e-02	1.012479783501727681e-01
1.939945855675768371e+03	1.817313442786569477e-01	1.126830379437886998e-01	2.931948891446553573e-01	1.853236643961536367e-01	8.640314810784714694e-02	3.933155676367915132e-02	1.013323593648486898e-01
1.944783625889424002e+03	1.814584220931565461e-01	1.124895202826051432e-01	2.933696834591357772e-01	1.854403963190097981e-01	8.645628060312228469e-02	3.936948162243386617e-02	1.014162156201662002e-01
1.949621396103079178e+03	1.811870454500507932e-01	1.122970989674468706e-01	2.935435273925153243e-01	1.855564459361387641e-01	8.650912324943199616e-02	3.940720883740205654e-02	1.014995501666438454e-01
1.954459166316734354e+03	1.809172055764465270e-01	1.121057677742984260e-01	2.937164261308000124e-01	1.856718174997006865e-01	8.656167763692619588e-02	3.944473934409400279e-02	1.015823660373637721e-01
1.959296936530389530e+03	1.806488937494372671e-01	1.119155205145039578e-01	2.938883848320573144e-01	1.857865152332429659e-01	8.661394534711479298e-02	3.948207407520214901e-02	1.016646662480711755e-01
1.964134706744044706e+03	1.803821012958122805e-01	1.117263510345690297e-01	2.940594086265677087e-01	1.859005433319113054e-01	8.666592795291497286e-02	3.951921396058102193e-02	1.017464537972732203e-01
1.968972476957700337e+03	1.801168195917679515e-01	1.115382532159634732e-01	2.942295026169756689e-01	1.860139059626590707e-01	8.671762701869817347e-02	3.955615992722785745e-02	1.018277316663373372e-01
1.973810247171355968e+03	1.798530400626207060e-01	1.113512209749250303e-01	2.943986718784391554e-01	1.861266072644550407e-01	8.676904410033681181e-02	3.959291289926385182e-02	1.019085028195888809e-01
1.978648017385010689e+03	1.795907541825222664e-01	1.111652482622639687e-01	2.945669214587787188e-01	1.862386513484892980e-01	8.682018074525071905e-02	3.962947379791606495e-02	1.019887702044083716e-01
1.983485787598666320e+03	1.793299534741764900e-01	1.109803290631686812e-01	2.947342563786253256e-01	1.863500422983776772e-01	8.687103849245325637e-02	3.966584354149993441e-02	1.020685367513280706e-01
1.988323557812321269e+03	1.790706295085581490e-01	1.107964573970120631e-01	2.949006816315671298e-01	1.864607841703644631e-01	8.692161887259713948e-02	3.970202304540244170e-02	1.021478053741280284e-01
1.993161328025976900e+03	1.788127739046336817e-01	1.106136273171590551e-01	2.950662021842957450e-01	1.865708809935234802e-01	8.697192340801998545e-02	3.973801322206586828e-02	1.022265789699315919e-01
1.997999098239632076e+03	1.785563783290835260e-01	1.104318329107748936e-01	2.952308229767512393e-01	1.866803367699576277e-01	8.702195361278965147e-02	3.977381498097209284e-02	1.023048604193003697e-01
2.002836868453287707e+03	1.783014344960265063e-01	1.102510682986344859e-01	2.953945489222664089e-01	1.867891554749967487e-01	8.707171099274912951e-02	3.980942922862758249e-02	1.023826525863285736e-01
2.007674638666942428e+03	1.780479341667456639e-01	1.100713276349326725e-01	2.955573849077099968e-01	1.868973410573939453e-01	8.712119704556137156e-02	3.984485686854882108e-02	1.024599583187369295e-01
2.012512408880597604e+03	1.777958691494162802e-01	1.098926051070954341e-01	2.957193357936293010e-01	1.870048974395203401e-01	8.717041326075367080e-02	3.988009880124841061e-02	1.025367804479659639e-01
2.017350179094252780e+03	1.775452312988352321e-01	1.097148949355920416e-01	2.958804064143915058e-01	1.871118285175582541e-01	8.721936111976184847e-02	3.991515592422165831e-02	1.026131217892687908e-01
2.022187949307908411e+03	1.772960125161522904e-01	1.095381913737482615e-01	2.960406015783246247e-01	1.872181381616928320e-01	8.726804209597416317e-02	3.995002913193371197e-02	1.026889851418033850e-01
2.027025719521564042e+03	1.770482047486029997e-01	1.093624887075603513e-01	2.961999260678572776e-01	1.873238302163021951e-01	8.731645765477498433e-02	3.998471931580722949e-02	1.027643732887242589e-01
2.031863489735218764e+03	1.768017999892433079e-01	1.091877812555102217e-01	2.963583846396573573e-01	1.874289085001460409e-01	8.736460925358816021e-02	4.001922736421056198e-02	1.028392889972736535e-01
2.036701259948874394e+03	1.765567902766858321e-01	1.090140633683813337e-01	2.965159820247705857e-01	1.875333768065526874e-01	8.741249834192012236e-02	4.005355416244645028e-02	1.029137350188722433e-01
2.041539030162529116e+03	1.763131676948377358e-01	1.088413294290758032e-01	2.966727229287577927e-01	1.876372389036046751e-01	8.746012636140274021e-02	4.008770059274121417e-02	1.029877140892092452e-01
2.046376800376184747e+03	1.760709243726403528e-01	1.086695738524322691e-01	2.968286120318310850e-01	1.877404985343230082e-01	8.750749474583596754e-02	4.012166753423441340e-02	1.030612289283320826e-01
2.051214570589840150e+03	1.758300524838103118e-01	1.084987910850447740e-01	2.969836539889897931e-01	1.878431594168496199e-01	8.755460492123019745e-02	4.015545586296905001e-02	1.031342822407354393e-01
2.056052340803495554e+03	1.755905442465821031e-01	1.083289756050826863e-01	2.971378534301551966e-01	1.879452252446286997e-01	8.760145830584831206e-02	4.018906645188211751e-02	1.032068767154499522e-01
2.060890111017150957e+03	1.753523919234526440e-01	1.081601219221115101e-01	2.972912149603048615e-01	1.880466996865864937e-01	8.764805631024759347e-02	4.022250017079575385e-02	1.032790150261302525e-01
2.065727881230805451e+03	1.751155878209270378e-01	1.079922245769146527e-01	2.974437431596053671e-01	1.881475863873094401e-01	8.769440033732132933e-02	4.025575788640872732e-02	1.033506998311425340e-01
2.070565651444461309e+03	1.748801242892660535e-01	1.078252781413161637e-01	2.975954425835452555e-01	1.882478889672212774e-01	8.774049178234016866e-02	4.028884046228842913e-02	1.034219337736517197e-01
2.075403421658116713e+03	1.746459937222350489e-01	1.076592772180044316e-01	2.977463177630665925e-01	1.883476110227584321e-01	8.778633203299320009e-02	4.032174875886327531e-02	1.034927194817079760e-01
2.080241191871772116e+03	1.744131885568545315e-01	1.074942164403568795e-01	2.978963732046960300e-01	1.884467561265441848e-01	8.783192246942890524e-02	4.035448363341556655e-02	1.035630595683328797e-01
2.085078962085427065e+03	1.741817012731521619e-01	1.073300904722654797e-01	2.980456133906746463e-01	1.885453278275613098e-01	8.787726446429580673e-02	4.038704594007467424e-02	1.036329566316049472e-01
2.089916732299082469e+03	1.739515243939162015e-01	1.071668940079634202e-01	2.981940427790875647e-01	1.886433296513235214e-01	8.792235938278281093e-02	4.041943652981074692e-02	1.037024132547448019e-01
2.094754502512737417e+03	1.737226504844505692e-01	1.070046217718524789e-01	2.983416658039926284e-01	1.887407651000453934e-01	8.796720858265943965e-02	4.045165625042874968e-02	1.037714320061997875e-01
2.099592272726392821e+03	1.734950721523312867e-01	1.068432685183315911e-01	2.984884868755482978e-01	1.888376376528110578e-01	8.801181341431574268e-02	4.048370594656289928e-02	1.038400154397281228e-01
2.104430042940048224e+03	1.732687820471644213e-01	1.066828290316261529e-01	2.986345103801407719e-01	1.889339507657414874e-01	8.805617522080207149e-02	4.051558645967149458e-02	1.039081660944825292e-01
2.109267813153704083e+03	1.730437728603454461e-01	1.065232981256183653e-01	2.987797406805106082e-01	1.890297078721604462e-01	8.810029533786847833e-02	4.054729862803214263e-02	1.039758864950934419e-01
2.114105583367359031e+03	1.728200373248200139e-01	1.063646706436785078e-01	2.989241821158780121e-01	1.891249123827592749e-01	8.814417509400407358e-02	4.057884328673729002e-02	1.040431791517517218e-01
2.118943353581013525e+03	1.725975682148462864e-01	1.062069414584971838e-01	2.990678390020684030e-01	1.892195676857600095e-01	8.818781581047593909e-02	4.061022126769019830e-02	1.041100465602908670e-01
2.123781123794669384e+03	1.723763583457584014e-01	1.060501054719183572e-01	2.992107156316363148e-01	1.893136771470777246e-01	8.823121880136808315e-02	4.064143339960119006e-02	1.041764912022687811e-01
2.128618894008324787e+03	1.721564005737317993e-01	1.058941576147734293e-01	2.993528162739890197e-01	1.894072441104811544e-01	8.827438537361993742e-02	4.067248050798431824e-02	1.042425155450491109e-01
2.133456664221980191e+03	1.719376877955494098e-01	1.057390928467162872e-01	2.994941451755097073e-01	1.895002718977522316e-01	8.831731682706477071e-02	4.070336341515430612e-02	1.043081220418820287e-01
2.138294434435635139e+03	1.717202129483697270e-01	1.055849061560591301e-01	2.996347065596792203e-01	1.895927638088443501e-01	8.836001445446781122e-02	4.073408294022386189e-02	1.043733131319846130e-01
2.143132204649290543e+03	1.715039690094957159e-01	1.054315925596092940e-01	2.997745046271979574e-01	1.896847231220394059e-01	8.840247954156423005e-02	4.076463989910131952e-02	1.044380912406208117e-01
2.147969974862945492e+03	1.712889489961456069e-01	1.052791471025069786e-01	2.999135435561063878e-01	1.897761530941035057e-01	8.844471336709683329e-02	4.079503510448856396e-02	1.045024587791808512e-01
2.152807745076601350e+03	1.710751459652247453e-01	1.051275648580639044e-01	3.000518275019053438e-01	1.898670569604415381e-01	8.848671720285364306e-02	4.082526936587929645e-02	1.045664181452602565e-01
2.157645515290255844e+03	1.708625530130988557e-01	1.049768409276028158e-01	3.001893605976755364e-01	1.899574379352504394e-01	8.852849231370508998e-02	4.085534348955761896e-02	1.046299717227383713e-01
2.162483285503912157e+03	1.706511632753685559e-01	1.048269704402979702e-01	3.003261469541961826e-01	1.900472992116714055e-01	8.857003995764123339e-02	4.088525827859686851e-02	1.046931218818565185e-01
2.167321055717567106e+03	1.704409699266454248e-01	1.046779485530164033e-01	3.004621906600632997e-01	1.901366439619406878e-01	8.861136138580853749e-02	4.091501453285877749e-02	1.047558709792956178e-01
2.172158825931222509e+03	1.702319661803290418e-01	1.045297704501602504e-01	3.005974957818071669e-01	1.902254753375393348e-01	8.865245784254666139e-02	4.094461304899295329e-02	1.048182213582534161e-01
2.176996596144877003e+03	1.700241452883856363e-01	1.043824313435097600e-01	3.007320663640088987e-01	1.903137964693417949e-01	8.869333056542484661e-02	4.097405462043655910e-02	1.048801753485212596e-01
2.181834366358532861e+03	1.698175005411279304e-01	1.042359264720674195e-01	3.008659064294171293e-01	1.904016104677632437e-01	8.873398078527823529e-02	4.100334003741432781e-02	1.049417352665604347e-01
2.186672136572187810e+03	1.696120252669961748e-01	1.040902511019027310e-01	3.009990199790631982e-01	1.904889204229057997e-01	8.877440972624395243e-02	4.103247008693882564e-02	1.050029034155780666e-01
2.191509906785843214e+03	1.694077128323405457e-01	1.039454005259980302e-01	3.011314109923760585e-01	1.905757294047035755e-01	8.881461860579699386e-02	4.106144555281100728e-02	1.050636820856025722e-01
2.196347676999498617e+03	1.692045566412048729e-01	1.038013700640951359e-01	3.012630834272965741e-01	1.906620404630666177e-01	8.885460863478583660e-02	4.109026721562097917e-02	1.051240735535587112e-01
2.201185447213154021e+03	1.690025501351114789e-01	1.036581550625428338e-01	3.013940412203913732e-01	1.907478566280237653e-01	8.889438101746797993e-02	4.111893585274904728e-02	1.051840800833422351e-01
2.206023217426809424e+03	1.688016867928474052e-01	1.035157508941452059e-01	3.015242882869656471e-01	1.908331809098642584e-01	8.893393695154522272e-02	4.114745223836700078e-02	1.052437039258940082e-01
2.210860987640464373e+03	1.686019601302517767e-01	1.033741529580109036e-01	3.016538285211756709e-01	1.909180162992782370e-01	8.897327762819870478e-02	4.117581714343965943e-02	1.053029473192737819e-01
2.215698757854119776e+03	1.684033637000045547e-01	1.032333566794031987e-01	3.017826657961406034e-01	1.910023657674963238e-01	8.901240423212390673e-02	4.120403133572662219e-02	1.053618124887335528e-01
2.220536528067775180e+03	1.682058910914162875e-01	1.030933575095909771e-01	3.019108039640535646e-01	1.910862322664279300e-01	8.905131794156524727e-02	4.123209557978426559e-02	1.054203016467905180e-01
2.225374298281430583e+03	1.680095359302193059e-01	1.029541509257004550e-01	3.020382468562922140e-01	1.911696187287986182e-01	8.909001992835063888e-02	4.126001063696798504e-02	1.054784169932995175e-01
2.230212068495085077e+03	1.678142918783599169e-01	1.028157324305678383e-01	3.021649982835291626e-01	1.912525280682861872e-01	8.912851135792587698e-02	4.128777726543461646e-02	1.055361607155251291e-01
2.235049838708740936e+03	1.676201526337921244e-01	1.026780975525927314e-01	3.022910620358407741e-01	1.913349631796558981e-01	8.916679338938865440e-02	4.131539622014510776e-02	1.055935349882134305e-01
2.239887608922396339e+03	1.674271119302721267e-01	1.025412418455925179e-01	3.024164418828163003e-01	1.914169269388945882e-01	8.920486717552264522e-02	4.134286825286737771e-02	1.056505419736632201e-01
2.244725379136052197e+03	1.672351635371542578e-01	1.024051608886574205e-01	3.025411415736659615e-01	1.914984222033436490e-01	8.924273386283118614e-02	4.137019411217943143e-02	1.057071838217968490e-01
2.249563149349706237e+03	1.670443012591882048e-01	1.022698502860064640e-01	3.026651648373286929e-01	1.915794518118311140e-01	8.928039459157091629e-02	4.139737454347259399e-02	1.057634626702307623e-01
2.254400919563362095e+03	1.668545189363170866e-01	1.021353056668442838e-01	3.027885153825791709e-01	1.916600185848024995e-01	8.931785049578512548e-02	4.142441028895502836e-02	1.058193806443455259e-01
2.259238689777017044e+03	1.666658104434769749e-01	1.020015226852186430e-01	3.029111968981342273e-01	1.917401253244509496e-01	8.935510270333704708e-02	4.145130208765537838e-02	1.058749398573554656e-01
2.264076459990672902e+03	1.664781696903974706e-01	1.018684970198789203e-01	3.030332130527588208e-01	1.918197748148460224e-01	8.939215233594283161e-02	4.147805067542664759e-02	1.059301424103779449e-01
