1.001418434226643626e+03	2.778306103013264416e-01	1.823168951809476246e-01	2.347832729054399881e-01	1.409487748837260634e-01	6.719744531249782771e-02	2.703746501251085357e-02	6.988553640318159732e-02
1.002869765290740247e+03	2.775493723682022629e-01	1.821733338525222401e-01	2.349482681010016949e-01	1.410536087974824937e-01	6.724634164275637704e-02	2.706135993723822117e-02	6.996771530042719678e-02
1.004321096354836754e+03	2.772686675017611013e-01	1.820299854369406833e-01	2.351127827469649823e-01	1.411584068559092187e-01	6.729517460289295705e-02	2.708521322608759690e-02	7.004976962907405458e-02
1.005772427418933376e+03	2.769884946133696624e-01	1.818868496107385602e-01	2.352768212153143468e-01	1.412631662564818869e-01	6.734394377195972170e-02	2.710902495672702639e-02	7.013169957503939678e-02
1.007223758483029997e+03	2.767088526182464037e-01	1.817439260509444154e-01	2.354403878009472262e-01	1.413678842513446110e-01	6.739264874751986489e-02	2.713279520666855155e-02	7.021350532395947974e-02
1.008675089547126618e+03	2.764297404354181253e-01	1.816012144350808155e-01	2.356034867234671204e-01	1.414725581468405102e-01	6.744128914436538225e-02	2.715652405326871369e-02	7.029518706118992322e-02
1.010126420611223239e+03	2.761511569876768935e-01	1.814587144411652642e-01	2.357661221289009679e-01	1.415771853029816618e-01	6.748986459337043275e-02	2.718021157372905311e-02	7.037674497180625155e-02
1.011577751675319632e+03	2.758731012015389616e-01	1.813164257477108687e-01	2.359282980913470218e-01	1.416817631328683436e-01	6.753837474046443801e-02	2.720385784509662258e-02	7.045817924060425452e-02
1.013029082739416367e+03	2.755955720072035264e-01	1.811743480337268120e-01	2.360900186145591384e-01	1.417862891020652272e-01	6.758681924571084687e-02	2.722746294426446612e-02	7.053949005210045919e-02
1.014480413803512761e+03	2.753185683385131477e-01	1.810324809787186850e-01	2.362512876334725009e-01	1.418907607279423777e-01	6.763519778247914505e-02	2.725102694797212205e-02	7.062067759053251848e-02
1.015931744867609382e+03	2.750420891329143913e-01	1.808908242626885710e-01	2.364121090156754423e-01	1.419951755789870262e-01	6.768351003669934030e-02	2.727454993280609488e-02	7.070174203985966910e-02
1.017383075931706003e+03	2.747661333314197485e-01	1.807493775661350999e-01	2.365724865628310580e-01	1.420995312740919170e-01	6.773175570618923669e-02	2.729803197520033753e-02	7.078268358376314795e-02
1.018834406995802851e+03	2.744906998785698882e-01	1.806081405700534215e-01	2.367324240120528001e-01	1.422038254818249470e-01	6.777993450004615728e-02	2.732147315143673358e-02	7.086350240564662228e-02
1.020285738059899245e+03	2.742157877223971307e-01	1.804671129559349274e-01	2.368919250372367169e-01	1.423080559196841788e-01	6.782804613809553795e-02	2.734487353764556566e-02	7.094419868863661993e-02
1.021737069123995752e+03	2.739413958143890326e-01	1.803262944057669459e-01	2.370509932503534478e-01	1.424122203533422504e-01	6.787609035039007810e-02	2.736823320980596996e-02	7.102477261558294563e-02
1.023188400188092373e+03	2.736675231094534144e-01	1.801856846020325198e-01	2.372096322027026361e-01	1.425163165958830691e-01	6.792406687675345278e-02	2.739155224374641151e-02	7.110522436905912513e-02
1.024639731252188767e+03	2.733941685658834442e-01	1.800452832277098514e-01	2.373678453861318149e-01	1.426203425070338426e-01	6.797197546636372933e-02	2.741483071514513523e-02	7.118555413136282151e-02
1.026091062316285615e+03	2.731213311453234427e-01	1.799050899662718583e-01	2.375256362342220984e-01	1.427242959923945287e-01	6.801981587737178370e-02	2.743806869953061348e-02	7.126576208451626537e-02
1.027542393380382237e+03	2.728490098127357433e-01	1.797651045016857019e-01	2.376830081234424519e-01	1.428281750026670072e-01	6.806758787655105281e-02	2.746126627228201098e-02	7.134584841026668511e-02
1.028993724444478858e+03	2.725772035363676626e-01	1.796253265184120651e-01	2.378399643742739322e-01	1.429319775328858622e-01	6.811529123897487603e-02	2.748442350862960459e-02	7.142581329008672320e-02
1.030445055508575479e+03	2.723059112877193044e-01	1.794857557014045979e-01	2.379965082523060604e-01	1.430357016216520782e-01	6.816292574771853907e-02	2.750754048365525173e-02	7.150565690517486639e-02
1.031896386572671872e+03	2.720351320415121954e-01	1.793463917361093896e-01	2.381526429693060498e-01	1.431393453503710389e-01	6.821049119358336965e-02	2.753061727229279970e-02	7.158537943645586210e-02
1.033347717636768493e+03	2.717648647756579772e-01	1.792072343084641084e-01	2.383083716842624988e-01	1.432429068424961316e-01	6.825798737484027601e-02	2.755365394932853679e-02	7.166498106458114858e-02
1.034799048700865114e+03	2.714951084712280416e-01	1.790682831048973356e-01	2.384636975044045204e-01	1.433463842627789864e-01	6.830541409699091016e-02	2.757665058940162242e-02	7.174446196992929903e-02
1.036250379764961508e+03	2.712258621124233882e-01	1.789295378123279268e-01	2.386186234861975286e-01	1.434497758165265702e-01	6.835277117254438817e-02	2.759960726700448966e-02	7.182382233260641013e-02
1.037701710829058356e+03	2.709571246865454808e-01	1.787909981181641794e-01	2.387731526363164325e-01	1.435530797488667465e-01	6.840005842080805476e-02	2.762252405648328926e-02	7.190306233244651846e-02
1.039153041893154750e+03	2.706888951839671598e-01	1.786526637103030835e-01	2.389272879125971805e-01	1.436562943440220230e-01	6.844727566769084892e-02	2.764540103203830951e-02	7.198218214901207224e-02
1.040604372957251599e+03	2.704211725981043868e-01	1.785145342771295995e-01	2.390810322249675157e-01	1.437594179245926529e-01	6.849442274551792442e-02	2.766823826772436129e-02	7.206118196159429223e-02
1.042055704021347992e+03	2.701539559253881562e-01	1.783766095075157432e-01	2.392343884363576090e-01	1.438624488508489507e-01	6.854149949285544274e-02	2.769103583745122915e-02	7.214006194921362969e-02
1.043507035085444613e+03	2.698872441652371834e-01	1.782388890908199464e-01	2.393873593635911790e-01	1.439653855200336563e-01	6.858850575434459473e-02	2.771379381498404598e-02	7.221882229062018266e-02
1.044958366149541234e+03	2.696210363200310933e-01	1.781013727168861416e-01	2.395399477782579889e-01	1.440682263656739293e-01	6.863544138054389343e-02	2.773651227394370936e-02	7.229746316429408459e-02
1.046409697213637855e+03	2.693553313950835526e-01	1.779640600760429847e-01	2.396921564075679967e-01	1.441709698569039466e-01	6.868230622777904415e-02	2.775919128780728398e-02	7.237598474844597618e-02
1.047861028277734476e+03	2.690901283986167347e-01	1.778269508591030501e-01	2.398439879351879633e-01	1.442736144977976587e-01	6.872910015799955918e-02	2.778183092990839376e-02	7.245438722101736617e-02
1.049312359341831097e+03	2.688254263417354517e-01	1.776900447573620256e-01	2.399954450020607699e-01	1.443761588267120088e-01	6.877582303864171465e-02	2.780443127343762075e-02	7.253267075968107547e-02
1.050763690405927491e+03	2.685612242384020631e-01	1.775533414625977691e-01	2.401465302072083030e-01	1.444786014156408394e-01	6.882247474249714170e-02	2.782699239144289724e-02	7.261083554184166733e-02
1.052215021470024112e+03	2.682975211054116627e-01	1.774168406670696696e-01	2.402972461085178812e-01	1.445809408695791498e-01	6.886905514758663582e-02	2.784951435682988044e-02	7.268888174463582208e-02
1.053666352534120733e+03	2.680343159623680416e-01	1.772805420635176210e-01	2.404475952235131386e-01	1.446831758258980694e-01	6.891556413703875394e-02	2.787199724236235146e-02	7.276680954493276732e-02
1.055117683598217127e+03	2.677716078316594861e-01	1.771444453451613554e-01	2.405975800301094480e-01	1.447853049537302927e-01	6.896200159897283855e-02	2.789444112066259696e-02	7.284461911933472200e-02
1.056569014662313975e+03	2.675093957384355181e-01	1.770085502056995275e-01	2.407472029673543845e-01	1.448873269533662023e-01	6.900836742638610799e-02	2.791684606421177689e-02	7.292231064417728503e-02
1.058020345726410369e+03	2.672476787105836915e-01	1.768728563393088260e-01	2.408964664361534502e-01	1.449892405556601205e-01	6.905466151704453548e-02	2.793921214535030964e-02	7.299988429552983771e-02
1.059471676790506763e+03	2.669864557787069992e-01	1.767373634406432248e-01	2.410453727999818940e-01	1.450910445214472211e-01	6.910088377337721133e-02	2.796153943627824323e-02	7.307734024919596005e-02
1.060923007854603611e+03	2.667257259761013355e-01	1.766020712048332886e-01	2.411939243855821813e-01	1.451927376409705706e-01	6.914703410237396652e-02	2.798382800905562309e-02	7.315467868071386104e-02
1.062374338918700232e+03	2.664654883387337359e-01	1.764669793274849519e-01	2.413421234836480578e-01	1.452943187333183284e-01	6.919311241548609104e-02	2.800607793560285982e-02	7.323189976535675327e-02
1.063825669982796853e+03	2.662057419052207830e-01	1.763320875046790193e-01	2.414899723494954853e-01	1.453957866458711889e-01	6.923911862852991095e-02	2.802828928770109349e-02	7.330900367813331098e-02
1.065277001046893474e+03	2.659464857168071239e-01	1.761973954329703329e-01	2.416374732037202544e-01	1.454971402537595382e-01	6.928505266159298848e-02	2.805046213699256483e-02	7.338599059378801692e-02
1.066728332110990095e+03	2.656877188173448756e-01	1.760629028093866899e-01	2.417846282328430518e-01	1.455983784593305741e-01	6.933091443894298656e-02	2.807259655498095877e-02	7.346286068680164816e-02
1.068179663175086489e+03	2.654294402532729746e-01	1.759286093314282873e-01	2.419314395899421211e-01	1.456995001916251697e-01	6.937670388893882323e-02	2.809469261303177215e-02	7.353961413139160908e-02
1.069630994239183110e+03	2.651716490735968601e-01	1.757945146970667505e-01	2.420779093952736827e-01	1.458005044058641730e-01	6.942242094394414365e-02	2.811675038237266763e-02	7.361625110151238938e-02
1.071082325303279504e+03	2.649143443298688783e-01	1.756606186047443563e-01	2.422240397368804754e-01	1.459013900829442545e-01	6.946806554024295699e-02	2.813876993409381716e-02	7.369277177085595265e-02
1.072533656367376352e+03	2.646575250761683540e-01	1.755269207533731723e-01	2.423698326711885564e-01	1.460021562289428587e-01	6.951363761795734120e-02	2.816075133914826278e-02	7.376917631285212495e-02
1.073984987431472746e+03	2.644011903690826615e-01	1.753934208423343355e-01	2.425152902235928332e-01	1.461028018746325374e-01	6.955913712096709056e-02	2.818269466835225667e-02	7.384546490066898339e-02
1.075436318495569594e+03	2.641453392676881284e-01	1.752601185714770804e-01	2.426604143890311316e-01	1.462033260750041919e-01	6.960456399683120909e-02	2.820459999238560805e-02	7.392163770721335569e-02
1.076887649559666215e+03	2.638899708335315508e-01	1.751270136411180456e-01	2.428052071325476069e-01	1.463037279087990028e-01	6.964991819671133289e-02	2.822646738179201975e-02	7.399769490513111170e-02
1.078338980623762609e+03	2.636350841306118187e-01	1.749941057520404686e-01	2.429496703898452736e-01	1.464040064780493533e-01	6.969519967529672066e-02	2.824829690697943166e-02	7.407363666680763514e-02
1.079790311687859230e+03	2.633806782253617640e-01	1.748613946054932977e-01	2.430938060678278778e-01	1.465041609076281615e-01	6.974040839073104847e-02	2.827008863822036422e-02	7.414946316436818452e-02
1.081241642751955851e+03	2.631267521866306747e-01	1.747288799031903872e-01	2.432376160451317770e-01	1.466041903448065953e-01	6.978554430454071700e-02	2.829184264565224455e-02	7.422517456967833716e-02
1.082692973816052472e+03	2.628733050856666420e-01	1.745965613473098310e-01	2.433811021726472457e-01	1.467040939588201143e-01	6.983060738156478264e-02	2.831355899927774297e-02	7.430077105434435003e-02
1.084144304880149093e+03	2.626203359960995187e-01	1.744644386404929637e-01	2.435242662740304542e-01	1.468038709404428099e-01	6.987559758988629022e-02	2.833523776896510263e-02	7.437625278971357612e-02
1.085595635944245487e+03	2.623678439939239881e-01	1.743325114858436664e-01	2.436671101462051237e-01	1.469035205015693790e-01	6.992051490076517384e-02	2.835687902444847946e-02	7.445161994687486684e-02
1.087046967008342108e+03	2.621158281574829108e-01	1.742007795869276177e-01	2.438096355598551590e-01	1.470030418748053958e-01	6.996535928857243458e-02	2.837848283532824756e-02	7.452687269665896064e-02
1.088498298072438729e+03	2.618642875674509485e-01	1.740692426477713495e-01	2.439518442599074854e-01	1.471024343130648560e-01	7.001013073072583082e-02	2.840004927107133911e-02	7.460201120963888544e-02
1.089949629136535123e+03	2.616132213068185219e-01	1.739379003728616369e-01	2.440937379660062245e-01	1.472016970891756316e-01	7.005482920762678978e-02	2.842157840101156366e-02	7.467703565613038885e-02
1.091400960200631971e+03	2.613626284608757677e-01	1.738067524671445263e-01	2.442353183729774335e-01	1.473008294954922248e-01	7.009945470259859590e-02	2.844307029434992723e-02	7.475194620619224350e-02
1.092852291264728365e+03	2.611125081171973283e-01	1.736757986360246975e-01	2.443765871512853238e-01	1.473998308435157667e-01	7.014400720182591142e-02	2.846452502015495503e-02	7.482674302962676049e-02
1.094303622328825213e+03	2.608628593656265315e-01	1.735450385853645749e-01	2.445175459474797086e-01	1.474987004635213705e-01	7.018848669429547660e-02	2.848594264736299328e-02	7.490142629598008084e-02
1.095754953392921607e+03	2.606136812982606243e-01	1.734144720214835511e-01	2.446581963846351238e-01	1.475974377041923413e-01	7.023289317173797563e-02	2.850732324477854573e-02	7.497599617454264731e-02
1.097206284457018228e+03	2.603649730094356185e-01	1.732840986511573200e-01	2.447985400627813446e-01	1.476960419322614071e-01	7.027722662857109615e-02	2.852866688107457555e-02	7.505045283434956527e-02
1.098657615521114849e+03	2.601167335957116911e-01	1.731539181816169337e-01	2.449385785593260756e-01	1.477945125321586950e-01	7.032148706184372655e-02	2.854997362479280709e-02	7.512479644418096347e-02
1.100108946585211470e+03	2.598689621558590845e-01	1.730239303205481638e-01	2.450783134294694798e-01	1.478928489056664242e-01	7.036567447118123597e-02	2.857124354434404864e-02	7.519902717256246594e-02
1.101560277649308091e+03	2.596216577908434520e-01	1.728941347760906411e-01	2.452177462066109925e-01	1.479910504715800379e-01	7.040978885873182269e-02	2.859247670800850114e-02	7.527314518776551111e-02
1.103011608713404712e+03	2.593748196038120346e-01	1.727645312568371339e-01	2.453568784027482519e-01	1.480891166653758029e-01	7.045383022911393123e-02	2.861367318393605308e-02	7.534715065780779597e-02
1.104462939777501106e+03	2.591284467000798952e-01	1.726351194718327431e-01	2.454957115088686748e-01	1.481870469388847367e-01	7.049779858936476573e-02	2.863483304014658240e-02	7.542104375045362297e-02
1.105914270841597499e+03	2.588825381871164844e-01	1.725058991305741529e-01	2.456342469953334551e-01	1.482848407599726692e-01	7.054169394888967770e-02	2.865595634453027216e-02	7.549482463321430248e-02
1.107365601905694348e+03	2.586370931745320401e-01	1.723768699430088813e-01	2.457724863122545955e-01	1.483824976122264105e-01	7.058551631941266391e-02	2.867704316484789850e-02	7.556849347334856914e-02
1.108816932969790741e+03	2.583921107740645429e-01	1.722480316195344474e-01	2.459104308898644731e-01	1.484800169946457749e-01	7.062926571492775252e-02	2.869809356873113601e-02	7.564205043786290106e-02
1.110268264033887590e+03	2.581475900995667816e-01	1.721193838709977053e-01	2.460480821388786044e-01	1.485773984213416277e-01	7.067294215165138838e-02	2.871910762368285255e-02	7.571549569351204712e-02
1.111719595097984211e+03	2.579035302669936414e-01	1.719909264086940948e-01	2.461854414508516664e-01	1.486746414212394285e-01	7.071654564797563713e-02	2.874008539707740423e-02	7.578882940679923519e-02
1.113170926162080832e+03	2.576599303943891695e-01	1.718626589443666974e-01	2.463225101985264398e-01	1.487717455377886022e-01	7.076007622442249956e-02	2.876102695616093025e-02	7.586205174397669948e-02
1.114622257226177226e+03	2.574167896018748625e-01	1.717345811902056818e-01	2.464592897361766732e-01	1.488687103286772950e-01	7.080353390359887811e-02	2.878193236805163743e-02	7.593516287104599971e-02
1.116073588290273847e+03	2.571741070116368433e-01	1.716066928588475815e-01	2.465957813999429815e-01	1.489655353655525705e-01	7.084691871015255660e-02	2.880280169974010207e-02	7.600816295375843745e-02
1.117524919354370468e+03	2.569318817479140926e-01	1.714789936633742962e-01	2.467319865081626928e-01	1.490622202337460178e-01	7.089023067072899864e-02	2.882363501808955439e-02	7.608105215761538920e-02
1.118976250418467089e+03	2.566901129369866252e-01	1.713514833173126473e-01	2.468679063616934233e-01	1.491587645320044397e-01	7.093346981392897876e-02	2.884443238983616653e-02	7.615383064786875045e-02
1.120427581482563710e+03	2.564487997071638326e-01	1.712241615346333790e-01	2.470035422442305173e-01	1.492551678722256470e-01	7.097663617026701843e-02	2.886519388158933011e-02	7.622649858952131041e-02
1.121878912546660331e+03	2.562079411887727698e-01	1.710970280297505752e-01	2.471388954226184931e-01	1.493514298791995265e-01	7.101972977213064087e-02	2.888591955983195111e-02	7.629905614732711283e-02
1.123330243610756725e+03	2.559675365141472203e-01	1.709700825175207994e-01	2.472739671471565481e-01	1.494475501903535508e-01	7.106275065374040301e-02	2.890660949092073440e-02	7.637150348579183068e-02
1.124781574674853118e+03	2.557275848176161492e-01	1.708433247132425392e-01	2.474087586518985693e-01	1.495435284555035604e-01	7.110569885111066302e-02	2.892726374108645776e-02	7.644384076917316861e-02
1.126232905738949967e+03	2.554880852354928789e-01	1.707167543326552350e-01	2.475432711549470643e-01	1.496393643366092097e-01	7.114857440201118044e-02	2.894788237643424952e-02	7.651606816148125156e-02
1.127684236803046360e+03	2.552490369060642639e-01	1.705903710919387806e-01	2.476775058587419864e-01	1.497350575075337975e-01	7.119137734592939637e-02	2.896846546294387301e-02	7.658818582647898554e-02
1.129135567867143209e+03	2.550104389695799778e-01	1.704641747077125236e-01	2.478114639503437577e-01	1.498306076538089560e-01	7.123410772403343527e-02	2.898901306647001450e-02	7.666019392768246010e-02
1.130586898931239830e+03	2.547722905682418548e-01	1.703381648970347939e-01	2.479451466017111305e-01	1.499260144724036403e-01	7.127676557913588395e-02	2.900952525274253305e-02	7.673209262836128142e-02
1.132038229995336451e+03	2.545345908461937867e-01	1.702123413774019878e-01	2.480785549699738579e-01	1.500212776714975604e-01	7.131935095565815341e-02	2.903000208736676233e-02	7.680388209153900247e-02
1.133489561059432845e+03	2.542973389495111758e-01	1.700867038667479847e-01	2.482116901977001189e-01	1.501163969702589696e-01	7.136186389959561782e-02	2.905044363582376041e-02	7.687556247999348391e-02
1.134940892123529466e+03	2.540605340261910539e-01	1.699612520834432872e-01	2.483445534131588361e-01	1.502113720986266443e-01	7.140430445848344743e-02	2.907084996347060121e-02	7.694713395625725483e-02
1.136392223187626087e+03	2.538241752261419792e-01	1.698359857462944100e-01	2.484771457305772480e-01	1.503062027970959169e-01	7.144667268136295490e-02	2.909122113554063471e-02	7.701859668261791525e-02
1.137843554251722708e+03	2.535882617011744333e-01	1.697109045745430755e-01	2.486094682503935671e-01	1.504008888165088986e-01	7.148896861874877440e-02	2.911155721714376102e-02	7.708995082111851083e-02
1.139294885315819101e+03	2.533527926049909951e-01	1.695860082878655750e-01	2.487415220595047549e-01	1.504954299178486998e-01	7.153119232259649851e-02	2.913185827326669058e-02	7.716119653355785202e-02
1.140746216379915950e+03	2.531177670931766821e-01	1.694612966063719361e-01	2.488733082315096601e-01	1.505898258720375082e-01	7.157334384627107859e-02	2.915212436877321830e-02	7.723233398149099982e-02
1.142197547444012343e+03	2.528831843231898469e-01	1.693367692506053124e-01	2.490048278269477444e-01	1.506840764597384419e-01	7.161542324451572461e-02	2.917235556840449065e-02	7.730336332622951556e-02
1.143648878508108737e+03	2.526490434543526842e-01	1.692124259415412058e-01	2.491360818935331178e-01	1.507781814711613155e-01	7.165743057342149891e-02	2.919255193677926588e-02	7.737428472884194663e-02
1.145100209572205586e+03	2.524153436478421830e-01	1.690882664005868008e-01	2.492670714663843268e-01	1.508721407058720154e-01	7.169936589039739572e-02	2.921271353839418120e-02	7.744509835015411792e-02
1.146551540636302207e+03	2.521820840666809671e-01	1.689642903495802428e-01	2.493977975682496184e-01	1.509659539726055377e-01	7.174122925414108676e-02	2.923284043762400947e-02	7.751580435074953424e-02
1.148002871700398828e+03	2.519492638757286351e-01	1.688404975107898887e-01	2.495282612097280972e-01	1.510596210890825797e-01	7.178302072461015260e-02	2.925293269872191945e-02	7.758640289096976894e-02
1.149454202764495449e+03	2.517168822416726570e-01	1.687168876069136403e-01	2.496584633894867455e-01	1.511531418818295447e-01	7.182474036299392461e-02	2.927299038581974988e-02	7.765689413091481086e-02
1.150905533828591842e+03	2.514849383330199917e-01	1.685934603610782234e-01	2.497884050944732814e-01	1.512465161860021279e-01	7.186638823168581269e-02	2.929301356292825231e-02	7.772727823044343898e-02
1.152356864892688463e+03	2.512534313200883718e-01	1.684702154968385213e-01	2.499180873001250192e-01	1.513397438452121213e-01	7.190796439425624353e-02	2.931300229393734788e-02	7.779755534917358328e-02
1.153808195956785084e+03	2.510223603749979215e-01	1.683471527381767696e-01	2.500475109705738164e-01	1.514328247113575221e-01	7.194946891542607081e-02	2.933295664261640137e-02	7.786772564648272721e-02
1.155259527020881706e+03	2.507917246716628301e-01	1.682242718095020018e-01	2.501766770588471078e-01	1.515257586444560545e-01	7.199090186104045719e-02	2.935287667261446409e-02	7.793778928150825458e-02
1.156710858084978327e+03	2.505615233857833024e-01	1.681015724356492158e-01	2.503055865070653585e-01	1.516185455124816062e-01	7.203226329804335304e-02	2.937276244746052020e-02	7.800774641314782432e-02
1.158162189149074720e+03	2.503317556948371214e-01	1.679790543418787363e-01	2.504342402466355200e-01	1.517111851912039955e-01	7.207355329445236380e-02	2.939261403056376079e-02	7.807759720005973125e-02
1.159613520213171569e+03	2.501024207780718767e-01	1.678567172538755758e-01	2.505626391984409063e-01	1.518036775640315694e-01	7.211477191933421405e-02	2.941243148521381634e-02	7.814734180066328084e-02
1.161064851277267962e+03	2.498735178164970538e-01	1.677345608977486302e-01	2.506907842730277669e-01	1.518960225218571047e-01	7.215591924278057234e-02	2.943221487458102387e-02	7.821698037313913610e-02
1.162516182341364356e+03	2.496450459928762078e-01	1.676125850000300399e-01	2.508186763707880296e-01	1.519882199629062902e-01	7.219699533588441742e-02	2.945196426171666632e-02	7.828651307542972004e-02
1.163967513405461204e+03	2.494170044917192186e-01	1.674907892876745241e-01	2.509463163821386567e-01	1.520802697925893732e-01	7.223800027071684837e-02	2.947167970955322236e-02	7.835594006523952104e-02
1.165418844469557826e+03	2.491893924992748255e-01	1.673691734880586590e-01	2.510737051876978931e-01	1.521721719233555259e-01	7.227893412030429732e-02	2.949136128090461620e-02	7.842526150003557850e-02
1.166870175533654447e+03	2.489622092035230494e-01	1.672477373289801839e-01	2.512008436584578508e-01	1.522639262745499322e-01	7.231979695860621393e-02	2.951100903846647777e-02	7.849447753704766328e-02
1.168321506597751068e+03	2.487354537941677546e-01	1.671264805386573071e-01	2.513277326559540947e-01	1.523555327722737884e-01	7.236058886049323569e-02	2.953062304481636827e-02	7.856358833326883284e-02
1.169772837661847461e+03	2.485091254626294599e-01	1.670054028457281792e-01	2.514543730324317883e-01	1.524469913492466910e-01	7.240130990172562175e-02	2.955020336241403686e-02	7.863259404545563935e-02
1.171224168725944082e+03	2.482832234020379558e-01	1.668845039792498652e-01	2.515807656310091178e-01	1.525383019446718835e-01	7.244196015893232532e-02	2.956975005360166012e-02	7.870149483012861547e-02
1.172675499790040703e+03	2.480577468072253655e-01	1.667637836686980679e-01	2.517069112858371094e-01	1.526294645041040288e-01	7.248253970959026016e-02	2.958926318060408830e-02	7.877029084357251021e-02
1.174126830854137097e+03	2.478326948747189562e-01	1.666432416439661279e-01	2.518328108222570583e-01	1.527204789793193684e-01	7.252304863200405294e-02	2.960874280552909174e-02	7.883898224183678860e-02
1.175578161918233945e+03	2.476080668027342280e-01	1.665228776353645246e-01	2.519584650569544615e-01	1.528113453281885192e-01	7.256348700528628126e-02	2.962818899036759324e-02	7.890756918073588144e-02
1.177029492982330339e+03	2.473838617911680859e-01	1.664026913736201263e-01	2.520838747981102856e-01	1.529020635145515727e-01	7.260385490933790598e-02	2.964760179699392137e-02	7.897605181584961553e-02
1.178480824046426733e+03	2.471600790415920124e-01	1.662826825898755245e-01	2.522090408455494592e-01	1.529926335080957212e-01	7.264415242482923085e-02	2.966698128716602906e-02	7.904443030252351898e-02
1.179932155110523581e+03	2.469367177572454330e-01	1.661628510156884508e-01	2.523339639908864784e-01	1.530830552842350478e-01	7.268437963318116757e-02	2.968632752252575724e-02	7.911270479586923754e-02
1.181383486174620202e+03	2.467137771430290005e-01	1.660431963830308888e-01	2.524586450176681818e-01	1.531733288239927326e-01	7.272453661654684764e-02	2.970564056459906038e-02	7.918087545076482603e-02
1.182834817238716823e+03	2.464912564054980992e-01	1.659237184242886853e-01	2.525830847015142488e-01	1.532634541138854778e-01	7.276462345779363683e-02	2.972492047479624241e-02	7.924894242185515081e-02
1.184286148302813444e+03	2.462691547528564062e-01	1.658044168722606626e-01	2.527072838102544239e-01	1.533534311458100985e-01	7.280464024048548255e-02	2.974416731441219264e-02	7.931690586355225059e-02
1.185737479366910065e+03	2.460474713949494796e-01	1.656852914601580073e-01	2.528312431040637409e-01	1.534432599169323619e-01	7.284458704886560831e-02	2.976338114462663206e-02	7.938476593003568338e-02
1.187188810431006686e+03	2.458262055432584303e-01	1.655663419216037158e-01	2.529549633355948624e-01	1.535329404295778244e-01	7.288446396783949954e-02	2.978256202650432852e-02	7.945252277525287343e-02
1.188640141495103080e+03	2.456053564108937048e-01	1.654475679906316776e-01	2.530784452501081971e-01	1.536224726911248339e-01	7.292427108295825022e-02	2.980171002099535338e-02	7.952017655291947207e-02
1.190091472559199701e+03	2.453849232125889235e-01	1.653289694016863431e-01	2.532016895855992988e-01	1.537118567138996417e-01	7.296400848040228426e-02	2.982082518893529668e-02	7.958772741651971849e-02
1.191542803623296322e+03	2.451649051646947741e-01	1.652105458896217516e-01	2.533246970729240433e-01	1.538010925150733454e-01	7.300367624696529889e-02	2.983990759104550305e-02	7.965517551930678675e-02
1.192994134687392716e+03	2.449453014851730170e-01	1.650922971897010871e-01	2.534474684359214192e-01	1.538901801165609429e-01	7.304327447003856888e-02	2.985895728793331108e-02	7.972252101430316040e-02
1.194445465751489564e+03	2.447261113935904064e-01	1.649742230375959018e-01	2.535700043915340984e-01	1.539791195449223271e-01	7.308280323759556996e-02	2.987797434009227884e-02	7.978976405430095176e-02
1.195896796815585958e+03	2.445073341111129728e-01	1.648563231693855602e-01	2.536923056499265083e-01	1.540679108312649204e-01	7.312226263817683813e-02	2.989695880790240595e-02	7.985690479186227653e-02
1.197348127879682352e+03	2.442889688605001386e-01	1.647385973215564348e-01	2.538143729146010164e-01	1.541565540111486110e-01	7.316165276087524538e-02	2.991591075163037641e-02	7.992394337931961468e-02
1.198799458943779200e+03	2.440710148660989454e-01	1.646210452310013783e-01	2.539362068825117835e-01	1.542450491244920785e-01	7.320097369532137244e-02	2.993483023142977720e-02	7.999087996877611573e-02
1.200250790007875821e+03	2.438534713538382803e-01	1.645036666350190302e-01	2.540578082441762309e-01	1.543333962154811723e-01	7.324022553166936733e-02	2.995371730734132723e-02	8.005771471210602896e-02
1.201702121071972442e+03	2.436363375512234364e-01	1.643864612713131779e-01	2.541791776837848960e-01	1.544215953324789281e-01	7.327940836058297047e-02	2.997257203929310984e-02	8.012444776095496712e-02
1.203153452136069063e+03	2.434196126873302835e-01	1.642694288779920075e-01	2.543003158793089580e-01	1.545096465279373332e-01	7.331852227322177562e-02	2.999139448710078787e-02	8.019107926674033660e-02
1.204604783200165684e+03	2.432032959928000504e-01	1.641525691935676323e-01	2.544212235026057645e-01	1.545975498583108121e-01	7.335756736122787947e-02	3.001018471046784306e-02	8.025760938065161498e-02
1.206056114264262078e+03	2.429873866998336629e-01	1.640358819569553150e-01	2.545419012195221375e-01	1.546853053839712944e-01	7.339654371671264221e-02	3.002894276898578768e-02	8.032403825365073968e-02
1.207507445328358699e+03	2.427718840421864144e-01	1.639193669074728021e-01	2.546623496899965700e-01	1.547729131691250037e-01	7.343545143224392002e-02	3.004766872213439702e-02	8.039036603647246870e-02
1.208958776392455093e+03	2.425567872551626369e-01	1.638030237848398241e-01	2.547825695681584235e-01	1.548603732817306899e-01	7.347429060083324193e-02	3.006636262928192097e-02	8.045659287962471373e-02
1.210410107456551941e+03	2.423420955756104833e-01	1.636868523291773458e-01	2.549025615024261837e-01	1.549476857934196927e-01	7.351306131592356963e-02	3.008502454968532344e-02	8.052271893338884545e-02
1.211861438520648335e+03	2.421278082419165978e-01	1.635708522810068732e-01	2.550223261356031057e-01	1.550348507794171993e-01	7.355176367137704341e-02	3.010365454249049055e-02	8.058874434782010987e-02
1.213312769584745183e+03	2.419139244940010369e-01	1.634550233812498976e-01	2.551418641049718050e-01	1.551218683184652503e-01	7.359039776146307499e-02	3.012225266673245611e-02	8.065466927274793363e-02
1.214764100648841804e+03	2.417004435733120238e-01	1.633393653712272575e-01	2.552611760423865173e-01	1.552087384927471059e-01	7.362896368084664855e-02	3.014081898133562365e-02	8.072049385777625707e-02
1.216215431712937971e+03	2.414873647228211184e-01	1.632238779926584449e-01	2.553802625743638588e-01	1.552954613878131662e-01	7.366746152457691321e-02	3.015935354511398159e-02	8.078621825228395059e-02
1.217666762777034819e+03	2.412746871870179166e-01	1.631085609876610498e-01	2.554991243221720332e-01	1.553820370925081407e-01	7.370589138807588647e-02	3.017785641677132522e-02	8.085184260542507828e-02
1.219118093841131440e+03	2.410624102119053869e-01	1.629934140987499835e-01	2.556177619019180391e-01	1.554684656988998270e-01	7.374425336712744916e-02	3.019632765490147183e-02	8.091736706612930041e-02
1.220569424905228061e+03	2.408505330449947079e-01	1.628784370688370065e-01	2.557361759246334354e-01	1.555547473022091121e-01	7.378254755786656238e-02	3.021476731798848278e-02	8.098279178310215098e-02
1.222020755969324682e+03	2.406390549353006059e-01	1.627636296412299510e-01	2.558543669963586065e-01	1.556408820007412763e-01	7.382077405676869264e-02	3.023317546440688203e-02	8.104811690482542630e-02
1.223472087033421303e+03	2.404279751333364135e-01	1.626489915596322222e-01	2.559723357182251968e-01	1.557268698958187980e-01	7.385893296063937574e-02	3.025155215242186432e-02	8.111334257955755966e-02
1.224923418097517697e+03	2.402172928911093519e-01	1.625345225681420758e-01	2.560900826865372126e-01	1.558127110917152947e-01	7.389702436660408602e-02	3.026989744018951378e-02	8.117846895533389895e-02
1.226374749161614318e+03	2.400070074621158400e-01	1.624202224112520077e-01	2.562076084928506248e-01	1.558984056955907138e-01	7.393504837209823044e-02	3.028821138575702593e-02	8.124349617996703965e-02
1.227826080225710712e+03	2.397971181013367481e-01	1.623060908338481156e-01	2.563249137240511955e-01	1.559839538174278561e-01	7.397300507485739252e-02	3.030649404706291239e-02	8.130842440104725510e-02
1.229277411289807560e+03	2.395876240652328182e-01	1.621921275812094609e-01	2.564419989624313057e-01	1.560693555699701474e-01	7.401089457290772888e-02	3.032474548193721600e-02	8.137325376594276016e-02
1.230728742353903954e+03	2.393785246117401400e-01	1.620783323990075409e-01	2.565588647857649507e-01	1.561546110686604649e-01	7.404871696455656016e-02	3.034296574810173286e-02	8.143798442180007202e-02
1.232180073418000802e+03	2.391698190002654600e-01	1.619647050333055671e-01	2.566755117673814035e-01	1.562397204315812693e-01	7.408647234838318385e-02	3.036115490317021701e-02	8.150261651554435716e-02
1.233631404482097196e+03	2.389615064916818798e-01	1.618512452305578275e-01	2.567919404762378788e-01	1.563246837793957900e-01	7.412416082322978439e-02	3.037931300464858861e-02	8.156715019387975052e-02
1.235082735546193817e+03	2.387535863483241927e-01	1.617379527376091586e-01	2.569081514769902541e-01	1.564095012352904324e-01	7.416178248819263463e-02	3.039744010993515252e-02	8.163158560328967472e-02
1.236534066610290438e+03	2.385460578339846094e-01	1.616248273016941683e-01	2.570241453300629586e-01	1.564941729249182123e-01	7.419933744261342223e-02	3.041553627632081341e-02	8.169592289003727026e-02
1.237985397674387059e+03	2.383389202139083729e-01	1.615118686704367923e-01	2.571399225917174181e-01	1.565786989763433001e-01	7.423682578607067317e-02	3.043360156098927002e-02	8.176016220016564529e-02
1.239436728738483680e+03	2.381321727547894285e-01	1.613990765918495440e-01	2.572554838141189459e-01	1.566630795199866755e-01	7.427424761837146672e-02	3.045163602101723724e-02	8.182430367949823646e-02
1.240888059802580301e+03	2.379258147247659549e-01	1.612864508143329600e-01	2.573708295454028017e-01	1.567473146885727808e-01	7.431160303954323365e-02	3.046963971337465077e-02	8.188834747363912814e-02
1.242339390866676695e+03	2.377198453934164513e-01	1.611739910866749614e-01	2.574859603297389166e-01	1.568314046170771470e-01	7.434889214982574879e-02	3.048761269492488574e-02	8.195229372797342704e-02
1.243790721930773088e+03	2.375142640317552123e-01	1.610616971580502432e-01	2.576008767073950101e-01	1.569153494426752116e-01	7.438611504966329002e-02	3.050555502242493708e-02	8.201614258766758148e-02
1.245242052994869937e+03	2.373090699122283043e-01	1.609495687780197193e-01	2.577155792147992619e-01	1.569991493046919151e-01	7.442327183969688065e-02	3.052346675252565894e-02	8.207989419766968664e-02
1.246693384058966330e+03	2.371042623087093737e-01	1.608376056965298007e-01	2.578300683846012631e-01	1.570828043445523514e-01	7.446036262075686474e-02	3.054134794177194856e-02	8.214354870270984543e-02
1.248144715123063179e+03	2.368998404964954563e-01	1.607258076639118127e-01	2.579443447457319127e-01	1.571663147057334453e-01	7.449738749385535763e-02	3.055919864660296831e-02	8.220710624730050153e-02
1.249596046187159800e+03	2.366958037523031189e-01	1.606141744308814401e-01	2.580584088234622597e-01	1.572496805337164349e-01	7.453434656017911275e-02	3.057701892335233651e-02	8.227056697573678634e-02
1.251047377251256421e+03	2.364921513542642129e-01	1.605027057485380604e-01	2.581722611394614564e-01	1.573329019759402703e-01	7.457123992108233290e-02	3.059480882824834602e-02	8.233393103209681041e-02
1.252498708315352815e+03	2.362888825819220162e-01	1.603914013683641338e-01	2.582859022118533243e-01	1.574159791817560383e-01	7.460806767807975914e-02	3.061256841741415505e-02	8.239719856024203815e-02
1.253950039379449436e+03	2.360859967162271533e-01	1.602802610422246476e-01	2.583993325552720322e-01	1.574989123023822213e-01	7.464482993283985679e-02	3.063029774686800225e-02	8.246036970381759312e-02
1.255401370443546057e+03	2.358834930395336815e-01	1.601692845223664785e-01	2.585125526809166074e-01	1.575817014908606761e-01	7.468152678717807080e-02	3.064799687252340449e-02	8.252344460625256339e-02
1.256852701507642678e+03	2.356813708355952608e-01	1.600584715614178088e-01	2.586255630966046715e-01	1.576643469020136690e-01	7.471815834305031712e-02	3.066566585018936156e-02	8.258642341076040394e-02
1.258304032571739299e+03	2.354796293895611847e-01	1.599478219123874057e-01	2.587383643068250638e-01	1.577468486924015756e-01	7.475472470254651558e-02	3.068330473557055391e-02	8.264930626033924199e-02
1.259755363635835920e+03	2.352782679879726613e-01	1.598373353286642040e-01	2.588509568127891902e-01	1.578292070202814978e-01	7.479122596788431721e-02	3.070091358426755429e-02	8.271209329777212682e-02
1.261206694699932314e+03	2.350772859187588437e-01	1.597270115640166133e-01	2.589633411124819262e-01	1.579114220455666850e-01	7.482766224140297018e-02	3.071849245177701859e-02	8.277478466562745996e-02
1.262658025764028707e+03	2.348766824712331669e-01	1.596168503725918508e-01	2.590755177007115218e-01	1.579934939297866214e-01	7.486403362555719976e-02	3.073604139349188705e-02	8.283738050625928662e-02
1.264109356828125556e+03	2.346764569360896002e-01	1.595068515089154149e-01	2.591874870691580068e-01	1.580754228360480018e-01	7.490034022291131022e-02	3.075356046470159935e-02	8.289988096180761490e-02
1.265560687892221949e+03	2.344766086053987897e-01	1.593970147278905014e-01	2.592992497064213198e-01	1.581572089289964844e-01	7.493658213613342556e-02	3.077104972059227159e-02	8.296228617419876272e-02
1.267012018956318798e+03	2.342771367726046439e-01	1.592873397847973937e-01	2.594108060980682140e-01	1.582388523747790265e-01	7.497275946798974411e-02	3.078850921624691137e-02	8.302459628514564927e-02
1.268463350020415419e+03	2.340780407325203372e-01	1.591778264352928240e-01	2.595221567266786655e-01	1.583203533410071084e-01	7.500887232133900129e-02	3.080593900664561208e-02	8.308681143614815579e-02
1.269914681084511813e+03	2.338793197813249236e-01	1.590684744354093905e-01	2.596333020718907258e-01	1.584017119967205955e-01	7.504492079912691849e-02	3.082333914666574720e-02	8.314893176849344480e-02
1.271366012148608434e+03	2.336809732165595621e-01	1.589592835415550021e-01	2.597442426104455415e-01	1.584829285123522669e-01	7.508090500438099890e-02	3.084070969108217500e-02	8.321095742325623767e-02
1.272817343212705055e+03	2.334830003371240748e-01	1.588502535105122959e-01	2.598549788162303753e-01	1.585640030596931482e-01	7.511682504020517070e-02	3.085805069456742586e-02	8.327288854129925866e-02
1.274268674276801676e+03	2.332854004432733663e-01	1.587413840994379155e-01	2.599655111603220159e-01	1.586449358118584285e-01	7.515268100977465227e-02	3.087536221169191394e-02	8.333472526327341534e-02
1.275720005340898297e+03	2.330881728366138161e-01	1.586326750658621498e-01	2.600758401110284668e-01	1.587257269432540141e-01	7.518847301633101166e-02	3.089264429692411759e-02	8.339646772961821497e-02
1.277171336404994690e+03	2.328913168200998640e-01	1.585241261676880453e-01	2.601859661339302465e-01	1.588063766295437496e-01	7.522420116317710126e-02	3.090989700463078402e-02	8.345811608056204201e-02
1.278622667469091539e+03	2.326948316980304854e-01	1.584157371631910727e-01	2.602958896919209120e-01	1.588868850476174155e-01	7.525986555367233932e-02	3.092712038907712013e-02	8.351967045612253282e-02
1.280073998533187932e+03	2.324987167760456663e-01	1.583075078110184331e-01	2.604056112452469152e-01	1.589672523755590594e-01	7.529546629122793600e-02	3.094431450442699377e-02	8.358113099610681163e-02
1.281525329597284326e+03	2.323029713611232117e-01	1.581994378701884751e-01	2.605151312515465722e-01	1.590474787926163258e-01	7.533100347930221652e-02	3.096147940474311758e-02	8.364249784011192068e-02
1.282976660661381175e+03	2.321075947615751089e-01	1.580915271000900846e-01	2.606244501658883106e-01	1.591275644791698973e-01	7.536647722139613870e-02	3.097861514398725022e-02	8.370377112752504234e-02
1.284427991725477568e+03	2.319125862870442811e-01	1.579837752604821566e-01	2.607335684408083054e-01	1.592075096167040182e-01	7.540188762104879650e-02	3.099572177602039069e-02	8.376495099752388762e-02
1.285879322789574417e+03	2.317179452485011726e-01	1.578761821114929853e-01	2.608424865263474501e-01	1.592873143877772124e-01	7.543723478183309017e-02	3.101279935460296566e-02	8.382603758907695990e-02
1.287330653853671038e+03	2.315236709582404184e-01	1.577687474136197088e-01	2.609512048700873832e-01	1.593669789759939448e-01	7.547251880735143803e-02	3.102984793339502376e-02	8.388703104094397123e-02
1.288781984917767431e+03	2.313297627298775416e-01	1.576614709277276150e-01	2.610597239171862927e-01	1.594465035659763663e-01	7.550773980123162699e-02	3.104686756595642638e-02	8.394793149167600887e-02
1.290233315981864052e+03	2.311362198783457056e-01	1.575543524150496977e-01	2.611680441104137773e-01	1.595258883433370023e-01	7.554289786712266308e-02	3.106385830574705242e-02	8.400873907961602105e-02
