1.001418434226643626e+03	2.778582561384633220e-01	1.822831157636790878e-01	2.347963259301668326e-01	1.409587502497310907e-01	6.719485052787918522e-02	2.701358490731135126e-02	6.989511648239855879e-02
1.003837319333471214e+03	2.773910103147463890e-01	1.820426818105756739e-01	2.350714412232756123e-01	1.411338213115899687e-01	6.727655483344753551e-02	2.705180736843968564e-02	7.003268313755464658e-02
1.006256204440298802e+03	2.769252359380200978e-01	1.818028452103881698e-01	2.353452329930484643e-01	1.413087863970328428e-01	6.735807892548550946e-02	2.708992004123911973e-02	7.016990049441527988e-02
1.008675089547126618e+03	2.764609280291172033e-01	1.815636044340321331e-01	2.356177211498125534e-01	1.414836326809318368e-01	6.743942101380326348e-02	2.712792326565532583e-02	7.030676942627722692e-02
1.011093974653954206e+03	2.759980816377585744e-01	1.813249579566882930e-01	2.358889250199707743e-01	1.416583477621830567e-01	6.752057943830969133e-02	2.716581738050200673e-02	7.044329080421722622e-02
1.013512859760782021e+03	2.755366918420166233e-01	1.810869042577982757e-01	2.361588633681208360e-01	1.418329196562029271e-01	6.760155265492609478e-02	2.720360272346696723e-02	7.057946549709800954e-02
1.015931744867609382e+03	2.750767537477976088e-01	1.808494418210570276e-01	2.364275544177395494e-01	1.420073367864954084e-01	6.768233922384764290e-02	2.724127963111807813e-02	7.071529437157435261e-02
1.018350629974437197e+03	2.746182624883430345e-01	1.806125691344024342e-01	2.366950158706194463e-01	1.421815879755433110e-01	6.776293779971316600e-02	2.727884843890915345e-02	7.085077829209911193e-02
1.020769515081264785e+03	2.741612132237469246e-01	1.803762846900028027e-01	2.369612649252106074e-01	1.423556624352269318e-01	6.784334712332758255e-02	2.731630948118571670e-02	7.098591812092917841e-02
1.023188400188092373e+03	2.737056011404895850e-01	1.801405869842425678e-01	2.372263182939950976e-01	1.425295497569308012e-01	6.792356601464953625e-02	2.735366309119069070e-02	7.112071471813147250e-02
1.025607285294920075e+03	2.732514214509869643e-01	1.799054745177071091e-01	2.374901922199983417e-01	1.427032399014669384e-01	6.800359336681149891e-02	2.739090960106997999e-02	7.125516894158889780e-02
1.028026170401747549e+03	2.727986693931537809e-01	1.796709457951661537e-01	2.377529024925257584e-01	1.428767231889158940e-01	6.808342814098387874e-02	2.742804934187796639e-02	7.138928164700629464e-02
1.030445055508575479e+03	2.723473402299804724e-01	1.794369993255567619e-01	2.380144644621968453e-01	1.430499902884653785e-01	6.816306936193097799e-02	2.746508264358293178e-02	7.152305368791636586e-02
1.032863940615402726e+03	2.718974292491233569e-01	1.792036336219657855e-01	2.382748930553386657e-01	1.432230322083090091e-01	6.824251611413499619e-02	2.750200983507240446e-02	7.165648591568554715e-02
1.035282825722230655e+03	2.714489317625069509e-01	1.789708472016118546e-01	2.385342027877909721e-01	1.433958402856534420e-01	6.832176753838825611e-02	2.753883124415839462e-02	7.178957917951986345e-02
1.037701710829058356e+03	2.710018431059386668e-01	1.787386385858273641e-01	2.387924077781665988e-01	1.435684061768713604e-01	6.840082282877237019e-02	2.757554719758258110e-02	7.192233432647086866e-02
1.040120595935886058e+03	2.705561586387343342e-01	1.785070063000402107e-01	2.390495217606054268e-01	1.437407218478284066e-01	6.847968122995862217e-02	2.761215802102141847e-02	7.205475220144136328e-02
1.042539481042713533e+03	2.701118737433556016e-01	1.782759488737554743e-01	2.393055580970549212e-01	1.439127795644053187e-01	6.855834203477609301e-02	2.764866403909114340e-02	7.218683364719123696e-02
1.044958366149541234e+03	2.696689838250571070e-01	1.780454648405371820e-01	2.395605297891049423e-01	1.440845718832304834e-01	6.863680458200401013e-02	2.768506557535275678e-02	7.231857950434328330e-02
1.047377251256368709e+03	2.692274843115444738e-01	1.778155527379902678e-01	2.398144494894028922e-01	1.442560916426332829e-01	6.871506825435305665e-02	2.772136295231690181e-02	7.244999061138891749e-02
1.049796136363196410e+03	2.687873706526417439e-01	1.775862111077424199e-01	2.400673295126702911e-01	1.444273319538258993e-01	6.879313247660684416e-02	2.775755649144868997e-02	7.258106780469392172e-02
1.052215021470024112e+03	2.683486383199688019e-01	1.773574384954262062e-01	2.403191818463414064e-01	1.445982861923169049e-01	6.887099671389994293e-02	2.779364651317245416e-02	7.271181191850414893e-02
1.054633906576851814e+03	2.679112828066273488e-01	1.771292334506614219e-01	2.405700181608410315e-01	1.447689479895590270e-01	6.894866047011333210e-02	2.782963333687643245e-02	7.284222378495125438e-02
1.057052791683679516e+03	2.674752996268964234e-01	1.769015945270375478e-01	2.408198498195178727e-01	1.449393112248308357e-01	6.902612328637149075e-02	2.786551728091742064e-02	7.297230423405828836e-02
1.059471676790506763e+03	2.670406843159359167e-01	1.766745202820964034e-01	2.410686878882478956e-01	1.451093700173507473e-01	6.910338473962815420e-02	2.790129866262533107e-02	7.310205409374538610e-02
1.061890561897334692e+03	2.666074324294988585e-01	1.764480092773151043e-01	2.413165431447214793e-01	1.452791187186211475e-01	6.918044444133011894e-02	2.793697779830771333e-02	7.323147418983540213e-02
1.064309447004162394e+03	2.661755395436514182e-01	1.762220600780890212e-01	2.415634260874264250e-01	1.454485519049990017e-01	6.925730203615028391e-02	2.797255500325420211e-02	7.336056534605948920e-02
1.066728332110990095e+03	2.657450012545007345e-01	1.759966712537152089e-01	2.418093469443388654e-01	1.456176643704889528e-01	6.933395720078253111e-02	2.800803059174091988e-02	7.348932838406264934e-02
1.069147217217817570e+03	2.653158131779303486e-01	1.757718413773758925e-01	2.420543156813325103e-01	1.457864511197545232e-01	6.941040964279239500e-02	2.804340487703484153e-02	7.361776412340938214e-02
1.071566102324645271e+03	2.648879709493427992e-01	1.755475690261222299e-01	2.422983420103169416e-01	1.459549073613423675e-01	6.948665909951842745e-02	2.807867817139807556e-02	7.374587338158911098e-02
1.073984987431472746e+03	2.644614702234093229e-01	1.753238527808582414e-01	2.425414353971139247e-01	1.461230285011146657e-01	6.956270533701994219e-02	2.811385078609211427e-02	7.387365697402176190e-02
1.076403872538300675e+03	2.640363066738264930e-01	1.751006912263249893e-01	2.427836050690814484e-01	1.462908101358843249e-01	6.963854814906741963e-02	2.814892303138202476e-02	7.400111571406327304e-02
1.078822757645127922e+03	2.636124759930791317e-01	1.748780829510850898e-01	2.430248600224939881e-01	1.464582480472476911e-01	6.971418735617249118e-02	2.818389521654061231e-02	7.412825041301097928e-02
1.081241642751955851e+03	2.631899738922098275e-01	1.746560265475070595e-01	2.432652090296871794e-01	1.466253381956093282e-01	6.978962280465492163e-02	2.821876764985250044e-02	7.425506188010921882e-02
1.083660527858783553e+03	2.627687961005947259e-01	1.744345206117502711e-01	2.435046606459747298e-01	1.467920767143934824e-01	6.986485436574407792e-02	2.825354063861820406e-02	7.438155092255460676e-02
1.086079412965611255e+03	2.623489383657250373e-01	1.742135637437499662e-01	2.437432232163455059e-01	1.469584599044369277e-01	6.993988193471296910e-02	2.828821448915813663e-02	7.450771834550157235e-02
1.088498298072438729e+03	2.619303964529947071e-01	1.739931545472023222e-01	2.439809048819476522e-01	1.471244842285579502e-01	7.001470543004317815e-02	2.832278950681657234e-02	7.463356495206770191e-02
1.090917183179266431e+03	2.615131661454934142e-01	1.737732916295500474e-01	2.442177135863669024e-01	1.472901463062961658e-01	7.008932479261884008e-02	2.835726599596558040e-02	7.475909154333910955e-02
1.093336068286093905e+03	2.610972432438052326e-01	1.735539736019676427e-01	2.444536570817058829e-01	1.474554429088181240e-01	7.016373998494843112e-02	2.839164426000890390e-02	7.488429891837582175e-02
1.095754953392921607e+03	2.606826235658125102e-01	1.733351990793474129e-01	2.446887429344705434e-01	1.476203709539836428e-01	7.023795099041311996e-02	2.842592460138581092e-02	7.500918787421707867e-02
1.098173838499749309e+03	2.602693029465043550e-01	1.731169666802852003e-01	2.449229785312703744e-01	1.477849275015681585e-01	7.031195781254043209e-02	2.846010732157488662e-02	7.513375920588671875e-02
1.100592723606577010e+03	2.598572772377912288e-01	1.728992750270666734e-01	2.451563710843379928e-01	1.479491097486358986e-01	7.038576047430215865e-02	2.849419272109781839e-02	7.525801370639839671e-02
1.103011608713404712e+03	2.594465423083232025e-01	1.726821227456533658e-01	2.453889276368743655e-01	1.481129150250595772e-01	7.045935901743557994e-02	2.852818109952311859e-02	7.538195216676095434e-02
1.105430493820231959e+03	2.590370940433135427e-01	1.724655084656692705e-01	2.456206550682245582e-01	1.482763407891821983e-01	7.053275350178708769e-02	2.856207275546982297e-02	7.550557537598362456e-02
1.107849378927059888e+03	2.586289283443666265e-01	1.722494308203873503e-01	2.458515600988902816e-01	1.484393846236159997e-01	7.060594400467737342e-02	2.859586798661114052e-02	7.562888412108129121e-02
1.110268264033887590e+03	2.582220411293098539e-01	1.720338884467163820e-01	2.460816492953838142e-01	1.486020442311748180e-01	7.067893062028732243e-02	2.862956708967808947e-02	7.575187918707974866e-02
1.112687149140715292e+03	2.578164283320305561e-01	1.718188799851876614e-01	2.463109290749285196e-01	1.487643174309354055e-01	7.075171345906391962e-02	2.866317036046307776e-02	7.587456135702089211e-02
1.115106034247542766e+03	2.574120859023162899e-01	1.716044040799422354e-01	2.465394057100109837e-01	1.489262021544236203e-01	7.082429264714551476e-02	2.869667809382347654e-02	7.599693141196789403e-02
1.117524919354370468e+03	2.570090098056995731e-01	1.713904593787179131e-01	2.467670853327894598e-01	1.490876964419218798e-01	7.089666832580562850e-02	2.873009058368513127e-02	7.611899013101042222e-02
1.119943804461197942e+03	2.566071960233061722e-01	1.711770445328367474e-01	2.469939739393628708e-01	1.492487984388937428e-01	7.096884065091479954e-02	2.876340812304587283e-02	7.624073829126978841e-02
1.122362689568025871e+03	2.562066405517073320e-01	1.709641581971924063e-01	2.472200773939053353e-01	1.494095063925219846e-01	7.104080979241983451e-02	2.879663100397896955e-02	7.636217666790409697e-02
1.124781574674853118e+03	2.558073394027756131e-01	1.707517990302378219e-01	2.474454014326701590e-01	1.495698186483567782e-01	7.111257593383976672e-02	2.882975951763656203e-02	7.648330603411333806e-02
1.127200459781681047e+03	2.554092886035438381e-01	1.705399656939728392e-01	2.476699516678672330e-01	1.497297336470703177e-01	7.118413927177819067e-02	2.886279395425308050e-02	7.660412716114455012e-02
1.129619344888508749e+03	2.550124841960682009e-01	1.703286568539320867e-01	2.478937335914184470e-01	1.498892499213146101e-01	7.125550001545116752e-02	2.889573460314862410e-02	7.672464081829688531e-02
1.132038229995336451e+03	2.546169222372940966e-01	1.701178711791729858e-01	2.481167525785944461e-01	1.500483660926790752e-01	7.132665838623046539e-02	2.892858175273228805e-02	7.684484777292670266e-02
1.134457115102163925e+03	2.542225987989251146e-01	1.699076073422638167e-01	2.483390138915367029e-01	1.502070808687449854e-01	7.139761461720135760e-02	2.896133569050551165e-02	7.696474879045259176e-02
1.136876000208991627e+03	2.538295099672954747e-01	1.696978640192719490e-01	2.485605226826685388e-01	1.503653930402335526e-01	7.146836895273474266e-02	2.899399670306536392e-02	7.708434463436049378e-02
1.139294885315819101e+03	2.534376518432452374e-01	1.694886398897520741e-01	2.487812839979987312e-01	1.505233014782446366e-01	7.153892164807296172e-02	2.902656507610782213e-02	7.720363606620866959e-02
1.141713770422646803e+03	2.530470205419985130e-01	1.692799336367347141e-01	2.490013027803207324e-01	1.506808051315833563e-01	7.160927296892902194e-02	2.905904109443100541e-02	7.732262384563275137e-02
1.144132655529474505e+03	2.526576121930445007e-01	1.690717439467148142e-01	2.492205838723113576e-01	1.508379030241717433e-01	7.167942319109861515e-02	2.909142504193840476e-02	7.744130873035069695e-02
1.146551540636302207e+03	2.522694229400210819e-01	1.688640695096402522e-01	2.494391320195314399e-01	1.509945942525427465e-01	7.174937260008465434e-02	2.912371720164207492e-02	7.755969147616784132e-02
1.148970425743129908e+03	2.518824489406014111e-01	1.686569090189006248e-01	2.496569518733324500e-01	1.511508779834141170e-01	7.181912149073391149e-02	2.915591785566580899e-02	7.767777283698178159e-02
1.151389310849957155e+03	2.514966863663826158e-01	1.684502611713161735e-01	2.498740479936710779e-01	1.513067534513392598e-01	7.188867016688528511e-02	2.918802728524829554e-02	7.779555356478742856e-02
1.153808195956785084e+03	2.511121314027774387e-01	1.682441246671265711e-01	2.500904248518354134e-01	1.514622199564331362e-01	7.195801894102948904e-02	2.922004577074623077e-02	7.791303440968185001e-02
1.156227081063612786e+03	2.507287802489079898e-01	1.680384982099801527e-01	2.503060868330852506e-01	1.516172768621703582e-01	7.202716813397959383e-02	2.925197359163743405e-02	7.803021611986926676e-02
1.158645966170440488e+03	2.503466291175021063e-01	1.678333805069228968e-01	2.505210382392092927e-01	1.517719235932536437e-01	7.209611807455221233e-02	2.928381102652392529e-02	7.814709944166592370e-02
1.161064851277267962e+03	2.499656742347916016e-01	1.676287702683876835e-01	2.507352832910016982e-01	1.519261596335499953e-01	7.216486909925899640e-02	2.931555835313499545e-02	7.826368511950500262e-02
1.163483736384095664e+03	2.495859118404131494e-01	1.674246662081836368e-01	2.509488261306608847e-01	1.520799845240925208e-01	7.223342155200804249e-02	2.934721584833023880e-02	7.837997389594147934e-02
1.165902621490923138e+03	2.492073381873109450e-01	1.672210670434854940e-01	2.511616708241126705e-01	1.522333978611463412e-01	7.230177578381491443e-02	2.937878378810258526e-02	7.849596651165702266e-02
1.168321506597751068e+03	2.488299495416417262e-01	1.670179714948230587e-01	2.513738213632604745e-01	1.523863992943356449e-01	7.236993215252299216e-02	2.941026244758128058e-02	7.861166370546479598e-02
1.170740391704578315e+03	2.484537421826815695e-01	1.668153782860707646e-01	2.515852816681647397e-01	1.525389885248308042e-01	7.243789102253288259e-02	2.944165210103489444e-02	7.872706621431434237e-02
1.173159276811406244e+03	2.480787124027347690e-01	1.666132861444374058e-01	2.517960555891536334e-01	1.526911653035930572e-01	7.250565276454054575e-02	2.947295302187425900e-02	7.884217477329635848e-02
1.175578161918233945e+03	2.477048565070446295e-01	1.664116938004557011e-01	2.520061469088676342e-01	1.528429294296753116e-01	7.257321775528384478e-02	2.950416548265542144e-02	7.895699011564753789e-02
1.177997047025061647e+03	2.473321708137058983e-01	1.662105999879721907e-01	2.522155593442396149e-01	1.529942807485770440e-01	7.264058637729735313e-02	2.953528975508257562e-02	7.907151297275535895e-02
1.180415932131889122e+03	2.469606516535793328e-01	1.660100034441371608e-01	2.524242965484129186e-01	1.531452191506517679e-01	7.270775901867507218e-02	2.956632611001095909e-02	7.918574407416287264e-02
1.182834817238716823e+03	2.465902953702075462e-01	1.658099029093944021e-01	2.526323621125990404e-01	1.532957445695652399e-01	7.277473607284076773e-02	2.959727481744974312e-02	7.929968414757343487e-02
1.185253702345544298e+03	2.462210983197327951e-01	1.656102971274714397e-01	2.528397595678768539e-01	1.534458569808029027e-01	7.284151793832585597e-02	2.962813614656491235e-02	7.941333391885546655e-02
1.187672587452371999e+03	2.458530568708165165e-01	1.654111848453694023e-01	2.530464923869356619e-01	1.535955564002250140e-01	7.290810501855438108e-02	2.965891036568210279e-02	7.952669411204719985e-02
1.190091472559199701e+03	2.454861674045601128e-01	1.652125648133533076e-01	2.532525639857631794e-01	1.537448428826677926e-01	7.297449772163502879e-02	2.968959774228946413e-02	7.963976544936143820e-02
1.192510357666027403e+03	2.451204263144273754e-01	1.650144357849422649e-01	2.534579777252808364e-01	1.538937165205892799e-01	7.304069646015988460e-02	2.972019854304045611e-02	7.975254865119020542e-02
1.194929242772855105e+03	2.447558300061686565e-01	1.648167965168997606e-01	2.536627369129273446e-01	1.540421774427586932e-01	7.310670165100971452e-02	2.975071303375666568e-02	7.986504443610943638e-02
1.197348127879682352e+03	2.443923748977460952e-01	1.646196457692239712e-01	2.538668448041931369e-01	1.541902258129871917e-01	7.317251371516553249e-02	2.978114147943059301e-02	7.997725352088373707e-02
1.199767012986510281e+03	2.440300574192603988e-01	1.644229823051381600e-01	2.540703046041062341e-01	1.543378618288996362e-01	7.323813307752639890e-02	2.981148414422843396e-02	8.008917662047100594e-02
1.202185898093337983e+03	2.436688740128790664e-01	1.642268048910812128e-01	2.542731194686717600e-01	1.544850857207453465e-01	7.330356016673303388e-02	2.984174129149282095e-02	8.020081444802708293e-02
1.204604783200165684e+03	2.433088211327657513e-01	1.640311122966980895e-01	2.544752925062661597e-01	1.546318977502471048e-01	7.336879541499725932e-02	2.987191318374558466e-02	8.031216771491037076e-02
1.207023668306993159e+03	2.429498952450110938e-01	1.638359032948305261e-01	2.546768267789880080e-01	1.547782982094867144e-01	7.343383925793697808e-02	2.990200008269047055e-02	8.042323713068656732e-02
1.209442553413820860e+03	2.425920928275646649e-01	1.636411766615075425e-01	2.548777253039662405e-01	1.549242874198264452e-01	7.349869213441652394e-02	2.993200224921584857e-02	8.053402340313314811e-02
1.211861438520648335e+03	2.422354103701681027e-01	1.634469311759361443e-01	2.550779910546275286e-01	1.550698657308649253e-01	7.356335448639221564e-02	2.996191994339743314e-02	8.064452723824404312e-02
1.214280323627476264e+03	2.418798443742894710e-01	1.632531656204923021e-01	2.552776269619240757e-01	1.552150335194263930e-01	7.362782675876300420e-02	2.999175342450094428e-02	8.075474934023424423e-02
1.216699208734303511e+03	2.415253913530588104e-01	1.630598787807115146e-01	2.554766359155226652e-01	1.553597911885823968e-01	7.369210939922597736e-02	3.002150295098478944e-02	8.086469041154435711e-02
1.219118093841131440e+03	2.411720478312044946e-01	1.628670694452797330e-01	2.556750207649570172e-01	1.555041391667047745e-01	7.375620285813658250e-02	3.005116878050272458e-02	8.097435115284512541e-02
1.221536978947959142e+03	2.408198103449911698e-01	1.626747364060243672e-01	2.558727843207437846e-01	1.556480779065491371e-01	7.382010758837345699e-02	3.008075116990649445e-02	8.108373226304207981e-02
1.223955864054786844e+03	2.404686754421582473e-01	1.624828784579051277e-01	2.560699293554635769e-01	1.557916078843674113e-01	7.388382404520772717e-02	3.011025037524846584e-02	8.119283443927997890e-02
1.226374749161614318e+03	2.401186396818595914e-01	1.622914943990051151e-01	2.562664586048083448e-01	1.559347295990492488e-01	7.394735268617649848e-02	3.013966665178424015e-02	8.130165837694740272e-02
1.228793634268442020e+03	2.397696996346043441e-01	1.621005830305219109e-01	2.564623747685964572e-01	1.560774435712906361e-01	7.401069397096060598e-02	3.016900025397526580e-02	8.141020476968123532e-02
1.231212519375269494e+03	2.394218518821982777e-01	1.619101431567586402e-01	2.566576805117552484e-01	1.562197503427894263e-01	7.407384836126633398e-02	3.019825143549141958e-02	8.151847430937116112e-02
1.233631404482097196e+03	2.390750930176865352e-01	1.617201735851150901e-01	2.568523784652735342e-01	1.563616504754664627e-01	7.413681632071111860e-02	3.022742044921360519e-02	8.162646768616421689e-02
1.236050289588924898e+03	2.387294196452970085e-01	1.615306731260789941e-01	2.570464712271242624e-01	1.565031445507120422e-01	7.419959831471285849e-02	3.025650754723630334e-02	8.173418558846916315e-02
1.238469174695752372e+03	2.383848283803846058e-01	1.613416405932172892e-01	2.572399613631582427e-01	1.566442331686561940e-01	7.426219481038305592e-02	3.028551298087013566e-02	8.184162870296103620e-02
1.240888059802580301e+03	2.380413158493765446e-01	1.611530748031673177e-01	2.574328514079705643e-01	1.567849169474627991e-01	7.432460627642341333e-02	3.031443700064441124e-02	8.194879771458556117e-02
1.243306944909407548e+03	2.376988786897181183e-01	1.609649745756282224e-01	2.576251438657390369e-01	1.569251965226461376e-01	7.438683318302585779e-02	3.034327985630964550e-02	8.205569330656360683e-02
1.245725830016235477e+03	2.373575135498196542e-01	1.607773387333524262e-01	2.578168412110374841e-01	1.570650725464095565e-01	7.444887600177589604e-02	3.037204179684009978e-02	8.216231616039559871e-02
1.248144715123063179e+03	2.370172170890038899e-01	1.605901661021368332e-01	2.580079458896233358e-01	1.572045456870053148e-01	7.451073520555914764e-02	3.040072307043627242e-02	8.226866695586594613e-02
1.250563600229890881e+03	2.366779859774544303e-01	1.604034555108145299e-01	2.581984603192005734e-01	1.573436166281153015e-01	7.457241126847104218e-02	3.042932392452740373e-02	8.237474637104745534e-02
1.252982485336718355e+03	2.363398168961646784e-01	1.602172057912461256e-01	2.583883868901593051e-01	1.574822860682513481e-01	7.463390466572952797e-02	3.045784460577397393e-02	8.248055508230570099e-02
1.255401370443546057e+03	2.360027065368877075e-01	1.600314157783113977e-01	2.585777279662923034e-01	1.576205547201751100e-01	7.469521587359059800e-02	3.048628536007015263e-02	8.258609376430341154e-02
1.257820255550373531e+03	2.356666516020865243e-01	1.598460843099007433e-01	2.587664858854888950e-01	1.577584233103366262e-01	7.475634536926675788e-02	3.051464643254628642e-02	8.269136309000482687e-02
1.260239140657201460e+03	2.353316488048853294e-01	1.596612102269070466e-01	2.589546629604077554e-01	1.578958925783308931e-01	7.481729363084818618e-02	3.054292806757134479e-02	8.279636373068011146e-02
1.262658025764028707e+03	2.349976948690213063e-01	1.594767923732171022e-01	2.591422614791286660e-01	1.580329632763721737e-01	7.487806113722644819e-02	3.057113050875535920e-02	8.290109635590961479e-02
1.265076910870856636e+03	2.346647865287968815e-01	1.592928295957033724e-01	2.593292837057842304e-01	1.581696361687850716e-01	7.493864836802094365e-02	3.059925399895185860e-02	8.300556163358824291e-02
1.267495795977684338e+03	2.343329205290329287e-01	1.591093207442158264e-01	2.595157318811717739e-01	1.583059120315122581e-01	7.499905580350769985e-02	3.062729878026030500e-02	8.310976022992978829e-02
1.269914681084511813e+03	2.340020936250222505e-01	1.589262646715736138e-01	2.597016082233464251e-01	1.584417916516379643e-01	7.505928392455059328e-02	3.065526509402848390e-02	8.321369280947121805e-02
1.272333566191339514e+03	2.336723025824839206e-01	1.587436602335569047e-01	2.598869149281958779e-01	1.585772758269269611e-01	7.511933321253491669e-02	3.068315318085491558e-02	8.331736003507700383e-02
1.274752451298167216e+03	2.333435441775179864e-01	1.585615062888988125e-01	2.600716541699973905e-01	1.587123653653785271e-01	7.517920414930318040e-02	3.071096328059125594e-02	8.342076256794335454e-02
1.277171336404994690e+03	2.330158151965607827e-01	1.583798016992771507e-01	2.602558281019575204e-01	1.588470610847947107e-01	7.523889721709316192e-02	3.073869563234465918e-02	8.352390106760256006e-02
1.279590221511822392e+03	2.326891124363410224e-01	1.581985453293063282e-01	2.604394388567352614e-01	1.589813638123628026e-01	7.529841289847787056e-02	3.076635047448017177e-02	8.362677619192718237e-02
1.282009106618650094e+03	2.323634327038359981e-01	1.580177360465294389e-01	2.606224885469488606e-01	1.591152743842511597e-01	7.535775167630777427e-02	3.079392804462308814e-02	8.372938859713435766e-02
1.284427991725477568e+03	2.320387728162285057e-01	1.578373727214101574e-01	2.608049792656674803e-01	1.592487936452183228e-01	7.541691403365491375e-02	3.082142857966129607e-02	8.383173893778998742e-02
1.286846876832305497e+03	2.317151296008644890e-01	1.576574542273247725e-01	2.609869130868871512e-01	1.593819224482347641e-01	7.547590045375884849e-02	3.084885231574762202e-02	8.393382786681302665e-02
1.289265761939132744e+03	2.313924998952106293e-01	1.574779794405542221e-01	2.611682920659925133e-01	1.595146616541168461e-01	7.553471141997465665e-02	3.087619948830217995e-02	8.403565603547964724e-02
1.291684647045960673e+03	2.310708805468129623e-01	1.572989472402761268e-01	2.613491182402040702e-01	1.596470121311729384e-01	7.559334741572246164e-02	3.090347033201468196e-02	8.413722409342749842e-02
1.294103532152788375e+03	2.307502684132556880e-01	1.571203565085569909e-01	2.615293936290117860e-01	1.597789747548607475e-01	7.565180892443894300e-02	3.093066508084675939e-02	8.423853268865982846e-02
1.296522417259616077e+03	2.304306603621203708e-01	1.569422061303443194e-01	2.617091202345955825e-01	1.599105504074561090e-01	7.571009642953037411e-02	3.095778396803426646e-02	8.433958246754971744e-02
1.298941302366443551e+03	2.301120532709457212e-01	1.567644949934587362e-01	2.618883000422326801e-01	1.600417399777324112e-01	7.576821041432733883e-02	3.098482722608958406e-02	8.444037407484425439e-02
1.301360187473271253e+03	2.297944440271877387e-01	1.565872219885862671e-01	2.620669350206925596e-01	1.601725443606505372e-01	7.582615136204103046e-02	3.101179508680390953e-02	8.454090815366867295e-02
1.303779072580098727e+03	2.294778295281802716e-01	1.564103860092704856e-01	2.622450271226198781e-01	1.603029644570590218e-01	7.588391975572106318e-02	3.103868778124952571e-02	8.464118534553052853e-02
1.306197957686926657e+03	2.291622066810959646e-01	1.562339859519047969e-01	2.624225782849055610e-01	1.604330011734038663e-01	7.594151607821474081e-02	3.106550553978209075e-02	8.474120629032380614e-02
1.308616842793753904e+03	2.288475724029076785e-01	1.560580207157247767e-01	2.625995904290466809e-01	1.605626554214480139e-01	7.599894081212776875e-02	3.109224859204288288e-02	8.484097162633304212e-02
1.311035727900581833e+03	2.285339236203502433e-01	1.558824892028004283e-01	2.627760654614954006e-01	1.606919281179998993e-01	7.605619443978636762e-02	3.111891716696106938e-02	8.494048199023745971e-02
1.313454613007409534e+03	2.282212572698824882e-01	1.557073903180285768e-01	2.629520052739970359e-01	1.608208201846509644e-01	7.611327744320073307e-02	3.114551149275593747e-02	8.503973801711511848e-02
1.315873498114237009e+03	2.279095702976497995e-01	1.555327229691252922e-01	2.631274117439180715e-01	1.609493325475219172e-01	7.617019030402967517e-02	3.117203179693914597e-02	8.513874034044692507e-02
1.318292383221064711e+03	2.275988596594469837e-01	1.553584860666181733e-01	2.633022867345642393e-01	1.610774661370170391e-01	7.622693350354674269e-02	3.119847830631695615e-02	8.523748959212074094e-02
1.320711268327892412e+03	2.272891223206813527e-01	1.551846785238388537e-01	2.634766320954884944e-01	1.612052218875869025e-01	7.628350752260729117e-02	3.122485124699243136e-02	8.533598640243553191e-02
1.323130153434719887e+03	2.269803552563363636e-01	1.550112992569154247e-01	2.636504496627903871e-01	1.613326007374987492e-01	7.633991284161696644e-02	3.125115084436767832e-02	8.543423140010532324e-02
1.325549038541547588e+03	2.266725554509354812e-01	1.548383471847649406e-01	2.638237412594056641e-01	1.614596036286143899e-01	7.639614994050113184e-02	3.127737732314602587e-02	8.553222521226327979e-02
1.327967923648375290e+03	2.263657198985062902e-01	1.546658212290859813e-01	2.639965086953873774e-01	1.615862315061757093e-01	7.645221929867554445e-02	3.130353090733423854e-02	8.562996846446581378e-02
1.330386808755202765e+03	2.260598456025449399e-01	1.544937203143511018e-01	2.641687537681788323e-01	1.617124853185968603e-01	7.650812139501800280e-02	3.132961182024469882e-02	8.572746178069652612e-02
1.332805693862030694e+03	2.257549295759811725e-01	1.543220433677994219e-01	2.643404782628776539e-01	1.618383660172638128e-01	7.656385670784107700e-02	3.135562028449758593e-02	8.582470578337027256e-02
1.335224578968857941e+03	2.254509688411432400e-01	1.541507893194292711e-01	2.645116839524923047e-01	1.619638745563401760e-01	7.661942571486578257e-02	3.138155652202305468e-02	8.592170109333718830e-02
1.337643464075685870e+03	2.251479604297233206e-01	1.539799571019906943e-01	2.646823725981909403e-01	1.620890118925796819e-01	7.667482889319635064e-02	3.140742075406340733e-02	8.601844832988661538e-02
1.340062349182513572e+03	2.248459013827432407e-01	1.538095456509783188e-01	2.648525459495425505e-01	1.622137789851448297e-01	7.673006671929573363e-02	3.143321320117521689e-02	8.611494811075116884e-02
1.342481234289341273e+03	2.245447887505204465e-01	1.536395539046236935e-01	2.650222057447509938e-01	1.623381767954315824e-01	7.678513966896217957e-02	3.145893408323151980e-02	8.621120105211069196e-02
1.344900119396168748e+03	2.242446195926342534e-01	1.534699808038882118e-01	2.651913537108819829e-01	1.624622062868999184e-01	7.684004821730661128e-02	3.148458361942393924e-02	8.630720776859615584e-02
1.347319004502996449e+03	2.239453909778923724e-01	1.533008252924558390e-01	2.653599915640833529e-01	1.625858684249101294e-01	7.689479283873087989e-02	3.151016202826479456e-02	8.640296887329373954e-02
1.349737889609823924e+03	2.236470999842975760e-01	1.531320863167257018e-01	2.655281210097985567e-01	1.627091641765645025e-01	7.694937400690685103e-02	3.153566952758928010e-02	8.649848497774866030e-02
1.352156774716651853e+03	2.233497436990147800e-01	1.529637628258049553e-01	2.656957437429741664e-01	1.628320945105543038e-01	7.700379219475621262e-02	3.156110633455753989e-02	8.659375669196915648e-02
1.354575659823479100e+03	2.230533192183384306e-01	1.527958537715015386e-01	2.658628614482608232e-01	1.629546603970119523e-01	7.705804787443114312e-02	3.158647266565680484e-02	8.668878462443044275e-02
1.356994544930307029e+03	2.227578236476597806e-01	1.526283581083170415e-01	2.660294758002083593e-01	1.630768628073681892e-01	7.711214151729568755e-02	3.161176873670348136e-02	8.678356938207858196e-02
1.359413430037134731e+03	2.224632541014348597e-01	1.524612747934394330e-01	2.661955884634553127e-01	1.631987027142141333e-01	7.716607359390779963e-02	3.163699476284525386e-02	8.687811157033437093e-02
1.361832315143962205e+03	2.221696077031524164e-01	1.522946027867360108e-01	2.663612010929123364e-01	1.633201810911677765e-01	7.721984457400220270e-02	3.166215095856319411e-02	8.697241179309729564e-02
1.364251200250789907e+03	2.218768815853020271e-01	1.521283410507462686e-01	2.665263153339408886e-01	1.634412989127450866e-01	7.727345492647381964e-02	3.168723753767380830e-02	8.706647065274937536e-02
1.366670085357617609e+03	2.215850728893427046e-01	1.519624885506747625e-01	2.666909328225259834e-01	1.635620571542357182e-01	7.732690511936188282e-02	3.171225471333112556e-02	8.716028875015904842e-02
1.369088970464445310e+03	2.212941787656714510e-01	1.517970442543840892e-01	2.668550551854445563e-01	1.636824567915826367e-01	7.738019561983466854e-02	3.173720269802879357e-02	8.725386668468501639e-02
1.371507855571272785e+03	2.210041963735922266e-01	1.516320071323877805e-01	2.670186840404280004e-01	1.638024988012660443e-01	7.743332689417493919e-02	3.176208170360210470e-02	8.734720505418012981e-02
1.373926740678100487e+03	2.207151228812848642e-01	1.514673761578433087e-01	2.671818209963208735e-01	1.639221841601910812e-01	7.748629940776578795e-02	3.178689194123005685e-02	8.744030445499521853e-02
1.376345625784927961e+03	2.204269554657745656e-01	1.513031503065451200e-01	2.673444676532343300e-01	1.640415138455796895e-01	7.753911362507726057e-02	3.181163362143742124e-02	8.753316548198286640e-02
1.378764510891755890e+03	2.201396913129013144e-01	1.511393285569175293e-01	2.675066256026951694e-01	1.641604888348658087e-01	7.759177000965336579e-02	3.183630695409676165e-02	8.762578872850135259e-02
1.381183395998583137e+03	2.198533276172895401e-01	1.509759098900078922e-01	2.676682964277908860e-01	1.642791101055944281e-01	7.764426902409969633e-02	3.186091214843047442e-02	8.771817478641835697e-02
1.383602281105411066e+03	2.195678615823180302e-01	1.508128932894796381e-01	2.678294817033102238e-01	1.643973786353240818e-01	7.769661113007161890e-02	3.188544941301280078e-02	8.781032424611484588e-02
1.386021166212238768e+03	2.192832904200900657e-01	1.506502777416052485e-01	2.679901829958797332e-01	1.645152954015327296e-01	7.774879678826285279e-02	3.190991895577188764e-02	8.790223769648877750e-02
1.388440051319066470e+03	2.189996113514036391e-01	1.504880622352594566e-01	2.681504018640961107e-01	1.646328613815267183e-01	7.780082645839461741e-02	3.193432098399176522e-02	8.799391572495897373e-02
1.390858936425893944e+03	2.187168216057218950e-01	1.503262457619123915e-01	2.683101398586554831e-01	1.647500775523532135e-01	7.785270059920523789e-02	3.195865570431435237e-02	8.808535891746882562e-02
1.393277821532721646e+03	2.184349184211437367e-01	1.501648273156225566e-01	2.684693985224779200e-01	1.648669448907154056e-01	7.790441966844012522e-02	3.198292332274148275e-02	8.817656785849009582e-02
1.395696706639549120e+03	2.181538990443747383e-01	1.500038058930303064e-01	2.686281793908294468e-01	1.649834643728909367e-01	7.795598412284235335e-02	3.200712404463686156e-02	8.826754313102663785e-02
1.398115591746377049e+03	2.178737607306979740e-01	1.498431804933507139e-01	2.687864839914398951e-01	1.650996369746529358e-01	7.800739441814349973e-02	3.203125807472807784e-02	8.835828531661818475e-02
1.400534476853204296e+03	2.175945007439452905e-01	1.496829501183669087e-01	2.689443138446173109e-01	1.652154636711941071e-01	7.805865100905499954e-02	3.205532561710857514e-02	8.844879499534406830e-02
1.402953361960032225e+03	2.173161163564685250e-01	1.495231137724233883e-01	2.691016704633596990e-01	1.653309454370532339e-01	7.810975434925987448e-02	3.207932687523964294e-02	8.853907274582689668e-02
1.405372247066859927e+03	2.170386048491110553e-01	1.493636704624190792e-01	2.692585553534632137e-01	1.654460832460444286e-01	7.816070489140479471e-02	3.210326205195235261e-02	8.862911914523634305e-02
1.407791132173687402e+03	2.167619635111794341e-01	1.492046191978008141e-01	2.694149700136270753e-01	1.655608780711889383e-01	7.821150308709262644e-02	3.212713134944952809e-02	8.871893476929278155e-02
1.410210017280515103e+03	2.164861896404151609e-01	1.490459589905564486e-01	2.695709159355563767e-01	1.656753308846493078e-01	7.826214938687520162e-02	3.215093496930770262e-02	8.880852019227102045e-02
1.412628902387342805e+03	2.162112805429665940e-01	1.488876888552082278e-01	2.697263946040607263e-01	1.657894426576659863e-01	7.831264424024655946e-02	3.217467311247907552e-02	8.889787598700399363e-02
1.415047787494170507e+03	2.159372335333611392e-01	1.487298078088061526e-01	2.698814074971515597e-01	1.659032143604959875e-01	7.836298809563643775e-02	3.219834597929343428e-02	8.898700272488643814e-02
1.417466672600997981e+03	2.156640459344774663e-01	1.485723148709212627e-01	2.700359560861355090e-01	1.660166469623541585e-01	7.841318140040415274e-02	3.222195376946010437e-02	8.907590097587850253e-02
1.419885557707825683e+03	2.153917150775178924e-01	1.484152090636391419e-01	2.701900418357059408e-01	1.661297414313561982e-01	7.846322460083271499e-02	3.224549668206986436e-02	8.916457130850949375e-02
1.422304442814653157e+03	2.151202383019809317e-01	1.482584894115530627e-01	2.703436662040316074e-01	1.662424987344639782e-01	7.851311814212338924e-02	3.226897491559687497e-02	8.925301428988142993e-02
1.424723327921481086e+03	2.148496129556339840e-01	1.481021549417575744e-01	2.704968306428431335e-01	1.663549198374328630e-01	7.856286246839037923e-02	3.229238866790060808e-02	8.934123048567275960e-02
1.427142213028308333e+03	2.145798363944863008e-01	1.479462046838419531e-01	2.706495365975167267e-01	1.664670057047607787e-01	7.861245802265592886e-02	3.231573813622772018e-02	8.942922046014194215e-02
1.429561098135136262e+03	2.143109059827617013e-01	1.477906376698834845e-01	2.708017855071560565e-01	1.665787572996394461e-01	7.866190524684560370e-02	3.233902351721398144e-02	8.951698477613108385e-02
1.431979983241963964e+03	2.140428190928718166e-01	1.476354529344411082e-01	2.709535788046715243e-01	1.666901755839071686e-01	7.871120458178393342e-02	3.236224500688618388e-02	8.960452399506955989e-02
1.434398868348791666e+03	2.137755731053893882e-01	1.474806495145487839e-01	2.711049179168578682e-01	1.668012615180035352e-01	7.876035646719024841e-02	3.238540280066399407e-02	8.969183867697755330e-02
1.436817753455619140e+03	2.135091654090215396e-01	1.473262264497089968e-01	2.712558042644686584e-01	1.669120160609257608e-01	7.880936134167479401e-02	3.240849709336186824e-02	8.977892938046971860e-02
1.439236638562446842e+03	2.132435934005832978e-01	1.471721827818863459e-01	2.714062392622901831e-01	1.670224401701868033e-01	7.885821964273505291e-02	3.243152807919092578e-02	8.986579666275874845e-02
1.441655523669274316e+03	2.129788544849712251e-01	1.470185175555010493e-01	2.715562243192123359e-01	1.671325348017748125e-01	7.890693180675234508e-02	3.245449595176081586e-02	8.995244107965889857e-02
1.444074408776102018e+03	2.127149460751371901e-01	1.468652298174223936e-01	2.717057608382977274e-01	1.672423009101143832e-01	7.895549826898862200e-02	3.247740090408158392e-02	9.003886318558959601e-02
1.446493293882929493e+03	2.124518655920622223e-01	1.467123186169625448e-01	2.718548502168495196e-01	1.673517394480291964e-01	7.900391946358348294e-02	3.250024312856552439e-02	9.012506353357899180e-02
1.448912178989757422e+03	2.121896104647305326e-01	1.465597830058699425e-01	2.720034938464769292e-01	1.674608513667061316e-01	7.905219582355139940e-02	3.252302281702906805e-02	9.021104267526745824e-02
1.451331064096585123e+03	2.119281781301036449e-01	1.464076220383230265e-01	2.721516931131592321e-01	1.675696376156606271e-01	7.910032778077918936e-02	3.254574016069457926e-02	9.029680116091119702e-02
1.453749949203412370e+03	2.116675660330946118e-01	1.462558347709237150e-01	2.722994493973079355e-01	1.676780991427037348e-01	7.914831576602358865e-02	3.256839535019225018e-02	9.038233953938569487e-02
1.456168834310240300e+03	2.114077716265423679e-01	1.461044202626912980e-01	2.724467640738274521e-01	1.677862368939100901e-01	7.919616020890915542e-02	3.259098857556189804e-02	9.046765835818927626e-02
1.458587719417068001e+03	2.111487923711862225e-01	1.459533775750558870e-01	2.725936385121743299e-01	1.678940518135874915e-01	7.924386153792623011e-02	3.261352002625481084e-02	9.055275816344660056e-02
1.461006604523895703e+03	2.108906257356404912e-01	1.458027057718521979e-01	2.727400740764146514e-01	1.680015448442474246e-01	7.929142018042907580e-02	3.263598989113557919e-02	9.063763949991220092e-02
1.463425489630723177e+03	2.106332691963690995e-01	1.456524039193132225e-01	2.728860721252801547e-01	1.681087169265770287e-01	7.933883656263431006e-02	3.265839835848390049e-02	9.072230291097388433e-02
1.465844374737550879e+03	2.103767202376604639e-01	1.455024710860639559e-01	2.730316340122230789e-01	1.682155689994120074e-01	7.938611110961943385e-02	3.268074561599641076e-02	9.080674893865629815e-02
1.468263259844378354e+03	2.101209763516023732e-01	1.453529063431151791e-01	2.731767610854691219e-01	1.683221019997107326e-01	7.943324424532144379e-02	3.270303185078846792e-02	9.089097812362434414e-02
1.470682144951206283e+03	2.098660350380570916e-01	1.452037087638571589e-01	2.733214546880695650e-01	1.684283168625294869e-01	7.948023639253569417e-02	3.272525724939598368e-02	9.097499100518667559e-02
1.473101030058033530e+03	2.096118938046364344e-01	1.450548774240534300e-01	2.734657161579518991e-01	1.685342145209986209e-01	7.952708797291495324e-02	3.274742199777717910e-02	9.105878812129913902e-02
1.475519915164861459e+03	2.093585501666770377e-01	1.449064114018346061e-01	2.736095468279691190e-01	1.686397959062998497e-01	7.957379940696845955e-02	3.276952628131441642e-02	9.114237000856821591e-02
1.477938800271689161e+03	2.091060016472156835e-01	1.447583097776921346e-01	2.737529480259479620e-01	1.687450619476443536e-01	7.962037111406118639e-02	3.279157028481596153e-02	9.122573720225445049e-02
1.480357685378516862e+03	2.088542457769647920e-01	1.446105716344722458e-01	2.738959210747357043e-01	1.688500135722520168e-01	7.966680351241334224e-02	3.281355419251776040e-02	9.130889023627587753e-02
1.482776570485344337e+03	2.086032800942879684e-01	1.444631960573696250e-01	2.740384672922461240e-01	1.689546517053315544e-01	7.971309701909978784e-02	3.283547818808522228e-02	9.139182964321146407e-02
