1.001418434226643626e+03	2.778934498888128157e-01	1.822653772572287723e-01	2.347933899432391169e-01	1.409676239578779300e-01	6.721609312888174315e-02	2.693320719319719156e-02	6.993085863039168182e-02
1.002869765290740247e+03	2.776141405221496661e-01	1.821200643536174946e-01	2.349587383600551527e-01	1.410732276055733092e-01	6.726551523914987840e-02	2.695386634910484219e-02	7.001444756997891872e-02
1.004321096354836754e+03	2.773353568590443685e-01	1.819749701230060634e-01	2.351236166371948322e-01	1.411787908639833278e-01	6.731486679874992829e-02	2.697449072147504665e-02	7.009790799617572621e-02
1.005772427418933376e+03	2.770570978426418196e-01	1.818300942203168735e-01	2.352880290478812919e-01	1.412843109136059649e-01	6.736414749703641125e-02	2.699508037456694806e-02	7.018124010358001152e-02
1.007223758483029997e+03	2.767793624196821511e-01	1.816854363011926599e-01	2.354519797865536890e-01	1.413897849916277982e-01	6.741335704157451481e-02	2.701563537251224292e-02	7.026444408648628570e-02
1.008675089547126618e+03	2.765021495404593743e-01	1.815409960219928620e-01	2.356154729708676843e-01	1.414952103914182413e-01	6.746249515668929775e-02	2.703615577931559738e-02	7.034752013888628808e-02
1.010126420611223239e+03	2.762254581587814672e-01	1.813967730397899880e-01	2.357785126436006684e-01	1.416005844619605269e-01	6.751156158217219705e-02	2.705664165885503236e-02	7.043046845446952753e-02
1.011577751675319632e+03	2.759492872319307954e-01	1.812527670123657564e-01	2.359411027744708067e-01	1.417059046072294271e-01	6.756055607212653469e-02	2.707709307488233644e-02	7.051328922662387921e-02
1.013029082739416367e+03	2.756736357206258647e-01	1.811089775982073491e-01	2.361032472618766753e-01	1.418111682855242861e-01	6.760947839393577352e-02	2.709751009102345093e-02	7.059598264843616744e-02
1.014480413803512761e+03	2.753985025889841287e-01	1.809654044565035536e-01	2.362649499345647885e-01	1.419163730087651121e-01	6.765832832734038071e-02	2.711789277077885502e-02	7.067854891269274853e-02
1.015931744867609382e+03	2.751238868044850738e-01	1.808220472471410711e-01	2.364262145532304848e-01	1.420215163417582194e-01	6.770710566361062832e-02	2.713824117752396126e-02	7.076098821188006593e-02
1.017383075931706003e+03	2.748497873379349699e-01	1.806789056307003538e-01	2.365870448120579450e-01	1.421265959014373359e-01	6.775581020480421490e-02	2.715855537450948681e-02	7.084330073818526086e-02
1.018834406995802851e+03	2.745762031634312317e-01	1.805359792684519404e-01	2.367474443402035889e-01	1.422316093560853367e-01	6.780444176309896598e-02	2.717883542486183857e-02	7.092548668349668572e-02
1.020285738059899245e+03	2.743031332583286130e-01	1.803932678223526820e-01	2.369074167032274858e-01	1.423365544245408509e-01	6.785300016019202296e-02	2.719908139158347393e-02	7.100754623940450094e-02
1.021737069123995752e+03	2.740305766032055113e-01	1.802507709550416892e-01	2.370669654044762209e-01	1.424414288753938773e-01	6.790148522675777676e-02	2.721929333755327904e-02	7.108947959720124388e-02
1.023188400188092373e+03	2.737585321818314377e-01	1.801084883298366690e-01	2.372260938864206581e-01	1.425462305261736284e-01	6.794989680195792636e-02	2.723947132552694342e-02	7.117128694788234233e-02
1.024639731252188767e+03	2.734869989811344326e-01	1.799664196107300385e-01	2.373848055319519312e-01	1.426509572425314620e-01	6.799823473299772270e-02	2.725961541813730349e-02	7.125296848214675294e-02
1.026091062316285615e+03	2.732159759911697017e-01	1.798245644623851780e-01	2.375431036656377171e-01	1.427556069374217584e-01	6.804649887472306868e-02	2.727972567789471725e-02	7.133452439039747461e-02
1.027542393380382237e+03	2.729454622050889179e-01	1.796829225501327676e-01	2.377009915549418151e-01	1.428601775702825760e-01	6.809468908925406239e-02	2.729980216718741817e-02	7.141595486274204818e-02
1.028993724444478858e+03	2.726754566191098017e-01	1.795414935399668732e-01	2.378584724114088944e-01	1.429646671462183605e-01	6.814280524565063946e-02	2.731984494828186213e-02	7.149726008899320862e-02
1.030445055508575479e+03	2.724059582324862561e-01	1.794002770985414774e-01	2.380155493918165999e-01	1.430690737151859016e-01	6.819084721960695650e-02	2.733985408332307784e-02	7.157844025866937077e-02
1.031896386572671872e+03	2.721369660474795005e-01	1.792592728931668156e-01	2.381722255992964055e-01	1.431733953711855634e-01	6.823881489317119853e-02	2.735982963433501725e-02	7.165949556099515672e-02
1.033347717636768493e+03	2.718684790693293163e-01	1.791184805918056566e-01	2.383285040844254354e-01	1.432776302514583155e-01	6.828670815448806275e-02	2.737977166322090941e-02	7.174042618490199252e-02
1.034799048700865114e+03	2.716004963062260691e-01	1.789778998630698337e-01	2.384843878462899469e-01	1.433817765356901752e-01	6.833452689756144838e-02	2.739968023176357279e-02	7.182123231902859395e-02
1.036250379764961508e+03	2.713330167692832862e-01	1.788375303762167745e-01	2.386398798335225002e-01	1.434858324452247258e-01	6.838227102203504881e-02	2.741955540162577948e-02	7.190191415172157707e-02
1.037701710829058356e+03	2.710660394725104005e-01	1.786973718011459211e-01	2.387949829453135941e-01	1.435897962422841012e-01	6.842994043298918083e-02	2.743939723435057793e-02	7.198247187103590239e-02
1.039153041893154750e+03	2.707995634327865497e-01	1.785574238083953713e-01	2.389497000323990705e-01	1.436936662291998512e-01	6.847753504075182462e-02	2.745920579136162942e-02	7.206290566473545767e-02
1.040604372957251599e+03	2.705335876698342079e-01	1.784176860691384647e-01	2.391040338980241209e-01	1.437974407476532712e-01	6.852505476072259794e-02	2.747898113396352385e-02	7.214321572029359919e-02
1.042055704021347992e+03	2.702681112061938729e-01	1.782781582551804245e-01	2.392579872988849776e-01	1.439011181779264736e-01	6.857249951320819326e-02	2.749872332334213007e-02	7.222340222489366524e-02
1.043507035085444613e+03	2.700031330671989749e-01	1.781388400389551374e-01	2.394115629460491779e-01	1.440046969381638120e-01	6.861986922326820948e-02	2.751843242056489780e-02	7.230346536542948954e-02
1.044958366149541234e+03	2.697386522809511189e-01	1.779997310935219068e-01	2.395647635058548719e-01	1.441081754836444351e-01	6.866716382057024004e-02	2.753810848658119065e-02	7.238340532850592868e-02
1.046409697213637855e+03	2.694746678782959370e-01	1.778608310925620384e-01	2.397175916007904251e-01	1.442115523060659710e-01	6.871438323925335712e-02	2.755775158222259838e-02	7.246322230043938939e-02
1.047861028277734476e+03	2.692111788927992744e-01	1.777221397103759259e-01	2.398700498103543965e-01	1.443148259328394245e-01	6.876152741779908983e-02	2.757736176820325263e-02	7.254291646725835596e-02
1.049312359341831097e+03	2.689481843607238187e-01	1.775836566218797763e-01	2.400221406718970607e-01	1.444179949263956764e-01	6.880859629890932749e-02	2.759693910512014264e-02	7.262248801470388981e-02
1.050763690405927491e+03	2.686856833210062301e-01	1.774453815026026116e-01	2.401738666814436374e-01	1.445210578835032234e-01	6.885558982939035677e-02	2.761648365345343095e-02	7.270193712823014298e-02
1.052215021470024112e+03	2.684236748152347696e-01	1.773073140286832439e-01	2.403252302945000640e-01	1.446240134345975203e-01	6.890250796004247780e-02	2.763599547356675179e-02	7.278126399300488547e-02
1.053666352534120733e+03	2.681621578876265954e-01	1.771694538768671390e-01	2.404762339268416149e-01	1.447268602431220075e-01	6.894935064555482440e-02	2.765547462570751638e-02	7.286046879391001874e-02
1.055117683598217127e+03	2.679011315850065023e-01	1.770318007245036129e-01	2.406268799552852833e-01	1.448295970048802950e-01	6.899611784440473627e-02	2.767492117000723215e-02	7.293955171554206141e-02
1.056569014662313975e+03	2.676405949567854936e-01	1.768943542495429455e-01	2.407771707184454546e-01	1.449322224473999221e-01	6.904280951876153039e-02	2.769433516648179064e-02	7.301851294221264888e-02
1.058020345726410369e+03	2.673805470549396324e-01	1.767571141305332993e-01	2.409271085174744809e-01	1.450347353293075514e-01	6.908942563439407492e-02	2.771371667503176248e-02	7.309735265794908843e-02
1.059471676790506763e+03	2.671209869339891685e-01	1.766200800466180831e-01	2.410766956167877673e-01	1.451371344397153207e-01	6.913596616058201305e-02	2.773306575544270264e-02	7.317607104649481720e-02
1.060923007854603611e+03	2.668619136509788325e-01	1.764832516775331483e-01	2.412259342447739263e-01	1.452394185976183805e-01	6.918243107003023418e-02	2.775238246738544537e-02	7.325466829130987401e-02
1.062374338918700232e+03	2.666033262654573521e-01	1.763466287036039304e-01	2.413748265944906379e-01	1.453415866513035060e-01	6.922882033878656471e-02	2.777166687041639562e-02	7.333314457557148225e-02
1.063825669982796853e+03	2.663452238394580229e-01	1.762102108057428951e-01	2.415233748243459655e-01	1.454436374777685892e-01	6.927513394616212350e-02	2.779091902397781699e-02	7.341150008217449396e-02
1.065277001046893474e+03	2.660876054374793354e-01	1.760739976654466799e-01	2.416715810587664326e-01	1.455455699821530391e-01	6.932137187465442496e-02	2.781013898739812321e-02	7.348973499373186169e-02
1.066728332110990095e+03	2.658304701264663228e-01	1.759379889647936235e-01	2.418194473888511664e-01	1.456473830971786176e-01	6.936753410987289703e-02	2.782932681989215562e-02	7.356784949257516582e-02
1.068179663175086489e+03	2.655738169757914657e-01	1.758021843864410738e-01	2.419669758730129960e-01	1.457490757826010730e-01	6.941362064046674440e-02	2.784848258056147816e-02	7.364584376075510030e-02
1.069630994239183110e+03	2.653176450572368172e-01	1.756665836136228342e-01	2.421141685376068386e-01	1.458506470246719311e-01	6.945963145805496286e-02	2.786760632839465832e-02	7.372371798004195842e-02
1.071082325303279504e+03	2.650619534449755732e-01	1.755311863301466657e-01	2.422610273775453460e-01	1.459520958356104459e-01	6.950556655715831034e-02	2.788669812226753780e-02	7.380147233192613232e-02
1.072533656367376352e+03	2.648067412155546974e-01	1.753959922203917887e-01	2.424075543569022828e-01	1.460534212530858744e-01	6.955142593513330418e-02	2.790575802094352048e-02	7.387910699761855715e-02
1.073984987431472746e+03	2.645520074478773243e-01	1.752610009693064130e-01	2.425537514095039149e-01	1.461546223397093280e-01	6.959720959210799474e-02	2.792478608307383953e-02	7.395662215805121065e-02
1.075436318495569594e+03	2.642977512231856618e-01	1.751262122624052953e-01	2.426996204395086842e-01	1.462556981825355873e-01	6.964291753091932102e-02	2.794378236719785233e-02	7.403401799387764048e-02
1.076887649559666215e+03	2.640439716250440050e-01	1.749916257857674073e-01	2.428451633219752270e-01	1.463566478925743264e-01	6.968854975705231214e-02	2.796274693174327988e-02	7.411129468547338062e-02
1.078338980623762609e+03	2.637906677393225818e-01	1.748572412260335496e-01	2.429903819034193169e-01	1.464574706043108299e-01	6.973410627858067645e-02	2.798167983502650863e-02	7.418845241293647863e-02
1.079790311687859230e+03	2.635378386541807894e-01	1.747230582704039914e-01	2.431352780023595395e-01	1.465581654752359242e-01	6.977958710610895898e-02	2.800058113525284373e-02	7.426549135608791208e-02
1.081241642751955851e+03	2.632854834600513172e-01	1.745890766066362232e-01	2.432798534098524201e-01	1.466587316853850964e-01	6.982499225271596166e-02	2.801945089051678314e-02	7.434241169447211584e-02
1.082692973816052472e+03	2.630336012496244935e-01	1.744552959230427081e-01	2.434241098900169209e-01	1.467591684368863003e-01	6.987032173389977341e-02	2.803828915880227785e-02	7.441921360735746782e-02
1.084144304880149093e+03	2.627821911178327419e-01	1.743217159084885504e-01	2.435680491805484182e-01	1.468594749535168109e-01	6.991557556752384106e-02	2.805709599798299550e-02	7.449589727373669146e-02
1.085595635944245487e+03	2.625312521618350381e-01	1.741883362523894141e-01	2.437116729932227444e-01	1.469596504802684056e-01	6.996075377376442805e-02	2.807587146582258414e-02	7.457246287232738302e-02
1.087046967008342108e+03	2.622807834810024219e-01	1.740551566447093024e-01	2.438549830143902919e-01	1.470596942829213716e-01	7.000585637505926662e-02	2.809461561997494278e-02	7.464891058157244186e-02
1.088498298072438729e+03	2.620307841769026758e-01	1.739221767759583648e-01	2.439979809054602378e-01	1.471596056476263958e-01	7.005088339605733405e-02	2.811332851798446428e-02	7.472524057964058386e-02
1.089949629136535123e+03	2.617812533532861141e-01	1.737893963371908990e-01	2.441406683033754133e-01	1.472593838804948096e-01	7.009583486356971149e-02	2.813201021728630249e-02	7.480145304442677168e-02
1.091400960200631971e+03	2.615321901160712614e-01	1.736568150200031579e-01	2.442830468210777650e-01	1.473590283071969376e-01	7.014071080652166390e-02	2.815066077520662555e-02	7.487754815355265881e-02
1.092852291264728365e+03	2.612835935733306969e-01	1.735244325165313239e-01	2.444251180479645180e-01	1.474585382725679406e-01	7.018551125590559436e-02	2.816928024896287602e-02	7.495352608436711694e-02
1.094303622328825213e+03	2.610354628352771211e-01	1.733922485194494822e-01	2.445668835503358729e-01	1.475579131402217914e-01	7.023023624473516413e-02	2.818786869566401038e-02	7.502938701394661070e-02
1.095754953392921607e+03	2.607877970142499779e-01	1.732602627219676228e-01	2.447083448718332388e-01	1.476571522921724666e-01	7.027488580800027307e-02	2.820642617231076260e-02	7.510513111909575268e-02
1.097206284457018228e+03	2.605405952247017431e-01	1.731284748178296140e-01	2.448495035338694448e-01	1.477562551284626047e-01	7.031945998262309483e-02	2.822495273579588362e-02	7.518075857634766435e-02
1.098657615521114849e+03	2.602938565831849904e-01	1.729968845013113155e-01	2.449903610360501249e-01	1.478552210667996858e-01	7.036395880741500020e-02	2.824344844290440845e-02	7.525626956196451722e-02
1.100108946585211470e+03	2.600475802083392352e-01	1.728654914672186071e-01	2.451309188565871100e-01	1.479540495421988733e-01	7.040838232303439637e-02	2.826191335031388169e-02	7.533166425193792148e-02
1.101560277649308091e+03	2.598017652208781669e-01	1.727342954108854467e-01	2.452711784527035754e-01	1.480527400066333765e-01	7.045273057194539890e-02	2.828034751459462121e-02	7.540694282198942555e-02
1.103011608713404712e+03	2.595564107435770484e-01	1.726032960281720097e-01	2.454111412610313625e-01	1.481512919286912533e-01	7.049700359837746122e-02	2.829875099220994020e-02	7.548210544757094631e-02
1.104462939777501106e+03	2.593115159012603366e-01	1.724724930154629132e-01	2.455508086980002780e-01	1.482497047932390954e-01	7.054120144828572581e-02	2.831712383951641432e-02	7.555715230386519932e-02
1.105914270841597499e+03	2.590670798207895253e-01	1.723418860696652455e-01	2.456901821602201497e-01	1.483479781010923759e-01	7.058532416931236064e-02	2.833546611276410720e-02	7.563208356578618452e-02
1.107365601905694348e+03	2.588231016310509336e-01	1.722114748882069279e-01	2.458292630248549993e-01	1.484461113686922074e-01	7.062937181074842308e-02	2.835377786809682027e-02	7.570689940797963036e-02
1.108816932969790741e+03	2.585795804629441030e-01	1.720812591690346616e-01	2.459680526499901931e-01	1.485441041277884011e-01	7.067334442349680612e-02	2.837205916155232516e-02	7.578160000482342396e-02
1.110268264033887590e+03	2.583365154493700855e-01	1.719512386106123725e-01	2.461065523749923212e-01	1.486419559251287992e-01	7.071724206003568436e-02	2.839031004906260314e-02	7.585618553042804135e-02
1.111719595097984211e+03	2.580939057252198410e-01	1.718214129119194911e-01	2.462447635208619701e-01	1.487396663221546289e-01	7.076106477438291742e-02	2.840853058645408449e-02	7.593065615863704709e-02
1.113170926162080832e+03	2.578517504273630800e-01	1.716917817724490369e-01	2.463826873905796133e-01	1.488372348947019919e-01	7.080481262206102244e-02	2.842672082944788098e-02	7.600501206302746893e-02
1.114622257226177226e+03	2.576100486946368839e-01	1.715623448922059813e-01	2.465203252694448954e-01	1.489346612327091257e-01	7.084848566006289594e-02	2.844488083366001480e-02	7.607925341691028354e-02
1.116073588290273847e+03	2.573687996678351575e-01	1.714331019717057203e-01	2.466576784254089771e-01	1.490319449399294116e-01	7.089208394681828507e-02	2.846301065460166146e-02	7.615338039333084674e-02
1.117524919354370468e+03	2.571280024896975824e-01	1.713040527119721324e-01	2.467947481094007467e-01	1.491290856336499882e-01	7.093560754216089725e-02	2.848111034767938227e-02	7.622739316506932372e-02
1.118976250418467089e+03	2.568876563048987927e-01	1.711751968145362179e-01	2.469315355556464253e-01	1.492260829444160275e-01	7.097905650729613436e-02	2.849917996819533589e-02	7.630129190464111921e-02
1.120427581482563710e+03	2.566477602600382713e-01	1.710465339814342400e-01	2.470680419819828444e-01	1.493229365157602850e-01	7.102243090476953458e-02	2.851721957134753516e-02	7.637507678429734936e-02
1.121878912546660331e+03	2.564083135036296923e-01	1.709180639152062253e-01	2.472042685901648940e-01	1.494196460039380614e-01	7.106573079843583884e-02	2.853522921223004827e-02	7.644874797602524419e-02
1.123330243610756725e+03	2.561693151860910955e-01	1.707897863188944099e-01	2.473402165661666985e-01	1.495162110776672992e-01	7.110895625342865400e-02	2.855320894583324512e-02	7.652230565154860553e-02
1.124781574674853118e+03	2.559307644597345610e-01	1.706617008960415460e-01	2.474758870804770750e-01	1.496126314178739813e-01	7.115210733613075433e-02	2.857115882704401588e-02	7.659574998232818177e-02
1.126232905738949967e+03	2.556926604787562729e-01	1.705338073506894314e-01	2.476112812883891345e-01	1.497089067174421917e-01	7.119518411414495207e-02	2.858907891064599305e-02	7.666908113956218129e-02
1.127684236803046360e+03	2.554550023992271934e-01	1.704061053873773823e-01	2.477464003302842221e-01	1.498050366809694500e-01	7.123818665626559243e-02	2.860696925131978388e-02	7.674229929418664720e-02
1.129135567867143209e+03	2.552177893790829599e-01	1.702785947111406517e-01	2.478812453319104159e-01	1.499010210245265984e-01	7.128111503245057601e-02	2.862482990364318552e-02	7.681540461687588750e-02
1.130586898931239830e+03	2.549810205781148920e-01	1.701512750275090413e-01	2.480158174046553921e-01	1.499968594754226836e-01	7.132396931379393623e-02	2.864266092209140704e-02	7.688839727804296087e-02
1.132038229995336451e+03	2.547446951579603880e-01	1.700241460425052364e-01	2.481501176458142666e-01	1.500925517719740865e-01	7.136674957249902751e-02	2.866046236103729147e-02	7.696127744784003744e-02
1.133489561059432845e+03	2.545088122820937659e-01	1.698972074626435014e-01	2.482841471388518573e-01	1.501880976632786469e-01	7.140945588185219906e-02	2.867823427475153439e-02	7.703404529615882901e-02
1.134940892123529466e+03	2.542733711158173260e-01	1.697704589949281528e-01	2.484179069536600615e-01	1.502834969089938688e-01	7.145208831619703771e-02	2.869597671740290595e-02	7.710670099263106092e-02
1.136392223187626087e+03	2.540383708262521911e-01	1.696439003468520890e-01	2.485513981468101541e-01	1.503787492791196223e-01	7.149464695090901323e-02	2.871368974305846949e-02	7.717924470662886061e-02
1.137843554251722708e+03	2.538038105823298696e-01	1.695175312263954015e-01	2.486846217618001453e-01	1.504738545537852024e-01	7.153713186237078969e-02	2.873137340568378967e-02	7.725167660726517393e-02
1.139294885315819101e+03	2.535696895547832064e-01	1.693913513420240713e-01	2.488175788292972812e-01	1.505688125230404406e-01	7.157954312794796714e-02	2.874902775914315797e-02	7.732399686339420930e-02
1.140746216379915950e+03	2.533360069161380568e-01	1.692653604026883862e-01	2.489502703673759365e-01	1.506636229866510635e-01	7.162188082596525340e-02	2.876665285719980092e-02	7.739620564361184007e-02
1.142197547444012343e+03	2.531027618407047375e-01	1.691395581178216367e-01	2.490826973817507339e-01	1.507582857538979637e-01	7.166414503568314942e-02	2.878424875351608819e-02	7.746830311625604870e-02
1.143648878508108737e+03	2.528699535045696445e-01	1.690139441973387835e-01	2.492148608660051390e-01	1.508528006433805801e-01	7.170633583727517579e-02	2.880181550165376164e-02	7.754028944940730139e-02
1.145100209572205586e+03	2.526375810855872595e-01	1.688885183516351252e-01	2.493467618018156140e-01	1.509471674828238297e-01	7.174845331180540464e-02	2.881935315507413303e-02	7.761216481088900609e-02
1.146551540636302207e+03	2.524056437633718786e-01	1.687632802915849106e-01	2.494784011591714978e-01	1.510413861088892862e-01	7.179049754120660209e-02	2.883686176713830610e-02	7.768392936826788719e-02
1.148002871700398828e+03	2.521741407192895079e-01	1.686382297285400067e-01	2.496097798965904724e-01	1.511354563669898565e-01	7.183246860825867608e-02	2.885434139110738122e-02	7.775558328885449899e-02
1.149454202764495449e+03	2.519430711364503694e-01	1.685133663743286214e-01	2.497408989613297270e-01	1.512293781111079261e-01	7.187436659656765148e-02	2.887179208014265669e-02	7.782712673970347550e-02
1.150905533828591842e+03	2.517124341997006853e-01	1.683886899412539717e-01	2.498717592895934037e-01	1.513231512036174176e-01	7.191619159054497834e-02	2.888921388730584724e-02	7.789855988761408556e-02
1.152356864892688463e+03	2.514822290956154061e-01	1.682642001420930344e-01	2.500023618067355180e-01	1.514167755151091810e-01	7.195794367538733971e-02	2.890660686555929920e-02	7.796988289913059367e-02
1.153808195956785084e+03	2.512524550124903278e-01	1.681398966900952974e-01	2.501327074274591888e-01	1.515102509242198803e-01	7.199962293705684802e-02	2.892397106776617433e-02	7.804109594054266241e-02
1.155259527020881706e+03	2.510231111403348203e-01	1.680157792989814547e-01	2.502627970560120652e-01	1.516035773174641554e-01	7.204122946226153290e-02	2.894130654669066841e-02	7.811219917788576883e-02
1.156710858084978327e+03	2.507941966708642223e-01	1.678918476829421025e-01	2.503926315863776453e-01	1.516967545890702540e-01	7.208276333843635642e-02	2.895861335499822636e-02	7.818319277694163461e-02
1.158162189149074720e+03	2.505657107974929576e-01	1.677681015566366007e-01	2.505222119024632099e-01	1.517897826408187989e-01	7.212422465372458902e-02	2.897589154525572613e-02	7.825407690323858689e-02
1.159613520213171569e+03	2.503376527153268194e-01	1.676445406351918521e-01	2.506515388782838416e-01	1.518826613818847759e-01	7.216561349695947702e-02	2.899314116993170071e-02	7.832485172205201629e-02
1.161064851277267962e+03	2.501100216211564198e-01	1.675211646342010530e-01	2.507806133781429470e-01	1.519753907286824357e-01	7.220692995764632638e-02	2.901036228139652548e-02	7.839551739840477929e-02
1.162516182341364356e+03	2.498828167134498901e-01	1.673979732697224720e-01	2.509094362568092818e-01	1.520679706047137481e-01	7.224817412594498889e-02	2.902755493192262989e-02	7.846607409706751746e-02
1.163967513405461204e+03	2.496560371923460253e-01	1.672749662582782015e-01	2.510380083596904788e-01	1.521604009404193270e-01	7.228934609265261213e-02	2.904471917368469519e-02	7.853652198255922645e-02
1.165418844469557826e+03	2.494296822596474561e-01	1.671521433168532134e-01	2.511663305230032450e-01	1.522526816730325194e-01	7.233044594918677794e-02	2.906185505875985911e-02	7.860686121914747804e-02
1.166870175533654447e+03	2.492037511188140153e-01	1.670295041628939436e-01	2.512944035739403392e-01	1.523448127464364366e-01	7.237147378756902949e-02	2.907896263912789978e-02	7.867709197084896133e-02
1.168321506597751068e+03	2.489782429749559101e-01	1.669070485143071825e-01	2.514222283308339967e-01	1.524367941110236491e-01	7.241242970040866200e-02	2.909604196667145773e-02	7.874721440142980200e-02
1.169772837661847461e+03	2.487531570348272547e-01	1.667847760894590747e-01	2.515498056033164676e-01	1.525286257235587972e-01	7.245331378088683272e-02	2.911309309317621635e-02	7.881722867440599245e-02
1.171224168725944082e+03	2.485284925068196871e-01	1.666626866071737600e-01	2.516771361924773354e-01	1.526203075470438375e-01	7.249412612274104550e-02	2.913011607033110656e-02	7.888713495304380818e-02
1.172675499790040703e+03	2.483042486009557626e-01	1.665407797867324846e-01	2.518042208910177826e-01	1.527118395505858983e-01	7.253486682024995469e-02	2.914711094972850108e-02	7.895693340036016861e-02
1.174126830854137097e+03	2.480804245288827647e-01	1.664190553478722689e-01	2.519310604834018585e-01	1.528032217092678557e-01	7.257553596821832154e-02	2.916407778286441224e-02	7.902662417912308113e-02
1.175578161918233945e+03	2.478570195038663770e-01	1.662975130107849087e-01	2.520576557460046385e-01	1.528944540040214906e-01	7.261613366196253971e-02	2.918101662113868622e-02	7.909620745185200197e-02
1.177029492982330339e+03	2.476340327407845487e-01	1.661761524961158365e-01	2.521840074472577187e-01	1.529855364215028657e-01	7.265665999729621627e-02	2.919792751585519042e-02	7.916568338081822476e-02
1.178480824046426733e+03	2.474114634561214165e-01	1.660549735249630954e-01	2.523101163477920461e-01	1.530764689539705903e-01	7.269711507051612731e-02	2.921481051822202510e-02	7.923505212804532460e-02
1.179932155110523581e+03	2.471893108679612538e-01	1.659339758188761726e-01	2.524359832005773074e-01	1.531672515991661931e-01	7.273749897838850675e-02	2.923166567935169685e-02	7.930431385530949118e-02
1.181383486174620202e+03	2.469675741959824478e-01	1.658131590998550009e-01	2.525616087510594299e-01	1.532578843601968832e-01	7.277781181813554323e-02	2.924849305026132329e-02	7.937346872413998666e-02
1.182834817238716823e+03	2.467462526614517260e-01	1.656925230903488200e-01	2.526869937372948072e-01	1.533483672454208357e-01	7.281805368742221007e-02	2.926529268187282040e-02	7.944251689581947884e-02
1.184286148302813444e+03	2.465253454872182726e-01	1.655720675132551778e-01	2.528121388900821387e-01	1.534387002683343659e-01	7.285822468434322019e-02	2.928206462501309337e-02	7.951145853138447128e-02
1.185737479366910065e+03	2.463048518977079548e-01	1.654517920919188756e-01	2.529370449330918258e-01	1.535288834474616837e-01	7.289832490741046667e-02	2.929880893041423434e-02	7.958029379162567807e-02
1.187188810431006686e+03	2.460847711189177167e-01	1.653316965501309133e-01	2.530617125829925929e-01	1.536189168062468691e-01	7.293835445554056052e-02	2.931552564871369587e-02	7.964902283708841235e-02
1.188640141495103080e+03	2.458651023784098610e-01	1.652117806121274624e-01	2.531861425495758322e-01	1.537088003729475127e-01	7.297831342804261823e-02	2.933221483045449565e-02	7.971764582807300270e-02
1.190091472559199701e+03	2.456458449053066095e-01	1.650920440025888947e-01	2.533103355358774511e-01	1.537985341805309658e-01	7.301820192460638237e-02	2.934887652608539690e-02	7.978616292463515391e-02
1.191542803623296322e+03	2.454269979302844962e-01	1.649724864466386720e-01	2.534342922382974428e-01	1.538881182665723102e-01	7.305802004529052263e-02	2.936551078596110267e-02	7.985457428658632173e-02
1.192994134687392716e+03	2.452085606855689826e-01	1.648531076698424025e-01	2.535580133467170150e-01	1.539775526731546329e-01	7.309776789051120049e-02	2.938211766034243971e-02	7.992288007349415691e-02
1.194445465751489564e+03	2.449905324049291844e-01	1.647339073982068969e-01	2.536814995446135534e-01	1.540668374467710489e-01	7.313744556103082828e-02	2.939869719939653889e-02	7.999108044468282441e-02
1.195896796815585958e+03	2.447729123236723481e-01	1.646148853581789750e-01	2.538047515091733097e-01	1.541559726382286388e-01	7.317705315794713339e-02	2.941524945319702947e-02	8.005917555923343365e-02
1.197348127879682352e+03	2.445556996786387438e-01	1.644960412766447722e-01	2.539277699114018128e-01	1.542449583025545246e-01	7.321659078268233367e-02	2.943177447172422995e-02	8.012716557598442702e-02
1.198799458943779200e+03	2.443388937081964751e-01	1.643773748809285729e-01	2.540505554162323376e-01	1.543337944989035815e-01	7.325605853697264580e-02	2.944827230486531458e-02	8.019505065353191298e-02
1.200250790007875821e+03	2.441224936522362887e-01	1.642588858987917844e-01	2.541731086826322095e-01	1.544224812904680388e-01	7.329545652285790469e-02	2.946474300241451114e-02	8.026283095023008241e-02
1.201702121071972442e+03	2.439064987521665229e-01	1.641405740584321871e-01	2.542954303637067759e-01	1.545110187443889671e-01	7.333478484267146047e-02	2.948118661407328825e-02	8.033050662419162491e-02
1.203153452136069063e+03	2.436909082509079727e-01	1.640224390884827965e-01	2.544175211068017695e-01	1.545994069316693753e-01	7.337404359903031137e-02	2.949760318945052195e-02	8.039807783328803414e-02
1.204604783200165684e+03	2.434757213928891162e-01	1.639044807180109475e-01	2.545393815536035054e-01	1.546876459270891124e-01	7.341323289482533376e-02	2.951399277806270038e-02	8.046554473515005190e-02
1.206056114264262078e+03	2.432609374240409517e-01	1.637866986765175170e-01	2.546610123402369141e-01	1.547757358091214619e-01	7.345235283321177588e-02	2.953035542933408336e-02	8.053290748716804281e-02
1.207507445328358699e+03	2.430465555917923626e-01	1.636690926939357305e-01	2.547824140973622420e-01	1.548636766598512626e-01	7.349140351759995970e-02	2.954669119259690016e-02	8.060016624649232742e-02
1.208958776392455093e+03	2.428325751450650383e-01	1.635516625006303848e-01	2.549035874502692534e-01	1.549514685648949175e-01	7.353038505164613547e-02	2.956300011709151951e-02	8.066732117003359848e-02
1.210410107456551941e+03	2.426189953342688943e-01	1.634344078273969603e-01	2.550245330189698234e-01	1.550391116133216229e-01	7.356929753924351667e-02	2.957928225196664387e-02	8.073437241446332346e-02
1.211861438520648335e+03	2.424058154112973262e-01	1.633173284054605379e-01	2.551452514182891984e-01	1.551266058975765416e-01	7.360814108451360638e-02	2.959553764627947253e-02	8.080132013621402209e-02
1.213312769584745183e+03	2.421930346295224357e-01	1.632004239664751333e-01	2.552657432579548136e-01	1.552139515134051961e-01	7.364691579179750980e-02	2.961176634899589585e-02	8.086816449147977981e-02
1.214764100648841804e+03	2.419806522437904783e-01	1.630836942425224478e-01	2.553860091426834455e-01	1.553011485597795838e-01	7.368562176564756594e-02	2.962796840899065837e-02	8.093490563621651146e-02
1.216215431712937971e+03	2.417686675104172012e-01	1.629671389661113967e-01	2.555060496722674213e-01	1.553881971388255401e-01	7.372425911081914585e-02	2.964414387504755305e-02	8.100154372614239151e-02
1.217666762777034819e+03	2.415570796871834014e-01	1.628507578701769154e-01	2.556258654416582732e-01	1.554750973557517679e-01	7.376282793226254797e-02	2.966029279585959133e-02	8.106807891673820099e-02
1.219118093841131440e+03	2.413458880333303469e-01	1.627345506880790993e-01	2.557454570410491734e-01	1.555618493187800322e-01	7.380132833511511559e-02	2.967641522002917656e-02	8.113451136324774382e-02
1.220569424905228061e+03	2.411350918095553353e-01	1.626185171536024543e-01	2.558648250559559245e-01	1.556484531390770754e-01	7.383976042469352075e-02	2.969251119606828096e-02	8.120084122067815213e-02
1.222020755969324682e+03	2.409246902780073918e-01	1.625026570009548421e-01	2.559839700672958962e-01	1.557349089306874490e-01	7.387812430648614537e-02	2.970858077239863990e-02	8.126706864380033035e-02
1.223472087033421303e+03	2.407146827022827451e-01	1.623869699647668141e-01	2.561028926514661297e-01	1.558212168104681217e-01	7.391642008614568438e-02	2.972462399735189761e-02	8.133319378714926051e-02
1.224923418097517697e+03	2.405050683474206086e-01	1.622714557800906121e-01	2.562215933804193324e-01	1.559073768980240582e-01	7.395464786948187375e-02	2.974064091916980845e-02	8.139921680502443246e-02
1.226374749161614318e+03	2.402958464798987948e-01	1.621561141823993080e-01	2.563400728217385405e-01	1.559933893156451867e-01	7.399280776245435731e-02	2.975663158600439298e-02	8.146513785149016307e-02
1.227826080225710712e+03	2.400870163676295799e-01	1.620409449075860542e-01	2.564583315387105600e-01	1.560792541882447260e-01	7.403089987116576176e-02	2.977259604591812880e-02	8.153095708037601252e-02
1.229277411289807560e+03	2.398785772799554572e-01	1.619259476919630569e-01	2.565763700903976874e-01	1.561649716432985668e-01	7.406892430185479936e-02	2.978853434688410670e-02	8.159667464527708969e-02
1.230728742353903954e+03	2.396705284876448627e-01	1.618111222722609377e-01	2.566941890317085972e-01	1.562505418107860145e-01	7.410688116088964827e-02	2.980444653678622144e-02	8.166229069955448228e-02
1.232180073418000802e+03	2.394628692628882616e-01	1.616964683856277063e-01	2.568117889134670095e-01	1.563359648231314736e-01	7.414477055476134670e-02	2.982033266341933136e-02	8.172780539633560382e-02
1.233631404482097196e+03	2.392555988792938737e-01	1.615819857696280948e-01	2.569291702824797463e-01	1.564212408151476330e-01	7.418259259007742301e-02	2.983619277448943535e-02	8.179321888851454059e-02
1.235082735546193817e+03	2.390487166118836493e-01	1.614676741622425582e-01	2.570463336816031785e-01	1.565063699239794826e-01	7.422034737355559519e-02	2.985202691761384280e-02	8.185853132875242633e-02
1.236534066610290438e+03	2.388422217370893275e-01	1.613535333018666362e-01	2.571632796498082851e-01	1.565913522890496068e-01	7.425803501201765078e-02	2.986783514032135406e-02	8.192374286947784467e-02
1.237985397674387059e+03	2.386361135327483840e-01	1.612395629273099817e-01	2.572800087222449350e-01	1.566761880520044781e-01	7.429565561238338223e-02	2.988361749005241305e-02	8.198885366288713450e-02
1.239436728738483680e+03	2.384303912781000623e-01	1.611257627777955836e-01	2.573965214303043370e-01	1.567608773566619429e-01	7.433320928166468888e-02	2.989937401415929466e-02	8.205386386094477846e-02
1.240888059802580301e+03	2.382250542537814875e-01	1.610121325929589897e-01	2.575128183016807126e-01	1.568454203489596244e-01	7.437069612695984544e-02	2.991510475990626777e-02	8.211877361538379161e-02
1.242339390866676695e+03	2.380201017418237808e-01	1.608986721128474739e-01	2.576288998604314706e-01	1.569298171769042960e-01	7.440811625544786756e-02	2.993080977446976529e-02	8.218358307770602666e-02
1.243790721930773088e+03	2.378155330256482292e-01	1.607853810779192316e-01	2.577447666270365478e-01	1.570140679905225878e-01	7.444546977438289137e-02	2.994648910493855759e-02	8.224829239918260426e-02
1.245242052994869937e+03	2.376113473900623996e-01	1.606722592290426577e-01	2.578604191184564187e-01	1.570981729418123307e-01	7.448275679108881664e-02	2.996214279831390867e-02	8.231290173085419049e-02
1.246693384058966330e+03	2.374075441212564752e-01	1.605593063074953752e-01	2.579758578481887166e-01	1.571821321846949560e-01	7.451997741295397770e-02	2.997777090150975307e-02	8.237741122353144096e-02
1.248144715123063179e+03	2.372041225067993420e-01	1.604465220549636528e-01	2.580910833263245219e-01	1.572659458749690042e-01	7.455713174742598093e-02	2.999337346135286936e-02	8.244182102779534782e-02
1.249596046187159800e+03	2.370010818356349802e-01	1.603339062135414606e-01	2.582060960596028742e-01	1.573496141702643292e-01	7.459421990200656993e-02	3.000895052458303625e-02	8.250613129399750334e-02
1.251047377251256421e+03	2.367984213980786901e-01	1.602214585257297486e-01	2.583208965514643962e-01	1.574331372299974108e-01	7.463124198424669897e-02	3.002450213785320954e-02	8.257034217226059958e-02
1.252498708315352815e+03	2.365961404858135109e-01	1.601091787344356976e-01	2.584354853021040843e-01	1.575165152153274739e-01	7.466819810174163408e-02	3.004002834772967825e-02	8.263445381247866428e-02
1.253950039379449436e+03	2.363942383918865020e-01	1.599970665829719418e-01	2.585498628085229900e-01	1.575997482891134671e-01	7.470508836212617909e-02	3.005552920069223463e-02	8.269846636431751885e-02
1.255401370443546057e+03	2.361927144107051624e-01	1.598851218150557363e-01	2.586640295645787346e-01	1.576828366158718742e-01	7.474191287306998499e-02	3.007100474313434760e-02	8.276237997721502815e-02
1.256852701507642678e+03	2.359915678380339332e-01	1.597733441748082073e-01	2.587779860610352478e-01	1.577657803617355248e-01	7.477867174227302571e-02	3.008645502136331196e-02	8.282619480038157234e-02
1.258304032571739299e+03	2.357907979709905344e-01	1.596617334067536587e-01	2.588917327856117279e-01	1.578485796944130992e-01	7.481536507746111564e-02	3.010188008160042880e-02	8.288991098280031056e-02
1.259755363635835920e+03	2.355904041080424949e-01	1.595502892558187946e-01	2.590052702230301040e-01	1.579312347831494101e-01	7.485199298638148258e-02	3.011727996998116857e-02	8.295352867322755563e-02
1.261206694699932314e+03	2.353903855490035446e-01	1.594390114673318037e-01	2.591185988550621100e-01	1.580137457986865723e-01	7.488855557679849340e-02	3.013265473255531679e-02	8.301704802019316265e-02
1.262658025764028707e+03	2.351907415950303393e-01	1.593278997870218872e-01	2.592317191605753024e-01	1.580961129132259224e-01	7.492505295648954622e-02	3.014800441528715791e-02	8.308046917200084813e-02
1.264109356828125556e+03	2.349914715486188799e-01	1.592169539610182871e-01	2.593446316155781362e-01	1.581783363003906873e-01	7.496148523324080992e-02	3.016332906405562800e-02	8.314379227672856476e-02
1.265560687892221949e+03	2.347925747136011543e-01	1.591061737358496486e-01	2.594573366932642067e-01	1.582604161351893746e-01	7.499785251484333837e-02	3.017862872465448126e-02	8.320701748222883443e-02
1.267012018956318798e+03	2.345940503951415845e-01	1.589955588584432422e-01	2.595698348640556041e-01	1.583423525939799681e-01	7.503415490908908747e-02	3.019390344279246005e-02	8.327014493612910906e-02
1.268463350020415419e+03	2.343958978997339460e-01	1.588851090761242424e-01	2.596821265956453795e-01	1.584241458544348169e-01	7.507039252376704330e-02	3.020915326409343710e-02	8.333317478583213145e-02
1.269914681084511813e+03	2.341981165351977590e-01	1.587748241366150059e-01	2.597942123530398439e-01	1.585057960955061629e-01	7.510656546665946121e-02	3.022437823409658900e-02	8.339610717851624055e-02
1.271366012148608434e+03	2.340007056106751249e-01	1.586647037880342392e-01	2.599060925985987591e-01	1.585873034973923901e-01	7.514267384553824369e-02	3.023957839825656621e-02	8.345894226113580172e-02
1.272817343212705055e+03	2.338036644366273120e-01	1.585547477788964432e-01	2.600177677920759711e-01	1.586686682415051064e-01	7.517871776816123508e-02	3.025475380194363531e-02	8.352168018042147035e-02
1.274268674276801676e+03	2.336069923248315083e-01	1.584449558581110251e-01	2.601292383906589345e-01	1.587498905104365865e-01	7.521469734226877979e-02	3.026990449044385245e-02	8.358432108288056661e-02
1.275720005340898297e+03	2.334106885883776572e-01	1.583353277749816879e-01	2.602405048490069595e-01	1.588309704879281026e-01	7.525061267558019740e-02	3.028503050895921603e-02	8.364686511479747788e-02
1.277171336404994690e+03	2.332147525416651546e-01	1.582258632792056807e-01	2.603515676192894035e-01	1.589119083588388659e-01	7.528646387579045196e-02	3.030013190260783321e-02	8.370931242223393631e-02
1.278622667469091539e+03	2.330191835003996015e-01	1.581165621208730498e-01	2.604624271512229194e-01	1.589927043091154957e-01	7.532225105056680747e-02	3.031520871642406911e-02	8.377166315102937966e-02
1.280073998533187932e+03	2.328239807815896678e-01	1.580074240504659999e-01	2.605730838921077597e-01	1.590733585257621818e-01	7.535797430754564985e-02	3.033026099535872377e-02	8.383391744680132596e-02
1.281525329597284326e+03	2.326291437035439558e-01	1.578984488188580615e-01	2.606835382868638029e-01	1.591538711968114306e-01	7.539363375432928116e-02	3.034528878427917090e-02	8.389607545494570662e-02
1.282976660661381175e+03	2.324346715858678081e-01	1.577896361773135081e-01	2.607937907780653042e-01	1.592342425112952820e-01	7.542922949848283876e-02	3.036029212796952093e-02	8.395813732063715784e-02
1.284427991725477568e+03	2.322405637494601160e-01	1.576809858774866346e-01	2.609038418059757003e-01	1.593144726592174709e-01	7.546476164753125604e-02	3.037527107113078412e-02	8.402010318882946471e-02
1.285879322789574417e+03	2.320468195165103498e-01	1.575724976714209247e-01	2.610136918085813607e-01	1.593945618315255885e-01	7.550023030895630649e-02	3.039022565838103013e-02	8.408197320425583876e-02
1.287330653853671038e+03	2.318534382104954217e-01	1.574641713115485786e-01	2.611233412216245608e-01	1.594745102200843534e-01	7.553563559019371709e-02	3.040515593425553026e-02	8.414374751142926490e-02
1.288781984917767431e+03	2.316604191561765780e-01	1.573560065506896255e-01	2.612327904786360677e-01	1.595543180176490217e-01	7.557097759863032338e-02	3.042006194320693788e-02	8.420542625464283448e-02
1.290233315981864052e+03	2.314677616795964010e-01	1.572480031420513125e-01	2.613420400109672248e-01	1.596339854178396300e-01	7.560625644160130776e-02	3.043494372960542371e-02	8.426700957797014779e-02
