1.001418434226643626e+03	2.780180636479304135e-01	1.821652283014178197e-01	2.348361448282307307e-01	1.409809382664781174e-01	6.725691245199867663e-02	2.672802561547912847e-02	7.001468688809353580e-02
1.002869765290740247e+03	2.777427971683089081e-01	1.820163957220739814e-01	2.350029351991177462e-01	1.410875777749625026e-01	6.730720417837016134e-02	2.674212236543789881e-02	7.010096759135717170e-02
1.004321096354836754e+03	2.774680427255841186e-01	1.818677932660231200e-01	2.351692657868983960e-01	1.411941743126546578e-01	6.735741488896117291e-02	2.675619705896594563e-02	7.018711196054096269e-02
1.005772427418933376e+03	2.771937993129525157e-01	1.817194205522692507e-01	2.353351406626716380e-01	1.413007250737104425e-01	6.740754445398840222e-02	2.677024973625695067e-02	7.027312020777912172e-02
1.007223758483029997e+03	2.769200659268072906e-01	1.815712772008306608e-01	2.355005638199618445e-01	1.414072273090922482e-01	6.745759276064897114e-02	2.678428043742625206e-02	7.035899254486104037e-02
1.008675089547126618e+03	2.766468415667017733e-01	1.814233628327297232e-01	2.356655391769424124e-01	1.415136783260672326e-01	6.750755971144398182e-02	2.679828920251106986e-02	7.044472918323203825e-02
1.010126420611223239e+03	2.763741252353146827e-01	1.812756770699826825e-01	2.358300705785338347e-01	1.416200754876415779e-01	6.755744522269052643e-02	2.681227607147074546e-02	7.053033033399423724e-02
1.011577751675319632e+03	2.761019159384157096e-01	1.811282195355895797e-01	2.359941617983876971e-01	1.417264162119404036e-01	6.760724922320061892e-02	2.682624108418696363e-02	7.061579620790731093e-02
1.013029082739416367e+03	2.758302126848325431e-01	1.809809898535248707e-01	2.361578165407677288e-01	1.418326979715422986e-01	6.765697165310750882e-02	2.684018428046399882e-02	7.070112701538931732e-02
1.014480413803512761e+03	2.755590144864185076e-01	1.808339876487277953e-01	2.363210384423371502e-01	1.419389182927759396e-01	6.770661246282250190e-02	2.685410570002893377e-02	7.078632296651744815e-02
1.015931744867609382e+03	2.752883203580211990e-01	1.806872125470932455e-01	2.364838310738606453e-01	1.420450747549853454e-01	6.775617161210707728e-02	2.686800538253189194e-02	7.087138427102883387e-02
1.017383075931706003e+03	2.750181293174516761e-01	1.805406641754627173e-01	2.366461979418287842e-01	1.421511649897701512e-01	6.780564906924725632e-02	2.688188336754625610e-02	7.095631113832132075e-02
1.018834406995802851e+03	2.747484403854547619e-01	1.803943421616156506e-01	2.368081424900110588e-01	1.422571866802054830e-01	6.785504481031806590e-02	2.689573969456889035e-02	7.104110377745423421e-02
1.020285738059899245e+03	2.744792525856797338e-01	1.802482461342605480e-01	2.369696681009441364e-01	1.423631375600461768e-01	6.790435881852806277e-02	2.690957440302036222e-02	7.112576239714911430e-02
1.021737069123995752e+03	2.742105649446516802e-01	1.801023757230268418e-01	2.371307780973599677e-01	1.424690154129193698e-01	6.795359108363456524e-02	2.692338753224515421e-02	7.121028720579054838e-02
1.023188400188092373e+03	2.739423764917439108e-01	1.799567305584564847e-01	2.372914757435589106e-01	1.425748180715087909e-01	6.800274160142143198e-02	2.693717912151188942e-02	7.129467841142682338e-02
1.024639731252188767e+03	2.736746862591503682e-01	1.798113102719958445e-01	2.374517642467318668e-01	1.426805434167336128e-01	6.805181037323232429e-02	2.695094921001353616e-02	7.137893622177073072e-02
1.026091062316285615e+03	2.734074932818592596e-01	1.796661144959878775e-01	2.376116467582353731e-01	1.427861893769248047e-01	6.810079740555305405e-02	2.696469783686761962e-02	7.146306084420031568e-02
1.027542393380382237e+03	2.731407965976266894e-01	1.795211428636643847e-01	2.377711263748228387e-01	1.428917539270010417e-01	6.814970270963734145e-02	2.697842504111644391e-02	7.154705248575955745e-02
1.028993724444478858e+03	2.728745952469514569e-01	1.793763950091383508e-01	2.379302061398350376e-01	1.429972350876458909e-01	6.819852630117118064e-02	2.699213086172727594e-02	7.163091135315916014e-02
1.030445055508575479e+03	2.726088882730497431e-01	1.792318705673963952e-01	2.380888890443525752e-01	1.431026309244885497e-01	6.824726819997127547e-02	2.700581533759257788e-02	7.171463765277721891e-02
1.031896386572671872e+03	2.723436747218306309e-01	1.790875691742916942e-01	2.382471780283128837e-01	1.432079395472892203e-01	6.829592842971374256e-02	2.701947850753019797e-02	7.179823159065999716e-02
1.033347717636768493e+03	2.720789536418719567e-01	1.789434904665366532e-01	2.384050759815936893e-01	1.433131591091301171e-01	6.834450701768970959e-02	2.703312041028356830e-02	7.188169337252257873e-02
1.034799048700865114e+03	2.718147240843972745e-01	1.787996340816958851e-01	2.385625857450649479e-01	1.434182878056140253e-01	6.839300399458460300e-02	2.704674108452191639e-02	7.196502320374964512e-02
1.036250379764961508e+03	2.715509851032520405e-01	1.786559996581793819e-01	2.387197101116114717e-01	1.435233238740702133e-01	6.844141939427871024e-02	2.706034056884045608e-02	7.204822128939609993e-02
1.037701710829058356e+03	2.712877357548813539e-01	1.785125868352355760e-01	2.388764518271272175e-01	1.436282655927694774e-01	6.848975325366635225e-02	2.707391890176059218e-02	7.213128783418783219e-02
1.039153041893154750e+03	2.710249750983076966e-01	1.783693952529448734e-01	2.390328135914830676e-01	1.437331112801483735e-01	6.853800561249187573e-02	2.708747612173010785e-02	7.221422304252238245e-02
1.040604372957251599e+03	2.707627021951090063e-01	1.782264245522131030e-01	2.391887980594696039e-01	1.438378592940433853e-01	6.858617651320028652e-02	2.710101226712336581e-02	7.229702711846963670e-02
1.042055704021347992e+03	2.705009161093974157e-01	1.780836743747649109e-01	2.393444078417155119e-01	1.439425080309351679e-01	6.863426600080126116e-02	2.711452737624149914e-02	7.237970026577252025e-02
1.043507035085444613e+03	2.702396159077982141e-01	1.779411443631377376e-01	2.394996455055833084e-01	1.440470559252040594e-01	6.868227412274469090e-02	2.712802148731260216e-02	7.246224268784766387e-02
1.044958366149541234e+03	2.699788006594290302e-01	1.777988341606754341e-01	2.396545135760430323e-01	1.441515014483959467e-01	6.873020092880678666e-02	2.714149463849192118e-02	7.254465458778609765e-02
1.046409697213637855e+03	2.697184694358798485e-01	1.776567434115222666e-01	2.398090145365250614e-01	1.442558431084997317e-01	6.877804647098545443e-02	2.715494686786203149e-02	7.262693616835388943e-02
1.047861028277734476e+03	2.694586213111928030e-01	1.775148717606170046e-01	2.399631508297524751e-01	1.443600794492361228e-01	6.882581080340399726e-02	2.716837821343304551e-02	7.270908763199285252e-02
1.049312359341831097e+03	2.691992553618429151e-01	1.773732188536869536e-01	2.401169248585544869e-01	1.444642090493577780e-01	6.887349398222220032e-02	2.718178871314278627e-02	7.279110918082117021e-02
1.050763690405927491e+03	2.689403706667187754e-01	1.772317843372422930e-01	2.402703389866608641e-01	1.445682305219611608e-01	6.892109606555407719e-02	2.719517840485696780e-02	7.287300101663410357e-02
1.052215021470024112e+03	2.686819663071038367e-01	1.770905678585703857e-01	2.404233955394785571e-01	1.446721425138099426e-01	6.896861711339152823e-02	2.720854732636937903e-02	7.295476334090462978e-02
1.053666352534120733e+03	2.684240413666575398e-01	1.769495690657301723e-01	2.405760968048508974e-01	1.447759437046700903e-01	6.901605718753332785e-02	2.722189551540207461e-02	7.303639635478405279e-02
1.055117683598217127e+03	2.681665949313977171e-01	1.768087876075468134e-01	2.407284450338000592e-01	1.448796328066564998e-01	6.906341635151885816e-02	2.723522300960553796e-02	7.311790025910269719e-02
1.056569014662313975e+03	2.679096260896820514e-01	1.766682231336062503e-01	2.408804424412531731e-01	1.449832085635911760e-01	6.911069467056614457e-02	2.724852984655888946e-02	7.319927525437054661e-02
1.058020345726410369e+03	2.676531339321908676e-01	1.765278752942499307e-01	2.410320912067527577e-01	1.450866697503730429e-01	6.915789221151377730e-02	2.726181606377002173e-02	7.328052154077786817e-02
1.059471676790506763e+03	2.673971175519098686e-01	1.763877437405695914e-01	2.411833934751520248e-01	1.451900151723589383e-01	6.920500904276620513e-02	2.727508169867580781e-02	7.336163931819583706e-02
1.060923007854603611e+03	2.671415760441129827e-01	1.762478281244023171e-01	2.413343513572950849e-01	1.452932436647560721e-01	6.925204523424226266e-02	2.728832678864226424e-02	7.344262878617721646e-02
1.062374338918700232e+03	2.668865085063459874e-01	1.761081280983253505e-01	2.414849669306828872e-01	1.453963540920257536e-01	6.929900085732652870e-02	2.730155137096473839e-02	7.352349014395696825e-02
1.063825669982796853e+03	2.666319140384097452e-01	1.759686433156512630e-01	2.416352422401251976e-01	1.454993453472980536e-01	6.934587598482316873e-02	2.731475548286805763e-02	7.360422359045280805e-02
1.065277001046893474e+03	2.663777917423442165e-01	1.758293734304230693e-01	2.417851792983787829e-01	1.456022163517973755e-01	6.939267069091217821e-02	2.732793916150670979e-02	7.368482932426595466e-02
1.066728332110990095e+03	2.661241407224127498e-01	1.756903180974094814e-01	2.419347800867725773e-01	1.457049660542791003e-01	6.943938505110777704e-02	2.734110244396502701e-02	7.376530754368162968e-02
1.068179663175086489e+03	2.658709600850861499e-01	1.755514769721002455e-01	2.420840465558195265e-01	1.458075934304766397e-01	6.948601914221862186e-02	2.735424536725733491e-02	7.384565844666979295e-02
1.069630994239183110e+03	2.656182489390277457e-01	1.754128497107015350e-01	2.422329806258162466e-01	1.459100974825590924e-01	6.953257304230991975e-02	2.736736796832813304e-02	7.392588223088561450e-02
1.071082325303279504e+03	2.653660063950781800e-01	1.752744359701313426e-01	2.423815841874299715e-01	1.460124772385992808e-01	6.957904683066706841e-02	2.738047028405226138e-02	7.400597909367020999e-02
1.072533656367376352e+03	2.651142315662403104e-01	1.751362354080150951e-01	2.425298591022738426e-01	1.461147317520519739e-01	6.962544058776086453e-02	2.739355235123505303e-02	7.408594923205115423e-02
1.073984987431472746e+03	2.648629235676649984e-01	1.749982476826813793e-01	2.426778072034701805e-01	1.462168601012421298e-01	6.967175439521394731e-02	2.740661420661251804e-02	7.416579284274316120e-02
1.075436318495569594e+03	2.646120815166365103e-01	1.748604724531573340e-01	2.428254302962025157e-01	1.463188613888631029e-01	6.971798833576867138e-02	2.741965588685149960e-02	7.424551012214862522e-02
1.076887649559666215e+03	2.643617045325585835e-01	1.747229093791647370e-01	2.429727301582563226e-01	1.464207347414844818e-01	6.976414249325606221e-02	2.743267742854982316e-02	7.432510126635823167e-02
1.078338980623762609e+03	2.641117917369404378e-01	1.745855581211156471e-01	2.431197085405488179e-01	1.465224793090693922e-01	6.981021695256586779e-02	2.744567886823647690e-02	7.440456647115156752e-02
1.079790311687859230e+03	2.638623422533831753e-01	1.744484183401083799e-01	2.432663671676481565e-01	1.466240942645015144e-01	6.985621179961758187e-02	2.745866024237175740e-02	7.448390593199769039e-02
1.081241642751955851e+03	2.636133552075661801e-01	1.743114896979233719e-01	2.434127077382820248e-01	1.467255788031209263e-01	6.990212712133250794e-02	2.747162158734745008e-02	7.456311984405572524e-02
1.082692973816052472e+03	2.633648297272342398e-01	1.741747718570193226e-01	2.435587319258361860e-01	1.468269321422694118e-01	6.994796300560662816e-02	2.748456293948696449e-02	7.464220840217546116e-02
1.084144304880149093e+03	2.631167649421841115e-01	1.740382644805292534e-01	2.437044413788428954e-01	1.469281535208442346e-01	6.999371954128430495e-02	2.749748433504549741e-02	7.472117180089792032e-02
1.085595635944245487e+03	2.628691599842521431e-01	1.739019672322565935e-01	2.438498377214594892e-01	1.470292421988610709e-01	7.003939681813280138e-02	2.751038581021020626e-02	7.480001023445592701e-02
1.087046967008342108e+03	2.626220139873013948e-01	1.737658797766714891e-01	2.439949225539376487e-01	1.471301974570251581e-01	7.008499492681753706e-02	2.752326740110034795e-02	7.487872389677470431e-02
1.088498298072438729e+03	2.623753260872092041e-01	1.736300017789070560e-01	2.441396974530829211e-01	1.472310185963112694e-01	7.013051395887796857e-02	2.753612914376743145e-02	7.495731298147245703e-02
1.089949629136535123e+03	2.621290954218551406e-01	1.734943329047556881e-01	2.442841639727054426e-01	1.473317049375515164e-01	7.017595400670420536e-02	2.754897107419538790e-02	7.503577768186088515e-02
1.091400960200631971e+03	2.618833211311091258e-01	1.733588728206654217e-01	2.444283236440614182e-01	1.474322558210315881e-01	7.022131516351416691e-02	2.756179322830071277e-02	7.511411819094580833e-02
1.092852291264728365e+03	2.616380023568193325e-01	1.732236211937364379e-01	2.445721779762857484e-01	1.475326706060949011e-01	7.026659752333144771e-02	2.757459564193262200e-02	7.519233470142772102e-02
1.094303622328825213e+03	2.613931382428005268e-01	1.730885776917175378e-01	2.447157284568164393e-01	1.476329486707544103e-01	7.031180118096370946e-02	2.758737835087319429e-02	7.527042740570236146e-02
1.095754953392921607e+03	2.611487279348228552e-01	1.729537419830027845e-01	2.448589765518101591e-01	1.477330894113121074e-01	7.035692623198148976e-02	2.760014139083753065e-02	7.534839649586123900e-02
1.097206284457018228e+03	2.609047705806005202e-01	1.728191137366279495e-01	2.450019237065495792e-01	1.478330922419863191e-01	7.040197277269771847e-02	2.761288479747391056e-02	7.542624216369220314e-02
1.098657615521114849e+03	2.606612653297804005e-01	1.726846926222672662e-01	2.451445713458429432e-01	1.479329565945459446e-01	7.044694090014763654e-02	2.762560860636392376e-02	7.550396460068002635e-02
1.100108946585211470e+03	2.604182113339314486e-01	1.725504783102301820e-01	2.452869208744154206e-01	1.480326819179522135e-01	7.049183071206918672e-02	2.763831285302263338e-02	7.558156399800694536e-02
1.101560277649308091e+03	2.601756077465338102e-01	1.724164704714581386e-01	2.454289736772926889e-01	1.481322676780076064e-01	7.053664230688388992e-02	2.765099757289871812e-02	7.565904054655321620e-02
1.103011608713404712e+03	2.599334537229679998e-01	1.722826687775212418e-01	2.455707311201771048e-01	1.482317133570113521e-01	7.058137578367815190e-02	2.766366280137461456e-02	7.573639443689762774e-02
1.104462939777501106e+03	2.596917484205048532e-01	1.721490729006152354e-01	2.457121945498161597e-01	1.483310184534221421e-01	7.062603124218501394e-02	2.767630857376666628e-02	7.581362585931809839e-02
1.105914270841597499e+03	2.594504909982948693e-01	1.720156825135583656e-01	2.458533652943639125e-01	1.484301824815272564e-01	7.067060878276631986e-02	2.768893492532526965e-02	7.589073500379217574e-02
1.107365601905694348e+03	2.592096806173583290e-01	1.718824972897884384e-01	2.459942446637350677e-01	1.485292049711184614e-01	7.071510850639527168e-02	2.770154189123501948e-02	7.596772205999760552e-02
1.108816932969790741e+03	2.589693164405751369e-01	1.717495169033596558e-01	2.461348339499521420e-01	1.486280854671741536e-01	7.075953051463931831e-02	2.771412950661485478e-02	7.604458721731287285e-02
1.110268264033887590e+03	2.587293976326751621e-01	1.716167410289397843e-01	2.462751344274856091e-01	1.487268235295479690e-01	7.080387490964359931e-02	2.772669780651819058e-02	7.612133066481771571e-02
1.111719595097984211e+03	2.584899233602285240e-01	1.714841693418071855e-01	2.464151473535876047e-01	1.488254187326634170e-01	7.084814179411449975e-02	2.773924682593307059e-02	7.619795259129368004e-02
1.113170926162080832e+03	2.582508927916358776e-01	1.713518015178480125e-01	2.465548739686186652e-01	1.489238706652146471e-01	7.089233127130378787e-02	2.775177659978230252e-02	7.627445318522466100e-02
1.114622257226177226e+03	2.580123050971191434e-01	1.712196372335532957e-01	2.466943154963683049e-01	1.490221789298731836e-01	7.093644344499297483e-02	2.776428716292360724e-02	7.635083263479740256e-02
1.116073588290273847e+03	2.577741594487121812e-01	1.710876761660162781e-01	2.468334731443690977e-01	1.491203431430005166e-01	7.098047841947803527e-02	2.777677855014974717e-02	7.642709112790206649e-02
1.117524919354370468e+03	2.575364550202516867e-01	1.709559179929295014e-01	2.469723481042046531e-01	1.492183629343661888e-01	7.102443629955448867e-02	2.778925079618867894e-02	7.650322885213271806e-02
1.118976250418467089e+03	2.572991909873682537e-01	1.708243623925821686e-01	2.471109415518113750e-01	1.493162379468718215e-01	7.106831719050271667e-02	2.780170393570367826e-02	7.657924599478789507e-02
1.120427581482563710e+03	2.570623665274774372e-01	1.706930090438576464e-01	2.472492546477743636e-01	1.494139678362802204e-01	7.111212119807371057e-02	2.781413800329349262e-02	7.665514274287106578e-02
1.121878912546660331e+03	2.568259808197709271e-01	1.705618576262306063e-01	2.473872885376174058e-01	1.495115522709503098e-01	7.115584842847499925e-02	2.782655303349245920e-02	7.673091928309121179e-02
1.123330243610756725e+03	2.565900330452081102e-01	1.704309078197645544e-01	2.475250443520873311e-01	1.496089909315769240e-01	7.119949898835702118e-02	2.783894906077066106e-02	7.680657580186334155e-02
1.124781574674853118e+03	2.563545223865074663e-01	1.703001593051091944e-01	2.476625232074326222e-01	1.497062835109360390e-01	7.124307298479957973e-02	2.785132611953405890e-02	7.688211248530898989e-02
1.126232905738949967e+03	2.561194480281381858e-01	1.701696117634980687e-01	2.477997262056766126e-01	1.498034297136350002e-01	7.128657052529879801e-02	2.786368424412461950e-02	7.695752951925670382e-02
1.127684236803046360e+03	2.558848091563118987e-01	1.700392648767458659e-01	2.479366544348853008e-01	1.499004292558676066e-01	7.132999171775417091e-02	2.787602346882045792e-02	7.703282708924261146e-02
1.129135567867143209e+03	2.556506049589746810e-01	1.699091183272461725e-01	2.480733089694298343e-01	1.499972818651743312e-01	7.137333667045604735e-02	2.788834382783595897e-02	7.710800538051090780e-02
1.130586898931239830e+03	2.554168346257987832e-01	1.697791717979688919e-01	2.482096908702438598e-01	1.500939872802068975e-01	7.141660549207320963e-02	2.790064535532193329e-02	7.718306457801432652e-02
1.132038229995336451e+03	2.551834973481749147e-01	1.696494249724580516e-01	2.483458011850756264e-01	1.501905452504979643e-01	7.145979829164085528e-02	2.791292808536573189e-02	7.725800486641476450e-02
1.133489561059432845e+03	2.549505923192043055e-01	1.695198775348292219e-01	2.484816409487354549e-01	1.502869555362351950e-01	7.150291517854874546e-02	2.792519205199138141e-02	7.733282643008365653e-02
1.134940892123529466e+03	2.547181187336910457e-01	1.693905291697674065e-01	2.486172111833379605e-01	1.503832179080396847e-01	7.154595626252961693e-02	2.793743728915972988e-02	7.740752945310254429e-02
1.136392223187626087e+03	2.544860757881345914e-01	1.692613795625246276e-01	2.487525128985396683e-01	1.504793321467491340e-01	7.158892165364785787e-02	2.794966383076855423e-02	7.748211411926356207e-02
1.137843554251722708e+03	2.542544626807220487e-01	1.691324283989177890e-01	2.488875470917720767e-01	1.505752980432050470e-01	7.163181146228843332e-02	2.796187171065271648e-02	7.755658061206995024e-02
1.139294885315819101e+03	2.540232786113209573e-01	1.690036753653263168e-01	2.490223147484698085e-01	1.506711153980442586e-01	7.167462579914590792e-02	2.797406096258427469e-02	7.763092911473654101e-02
1.140746216379915950e+03	2.537925227814719631e-01	1.688751201486901055e-01	2.491568168422945428e-01	1.507667840214946542e-01	7.171736477521388486e-02	2.798623162027262870e-02	7.770515981019029961e-02
1.142197547444012343e+03	2.535621943943815459e-01	1.687467624365072416e-01	2.492910543353543951e-01	1.508623037331749128e-01	7.176002850177456982e-02	2.799838371736463813e-02	7.777927288107074066e-02
1.143648878508108737e+03	2.533322926549150811e-01	1.686186019168319228e-01	2.494250281784189949e-01	1.509576743618982475e-01	7.180261709038855689e-02	2.801051728744475069e-02	7.785326850973045554e-02
1.145100209572205586e+03	2.531028167695896225e-01	1.684906382782723755e-01	2.495587393111303176e-01	1.510528957454800869e-01	7.184513065288482270e-02	2.802263236403513755e-02	7.792714687823565356e-02
1.146551540636302207e+03	2.528737659465670751e-01	1.683628712099886904e-01	2.496921886622094910e-01	1.511479677305494485e-01	7.188756930135091483e-02	2.803472898059581817e-02	7.800090816836662000e-02
1.148002871700398828e+03	2.526451393956473113e-01	1.682353004016908793e-01	2.498253771496591891e-01	1.512428901723643082e-01	7.192993314812341776e-02	2.804680717052478178e-02	7.807455256161816015e-02
1.149454202764495449e+03	2.524169363282617873e-01	1.681079255436367381e-01	2.499583056809624726e-01	1.513376629346303570e-01	7.197222230577851598e-02	2.805886696715812964e-02	7.814808023920015445e-02
1.150905533828591842e+03	2.521891559574661601e-01	1.679807463266299317e-01	2.500909751532773839e-01	1.514322858893236423e-01	7.201443688712280689e-02	2.807090840377018601e-02	7.822149138203801644e-02
1.152356864892688463e+03	2.519617974979345143e-01	1.678537624420180230e-01	2.502233864536279051e-01	1.515267589165165962e-01	7.205657700518432185e-02	2.808293151357362655e-02	7.829478617077316460e-02
1.153808195956785084e+03	2.517348601659523677e-01	1.677269735816903917e-01	2.503555404590910305e-01	1.516210819042075331e-01	7.209864277320372772e-02	2.809493632971960669e-02	7.836796478576352198e-02
1.155259527020881706e+03	2.515083431794105095e-01	1.676003794380765133e-01	2.504874380369801479e-01	1.517152547481535885e-01	7.214063430462562543e-02	2.810692288529789001e-02	7.844102740708401578e-02
1.156710858084978327e+03	2.512822457577984503e-01	1.674739797041438771e-01	2.506190800450249223e-01	1.518092773517069061e-01	7.218255171309015394e-02	2.811889121333696270e-02	7.851397421452702141e-02
1.158162189149074720e+03	2.510565671221983708e-01	1.673477740733962105e-01	2.507504673315477106e-01	1.519031496256542380e-01	7.222439511242469135e-02	2.813084134680416890e-02	7.858680538760286216e-02
1.159613520213171569e+03	2.508313064952789606e-01	1.672217622398716186e-01	2.508816007356361455e-01	1.519968714880595984e-01	7.226616461663580571e-02	2.814277331860582862e-02	7.865952110554028098e-02
1.161064851277267962e+03	2.506064631012892563e-01	1.670959438981407252e-01	2.510124810873126111e-01	1.520904428641101369e-01	7.230786033990120598e-02	2.815468716158735230e-02	7.873212154728694012e-02
1.162516182341364356e+03	2.503820361660525906e-01	1.669703187433048130e-01	2.511431092077003879e-01	1.521838636859649818e-01	7.234948239656210922e-02	2.816658290853337951e-02	7.880460689150986520e-02
1.163967513405461204e+03	2.501580249169607639e-01	1.668448864709941859e-01	2.512734859091865225e-01	1.522771338926072471e-01	7.239103090111552452e-02	2.817846059216789351e-02	7.887697731659590317e-02
1.165418844469557826e+03	2.499344285829680767e-01	1.667196467773662538e-01	2.514036119955812554e-01	1.523702534296989541e-01	7.243250596820687004e-02	2.819032024515433915e-02	7.894923300065224969e-02
1.166870175533654447e+03	2.497112463945855565e-01	1.665945993591038399e-01	2.515334882622745627e-01	1.524632222494387568e-01	7.247390771262264553e-02	2.820216190009574436e-02	7.902137412150686546e-02
1.168321506597751068e+03	2.494884775838752122e-01	1.664697439134134871e-01	2.516631154963896444e-01	1.525560403104224416e-01	7.251523624928331302e-02	2.821398558953485194e-02	7.909340085670900355e-02
1.169772837661847461e+03	2.492661213844444279e-01	1.663450801380236821e-01	2.517924944769331375e-01	1.526487075775065649e-01	7.255649169323627468e-02	2.822579134595422368e-02	7.916531338352961189e-02
1.171224168725944082e+03	2.490441770314403280e-01	1.662206077311833285e-01	2.519216259749426090e-01	1.527412240216743100e-01	7.259767415964910042e-02	2.823757920177637562e-02	7.923711187896184671e-02
1.172675499790040703e+03	2.488226437615441988e-01	1.660963263916598320e-01	2.520505107536311629e-01	1.528335896199045085e-01	7.263878376380275559e-02	2.824934918936388914e-02	7.930879651972153055e-02
1.174126830854137097e+03	2.486015208129661591e-01	1.659722358187376845e-01	2.521791495685289375e-01	1.529258043550429658e-01	7.267982062108505059e-02	2.826110134101952540e-02	7.938036748224756856e-02
1.175578161918233945e+03	2.483808074254395537e-01	1.658483357122166879e-01	2.523075431676222169e-01	1.530178682156763115e-01	7.272078484698424328e-02	2.827283568898635371e-02	7.945182494270251750e-02
1.177029492982330339e+03	2.481605028402157631e-01	1.657246257724104554e-01	2.524356922914894330e-01	1.531097811960086541e-01	7.276167655708279391e-02	2.828455226544786955e-02	7.952316907697293269e-02
1.178480824046426733e+03	2.479406063000588745e-01	1.656011057001447739e-01	2.525635976734346699e-01	1.532015432957405110e-01	7.280249586705107856e-02	2.829625110252810202e-02	7.959440006066989537e-02
1.179932155110523581e+03	2.477211170492404912e-01	1.654777751967560218e-01	2.526912600396186148e-01	1.532931545199501255e-01	7.284324289264151875e-02	2.830793223229174926e-02	7.966551806912942901e-02
1.181383486174620202e+03	2.475020343335344875e-01	1.653546339640895591e-01	2.528186801091867886e-01	1.533846148789772545e-01	7.288391774968258630e-02	2.831959568674427552e-02	7.973652327741301282e-02
1.182834817238716823e+03	2.472833574002119839e-01	1.652316817044983677e-01	2.529458585943953342e-01	1.534759243883091762e-01	7.292452055407307177e-02	2.833124149783203607e-02	7.980741586030799806e-02
1.184286148302813444e+03	2.470650854980362410e-01	1.651089181208413303e-01	2.530727962007343623e-01	1.535670830684691401e-01	7.296505142177640846e-02	2.834286969744240214e-02	7.987819599232806600e-02
1.185737479366910065e+03	2.468472178772577186e-01	1.649863429164818429e-01	2.531994936270487995e-01	1.536580909449068721e-01	7.300551046881517681e-02	2.835448031740386843e-02	7.994886384771368593e-02
1.187188810431006686e+03	2.466297537896090519e-01	1.648639557952862600e-01	2.533259515656570149e-01	1.537489480478912429e-01	7.304589781126566428e-02	2.836607338948616414e-02	8.001941960043258695e-02
1.188640141495103080e+03	2.464126924883001946e-01	1.647417564616225349e-01	2.534521707024667836e-01	1.538396544124053245e-01	7.308621356525253632e-02	2.837764894540038135e-02	8.008986342418017434e-02
1.190091472559199701e+03	2.461960332280136998e-01	1.646197446203586101e-01	2.535781517170894728e-01	1.539302100780433613e-01	7.312645784694372930e-02	2.838920701679907219e-02	8.016019549238002917e-02
1.191542803623296322e+03	2.459797752648996971e-01	1.644979199768610567e-01	2.537038952829514526e-01	1.540206150889097125e-01	7.316663077254534353e-02	2.840074763527638407e-02	8.023041597818429682e-02
1.192994134687392716e+03	2.457639178565714511e-01	1.643762822369937426e-01	2.538294020674038420e-01	1.541108694935199863e-01	7.320673245829663334e-02	2.841227083236815693e-02	8.030052505447418665e-02
1.194445465751489564e+03	2.455484602621003376e-01	1.642548311071161948e-01	2.539546727318295893e-01	1.542009733447042286e-01	7.324676302046519150e-02	2.842377663955205150e-02	8.037052289386036052e-02
1.195896796815585958e+03	2.453334017420115143e-01	1.641335662940823781e-01	2.540797079317489993e-01	1.542909266995117212e-01	7.328672257534218915e-02	2.843526508824764654e-02	8.044040966868348796e-02
1.197348127879682352e+03	2.451187415582791740e-01	1.640124875052392517e-01	2.542045083169226505e-01	1.543807296191180012e-01	7.332661123923772672e-02	2.844673620981656367e-02	8.051018555101456531e-02
1.198799458943779200e+03	2.449044789743219652e-01	1.638915944484254372e-01	2.543290745314526480e-01	1.544703821687335721e-01	7.336642912847624043e-02	2.845819003556257151e-02	8.057985071265544308e-02
1.200250790007875821e+03	2.446906132549986346e-01	1.637708868319698863e-01	2.544534072138818215e-01	1.545598844175145037e-01	7.340617635939206131e-02	2.846962659673171053e-02	8.064940532513922844e-02
1.201702121071972442e+03	2.444771436666035580e-01	1.636503643646903539e-01	2.545775069972909255e-01	1.546492364384747797e-01	7.344585304832508543e-02	2.848104592451239717e-02	8.071884955973075704e-02
1.203153452136069063e+03	2.442640694768620779e-01	1.635300267558923160e-01	2.547013745093940074e-01	1.547384383084004222e-01	7.348545931161648559e-02	2.849244805003553829e-02	8.078818358742698158e-02
1.204604783200165684e+03	2.440513899549265342e-01	1.634098737153675263e-01	2.548250103726317772e-01	1.548274901077653642e-01	7.352499526560452026e-02	2.850383300437463532e-02	8.085740757895748532e-02
1.206056114264262078e+03	2.438391043713716289e-01	1.632899049533926839e-01	2.549484152042632568e-01	1.549163919206489604e-01	7.356446102662046738e-02	2.851520081854590563e-02	8.092652170478487061e-02
1.207507445328358699e+03	2.436272119981903184e-01	1.631701201807282398e-01	2.550715896164558183e-01	1.550051438346552457e-01	7.360385671098462756e-02	2.852655152350838316e-02	8.099552613510518917e-02
1.208958776392455093e+03	2.434157121087894837e-01	1.630505191086170647e-01	2.551945342163728370e-01	1.550937459408336383e-01	7.364318243500239669e-02	2.853788515016403640e-02	8.106442103984841385e-02
1.210410107456551941e+03	2.432046039779857949e-01	1.629311014487831999e-01	2.553172496062603436e-01	1.551821983336013067e-01	7.368243831496044949e-02	2.854920172935788286e-02	8.113320658867886892e-02
1.211861438520648335e+03	2.429938868820015196e-01	1.628118669134305252e-01	2.554397363835318457e-01	1.552705011106671473e-01	7.372162446712302031e-02	2.856050129187808623e-02	8.120188295099564635e-02
1.213312769584745183e+03	2.427835600984604436e-01	1.626928152152416762e-01	2.555619951408509838e-01	1.553586543729573721e-01	7.376074100772822550e-02	2.857178386845607432e-02	8.127045029593303604e-02
1.214764100648841804e+03	2.425736229063837068e-01	1.625739460673766290e-01	2.556840264662130768e-01	1.554466582245423167e-01	7.379978805298442746e-02	2.858304948976664317e-02	8.133890879236096993e-02
1.216215431712937971e+03	2.423640745861858070e-01	1.624552591834716175e-01	2.558058309430251143e-01	1.555345127725648868e-01	7.383876571906686226e-02	2.859429818642807500e-02	8.140725860888543830e-02
1.217666762777034819e+03	2.421549144196706582e-01	1.623367542776378847e-01	2.559274091501834714e-01	1.556222181271705030e-01	7.387767412211407314e-02	2.860552998900224228e-02	8.147549991384900325e-02
1.219118093841131440e+03	2.419461416900274831e-01	1.622184310644604610e-01	2.560487616621511808e-01	1.557097744014382945e-01	7.391651337822469081e-02	2.861674492799470837e-02	8.154363287533106242e-02
1.220569424905228061e+03	2.417377556818270379e-01	1.621002892589969713e-01	2.561698890490328728e-01	1.557971817113137092e-01	7.395528360345401953e-02	2.862794303385483852e-02	8.161165766114843179e-02
1.222020755969324682e+03	2.415297556810175605e-01	1.619823285767765242e-01	2.562907918766485493e-01	1.558844401755426490e-01	7.399398491381098397e-02	2.863912433697592477e-02	8.167957443885570656e-02
1.223472087033421303e+03	2.413221409749209956e-01	1.618645487337984912e-01	2.564114707066059151e-01	1.559715499156066332e-01	7.403261742525484024e-02	2.865028886769526231e-02	8.174738337574569136e-02
1.224923418097517697e+03	2.411149108522291917e-01	1.617469494465313407e-01	2.565319260963713766e-01	1.560585110556595434e-01	7.407118125369223371e-02	2.866143665629429516e-02	8.181508463884983040e-02
1.226374749161614318e+03	2.409080646029999884e-01	1.616295304319114723e-01	2.566521585993392085e-01	1.561453237224655344e-01	7.410967651497417374e-02	2.867256773299868208e-02	8.188267839493863776e-02
1.227826080225710712e+03	2.407016015186535518e-01	1.615122914073422178e-01	2.567721687649002216e-01	1.562319880453380272e-01	7.414810332489304989e-02	2.868368212797843195e-02	8.195016481052212753e-02
1.229277411289807560e+03	2.404955208919686283e-01	1.613952320906925642e-01	2.568919571385082090e-01	1.563185041560801458e-01	7.418646179917984251e-02	2.869477987134800429e-02	8.201754405185021635e-02
1.230728742353903954e+03	2.402898220170787968e-01	1.612783522002960712e-01	2.570115242617455054e-01	1.564048721889263749e-01	7.422475205350127780e-02	2.870586099316640993e-02	8.208481628491313964e-02
1.232180073418000802e+03	2.400845041894688336e-01	1.611616514549497614e-01	2.571308706723874904e-01	1.564910922804851889e-01	7.426297420345706612e-02	2.871692552343731164e-02	8.215198167544190966e-02
1.233631404482097196e+03	2.398795667059710757e-01	1.610451295739130650e-01	2.572499969044653167e-01	1.565771645696829861e-01	7.430112836457732073e-02	2.872797349210914203e-02	8.221904038890869015e-02
1.235082735546193817e+03	2.396750088647617294e-01	1.609287862769066546e-01	2.573689034883277493e-01	1.566630891977090767e-01	7.433921465231987935e-02	2.873900492907520768e-02	8.228599259052726822e-02
1.236534066610290438e+03	2.394708299653574846e-01	1.608126212841114178e-01	2.574875909507018945e-01	1.567488663079618094e-01	7.437723318206770906e-02	2.875001986417378280e-02	8.235283844525342900e-02
1.237985397674387059e+03	2.392670293086117117e-01	1.606966343161674582e-01	2.576060598147524305e-01	1.568344960459958082e-01	7.441518406912649153e-02	2.876101832718822374e-02	8.241957811778538590e-02
1.239436728738483680e+03	2.390636061967111592e-01	1.605808250941728188e-01	2.577243106001398387e-01	1.569199785594702634e-01	7.445306742872209727e-02	2.877200034784707650e-02	8.248621177256419690e-02
1.240888059802580301e+03	2.388605599331723173e-01	1.604651933396826213e-01	2.578423438230776910e-01	1.570053139980981949e-01	7.449088337599829579e-02	2.878296595582416351e-02	8.255273957377419480e-02
1.242339390866676695e+03	2.386578898228380319e-01	1.603497387747079561e-01	2.579601599963883274e-01	1.570905025135967414e-01	7.452863202601435477e-02	2.879391518073870504e-02	8.261916168534336191e-02
1.243790721930773088e+03	2.384555951718739242e-01	1.602344611217147163e-01	2.580777596295582010e-01	1.571755442596386165e-01	7.456631349374277795e-02	2.880484805215542329e-02	8.268547827094380187e-02
1.245242052994869937e+03	2.382536752877652264e-01	1.601193601036228209e-01	2.581951432287912795e-01	1.572604393918043963e-01	7.460392789406705694e-02	2.881576459958462566e-02	8.275168949399210050e-02
1.246693384058966330e+03	2.380521294793131182e-01	1.600044354438049099e-01	2.583123112970621138e-01	1.573451880675356407e-01	7.464147534177954790e-02	2.882666485248232963e-02	8.281779551764978375e-02
1.248144715123063179e+03	2.378509570566315900e-01	1.598896868660856230e-01	2.584292643341675744e-01	1.574297904460893183e-01	7.467895595157929278e-02	2.883754884025035645e-02	8.288379650482367855e-02
1.249596046187159800e+03	2.376501573311439741e-01	1.597751140947402670e-01	2.585460028367775331e-01	1.575142466884928982e-01	7.471636983807000698e-02	2.884841659223642829e-02	8.294969261816635686e-02
1.251047377251256421e+03	2.374497296155796411e-01	1.596607168544940947e-01	2.586625272984846569e-01	1.575985569575002465e-01	7.475371711575796996e-02	2.885926813773428620e-02	8.301548402007655203e-02
1.252498708315352815e+03	2.372496732239707251e-01	1.595464948705211383e-01	2.587788382098533679e-01	1.576827214175487435e-01	7.479099789905013784e-02	2.887010350598377684e-02	8.308117087269954737e-02
1.253950039379449436e+03	2.370499874716488764e-01	1.594324478684432389e-01	2.588949360584676396e-01	1.577667402347169845e-01	7.482821230225210341e-02	2.888092272617096001e-02	8.314675333792756473e-02
1.255401370443546057e+03	2.368506716752420693e-01	1.593185755743291854e-01	2.590108213289778472e-01	1.578506135766835072e-01	7.486536043956631969e-02	2.889172582742821627e-02	8.321223157740022247e-02
1.256852701507642678e+03	2.366517251526712717e-01	1.592048777146935490e-01	2.591264945031468980e-01	1.579343416126862409e-01	7.490244242509017103e-02	2.890251283883433012e-02	8.327760575250492403e-02
1.258304032571739299e+03	2.364531472231473086e-01	1.590913540164958784e-01	2.592419560598953621e-01	1.580179245134827881e-01	7.493945837281422440e-02	2.891328378941461844e-02	8.334287602437721876e-02
1.259755363635835920e+03	2.362549372071676701e-01	1.589780042071397004e-01	2.593572064753457140e-01	1.581013624513115945e-01	7.497640839662043921e-02	2.892403870814099637e-02	8.340804255390130151e-02
1.261206694699932314e+03	2.360570944265134308e-01	1.588648280144714375e-01	2.594722462228657989e-01	1.581846555998538129e-01	7.501329261028047424e-02	2.893477762393211958e-02	8.347310550171030408e-02
1.262658025764028707e+03	2.358596182042460299e-01	1.587518251667796310e-01	2.595870757731114642e-01	1.582678041341959718e-01	7.505011112745395285e-02	2.894550056565344323e-02	8.353806502818678092e-02
1.264109356828125556e+03	2.356625078647042182e-01	1.586389953927939689e-01	2.597016955940682492e-01	1.583508082307934495e-01	7.508686406168693650e-02	2.895620756211735383e-02	8.360292129346307000e-02
1.265560687892221949e+03	2.354657627335009218e-01	1.585263384216842875e-01	2.598161061510922965e-01	1.584336680674345299e-01	7.512355152641027323e-02	2.896689864208325596e-02	8.366767445742170906e-02
1.267012018956318798e+03	2.352693821375201888e-01	1.584138539830596271e-01	2.599303079069505418e-01	1.585163838232054312e-01	7.516017363493797399e-02	2.897757383425766248e-02	8.373232467969585202e-02
1.268463350020415419e+03	2.350733654049142196e-01	1.583015418069673719e-01	2.600443013218600719e-01	1.585989556784558885e-01	7.519673050046582485e-02	2.898823316729431249e-02	8.379687211966961591e-02
1.269914681084511813e+03	2.348777118651002860e-01	1.581894016238922784e-01	2.601580868535268709e-01	1.586813838147653200e-01	7.523322223606977721e-02	2.899887666979426154e-02	8.386131693647855267e-02
1.271366012148608434e+03	2.346824208487576502e-01	1.580774331647556430e-01	2.602716649571835683e-01	1.587636684149099087e-01	7.526964895470461547e-02	2.900950437030597878e-02	8.392565928901001004e-02
1.272817343212705055e+03	2.344874916878246507e-01	1.579656361609142468e-01	2.603850360856266866e-01	1.588458096628303506e-01	7.530601076920247217e-02	2.902011629732544756e-02	8.398989933590350621e-02
1.274268674276801676e+03	2.342929237154957878e-01	1.578540103441596065e-01	2.604982006892530566e-01	1.589278077435999637e-01	7.534230779227146790e-02	2.903071247929626605e-02	8.405403723555113227e-02
1.275720005340898297e+03	2.340987162662187260e-01	1.577425554467171143e-01	2.606111592160954005e-01	1.590096628433938786e-01	7.537854013649437912e-02	2.904129294460974439e-02	8.411807314609801023e-02
1.277171336404994690e+03	2.339048686756912965e-01	1.576312712012449269e-01	2.607239121118577474e-01	1.590913751494583417e-01	7.541470791432731968e-02	2.905185772160499835e-02	8.418200722544262604e-02
1.278622667469091539e+03	2.337113802808586660e-01	1.575201573408332445e-01	2.608364598199494067e-01	1.591729448500811550e-01	7.545081123809847801e-02	2.906240683856905344e-02	8.424583963123724595e-02
1.280073998533187932e+03	2.335182504199103948e-01	1.574092135990033947e-01	2.609488027815189404e-01	1.592543721345624219e-01	7.548685022000686806e-02	2.907294032373693854e-02	8.430957052088827730e-02
1.281525329597284326e+03	2.333254784322776887e-01	1.572984397097069997e-01	2.610609414354870261e-01	1.593356571931858756e-01	7.552282497212113588e-02	2.908345820529178657e-02	8.437320005155674041e-02
1.282976660661381175e+03	2.331330636586302629e-01	1.571878354073249495e-01	2.611728762185791530e-01	1.594168002171910126e-01	7.555873560637833830e-02	2.909396051136492814e-02	8.443672838015855997e-02
1.284427991725477568e+03	2.329410054408737885e-01	1.570774004266668189e-01	2.612846075653572631e-01	1.594978013987454479e-01	7.559458223458281889e-02	2.910444727003598867e-02	8.450015566336503692e-02
1.285879322789574417e+03	2.327493031221468667e-01	1.569671345029697573e-01	2.613961359082510039e-01	1.595786609309182702e-01	7.563036496840508383e-02	2.911491850933298209e-02	8.456348205760319536e-02
1.287330653853671038e+03	2.325579560468183371e-01	1.568570373718977118e-01	2.615074616775883709e-01	1.596593790076534791e-01	7.566608391938071942e-02	2.912537425723242188e-02	8.462670771905621281e-02
1.288781984917767431e+03	2.323669635604844741e-01	1.567471087695405663e-01	2.616185853016254059e-01	1.597399558237443395e-01	7.570173919890928194e-02	2.913581454165940082e-02	8.468983280366375321e-02
1.290233315981864052e+03	2.321763250099661002e-01	1.566373484324133925e-01	2.617295072065762285e-01	1.598203915748080683e-01	7.573733091825333996e-02	2.914623939048768819e-02	8.475285746712241108e-02
