1.001418434226643626e+03	2.780618259140827941e-01	1.821021877876368156e-01	2.349845766556674931e-01	1.408054783655184328e-01	6.751431965497234344e-02	2.661766225278107759e-02	6.991394936896792867e-02
1.002869765290740247e+03	2.777882607652743530e-01	1.819512642740288011e-01	2.351609643829955798e-01	1.409057572961006644e-01	6.757024488702695342e-02	2.662834047630165818e-02	6.999516791789887893e-02
1.004321096354836754e+03	2.775152007058933057e-01	1.818005725316675925e-01	2.353370805378089126e-01	1.410058553608847798e-01	6.762608274133057040e-02	2.663900262847532577e-02	7.007620549356650963e-02
1.005772427418933376e+03	2.772426448250543407e-01	1.816501122044211491e-01	2.355129255055995185e-01	1.411057728923381382e-01	6.768183288384972685e-02	2.664964873842475684e-02	7.015706294993930003e-02
1.007223758483029997e+03	2.769705922134738652e-01	1.814998829366911703e-01	2.356884996405202159e-01	1.412055102223264968e-01	6.773749502328328675e-02	2.666027883522006925e-02	7.023774112811193016e-02
1.008675089547126618e+03	2.766990419634557941e-01	1.813498843734036026e-01	2.358638032689029662e-01	1.413050676821147877e-01	6.779306890693354015e-02	2.667089294787894707e-02	7.031824085693735849e-02
1.010126420611223239e+03	2.764279931688802816e-01	1.812001161600008126e-01	2.360388366924268400e-01	1.414044456023683949e-01	6.784855431697969785e-02	2.668149110536671004e-02	7.039856295360431837e-02
1.011577751675319632e+03	2.761574449251921748e-01	1.810505779424340378e-01	2.362136001909703187e-01	1.415036443131539867e-01	6.790395106711460960e-02	2.669207333659641065e-02	7.047870822416546499e-02
1.013029082739416367e+03	2.758873963293912990e-01	1.809012693671571137e-01	2.363880940251787410e-01	1.416026641439408207e-01	6.795925899950915061e-02	2.670263967042892442e-02	7.055867746402100238e-02
1.014480413803512761e+03	2.756178464800232986e-01	1.807521900811204230e-01	2.365623184387744826e-01	1.417015054236015481e-01	6.801447798207231610e-02	2.671319013567303308e-02	7.063847145836193997e-02
1.015931744867609382e+03	2.753487944771714768e-01	1.806033397317659273e-01	2.367362736606357654e-01	1.418001684804133244e-01	6.806960790597815780e-02	2.672372476108553219e-02	7.071809098257690607e-02
1.017383075931706003e+03	2.750802394224489134e-01	1.804547179670225876e-01	2.369099599066658568e-01	1.418986536420589195e-01	6.812464868343343083e-02	2.673424357537130397e-02	7.079753680262611260e-02
1.018834406995802851e+03	2.748121804189920803e-01	1.803063244353021455e-01	2.370833773814740586e-01	1.419969612356275779e-01	6.817960024566259436e-02	2.674474660718340752e-02	7.087680967538526056e-02
1.020285738059899245e+03	2.745446165714541253e-01	1.801581587854956812e-01	2.372565262798864982e-01	1.420950915876162401e-01	6.823446254108880837e-02	2.675523388512317247e-02	7.095591034896264748e-02
1.021737069123995752e+03	2.742775469859994319e-01	1.800102206669702831e-01	2.374294067883034320e-01	1.421930450239302923e-01	6.828923553369189992e-02	2.676570543774028574e-02	7.103483956299164181e-02
1.023188400188092373e+03	2.740109707702980679e-01	1.798625097295663555e-01	2.376020190859181036e-01	1.422908218698848426e-01	6.834391920152588229e-02	2.677616129353287133e-02	7.111359804890121650e-02
1.024639731252188767e+03	2.737448870335209561e-01	1.797150256235950649e-01	2.377743633458111738e-01	1.423884224502055817e-01	6.839851353538062284e-02	2.678660148094759441e-02	7.119218653016631815e-02
1.026091062316285615e+03	2.734792948863357109e-01	1.795677679998361753e-01	2.379464397359322969e-01	1.424858470890298101e-01	6.845301853757351784e-02	2.679702602837973069e-02	7.127060572254004245e-02
1.027542393380382237e+03	2.732141934409021422e-01	1.794207365095361606e-01	2.381182484199803884e-01	1.425830961099074645e-01	6.850743422085840695e-02	2.680743496417326358e-02	7.134885633426944762e-02
1.028993724444478858e+03	2.729495818108686467e-01	1.792739308044065394e-01	2.382897895581923831e-01	1.426801698358020898e-01	6.856176060744036127e-02	2.681782831662096050e-02	7.142693906629629663e-02
1.030445055508575479e+03	2.726854591113685444e-01	1.791273505366223762e-01	2.384610633080495035e-01	1.427770685890918656e-01	6.861599772808606168e-02	2.682820611396448049e-02	7.150485461244444896e-02
1.031896386572671872e+03	2.724218244590169147e-01	1.789809953588210323e-01	2.386320698249093375e-01	1.428737926915705780e-01	6.867014562132038591e-02	2.683856838439443657e-02	7.158260365959465132e-02
1.033347717636768493e+03	2.721586769719073762e-01	1.788348649241011390e-01	2.388028092625705534e-01	1.429703424644486465e-01	6.872420433270065576e-02	2.684891515605049642e-02	7.166018688784847601e-02
1.034799048700865114e+03	2.718960157696093671e-01	1.786889588860216815e-01	2.389732817737775794e-01	1.430667182283540673e-01	6.877817391416128634e-02	2.685924645702145175e-02	7.173760497068193409e-02
1.036250379764961508e+03	2.716338399731653697e-01	1.785432768986010832e-01	2.391434875106706881e-01	1.431629203033334408e-01	6.883205442342166247e-02	2.686956231534533279e-02	7.181485857508983217e-02
1.037701710829058356e+03	2.713721487050883563e-01	1.783978186163167334e-01	2.393134266251868980e-01	1.432589490088529705e-01	6.888584592345121937e-02	2.687986275900947075e-02	7.189194836172187186e-02
1.039153041893154750e+03	2.711109410893593474e-01	1.782525836941041553e-01	2.394830992694168548e-01	1.433548046637993789e-01	6.893954848198619034e-02	2.689014781595058454e-02	7.196887498501097769e-02
1.040604372957251599e+03	2.708502162514254130e-01	1.781075717873568387e-01	2.396525055959218276e-01	1.434504875864809625e-01	6.899316217109278948e-02	2.690041751405487444e-02	7.204563909329472771e-02
1.042055704021347992e+03	2.705899733181972855e-01	1.779627825519257966e-01	2.398216457580147065e-01	1.435459980946285907e-01	6.904668706677259682e-02	2.691067188115810194e-02	7.212224132893037265e-02
1.043507035085444613e+03	2.703302114180473059e-01	1.778182156441190376e-01	2.399905199100089426e-01	1.436413365053966218e-01	6.910012324860570487e-02	2.692091094504567295e-02	7.219868232840416511e-02
1.044958366149541234e+03	2.700709296808075366e-01	1.776738707207016488e-01	2.401591282074381772e-01	1.437365031353638745e-01	6.915347079942822661e-02	2.693113473345273151e-02	7.227496272243522091e-02
1.046409697213637855e+03	2.698121272377678737e-01	1.775297474388954355e-01	2.403274708072498100e-01	1.438314983005347381e-01	6.920672980504063987e-02	2.694134327406424306e-02	7.235108313607471753e-02
1.047861028277734476e+03	2.695538032216742153e-01	1.773858454563788656e-01	2.404955478679748071e-01	1.439263223163399497e-01	6.925990035394403999e-02	2.695153659451506381e-02	7.242704418880055450e-02
1.049312359341831097e+03	2.692959567667265741e-01	1.772421644312870137e-01	2.406633595498765821e-01	1.440209754976377599e-01	6.931298253710156676e-02	2.696171472239004482e-02	7.250284649460793374e-02
1.050763690405927491e+03	2.690385870085776343e-01	1.770987040222114783e-01	2.408309060150806424e-01	1.441154581587147931e-01	6.936597644772253546e-02	2.697187768522410836e-02	7.257849066209628996e-02
1.052215021470024112e+03	2.687816930843309193e-01	1.769554638882004094e-01	2.409981874276868608e-01	1.442097706132870749e-01	6.941888218106712083e-02	2.698202551050232420e-02	7.265397729455275178e-02
1.053666352534120733e+03	2.685252741325391823e-01	1.768124436887586193e-01	2.411652039538668135e-01	1.443039131745009473e-01	6.947169983426948470e-02	2.699215822566000678e-02	7.272930699003241073e-02
1.055117683598217127e+03	2.682693292932029072e-01	1.766696430838474718e-01	2.413319557619467148e-01	1.443978861549341242e-01	6.952442950617770956e-02	2.700227585808279845e-02	7.280448034143574554e-02
1.056569014662313975e+03	2.680138577077686990e-01	1.765270617338851600e-01	2.414984430224783041e-01	1.444916898665966065e-01	6.957707129720866468e-02	2.701237843510673545e-02	7.287949793658335396e-02
1.058020345726410369e+03	2.677588585191277293e-01	1.763846992997467056e-01	2.416646659082982984e-01	1.445853246209316267e-01	6.962962530921673610e-02	2.702246598401836578e-02	7.295436035828815891e-02
1.059471676790506763e+03	2.675043308716142931e-01	1.762425554427639596e-01	2.418306245945778532e-01	1.446787907288167030e-01	6.968209164537458866e-02	2.703253853205479784e-02	7.302906818442542192e-02
1.060923007854603611e+03	2.672502739110043657e-01	1.761006298247259905e-01	2.419963192588631962e-01	1.447720885005644720e-01	6.973447041006523850e-02	2.704259610640380104e-02	7.310362198800052225e-02
1.062374338918700232e+03	2.669966867845140479e-01	1.759589221078790566e-01	2.421617500811079071e-01	1.448652182459238824e-01	6.978676170878404805e-02	2.705263873420389251e-02	7.317802233721482086e-02
1.063825669982796853e+03	2.667435686407981232e-01	1.758174319549267450e-01	2.423269172436980368e-01	1.449581802740808611e-01	6.983896564804974172e-02	2.706266644254441689e-02	7.325226979552970641e-02
1.065277001046893474e+03	2.664909186299487254e-01	1.756761590290301378e-01	2.424918209314710082e-01	1.450509748936595067e-01	6.989108233532376202e-02	2.707267925846562270e-02	7.332636492172880938e-02
1.066728332110990095e+03	2.662387359034937284e-01	1.755351029938081453e-01	2.426564613317283570e-01	1.451436024127230329e-01	6.994311187893678672e-02	2.708267720895875599e-02	7.340030826997880065e-02
1.068179663175086489e+03	2.659870196143954701e-01	1.753942635133373673e-01	2.428208386342434466e-01	1.452360631387745460e-01	6.999505438802210155e-02	2.709266032096614013e-02	7.347410038988855252e-02
1.069630994239183110e+03	2.657357689170492532e-01	1.752536402521523984e-01	2.429849530312646610e-01	1.453283573787582383e-01	7.004690997245489881e-02	2.710262862138125214e-02	7.354774182656691195e-02
1.071082325303279504e+03	2.654849829672819572e-01	1.751132328752461331e-01	2.431488047175143219e-01	1.454204854390601931e-01	7.009867874279704369e-02	2.711258213704882333e-02	7.362123312067921088e-02
1.072533656367376352e+03	2.652346609223505403e-01	1.749730410480696552e-01	2.433123938901838867e-01	1.455124476255093835e-01	7.015036081024678127e-02	2.712252089476490866e-02	7.369457480850254150e-02
1.073984987431472746e+03	2.649848019409407063e-01	1.748330644365325981e-01	2.434757207489262054e-01	1.456042442433786721e-01	7.020195628659280096e-02	2.713244492127695959e-02	7.376776742197974079e-02
1.075436318495569594e+03	2.647354051831655730e-01	1.746933027070032285e-01	2.436387854958444454e-01	1.456958755973857267e-01	7.025346528417246439e-02	2.714235424328393861e-02	7.384081148877236211e-02
1.076887649559666215e+03	2.644864698105639511e-01	1.745537555263085849e-01	2.438015883354787416e-01	1.457873419916939917e-01	7.030488791583348884e-02	2.715224888743636433e-02	7.391370753231264745e-02
1.078338980623762609e+03	2.642379949860991784e-01	1.744144225617346444e-01	2.439641294747904587e-01	1.458786437299136041e-01	7.035622429489907237e-02	2.716212888033642942e-02	7.398645607185436179e-02
1.079790311687859230e+03	2.639899798741577874e-01	1.742753034810264612e-01	2.441264091231444278e-01	1.459697811151023650e-01	7.040747453513590548e-02	2.717199424853805612e-02	7.405905762252280866e-02
1.081241642751955851e+03	2.637424236405476186e-01	1.741363979523883609e-01	2.442884274922894894e-01	1.460607544497667387e-01	7.045863875072480575e-02	2.718184501854699342e-02	7.413151269536383259e-02
1.082692973816052472e+03	2.634953254524968758e-01	1.739977056444839409e-01	2.444501847963374830e-01	1.461515640358627133e-01	7.050971705623390595e-02	2.719168121682089337e-02	7.420382179739207218e-02
1.084144304880149093e+03	2.632486844786523505e-01	1.738592262264363475e-01	2.446116812517406813e-01	1.462422101747968828e-01	7.056070956659396542e-02	2.720150286976939780e-02	7.427598543163826950e-02
1.085595635944245487e+03	2.630024998890781451e-01	1.737209593678282482e-01	2.447729170772684204e-01	1.463326931674272802e-01	7.061161639707566606e-02	2.721131000375421813e-02	7.434800409719591330e-02
1.087046967008342108e+03	2.627567708552542292e-01	1.735829047387020818e-01	2.449338924939823969e-01	1.464230133140643209e-01	7.066243766326872622e-02	2.722110264508921865e-02	7.441987828926698023e-02
1.088498298072438729e+03	2.625114965500747743e-01	1.734450620095600304e-01	2.450946077252111055e-01	1.465131709144718297e-01	7.071317348106265221e-02	2.723088082004049282e-02	7.449160849920707927e-02
1.089949629136535123e+03	2.622666761478469888e-01	1.733074308513642414e-01	2.452550629965236373e-01	1.466031662678679293e-01	7.076382396662889152e-02	2.724064455482645697e-02	7.456319521456983290e-02
1.091400960200631971e+03	2.620223088242892850e-01	1.731700109355368833e-01	2.454152585357029237e-01	1.466929996729260388e-01	7.081438923640442917e-02	2.725039387561791968e-02	7.463463891915052273e-02
1.092852291264728365e+03	2.617783937565301700e-01	1.730328019339600898e-01	2.455751945727180918e-01	1.467826714277756517e-01	7.086486940707657778e-02	2.726012880853817197e-02	7.470594009302920779e-02
1.094303622328825213e+03	2.615349301231064683e-01	1.728958035189762377e-01	2.457348713396968476e-01	1.468721818300035564e-01	7.091526459556869721e-02	2.726984937966306366e-02	7.477709921261307957e-02
1.095754953392921607e+03	2.612919171039620458e-01	1.727590153633878356e-01	2.458942890708969709e-01	1.469615311766545862e-01	7.096557491902717729e-02	2.727955561502109355e-02	7.484811675067827574e-02
1.097206284457018228e+03	2.610493538804460334e-01	1.726224371404577462e-01	2.460534480026780879e-01	1.470507197642325070e-01	7.101580049480911427e-02	2.728924754059348229e-02	7.491899317641105560e-02
1.098657615521114849e+03	2.608072396353115496e-01	1.724860685239090752e-01	2.462123483734726948e-01	1.471397478887011279e-01	7.106594144047091721e-02	2.729892518231425216e-02	7.498972895544846196e-02
1.100108946585211470e+03	2.605655735527141470e-01	1.723499091879253098e-01	2.463709904237573189e-01	1.472286158454851612e-01	7.111599787375759429e-02	2.730858856607031732e-02	7.506032454991831693e-02
1.101560277649308091e+03	2.603243548182100908e-01	1.722139588071503191e-01	2.465293743960236816e-01	1.473173239294710557e-01	7.116596991259280247e-02	2.731823771770156353e-02	7.513078041847871813e-02
1.103011608713404712e+03	2.600835826187549715e-01	1.720782170566884095e-01	2.466875005347493877e-01	1.474058724350081340e-01	7.121585767506936893e-02	2.732787266300092457e-02	7.520109701635700750e-02
1.104462939777501106e+03	2.598432561427023169e-01	1.719426836121042690e-01	2.468453690863690320e-01	1.474942616559094255e-01	7.126566127944056195e-02	2.733749342771445850e-02	7.527127479538822663e-02
1.105914270841597499e+03	2.596033745798016490e-01	1.718073581494229951e-01	2.470029802992449730e-01	1.475824918854524714e-01	7.131538084411169487e-02	2.734710003754144483e-02	7.534131420405301705e-02
1.107365601905694348e+03	2.593639371211973743e-01	1.716722403451302059e-01	2.471603344236384392e-01	1.476705634163805181e-01	7.136501648763231287e-02	2.735669251813444697e-02	7.541121568751502080e-02
1.108816932969790741e+03	2.591249429594267295e-01	1.715373298761718734e-01	2.473174317116805243e-01	1.477584765409032386e-01	7.141456832868872673e-02	2.736627089509941282e-02	7.548097968765785093e-02
1.110268264033887590e+03	2.588863912884186158e-01	1.714026264199543237e-01	2.474742724173434327e-01	1.478462315506977320e-01	7.146403648609703230e-02	2.737583519399573034e-02	7.555060664312149288e-02
1.111719595097984211e+03	2.586482813034918782e-01	1.712681296543443199e-01	2.476308567964116969e-01	1.479338287369094673e-01	7.151342107879637977e-02	2.738538544033633851e-02	7.562009698933831736e-02
1.113170926162080832e+03	2.584106122013534734e-01	1.711338392576689238e-01	2.477871851064537556e-01	1.480212683901532267e-01	7.156272222584264542e-02	2.739492165958777592e-02	7.568945115856860750e-02
1.114622257226177226e+03	2.581733831800973600e-01	1.709997549087154955e-01	2.479432576067935323e-01	1.481085508005138829e-01	7.161194004640231148e-02	2.740444387717029182e-02	7.575866957993557249e-02
1.116073588290273847e+03	2.579365934392024440e-01	1.708658762867316661e-01	2.480990745584822355e-01	1.481956762575475373e-01	7.166107465974672075e-02	2.741395211845789812e-02	7.582775267946000042e-02
1.117524919354370468e+03	2.577002421795311360e-01	1.707322030714252259e-01	2.482546362242704363e-01	1.482826450502823801e-01	7.171012618524655324e-02	2.742344640877847350e-02	7.589670088009443927e-02
1.118976250418467089e+03	2.574643286033277412e-01	1.705987349429640421e-01	2.484099428685802580e-01	1.483694574672194677e-01	7.175909474236644159e-02	2.743292677341382935e-02	7.596551460175693382e-02
1.120427581482563710e+03	2.572288519142167385e-01	1.704654715819760025e-01	2.485649947574780361e-01	1.484561137963338051e-01	7.180798045065994728e-02	2.744239323759978949e-02	7.603419426136438786e-02
1.121878912546660331e+03	2.569938113172013372e-01	1.703324126695490437e-01	2.487197921586467020e-01	1.485426143250752340e-01	7.185678342976462019e-02	2.745184582652628047e-02	7.610274027286546838e-02
1.123330243610756725e+03	2.567592060186617009e-01	1.701995578872309289e-01	2.488743353413590265e-01	1.486289593403693488e-01	7.190550379939725234e-02	2.746128456533740089e-02	7.617115304727309355e-02
1.124781574674853118e+03	2.565250352263531708e-01	1.700669069170291647e-01	2.490286245764506967e-01	1.487151491286182736e-01	7.195414167934939542e-02	2.747070947913150818e-02	7.623943299269657359e-02
1.126232905738949967e+03	2.562912981494048781e-01	1.699344594414108622e-01	2.491826601362937821e-01	1.488011839757018284e-01	7.200269718948286435e-02	2.748012059296129489e-02	7.630758051437327993e-02
1.127684236803046360e+03	2.560579939983178011e-01	1.698022151433027649e-01	2.493364422947704773e-01	1.488870641669783057e-01	7.205117044972553231e-02	2.748951793183386852e-02	7.637559601470000903e-02
1.129135567867143209e+03	2.558251219849634328e-01	1.696701737060909709e-01	2.494899713272470954e-01	1.489727899872853589e-01	7.209956158006719518e-02	2.749890152071083130e-02	7.644347989326390203e-02
1.130586898931239830e+03	2.555926813225816718e-01	1.695383348136209334e-01	2.496432475105483106e-01	1.490583617209409184e-01	7.214787070055556084e-02	2.750827138450835305e-02	7.651123254687298980e-02
1.132038229995336451e+03	2.553606712257794897e-01	1.694066981501972380e-01	2.497962711229317345e-01	1.491437796517441905e-01	7.219609793129240505e-02	2.751762754809726833e-02	7.657885436958641878e-02
1.133489561059432845e+03	2.551290909105290994e-01	1.692752634005835199e-01	2.499490424440626024e-01	1.492290440629764903e-01	7.224424339242971338e-02	2.752697003630313541e-02	7.664634575274423267e-02
1.134940892123529466e+03	2.548979395941662340e-01	1.691440302500021864e-01	2.501015617549889325e-01	1.493141552374022130e-01	7.229230720416608691e-02	2.753629887390632303e-02	7.671370708499686275e-02
1.136392223187626087e+03	2.546672164953884265e-01	1.690129983841344441e-01	2.502538293381169066e-01	1.493991134572696389e-01	7.234028948674306458e-02	2.754561408564209710e-02	7.678093875233422960e-02
1.137843554251722708e+03	2.544369208342534550e-01	1.688821674891199942e-01	2.504058454771864728e-01	1.494839190043119603e-01	7.238819036044177868e-02	2.755491569620067971e-02	7.684804113811442849e-02
1.139294885315819101e+03	2.542070518321775108e-01	1.687515372515569212e-01	2.505576104572472818e-01	1.495685721597480866e-01	7.243600994557934658e-02	2.756420373022736015e-02	7.691501462309222048e-02
1.140746216379915950e+03	2.539776087119334225e-01	1.686211073585015818e-01	2.507091245646347888e-01	1.496530732042835876e-01	7.248374836250574826e-02	2.757347821232253651e-02	7.698185958544703777e-02
1.142197547444012343e+03	2.537485906976491012e-01	1.684908774974682721e-01	2.508603880869467728e-01	1.497374224181116098e-01	7.253140573160042626e-02	2.758273916704181636e-02	7.704857640081071157e-02
1.143648878508108737e+03	2.535199970148055426e-01	1.683608473564290609e-01	2.510114013130201327e-01	1.498216200809137921e-01	7.257898217326914925e-02	2.759198661889609647e-02	7.711516544229489456e-02
1.145100209572205586e+03	2.532918268902354386e-01	1.682310166238137616e-01	2.511621645329077390e-01	1.499056664718611542e-01	7.262647780794095898e-02	2.760122059235163225e-02	7.718162708051808096e-02
1.146551540636302207e+03	2.530640795521210129e-01	1.681013849885095723e-01	2.513126780378558967e-01	1.499895618696149013e-01	7.267389275606500609e-02	2.761044111183011060e-02	7.724796168363233517e-02
1.148002871700398828e+03	2.528367542299925774e-01	1.679719521398609083e-01	2.514629421202817516e-01	1.500733065523274234e-01	7.272122713810766359e-02	2.761964820170874357e-02	7.731416961734974280e-02
1.149454202764495449e+03	2.526098501547267561e-01	1.678427177676691806e-01	2.516129570737512533e-01	1.501569007976432391e-01	7.276848107454957082e-02	2.762884188632033777e-02	7.738025124496847318e-02
1.150905533828591842e+03	2.523833665585446528e-01	1.677136815621926014e-01	2.517627231929571163e-01	1.502403448826997723e-01	7.281565468588269141e-02	2.763802218995337415e-02	7.744620692739860590e-02
1.152356864892688463e+03	2.521573026750100199e-01	1.675848432141459066e-01	2.519122407736973379e-01	1.503236390841282688e-01	7.286274809260762098e-02	2.764718913685208432e-02	7.751203702318756883e-02
1.153808195956785084e+03	2.519316577390275924e-01	1.674562024147001615e-01	2.520615101128536595e-01	1.504067836780548229e-01	7.290976141523071441e-02	2.765634275121653038e-02	7.757774188854529851e-02
1.155259527020881706e+03	2.517064309868413674e-01	1.673277588554825113e-01	2.522105315083705834e-01	1.504897789401010710e-01	7.295669477426142135e-02	2.766548305720267775e-02	7.764332187736916469e-02
1.156710858084978327e+03	2.514816216560326056e-01	1.671995122285759583e-01	2.523593052592345010e-01	1.505726251453851916e-01	7.300354829020962166e-02	2.767461007892247846e-02	7.770877734126846459e-02
1.158162189149074720e+03	2.512572289855183327e-01	1.670714622265190574e-01	2.525078316654529864e-01	1.506553225685227648e-01	7.305032208358297474e-02	2.768372384044394049e-02	7.777410862958880622e-02
1.159613520213171569e+03	2.510332522155492296e-01	1.669436085423057214e-01	2.526561110280346467e-01	1.507378714836276890e-01	7.309701627488437992e-02	2.769282436579121806e-02	7.783931608943600589e-02
1.161064851277267962e+03	2.508096905877081340e-01	1.668159508693849713e-01	2.528041436489688043e-01	1.508202721643130684e-01	7.314363098460942292e-02	2.770191167894467399e-02	7.790440006569986087e-02
1.162516182341364356e+03	2.505865433449079860e-01	1.666884889016605475e-01	2.529519298312059572e-01	1.509025248836920463e-01	7.319016633324385013e-02	2.771098580384097343e-02	7.796936090107751960e-02
1.163967513405461204e+03	2.503638097313904409e-01	1.665612223334907716e-01	2.530994698786379615e-01	1.509846299143787762e-01	7.323662244126122323e-02	2.772004676437314283e-02	7.803419893609667146e-02
1.165418844469557826e+03	2.501414889927234264e-01	1.664341508596881569e-01	2.532467640960787691e-01	1.510665875284891713e-01	7.328299942912040732e-02	2.772909458439065319e-02	7.809891450913838962e-02
1.166870175533654447e+03	2.499195803757999212e-01	1.663072741755192985e-01	2.533938127892453873e-01	1.511483979976419034e-01	7.332929741726323947e-02	2.773812928769951378e-02	7.816350795645972405e-02
1.168321506597751068e+03	2.496980831288358738e-01	1.661805919767043449e-01	2.535406162647388939e-01	1.512300615929592640e-01	7.337551652611222497e-02	2.774715089806231369e-02	7.822797961221604479e-02
1.169772837661847461e+03	2.494769965013683699e-01	1.660541039594169432e-01	2.536871748300260632e-01	1.513115785850679962e-01	7.342165687606816427e-02	2.775615943919832948e-02	7.829232980848312151e-02
1.171224168725944082e+03	2.492563197442538847e-01	1.659278098202837670e-01	2.538334887934206585e-01	1.513929492441002389e-01	7.346771858750801576e-02	2.776515493478358756e-02	7.835655887527886998e-02
1.172675499790040703e+03	2.490360521096664503e-01	1.658017092563842942e-01	2.539795584640655579e-01	1.514741738396943038e-01	7.351370178078253659e-02	2.777413740845094750e-02	7.842066714058495980e-02
1.174126830854137097e+03	2.488161928510957688e-01	1.656758019652504743e-01	2.541253841519147127e-01	1.515552526409956469e-01	7.355960657621420096e-02	2.778310688379017138e-02	7.848465493036804741e-02
1.175578161918233945e+03	2.485967412233455187e-01	1.655500876448664782e-01	2.542709661677155508e-01	1.516361859166577009e-01	7.360543309409497970e-02	2.779206338434800014e-02	7.854852256860084259e-02
1.177029492982330339e+03	2.483776964825313016e-01	1.654245659936682544e-01	2.544163048229914348e-01	1.517169739348427637e-01	7.365118145468423083e-02	2.780100693362823339e-02	7.861227037728289735e-02
1.178480824046426733e+03	2.481590578860789764e-01	1.652992367105433069e-01	2.545614004300243982e-01	1.517976169632228589e-01	7.369685177820665956e-02	2.780993755509180571e-02	7.867589867646111734e-02
1.179932155110523581e+03	2.479408246927227999e-01	1.651740994948303898e-01	2.547062533018383257e-01	1.518781152689805680e-01	7.374244418485016717e-02	2.781885527215685952e-02	7.873940778425006504e-02
1.181383486174620202e+03	2.477229961625035115e-01	1.650491540463190909e-01	2.548508637521818554e-01	1.519584691188100023e-01	7.378795879476390818e-02	2.782776010819881796e-02	7.880279801685204089e-02
1.182834817238716823e+03	2.475055715567665848e-01	1.649244000652494990e-01	2.549952320955121143e-01	1.520386787789175242e-01	7.383339572805626416e-02	2.783665208655047157e-02	7.886606968857685918e-02
1.184286148302813444e+03	2.472885501381602291e-01	1.647998372523119537e-01	2.551393586469780650e-01	1.521187445150227469e-01	7.387875510479285923e-02	2.784553123050203388e-02	7.892922311186148510e-02
1.185737479366910065e+03	2.470719311706336685e-01	1.646754653086466569e-01	2.552832437224045181e-01	1.521986665923593385e-01	7.392403704499464490e-02	2.785439756330124542e-02	7.899225859728932486e-02
1.187188810431006686e+03	2.468557139194352268e-01	1.645512839358432844e-01	2.554268876382762010e-01	1.522784452756758555e-01	7.396924166863598493e-02	2.786325110815341538e-02	7.905517645360939094e-02
1.188640141495103080e+03	2.466398976511105512e-01	1.644272928359406527e-01	2.555702907117219924e-01	1.523580808292366862e-01	7.401436909564279576e-02	2.787209188822152919e-02	7.911797698775518972e-02
1.190091472559199701e+03	2.464244816335006139e-01	1.643034917114264415e-01	2.557134532604991017e-01	1.524375735168228829e-01	7.405941944589064518e-02	2.788091992662629706e-02	7.918066050486338714e-02
1.191542803623296322e+03	2.462094651357398800e-01	1.641798802652367217e-01	2.558563756029783587e-01	1.525169236017329399e-01	7.410439283920296216e-02	2.788973524644624766e-02	7.924322730829226613e-02
1.192994134687392716e+03	2.459948474282545594e-01	1.640564582007556782e-01	2.559990580581285036e-01	1.525961313467837643e-01	7.414928939534923269e-02	2.789853787071778710e-02	7.930567769963992042e-02
1.194445465751489564e+03	2.457806277827606356e-01	1.639332252218151653e-01	2.561415009455013103e-01	1.526751970143114812e-01	7.419410923404325120e-02	2.790732782243528914e-02	7.936801197876236502e-02
1.195896796815585958e+03	2.455668054722619786e-01	1.638101810326944019e-01	2.562837045852170981e-01	1.527541208661722660e-01	7.423885247494135808e-02	2.791610512455116114e-02	7.943023044379125819e-02
1.197348127879682352e+03	2.453533797710485131e-01	1.636873253381195270e-01	2.564256692979500762e-01	1.528329031637432611e-01	7.428351923764070497e-02	2.792486979997590990e-02	7.949233339115152619e-02
1.198799458943779200e+03	2.451403499546943310e-01	1.635646578432632947e-01	2.565673954049139116e-01	1.529115441679233522e-01	7.432810964167758938e-02	2.793362187157824236e-02	7.955432111557877994e-02
1.200250790007875821e+03	2.449277153000559148e-01	1.634421782537446854e-01	2.567088832278474619e-01	1.529900441391341404e-01	7.437262380652578941e-02	2.794236136218510372e-02	7.961619391013645408e-02
1.201702121071972442e+03	2.447154750852700289e-01	1.633198862756284342e-01	2.568501330890009537e-01	1.530684033373206354e-01	7.441706185159491227e-02	2.795108829458178845e-02	7.967795206623279336e-02
1.203153452136069063e+03	2.445036285897520534e-01	1.631977816154247252e-01	2.569911453111222155e-01	1.531466220219522001e-01	7.446142389622874280e-02	2.795980269151198544e-02	7.973959587363768642e-02
1.204604783200165684e+03	2.442921750941939307e-01	1.630758639800887755e-01	2.571319202174427998e-01	1.532247004520234102e-01	7.450571005970371696e-02	2.796850457567786816e-02	7.980112562049916647e-02
1.206056114264262078e+03	2.440811138805624725e-01	1.629541330770204466e-01	2.572724581316646608e-01	1.533026388860548594e-01	7.454992046122731197e-02	2.797719396974016060e-02	7.986254159335985647e-02
1.207507445328358699e+03	2.438704442320973054e-01	1.628325886140637724e-01	2.574127593779468870e-01	1.533804375820940202e-01	7.459405521993649202e-02	2.798587089631821359e-02	7.992384407717315065e-02
1.208958776392455093e+03	2.436601654333090394e-01	1.627112302995066540e-01	2.575528242808926005e-01	1.534580967977160204e-01	7.463811445489619556e-02	2.799453537799008115e-02	7.998503335531920166e-02
1.210410107456551941e+03	2.434502767699773806e-01	1.625900578420804710e-01	2.576926531655360786e-01	1.535356167900246704e-01	7.468209828509785042e-02	2.800318743729258986e-02	8.004610970962075522e-02
1.211861438520648335e+03	2.432407775291492991e-01	1.624690709509595266e-01	2.578322463573297640e-01	1.536129978156531295e-01	7.472600682945790274e-02	2.801182709672141169e-02	8.010707342035879031e-02
1.213312769584745183e+03	2.430316669991370027e-01	1.623482693357607975e-01	2.579716041821318862e-01	1.536902401307647381e-01	7.476984020681631815e-02	2.802045437873114386e-02	8.016792476628793740e-02
1.214764100648841804e+03	2.428229444695161332e-01	1.622276527065433516e-01	2.581107269661940262e-01	1.537673439910540452e-01	7.481359853593515241e-02	2.802906930573537125e-02	8.022866402465175795e-02
1.216215431712937971e+03	2.426146092311238511e-01	1.621072207738080972e-01	2.582496150361487386e-01	1.538443096517474185e-01	7.485728193549721909e-02	2.803767190010674620e-02	8.028929147119780174e-02
1.217666762777034819e+03	2.424066605760569482e-01	1.619869732484972569e-01	2.583882687189974492e-01	1.539211373676039885e-01	7.490089052410459081e-02	2.804626218417706138e-02	8.034980738019255331e-02
1.219118093841131440e+03	2.421990977976699322e-01	1.618669098419939778e-01	2.585266883420985762e-01	1.539978273929165642e-01	7.494442442027729467e-02	2.805484018023732609e-02	8.041021202443615623e-02
1.220569424905228061e+03	2.419919201905731121e-01	1.617470302661218606e-01	2.586648742331558726e-01	1.540743799815122994e-01	7.498788374245193844e-02	2.806340591053782182e-02	8.047050567527697096e-02
1.222020755969324682e+03	2.417851270506307382e-01	1.616273342331446539e-01	2.588028267202063248e-01	1.541507953867536362e-01	7.503126860898041983e-02	2.807195939728820630e-02	8.053068860262595219e-02
1.223472087033421303e+03	2.415787176749590315e-01	1.615078214557655878e-01	2.589405461316093282e-01	1.542270738615390824e-01	7.507457913812856654e-02	2.808050066265754818e-02	8.059076107497084585e-02
1.224923418097517697e+03	2.413726913619244074e-01	1.613884916471271802e-01	2.590780327960347518e-01	1.543032156583040992e-01	7.511781544807485944e-02	2.808902972877442769e-02	8.065072335939030279e-02
1.226374749161614318e+03	2.411670474111413942e-01	1.612693445208106813e-01	2.592152870424521693e-01	1.543792210290218514e-01	7.516097765690921140e-02	2.809754661772699905e-02	8.071057572156771498e-02
1.227826080225710712e+03	2.409617851234708841e-01	1.611503797908356572e-01	2.593523092001197572e-01	1.544550902252040947e-01	7.520406588263167658e-02	2.810605135156305986e-02	8.077031842580498222e-02
1.229277411289807560e+03	2.407569038010181628e-01	1.610315971716594907e-01	2.594890995985731919e-01	1.545308234979019535e-01	7.524708024315118760e-02	2.811454395229012748e-02	8.082995173503601527e-02
1.230728742353903954e+03	2.405524027471309390e-01	1.609129963781769923e-01	2.596256585676151030e-01	1.546064210977068643e-01	7.529002085628445917e-02	2.812302444187550834e-02	8.088947591084022504e-02
1.232180073418000802e+03	2.403482812663975676e-01	1.607945771257199563e-01	2.597619864373046372e-01	1.546818832747512140e-01	7.533288783975466973e-02	2.813149284224637434e-02	8.094889121345569261e-02
1.233631404482097196e+03	2.401445386646450797e-01	1.606763391300566890e-01	2.598980835379465781e-01	1.547572102787092840e-01	7.537568131119033732e-02	2.813994917528982523e-02	8.100819790179231150e-02
1.235082735546193817e+03	2.399411742489371835e-01	1.605582821073915645e-01	2.600339502000814096e-01	1.548324023587980824e-01	7.541840138812420935e-02	2.814839346285296848e-02	8.106739623344470791e-02
1.236534066610290438e+03	2.397381873275725439e-01	1.604404057743644696e-01	2.601695867544750462e-01	1.549074597637780659e-01	7.546104818799206915e-02	2.815682572674298861e-02	8.112648646470503599e-02
1.237985397674387059e+03	2.395355772100827008e-01	1.603227098480505819e-01	2.603049935321084529e-01	1.549823827419541111e-01	7.550362182813162570e-02	2.816524598872722010e-02	8.118546885057560669e-02
1.239436728738483680e+03	2.393333432072302092e-01	1.602051940459596202e-01	2.604401708641683189e-01	1.550571715411760698e-01	7.554612242578143122e-02	2.817365427053320978e-02	8.124434364478141934e-02
1.240888059802580301e+03	2.391314846310067799e-01	1.600878580860355671e-01	2.605751190820369545e-01	1.551318264088399346e-01	7.558855009807978476e-02	2.818205059384879668e-02	8.130311109978242967e-02
1.242339390866676695e+03	2.389300007946313087e-01	1.599707016866561693e-01	2.607098385172827437e-01	1.552063475918883662e-01	7.563090496206366364e-02	2.819043498032218487e-02	8.136177146678583161e-02
1.243790721930773088e+03	2.387288910125480446e-01	1.598537245666324380e-01	2.608443295016504293e-01	1.552807353368116094e-01	7.567318713466766877e-02	2.819880745156200588e-02	8.142032499575807547e-02
1.245242052994869937e+03	2.385281546004245357e-01	1.597369264452082327e-01	2.609785923670519536e-01	1.553549898896483539e-01	7.571539673272302540e-02	2.820716802913739857e-02	8.147877193543678898e-02
1.246693384058966330e+03	2.383277908751498253e-01	1.596203070420596781e-01	2.611126274455572438e-01	1.554291114959864273e-01	7.575753387295651453e-02	2.821551673457807149e-02	8.153711253334257336e-02
1.248144715123063179e+03	2.381277991548325090e-01	1.595038660772948591e-01	2.612464350693847748e-01	1.555031004009637396e-01	7.579959867198950152e-02	2.822385358937437583e-02	8.159534703579064685e-02
1.249596046187159800e+03	2.379281787587988473e-01	1.593876032714531266e-01	2.613800155708928541e-01	1.555769568492689769e-01	7.584159124633696458e-02	2.823217861497737818e-02	8.165347568790227994e-02
1.251047377251256421e+03	2.377289290075907668e-01	1.592715183455048200e-01	2.615133692825706291e-01	1.556506810851424338e-01	7.588351171240650950e-02	2.824049183279893002e-02	8.171149873361630012e-02
1.252498708315352815e+03	2.375300492229641125e-01	1.591556110208507124e-01	2.616464965370293161e-01	1.557242733523769573e-01	7.592536018649739815e-02	2.824879326421173703e-02	8.176941641570019403e-02
1.253950039379449436e+03	2.373315387278865374e-01	1.590398810193215107e-01	2.617793976669935962e-01	1.557977338943184464e-01	7.596713678479963261e-02	2.825708293054943199e-02	8.182722897576132082e-02
1.255401370443546057e+03	2.371333968465356712e-01	1.589243280631773281e-01	2.619120730052929558e-01	1.558710629538669901e-01	7.600884162339305306e-02	2.826536085310663374e-02	8.188493665425781998e-02
1.256852701507642678e+03	2.369356229042973161e-01	1.588089518751072682e-01	2.620445228848535257e-01	1.559442607734773945e-01	7.605047481824639410e-02	2.827362705313903740e-02	8.194253969050953323e-02
1.258304032571739299e+03	2.367382162277633373e-01	1.586937521782290084e-01	2.621767476386894224e-01	1.560173275951602101e-01	7.609203648521639662e-02	2.828188155186346295e-02	8.200003832270864879e-02
1.259755363635835920e+03	2.365411761447298589e-01	1.585787286960881060e-01	2.623087475998948093e-01	1.560902636604823701e-01	7.613352674004696119e-02	2.829012437045794193e-02	8.205743278793038720e-02
1.261206694699932314e+03	2.363445019841954042e-01	1.584638811526577207e-01	2.624405231016359030e-01	1.561630692105680229e-01	7.617494569836824603e-02	2.829835553006177645e-02	8.211472332214338199e-02
1.262658025764028707e+03	2.361481930763588422e-01	1.583492092723378930e-01	2.625720744771426474e-01	1.562357444860993927e-01	7.621629347569587598e-02	2.830657505177560512e-02	8.217191016022014349e-02
1.264109356828125556e+03	2.359522487526176104e-01	1.582347127799553221e-01	2.627034020597011632e-01	1.563082897273175009e-01	7.625757018743002658e-02	2.831478295666148629e-02	8.222899353594721739e-02
1.265560687892221949e+03	2.357566683455657175e-01	1.581203914007626443e-01	2.628345061826460882e-01	1.563807051740230269e-01	7.629877594885467462e-02	2.832297926574295702e-02	8.228597368203530160e-02
1.267012018956318798e+03	2.355614511889918272e-01	1.580062448604380165e-01	2.629653871793524167e-01	1.564529910655770018e-01	7.633991087513672391e-02	2.833116400000510252e-02	8.234285083012933548e-02
1.268463350020415419e+03	2.353665966178773994e-01	1.578922728850846446e-01	2.630960453832286161e-01	1.565251476409016684e-01	7.638097508132529745e-02	2.833933718039463590e-02	8.239962521081825586e-02
1.269914681084511813e+03	2.351721039683947190e-01	1.577784752012302005e-01	2.632264811277086336e-01	1.565971751384812316e-01	7.642196868235091867e-02	2.834749882781994329e-02	8.245629705364486417e-02
1.271366012148608434e+03	2.349779725779050643e-01	1.576648515358264613e-01	2.633566947462449015e-01	1.566690737963627733e-01	7.646289179302469263e-02	2.835564896315118100e-02	8.251286658711544375e-02
1.272817343212705055e+03	2.347842017849567364e-01	1.575514016162486430e-01	2.634866865723010654e-01	1.567408438521568081e-01	7.650374452803762604e-02	2.836378760722032752e-02	8.256933403870929389e-02
1.274268674276801676e+03	2.345907909292831717e-01	1.574381251702949847e-01	2.636164569393447676e-01	1.568124855430382825e-01	7.654452700195986392e-02	2.837191478082124949e-02	8.262569963488820834e-02
1.275720005340898297e+03	2.343977393518009988e-01	1.573250219261862481e-01	2.637460061808405420e-01	1.568839991057472683e-01	7.658523932923995414e-02	2.838003050470978145e-02	8.268196360110575960e-02
1.277171336404994690e+03	2.342050463946082073e-01	1.572120916125651080e-01	2.638753346302430969e-01	1.569553847765897125e-01	7.662588162420416737e-02	2.838813479960378486e-02	8.273812616181649982e-02
1.278622667469091539e+03	2.340127114009820930e-01	1.570993339584957627e-01	2.640044426209903206e-01	1.570266427914382701e-01	7.666645400105571995e-02	2.839622768618322787e-02	8.279418754048514795e-02
1.280073998533187932e+03	2.338207337153775656e-01	1.569867486934634071e-01	2.641333304864965648e-01	1.570977733857331360e-01	7.670695657387413546e-02	2.840430918509023739e-02	8.285014795959551315e-02
1.281525329597284326e+03	2.336291126834250387e-01	1.568743355473736500e-01	2.642619985601459831e-01	1.571687767944826564e-01	7.674738945661459255e-02	2.841237931692917884e-02	8.290600764065944595e-02
1.282976660661381175e+03	2.334378476519285983e-01	1.567620942505520698e-01	2.643904471752860919e-01	1.572396532522642998e-01	7.678775276310723097e-02	2.842043810226671519e-02	8.296176680422560901e-02
1.284427991725477568e+03	2.332469379688641153e-01	1.566500245337436592e-01	2.645186766652209975e-01	1.573104029932252956e-01	7.682804660705644384e-02	2.842848556163188670e-02	8.301742566988822014e-02
1.285879322789574417e+03	2.330563829833773859e-01	1.565381261281122982e-01	2.646466873632054573e-01	1.573810262510834390e-01	7.686827110204033642e-02	2.843652171551616994e-02	8.307298445629554551e-02
1.287330653853671038e+03	2.328661820457821052e-01	1.564263987652402543e-01	2.647744796024382175e-01	1.574515232591279512e-01	7.690842636151001832e-02	2.844454658437354719e-02	8.312844338115854548e-02
1.288781984917767431e+03	2.326763345075580913e-01	1.563148421771277108e-01	2.649020537160559075e-01	1.575218942502201458e-01	7.694851249878903454e-02	2.845256018862056882e-02	8.318380266125917355e-02
1.290233315981864052e+03	2.324868397213492865e-01	1.562034560961921281e-01	2.650294100371272110e-01	1.575921394567942058e-01	7.698852962707272707e-02	2.846056254863643317e-02	8.323906251245868915e-02
