1.001418434226643626e+03	2.781224653224030896e-01	1.820604039966636500e-01	2.350311133984401279e-01	1.407836343583863392e-01	6.752500926937937686e-02	2.652234491271444894e-02	6.995502874163976592e-02
1.002869765290740247e+03	2.778509914644187173e-01	1.819078588217786230e-01	2.352092095982477038e-01	1.408832543704557905e-01	6.758152479746735997e-02	2.652977384976167724e-02	7.003738709749690594e-02
1.004321096354836754e+03	2.775800168869643758e-01	1.817555504720941018e-01	2.353870360819838026e-01	1.409826961133804624e-01	6.763795214473515560e-02	2.653719204213439778e-02	7.011955625833442285e-02
1.005772427418933376e+03	2.773095406950064068e-01	1.816034785818936015e-01	2.355645931435189633e-01	1.410819599133374957e-01	6.769429098431804792e-02	2.654459950928772863e-02	7.020153717226448875e-02
1.007223758483029997e+03	2.770395619950426491e-01	1.814516427859854675e-01	2.357418810474986026e-01	1.411810460959170288e-01	6.775054103117908455e-02	2.655199627064188869e-02	7.028333077336203216e-02
1.008675089547126618e+03	2.767700798950901708e-01	1.813000427196941600e-01	2.359189000327917840e-01	1.412799549861231962e-01	6.780670203803543239e-02	2.655938234558225322e-02	7.036493798230973595e-02
1.010126420611223239e+03	2.765010935046737783e-01	1.811486780188528989e-01	2.360956503155913766e-01	1.413786869083751840e-01	6.786277379168605128e-02	2.656675775345942320e-02	7.044635970698805150e-02
1.011577751675319632e+03	2.762326019348159689e-01	1.809975483197963919e-01	2.362721320922003265e-01	1.414772421865081453e-01	6.791875610970113386e-02	2.657412251358928085e-02	7.052759684301557197e-02
1.013029082739416367e+03	2.759646042980272718e-01	1.808466532593552833e-01	2.364483455415349600e-01	1.415756211437743106e-01	6.797464883743750685e-02	2.658147664525304515e-02	7.060865027424448326e-02
1.014480413803512761e+03	2.756970997082984209e-01	1.806959924748505197e-01	2.366242908273733236e-01	1.416738241028438483e-01	6.803045184534789458e-02	2.658882016769733084e-02	7.068952087321553335e-02
1.015931744867609382e+03	2.754300872810924727e-01	1.805455656040887702e-01	2.367999681003742085e-01	1.417718513858059193e-01	6.808616502655501224e-02	2.659615310013420386e-02	7.077020950157635049e-02
1.017383075931706003e+03	2.751635661333378113e-01	1.803953722853583463e-01	2.369753774998890061e-01	1.418697033141696762e-01	6.814178829466423226e-02	2.660347546174125083e-02	7.085071701046663506e-02
1.018834406995802851e+03	2.748975353834223756e-01	1.802454121574253998e-01	2.371505191555874359e-01	1.419673802088652070e-01	6.819732158179145354e-02	2.661078727166162408e-02	7.093104424087344484e-02
1.020285738059899245e+03	2.746319941511877749e-01	1.800956848595309245e-01	2.373253931889155455e-01	1.420648823902445346e-01	6.825276483678478778e-02	2.661808854900409721e-02	7.101119202395934915e-02
1.021737069123995752e+03	2.743669415579240156e-01	1.799461900313878704e-01	2.374999997144023878e-01	1.421622101780824488e-01	6.830811802362103669e-02	2.662537931284313791e-02	7.109116118136610263e-02
1.023188400188092373e+03	2.741023767263651711e-01	1.797969273131787837e-01	2.376743388408306401e-01	1.422593638915777281e-01	6.836338111995957090e-02	2.663265958221894616e-02	7.117095252549611450e-02
1.024639731252188767e+03	2.738382987806850521e-01	1.796478963455536981e-01	2.378484106722847102e-01	1.423563438493538891e-01	6.841855411583822044e-02	2.663992937613751319e-02	7.125056685977386450e-02
1.026091062316285615e+03	2.735747068464932097e-01	1.794990967696283857e-01	2.380222153090884307e-01	1.424531503694601853e-01	6.847363701249703505e-02	2.664718871357070126e-02	7.133000497888904168e-02
1.027542393380382237e+03	2.733116000508313270e-01	1.793505282269827195e-01	2.381957528486431663e-01	1.425497837693726622e-01	6.852862982131745218e-02	2.665443761345626800e-02	7.140926766902329359e-02
1.028993724444478858e+03	2.730489775221703885e-01	1.792021903596595078e-01	2.383690233861767427e-01	1.426462443659950174e-01	6.858353256286528477e-02	2.666167609469794267e-02	7.148835570806194584e-02
1.030445055508575479e+03	2.727868383904073490e-01	1.790540828101632731e-01	2.385420270154115230e-01	1.427425324756596281e-01	6.863834526602743957e-02	2.666890417616547132e-02	7.156726986579214911e-02
1.031896386572671872e+03	2.725251817868623583e-01	1.789062052214594467e-01	2.387147638291600704e-01	1.428386484141284662e-01	6.869306796723309572e-02	2.667612187669468268e-02	7.164601090408874440e-02
1.033347717636768493e+03	2.722640068442765404e-01	1.787585572369735643e-01	2.388872339198554740e-01	1.429345924965939596e-01	6.874770070975089187e-02	2.668332921508753328e-02	7.172457957708892884e-02
1.034799048700865114e+03	2.720033126968093851e-01	1.786111385005906549e-01	2.390594373800230266e-01	1.430303650376801294e-01	6.880224354305482237e-02	2.669052621011217333e-02	7.180297663135672137e-02
1.036250379764961508e+03	2.717430984800367488e-01	1.784639486566547972e-01	2.392313743026989181e-01	1.431259663514433955e-01	6.885669652225194504e-02	2.669771288050300229e-02	7.188120280603817192e-02
1.037701710829058356e+03	2.714833633309486904e-01	1.783169873499687863e-01	2.394030447818013552e-01	1.432213967513735475e-01	6.891105970756571109e-02	2.670488924496070351e-02	7.195925883300817449e-02
1.039153041893154750e+03	2.712241063879476388e-01	1.781702542257938837e-01	2.395744489124589927e-01	1.433166565503947998e-01	6.896533316386968537e-02	2.671205532215234144e-02	7.203714543700959205e-02
1.040604372957251599e+03	2.709653267908467833e-01	1.780237489298495956e-01	2.397455867913008687e-01	1.434117460608665129e-01	6.901951696026649430e-02	2.671921113071136847e-02	7.211486333578533137e-02
1.042055704021347992e+03	2.707070236808681307e-01	1.778774711083136173e-01	2.399164585167114505e-01	1.435066655945843872e-01	6.907361116970756054e-02	2.672635668923770830e-02	7.219241324020414519e-02
1.043507035085444613e+03	2.704491962006410066e-01	1.777314204078218884e-01	2.400870641890549828e-01	1.436014154627811845e-01	6.912761586864968333e-02	2.673349201629781485e-02	7.226979585438042530e-02
1.044958366149541234e+03	2.701918434942006675e-01	1.775855964754685656e-01	2.402574039108715809e-01	1.436959959761278660e-01	6.918153113674484211e-02	2.674061713042471394e-02	7.234701187578876369e-02
1.046409697213637855e+03	2.699349647069868019e-01	1.774399989588060778e-01	2.404274777870482882e-01	1.437904074447343972e-01	6.923535705655979589e-02	2.674773205011806224e-02	7.242406199537354539e-02
1.047861028277734476e+03	2.696785589858421428e-01	1.772946275058454868e-01	2.405972859249676243e-01	1.438846501781506915e-01	6.928909371332273026e-02	2.675483679384420277e-02	7.250094689765415601e-02
1.049312359341831097e+03	2.694226254790111352e-01	1.771494817650564046e-01	2.407668284346355103e-01	1.439787244853676096e-01	6.934274119469421849e-02	2.676193138003622740e-02	7.257766726082592879e-02
1.050763690405927491e+03	2.691671633361387150e-01	1.770045613853673538e-01	2.409361054287916526e-01	1.440726306748178476e-01	6.939629959056003994e-02	2.676901582709401498e-02	7.265422375685737233e-02
1.052215021470024112e+03	2.689121717082691987e-01	1.768598660161660729e-01	2.411051170230028018e-01	1.441663690543769083e-01	6.944976899284382998e-02	2.677609015338430765e-02	7.273061705158390122e-02
1.053666352534120733e+03	2.686576497478446734e-01	1.767153953072997108e-01	2.412738633357420504e-01	1.442599399313640174e-01	6.950314949533747955e-02	2.678315437724074558e-02	7.280684780479834695e-02
1.055117683598217127e+03	2.684035966087042757e-01	1.765711489090750763e-01	2.414423444884545300e-01	1.443533436125430114e-01	6.955644119354770227e-02	2.679020851696393632e-02	7.288291667033841570e-02
1.056569014662313975e+03	2.681500114460830253e-01	1.764271264722590826e-01	2.416105606056115074e-01	1.444465804041233925e-01	6.960964418455700686e-02	2.679725259082149993e-02	7.295882429617146780e-02
1.058020345726410369e+03	2.678968934166101601e-01	1.762833276480790246e-01	2.417785118147540435e-01	1.445396506117611335e-01	6.966275856689774226e-02	2.680428661704812796e-02	7.303457132447674360e-02
1.059471676790506763e+03	2.676442416783087475e-01	1.761397520882228285e-01	2.419461982465269112e-01	1.446325545405596491e-01	6.971578444043800837e-02	2.681131061384563891e-02	7.311015839172511910e-02
1.060923007854603611e+03	2.673920553905942410e-01	1.759963994448395519e-01	2.421136200347044631e-01	1.447252924950707953e-01	6.976872190627808612e-02	2.681832459938303034e-02	7.318558612875676606e-02
1.062374338918700232e+03	2.671403337142732592e-01	1.758532693705396333e-01	2.422807773162086731e-01	1.448178647792956741e-01	6.982157106665652646e-02	2.682532859179653784e-02	7.326085516085667493e-02
1.063825669982796853e+03	2.668890758115427531e-01	1.757103615183951972e-01	2.424476702311205156e-01	1.449102716966856330e-01	6.987433202486489914e-02	2.683232260918968354e-02	7.333596610782829039e-02
1.065277001046893474e+03	2.666382808459888398e-01	1.755676755419406654e-01	2.426142989226854063e-01	1.450025135501431806e-01	6.992700488517027135e-02	2.683930666963333517e-02	7.341091958406528728e-02
1.066728332110990095e+03	2.663879479825858043e-01	1.754252110951727561e-01	2.427806635373132016e-01	1.450945906420229303e-01	6.997958975274486126e-02	2.684628079116576152e-02	7.348571619862169502e-02
1.068179663175086489e+03	2.661380763876948219e-01	1.752829678325511509e-01	2.429467642245735359e-01	1.451865032741324890e-01	7.003208673360186709e-02	2.685324499179267757e-02	7.356035655528049555e-02
1.069630994239183110e+03	2.658886652290631813e-01	1.751409454089986606e-01	2.431126011371867457e-01	1.452782517477334279e-01	7.008449593453715265e-02	2.686019928948731733e-02	7.363484125262054203e-02
1.071082325303279504e+03	2.656397136758230637e-01	1.749991434799016976e-01	2.432781744310112959e-01	1.453698363635421709e-01	7.013681746307612319e-02	2.686714370219046508e-02	7.370917088408225626e-02
1.072533656367376352e+03	2.653912208984903209e-01	1.748575617011105532e-01	2.434434842650277375e-01	1.454612574217309107e-01	7.018905142742518088e-02	2.687407824781052473e-02	7.378334603803186897e-02
1.073984987431472746e+03	2.651431860689636433e-01	1.747161997289397306e-01	2.436085308013196671e-01	1.455525152219285800e-01	7.024119793642746856e-02	2.688100294422356498e-02	7.385736729782442500e-02
1.075436318495569594e+03	2.648956083605233935e-01	1.745750572201683337e-01	2.437733142050522439e-01	1.456436100632217123e-01	7.029325709952240209e-02	2.688791780927338865e-02	7.393123524186559492e-02
1.076887649559666215e+03	2.646484869478304414e-01	1.744341338320403445e-01	2.439378346444483203e-01	1.457345422441553573e-01	7.034522902670864442e-02	2.689482286077157433e-02	7.400495044367232100e-02
1.078338980623762609e+03	2.644018210069252750e-01	1.742934292222650117e-01	2.441020922907626289e-01	1.458253120627341082e-01	7.039711382851014665e-02	2.690171811649752845e-02	7.407851347193233904e-02
1.079790311687859230e+03	2.641556097152265581e-01	1.741529430490171282e-01	2.442660873182541936e-01	1.459159198164228510e-01	7.044891161594510343e-02	2.690860359419854769e-02	7.415192489056271485e-02
1.081241642751955851e+03	2.639098522515301859e-01	1.740126749709372533e-01	2.444298199041572417e-01	1.460063658021478472e-01	7.050062250049730916e-02	2.691547931158986759e-02	7.422518525876736772e-02
1.082692973816052472e+03	2.636645477960083972e-01	1.738726246471321291e-01	2.445932902286507560e-01	1.460966503162975383e-01	7.055224659408994292e-02	2.692234528635472496e-02	7.429829513109359462e-02
1.084144304880149093e+03	2.634196955302082199e-01	1.737327917371749020e-01	2.447564984748271111e-01	1.461867736547235175e-01	7.060378400906131002e-02	2.692920153614438913e-02	7.437125505748766463e-02
1.085595635944245487e+03	2.631752946370505275e-01	1.735931759011054842e-01	2.449194448286593495e-01	1.462767361127413623e-01	7.065523485814255433e-02	2.693604807857824524e-02	7.444406558334959456e-02
1.087046967008342108e+03	2.629313443008289841e-01	1.734537767994306923e-01	2.450821294789679305e-01	1.463665379851316617e-01	7.070659925443700811e-02	2.694288493124383232e-02	7.451672724958698091e-02
1.088498298072438729e+03	2.626878437072087125e-01	1.733145940931245799e-01	2.452445526173868129e-01	1.464561795661409038e-01	7.075787731140109615e-02	2.694971211169689893e-02	7.458924059266809625e-02
1.089949629136535123e+03	2.624447920432252945e-01	1.731756274436286602e-01	2.454067144383287047e-01	1.465456611494822814e-01	7.080906914282664166e-02	2.695652963746145159e-02	7.466160614467405587e-02
1.091400960200631971e+03	2.622021884972833283e-01	1.730368765128521558e-01	2.455686151389502858e-01	1.466349830283367461e-01	7.086017486282440714e-02	2.696333752602982428e-02	7.473382443335035985e-02
1.092852291264728365e+03	2.619600322591554842e-01	1.728983409631722201e-01	2.457302549191164587e-01	1.467241454953538415e-01	7.091119458580882884e-02	2.697013579486270962e-02	7.480589598215756086e-02
1.094303622328825213e+03	2.617183225199811170e-01	1.727600204574341325e-01	2.458916339813649599e-01	1.468131488426526188e-01	7.096212842648375041e-02	2.697692446138923172e-02	7.487782131032125199e-02
1.095754953392921607e+03	2.614770584722652669e-01	1.726219146589515752e-01	2.460527525308702501e-01	1.469019933618225249e-01	7.101297649982907245e-02	2.698370354300699131e-02	7.494960093288138836e-02
1.097206284457018228e+03	2.612362393098772162e-01	1.724840232315066890e-01	2.462136107754075987e-01	1.469906793439243464e-01	7.106373892108833190e-02	2.699047305708212122e-02	7.502123536074074839e-02
1.098657615521114849e+03	2.609958642280492680e-01	1.723463458393504344e-01	2.463742089253169731e-01	1.470792070794910977e-01	7.111441580575696142e-02	2.699723302094933844e-02	7.509272510071296480e-02
1.100108946585211470e+03	2.607559324233756914e-01	1.722088821472025633e-01	2.465345471934667909e-01	1.471675768585289368e-01	7.116500726957133982e-02	2.700398345191199617e-02	7.516407065556972300e-02
1.101560277649308091e+03	2.605164430938111120e-01	1.720716318202519524e-01	2.466946257952179478e-01	1.472557889705181366e-01	7.121551342849843924e-02	2.701072436724213932e-02	7.523527252408733490e-02
1.103011608713404712e+03	2.602773954386696231e-01	1.719345945241566309e-01	2.468544449483876524e-01	1.473438437044137517e-01	7.126593439872605518e-02	2.701745578418056001e-02	7.530633120109272993e-02
1.104462939777501106e+03	2.600387886586233432e-01	1.717977699250440304e-01	2.470140048732135107e-01	1.474317413486468387e-01	7.131627029665359163e-02	2.702417771993684617e-02	7.537724717750886316e-02
1.105914270841597499e+03	2.598006219557009167e-01	1.716611576895110403e-01	2.471733057923177768e-01	1.475194821911251231e-01	7.136652123888330423e-02	2.703089019168944049e-02	7.544802094039938789e-02
1.107365601905694348e+03	2.595628945332866810e-01	1.715247574846240908e-01	2.473323479306716588e-01	1.476070665192339426e-01	7.141668734221202908e-02	2.703759321658568207e-02	7.551865297301288416e-02
1.108816932969790741e+03	2.593256055961187800e-01	1.713885689779193755e-01	2.474911315155599312e-01	1.476944946198372743e-01	7.146676872362324462e-02	2.704428681174186888e-02	7.558914375482644887e-02
1.110268264033887590e+03	2.590887543502882751e-01	1.712525918374028511e-01	2.476496567765456847e-01	1.477817667792785117e-01	7.151676550027957768e-02	2.705097099424332019e-02	7.565949376158870310e-02
1.111719595097984211e+03	2.588523400032375910e-01	1.711168257315503760e-01	2.478079239454352711e-01	1.478688832833813527e-01	7.156667778951561476e-02	2.705764578114440433e-02	7.572970346536224417e-02
1.113170926162080832e+03	2.586163617637592393e-01	1.709812703293078218e-01	2.479659332562438034e-01	1.479558444174507714e-01	7.161650570883106026e-02	2.706431118946860809e-02	7.579977333456561217e-02
1.114622257226177226e+03	2.583808188419944307e-01	1.708459253000910172e-01	2.481236849451604054e-01	1.480426504662737952e-01	7.166624937588406130e-02	2.707096723620859222e-02	7.586970383401464568e-02
1.116073588290273847e+03	2.581457104494317978e-01	1.707107903137858318e-01	2.482811792505141835e-01	1.481293017141205315e-01	7.171590890848500432e-02	2.707761393832623306e-02	7.593949542496335192e-02
1.117524919354370468e+03	2.579110357989057856e-01	1.705758650407483423e-01	2.484384164127404759e-01	1.482157984447450561e-01	7.176548442459031174e-02	2.708425131275268849e-02	7.600914856514423557e-02
1.118976250418467089e+03	2.576767941045955967e-01	1.704411491518048327e-01	2.485953966743470744e-01	1.483021409413861902e-01	7.181497604229671039e-02	2.709087937638843605e-02	7.607866370880812801e-02
1.120427581482563710e+03	2.574429845820234153e-01	1.703066423182516553e-01	2.487521202798810838e-01	1.483883294867684721e-01	7.186438387983544451e-02	2.709749814610333540e-02	7.614804130676354477e-02
1.121878912546660331e+03	2.572096064480533517e-01	1.701723442118555085e-01	2.489085874758959482e-01	1.484743643631030174e-01	7.191370805556694668e-02	2.710410763873667347e-02	7.621728180641546002e-02
1.123330243610756725e+03	2.569766589208898333e-01	1.700382545048532701e-01	2.490647985109189777e-01	1.485602458520884350e-01	7.196294868797546707e-02	2.711070787109723379e-02	7.628638565180373421e-02
1.124781574674853118e+03	2.567441412200760498e-01	1.699043728699519695e-01	2.492207536354189568e-01	1.486459742349117430e-01	7.201210589566398035e-02	2.711729885996332079e-02	7.635535328364091712e-02
1.126232905738949967e+03	2.565120525664929541e-01	1.697706989803289546e-01	2.493764531017742259e-01	1.487315497922491181e-01	7.206117979734924517e-02	2.712388062208284309e-02	7.642418513934967628e-02
1.127684236803046360e+03	2.562803921823572084e-01	1.696372325096316691e-01	2.495318971642411787e-01	1.488169728042669226e-01	7.211017051185697468e-02	2.713045317417334124e-02	7.649288165309972576e-02
1.129135567867143209e+03	2.560491592912201853e-01	1.695039731319778198e-01	2.496870860789230095e-01	1.489022435506225372e-01	7.215907815811711812e-02	2.713701653292205709e-02	7.656144325584429700e-02
1.130586898931239830e+03	2.558183531179665238e-01	1.693709205219551539e-01	2.498420201037387378e-01	1.489873623104652489e-01	7.220790285515933660e-02	2.714357071498596508e-02	7.662987037535615165e-02
1.132038229995336451e+03	2.555879728888121871e-01	1.692380743546214872e-01	2.499966994983927326e-01	1.490723293624371393e-01	7.225664472210852063e-02	2.715011573699185193e-02	7.669816343626320587e-02
1.133489561059432845e+03	2.553580178313034632e-01	1.691054343055047038e-01	2.501511245243445147e-01	1.491571449846739450e-01	7.230530387818048799e-02	2.715665161553634799e-02	7.676632286008361339e-02
1.134940892123529466e+03	2.551284871743153548e-01	1.689730000506026453e-01	2.503052954447788636e-01	1.492418094548059737e-01	7.235388044267776486e-02	2.716317836718598958e-02	7.683434906526045993e-02
1.136392223187626087e+03	2.548993801480499144e-01	1.688407712663830273e-01	2.504592125245763690e-01	1.493263230499589367e-01	7.240237453498542253e-02	2.716969600847725722e-02	7.690224246719613854e-02
1.137843554251722708e+03	2.546706959840349116e-01	1.687087476297833288e-01	2.506128760302842040e-01	1.494106860467548925e-01	7.245078627456702502e-02	2.717620455591665193e-02	7.697000347828611422e-02
1.139294885315819101e+03	2.544424339151221126e-01	1.685769288182107639e-01	2.507662862300874540e-01	1.494948987213129965e-01	7.249911578096072950e-02	2.718270402598071608e-02	7.703763250795238327e-02
1.140746216379915950e+03	2.542145931754860588e-01	1.684453145095421711e-01	2.509194433937803614e-01	1.495789613492505554e-01	7.254736317377537269e-02	2.718919443511611661e-02	7.710512996267653019e-02
1.142197547444012343e+03	2.539871730006222350e-01	1.683139043821239023e-01	2.510723477927384595e-01	1.496628742056837491e-01	7.259552857268672388e-02	2.719567579973966934e-02	7.717249624603235436e-02
1.143648878508108737e+03	2.537601726273457925e-01	1.681826981147717115e-01	2.512249996998908164e-01	1.497466375652285742e-01	7.264361209743371017e-02	2.720214813623841529e-02	7.723973175871809427e-02
1.145100209572205586e+03	2.535335912937898284e-01	1.680516953867705887e-01	2.513773993896922798e-01	1.498302517020017322e-01	7.269161386781482215e-02	2.720861146096965194e-02	7.730683689858822150e-02
1.146551540636302207e+03	2.533074282394037757e-01	1.679208958778746763e-01	2.515295471380967207e-01	1.499137168896214067e-01	7.273953400368456113e-02	2.721506579026099215e-02	7.737381206068497108e-02
1.148002871700398828e+03	2.530816827049519602e-01	1.677902992683071581e-01	2.516814432225299991e-01	1.499970334012082629e-01	7.278737262494988647e-02	2.722151114041041972e-02	7.744065763726934448e-02
1.149454202764495449e+03	2.528563539325121012e-01	1.676599052387600652e-01	2.518330879218635965e-01	1.500802015093862241e-01	7.283512985156682940e-02	2.722794752768633794e-02	7.750737401785179337e-02
1.150905533828591842e+03	2.526314411654735914e-01	1.675297134703940816e-01	2.519844815163885809e-01	1.501632214862834158e-01	7.288280580353705129e-02	2.723437496832761470e-02	7.757396158922255647e-02
1.152356864892688463e+03	2.524069436485360529e-01	1.673997236448385162e-01	2.521356242877896836e-01	1.502460936035329153e-01	7.293040060090458243e-02	2.724079347854364841e-02	7.764042073548159395e-02
1.153808195956785084e+03	2.521828606277073948e-01	1.672699354441909703e-01	2.522865165191198744e-01	1.503288181322737227e-01	7.297791436375250518e-02	2.724720307451439921e-02	7.770675183806813324e-02
1.155259527020881706e+03	2.519591913503027580e-01	1.671403485510173648e-01	2.524371584947751601e-01	1.504113953431515938e-01	7.302534721219981761e-02	2.725360377239045839e-02	7.777295527578993728e-02
1.156710858084978327e+03	2.517359350649424066e-01	1.670109626483515519e-01	2.525875505004697708e-01	1.504938255063198727e-01	7.307269926639822777e-02	2.725999558829309000e-02	7.783903142485212867e-02
1.158162189149074720e+03	2.515130910215505056e-01	1.668817774196952319e-01	2.527376928232117903e-01	1.505761088914404078e-01	7.311997064652905887e-02	2.726637853831428288e-02	7.790498065888570856e-02
1.159613520213171569e+03	2.512906584713534008e-01	1.667527925490178142e-01	2.528875857512786762e-01	1.506582457676843845e-01	7.316716147280023785e-02	2.727275263851680273e-02	7.797080334897571463e-02
1.161064851277267962e+03	2.510686366668776759e-01	1.666240077207560843e-01	2.530372295741935562e-01	1.507402364037331299e-01	7.321427186544324228e-02	2.727911790493425456e-02	7.803649986368908775e-02
1.162516182341364356e+03	2.508470248619489862e-01	1.664954226198140652e-01	2.531866245827014694e-01	1.508220810677791124e-01	7.326130194471018597e-02	2.728547435357109655e-02	7.810207056910210832e-02
1.163967513405461204e+03	2.506258223116902273e-01	1.663670369315628228e-01	2.533357710687461073e-01	1.509037800275266350e-01	7.330825183087091856e-02	2.729182200040273718e-02	7.816751582882755511e-02
1.165418844469557826e+03	2.504050282725198140e-01	1.662388503418402164e-01	2.534846693254469985e-01	1.509853335501928351e-01	7.335512164421009729e-02	2.729816086137555955e-02	7.823283600404154492e-02
1.166870175533654447e+03	2.501846420021500705e-01	1.661108625369506486e-01	2.536333196470765272e-01	1.510667419025084335e-01	7.340191150502445305e-02	2.730449095240697691e-02	7.829803145351002525e-02
1.168321506597751068e+03	2.499646627595857040e-01	1.659830732036648715e-01	2.537817223290375068e-01	1.511480053507185950e-01	7.344862153361997326e-02	2.731081228938547767e-02	7.836310253361493394e-02
1.169772837661847461e+03	2.497450898051220558e-01	1.658554820292197085e-01	2.539298776678413638e-01	1.512291241605839276e-01	7.349525185030922336e-02	2.731712488817069143e-02	7.842804959838010903e-02
1.171224168725944082e+03	2.495259224003434084e-01	1.657280887013178883e-01	2.540777859610859335e-01	1.513100985973810930e-01	7.354180257540855747e-02	2.732342876459342360e-02	7.849287299949675445e-02
1.172675499790040703e+03	2.493071598081213480e-01	1.656008929081276837e-01	2.542254475074340880e-01	1.513909289259038893e-01	7.358827382923559257e-02	2.732972393445571441e-02	7.855757308634875313e-02
1.174126830854137097e+03	2.490888012926131823e-01	1.654738943382827177e-01	2.543728626065923093e-01	1.514716154104639168e-01	7.363466573210648847e-02	2.733601041353088401e-02	7.862215020603757765e-02
1.175578161918233945e+03	2.488708461192600807e-01	1.653470926808816577e-01	2.545200315592898166e-01	1.515521583148915497e-01	7.368097840433346368e-02	2.734228821756358799e-02	7.868660470340688162e-02
1.177029492982330339e+03	2.486532935547855760e-01	1.652204876254879939e-01	2.546669546672578055e-01	1.516325579025367132e-01	7.372721196622221418e-02	2.734855736226986592e-02	7.875093692106688303e-02
1.178480824046426733e+03	2.484361428671936767e-01	1.650940788621297894e-01	2.548136322332087422e-01	1.517128144362697717e-01	7.377336653806948474e-02	2.735481786333718995e-02	7.881514719941840053e-02
1.179932155110523581e+03	2.482193933257673957e-01	1.649678660812992359e-01	2.549600645608164906e-01	1.517929281784823614e-01	7.381944224016050160e-02	2.736106973642450646e-02	7.887923587667654279e-02
1.181383486174620202e+03	2.480030442010668912e-01	1.648418489739526260e-01	2.551062519546961060e-01	1.518728993910882230e-01	7.386543919276665482e-02	2.736731299716230539e-02	7.894320328889424532e-02
1.182834817238716823e+03	2.477870947649278566e-01	1.647160272315097984e-01	2.552521947203842401e-01	1.519527283355239788e-01	7.391135751614309746e-02	2.737354766115266194e-02	7.900704976998540463e-02
1.184286148302813444e+03	2.475715442904597441e-01	1.645904005458540265e-01	2.553978931643197114e-01	1.520324152727501876e-01	7.395719733052633083e-02	2.737977374396927815e-02	7.907077565174777667e-02
1.185737479366910065e+03	2.473563920520440995e-01	1.644649686093316299e-01	2.555433475938242993e-01	1.521119604632519273e-01	7.400295875613195629e-02	2.738599126115752805e-02	7.913438126388562532e-02
1.187188810431006686e+03	2.471416373253328413e-01	1.643397311147516415e-01	2.556885583170838139e-01	1.521913641670397666e-01	7.404864191315241317e-02	2.739220022823454087e-02	7.919786693403206568e-02
1.188640141495103080e+03	2.469272793872465399e-01	1.642146877553856132e-01	2.558335256431293336e-01	1.522706266436505695e-01	7.409424692175463345e-02	2.739840066068921151e-02	7.926123298777110193e-02
1.190091472559199701e+03	2.467133175159726965e-01	1.640898382249671994e-01	2.559782498818189977e-01	1.523497481521484120e-01	7.413977390207794615e-02	2.740459257398226989e-02	7.932447974865951268e-02
1.191542803623296322e+03	2.464997509909640505e-01	1.639651822176918239e-01	2.561227313438194653e-01	1.524287289511252752e-01	7.418522297423182921e-02	2.741077598354631911e-02	7.938760753824830596e-02
1.192994134687392716e+03	2.462865790929367193e-01	1.638407194282164303e-01	2.562669703405881516e-01	1.525075692987019615e-01	7.423059425829375835e-02	2.741695090478591182e-02	7.945061667610411882e-02
1.194445465751489564e+03	2.460738011038686446e-01	1.637164495516590657e-01	2.564109671843555205e-01	1.525862694525289553e-01	7.427588787430709771e-02	2.742311735307756404e-02	7.951350747983017275e-02
1.195896796815585958e+03	2.458614163069977321e-01	1.635923722835986305e-01	2.565547221881075979e-01	1.526648296697871998e-01	7.432110394227903205e-02	2.742927534376982460e-02	7.957628026508706265e-02
1.197348127879682352e+03	2.456494239868201312e-01	1.634684873200744348e-01	2.566982356655684305e-01	1.527432502071889298e-01	7.436624258217851280e-02	2.743542489218332367e-02	7.963893534561330978e-02
1.198799458943779200e+03	2.454378234290885696e-01	1.633447943575859485e-01	2.568415079311833771e-01	1.528215313209785042e-01	7.441130391393420418e-02	2.744156601361081096e-02	7.970147303324565113e-02
1.200250790007875821e+03	2.452266139208104934e-01	1.632212930930923844e-01	2.569845393001021772e-01	1.528996732669332947e-01	7.445628805743249867e-02	2.744769872331721816e-02	7.976389363793906506e-02
1.201702121071972442e+03	2.450157947502463462e-01	1.630979832240123939e-01	2.571273300881621870e-01	1.529776763003644346e-01	7.450119513251554637e-02	2.745382303653970402e-02	7.982619746778654712e-02
1.203153452136069063e+03	2.448053652069078767e-01	1.629748644482236219e-01	2.572698806118722259e-01	1.530555406761176240e-01	7.454602525897933984e-02	2.745993896848769600e-02	7.988838482903870553e-02
1.204604783200165684e+03	2.445953245815563337e-01	1.628519364640624856e-01	2.574121911883964220e-01	1.531332666485740734e-01	7.459077855657177125e-02	2.746604653434294580e-02	7.995045602612306512e-02
1.206056114264262078e+03	2.443856721662007181e-01	1.627291989703236186e-01	2.575542621355380590e-01	1.532108544716511978e-01	7.463545514499080047e-02	2.747214574925957789e-02	8.001241136166316326e-02
1.207507445328358699e+03	2.441764072540959785e-01	1.626066516662596495e-01	2.576960937717238664e-01	1.532883043988035043e-01	7.468005514388253996e-02	2.747823662836414160e-02	8.007425113649743742e-02
1.208958776392455093e+03	2.439675291397412904e-01	1.624842942515808131e-01	2.578376864159886428e-01	1.533656166830234535e-01	7.472457867283945065e-02	2.748431918675564231e-02	8.013597564969780762e-02
1.210410107456551941e+03	2.437590371188782801e-01	1.623621264264544783e-01	2.579790403879598237e-01	1.534427915768422079e-01	7.476902585139857949e-02	2.749039343950561778e-02	8.019758519858813384e-02
1.211861438520648335e+03	2.435509304884892479e-01	1.622401478915048156e-01	2.581201560078423829e-01	1.535198293323304097e-01	7.481339679903972750e-02	2.749645940165816593e-02	8.025908007876238204e-02
1.213312769584745183e+03	2.433432085467954198e-01	1.621183583478124635e-01	2.582610335964037884e-01	1.535967302010990965e-01	7.485769163518377067e-02	2.750251708822999686e-02	8.032046058410260980e-02
1.214764100648841804e+03	2.431358705932551434e-01	1.619967574969140289e-01	2.584016734749594590e-01	1.536734944343004783e-01	7.490191047919088352e-02	2.750856651421048835e-02	8.038172700679672988e-02
1.216215431712937971e+03	2.429289159285620003e-01	1.618753450408017824e-01	2.585420759653580536e-01	1.537501222826287428e-01	7.494605345035887378e-02	2.751460769456172406e-02	8.044287963735603786e-02
1.217666762777034819e+03	2.427223438546433076e-01	1.617541206819231858e-01	2.586822413899673156e-01	1.538266139963208601e-01	7.499012066792148934e-02	2.752064064421854903e-02	8.050391876463254548e-02
1.219118093841131440e+03	2.425161536746580360e-01	1.616330841231805593e-01	2.588221700716597518e-01	1.539029698251574707e-01	7.503411225104679450e-02	2.752666537808861127e-02	8.056484467583610587e-02
1.220569424905228061e+03	2.423103446929951443e-01	1.615122350679306373e-01	2.589618623337986425e-01	1.539791900184635798e-01	7.507802831883556016e-02	2.753268191105242430e-02	8.062565765655135830e-02
1.222020755969324682e+03	2.421049162152718592e-01	1.613915732199841246e-01	2.591013185002245534e-01	1.540552748251094173e-01	7.512186899031961240e-02	2.753869025796340173e-02	8.068635799075442316e-02
1.223472087033421303e+03	2.418998675483318150e-01	1.612710982836053353e-01	2.592405388952413459e-01	1.541312244935112707e-01	7.516563438446036138e-02	2.754469043364790939e-02	8.074694596082940268e-02
1.224923418097517697e+03	2.416951980002431666e-01	1.611508099635117486e-01	2.593795238436030215e-01	1.542070392716322902e-01	7.520932462014712216e-02	2.755068245290530349e-02	8.080742184758474278e-02
1.226374749161614318e+03	2.414909068802970349e-01	1.610307079648736484e-01	2.595182736705004545e-01	1.542827194069832653e-01	7.525293981619571304e-02	2.755666633050799993e-02	8.086778593026931750e-02
1.227826080225710712e+03	2.412869934990054532e-01	1.609107919933135955e-01	2.596567887015481801e-01	1.543582651466234024e-01	7.529648009134691511e-02	2.756264208120150216e-02	8.092803848658837451e-02
1.229277411289807560e+03	2.410834571680998129e-01	1.607910617549060395e-01	2.597950692627716829e-01	1.544336767371612129e-01	7.533994556426493183e-02	2.756860971970446356e-02	8.098817979271931422e-02
1.230728742353903954e+03	2.408802972005287535e-01	1.606715169561769574e-01	2.599331156805946841e-01	1.545089544247552349e-01	7.538333635353600126e-02	2.757456926070871173e-02	8.104821012332716346e-02
1.232180073418000802e+03	2.406775129104566924e-01	1.605521573041032712e-01	2.600709282818263746e-01	1.545840984551148933e-01	7.542665257766696663e-02	2.758052071887933179e-02	8.110812975157999372e-02
1.233631404482097196e+03	2.404751036132617981e-01	1.604329825061125980e-01	2.602085073936493687e-01	1.546591090735012219e-01	7.546989435508379140e-02	2.758646410885468372e-02	8.116793894916406182e-02
1.235082735546193817e+03	2.402730686255342696e-01	1.603139922700827225e-01	2.603458533436072142e-01	1.547339865247278068e-01	7.551306180413025482e-02	2.759239944524645785e-02	8.122763798629890897e-02
1.236534066610290438e+03	2.400714072650745323e-01	1.601951863043410140e-01	2.604829664595924021e-01	1.548087310531613692e-01	7.555615504306652241e-02	2.759832674263973037e-02	8.128722713175205727e-02
1.237985397674387059e+03	2.398701188508913507e-01	1.600765643176642605e-01	2.606198470698347092e-01	1.548833429027227648e-01	7.559917419006784156e-02	2.760424601559300153e-02	8.134670665285373414e-02
1.239436728738483680e+03	2.396692027032001626e-01	1.599581260192779741e-01	2.607564955028891518e-01	1.549578223168876501e-01	7.564211936322318142e-02	2.761015727863824071e-02	8.140607681551130514e-02
1.240888059802580301e+03	2.394686581434212203e-01	1.598398711188560584e-01	2.608929120876246066e-01	1.550321695386873699e-01	7.568499068053392842e-02	2.761606054628094886e-02	8.146533788422359590e-02
1.242339390866676695e+03	2.392684844941776190e-01	1.597217993265203639e-01	2.610290971532122639e-01	1.551063848107096521e-01	7.572778825991265117e-02	2.762195583300018631e-02	8.152449012209500578e-02
1.243790721930773088e+03	2.390686810792936601e-01	1.596039103528401892e-01	2.611650510291145810e-01	1.551804683750994673e-01	7.577051221918172652e-02	2.762784315324863516e-02	8.158353379084944124e-02
1.245242052994869937e+03	2.388692472237930187e-01	1.594862039088318084e-01	2.613007740450740690e-01	1.552544204735597788e-01	7.581316267607220161e-02	2.763372252145263747e-02	8.164246915084415190e-02
1.246693384058966330e+03	2.386701822538968287e-01	1.593686797059580551e-01	2.614362665311022460e-01	1.553282413473523749e-01	7.585573974822250320e-02	2.763959395201224384e-02	8.170129646108334476e-02
1.248144715123063179e+03	2.384714854970220177e-01	1.592513374561278228e-01	2.615715288174689235e-01	1.554019312372985906e-01	7.589824355317727200e-02	2.764545745930126197e-02	8.176001597923161779e-02
1.249596046187159800e+03	2.382731562817793636e-01	1.591341768716956206e-01	2.617065612346916037e-01	1.554754903837801683e-01	7.594067420838612748e-02	2.765131305766729830e-02	8.181862796162732432e-02
1.251047377251256421e+03	2.380751939379717463e-01	1.590171976654610742e-01	2.618413641135247105e-01	1.555489190267400068e-01	7.598303183120251603e-02	2.765716076143181004e-02	8.187713266329565975e-02
1.252498708315352815e+03	2.378775977965921773e-01	1.589003995506685363e-01	2.619759377849494864e-01	1.556222174056829388e-01	7.602531653888257301e-02	2.766300058489014682e-02	8.193553033796165119e-02
1.253950039379449436e+03	2.376803671898222448e-01	1.587837822410063937e-01	2.621102825801637226e-01	1.556953857596765078e-01	7.606752844858399865e-02	2.766883254231160619e-02	8.199382123806304989e-02
1.255401370443546057e+03	2.374835014510300601e-01	1.586673454506069003e-01	2.622443988305716012e-01	1.557684243273517177e-01	7.610966767736486449e-02	2.767465664793946484e-02	8.205200561476297394e-02
1.256852701507642678e+03	2.372869999147685649e-01	1.585510888940454000e-01	2.623782868677735913e-01	1.558413333469039208e-01	7.615173434218262816e-02	2.768047291599104454e-02	8.211008371796242600e-02
1.258304032571739299e+03	2.370908619167736431e-01	1.584350122863401045e-01	2.625119470235568464e-01	1.559141130560935395e-01	7.619372855989300919e-02	2.768628136065774334e-02	8.216805579631270007e-02
1.259755363635835920e+03	2.368950867939623450e-01	1.583191153429514275e-01	2.626453796298855448e-01	1.559867636922468159e-01	7.623565044724885109e-02	2.769208199610508417e-02	8.222592209722763557e-02
1.261206694699932314e+03	2.366996738844309722e-01	1.582033977797815127e-01	2.627785850188910644e-01	1.560592854922565609e-01	7.627750012089917764e-02	2.769787483647276338e-02	8.228368286689563549e-02
1.262658025764028707e+03	2.365046225274534120e-01	1.580878593131739007e-01	2.629115635228628789e-01	1.561316786925829869e-01	7.631927769738813816e-02	2.770365989587469241e-02	8.234133835029168458e-02
1.264109356828125556e+03	2.363099320634791389e-01	1.579724996599128350e-01	2.630443154742390099e-01	1.562039435292545131e-01	7.636098329315398059e-02	2.770943718839905673e-02	8.239888879118915932e-02
1.265560687892221949e+03	2.361156018341315499e-01	1.578573185372229015e-01	2.631768412055970341e-01	1.562760802378684866e-01	7.640261702452803838e-02	2.771520672810834363e-02	8.245633443217140202e-02
1.267012018956318798e+03	2.359216311822060208e-01	1.577423156627685008e-01	2.633091410496448126e-01	1.563480890535919321e-01	7.644417900773377295e-02	2.772096852903941158e-02	8.251367551464333649e-02
1.268463350020415419e+03	2.357280194516680749e-01	1.576274907546533488e-01	2.634412153392118872e-01	1.564199702111623569e-01	7.648566935888582996e-02	2.772672260520350068e-02	8.257091227884283402e-02
1.269914681084511813e+03	2.355347659876516342e-01	1.575128435314198938e-01	2.635730644072404871e-01	1.564917239448885000e-01	7.652708819398905404e-02	2.773246897058630894e-02	8.262804496385195430e-02
1.271366012148608434e+03	2.353418701364571319e-01	1.573983737120489834e-01	2.637046885867769253e-01	1.565633504886511651e-01	7.656843562893760058e-02	2.773820763914803395e-02	8.268507380760808934e-02
1.272817343212705055e+03	2.351493312455497642e-01	1.572840810159592539e-01	2.638360882109628269e-01	1.566348500759038587e-01	7.660971177951395039e-02	2.774393862482340406e-02	8.274199904691492691e-02
1.274268674276801676e+03	2.349571486635576023e-01	1.571699651630066030e-01	2.639672636130270256e-01	1.567062229396736506e-01	7.665091676138807708e-02	2.774966194152173049e-02	8.279882091745331685e-02
1.275720005340898297e+03	2.347653217402697612e-01	1.570560258734837455e-01	2.640982151262770139e-01	1.567774693125619512e-01	7.669205069011654496e-02	2.775537760312695584e-02	8.285553965379202634e-02
1.277171336404994690e+03	2.345738498266345673e-01	1.569422628681197140e-01	2.642289430840908393e-01	1.568485894267452330e-01	7.673311368114160702e-02	2.776108562349770617e-02	8.291215548939831481e-02
1.278622667469091539e+03	2.343827322747577269e-01	1.568286758680793036e-01	2.643594478199090547e-01	1.569195835139757522e-01	7.677410584979037222e-02	2.776678601646731526e-02	8.296866865664843937e-02
1.280073998533187932e+03	2.341919684379005773e-01	1.567152645949625722e-01	2.644897296672266140e-01	1.569904518055823817e-01	7.681502731127397288e-02	2.777247879584389054e-02	8.302507938683799382e-02
1.281525329597284326e+03	2.340015576704781441e-01	1.566020287708043690e-01	2.646197889595849340e-01	1.570611945324713599e-01	7.685587818068670418e-02	2.777816397541034779e-02	8.308138791019212266e-02
1.282976660661381175e+03	2.338114993280574483e-01	1.564889681180736403e-01	2.647496260305645110e-01	1.571318119251270129e-01	7.689665857300527485e-02	2.778384156892445625e-02	8.313759445587567964e-02
1.284427991725477568e+03	2.336217927673555073e-01	1.563760823596732352e-01	2.648792412137767061e-01	1.572023042136125037e-01	7.693736860308793279e-02	2.778951159011888716e-02	8.319369925200319205e-02
1.285879322789574417e+03	2.334324373462376978e-01	1.562633712189391288e-01	2.650086348428568050e-01	1.572726716275706926e-01	7.697800838567368797e-02	2.779517405270125543e-02	8.324970252564872775e-02
1.287330653853671038e+03	2.332434324237157852e-01	1.561508344196399223e-01	2.651378072514560813e-01	1.573429143962247201e-01	7.701857803538161851e-02	2.780082897035416820e-02	8.330560450285569296e-02
1.288781984917767431e+03	2.330547773599461192e-01	1.560384716859764820e-01	2.652667587732348009e-01	1.574130327483788949e-01	7.705907766671002412e-02	2.780647635673526644e-02	8.336140540864642179e-02
1.290233315981864052e+03	2.328664715162278576e-01	1.559262827425811904e-01	2.653954897418547842e-01	1.574830269124193882e-01	7.709950739403573228e-02	2.781211622547727358e-02	8.341710546703176576e-02
