1.001418434226643626e+03	2.855462949174488729e-01	1.707050782264623867e-01	2.343267753294770994e-01	1.424213552997986576e-01	6.914699820699120314e-02	2.766641280058704244e-02	7.018708521919762855e-02
1.003837319333471214e+03	2.851087416120836604e-01	1.704397097552236839e-01	2.346220118299048030e-01	1.426029019787382612e-01	6.922121574688809564e-02	2.770671465489365701e-02	7.029870442223074001e-02
1.006256204440298802e+03	2.846724472337489598e-01	1.701751048322129589e-01	2.349163816830719953e-01	1.427839067058188360e-01	6.929522366080077822e-02	2.774692709696578719e-02	7.041000878734354762e-02
1.008675089547126618e+03	2.842374081559093102e-01	1.699112612576562098e-01	2.352098873933877454e-01	1.429643711728399713e-01	6.936902255465703104e-02	2.778705033192274340e-02	7.052099913358983452e-02
1.011093974653954206e+03	2.838036207625095897e-01	1.696481768381399302e-01	2.355025314580416196e-01	1.431442970655301128e-01	6.944261303230109261e-02	2.782708456434548894e-02	7.063167627909495982e-02
1.013512859760782021e+03	2.833710814479440399e-01	1.693858493865925685e-01	2.357943163670247755e-01	1.433236860635793697e-01	6.951599569550684365e-02	2.786702999827905466e-02	7.074204104103609669e-02
1.015931744867609382e+03	2.829397866170259013e-01	1.691242767222657373e-01	2.360852446031507512e-01	1.435025398406719055e-01	6.958917114399074122e-02	2.790688683723490521e-02	7.085209423562281728e-02
1.018350629974437197e+03	2.825097326849564383e-01	1.688634566707157558e-01	2.363753186420760599e-01	1.436808600645182732e-01	6.966213997542471115e-02	2.794665528419329817e-02	7.096183667807819118e-02
1.020769515081264785e+03	2.820809160772949631e-01	1.686033870637849430e-01	2.366645409523209509e-01	1.438586483968871954e-01	6.973490278544879073e-02	2.798633554160562600e-02	7.107126918262018922e-02
1.023188400188092373e+03	2.816533332299281378e-01	1.683440657395833540e-01	2.369529139952900598e-01	1.440359064936371780e-01	6.980746016768364648e-02	2.802592781139671627e-02	7.118039256244355906e-02
1.025607285294920075e+03	2.812269805890398877e-01	1.680854905424701840e-01	2.372404402252928368e-01	1.442126360047476796e-01	6.987981271374293923e-02	2.806543229496712838e-02	7.128920762970195057e-02
1.028026170401747549e+03	2.808018546110812030e-01	1.678276593230355052e-01	2.375271220895641411e-01	1.443888385743502256e-01	6.995196101324555049e-02	2.810484919319540878e-02	7.139771519549054091e-02
1.030445055508575479e+03	2.803779517627400519e-01	1.675705699380820313e-01	2.378129620282845302e-01	1.445645158407589670e-01	7.002390565382766996e-02	2.814417870644034605e-02	7.150591606982897863e-02
1.032863940615402726e+03	2.799552685209112934e-01	1.673142202506066600e-01	2.380979624746008549e-01	1.447396694365011283e-01	7.009564722115471658e-02	2.818342103454317751e-02	7.161381106164468879e-02
1.035282825722230655e+03	2.795338013726670900e-01	1.670586081297824876e-01	2.383821258546463817e-01	1.449143009883470390e-01	7.016718629893316239e-02	2.822257637682980616e-02	7.172140097875651099e-02
1.037701710829058356e+03	2.791135468152268206e-01	1.668037314509407121e-01	2.386654545875610822e-01	1.450884121173399710e-01	7.023852346892213439e-02	2.826164493211297257e-02	7.182868662785875380e-02
1.040120595935886058e+03	2.786945013559274931e-01	1.665495880955523700e-01	2.389479510855118671e-01	1.452620044388256981e-01	7.030965931094496080e-02	2.830062689869440942e-02	7.193566881450558226e-02
1.042539481042713533e+03	2.782766615121942677e-01	1.662961759512104898e-01	2.392296177537126811e-01	1.454350795624817783e-01	7.038059440290053703e-02	2.833952247436698907e-02	7.204234834309561353e-02
1.044958366149541234e+03	2.778600238115107590e-01	1.660434929116121061e-01	2.395104569904445702e-01	1.456076390923464470e-01	7.045132932077460830e-02	2.837833185641683645e-02	7.214872601685703990e-02
1.047377251256368709e+03	2.774445847913896701e-01	1.657915368765403574e-01	2.397904711870756933e-01	1.457796846268474555e-01	7.052186463865083021e-02	2.841705524162543156e-02	7.225480263783294610e-02
1.049796136363196410e+03	2.770303409993434274e-01	1.655403057518465837e-01	2.400696627280813900e-01	1.459512177588304094e-01	7.059220092872178776e-02	2.845569282627168073e-02	7.236057900686705679e-02
1.052215021470024112e+03	2.766172889928550926e-01	1.652897974494326183e-01	2.403480339910639141e-01	1.461222400755870787e-01	7.066233876129988933e-02	2.849424480613399133e-02	7.246605592358965064e-02
1.054633906576851814e+03	2.762054253393492198e-01	1.650400098872330801e-01	2.406255873467723350e-01	1.462927531588832653e-01	7.073227870482802493e-02	2.853271137649229447e-02	7.257123418640394619e-02
1.057052791683679516e+03	2.757947466161626560e-01	1.647909409891976651e-01	2.409023251591223547e-01	1.464627585849865021e-01	7.080202132589025199e-02	2.857109273213007811e-02	7.267611459247266814e-02
1.059471676790506763e+03	2.753852494105153981e-01	1.645425886852734665e-01	2.411782497852160423e-01	1.466322579246935875e-01	7.087156718922223153e-02	2.860938906733639236e-02	7.278069793770503004e-02
1.061890561897334692e+03	2.749769303194823378e-01	1.642949509113874607e-01	2.414533635753614016e-01	1.468012527433575354e-01	7.094091685772160871e-02	2.864760057590783060e-02	7.288498501674391117e-02
1.064309447004162394e+03	2.745697859499638405e-01	1.640480256094291323e-01	2.417276688730921053e-01	1.469697446009147757e-01	7.101007089245831017e-02	2.868572745115049658e-02	7.298897662295340816e-02
1.066728332110990095e+03	2.741638129186573236e-01	1.638018107272328217e-01	2.420011680151870070e-01	1.471377350519117999e-01	7.107902985268463314e-02	2.872376988588195429e-02	7.309267354840656705e-02
1.069147217217817570e+03	2.737590078520286685e-01	1.635563042185604055e-01	2.422738633316895152e-01	1.473052256455314735e-01	7.114779429584526527e-02	2.876172807243316046e-02	7.319607658387354554e-02
1.071566102324645271e+03	2.733553673862837430e-01	1.633115040430840326e-01	2.425457571459272155e-01	1.474722179256194587e-01	7.121636477758723494e-02	2.879960220265038312e-02	7.329918651880992786e-02
1.073984987431472746e+03	2.729528881673398133e-01	1.630674081663686381e-01	2.428168517745311894e-01	1.476387134307101667e-01	7.128474185176968125e-02	2.883739246789709595e-02	7.340200414134538665e-02
1.076403872538300675e+03	2.725515668507973444e-01	1.628240145598550126e-01	2.430871495274552485e-01	1.478047136940524309e-01	7.135292607047352687e-02	2.887509905905586566e-02	7.350453023827256682e-02
1.078822757645127922e+03	2.721514001019114670e-01	1.625813212008423159e-01	2.433566527079953912e-01	1.479702202436352365e-01	7.142091798401109526e-02	2.891272216653019769e-02	7.360676559503624705e-02
1.081241642751955851e+03	2.717523845955643336e-01	1.623393260724711462e-01	2.436253636128088429e-01	1.481352346022128952e-01	7.148871814093554766e-02	2.895026198024640979e-02	7.370871099572280649e-02
1.083660527858783553e+03	2.713545170162364184e-01	1.620980271637063597e-01	2.438932845319332632e-01	1.482997582873302467e-01	7.155632708805030606e-02	2.898771868965545340e-02	7.381036722304985809e-02
1.086079412965611255e+03	2.709577940579790956e-01	1.618574224693201113e-01	2.441604177488058691e-01	1.484637928113475280e-01	7.162374537041828193e-02	2.902509248373473169e-02	7.391173505835625657e-02
1.088498298072438729e+03	2.705622124243862725e-01	1.616175099898748690e-01	2.444267655402824757e-01	1.486273396814650205e-01	7.169097353137104944e-02	2.906238355098988979e-02	7.401281528159217582e-02
1.090917183179266431e+03	2.701677688285669676e-01	1.613782877317064268e-01	2.446923301766565084e-01	1.487904003997475855e-01	7.175801211251790768e-02	2.909959207945662235e-02	7.411360867130965813e-02
1.093336068286093905e+03	2.697744599931172216e-01	1.611397537069072239e-01	2.449571139216779325e-01	1.489529764631488673e-01	7.182486165375483178e-02	2.913671825670242216e-02	7.421411600465314951e-02
1.095754953392921607e+03	2.693822826500925083e-01	1.609019059333093860e-01	2.452211190325720991e-01	1.491150693635353852e-01	7.189152269327341027e-02	2.917376226982834608e-02	7.431433805735052078e-02
1.098173838499749309e+03	2.689912335409803679e-01	1.606647424344679609e-01	2.454843477600585355e-01	1.492766805877103475e-01	7.195799576756956029e-02	2.921072430547076368e-02	7.441427560370413030e-02
1.100592723606577010e+03	2.686013094166727622e-01	1.604282612396442653e-01	2.457468023483697916e-01	1.494378116174373827e-01	7.202428141145220120e-02	2.924760454980306415e-02	7.451392941658219193e-02
1.103011608713404712e+03	2.682125070374387077e-01	1.601924603837892314e-01	2.460084850352701746e-01	1.495984639294638818e-01	7.209038015805190047e-02	2.928440318853737720e-02	7.461330026741039290e-02
1.105430493820231959e+03	2.678248231728969087e-01	1.599573379075267532e-01	2.462693980520743731e-01	1.497586389955443686e-01	7.215629253882928362e-02	2.932112040692628346e-02	7.471238892616363647e-02
1.107849378927059888e+03	2.674382546019887785e-01	1.597228918571372003e-01	2.465295436236660531e-01	1.499183382824635091e-01	7.222201908358352740e-02	2.935775638976446944e-02	7.481119616135810391e-02
1.110268264033887590e+03	2.670527981129507955e-01	1.594891202845408473e-01	2.467889239685163993e-01	1.500775632520590097e-01	7.228756032046064484e-02	2.939431132139042058e-02	7.490972274004349674e-02
1.112687149140715292e+03	2.666684505032879127e-01	1.592560212472815262e-01	2.470475412987026276e-01	1.502363153612443492e-01	7.235291677596168702e-02	2.943078538568807273e-02	7.500796942779540399e-02
1.115106034247542766e+03	2.662852085797463575e-01	1.590235928085100559e-01	2.473053978199265257e-01	1.503945960620311495e-01	7.241808897495093100e-02	2.946717876608845668e-02	7.510593698870807189e-02
1.117524919354370468e+03	2.659030691582868200e-01	1.587918330369680886e-01	2.475624957315326058e-01	1.505524068015516859e-01	7.248307744066391500e-02	2.950349164557130449e-02	7.520362618538713184e-02
1.119943804461197942e+03	2.655220290640574188e-01	1.585607400069715955e-01	2.478188372265267558e-01	1.507097490220808966e-01	7.254788269471543205e-02	2.953972420666670096e-02	7.530103777894270323e-02
1.122362689568025871e+03	2.651420851313672222e-01	1.583303117983948793e-01	2.480744244915942809e-01	1.508666241610583936e-01	7.261250525710739867e-02	2.957587663145666221e-02	7.539817252898264877e-02
1.124781574674853118e+03	2.647632342036594366e-01	1.581005464966541152e-01	2.483292597071182495e-01	1.510230336511102778e-01	7.267694564623664033e-02	2.961194910157673860e-02	7.549503119360595482e-02
1.127200459781681047e+03	2.643854731334849828e-01	1.578714421926913636e-01	2.485833450471976180e-01	1.511789789200706502e-01	7.274120437890274626e-02	2.964794179821758635e-02	7.559161452939644477e-02
1.129619344888508749e+03	2.640087987824757398e-01	1.576429969829584166e-01	2.488366826796654108e-01	1.513344613910032332e-01	7.280528197031556348e-02	2.968385490212653230e-02	7.568792329141645070e-02
1.132038229995336451e+03	2.636332080213183993e-01	1.574152089694006995e-01	2.490892747661067885e-01	1.514894824822224650e-01	7.286917893410288505e-02	2.971968859360912818e-02	7.578395823320094316e-02
1.134457115102163925e+03	2.632586977297279307e-01	1.571880762594413949e-01	2.493411234618770067e-01	1.516440436073147047e-01	7.293289578231788861e-02	2.975544305253070496e-02	7.587972010675160528e-02
1.136876000208991627e+03	2.628852647964214917e-01	1.569615969659653443e-01	2.495922309161194563e-01	1.517981461751591599e-01	7.299643302544660262e-02	2.979111845831788202e-02	7.597520966253124008e-02
1.139294885315819101e+03	2.625129061190921154e-01	1.567357692073032549e-01	2.498425992717835664e-01	1.519517915899486760e-01	7.305979117241523380e-02	2.982671498996009377e-02	7.607042764945827484e-02
1.141713770422646803e+03	2.621416186043826202e-01	1.565105911072157407e-01	2.500922306656426231e-01	1.521049812512102750e-01	7.312297073059742525e-02	2.986223282601110224e-02	7.616537481490140427e-02
1.144132655529474505e+03	2.617713991678597973e-01	1.562860607948775571e-01	2.503411272283116440e-01	1.522577165538257504e-01	7.318597220582147289e-02	2.989767214459047862e-02	7.626005190467449735e-02
1.146551540636302207e+03	2.614022447339880983e-01	1.560621764048619187e-01	2.505892910842650312e-01	1.524099988880519008e-01	7.324879610237750027e-02	2.993303312338509159e-02	7.635445966303161525e-02
1.148970425743129908e+03	2.610341522361041000e-01	1.558389360771246790e-01	2.508367243518545564e-01	1.525618296395405415e-01	7.331144292302445298e-02	2.996831593965058882e-02	7.644859883266216793e-02
1.151389310849957155e+03	2.606671186163906362e-01	1.556163379569886762e-01	2.510834291433266530e-01	1.527132101893587945e-01	7.337391316899713467e-02	3.000352077021284716e-02	7.654247015468633453e-02
1.153808195956785084e+03	2.603011408258509851e-01	1.553943801951282455e-01	2.513294075648402348e-01	1.528641419140086555e-01	7.343620734001311823e-02	3.003864779146942637e-02	7.663607436865042810e-02
1.156227081063612786e+03	2.599362158242833343e-01	1.551730609475533984e-01	2.515746617164842935e-01	1.530146261854468392e-01	7.349832593427958749e-02	3.007369717939100892e-02	7.672941221252266297e-02
1.158645966170440488e+03	2.595723405802552453e-01	1.549523783755945572e-01	2.518191936922951624e-01	1.531646643711042088e-01	7.356026944850019289e-02	3.010866910952282594e-02	7.682248442268889421e-02
1.161064851277267962e+03	2.592095120710780631e-01	1.547323306458869563e-01	2.520630055802742797e-01	1.533142578339053153e-01	7.362203837788167116e-02	3.014356375698608662e-02	7.691529173394863472e-02
1.163483736384095664e+03	2.588477272827817699e-01	1.545129159303551825e-01	2.523060994624053976e-01	1.534634079322875488e-01	7.368363321614064543e-02	3.017838129647936601e-02	7.700783487951108619e-02
1.165902621490923138e+03	2.584869832100893383e-01	1.542941324061978814e-01	2.525484774146719569e-01	1.536121160202202074e-01	7.374505445551007843e-02	3.021312190228002750e-02	7.710011459099140596e-02
1.168321506597751068e+03	2.581272768563917519e-01	1.540759782558723534e-01	2.527901415070745172e-01	1.537603834472236475e-01	7.380630258674589217e-02	3.024778574824559321e-02	7.719213159840709881e-02
1.170740391704578315e+03	2.577686052337225808e-01	1.538584516670792601e-01	2.530310938036477997e-01	1.539082115583879362e-01	7.386737809913347663e-02	3.028237300781513180e-02	7.728388663017454752e-02
1.173159276811406244e+03	2.574109653627332794e-01	1.536415508327474977e-01	2.532713363624780611e-01	1.540556016943916140e-01	7.392828148049400416e-02	3.031688385401062544e-02	7.737538041310561276e-02
1.175578161918233945e+03	2.570543542726677066e-01	1.534252739510188757e-01	2.535108712357201366e-01	1.542025551915202353e-01	7.398901321719084101e-02	3.035131845943832285e-02	7.746661367240449680e-02
1.177997047025061647e+03	2.566987690013374790e-01	1.532096192252329347e-01	2.537497004696147584e-01	1.543490733816848537e-01	7.404957379413586172e-02	3.038567699629008897e-02	7.755758713166463481e-02
1.180415932131889122e+03	2.563442065950970461e-01	1.529945848639119865e-01	2.539878261045052099e-01	1.544951575924402298e-01	7.410996369479565249e-02	3.041995963634475109e-02	7.764830151286569726e-02
1.182834817238716823e+03	2.559906641088188217e-01	1.527801690807459589e-01	2.542252501748547555e-01	1.546408091470030111e-01	7.417018340119770070e-02	3.045416655096943107e-02	7.773875753637086994e-02
1.185253702345544298e+03	2.556381386058685368e-01	1.525663700945774359e-01	2.544619747092632944e-01	1.547860293642698282e-01	7.423023339393654274e-02	3.048829791112086032e-02	7.782895592092405057e-02
1.187672587452371999e+03	2.552866271580806479e-01	1.523531861293865308e-01	2.546980017304844024e-01	1.549308195588351145e-01	7.429011415217975922e-02	3.052235388734668778e-02	7.791889738364736473e-02
1.190091472559199701e+03	2.549361268457336349e-01	1.521406154142762035e-01	2.549333332554421516e-01	1.550751810410088971e-01	7.434982615367409509e-02	3.055633464978679825e-02	7.800858264003864007e-02
1.192510357666027403e+03	2.545866347575255206e-01	1.519286561834572447e-01	2.551679712952480972e-01	1.552191151168345051e-01	7.440936987475134379e-02	3.059024036817458922e-02	7.809801240396910260e-02
1.194929242772855105e+03	2.542381479905495567e-01	1.517173066762334266e-01	2.554019178552176528e-01	1.553626230881060555e-01	7.446874579033425923e-02	3.062407121183827532e-02	7.818718738768119791e-02
1.197348127879682352e+03	2.538906636502697989e-01	1.515065651369867372e-01	2.556351749348871327e-01	1.555057062523857725e-01	7.452795437394243994e-02	3.065782734970215126e-02	7.827610830178637069e-02
1.199767012986510281e+03	2.535441788504968486e-01	1.512964298151626974e-01	2.558677445280302387e-01	1.556483659030214739e-01	7.458699609769810224e-02	3.069150895028786852e-02	7.836477585526317735e-02
1.202185898093337983e+03	2.531986907133634834e-01	1.510868989652555394e-01	2.560996286226748242e-01	1.557906033291636128e-01	7.464587143233185340e-02	3.072511618171568440e-02	7.845319075545537091e-02
1.204604783200165684e+03	2.528541963693008432e-01	1.508779708467936631e-01	2.563308292011193812e-01	1.559324198157822916e-01	7.470458084718838154e-02	3.075864921170573529e-02	7.854135370807008298e-02
1.207023668306993159e+03	2.525106929570141712e-01	1.506696437243249254e-01	2.565613482399493606e-01	1.560738166436842489e-01	7.476312481023210388e-02	3.079210820757925446e-02	7.862926541717622786e-02
1.209442553413820860e+03	2.521681776234587224e-01	1.504619158674022072e-01	2.567911877100541584e-01	1.562147950895296789e-01	7.482150378805275948e-02	3.082549333625983143e-02	7.871692658520289265e-02
1.211861438520648335e+03	2.518266475238161162e-01	1.502547855505687591e-01	2.570203495766429924e-01	1.563553564258489126e-01	7.487971824587097425e-02	3.085880476427462285e-02	7.880433791293788015e-02
1.214280323627476264e+03	2.514860998214701882e-01	1.500482510533437119e-01	2.572488357992614993e-01	1.564955019210590437e-01	7.493776864754378431e-02	3.089204265775558761e-02	7.889150009952633491e-02
1.216699208734303511e+03	2.511465316879835097e-01	1.498423106602077282e-01	2.574766483318082222e-01	1.566352328394803872e-01	7.499565545557007606e-02	3.092520718244067685e-02	7.897841384246950813e-02
1.219118093841131440e+03	2.508079403030735177e-01	1.496369626605885961e-01	2.577037891225505417e-01	1.567745504413527724e-01	7.505337913109597081e-02	3.095829850367506908e-02	7.906507983762357805e-02
1.221536978947959142e+03	2.504703228545888116e-01	1.494322053488468527e-01	2.579302601141411633e-01	1.569134559828520015e-01	7.511094013392023705e-02	3.099131678641233942e-02	7.915149877919858135e-02
1.223955864054786844e+03	2.501336765384857275e-01	1.492280370242614063e-01	2.581560632436343261e-01	1.570519507161057260e-01	7.516833892249961957e-02	3.102426219521565998e-02	7.923767135975742781e-02
1.226374749161614318e+03	2.497979985588048291e-01	1.490244559910153810e-01	2.583812004425019015e-01	1.571900358892097671e-01	7.522557595395407137e-02	3.105713489425897950e-02	7.932359827021502607e-02
1.228793634268442020e+03	2.494632861276473712e-01	1.488214605581818784e-01	2.586056736366491027e-01	1.573277127462438529e-01	7.528265168407199948e-02	3.108993504732820642e-02	7.940928019983749253e-02
1.231212519375269494e+03	2.491295364651520405e-01	1.486190490397096553e-01	2.588294847464313042e-01	1.574649825272876058e-01	7.533956656731549684e-02	3.112266281782237118e-02	7.949471783624142973e-02
1.233631404482097196e+03	2.487967467994716964e-01	1.484172197544091909e-01	2.590526356866693081e-01	1.576018464684361686e-01	7.539632105682542162e-02	3.115531836875478147e-02	7.957991186539331574e-02
1.236050289588924898e+03	2.484649143667500559e-01	1.482159710259384477e-01	2.592751283666657192e-01	1.577383058018158868e-01	7.545291560442657364e-02	3.118790186275417764e-02	7.966486297160897678e-02
1.238469174695752372e+03	2.481340364110986019e-01	1.480153011827888831e-01	2.594969646902207661e-01	1.578743617555998235e-01	7.550935066063271806e-02	3.122041346206588450e-02	7.974957183755315704e-02
1.240888059802580301e+03	2.478041101845734895e-01	1.478152085582714048e-01	2.597181465556480107e-01	1.580100155540231921e-01	7.556562667465162308e-02	3.125285332855294584e-02	7.983403914423911618e-02
1.243306944909407548e+03	2.474751329471525929e-01	1.476156914905023820e-01	2.599386758557903354e-01	1.581452684173987600e-01	7.562174409439001432e-02	3.128522162369725551e-02	7.991826557102836570e-02
1.245725830016235477e+03	2.471471019667124402e-01	1.474167483223897956e-01	2.601585544780357639e-01	1.582801215621319757e-01	7.567770336645858464e-02	3.131751850860069186e-02	8.000225179563044686e-02
1.248144715123063179e+03	2.468200145190054540e-01	1.472183774016192770e-01	2.603777843043328932e-01	1.584145762007361791e-01	7.573350493617683754e-02	3.134974414398622455e-02	8.008599849410280580e-02
1.250563600229890881e+03	2.464938678876370526e-01	1.470205770806402301e-01	2.605963672112068807e-01	1.585486335418476167e-01	7.578914924757797211e-02	3.138189869019902822e-02	8.016950634085077965e-02
1.252982485336718355e+03	2.461686593640430853e-01	1.468233457166521483e-01	2.608143050697749321e-01	1.586822947902404857e-01	7.584463674341372641e-02	3.141398230720761353e-02	8.025277600862756877e-02
1.255401370443546057e+03	2.458443862474668506e-01	1.466266816715907639e-01	2.610315997457618997e-01	1.588155611468416439e-01	7.589996786515913751e-02	3.144599515460488187e-02	8.033580816853437556e-02
1.257820255550373531e+03	2.455210458449368083e-01	1.464305833121142819e-01	2.612482530995158259e-01	1.589484338087454873e-01	7.595514305301734326e-02	3.147793739160926335e-02	8.041860349002054320e-02
1.260239140657201460e+03	2.451986354712438476e-01	1.462350490095897793e-01	2.614642669860234303e-01	1.590809139692286045e-01	7.601016274592424515e-02	3.150980917706577150e-02	8.050116264088380547e-02
1.262658025764028707e+03	2.448771524489188889e-01	1.460400771400795772e-01	2.616796432549257090e-01	1.592130028177643208e-01	7.606502738155321297e-02	3.154161066944710656e-02	8.058348628727063367e-02
1.265076910870856636e+03	2.445565941082105121e-01	1.458456660843275576e-01	2.618943837505330885e-01	1.593447015400372702e-01	7.611973739631974767e-02	3.157334202685471714e-02	8.066557509367655587e-02
1.267495795977684338e+03	2.442369577870625030e-01	1.456518142277456740e-01	2.621084903118409137e-01	1.594760113179577166e-01	7.617429322538607495e-02	3.160500340701987571e-02	8.074742972294665644e-02
1.269914681084511813e+03	2.439182408310916483e-01	1.454585199604003509e-01	2.623219647725448800e-01	1.596069333296759873e-01	7.622869530266569715e-02	3.163659496730472642e-02	8.082905083627606180e-02
1.272333566191339514e+03	2.436004405935656147e-01	1.452657816769991062e-01	2.625348089610560764e-01	1.597374687495966283e-01	7.628294406082797297e-02	3.166811686470336756e-02	8.091043909321053718e-02
1.274752451298167216e+03	2.432835544353805779e-01	1.450735977768770057e-01	2.627470247005165294e-01	1.598676187483925315e-01	7.633703993130265542e-02	3.169956925584288543e-02	8.099159515164709722e-02
1.277171336404994690e+03	2.429675797250394065e-01	1.448819666639833137e-01	2.629586138088140235e-01	1.599973844930190903e-01	7.639098334428423565e-02	3.173095229698439518e-02	8.107251966783472763e-02
1.279590221511822392e+03	2.426525138386294578e-01	1.446908867468681692e-01	2.631695780985974786e-01	1.601267671467281606e-01	7.644477472873653645e-02	3.176226614402409554e-02	8.115321329637519010e-02
1.282009106618650094e+03	2.423383541598008173e-01	1.445003564386692363e-01	2.633799193772920488e-01	1.602557678690818554e-01	7.649841451239704215e-02	3.179351095249428882e-02	8.123367669022378557e-02
1.284427991725477568e+03	2.420250980797442053e-01	1.443103741570982979e-01	2.635896394471141102e-01	1.603843878159665337e-01	7.655190312178128398e-02	3.182468687756442177e-02	8.131391050069024240e-02
1.286846876832305497e+03	2.417127429971692998e-01	1.441209383244282383e-01	2.637987401050861380e-01	1.605126281396063725e-01	7.660524098218719768e-02	3.185579407404210556e-02	8.139391537743970173e-02
1.289265761939132744e+03	2.414012863182829483e-01	1.439320473674796652e-01	2.640072231430520278e-01	1.606404899885771342e-01	7.665842851769942567e-02	3.188683269637410805e-02	8.147369196849368889e-02
1.291684647045960673e+03	2.410907254567674629e-01	1.437436997176078646e-01	2.642150903476916946e-01	1.607679745078197941e-01	7.671146615119361911e-02	3.191780289864742243e-02	8.155324092023115423e-02
1.294103532152788375e+03	2.407810578337590546e-01	1.435558938106894777e-01	2.644223435005361722e-01	1.608950828386538356e-01	7.676435430434068452e-02	3.194870483459020388e-02	8.163256287738962502e-02
1.296522417259616077e+03	2.404722808778261001e-01	1.433686280871097340e-01	2.646289843779822126e-01	1.610218161187908226e-01	7.681709339761097488e-02	3.197953865757281050e-02	8.171165848306634338e-02
1.298941302366443551e+03	2.401643920249479924e-01	1.431819009917490448e-01	2.648350147513073294e-01	1.611481754823478052e-01	7.686968385027853623e-02	3.201030452060880938e-02	8.179052837871941817e-02
1.301360187473271253e+03	2.398573887184932973e-01	1.429957109739702636e-01	2.650404363866845081e-01	1.612741620598603931e-01	7.692212608042527100e-02	3.204100257635594806e-02	8.186917320416919885e-02
1.303779072580098727e+03	2.395512684091987143e-01	1.428100564876055578e-01	2.652452510451967505e-01	1.613997769782961333e-01	7.697442050494501808e-02	3.207163297711713990e-02	8.194759359759955231e-02
1.306197957686926657e+03	2.392460285551475108e-01	1.426249359909436132e-01	2.654494604828518955e-01	1.615250213610675278e-01	7.702656753954770230e-02	3.210219587484144238e-02	8.202579019555916728e-02
1.308616842793753904e+03	2.389416666217484275e-01	1.424403479467165889e-01	2.656530664505972195e-01	1.616498963280450785e-01	7.707856759876342834e-02	3.213269142112505639e-02	8.210376363296305324e-02
1.311035727900581833e+03	2.386381800817144461e-01	1.422562908220873779e-01	2.658560706943338681e-01	1.617744029955703045e-01	7.713042109594650531e-02	3.216311976721227678e-02	8.218151454309396975e-02
1.313454613007409534e+03	2.383355664150417774e-01	1.420727630886366721e-01	2.660584749549317340e-01	1.618985424764686487e-01	7.718212844327947131e-02	3.219348106399644305e-02	8.225904355760388365e-02
1.315873498114237009e+03	2.380338231089886292e-01	1.418897632223503347e-01	2.662602809682436678e-01	1.620223158800622731e-01	7.723369005177711799e-02	3.222377546202093851e-02	8.233635130651562051e-02
1.318292383221064711e+03	2.377329476580543333e-01	1.417072897036064927e-01	2.664614904651200211e-01	1.621457243121827985e-01	7.728510633129043184e-02	3.225400311148012011e-02	8.241343841822437732e-02
1.320711268327892412e+03	2.374329375639583073e-01	1.415253410171629367e-01	2.666621051714230251e-01	1.622687688751840718e-01	7.733637769051054933e-02	3.228416416222028296e-02	8.249030551949941559e-02
1.323130153434719887e+03	2.371337903356192656e-01	1.413439156521444362e-01	2.668621268080412223e-01	1.623914506679546288e-01	7.738750453697267051e-02	3.231425876374058315e-02	8.256695323548571275e-02
1.325549038541547588e+03	2.368355034891344024e-01	1.411630121020301110e-01	2.670615570909037895e-01	1.625137707859304059e-01	7.743848727706000024e-02	3.234428706519401620e-02	8.264338218970569694e-02
1.327967923648375290e+03	2.365380745477586588e-01	1.409826288646407744e-01	2.672603977309949141e-01	1.626357303211071748e-01	7.748932631600755072e-02	3.237424921538834682e-02	8.271959300406102333e-02
1.330386808755202765e+03	2.362415010418838501e-01	1.408027644421264712e-01	2.674586504343677285e-01	1.627573303620528933e-01	7.754002205790602731e-02	3.240414536278699020e-02	8.279558629883440601e-02
1.332805693862030694e+03	2.359457805090183491e-01	1.406234173409538490e-01	2.676563169021589084e-01	1.628785719939201126e-01	7.759057490570561710e-02	3.243397565551003198e-02	8.287136269269140820e-02
1.335224578968857941e+03	2.356509104937662968e-01	1.404445860718937789e-01	2.678533988306027180e-01	1.629994562984582174e-01	7.764098526121980537e-02	3.246374024133506786e-02	8.294692280268234352e-02
1.337643464075685870e+03	2.353568885478070638e-01	1.402662691500088654e-01	2.680498979110449431e-01	1.631199843540257211e-01	7.769125352512917804e-02	3.249343926769816121e-02	8.302226724424424664e-02
1.340062349182513572e+03	2.350637122298749881e-01	1.400884650946409848e-01	2.682458158299572681e-01	1.632401572356022845e-01	7.774138009698505769e-02	3.252307288169477284e-02	8.309739663120280229e-02
1.342481234289341273e+03	2.347713791057388089e-01	1.399111724293990444e-01	2.684411542689510433e-01	1.633599760148009283e-01	7.779136537521337547e-02	3.255264123008064225e-02	8.317231157577431588e-02
1.344900119396168748e+03	2.344798867481814875e-01	1.397343896821464926e-01	2.686359149047914952e-01	1.634794417598799121e-01	7.784120975711825152e-02	3.258214445927271052e-02	8.324701268856778136e-02
1.347319004502996449e+03	2.341892327369797799e-01	1.395581153849891065e-01	2.688300994094116048e-01	1.635985555357548638e-01	7.789091363888574204e-02	3.261158271535002234e-02	8.332150057858697667e-02
1.349737889609823924e+03	2.338994146588841694e-01	1.393823480742627519e-01	2.690237094499260961e-01	1.637173184040105200e-01	7.794047741558747522e-02	3.264095614405460727e-02	8.339577585323248998e-02
1.352156774716651853e+03	2.336104301075986323e-01	1.392070862905210316e-01	2.692167466886452587e-01	1.638357314229126893e-01	7.798990148118424559e-02	3.267026489079240953e-02	8.346983911830389846e-02
1.354575659823479100e+03	2.333222766837605433e-01	1.390323285785231844e-01	2.694092127830887140e-01	1.639537956474198810e-01	7.803918622852969167e-02	3.269950910063414845e-02	8.354369097800196098e-02
1.356994544930307029e+03	2.330349519949207193e-01	1.388580734872219835e-01	2.696011093859994601e-01	1.640715121291951573e-01	7.808833204937384864e-02	3.272868891831620664e-02	8.361733203493075528e-02
1.359413430037134731e+03	2.327484536555233519e-01	1.386843195697514963e-01	2.697924381453573606e-01	1.641888819166177071e-01	7.813733933436671497e-02	3.275780448824152508e-02	8.369076289009998171e-02
1.361832315143962205e+03	2.324627792868861342e-01	1.385110653834150107e-01	2.699832007043931337e-01	1.643059060547944761e-01	7.818620847306181898e-02	3.278685595448047052e-02	8.376398414292715588e-02
1.364251200250789907e+03	2.321779265171804163e-01	1.383383094896731003e-01	2.701733987016016747e-01	1.644225855855715734e-01	7.823493985391971606e-02	3.281584346077172365e-02	8.383699639123995406e-02
1.366670085357617609e+03	2.318938929814114425e-01	1.381660504541314671e-01	2.703630337707562115e-01	1.645389215475459299e-01	7.828353386431149974e-02	3.284476715052313256e-02	8.390980023127851684e-02
1.369088970464445310e+03	2.316106763213984787e-01	1.379942868465290906e-01	2.705521075409213494e-01	1.646549149760766217e-01	7.833199089052231279e-02	3.287362716681260094e-02	8.398239625769778061e-02
1.371507855571272785e+03	2.313282741857552449e-01	1.378230172407261533e-01	2.707406216364671159e-01	1.647705669032961673e-01	7.838031131775477500e-02	3.290242365238890687e-02	8.405478506356989232e-02
1.373926740678100487e+03	2.310466842298702639e-01	1.376522402146921897e-01	2.709285776770821164e-01	1.648858783581219900e-01	7.842849553013246655e-02	3.293115674967263262e-02	8.412696724038655482e-02
1.376345625784927961e+03	2.307659041158872937e-01	1.374819543504943176e-01	2.711159772777873567e-01	1.650008503662674653e-01	7.847654391070330027e-02	3.295982660075694182e-02	8.419894337806155260e-02
1.378764510891755890e+03	2.304859315126857044e-01	1.373121582342851643e-01	2.713028220489494546e-01	1.651154839502532723e-01	7.852445684144299110e-02	3.298843334740849537e-02	8.427071406493311101e-02
1.381183395998583137e+03	2.302067640958612993e-01	1.371428504562912654e-01	2.714891135962940738e-01	1.652297801294184409e-01	7.857223470325841452e-02	3.301697713106825638e-02	8.434227988776644980e-02
1.383602281105411066e+03	2.299283995477065523e-01	1.369740296108012123e-01	2.716748535209194682e-01	1.653437399199314539e-01	7.861987787599090949e-02	3.304545809285235752e-02	8.441364143175626722e-02
1.386021166212238768e+03	2.296508355571916515e-01	1.368056942961539402e-01	2.718600434193094717e-01	1.654573643348012102e-01	7.866738673841974783e-02	3.307387637355294063e-02	8.448479928052926580e-02
1.388440051319066470e+03	2.293740698199448202e-01	1.366378431147269590e-01	2.720446848833472098e-01	1.655706543838881273e-01	7.871476166826534004e-02	3.310223211363897550e-02	8.455575401614670583e-02
1.390858936425893944e+03	2.290981000382333876e-01	1.364704746729248075e-01	2.722287795003281441e-01	1.656836110739149104e-01	7.876200304219266313e-02	3.313052545325712028e-02	8.462650621910702831e-02
1.393277821532721646e+03	2.288229239209445820e-01	1.363035875811673125e-01	2.724123288529732845e-01	1.657962354084775158e-01	7.880911123581448019e-02	3.315875653223252645e-02	8.469705646834840840e-02
1.395696706639549120e+03	2.285485391835662683e-01	1.361371804538779873e-01	2.725953345194422339e-01	1.659085283880558925e-01	7.885608662369461563e-02	3.318692549006967835e-02	8.476740534125140614e-02
1.398115591746377049e+03	2.282749435481679356e-01	1.359712519094725958e-01	2.727777980733466778e-01	1.660204910100248343e-01	7.890292957935124418e-02	3.321503246595320508e-02	8.483755341364160318e-02
1.400534476853204296e+03	2.280021347433817958e-01	1.358058005703474125e-01	2.729597210837632071e-01	1.661321242686644994e-01	7.894964047526009665e-02	3.324307759874872009e-02	8.490750125979229512e-02
1.402953361960032225e+03	2.277301105043837148e-01	1.356408250628679812e-01	2.731411051152465852e-01	1.662434291551712628e-01	7.899621968285772122e-02	3.327106102700363999e-02	8.497724945242712824e-02
1.405372247066859927e+03	2.274588685728744231e-01	1.354763240173574024e-01	2.733219517278424604e-01	1.663544066576682079e-01	7.904266757254467535e-02	3.329898288894796166e-02	8.504679856272288896e-02
1.407791132173687402e+03	2.271884066970605576e-01	1.353122960680850362e-01	2.735022624771006883e-01	1.664650577612157567e-01	7.908898451368867599e-02	3.332684332249510190e-02	8.511614916031215450e-02
1.410210017280515103e+03	2.269187226316359551e-01	1.351487398532550677e-01	2.736820389140882104e-01	1.665753834478220508e-01	7.913517087462781929e-02	3.335464246524270926e-02	8.518530181328608231e-02
1.412628902387342805e+03	2.266498141377629727e-01	1.349856540149952377e-01	2.738612825854018218e-01	1.666853846964535535e-01	7.918122702267373081e-02	3.338238045447344121e-02	8.525425708819717174e-02
1.415047787494170507e+03	2.263816789830536969e-01	1.348230371993453247e-01	2.740399950331811607e-01	1.667950624830452644e-01	7.922715332411466027e-02	3.341005742715578292e-02	8.532301555006205351e-02
1.417466672600997981e+03	2.261143149415513753e-01	1.346608880562459587e-01	2.742181777951215316e-01	1.669044177805113216e-01	7.927295014421867347e-02	3.343767351994483827e-02	8.539157776236426522e-02
1.419885557707825683e+03	2.258477197937118763e-01	1.344992052395273807e-01	2.743958324044867281e-01	1.670134515587550494e-01	7.931861784723670539e-02	3.346522886918312095e-02	8.545994428705712409e-02
1.422304442814653157e+03	2.255818913263850922e-01	1.343379874068981739e-01	2.745729603901218008e-01	1.671221647846793945e-01	7.936415679640565490e-02	3.349272361090135930e-02	8.552811568456648861e-02
1.424723327921481086e+03	2.253168273327966209e-01	1.341772332199340778e-01	2.747495632764656581e-01	1.672305584221970842e-01	7.940956735395149346e-02	3.352015788081926656e-02	8.559609251379371453e-02
1.427142213028308333e+03	2.250525256125292528e-01	1.340169413440667479e-01	2.749256425835641116e-01	1.673386334322407576e-01	7.945484988109230429e-02	3.354753181434632497e-02	8.566387533211841654e-02
1.429561098135136262e+03	2.247889839715046245e-01	1.338571104485727636e-01	2.751011998270820325e-01	1.674463907727730960e-01	7.950000473804130774e-02	3.357484554658258374e-02	8.573146469540145198e-02
1.431979983241963964e+03	2.245262002219649555e-01	1.336977392065624159e-01	2.752762365183164528e-01	1.675538313987969541e-01	7.954503228400990056e-02	3.360209921231942926e-02	8.579886115798773805e-02
1.434398868348791666e+03	2.242641721824547851e-01	1.335388262949686600e-01	2.754507541642087776e-01	1.676609562623652683e-01	7.958993287721072285e-02	3.362929294604035529e-02	8.586606527270920775e-02
1.436817753455619140e+03	2.240028976778028758e-01	1.333803703945360686e-01	2.756247542673574968e-01	1.677677663125911600e-01	7.963470687486057242e-02	3.365642688192174020e-02	8.593307759088775200e-02
1.439236638562446842e+03	2.237423745391039220e-01	1.332223701898098966e-01	2.757982383260307868e-01	1.678742624956578167e-01	7.967935463318345790e-02	3.368350115383361015e-02	8.599989866233814784e-02
1.441655523669274316e+03	2.234826006037005375e-01	1.330648243691250343e-01	2.759712078341788888e-01	1.679804457548282892e-01	7.972387650741351306e-02	3.371051589534040938e-02	8.606652903537100052e-02
1.444074408776102018e+03	2.232235737151652410e-01	1.329077316245950158e-01	2.761436642814464326e-01	1.680863170304554566e-01	7.976827285179800830e-02	3.373747123970177730e-02	8.613296925679575500e-02
1.446493293882929493e+03	2.229652917232824161e-01	1.327510906521013057e-01	2.763156091531849268e-01	1.681918772599917955e-01	7.981254401960025113e-02	3.376436731987329104e-02	8.619921987192359636e-02
1.448912178989757422e+03	2.227077524840304634e-01	1.325949001512822523e-01	2.764870439304654148e-01	1.682971273779991228e-01	7.985669036310252822e-02	3.379120426850721476e-02	8.626528142457057236e-02
1.451331064096585123e+03	2.224509538595639269e-01	1.324391588255222629e-01	2.766579700900902994e-01	1.684020683161582821e-01	7.990071223360901975e-02	3.381798221795329767e-02	8.633115445706049385e-02
1.453749949203412370e+03	2.221948937181955075e-01	1.322838653819410626e-01	2.768283891046058320e-01	1.685067010032788859e-01	7.994460998144871378e-02	3.384470130025947487e-02	8.639683951022801567e-02
1.456168834310240300e+03	2.219395699343785500e-01	1.321290185313828414e-01	2.769983024423147144e-01	1.686110263653088359e-01	7.998838395597825113e-02	3.387136164717263753e-02	8.646233712342163424e-02
1.458587719417068001e+03	2.216849803886890846e-01	1.319746169884054854e-01	2.771677115672878666e-01	1.687150453253440097e-01	8.003203450558483978e-02	3.389796339013940313e-02	8.652764783450672681e-02
1.461006604523895703e+03	2.214311229678083415e-01	1.318206594712699464e-01	2.773366179393768061e-01	1.688187588036376974e-01	8.007556197768911366e-02	3.392450666030682321e-02	8.659277217986864617e-02
1.463425489630723177e+03	2.211779955645050144e-01	1.316671447019295560e-01	2.775050230142257490e-01	1.689221677176101499e-01	8.011896671874796372e-02	3.395099158852313281e-02	8.665771069441571828e-02
1.465844374737550879e+03	2.209255960776177752e-01	1.315140714060192284e-01	2.776729282432838786e-01	1.690252729818581268e-01	8.016224907425735513e-02	3.397741830533852064e-02	8.672246391158240642e-02
1.468263259844378354e+03	2.206739224120376486e-01	1.313614383128449692e-01	2.778403350738171684e-01	1.691280755081641662e-01	8.020540938875518611e-02	3.400378694100580912e-02	8.678703236333232263e-02
1.470682144951206283e+03	2.204229724786906930e-01	1.312092441553732447e-01	2.780072449489208175e-01	1.692305762055059670e-01	8.024844800582406346e-02	3.403009762548124539e-02	8.685141658016132249e-02
1.473101030058033530e+03	2.201727441945204033e-01	1.310574876702204072e-01	2.781736593075306851e-01	1.693327759800659083e-01	8.029136526809413366e-02	3.405635048842518831e-02	8.691561709110062761e-02
1.475519915164861459e+03	2.199232354824705860e-01	1.309061675976421202e-01	2.783395795844359477e-01	1.694346757352400701e-01	8.033416151724581677e-02	3.408254565920285778e-02	8.697963442371994813e-02
1.477938800271689161e+03	2.196744442714678724e-01	1.307552826815229496e-01	2.785050072102905894e-01	1.695362763716476429e-01	8.037683709401263754e-02	3.410868326688507035e-02	8.704346910413059135e-02
1.480357685378516862e+03	2.194263684964044836e-01	1.306048316693657896e-01	2.786699436116255035e-01	1.696375787871401974e-01	8.041939233818388988e-02	3.413476344024891918e-02	8.710712165698854259e-02
1.482776570485344337e+03	2.191790060981210209e-01	1.304548133122815645e-01	2.788343902108602057e-01	1.697385838768107336e-01	8.046182758860752349e-02	3.416078630777855812e-02	8.717059260549768485e-02
