1.001418434226643626e+03	2.855667898382208136e-01	1.706768961929577000e-01	2.343016100219083020e-01	1.424206064973322916e-01	6.916024973613833782e-02	2.767175212371842524e-02	7.020209558968400210e-02
1.002869765290740247e+03	2.853040717744303456e-01	1.705176325186706088e-01	2.344787738804257615e-01	1.425296238847000296e-01	6.920483593177789716e-02	2.769589403689550269e-02	7.026916797305969575e-02
1.004321096354836754e+03	2.850418074962556281e-01	1.703586439469298996e-01	2.346556255788369849e-01	1.426384461592199449e-01	6.924934647463754089e-02	2.772000353020807883e-02	7.033612681387166332e-02
1.005772427418933376e+03	2.847799962189549450e-01	1.701999300019395311e-01	2.348321656586645767e-01	1.427470736862112566e-01	6.929378149635644080e-02	2.774408064919194061e-02	7.040297228864091095e-02
1.007223758483029997e+03	2.845186371591479357e-01	1.700414902087294955e-01	2.350083946604940299e-01	1.428555068302017339e-01	6.933814112830090359e-02	2.776812543930943719e-02	7.046970457377599306e-02
1.008675089547126618e+03	2.842577295348133193e-01	1.698833240931541810e-01	2.351843131239753915e-01	1.429637459549302769e-01	6.938242550156534239e-02	2.779213794594968465e-02	7.053632384557137480e-02
1.010126420611223239e+03	2.839972725652863961e-01	1.697254311818910122e-01	2.353599215878247330e-01	1.430717914233494426e-01	6.942663474697330361e-02	2.781611821442874638e-02	7.060283028020584994e-02
1.011577751675319632e+03	2.837372654712569942e-01	1.695678110024390339e-01	2.355352205898259832e-01	1.431796435976281368e-01	6.947076899507849401e-02	2.784006628998983782e-02	7.066922405374098659e-02
1.013029082739416367e+03	2.834777074747668046e-01	1.694104630831173575e-01	2.357102106668323704e-01	1.432873028391541681e-01	6.951482837616576593e-02	2.786398221780351028e-02	7.073550534211955898e-02
1.014480413803512761e+03	2.832185977992068837e-01	1.692533869530637725e-01	2.358848923547681720e-01	1.433947695085367458e-01	6.955881302025214430e-02	2.788786604296783836e-02	7.080167432116400705e-02
1.015931744867609382e+03	2.829599356693156542e-01	1.690965821422332482e-01	2.360592661886301846e-01	1.435020439656091162e-01	6.960272305708774254e-02	2.791171781050862458e-02	7.086773116657499316e-02
1.017383075931706003e+03	2.827017203111761856e-01	1.689400481813966570e-01	2.362333327024895013e-01	1.436091265694310060e-01	6.964655861615685895e-02	2.793553756537956942e-02	7.093367605392982000e-02
1.018834406995802851e+03	2.824439509522140845e-01	1.687837846021391086e-01	2.364070924294929543e-01	1.437160176782911469e-01	6.969031982667886482e-02	2.795932535246246214e-02	7.099950915868098733e-02
1.020285738059899245e+03	2.821866268211949413e-01	1.686277909368587014e-01	2.365805459018648083e-01	1.438227176497098581e-01	6.973400681760916209e-02	2.798308121656737854e-02	7.106523065615480417e-02
1.021737069123995752e+03	2.819297471482219430e-01	1.684720667187649401e-01	2.367536936509083423e-01	1.439292268404414876e-01	6.977761971764021021e-02	2.800680520243284399e-02	7.113084072154980675e-02
1.023188400188092373e+03	2.816733111647339305e-01	1.683166114818773762e-01	2.369265362070074599e-01	1.440355456064768280e-01	6.982115865520241438e-02	2.803049735472604512e-02	7.119633952993548176e-02
1.024639731252188767e+03	2.814173181035025118e-01	1.681614247610241641e-01	2.370990740996282431e-01	1.441416743030456693e-01	6.986462375846513861e-02	2.805415771804298589e-02	7.126172725625076754e-02
1.026091062316285615e+03	2.811617671986301192e-01	1.680065060918407016e-01	2.372713078573205903e-01	1.442476132846191583e-01	6.990801515533755228e-02	2.807778633690868886e-02	7.132700407530272180e-02
1.027542393380382237e+03	2.809066576855471786e-01	1.678518550107681584e-01	2.374432380077197424e-01	1.443533629049122413e-01	6.995133297346968482e-02	2.810138325577736171e-02	7.139217016176513386e-02
1.028993724444478858e+03	2.806519888010104991e-01	1.676974710550519776e-01	2.376148650775479210e-01	1.444589235168861341e-01	6.999457734025325839e-02	2.812494851903258458e-02	7.145722569017715076e-02
1.030445055508575479e+03	2.803977597831002755e-01	1.675433537627405434e-01	2.377861895926158819e-01	1.445642954727506535e-01	7.003774838282261772e-02	2.814848217098748703e-02	7.152217083494201433e-02
1.031896386572671872e+03	2.801439698712181459e-01	1.673895026726837654e-01	2.379572120778246092e-01	1.446694791239666877e-01	7.008084622805571540e-02	2.817198425588492844e-02	7.158700577032564571e-02
1.033347717636768493e+03	2.798906183060846931e-01	1.672359173245316633e-01	2.381279330571666464e-01	1.447744748212484722e-01	7.012387100257494454e-02	2.819545481789767147e-02	7.165173067045542410e-02
1.034799048700865114e+03	2.796377043297372245e-01	1.670825972587328956e-01	2.382983530537279016e-01	1.448792829145660044e-01	7.016682283274806864e-02	2.821889390112856250e-02	7.171634570931888220e-02
1.036250379764961508e+03	2.793852271855273850e-01	1.669295420165335109e-01	2.384684725896890900e-01	1.449839037531473473e-01	7.020970184468915132e-02	2.824230154961069120e-02	7.178085106076241562e-02
1.037701710829058356e+03	2.791331861181188256e-01	1.667767511399753377e-01	2.386382921863274276e-01	1.450883376854810447e-01	7.025250816425934741e-02	2.826567780730759177e-02	7.184524689849004775e-02
1.039153041893154750e+03	2.788815803734850385e-01	1.666242241718946526e-01	2.388078123640180461e-01	1.451925850593183964e-01	7.029524191706788827e-02	2.828902271811338520e-02	7.190953339606220851e-02
1.040604372957251599e+03	2.786304091989069698e-01	1.664719606559209308e-01	2.389770336422356312e-01	1.452966462216757071e-01	7.033790322847292831e-02	2.831233632585298046e-02	7.197371072689448535e-02
1.042055704021347992e+03	2.783796718429706885e-01	1.663199601364751534e-01	2.391459565395560039e-01	1.454005215188366729e-01	7.038049222358240542e-02	2.833561867428222372e-02	7.203777906425645750e-02
1.043507035085444613e+03	2.781293675555651657e-01	1.661682221587688080e-01	2.393145815736576476e-01	1.455042112963545742e-01	7.042300902725487366e-02	2.835886980708807528e-02	7.210173858127044699e-02
1.044958366149541234e+03	2.778794955878798878e-01	1.660167462688020568e-01	2.394829092613232624e-01	1.456077158990546627e-01	7.046545376410046080e-02	2.838208976788878304e-02	7.216558945091043620e-02
1.046409697213637855e+03	2.776300551924027471e-01	1.658655320133627376e-01	2.396509401184413190e-01	1.457110356710362709e-01	7.050782655848161773e-02	2.840527860023404558e-02	7.222933184600080492e-02
1.047861028277734476e+03	2.773810456229174881e-01	1.657145789400246982e-01	2.398186746600076691e-01	1.458141709556751708e-01	7.055012753451402052e-02	2.842843634760518559e-02	7.229296593921528957e-02
1.049312359341831097e+03	2.771324661345017648e-01	1.655638865971465756e-01	2.399861134001269602e-01	1.459171220956257398e-01	7.059235681606740309e-02	2.845156305341531300e-02	7.235649190307578971e-02
1.050763690405927491e+03	2.768843159835245871e-01	1.654134545338703799e-01	2.401532568520142463e-01	1.460198894328231800e-01	7.063451452676637599e-02	2.847465876100948798e-02	7.241990990995127164e-02
1.052215021470024112e+03	2.766365944276441002e-01	1.652632823001200790e-01	2.403201055279966247e-01	1.461224733084858229e-01	7.067660078999130069e-02	2.849772351366488404e-02	7.248322013205667214e-02
1.053666352534120733e+03	2.763893007258056422e-01	1.651133694466001833e-01	2.404866599395146520e-01	1.462248740631171273e-01	7.071861572887906677e-02	2.852075735459096498e-02	7.254642274145184366e-02
1.055117683598217127e+03	2.761424341382389680e-01	1.649637155247945797e-01	2.406529205971238983e-01	1.463270920365079830e-01	7.076055946632393845e-02	2.854376032692963402e-02	7.260951791004043032e-02
1.056569014662313975e+03	2.758959939264564731e-01	1.648143200869648939e-01	2.408188880104965290e-01	1.464291275677389315e-01	7.080243212497835947e-02	2.856673247375540389e-02	7.267250580956884087e-02
1.058020345726410369e+03	2.756499793532505294e-01	1.646651826861492141e-01	2.409845626884227765e-01	1.465309809951822473e-01	7.084423382725378582e-02	2.858967383807555288e-02	7.273538661162524954e-02
1.059471676790506763e+03	2.754043896826915971e-01	1.645163028761608970e-01	2.411499451388125770e-01	1.466326526565040755e-01	7.088596469532142119e-02	2.861258446283028792e-02	7.279816048763848579e-02
1.060923007854603611e+03	2.751592241801257832e-01	1.643676802115869584e-01	2.413150358686969033e-01	1.467341428886666244e-01	7.092762485111309134e-02	2.863546439089291462e-02	7.286082760887707677e-02
1.062374338918700232e+03	2.749144821121725646e-01	1.642193142477868517e-01	2.414798353842294854e-01	1.468354520279301911e-01	7.096921441632200733e-02	2.865831366506997949e-02	7.292338814644823419e-02
1.063825669982796853e+03	2.746701627467228457e-01	1.640712045408911079e-01	2.416443441906882261e-01	1.469365804098553274e-01	7.101073351240352882e-02	2.868113232810142951e-02	7.298584227129689683e-02
1.065277001046893474e+03	2.744262653529362939e-01	1.639233506477998925e-01	2.418085627924767278e-01	1.470375283693049484e-01	7.105218226057601061e-02	2.870392042266077873e-02	7.304819015420470352e-02
1.066728332110990095e+03	2.741827892012394519e-01	1.637757521261817284e-01	2.419724916931258463e-01	1.471382962404464423e-01	7.109356078182151040e-02	2.872667799135526778e-02	7.311043196578910497e-02
1.068179663175086489e+03	2.739397335633233510e-01	1.636284085344721639e-01	2.421361313952951622e-01	1.472388843567536965e-01	7.113486919688659371e-02	2.874940507672600273e-02	7.317256787650233685e-02
1.069630994239183110e+03	2.736970977121415127e-01	1.634813194318723295e-01	2.422994824007744796e-01	1.473392930510091792e-01	7.117610762628308330e-02	2.877210172124812851e-02	7.323459805663055933e-02
1.071082325303279504e+03	2.734548809219073950e-01	1.633344843783477440e-01	2.424625452104853807e-01	1.474395226553059657e-01	7.121727619028885015e-02	2.879476796733096769e-02	7.329652267629288565e-02
1.072533656367376352e+03	2.732130824680925052e-01	1.631879029346268162e-01	2.426253203244827517e-01	1.475395735010498754e-01	7.125837500894854903e-02	2.881740385731818704e-02	7.335834190544050781e-02
1.073984987431472746e+03	2.729717016274239572e-01	1.630415746621995954e-01	2.427878082419561712e-01	1.476394459189613595e-01	7.129940420207436791e-02	2.884000943348793630e-02	7.342005591385580843e-02
1.075436318495569594e+03	2.727307376778823622e-01	1.628954991233164118e-01	2.429500094612315475e-01	1.477391402390776654e-01	7.134036388924679117e-02	2.886258473805301816e-02	7.348166487115143086e-02
1.076887649559666215e+03	2.724901898986997195e-01	1.627496758809865440e-01	2.431119244797724233e-01	1.478386567907547522e-01	7.138125418981532133e-02	2.888512981316101666e-02	7.354316894676948824e-02
1.078338980623762609e+03	2.722500575703570846e-01	1.626041044989768591e-01	2.432735537941817516e-01	1.479379959026692892e-01	7.142207522289924226e-02	2.890764470089446370e-02	7.360456830998060584e-02
1.079790311687859230e+03	2.720103399745824602e-01	1.624587845418105081e-01	2.434348979002030899e-01	1.480371579028206819e-01	7.146282710738829924e-02	2.893012944327099170e-02	7.366586312988318563e-02
1.081241642751955851e+03	2.717710363943486862e-01	1.623137155747656768e-01	2.435959572927223482e-01	1.481361431185331257e-01	7.150350996194350384e-02	2.895258408224347241e-02	7.372705357540249027e-02
1.082692973816052472e+03	2.715321461138709425e-01	1.621688971638740595e-01	2.437567324657690659e-01	1.482349518764574103e-01	7.154412390499780006e-02	2.897500865970015563e-02	7.378813981528985211e-02
1.084144304880149093e+03	2.712936684186049718e-01	1.620243288759197486e-01	2.439172239125179942e-01	1.483335845025729738e-01	7.158466905475681374e-02	2.899740321746484967e-02	7.384912201812188215e-02
1.085595635944245487e+03	2.710556025952447490e-01	1.618800102784378192e-01	2.440774321252905943e-01	1.484320413221897894e-01	7.162514552919954647e-02	2.901976779729702888e-02	7.391000035229965126e-02
1.087046967008342108e+03	2.708179479317202598e-01	1.617359409397129966e-01	2.442373575955565090e-01	1.485303226599504756e-01	7.166555344607905553e-02	2.904210244089200713e-02	7.397077498604789914e-02
1.088498298072438729e+03	2.705807037171953366e-01	1.615921204287783519e-01	2.443970008139349503e-01	1.486284288398319331e-01	7.170589292292324501e-02	2.906440718988106617e-02	7.403144608741428490e-02
1.089949629136535123e+03	2.703438692420656042e-01	1.614485483154139978e-01	2.445563622701962536e-01	1.487263601851475936e-01	7.174616407703546250e-02	2.908668208583161177e-02	7.409201382426859606e-02
1.091400960200631971e+03	2.701074437979562592e-01	1.613052241701458667e-01	2.447154424532634043e-01	1.488241170185490014e-01	7.178636702549530402e-02	2.910892717024731943e-02	7.415247836430204076e-02
1.092852291264728365e+03	2.698714266777197945e-01	1.611621475642442403e-01	2.448742418512133145e-01	1.489216996620279510e-01	7.182650188515919687e-02	2.913114248456826275e-02	7.421283987502644286e-02
1.094303622328825213e+03	2.696358171754341115e-01	1.610193180697225002e-01	2.450327609512784888e-01	1.490191084369182906e-01	7.186656877266114907e-02	2.915332807017106953e-02	7.427309852377357580e-02
1.095754953392921607e+03	2.694006145864002444e-01	1.608767352593359345e-01	2.451910002398483557e-01	1.491163436638978101e-01	7.190656780441344320e-02	2.917548396836905714e-02	7.433325447769441319e-02
1.097206284457018228e+03	2.691658182071400285e-01	1.607343987065802393e-01	2.453489602024708505e-01	1.492134056629900452e-01	7.194649909660727483e-02	2.919761022041237122e-02	7.439330790375840718e-02
1.098657615521114849e+03	2.689314273353943241e-01	1.605923079856904356e-01	2.455066413238537470e-01	1.493102947535662195e-01	7.198636276521344635e-02	2.921970686748812801e-02	7.445325896875283622e-02
1.100108946585211470e+03	2.686974412701207404e-01	1.604504626716394267e-01	2.456640440878661846e-01	1.494070112543470774e-01	7.202615892598304703e-02	2.924177395072056693e-02	7.451310783928205561e-02
1.101560277649308091e+03	2.684638593114914151e-01	1.603088623401367763e-01	2.458211689775401110e-01	1.495035554834046598e-01	7.206588769444807752e-02	2.926381151117116858e-02	7.457285468176690080e-02
1.103011608713404712e+03	2.682306807608909049e-01	1.601675065676273491e-01	2.459780164750716980e-01	1.495999277581642750e-01	7.210554918592215756e-02	2.928581958983880393e-02	7.463249966244395184e-02
1.104462939777501106e+03	2.679979049209141873e-01	1.600263949312900891e-01	2.461345870618228127e-01	1.496961283954061639e-01	7.214514351550115057e-02	2.930779822765987655e-02	7.469204294736492278e-02
1.105914270841597499e+03	2.677655310953643286e-01	1.598855270090366876e-01	2.462908812183224883e-01	1.497921577112673597e-01	7.218467079806384357e-02	2.932974746550844752e-02	7.475148470239599552e-02
1.107365601905694348e+03	2.675335585892507084e-01	1.597449023795103895e-01	2.464468994242683120e-01	1.498880160212435753e-01	7.222413114827261338e-02	2.935166734419638115e-02	7.481082509321718144e-02
1.108816932969790741e+03	2.673019867087865764e-01	1.596045206220845225e-01	2.466026421585279793e-01	1.499837036401908685e-01	7.226352468057398171e-02	2.937355790447347681e-02	7.487006428532172464e-02
1.110268264033887590e+03	2.670708147613871097e-01	1.594643813168614699e-01	2.467581098991405431e-01	1.500792208823275575e-01	7.230285150919935067e-02	2.939541918702761117e-02	7.492920244401544971e-02
1.111719595097984211e+03	2.668400420556673591e-01	1.593244840446711719e-01	2.469133031233179953e-01	1.501745680612358580e-01	7.234211174816562728e-02	2.941725123248485965e-02	7.498823973441617885e-02
1.113170926162080832e+03	2.666096679014400839e-01	1.591848283870699321e-01	2.470682223074466555e-01	1.502697454898637708e-01	7.238130551127579249e-02	2.943905408140964214e-02	7.504717632145314898e-02
1.114622257226177226e+03	2.663796916097135314e-01	1.590454139263392519e-01	2.472228679270886409e-01	1.503647534805268027e-01	7.242043291211960887e-02	2.946082777430484440e-02	7.510601236986638729e-02
1.116073588290273847e+03	2.661501124926894946e-01	1.589062402454843592e-01	2.473772404569831995e-01	1.504595923449096317e-01	7.245949406407420357e-02	2.948257235161197073e-02	7.516474804420615607e-02
1.117524919354370468e+03	2.659209298637612573e-01	1.587673069282331817e-01	2.475313403710482085e-01	1.505542623940679947e-01	7.249848908030469274e-02	2.950428785371125504e-02	7.522338350883241154e-02
1.118976250418467089e+03	2.656921430375114856e-01	1.586286135590348201e-01	2.476851681423815621e-01	1.506487639384302968e-01	7.253741807376480610e-02	2.952597432092180299e-02	7.528191892791419315e-02
1.120427581482563710e+03	2.654637513297100626e-01	1.584901597230584380e-01	2.478387242432626703e-01	1.507430972877994158e-01	7.257628115719749751e-02	2.954763179350171354e-02	7.534035446542911019e-02
1.121878912546660331e+03	2.652357540573121453e-01	1.583519450061920131e-01	2.479920091451537911e-01	1.508372627513543396e-01	7.261507844313558335e-02	2.956926031164822805e-02	7.539869028516281435e-02
1.123330243610756725e+03	2.650081505384558889e-01	1.582139689950410322e-01	2.481450233187013910e-01	1.509312606376519428e-01	7.265381004390231157e-02	2.959085991549784134e-02	7.545692655070843080e-02
1.124781574674853118e+03	2.647809400924606704e-01	1.580762312769272426e-01	2.482977672337377262e-01	1.510250912546287350e-01	7.269247607161197222e-02	2.961243064512643700e-02	7.551506342546604467e-02
1.126232905738949967e+03	2.645541220398247018e-01	1.579387314398874587e-01	2.484502413592821479e-01	1.511187549096023597e-01	7.273107663817050816e-02	2.963397254054942614e-02	7.557310107264221533e-02
1.127684236803046360e+03	2.643276957022232532e-01	1.578014690726721736e-01	2.486024461635425453e-01	1.512122519092734541e-01	7.276961185527609788e-02	2.965548564172184806e-02	7.563103965524947681e-02
1.129135567867143209e+03	2.641016604025063774e-01	1.576644437647444219e-01	2.487543821139166222e-01	1.513055825597272863e-01	7.280808183441977999e-02	2.967696998853852977e-02	7.568887933610578267e-02
1.130586898931239830e+03	2.638760154646971334e-01	1.575276551062785302e-01	2.489060496769935349e-01	1.513987471664353102e-01	7.284648668688600837e-02	2.969842562083419360e-02	7.574662027783408969e-02
1.132038229995336451e+03	2.636507602139891993e-01	1.573911026881587849e-01	2.490574493185551130e-01	1.514917460342569966e-01	7.288482652375324888e-02	2.971985257838359248e-02	7.580426264286181659e-02
1.133489561059432845e+03	2.634258939767450958e-01	1.572547861019783222e-01	2.492085815035773033e-01	1.515845794674413882e-01	7.292310145589454839e-02	2.974125090090162099e-02	7.586180659342045551e-02
1.134940892123529466e+03	2.632014160804940217e-01	1.571187049400378233e-01	2.493594466962315570e-01	1.516772477696287369e-01	7.296131159397817312e-02	2.976262062804345757e-02	7.591925229154501686e-02
1.136392223187626087e+03	2.629773258539297442e-01	1.569828587953441823e-01	2.495100453598862733e-01	1.517697512438521412e-01	7.299945704846808048e-02	2.978396179940468597e-02	7.597659989907364075e-02
1.137843554251722708e+03	2.627536226269088226e-01	1.568472472616094515e-01	2.496603779571081871e-01	1.518620901925391842e-01	7.303753792962457136e-02	2.980527445452140975e-02	7.603384957764711127e-02
1.139294885315819101e+03	2.625303057304482768e-01	1.567118699332495368e-01	2.498104449496635904e-01	1.519542649175135707e-01	7.307555434750484524e-02	2.982655863287038064e-02	7.609100148870849567e-02
1.140746216379915950e+03	2.623073744967237553e-01	1.565767264053828933e-01	2.499602467985199972e-01	1.520462757199967374e-01	7.311350641196355526e-02	2.984781437386913039e-02	7.614805579350258924e-02
1.142197547444012343e+03	2.620848282590674816e-01	1.564418162738293872e-01	2.501097839638473097e-01	1.521381229006094071e-01	7.315139423265336338e-02	2.986904171687607829e-02	7.620501265307561001e-02
1.143648878508108737e+03	2.618626663519662001e-01	1.563071391351089912e-01	2.502590569050192615e-01	1.522298067593732263e-01	7.318921791902552321e-02	2.989024070119065957e-02	7.626187222827474077e-02
1.145100209572205586e+03	2.616408881110592333e-01	1.561726945864406468e-01	2.504080660806148328e-01	1.523213275957123747e-01	7.322697758033039350e-02	2.991141136605345030e-02	7.631863467974769888e-02
1.146551540636302207e+03	2.614194928731362610e-01	1.560384822257410153e-01	2.505568119484196110e-01	1.524126857084550646e-01	7.326467332561803492e-02	2.993255375064628881e-02	7.637530016794238930e-02
1.148002871700398828e+03	2.611984799761356002e-01	1.559045016516232007e-01	2.507052949654270946e-01	1.525038813958352057e-01	7.330230526373873734e-02	2.995366789409238673e-02	7.643186885310647438e-02
1.149454202764495449e+03	2.609778487591420393e-01	1.557707524633956120e-01	2.508535155878401923e-01	1.525949149554939321e-01	7.333987350334357502e-02	2.997475383545646077e-02	7.648834089528698532e-02
1.150905533828591842e+03	2.607575985623846737e-01	1.556372342610606863e-01	2.510014742710724445e-01	1.526857866844811562e-01	7.337737815288492005e-02	2.999581161374483690e-02	7.654471645433000293e-02
1.152356864892688463e+03	2.605377287272355180e-01	1.555039466453137509e-01	2.511491714697495770e-01	1.527764968792570399e-01	7.341481932061702520e-02	3.001684126790558210e-02	7.660099568988022745e-02
1.153808195956785084e+03	2.603182385962066192e-01	1.553708892175417466e-01	2.512966076377106672e-01	1.528670458356938266e-01	7.345219711459653744e-02	3.003784283682861891e-02	7.665717876138065934e-02
1.155259527020881706e+03	2.600991275129488911e-01	1.552380615798220342e-01	2.514437832280095875e-01	1.529574338490770069e-01	7.348951164268305303e-02	3.005881635934583990e-02	7.671326582807222461e-02
1.156710858084978327e+03	2.598803948222495608e-01	1.551054633349212286e-01	2.515906986929165035e-01	1.530476612141070114e-01	7.352676301253961710e-02	3.007976187423123948e-02	7.676925704899342784e-02
1.158162189149074720e+03	2.596620398700306143e-01	1.549730940862939221e-01	2.517373544839188737e-01	1.531377282249009042e-01	7.356395133163325106e-02	3.010067942020100418e-02	7.682515258298001914e-02
1.159613520213171569e+03	2.594440620033464651e-01	1.548409534380814911e-01	2.518837510517232259e-01	1.532276351749936039e-01	7.360107670723550766e-02	3.012156903591365481e-02	7.688095258866466108e-02
1.161064851277267962e+03	2.592264605703821223e-01	1.547090409951110412e-01	2.520298888462562670e-01	1.533173823573395766e-01	7.363813924642298447e-02	3.014243075997014368e-02	7.693665722447660948e-02
1.162516182341364356e+03	2.590092349204511923e-01	1.545773563628939640e-01	2.521757683166661046e-01	1.534069700643142520e-01	7.367513905607780966e-02	3.016326463091398291e-02	7.699226664864138037e-02
1.163967513405461204e+03	2.587923844039941024e-01	1.544458991476249377e-01	2.523213899113240233e-01	1.534963985877156045e-01	7.371207624288821092e-02	3.018407068723135550e-02	7.704778101918047239e-02
1.165418844469557826e+03	2.585759083725757690e-01	1.543146689561806784e-01	2.524667540778254837e-01	1.535856682187655697e-01	7.374895091334898733e-02	3.020484896735121938e-02	7.710320049391099217e-02
1.166870175533654447e+03	2.583598061788839328e-01	1.541836653961187464e-01	2.526118612629914550e-01	1.536747792481115704e-01	7.378576317376202287e-02	3.022559950964544273e-02	7.715852523044543221e-02
1.168321506597751068e+03	2.581440771767272158e-01	1.540528880756763530e-01	2.527567119128700246e-01	1.537637319658279600e-01	7.382251313023682759e-02	3.024632235242889766e-02	7.721375538619133783e-02
1.169772837661847461e+03	2.579287207210328448e-01	1.539223366037691665e-01	2.529013064727374527e-01	1.538525266614175213e-01	7.385920088869100952e-02	3.026701753395958164e-02	7.726889111835104351e-02
1.171224168725944082e+03	2.577137361678450422e-01	1.537920105899901191e-01	2.530456453870997269e-01	1.539411636238128822e-01	7.389582655485077423e-02	3.028768509243872850e-02	7.732393258392135371e-02
1.172675499790040703e+03	2.574991228743229721e-01	1.536619096446082688e-01	2.531897290996936167e-01	1.540296431413780698e-01	7.393239023425145218e-02	3.030832506601092297e-02	7.737887993969333467e-02
1.174126830854137097e+03	2.572848801987386858e-01	1.535320333785675784e-01	2.533335580534883391e-01	1.541179655019098427e-01	7.396889203223797060e-02	3.032893749276421858e-02	7.743373334225195359e-02
1.175578161918233945e+03	2.570710075004753459e-01	1.534023814034857769e-01	2.534771326906866684e-01	1.542061309926391899e-01	7.400533205396535308e-02	3.034952241073022097e-02	7.748849294797596765e-02
1.177029492982330339e+03	2.568575041400252279e-01	1.532729533316531112e-01	2.536204534527263244e-01	1.542941399002328573e-01	7.404171040439923301e-02	3.037007985788423362e-02	7.754315891303749375e-02
1.178480824046426733e+03	2.566443694789877217e-01	1.531437487760312910e-01	2.537635207802814152e-01	1.543819925107945412e-01	7.407802718831629774e-02	3.039060987214535492e-02	7.759773139340186976e-02
1.179932155110523581e+03	2.564316028800675551e-01	1.530147673502521566e-01	2.539063351132634372e-01	1.544696891098665537e-01	7.411428251030480197e-02	3.041111249137657541e-02	7.765221054482740470e-02
1.181383486174620202e+03	2.562192037070726847e-01	1.528860086686167075e-01	2.540488968908228840e-01	1.545572299824310991e-01	7.415047647476506743e-02	3.043158775338490260e-02	7.770659652286512897e-02
1.182834817238716823e+03	2.560071713249124636e-01	1.527574723460937423e-01	2.541912065513505792e-01	1.546446154129117456e-01	7.418660918590992692e-02	3.045203569592146858e-02	7.776088948285855840e-02
1.184286148302813444e+03	2.557955050995956991e-01	1.526291579983188595e-01	2.543332645324787311e-01	1.547318456851748403e-01	7.422268074776521007e-02	3.047245635668163408e-02	7.781508957994345832e-02
1.185737479366910065e+03	2.555842043982288758e-01	1.525010652415930978e-01	2.544750712710825424e-01	1.548189210825308970e-01	7.425869126417027066e-02	3.049284977330509253e-02	7.786919696904766319e-02
1.187188810431006686e+03	2.553732685890140464e-01	1.523731936928820196e-01	2.546166272032812650e-01	1.549058418877359289e-01	7.429464083877837521e-02	3.051321598337599153e-02	7.792321180489084065e-02
1.188640141495103080e+03	2.551626970412469997e-01	1.522455429698143237e-01	2.547579327644396985e-01	1.549926083829928913e-01	7.433052957505721647e-02	3.053355502442302652e-02	7.797713424198426946e-02
1.190091472559199701e+03	2.549524891253153180e-01	1.521181126906808734e-01	2.548989883891694674e-01	1.550792208499531533e-01	7.436635757628939913e-02	3.055386693391955524e-02	7.803096443463070075e-02
1.191542803623296322e+03	2.547426442126966006e-01	1.519909024744334480e-01	2.550397945113301312e-01	1.551656795697176627e-01	7.440212494557287004e-02	3.057415174928370186e-02	7.808470253692408047e-02
1.192994134687392716e+03	2.545331616759564097e-01	1.518639119406834936e-01	2.551803515640307385e-01	1.552519848228385013e-01	7.443783178582140392e-02	3.059440950787846100e-02	7.813834870274941058e-02
1.194445465751489564e+03	2.543240408887465498e-01	1.517371407097012348e-01	2.553206599796310483e-01	1.553381368893201608e-01	7.447347819976507521e-02	3.061464024701180536e-02	7.819190308578255477e-02
1.195896796815585958e+03	2.541152812258029581e-01	1.516105884024142592e-01	2.554607201897428070e-01	1.554241360486209034e-01	7.450906428995067443e-02	3.063484400393679322e-02	7.824536583949005808e-02
1.197348127879682352e+03	2.539068820629439838e-01	1.514842546404065737e-01	2.556005326252309140e-01	1.555099825796541491e-01	7.454459015874217997e-02	3.065502081585167599e-02	7.829873711712893869e-02
1.198799458943779200e+03	2.536988427770684451e-01	1.513581390459172726e-01	2.557400977162150868e-01	1.555956767607898361e-01	7.458005590832125775e-02	3.067517071989998845e-02	7.835201707174660468e-02
1.200250790007875821e+03	2.534911627461537420e-01	1.512322412418395934e-01	2.558794158920705830e-01	1.556812188698556698e-01	7.461546164068763587e-02	3.069529375317067016e-02	7.840520585618060423e-02
1.201702121071972442e+03	2.532838413492539686e-01	1.511065608517196124e-01	2.560184875814300320e-01	1.557666091841385658e-01	7.465080745765960424e-02	3.071538995269815567e-02	7.845830362305851458e-02
1.203153452136069063e+03	2.530768779664981927e-01	1.509810974997551902e-01	2.561573132121843788e-01	1.558518479803859269e-01	7.468609346087447254e-02	3.073545935546248553e-02	7.851131052479778938e-02
1.204604783200165684e+03	2.528702719790882902e-01	1.508558508107948337e-01	2.562958932114844379e-01	1.559369355348069475e-01	7.472131975178894492e-02	3.075550199838940693e-02	7.856422671360555054e-02
1.206056114264262078e+03	2.526640227692972807e-01	1.507308204103365301e-01	2.564342280057418377e-01	1.560218721230740013e-01	7.475648643167966123e-02	3.077551791835047776e-02	7.861705234147854660e-02
1.207507445328358699e+03	2.524581297204674946e-01	1.506060059245266092e-01	2.565723180206306298e-01	1.561066580203238907e-01	7.479159360164353010e-02	3.079550715216316722e-02	7.866978756020295838e-02
1.208958776392455093e+03	2.522525922170085755e-01	1.504814069801586884e-01	2.567101636810884546e-01	1.561912935011591785e-01	7.482664136259827015e-02	3.081546973659095301e-02	7.872243252135420477e-02
1.210410107456551941e+03	2.520474096443957035e-01	1.503570232046724520e-01	2.568477654113175412e-01	1.562757788396494651e-01	7.486162981528275695e-02	3.083540570834343575e-02	7.877498737629695658e-02
1.211861438520648335e+03	2.518425813891676524e-01	1.502328542261525679e-01	2.569851236347864831e-01	1.563601143093327206e-01	7.489655906025750876e-02	3.085531510407642231e-02	7.882745227618488670e-02
1.213312769584745183e+03	2.516381068389251796e-01	1.501088996733276060e-01	2.571222387742310711e-01	1.564443001832166447e-01	7.493142919790508893e-02	3.087519796039205067e-02	7.887982737196062855e-02
1.214764100648841804e+03	2.514339853823288062e-01	1.499851591755688440e-01	2.572591112516557921e-01	1.565283367337797493e-01	7.496624032843057783e-02	3.089505431383885239e-02	7.893211281435560944e-02
1.216215431712937971e+03	2.512302164090973733e-01	1.498616323628891300e-01	2.573957414883351058e-01	1.566122242329728298e-01	7.500099255186193359e-02	3.091488420091189834e-02	7.898430875388999517e-02
1.217666762777034819e+03	2.510267993100057660e-01	1.497383188659418829e-01	2.575321299048145551e-01	1.566959629522201580e-01	7.503568596805047786e-02	3.093468765805285764e-02	7.903641534087252341e-02
1.219118093841131440e+03	2.508237334768835258e-01	1.496152183160198712e-01	2.576682769209122648e-01	1.567795531624207872e-01	7.507032067667129827e-02	3.095446472165012258e-02	7.908843272540046210e-02
1.220569424905228061e+03	2.506210183026126859e-01	1.494923303450541308e-01	2.578041829557197184e-01	1.568629951339497730e-01	7.510489677722363699e-02	3.097421542803889885e-02	7.914036105735945681e-02
1.222020755969324682e+03	2.504186531811261052e-01	1.493696545856128266e-01	2.579398484276037018e-01	1.569462891366595059e-01	7.513941436903136262e-02	3.099393981350130611e-02	7.919220048642348908e-02
1.223472087033421303e+03	2.502166375074055815e-01	1.492471906709002816e-01	2.580752737542070241e-01	1.570294354398809045e-01	7.517387355124333093e-02	3.101363791426646824e-02	7.924395116205479317e-02
1.224923418097517697e+03	2.500149706774799641e-01	1.491249382347556440e-01	2.582104593524499059e-01	1.571124343124246370e-01	7.520827442283385678e-02	3.103330976651062084e-02	7.929561323350371727e-02
1.226374749161614318e+03	2.498136520884235157e-01	1.490028969116519164e-01	2.583454056385314224e-01	1.571952860225824811e-01	7.524261708260310266e-02	3.105295540635720844e-02	7.934718684980868186e-02
1.227826080225710712e+03	2.496126811383538868e-01	1.488810663366949560e-01	2.584801130279305026e-01	1.572779908381284619e-01	7.527690162917742567e-02	3.107257486987697118e-02	7.939867215979611037e-02
1.229277411289807560e+03	2.494120572264304225e-01	1.487594461456220873e-01	2.586145819354073727e-01	1.573605490263201290e-01	7.531112816100990481e-02	3.109216819308805238e-02	7.945006931208037360e-02
1.230728742353903954e+03	2.492117797528523859e-01	1.486380359748012137e-01	2.587488127750045552e-01	1.574429608538997771e-01	7.534529677638064638e-02	3.111173541195609224e-02	7.950137845506367873e-02
1.232180073418000802e+03	2.490118481188569877e-01	1.485168354612297625e-01	2.588828059600483678e-01	1.575252265870956681e-01	7.537940757339725573e-02	3.113127656239432148e-02	7.955259973693602771e-02
1.233631404482097196e+03	2.488122617267177761e-01	1.483958442425333257e-01	2.590165619031499222e-01	1.576073464916232236e-01	7.541346064999519816e-02	3.115079168026365503e-02	7.960373330567520334e-02
1.235082735546193817e+03	2.486130199797426388e-01	1.482750619569648820e-01	2.591500810162067348e-01	1.576893208326863860e-01	7.544745610393821522e-02	3.117028080137279264e-02	7.965477930904663051e-02
1.236534066610290438e+03	2.484141222822721928e-01	1.481544882434035204e-01	2.592833637104035027e-01	1.577711498749786445e-01	7.548139403281871329e-02	3.118974396147831257e-02	7.970573789460340397e-02
1.237985397674387059e+03	2.482155680396778696e-01	1.480341227413534133e-01	2.594164103962135481e-01	1.578528338826843125e-01	7.551527453405816603e-02	3.120918119628476178e-02	7.975660920968620504e-02
1.239436728738483680e+03	2.480173566583600830e-01	1.479139650909426507e-01	2.595492214834002054e-01	1.579343731194797207e-01	7.554909770490751686e-02	3.122859254144476002e-02	7.980739340142328775e-02
1.240888059802580301e+03	2.478194875457465918e-01	1.477940149329222408e-01	2.596817973810178204e-01	1.580157678485344663e-01	7.558286364244758138e-02	3.124797803255908654e-02	7.985809061673039555e-02
1.242339390866676695e+03	2.476219601102906398e-01	1.476742719086650002e-01	2.598141384974130830e-01	1.580970183325125511e-01	7.561657244358938046e-02	3.126733770517677036e-02	7.990870100231077522e-02
1.243790721930773088e+03	2.474247737614691245e-01	1.475547356601644988e-01	2.599462452402261370e-01	1.581781248335735746e-01	7.565022420507461209e-02	3.128667159479518733e-02	7.995922470465510745e-02
1.245242052994869937e+03	2.472279279097807925e-01	1.474354058300338388e-01	2.600781180163919681e-01	1.582590876133739277e-01	7.568381902347597057e-02	3.130597973686016777e-02	8.000966187004153463e-02
1.246693384058966330e+03	2.470314219667446576e-01	1.473162820615048219e-01	2.602097572321415142e-01	1.583399069330680142e-01	7.571735699519754892e-02	3.132526216676605885e-02	8.006001264453553590e-02
1.248144715123063179e+03	2.468352553448980025e-01	1.471973639984266724e-01	2.603411632930029418e-01	1.584205830533093329e-01	7.575083821647526916e-02	3.134451891985583910e-02	8.011027717399006598e-02
1.249596046187159800e+03	2.466394274577947687e-01	1.470786512852650385e-01	2.604723366038028676e-01	1.585011162342516988e-01	7.578426278337721533e-02	3.136375003142120865e-02	8.016045560404538861e-02
1.251047377251256421e+03	2.464439377200036696e-01	1.469601435671008816e-01	2.606032775686674130e-01	1.585815067355503816e-01	7.581763079180400822e-02	3.138295553670268634e-02	8.021054808012917370e-02
1.252498708315352815e+03	2.462487855471064413e-01	1.468418404896294216e-01	2.607339865910237031e-01	1.586617548163633817e-01	7.585094233748920778e-02	3.140213547088967216e-02	8.026055474745640017e-02
1.253950039379449436e+03	2.460539703556962610e-01	1.467237416991591104e-01	2.608644640736007547e-01	1.587418607353523747e-01	7.588419751599970176e-02	3.142128986912057914e-02	8.031047575102941150e-02
1.255401370443546057e+03	2.458594915633757205e-01	1.466058468426106043e-01	2.609947104184310307e-01	1.588218247506840708e-01	7.591739642273605260e-02	3.144041876648288880e-02	8.036031123563791567e-02
1.256852701507642678e+03	2.456653485887552446e-01	1.464881555675155156e-01	2.611247260268512727e-01	1.589016471200312419e-01	7.595053915293285829e-02	3.145952219801326222e-02	8.041006134585894360e-02
1.258304032571739299e+03	2.454715408514512587e-01	1.463706675220154685e-01	2.612545112995040553e-01	1.589813281005738876e-01	7.598362580165916869e-02	3.147860019869762327e-02	8.045972622605687685e-02
1.259755363635835920e+03	2.452780677720845515e-01	1.462533823548610723e-01	2.613840666363387299e-01	1.590608679490004285e-01	7.601665646381883246e-02	3.149765280347124885e-02	8.050930602038348927e-02
1.261206694699932314e+03	2.450849287722783876e-01	1.461362997154108667e-01	2.615133924366127016e-01	1.591402669215087051e-01	7.604963123415087178e-02	3.151668004721887989e-02	8.055880087277794699e-02
1.262658025764028707e+03	2.448921232746568144e-01	1.460194192536301561e-01	2.616424890988927054e-01	1.592195252738072830e-01	7.608255020722981543e-02	3.153568196477476299e-02	8.060821092696676682e-02
1.264109356828125556e+03	2.446996507028430246e-01	1.459027406200900379e-01	2.617713570210559726e-01	1.592986432611164793e-01	7.611541347746612896e-02	3.155465859092278225e-02	8.065753632646389948e-02
1.265560687892221949e+03	2.445075104814574685e-01	1.457862634659663204e-01	2.618999966002913959e-01	1.593776211381695007e-01	7.614822113910649226e-02	3.157360996039652173e-02	8.070677721457071574e-02
1.267012018956318798e+03	2.443157020361161613e-01	1.456699874430384678e-01	2.620284082331004738e-01	1.594564591592135261e-01	7.618097328623425757e-02	3.159253610787939037e-02	8.075593373437606193e-02
1.268463350020415419e+03	2.441242247934290732e-01	1.455539122036886290e-01	2.621565923152990307e-01	1.595351575780108999e-01	7.621367001276974085e-02	3.161143706800466358e-02	8.080500602875628768e-02
1.269914681084511813e+03	2.439330781809982696e-01	1.454380374009004440e-01	2.622845492420180502e-01	1.596137166478401592e-01	7.624631141247059651e-02	3.163031287535560121e-02	8.085399424037523208e-02
1.271366012148608434e+03	2.437422616274161624e-01	1.453223626882580999e-01	2.624122794077048959e-01	1.596921366214972271e-01	7.627889757893217826e-02	3.164916356446552392e-02	8.090289851168430690e-02
1.272817343212705055e+03	2.435517745622639285e-01	1.452068877199453323e-01	2.625397832061244219e-01	1.597704177512963841e-01	7.631142860558789986e-02	3.166798916981791029e-02	8.095171898492252438e-02
1.274268674276801676e+03	2.433616164161097328e-01	1.450916121507442036e-01	2.626670610303603604e-01	1.598485602890714896e-01	7.634390458570959603e-02	3.168678972584646619e-02	8.100045580211651108e-02
1.275720005340898297e+03	2.431717866205068967e-01	1.449765356360342705e-01	2.627941132728164320e-01	1.599265644861770919e-01	7.637632561240782769e-02	3.170556526693524280e-02	8.104910910508059119e-02
1.277171336404994690e+03	2.429822846079923993e-01	1.448616578317913905e-01	2.629209403252174559e-01	1.600044305934893718e-01	7.640869177863232609e-02	3.172431582741867817e-02	8.109767903541681422e-02
1.278622667469091539e+03	2.427931098120849618e-01	1.447469783945867505e-01	2.630475425786104604e-01	1.600821588614073088e-01	7.644100317717221482e-02	3.174304144158172913e-02	8.114616573451498283e-02
1.280073998533187932e+03	2.426042616672835217e-01	1.446324969815858674e-01	2.631739204233660701e-01	1.601597495398538185e-01	7.647325990065648171e-02	3.176174214365992676e-02	8.119456934355273603e-02
1.281525329597284326e+03	2.424157396090653727e-01	1.445182132505474781e-01	2.633000742491795054e-01	1.602372028782767521e-01	7.650546204155422858e-02	3.178041796783947354e-02	8.124289000349561862e-02
1.282976660661381175e+03	2.422275430738845825e-01	1.444041268598225125e-01	2.634260044450718041e-01	1.603145191256500068e-01	7.653760969217507371e-02	3.179906894825732661e-02	8.129112785509709505e-02
1.284427991725477568e+03	2.420396714991702447e-01	1.442902374683531497e-01	2.635517113993909866e-01	1.603916985304746079e-01	7.656970294466949878e-02	3.181769511900129493e-02	8.133928303889863265e-02
1.285879322789574417e+03	2.418521243233247853e-01	1.441765447356717356e-01	2.636771954998131662e-01	1.604687413407797081e-01	7.660174189102914033e-02	3.183629651411010175e-02	8.138735569522978497e-02
1.287330653853671038e+03	2.416649009857222974e-01	1.440630483218997560e-01	2.638024571333438262e-01	1.605456478041236978e-01	7.663372662308719219e-02	3.185487316757348170e-02	8.143534596420821947e-02
1.288781984917767431e+03	2.414780009267067928e-01	1.439497478877467540e-01	2.639274966863188743e-01	1.606224181675952600e-01	7.666565723251866915e-02	3.187342511333227102e-02	8.148325398573978695e-02
1.290233315981864052e+03	2.412914235875905922e-01	1.438366430945094143e-01	2.640523145444058639e-01	1.606990526778145079e-01	7.669753381084083721e-02	3.189195238527847698e-02	8.153107989951864643e-02
