1.001418434226643626e+03	2.781529338624190162e-01	1.820267825594341915e-01	2.350534689136121180e-01	1.407841854267703752e-01	6.752271917380260613e-02	2.649625469310660369e-02	6.996365537047891103e-02
1.003837319333471214e+03	2.777021159467231715e-01	1.817714071381711372e-01	2.353510666914408467e-01	1.409499149607166268e-01	6.761719484900853561e-02	2.650694274079079191e-02	7.010135767277274332e-02
1.006256204440298802e+03	2.772526769347984366e-01	1.815166953835106733e-01	2.356479157253341117e-01	1.411151519159993817e-01	6.771142424077249145e-02	2.651760538321890071e-02	7.023853041598990266e-02
1.008675089547126618e+03	2.768046127170195048e-01	1.812626455825436800e-01	2.359440171780427531e-01	1.412798977911423060e-01	6.780540599663949231e-02	2.652824269699976395e-02	7.037517803723641885e-02
1.011093974653954206e+03	2.763579191953111081e-01	1.810092560263596717e-01	2.362393720202492220e-01	1.414441540801853192e-01	6.789913905040670383e-02	2.653885475851374201e-02	7.051130486859820412e-02
1.013512859760782021e+03	2.759125922830114597e-01	1.807565250099543441e-01	2.365339810682605681e-01	1.416079222726972509e-01	6.799262257729934977e-02	2.654944164391335321e-02	7.064691514448773191e-02
1.015931744867609382e+03	2.754686279047567909e-01	1.805044508321545227e-01	2.368278450155363313e-01	1.417712038537884134e-01	6.808585595625853137e-02	2.656000342912392953e-02	7.078201300800554541e-02
1.018350629974437197e+03	2.750260219963844843e-01	1.802530317955572114e-01	2.371209644590360210e-01	1.419340003041231479e-01	6.817883873820961005e-02	2.657054018984422381e-02	7.091660251646939028e-02
1.020769515081264785e+03	2.745847705048506948e-01	1.800022662064803269e-01	2.374133399212137729e-01	1.420963130999322588e-01	6.827157061935996973e-02	2.658105200154704806e-02	7.105068764624004884e-02
1.023188400188092373e+03	2.741448693881607945e-01	1.797521523749236183e-01	2.377049718683565405e-01	1.422581437130252813e-01	6.836405141872604896e-02	2.659153893947988762e-02	7.118427229695192815e-02
1.025607285294920075e+03	2.737063146153103643e-01	1.795026886145375256e-01	2.379958607258510495e-01	1.424194936108027221e-01	6.845628105921722217e-02	2.660200107866551519e-02	7.131736029523980114e-02
1.028026170401747549e+03	2.732691021662343456e-01	1.792538732425991432e-01	2.382860068908707329e-01	1.425803642562683271e-01	6.854825955171081620e-02	2.661243849390261193e-02	7.144995539803827844e-02
1.030445055508575479e+03	2.728332280317642966e-01	1.790057045799937074e-01	2.385754107428972870e-01	1.427407571080411830e-01	6.863998698164264223e-02	2.662285125976637107e-02	7.158206129551875074e-02
1.032863940615402726e+03	2.723986882135909782e-01	1.787581809512008291e-01	2.388640726524241531e-01	1.429006736203679295e-01	6.873146349771319663e-02	2.663323945060910858e-02	7.171368161371804995e-02
1.035282825722230655e+03	2.719654787242319904e-01	1.785113006842846128e-01	2.391519929881340267e-01	1.430601152431347500e-01	6.882268930237328552e-02	2.664360314056088072e-02	7.184481991690475078e-02
1.037701710829058356e+03	2.715335955870035733e-01	1.782650621108870237e-01	2.394391721227964176e-01	1.432190834218794728e-01	6.891366464380610513e-02	2.665394240353005997e-02	7.197547970972165143e-02
1.040120595935886058e+03	2.711030348359959596e-01	1.780194635662237512e-01	2.397256104380919572e-01	1.433775795978035894e-01	6.900438980916823173e-02	2.666425731320397688e-02	7.210566443913685175e-02
1.042539481042713533e+03	2.706737925160511149e-01	1.777745033890823501e-01	2.400113083285368154e-01	1.435356052077842171e-01	6.909486511888934812e-02	2.667454794304949597e-02	7.223537749623100412e-02
1.044958366149541234e+03	2.702458646827429201e-01	1.775301799218220178e-01	2.402962662046532749e-01	1.436931616843860615e-01	6.918509092186279907e-02	2.668481436631361947e-02	7.236462221784366322e-02
1.047377251256368709e+03	2.698192474023592968e-01	1.772864915103746775e-01	2.405804844955094224e-01	1.438502504558733242e-01	6.927506759138531145e-02	2.669505665602409442e-02	7.249340188809828833e-02
1.049796136363196410e+03	2.693939367518851657e-01	1.770434365042473646e-01	2.408639636507304560e-01	1.440068729462217756e-01	6.936479552172726548e-02	2.670527488499000943e-02	7.262171973982241291e-02
1.052215021470024112e+03	2.689699288189873472e-01	1.768010132565253634e-01	2.411467041420688462e-01	1.441630305751304686e-01	6.945427512523333347e-02	2.671546912580239491e-02	7.274957895587672030e-02
1.054633906576851814e+03	2.685472197019997398e-01	1.765592201238758985e-01	2.414287064646059022e-01	1.443187247580337285e-01	6.954350682986946974e-02	2.672563945083481635e-02	7.287698267040489120e-02
1.057052791683679516e+03	2.681258055099096649e-01	1.763180554665526589e-01	2.417099711376455573e-01	1.444739569061130047e-01	6.963249107714558628e-02	2.673578593224397101e-02	7.300393397001400664e-02
1.059471676790506763e+03	2.677056823623442661e-01	1.760775176484002391e-01	2.419904987053525247e-01	1.446287284263086392e-01	6.972122832035435036e-02	2.674590864197028475e-02	7.313043589489416629e-02
1.061890561897334692e+03	2.672868463895575197e-01	1.758376050368591903e-01	2.422702897371772912e-01	1.447830407213317461e-01	6.980971902307629706e-02	2.675600765173850523e-02	7.325649143988399725e-02
1.064309447004162394e+03	2.668692937324174674e-01	1.755983160029710721e-01	2.425493448281042519e-01	1.449368951896759794e-01	6.989796365790890142e-02	2.676608303305829176e-02	7.338210355548863140e-02
1.066728332110990095e+03	2.664530205423935039e-01	1.753596489213835874e-01	2.428276645987539062e-01	1.450902932256294131e-01	6.998596270538454123e-02	2.677613485722482242e-02	7.350727514885482816e-02
1.069147217217817570e+03	2.660380229815439423e-01	1.751216021703557446e-01	2.431052496953640951e-01	1.452432362192861703e-01	7.007371665304744368e-02	2.678616319531936657e-02	7.363200908470782236e-02
1.071566102324645271e+03	2.656242972225033028e-01	1.748841741317629650e-01	2.433821007896718736e-01	1.453957255565583029e-01	7.016122599466460830e-02	2.679616811820990235e-02	7.375630818625365792e-02
1.073984987431472746e+03	2.652118394484697661e-01	1.746473631911020230e-01	2.436582185787140864e-01	1.455477626191874208e-01	7.024849122954975045e-02	2.680614969655167878e-02	7.388017523604990811e-02
1.076403872538300675e+03	2.648006458531922958e-01	1.744111677374961256e-01	2.439336037845616922e-01	1.456993487847564328e-01	7.033551286198240493e-02	2.681610800078782983e-02	7.400361297684791839e-02
1.078822757645127922e+03	2.643907126409577035e-01	1.741755861636994362e-01	2.442082571540002411e-01	1.458504854267013151e-01	7.042229140070750681e-02	2.682604310114993992e-02	7.412662411240851512e-02
1.081241642751955851e+03	2.639820360265778820e-01	1.739406168661018770e-01	2.444821794581674146e-01	1.460011739143226572e-01	7.050882735850273753e-02	2.683595506765866154e-02	7.424921130829344185e-02
1.083660527858783553e+03	2.635746122353761489e-01	1.737062582447333192e-01	2.447553714921560930e-01	1.461514156127974862e-01	7.059512125180321396e-02	2.684584397012427723e-02	7.437137719263410551e-02
1.086079412965611255e+03	2.631684375031740908e-01	1.734725087032678303e-01	2.450278340745908057e-01	1.463012118831907571e-01	7.068117360037461105e-02	2.685570987814730332e-02	7.449312435687927003e-02
1.088498298072438729e+03	2.627635080762776298e-01	1.732393666490275597e-01	2.452995680471832807e-01	1.464505640824670663e-01	7.076698492702727938e-02	2.686555286111906582e-02	7.461445535652282135e-02
1.090917183179266431e+03	2.623598202114632572e-01	1.730068304929865131e-01	2.455705742742725073e-01	1.465994735635021695e-01	7.085255575736505718e-02	2.687537298822229373e-02	7.473537271181293629e-02
1.093336068286093905e+03	2.619573701759636553e-01	1.727748986497740502e-01	2.458408536423536406e-01	1.467479416750946675e-01	7.093788661956348940e-02	2.688517032843168800e-02	7.485587890844348780e-02
1.095754953392921607e+03	2.615561542474535428e-01	1.725435695376780765e-01	2.461104070595991899e-01	1.468959697619775795e-01	7.102297804417301297e-02	2.689494495051453216e-02	7.497597639822878302e-02
1.098173838499749309e+03	2.611561687140346866e-01	1.723128415786480128e-01	2.463792354553754893e-01	1.470435591648297236e-01	7.110783056394343049e-02	2.690469692303125090e-02	7.509566759976209205e-02
1.100592723606577010e+03	2.607574098742211910e-01	1.720827131982977098e-01	2.466473397797570577e-01	1.471907112202874290e-01	7.119244471366638349e-02	2.691442631433600338e-02	7.521495489905898058e-02
1.103011608713404712e+03	2.603598740369240661e-01	1.718531828259077521e-01	2.469147210030405992e-01	1.473374272609559721e-01	7.127682103003325775e-02	2.692413319257726603e-02	7.533384065018589038e-02
1.105430493820231959e+03	2.599635575214360173e-01	1.716242488944279554e-01	2.471813801152605572e-01	1.474837086154210386e-01	7.136096005150628641e-02	2.693381762569839813e-02	7.545232717587460614e-02
1.107849378927059888e+03	2.595684566574155694e-01	1.713959098404791714e-01	2.474473181257076937e-01	1.476295566082602151e-01	7.144486231820096345e-02	2.694347968143823852e-02	7.557041676812305264e-02
1.110268264033887590e+03	2.591745677848711904e-01	1.711681641043552859e-01	2.477125360624513051e-01	1.477749725600544239e-01	7.152852837177807455e-02	2.695311942733167460e-02	7.568811168878289419e-02
1.112687149140715292e+03	2.587818872541450821e-01	1.709410101300247176e-01	2.479770349718667666e-01	1.479199577873993587e-01	7.161195875534417943e-02	2.696273693071022520e-02	7.580541417013447747e-02
1.115106034247542766e+03	2.583904114258968598e-01	1.707144463651317223e-01	2.482408159181681839e-01	1.480645136029168918e-01	7.169515401335926907e-02	2.697233225870261306e-02	7.592232641544932603e-02
1.117524919354370468e+03	2.580001366710865107e-01	1.704884712609974484e-01	2.485038799829477341e-01	1.482086413152664539e-01	7.177811469155070956e-02	2.698190547823534069e-02	7.603885059954063053e-02
1.119943804461197942e+03	2.576110593709578511e-01	1.702630832726210464e-01	2.487662282647215006e-01	1.483523422291564142e-01	7.186084133683261210e-02	2.699145665603326291e-02	7.615498886930222033e-02
1.122362689568025871e+03	2.572231759170211518e-01	1.700382808586799743e-01	2.490278618784822484e-01	1.484956176453553489e-01	7.194333449723006035e-02	2.700098585862016620e-02	7.627074334423600277e-02
1.124781574674853118e+03	2.568364827110359849e-01	1.698140624815307198e-01	2.492887819552596362e-01	1.486384688607034210e-01	7.202559472180741773e-02	2.701049315231933076e-02	7.638611611696850823e-02
1.127200459781681047e+03	2.564509761649934050e-01	1.695904266072089661e-01	2.495489896416879239e-01	1.487808971681236769e-01	7.210762256060042341e-02	2.701997860325412032e-02	7.650110925375654125e-02
1.129619344888508749e+03	2.560666527010983518e-01	1.693673717054294259e-01	2.498084860995812839e-01	1.489229038566332874e-01	7.218941856455164674e-02	2.702944227734853377e-02	7.661572479498250654e-02
1.132038229995336451e+03	2.556835087517515537e-01	1.691448962495859798e-01	2.500672725055168577e-01	1.490644902113548442e-01	7.227098328544871719e-02	2.703888424032778806e-02	7.672996475563929886e-02
1.134457115102163925e+03	2.553015407595313202e-01	1.689229987167510105e-01	2.503253500504257212e-01	1.492056575135275176e-01	7.235231727586527439e-02	2.704830455771887326e-02	7.684383112580535358e-02
1.136876000208991627e+03	2.549207451771751121e-01	1.687016775876749308e-01	2.505827199391914006e-01	1.493464070405183253e-01	7.243342108910436061e-02	2.705770329485113548e-02	7.695732587110980238e-02
1.139294885315819101e+03	2.545411184675609451e-01	1.684809313467854619e-01	2.508393833902565206e-01	1.494867400658333734e-01	7.251429527914381168e-02	2.706708051685683195e-02	7.707045093318816431e-02
1.141713770422646803e+03	2.541626571036886828e-01	1.682607584821865232e-01	2.510953416352368350e-01	1.496266578591288476e-01	7.259494040058385445e-02	2.707643628867169999e-02	7.718320823012872478e-02
1.144132655529474505e+03	2.537853575686609409e-01	1.680411574856571777e-01	2.513505959185431959e-01	1.497661616862223100e-01	7.267535700859630021e-02	2.708577067503551219e-02	7.729559965690971368e-02
1.146551540636302207e+03	2.534092163556641575e-01	1.678221268526502996e-01	2.516051474970112389e-01	1.499052528091037173e-01	7.275554565887557001e-02	2.709508374049266616e-02	7.740762708582756002e-02
1.148970425743129908e+03	2.530342299679489981e-01	1.676036650822910756e-01	2.518589976395381735e-01	1.500439324859465517e-01	7.283550690759113544e-02	2.710437554939271534e-02	7.751929236691654235e-02
1.151389310849957155e+03	2.526603949188110931e-01	1.673857706773752840e-01	2.521121476267276784e-01	1.501822019711188949e-01	7.291524131134155540e-02	2.711364616589094154e-02	7.763059732835976556e-02
1.153808195956785084e+03	2.522877077315712757e-01	1.671684421443675184e-01	2.523645987505414579e-01	1.503200625151944192e-01	7.299474942710977576e-02	2.712289565394892382e-02	7.774154377689185269e-02
1.156227081063612786e+03	2.519161649395557645e-01	1.669516779933991057e-01	2.526163523139585698e-01	1.504575153649635733e-01	7.307403181221973354e-02	2.713212407733508677e-02	7.785213349819342099e-02
1.158645966170440488e+03	2.515457630860764016e-01	1.667354767382659697e-01	2.528674096306415264e-01	1.505945617634443234e-01	7.315308902429423776e-02	2.714133149962525901e-02	7.796236825727761999e-02
1.161064851277267962e+03	2.511764987244101688e-01	1.665198368964262987e-01	2.531177720246097218e-01	1.507312029498933392e-01	7.323192162121389126e-02	2.715051798420323181e-02	7.807224979886873140e-02
1.163483736384095664e+03	2.508083684177793704e-01	1.663047569889980759e-01	2.533674408299193548e-01	1.508674401598168180e-01	7.331053016107721976e-02	2.715968359426131074e-02	7.818177984777319178e-02
1.165902621490923138e+03	2.504413687393310384e-01	1.660902355407564701e-01	2.536164173903505681e-01	1.510032746249815039e-01	7.338891520216180020e-02	2.716882839280087766e-02	7.829096010924303795e-02
1.168321506597751068e+03	2.500754962721164487e-01	1.658762710801310603e-01	2.538647030591009157e-01	1.511387075734254570e-01	7.346707730288638827e-02	2.717795244263293553e-02	7.839979226933212197e-02
1.170740391704578315e+03	2.497107476090703049e-01	1.656628621392029210e-01	2.541122991984854362e-01	1.512737402294691003e-01	7.354501702177403122e-02	2.718705580637866687e-02	7.850827799524490169e-02
1.173159276811406244e+03	2.493471193529903096e-01	1.654500072537014865e-01	2.543592071796431653e-01	1.514083738137259050e-01	7.362273491741613829e-02	2.719613854646997508e-02	7.861641893567840322e-02
1.175578161918233945e+03	2.489846081165159875e-01	1.652377049630014971e-01	2.546054283822498654e-01	1.515426095431133546e-01	7.370023154843742541e-02	2.720520072515003607e-02	7.872421672115718916e-02
1.177997047025061647e+03	2.486232105221078126e-01	1.650259538101196133e-01	2.548509641942371395e-01	1.516764486308636584e-01	7.377750747346170646e-02	2.721424240447386025e-02	7.883167296436155436e-02
1.180415932131889122e+03	2.482629232020260035e-01	1.648147523417109184e-01	2.550958160115172624e-01	1.518098922865345757e-01	7.385456325107861431e-02	2.722326364630881998e-02	7.893878926044910205e-02
1.182834817238716823e+03	2.479037427983093733e-01	1.646040991080654492e-01	2.553399852377141732e-01	1.519429417160201301e-01	7.393139943981107132e-02	2.723226451233520806e-02	7.904556718736988064e-02
1.185253702345544298e+03	2.475456659627539302e-01	1.643939926631044213e-01	2.555834732839001311e-01	1.520755981215613506e-01	7.400801659808355082e-02	2.724124506404677210e-02	7.915200830617506733e-02
1.187672587452371999e+03	2.471886893568914501e-01	1.641844315643765095e-01	2.558262815683382541e-01	1.522078627017570129e-01	7.408441528419118516e-02	2.725020536275126956e-02	7.925811416131961495e-02
1.190091472559199701e+03	2.468328096519679382e-01	1.639754143730537128e-01	2.560684115162302765e-01	1.523397366515742424e-01	7.416059605626952600e-02	2.725914546957100559e-02	7.936388628095862596e-02
1.192510357666027403e+03	2.464780235289220356e-01	1.637669396539275513e-01	2.563098645594701908e-01	1.524712211623592273e-01	7.423655947226516505e-02	2.726806544544336727e-02	7.946932617723781456e-02
1.194929242772855105e+03	2.461243276783632861e-01	1.635590059754047088e-01	2.565506421364030509e-01	1.526023174218478218e-01	7.431230608990693765e-02	2.727696535112137527e-02	7.957443534657818174e-02
1.197348127879682352e+03	2.457717188005502373e-01	1.633516119095029806e-01	2.567907456915888842e-01	1.527330266141761761e-01	7.438783646667794514e-02	2.728584524717420773e-02	7.967921526995491721e-02
1.199767012986510281e+03	2.454201936053686806e-01	1.631447560318467216e-01	2.570301766755720974e-01	1.528633499198912560e-01	7.446315115978816013e-02	2.729470519398774497e-02	7.978366741317068078e-02
1.202185898093337983e+03	2.450697488123096401e-01	1.629384369216624606e-01	2.572689365446554910e-01	1.529932885159614175e-01	7.453825072614778113e-02	2.730354525176511074e-02	7.988779322712344366e-02
1.204604783200165684e+03	2.447203811504472526e-01	1.627326531617742933e-01	2.575070267606796026e-01	1.531228435757869544e-01	7.461313572234114233e-02	2.731236548052720300e-02	7.999159414806890356e-02
1.207023668306993159e+03	2.443720873584166731e-01	1.625274033385992745e-01	2.577444487908065462e-01	1.532520162692105892e-01	7.468780670460141435e-02	2.732116594011321786e-02	8.009507159787766783e-02
1.209442553413820860e+03	2.440248641843919541e-01	1.623226860421425333e-01	2.579812041073087925e-01	1.533808077625279653e-01	7.476226422878572142e-02	2.732994669018119771e-02	8.019822698428721863e-02
1.211861438520648335e+03	2.436787083860637027e-01	1.621184998659925824e-01	2.582172941873626115e-01	1.535092192184979720e-01	7.483650885035100786e-02	2.733870779020855166e-02	8.030106170114895137e-02
1.214280323627476264e+03	2.433336167306167641e-01	1.619148434073162668e-01	2.584527205128457350e-01	1.536372517963534023e-01	7.491054112433048751e-02	2.734744929949259329e-02	8.040357712867009232e-02
1.216699208734303511e+03	2.429895859947078796e-01	1.617117152668537949e-01	2.586874845701399583e-01	1.537649066518111118e-01	7.498436160531064820e-02	2.735617127715105068e-02	8.050577463365091169e-02
1.219118093841131440e+03	2.426466129644431202e-01	1.615091140489134935e-01	2.589215878499376844e-01	1.538921849370825934e-01	7.505797084740872815e-02	2.736487378212262150e-02	8.060765556971709322e-02
1.221536978947959142e+03	2.423046944353555443e-01	1.613070383613668113e-01	2.591550318470529080e-01	1.540190878008841358e-01	7.513136940425096943e-02	2.737355687316747263e-02	8.070922127754751041e-02
1.223955864054786844e+03	2.419638272123825207e-01	1.611054868156428788e-01	2.593878180602363637e-01	1.541456163884472319e-01	7.520455782895120456e-02	2.738222060886778136e-02	8.081047308509736737e-02
1.226374749161614318e+03	2.416240081098431636e-01	1.609044580267232349e-01	2.596199479919947262e-01	1.542717718415289041e-01	7.527753667409009530e-02	2.739086504762825586e-02	8.091141230781703775e-02
1.228793634268442020e+03	2.412852339514155731e-01	1.607039506131362760e-01	2.598514231484137516e-01	1.543975552984219457e-01	7.535030649169484340e-02	2.739949024767665206e-02	8.101204024886635158e-02
1.231212519375269494e+03	2.409475015701143252e-01	1.605039631969519542e-01	2.600822450389855822e-01	1.545229678939651352e-01	7.542286783321940080e-02	2.740809626706429761e-02	8.111235819932464952e-02
1.233631404482097196e+03	2.406108078082675739e-01	1.603044944037760322e-01	2.603124151764396599e-01	1.546480107595535058e-01	7.549522124952519342e-02	2.741668316366660876e-02	8.121236743839671535e-02
1.236050289588924898e+03	2.402751495174942908e-01	1.601055428627444766e-01	2.605419350765774134e-01	1.547726850231484486e-01	7.556736729086235838e-02	2.742525099518361778e-02	8.131206923361457284e-02
1.238469174695752372e+03	2.399405235586814511e-01	1.599071072065177956e-01	2.607708062581108877e-01	1.548969918092879539e-01	7.563930650685143919e-02	2.743379981914047944e-02	8.141146484103517489e-02
1.240888059802580301e+03	2.396069268019612175e-01	1.597091860712751277e-01	2.609990302425043707e-01	1.550209322390967703e-01	7.571103944646551120e-02	2.744232969288798105e-02	8.151055550543423456e-02
1.243306944909407548e+03	2.392743561266878760e-01	1.595117780967084953e-01	2.612266085538202942e-01	1.551445074302963967e-01	7.578256665801283432e-02	2.745084067360308369e-02	8.160934246049618424e-02
1.245725830016235477e+03	2.389428084214150760e-01	1.593148819260169491e-01	2.614535427185682437e-01	1.552677184972153512e-01	7.585388868911985272e-02	2.745933281828940448e-02	8.170782692900031841e-02
1.248144715123063179e+03	2.386122805838727934e-01	1.591184962059004060e-01	2.616798342655572429e-01	1.553905665507990530e-01	7.592500608671473583e-02	2.746780618377774735e-02	8.180601012300324493e-02
1.250563600229890881e+03	2.382827695209443486e-01	1.589226195865537927e-01	2.619054847257514806e-01	1.555130526986198969e-01	7.599591939701132171e-02	2.747626082672660619e-02	8.190389324401776971e-02
1.252982485336718355e+03	2.379542721486435086e-01	1.587272507216609396e-01	2.621304956321293123e-01	1.556351780448873845e-01	7.606662916549337961e-02	2.748469680362267825e-02	8.200147748318808993e-02
1.255401370443546057e+03	2.376267853920911166e-01	1.585323882683882801e-01	2.623548685195454255e-01	1.557569436904579496e-01	7.613713593689946935e-02	2.749311417078136380e-02	8.209876402146164265e-02
1.257820255550373531e+03	2.373003061854924711e-01	1.583380308873788556e-01	2.625786049245961706e-01	1.558783507328450058e-01	7.620744025520799492e-02	2.750151298434728303e-02	8.219575402975744238e-02
1.260239140657201460e+03	2.369748314721139282e-01	1.581441772427460146e-01	2.628017063854877211e-01	1.559994002662288548e-01	7.627754266362284097e-02	2.750989330029477570e-02	8.229244866913118517e-02
1.262658025764028707e+03	2.366503582042598919e-01	1.579508260020670019e-01	2.630241744419072880e-01	1.561200933814665404e-01	7.634744370455925910e-02	2.751825517442840416e-02	8.238884909093692477e-02
1.265076910870856636e+03	2.363268833432498051e-01	1.577579758363767126e-01	2.632460106348977202e-01	1.562404311661018397e-01	7.641714391963014275e-02	2.752659866238346340e-02	8.248495643698568192e-02
1.267495795977684338e+03	2.360044038593948346e-01	1.575656254201612816e-01	2.634672165067341032e-01	1.563604147043750059e-01	7.648664384963275997e-02	2.753492381962647020e-02	8.258077183970087554e-02
1.269914681084511813e+03	2.356829167319748619e-01	1.573737734313515879e-01	2.636877936008040768e-01	1.564800450772326490e-01	7.655594403453579166e-02	2.754323070145567667e-02	8.267629642227063147e-02
1.272333566191339514e+03	2.353624189492153351e-01	1.571824185513169270e-01	2.639077434614902073e-01	1.565993233623375058e-01	7.662504501346667496e-02	2.755151936300155938e-02	8.277153129879709359e-02
1.274752451298167216e+03	2.350429075082640373e-01	1.569915594648582380e-01	2.641270676340551904e-01	1.567182506340782655e-01	7.669394732469937692e-02	2.755978985922731897e-02	8.286647757444286222e-02
1.277171336404994690e+03	2.347243794151679941e-01	1.568011948602017480e-01	2.643457676645300514e-01	1.568368279635792284e-01	7.676265150564244577e-02	2.756804224492937980e-02	8.296113634557444882e-02
1.279590221511822392e+03	2.344068316848502143e-01	1.566113234289921996e-01	2.645638450996045665e-01	1.569550564187101316e-01	7.683115809282742292e-02	2.757627657473788602e-02	8.305550869990291352e-02
1.282009106618650094e+03	2.340902613410865973e-01	1.564219438662863004e-01	2.647813014865201819e-01	1.570729370640957523e-01	7.689946762189756035e-02	2.758449290311718038e-02	8.314959571662175475e-02
1.284427991725477568e+03	2.337746654164827853e-01	1.562330548705459787e-01	2.649981383729657081e-01	1.571904709611255946e-01	7.696758062759685715e-02	2.759269128436632121e-02	8.324339846654202346e-02
1.286846876832305497e+03	2.334600409524507647e-01	1.560446551436316664e-01	2.652143573069751237e-01	1.573076591679636593e-01	7.703549764375948461e-02	2.760087177261955418e-02	8.333691801222491147e-02
1.289265761939132744e+03	2.331463849991860238e-01	1.558567433907956656e-01	2.654299598368279334e-01	1.574245027395578256e-01	7.710321920329930856e-02	2.760903442184680853e-02	8.343015540811159203e-02
1.291684647045960673e+03	2.328336946156439879e-01	1.556693183206750708e-01	2.656449475109517455e-01	1.575410027276496761e-01	7.717074583819995282e-02	2.761717928585418619e-02	8.352311170065052082e-02
1.294103532152788375e+03	2.325219668695172326e-01	1.554823786452852463e-01	2.658593218778270151e-01	1.576571601807838785e-01	7.723807807950500148e-02	2.762530641828444752e-02	8.361578792842232211e-02
1.296522417259616077e+03	2.322111988372120295e-01	1.552959230800126933e-01	2.660730844858943955e-01	1.577729761443178447e-01	7.730521645730854818e-02	2.763341587261749360e-02	8.370818512226213537e-02
1.298941302366443551e+03	2.319013876038253097e-01	1.551099503436083049e-01	2.662862368834638671e-01	1.578884516604311949e-01	7.737216150074596732e-02	2.764150770217086231e-02	8.380030430537958874e-02
1.301360187473271253e+03	2.315925302631214600e-01	1.549244591581805108e-01	2.664987806186261965e-01	1.580035877681352785e-01	7.743891373798501843e-02	2.764958196010020020e-02	8.389214649347646879e-02
1.303779072580098727e+03	2.312846239175091745e-01	1.547394482491881718e-01	2.667107172391662284e-01	1.581183855032826102e-01	7.750547369621715865e-02	2.765763869939974473e-02	8.398371269486200330e-02
1.306197957686926657e+03	2.309776656780183623e-01	1.545549163454337238e-01	2.669220482924787863e-01	1.582328458985762520e-01	7.757184190164921611e-02	2.766567797290281350e-02	8.407500391056592359e-02
1.308616842793753904e+03	2.306716526642769161e-01	1.543708621790560453e-01	2.671327753254859605e-01	1.583469699835793609e-01	7.763801887949517422e-02	2.767369983328227603e-02	8.416602113444932032e-02
1.311035727900581833e+03	2.303665820044877854e-01	1.541872844855235736e-01	2.673428998845565618e-01	1.584607587847244314e-01	7.770400515396831687e-02	2.768170433305103609e-02	8.425676535331338979e-02
1.313454613007409534e+03	2.300624508354056352e-01	1.540041820036270881e-01	2.675524235154275732e-01	1.585742133253227326e-01	7.776980124827358176e-02	2.768969152456250346e-02	8.434723754700591825e-02
1.315873498114237009e+03	2.297592563023138912e-01	1.538215534754727998e-01	2.677613477631277106e-01	1.586873346255736061e-01	7.783540768460016357e-02	2.769766146001107626e-02	8.443743868852578160e-02
1.318292383221064711e+03	2.294569955590016752e-01	1.536393976464752176e-01	2.679696741719020392e-01	1.588001237025737922e-01	7.790082498411429746e-02	2.770561419143260928e-02	8.452736974412544679e-02
1.320711268327892412e+03	2.291556657677406850e-01	1.534577132653498488e-01	2.681774042851391981e-01	1.589125815703267275e-01	7.796605366695234796e-02	2.771354977070488931e-02	8.461703167341137755e-02
1.323130153434719887e+03	2.288552640992621845e-01	1.532764990841062602e-01	2.683845396453000687e-01	1.590247092397517881e-01	7.803109425221409212e-02	2.772146824954810698e-02	8.470642542944255282e-02
1.325549038541547588e+03	2.285557877327339671e-01	1.530957538580408617e-01	2.685910817938481632e-01	1.591365077186934762e-01	7.809594725795622472e-02	2.772936967952532514e-02	8.479555195882705620e-02
1.327967923648375290e+03	2.282572338557373737e-01	1.529154763457297450e-01	2.687970322711816240e-01	1.592479780119306632e-01	7.816061320118602995e-02	2.773725411204295416e-02	8.488441220181677793e-02
1.330386808755202765e+03	2.279595996642443112e-01	1.527356653090213012e-01	2.690023926165669432e-01	1.593591211211857761e-01	7.822509259785533076e-02	2.774512159835120645e-02	8.497300709240032668e-02
1.332805693862030694e+03	2.276628823625942433e-01	1.525563195130292815e-01	2.692071643680744586e-01	1.594699380451339299e-01	7.828938596285461848e-02	2.775297218954457870e-02	8.506133755839406785e-02
1.335224578968857941e+03	2.273670791634713195e-01	1.523774377261253588e-01	2.694113490625152929e-01	1.595804297794120585e-01	7.835349381000737690e-02	2.776080593656230638e-02	8.514940452153141326e-02
1.337643464075685870e+03	2.270721872878813941e-01	1.521990187199320499e-01	2.696149482353797366e-01	1.596905973166281023e-01	7.841741665206457268e-02	2.776862289018883212e-02	8.523720889755045937e-02
1.340062349182513572e+03	2.267782039651291826e-01	1.520210612693153052e-01	2.698179634207772404e-01	1.598004416463698341e-01	7.848115500069945127e-02	2.777642310105426712e-02	8.532475159627987693e-02
1.342481234289341273e+03	2.264851264327953362e-01	1.518435641523772361e-01	2.700203961513781281e-01	1.599099637552142128e-01	7.854470936650236046e-02	2.778420661963485264e-02	8.541203352172312135e-02
1.344900119396168748e+03	2.261929519367136265e-01	1.516665261504488715e-01	2.702222479583560877e-01	1.600191646267362933e-01	7.860808025897586537e-02	2.779197349625341443e-02	8.549905557214106111e-02
1.347319004502996449e+03	2.259016777309481860e-01	1.514899460480829130e-01	2.704235203713331592e-01	1.601280452415181077e-01	7.867126818653000231e-02	2.779972378107983810e-02	8.558581864013299623e-02
1.349737889609823924e+03	2.256113010777706929e-01	1.513138226330463521e-01	2.706242149183250012e-01	1.602366065771578252e-01	7.873427365647776843e-02	2.780745752413150626e-02	8.567232361271609475e-02
1.352156774716651853e+03	2.253218192476375004e-01	1.511381546963130873e-01	2.708243331256882658e-01	1.603448496082785502e-01	7.879709717503069477e-02	2.781517477527376686e-02	8.575857137140341369e-02
1.354575659823479100e+03	2.250332295191670717e-01	1.509629410320567355e-01	2.710238765180688625e-01	1.604527753065373985e-01	7.885973924729461348e-02	2.782287558422038773e-02	8.584456279228025455e-02
1.356994544930307029e+03	2.247455291791171372e-01	1.507881804376431378e-01	2.712228466183519426e-01	1.605603846406342683e-01	7.892220037726566106e-02	2.783056000053400064e-02	8.593029874607918672e-02
1.359413430037134731e+03	2.244587155223620734e-01	1.506138717136230598e-01	2.714212449476129385e-01	1.606676785763207771e-01	7.898448106782632316e-02	2.783822807362657317e-02	8.601578009825358584e-02
1.361832315143962205e+03	2.241727858518703653e-01	1.504400136637248642e-01	2.716190730250697127e-01	1.607746580764090605e-01	7.904658182074177086e-02	2.784587985275983196e-02	8.610100770904974277e-02
1.364251200250789907e+03	2.238877374786817920e-01	1.502666050948470722e-01	2.718163323680362620e-01	1.608813241007806816e-01	7.910850313665619693e-02	2.785351538704574498e-02	8.618598243357765420e-02
1.366670085357617609e+03	2.236035677218850271e-01	1.500936448170510917e-01	2.720130244918771423e-01	1.609876776063953185e-01	7.917024551508944352e-02	2.786113472544693784e-02	8.627070512188045326e-02
1.369088970464445310e+03	2.233202739085949351e-01	1.499211316435536401e-01	2.722091509099639484e-01	1.610937195472996186e-01	7.923180945443371315e-02	2.786873791677716566e-02	8.635517661900243835e-02
1.371507855571272785e+03	2.230378533739302560e-01	1.497490643907195274e-01	2.724047131336316818e-01	1.611994508746359966e-01	7.929319545195041841e-02	2.787632500970175023e-02	8.643939776505590866e-02
1.373926740678100487e+03	2.227563034609909842e-01	1.495774418780541626e-01	2.725997126721373398e-01	1.613048725366512393e-01	7.935440400376717052e-02	2.788389605273802058e-02	8.652336939528668114e-02
1.376345625784927961e+03	2.224756215208358867e-01	1.494062629281962540e-01	2.727941510326191699e-01	1.614099854787051924e-01	7.941543560487493436e-02	2.789145109425576752e-02	8.660709234013837243e-02
1.378764510891755890e+03	2.221958049124602430e-01	1.492355263669102317e-01	2.729880297200569794e-01	1.615147906432795877e-01	7.947629074912532232e-02	2.789899018247766690e-02	8.669056742531544568e-02
1.381183395998583137e+03	2.219168510027734187e-01	1.490652310230790312e-01	2.731813502372336666e-01	1.616192889699866464e-01	7.953696992922795750e-02	2.790651336547974801e-02	8.677379547184513320e-02
1.383602281105411066e+03	2.216387571665764389e-01	1.488953757286964608e-01	2.733741140846973061e-01	1.617234813955775452e-01	7.959747363674804510e-02	2.791402069119180984e-02	8.685677729613806852e-02
1.386021166212238768e+03	2.213615207865397283e-01	1.487259593188600126e-01	2.735663227607249559e-01	1.618273688539511868e-01	7.965780236210401322e-02	2.792151220739787221e-02	8.693951371004787765e-02
1.388440051319066470e+03	2.210851392531809623e-01	1.485569806317632857e-01	2.737579777612870746e-01	1.619309522761627207e-01	7.971795659456529237e-02	2.792898796173660242e-02	8.702200552092966002e-02
1.390858936425893944e+03	2.208096099648427235e-01	1.483884385086886026e-01	2.739490805800128825e-01	1.620342325904321201e-01	7.977793682225020611e-02	2.793644800170176981e-02	8.710425353169726215e-02
1.393277821532721646e+03	2.205349303276703810e-01	1.482203317939995990e-01	2.741396327081566664e-01	1.621372107221527026e-01	7.983774353212402808e-02	2.794389237464266207e-02	8.718625854087952431e-02
1.395696706639549120e+03	2.202610977555898575e-01	1.480526593351337850e-01	2.743296356345651388e-01	1.622398875938995677e-01	7.989737720999710857e-02	2.795132112776452585e-02	8.726802134267556965e-02
1.398115591746377049e+03	2.199881096702855920e-01	1.478854199825951343e-01	2.745190908456457413e-01	1.623422641254380905e-01	7.995683834052309813e-02	2.795873430812900393e-02	8.734954272700889977e-02
1.400534476853204296e+03	2.197159635011784462e-01	1.477186125899465907e-01	2.747079998253355582e-01	1.624443412337324977e-01	8.001612740719733774e-02	2.796613196265455153e-02	8.743082347958057443e-02
1.402953361960032225e+03	2.194446566854037495e-01	1.475522360138027678e-01	2.748963640550712850e-01	1.625461198329541945e-01	8.007524489235529064e-02	2.797351413811688392e-02	8.751186438192137818e-02
1.405372247066859927e+03	2.191741866677891226e-01	1.473862891138223719e-01	2.750841850137603073e-01	1.626476008344901192e-01	8.013419127717114065e-02	2.798088088114939961e-02	8.759266621144307097e-02
1.407791132173687402e+03	2.189045509008327728e-01	1.472207707527009302e-01	2.752714641777520010e-01	1.627487851469512359e-01	8.019296704165643219e-02	2.798823223824360371e-02	8.767322974148854253e-02
1.410210017280515103e+03	2.186357468446814001e-01	1.470556797961632689e-01	2.754582030208103660e-01	1.628496736761808894e-01	8.025157266465889061e-02	2.799556825574953112e-02	8.775355574138116177e-02
1.412628902387342805e+03	2.183677719671084649e-01	1.468910151129561026e-01	2.756444030140872692e-01	1.629502673252629930e-01	8.031000862386125649e-02	2.800288897987618028e-02	8.783364497647318248e-02
1.415047787494170507e+03	2.181006237434922335e-01	1.467267755748406233e-01	2.758300656260966877e-01	1.630505669945305214e-01	8.036827539578024482e-02	2.801019445669193988e-02	8.791349820819323313e-02
1.417466672600997981e+03	2.178342996567940448e-01	1.465629600565851454e-01	2.760151923226890625e-01	1.631505735815736435e-01	8.042637345576564289e-02	2.801748473212500173e-02	8.799311619409294627e-02
1.419885557707825683e+03	2.175687971975366897e-01	1.463995674359575838e-01	2.761997845670272622e-01	1.632502879812481322e-01	8.048430327799943607e-02	2.802475985196377709e-02	8.807249968789271355e-02
1.422304442814653157e+03	2.173041138637825387e-01	1.462365965937180712e-01	2.763838438195626024e-01	1.633497110856834134e-01	8.054206533549505831e-02	2.803201986185733033e-02	8.815164943952662202e-02
1.424723327921481086e+03	2.170402471611120321e-01	1.460740464136116856e-01	2.765673715380119746e-01	1.634488437842909758e-01	8.059966010009671222e-02	2.803926480731579879e-02	8.823056619518650223e-02
1.427142213028308333e+03	2.167771946026020025e-01	1.459119157823608459e-01	2.767503691773356422e-01	1.635476869637724207e-01	8.065708804247877228e-02	2.804649473371079865e-02	8.830925069736528243e-02
1.429561098135136262e+03	2.165149537088041365e-01	1.457502035896580395e-01	2.769328381897153690e-01	1.636462415081276767e-01	8.071434963214534075e-02	2.805370968627585171e-02	8.838770368489942686e-02
1.431979983241963964e+03	2.162535220077233533e-01	1.455889087281583838e-01	2.771147800245337134e-01	1.637445082986631884e-01	8.077144533742972032e-02	2.806090971010679128e-02	8.846592589301072174e-02
1.434398868348791666e+03	2.159928970347965715e-01	1.454280300934722436e-01	2.772961961283536003e-01	1.638424882139999372e-01	8.082837562549419208e-02	2.806809485016218547e-02	8.854391805334713150e-02
1.436817753455619140e+03	2.157330763328710044e-01	1.452675665841578756e-01	2.774770879448988370e-01	1.639401821300815743e-01	8.088514096232965467e-02	2.807526515126373967e-02	8.862168089402312765e-02
1.439236638562446842e+03	2.154740574521829821e-01	1.451075171017140730e-01	2.776574569150350169e-01	1.640375909201825522e-01	8.094174181275545776e-02	2.808242065809672672e-02	8.869921513965907389e-02
1.441655523669274316e+03	2.152158379503364971e-01	1.449478805505726442e-01	2.778373044767508682e-01	1.641347154549160636e-01	8.099817864041936044e-02	2.808956141521037897e-02	8.877652151142005621e-02
1.444074408776102018e+03	2.149584153922819429e-01	1.447886558380913069e-01	2.780166320651408229e-01	1.642315566022421458e-01	8.105445190779739240e-02	2.809668746701830463e-02	8.885360072705390799e-02
1.446493293882929493e+03	2.147017873502949370e-01	1.446298418745460279e-01	2.781954411123877535e-01	1.643281152274756740e-01	8.111056207619392333e-02	2.810379885779889370e-02	8.893045350092861068e-02
1.448912178989757422e+03	2.144459514039549486e-01	1.444714375731239453e-01	2.783737330477461525e-01	1.644243921932943553e-01	8.116650960574177398e-02	2.811089563169573077e-02	8.900708054406900049e-02
1.451331064096585123e+03	2.141909051401242881e-01	1.443134418499157634e-01	2.785515092975261453e-01	1.645203883597465000e-01	8.122229495540235489e-02	2.811797783271799758e-02	8.908348256419280908e-02
1.453749949203412370e+03	2.139366461529270402e-01	1.441558536239086474e-01	2.787287712850780586e-01	1.646161045842592929e-01	8.127791858296591621e-02	2.812504550474086845e-02	8.915966026574605185e-02
1.456168834310240300e+03	2.136831720437278315e-01	1.439986718169788127e-01	2.789055204307773206e-01	1.647115417216463984e-01	8.133338094505181137e-02	2.813209869150593706e-02	8.923561434993780572e-02
1.458587719417068001e+03	2.134304804211109297e-01	1.438418953538841416e-01	2.790817581520100288e-01	1.648067006241159815e-01	8.138868249710892733e-02	2.813913743662159114e-02	8.931134551477437622e-02
1.461006604523895703e+03	2.131785689008592055e-01	1.436855231622569118e-01	2.792574858631591272e-01	1.649015821412785077e-01	8.144382369341601757e-02	2.814616178356343229e-02	8.938685445509279848e-02
1.463425489630723177e+03	2.129274351059333992e-01	1.435295541725964685e-01	2.794327049755908066e-01	1.649961871201547081e-01	8.149880498708225729e-02	2.815317177567467147e-02	8.946214186259379697e-02
1.465844374737550879e+03	2.126770766664509704e-01	1.433739873182619806e-01	2.796074168976416252e-01	1.650905164051832130e-01	8.155362683004768742e-02	2.816016745616652800e-02	8.953720842587414852e-02
1.468263259844378354e+03	2.124274912196654763e-01	1.432188215354651406e-01	2.797816230346061306e-01	1.651845708382284894e-01	8.160828967308390858e-02	2.816714886811862162e-02	8.961205483045844855e-02
1.470682144951206283e+03	2.121786764099456990e-01	1.430640557632627818e-01	2.799553247887248686e-01	1.652783512585885295e-01	8.166279396579466388e-02	2.817411605447937492e-02	8.968668175883036386e-02
1.473101030058033530e+03	2.119306298887550233e-01	1.429096889435497730e-01	2.801285235591725598e-01	1.653718585030025945e-01	8.171714015661660224e-02	2.818106905806641235e-02	8.976108989046331643e-02
1.475519915164861459e+03	2.116833493146305645e-01	1.427557200210516353e-01	2.803012207420476076e-01	1.654650934056590139e-01	8.177132869281997229e-02	2.818800792156693838e-02	8.983527990185055656e-02
1.477938800271689161e+03	2.114368323531627403e-01	1.426021479433172701e-01	2.804734177303609410e-01	1.655580567982028739e-01	8.182536002050946888e-02	2.819493268753815382e-02	8.990925246653488911e-02
1.480357685378516862e+03	2.111910766769745929e-01	1.424489716607119094e-01	2.806451159140259666e-01	1.656507495097435667e-01	8.187923458462506576e-02	2.820184339840762361e-02	8.998300825513762258e-02
1.482776570485344337e+03	2.109460799657012497e-01	1.422961901264095663e-01	2.808163166798490207e-01	1.657431723668626178e-01	8.193295282894295928e-02	2.820874009647368272e-02	9.005654793538725444e-02
