1.301360187473271253e+03	2.356287978432688723e-01	1.506700280090804145e-01	2.591920422111023692e-01	1.616985281440627420e-01	7.657000368803952572e-02	3.182865205824843974e-02	8.441194804582120848e-02
1.306197957686926657e+03	2.350496208955350219e-01	1.502610444705644588e-01	2.595491007548020312e-01	1.619559696229621593e-01	7.668326752428786253e-02	3.189538222406165802e-02	8.460561450741028999e-02
1.311035727900581833e+03	2.344737692502058268e-01	1.498543692063571131e-01	2.599041070970617984e-01	1.622118308363030004e-01	7.679586914778102624e-02	3.196194436360534630e-02	8.479811009830934276e-02
1.315873498114237009e+03	2.339012222486662185e-01	1.494499902736000363e-01	2.602570743935349040e-01	1.624661226994039698e-01	7.690781240698942034e-02	3.202833633512433553e-02	8.498944164230451404e-02
1.320711268327892412e+03	2.333319594401731811e-01	1.490478957247280689e-01	2.606080156954848071e-01	1.627188560338080070e-01	7.701910112794685404e-02	3.209455605585595506e-02	8.517961592162653917e-02
1.325549038541547588e+03	2.327659605757918526e-01	1.486480736116281565e-01	2.609569439510363575e-01	1.629700415684399439e-01	7.712973911443180008e-02	3.216060150097650727e-02	8.536863967731883607e-02
1.330386808755202765e+03	2.322032056026339941e-01	1.482505119895446699e-01	2.613038720063994291e-01	1.632196899407399870e-01	7.723973014814373983e-02	3.222647070256506874e-02	8.555651960959663460e-02
1.335224578968857941e+03	2.316436746583820649e-01	1.478551989207450290e-01	2.616488126070656839e-01	1.634678116977740514e-01	7.734907798887494246e-02	3.229216174858452054e-02	8.574326237819719643e-02
1.340062349182513572e+03	2.310873480660841361e-01	1.474621224779591455e-01	2.619917783989795246e-01	1.637144172973216960e-01	7.745778637467788663e-02	3.235767278187929447e-02	8.592887460272180533e-02
1.344900119396168748e+03	2.305342063292038224e-01	1.470712707476053149e-01	2.623327819296840668e-01	1.639595171089421877e-01	7.756585902202867144e-02	3.242300199918967535e-02	8.611336286296980558e-02
1.349737889609823924e+03	2.299842301269122424e-01	1.466826318328146306e-01	2.626718356494431306e-01	1.642031214150198315e-01	7.767329962598638893e-02	3.248814765018231271e-02	8.629673369926502136e-02
1.354575659823479100e+03	2.294374003096084358e-01	1.462961938562651054e-01	2.630089519123402497e-01	1.644452404117890121e-01	7.778011186034888835e-02	3.255310803649674734e-02	8.647899361277509855e-02
1.359413430037134731e+03	2.288936978946558842e-01	1.459119449628360488e-01	2.633441429773554776e-01	1.646858842103396947e-01	7.788629937780505719e-02	3.261788151080758508e-02	8.666014906582376887e-02
1.364251200250789907e+03	2.283531040623234531e-01	1.455298733220930507e-01	2.636774210094205984e-01	1.649250628376038030e-01	7.799186581008363262e-02	3.268246647590208886e-02	8.684020648219684113e-02
1.369088970464445310e+03	2.278156001519195117e-01	1.451499671306128725e-01	2.640087980804537438e-01	1.651627862373236388e-01	7.809681476809901546e-02	3.274686138377298078e-02	8.701917224744167012e-02
1.373926740678100487e+03	2.272811676581091012e-01	1.447722146141573463e-01	2.643382861703738596e-01	1.653990642710022052e-01	7.820114984209398934e-02	3.281106473472609336e-02	8.719705270916076889e-02
1.378764510891755890e+03	2.267497882274037702e-01	1.443966040297048059e-01	2.646658971680962424e-01	1.656339067188365433e-01	7.830487460177962267e-02	3.287507507650268973e-02	8.737385417729971737e-02
1.383602281105411066e+03	2.262214436548151131e-01	1.440231236673468473e-01	2.649916428725088147e-01	1.658673232806342768e-01	7.840799259647242281e-02	3.293889100341625825e-02	8.754958292442963086e-02
1.388440051319066470e+03	2.256961158806630452e-01	1.436517618520583017e-01	2.653155349934311902e-01	1.660993235767141418e-01	7.851050735522893675e-02	3.300251115550338621e-02	8.772424518602432719e-02
1.393277821532721646e+03	2.251737869875303777e-01	1.432825069453476097e-01	2.656375851525554221e-01	1.663299171487906680e-01	7.861242238697793705e-02	3.306593421768862923e-02	8.789784716073262283e-02
1.398115591746377049e+03	2.246544391973559207e-01	1.429153473467936475e-01	2.659578048843707632e-01	1.665591134608438162e-01	7.871374118065020686e-02	3.312915891896307807e-02	8.807039501064575782e-02
1.402953361960032225e+03	2.241380548686585927e-01	1.425502714954766104e-01	2.662762056370713837e-01	1.667869218999737668e-01	7.881446720530617400e-02	3.319218403157636610e-02	8.824189486156029660e-02
1.407791132173687402e+03	2.236246164938855141e-01	1.421872678713079208e-01	2.665927987734485471e-01	1.670133517772413034e-01	7.891460391026136612e-02	3.325500837024197853e-02	8.841235280323662959e-02
1.412628902387342805e+03	2.231141066968774511e-01	1.418263249962652406e-01	2.669075955717675197e-01	1.672384123284942903e-01	7.901415472520993688e-02	3.331763079135555833e-02	8.858177488965328361e-02
1.417466672600997981e+03	2.226065082304451159e-01	1.414674314355381934e-01	2.672206072266297139e-01	1.674621127151806887e-01	7.911312306034620767e-02	3.338005019222606284e-02	8.875016713925726330e-02
1.422304442814653157e+03	2.221018039740508265e-01	1.411105757985896825e-01	2.675318448498201773e-01	1.676844620251482232e-01	7.921151230648439123e-02	3.344226551031951461e-02	8.891753553521043740e-02
1.427142213028308333e+03	2.215999769315893653e-01	1.407557467401373552e-01	2.678413194711411482e-01	1.679054692734313348e-01	7.930932583517660839e-02	3.350427572251514496e-02	8.908388602563224734e-02
1.431979983241963964e+03	2.211010102292631507e-01	1.404029329610602395e-01	2.681490420392323992e-01	1.681251434030255898e-01	7.940656699882921166e-02	3.356607984437376402e-02	8.924922452383889093e-02
1.436817753455619140e+03	2.206048871135463108e-01	1.400521232092344914e-01	2.684550234223777587e-01	1.683434932856499588e-01	7.950323913081751293e-02	3.362767692941810715e-02	8.941355690857909211e-02
1.441655523669274316e+03	2.201115909492334932e-01	1.397033062803024750e-01	2.687592744092994756e-01	1.685605277224971610e-01	7.959934554559902620e-02	3.368906606842503315e-02	8.957688902426651223e-02
1.446493293882929493e+03	2.196211052175682243e-01	1.393564710183789190e-01	2.690618057099397609e-01	1.687762554449726282e-01	7.969488953882525317e-02	3.375024638872927557e-02	8.973922668120905277e-02
1.451331064096585123e+03	2.191334135144471784e-01	1.390116063166977611e-01	2.693626279562304493e-01	1.689906851154220069e-01	7.978987438745205329e-02	3.381121705353865026e-02	8.990057565583503552e-02
1.456168834310240300e+03	2.186484995486959182e-01	1.386687011182029250e-01	2.696617517028506161e-01	1.692038253278479176e-01	7.988430334984868153e-02	3.387197726126049691e-02	9.006094169091659329e-02
1.461006604523895703e+03	2.181663471404126364e-01	1.383277444160868896e-01	2.699591874279729797e-01	1.694156846086157242e-01	7.997817966590560490e-02	3.393252624483920898e-02	9.022033049579009090e-02
1.465844374737550879e+03	2.176869402193762071e-01	1.379887252542790488e-01	2.702549455339992579e-01	1.696262714171491159e-01	8.007150655714108389e-02	3.399286327110458139e-02	9.037874774657382593e-02
1.470682144951206283e+03	2.172102628235149935e-01	1.376516327278878848e-01	2.705490363482841998e-01	1.698355941466153374e-01	8.016428722680656038e-02	3.405298764013093421e-02	9.053619908638319003e-02
1.475519915164861459e+03	2.167362990974337211e-01	1.373164559835986509e-01	2.708414701238495703e-01	1.700436611246004537e-01	8.025652485999090757e-02	3.411289868460668645e-02	9.069269012554319331e-02
1.480357685378516862e+03	2.162650332909945849e-01	1.369831842200298633e-01	2.711322570400871990e-01	1.702504806137748183e-01	8.034822262372366686e-02	3.417259576921437281e-02	9.084822644179860185e-02
1.485195455592172038e+03	2.157964497579506480e-01	1.366518066880505478e-01	2.714214072034529246e-01	1.704560608125493260e-01	8.043938366707718834e-02	3.423207829002080510e-02	9.100281358052161873e-02
1.490033225805827215e+03	2.153305329546282287e-01	1.363223126910608485e-01	2.717089306481496047e-01	1.706604098557219507e-01	8.053001112126784156e-02	3.429134567387727428e-02	9.115645705491730311e-02
1.494870996019482618e+03	2.148672674386556958e-01	1.359946915852379423e-01	2.719948373368013539e-01	1.708635358151154304e-01	8.062010809975619918e-02	3.435039737782961261e-02	9.130916234622678263e-02
1.499708766233137567e+03	2.144066378677368656e-01	1.356689327797494238e-01	2.722791371611180677e-01	1.710654467002060142e-01	8.070967769834631877e-02	3.440923288853801193e-02	9.146093490392830094e-02
1.504546536446793198e+03	2.139486289984659784e-01	1.353450257369359644e-01	2.725618399425508431e-01	1.712661504587434935e-01	8.079872299528420565e-02	3.446785172170634126e-02	9.161178014593608643e-02
1.509384306660448374e+03	2.134932256851826415e-01	1.350229599724652729e-01	2.728429554329387385e-01	1.714656549773626859e-01	8.088724705135529047e-02	3.452625342152087357e-02	9.176170345879738899e-02
1.514222076874103550e+03	2.130404128788643825e-01	1.347027250554587441e-01	2.731224933151463197e-01	1.716639680821865910e-01	8.097525290998115743e-02	3.458443756009833836e-02	9.191071019788731034e-02
1.519059847087758726e+03	2.125901756260551168e-01	1.343843106085928496e-01	2.734004632036931559e-01	1.718610975394213591e-01	8.106274359731550916e-02	3.464240373694296715e-02	9.205880568760191340e-02
1.523897617301414357e+03	2.121424990678274503e-01	1.340677063081761877e-01	2.736768746453748236e-01	1.720570510559432109e-01	8.114972212233924342e-02	3.470015157841258024e-02	9.220599522154930561e-02
1.528735387515069533e+03	2.116973684387775112e-01	1.337529018842044670e-01	2.739517371198755824e-01	1.722518362798777791e-01	8.123619147695491927e-02	3.475768073719347206e-02	9.235228406273909840e-02
1.533573157728724709e+03	2.112547690660501465e-01	1.334398871203939796e-01	2.742250600403732808e-01	1.724454608011712076e-01	8.132215463608034878e-02	3.481499089178393541e-02	9.249767744376995171e-02
1.538410927942380113e+03	2.108146863683933447e-01	1.331286518541952846e-01	2.744968527541363223e-01	1.726379321521543664e-01	8.140761455774164768e-02	3.487208174598638299e-02	9.264218056701548076e-02
1.543248698156035516e+03	2.103771058552404150e-01	1.328191859767884064e-01	2.747671245431131393e-01	1.728292578080992126e-01	8.149257418316542545e-02	3.492895302840782340e-02	9.278579860480845598e-02
1.548086468369690692e+03	2.099420131258181998e-01	1.325114794330601586e-01	2.750358846245138933e-01	1.730194451877680728e-01	8.157703643687050366e-02	3.498560449196860128e-02	9.292853669962342078e-02
1.552924238583346096e+03	2.095093938682805190e-01	1.322055222215653691e-01	2.753031421513852939e-01	1.732085016539558209e-01	8.166100422675885706e-02	3.504203591341933932e-02	9.307039996425768569e-02
1.557762008797001272e+03	2.090792338588652877e-01	1.319013043944725350e-01	2.755689062131775890e-01	1.733964345140249774e-01	8.174448044420591641e-02	3.509824709286579747e-02	9.321139348201075425e-02
1.562599779010656675e+03	2.086515189610740340e-01	1.315988160574951271e-01	2.758331858363051170e-01	1.735832510204341206e-01	8.182746796415038548e-02	3.515423785330167028e-02	9.335152230686233343e-02
1.567437549224311852e+03	2.082262351248732601e-01	1.312980473698092676e-01	2.760959899846994747e-01	1.737689583712594965e-01	8.190996964518333645e-02	3.521000804014912111e-02	9.349079146364872028e-02
1.572275319437967255e+03	2.078033683859160097e-01	1.309989885439587498e-01	2.763573275603564694e-01	1.739535637107098853e-01	8.199198832963683348e-02	3.526555752080695605e-02	9.362920594823785636e-02
1.577113089651622431e+03	2.073829048647828632e-01	1.307016298457481518e-01	2.766172074038754092e-01	1.741370741296353331e-01	8.207352684367186235e-02	3.532088618420627796e-02	9.376677072770291110e-02
1.581950859865277607e+03	2.069648307662416420e-01	1.304059615941250694e-01	2.768756382949930095e-01	1.743194966660290557e-01	8.215458799736587159e-02	3.537599394037358597e-02	9.390349074049449130e-02
1.586788630078933011e+03	2.065491323785247912e-01	1.301119741610517189e-01	2.771326289531104159e-01	1.745008383055235701e-01	8.223517458479963349e-02	3.543088072000108446e-02	9.403937089661154602e-02
1.591626400292587959e+03	2.061357960726233340e-01	1.298196579713669363e-01	2.773881880378136211e-01	1.746811059818802470e-01	8.231528938414361951e-02	3.548554647402420159e-02	9.417441607777081447e-02
1.596464170506243590e+03	2.057248083015972284e-01	1.295290035026392117e-01	2.776423241493880534e-01	1.748603065774731735e-01	8.239493515774390375e-02	3.553999117320612300e-02	9.430863113757512184e-02
1.601301940719898766e+03	2.053161555999006294e-01	1.292400012850111191e-01	2.778950458293271697e-01	1.750384469237668272e-01	8.247411465220749749e-02	3.559421480772927138e-02	9.444202090168031527e-02
1.606139710933553943e+03	2.049098245827220832e-01	1.289526419010360303e-01	2.781463615608348872e-01	1.752155338017880593e-01	8.255283059848725347e-02	3.564821738679360003e-02	9.457459016796090912e-02
1.610977481147209119e+03	2.045058019453385723e-01	1.286669159855073907e-01	2.783962797693221303e-01	1.753915739425922771e-01	8.263108571196622898e-02	3.570199893822160325e-02	9.470634370667459223e-02
1.615815251360864750e+03	2.041040744624826320e-01	1.283828142252812776e-01	2.786448088228979381e-01	1.755665740277239650e-01	8.270888269254153546e-02	3.575555950806994648e-02	9.483728626062551403e-02
1.620653021574519926e+03	2.037046289877225413e-01	1.281003273590924640e-01	2.788919570328542985e-01	1.757405406896717648e-01	8.278622422470789666e-02	3.580889916024760505e-02	9.496742254532623828e-02
1.625490791788175102e+03	2.033074524528542260e-01	1.278194461773647927e-01	2.791377326541462089e-01	1.759134805123180045e-01	8.286311297764048511e-02	3.586201797614035902e-02	9.509675724915871153e-02
1.630328562001830505e+03	2.029125318673051515e-01	1.275401615220159157e-01	2.793821438858657413e-01	1.760854000313827605e-01	8.293955160527750892e-02	3.591491605424163014e-02	9.522529503353403812e-02
1.635166332215485909e+03	2.025198543175492083e-01	1.272624642862570654e-01	2.796251988717107784e-01	1.762563057348628948e-01	8.301554274640225717e-02	3.596759350978950831e-02	9.535304053305099226e-02
1.640004102429141085e+03	2.021294069665319493e-01	1.269863454143881909e-01	2.798669057004486427e-01	1.764262040634656525e-01	8.309108902472478464e-02	3.602005047440988428e-02	9.547999835565361415e-02
1.644841872642796488e+03	2.017411770531063742e-01	1.267117959015886253e-01	2.801072724063742303e-01	1.765951014110372641e-01	8.316619304896302745e-02	3.607228709576557057e-02	9.560617308278755722e-02
1.649679642856451665e+03	2.013551518914782901e-01	1.264388067937039783e-01	2.803463069697634813e-01	1.767630041249864670e-01	8.324085741292361340e-02	3.612430353721133441e-02	9.573156926955544987e-02
1.654517413070107068e+03	2.009713188706608866e-01	1.261673691870291714e-01	2.805840173173213548e-01	1.769299185067030322e-01	8.331508469558221441e-02	3.617609997745478007e-02	9.585619144487111942e-02
1.659355183283762244e+03	2.005896654539384150e-01	1.258974742280882797e-01	2.808204113226251408e-01	1.770958508119716002e-01	8.338887746116346866e-02	3.622767661022290031e-02	9.598004411161280280e-02
1.664192953497417420e+03	2.002101791783383877e-01	1.256291131134111838e-01	2.810554968065626102e-01	1.772608072513803257e-01	8.346223825922045869e-02	3.627903364393429003e-02	9.610313174677530268e-02
1.669030723711072824e+03	1.998328476541120780e-01	1.253622770893074723e-01	2.812892815377657230e-01	1.774247939907252214e-01	8.353516962471385643e-02	3.633017130137691786e-02	9.622545880162122756e-02
1.673868493924728000e+03	1.994576585642228728e-01	1.250969574516377081e-01	2.815217732330393408e-01	1.775878171514095882e-01	8.360767407809065188e-02	3.638108981939132403e-02	9.634702970183102455e-02
1.678706264138383403e+03	1.990845996638421211e-01	1.248331455455824884e-01	2.817529795577852769e-01	1.777498828108388385e-01	8.367975412536236834e-02	3.643178944855920975e-02	9.646784884765217949e-02
1.683544034352038352e+03	1.987136587798525589e-01	1.245708327654093256e-01	2.819829081264217940e-01	1.779109970028109888e-01	8.375141225818311108e-02	3.648227045289730713e-02	9.658792061404739004e-02
1.688381804565693983e+03	1.983448238103584782e-01	1.243100105542375988e-01	2.822115665027988274e-01	1.780711657179024354e-01	8.382265095392697762e-02	3.653253310955642541e-02	9.670724935084172580e-02
1.693219574779349159e+03	1.979780827242028363e-01	1.240506704038019659e-01	2.824389622006082678e-01	1.782303949038495094e-01	8.389347267576525990e-02	3.658257770852566676e-02	9.682583938286892788e-02
1.698057344993004335e+03	1.976134235604908584e-01	1.237928038542140952e-01	2.826651026837903036e-01	1.783886904659257588e-01	8.396387987274314679e-02	3.663240455234161030e-02	9.694369501011664003e-02
1.702895115206659511e+03	1.972508344281197756e-01	1.235364024937231908e-01	2.828899953669352096e-01	1.785460582673147611e-01	8.403387497985616295e-02	3.668201395580252683e-02	9.706082050787079307e-02
1.707732885420315142e+03	1.968903035053148898e-01	1.232814579584752268e-01	2.831136476156808635e-01	1.787025041294789118e-01	8.410346041812612194e-02	3.673140624568741602e-02	9.717722012685900412e-02
1.712570655633970318e+03	1.965318190391711906e-01	1.230279619322713486e-01	2.833360667471062078e-01	1.788580338325239938e-01	8.417263859467673248e-02	3.678058176047986627e-02	9.729289809339310147e-02
1.717408425847625494e+03	1.961753693452008007e-01	1.227759061463252338e-01	2.835572600301202728e-01	1.790126531155596945e-01	8.424141190280891311e-02	3.682954085009664674e-02	9.740785860951077513e-02
1.722246196061280898e+03	1.958209428068857783e-01	1.225252823790198287e-01	2.837772346858477568e-01	1.791663676770560987e-01	8.430978272207566293e-02	3.687828387562093468e-02	9.752210585311622826e-02
1.727083966274936301e+03	1.954685278752363031e-01	1.222760824556634318e-01	2.839959978880097213e-01	1.793191831751961007e-01	8.437775341835657139e-02	3.692681120904012931e-02	9.763564397812000972e-02
1.731921736488591478e+03	1.951181130683536658e-01	1.220282982482453066e-01	2.842135567633010118e-01	1.794711052282242369e-01	8.444532634393195347e-02	3.697512323298814824e-02	9.774847711457798627e-02
1.736759506702246881e+03	1.947696869709985568e-01	1.217819216751909600e-01	2.844299183917632368e-01	1.796221394147911599e-01	8.451250383755670725e-02	3.702322034049220639e-02	9.786060936882941264e-02
1.741597276915902057e+03	1.944232382341639642e-01	1.215369447011171722e-01	2.846450898071545277e-01	1.797722912742948098e-01	8.457928822453372741e-02	3.707110293472390405e-02	9.797204482363411349e-02
1.746435047129557461e+03	1.940787555746525117e-01	1.212933593365867896e-01	2.848590779973148579e-01	1.799215663072175342e-01	8.464568181678698566e-02	3.711877142875462388e-02	9.808278753830888819e-02
1.751272817343212637e+03	1.937362277746586536e-01	1.210511576378635462e-01	2.850718899045279198e-01	1.800699699754595706e-01	8.471168691293429198e-02	3.716622624531516067e-02	9.819284154886299965e-02
1.756110587556867813e+03	1.933956436813549229e-01	1.208103317066668014e-01	2.852835324258793936e-01	1.802175077026689776e-01	8.477730579835966729e-02	3.721346781655950064e-02	9.830221086813285825e-02
1.760948357770523216e+03	1.930569922064824806e-01	1.205708736899265276e-01	2.854940124136112756e-01	1.803641848745678733e-01	8.484254074528538303e-02	3.726049658383268764e-02	9.841089948591591474e-02
1.765786127984178393e+03	1.927202623259458292e-01	1.203327757795383951e-01	2.857033366754728188e-01	1.805100068392751500e-01	8.490739401284362609e-02	3.730731299744274171e-02	9.851891136910363722e-02
1.770623898197833569e+03	1.923854430794114945e-01	1.200960302121190648e-01	2.859115119750677558e-01	1.806549789076257184e-01	8.497186784714788610e-02	3.735391751643649116e-02	9.862625046181378030e-02
1.775461668411488745e+03	1.920525235699105382e-01	1.198606292687619673e-01	2.861185450321983570e-01	1.807991063534862552e-01	8.503596448136395425e-02	3.740031060837935295e-02	9.873292068552175227e-02
1.780299438625144376e+03	1.917214929634448450e-01	1.196265652747932756e-01	2.863244425232056578e-01	1.809423944140676754e-01	8.509968613578050567e-02	3.744649274913890852e-02	9.883892593919126057e-02
1.785137208838799552e+03	1.913923404885972124e-01	1.193938305995285304e-01	2.865292110813063009e-01	1.810848482902340517e-01	8.516303501787952923e-02	3.749246442267231000e-02	9.894427009940408302e-02
1.789974979052454728e+03	1.910650554361448261e-01	1.191624176560295845e-01	2.867328572969264910e-01	1.812264731468083701e-01	8.522601332240625771e-02	3.753822612081730153e-02	9.904895702048917283e-02
1.794812749266109904e+03	1.907396271586763170e-01	1.189323189008622550e-01	2.869353877180317869e-01	1.813672741128749544e-01	8.528862323143880653e-02	3.758377834308702925e-02	9.915299053465084778e-02
1.799650519479765535e+03	1.904160450702124252e-01	1.187035268338544891e-01	2.871368088504541727e-01	1.815072562820787549e-01	8.535086691445747942e-02	3.762912159646834148e-02	9.925637445209631315e-02
1.804488289693420711e+03	1.900942986458295791e-01	1.184760339978551957e-01	2.873371271582161324e-01	1.816464247129213061e-01	8.541274652841375492e-02	3.767425639522367642e-02	9.935911256116231050e-02
1.809326059907075887e+03	1.897743774212870826e-01	1.182498329784938407e-01	2.875363490638508934e-01	1.817847844290536308e-01	8.547426421779895367e-02	3.771918326069643307e-02	9.946120862844112787e-02
1.814163830120731291e+03	1.894562709926572719e-01	1.180249164039407217e-01	2.877344809487197841e-01	1.819223404195660920e-01	8.553542211471253098e-02	3.776390272111975616e-02	9.956266639890574977e-02
1.819001600334386467e+03	1.891399690159589198e-01	1.178012769446679514e-01	2.879315291533267596e-01	1.820590976392751914e-01	8.559622233893005028e-02	3.780841531142870027e-02	9.966348959603434088e-02
1.823839370548041643e+03	1.888254612067935545e-01	1.175789073132113977e-01	2.881274999776292645e-01	1.821950610090070921e-01	8.565666699797085115e-02	3.785272157307573854e-02	9.976368192193391105e-02
1.828677140761696819e+03	1.885127373399848871e-01	1.173578002639333734e-01	2.883223996813466528e-01	1.823302354158786998e-01	8.571675818716538442e-02	3.789682205384947017e-02	9.986324705746328634e-02
1.833514910975352450e+03	1.882017872492209032e-01	1.171379485927861452e-01	2.885162344842652771e-01	1.824646257135751903e-01	8.577649798972221407e-02	3.794071730769662393e-02	9.996218866235535849e-02
1.838352681189008081e+03	1.878926008266990910e-01	1.169193451370764830e-01	2.887090105665405804e-01	1.825982367226250680e-01	8.583588847679468614e-02	3.798440789454717026e-02	1.000605103753385711e-01
1.843190451402663257e+03	1.875851680227743346e-01	1.167019827752309724e-01	2.889007340689965231e-01	1.827310732306722529e-01	8.589493170754732010e-02	3.802789438014257672e-02	1.001582158142576701e-01
1.848028221616318433e+03	1.872794788456096093e-01	1.164858544265623408e-01	2.890914110934217907e-01	1.828631399927451717e-01	8.595362972922179767e-02	3.807117733586708186e-02	1.002553085761938023e-01
1.852865991829973609e+03	1.869755233608291489e-01	1.162709530510368239e-01	2.892810477028635030e-01	1.829944417315234051e-01	8.601198457720272972e-02	3.811425733858204296e-02	1.003517922375838645e-01
1.857703762043628785e+03	1.866732916911746920e-01	1.160572716490423650e-01	2.894696499219179264e-01	1.831249831376011994e-01	8.606999827508297896e-02	3.815713497046320513e-02	1.004476703543391303e-01
1.862541532257283961e+03	1.863727740161637836e-01	1.158448032611579664e-01	2.896572237370181879e-01	1.832547688697485633e-01	8.612767283472881619e-02	3.819981081884090551e-02	1.005429464619632118e-01
1.867379302470939592e+03	1.860739605717511569e-01	1.156335409679239701e-01	2.898437750967197690e-01	1.833838035551694778e-01	8.618501025634466017e-02	3.824228547604312939e-02	1.006376240756692853e-01
1.872217072684594768e+03	1.857768416499921138e-01	1.154234778896133795e-01	2.900293099119827800e-01	1.835120917897575810e-01	8.624201252853748445e-02	3.828455953924141120e-02	1.007317066904966918e-01
1.877054842898249490e+03	1.854814075987088473e-01	1.152146071860042781e-01	2.902138340564517915e-01	1.836396381383492704e-01	8.629868162838102985e-02	3.832663361029951810e-02	1.008251977814267342e-01
1.881892613111905121e+03	1.851876488211587901e-01	1.150069220561532740e-01	2.903973533667331131e-01	1.837664471349739759e-01	8.635501952147954519e-02	3.836850829562483967e-02	1.009181008034979177e-01
1.886730383325560297e+03	1.848955557757057111e-01	1.148004157381700419e-01	2.905798736426691287e-01	1.838925232831022938e-01	8.641102816203131975e-02	3.841018420602249767e-02	1.010104191919204419e-01
1.891568153539215928e+03	1.846051189754928379e-01	1.145950815089929881e-01	2.907614006476104684e-01	1.840178710558911246e-01	8.646670949289186892e-02	3.845166195655209257e-02	1.011021563621900266e-01
1.896405923752871104e+03	1.843163289881185052e-01	1.143909126841659019e-01	2.909419401086851820e-01	1.841424948964267561e-01	8.652206544563685597e-02	3.849294216638703137e-02	1.011933157102011122e-01
1.901243693966526507e+03	1.840291764353139403e-01	1.141879026176157857e-01	2.911214977170659690e-01	1.842663992179652266e-01	8.657709794062463937e-02	3.853402545867647827e-02	1.012839006123593122e-01
1.906081464180181683e+03	1.837436519926234912e-01	1.139860447014318379e-01	2.913000791282340241e-01	1.843895884041703570e-01	8.663180888705854232e-02	3.857491246040975486e-02	1.013739144256933233e-01
1.910919234393836859e+03	1.834597463890868529e-01	1.137853323656454335e-01	2.914776899622414374e-01	1.845120668093494232e-01	8.668620018304881714e-02	3.861560380228325901e-02	1.014633604879660450e-01
1.915757004607492036e+03	1.831774504069236531e-01	1.135857590780113696e-01	2.916543358039705436e-01	1.846338387586863583e-01	8.674027371567429034e-02	3.865610011856984024e-02	1.015522421177851714e-01
1.920594774821147894e+03	1.828967548812200361e-01	1.133873183437901083e-01	2.918300222033910485e-01	1.847549085484727349e-01	8.679403136104374417e-02	3.869640204699053426e-02	1.016405626147130759e-01
1.925432545034802843e+03	1.826176506996174953e-01	1.131900037055312558e-01	2.920047546758146595e-01	1.848752804463363042e-01	8.684747498435692326e-02	3.873651022858867754e-02	1.017283252593760012e-01
1.930270315248458019e+03	1.823401288020038702e-01	1.129938087428580956e-01	2.921785387021473834e-01	1.849949586914674815e-01	8.690060643996531942e-02	3.877642530760637418e-02	1.018155333135727925e-01
1.935108085462113195e+03	1.820641801802062032e-01	1.127987270722533714e-01	2.923513797291398264e-01	1.851139474948434172e-01	8.695342757143258161e-02	3.881614793136319713e-02	1.019021900203827269e-01
1.939945855675768371e+03	1.817897958776857059e-01	1.126047523468460820e-01	2.925232831696348845e-01	1.852322510394497912e-01	8.700594021159466229e-02	3.885567875013717920e-02	1.019882986042729978e-01
1.944783625889424002e+03	1.815169669892351401e-01	1.124118782561995128e-01	2.926942544028130477e-01	1.853498734805005266e-01	8.705814618261971394e-02	3.889501841704799678e-02	1.020738622712053373e-01
1.949621396103079178e+03	1.812456846606774197e-01	1.122200985261004175e-01	2.928642987744358162e-01	1.854668189456554483e-01	8.711004729606754149e-02	3.893416758794236709e-02	1.021588842087422094e-01
1.954459166316734354e+03	1.809759400885669889e-01	1.120294069183492142e-01	2.930334215970868961e-01	1.855830915352355004e-01	8.716164535294894378e-02	3.897312692128150624e-02	1.022433675861521979e-01
1.959296936530389530e+03	1.807077245198926430e-01	1.118397972305515270e-01	2.932016281504107313e-01	1.856986953224360748e-01	8.721294214378458309e-02	3.901189707803079387e-02	1.023273155545149221e-01
1.964134706744044706e+03	1.804410292517825420e-01	1.116512632959107409e-01	2.933689236813493695e-01	1.858136343535382040e-01	8.726393944866370211e-02	3.905047872155143623e-02	1.024107312468253150e-01
1.968972476957700337e+03	1.801758456312109735e-01	1.114637989830217224e-01	2.935353134043770518e-01	1.859279126481177546e-01	8.731463903730245224e-02	3.908887251749419700e-02	1.024936177780972346e-01
1.973810247171355968e+03	1.799121650547070572e-01	1.112773981956657193e-01	2.937008025017325274e-01	1.860415341992523452e-01	8.736504266910195826e-02	3.912707913369516122e-02	1.025759782454665620e-01
1.978648017385010689e+03	1.796499789680655046e-01	1.110920548726063994e-01	2.938653961236497025e-01	1.861545029737265433e-01	8.741515209320613322e-02	3.916509924007338661e-02	1.026578157282936055e-01
1.983485787598666320e+03	1.793892788660589599e-01	1.109077629873869708e-01	2.940290993885857351e-01	1.862668229122348973e-01	8.746496904855913246e-02	3.920293350853062964e-02	1.027391332882649777e-01
1.988323557812321269e+03	1.791300562921522566e-01	1.107245165481285515e-01	2.941919173834470769e-01	1.863784979295830535e-01	8.751449526396254397e-02	3.924058261285282706e-02	1.028199339694948894e-01
1.993161328025976900e+03	1.788723028382186164e-01	1.105423095973295661e-01	2.943538551638143486e-01	1.864895319148869857e-01	8.756373245813232897e-02	3.927804722861358983e-02	1.029002207986257911e-01
1.997999098239632076e+03	1.786160101442574866e-01	1.103611362116663636e-01	2.945149177541638297e-01	1.865999287317701427e-01	8.761268233975540165e-02	3.931532803307945939e-02	1.029799967849284598e-01
2.002836868453287707e+03	1.783611698981143467e-01	1.101809905017949176e-01	2.946751101480882817e-01	1.867096922185589591e-01	8.766134660754598684e-02	3.935242570511702370e-02	1.030592649204015582e-01
2.007674638666942428e+03	1.781077738352020434e-01	1.100018666121536509e-01	2.948344373085152181e-01	1.868188261884762280e-01	8.770972695030163080e-02	3.938934092510180951e-02	1.031380281798705278e-01
2.012512408880597604e+03	1.778558137382239834e-01	1.098237587207674532e-01	2.949929041679229536e-01	1.869273344298327810e-01	8.775782504695900377e-02	3.942607437482891636e-02	1.032162895210860104e-01
2.017350179094252780e+03	1.776052814368992150e-01	1.096466610390527674e-01	2.951505156285555986e-01	1.870352207062172256e-01	8.780564256664934175e-02	3.946262673742540611e-02	1.032940518848215333e-01
2.022187949307908411e+03	1.773561688076889797e-01	1.094705678116237868e-01	2.953072765626351681e-01	1.871424887566841555e-01	8.785318116875368011e-02	3.949899869726438556e-02	1.033713181949709042e-01
2.027025719521564042e+03	1.771084677735250690e-01	1.092954733160997755e-01	2.954631918125728562e-01	1.872491422959401686e-01	8.790044250295772632e-02	3.953519093988076133e-02	1.034480913586447171e-01
2.031863489735218764e+03	1.768621703035399007e-01	1.091213718629135687e-01	2.956182661911775367e-01	1.873551850145283582e-01	8.794742820930651073e-02	3.957120415188863927e-02	1.035243742662665528e-01
2.036701259948874394e+03	1.766172684127982340e-01	1.089482577951211006e-01	2.957725044818629301e-01	1.874606205790111668e-01	8.799413991825873194e-02	3.960703902090034062e-02	1.036001697916685005e-01
2.041539030162529116e+03	1.763737541620305771e-01	1.087761254882120138e-01	2.959259114388531620e-01	1.875654526321512139e-01	8.804057925074081081e-02	3.964269623544700721e-02	1.036754807921861504e-01
2.046376800376184747e+03	1.761316196573681214e-01	1.086049693499214625e-01	2.960784917873860445e-01	1.876696847930907075e-01	8.808674781820072242e-02	3.967817648490079563e-02	1.037503101087530744e-01
2.051214570589840150e+03	1.758908570500794799e-01	1.084347838200429848e-01	2.962302502239147484e-01	1.877733206575289415e-01	8.813264722266150875e-02	3.971348045939857713e-02	1.038246605659946947e-01
2.056052340803495554e+03	1.756514585363088687e-01	1.082655633702424014e-01	2.963811914163079764e-01	1.878763637978983492e-01	8.817827905677447231e-02	3.974860884976719189e-02	1.038985349723216683e-01
2.060890111017150957e+03	1.754134163568160376e-01	1.080973025038728386e-01	2.965313200040483044e-01	1.879788177635386970e-01	8.822364490387223090e-02	3.978356234745016040e-02	1.039719361200226733e-01
2.065727881230805451e+03	1.751767227967178098e-01	1.079299957557908751e-01	2.966806405984284689e-01	1.880806860808698910e-01	8.826874633802130055e-02	3.981834164443585206e-02	1.040448667853567377e-01
2.070565651444461309e+03	1.749413701852309821e-01	1.077636376921736749e-01	2.968291577827465999e-01	1.881819722535629236e-01	8.831358492407462291e-02	3.985294743318717331e-02	1.041173297286449861e-01
2.075403421658116713e+03	1.747073508954170018e-01	1.075982229103372712e-01	2.969768761124991774e-01	1.882826797627094595e-01	8.835816221772364865e-02	3.988738040657253264e-02	1.041893276943618579e-01
2.080241191871772116e+03	1.744746573439280579e-01	1.074337460385558912e-01	2.971238001155728781e-01	1.883828120669897577e-01	8.840247976555026810e-02	3.992164125779835981e-02	1.042608634112257709e-01
2.085078962085427065e+03	1.742432819907549502e-01	1.072702017358822812e-01	2.972699342924342014e-01	1.884823726028388713e-01	8.844653910507838113e-02	3.995573068034288106e-02	1.043319395922893411e-01
2.089916732299082469e+03	1.740132173389762338e-01	1.071075846919692376e-01	2.974152831163182076e-01	1.885813647846117103e-01	8.849034176482523106e-02	3.998964936789126123e-02	1.044025589350290328e-01
2.094754502512737417e+03	1.737844559345088635e-01	1.069458896268919712e-01	2.975598510334149793e-01	1.886797920047462718e-01	8.853388926435254436e-02	4.002339801427213378e-02	1.044727241214342406e-01
2.099592272726392821e+03	1.735569903658605584e-01	1.067851112909717209e-01	2.977036424630547518e-01	1.887776576339254275e-01	8.857718311431726776e-02	4.005697731339534495e-02	1.045424378180959957e-01
2.104430042940048224e+03	1.733308132638835819e-01	1.066252444646002828e-01	2.978466617978916542e-01	1.888749650212372955e-01	8.862022481652216677e-02	4.009038795919106501e-02	1.046117026762950208e-01
2.109267813153704083e+03	1.731059173015299657e-01	1.064662839580656495e-01	2.979889134040858423e-01	1.889717174943341127e-01	8.866301586396606316e-02	4.012363064555008602e-02	1.046805213320893407e-01
2.114105583367359031e+03	1.728822951936082042e-01	1.063082246113785656e-01	2.981304016214838537e-01	1.890679183595897206e-01	8.870555774089387835e-02	4.015670606626542405e-02	1.047488964064013928e-01
2.118943353581013525e+03	1.726599396965413924e-01	1.061510612941002213e-01	2.982711307637977427e-01	1.891635709022556067e-01	8.874785192284638524e-02	4.018961491497508032e-02	1.048168305051046245e-01
2.123781123794669384e+03	1.724388436081269182e-01	1.059947889051709308e-01	2.984111051187825492e-01	1.892586783866152811e-01	8.878989987670968254e-02	4.022235788510605120e-02	1.048843262191096054e-01
2.128618894008324787e+03	1.722189997672975148e-01	1.058394023727398103e-01	2.985503289484123801e-01	1.893532440561377372e-01	8.883170306076447476e-02	4.025493566981948323e-02	1.049513861244495833e-01
2.133456664221980191e+03	1.720004010538838113e-01	1.056848966539954554e-01	2.986888064890549366e-01	1.894472711336290527e-01	8.887326292473500533e-02	4.028734896195700077e-02	1.050180127823656384e-01
2.138294434435635139e+03	1.717830403883781054e-01	1.055312667349975891e-01	2.988265419516448751e-01	1.895407628213830187e-01	8.891458090983778151e-02	4.031959845398817854e-02	1.050842087393912827e-01
2.143132204649290543e+03	1.715669107316999120e-01	1.053785076305097934e-01	2.989635395218552261e-01	1.896337223013301321e-01	8.895565844883004947e-02	4.035168483795910366e-02	1.051499765274366144e-01
2.147969974862945492e+03	1.713520050849625664e-01	1.052266143838331836e-01	2.990998033602677575e-01	1.897261527351853105e-01	8.899649696605800575e-02	4.038360880544211023e-02	1.052153186638719318e-01
2.152807745076601350e+03	1.711383164892413544e-01	1.050755820666410129e-01	2.992353376025418399e-01	1.898180572645944697e-01	8.903709787750470339e-02	4.041537104748649939e-02	1.052802376516109306e-01
2.157645515290255844e+03	1.709258380253431131e-01	1.049254057788143457e-01	2.993701463595822010e-01	1.899094390112794906e-01	8.907746259083779150e-02	4.044697225457040413e-02	1.053447359791933741e-01
2.162483285503912157e+03	1.707145628135769977e-01	1.047760806482786605e-01	2.995042337177047931e-01	1.900003010771822431e-01	8.911759250545696343e-02	4.047841311655366037e-02	1.054088161208673324e-01
2.167321055717567106e+03	1.705044840135268580e-01	1.046276018308413824e-01	2.996376037388016056e-01	1.900906465446070559e-01	8.915748901254114123e-02	4.050969432263170494e-02	1.054724805366708679e-01
2.172158825931222509e+03	1.702955948238248363e-01	1.044799645100304986e-01	2.997702604605040899e-01	1.901804784763619638e-01	8.919715349509536872e-02	4.054081656129050748e-02	1.055357316725133721e-01
2.176996596144877003e+03	1.700878884819262138e-01	1.043331638969339503e-01	2.999022078963451965e-01	1.902697999158988462e-01	8.923658732799759352e-02	4.057178052026250842e-02	1.055985719602563072e-01
2.181834366358532861e+03	1.698813582638857567e-01	1.041871952300401361e-01	3.000334500359203016e-01	1.903586138874523159e-01	8.927579187804504657e-02	4.060258688648347297e-02	1.056610038177936001e-01
2.186672136572187810e+03	1.696759974841353102e-01	1.040420537750792740e-01	3.001639908450465799e-01	1.904469233961771091e-01	8.931476850400045520e-02	4.063323634605037898e-02	1.057230296491314808e-01
2.191509906785843214e+03	1.694717994952628093e-01	1.038977348248657367e-01	3.002938342659211557e-01	1.905347314282846982e-01	8.935351855663803411e-02	4.066372958418021377e-02	1.057846518444679196e-01
2.196347676999498617e+03	1.692687576877925093e-01	1.037542336991413017e-01	3.004229842172781439e-01	1.906220409511782954e-01	8.939204337878912943e-02	4.069406728516968691e-02	1.058458727802715355e-01
2.201185447213154021e+03	1.690668654899663559e-01	1.036115457444193172e-01	3.005514445945441371e-01	1.907088549135870226e-01	8.943034430538771007e-02	4.072425013235587282e-02	1.059066948193601865e-01
2.206023217426809424e+03	1.688661163675271304e-01	1.034696663338298683e-01	3.006792192699926369e-01	1.907951762456986944e-01	8.946842266351560935e-02	4.075427880807775544e-02	1.059671203109789489e-01
2.210860987640464373e+03	1.686665038235022340e-01	1.033285908669656916e-01	3.008063120928972101e-01	1.908810078592915183e-01	8.950627977244746125e-02	4.078415399363867488e-02	1.060271515908778051e-01
2.215698757854119776e+03	1.684680213979893315e-01	1.031883147697292835e-01	3.009327268896835328e-01	1.909663526478646567e-01	8.954391694369547017e-02	4.081387636926957913e-02	1.060867909813887205e-01
2.220536528067775180e+03	1.682706626679429940e-01	1.030488334941805778e-01	3.010584674640799374e-01	1.910512134867675960e-01	8.958133548105387534e-02	4.084344661409317762e-02	1.061460407915024023e-01
2.225374298281430583e+03	1.680744212469624521e-01	1.029101425183857887e-01	3.011835375972670148e-01	1.911355932333285434e-01	8.961853668064324874e-02	4.087286540608892765e-02	1.062049033169445572e-01
2.230212068495085077e+03	1.678792907850809313e-01	1.027722373462670036e-01	3.013079410480259956e-01	1.912194947269814926e-01	8.965552183095447381e-02	4.090213342205884645e-02	1.062633808402517893e-01
2.235049838708740936e+03	1.676852649685560137e-01	1.026351135074527327e-01	3.014316815528857441e-01	1.913029207893924277e-01	8.969229221289258536e-02	4.093125133759408646e-02	1.063214756308469289e-01
2.239887608922396339e+03	1.674923375196612774e-01	1.024987665571292922e-01	3.015547628262688074e-01	1.913858742245843902e-01	8.972884909982023482e-02	4.096021982704237119e-02	1.063791899451140555e-01
2.244725379136052197e+03	1.673005021964792394e-01	1.023631920758931585e-01	3.016771885606365222e-01	1.914683578190612412e-01	8.976519375760105834e-02	4.098903956347618033e-02	1.064365260264729801e-01
2.249563149349706237e+03	1.671097527926954096e-01	1.022283856696040993e-01	3.017989624266322890e-01	1.915503743419307014e-01	8.980132744464278116e-02	4.101771121866170516e-02	1.064934861054534221e-01
2.254400919563362095e+03	1.669200831373935101e-01	1.020943429692391935e-01	3.019200880732242354e-01	1.916319265450261988e-01	8.983725141193998898e-02	4.104623546302855336e-02	1.065500723997686722e-01
2.259238689777017044e+03	1.667314870948521377e-01	1.019610596307477524e-01	3.020405691278469917e-01	1.917130171630276048e-01	8.987296690311678826e-02	4.107461296564019620e-02	1.066062871143888396e-01
2.264076459990672902e+03	1.665439585643424814e-01	1.018285313349070881e-01	3.021604091965416350e-01	1.917936489135810274e-01	8.990847515446921678e-02	4.110284439416517221e-02	1.066621324416137245e-01
