1.001418434226643626e+03	2.782369648971061427e-01	1.819898450657013167e-01	2.351151398646084967e-01	1.407408940863117963e-01	6.754469768044571443e-02	2.634167665514426313e-02	7.003078175030796881e-02
1.002869765290740247e+03	2.779696069591213736e-01	1.818343927509077362e-01	2.352964506941732925e-01	1.408391925669106037e-01	6.760232574681290796e-02	2.634273385472472861e-02	7.011529742697505951e-02
1.004321096354836754e+03	2.777027378919508793e-01	1.816791865004452611e-01	2.354774961080056128e-01	1.409373178788219938e-01	6.765986420019774739e-02	2.634378964633774314e-02	7.019960777386645423e-02
1.005772427418933376e+03	2.774363568286539183e-01	1.815242259311721507e-01	2.356582762099382333e-01	1.410352703364794180e-01	6.771731272826005121e-02	2.634484403255006255e-02	7.028371393257185074e-02
1.007223758483029997e+03	2.771704629036873535e-01	1.813695106604477358e-01	2.358387910791437947e-01	1.411330502537561649e-01	6.777467105847793938e-02	2.634589701592388380e-02	7.036761702818888908e-02
1.008675089547126618e+03	2.769050552528943276e-01	1.812150403061251469e-01	2.360190407734137907e-01	1.412306579439663867e-01	6.783193895421699149e-02	2.634694859901686587e-02	7.045131816999222751e-02
1.010126420611223239e+03	2.766401330134952707e-01	1.810608144865446245e-01	2.361990253320961075e-01	1.413280937198659326e-01	6.788911621119447792e-02	2.634799878438211923e-02	7.053481845204727374e-02
1.011577751675319632e+03	2.763756953240787961e-01	1.809068328205278575e-01	2.363787447787247809e-01	1.414253578936532085e-01	6.794620265429886230e-02	2.634904757456823024e-02	7.061811895377408110e-02
1.013029082739416367e+03	2.761117413245941510e-01	1.807530949273732368e-01	2.365581991233739467e-01	1.415224507769702322e-01	6.800319813472875674e-02	2.635009497211926108e-02	7.070122074046622518e-02
1.014480413803512761e+03	2.758482701563444994e-01	1.805996004268513866e-01	2.367373883647634625e-01	1.416193726809034381e-01	6.806010252741909183e-02	2.635114097957475324e-02	7.078412486376911561e-02
1.015931744867609382e+03	2.755852809619809274e-01	1.804463489392016118e-01	2.369163124921417618e-01	1.417161239159845376e-01	6.811691572872555223e-02	2.635218559946974487e-02	7.086683236212157344e-02
1.017383075931706003e+03	2.753227728854968359e-01	1.802933400851287060e-01	2.370949714869682035e-01	1.418127047921914907e-01	6.817363765434129863e-02	2.635322883433476732e-02	7.094934426116442094e-02
1.018834406995802851e+03	2.750607450722233893e-01	1.801405734858003427e-01	2.372733653244153695e-01	1.419091156189493386e-01	6.823026823742242564e-02	2.635427068669585551e-02	7.103166157411902604e-02
1.020285738059899245e+03	2.747991966688250742e-01	1.799880487628448544e-01	2.374514939747098541e-01	1.420053567051311194e-01	6.828680742690138028e-02	2.635531115907454799e-02	7.111378530213895155e-02
1.021737069123995752e+03	2.745381268232961469e-01	1.798357655383492626e-01	2.376293574043276680e-01	1.421014283590587846e-01	6.834325518596900961e-02	2.635635025398791811e-02	7.119571643463704080e-02
1.023188400188092373e+03	2.742775346849571916e-01	1.796837234348578893e-01	2.378069555770591648e-01	1.421973308885039755e-01	6.839961149070866719e-02	2.635738797394855323e-02	7.127745594959040976e-02
1.024639731252188767e+03	2.740174194044522338e-01	1.795319220753710532e-01	2.379842884549567272e-01	1.422930646006890232e-01	6.845587632886673823e-02	2.635842432146457207e-02	7.135900481382548288e-02
1.026091062316285615e+03	2.737577801337462424e-01	1.793803610833441808e-01	2.381613559991772877e-01	1.423886298022877250e-01	6.851204969874596928e-02	2.635945929903963855e-02	7.144036398328473814e-02
1.027542393380382237e+03	2.734986160261226318e-01	1.792290400826870855e-01	2.383381581707303132e-01	1.424840267994262888e-01	6.856813160820925124e-02	2.636049290917296187e-02	7.152153440327717326e-02
1.028993724444478858e+03	2.732399262361814296e-01	1.790779586977633564e-01	2.385146949311409137e-01	1.425792558976842483e-01	6.862412207378268403e-02	2.636152515435929641e-02	7.160251700871370084e-02
1.030445055508575479e+03	2.729817099198373342e-01	1.789271165533902197e-01	2.386909662430368728e-01	1.426743174020951577e-01	6.868002111984787550e-02	2.636255603708896611e-02	7.168331272432912349e-02
1.031896386572671872e+03	2.727239662343182713e-01	1.787765132748382058e-01	2.388669720706671773e-01	1.427692116171476733e-01	6.873582877791467594e-02	2.636358555984786092e-02	7.176392246489168847e-02
1.033347717636768493e+03	2.724666943381638951e-01	1.786261484878312600e-01	2.390427123803591514e-01	1.428639388467863036e-01	6.879154508596595219e-02	2.636461372511744033e-02	7.184434713540152617e-02
1.034799048700865114e+03	2.722098933912243668e-01	1.784760218185467984e-01	2.392181871409209681e-01	1.429584993944123528e-01	6.884717008786750414e-02	2.636564053537474028e-02	7.192458763127886068e-02
1.036250379764961508e+03	2.719535625546593005e-01	1.783261328936159296e-01	2.393933963239940899e-01	1.430528935628846976e-01	6.890270383283624012e-02	2.636666599309239745e-02	7.200464483854294995e-02
1.037701710829058356e+03	2.716977009909368745e-01	1.781764813401238157e-01	2.395683399043621320e-01	1.431471216545207592e-01	6.895814637496097688e-02	2.636769010073863190e-02	7.208451963398250506e-02
1.039153041893154750e+03	2.714423078638328324e-01	1.780270667856100886e-01	2.397430178602193984e-01	1.432411839710972246e-01	6.901349777277038244e-02	2.636871286077727139e-02	7.216421288531846279e-02
1.040604372957251599e+03	2.711873823384299276e-01	1.778778888580692941e-01	2.399174301734043890e-01	1.433350808138511290e-01	6.906875808884363477e-02	2.636973427566774095e-02	7.224372545135959722e-02
1.042055704021347992e+03	2.709329235811170355e-01	1.777289471859514747e-01	2.400915768296008890e-01	1.434288124834805500e-01	6.912392738945902226e-02	2.637075434786509756e-02	7.232305818215167825e-02
1.043507035085444613e+03	2.706789307595887095e-01	1.775802413981627248e-01	2.402654578185109413e-01	1.435223792801455234e-01	6.917900574427714167e-02	2.637177307982000937e-02	7.240221191912069032e-02
1.044958366149541234e+03	2.704254030428446254e-01	1.774317711240659123e-01	2.404390731340020348e-01	1.436157815034689311e-01	6.923399322605493234e-02	2.637279047397877302e-02	7.248118749521058335e-02
1.046409697213637855e+03	2.701723396011889156e-01	1.772835359934813171e-01	2.406124227742313382e-01	1.437090194525373343e-01	6.928888991038757716e-02	2.637380653278332751e-02	7.255998573501598603e-02
1.047861028277734476e+03	2.699197396062300025e-01	1.771355356366874079e-01	2.407855067417495887e-01	1.438020934259018890e-01	6.934369587547535574e-02	2.637482125867125077e-02	7.263860745491031168e-02
1.049312359341831097e+03	2.696676022308800991e-01	1.769877696844214532e-01	2.409583250435866075e-01	1.438950037215791233e-01	6.939841120191318768e-02	2.637583465407576655e-02	7.271705346316964524e-02
1.050763690405927491e+03	2.694159266493545424e-01	1.768402377678804649e-01	2.411308776913205498e-01	1.439877506370518812e-01	6.945303597250014616e-02	2.637684672142575834e-02	7.279532456009252250e-02
1.052215021470024112e+03	2.691647120371720159e-01	1.766929395187218366e-01	2.413031647011323055e-01	1.440803344692701549e-01	6.950757027206755367e-02	2.637785746314577282e-02	7.287342153811621204e-02
1.053666352534120733e+03	2.689139575711537167e-01	1.765458745690642872e-01	2.414751860938471328e-01	1.441727555146519735e-01	6.956201418732316233e-02	2.637886688165602331e-02	7.295134518192954165e-02
1.055117683598217127e+03	2.686636624294233000e-01	1.763990425514885552e-01	2.416469418949645509e-01	1.442650140690841520e-01	6.961636780671032199e-02	2.637987497937241063e-02	7.302909626858251901e-02
1.056569014662313975e+03	2.684138257914064352e-01	1.762524430990383140e-01	2.418184321346777965e-01	1.443571104279233464e-01	6.967063122028034627e-02	2.638088175870650573e-02	7.310667556759307961e-02
1.058020345726410369e+03	2.681644468378305279e-01	1.761060758452208663e-01	2.419896568478842602e-01	1.444490448859967746e-01	6.972480451957678571e-02	2.638188722206557743e-02	7.318408384105105913e-02
1.059471676790506763e+03	2.679155247507244986e-01	1.759599404240081155e-01	2.421606160741874847e-01	1.445408177376030778e-01	6.977888779753055326e-02	2.638289137185258898e-02	7.326132184371957068e-02
1.060923007854603611e+03	2.676670587134183932e-01	1.758140364698372315e-01	2.423313098578921410e-01	1.446324292765132913e-01	6.983288114836469496e-02	2.638389421046621192e-02	7.333839032313396733e-02
1.062374338918700232e+03	2.674190479105431062e-01	1.756683636176116226e-01	2.425017382479923711e-01	1.447238797959715106e-01	6.988678466750787577e-02	2.638489574030082260e-02	7.341529001969858415e-02
1.063825669982796853e+03	2.671714915280302138e-01	1.755229215027016010e-01	2.426719012981544965e-01	1.448151695886960022e-01	6.994059845151580357e-02	2.638589596374652652e-02	7.349202166678131531e-02
1.065277001046893474e+03	2.669243887531113080e-01	1.753777097609452995e-01	2.428417990666946469e-01	1.449062989468798412e-01	6.999432259799956424e-02	2.638689488318914089e-02	7.356858599080616512e-02
1.066728332110990095e+03	2.666777387743179961e-01	1.752327280286493927e-01	2.430114316165520316e-01	1.449972681621919113e-01	7.004795720556053484e-02	2.638789250101022249e-02	7.364498371134385601e-02
1.068179663175086489e+03	2.664315407814816239e-01	1.750879759425899573e-01	2.431807990152581866e-01	1.450880775257776811e-01	7.010150237373082016e-02	2.638888881958706412e-02	7.372121554120067422e-02
1.069630994239183110e+03	2.661857939657325534e-01	1.749434531400131665e-01	2.433499013349028628e-01	1.451787273282600377e-01	7.015495820291908768e-02	2.638988384129270157e-02	7.379728218650562221e-02
1.071082325303279504e+03	2.659404975195001630e-01	1.747991592586360943e-01	2.435187386520968056e-01	1.452692178597403128e-01	7.020832479436085738e-02	2.639087756849592750e-02	7.387318434679586432e-02
1.072533656367376352e+03	2.656956506365122928e-01	1.746550939366474930e-01	2.436873110479321758e-01	1.453595494097989771e-01	7.026160225007314908e-02	2.639187000356129492e-02	7.394892271510064563e-02
1.073984987431472746e+03	2.654512525117950217e-01	1.745112568127084318e-01	2.438556186079404164e-01	1.454497222674965007e-01	7.031479067281284911e-02	2.639286114884911369e-02	7.402449797802371223e-02
1.075436318495569594e+03	2.652073023416720021e-01	1.743676475259531844e-01	2.440236614220483435e-01	1.455397367213743243e-01	7.036789016603849090e-02	2.639385100671547135e-02	7.409991081582427419e-02
1.076887649559666215e+03	2.649637993237642375e-01	1.742242657159897845e-01	2.441914395845324048e-01	1.456295930594555255e-01	7.042090083387514410e-02	2.639483957951224008e-02	7.417516190249666408e-02
1.078338980623762609e+03	2.647207426569897493e-01	1.740811110229008585e-01	2.443589531939717452e-01	1.457192915692459012e-01	7.047382278108203779e-02	2.639582686958706625e-02	7.425025190584857993e-02
1.079790311687859230e+03	2.644781315415629663e-01	1.739381830872441526e-01	2.445262023531998008e-01	1.458088325377346894e-01	7.052665611302282034e-02	2.639681287928340170e-02	7.432518148757813470e-02
1.081241642751955851e+03	2.642359651789941144e-01	1.737954815500533379e-01	2.446931871692550053e-01	1.458982162513954295e-01	7.057940093563792872e-02	2.639779761094049326e-02	7.439995130334964291e-02
1.082692973816052472e+03	2.639942427720891049e-01	1.736530060528385933e-01	2.448599077533307466e-01	1.459874429961867670e-01	7.063205735541913666e-02	2.639878106689339671e-02	7.447456200286822758e-02
1.084144304880149093e+03	2.637529635249486470e-01	1.735107562375872159e-01	2.450263642207245185e-01	1.460765130575535087e-01	7.068462547938583751e-02	2.639976324947297323e-02	7.454901422995324767e-02
1.085595635944245487e+03	2.635121266429680253e-01	1.733687317467643152e-01	2.451925566907866005e-01	1.461654267204272328e-01	7.073710541506315896e-02	2.640074416100591029e-02	7.462330862261067066e-02
1.087046967008342108e+03	2.632717313328364894e-01	1.732269322233133402e-01	2.453584852868683219e-01	1.462541842692272331e-01	7.078949727046139617e-02	2.640172380381472506e-02	7.469744581310433507e-02
1.088498298072438729e+03	2.630317768025366432e-01	1.730853573106568011e-01	2.455241501362700751e-01	1.463427859878614068e-01	7.084180115405699918e-02	2.640270218021776444e-02	7.477142642802614425e-02
1.089949629136535123e+03	2.627922622613438342e-01	1.729440066526966024e-01	2.456895513701890243e-01	1.464312321597271149e-01	7.089401717477471221e-02	2.640367929252921547e-02	7.484525108836531659e-02
1.091400960200631971e+03	2.625531869198255985e-01	1.728028798938148480e-01	2.458546891236669807e-01	1.465195230677119598e-01	7.094614544197085093e-02	2.640465514305911920e-02	7.491892040957649768e-02
1.092852291264728365e+03	2.623145499898411059e-01	1.726619766788742016e-01	2.460195635355379162e-01	1.466076589941946173e-01	7.099818606541762056e-02	2.640562973411336375e-02	7.499243500164709531e-02
1.094303622328825213e+03	2.620763506845404378e-01	1.725212966532184700e-01	2.461841747483757559e-01	1.466956402210458088e-01	7.105013915528834989e-02	2.640660306799370166e-02	7.506579546916344881e-02
1.095754953392921607e+03	2.618385882183639768e-01	1.723808394626731577e-01	2.463485229084421690e-01	1.467834670296290778e-01	7.110200482214351636e-02	2.640757514699775335e-02	7.513900241137633218e-02
1.097206284457018228e+03	2.616012618070417961e-01	1.722406047535458840e-01	2.465126081656347223e-01	1.468711397008015673e-01	7.115378317691770094e-02	2.640854597341901061e-02	7.521205642226524990e-02
1.098657615521114849e+03	2.613643706675930489e-01	1.721005921726268539e-01	2.466764306734350598e-01	1.469586585149150193e-01	7.120547433090704259e-02	2.640951554954685740e-02	7.528495809060214983e-02
1.100108946585211470e+03	2.611279140183247471e-01	1.719608013671894420e-01	2.468399905888573054e-01	1.470460237518164959e-01	7.125707839575746994e-02	2.641048387766655250e-02	7.535770800001405367e-02
1.101560277649308091e+03	2.608918910788318168e-01	1.718212319849904135e-01	2.470032880723969926e-01	1.471332356908492123e-01	7.130859548345341858e-02	2.641145096005925730e-02	7.543030672904493805e-02
1.103011608713404712e+03	2.606563010699958216e-01	1.716818836742705356e-01	2.471663232879801608e-01	1.472202946108535360e-01	7.136002570630720077e-02	2.641241679900203226e-02	7.550275485121678287e-02
1.104462939777501106e+03	2.604211432139843518e-01	1.715427560837549659e-01	2.473290964029128125e-01	1.473072007901676528e-01	7.141136917694866637e-02	2.641338139676784741e-02	7.557505293508975930e-02
1.105914270841597499e+03	2.601864167342503031e-01	1.714038488626535572e-01	2.474916075878308697e-01	1.473939545066285384e-01	7.146262600831553014e-02	2.641434475562558920e-02	7.564720154432166832e-02
1.107365601905694348e+03	2.599521208555309881e-01	1.712651616606613025e-01	2.476538570166505193e-01	1.474805560375727354e-01	7.151379631364399025e-02	2.641530687784006751e-02	7.571920123772651889e-02
1.108816932969790741e+03	2.597182548038473593e-01	1.711266941279587228e-01	2.478158448665188085e-01	1.475670056598371582e-01	7.156488020645966619e-02	2.641626776567201212e-02	7.579105256933243995e-02
1.110268264033887590e+03	2.594848178065032318e-01	1.709884459152120895e-01	2.479775713177649332e-01	1.476533036497600648e-01	7.161587780056900832e-02	2.641722742137810054e-02	7.586275608843875973e-02
1.111719595097984211e+03	2.592518090920843954e-01	1.708504166735739516e-01	2.481390365538518605e-01	1.477394502831817502e-01	7.166678921005095737e-02	2.641818584721094404e-02	7.593431233967232186e-02
1.113170926162080832e+03	2.590192278904578371e-01	1.707126060546833302e-01	2.483002407613284501e-01	1.478254458354454903e-01	7.171761454924886758e-02	2.641914304541910855e-02	7.600572186304316302e-02
1.114622257226177226e+03	2.587870734327706312e-01	1.705750137106660236e-01	2.484611841297820478e-01	1.479112905813983192e-01	7.176835393276277675e-02	2.642009901824711113e-02	7.607698519399933024e-02
1.116073588290273847e+03	2.585553449514493840e-01	1.704376392941349405e-01	2.486218668517916064e-01	1.479969847953919171e-01	7.181900747544187058e-02	2.642105376793543736e-02	7.614810286348115687e-02
1.117524919354370468e+03	2.583240416801990125e-01	1.703004824581903776e-01	2.487822891228811673e-01	1.480825287512833877e-01	7.186957529237718301e-02	2.642200729672053439e-02	7.621907539797460884e-02
1.118976250418467089e+03	2.580931628540021339e-01	1.701635428564202690e-01	2.489424511414741192e-01	1.481679227224361461e-01	7.192005749889456012e-02	2.642295960683483172e-02	7.628990331956424231e-02
1.120427581482563710e+03	2.578627077091177333e-01	1.700268201429003811e-01	2.491023531088477350e-01	1.482531669817207798e-01	7.197045421054776293e-02	2.642391070050673779e-02	7.636058714598518982e-02
1.121878912546660331e+03	2.576326754830806087e-01	1.698903139721946176e-01	2.492619952290882068e-01	1.483382618015157972e-01	7.202076554311179213e-02	2.642486057996065382e-02	7.643112739067466077e-02
1.123330243610756725e+03	2.574030654147000940e-01	1.697540239993552691e-01	2.494213777090464046e-01	1.484232074537084889e-01	7.207099161257639330e-02	2.642580924741697382e-02	7.650152456282270641e-02
1.124781574674853118e+03	2.571738767440593376e-01	1.696179498799231800e-01	2.495805007582938273e-01	1.485080042096958153e-01	7.212113253513970090e-02	2.642675670509209845e-02	7.657177916742238799e-02
1.126232905738949967e+03	2.569451087125139699e-01	1.694820912699279425e-01	2.497393645890794711e-01	1.485926523403851840e-01	7.217118842720207650e-02	2.642770295519843160e-02	7.664189170531922335e-02
1.127684236803046360e+03	2.567167605626915483e-01	1.693464478258880079e-01	2.498979694162868082e-01	1.486771521161953657e-01	7.222115940536007195e-02	2.642864799994440114e-02	7.671186267326011998e-02
1.129135567867143209e+03	2.564888315384901141e-01	1.692110192048110195e-01	2.500563154573916536e-01	1.487615038070571327e-01	7.227104558640051746e-02	2.642959184153445204e-02	7.678169256394155873e-02
1.130586898931239830e+03	2.562613208850771374e-01	1.690758050641937849e-01	2.502144029324200880e-01	1.488457076824143410e-01	7.232084708729476230e-02	2.643053448216906368e-02	7.685138186605725008e-02
1.132038229995336451e+03	2.560342278488889622e-01	1.689408050620226087e-01	2.503722320639073518e-01	1.489297640112245691e-01	7.237056402519302656e-02	2.643147592404474291e-02	7.692093106434513827e-02
1.133489561059432845e+03	2.558075516776292524e-01	1.688060188567732656e-01	2.505298030768570716e-01	1.490136730619600336e-01	7.242019651741886388e-02	2.643241616935405533e-02	7.699034063963387797e-02
1.134940892123529466e+03	2.555812916202680474e-01	1.686714461074112215e-01	2.506871161987007657e-01	1.490974351026083666e-01	7.246974468146381854e-02	2.643335522028560092e-02	7.705961106888863099e-02
1.136392223187626087e+03	2.553554469270405969e-01	1.685370864733916896e-01	2.508441716592582638e-01	1.491810504006735316e-01	7.251920863498198533e-02	2.643429307902403838e-02	7.712874282525630787e-02
1.137843554251722708e+03	2.551300168494465836e-01	1.684029396146597690e-01	2.510009696906981835e-01	1.492645192231765450e-01	7.256858849578493031e-02	2.643522974775009554e-02	7.719773637811032374e-02
1.139294885315819101e+03	2.549050006402485136e-01	1.682690051916504448e-01	2.511575105274994058e-01	1.493478418366563365e-01	7.261788438183654215e-02	2.643616522864056934e-02	7.726659219309467419e-02
1.140746216379915950e+03	2.546803975534708830e-01	1.681352828652887543e-01	2.513137944064123830e-01	1.494310185071706376e-01	7.266709641124799446e-02	2.643709952386832582e-02	7.733531073216749763e-02
1.142197547444012343e+03	2.544562068443990133e-01	1.680017722969898153e-01	2.514698215664216696e-01	1.495140495002967307e-01	7.271622470227287471e-02	2.643803263560231750e-02	7.740389245364408255e-02
1.143648878508108737e+03	2.542324277695778845e-01	1.678684731486588810e-01	2.516255922487082852e-01	1.495969350811322540e-01	7.276526937330228539e-02	2.643896456600759032e-02	7.747233781223936133e-02
1.145100209572205586e+03	2.540090595868107481e-01	1.677353850826913406e-01	2.517811066966130218e-01	1.496796755142961177e-01	7.281423054286012553e-02	2.643989531724528358e-02	7.754064725910986278e-02
1.146551540636302207e+03	2.537861015551583499e-01	1.676025077619728298e-01	2.519363651555999173e-01	1.497622710639292809e-01	7.286310832959846939e-02	2.644082489147263695e-02	7.760882124189505404e-02
1.148002871700398828e+03	2.535635529349373196e-01	1.674698408498791757e-01	2.520913678732203955e-01	1.498447219936954455e-01	7.291190285229290358e-02	2.644175329084300433e-02	7.767686020475829400e-02
1.149454202764495449e+03	2.533414129877192833e-01	1.673373840102763688e-01	2.522461150990776835e-01	1.499270285667821112e-01	7.296061422983803058e-02	2.644268051750584686e-02	7.774476458842716209e-02
1.150905533828591842e+03	2.531196809763295308e-01	1.672051369075207017e-01	2.524006070847918948e-01	1.500091910459012412e-01	7.300924258124305566e-02	2.644360657360675382e-02	7.781253483023334305e-02
1.152356864892688463e+03	2.528983561648457390e-01	1.670730992064586584e-01	2.525548440839653352e-01	1.500912096932900675e-01	7.305778802562738761e-02	2.644453146128744950e-02	7.788017136415194275e-02
1.153808195956785084e+03	2.526774378185966952e-01	1.669412705724268586e-01	2.527088263521485301e-01	1.501730847707119787e-01	7.310625068221632272e-02	2.644545518268577936e-02	7.794767462084041532e-02
1.155259527020881706e+03	2.524569252041612422e-01	1.668096506712521132e-01	2.528625541468064730e-01	1.502548165394573254e-01	7.315463067033688149e-02	2.644637773993574470e-02	7.801504502767692140e-02
1.156710858084978327e+03	2.522368175893668352e-01	1.666782391692512855e-01	2.530160277272852087e-01	1.503364052603441969e-01	7.320292810941357586e-02	2.644729913516749228e-02	7.808228300879815897e-02
1.158162189149074720e+03	2.520171142432883205e-01	1.665470357332312634e-01	2.531692473547794142e-01	1.504178511937192542e-01	7.325114311896432917e-02	2.644821937050732125e-02	7.814938898513690280e-02
1.159613520213171569e+03	2.517978144362467696e-01	1.664160400304890153e-01	2.533222132922995362e-01	1.504991545994585067e-01	7.329927581859647934e-02	2.644913844807769004e-02	7.821636337445883602e-02
1.161064851277267962e+03	2.515789174398079808e-01	1.662852517288114229e-01	2.534749258046402054e-01	1.505803157369682010e-01	7.334732632800271268e-02	2.645005636999723381e-02	7.828320659139910431e-02
1.162516182341364356e+03	2.513604225267813130e-01	1.661546704964751153e-01	2.536273851583485395e-01	1.506613348651856255e-01	7.339529476695721977e-02	2.645097313838075392e-02	7.834991904749828706e-02
1.163967513405461204e+03	2.511423289712184648e-01	1.660242960022464687e-01	2.537795916216930014e-01	1.507422122425798039e-01	7.344318125531183739e-02	2.645188875533923886e-02	7.841650115123804943e-02
1.165418844469557826e+03	2.509246360484119198e-01	1.658941279153815784e-01	2.539315454646327019e-01	1.508229481271524675e-01	7.349098591299219052e-02	2.645280322297986417e-02	7.848295330807618375e-02
1.166870175533654447e+03	2.507073430348937815e-01	1.657641659056259820e-01	2.540832469587870901e-01	1.509035427764386650e-01	7.353870885999402862e-02	2.645371654340599940e-02	7.854927592048138729e-02
1.168321506597751068e+03	2.504904492084343848e-01	1.656344096432146862e-01	2.542346963774059776e-01	1.509839964475077623e-01	7.358635021637947859e-02	2.645462871871721855e-02	7.861546938796741546e-02
1.169772837661847461e+03	2.502739538480410197e-01	1.655048587988719455e-01	2.543858939953400622e-01	1.510643093969641915e-01	7.363391010227345046e-02	2.645553975100930003e-02	7.868153410712697138e-02
1.171224168725944082e+03	2.500578562339564326e-01	1.653755130438112342e-01	2.545368400890117844e-01	1.511444818809482282e-01	7.368138863786001524e-02	2.645644964237423707e-02	7.874747047166508196e-02
1.172675499790040703e+03	2.498421556476575767e-01	1.652463720497349409e-01	2.546875349363865171e-01	1.512245141551367134e-01	7.372878594337892166e-02	2.645735839490023777e-02	7.881327887243209929e-02
1.174126830854137097e+03	2.496268513718542803e-01	1.651174354888343687e-01	2.548379788169442550e-01	1.513044064747439965e-01	7.377610213912212667e-02	2.645826601067174932e-02	7.887895969745623015e-02
1.175578161918233945e+03	2.494119426904877479e-01	1.649887030337894855e-01	2.549881720116515815e-01	1.513841590945227411e-01	7.382333734543031212e-02	2.645917249176943722e-02	7.894451333197573251e-02
1.177029492982330339e+03	2.491974288887292277e-01	1.648601743577688128e-01	2.551381148029339685e-01	1.514637722687645904e-01	7.387049168268955412e-02	2.646007784027022344e-02	7.900994015847065399e-02
1.178480824046426733e+03	2.489833092529785685e-01	1.647318491344292035e-01	2.552878074746487425e-01	1.515432462513010836e-01	7.391756527132803400e-02	2.646098205824726560e-02	7.907524055669416796e-02
1.179932155110523581e+03	2.487695830708629152e-01	1.646037270379156758e-01	2.554372503120577731e-01	1.516225812955043772e-01	7.396455823181269373e-02	2.646188514776997777e-02	7.914041490370360421e-02
1.181383486174620202e+03	2.485562496312352376e-01	1.644758077428612741e-01	2.555864436018013830e-01	1.517017776542881613e-01	7.401147068464604406e-02	2.646278711090403052e-02	7.920546357389096626e-02
1.182834817238716823e+03	2.483433082241728873e-01	1.643480909243867361e-01	2.557353876318715913e-01	1.517808355801083531e-01	7.405830275036295873e-02	2.646368794971136820e-02	7.927038693901317101e-02
1.184286148302813444e+03	2.481307581409761820e-01	1.642205762581004092e-01	2.558840826915870226e-01	1.518597553249638465e-01	7.410505454952757975e-02	2.646458766625019512e-02	7.933518536822183054e-02
1.185737479366910065e+03	2.479185986741670178e-01	1.640932634200980289e-01	2.560325290715666502e-01	1.519385371403974283e-01	7.415172620273019488e-02	2.646548626257500328e-02	7.939985922809271457e-02
1.187188810431006686e+03	2.477068291174873704e-01	1.639661520869624134e-01	2.561807270637050937e-01	1.520171812774965547e-01	7.419831783058422614e-02	2.646638374073657235e-02	7.946440888265483837e-02
1.188640141495103080e+03	2.474954487658978519e-01	1.638392419357633245e-01	2.563286769611475835e-01	1.520956879868940737e-01	7.424482955372316284e-02	2.646728010278196278e-02	7.952883469341916201e-02
1.190091472559199701e+03	2.472844569155763228e-01	1.637125326440571627e-01	2.564763790582654246e-01	1.521740575187690292e-01	7.429126149279766111e-02	2.646817535075454003e-02	7.959313701940695651e-02
1.191542803623296322e+03	2.470738528639163378e-01	1.635860238898868280e-01	2.566238336506320161e-01	1.522522901228474945e-01	7.433761376847265734e-02	2.646906948669397810e-02	7.965731621717779543e-02
1.192994134687392716e+03	2.468636359095257027e-01	1.634597153517813040e-01	2.567710410349988148e-01	1.523303860484034045e-01	7.438388650142438441e-02	2.646996251263625255e-02	7.972137264085724095e-02
1.194445465751489564e+03	2.466538053522251139e-01	1.633336067087555465e-01	2.569180015092718539e-01	1.524083455442591939e-01	7.443007981233766557e-02	2.647085443061365784e-02	7.978530664216407220e-02
1.195896796815585958e+03	2.464443604930464382e-01	1.632076976403102064e-01	2.570647153724885392e-01	1.524861688587867137e-01	7.447619382190306947e-02	2.647174524265481430e-02	7.984911857043731909e-02
1.197348127879682352e+03	2.462353006342314354e-01	1.630819878264312406e-01	2.572111829247946124e-01	1.525638562399080356e-01	7.452222865081412073e-02	2.647263495078467851e-02	7.991280877266289384e-02
1.198799458943779200e+03	2.460266250792302323e-01	1.629564769475898012e-01	2.573574044674218353e-01	1.526414079350960629e-01	7.456818441976466316e-02	2.647352355702453294e-02	7.997637759349983388e-02
1.200250790007875821e+03	2.458183331326997123e-01	1.628311646847418748e-01	2.575033803026652857e-01	1.527188241913755296e-01	7.461406124944616747e-02	2.647441106339200670e-02	8.003982537530633656e-02
1.201702121071972442e+03	2.456104241005021005e-01	1.627060507193279493e-01	2.576491107338617081e-01	1.527961052553236387e-01	7.465985926054509447e-02	2.647529747190107210e-02	8.010315245816534979e-02
1.203153452136069063e+03	2.454028972897034644e-01	1.625811347332727919e-01	2.577945960653675317e-01	1.528732513730708953e-01	7.470557857374029997e-02	2.647618278456206550e-02	8.016635917990989901e-02
1.204604783200165684e+03	2.451957520085720765e-01	1.624564164089851159e-01	2.579398366025374978e-01	1.529502627903019107e-01	7.475121930970045347e-02	2.647706700338168379e-02	8.022944587614812273e-02
1.206056114264262078e+03	2.449889875665770544e-01	1.623318954293573035e-01	2.580848326517037883e-01	1.530271397522561527e-01	7.479678158908158181e-02	2.647795013036299133e-02	8.029241288028800272e-02
1.207507445328358699e+03	2.447826032743867508e-01	1.622075714777650446e-01	2.582295845201548201e-01	1.531038825037286943e-01	7.484226553252454339e-02	2.647883216750542001e-02	8.035526052356163629e-02
1.208958776392455093e+03	2.445765984438671714e-01	1.620834442380670593e-01	2.583740925161147062e-01	1.531804912890710746e-01	7.488767126065261348e-02	2.647971311680478654e-02	8.041798913504943913e-02
1.210410107456551941e+03	2.443709723880805318e-01	1.619595133946047649e-01	2.585183569487232713e-01	1.532569663521920200e-01	7.493299889406902781e-02	2.648059298025329591e-02	8.048059904170387635e-02
1.211861438520648335e+03	2.441657244212837030e-01	1.618357786322019709e-01	2.586623781280157353e-01	1.533333079365581941e-01	7.497824855335469274e-02	2.648147175983954493e-02	8.054309056837297143e-02
1.213312769584745183e+03	2.439608538589265740e-01	1.617122396361644898e-01	2.588061563649029506e-01	1.534095162851950023e-01	7.502342035906575668e-02	2.648234945754852909e-02	8.060546403782348213e-02
1.214764100648841804e+03	2.437563600176505252e-01	1.615888960922798046e-01	2.589496919711521961e-01	1.534855916406874521e-01	7.506851443173134797e-02	2.648322607536164955e-02	8.066771977076381273e-02
1.216215431712937971e+03	2.435522422152869848e-01	1.614657476868167907e-01	2.590929852593675253e-01	1.535615342451807364e-01	7.511353089185134058e-02	2.648410161525672005e-02	8.072985808586667644e-02
1.217666762777034819e+03	2.433484997708557085e-01	1.613427941065253279e-01	2.592360365429711155e-01	1.536373443403812045e-01	7.515846985989405038e-02	2.648497607920797386e-02	8.079187929979135541e-02
1.219118093841131440e+03	2.431451320045633357e-01	1.612200350386359116e-01	2.593788461361846154e-01	1.537130221675569730e-01	7.520333145629405636e-02	2.648584946918606728e-02	8.085378372720584961e-02
1.220569424905228061e+03	2.429421382378017247e-01	1.610974701708593193e-01	2.595214143540102714e-01	1.537885679675387862e-01	7.524811580145006340e-02	2.648672178715808651e-02	8.091557168080862339e-02
1.222020755969324682e+03	2.427395177931464532e-01	1.609750991913861951e-01	2.596637415122131087e-01	1.538639819807207654e-01	7.529282301572272351e-02	2.648759303508755464e-02	8.097724347135010214e-02
1.223472087033421303e+03	2.425372699943551258e-01	1.608529217888868545e-01	2.598058279273028903e-01	1.539392644470611582e-01	7.533745321943255413e-02	2.648846321493443859e-02	8.103879940765397472e-02
1.224923418097517697e+03	2.423353941663659306e-01	1.607309376525106470e-01	2.599476739165161865e-01	1.540144156060831437e-01	7.538200653285782871e-02	2.648933232865515255e-02	8.110023979663814886e-02
1.226374749161614318e+03	2.421338896352959458e-01	1.606091464718857886e-01	2.600892797977991111e-01	1.540894356968755818e-01	7.542648307623257831e-02	2.649020037820256843e-02	8.116156494333547078e-02
1.227826080225710712e+03	2.419327557284396413e-01	1.604875479371189184e-01	2.602306458897900576e-01	1.541643249580937070e-01	7.547088296974455157e-02	2.649106736552601926e-02	8.122277515091420874e-02
1.229277411289807560e+03	2.417319917742671576e-01	1.603661417387946264e-01	2.603717725118026016e-01	1.542390836279599886e-01	7.551520633353323020e-02	2.649193329257130275e-02	8.128387072069827302e-02
1.230728742353903954e+03	2.415315971024228070e-01	1.602449275679751761e-01	2.605126599838086254e-01	1.543137119442648808e-01	7.555945328768788605e-02	2.649279816128069856e-02	8.134485195218714437e-02
1.232180073418000802e+03	2.413315710437233808e-01	1.601239051162000326e-01	2.606533086264220533e-01	1.543882101443675159e-01	7.560362395224565213e-02	2.649366197359295794e-02	8.140571914307563606e-02
1.233631404482097196e+03	2.411319129301566500e-01	1.600030740754855019e-01	2.607937187608823093e-01	1.544625784651965372e-01	7.564771844718962135e-02	2.649452473144332451e-02	8.146647258927335045e-02
1.235082735546193817e+03	2.409326220948797004e-01	1.598824341383242864e-01	2.609338907090381077e-01	1.545368171432508209e-01	7.569173689244698688e-02	2.649538643676352737e-02	8.152711258492385815e-02
1.236534066610290438e+03	2.407336978722172949e-01	1.597619849976850970e-01	2.610738247933318545e-01	1.546109264146002249e-01	7.573567940788721031e-02	2.649624709148180185e-02	8.158763942242376610e-02
1.237985397674387059e+03	2.405351395976602913e-01	1.596417263470122361e-01	2.612135213367838826e-01	1.546849065148863944e-01	7.577954611332016199e-02	2.649710669752288611e-02	8.164805339244141091e-02
1.239436728738483680e+03	2.403369466078640049e-01	1.595216578802251539e-01	2.613529806629767971e-01	1.547587576793233999e-01	7.582333712849442797e-02	2.649796525680802456e-02	8.170835478393542739e-02
1.240888059802580301e+03	2.401391182406465707e-01	1.594017792917181153e-01	2.614922030960403765e-01	1.548324801426986808e-01	7.586705257309547812e-02	2.649882277125498176e-02	8.176854388417301167e-02
1.242339390866676695e+03	2.399416538349873063e-01	1.592820902763596169e-01	2.616311889606365848e-01	1.549060741393736562e-01	7.591069256674395915e-02	2.649967924277804587e-02	8.182862097874800400e-02
1.243790721930773088e+03	2.397445527310251290e-01	1.591625905294920817e-01	2.617699385819446944e-01	1.549795399032844467e-01	7.595425722899401544e-02	2.650053467328803911e-02	8.188858635159870780e-02
1.245242052994869937e+03	2.395478142700569191e-01	1.590432797469313875e-01	2.619084522856465203e-01	1.550528776679428178e-01	7.599774667933156813e-02	2.650138906469231420e-02	8.194844028502554223e-02
1.246693384058966330e+03	2.393514377945358540e-01	1.589241576249664500e-01	2.620467303979122087e-01	1.551260876664367072e-01	7.604116103717267761e-02	2.650224241889475793e-02	8.200818305970844491e-02
1.248144715123063179e+03	2.391554226480697709e-01	1.588052238603586686e-01	2.621847732453858604e-01	1.551991701314310856e-01	7.608450042186194751e-02	2.650309473779581537e-02	8.206781495472403876e-02
1.249596046187159800e+03	2.389597681754195291e-01	1.586864781503416477e-01	2.623225811551713749e-01	1.552721252951686504e-01	7.612776495267090104e-02	2.650394602329248298e-02	8.212733624756257678e-02
1.251047377251256421e+03	2.387644737224973446e-01	1.585679201926206705e-01	2.624601544548189613e-01	1.553449533894706858e-01	7.617095474879638506e-02	2.650479627727831203e-02	8.218674721414481743e-02
1.252498708315352815e+03	2.385695386363652082e-01	1.584495496853721708e-01	2.625974934723111498e-01	1.554176546457377017e-01	7.621406992935905733e-02	2.650564550164342253e-02	8.224604812883845595e-02
1.253950039379449436e+03	2.383749622652331646e-01	1.583313663272433724e-01	2.627345985360495240e-01	1.554902292949502107e-01	7.625711061340186003e-02	2.650649369827450669e-02	8.230523926447458338e-02
1.255401370443546057e+03	2.381807439584577302e-01	1.582133698173518732e-01	2.628714699748410655e-01	1.555626775676694773e-01	7.630007691988846541e-02	2.650734086905483580e-02	8.236432089236374321e-02
1.256852701507642678e+03	2.379868830665401724e-01	1.580955598552850339e-01	2.630081081178857749e-01	1.556349996940382119e-01	7.634296896770181862e-02	2.650818701586426032e-02	8.242329328231197405e-02
1.258304032571739299e+03	2.377933789411248444e-01	1.579779361410995897e-01	2.631445132947630161e-01	1.557071959037813758e-01	7.638578687564272218e-02	2.650903214057922369e-02	8.248215670263650545e-02
1.259755363635835920e+03	2.376002309349976305e-01	1.578604983753211788e-01	2.632806858354190815e-01	1.557792664262069027e-01	7.642853076242835109e-02	2.650987624507276583e-02	8.254091142018131488e-02
1.261206694699932314e+03	2.374074384020841699e-01	1.577432462589439532e-01	2.634166260701547579e-01	1.558512114902063928e-01	7.647120074669087886e-02	2.651071933121452659e-02	8.259955770033255984e-02
1.262658025764028707e+03	2.372150006974483027e-01	1.576261794934299132e-01	2.635523343296126697e-01	1.559230313242559729e-01	7.651379694697603429e-02	2.651156140087075272e-02	8.265809580703369075e-02
1.264109356828125556e+03	2.370229171772902654e-01	1.575092977807085459e-01	2.636878109447651219e-01	1.559947261564168519e-01	7.655631948174179691e-02	2.651240245590430825e-02	8.271652600280048062e-02
1.265560687892221949e+03	2.368311871989451090e-01	1.573926008231763540e-01	2.638230562469022211e-01	1.560662962143361809e-01	7.659876846935699535e-02	2.651324249817466755e-02	8.277484854873581877e-02
1.267012018956318798e+03	2.366398101208811722e-01	1.572760883236963836e-01	2.639580705676197181e-01	1.561377417252477473e-01	7.664114402810001669e-02	2.651408152953794659e-02	8.283306370454433798e-02
1.268463350020415419e+03	2.364487853026980835e-01	1.571597599855976413e-01	2.640928542388075728e-01	1.562090629159728072e-01	7.668344627615752973e-02	2.651491955184687860e-02	8.289117172854684745e-02
1.269914681084511813e+03	2.362581121051253175e-01	1.570436155126746780e-01	2.642274075926381305e-01	1.562802600129205854e-01	7.672567533162309716e-02	2.651575656695084535e-02	8.294917287769461300e-02
1.271366012148608434e+03	2.360677898900205296e-01	1.569276546091870894e-01	2.643617309615549638e-01	1.563513332420892743e-01	7.676783131249607928e-02	2.651659257669585976e-02	8.300706740758347080e-02
1.272817343212705055e+03	2.358778180203677799e-01	1.568118769798590162e-01	2.644958246782613820e-01	1.564222828290665612e-01	7.680991433668020452e-02	2.651742758292459368e-02	8.306485557246769125e-02
1.274268674276801676e+03	2.356881958602759508e-01	1.566962823298785890e-01	2.646296890757096065e-01	1.564931089990304613e-01	7.685192452198251478e-02	2.651826158747636747e-02	8.312253762527377354e-02
1.275720005340898297e+03	2.354989227749769432e-01	1.565808703648974842e-01	2.647633244870895575e-01	1.565638119767500391e-01	7.689386198611204704e-02	2.651909459218717430e-02	8.318011381761400425e-02
1.277171336404994690e+03	2.353099981308242050e-01	1.564656407910304525e-01	2.648967312458184176e-01	1.566343919865860468e-01	7.693572684667870920e-02	2.651992659888966278e-02	8.323758439979986323e-02
1.278622667469091539e+03	2.351214212952907334e-01	1.563505933148547078e-01	2.650299096855295855e-01	1.567048492524917569e-01	7.697751922119210055e-02	2.652075760941315780e-02	8.329494962085527698e-02
1.280073998533187932e+03	2.349331916369677697e-01	1.562357276434095388e-01	2.651628601400626839e-01	1.567751839980136563e-01	7.701923922706035985e-02	2.652158762558366051e-02	8.335220972852971921e-02
1.281525329597284326e+03	2.347453085255627458e-01	1.561210434841956429e-01	2.652955829434527346e-01	1.568453964462921124e-01	7.706088698158908290e-02	2.652241664922386569e-02	8.340936496931108945e-02
1.282976660661381175e+03	2.345577713318979796e-01	1.560065405451748488e-01	2.654280784299203888e-01	1.569154868200622333e-01	7.710246260198017065e-02	2.652324468215314784e-02	8.346641558843853614e-02
1.284427991725477568e+03	2.343705794279086763e-01	1.558922185347692835e-01	2.655603469338616018e-01	1.569854553416544229e-01	7.714396620533071902e-02	2.652407172618758552e-02	8.352336182991500213e-02
1.285879322789574417e+03	2.341837321866412913e-01	1.557780771618612059e-01	2.656923887898379744e-01	1.570553022329951864e-01	7.718539790863201966e-02	2.652489778313996127e-02	8.358020393651970081e-02
1.287330653853671038e+03	2.339972289822521145e-01	1.556641161357921188e-01	2.658242043325667048e-01	1.571250277156077679e-01	7.722675782876844974e-02	2.652572285481975475e-02	8.363694214982045350e-02
1.288781984917767431e+03	2.338110691900051330e-01	1.555503351663625189e-01	2.659557938969112079e-01	1.571946320106130668e-01	7.726804608251647277e-02	2.652654694303317046e-02	8.369357671018579081e-02
1.290233315981864052e+03	2.336252521862707821e-01	1.554367339638313139e-01	2.660871578178715113e-01	1.572641153387300816e-01	7.730926278654359773e-02	2.652737004958312730e-02	8.375010785679698477e-02
