1.001418434226643626e+03	2.782491573661453055e-01	1.819679355753125727e-01	2.351235837830143449e-01	1.407483418777188966e-01	6.753942043899625880e-02	2.634470572671300873e-02	7.002685523172527682e-02
1.003837319333471214e+03	2.778040744658136774e-01	1.817085457188820641e-01	2.354256365764343939e-01	1.409122365396880960e-01	6.763543696245256920e-02	2.634653173931539305e-02	7.016753799703953631e-02
1.006256204440298802e+03	2.773603465489437037e-01	1.814498408686301412e-01	2.357269503837621794e-01	1.410756504302355940e-01	6.773120388369029132e-02	2.634835370251620290e-02	7.030765418184768689e-02
1.008675089547126618e+03	2.769179696129301926e-01	1.811918192442426578e-01	2.360275256473593486e-01	1.412385850028176626e-01	6.782671990239302895e-02	2.635017162860489592e-02	7.044720896127809606e-02
1.011093974653954206e+03	2.764769396658707246e-01	1.809344790692590799e-01	2.363273626458861076e-01	1.414010417065780234e-01	6.792198399234468387e-02	2.635198552983461159e-02	7.058620738985264820e-02
1.013512859760782021e+03	2.760372527264472464e-01	1.806778185709927709e-01	2.366264615302487995e-01	1.415630219863593386e-01	6.801699535807428920e-02	2.635379541842227183e-02	7.072465440908118350e-02
1.015931744867609382e+03	2.755989048238275396e-01	1.804218359804674598e-01	2.369248223535081188e-01	1.417245272827149238e-01	6.811175339849009913e-02	2.635560130654867467e-02	7.086255485406904586e-02
1.018350629974437197e+03	2.751618919975847288e-01	1.801665295323676697e-01	2.372224450957300113e-01	1.418855590319204052e-01	6.820625767637215897e-02	2.635740320635858794e-02	7.099991345929237974e-02
1.020769515081264785e+03	2.747262102976304465e-01	1.799118974650001646e-01	2.375193296846026814e-01	1.420461186659850161e-01	6.830050789277594681e-02	2.635920112996084988e-02	7.113673486367082244e-02
1.023188400188092373e+03	2.742918557841607097e-01	1.796579380202650011e-01	2.378154760125095191e-01	1.422062076126631158e-01	6.839450386555248618e-02	2.636099508942845240e-02	7.127302361504657402e-02
1.025607285294920075e+03	2.738588245276109556e-01	1.794046494436341843e-01	2.381108839506358710e-01	1.423658272954655690e-01	6.848824551131954541e-02	2.636278509679864518e-02	7.140878417416109125e-02
1.028026170401747549e+03	2.734271126086195713e-01	1.791520299841367903e-01	2.384055533605940191e-01	1.425249791336709593e-01	6.858173283032563405e-02	2.636457116407301543e-02	7.154402091820594167e-02
1.030445055508575479e+03	2.729967161179976953e-01	1.789000778943492798e-01	2.386994841039726534e-01	1.426836645423370797e-01	6.867496589373928151e-02	2.636635330321759896e-02	7.167873814401237720e-02
1.032863940615402726e+03	2.725676311567052368e-01	1.786487914303902802e-01	2.389926760501505099e-01	1.428418849323118966e-01	6.876794483297161975e-02	2.636813152616295300e-02	7.181294007093352860e-02
1.035282825722230655e+03	2.721398538358305585e-01	1.783981688519185871e-01	2.392851290826595589e-01	1.429996417102450401e-01	6.886066983070347758e-02	2.636990584480426378e-02	7.194663084346453186e-02
1.037701710829058356e+03	2.717133802765744344e-01	1.781482084221343298e-01	2.395768431043361346e-01	1.431569362785989619e-01	6.895314111334192864e-02	2.637167627100143324e-02	7.207981453363881963e-02
1.040120595935886058e+03	2.712882066102365042e-01	1.778989084077821636e-01	2.398678180414604844e-01	1.433137700356600097e-01	6.904535894467513091e-02	2.637344281657916581e-02	7.221249514323258012e-02
1.042539481042713533e+03	2.708643289782042274e-01	1.776502670791564598e-01	2.401580538470518833e-01	1.434701443755497519e-01	6.913732362053227887e-02	2.637520549332706549e-02	7.234467660580432002e-02
1.044958366149541234e+03	2.704417435319440011e-01	1.774022827101079114e-01	2.404475505034601446e-01	1.436260606882360236e-01	6.922903546428615940e-02	2.637696431299972957e-02	7.247636278859213854e-02
1.047377251256368709e+03	2.700204464329929444e-01	1.771549535780510554e-01	2.407363080243705156e-01	1.437815203595440849e-01	6.932049482306272548e-02	2.637871928731683538e-02	7.260755749428791928e-02
1.049796136363196410e+03	2.696004338529530142e-01	1.769082779639729874e-01	2.410243264563211585e-01	1.439365247711678342e-01	6.941170206454347347e-02	2.638047042796323391e-02	7.273826446270445500e-02
1.052215021470024112e+03	2.691817019734844552e-01	1.766622541524425216e-01	2.413116058798150110e-01	1.440910753006808542e-01	6.950265757426525581e-02	2.638221774658904353e-02	7.286848737234903617e-02
1.054633906576851814e+03	2.687642469863013583e-01	1.764168804316196271e-01	2.415981464100955267e-01	1.442451733215475984e-01	6.959336175333742658e-02	2.638396125480973672e-02	7.299822984191495223e-02
1.057052791683679516e+03	2.683480650931666101e-01	1.761721550932655311e-01	2.418839481976437500e-01	1.443988202031343260e-01	6.968381501650915133e-02	2.638570096420623373e-02	7.312749543170066202e-02
1.059471676790506763e+03	2.679331525058873398e-01	1.759280764327527669e-01	2.421690114284453521e-01	1.445520173107204265e-01	6.977401779053074571e-02	2.638743688632499626e-02	7.325628764496462664e-02
1.061890561897334692e+03	2.675195054463109234e-01	1.756846427490751650e-01	2.424533363240679584e-01	1.447047660055093277e-01	6.986397051276177494e-02	2.638916903267811767e-02	7.338460992922302140e-02
1.064309447004162394e+03	2.671071201463202649e-01	1.754418523448581235e-01	2.427369231415826278e-01	1.448570676446395977e-01	6.995367362998640426e-02	2.639089741474340972e-02	7.351246567749585015e-02
1.066728332110990095e+03	2.666959928478295216e-01	1.751997035263686275e-01	2.430197721733578231e-01	1.450089235811960753e-01	7.004312759740290162e-02	2.639262204396449971e-02	7.363985822950686044e-02
1.069147217217817570e+03	2.662861198027797749e-01	1.749581946035249913e-01	2.433018837467494644e-01	1.451603351642207773e-01	7.013233287775937075e-02	2.639434293175092067e-02	7.376679087284106207e-02
1.071566102324645271e+03	2.658774972731338115e-01	1.747173238899066283e-01	2.435832582237069666e-01	1.453113037387241679e-01	7.022128994061263563e-02	2.639606008947819812e-02	7.389326684406395673e-02
1.073984987431472746e+03	2.654701215308716278e-01	1.744770897027635437e-01	2.438638960003115530e-01	1.454618306456959553e-01	7.030999926169047287e-02	2.639777352848794723e-02	7.401928932980529618e-02
1.076403872538300675e+03	2.650639888579847114e-01	1.742374903630254379e-01	2.441437975062610288e-01	1.456119172221161939e-01	7.039846132234102438e-02	2.639948326008795948e-02	7.414486146781011644e-02
1.078822757645127922e+03	2.646590955464707684e-01	1.739985241953106165e-01	2.444229632043116440e-01	1.457615648009662757e-01	7.048667660905558185e-02	2.640118929555229643e-02	7.426998634795932419e-02
1.081241642751955851e+03	2.642554378983275054e-01	1.737601895279345943e-01	2.447013935896877879e-01	1.459107747112400322e-01	7.057464561305309969e-02	2.640289164612137293e-02	7.439466701326206965e-02
1.083660527858783553e+03	2.638530122255465793e-01	1.735224846929183662e-01	2.449790891894666200e-01	1.460595482779546150e-01	7.066236882991702717e-02	2.640459032300206815e-02	7.451890646082122427e-02
1.086079412965611255e+03	2.634518148501066581e-01	1.732854080259964291e-01	2.452560505619442721e-01	1.462078868221614592e-01	7.074984675927610545e-02	2.640628533736778805e-02	7.464270764277385062e-02
1.088498298072438729e+03	2.630518421039664823e-01	1.730489578666243311e-01	2.455322782959896699e-01	1.463557916609573017e-01	7.083707990452244030e-02	2.640797670035858330e-02	7.476607346720780256e-02
1.090917183179266431e+03	2.626530903290575369e-01	1.728131325579859157e-01	2.458077730103900294e-01	1.465032641074950903e-01	7.092406877256116071e-02	2.640966442308121526e-02	7.488900679905571844e-02
1.093336068286093905e+03	2.622555558772761142e-01	1.725779304470003439e-01	2.460825353531919391e-01	1.466503054709948906e-01	7.101081387358676444e-02	2.641134851660927388e-02	7.501151046096736497e-02
1.095754953392921607e+03	2.618592351104750415e-01	1.723433498843287004e-01	2.463565660010411662e-01	1.467969170567549331e-01	7.109731572088229257e-02	2.641302899198324020e-02	7.513358723416131701e-02
1.098173838499749309e+03	2.614641244004553000e-01	1.721093892243802381e-01	2.466298656585236559e-01	1.469431001661623548e-01	7.118357483063780800e-02	2.641470586021060080e-02	7.525523985925673676e-02
1.100592723606577010e+03	2.610702201289568647e-01	1.718760468253182627e-01	2.469024350575099447e-01	1.470888560967042180e-01	7.126959172178537472e-02	2.641637913226591375e-02	7.537647103708614016e-02
1.103011608713404712e+03	2.606775186876494343e-01	1.716433210490657113e-01	2.471742749565044028e-01	1.472341861419783349e-01	7.135536691584823399e-02	2.641804881909092656e-02	7.549728342948973381e-02
1.105430493820231959e+03	2.602860164781226060e-01	1.714112102613104816e-01	2.474453861400010835e-01	1.473790915917041477e-01	7.144090093680208198e-02	2.641971493159464210e-02	7.561767966009176611e-02
1.107849378927059888e+03	2.598957099118758829e-01	1.711797128315102612e-01	2.477157694178469538e-01	1.475235737317335816e-01	7.152619431094672797e-02	2.642137748065342268e-02	7.573766231505996149e-02
1.110268264033887590e+03	2.595065954103082384e-01	1.709488271328972742e-01	2.479854256246135924e-01	1.476676338440618408e-01	7.161124756678689807e-02	2.642303647711107678e-02	7.585723394384792651e-02
1.112687149140715292e+03	2.591186694047070693e-01	1.707185515424824718e-01	2.482543556189777401e-01	1.478112732068383173e-01	7.169606123492078265e-02	2.642469193177895623e-02	7.597639705992156878e-02
1.115106034247542766e+03	2.587319283362371491e-01	1.704888844410594462e-01	2.485225602831118985e-01	1.479544930943773318e-01	7.178063584793541174e-02	2.642634385543602554e-02	7.609515414146966750e-02
1.117524919354370468e+03	2.583463686559292483e-01	1.702598242132082329e-01	2.487900405220844491e-01	1.480972947771689308e-01	7.186497194030805336e-02	2.642799225882896952e-02	7.621350763209902568e-02
1.119943804461197942e+03	2.579619868246681436e-01	1.700313692472985860e-01	2.490567972632706240e-01	1.482396795218896557e-01	7.194907004831280206e-02	2.642963715267227995e-02	7.633145994151489810e-02
1.122362689568025871e+03	2.575787793131802950e-01	1.698035179354930868e-01	2.493228314557735525e-01	1.483816485914132843e-01	7.203293070993181668e-02	2.643127854764834236e-02	7.644901344618663941e-02
1.124781574674853118e+03	2.571967426020216330e-01	1.695762686737498637e-01	2.495881440698562714e-01	1.485232032448216277e-01	7.211655446477080456e-02	2.643291645440752624e-02	7.656617048999934949e-02
1.127200459781681047e+03	2.568158731815644580e-01	1.693496198618251181e-01	2.498527360963844757e-01	1.486643447374152160e-01	7.219994185397800301e-02	2.643455088356827173e-02	7.668293338489155786e-02
1.129619344888508749e+03	2.564361675519845063e-01	1.691235699032754281e-01	2.501166085462798727e-01	1.488050743207239568e-01	7.228309342016668582e-02	2.643618184571718682e-02	7.679930441147950204e-02
1.132038229995336451e+03	2.560576222232473498e-01	1.688981172054595248e-01	2.503797624499846108e-01	1.489453932425179317e-01	7.236600970734057003e-02	2.643780935140912364e-02	7.691528581966806943e-02
1.134457115102163925e+03	2.556802337150948512e-01	1.686732601795401243e-01	2.506421988569360604e-01	1.490853027468179437e-01	7.244869126082190136e-02	2.643943341116728601e-02	7.703087982924906874e-02
1.136876000208991627e+03	2.553039985570309534e-01	1.684489972404852320e-01	2.509039188350525862e-01	1.492248040739062587e-01	7.253113862718227334e-02	2.644105403548329195e-02	7.714608863048667831e-02
1.139294885315819101e+03	2.549289132883074682e-01	1.682253268070693364e-01	2.511649234702296174e-01	1.493638984603372077e-01	7.261335235417555600e-02	2.644267123481728460e-02	7.726091438469076533e-02
1.141713770422646803e+03	2.545549744579097551e-01	1.680022473018743800e-01	2.514252138658462088e-01	1.495025871389478178e-01	7.269533299067307275e-02	2.644428501959801905e-02	7.737535922477806194e-02
1.144132655529474505e+03	2.541821786245413994e-01	1.677797571512903152e-01	2.516847911422819828e-01	1.496408713388683032e-01	7.277708108660066455e-02	2.644589540022293864e-02	7.748942525582167007e-02
1.146551540636302207e+03	2.538105223566095581e-01	1.675578547855156863e-01	2.519436564364441189e-01	1.497787522855328624e-01	7.285859719287782199e-02	2.644750238705827206e-02	7.760311455558896454e-02
1.148970425743129908e+03	2.534400022322095269e-01	1.673365386385576581e-01	2.522018109013043907e-01	1.499162312006899755e-01	7.293988186135834384e-02	2.644910599043912014e-02	7.771642917506833836e-02
1.151389310849957155e+03	2.530706148391089760e-01	1.671158071482320706e-01	2.524592557054458619e-01	1.500533093024131182e-01	7.302093564477288301e-02	2.645070622066953564e-02	7.782937113898490133e-02
1.153808195956785084e+03	2.527023567747324062e-01	1.668956587561632454e-01	2.527159920326195741e-01	1.501899878051112247e-01	7.310175909667288030e-02	2.645230308802262384e-02	7.794194244630538171e-02
1.156227081063612786e+03	2.523352246461449400e-01	1.666760919077834302e-01	2.529720210813104497e-01	1.503262679195392360e-01	7.318235277137612182e-02	2.645389660274062929e-02	7.805414507073253627e-02
1.158645966170440488e+03	2.519692150700361122e-01	1.664571050523321882e-01	2.532273440643127427e-01	1.504621508528084239e-01	7.326271722391369812e-02	2.645548677503501214e-02	7.816598096118922145e-02
1.161064851277267962e+03	2.516043246727033833e-01	1.662386966428553714e-01	2.534819622083143709e-01	1.505976378083970502e-01	7.334285300997826773e-02	2.645707361508654529e-02	7.827745204229241693e-02
1.163483736384095664e+03	2.512405500900354305e-01	1.660208651362042320e-01	2.537358767534905746e-01	1.507327299861606629e-01	7.342276068587380577e-02	2.645865713304539416e-02	7.838856021481729885e-02
1.165902621490923138e+03	2.508778879674953832e-01	1.658036089930339518e-01	2.539890889531060680e-01	1.508674285823425609e-01	7.350244080846647654e-02	2.646023733903121386e-02	7.849930735615176514e-02
1.168321506597751068e+03	2.505163349601034484e-01	1.655869266778023652e-01	2.542416000731260728e-01	1.510017347895841744e-01	7.358189393513678289e-02	2.646181424313322553e-02	7.860969532074135735e-02
1.170740391704578315e+03	2.501558877324198682e-01	1.653708166587681272e-01	2.544934113918356222e-01	1.511356497969355561e-01	7.366112062373288139e-02	2.646338785541031691e-02	7.871972594052509264e-02
1.173159276811406244e+03	2.497965429585274066e-01	1.651552774079889374e-01	2.547445241994673593e-01	1.512691747898655126e-01	7.374012143252513252e-02	2.646495818589110829e-02	7.882940102536210858e-02
1.175578161918233945e+03	2.494382973220135857e-01	1.649403074013195136e-01	2.549949397978372168e-01	1.514023109502720676e-01	7.381889692016163629e-02	2.646652524457405661e-02	7.893872236344949556e-02
1.177997047025061647e+03	2.490811475159529498e-01	1.647259051184093714e-01	2.552446594999885354e-01	1.515350594564928433e-01	7.389744764562500290e-02	2.646808904142753521e-02	7.904769172173142788e-02
1.180415932131889122e+03	2.487250902428889965e-01	1.645120690427004928e-01	2.554936846298432318e-01	1.516674214833151901e-01	7.397577416819001161e-02	2.646964958638992407e-02	7.915631084629984326e-02
1.182834817238716823e+03	2.483701222148161081e-01	1.642987976614247725e-01	2.557420165218614594e-01	1.517993982019865407e-01	7.405387704738239374e-02	2.647120688936968960e-02	7.926458146278674011e-02
1.185253702345544298e+03	2.480162401531610661e-01	1.640860894656012980e-01	2.559896565207080976e-01	1.519309907802247617e-01	7.413175684293860090e-02	2.647276096024546790e-02	7.937250527674842571e-02
1.187672587452371999e+03	2.476634407887647049e-01	1.638739429500335187e-01	2.562366059809269569e-01	1.520622003822281465e-01	7.420941411476657257e-02	2.647431180886616539e-02	7.948008397404165981e-02
1.190091472559199701e+03	2.473117208618632046e-01	1.636623566133062757e-01	2.564828662666219783e-01	1.521930281686857678e-01	7.428684942290735005e-02	2.647585944505102470e-02	7.958731922119213764e-02
1.192510357666027403e+03	2.469610771220693002e-01	1.634513289577825546e-01	2.567284387511454824e-01	1.523234752967876637e-01	7.436406332749773140e-02	2.647740387858972533e-02	7.969421266575528462e-02
1.194929242772855105e+03	2.466115063283533804e-01	1.632408584896003212e-01	2.569733248167933581e-01	1.524535429202349690e-01	7.444105638873371733e-02	2.647894511924246685e-02	7.980076593666951545e-02
1.197348127879682352e+03	2.462630052490244470e-01	1.630309437186689692e-01	2.572175258545070231e-01	1.525832321892500176e-01	7.451782916683498403e-02	2.648048317674004878e-02	7.990698064460230454e-02
1.199767012986510281e+03	2.459155706617108805e-01	1.628215831586657114e-01	2.574610432635818236e-01	1.527125442505865016e-01	7.459438222201002222e-02	2.648201806078394685e-02	8.001285838228894276e-02
1.202185898093337983e+03	2.455691993533410944e-01	1.626127753270319443e-01	2.577038784513821512e-01	1.528414802475395184e-01	7.467071611442231693e-02	2.648354978104642057e-02	8.011840072486442477e-02
1.204604783200165684e+03	2.452238881201241616e-01	1.624045187449693617e-01	2.579460328330624996e-01	1.529700413199557019e-01	7.474683140415720739e-02	2.648507834717057571e-02	8.022360923018836965e-02
1.207023668306993159e+03	2.448796337675301915e-01	1.621968119374360418e-01	2.581875078312951266e-01	1.530982286042432416e-01	7.482272865118957950e-02	2.648660376877046488e-02	8.032848543916326634e-02
1.209442553413820860e+03	2.445364331102707067e-01	1.619896534331421722e-01	2.584283048760034340e-01	1.532260432333818478e-01	7.489840841535239102e-02	2.648812605543116039e-02	8.043303087604614099e-02
1.211861438520648335e+03	2.441942829722787978e-01	1.617830417645460261e-01	2.586684254041016207e-01	1.533534863369329093e-01	7.497387125630591842e-02	2.648964521670883754e-02	8.053724704875375728e-02
1.214280323627476264e+03	2.438531801866891668e-01	1.615769754678494652e-01	2.589078708592397748e-01	1.534805590410492360e-01	7.504911773350775306e-02	2.649116126213087175e-02	8.064113544916155785e-02
1.216699208734303511e+03	2.435131215958183382e-01	1.613714530829935545e-01	2.591466426915548515e-01	1.536072624684852450e-01	7.512414840618356071e-02	2.649267420119590793e-02	8.074469755339637456e-02
1.219118093841131440e+03	2.431741040511443130e-01	1.611664731536540385e-01	2.593847423574272004e-01	1.537335977386067032e-01	7.519896383329849332e-02	2.649418404337395075e-02	8.084793482212315752e-02
1.221536978947959142e+03	2.428361244132864472e-01	1.609620342272365390e-01	2.596221713192425340e-01	1.538595659674007465e-01	7.527356457352940566e-02	2.649569079810644087e-02	8.095084870082575046e-02
1.223955864054786844e+03	2.424991795519853000e-01	1.607581348548718092e-01	2.598589310451591139e-01	1.539851682674858446e-01	7.534795118523766877e-02	2.649719447480635218e-02	8.105344062008189299e-02
1.226374749161614318e+03	2.421632663460820123e-01	1.605547735914108209e-01	2.600950230088803217e-01	1.541104057481214040e-01	7.542212422644264946e-02	2.649869508285825764e-02	8.115571199583250517e-02
1.228793634268442020e+03	2.418283816834980449e-01	1.603519489954198796e-01	2.603304486894323366e-01	1.542352795152178158e-01	7.549608425479596707e-02	2.650019263161842303e-02	8.125766422964553204e-02
1.231212519375269494e+03	2.414945224612145003e-01	1.601496596291754615e-01	2.605652095709464766e-01	1.543597906713462253e-01	7.556983182755620809e-02	2.650168713041489016e-02	8.135929870897423699e-02
1.233631404482097196e+03	2.411616855852515562e-01	1.599479040586589684e-01	2.607993071424469789e-01	1.544839403157483304e-01	7.564336750156443190e-02	2.650317858854754627e-02	8.146061680741026323e-02
1.236050289588924898e+03	2.408298679706477596e-01	1.597466808535514537e-01	2.610327428976429998e-01	1.546077295443460953e-01	7.571669183322020380e-02	2.650466701528822119e-02	8.156161988493140780e-02
1.238469174695752372e+03	2.404990665414392381e-01	1.595459885872283767e-01	2.612655183347257770e-01	1.547311594497515208e-01	7.578980537845821097e-02	2.650615241988076021e-02	8.166230928814435797e-02
1.240888059802580301e+03	2.401692782306388274e-01	1.593458258367540237e-01	2.614976349561698998e-01	1.548542311212763867e-01	7.586270869272554451e-02	2.650763481154111423e-02	8.176268635052247324e-02
1.243306944909407548e+03	2.398404999802151993e-01	1.591461911828759568e-01	2.617290942685396860e-01	1.549769456449419380e-01	7.593540233095949499e-02	2.650911419945740227e-02	8.186275239263855752e-02
1.245725830016235477e+03	2.395127287410719064e-01	1.589470832100194908e-01	2.619598977822994446e-01	1.550993041034885722e-01	7.600788684756597247e-02	2.651059059279001900e-02	8.196250872239295437e-02
1.248144715123063179e+03	2.391859614730262318e-01	1.587485005062818089e-01	2.621900470116278470e-01	1.552213075763854699e-01	7.608016279639837065e-02	2.651206400067169719e-02	8.206195663523695172e-02
1.250563600229890881e+03	2.388601951447882343e-01	1.585504416634263558e-01	2.624195434742375155e-01	1.553429571398401710e-01	7.615223073073706939e-02	2.651353443220759443e-02	8.216109741439150960e-02
1.252982485336718355e+03	2.385354267339394874e-01	1.583529052768768430e-01	2.626483886911974985e-01	1.554642538668082052e-01	7.622409120326942289e-02	2.651500189647537295e-02	8.225993233106165814e-02
1.255401370443546057e+03	2.382116532269119291e-01	1.581558899457113365e-01	2.628765841867605202e-01	1.555851988270027797e-01	7.629574476607024758e-02	2.651646640252528289e-02	8.235846264464632971e-02
1.257820255550373531e+03	2.378888716189666575e-01	1.579593942726563449e-01	2.631041314881941706e-01	1.557057930869041595e-01	7.636719197058289277e-02	2.651792795938023514e-02	8.245668960294405547e-02
1.260239140657201460e+03	2.375670789141724748e-01	1.577634168640805468e-01	2.633310321256154274e-01	1.558260377097693550e-01	7.643843336760067220e-02	2.651938657603589503e-02	8.255461444235429047e-02
1.262658025764028707e+03	2.372462721253846274e-01	1.575679563299887953e-01	2.635572876318293956e-01	1.559459337556414471e-01	7.650946950724890616e-02	2.652084226146074822e-02	8.265223838807475576e-02
1.265076910870856636e+03	2.369264482742235445e-01	1.573730112840158180e-01	2.637828995421719336e-01	1.560654822813592468e-01	7.658030093896733836e-02	2.652229502459618055e-02	8.274956265429464497e-02
1.267495795977684338e+03	2.366076043910531335e-01	1.571785803434199713e-01	2.640078693943553323e-01	1.561846843405666763e-01	7.665092821149308011e-02	2.652374487435657860e-02	8.284658844438395897e-02
1.269914681084511813e+03	2.362897375149595747e-01	1.569846621290769129e-01	2.642321987283178242e-01	1.563035409837221501e-01	7.672135187284399860e-02	2.652519181962938177e-02	8.294331695107889924e-02
1.272333566191339514e+03	2.359728446937296720e-01	1.567912552654730785e-01	2.644558890860766454e-01	1.564220532581080958e-01	7.679157247030250766e-02	2.652663586927517594e-02	8.303974935666352808e-02
1.274752451298167216e+03	2.356569229838293700e-01	1.565983583806994095e-01	2.646789420115844838e-01	1.565402222078402239e-01	7.686159055039980259e-02	2.652807703212776980e-02	8.313588683314766803e-02
1.277171336404994690e+03	2.353419694503821324e-01	1.564059701064446639e-01	2.649013590505888138e-01	1.566580488738769927e-01	7.693140665890058072e-02	2.652951531699427462e-02	8.323173054244129010e-02
1.279590221511822392e+03	2.350279811671473762e-01	1.562140890779889213e-01	2.651231417504951726e-01	1.567755342940288510e-01	7.700102134078808114e-02	2.653095073265518758e-02	8.332728163652518283e-02
1.282009106618650094e+03	2.347149552164988773e-01	1.560227139341969493e-01	2.653442916602330448e-01	1.568926795029675914e-01	7.707043514024962405e-02	2.653238328786445069e-02	8.342254125761822126e-02
1.284427991725477568e+03	2.344028886894030661e-01	1.558318433175115147e-01	2.655648103301251894e-01	1.570094855322357319e-01	7.713964860066239992e-02	2.653381299134955143e-02	8.351751053834134686e-02
1.286846876832305497e+03	2.340917786853974059e-01	1.556414758739465554e-01	2.657846993117599088e-01	1.571259534102555644e-01	7.720866226457984149e-02	2.653523985181158867e-02	8.361219060187796703e-02
1.289265761939132744e+03	2.337816223125686599e-01	1.554516102530806299e-01	2.660039601578661483e-01	1.572420841623386190e-01	7.727747667371821783e-02	2.653666387792535941e-02	8.370658256213128756e-02
1.291684647045960673e+03	2.334724166875311591e-01	1.552622451080498400e-01	2.662225944221917606e-01	1.573578788106947124e-01	7.734609236894367246e-02	2.653808507833942121e-02	8.380068752387841158e-02
1.294103532152788375e+03	2.331641589354051247e-01	1.550733790955411140e-01	2.664406036593844340e-01	1.574733383744412740e-01	7.741450989025962237e-02	2.653950346167618934e-02	8.389450658292120500e-02
1.296522417259616077e+03	2.328568461897948805e-01	1.548850108757852673e-01	2.666579894248757299e-01	1.575884638696123663e-01	7.748272977679449003e-02	2.654091903653199927e-02	8.398804082623426148e-02
1.298941302366443551e+03	2.325504755927671197e-01	1.546971391125499529e-01	2.668747532747672846e-01	1.577032563091679829e-01	7.755075256678976847e-02	2.654233181147718640e-02	8.408129133210971717e-02
1.301360187473271253e+03	2.322450442948291449e-01	1.545097624731327501e-01	2.670908967657201760e-01	1.578177167030030692e-01	7.761857879758846113e-02	2.654374179505616244e-02	8.417425917029927596e-02
1.303779072580098727e+03	2.319405494549069691e-01	1.543228796283541426e-01	2.673064214548467876e-01	1.579318460579566263e-01	7.768620900562386855e-02	2.654514899578749865e-02	8.426694540215322327e-02
1.306197957686926657e+03	2.316369882403236935e-01	1.541364892525503294e-01	2.675213288996050598e-01	1.580456453778208148e-01	7.775364372640858335e-02	2.654655342216399525e-02	8.435935108075666433e-02
1.308616842793753904e+03	2.313343578267776091e-01	1.539505900235662306e-01	2.677356206576954611e-01	1.581591156633499751e-01	7.782088349452401244e-02	2.654795508265276466e-02	8.445147725106313952e-02
1.311035727900581833e+03	2.310326553983203246e-01	1.537651806227483264e-01	2.679492982869602913e-01	1.582722579122696760e-01	7.788792884360998259e-02	2.654935398569529051e-02	8.454332495002529757e-02
1.313454613007409534e+03	2.307318781473351454e-01	1.535802597349372467e-01	2.681623633452857036e-01	1.583850731192856798e-01	7.795478030635480393e-02	2.655075013970753170e-02	8.463489520672314026e-02
1.315873498114237009e+03	2.304320232745150909e-01	1.533958260484609704e-01	2.683748173905051715e-01	1.584975622760929070e-01	7.802143841448558326e-02	2.655214355307997445e-02	8.472618904248961635e-02
1.318292383221064711e+03	2.301330879888411063e-01	1.532118782551271374e-01	2.685866619803064514e-01	1.586097263713844852e-01	7.808790369875882875e-02	2.655353423417770864e-02	8.481720747103359270e-02
1.320711268327892412e+03	2.298350695075603023e-01	1.530284150502160545e-01	2.687978986721401564e-01	1.587215663908605190e-01	7.815417668895127679e-02	2.655492219134051451e-02	8.490795149856052160e-02
1.323130153434719887e+03	2.295379650561641394e-01	1.528454351324732841e-01	2.690085290231301052e-01	1.588330833172371115e-01	7.822025791385113502e-02	2.655630743288293905e-02	8.499842212389052687e-02
1.325549038541547588e+03	2.292417718683665562e-01	1.526629372041023724e-01	2.692185545899871690e-01	1.589442781302552177e-01	7.828614790124949208e-02	2.655768996709435836e-02	8.508862033857417240e-02
1.327967923648375290e+03	2.289464871860821538e-01	1.524809199707573837e-01	2.694279769289233406e-01	1.590551518066894432e-01	7.835184717793200471e-02	2.655906980223906103e-02	8.517854712700595465e-02
1.330386808755202765e+03	2.286521082594045740e-01	1.522993821415354887e-01	2.696367975955696883e-01	1.591657053203569816e-01	7.841735626967086259e-02	2.656044694655631741e-02	8.526820346653542215e-02
1.332805693862030694e+03	2.283586323465844337e-01	1.521183224289696656e-01	2.698450181448953100e-01	1.592759396421263018e-01	7.848267570121703063e-02	2.656182140826045257e-02	8.535759032757612996e-02
1.335224578968857941e+03	2.280660567140077311e-01	1.519377395490212057e-01	2.700526401311283964e-01	1.593858557399259746e-01	7.854780599629268556e-02	2.656319319554093297e-02	8.544670867371242928e-02
1.337643464075685870e+03	2.277743786361739464e-01	1.517576322210722195e-01	2.702596651076794032e-01	1.594954545787534705e-01	7.861274767758394399e-02	2.656456231656242895e-02	8.553555946180402270e-02
1.340062349182513572e+03	2.274835953956743928e-01	1.515779991679181427e-01	2.704660946270658339e-01	1.596047371206838206e-01	7.867750126673375699e-02	2.656592877946488407e-02	8.562414364208854878e-02
1.342481234289341273e+03	2.271937042831703724e-01	1.513988391157602975e-01	2.706719302408395755e-01	1.597137043248784416e-01	7.874206728433517932e-02	2.656729259236360538e-02	8.571246215828200177e-02
1.344900119396168748e+03	2.269047025973714438e-01	1.512201507941982603e-01	2.708771734995147895e-01	1.598223571475936577e-01	7.880644624992472203e-02	2.656865376334931889e-02	8.580051594767730549e-02
1.347319004502996449e+03	2.266165876450136896e-01	1.510419329362224505e-01	2.710818259524989116e-01	1.599306965421894988e-01	7.887063868197595473e-02	2.657001230048824936e-02	8.588830594124070850e-02
1.349737889609823924e+03	2.263293567408380114e-01	1.508641842782064146e-01	2.712858891480247059e-01	1.600387234591382768e-01	7.893464509789341332e-02	2.657136821182219666e-02	8.597583306370643053e-02
1.352156774716651853e+03	2.260430072075684527e-01	1.506869035598993600e-01	2.714893646330838739e-01	1.601464388460332178e-01	7.899846601400664636e-02	2.657272150536860861e-02	8.606309823366939393e-02
1.354575659823479100e+03	2.257575363758904385e-01	1.505100895244184389e-01	2.716922539533625502e-01	1.602538436475970385e-01	7.906210194556442805e-02	2.657407218912064342e-02	8.615010236367603991e-02
1.356994544930307029e+03	2.254729415844292373e-01	1.503337409182412265e-01	2.718945586531787417e-01	1.603609388056905227e-01	7.912555340672929038e-02	2.657542027104725646e-02	8.623684636031338224e-02
1.359413430037134731e+03	2.251892201797281445e-01	1.501578564911980329e-01	2.720962802754206544e-01	1.604677252593210424e-01	7.918882091057216632e-02	2.657676575909326266e-02	8.632333112429634026e-02
1.361832315143962205e+03	2.249063695162269449e-01	1.499824349964643255e-01	2.722974203614872968e-01	1.605742039446511893e-01	7.925190496906721338e-02	2.657810866117940596e-02	8.640955755055326759e-02
1.364251200250789907e+03	2.246243869562403184e-01	1.498074751905529856e-01	2.724979804512300263e-01	1.606803757950070466e-01	7.931480609308697027e-02	2.657944898520243904e-02	8.649552652830985733e-02
1.366670085357617609e+03	2.243432698699362182e-01	1.496329758333066473e-01	2.726979620828959283e-01	1.607862417408869038e-01	7.937752479239749970e-02	2.658078673903518929e-02	8.658123894117129848e-02
1.369088970464445310e+03	2.240630156353142499e-01	1.494589356878901210e-01	2.728973667930724156e-01	1.608918027099695280e-01	7.944006157565385029e-02	2.658212193052664207e-02	8.666669566720294759e-02
1.371507855571272785e+03	2.237836216381842713e-01	1.492853535207825377e-01	2.730961961166334384e-01	1.609970596271226850e-01	7.950241695039564349e-02	2.658345456750198579e-02	8.675189757900919618e-02
1.373926740678100487e+03	2.235050852721447157e-01	1.491122281017697448e-01	2.732944515866871371e-01	1.611020134144114935e-01	7.956459142304285470e-02	2.658478465776270561e-02	8.683684554381106147e-02
1.376345625784927961e+03	2.232274039385611919e-01	1.489395582039365895e-01	2.734921347345247167e-01	1.612066649911068072e-01	7.962658549889174708e-02	2.658611220908664585e-02	8.692154042352200072e-02
1.378764510891755890e+03	2.229505750465450020e-01	1.487673426036590918e-01	2.736892470895705420e-01	1.613110152736935976e-01	7.968839968211099967e-02	2.658743722922808639e-02	8.700598307482239335e-02
1.381183395998583137e+03	2.226745960129316582e-01	1.485955800805968674e-01	2.738857901793337324e-01	1.614150651758792521e-01	7.975003447573791870e-02	2.658875972591780851e-02	8.709017434923244094e-02
1.383602281105411066e+03	2.223994642622594831e-01	1.484242694176853006e-01	2.740817655293610322e-01	1.615188156086019566e-01	7.981149038167494048e-02	2.659007970686315739e-02	8.717411509318379048e-02
1.386021166212238768e+03	2.221251772267482105e-01	1.482534094011277448e-01	2.742771746631910701e-01	1.616222674800388281e-01	7.987276790068616183e-02	2.659139717974811842e-02	8.725780614808960334e-02
1.388440051319066470e+03	2.218517323462775859e-01	1.480829988203878622e-01	2.744720191023091727e-01	1.617254216956142965e-01	7.993386753239409281e-02	2.659271215223340049e-02	8.734124835041333357e-02
1.390858936425893944e+03	2.215791270683661607e-01	1.479130364681818799e-01	2.746663003661042879e-01	1.618282791580083202e-01	7.999478977527656187e-02	2.659402463195648103e-02	8.742444253173616009e-02
1.393277821532721646e+03	2.213073588481498655e-01	1.477435211404706794e-01	2.748600199718262971e-01	1.619308407671645744e-01	8.005553512666366278e-02	2.659533462653168936e-02	8.750738951882310046e-02
1.395696706639549120e+03	2.210364251483607212e-01	1.475744516364521919e-01	2.750531794345452141e-01	1.620331074202986665e-01	8.011610408273502071e-02	2.659664214355027256e-02	8.759009013368777852e-02
1.398115591746377049e+03	2.207663234393056895e-01	1.474058267585534876e-01	2.752457802671108289e-01	1.621350800119062963e-01	8.017649713851707216e-02	2.659794719058047527e-02	8.767254519365604015e-02
1.400534476853204296e+03	2.204970511988453841e-01	1.472376453124231155e-01	2.754378239801137385e-01	1.622367594337713881e-01	8.023671478788042821e-02	2.659924977516758132e-02	8.775475551142826458e-02
1.402953361960032225e+03	2.202286059123729212e-01	1.470699061069232760e-01	2.756293120818474329e-01	1.623381465749741959e-01	8.029675752353754303e-02	2.660054990483401785e-02	8.783672189514046824e-02
1.405372247066859927e+03	2.199609850727927696e-01	1.469026079541220220e-01	2.758202460782716026e-01	1.624392423218994630e-01	8.035662583704039630e-02	2.660184758707938996e-02	8.791844514842422909e-02
1.407791132173687402e+03	2.196941861804996010e-01	1.467357496692854313e-01	2.760106274729760001e-01	1.625400475582444715e-01	8.041632021877828662e-02	2.660314282938057440e-02	8.799992607046548676e-02
1.410210017280515103e+03	2.194282067433572792e-01	1.465693300708699742e-01	2.762004577671459682e-01	1.626405631650270356e-01	8.047584115797579152e-02	2.660443563919176815e-02	8.808116545606212155e-02
1.412628902387342805e+03	2.191630442766777098e-01	1.464033479805145199e-01	2.763897384595281337e-01	1.627407900205936064e-01	8.053518914269086615e-02	2.660572602394457170e-02	8.816216409568058965e-02
1.415047787494170507e+03	2.188986963031998856e-01	1.462378022230327035e-01	2.765784710463978779e-01	1.628407290006272101e-01	8.059436465981302533e-02	2.660701399104804799e-02	8.824292277551126773e-02
1.417466672600997981e+03	2.186351603530688470e-01	1.460726916264051267e-01	2.767666570215273070e-01	1.629403809781555246e-01	8.065336819506160881e-02	2.660829954788879528e-02	8.832344227752289556e-02
1.419885557707825683e+03	2.183724339638148659e-01	1.459080150217714200e-01	2.769542978761539431e-01	1.630397468235587344e-01	8.071220023298424084e-02	2.660958270183100272e-02	8.840372337951582504e-02
1.422304442814653157e+03	2.181105146803324901e-01	1.457437712434226651e-01	2.771413950989510266e-01	1.631388274045775799e-01	8.077086125695534524e-02	2.661086346021653351e-02	8.848376685517443663e-02
1.424723327921481086e+03	2.178494000548595322e-01	1.455799591287935402e-01	2.773279501759978172e-01	1.632376235863211011e-01	8.082935174917475762e-02	2.661214183036497705e-02	8.856357347411836223e-02
1.427142213028308333e+03	2.175890876469564195e-01	1.454165775184544374e-01	2.775139645907514496e-01	1.633361362312747422e-01	8.088767219066647640e-02	2.661341781957373212e-02	8.864314400195288934e-02
1.429561098135136262e+03	2.173295750234852386e-01	1.452536252561037466e-01	2.776994398240192896e-01	1.634343661993080676e-01	8.094582306127751092e-02	2.661469143511805205e-02	8.872247920031825497e-02
1.431979983241963964e+03	2.170708597585891131e-01	1.450911011885601398e-01	2.778843773539321771e-01	1.635323143476827001e-01	8.100380483967681289e-02	2.661596268425113487e-02	8.880157982693813457e-02
1.434398868348791666e+03	2.168129394336714699e-01	1.449290041657547157e-01	2.780687786559183916e-01	1.636299815310600647e-01	8.106161800335429102e-02	2.661723157420416153e-02	8.888044663566715964e-02
1.436817753455619140e+03	2.165558116373751674e-01	1.447673330407232839e-01	2.782526452026786723e-01	1.637273686015092433e-01	8.111926302861997840e-02	2.661849811218638950e-02	8.895908037653753320e-02
1.439236638562446842e+03	2.162994739655621224e-01	1.446060866695985103e-01	2.784359784641617930e-01	1.638244764085147187e-01	8.117674039060324143e-02	2.661976230538520144e-02	8.903748179580472932e-02
1.441655523669274316e+03	2.160439240212924383e-01	1.444452639116022841e-01	2.786187799075408034e-01	1.639213057989842015e-01	8.123405056325208595e-02	2.662102416096617796e-02	8.911565163599238781e-02
1.444074408776102018e+03	2.157891594148041159e-01	1.442848636290378073e-01	2.788010509971902140e-01	1.640178576172562352e-01	8.129119401933256051e-02	2.662228368607315668e-02	8.919359063593632064e-02
1.446493293882929493e+03	2.155351777634922639e-01	1.441248846872819622e-01	2.789827931946637918e-01	1.641141327051080789e-01	8.134817123042827058e-02	2.662354088782829808e-02	8.927129953082774128e-02
1.448912178989757422e+03	2.152819766918888100e-01	1.439653259547775122e-01	2.791640079586731327e-01	1.642101319017632566e-01	8.140498266693992069e-02	2.662479577333216538e-02	8.934877905225564743e-02
1.451331064096585123e+03	2.150295538316419064e-01	1.438061863030253851e-01	2.793446967450667895e-01	1.643058560438992455e-01	8.146162879808499513e-02	2.662604834966376260e-02	8.942602992824834340e-02
1.453749949203412370e+03	2.147779068214956677e-01	1.436474646065769023e-01	2.795248610068101214e-01	1.644013059656552755e-01	8.151811009189749435e-02	2.662729862388062488e-02	8.950305288331435183e-02
1.456168834310240300e+03	2.145270333072696878e-01	1.434891597430260068e-01	2.797045021939660869e-01	1.644964824986396568e-01	8.157442701522774064e-02	2.662854660301886001e-02	8.957984863848242330e-02
1.458587719417068001e+03	2.142769309418387225e-01	1.433312705930016862e-01	2.798836217536760373e-01	1.645913864719377173e-01	8.163058003374226712e-02	2.662979229409323870e-02	8.965641791134081051e-02
1.461006604523895703e+03	2.140275973851125391e-01	1.431737960401600618e-01	2.800622211301418418e-01	1.646860187121191310e-01	8.168656961192378996e-02	2.663103570409723619e-02	8.973276141607591794e-02
1.463425489630723177e+03	2.137790303040155437e-01	1.430167349711768399e-01	2.802403017646081240e-01	1.647803800432455501e-01	8.174239621307126391e-02	2.663227684000309820e-02	8.980887986351011876e-02
1.465844374737550879e+03	2.135312273724666587e-01	1.428600862757395673e-01	2.804178650953453866e-01	1.648744712868781825e-01	8.179806029929999334e-02	2.663351570876192065e-02	8.988477396113889184e-02
1.468263259844378354e+03	2.132841862713590886e-01	1.427038488465398047e-01	2.805949125576335801e-01	1.649682932620852860e-01	8.185356233154178485e-02	2.663475231730369833e-02	8.996044441316736195e-02
1.470682144951206283e+03	2.130379046885402805e-01	1.425480215792656602e-01	2.807714455837463929e-01	1.650618467854496063e-01	8.190890276954522486e-02	2.663598667253739422e-02	9.003589192054606283e-02
1.473101030058033530e+03	2.127923803187919127e-01	1.423926033725939067e-01	2.809474656029358197e-01	1.651551326710759549e-01	8.196408207187597106e-02	2.663721878135099502e-02	9.011111718100610346e-02
1.475519915164861459e+03	2.125476108638096884e-01	1.422375931281824046e-01	2.811229740414176170e-01	1.652481517305985359e-01	8.201910069591721031e-02	2.663844865061158751e-02	9.018612088909364055e-02
1.477938800271689161e+03	2.123035940321834902e-01	1.420829897506624973e-01	2.812979723223570372e-01	1.653409047731884685e-01	8.207395909786997790e-02	2.663967628716541400e-02	9.026090373620378193e-02
1.480357685378516862e+03	2.120603275393774800e-01	1.419287921476312386e-01	2.814724618658553390e-01	1.654333926055610859e-01	8.212865773275376813e-02	2.664090169783793136e-02	9.033546641061383775e-02
1.482776570485344337e+03	2.118178091077100866e-01	1.417749992296438166e-01	2.816464440889364651e-01	1.655256160319834857e-01	8.218319705440702005e-02	2.664212488943387344e-02	9.040980959751596102e-02
