1.001418434226643626e+03	2.782637757424877845e-01	1.819348334702054482e-01	2.351209187355613184e-01	1.406936612396319231e-01	6.753366977206635979e-02	2.641282747831316322e-02	7.004031356135863307e-02
1.002869765290740247e+03	2.779980605244458669e-01	1.817777746350229262e-01	2.353031551124188658e-01	1.407909594637737904e-01	6.759165539803269063e-02	2.641282747831316322e-02	7.012556738761735464e-02
1.004321096354836754e+03	2.777328293352817612e-01	1.816209668059255433e-01	2.354851280261013313e-01	1.408880875189991166e-01	6.764955105008804703e-02	2.641282747831316322e-02	7.021060978491565352e-02
1.005772427418933376e+03	2.774680813213357689e-01	1.814644095900327381e-01	2.356668375170206109e-01	1.409850457129362966e-01	6.770735640765397634e-02	2.641282747831316322e-02	7.029544197233202063e-02
1.007223758483029997e+03	2.772038156302921164e-01	1.813081025949637715e-01	2.358482836017126993e-01	1.410818343526686336e-01	6.776507119039325289e-02	2.641282747831316322e-02	7.038006515128099327e-02
1.008675089547126618e+03	2.769400314111682415e-01	1.811520454288304272e-01	2.360294662761325546e-01	1.411784537447351717e-01	6.782269515423666739e-02	2.641282747831316322e-02	7.046448050620840453e-02
1.010126420611223239e+03	2.766767278143057451e-01	1.809962377002307388e-01	2.362103855186032941e-01	1.412749041951316953e-01	6.788022808781006556e-02	2.641282747831316322e-02	7.054868920522998355e-02
1.011577751675319632e+03	2.764139039913620088e-01	1.808406790182434110e-01	2.363910412924548621e-01	1.413711860093113948e-01	6.793766980922108512e-02	2.641282747831316322e-02	7.063269240071870514e-02
1.013029082739416367e+03	2.761515590953031452e-01	1.806853689924232398e-01	2.365714335483840303e-01	1.414672994921859217e-01	6.799502016316918973e-02	2.641282747831316322e-02	7.071649122984592639e-02
1.014480413803512761e+03	2.758896922803973917e-01	1.805303072327968383e-01	2.367515622265636277e-01	1.415632449481261379e-01	6.805227901834647042e-02	2.641282747831316322e-02	7.080008681508095925e-02
1.015931744867609382e+03	2.756283027022096155e-01	1.803754933498593338e-01	2.369314272585270054e-01	1.416590226809629760e-01	6.810944626509965460e-02	2.641282747831316322e-02	7.088348026465288165e-02
1.017383075931706003e+03	2.753673895175959840e-01	1.802209269545714532e-01	2.371110285688500519e-01	1.417546329939883554e-01	6.816652181332716331e-02	2.641282747831316322e-02	7.096667267297843140e-02
1.018834406995802851e+03	2.751069518847001905e-01	1.800666076583569419e-01	2.372903660766519929e-01	1.418500761899559037e-01	6.822350559058727726e-02	2.641282747831316322e-02	7.104966512105914678e-02
1.020285738059899245e+03	2.748469889629490681e-01	1.799125350731007322e-01	2.374694396969327659e-01	1.419453525710819286e-01	6.828039754039615106e-02	2.641282747831316322e-02	7.113245867685079327e-02
1.021737069123995752e+03	2.745874999130494820e-01	1.797587088111472220e-01	2.376482493417644282e-01	1.420404624390462223e-01	6.833719762069652426e-02	2.641282747831316322e-02	7.121505439560757433e-02
1.023188400188092373e+03	2.743284838969853867e-01	1.796051284852989427e-01	2.378267949213506982e-01	1.421354060949929221e-01	6.839390580247982354e-02	2.641282747831316322e-02	7.129745332020366588e-02
1.024639731252188767e+03	2.740699400780153283e-01	1.794517937088156712e-01	2.380050763449687856e-01	1.422301838395312878e-01	6.845052206854629340e-02	2.641282747831316322e-02	7.137965648143414221e-02
1.026091062316285615e+03	2.738118676206701130e-01	1.792987040954136246e-01	2.381830935218049172e-01	1.423247959727365342e-01	6.850704641238901382e-02	2.641282747831316322e-02	7.146166489829726409e-02
1.027542393380382237e+03	2.735542656907509196e-01	1.791458592592651000e-01	2.383608463616952444e-01	1.424192427941508299e-01	6.856347883718956482e-02	2.641282747831316322e-02	7.154347957825978044e-02
1.028993724444478858e+03	2.732971334553279674e-01	1.789932588149980297e-01	2.385383347757809303e-01	1.425135246027839364e-01	6.861981935491374973e-02	2.641282747831316322e-02	7.162510151750689502e-02
1.030445055508575479e+03	2.730404700827385733e-01	1.788409023776959539e-01	2.387155586770869087e-01	1.426076416971141514e-01	6.867606798549759362e-02	2.641282747831316322e-02	7.170653170117832764e-02
1.031896386572671872e+03	2.727842747425863745e-01	1.786887895628981593e-01	2.388925179810320043e-01	1.427015943750890858e-01	6.873222475611426296e-02	2.641282747831316322e-02	7.178777110359159386e-02
1.033347717636768493e+03	2.725285466057401629e-01	1.785369199865998457e-01	2.390692126058771572e-01	1.427953829341265801e-01	6.878828970051392711e-02	2.641282747831316322e-02	7.186882068845378002e-02
1.034799048700865114e+03	2.722732848443331077e-01	1.783852932652524592e-01	2.392456424731186360e-01	1.428890076711154533e-01	6.884426285842899784e-02	2.641282747831316322e-02	7.194968140906281284e-02
1.036250379764961508e+03	2.720184886317618678e-01	1.782339090157641082e-01	2.394218075078316799e-01	1.429824688824163914e-01	6.890014427503834971e-02	2.641282747831316322e-02	7.203035420849908388e-02
1.037701710829058356e+03	2.717641571426862024e-01	1.780827668555002297e-01	2.395977076389694260e-01	1.430757668638627522e-01	6.895593400048451171e-02	2.641282747831316322e-02	7.211084001980834490e-02
1.039153041893154750e+03	2.715102895530283056e-01	1.779318664022841168e-01	2.397733427996226463e-01	1.431689019107613425e-01	6.901163208943844607e-02	2.641282747831316322e-02	7.219113976617659578e-02
1.040604372957251599e+03	2.712568850399725839e-01	1.777812072743976679e-01	2.399487129272431518e-01	1.432618743178933618e-01	6.906723860070711207e-02	2.641282747831316322e-02	7.227125436109760326e-02
1.042055704021347992e+03	2.710039427819652125e-01	1.776307890905820530e-01	2.401238179638357229e-01	1.433546843795151793e-01	6.912275359687958254e-02	2.641282747831316322e-02	7.235118470853368899e-02
1.043507035085444613e+03	2.707514619587139126e-01	1.774806114700387127e-01	2.402986578561215336e-01	1.434473323893591390e-01	6.917817714400778528e-02	2.641282747831316322e-02	7.243093170307036976e-02
1.044958366149541234e+03	2.704994417511877858e-01	1.773306740324300246e-01	2.404732325556755423e-01	1.435398186406343923e-01	6.923350931131837249e-02	2.641282747831316322e-02	7.251049623006530775e-02
1.046409697213637855e+03	2.702478813416172021e-01	1.771809763978803298e-01	2.406475420190415382e-01	1.436321434260277863e-01	6.928875017095258160e-02	2.641282747831316322e-02	7.258987916579201505e-02
1.047861028277734476e+03	2.699967799134935231e-01	1.770315181869768217e-01	2.408215862078263991e-01	1.437243070377046128e-01	6.934389979773136758e-02	2.641282747831316322e-02	7.266908137757867314e-02
1.049312359341831097e+03	2.697461366515692682e-01	1.768822990207704893e-01	2.409953650887763921e-01	1.438163097673095248e-01	6.939895826894307285e-02	2.641282747831316322e-02	7.274810372394263647e-02
1.050763690405927491e+03	2.694959507418579481e-01	1.767333185207770052e-01	2.411688786338368473e-01	1.439081519059672576e-01	6.945392566415160840e-02	2.641282747831316322e-02	7.282694705472066155e-02
1.052215021470024112e+03	2.692462213716340647e-01	1.765845763089779197e-01	2.413421268201976777e-01	1.439998337442835175e-01	6.950880206502285663e-02	2.641282747831316322e-02	7.290561221119533364e-02
1.053666352534120733e+03	2.689969477294329447e-01	1.764360720078214373e-01	2.415151096303256029e-01	1.440913555723458417e-01	6.956358755516764414e-02	2.641282747831316322e-02	7.298410002621791293e-02
1.055117683598217127e+03	2.687481290050510174e-01	1.762878052402234996e-01	2.416878270519849936e-01	1.441827176797243759e-01	6.961828221999953603e-02	2.641282747831316322e-02	7.306241132432791940e-02
1.056569014662313975e+03	2.684997643895456476e-01	1.761397756295688677e-01	2.418602790782485579e-01	1.442739203554726790e-01	6.967288614660600843e-02	2.641282747831316322e-02	7.314054692186953976e-02
1.058020345726410369e+03	2.682518530752351360e-01	1.759919827997120101e-01	2.420324657074987840e-01	1.443649638881285835e-01	6.972739942363158361e-02	2.641282747831316322e-02	7.321850762710510607e-02
1.059471676790506763e+03	2.680043942556988856e-01	1.758444263749781300e-01	2.422043869434212793e-01	1.444558485657150837e-01	6.978182214117185922e-02	2.641282747831316322e-02	7.329629424032595153e-02
1.060923007854603611e+03	2.677573871257771243e-01	1.756971059801642199e-01	2.423760427949909202e-01	1.445465746757410852e-01	6.983615439067719644e-02	2.641282747831316322e-02	7.337390755396064335e-02
1.062374338918700232e+03	2.675108308815711267e-01	1.755500212405400329e-01	2.425474332764518959e-01	1.446371425052021820e-01	6.989039626486522050e-02	2.641282747831316322e-02	7.345134835268075923e-02
1.063825669982796853e+03	2.672647247204431586e-01	1.754031717818490543e-01	2.427185584072917846e-01	1.447275523405816000e-01	6.994454785764121774e-02	2.641282747831316322e-02	7.352861741350441571e-02
1.065277001046893474e+03	2.670190678410164220e-01	1.752565572303093899e-01	2.428894182122111056e-01	1.448178044678509191e-01	6.999860926402566574e-02	2.641282747831316322e-02	7.360571550589772860e-02
1.066728332110990095e+03	2.667738594431750543e-01	1.751101772126149314e-01	2.430600127210881811e-01	1.449078991724709609e-01	7.005258058008805022e-02	2.641282747831316322e-02	7.368264339187408085e-02
1.068179663175086489e+03	2.665290987280639623e-01	1.749640313559361060e-01	2.432303419689403612e-01	1.449978367393926493e-01	7.010646190288655211e-02	2.641282747831316322e-02	7.375940182609158624e-02
1.069630994239183110e+03	2.662847848980890442e-01	1.748181192879209311e-01	2.434004059958820299e-01	1.450876174530577323e-01	7.016025333041292500e-02	2.641282747831316322e-02	7.383599155594856855e-02
1.071082325303279504e+03	2.660409171569168008e-01	1.746724406366958748e-01	2.435702048470793912e-01	1.451772415973996699e-01	7.021395496154204940e-02	2.641282747831316322e-02	7.391241332167741707e-02
1.072533656367376352e+03	2.657974947094743912e-01	1.745269950308668550e-01	2.437397385727032573e-01	1.452667094558444394e-01	7.026756689598563643e-02	2.641282747831316322e-02	7.398866785643663790e-02
1.073984987431472746e+03	2.655545167619494662e-01	1.743817820995200440e-01	2.439090072278790877e-01	1.453560213113113397e-01	7.032108923424984503e-02	2.641282747831316322e-02	7.406475588640136498e-02
1.075436318495569594e+03	2.653119825217901684e-01	1.742368014722227854e-01	2.440780108726357533e-01	1.454451774462139080e-01	7.037452207759625766e-02	2.641282747831316322e-02	7.414067813085233050e-02
1.076887649559666215e+03	2.650698911977047989e-01	1.740920527790243699e-01	2.442467495718522730e-01	1.455341781424606129e-01	7.042786552800599231e-02	2.641282747831316322e-02	7.421643530226321173e-02
1.078338980623762609e+03	2.648282419996617065e-01	1.739475356504570080e-01	2.444152233952034403e-01	1.456230236814557155e-01	7.048111968814657624e-02	2.641282747831316322e-02	7.429202810638671495e-02
1.079790311687859230e+03	2.645870341388892322e-01	1.738032497175366065e-01	2.445834324171045071e-01	1.457117143441001850e-01	7.053428466134140096e-02	2.641282747831316322e-02	7.436745724233924382e-02
1.081241642751955851e+03	2.643462668278751537e-01	1.736591946117635454e-01	2.447513767166545340e-01	1.458002504107923925e-01	7.058736055154138378e-02	2.641282747831316322e-02	7.444272340268409671e-02
1.082692973816052472e+03	2.641059392803670192e-01	1.735153699651234838e-01	2.449190563775793528e-01	1.458886321614290271e-01	7.064034746329876657e-02	2.641282747831316322e-02	7.451782727351347058e-02
1.084144304880149093e+03	2.638660507113713138e-01	1.733717754100881359e-01	2.450864714881738904e-01	1.459768598754058178e-01	7.069324550174267696e-02	2.641282747831316322e-02	7.459276953452928516e-02
1.085595635944245487e+03	2.636266003371535716e-01	1.732284105796160489e-01	2.452536221412439654e-01	1.460649338316184764e-01	7.074605477255652142e-02	2.641282747831316322e-02	7.466755085912260559e-02
1.087046967008342108e+03	2.633875873752377084e-01	1.730852751071532691e-01	2.454205084340480014e-01	1.461528543084633924e-01	7.079877538195675224e-02	2.641282747831316322e-02	7.474217191445205188e-02
1.088498298072438729e+03	2.631490110444062447e-01	1.729423686266341187e-01	2.455871304682381850e-01	1.462406215838385481e-01	7.085140743667311947e-02	2.641282747831316322e-02	7.481663336152098720e-02
1.089949629136535123e+03	2.629108705646995281e-01	1.727996907724818620e-01	2.457534883498019573e-01	1.463282359351442963e-01	7.090395104393010239e-02	2.641282747831316322e-02	7.489093585525352648e-02
1.091400960200631971e+03	2.626731651574154003e-01	1.726572411796093720e-01	2.459195821890031997e-01	1.464156976392841925e-01	7.095640631142956234e-02	2.641282747831316322e-02	7.496508004456955976e-02
1.092852291264728365e+03	2.624358940451090860e-01	1.725150194834198791e-01	2.460854121003235306e-01	1.465030069726657447e-01	7.100877334733435298e-02	2.641282747831316322e-02	7.503906657245867917e-02
1.094303622328825213e+03	2.621990564515925826e-01	1.723730253198074991e-01	2.462509782024039640e-01	1.465901642112014125e-01	7.106105226025290211e-02	2.641282747831316322e-02	7.511289607605302343e-02
1.095754953392921607e+03	2.619626516019341045e-01	1.722312583251579543e-01	2.464162806179864273e-01	1.466771696303091899e-01	7.111324315922461226e-02	2.641282747831316322e-02	7.518656918669912315e-02
1.097206284457018228e+03	2.617266787224580837e-01	1.720897181363490458e-01	2.465813194738558367e-01	1.467640235049135766e-01	7.116534615370607997e-02	2.641282747831316322e-02	7.526008653002877469e-02
1.098657615521114849e+03	2.614911370407443925e-01	1.719484043907513748e-01	2.467460949007823923e-01	1.468507261094463556e-01	7.121736135355800912e-02	2.641282747831316322e-02	7.533344872602891484e-02
1.100108946585211470e+03	2.612560257856277324e-01	1.718073167262288981e-01	2.469106070334640968e-01	1.469372777178473977e-01	7.126928886903273475e-02	2.641282747831316322e-02	7.540665638911056567e-02
1.101560277649308091e+03	2.610213441871974682e-01	1.716664547811393715e-01	2.470748560104698566e-01	1.470236786035654941e-01	7.132112881076239919e-02	2.641282747831316322e-02	7.547971012817683567e-02
1.103011608713404712e+03	2.607870914767969062e-01	1.715258181943350169e-01	2.472388419741828880e-01	1.471099290395591341e-01	7.137288128974760004e-02	2.641282747831316322e-02	7.555261054668990783e-02
1.104462939777501106e+03	2.605532668870226831e-01	1.713854066051628822e-01	2.474025650707445956e-01	1.471960292982973650e-01	7.142454641734656551e-02	2.641282747831316322e-02	7.562535824273731999e-02
1.105914270841597499e+03	2.603198696517243782e-01	1.712452196534656190e-01	2.475660254499989221e-01	1.472819796517605972e-01	7.147612430526477378e-02	2.641282747831316322e-02	7.569795380909720428e-02
1.107365601905694348e+03	2.600868990060037911e-01	1.711052569795815936e-01	2.477292232654370874e-01	1.473677803714413537e-01	7.152761506554500270e-02	2.641282747831316322e-02	7.577039783330265232e-02
1.108816932969790741e+03	2.598543541862143869e-01	1.709655182243456362e-01	2.478921586741431038e-01	1.474534317283452411e-01	7.157901881055774018e-02	2.641282747831316322e-02	7.584269089770540040e-02
1.110268264033887590e+03	2.596222344299606855e-01	1.708260030290893738e-01	2.480548318367395144e-01	1.475389339929915333e-01	7.163033565299195549e-02	2.641282747831316322e-02	7.591483357953844602e-02
1.111719595097984211e+03	2.593905389760975955e-01	1.706867110356416473e-01	2.482172429173338801e-01	1.476242874354141421e-01	7.168156570584617582e-02	2.641282747831316322e-02	7.598682645097797062e-02
1.113170926162080832e+03	2.591592670647298591e-01	1.705476418863289823e-01	2.483793920834657387e-01	1.477094923251624226e-01	7.173270908241989596e-02	2.641282747831316322e-02	7.605867007920444345e-02
1.114622257226177226e+03	2.589284179372110528e-01	1.704087952239759785e-01	2.485412795060540914e-01	1.477945489313019778e-01	7.178376589630527937e-02	2.641282747831316322e-02	7.613036502646293446e-02
1.116073588290273847e+03	2.586979908361432545e-01	1.702701706919056424e-01	2.487029053593454442e-01	1.478794575224153252e-01	7.183473626137903967e-02	2.641282747831316322e-02	7.620191185012248347e-02
1.117524919354370468e+03	2.584679850053762107e-01	1.701317679339398592e-01	2.488642698208625714e-01	1.479642183666029231e-01	7.188562029179462742e-02	2.641282747831316322e-02	7.627331110273498360e-02
1.118976250418467089e+03	2.582383996900064482e-01	1.699935865943995872e-01	2.490253730713536673e-01	1.480488317314838376e-01	7.193641810197462516e-02	2.641282747831316322e-02	7.634456333209305168e-02
1.120427581482563710e+03	2.580092341363766639e-01	1.698556263181052739e-01	2.491862152947421083e-01	1.481332978841965742e-01	7.198712980660336436e-02	2.641282747831316322e-02	7.641566908128721858e-02
1.121878912546660331e+03	2.577804875920748362e-01	1.697178867503772726e-01	2.493467966780769651e-01	1.482176170913999391e-01	7.203775552061972287e-02	2.641282747831316322e-02	7.648662888876245347e-02
1.123330243610756725e+03	2.575521593059337810e-01	1.695803675370359531e-01	2.495071174114838475e-01	1.483017896192737051e-01	7.208829535921006115e-02	2.641282747831316322e-02	7.655744328837385537e-02
1.124781574674853118e+03	2.573242485280298197e-01	1.694430683244021463e-01	2.496671776881165261e-01	1.483858157335196382e-01	7.213874943780142213e-02	2.641282747831316322e-02	7.662811280944169245e-02
1.126232905738949967e+03	2.570967545096823348e-01	1.693059887592972823e-01	2.498269777041089434e-01	1.484696956993621364e-01	7.218911787205485597e-02	2.641282747831316322e-02	7.669863797680567807e-02
1.127684236803046360e+03	2.568696765034528262e-01	1.691691284890438352e-01	2.499865176585280846e-01	1.485534297815490345e-01	7.223940077785884206e-02	2.641282747831316322e-02	7.676901931087860842e-02
1.129135567867143209e+03	2.566430137631440789e-01	1.690324871614654056e-01	2.501457977533270149e-01	1.486370182443524646e-01	7.228959827132296068e-02	2.641282747831316322e-02	7.683925732769926464e-02
1.130586898931239830e+03	2.564167655437992743e-01	1.688960644248870269e-01	2.503048181932989724e-01	1.487204613515696883e-01	7.233971046877157862e-02	2.641282747831316322e-02	7.690935253898466273e-02
1.132038229995336451e+03	2.561909311017009361e-01	1.687598599281353307e-01	2.504635791860316818e-01	1.488037593665237912e-01	7.238973748673779851e-02	2.641282747831316322e-02	7.697930545218160947e-02
1.133489561059432845e+03	2.559655096943703745e-01	1.686238733205387974e-01	2.506220809418623352e-01	1.488869125520645986e-01	7.243967944195740805e-02	2.641282747831316322e-02	7.704911657051762008e-02
1.134940892123529466e+03	2.557405005805665765e-01	1.684881042519280059e-01	2.507803236738330166e-01	1.489699211705693693e-01	7.248953645136302359e-02	2.641282747831316322e-02	7.711878639305114191e-02
1.136392223187626087e+03	2.555159030202851511e-01	1.683525523726356055e-01	2.509383075976470701e-01	1.490527854839436839e-01	7.253930863207835866e-02	2.641282747831316322e-02	7.718831541472120916e-02
1.137843554251722708e+03	2.552917162747576074e-01	1.682172173334967047e-01	2.510960329316256345e-01	1.491355057536221940e-01	7.258899610141253400e-02	2.641282747831316322e-02	7.725770412639640372e-02
1.139294885315819101e+03	2.550679396064502447e-01	1.680820987858488991e-01	2.512534998966646782e-01	1.492180822405694551e-01	7.263859897685454037e-02	2.641282747831316322e-02	7.732695301492319151e-02
1.140746216379915950e+03	2.548445722790633194e-01	1.679471963815324653e-01	2.514107087161931431e-01	1.493005152052806483e-01	7.268811737606781231e-02	2.641282747831316322e-02	7.739606256317367594e-02
1.142197547444012343e+03	2.546216135575297690e-01	1.678125097728903892e-01	2.515676596161308676e-01	1.493828049077825237e-01	7.273755141688480197e-02	2.641282747831316322e-02	7.746503325009272689e-02
1.143648878508108737e+03	2.543990627080146005e-01	1.676780386127685596e-01	2.517243528248476192e-01	1.494649516076339835e-01	7.278690121730181650e-02	2.641282747831316322e-02	7.753386555074444353e-02
1.145100209572205586e+03	2.541769189979136145e-01	1.675437825545159354e-01	2.518807885731224050e-01	1.495469555639270531e-01	7.283616689547381395e-02	2.641282747831316322e-02	7.760255993635815919e-02
1.146551540636302207e+03	2.539551816958524610e-01	1.674097412519844341e-01	2.520369670941034479e-01	1.496288170352876867e-01	7.288534856970926845e-02	2.641282747831316322e-02	7.767111687437376621e-02
1.148002871700398828e+03	2.537338500716853629e-01	1.672759143595291265e-01	2.521928886232683298e-01	1.497105362798763772e-01	7.293444635846527135e-02	2.641282747831316322e-02	7.773953682848647184e-02
1.149454202764495449e+03	2.535129233964946160e-01	1.671423015320084027e-01	2.523485533983853002e-01	1.497921135553891003e-01	7.298346038034250749e-02	2.641282747831316322e-02	7.780782025869097118e-02
1.150905533828591842e+03	2.532924009425889800e-01	1.670089024247838061e-01	2.525039616594744185e-01	1.498735491190581470e-01	7.303239075408049508e-02	2.641282747831316322e-02	7.787596762132514838e-02
1.152356864892688463e+03	2.530722819835026782e-01	1.668757166937202274e-01	2.526591136487695288e-01	1.499548432276527066e-01	7.308123759855279788e-02	2.641282747831316322e-02	7.794397936911308389e-02
1.153808195956785084e+03	2.528525657939945104e-01	1.667427439951858770e-01	2.528140096106807344e-01	1.500359961374798934e-01	7.313000103276234842e-02	2.641282747831316322e-02	7.801185595120760374e-02
1.155259527020881706e+03	2.526332516500466863e-01	1.666099839860522847e-01	2.529686497917574273e-01	1.501170081043853577e-01	7.317868117583684051e-02	2.641282747831316322e-02	7.807959781323232928e-02
1.156710858084978327e+03	2.524143388288636602e-01	1.664774363236944110e-01	2.531230344406514288e-01	1.501978793837542014e-01	7.322727814702419125e-02	2.641282747831316322e-02	7.814720539732306070e-02
1.158162189149074720e+03	2.521958266088708545e-01	1.663451006659905085e-01	2.532771638080811294e-01	1.502786102305116445e-01	7.327579206568804460e-02	2.641282747831316322e-02	7.821467914216873041e-02
1.159613520213171569e+03	2.519777142697138261e-01	1.662129766713221490e-01	2.534310381467957396e-01	1.503592008991239404e-01	7.332422305130341378e-02	2.641282747831316322e-02	7.828201948305182900e-02
1.161064851277267962e+03	2.517600010922568243e-01	1.660810639985741965e-01	2.535846577115400957e-01	1.504396516435990427e-01	7.337257122345232363e-02	2.641282747831316322e-02	7.834922685188829006e-02
1.162516182341364356e+03	2.515426863585819572e-01	1.659493623071348345e-01	2.537380227590200765e-01	1.505199627174874932e-01	7.342083670181953625e-02	2.641282747831316322e-02	7.841630167726688916e-02
1.163967513405461204e+03	2.513257693519875824e-01	1.658178712568954549e-01	2.538911335478681863e-01	1.506001343738831155e-01	7.346901960618835992e-02	2.641282747831316322e-02	7.848324438448810170e-02
1.165418844469557826e+03	2.511092493569874184e-01	1.656865905082506030e-01	2.540439903386098597e-01	1.506801668654238757e-01	7.351712005643651349e-02	2.641282747831316322e-02	7.855005539560251659e-02
1.166870175533654447e+03	2.508931256593092685e-01	1.655555197220979491e-01	2.541965933936300992e-01	1.507600604442926040e-01	7.356513817253200471e-02	2.641282747831316322e-02	7.861673512944881981e-02
1.168321506597751068e+03	2.506773975458938541e-01	1.654246585598381225e-01	2.543489429771406130e-01	1.508398153622178273e-01	7.361307407452918894e-02	2.641282747831316322e-02	7.868328400169108394e-02
1.169772837661847461e+03	2.504620643048935946e-01	1.652940066833747390e-01	2.545010393551473404e-01	1.509194318704744631e-01	7.366092788256471680e-02	2.641282747831316322e-02	7.874970242485584970e-02
1.171224168725944082e+03	2.502471252256711631e-01	1.651635637551142344e-01	2.546528827954182561e-01	1.509989102198847077e-01	7.370869971685374555e-02	2.641282747831316322e-02	7.881599080836855509e-02
1.172675499790040703e+03	2.500325795987985988e-01	1.650333294379658089e-01	2.548044735674519501e-01	1.510782506608188136e-01	7.375638969768595621e-02	2.641282747831316322e-02	7.888214955858953437e-02
1.174126830854137097e+03	2.498184267160558358e-01	1.649033033953412331e-01	2.549558119424463198e-01	1.511574534431956995e-01	7.380399794542188974e-02	2.641282747831316322e-02	7.894817907884964236e-02
1.175578161918233945e+03	2.496046658704295096e-01	1.647734852911547920e-01	2.551068981932679280e-01	1.512365188164839225e-01	7.385152458048914459e-02	2.641282747831316322e-02	7.901407976948532363e-02
1.177029492982330339e+03	2.493912963561116525e-01	1.646438747898231469e-01	2.552577325944213604e-01	1.513154470297023713e-01	7.389896972337872683e-02	2.641282747831316322e-02	7.907985202787334855e-02
1.178480824046426733e+03	2.491783174684984170e-01	1.645144715562651405e-01	2.554083154220195828e-01	1.513942383314210716e-01	7.394633349464142802e-02	2.641282747831316322e-02	7.914549624846496656e-02
1.179932155110523581e+03	2.489657285041888823e-01	1.643852752559016861e-01	2.555586469537541872e-01	1.514728929697618798e-01	7.399361601488421702e-02	2.641282747831316322e-02	7.921101282281975409e-02
1.181383486174620202e+03	2.487535287609836110e-01	1.642562855546556566e-01	2.557087274688662482e-01	1.515514111923993434e-01	7.404081740476675666e-02	2.641282747831316322e-02	7.927640213963896287e-02
1.182834817238716823e+03	2.485417175378834831e-01	1.641275021189516348e-01	2.558585572481175130e-01	1.516297932465614784e-01	7.408793778499793425e-02	2.641282747831316322e-02	7.934166458479852135e-02
1.184286148302813444e+03	2.483302941350882809e-01	1.639989246157157465e-01	2.560081365737621462e-01	1.517080393790304071e-01	7.413497727633244772e-02	2.641282747831316322e-02	7.940680054138148092e-02
1.185737479366910065e+03	2.481192578539954396e-01	1.638705527123755779e-01	2.561574657295184743e-01	1.517861498361433581e-01	7.418193599956739159e-02	2.641282747831316322e-02	7.947181038971022626e-02
1.187188810431006686e+03	2.479086079971987155e-01	1.637423860768597861e-01	2.563065450005416746e-01	1.518641248637931929e-01	7.422881407553900968e-02	2.641282747831316322e-02	7.953669450737813063e-02
1.188640141495103080e+03	2.476983438684867422e-01	1.636144243775980722e-01	2.564553746733960748e-01	1.519419647074293778e-01	7.427561162511936432e-02	2.641282747831316322e-02	7.960145326928089182e-02
1.190091472559199701e+03	2.474884647728418097e-01	1.634866672835209311e-01	2.566039550360285637e-01	1.520196696120585667e-01	7.432232876921313069e-02	2.641282747831316322e-02	7.966608704764745197e-02
1.191542803623296322e+03	2.472789700164385041e-01	1.633591144640594295e-01	2.567522863777420561e-01	1.520972398222455446e-01	7.436896562875444650e-02	2.641282747831316322e-02	7.973059621207048697e-02
1.192994134687392716e+03	2.470698589066422646e-01	1.632317655891449559e-01	2.569003689891690145e-01	1.521746755821138386e-01	7.441552232470372008e-02	2.641282747831316322e-02	7.979498112953664624e-02
1.194445465751489564e+03	2.468611307520080511e-01	1.631046203292089991e-01	2.570482031622459695e-01	1.522519771353465778e-01	7.446199897804460510e-02	2.641282747831316322e-02	7.985924216445619561e-02
1.195896796815585958e+03	2.466527848622790120e-01	1.629776783551829256e-01	2.571957891901877624e-01	1.523291447251872432e-01	7.450839570978096127e-02	2.641282747831316322e-02	7.992337967869247994e-02
1.197348127879682352e+03	2.464448205483850685e-01	1.628509393384977300e-01	2.573431273674623432e-01	1.524061785944404168e-01	7.455471264093381512e-02	2.641282747831316322e-02	7.998739403159089989e-02
1.198799458943779200e+03	2.462372371224414991e-01	1.627244029510837853e-01	2.574902179897664567e-01	1.524830789854725310e-01	7.460094989253839015e-02	2.641282747831316322e-02	8.005128558000756955e-02
1.200250790007875821e+03	2.460300338977475798e-01	1.625980688653705653e-01	2.576370613540004961e-01	1.525598461402126460e-01	7.464710758564128967e-02	2.641282747831316322e-02	8.011505467833762717e-02
1.201702121071972442e+03	2.458232101887851684e-01	1.624719367542863946e-01	2.577836577582447442e-01	1.526364803001532267e-01	7.469318584129754079e-02	2.641282747831316322e-02	8.017870167854311558e-02
1.203153452136069063e+03	2.456167653112172888e-01	1.623460062912581436e-01	2.579300075017355032e-01	1.527129817063508921e-01	7.473918478056783277e-02	2.641282747831316322e-02	8.024222693018059904e-02
1.204604783200165684e+03	2.454106985818866882e-01	1.622202771502110064e-01	2.580761108848414476e-01	1.527893505994271095e-01	7.478510452451567203e-02	2.641282747831316322e-02	8.030563078042836367e-02
1.206056114264262078e+03	2.452050093188144209e-01	1.620947490055681672e-01	2.582219682090406421e-01	1.528655872195690268e-01	7.483094519420464830e-02	2.641282747831316322e-02	8.036891357411334036e-02
1.207507445328358699e+03	2.449996968411985165e-01	1.619694215322504960e-01	2.583675797768975047e-01	1.529416918065302500e-01	7.487670691069581164e-02	2.641282747831316322e-02	8.043207565373759749e-02
1.208958776392455093e+03	2.447947604694124257e-01	1.618442944056762978e-01	2.585129458920403800e-01	1.530176645996315088e-01	7.492238979504492469e-02	2.641282747831316322e-02	8.049511735950461155e-02
1.210410107456551941e+03	2.445901995250036320e-01	1.617193673017609801e-01	2.586580668591391685e-01	1.530935058377614622e-01	7.496799396829985362e-02	2.641282747831316322e-02	8.055803902934507987e-02
1.211861438520648335e+03	2.443860133306921811e-01	1.615946398969167475e-01	2.588029429838832884e-01	1.531692157593774473e-01	7.501351955149798689e-02	2.641282747831316322e-02	8.062084099894253897e-02
1.213312769584745183e+03	2.441822012103691542e-01	1.614701118680522129e-01	2.589475745729603595e-01	1.532447946025062291e-01	7.505896666566369557e-02	2.641282747831316322e-02	8.068352360175858051e-02
1.214764100648841804e+03	2.439787624890953910e-01	1.613457828925722315e-01	2.590919619340342761e-01	1.533202426047447220e-01	7.510433543180580762e-02	2.641282747831316322e-02	8.074608716905773420e-02
1.216215431712937971e+03	2.437756964930998527e-01	1.612216526483774004e-01	2.592361053757247791e-01	1.533955600032608502e-01	7.514962597091516538e-02	2.641282747831316322e-02	8.080853202993210083e-02
1.217666762777034819e+03	2.435730025497782614e-01	1.610977208138638095e-01	2.593800052075861395e-01	1.534707470347941305e-01	7.519483840396216923e-02	2.641282747831316322e-02	8.087085851132561065e-02
1.219118093841131440e+03	2.433706799876915461e-01	1.609739870679226803e-01	2.595236617400868973e-01	1.535458039356565052e-01	7.523997285189432116e-02	2.641282747831316322e-02	8.093306693805810137e-02
1.220569424905228061e+03	2.431687281365644271e-01	1.608504510899400330e-01	2.596670752845895991e-01	1.536207309417331746e-01	7.528502943563399052e-02	2.641282747831316322e-02	8.099515763284886871e-02
1.222020755969324682e+03	2.429671463272838339e-01	1.607271125597963257e-01	2.598102461533307039e-01	1.536955282884831520e-01	7.533000827607594374e-02	2.641282747831316322e-02	8.105713091634013379e-02
1.223472087033421303e+03	2.427659338918974896e-01	1.606039711578660656e-01	2.599531746594010428e-01	1.537701962109401799e-01	7.537490949408513774e-02	2.641282747831316322e-02	8.111898710712012184e-02
1.224923418097517697e+03	2.425650901636124679e-01	1.604810265650174761e-01	2.600958611167264456e-01	1.538447349437133960e-01	7.541973321049444401e-02	2.641282747831316322e-02	8.118072652174586346e-02
1.226374749161614318e+03	2.423646144767934996e-01	1.603582784626120805e-01	2.602383058400483673e-01	1.539191447209880548e-01	7.546447954610237263e-02	2.641282747831316322e-02	8.124234947476570434e-02
1.227826080225710712e+03	2.421645061669616683e-01	1.602357265325044799e-01	2.603805091449051812e-01	1.539934257765262771e-01	7.550914862167093511e-02	2.641282747831316322e-02	8.130385627874152366e-02
1.229277411289807560e+03	2.419647645707928008e-01	1.601133704570417149e-01	2.605224713476134712e-01	1.540675783436679380e-01	7.555374055792345167e-02	2.641282747831316322e-02	8.136524724427071642e-02
1.230728742353903954e+03	2.417653890261159400e-01	1.599912099190630987e-01	2.606641927652496027e-01	1.541416026553311669e-01	7.559825547554245573e-02	2.641282747831316322e-02	8.142652268000784288e-02
1.232180073418000802e+03	2.415663788719119021e-01	1.598692446018997460e-01	2.608056737156316807e-01	1.542154989440132073e-01	7.564269349516751506e-02	2.641282747831316322e-02	8.148768289268605580e-02
1.233631404482097196e+03	2.413677334483116388e-01	1.597474741893741834e-01	2.609469145173016758e-01	1.542892674417911947e-01	7.568705473739326117e-02	2.641282747831316322e-02	8.154872818713820859e-02
1.235082735546193817e+03	2.411694520965947941e-01	1.596258983657999064e-01	2.610879154895076049e-01	1.543629083803228219e-01	7.573133932276730762e-02	2.641282747831316322e-02	8.160965886631772748e-02
1.236534066610290438e+03	2.409715341591881221e-01	1.595045168159810733e-01	2.612286769521863783e-01	1.544364219908471170e-01	7.577554737178825162e-02	2.641282747831316322e-02	8.167047523131926168e-02
1.237985397674387059e+03	2.407739789796639884e-01	1.593833292252120060e-01	2.613691992259463692e-01	1.545098085041850811e-01	7.581967900490370338e-02	2.641282747831316322e-02	8.173117758139900046e-02
1.239436728738483680e+03	2.405767859027388433e-01	1.592623352792768288e-01	2.615094826320507049e-01	1.545830681507406323e-01	7.586373434250834324e-02	2.641282747831316322e-02	8.179176621399474045e-02
1.240888059802580301e+03	2.403799542742715845e-01	1.591415346644489692e-01	2.616495274924006131e-01	1.546562011605011056e-01	7.590771350494199265e-02	2.641282747831316322e-02	8.185224142474577247e-02
1.242339390866676695e+03	2.401834834412621411e-01	1.590209270674908248e-01	2.617893341295186582e-01	1.547292077630381124e-01	7.595161661248774065e-02	2.641282747831316322e-02	8.191260350751246311e-02
1.243790721930773088e+03	2.399873727518498090e-01	1.589005121756533190e-01	2.619289028665328645e-01	1.548020881875082078e-01	7.599544378537009814e-02	2.641282747831316322e-02	8.197285275439558649e-02
1.245242052994869937e+03	2.397916215553117236e-01	1.587802896766754568e-01	2.620682340271603961e-01	1.548748426626537500e-01	7.603919514375315214e-02	2.641282747831316322e-02	8.203298945575543399e-02
1.246693384058966330e+03	2.395962292020613338e-01	1.586602592587838534e-01	2.622073279356917919e-01	1.549474714168034561e-01	7.608287080773878941e-02	2.641282747831316322e-02	8.209301390023071576e-02
1.248144715123063179e+03	2.394011950436467917e-01	1.585404206106923730e-01	2.623461849169755333e-01	1.550199746778732068e-01	7.612647089736487849e-02	2.641282747831316322e-02	8.215292637475711535e-02
1.249596046187159800e+03	2.392065184327494265e-01	1.584207734216015739e-01	2.624848052964027234e-01	1.550923526733667956e-01	7.616999553260356270e-02	2.641282747831316322e-02	8.221272716458577490e-02
1.251047377251256421e+03	2.390121987231821898e-01	1.583013173811983754e-01	2.626231893998917655e-01	1.551646056303766230e-01	7.621344483335952547e-02	2.641282747831316322e-02	8.227241655330137793e-02
1.252498708315352815e+03	2.388182352698879907e-01	1.581820521796554746e-01	2.627613375538734863e-01	1.552367337755844179e-01	7.625681891946832491e-02	2.641282747831316322e-02	8.233199482284017656e-02
1.253950039379449436e+03	2.386246274289382241e-01	1.580629775076311250e-01	2.628992500852762593e-01	1.553087373352619593e-01	7.630011791069471472e-02	2.641282747831316322e-02	8.239146225350758856e-02
1.255401370443546057e+03	2.384313745575311339e-01	1.579440930562683587e-01	2.630369273215117376e-01	1.553806165352718538e-01	7.634334192673095099e-02	2.641282747831316322e-02	8.245081912399582214e-02
1.256852701507642678e+03	2.382384760139902857e-01	1.578253985171947371e-01	2.631743695904604219e-01	1.554523716010681456e-01	7.638649108719526570e-02	2.641282747831316322e-02	8.251006571140104273e-02
1.258304032571739299e+03	2.380459311577628745e-01	1.577068935825218787e-01	2.633115772204572824e-01	1.555240027576971218e-01	7.642956551163021528e-02	2.641282747831316322e-02	8.256920229124049826e-02
1.259755363635835920e+03	2.378537393494181973e-01	1.575885779448449042e-01	2.634485505402782146e-01	1.555955102297980619e-01	7.647256531950115399e-02	2.641282747831316322e-02	8.262822913746933895e-02
1.261206694699932314e+03	2.376618999506461827e-01	1.574704512972419646e-01	2.635852898791259946e-01	1.556668942416038481e-01	7.651549063019466579e-02	2.641282747831316322e-02	8.268714652249722907e-02
1.262658025764028707e+03	2.374704123242555587e-01	1.573525133332738524e-01	2.637217955666169011e-01	1.557381550169417150e-01	7.655834156301707938e-02	2.641282747831316322e-02	8.274595471720479212e-02
1.264109356828125556e+03	2.372792758341724650e-01	1.572347637469833914e-01	2.638580679327671152e-01	1.558092927792340543e-01	7.660111823719292778e-02	2.641282747831316322e-02	8.280465399095988943e-02
1.265560687892221949e+03	2.370884898454387324e-01	1.571172022328950757e-01	2.639941073079799527e-01	1.558803077514990254e-01	7.664382077186351894e-02	2.641282747831316322e-02	8.286324461163352417e-02
1.267012018956318798e+03	2.368980537242103557e-01	1.569998284860145144e-01	2.641299140230323750e-01	1.559512001563513051e-01	7.668644928608552014e-02	2.641282747831316322e-02	8.292172684561575913e-02
1.268463350020415419e+03	2.367079668377558288e-01	1.568826422018279876e-01	2.642654884090624434e-01	1.560219702160028088e-01	7.672900389882944538e-02	2.641282747831316322e-02	8.298010095783131534e-02
1.269914681084511813e+03	2.365182285544545904e-01	1.567656430763018638e-01	2.644008307975567740e-01	1.560926181522633849e-01	7.677148472897835085e-02	2.641282747831316322e-02	8.303836721175496260e-02
1.271366012148608434e+03	2.363288382437953861e-01	1.566488308058821832e-01	2.645359415203376585e-01	1.561631441865415360e-01	7.681389189532639161e-02	2.641282747831316322e-02	8.309652586942675723e-02
1.272817343212705055e+03	2.361397952763747143e-01	1.565322050874941029e-01	2.646708209095512965e-01	1.562335485398450574e-01	7.685622551657748935e-02	2.641282747831316322e-02	8.315457719146715498e-02
1.274268674276801676e+03	2.359510990238951611e-01	1.564157656185414802e-01	2.648054692976554159e-01	1.563038314327819533e-01	7.689848571134400013e-02	2.641282747831316322e-02	8.321252143709180482e-02
1.275720005340898297e+03	2.357627488591637344e-01	1.562995120969062623e-01	2.649398870174072829e-01	1.563739930855609084e-01	7.694067259814543758e-02	2.641282747831316322e-02	8.327035886412620380e-02
1.277171336404994690e+03	2.355747441560903932e-01	1.561834442209479867e-01	2.650740744018519890e-01	1.564440337179920648e-01	7.698278629540711293e-02	2.641282747831316322e-02	8.332808972902029654e-02
1.278622667469091539e+03	2.353870842896862992e-01	1.560675616895033091e-01	2.652080317843108492e-01	1.565139535494877721e-01	7.702482692145891374e-02	2.641282747831316322e-02	8.338571428686265830e-02
1.280073998533187932e+03	2.351997686360622619e-01	1.559518642018855872e-01	2.653417594983699113e-01	1.565837527990633360e-01	7.706679459453404102e-02	2.641282747831316322e-02	8.344323279139469196e-02
1.281525329597284326e+03	2.350127965724271295e-01	1.558363514578841313e-01	2.654752578778686867e-01	1.566534316853375464e-01	7.710868943276780185e-02	2.641282747831316322e-02	8.350064549502457523e-02
1.282976660661381175e+03	2.348261674770861229e-01	1.557210231577638437e-01	2.656085272568889932e-01	1.567229904265335649e-01	7.715051155419634654e-02	2.641282747831316322e-02	8.355795264884104123e-02
1.284427991725477568e+03	2.346398807294392541e-01	1.556058790022646632e-01	2.657415679697439637e-01	1.567924292404794806e-01	7.719226107675554449e-02	2.641282747831316322e-02	8.361515450262696492e-02
1.285879322789574417e+03	2.344539357099796328e-01	1.554909186926010378e-01	2.658743803509674430e-01	1.568617483446091143e-01	7.723393811827976296e-02	2.641282747831316322e-02	8.367225130487287998e-02
1.287330653853671038e+03	2.342683318002919401e-01	1.553761419304613700e-01	2.660069647353028865e-01	1.569309479559626852e-01	7.727554279650075686e-02	2.641282747831316322e-02	8.372924330279016281e-02
1.288781984917767431e+03	2.340830683830507908e-01	1.552615484180074890e-01	2.661393214576933675e-01	1.570000282911874490e-01	7.731707522904651686e-02	2.641282747831316322e-02	8.378613074232418856e-02
1.290233315981864052e+03	2.338981448420189291e-01	1.551471378578742066e-01	2.662714508532706970e-01	1.570689895665385027e-01	7.735853553344015920e-02	2.641282747831316322e-02	8.384291386816729308e-02
