1.001418434226643626e+03	2.782758774510238897e-01	1.818731654710803169e-01	2.351094416523506481e-01	1.406352143671148192e-01	6.751369603551007903e-02	2.655613350760779520e-02	7.003647151493679057e-02
1.002869765290740247e+03	2.780115718345141373e-01	1.817144848855397343e-01	2.352922458638395387e-01	1.407313509457400469e-01	6.757193220349952401e-02	2.655613350760779520e-02	7.012228075888357615e-02
1.004321096354836754e+03	2.777477454897598341e-01	1.815560602395991374e-01	2.354747884210397491e-01	1.408273205362506608e-01	6.763007819739136339e-02	2.655613350760779520e-02	7.020787360797581256e-02
1.005772427418933376e+03	2.774843975762478210e-01	1.813978911304384711e-01	2.356570693172718445e-01	1.409231234390380116e-01	6.768813368280489351e-02	2.655613350760779520e-02	7.029325134621552951e-02
1.007223758483029997e+03	2.772215272547620679e-01	1.812399771557411943e-01	2.358390885221141320e-01	1.410187599539640402e-01	6.774609836656841910e-02	2.655613350760779520e-02	7.037841523886669004e-02
1.008675089547126618e+03	2.769591336873732934e-01	1.810823179136869798e-01	2.360208459847522589e-01	1.411142303803623044e-01	6.780397199266069430e-02	2.655613350760779520e-02	7.046336653318110987e-02
1.010126420611223239e+03	2.766972160374296386e-01	1.809249130029453867e-01	2.362023416369767870e-01	1.412095350170385899e-01	6.786175433856048156e-02	2.655613350760779520e-02	7.054810645906572919e-02
1.011577751675319632e+03	2.764357734695490065e-01	1.807677620226704196e-01	2.363835753958651031e-01	1.413046741622719094e-01	6.791944521196313644e-02	2.655613350760779520e-02	7.063263622969692679e-02
1.013029082739416367e+03	2.761748051496119016e-01	1.806108645724957551e-01	2.365645471661794730e-01	1.413996481138152239e-01	6.797704444782705357e-02	2.655613350760779520e-02	7.071695704208702526e-02
1.014480413803512761e+03	2.759143102447550455e-01	1.804542202525308281e-01	2.367452568425096882e-01	1.414944571688963038e-01	6.803455190571683353e-02	2.655613350760779520e-02	7.080107007760773341e-02
1.015931744867609382e+03	2.756542879233661036e-01	1.802978286633573346e-01	2.369257043111868966e-01	1.415891016242185607e-01	6.809196746741308370e-02	2.655613350760779520e-02	7.088497650247448101e-02
1.017383075931706003e+03	2.753947373550788558e-01	1.801416894060264839e-01	2.371058894519915694e-01	1.416835817759617699e-01	6.814929103476205507e-02	2.655613350760779520e-02	7.096867746819573997e-02
1.018834406995802851e+03	2.751356577107692547e-01	1.799858020820565840e-01	2.372858121396764219e-01	1.417778979197829858e-01	6.820652252774087043e-02	2.655613350760779520e-02	7.105217411199032940e-02
1.020285738059899245e+03	2.748770481625515405e-01	1.798301662934312650e-01	2.374654722453236610e-01	1.418720503508172914e-01	6.826366188271661140e-02	2.655613350760779520e-02	7.113546755717610470e-02
1.021737069123995752e+03	2.746189078837753539e-01	1.796747816425977862e-01	2.376448696375525471e-01	1.419660393636786033e-01	6.832070905087969659e-02	2.655613350760779520e-02	7.121855891353240375e-02
1.023188400188092373e+03	2.743612360490231272e-01	1.795196477324660644e-01	2.378240041835936458e-01	1.420598652524605598e-01	6.837766399683394003e-02	2.655613350760779520e-02	7.130144927763908125e-02
1.024639731252188767e+03	2.741040318341075865e-01	1.793647641664076198e-01	2.380028757502423986e-01	1.421535283107371872e-01	6.843452669732758009e-02	2.655613350760779520e-02	7.138413973319401862e-02
1.026091062316285615e+03	2.738472944160699751e-01	1.792101305482551588e-01	2.381814842047051684e-01	1.422470288315637876e-01	6.849129714011097103e-02	2.655613350760779520e-02	7.146663135131134381e-02
1.027542393380382237e+03	2.735910229731784438e-01	1.790557464823021305e-01	2.383598294153479458e-01	1.423403671074777721e-01	6.854797532290818340e-02	2.655613350760779520e-02	7.154892519080198465e-02
1.028993724444478858e+03	2.733352166849264964e-01	1.789016115733026158e-01	2.385379112523585976e-01	1.424335434304993264e-01	6.860456125249107806e-02	2.655613350760779520e-02	7.163102229843835989e-02
1.030445055508575479e+03	2.730798747320321018e-01	1.787477254264713822e-01	2.387157295883307329e-01	1.425265580921323549e-01	6.866105494384550090e-02	2.655613350760779520e-02	7.171292370920437365e-02
1.031896386572671872e+03	2.728249962964366948e-01	1.785940876474841899e-01	2.388932842987778193e-01	1.426194113833652022e-01	6.871745641942025862e-02	2.655613350760779520e-02	7.179463044653242032e-02
1.033347717636768493e+03	2.725705805613041766e-01	1.784406978424780410e-01	2.390705752625842395e-01	1.427121035946714023e-01	6.877376570845064596e-02	2.655613350760779520e-02	7.187614352252813532e-02
1.034799048700865114e+03	2.723166267110206928e-01	1.782875556180517629e-01	2.392476023624004189e-01	1.428046350160105948e-01	6.882998284634885000e-02	2.655613350760779520e-02	7.195746393818430731e-02
1.036250379764961508e+03	2.720631339311940788e-01	1.781346605812665906e-01	2.394243654849872172e-01	1.428970059368293022e-01	6.888610787415472281e-02	2.655613350760779520e-02	7.203859268358474288e-02
1.037701710829058356e+03	2.718101014086534706e-01	1.779820123396468612e-01	2.396008645215151611e-01	1.429892166460615677e-01	6.894214083804062199e-02	2.655613350760779520e-02	7.211953073809898584e-02
1.039153041893154750e+03	2.715575283314491939e-01	1.778296105011808459e-01	2.397770993678231266e-01	1.430812674321299549e-01	6.899808178886497612e-02	2.655613350760779520e-02	7.220027907056861260e-02
1.040604372957251599e+03	2.713054138888524869e-01	1.776774546743215555e-01	2.399530699246407439e-01	1.431731585829462139e-01	6.905393078176980115e-02	2.655613350760779520e-02	7.228083863948596421e-02
1.042055704021347992e+03	2.710537572713555554e-01	1.775255444679877115e-01	2.401287760977783015e-01	1.432648903859121137e-01	6.910968787581737993e-02	2.655613350760779520e-02	7.236121039316568970e-02
1.043507035085444613e+03	2.708025576706717397e-01	1.773738794915646899e-01	2.403042177982875893e-01	1.433564631279202750e-01	6.916535313366262150e-02	2.655613350760779520e-02	7.244139526990993339e-02
1.044958366149541234e+03	2.705518142797352366e-01	1.772224593549055760e-01	2.404793949425966526e-01	1.434478770953548643e-01	6.922092662125711726e-02	2.655613350760779520e-02	7.252139419816748533e-02
1.046409697213637855e+03	2.703015262927014883e-01	1.770712836683321634e-01	2.406543074526212300e-01	1.435391325740924540e-01	6.927640840758206298e-02	2.655613350760779520e-02	7.260120809668753339e-02
1.047861028277734476e+03	2.700516929049474046e-01	1.769203520426361198e-01	2.408289552558556534e-01	1.436302298495028551e-01	6.933179856440677136e-02	2.655613350760779520e-02	7.268083787466816936e-02
1.049312359341831097e+03	2.698023133130711959e-01	1.767696640890799864e-01	2.410033382854449291e-01	1.437211692064498114e-01	6.938709716607056877e-02	2.655613350760779520e-02	7.276028443190041273e-02
1.050763690405927491e+03	2.695533867148930396e-01	1.766192194193984266e-01	2.411774564802403042e-01	1.438119509292919151e-01	6.944230428928549470e-02	2.655613350760779520e-02	7.283954865890768238e-02
1.052215021470024112e+03	2.693049123094550801e-01	1.764690176457992254e-01	2.413513097848401234e-01	1.439025753018833009e-01	6.949742001295777794e-02	2.655613350760779520e-02	7.291863143708135486e-02
1.053666352534120733e+03	2.690568892970216508e-01	1.763190583809645662e-01	2.415248981496175562e-01	1.439930426075743952e-01	6.955244441802627131e-02	2.655613350760779520e-02	7.299753363881245072e-02
1.055117683598217127e+03	2.688093168790794407e-01	1.761693412380521129e-01	2.416982215307365289e-01	1.440833531292128322e-01	6.960737758731601332e-02	2.655613350760779520e-02	7.307625612761990685e-02
1.056569014662313975e+03	2.685621942583381050e-01	1.760198658306961761e-01	2.418712798901572203e-01	1.441735071491442033e-01	6.966221960540562586e-02	2.655613350760779520e-02	7.315479975827549053e-02
1.058020345726410369e+03	2.683155206387301539e-01	1.758706317730088786e-01	2.420440731956324254e-01	1.442635049492128618e-01	6.971697055850685498e-02	2.655613350760779520e-02	7.323316537692567407e-02
1.059471676790506763e+03	2.680692952254113970e-01	1.757216386795812657e-01	2.422166014206955931e-01	1.443533468107626172e-01	6.977163053435538054e-02	2.655613350760779520e-02	7.331135382121055366e-02
1.060923007854603611e+03	2.678235172247612761e-01	1.755728861654844986e-01	2.423888645446418411e-01	1.444430330146376784e-01	6.982619962211146503e-02	2.655613350760779520e-02	7.338936592038017293e-02
1.062374338918700232e+03	2.675781858443826988e-01	1.754243738462709923e-01	2.425608625525021156e-01	1.445325638411832925e-01	6.988067791226972025e-02	2.655613350760779520e-02	7.346720249540812653e-02
1.063825669982796853e+03	2.673333002931027602e-01	1.752761013379754707e-01	2.427325954350122439e-01	1.446219395702467159e-01	6.993506549657686755e-02	2.655613350760779520e-02	7.354486435910290165e-02
1.065277001046893474e+03	2.670888597809726872e-01	1.751280682571161318e-01	2.429040631885766299e-01	1.447111604811777974e-01	6.998936246795690874e-02	2.655613350760779520e-02	7.362235231621674925e-02
1.066728332110990095e+03	2.668448635192681717e-01	1.749802742206957862e-01	2.430752658152277035e-01	1.448002268528299219e-01	7.004356892044276417e-02	2.655613350760779520e-02	7.369966716355255687e-02
1.068179663175086489e+03	2.666013107204894261e-01	1.748327188462028003e-01	2.432462033225814835e-01	1.448891389635607596e-01	7.009768494911386427e-02	2.655613350760779520e-02	7.377680969006851497e-02
1.069630994239183110e+03	2.663582005983614609e-01	1.746854017516123736e-01	2.434168757237900049e-01	1.449778970912330434e-01	7.015171065003909801e-02	2.655613350760779520e-02	7.385378067698082638e-02
1.071082325303279504e+03	2.661155323678341955e-01	1.745383225553874262e-01	2.435872830374906095e-01	1.450665015132154012e-01	7.020564612022456297e-02	2.655613350760779520e-02	7.393058089786465337e-02
1.072533656367376352e+03	2.658733052450825141e-01	1.743914808764796820e-01	2.437574252877529046e-01	1.451549525063830226e-01	7.025949145756570091e-02	2.655613350760779520e-02	7.400721111875305236e-02
1.073984987431472746e+03	2.656315184475064872e-01	1.742448763343306950e-01	2.439273025040234466e-01	1.452432503471186021e-01	7.031324676080322189e-02	2.655613350760779520e-02	7.408367209823438215e-02
1.075436318495569594e+03	2.653901711937315389e-01	1.740985085488728767e-01	2.440969147210688139e-01	1.453313953113130330e-01	7.036691212948265051e-02	2.655613350760779520e-02	7.415996458754792187e-02
1.076887649559666215e+03	2.651492627036081684e-01	1.739523771405304675e-01	2.442662619789168488e-01	1.454193876743663238e-01	7.042048766391709180e-02	2.655613350760779520e-02	7.423608933067790683e-02
1.078338980623762609e+03	2.649087921982125060e-01	1.738064817302204246e-01	2.444353443227968159e-01	1.455072277111881807e-01	7.047397346515277272e-02	2.655613350760779520e-02	7.431204706444609343e-02
1.079790311687859230e+03	2.646687588998458129e-01	1.736608219393534769e-01	2.446041618030784792e-01	1.455949156961990065e-01	7.052736963493726197e-02	2.655613350760779520e-02	7.438783851860274188e-02
1.081241642751955851e+03	2.644291620320349256e-01	1.735153973898349855e-01	2.447727144752100958e-01	1.456824519033304843e-01	7.058067627569000746e-02	2.655613350760779520e-02	7.446346441591625287e-02
1.082692973816052472e+03	2.641900008195319227e-01	1.733702077040658596e-01	2.449410023996560215e-01	1.457698366060265760e-01	7.063389349047498322e-02	2.655613350760779520e-02	7.453892547226131926e-02
1.084144304880149093e+03	2.639512744883142914e-01	1.732252525049434444e-01	2.451090256418337054e-01	1.458570700772441608e-01	7.068702138297529303e-02	2.655613350760779520e-02	7.461422239670580103e-02
1.085595635944245487e+03	2.637129822655846501e-01	1.730805314158623542e-01	2.452767842720500469e-01	1.459441525894538960e-01	7.074006005746945325e-02	2.655613350760779520e-02	7.468935589159625410e-02
1.087046967008342108e+03	2.634751233797708592e-01	1.729360440607153604e-01	2.454442783654378624e-01	1.460310844146409381e-01	7.079300961880934107e-02	2.655613350760779520e-02	7.476432665264219624e-02
1.088498298072438729e+03	2.632376970605258548e-01	1.727917900638942517e-01	2.456115080018920482e-01	1.461178658243058870e-01	7.084587017239944717e-02	2.655613350760779520e-02	7.483913536899911012e-02
1.089949629136535123e+03	2.630007025387273711e-01	1.726477690502904727e-01	2.457784732660056037e-01	1.462044970894653406e-01	7.089864182417755789e-02	2.655613350760779520e-02	7.491378272335029453e-02
1.091400960200631971e+03	2.627641390464778293e-01	1.725039806452960400e-01	2.459451742470059321e-01	1.462909784806528113e-01	7.095132468059647812e-02	2.655613350760779520e-02	7.498826939198746655e-02
1.092852291264728365e+03	2.625280058171044484e-01	1.723604244748043468e-01	2.461116110386910860e-01	1.463773102679195859e-01	7.100391884860687841e-02	2.655613350760779520e-02	7.506259604489023962e-02
1.094303622328825213e+03	2.622923020851585241e-01	1.722171001652107736e-01	2.462777837393662073e-01	1.464634927208353921e-01	7.105642443564116895e-02	2.655613350760779520e-02	7.513676334580450533e-02
1.095754953392921607e+03	2.620570270864156504e-01	1.720740073434134376e-01	2.464436924517804661e-01	1.465495261084892031e-01	7.110884154959813686e-02	2.655613350760779520e-02	7.521077195231969104e-02
1.097206284457018228e+03	2.618221800578751091e-01	1.719311456368140256e-01	2.466093372830639729e-01	1.466354106994900708e-01	7.116117029882847167e-02	2.655613350760779520e-02	7.528462251594492116e-02
1.098657615521114849e+03	2.615877602377599254e-01	1.717885146733182933e-01	2.467747183446653281e-01	1.467211467619678467e-01	7.121341079212101244e-02	2.655613350760779520e-02	7.535831568218417931e-02
1.100108946585211470e+03	2.613537668655162571e-01	1.716461140813367869e-01	2.469398357522894771e-01	1.468067345635740706e-01	7.126556313868960546e-02	2.655613350760779520e-02	7.543185209061041563e-02
1.101560277649308091e+03	2.611201991818132839e-01	1.715039434897855930e-01	2.471046896258359549e-01	1.468921743714826089e-01	7.131762744816062816e-02	2.655613350760779520e-02	7.550523237493858564e-02
1.103011608713404712e+03	2.608870564285427629e-01	1.713620025280868098e-01	2.472692800893377119e-01	1.469774664523905428e-01	7.136960383056105417e-02	2.655613350760779520e-02	7.557845716309774531e-02
1.104462939777501106e+03	2.606543378488187512e-01	1.712202908261692136e-01	2.474336072709003853e-01	1.470626110725189450e-01	7.142149239630704582e-02	2.655613350760779520e-02	7.565152707730227188e-02
1.105914270841597499e+03	2.604220426869769955e-01	1.710788080144688972e-01	2.475976713026421250e-01	1.471476084976136578e-01	7.147329325619299067e-02	2.655613350760779520e-02	7.572444273412189120e-02
1.107365601905694348e+03	2.601901701885748763e-01	1.709375537239296861e-01	2.477614723206339742e-01	1.472324589929460137e-01	7.152500652138095438e-02	2.655613350760779520e-02	7.579720474455099721e-02
1.108816932969790741e+03	2.599587196003906309e-01	1.707965275860038878e-01	2.479250104648407227e-01	1.473171628233137243e-01	7.157663230339063321e-02	2.655613350760779520e-02	7.586981371407690300e-02
1.110268264033887590e+03	2.597276901704230756e-01	1.706557292326526254e-01	2.480882858790625645e-01	1.474017202530415460e-01	7.162817071408948688e-02	2.655613350760779520e-02	7.594227024274721738e-02
1.111719595097984211e+03	2.594970811478910511e-01	1.705151582963464751e-01	2.482512987108770330e-01	1.474861315459821687e-01	7.167962186568339888e-02	2.655613350760779520e-02	7.601457492523640280e-02
1.113170926162080832e+03	2.592668917832330333e-01	1.703748144100658835e-01	2.484140491115818805e-01	1.475703969655169090e-01	7.173098587070753096e-02	2.655613350760779520e-02	7.608672835091133402e-02
1.114622257226177226e+03	2.590371213281065232e-01	1.702346972073016940e-01	2.485765372361382619e-01	1.476545167745564879e-01	7.178226284201749685e-02	2.655613350760779520e-02	7.615873110389606571e-02
1.116073588290273847e+03	2.588077690353875471e-01	1.700948063220556472e-01	2.487387632431147799e-01	1.477384912355419744e-01	7.183345289278086909e-02	2.655613350760779520e-02	7.623058376313575357e-02
1.117524919354370468e+03	2.585788341591700457e-01	1.699551413888406026e-01	2.489007272946320570e-01	1.478223206104453680e-01	7.188455613646881071e-02	2.655613350760779520e-02	7.630228690245968726e-02
1.118976250418467089e+03	2.583503159547653749e-01	1.698157020426812880e-01	2.490624295563078627e-01	1.479060051607704040e-01	7.193557268684806771e-02	2.655613350760779520e-02	7.637384109064355997e-02
1.120427581482563710e+03	2.581222136787016952e-01	1.696764879191143549e-01	2.492238701972031290e-01	1.479895451475534696e-01	7.198650265797310044e-02	2.655613350760779520e-02	7.644524689147082219e-02
1.121878912546660331e+03	2.578945265887233051e-01	1.695374986541890727e-01	2.493850493897682152e-01	1.480729408313641859e-01	7.203734616417842296e-02	2.655613350760779520e-02	7.651650486379338312e-02
1.123330243610756725e+03	2.576672539437901421e-01	1.693987338844674950e-01	2.495459673097900344e-01	1.481561924723064083e-01	7.208810332007120625e-02	2.655613350760779520e-02	7.658761556159138228e-02
1.124781574674853118e+03	2.574403950040767830e-01	1.692601932470249038e-01	2.497066241363399830e-01	1.482393003300187528e-01	7.213877424052396459e-02	2.655613350760779520e-02	7.665857953403226732e-02
1.126232905738949967e+03	2.572139490309722776e-01	1.691218763794501145e-01	2.498670200517220663e-01	1.483222646636755959e-01	7.218935904066747788e-02	2.655613350760779520e-02	7.672939732552912229e-02
1.127684236803046360e+03	2.569879152870790384e-01	1.689837829198458374e-01	2.500271552414221055e-01	1.484050857319877403e-01	7.223985783588383891e-02	2.655613350760779520e-02	7.680006947579808008e-02
1.129135567867143209e+03	2.567622930362123967e-01	1.688459125068289546e-01	2.501870298940571669e-01	1.484877637932031647e-01	7.229027074179973644e-02	2.655613350760779520e-02	7.687059651991523523e-02
1.130586898931239830e+03	2.565370815433997143e-01	1.687082647795307699e-01	2.503466442013259630e-01	1.485702991051078559e-01	7.234059787427972454e-02	2.655613350760779520e-02	7.694097898837259919e-02
1.132038229995336451e+03	2.563122800748796615e-01	1.685708393775973979e-01	2.505059983579597249e-01	1.486526919250265588e-01	7.239083934941975551e-02	2.655613350760779520e-02	7.701121740713347263e-02
1.133489561059432845e+03	2.560878878981016071e-01	1.684336359411899575e-01	2.506650925616735193e-01	1.487349425098235811e-01	7.244099528354087936e-02	2.655613350760779520e-02	7.708131229768705461e-02
1.134940892123529466e+03	2.558639042817246190e-01	1.682966541109846836e-01	2.508239270131185639e-01	1.488170511159034870e-01	7.249106579318287391e-02	2.655613350760779520e-02	7.715126417710228834e-02
1.136392223187626087e+03	2.556403284956169641e-01	1.681598935281734819e-01	2.509825019158347659e-01	1.488990179992119578e-01	7.254105099509824961e-02	2.655613350760779520e-02	7.722107355808115192e-02
1.137843554251722708e+03	2.554171598108548880e-01	1.680233538344638178e-01	2.511408174762040924e-01	1.489808434152364858e-01	7.259095100624612940e-02	2.655613350760779520e-02	7.729074094901114411e-02
1.139294885315819101e+03	2.551943974997222808e-01	1.678870346720791051e-01	2.512988739034044405e-01	1.490625276190072346e-01	7.264076594378643392e-02	2.655613350760779520e-02	7.736026685401707625e-02
1.140746216379915950e+03	2.549720408357094015e-01	1.677509356837588450e-01	2.514566714093642852e-01	1.491440708650977054e-01	7.269049592507405289e-02	2.655613350760779520e-02	7.742965177301237845e-02
1.142197547444012343e+03	2.547500890935122109e-01	1.676150565127587644e-01	2.516142102087174925e-01	1.492254734076255973e-01	7.274014106765314125e-02	2.655613350760779520e-02	7.749889620174948979e-02
1.143648878508108737e+03	2.545285415490315950e-01	1.674793968028510383e-01	2.517714905187592445e-01	1.493067355002534458e-01	7.278970148925154038e-02	2.655613350760779520e-02	7.756800063186979066e-02
1.145100209572205586e+03	2.543073974793723102e-01	1.673439561983244284e-01	2.519285125594022401e-01	1.493878573961895939e-01	7.283917730777531019e-02	2.655613350760779520e-02	7.763696555095284113e-02
1.146551540636302207e+03	2.540866561628420950e-01	1.672087343439843110e-01	2.520852765531332862e-01	1.494688393481887478e-01	7.288856864130327518e-02	2.655613350760779520e-02	7.770579144256492543e-02
1.148002871700398828e+03	2.538663168789510038e-01	1.670737308851529823e-01	2.522417827249708866e-01	1.495496816085528646e-01	7.293787560808176473e-02	2.655613350760779520e-02	7.777447878630712463e-02
1.149454202764495449e+03	2.536463789084101306e-01	1.669389454676696305e-01	2.523980313024230537e-01	1.496303844291319018e-01	7.298709832651935348e-02	2.655613350760779520e-02	7.784302805786252888e-02
1.150905533828591842e+03	2.534268415331308866e-01	1.668043777378904191e-01	2.525540225154459528e-01	1.497109480613245946e-01	7.303623691518168481e-02	2.655613350760779520e-02	7.791143972904310266e-02
1.152356864892688463e+03	2.532077040362238907e-01	1.666700273426886536e-01	2.527097565964027126e-01	1.497913727560791497e-01	7.308529149278644721e-02	2.655613350760779520e-02	7.797971426783580073e-02
1.153808195956785084e+03	2.529889657019981364e-01	1.665358939294548368e-01	2.528652337800231242e-01	1.498716587638940223e-01	7.313426217819844755e-02	2.655613350760779520e-02	7.804785213844812886e-02
1.155259527020881706e+03	2.527706258159599928e-01	1.664019771460966413e-01	2.530204543033636178e-01	1.499518063348187769e-01	7.318314909042460126e-02	2.655613350760779520e-02	7.811585380135309398e-02
1.156710858084978327e+03	2.525526836648120388e-01	1.662682766410390478e-01	2.531754184057681267e-01	1.500318157184547530e-01	7.323195234860917224e-02	2.655613350760779520e-02	7.818371971333358539e-02
1.158162189149074720e+03	2.523351385364522859e-01	1.661347920632243180e-01	2.533301263288288974e-01	1.501116871639558148e-01	7.328067207202899891e-02	2.655613350760779520e-02	7.825145032752629792e-02
1.159613520213171569e+03	2.521179897199730680e-01	1.660015230621120774e-01	2.534845783163484634e-01	1.501914209200292394e-01	7.332930838008884511e-02	2.655613350760779520e-02	7.831904609346491963e-02
1.161064851277267962e+03	2.519012365056598757e-01	1.658684692876792877e-01	2.536387746143015098e-01	1.502710172349362716e-01	7.337786139231676497e-02	2.655613350760779520e-02	7.838650745712283374e-02
1.162516182341364356e+03	2.516848781849905792e-01	1.657356303904202188e-01	2.537927154707978472e-01	1.503504763564930402e-01	7.342633122835953707e-02	2.655613350760779520e-02	7.845383486095532100e-02
1.163967513405461204e+03	2.514689140506340403e-01	1.656030060213464494e-01	2.539464011360452744e-01	1.504297985320713071e-01	7.347471800797825137e-02	2.655613350760779520e-02	7.852102874394120691e-02
1.165418844469557826e+03	2.512533433964493357e-01	1.654705958319869497e-01	2.540998318623133301e-01	1.505089840085991060e-01	7.352302185104386822e-02	2.655613350760779520e-02	7.858808954162389837e-02
1.166870175533654447e+03	2.510381655174844795e-01	1.653383994743878038e-01	2.542530079038975988e-01	1.505880330325616578e-01	7.357124287753288860e-02	2.655613350760779520e-02	7.865501768615201783e-02
1.168321506597751068e+03	2.508233797099753692e-01	1.652064166011124879e-01	2.544059295170841839e-01	1.506669458500020098e-01	7.361938120752310744e-02	2.655613350760779520e-02	7.872181360631938518e-02
1.169772837661847461e+03	2.506089852713446753e-01	1.650746468652414811e-01	2.545585969601146248e-01	1.507457227065218119e-01	7.366743696118935314e-02	2.655613350760779520e-02	7.878847772760458334e-02
1.171224168725944082e+03	2.503949815002008417e-01	1.649430899203724599e-01	2.547110104931517571e-01	1.508243638472820947e-01	7.371541025879936593e-02	2.655613350760779520e-02	7.885501047221003812e-02
1.172675499790040703e+03	2.501813676963368094e-01	1.648117454206200483e-01	2.548631703782454627e-01	1.509028695170040457e-01	7.376330122070975936e-02	2.655613350760779520e-02	7.892141225910045965e-02
1.174126830854137097e+03	2.499681431607288784e-01	1.646806130206159013e-01	2.550150768792993072e-01	1.509812399599696764e-01	7.381110996736187091e-02	2.655613350760779520e-02	7.898768350404096472e-02
1.175578161918233945e+03	2.497553071955356807e-01	1.645496923755083996e-01	2.551667302620373445e-01	1.510594754200226542e-01	7.385883661927790389e-02	2.655613350760779520e-02	7.905382461963460228e-02
1.177029492982330339e+03	2.495428591040969035e-01	1.644189831409627045e-01	2.553181307939715872e-01	1.511375761405689966e-01	7.390648129705700009e-02	2.655613350760779520e-02	7.911983601535942101e-02
1.178480824046426733e+03	2.493307981909321513e-01	1.642884849731605923e-01	2.554692787443696433e-01	1.512155423645778762e-01	7.395404412137134009e-02	2.655613350760779520e-02	7.918571809760503732e-02
1.179932155110523581e+03	2.491191237617397247e-01	1.641581975288003148e-01	2.556201743842230201e-01	1.512933743345822590e-01	7.400152521296241015e-02	2.655613350760779520e-02	7.925147126970888412e-02
1.181383486174620202e+03	2.489078351233955932e-01	1.640281204650964886e-01	2.557708179862157594e-01	1.513710722926798202e-01	7.404892469263718580e-02	2.655613350760779520e-02	7.931709593199177954e-02
1.182834817238716823e+03	2.486969315839519523e-01	1.638982534397798729e-01	2.559212098246934630e-01	1.514486364805335827e-01	7.409624268126452362e-02	2.655613350760779520e-02	7.938259248179317662e-02
1.184286148302813444e+03	2.484864124526361961e-01	1.637685961110973698e-01	2.560713501756329835e-01	1.515260671393726666e-01	7.414347929977145590e-02	2.655613350760779520e-02	7.944796131350594093e-02
1.185737479366910065e+03	2.482762770398496133e-01	1.636391481378117185e-01	2.562212393166120039e-01	1.516033645099930383e-01	7.419063466913967952e-02	2.655613350760779520e-02	7.951320281861065653e-02
1.187188810431006686e+03	2.480665246571661375e-01	1.635099091792013570e-01	2.563708775267794504e-01	1.516805288327582601e-01	7.423770891040196163e-02	2.655613350760779520e-02	7.957831738570954327e-02
1.188640141495103080e+03	2.478571546173312101e-01	1.633808788950602831e-01	2.565202650868263490e-01	1.517575603476002954e-01	7.428470214463872567e-02	2.655613350760779520e-02	7.964330540055988839e-02
1.190091472559199701e+03	2.476481662342603918e-01	1.632520569456978321e-01	2.566694022789567375e-01	1.518344592940200910e-01	7.433161449297455425e-02	2.655613350760779520e-02	7.970816724610707560e-02
1.191542803623296322e+03	2.474395588230382803e-01	1.631234429919385387e-01	2.568182893868592442e-01	1.519112259110885210e-01	7.437844607657488616e-02	2.655613350760779520e-02	7.977290330251722572e-02
1.192994134687392716e+03	2.472313316999170396e-01	1.629950366951218033e-01	2.569669266956788878e-01	1.519878604374469699e-01	7.442519701664267184e-02	2.655613350760779520e-02	7.983751394720933758e-02
1.194445465751489564e+03	2.470234841823153171e-01	1.628668377171018089e-01	2.571153144919893219e-01	1.520643631113081373e-01	7.447186743441502887e-02	2.655613350760779520e-02	7.990199955488712369e-02
1.195896796815585958e+03	2.468160155888168561e-01	1.627388457202472161e-01	2.572634530637654682e-01	1.521407341704567873e-01	7.451845745116009168e-02	2.655613350760779520e-02	7.996636049757034626e-02
1.197348127879682352e+03	2.466089252391691911e-01	1.626110603674409405e-01	2.574113427003565935e-01	1.522169738522504701e-01	7.456496718817377800e-02	2.655613350760779520e-02	8.003059714462580632e-02
1.198799458943779200e+03	2.464022124542823988e-01	1.624834813220800145e-01	2.575589836924595533e-01	1.522930823936201883e-01	7.461139676677669419e-02	2.655613350760779520e-02	8.009470986279797200e-02
1.200250790007875821e+03	2.461958765562277940e-01	1.623561082480751705e-01	2.577063763320924239e-01	1.523690600310712850e-01	7.465774630831101266e-02	2.655613350760779520e-02	8.015869901623907945e-02
1.201702121071972442e+03	2.459899168682365966e-01	1.622289408098507857e-01	2.578535209125689120e-01	1.524449070006840545e-01	7.470401593413740493e-02	2.655613350760779520e-02	8.022256496653901170e-02
1.203153452136069063e+03	2.457843327146986279e-01	1.621019786723444378e-01	2.580004177284723199e-01	1.525206235381145192e-01	7.475020576563209951e-02	2.655613350760779520e-02	8.028630807275473347e-02
1.204604783200165684e+03	2.455791234211609497e-01	1.619752215010067109e-01	2.581470670756307317e-01	1.525962098785951793e-01	7.479631592418387043e-02	2.655613350760779520e-02	8.034992869143933736e-02
1.206056114264262078e+03	2.453742883143265330e-01	1.618486689618010010e-01	2.582934692510917563e-01	1.526716662569356786e-01	7.484234653119113678e-02	2.655613350760779520e-02	8.041342717667065987e-02
1.207507445328358699e+03	2.451698267220529526e-01	1.617223207212030722e-01	2.584396245530983238e-01	1.527469929075236099e-01	7.488829770805910391e-02	2.655613350760779520e-02	8.047680388007971697e-02
1.208958776392455093e+03	2.449657379733509721e-01	1.615961764462009176e-01	2.585855332810640950e-01	1.528221900643252362e-01	7.493416957619691843e-02	2.655613350760779520e-02	8.054005915087859846e-02
1.210410107456551941e+03	2.447620213983832949e-01	1.614702358042943431e-01	2.587311957355499792e-01	1.528972579608861848e-01	7.497996225701487882e-02	2.655613350760779520e-02	8.060319333588808477e-02
1.211861438520648335e+03	2.445586763284630927e-01	1.613444984634947454e-01	2.588766122182401541e-01	1.529721968303321689e-01	7.502567587192171539e-02	2.655613350760779520e-02	8.066620677956487517e-02
1.213312769584745183e+03	2.443557020960527015e-01	1.612189640923247791e-01	2.590217830319191394e-01	1.530470069053697646e-01	7.507131054232185630e-02	2.655613350760779520e-02	8.072909982402858009e-02
1.214764100648841804e+03	2.441530980347621782e-01	1.610936323598180508e-01	2.591667084804485377e-01	1.531216884182871052e-01	7.511686638961276308e-02	2.655613350760779520e-02	8.079187280908819990e-02
1.216215431712937971e+03	2.439508634793479680e-01	1.609685029355187313e-01	2.593113888687448298e-01	1.531962416009546024e-01	7.516234353518227995e-02	2.655613350760779520e-02	8.085452607226838173e-02
1.217666762777034819e+03	2.437489977657115447e-01	1.608435754894813330e-01	2.594558245027567822e-01	1.532706666848257238e-01	7.520774210040609420e-02	2.655613350760779520e-02	8.091705994883531539e-02
1.219118093841131440e+03	2.435475002308979675e-01	1.607188496922702658e-01	2.596000156894434641e-01	1.533449639009376586e-01	7.525306220664515489e-02	2.655613350760779520e-02	8.097947477182232401e-02
1.220569424905228061e+03	2.433463702130944095e-01	1.605943252149595879e-01	2.597439627367525428e-01	1.534191334799119844e-01	7.529830397524317487e-02	2.655613350760779520e-02	8.104177087205509389e-02
1.222020755969324682e+03	2.431456070516289092e-01	1.604700017291326164e-01	2.598876659535989675e-01	1.534931756519555823e-01	7.534346752752413279e-02	2.655613350760779520e-02	8.110394857817657122e-02
1.223472087033421303e+03	2.429452100869688991e-01	1.603458789068815671e-01	2.600311256498437640e-01	1.535670906468611374e-01	7.538855298478984446e-02	2.655613350760779520e-02	8.116600821667160903e-02
1.224923418097517697e+03	2.427451786607196793e-01	1.602219564208072211e-01	2.601743421362732178e-01	1.536408786940079985e-01	7.543356046831758976e-02	2.655613350760779520e-02	8.122795011189121173e-02
1.226374749161614318e+03	2.425455121156231408e-01	1.600982339440185087e-01	2.603173157245782798e-01	1.537145400223628722e-01	7.547849009935767017e-02	2.655613350760779520e-02	8.128977458607654361e-02
1.227826080225710712e+03	2.423462097955562389e-01	1.599747111501321206e-01	2.604600467273343600e-01	1.537880748604804892e-01	7.552334199913118828e-02	2.655613350760779520e-02	8.135148195938264604e-02
1.229277411289807560e+03	2.421472710455296329e-01	1.598513877132722860e-01	2.606025354579813991e-01	1.538614834365043538e-01	7.556811628882761922e-02	2.655613350760779520e-02	8.141307254990176601e-02
1.230728742353903954e+03	2.419486952116861878e-01	1.597282633080701897e-01	2.607447822308040508e-01	1.539347659781675481e-01	7.561281308960268732e-02	2.655613350760779520e-02	8.147454667368649039e-02
1.232180073418000802e+03	2.417504816412995305e-01	1.596053376096637777e-01	2.608867873609121979e-01	1.540079227127932326e-01	7.565743252257603468e-02	2.655613350760779520e-02	8.153590464477249167e-02
1.233631404482097196e+03	2.415526296827726627e-01	1.594826102936971468e-01	2.610285511642218004e-01	1.540809538672955614e-01	7.570197470882905622e-02	2.655613350760779520e-02	8.159714677520102377e-02
1.235082735546193817e+03	2.413551386856364334e-01	1.593600810363203502e-01	2.611700739574361330e-01	1.541538596681803208e-01	7.574643976940276247e-02	2.655613350760779520e-02	8.165827337504123762e-02
1.236534066610290438e+03	2.411580080005480686e-01	1.592377495141888422e-01	2.613113560580270778e-01	1.542266403415456788e-01	7.579082782529561468e-02	2.655613350760779520e-02	8.171928475241195533e-02
1.237985397674387059e+03	2.409612369792898667e-01	1.591156154044632010e-01	2.614523977842164171e-01	1.542992961130827956e-01	7.583513899746145703e-02	2.655613350760779520e-02	8.178018121350351388e-02
1.239436728738483680e+03	2.407648249747674774e-01	1.589936783848086010e-01	2.615931994549581252e-01	1.543718272080766285e-01	7.587937340680742104e-02	2.655613350760779520e-02	8.184096306259899811e-02
1.240888059802580301e+03	2.405687713410086248e-01	1.588719381333944247e-01	2.617337613899201609e-01	1.544442338514065982e-01	7.592353117419191333e-02	2.655613350760779520e-02	8.190163060209544599e-02
1.242339390866676695e+03	2.403730754331615538e-01	1.587503943288939290e-01	2.618740839094670370e-01	1.545165162675473658e-01	7.596761242042263107e-02	2.655613350760779520e-02	8.196218413252466528e-02
1.243790721930773088e+03	2.401777366074936138e-01	1.586290466504836627e-01	2.620141673346421674e-01	1.545886746805694156e-01	7.601161726625454973e-02	2.655613350760779520e-02	8.202262395257380045e-02
1.245242052994869937e+03	2.399827542213895937e-01	1.585078947778431335e-01	2.621540119871508256e-01	1.546607093141398603e-01	7.605554583238802180e-02	2.655613350760779520e-02	8.208295035910569137e-02
1.246693384058966330e+03	2.397881276333505007e-01	1.583869383911543360e-01	2.622936181893433805e-01	1.547326203915231346e-01	7.609939823946682003e-02	2.655613350760779520e-02	8.214316364717892671e-02
1.248144715123063179e+03	2.395938562029918395e-01	1.582661771711013909e-01	2.624329862641982536e-01	1.548044081355816615e-01	7.614317460807626392e-02	2.655613350760779520e-02	8.220326411006766143e-02
1.249596046187159800e+03	2.393999392910422241e-01	1.581456107988699344e-01	2.625721165353057662e-01	1.548760727687766015e-01	7.618687505874142951e-02	2.655613350760779520e-02	8.226325203928115670e-02
1.251047377251256421e+03	2.392063762593417686e-01	1.580252389561468129e-01	2.627110093268516522e-01	1.549476145131684912e-01	7.623049971192522034e-02	2.655613350760779520e-02	8.232312772458312555e-02
1.252498708315352815e+03	2.390131664708408377e-01	1.579050613251195556e-01	2.628496649636012927e-01	1.550190335904179928e-01	7.627404868802663274e-02	2.655613350760779520e-02	8.238289145401078706e-02
1.253950039379449436e+03	2.388203092895982427e-01	1.577850775884759582e-01	2.629880837708836183e-01	1.550903302217865876e-01	7.631752210737899333e-02	2.655613350760779520e-02	8.244254351389369850e-02
1.255401370443546057e+03	2.386278040807798817e-01	1.576652874294035833e-01	2.631262660745757875e-01	1.551615046281372978e-01	7.636092009024819660e-02	2.655613350760779520e-02	8.250208418887236550e-02
1.256852701507642678e+03	2.384356502106571851e-01	1.575456905315892886e-01	2.632642122010877550e-01	1.552325570299353252e-01	7.640424275683099786e-02	2.655613350760779520e-02	8.256151376191658842e-02
1.258304032571739299e+03	2.382438470466055613e-01	1.574262865792188104e-01	2.634019224773470613e-01	1.553034876472487724e-01	7.644749022725330634e-02	2.655613350760779520e-02	8.262083251434358677e-02
1.259755363635835920e+03	2.380523939571030367e-01	1.573070752569761810e-01	2.635393972307840671e-01	1.553742966997493924e-01	7.649066262156853369e-02	2.655613350760779520e-02	8.268004072583590158e-02
1.261206694699932314e+03	2.378612903117285349e-01	1.571880562500433953e-01	2.636766367893169649e-01	1.554449844067131992e-01	7.653376005975598417e-02	2.655613350760779520e-02	8.273913867445907566e-02
1.262658025764028707e+03	2.376705354811604054e-01	1.570692292440997728e-01	2.638136414813374020e-01	1.555155509870212449e-01	7.657678266171918935e-02	2.655613350760779520e-02	8.279812663667908412e-02
1.264109356828125556e+03	2.374801288371749530e-01	1.569505939253216242e-01	2.639504116356963248e-01	1.555859966591602028e-01	7.661973054728438148e-02	2.655613350760779520e-02	8.285700488737959835e-02
1.265560687892221949e+03	2.372900697526448832e-01	1.568321499803816133e-01	2.640869475816895462e-01	1.556563216412231998e-01	7.666260383619891150e-02	2.655613350760779520e-02	8.291577369987897239e-02
1.267012018956318798e+03	2.371003576015376924e-01	1.567138970964483125e-01	2.642232496490439786e-01	1.557265261509103993e-01	7.670540264812968079e-02	2.655613350760779520e-02	8.297443334594706288e-02
1.268463350020415419e+03	2.369109917589141967e-01	1.565958349611858147e-01	2.643593181679039783e-01	1.557966104055297507e-01	7.674812710266167015e-02	2.655613350760779520e-02	8.303298409582177131e-02
1.269914681084511813e+03	2.367219716009269781e-01	1.564779632627530392e-01	2.644951534688175232e-01	1.558665746219976000e-01	7.679077731929645489e-02	2.655613350760779520e-02	8.309142621822550312e-02
1.271366012148608434e+03	2.365332965048188851e-01	1.563602816898033709e-01	2.646307558827233897e-01	1.559364190168394948e-01	7.683335341745071989e-02	2.655613350760779520e-02	8.314975998038127980e-02
1.272817343212705055e+03	2.363449658489213401e-01	1.562427899314841329e-01	2.647661257409373858e-01	1.560061438061907668e-01	7.687585551645484405e-02	2.655613350760779520e-02	8.320798564802871222e-02
1.274268674276801676e+03	2.361569790126529234e-01	1.561254876774360034e-01	2.649012633751398060e-01	1.560757492057972817e-01	7.691828373555142928e-02	2.655613350760779520e-02	8.326610348543980744e-02
1.275720005340898297e+03	2.359693353765177914e-01	1.560083746177925446e-01	2.650361691173623857e-01	1.561452354310161050e-01	7.696063819389398208e-02	2.655613350760779520e-02	8.332411375543448406e-02
1.277171336404994690e+03	2.357820343221041226e-01	1.558914504431796466e-01	2.651708432999758114e-01	1.562146026968161683e-01	7.700291901054545640e-02	2.655613350760779520e-02	8.338201671939601822e-02
1.278622667469091539e+03	2.355950752320825348e-01	1.557747148447151397e-01	2.653052862556774527e-01	1.562838512177789629e-01	7.704512630447700461e-02	2.655613350760779520e-02	8.343981263728618425e-02
1.280073998533187932e+03	2.354084574902045313e-01	1.556581675140081278e-01	2.654394983174785949e-01	1.563529812080992343e-01	7.708726019456658973e-02	2.655613350760779520e-02	8.349750176766021492e-02
1.281525329597284326e+03	2.352221804813009465e-01	1.555418081431584887e-01	2.655734798186928924e-01	1.564219928815856753e-01	7.712932079959766707e-02	2.655613350760779520e-02	8.355508436768166458e-02
1.282976660661381175e+03	2.350362435912804193e-01	1.554256364247563471e-01	2.657072310929241010e-01	1.564908864516615650e-01	7.717130823825790742e-02	2.655613350760779520e-02	8.361256069313702244e-02
1.284427991725477568e+03	2.348506462071277556e-01	1.553096520518816026e-01	2.658407524740544203e-01	1.565596621313654624e-01	7.721322262913800361e-02	2.655613350760779520e-02	8.366993099845010384e-02
1.285879322789574417e+03	2.346653877169024016e-01	1.551938547181032912e-01	2.659740442962331697e-01	1.566283201333519004e-01	7.725506409073028269e-02	2.655613350760779520e-02	8.372719553669633052e-02
1.287330653853671038e+03	2.344804675097368618e-01	1.550782441174791415e-01	2.661071068938647977e-01	1.566968606698920519e-01	7.729683274142763738e-02	2.655613350760779520e-02	8.378435455961683043e-02
1.288781984917767431e+03	2.342958849758352002e-01	1.549628199445549914e-01	2.662399406015982239e-01	1.567652839528743958e-01	7.733852869952223541e-02	2.655613350760779520e-02	8.384140831763228774e-02
1.290233315981864052e+03	2.341116395064713196e-01	1.548475818943642057e-01	2.663725457543154040e-01	1.568335901938054389e-01	7.738015208320435379e-02	2.655613350760779520e-02	8.389835705985669578e-02
