1.001418434226643626e+03	2.783063522174991089e-01	1.817778572348628385e-01	2.351030258744171431e-01	1.405683555338209378e-01	6.748529679112394430e-02	2.673069783390271542e-02	7.002841451399560713e-02
1.003837319333471214e+03	2.778694567634112378e-01	1.815098262989526534e-01	2.354086935191785912e-01	1.407261109137201704e-01	6.758282783897012758e-02	2.673069783390271542e-02	7.017238683148678546e-02
1.006256204440298802e+03	2.774338723427167142e-01	1.812425245601355372e-01	2.357136393550561537e-01	1.408834141552192387e-01	6.768010695587813041e-02	2.673069783390271542e-02	7.031574479671379163e-02
1.008675089547126618e+03	2.769995951538472001e-01	1.809759500902093365e-01	2.360178630177684200e-01	1.410402666036490726e-01	6.777713268922386236e-02	2.673069783390271542e-02	7.045849461102167421e-02
1.011093974653954206e+03	2.765666214046943461e-01	1.807101009648660050e-01	2.363213639918486098e-01	1.411966696004204880e-01	6.787390387539984915e-02	2.673069783390271542e-02	7.060064232849019850e-02
1.013512859760782021e+03	2.761349473125029874e-01	1.804449752636155258e-01	2.366241416476358717e-01	1.413526244830340950e-01	6.797041959434661773e-02	2.673069783390271542e-02	7.074219386458444059e-02
1.015931744867609382e+03	2.757045691037852686e-01	1.801805710697274576e-01	2.369261952719824149e-01	1.415081325850902072e-01	6.806667913141012383e-02	2.673069783390271542e-02	7.088315500372412148e-02
1.018350629974437197e+03	2.752754830142528086e-01	1.799168864701868320e-01	2.372275240937015417e-01	1.416631952362988056e-01	6.816268194533968428e-02	2.673069783390271542e-02	7.102353140593989367e-02
1.020769515081264785e+03	2.748476852887635213e-01	1.796539195556620672e-01	2.375281273046137287e-01	1.418178137624893365e-01	6.825842764143325025e-02	2.673069783390271542e-02	7.116332861275763422e-02
1.023188400188092373e+03	2.744211721812802596e-01	1.793916684204827638e-01	2.378280040769097936e-01	1.419719894856203701e-01	6.835391594899710432e-02	2.673069783390271542e-02	7.130255205242924665e-02
1.025607285294920075e+03	2.739959399548394514e-01	1.791301311626255777e-01	2.381271535774336645e-01	1.421257237237894544e-01	6.844914670242231713e-02	2.673069783390271542e-02	7.144120704460910076e-02
1.028026170401747549e+03	2.735719848815280075e-01	1.788693058837067529e-01	2.384255749793892099e-01	1.422790177912428566e-01	6.854411982529295955e-02	2.673069783390271542e-02	7.157929880455979332e-02
1.030445055508575479e+03	2.731493032424667788e-01	1.786091906889801795e-01	2.387232674718940406e-01	1.424318729983851672e-01	6.863883531703611485e-02	2.673069783390271542e-02	7.171683244695721549e-02
1.032863940615402726e+03	2.727278913277997319e-01	1.783497836873398357e-01	2.390202302677347235e-01	1.425842906517889586e-01	6.873329324170260324e-02	2.673069783390271542e-02	7.185381298935362981e-02
1.035282825722230655e+03	2.723077454366869543e-01	1.780910829913257276e-01	2.393164626096197234e-01	1.427362720542044716e-01	6.882749371853427722e-02	2.673069783390271542e-02	7.199024535534830072e-02
1.037701710829058356e+03	2.718888618773016574e-01	1.778330867171328267e-01	2.396119637751791265e-01	1.428878185045692750e-01	6.892143691402921601e-02	2.673069783390271542e-02	7.212613437750733936e-02
1.040120595935886058e+03	2.714712369668298431e-01	1.775757929846221439e-01	2.399067330809190601e-01	1.430389312980179239e-01	6.901512303526301240e-02	2.673069783390271542e-02	7.226148480006749919e-02
1.042539481042713533e+03	2.710548670314720243e-01	1.773191999173336642e-01	2.402007698853054762e-01	1.431896117258915080e-01	6.910855232426328654e-02	2.673069783390271542e-02	7.239630128145359278e-02
1.044958366149541234e+03	2.706397484064467784e-01	1.770633056425005014e-01	2.404940735911230421e-01	1.433398610757473934e-01	6.920172505326764589e-02	2.673069783390271542e-02	7.253058839663410751e-02
1.047377251256368709e+03	2.702258774359956872e-01	1.768081082910643309e-01	2.407866436472319294e-01	1.434896806313687989e-01	6.929464152072267735e-02	2.673069783390271542e-02	7.266435063933601723e-02
1.049796136363196410e+03	2.698132504733888881e-01	1.765536059976912653e-01	2.410784795498240041e-01	1.436390716727743988e-01	6.938730204790442835e-02	2.673069783390271542e-02	7.279759242413641473e-02
1.052215021470024112e+03	2.694018638809316246e-01	1.762997969007884802e-01	2.413695808432650691e-01	1.437880354762279822e-01	6.947970697606054014e-02	2.673069783390271542e-02	7.293031808844574471e-02
1.054633906576851814e+03	2.689917140299706300e-01	1.760466791425209232e-01	2.416599471205944649e-01	1.439365733142481674e-01	6.957185666398997548e-02	2.673069783390271542e-02	7.306253189439530782e-02
1.057052791683679516e+03	2.685827973009015102e-01	1.757942508688283001e-01	2.419495780237419236e-01	1.440846864556178386e-01	6.966375148599018852e-02	2.673069783390271542e-02	7.319423803063966616e-02
1.059471676790506763e+03	2.681751100831757384e-01	1.755425102294421169e-01	2.422384732435119425e-01	1.442323761653939718e-01	6.975539183011270072e-02	2.673069783390271542e-02	7.332544061408294289e-02
1.061890561897334692e+03	2.677686487753073163e-01	1.752914553779024720e-01	2.425266325193779215e-01	1.443796437049171821e-01	6.984677809667773352e-02	2.673069783390271542e-02	7.345614369153674605e-02
1.064309447004162394e+03	2.673634097848798796e-01	1.750410844715748204e-01	2.428140556391207017e-01	1.445264903318213279e-01	6.993791069700643070e-02	2.673069783390271542e-02	7.358635124131621130e-02
1.066728332110990095e+03	2.669593895285527485e-01	1.747913956716663775e-01	2.431007424383412607e-01	1.446729173000432522e-01	7.002879005233600407e-02	2.673069783390271542e-02	7.371606717477968695e-02
1.069147217217817570e+03	2.665565844320675892e-01	1.745423871432422724e-01	2.433866927998715179e-01	1.448189258598322759e-01	7.011941659288871420e-02	2.673069783390271542e-02	7.384529533781693245e-02
1.071566102324645271e+03	2.661549909302537431e-01	1.742940570552412860e-01	2.436719066531043421e-01	1.449645172577599117e-01	7.020979075707015071e-02	2.673069783390271542e-02	7.397403951228985475e-02
1.073984987431472746e+03	2.657546054670336666e-01	1.740464035804912823e-01	2.439563839732590278e-01	1.451096927367294953e-01	7.029991299077650857e-02	2.673069783390271542e-02	7.410230341742926607e-02
1.076403872538300675e+03	2.653554244954277053e-01	1.737994248957241139e-01	2.442401247805972009e-01	1.452544535359857891e-01	7.038978374679358274e-02	2.673069783390271542e-02	7.423009071119078539e-02
1.078822757645127922e+03	2.649574444775583681e-01	1.735531191815901375e-01	2.445231291396003370e-01	1.453988008911247243e-01	7.047940348427313151e-02	2.673069783390271542e-02	7.435740499157247885e-02
1.081241642751955851e+03	2.645606618846541580e-01	1.733074846226723420e-01	2.448053971581188593e-01	1.455427360341028098e-01	7.056877266827449313e-02	2.673069783390271542e-02	7.448424979789648737e-02
1.083660527858783553e+03	2.641650731970526800e-01	1.730625194074998097e-01	2.450869289865015010e-01	1.456862601932469858e-01	7.065789176936143612e-02	2.673069783390271542e-02	7.461062861205670915e-02
1.086079412965611255e+03	2.637706749042034171e-01	1.728182217285609557e-01	2.453677248167106806e-01	1.458293745932640606e-01	7.074676126324559722e-02	2.673069783390271542e-02	7.473654485973432737e-02
1.088498298072438729e+03	2.633774635046700063e-01	1.725745897823160180e-01	2.456477848814303810e-01	1.459720804552505080e-01	7.083538163046948499e-02	2.673069783390271542e-02	7.486200191158268180e-02
1.090917183179266431e+03	2.629854355061312932e-01	1.723316217692092422e-01	2.459271094531707835e-01	1.461143789967019324e-01	7.092375335612295661e-02	2.673069783390271542e-02	7.498700308438280282e-02
1.093336068286093905e+03	2.625945874253829415e-01	1.720893158936806222e-01	2.462056988433732330e-01	1.462562714315227830e-01	7.101187692958835229e-02	2.673069783390271542e-02	7.511155164217109270e-02
1.095754953392921607e+03	2.622049157883373782e-01	1.718476703641769188e-01	2.464835534015190344e-01	1.463977589700358739e-01	7.109975284430977704e-02	2.673069783390271542e-02	7.523565079733998684e-02
1.098173838499749309e+03	2.618164171300241261e-01	1.716066833931624569e-01	2.467606735142443553e-01	1.465388428189920988e-01	7.118738159758317141e-02	2.673069783390271542e-02	7.535930371171271902e-02
1.100592723606577010e+03	2.614290879945888602e-01	1.713663531971292564e-01	2.470370596044633438e-01	1.466795241815799511e-01	7.127476369036420123e-02	2.673069783390271542e-02	7.548251349759327322e-02
1.103011608713404712e+03	2.610429249352924086e-01	1.711266779966068574e-01	2.473127121305011833e-01	1.468198042574351270e-01	7.136189962709135748e-02	2.673069783390271542e-02	7.560528321879197988e-02
1.105430493820231959e+03	2.606579245145088652e-01	1.708876560161715907e-01	2.475876315852382492e-01	1.469596842426501015e-01	7.144878991552218450e-02	2.673069783390271542e-02	7.572761589162796403e-02
1.107849378927059888e+03	2.602740833037234802e-01	1.706492854844553209e-01	2.478618184952666725e-01	1.470991653297837043e-01	7.153543506658097129e-02	2.673069783390271542e-02	7.584951448590875056e-02
1.110268264033887590e+03	2.598913978835299399e-01	1.704115646341539947e-01	2.481352734200598653e-01	1.472382487078707225e-01	7.162183559421622658e-02	2.673069783390271542e-02	7.597098192588809529e-02
1.112687149140715292e+03	2.595098648436270916e-01	1.701744917020354408e-01	2.484079969511556740e-01	1.473769355624315325e-01	7.170799201526686928e-02	2.673069783390271542e-02	7.609202109120226376e-02
1.115106034247542766e+03	2.591294807828151692e-01	1.699380649289469192e-01	2.486799897113537994e-01	1.475152270754814532e-01	7.179390484933585725e-02	2.673069783390271542e-02	7.621263481778570159e-02
1.117524919354370468e+03	2.587502423089916292e-01	1.697022825598222262e-01	2.489512523539275657e-01	1.476531244255404607e-01	7.187957461867057474e-02	2.673069783390271542e-02	7.633282589876641544e-02
1.119943804461197942e+03	2.583721460391464331e-01	1.694671428436883287e-01	2.492217855618506228e-01	1.477906287876427083e-01	7.196500184804911771e-02	2.673069783390271542e-02	7.645259708534166143e-02
1.122362689568025871e+03	2.579951885993568284e-01	1.692326440336717197e-01	2.494915900470380254e-01	1.479277413333459912e-01	7.205018706467172795e-02	2.673069783390271542e-02	7.657195108763446834e-02
1.124781574674853118e+03	2.576193666247820202e-01	1.689987843870042195e-01	2.497606665496026890e-01	1.480644632307413222e-01	7.213513079805707051e-02	2.673069783390271542e-02	7.669089057553142574e-02
1.127200459781681047e+03	2.572446767596568984e-01	1.687655621650284155e-01	2.500290158371263338e-01	1.482007956444623409e-01	7.221983357994260500e-02	2.673069783390271542e-02	7.680941817950219519e-02
1.129619344888508749e+03	2.568711156572853205e-01	1.685329756332028528e-01	2.502966387039453622e-01	1.483367397356950279e-01	7.230429594418896766e-02	2.673069783390271542e-02	7.692753649140125771e-02
1.132038229995336451e+03	2.564986799800338946e-01	1.683010230611066693e-01	2.505635359704513898e-01	1.484722966621869200e-01	7.238851842668768410e-02	2.673069783390271542e-02	7.704524806525224478e-02
1.134457115102163925e+03	2.561273663993240413e-01	1.680697027224440365e-01	2.508297084824064882e-01	1.486074675782568244e-01	7.247250156527224041e-02	2.673069783390271542e-02	7.716255541801519957e-02
1.136876000208991627e+03	2.557571715956244995e-01	1.678390128950481286e-01	2.510951571102726376e-01	1.487422536348040891e-01	7.255624589963205473e-02	2.673069783390271542e-02	7.727946103033733749e-02
1.139294885315819101e+03	2.553880922584436108e-01	1.676089518608847584e-01	2.513598827485554188e-01	1.488766559793182342e-01	7.263975197122922445e-02	2.673069783390271542e-02	7.739596734728752814e-02
1.141713770422646803e+03	2.550201250863201041e-01	1.673795179060556804e-01	2.516238863151619154e-01	1.490106757558882777e-01	7.272302032321779908e-02	2.673069783390271542e-02	7.751207677907498428e-02
1.144132655529474505e+03	2.546532667868148803e-01	1.671507093208016714e-01	2.518871687507721613e-01	1.491443141052121724e-01	7.280605150036550954e-02	2.673069783390271542e-02	7.762779170175235222e-02
1.146551540636302207e+03	2.542875140765014641e-01	1.669225243995050567e-01	2.521497310182244100e-01	1.492775721646062703e-01	7.288884604897775954e-02	2.673069783390271542e-02	7.774311445790377251e-02
1.148970425743129908e+03	2.539228636809567341e-01	1.666949614406920965e-01	2.524115741019134496e-01	1.494104510680146491e-01	7.297140451682372631e-02	2.673069783390271542e-02	7.785804735731806370e-02
1.151389310849957155e+03	2.535593123347506528e-01	1.664680187470351513e-01	2.526726990072022949e-01	1.495429519460186318e-01	7.305372745306451532e-02	2.673069783390271542e-02	7.797259267764745927e-02
1.153808195956785084e+03	2.531968567814363302e-01	1.662416946253541805e-01	2.529331067598467597e-01	1.496750759258460017e-01	7.313581540818325788e-02	2.673069783390271542e-02	7.808675266505213375e-02
1.156227081063612786e+03	2.528354937735393659e-01	1.660159873866182967e-01	2.531927984054324621e-01	1.498068241313805504e-01	7.321766893391701281e-02	2.673069783390271542e-02	7.820052953483100366e-02
1.158645966170440488e+03	2.524752200725469686e-01	1.657908953459469314e-01	2.534517750088242094e-01	1.499381976831712648e-01	7.329928858319055551e-02	2.673069783390271542e-02	7.831392547203880339e-02
1.161064851277267962e+03	2.521160324488966320e-01	1.655664168226106958e-01	2.537100376536278734e-01	1.500691976984416809e-01	7.338067491005170750e-02	2.673069783390271542e-02	7.842694263209011585e-02
1.163483736384095664e+03	2.517579276819649214e-01	1.653425501400319353e-01	2.539675874416637558e-01	1.501998252910993203e-01	7.346182846960847002e-02	2.673069783390271542e-02	7.853958314135028873e-02
1.165902621490923138e+03	2.514009025600555947e-01	1.651192936257850075e-01	2.542244254924517777e-01	1.503300815717449057e-01	7.354274981796765642e-02	2.673069783390271542e-02	7.865184909771377741e-02
1.168321506597751068e+03	2.510449538803873337e-01	1.648966456115964208e-01	2.544805529427082713e-01	1.504599676476816306e-01	7.362343951217505122e-02	2.673069783390271542e-02	7.876374257117005340e-02
1.170740391704578315e+03	2.506900784490815881e-01	1.646746044333446679e-01	2.547359709458535404e-01	1.505894846229244577e-01	7.370389811015706782e-02	2.673069783390271542e-02	7.887526560435739742e-02
1.173159276811406244e+03	2.503362730811501957e-01	1.644531684310596986e-01	2.549906806715307450e-01	1.507186335982094172e-01	7.378412617066387735e-02	2.673069783390271542e-02	7.898642021310482708e-02
1.175578161918233945e+03	2.499835346004819214e-01	1.642323359489222534e-01	2.552446833051354447e-01	1.508474156710028213e-01	7.386412425321385589e-02	2.673069783390271542e-02	7.909720838696246425e-02
1.177997047025061647e+03	2.496318598398298561e-01	1.640121053352629199e-01	2.554979800473554108e-01	1.509758319355105349e-01	7.394389291803951658e-02	2.673069783390271542e-02	7.920763208972048108e-02
1.180415932131889122e+03	2.492812456407978161e-01	1.637924749425611337e-01	2.557505721137211530e-01	1.511038834826870236e-01	7.402343272603462143e-02	2.673069783390271542e-02	7.931769325991699926e-02
1.182834817238716823e+03	2.489316888538267436e-01	1.635734431274435408e-01	2.560024607341659375e-01	1.512315714002447631e-01	7.410274423870261140e-02	2.673069783390271542e-02	7.942739381133510912e-02
1.185253702345544298e+03	2.485831863381809392e-01	1.633550082506826373e-01	2.562536471525961312e-01	1.513588967726633150e-01	7.418182801810642435e-02	2.673069783390271542e-02	7.953673563348925835e-02
1.187672587452371999e+03	2.482357349619338516e-01	1.631371686771947715e-01	2.565041326264709820e-01	1.514858606811984865e-01	7.426068462681933990e-02	2.673069783390271542e-02	7.964572059210123234e-02
1.190091472559199701e+03	2.478893316019539494e-01	1.629199227760382840e-01	2.567539184263918917e-01	1.516124642038914616e-01	7.433931462787707334e-02	2.673069783390271542e-02	7.975435052956603155e-02
1.192510357666027403e+03	2.475439731438899837e-01	1.627032689204111482e-01	2.570030058357007374e-01	1.517387084155779886e-01	7.441771858473114620e-02	2.673069783390271542e-02	7.986262726540768742e-02
1.194929242772855105e+03	2.471996564821564990e-01	1.624872054876486116e-01	2.572513961500875190e-01	1.518645943878974280e-01	7.449589706120320065e-02	2.673069783390271542e-02	7.997055259672544714e-02
1.197348127879682352e+03	2.468563785199188176e-01	1.622717308592205865e-01	2.574990906772064436e-01	1.519901231893018845e-01	7.457385062144059051e-02	2.673069783390271542e-02	8.007812829863035498e-02
1.199767012986510281e+03	2.465141361690778854e-01	1.620568434207288189e-01	2.577460907363011700e-01	1.521152958850652825e-01	7.465157982987294383e-02	2.673069783390271542e-02	8.018535612467261875e-02
1.202185898093337983e+03	2.461729263502549780e-01	1.618425415619039187e-01	2.579923976578379907e-01	1.522401135372923597e-01	7.472908525116976619e-02	2.673069783390271542e-02	8.029223780725969206e-02
1.204604783200165684e+03	2.458327459927762693e-01	1.616288236766021680e-01	2.582380127831476191e-01	1.523645772049278257e-01	7.480636745019918210e-02	2.673069783390271542e-02	8.039877505806565516e-02
1.207023668306993159e+03	2.454935920346570655e-01	1.614156881628021900e-01	2.584829374640749133e-01	1.524886879437652443e-01	7.488342699198756447e-02	2.673069783390271542e-02	8.050496956843165852e-02
1.209442553413820860e+03	2.451554614225861239e-01	1.612031334226013968e-01	2.587271730626366506e-01	1.526124468064562201e-01	7.496026444168024661e-02	2.673069783390271542e-02	8.061082300975797033e-02
1.211861438520648335e+03	2.448183511119094158e-01	1.609911578622123807e-01	2.589707209506869057e-01	1.527358548425191698e-01	7.503688036450310850e-02	2.673069783390271542e-02	8.071633703388762793e-02
1.214280323627476264e+03	2.444822580666140277e-01	1.607797598919590287e-01	2.592135825095899793e-01	1.528589130983484534e-01	7.511327532572516230e-02	2.673069783390271542e-02	8.082151327348191527e-02
1.216699208734303511e+03	2.441471792593119805e-01	1.605689379262724981e-01	2.594557591299009869e-01	1.529816226172233118e-01	7.518944989062199824e-02	2.673069783390271542e-02	8.092635334238780509e-02
1.219118093841131440e+03	2.438131116712235202e-01	1.603586903836871358e-01	2.596972522110534420e-01	1.531039844393166094e-01	7.526540462444020196e-02	2.673069783390271542e-02	8.103085883599772665e-02
1.221536978947959142e+03	2.434800522921606036e-01	1.601490156868361492e-01	2.599380631610538894e-01	1.532259996017039660e-01	7.534114009236257681e-02	2.673069783390271542e-02	8.113503133160142322e-02
1.223955864054786844e+03	2.431479981205100227e-01	1.599399122624471092e-01	2.601781933961839210e-01	1.533476691383725832e-01	7.541665685947424036e-02	2.673069783390271542e-02	8.123887238873060690e-02
1.226374749161614318e+03	2.428169461632166126e-01	1.597313785413373988e-01	2.604176443407085761e-01	1.534689940802301256e-01	7.549195549072966471e-02	2.673069783390271542e-02	8.134238354949606398e-02
1.228793634268442020e+03	2.424868934357661265e-01	1.595234129584095495e-01	2.606564174265911804e-01	1.535899754551134921e-01	7.556703655092028571e-02	2.673069783390271542e-02	8.144556633891772424e-02
1.231212519375269494e+03	2.421578369621679994e-01	1.593160139526462737e-01	2.608945140932154017e-01	1.537106142877977533e-01	7.564190060464323628e-02	2.673069783390271542e-02	8.154842226524770810e-02
1.233631404482097196e+03	2.418297737749380838e-01	1.591091799671054963e-01	2.611319357871129676e-01	1.538309116000048937e-01	7.571654821627057941e-02	2.673069783390271542e-02	8.165095282028637935e-02
1.236050289588924898e+03	2.415027009150812753e-01	1.589029094489153304e-01	2.613686839616977675e-01	1.539508684104126668e-01	7.579097994991944309e-02	2.673069783390271542e-02	8.175315947969187536e-02
1.238469174695752372e+03	2.411766154320738043e-01	1.586972008492687214e-01	2.616047600770065595e-01	1.540704857346633094e-01	7.586519636942296030e-02	2.673069783390271542e-02	8.185504370328296198e-02
1.240888059802580301e+03	2.408515143838457495e-01	1.584920526234181448e-01	2.618401655994447852e-01	1.541897645853724241e-01	7.593919803830176396e-02	2.673069783390271542e-02	8.195660693533546315e-02
1.243306944909407548e+03	2.405273948367631365e-01	1.582874632306701113e-01	2.620749020015387676e-01	1.543087059721375554e-01	7.601298551973639794e-02	2.673069783390271542e-02	8.205785060487243154e-02
1.245725830016235477e+03	2.402042538656100901e-01	1.580834311343795595e-01	2.623089707616934052e-01	1.544273109015469880e-01	7.608655937654022761e-02	2.673069783390271542e-02	8.215877612594815749e-02
1.248144715123063179e+03	2.398820885535707936e-01	1.578799548019442223e-01	2.625423733639554169e-01	1.545455803771884629e-01	7.615992017113323853e-02	2.673069783390271542e-02	8.225938489792614106e-02
1.250563600229890881e+03	2.395608959922115866e-01	1.576770327047987419e-01	2.627751112977825820e-01	1.546635153996578083e-01	7.623306846551633487e-02	2.673069783390271542e-02	8.235967830575123549e-02
1.252982485336718355e+03	2.392406732814625903e-01	1.574746633184087863e-01	2.630071860578169218e-01	1.547811169665676834e-01	7.630600482124638706e-02	2.673069783390271542e-02	8.245965772021596196e-02
1.255401370443546057e+03	2.389214175295995002e-01	1.572728451222649704e-01	2.632385991436647088e-01	1.548983860725560713e-01	7.637872979941186247e-02	2.673069783390271542e-02	8.255932449822121766e-02
1.257820255550373531e+03	2.386031258532252675e-01	1.570715765998768332e-01	2.634693520596805283e-01	1.550153237092950775e-01	7.645124396060920535e-02	2.673069783390271542e-02	8.265867998303146058e-02
1.260239140657201460e+03	2.382857953772516690e-01	1.568708562387666205e-01	2.636994463147566692e-01	1.551319308654993401e-01	7.652354786491960548e-02	2.673069783390271542e-02	8.275772550452449583e-02
1.262658025764028707e+03	2.379694232348806004e-01	1.566706825304628736e-01	2.639288834221175661e-01	1.552482085269347445e-01	7.659564207188661322e-02	2.673069783390271542e-02	8.285646237943604386e-02
1.265076910870856636e+03	2.376540065675857571e-01	1.564710539704941838e-01	2.641576648991183496e-01	1.553641576764269172e-01	7.666752714049415718e-02	2.673069783390271542e-02	8.295489191159903519e-02
1.267495795977684338e+03	2.373395425250937885e-01	1.562719690583825594e-01	2.643857922670491134e-01	1.554797792938698298e-01	7.673920362914518623e-02	2.673069783390271542e-02	8.305301539217789519e-02
1.269914681084511813e+03	2.370260282653655071e-01	1.560734262976369857e-01	2.646132670509426243e-01	1.555950743562342642e-01	7.681067209564096387e-02	2.673069783390271542e-02	8.315083409989795782e-02
1.272333566191339514e+03	2.367134609545772372e-01	1.558754241957467090e-01	2.648400907793873604e-01	1.557100438375762785e-01	7.688193309716077894e-02	2.673069783390271542e-02	8.324834930126993882e-02
1.274752451298167216e+03	2.364018377671017190e-01	1.556779612641744359e-01	2.650662649843444907e-01	1.558246887090457555e-01	7.695298719024221135e-02	2.673069783390271542e-02	8.334556225080971825e-02
1.277171336404994690e+03	2.360911558854893455e-01	1.554810360183496998e-01	2.652917912009690182e-01	1.559390099388947848e-01	7.702383493076199461e-02	2.673069783390271542e-02	8.344247419125348786e-02
1.279590221511822392e+03	2.357814125004490391e-01	1.552846469776617833e-01	2.655166709674355863e-01	1.560530084924861560e-01	7.709447687391737802e-02	2.673069783390271542e-02	8.353908635376837422e-02
1.282009106618650094e+03	2.354726048108292946e-01	1.550887926654528903e-01	2.657409058247678368e-01	1.561666853323017967e-01	7.716491357420787733e-02	2.673069783390271542e-02	8.363539995815860717e-02
1.284427991725477568e+03	2.351647300235989446e-01	1.548934716090110408e-01	2.659644973166720994e-01	1.562800414179510711e-01	7.723514558541769159e-02	2.673069783390271542e-02	8.373141621306737226e-02
1.286846876832305497e+03	2.348577853538280080e-01	1.546986823395630206e-01	2.661874469893750761e-01	1.563930777061792732e-01	7.730517346059839756e-02	2.673069783390271542e-02	8.382713631617445815e-02
1.289265761939132744e+03	2.345517680246684833e-01	1.545044233922671650e-01	2.664097563914648026e-01	1.565057951508758427e-01	7.737499775205231023e-02	2.673069783390271542e-02	8.392256145438961590e-02
1.291684647045960673e+03	2.342466752673351138e-01	1.543106933062061981e-01	2.666314270737359382e-01	1.566181947030827748e-01	7.744461901131614867e-02	2.673069783390271542e-02	8.401769280404203233e-02
1.294103532152788375e+03	2.339425043210859589e-01	1.541174906243797937e-01	2.668524605890385537e-01	1.567302773110030023e-01	7.751403778914522924e-02	2.673069783390271542e-02	8.411253153106566793e-02
1.296522417259616077e+03	2.336392524332032428e-01	1.539248138936974153e-01	2.670728584921301940e-01	1.568420439200085004e-01	7.758325463549806122e-02	2.673069783390271542e-02	8.420707879118081995e-02
1.298941302366443551e+03	2.333369168589736753e-01	1.537326616649706823e-01	2.672926223395318268e-01	1.569534954726487797e-01	7.765227009952141435e-02	2.673069783390271542e-02	8.430133573007184133e-02
1.301360187473271253e+03	2.330354948616692456e-01	1.535410324929060988e-01	2.675117536893871217e-01	1.570646329086589632e-01	7.772108472953571934e-02	2.673069783390271542e-02	8.439530348356109879e-02
1.303779072580098727e+03	2.327349837125275989e-01	1.533499249360974204e-01	2.677302541013248938e-01	1.571754571649680576e-01	7.778969907302098197e-02	2.673069783390271542e-02	8.448898317777932265e-02
1.306197957686926657e+03	2.324353806907325792e-01	1.531593375570180771e-01	2.679481251363249328e-01	1.572859691757071687e-01	7.785811367660300242e-02	2.673069783390271542e-02	8.458237592933241789e-02
1.308616842793753904e+03	2.321366830833947181e-01	1.529692689220135682e-01	2.681653683565872748e-01	1.573961698722178004e-01	7.792632908604005260e-02	2.673069783390271542e-02	8.467548284546477788e-02
1.311035727900581833e+03	2.318388881855316386e-01	1.527797176012937463e-01	2.683819853254040266e-01	1.575060601830597928e-01	7.799434584620988653e-02	2.673069783390271542e-02	8.476830502421908720e-02
1.313454613007409534e+03	2.315419933000484598e-01	1.525906821689250736e-01	2.685979776070349101e-01	1.576156410340196212e-01	7.806216450109716709e-02	2.673069783390271542e-02	8.486084355459290463e-02
1.315873498114237009e+03	2.312459957377181186e-01	1.524021612028229056e-01	2.688133467665853593e-01	1.577249133481185561e-01	7.812978559378122578e-02	2.673069783390271542e-02	8.495309951669197113e-02
1.318292383221064711e+03	2.309508928171617737e-01	1.522141532847436085e-01	2.690280943698876159e-01	1.578338780456206569e-01	7.819720966642418336e-02	2.673069783390271542e-02	8.504507398188024259e-02
1.320711268327892412e+03	2.306566818648290995e-01	1.520266570002767603e-01	2.692422219833850439e-01	1.579425360440408765e-01	7.826443726025943126e-02	2.673069783390271542e-02	8.513676801292684171e-02
1.323130153434719887e+03	2.303633602149786908e-01	1.518396709388371846e-01	2.694557311740186090e-01	1.580508882581531660e-01	7.833146891558043223e-02	2.673069783390271542e-02	8.522818266414999844e-02
1.325549038541547588e+03	2.300709252096581614e-01	1.516531936936569291e-01	2.696686235091166339e-01	1.581589355999984681e-01	7.839830517172992341e-02	2.673069783390271542e-02	8.531931898155786786e-02
1.327967923648375290e+03	2.297793741986846328e-01	1.514672238617774946e-01	2.698809005562871066e-01	1.582666789788927941e-01	7.846494656708931370e-02	2.673069783390271542e-02	8.541017800298657259e-02
1.330386808755202765e+03	2.294887045396248604e-01	1.512817600440416188e-01	2.700925638833124864e-01	1.583741193014351623e-01	7.853139363906853909e-02	2.673069783390271542e-02	8.550076075823523358e-02
1.332805693862030694e+03	2.291989135977754166e-01	1.510968008450852551e-01	2.703036150580471197e-01	1.584812574715156464e-01	7.859764692409614006e-02	2.673069783390271542e-02	8.559106826919832267e-02
1.335224578968857941e+03	2.289099987461430952e-01	1.509123448733294959e-01	2.705140556483172087e-01	1.585880943903232310e-01	7.866370695760964427e-02	2.673069783390271542e-02	8.568110154999514227e-02
1.337643464075685870e+03	2.286219573654250381e-01	1.507283907409724955e-01	2.707238872218233339e-01	1.586946309563538049e-01	7.872957427404631003e-02	2.673069783390271542e-02	8.577086160709676554e-02
1.340062349182513572e+03	2.283347868439888906e-01	1.505449370639812268e-01	2.709331113460450857e-01	1.588008680654181548e-01	7.879524940683414747e-02	2.673069783390271542e-02	8.586034943945022868e-02
1.342481234289341273e+03	2.280484845778531777e-01	1.503619824620833212e-01	2.711417295881483058e-01	1.589068066106497090e-01	7.886073288838310602e-02	2.673069783390271542e-02	8.594956603860018363e-02
1.344900119396168748e+03	2.277630479706672373e-01	1.501795255587587974e-01	2.713497435148945480e-01	1.590124474825124479e-01	7.892602525007673397e-02	2.673069783390271542e-02	8.603851238880806662e-02
1.347319004502996449e+03	2.274784744336916797e-01	1.499975649812319289e-01	2.715571546925526492e-01	1.591177915688088695e-01	7.899112702226393501e-02	2.673069783390271542e-02	8.612718946716876878e-02
1.349737889609823924e+03	2.271947613857784043e-01	1.498160993604628621e-01	2.717639646868127978e-01	1.592228397546877061e-01	7.905603873425109951e-02	2.673069783390271542e-02	8.621559824372494740e-02
1.352156774716651853e+03	2.269119062533508646e-01	1.496351273311393726e-01	2.719701750627024905e-01	1.593275929226517784e-01	7.912076091429445790e-02	2.673069783390271542e-02	8.630373968157889486e-02
1.354575659823479100e+03	2.266299064703842236e-01	1.494546475316685108e-01	2.721757873845045417e-01	1.594320519525657120e-01	7.918529408959262827e-02	2.673069783390271542e-02	8.639161473700218696e-02
1.356994544930307029e+03	2.263487594783855916e-01	1.492746586041682200e-01	2.723808032156774250e-01	1.595362177216638755e-01	7.924963878627958036e-02	2.673069783390271542e-02	8.647922435954305542e-02
1.359413430037134731e+03	2.260684627263741253e-01	1.490951591944590648e-01	2.725852241187775027e-01	1.596400911045579019e-01	7.931379552941761335e-02	2.673069783390271542e-02	8.656656949213149821e-02
1.361832315143962205e+03	2.257890136708613216e-01	1.489161479520557108e-01	2.727890516553829192e-01	1.597436729732446825e-01	7.937776484299079172e-02	2.673069783390271542e-02	8.665365107118228050e-02
1.364251200250789907e+03	2.255104097758311443e-01	1.487376235301585692e-01	2.729922873860199384e-01	1.598469641971137778e-01	7.944154724989846428e-02	2.673069783390271542e-02	8.674047002669582618e-02
1.366670085357617609e+03	2.252326485127202904e-01	1.485595845856454156e-01	2.731949328700906676e-01	1.599499656429553274e-01	7.950514327194901920e-02	2.673069783390271542e-02	8.682702728235699996e-02
1.369088970464445310e+03	2.249557273603982610e-01	1.483820297790628129e-01	2.733969896658031140e-01	1.600526781749675997e-01	7.956855342985393043e-02	2.673069783390271542e-02	8.691332375563191881e-02
1.371507855571272785e+03	2.246796438051477940e-01	1.482049577746177571e-01	2.735984593301026280e-01	1.601551026547647083e-01	7.963177824322199838e-02	2.673069783390271542e-02	8.699936035786272337e-02
1.373926740678100487e+03	2.244043953406449354e-01	1.480283672401691286e-01	2.737993434186051234e-01	1.602572399413841886e-01	7.969481823055374337e-02	2.673069783390271542e-02	8.708513799436046199e-02
1.376345625784927961e+03	2.241299794679393054e-01	1.478522568472192267e-01	2.739996434855322405e-01	1.603590908912946311e-01	7.975767390923610423e-02	2.673069783390271542e-02	8.717065756449605962e-02
1.378764510891755890e+03	2.238563936954343359e-01	1.476766252709051930e-01	2.741993610836481188e-01	1.604606563584031476e-01	7.982034579553723419e-02	2.673069783390271542e-02	8.725591996178941323e-02
1.381183395998583137e+03	2.235836355388676477e-01	1.475014711899905739e-01	2.743984977641977796e-01	1.605619371940631424e-01	7.988283440460156037e-02	2.673069783390271542e-02	8.734092607399668307e-02
1.383602281105411066e+03	2.233117025212911222e-01	1.473267932868566887e-01	2.745970550768470630e-01	1.606629342470816402e-01	7.994514025044500982e-02	2.673069783390271542e-02	8.742567678319586311e-02
1.386021166212238768e+03	2.230405921730513330e-01	1.471525902474940528e-01	2.747950345696241192e-01	1.607636483637269742e-01	8.000726384595044371e-02	2.673069783390271542e-02	8.751017296587049188e-02
1.388440051319066470e+03	2.227703020317698401e-01	1.469788607614939679e-01	2.749924377888624538e-01	1.608640803877361691e-01	8.006920570286325811e-02	2.673069783390271542e-02	8.759441549299176732e-02
1.390858936425893944e+03	2.225008296423233722e-01	1.468056035220397515e-01	2.751892662791457500e-01	1.609642311603224352e-01	8.013096633178713735e-02	2.673069783390271542e-02	8.767840523009895470e-02
1.393277821532721646e+03	2.222321725568243977e-01	1.466328172258982709e-01	2.753855215832537451e-01	1.610641015201827453e-01	8.019254624218005723e-02	2.673069783390271542e-02	8.776214303737818467e-02
1.395696706639549120e+03	2.219643283346012519e-01	1.464605005734113119e-01	2.755812052421097169e-01	1.611636923035050795e-01	8.025394594235037149e-02	2.673069783390271542e-02	8.784562976973964155e-02
1.398115591746377049e+03	2.216972945421786800e-01	1.462886522684870294e-01	2.757763187947294137e-01	1.612630043439760019e-01	8.031516593945314808e-02	2.673069783390271542e-02	8.792886627689315560e-02
1.400534476853204296e+03	2.214310687532579924e-01	1.461172710185912327e-01	2.759708637781712603e-01	1.613620384727879331e-01	8.037620673948657479e-02	2.673069783390271542e-02	8.801185340342236596e-02
1.402953361960032225e+03	2.211656485486978019e-01	1.459463555347388086e-01	2.761648417274881750e-01	1.614607955186466437e-01	8.043706884728865636e-02	2.673069783390271542e-02	8.809459198885730147e-02
1.405372247066859927e+03	2.209010315164941507e-01	1.457759045314850899e-01	2.763582541756802180e-01	1.615592763077785265e-01	8.049775276653391154e-02	2.673069783390271542e-02	8.817708286774553206e-02
1.407791132173687402e+03	2.206372152517611374e-01	1.456059167269173060e-01	2.765511026536487948e-01	1.616574816639379519e-01	8.055825899973033388e-02	2.673069783390271542e-02	8.825932686972189078e-02
1.410210017280515103e+03	2.203741973567113210e-01	1.454363908426458407e-01	2.767433886901524143e-01	1.617554124084146228e-01	8.061858804821647739e-02	2.673069783390271542e-02	8.834132481957680805e-02
1.412628902387342805e+03	2.201119754406361539e-01	1.452673256037956273e-01	2.769351138117630007e-01	1.618530693600407633e-01	8.067874041215865322e-02	2.673069783390271542e-02	8.842307753732324416e-02
1.415047787494170507e+03	2.198505471198867189e-01	1.450987197389975725e-01	2.771262795428240389e-01	1.619504533351985021e-01	8.073871659054829286e-02	2.673069783390271542e-02	8.850458583826228964e-02
1.417466672600997981e+03	2.195899100178540508e-01	1.449305719803797576e-01	2.773168874054094402e-01	1.620475651478271162e-01	8.079851708119949183e-02	2.673069783390271542e-02	8.858585053304750268e-02
1.419885557707825683e+03	2.193300617649497630e-01	1.447628810635590291e-01	2.775069389192839631e-01	1.621444056094301644e-01	8.085814238074656712e-02	2.673069783390271542e-02	8.866687242774788646e-02
1.422304442814653157e+03	2.190709999985867018e-01	1.445956457276320883e-01	2.776964356018641888e-01	1.622409755290827593e-01	8.091759298464189232e-02	2.673069783390271542e-02	8.874765232390967318e-02
1.424723327921481086e+03	2.188127223631595730e-01	1.444288647151670268e-01	2.778853789681812181e-01	1.623372757134388944e-01	8.097686938715378813e-02	2.673069783390271542e-02	8.882819101861683109e-02
1.427142213028308333e+03	2.185552265100254299e-01	1.442625367721945828e-01	2.780737705308440333e-01	1.624333069667383000e-01	8.103597208136448238e-02	2.673069783390271542e-02	8.890848930455039212e-02
1.429561098135136262e+03	2.182985100974845494e-01	1.440966606481995094e-01	2.782616118000042493e-01	1.625290700908139652e-01	8.109490155916831977e-02	2.673069783390271542e-02	8.898854797004665529e-02
1.431979983241963964e+03	2.180425707907609756e-01	1.439312350961119980e-01	2.784489042833211414e-01	1.626245658850989373e-01	8.115365831127001328e-02	2.673069783390271542e-02	8.906836779915414115e-02
1.434398868348791666e+03	2.177874062619833961e-01	1.437662588722989077e-01	2.786356494859287269e-01	1.627197951466336778e-01	8.121224282718300658e-02	2.673069783390271542e-02	8.914794957168943601e-02
1.436817753455619140e+03	2.175330141901657688e-01	1.436017307365552165e-01	2.788218489104031805e-01	1.628147586700730565e-01	8.127065559522800298e-02	2.673069783390271542e-02	8.922729406329199531e-02
1.439236638562446842e+03	2.172793922611881423e-01	1.434376494520953060e-01	2.790075040567310261e-01	1.629094572476933733e-01	8.132889710253153603e-02	2.673069783390271542e-02	8.930640204547786454e-02
1.441655523669274316e+03	2.170265381677775329e-01	1.432740137855443852e-01	2.791926164222788831e-01	1.630038916693994921e-01	8.138696783502473442e-02	2.673069783390271542e-02	8.938527428569224831e-02
1.444074408776102018e+03	2.167744496094887174e-01	1.431108225069297746e-01	2.793771875017636019e-01	1.630980627227318347e-01	8.144486827744210067e-02	2.673069783390271542e-02	8.946391154736114959e-02
1.446493293882929493e+03	2.165231242926851374e-01	1.429480743896724138e-01	2.795612187872237864e-01	1.631919711928734307e-01	8.150259891332042872e-02	2.673069783390271542e-02	8.954231458994195425e-02
1.448912178989757422e+03	2.162725599305198310e-01	1.427857682105780346e-01	2.797447117679914275e-01	1.632856178626568844e-01	8.156016022499792961e-02	2.673069783390271542e-02	8.962048416897301639e-02
1.451331064096585123e+03	2.160227542429163095e-01	1.426239027498286405e-01	2.799276679306653137e-01	1.633790035125713136e-01	8.161755269361324616e-02	2.673069783390271542e-02	8.969842103612224449e-02
1.453749949203412370e+03	2.157737049565495724e-01	1.424624767909739298e-01	2.801100887590846078e-01	1.634721289207693162e-01	8.167477679910473132e-02	2.673069783390271542e-02	8.977612593923488260e-02
1.456168834310240300e+03	2.155254098048271227e-01	1.423014891209225807e-01	2.802919757343034224e-01	1.635649948630739647e-01	8.173183302020978203e-02	2.673069783390271542e-02	8.985359962238019527e-02
1.458587719417068001e+03	2.152778665278700376e-01	1.421409385299336747e-01	2.804733303345661177e-01	1.636576021129856617e-01	8.178872183446422861e-02	2.673069783390271542e-02	8.993084282589730583e-02
1.461006604523895703e+03	2.150310728724939280e-01	1.419808238116081200e-01	2.806541540352839870e-01	1.637499514416890511e-01	8.184544371820180741e-02	2.673069783390271542e-02	9.000785628644014658e-02
1.463425489630723177e+03	2.147850265921902591e-01	1.418211437628799920e-01	2.808344483090114974e-01	1.638420436180598738e-01	8.190199914655384161e-02	2.673069783390271542e-02	9.008464073702160402e-02
1.465844374737550879e+03	2.145397254471071991e-01	1.416618971840080399e-01	2.810142146254244744e-01	1.639338794086717954e-01	8.195838859344878324e-02	2.673069783390271542e-02	9.016119690705670653e-02
1.468263259844378354e+03	2.142951672040310507e-01	1.415030828785670269e-01	2.811934544512984524e-01	1.640254595778033730e-01	8.201461253161211606e-02	2.673069783390271542e-02	9.023752552240499325e-02
1.470682144951206283e+03	2.140513496363673496e-01	1.413446996534391542e-01	2.813721692504875804e-01	1.641167848874446611e-01	8.207067143256609187e-02	2.673069783390271542e-02	9.031362730541214745e-02
1.473101030058033530e+03	2.138082705241221848e-01	1.411867463188054561e-01	2.815503604839046381e-01	1.642078560973042334e-01	8.212656576662968888e-02	2.673069783390271542e-02	9.038950297495079722e-02
1.475519915164861459e+03	2.135659276538833529e-01	1.410292216881373906e-01	2.817280296095014402e-01	1.642986739648157613e-01	8.218229600291861170e-02	2.673069783390271542e-02	9.046515324646046963e-02
1.477938800271689161e+03	2.133243188188017614e-01	1.408721245781880405e-01	2.819051780822500741e-01	1.643892392451449525e-01	8.223786260934533299e-02	2.673069783390271542e-02	9.054057883198683709e-02
1.480357685378516862e+03	2.130834418185728607e-01	1.407154538089838425e-01	2.820818073541245807e-01	1.644795526911961014e-01	8.229326605261932936e-02	2.673069783390271542e-02	9.061578044022022826e-02
1.482776570485344337e+03	2.128432944594179088e-01	1.405592082038158719e-01	2.822579188740835798e-01	1.645696150536189728e-01	8.234850679824713693e-02	2.673069783390271542e-02	9.069075877653341722e-02
