1.001418434226643626e+03	2.782986838234894900e-01	1.817714496747258046e-01	2.350843982347581573e-01	1.405268975081992444e-01	6.747926005104051828e-02	2.681073678264321580e-02	7.002857392476627418e-02
1.002869765290740247e+03	2.780370750271430325e-01	1.816100034519002038e-01	2.352681296560332758e-01	1.406207710073959505e-01	6.753791789374778698e-02	2.681073678264321580e-02	7.011536618075929483e-02
1.004321096354836754e+03	2.777759364233925443e-01	1.814488216749863270e-01	2.354516034059873641e-01	1.407144836053754178e-01	6.759648523788876207e-02	2.681073678264321580e-02	7.020193286934918453e-02
1.005772427418933376e+03	2.775152671967448526e-01	1.812879039240937740e-01	2.356348193786261813e-01	1.408080355888187973e-01	6.765496173224037901e-02	2.681073678264321580e-02	7.028827539645569888e-02
1.007223758483029997e+03	2.772550665329119313e-01	1.811272497798363523e-01	2.358177774452930031e-01	1.409014272439075288e-01	6.771334706769376044e-02	2.681073678264321580e-02	7.037439514733716261e-02
1.008675089547126618e+03	2.769953336188014092e-01	1.809668588233249720e-01	2.360004774580440334e-01	1.409946588563240899e-01	6.777164097312358970e-02	2.681073678264321580e-02	7.046029348736163045e-02
1.010126420611223239e+03	2.767360676425080768e-01	1.808067306361615389e-01	2.361829192526682109e-01	1.410877307112528012e-01	6.782984321167223607e-02	2.681073678264321580e-02	7.054597176271691639e-02
1.011577751675319632e+03	2.764772677933062250e-01	1.806468648004337096e-01	2.363651026513869657e-01	1.411806430933805201e-01	6.788795357740667891e-02	2.681073678264321580e-02	7.063143130106572243e-02
1.013029082739416367e+03	2.762189332616434290e-01	1.804872608987105054e-01	2.365470274652669846e-01	1.412733962868973625e-01	6.794597189231085799e-02	2.681073678264321580e-02	7.071667341215073788e-02
1.014480413803512761e+03	2.759610632391348850e-01	1.803279185140385099e-01	2.367286934963745426e-01	1.413659905754975077e-01	6.800389800357937997e-02	2.681073678264321580e-02	7.080169938835503829e-02
1.015931744867609382e+03	2.757036569185584152e-01	1.801688372299388996e-01	2.369101005396982706e-01	1.414584262423799477e-01	6.806173178118254952e-02	2.681073678264321580e-02	7.088651050522171149e-02
1.017383075931706003e+03	2.754467134938506923e-01	1.800100166304048621e-01	2.370912483848632013e-01	1.415507035702491534e-01	6.811947311567506658e-02	2.681073678264321580e-02	7.097110802193681844e-02
1.018834406995802851e+03	2.751902321601033541e-01	1.798514562998995148e-01	2.372721368176580192e-01	1.416428228413159351e-01	6.817712191622403439e-02	2.681073678264321580e-02	7.105549318177900586e-02
1.020285738059899245e+03	2.749342121135601724e-01	1.796931558233543780e-01	2.374527656213939464e-01	1.417347843372980531e-01	6.823467810883414308e-02	2.681073678264321580e-02	7.113966721253914272e-02
1.021737069123995752e+03	2.746786525516147770e-01	1.795351147861682373e-01	2.376331345781131088e-01	1.418265883394209947e-01	6.829214163475008648e-02	2.681073678264321580e-02	7.122363132691270082e-02
1.023188400188092373e+03	2.744235526728081576e-01	1.793773327742062829e-01	2.378132434696609565e-01	1.419182351284186960e-01	6.834951244901851797e-02	2.681073678264321580e-02	7.130738672286734969e-02
1.024639731252188767e+03	2.741689116768273315e-01	1.792198093737995546e-01	2.379930920786371973e-01	1.420097249845343745e-01	6.840679051919330844e-02	2.681073678264321580e-02	7.139093458398822201e-02
1.026091062316285615e+03	2.739147287645039008e-01	1.790625441717447752e-01	2.381726801892376510e-01	1.421010581875211121e-01	6.846397582416979821e-02	2.681073678264321580e-02	7.147427607980282038e-02
1.027542393380382237e+03	2.736610031378129415e-01	1.789055367553043785e-01	2.383520075879977107e-01	1.421922350166426596e-01	6.852106835313501176e-02	2.681073678264321580e-02	7.155741236608739730e-02
1.028993724444478858e+03	2.734077339998722822e-01	1.787487867122066476e-01	2.385310740644482619e-01	1.422832557506741313e-01	6.857806810462209468e-02	2.681073678264321580e-02	7.164034458515668169e-02
1.030445055508575479e+03	2.731549205549420600e-01	1.785922936306461595e-01	2.387098794116922218e-01	1.423741206679028370e-01	6.863497508565870320e-02	2.681073678264321580e-02	7.172307386613811786e-02
1.031896386572671872e+03	2.729025620084242210e-01	1.784360570992844508e-01	2.388884234269107176e-01	1.424648300461288652e-01	6.869178931099954866e-02	2.681073678264321580e-02	7.180560132523233774e-02
1.033347717636768493e+03	2.726506575668624088e-01	1.782800767072506287e-01	2.390667059118053994e-01	1.425553841626658602e-01	6.874851080243499224e-02	2.681073678264321580e-02	7.188792806596083773e-02
1.034799048700865114e+03	2.723992064379420208e-01	1.781243520441422867e-01	2.392447266729841315e-01	1.426457832943418547e-01	6.880513958816777964e-02	2.681073678264321580e-02	7.197005517940212316e-02
1.036250379764961508e+03	2.721482078304902075e-01	1.779688827000263929e-01	2.394224855222955028e-01	1.427360277174998249e-01	6.886167570225117107e-02	2.681073678264321580e-02	7.205198374441720843e-02
1.037701710829058356e+03	2.718976609544761502e-01	1.778136682654404832e-01	2.395999822771175403e-01	1.428261177079984956e-01	6.891811918408226323e-02	2.681073678264321580e-02	7.213371482786538891e-02
1.039153041893154750e+03	2.716475650210115611e-01	1.776587083313937165e-01	2.397772167606057880e-01	1.429160535412131450e-01	6.897447007794500762e-02	2.681073678264321580e-02	7.221524948481118644e-02
1.040604372957251599e+03	2.713979192423509046e-01	1.775040024893680679e-01	2.399541888019043612e-01	1.430058354920361596e-01	6.903072843259791536e-02	2.681073678264321580e-02	7.229658875872303769e-02
1.042055704021347992e+03	2.711487228318919529e-01	1.773495503313196053e-01	2.401308982363244693e-01	1.430954638348779784e-01	6.908689430090188266e-02	2.681073678264321580e-02	7.237773368166455779e-02
1.043507035085444613e+03	2.708999750041764520e-01	1.771953514496798499e-01	2.403073449054934640e-01	1.431849388436676196e-01	6.914296773948422348e-02	2.681073678264321580e-02	7.245868527447883733e-02
1.044958366149541234e+03	2.706516749748906214e-01	1.770414054373570800e-01	2.404835286574776854e-01	1.432742607918535416e-01	6.919894880843517615e-02	2.681073678264321580e-02	7.253944454696634181e-02
1.046409697213637855e+03	2.704038219608658755e-01	1.768877118877377475e-01	2.406594493468819096e-01	1.433634299524042532e-01	6.925483757103369220e-02	2.681073678264321580e-02	7.262001249805699610e-02
1.047861028277734476e+03	2.701564151800793789e-01	1.767342703946878646e-01	2.408351068349276758e-01	1.434524465978091745e-01	6.931063409349962068e-02	2.681073678264321580e-02	7.270039011597671796e-02
1.049312359341831097e+03	2.699094538516550457e-01	1.765810805525545313e-01	2.410105009895132655e-01	1.435413110000792469e-01	6.936633844476947086e-02	2.681073678264321580e-02	7.278057837840888611e-02
1.050763690405927491e+03	2.696629371958638721e-01	1.764281419561672115e-01	2.411856316852568349e-01	1.436300234307477108e-01	6.942195069629358839e-02	2.681073678264321580e-02	7.286057825265122856e-02
1.052215021470024112e+03	2.694168644341251029e-01	1.762754542008392877e-01	2.413604988035246146e-01	1.437185841608708825e-01	6.947747092185242723e-02	2.681073678264321580e-02	7.294039069576820078e-02
1.053666352534120733e+03	2.691712347890065082e-01	1.761230168823695874e-01	2.415351022324461194e-01	1.438069934610287648e-01	6.953289919739022440e-02	2.681073678264321580e-02	7.302001665473931147e-02
1.055117683598217127e+03	2.689260474842254944e-01	1.759708295970437708e-01	2.417094418669176459e-01	1.438952516013259075e-01	6.958823560086410676e-02	2.681073678264321580e-02	7.309945706660361808e-02
1.056569014662313975e+03	2.686813017446498808e-01	1.758188919416356910e-01	2.418835176085950278e-01	1.439833588513919904e-01	6.964348021210721440e-02	2.681073678264321580e-02	7.317871285860068353e-02
1.058020345726410369e+03	2.684369967962983994e-01	1.756672035134091148e-01	2.420573293658777603e-01	1.440713154803827112e-01	6.969863311270443895e-02	2.681073678264321580e-02	7.325778494830810506e-02
1.059471676790506763e+03	2.681931318663414721e-01	1.755157639101188882e-01	2.422308770538843248e-01	1.441591217569803962e-01	6.975369438587956938e-02	2.681073678264321580e-02	7.333667424377589283e-02
1.060923007854603611e+03	2.679497061831021543e-01	1.753645727300124912e-01	2.424041605944207145e-01	1.442467779493947500e-01	6.980866411639247149e-02	2.681073678264321580e-02	7.341538164365792041e-02
1.062374338918700232e+03	2.677067189760566346e-01	1.752136295718315084e-01	2.425771799159425479e-01	1.443342843253636598e-01	6.986354239044570424e-02	2.681073678264321580e-02	7.349390803734043298e-02
1.063825669982796853e+03	2.674641694758349564e-01	1.750629340348130170e-01	2.427499349535114648e-01	1.444216411521537513e-01	6.991832929559925469e-02	2.681073678264321580e-02	7.357225430506800223e-02
1.065277001046893474e+03	2.672220569142219060e-01	1.749124857186908355e-01	2.429224256487466926e-01	1.445088486965613594e-01	6.997302492069283619e-02	2.681073678264321580e-02	7.365042131806687209e-02
1.066728332110990095e+03	2.669803805241572903e-01	1.747622842236971341e-01	2.430946519497724223e-01	1.445959072249130284e-01	7.002762935577483416e-02	2.681073678264321580e-02	7.372840993866587589e-02
1.068179663175086489e+03	2.667391395397367693e-01	1.746123291505635999e-01	2.432666138111612697e-01	1.446828170030663996e-01	7.008214269203739966e-02	2.681073678264321580e-02	7.380622102041511923e-02
1.069630994239183110e+03	2.664983331962126889e-01	1.744626201005229083e-01	2.434383111938747402e-01	1.447695782964108502e-01	7.013656502175701080e-02	2.681073678264321580e-02	7.388385540820237296e-02
1.071082325303279504e+03	2.662579607299943030e-01	1.743131566753098882e-01	2.436097440652007506e-01	1.448561913698682424e-01	7.019089643823989144e-02	2.681073678264321580e-02	7.396131393836746781e-02
1.072533656367376352e+03	2.660180213786486059e-01	1.741639384771629662e-01	2.437809123986887649e-01	1.449426564878937285e-01	7.024513703577194013e-02	2.681073678264321580e-02	7.403859743881455180e-02
1.073984987431472746e+03	2.657785143809006656e-01	1.740149651088253868e-01	2.439518161740829028e-01	1.450289739144763335e-01	7.029928690957268356e-02	2.681073678264321580e-02	7.411570672912254354e-02
1.075436318495569594e+03	2.655394389766343455e-01	1.738662361735464068e-01	2.441224553772535499e-01	1.451151439131398158e-01	7.035334615575287998e-02	2.681073678264321580e-02	7.419264262065357329e-02
1.076887649559666215e+03	2.653007944068925261e-01	1.737177512750826269e-01	2.442928300001271646e-01	1.452011667469433331e-01	7.040731487127523114e-02	2.681073678264321580e-02	7.426940591665971703e-02
1.078338980623762609e+03	2.650625799138779382e-01	1.735695100176990746e-01	2.444629400406152231e-01	1.452870426784821922e-01	7.046119315391827231e-02	2.681073678264321580e-02	7.434599741238798187e-02
1.079790311687859230e+03	2.648247947409532177e-01	1.734215120061704529e-01	2.446327855025420828e-01	1.453727719698885423e-01	7.051498110224282967e-02	2.681073678264321580e-02	7.442241789518361239e-02
1.081241642751955851e+03	2.645874381326415170e-01	1.732737568457823341e-01	2.448023663955720963e-01	1.454583548828321249e-01	7.056867881556089239e-02	2.681073678264321580e-02	7.449866814459174535e-02
1.082692973816052472e+03	2.643505093346268930e-01	1.731262441423322418e-01	2.449716827351362813e-01	1.455437916785211061e-01	7.062228639390663587e-02	2.681073678264321580e-02	7.457474893245755188e-02
1.084144304880149093e+03	2.641140075937546960e-01	1.729789735021307340e-01	2.451407345423584350e-01	1.456290826177026043e-01	7.067580393800954042e-02	2.681073678264321580e-02	7.465066102302475581e-02
1.085595635944245487e+03	2.638779321580316251e-01	1.728319445320025682e-01	2.453095218439811931e-01	1.457142279606635782e-01	7.072923154926914757e-02	2.681073678264321580e-02	7.472640517303270891e-02
1.087046967008342108e+03	2.636422822766262275e-01	1.726851568392876735e-01	2.454780446722917564e-01	1.457992279672314373e-01	7.078256932973163440e-02	2.681073678264321580e-02	7.480198213181206424e-02
1.088498298072438729e+03	2.634070571998692878e-01	1.725386100318422600e-01	2.456463030650476720e-01	1.458840828967749581e-01	7.083581738206762290e-02	2.681073678264321580e-02	7.487739264137899253e-02
1.089949629136535123e+03	2.631722561792538828e-01	1.723923037180397355e-01	2.458142970654029202e-01	1.459687930082047835e-01	7.088897580955151601e-02	2.681073678264321580e-02	7.495263743652799682e-02
1.091400960200631971e+03	2.629378784674355485e-01	1.722462375067718432e-01	2.459820267218336964e-01	1.460533585599743112e-01	7.094204471604201312e-02	2.681073678264321580e-02	7.502771724492343641e-02
1.092852291264728365e+03	2.627039233182326128e-01	1.721004110074494386e-01	2.461494920880650250e-01	1.461377798100803316e-01	7.099502420596366659e-02	2.681073678264321580e-02	7.510263278718974644e-02
1.094303622328825213e+03	2.624703899866263623e-01	1.719548238300035725e-01	2.463166932229973460e-01	1.462220570160638056e-01	7.104791438428943728e-02	2.681073678264321580e-02	7.517738477700031119e-02
1.095754953392921607e+03	2.622372777287608758e-01	1.718094755848864064e-01	2.464836301906335181e-01	1.463061904350106412e-01	7.110071535652423558e-02	2.681073678264321580e-02	7.525197392116514394e-02
1.097206284457018228e+03	2.620045858019436347e-01	1.716643658830719621e-01	2.466503030600063762e-01	1.463901803235523047e-01	7.115342722868932268e-02	2.681073678264321580e-02	7.532640091971729013e-02
1.098657615521114849e+03	2.617723134646450789e-01	1.715194943360570934e-01	2.468167119051067615e-01	1.464740269378665694e-01	7.120605010730730877e-02	2.681073678264321580e-02	7.540066646599807854e-02
1.100108946585211470e+03	2.615404599764990512e-01	1.713748605558624016e-01	2.469828568048119677e-01	1.465577305336783764e-01	7.125858409938799765e-02	2.681073678264321580e-02	7.547477124674116522e-02
1.101560277649308091e+03	2.613090245983025195e-01	1.712304641550329021e-01	2.471487378428149362e-01	1.466412913662603901e-01	7.131102931241486975e-02	2.681073678264321580e-02	7.554871594215541164e-02
1.103011608713404712e+03	2.610780065920156878e-01	1.710863047466389675e-01	2.473143551075538960e-01	1.467247096904338299e-01	7.136338585433203707e-02	2.681073678264321580e-02	7.562250122600662483e-02
1.104462939777501106e+03	2.608474052207621630e-01	1.709423819442769665e-01	2.474797086921427525e-01	1.468079857605691652e-01	7.141565383353180863e-02	2.681073678264321580e-02	7.569612776569820123e-02
1.105914270841597499e+03	2.606172197488286213e-01	1.707986953620701243e-01	2.476447986943020874e-01	1.468911198305868360e-01	7.146783335884276944e-02	2.681073678264321580e-02	7.576959622235068803e-02
1.107365601905694348e+03	2.603874494416647534e-01	1.706552446146691882e-01	2.478096252162907132e-01	1.469741121539580031e-01	7.151992453951824813e-02	2.681073678264321580e-02	7.584290725088020657e-02
1.108816932969790741e+03	2.601580935658832638e-01	1.705120293172532331e-01	2.479741883648381995e-01	1.470569629837052417e-01	7.157192748522527015e-02	2.681073678264321580e-02	7.591606150007591813e-02
1.110268264033887590e+03	2.599291513892597605e-01	1.703690490855302719e-01	2.481384882510776768e-01	1.471396725724032906e-01	7.162384230603381641e-02	2.681073678264321580e-02	7.598905961267629627e-02
1.111719595097984211e+03	2.597006221807325876e-01	1.702263035357378385e-01	2.483025249904798337e-01	1.472222411721798019e-01	7.167566911240655370e-02	2.681073678264321580e-02	7.606190222544456647e-02
1.113170926162080832e+03	2.594725052104023266e-01	1.700837922846438477e-01	2.484662987027872472e-01	1.473046690347159793e-01	7.172740801518875942e-02	2.681073678264321580e-02	7.613458996924296618e-02
1.114622257226177226e+03	2.592447997495321843e-01	1.699415149495470401e-01	2.486298095119496843e-01	1.473869564112473829e-01	7.177905912559863488e-02	2.681073678264321580e-02	7.620712346910613055e-02
1.116073588290273847e+03	2.590175050705472715e-01	1.697994711482776753e-01	2.487930575460600979e-01	1.474691035525646510e-01	7.183062255521793782e-02	2.681073678264321580e-02	7.627950334431342350e-02
1.117524919354370468e+03	2.587906204470345473e-01	1.696576604991980874e-01	2.489560429372910944e-01	1.475511107090141938e-01	7.188209841598278138e-02	2.681073678264321580e-02	7.635173020846038050e-02
1.118976250418467089e+03	2.585641451537425417e-01	1.695160826212032401e-01	2.491187658218325107e-01	1.476329781304988875e-01	7.193348682017478013e-02	2.681073678264321580e-02	7.642380466952911067e-02
1.120427581482563710e+03	2.583380784665809671e-01	1.693747371337212815e-01	2.492812263398296313e-01	1.477147060664789346e-01	7.198478788041237642e-02	2.681073678264321580e-02	7.649572732995786606e-02
1.121878912546660331e+03	2.581124196626205514e-01	1.692336236567141272e-01	2.494434246353220141e-01	1.477962947659723913e-01	7.203600170964234717e-02	2.681073678264321580e-02	7.656749878670965348e-02
1.123330243610756725e+03	2.578871680200925942e-01	1.690927418106777935e-01	2.496053608561831783e-01	1.478777444775560279e-01	7.208712842113168540e-02	2.681073678264321580e-02	7.663911963133988869e-02
1.124781574674853118e+03	2.576623228183885783e-01	1.689520912166430355e-01	2.497670351540609013e-01	1.479590554493659948e-01	7.213816812845942616e-02	2.681073678264321580e-02	7.671059045006324573e-02
1.126232905738949967e+03	2.574378833380598364e-01	1.688116714961758469e-01	2.499284476843184888e-01	1.480402279290986001e-01	7.218912094550887504e-02	2.681073678264321580e-02	7.678191182381957636e-02
1.127684236803046360e+03	2.572138488608171070e-01	1.686714822713777928e-01	2.500895986059765153e-01	1.481212621640109750e-01	7.223998698645989203e-02	2.681073678264321580e-02	7.685308432833895531e-02
1.129135567867143209e+03	2.569902186695301460e-01	1.685315231648864820e-01	2.502504880816554533e-01	1.482021584009217963e-01	7.229076636578138371e-02	2.681073678264321580e-02	7.692410853420593442e-02
1.130586898931239830e+03	2.567669920482273382e-01	1.683917937998759273e-01	2.504111162775190524e-01	1.482829168862120073e-01	7.234145919822394799e-02	2.681073678264321580e-02	7.699498500692286695e-02
1.132038229995336451e+03	2.565441682820952529e-01	1.682522938000571011e-01	2.505714833632181615e-01	1.483635378658256232e-01	7.239206559881264380e-02	2.681073678264321580e-02	7.706571430697245484e-02
1.133489561059432845e+03	2.563217466574778114e-01	1.681130227896780738e-01	2.507315895118357174e-01	1.484440215852702860e-01	7.244258568283992727e-02	2.681073678264321580e-02	7.713629698987947703e-02
1.134940892123529466e+03	2.560997264618760094e-01	1.679739803935245690e-01	2.508914348998320665e-01	1.485243682896181527e-01	7.249301956585875450e-02	2.681073678264321580e-02	7.720673360627167137e-02
1.136392223187626087e+03	2.558781069839476952e-01	1.678351662369202690e-01	2.510510197069911187e-01	1.486045782235065060e-01	7.254336736367571203e-02	2.681073678264321580e-02	7.727702470193989481e-02
1.137843554251722708e+03	2.556568875135066254e-01	1.676965799457270090e-01	2.512103441163672790e-01	1.486846516311385313e-01	7.259362919234441103e-02	2.681073678264321580e-02	7.734717081789739546e-02
1.139294885315819101e+03	2.554360673415219107e-01	1.675582211463452764e-01	2.513694083142327673e-01	1.487645887562840386e-01	7.264380516815888145e-02	2.681073678264321580e-02	7.741717249043841842e-02
1.140746216379915950e+03	2.552156457601176265e-01	1.674200894657143501e-01	2.515282124900262151e-01	1.488443898422800171e-01	7.269389540764718827e-02	2.681073678264321580e-02	7.748703025119595134e-02
1.142197547444012343e+03	2.549956220625720915e-01	1.672821845313126887e-01	2.516867568363011509e-01	1.489240551320316075e-01	7.274390002756504769e-02	2.681073678264321580e-02	7.755674462719878981e-02
1.143648878508108737e+03	2.547759955433173129e-01	1.671445059711580416e-01	2.518450415486759852e-01	1.490035848680126562e-01	7.279381914488965155e-02	2.681073678264321580e-02	7.762631614092778409e-02
1.145100209572205586e+03	2.545567654979382644e-01	1.670070534138078655e-01	2.520030668257838835e-01	1.490829792922664654e-01	7.284365287681353329e-02	2.681073678264321580e-02	7.769574531037148901e-02
1.146551540636302207e+03	2.543379312231723310e-01	1.668698264883594351e-01	2.521608328692238055e-01	1.491622386464065420e-01	7.289340134073855892e-02	2.681073678264321580e-02	7.776503264908087021e-02
1.148002871700398828e+03	2.541194920169085880e-01	1.667328248244500655e-01	2.523183398835120994e-01	1.492413631716172084e-01	7.294306465427005670e-02	2.681073678264321580e-02	7.783417866622352466e-02
1.149454202764495449e+03	2.539014471781870785e-01	1.665960480522574172e-01	2.524755880760345406e-01	1.493203531086544911e-01	7.299264293521096070e-02	2.681073678264321580e-02	7.790318386663704076e-02
1.150905533828591842e+03	2.536837960071980924e-01	1.664594958024995519e-01	2.526325776569993131e-01	1.493992086978466749e-01	7.304213630155607928e-02	2.681073678264321580e-02	7.797204875088178944e-02
1.152356864892688463e+03	2.534665378052817775e-01	1.663231677064350988e-01	2.527893088393903254e-01	1.494779301790950810e-01	7.309154487148650237e-02	2.681073678264321580e-02	7.804077381529284096e-02
1.153808195956785084e+03	2.532496718749268072e-01	1.661870633958635046e-01	2.529457818389211909e-01	1.495565177918747601e-01	7.314086876336405030e-02	2.681073678264321580e-02	7.810935955203142378e-02
1.155259527020881706e+03	2.530331975197699923e-01	1.660511825031250888e-01	2.531019968739900428e-01	1.496349717752351871e-01	7.319010809572580600e-02	2.681073678264321580e-02	7.817780644913556454e-02
1.156710858084978327e+03	2.528171140445956144e-01	1.659155246611012657e-01	2.532579541656348465e-01	1.497132923678011207e-01	7.323926298727875817e-02	2.681073678264321580e-02	7.824611499057014530e-02
1.158162189149074720e+03	2.526014207553343716e-01	1.657800895032145172e-01	2.534136539374890473e-01	1.497914798077730480e-01	7.328833355689449991e-02	2.681073678264321580e-02	7.831428565627626681e-02
1.159613520213171569e+03	2.523861169590627673e-01	1.656448766634286140e-01	2.535690964157382710e-01	1.498695343329281282e-01	7.333731992360402463e-02	2.681073678264321580e-02	7.838231892221998731e-02
1.161064851277267962e+03	2.521712019640021119e-01	1.655098857762485887e-01	2.537242818290771917e-01	1.499474561806207751e-01	7.338622220659263284e-02	2.681073678264321580e-02	7.845021526044043680e-02
1.162516182341364356e+03	2.519566750795179666e-01	1.653751164767209292e-01	2.538792104086672885e-01	1.500252455877834623e-01	7.343504052519482517e-02	2.681073678264321580e-02	7.851797513909729298e-02
1.163967513405461204e+03	2.517425356161190342e-01	1.652405684004335518e-01	2.540338823880948227e-01	1.501029027909272506e-01	7.348377499888940345e-02	2.681073678264321580e-02	7.858559902251767426e-02
1.165418844469557826e+03	2.515287828854564367e-01	1.651062411835158561e-01	2.541882980033298711e-01	1.501804280261427593e-01	7.353242574729448866e-02	2.681073678264321580e-02	7.865308737124235283e-02
1.166870175533654447e+03	2.513154162003228831e-01	1.649721344626387531e-01	2.543424574926854143e-01	1.502578215291006380e-01	7.358099289016274691e-02	2.681073678264321580e-02	7.872044064207142644e-02
1.168321506597751068e+03	2.511024348746515034e-01	1.648382478750147206e-01	2.544963610967772016e-01	1.503350835350523440e-01	7.362947654737664327e-02	2.681073678264321580e-02	7.878765928810937957e-02
1.169772837661847461e+03	2.508898382235154600e-01	1.647045810583978032e-01	2.546500090584842280e-01	1.504122142788309469e-01	7.367787683894370943e-02	2.681073678264321580e-02	7.885474375880961728e-02
1.171224168725944082e+03	2.506776255631266714e-01	1.645711336510835843e-01	2.548034016229096532e-01	1.504892139948517116e-01	7.372619388499197790e-02	2.681073678264321580e-02	7.892169450001829123e-02
1.172675499790040703e+03	2.504657962108347569e-01	1.644379052919091588e-01	2.549565390373421114e-01	1.505660829171128479e-01	7.377442780576538850e-02	2.681073678264321580e-02	7.898851195401765390e-02
1.174126830854137097e+03	2.502543494851265371e-01	1.643048956202531330e-01	2.551094215512178520e-01	1.506428212791961485e-01	7.382257872161937517e-02	2.681073678264321580e-02	7.905519655956887159e-02
1.175578161918233945e+03	2.500432847056247576e-01	1.641721042760355409e-01	2.552620494160831033e-01	1.507194293142678776e-01	7.387064675301639738e-02	2.681073678264321580e-02	7.912174875195419899e-02
1.177029492982330339e+03	2.498326011930872281e-01	1.640395308997179002e-01	2.554144228855572685e-01	1.507959072550792423e-01	7.391863202052159632e-02	2.681073678264321580e-02	7.918816896301869579e-02
1.178480824046426733e+03	2.496222982694058234e-01	1.639071751323030457e-01	2.555665422152960109e-01	1.508722553339672534e-01	7.396653464479853446e-02	2.681073678264321580e-02	7.925445762121126336e-02
1.179932155110523581e+03	2.494123752576055397e-01	1.637750366153350456e-01	2.557184076629557268e-01	1.509484737828553358e-01	7.401435474660497671e-02	2.681073678264321580e-02	7.932061515162538989e-02
1.181383486174620202e+03	2.492028314818434676e-01	1.636431149908991745e-01	2.558700194881575185e-01	1.510245628332540502e-01	7.406209244678868542e-02	2.681073678264321580e-02	7.938664197603909067e-02
1.182834817238716823e+03	2.489936662674077372e-01	1.635114099016218292e-01	2.560213779524526667e-01	1.511005227162618425e-01	7.410974786628338196e-02	2.681073678264321580e-02	7.945253851295454306e-02
1.184286148302813444e+03	2.487848789407166861e-01	1.633799209906703354e-01	2.561724833192876027e-01	1.511763536625657101e-01	7.415732112610463889e-02	2.681073678264321580e-02	7.951830517763705530e-02
1.185737479366910065e+03	2.485764688293175539e-01	1.632486479017529468e-01	2.563233358539701023e-01	1.512520559024418121e-01	7.420481234734598031e-02	2.681073678264321580e-02	7.958394238215368843e-02
1.187188810431006686e+03	2.483684352618855673e-01	1.631175902791186239e-01	2.564739358236355349e-01	1.513276296657563302e-01	7.425222165117488504e-02	2.681073678264321580e-02	7.964945053541125364e-02
1.188640141495103080e+03	2.481607775682229400e-01	1.629867477675568943e-01	2.566242834972135567e-01	1.514030751819660237e-01	7.429954915882894251e-02	2.681073678264321580e-02	7.971483004319381005e-02
1.190091472559199701e+03	2.479534950792577908e-01	1.628561200123977981e-01	2.567743791453956925e-01	1.514783926801190339e-01	7.434679499161209182e-02	2.681073678264321580e-02	7.978008130819981558e-02
1.191542803623296322e+03	2.477465871270429498e-01	1.627257066595116097e-01	2.569242230406027505e-01	1.515535823888554956e-01	7.439395927089079152e-02	2.681073678264321580e-02	7.984520473007865327e-02
1.192994134687392716e+03	2.475400530447550429e-01	1.625955073553088104e-01	2.570738154569530143e-01	1.516286445364082303e-01	7.444104211809035587e-02	2.681073678264321580e-02	7.991020070546676901e-02
1.194445465751489564e+03	2.473338921666932422e-01	1.624655217467398105e-01	2.572231566702310457e-01	1.517035793506035513e-01	7.448804365469134658e-02	2.681073678264321580e-02	7.997506962802326813e-02
1.195896796815585958e+03	2.471281038282782949e-01	1.623357494812947555e-01	2.573722469578564320e-01	1.517783870588617634e-01	7.453496400222590912e-02	2.681073678264321580e-02	8.003981188846512329e-02
1.197348127879682352e+03	2.469226873660513299e-01	1.622061902070033867e-01	2.575210865988533659e-01	1.518530678881980234e-01	7.458180328227428935e-02	2.681073678264321580e-02	8.010442787460189673e-02
1.198799458943779200e+03	2.467176421176727197e-01	1.620768435724347922e-01	2.576696758738204474e-01	1.519276220652229781e-01	7.462856161646133635e-02	2.681073678264321580e-02	8.016891797137001840e-02
1.200250790007875821e+03	2.465129674219209699e-01	1.619477092266972396e-01	2.578180150649009295e-01	1.520020498161434308e-01	7.467523912645304685e-02	2.681073678264321580e-02	8.023328256086664778e-02
1.201702121071972442e+03	2.463086626186916372e-01	1.618187868194379264e-01	2.579661044557534644e-01	1.520763513667630351e-01	7.472183593395320678e-02	2.681073678264321580e-02	8.029752202238300829e-02
1.203153452136069063e+03	2.461047270489960803e-01	1.616900760008427307e-01	2.581139443315230708e-01	1.521505269424830442e-01	7.476835216070001899e-02	2.681073678264321580e-02	8.036163673243738870e-02
1.204604783200165684e+03	2.459011600549603493e-01	1.615615764216359884e-01	2.582615349788126013e-01	1.522245767683028383e-01	7.481478792846282810e-02	2.681073678264321580e-02	8.042562706480768653e-02
1.206056114264262078e+03	2.456979609798239927e-01	1.614332877330802996e-01	2.584088766856547092e-01	1.522985010688208407e-01	7.486114335903892858e-02	2.681073678264321580e-02	8.048949339056352126e-02
1.207507445328358699e+03	2.454951291679389191e-01	1.613052095869761948e-01	2.585559697414839264e-01	1.523723000682349615e-01	7.490741857425031736e-02	2.681073678264321580e-02	8.055323607809795894e-02
1.208958776392455093e+03	2.452926639647681206e-01	1.611773416356618582e-01	2.587028144371094629e-01	1.524459739903435140e-01	7.495361369594055745e-02	2.681073678264321580e-02	8.061685549315875110e-02
1.210410107456551941e+03	2.450905647168846457e-01	1.610496835320129605e-01	2.588494110646879509e-01	1.525195230585457418e-01	7.499972884597168321e-02	2.681073678264321580e-02	8.068035199887929609e-02
1.211861438520648335e+03	2.448888307719701840e-01	1.609222349294422705e-01	2.589957599176970771e-01	1.525929474958425403e-01	7.504576414622116109e-02	2.681073678264321580e-02	8.074372595580908696e-02
1.213312769584745183e+03	2.446874614788140390e-01	1.607949954818994331e-01	2.591418612909089370e-01	1.526662475248371231e-01	7.509171971857890593e-02	2.681073678264321580e-02	8.080697772194384010e-02
1.214764100648841804e+03	2.444864561873117959e-01	1.606679648438706642e-01	2.592877154803646667e-01	1.527394233677357716e-01	7.513759568494421393e-02	2.681073678264321580e-02	8.087010765275516599e-02
1.216215431712937971e+03	2.442858142484640727e-01	1.605411426703783895e-01	2.594333227833484079e-01	1.528124752463484726e-01	7.518339216722297325e-02	2.681073678264321580e-02	8.093311610121996236e-02
1.217666762777034819e+03	2.440855350143754654e-01	1.604145286169810225e-01	2.595786834983622726e-01	1.528854033820895575e-01	7.522910928732472191e-02	2.681073678264321580e-02	8.099600341784926605e-02
1.219118093841131440e+03	2.438856178382531048e-01	1.602881223397725208e-01	2.597237979251014184e-01	1.529582079959784513e-01	7.527474716715983061e-02	2.681073678264321580e-02	8.105876995071696622e-02
1.220569424905228061e+03	2.436860620744054629e-01	1.601619234953822468e-01	2.598686663644296790e-01	1.530308893086403388e-01	7.532030592863668550e-02	2.681073678264321580e-02	8.112141604548787910e-02
1.222020755969324682e+03	2.434868670782411870e-01	1.600359317409744964e-01	2.600132891183552508e-01	1.531034475403067197e-01	7.536578569365894043e-02	2.681073678264321580e-02	8.118394204544568393e-02
1.223472087033421303e+03	2.432880322062677125e-01	1.599101467342481653e-01	2.601576664900068225e-01	1.531758829108162967e-01	7.541118658412286624e-02	2.681073678264321580e-02	8.124634829152040105e-02
1.224923418097517697e+03	2.430895568160901243e-01	1.597845681334364443e-01	2.603017987836101499e-01	1.532481956396155032e-01	7.545650872191461689e-02	2.681073678264321580e-02	8.130863512231546741e-02
1.226374749161614318e+03	2.428914402664096861e-01	1.596591955973064303e-01	2.604456863044647963e-01	1.533203859457591967e-01	7.550175222890764815e-02	2.681073678264321580e-02	8.137080287413456237e-02
1.227826080225710712e+03	2.426936819170227855e-01	1.595340287851589045e-01	2.605893293589212067e-01	1.533924540479114085e-01	7.554691722696003919e-02	2.681073678264321580e-02	8.143285188100805871e-02
1.229277411289807560e+03	2.424962811288194353e-01	1.594090673568276662e-01	2.607327282543581704e-01	1.534644001643459266e-01	7.559200383791209177e-02	2.681073678264321580e-02	8.149478247471908521e-02
1.230728742353903954e+03	2.422992372637821634e-01	1.592843109726794770e-01	2.608758832991607823e-01	1.535362245129469894e-01	7.563701218358369338e-02	2.681073678264321580e-02	8.155659498482933922e-02
1.232180073418000802e+03	2.421025496849845970e-01	1.591597592936135341e-01	2.610187948026980176e-01	1.536079273112099519e-01	7.568194238577187483e-02	2.681073678264321580e-02	8.161828973870446924e-02
1.233631404482097196e+03	2.419062177565901861e-01	1.590354119810610534e-01	2.611614630753015254e-01	1.536795087762420353e-01	7.572679456624840932e-02	2.681073678264321580e-02	8.167986706153919363e-02
1.235082735546193817e+03	2.417102408438508432e-01	1.589112686969849919e-01	2.613038884282443131e-01	1.537509691247628818e-01	7.577156884675737003e-02	2.681073678264321580e-02	8.174132727638210028e-02
1.236534066610290438e+03	2.415146183131056390e-01	1.587873291038795487e-01	2.614460711737190968e-01	1.538223085731053041e-01	7.581626534901278469e-02	2.681073678264321580e-02	8.180267070416009922e-02
1.237985397674387059e+03	2.413193495317796089e-01	1.586635928647697480e-01	2.615880116248183729e-01	1.538935273372159240e-01	7.586088419469629029e-02	2.681073678264321580e-02	8.186389766370258392e-02
1.239436728738483680e+03	2.411244338683821709e-01	1.585400596432111620e-01	2.617297100955133238e-01	1.539646256326558382e-01	7.590542550545487099e-02	2.681073678264321580e-02	8.192500847176521772e-02
1.240888059802580301e+03	2.409298706925060707e-01	1.584167291032893554e-01	2.618711669006337783e-01	1.540356036746012847e-01	7.594988940289856827e-02	2.681073678264321580e-02	8.198600344305351229e-02
1.242339390866676695e+03	2.407356593748257723e-01	1.582936009096195806e-01	2.620123823558486165e-01	1.541064616778442808e-01	7.599427600859827436e-02	2.681073678264321580e-02	8.204688289024610059e-02
1.243790721930773088e+03	2.405417992870963195e-01	1.581706747273462221e-01	2.621533567776456186e-01	1.541771998567933732e-01	7.603858544408355347e-02	2.681073678264321580e-02	8.210764712401755205e-02
1.245242052994869937e+03	2.403482898021518654e-01	1.580479502221425470e-01	2.622940904833124809e-01	1.542478184254742479e-01	7.608281783084044902e-02	2.681073678264321580e-02	8.216829645306109042e-02
1.246693384058966330e+03	2.401551302939043120e-01	1.579254270602100108e-01	2.624345837909177193e-01	1.543183175975302857e-01	7.612697329030938820e-02	2.681073678264321580e-02	8.222883118411095094e-02
1.248144715123063179e+03	2.399623201373420611e-01	1.578031049082780635e-01	2.625748370192916292e-01	1.543886975862234501e-01	7.617105194388308631e-02	2.681073678264321580e-02	8.228925162196440435e-02
1.249596046187159800e+03	2.397698587085284605e-01	1.576809834336036220e-01	2.627148504880079116e-01	1.544589586044347596e-01	7.621505391290449294e-02	2.681073678264321580e-02	8.234955806950354507e-02
1.251047377251256421e+03	2.395777453846006377e-01	1.575590623039704874e-01	2.628546245173651319e-01	1.545291008646650366e-01	7.625897931866475188e-02	2.681073678264321580e-02	8.240975082771676008e-02
1.252498708315352815e+03	2.393859795437679461e-01	1.574373411876890672e-01	2.629941594283690121e-01	1.545991245790355462e-01	7.630282828240121662e-02	2.681073678264321580e-02	8.246983019572003137e-02
1.253950039379449436e+03	2.391945605653107154e-01	1.573158197535958480e-01	2.631334555427143895e-01	1.546690299592886342e-01	7.634660092529546582e-02	2.681073678264321580e-02	8.252979647077779424e-02
1.255401370443546057e+03	2.390034878295787535e-01	1.571944976710528963e-01	2.632725131827677312e-01	1.547388172167884213e-01	7.639029736847137431e-02	2.681073678264321580e-02	8.258964994832367068e-02
1.256852701507642678e+03	2.388127607179900691e-01	1.570733746099474137e-01	2.634113326715499248e-01	1.548084865625214135e-01	7.643391773299325342e-02	2.681073678264321580e-02	8.264939092198088366e-02
1.258304032571739299e+03	2.386223786130293734e-01	1.569524502406912936e-01	2.635499143327187932e-01	1.548780382070971684e-01	7.647746213986390817e-02	2.681073678264321580e-02	8.270901968358237988e-02
1.259755363635835920e+03	2.384323408982466919e-01	1.568317242342206208e-01	2.636882584905530513e-01	1.549474723607490445e-01	7.652093071002283309e-02	2.681073678264321580e-02	8.276853652319077215e-02
1.261206694699932314e+03	2.382426469582560602e-01	1.567111962619950893e-01	2.638263654699349314e-01	1.550167892333346453e-01	7.656432356434436648e-02	2.681073678264321580e-02	8.282794172911794872e-02
1.262658025764028707e+03	2.380532961787340251e-01	1.565908659959976135e-01	2.639642355963342513e-01	1.550859890343367353e-01	7.660764082363595573e-02	2.681073678264321580e-02	8.288723558794448831e-02
1.264109356828125556e+03	2.378642879464182569e-01	1.564707331087338560e-01	2.641018691957922049e-01	1.551550719728636840e-01	7.665088260863633929e-02	2.681073678264321580e-02	8.294641838453878369e-02
1.265560687892221949e+03	2.376756216491061058e-01	1.563507972732316453e-01	2.642392665949054309e-01	1.552240382576502153e-01	7.669404904001382584e-02	2.681073678264321580e-02	8.300549040207592932e-02
1.267012018956318798e+03	2.374872966756532700e-01	1.562310581630405315e-01	2.643764281208103584e-01	1.552928880970580183e-01	7.673714023836461506e-02	2.681073678264321580e-02	8.306445192205638706e-02
1.268463350020415419e+03	2.372993124159722689e-01	1.561115154522312864e-01	2.645133541011676637e-01	1.553616216990763854e-01	7.678015632421109071e-02	2.681073678264321580e-02	8.312330322432444352e-02
1.269914681084511813e+03	2.371116682610311110e-01	1.559921688153952657e-01	2.646500448641472825e-01	1.554302392713229619e-01	7.682309741800019687e-02	2.681073678264321580e-02	8.318204458708637616e-02
1.271366012148608434e+03	2.369243636028517952e-01	1.558730179276441585e-01	2.647865007384130331e-01	1.554987410210441900e-01	7.686596364010175875e-02	2.681073678264321580e-02	8.324067628692834175e-02
1.272817343212705055e+03	2.367373978345088392e-01	1.557540624646091554e-01	2.649227220531080174e-01	1.555671271551161972e-01	7.690875511080697002e-02	2.681073678264321580e-02	8.329919859883413991e-02
1.274268674276801676e+03	2.365507703501279757e-01	1.556353021024406424e-01	2.650587091378399651e-01	1.556353978800452675e-01	7.695147195032672749e-02	2.681073678264321580e-02	8.335761179620275463e-02
1.275720005340898297e+03	2.363644805448846531e-01	1.555167365178075356e-01	2.651944623226668574e-01	1.557035534019685641e-01	7.699411427879014613e-02	2.681073678264321580e-02	8.341591615086554889e-02
1.277171336404994690e+03	2.361785278150025646e-01	1.553983653878968918e-01	2.653299819380827707e-01	1.557715939266547389e-01	7.703668221624299095e-02	2.681073678264321580e-02	8.347411193310337596e-02
1.278622667469091539e+03	2.359929115577521774e-01	1.552801883904132707e-01	2.654652683150036663e-01	1.558395196595046273e-01	7.707917588264623365e-02	2.681073678264321580e-02	8.353219941166335760e-02
1.280073998533187932e+03	2.358076311714494278e-01	1.551622052035782351e-01	2.656003217847539566e-01	1.559073308055517471e-01	7.712159539787448448e-02	2.681073678264321580e-02	8.359017885377553747e-02
1.281525329597284326e+03	2.356226860554540559e-01	1.550444155061298235e-01	2.657351426790524607e-01	1.559750275694631594e-01	7.716394088171464605e-02	2.681073678264321580e-02	8.364805052516929851e-02
1.282976660661381175e+03	2.354380756101683292e-01	1.549268189773219118e-01	2.658697313299994147e-01	1.560426101555399125e-01	7.720621245386440068e-02	2.681073678264321580e-02	8.370581469008953057e-02
1.284427991725477568e+03	2.352537992370355158e-01	1.548094152969237969e-01	2.660040880700628718e-01	1.561100787677177915e-01	7.724841023393087813e-02	2.681073678264321580e-02	8.376347161131264540e-02
1.285879322789574417e+03	2.350698563385384687e-01	1.546922041452195584e-01	2.661382132320660454e-01	1.561774336095679006e-01	7.729053434142921231e-02	2.681073678264321580e-02	8.382102155016234180e-02
1.287330653853671038e+03	2.348862463181980165e-01	1.545751852030075035e-01	2.662721071491742642e-01	1.562446748842973576e-01	7.733258489578119510e-02	2.681073678264321580e-02	8.387846476652520422e-02
1.288781984917767431e+03	2.347029685805717414e-01	1.544583581515996673e-01	2.664057701548821488e-01	1.563118027947498767e-01	7.737456201631395802e-02	2.681073678264321580e-02	8.393580151886610718e-02
1.290233315981864052e+03	2.345200225312523146e-01	1.543417226728212299e-01	2.665392025830014555e-01	1.563788175434064343e-01	7.741646582225865381e-02	2.681073678264321580e-02	8.399303206424339752e-02
