1.301360187473271253e+03	2.357325142474158142e-01	1.505866056253944429e-01	2.592502417551415528e-01	1.617569557489936805e-01	7.669307209531749103e-02	3.178887879841784531e-02	8.419173172894124646e-02
1.306197957686926657e+03	2.351538604481431260e-01	1.501783070796801067e-01	2.596141669251148532e-01	1.620165498466838438e-01	7.680621874207055333e-02	3.185745361029532902e-02	8.437344334763419162e-02
1.311035727900581833e+03	2.345784995250295435e-01	1.497723273419529766e-01	2.599761339695950690e-01	1.622745198615143103e-01	7.691868208576370380e-02	3.192597036380847436e-02	8.455386685195781515e-02
1.315873498114237009e+03	2.340064120384675317e-01	1.493686533659027427e-01	2.603361528410778614e-01	1.625308781028503846e-01	7.703046702572263760e-02	3.199442336875010090e-02	8.473301325685064778e-02
1.320711268327892412e+03	2.334375786935536379e-01	1.489672721609519301e-01	2.606942334533528527e-01	1.627856367603915388e-01	7.714157840539316580e-02	3.206280707471086816e-02	8.491089345126798249e-02
1.325549038541547588e+03	2.328719803375329522e-01	1.485681707932155760e-01	2.610503856815017953e-01	1.630388079049610306e-01	7.725202101402404986e-02	3.213111606833804479e-02	8.508751820004849253e-02
1.330386808755202765e+03	2.323095979573519265e-01	1.481713363863796928e-01	2.614046193618937974e-01	1.632904034893681855e-01	7.736179958823231895e-02	3.219934507064826923e-02	8.526289814574777859e-02
1.335224578968857941e+03	2.317504126773140549e-01	1.477767561225026005e-01	2.617569442921774403e-01	1.635404353493341290e-01	7.747091881346142295e-02	3.226748893439296273e-02	8.543704381043937257e-02
1.340062349182513572e+03	2.311944057568326716e-01	1.473844172427442589e-01	2.621073702312713971e-01	1.637889152044720298e-01	7.757938332534239367e-02	3.233554264147500690e-02	8.560996559748422496e-02
1.344900119396168748e+03	2.306415585882755914e-01	1.469943070480276837e-01	2.624559068993534972e-01	1.640358546593142230e-01	7.768719771096649351e-02	3.240350130041563109e-02	8.578167379326896713e-02
1.349737889609823924e+03	2.300918526948966814e-01	1.466064128996361904e-01	2.628025639778486244e-01	1.642812652043792176e-01	7.779436651007745618e-02	3.247136014387010799e-02	8.595217856891389230e-02
1.354575659823479100e+03	2.295452697288497546e-01	1.462207222197509371e-01	2.631473511094164497e-01	1.645251582172722604e-01	7.790089421619034171e-02	3.253911452619126510e-02	8.612148998195119642e-02
1.359413430037134731e+03	2.290017914692802914e-01	1.458372224919317062e-01	2.634902778979389959e-01	1.647675449638138223e-01	7.800678527764362546e-02	3.260675992103962556e-02	8.628961797797415900e-02
1.364251200250789907e+03	2.284613998204909346e-01	1.454559012615448677e-01	2.638313539085079262e-01	1.650084365991912327e-01	7.811204409859040521e-02	3.267429191903924168e-02	8.645657239225762458e-02
1.369088970464445310e+03	2.279240768101765957e-01	1.450767461361410493e-01	2.641705886674129977e-01	1.652478441691288547e-01	7.821667503993384729e-02	3.274170622547805526e-02	8.662236295135078423e-02
1.373926740678100487e+03	2.273898045877258689e-01	1.446997447857864549e-01	2.645079916621309035e-01	1.654857786110725815e-01	7.832068242021192339e-02	3.280899865805197990e-02	8.678699927464245123e-02
1.378764510891755890e+03	2.268585654225849235e-01	1.443248849433496905e-01	2.648435723413151699e-01	1.657222507553857138e-01	7.842407051643557336e-02	3.287616514465158818e-02	8.695049087589955261e-02
1.383602281105411066e+03	2.263303417026806263e-01	1.439521544047474844e-01	2.651773401147873854e-01	1.659572713265522748e-01	7.852684356488437434e-02	3.294320172119068191e-02	8.711284716477936396e-02
1.388440051319066470e+03	2.258051159329001190e-01	1.435815410291516603e-01	2.655093043535300401e-01	1.661908509443855431e-01	7.862900576186315771e-02	3.301010452947567009e-02	8.727407744831602865e-02
1.393277821532721646e+03	2.252828707336234637e-01	1.432130327391594460e-01	2.658394743896804746e-01	1.664230001252390845e-01	7.873056126442284919e-02	3.307686981511512303e-02	8.743419093238176398e-02
1.398115591746377049e+03	2.247635888393068326e-01	1.428466175209296973e-01	2.661678595165273276e-01	1.666537292832179773e-01	7.883151419104850177e-02	3.314349392546844797e-02	8.759319672312342042e-02
1.402953361960032225e+03	2.242472530971136857e-01	1.424822834242872038e-01	2.664944689885080931e-01	1.668830487313884559e-01	7.893186862231707512e-02	3.320997330763308247e-02	8.775110382837468526e-02
1.407791132173687402e+03	2.237338464655911907e-01	1.421200185627966295e-01	2.668193120212091207e-01	1.671109686829840013e-01	7.903162860152733449e-02	3.327630450646931054e-02	8.790792115904466630e-02
1.412628902387342805e+03	2.232233520133899418e-01	1.417598111138085870e-01	2.671423977913679471e-01	1.673374992526066585e-01	7.913079813530420059e-02	3.334248416266200055e-02	8.806365753048293887e-02
1.417466672600997981e+03	2.227157529180245066e-01	1.414016493184790113e-01	2.674637354368772368e-01	1.675626504574217468e-01	7.922938119417932690e-02	3.340850901081852953e-02	8.821832166382193030e-02
1.422304442814653157e+03	2.222110324646727475e-01	1.410455214817640524e-01	2.677833340567912779e-01	1.677864322183455492e-01	7.932738171314983322e-02	3.347437587760213745e-02	8.837192218729675308e-02
1.427142213028308333e+03	2.217091740450120307e-01	1.406914159723915425e-01	2.681012027113349183e-01	1.680088543612240082e-01	7.942480359221670838e-02	3.354008167990010780e-02	8.852446763754306946e-02
1.431979983241963964e+03	2.212101611560904901e-01	1.403393212228110642e-01	2.684173504219147799e-01	1.682299266180023178e-01	7.952165069690443622e-02	3.360562342302599037e-02	8.867596646087341772e-02
1.436817753455619140e+03	2.207139773992315701e-01	1.399892257291235620e-01	2.687317861711326916e-01	1.684496586278841079e-01	7.961792685876310782e-02	3.367099819895527646e-02	8.882642701453220824e-02
1.441655523669274316e+03	2.202206064789700435e-01	1.396411180509920524e-01	2.690445189028018436e-01	1.686680599384800805e-01	7.971363587585435229e-02	3.373620318459388118e-02	8.897585756793020828e-02
1.446493293882929493e+03	2.197300322020182828e-01	1.392949868115346546e-01	2.693555575219655496e-01	1.688851400069447395e-01	7.980878151322202962e-02	3.380123564007878750e-02	8.912426630385840431e-02
1.451331064096585123e+03	2.192422384762609811e-01	1.389508206972010773e-01	2.696649108949177309e-01	1.691009082011016573e-01	7.990336750334879612e-02	3.386609290711023457e-02	8.927166131968196361e-02
1.456168834310240300e+03	2.187572093097770454e-01	1.386086084576336197e-01	2.699725878492268971e-01	1.693153738005560571e-01	7.999739754659937474e-02	3.393077240731488115e-02	8.941805062851455876e-02
1.461006604523895703e+03	2.182749288098873031e-01	1.382683389055138767e-01	2.702785971737620141e-01	1.695285459977949327e-01	8.009087531165159923e-02	3.399527164063931989e-02	8.956344216037341599e-02
1.465844374737550879e+03	2.177953811822271601e-01	1.379300009163960117e-01	2.705829476187208149e-01	1.697404338992740402e-01	8.018380443591556495e-02	3.405958818377341490e-02	8.970784376331546184e-02
1.470682144951206283e+03	2.173185507298422414e-01	1.375935834285275661e-01	2.708856478956611635e-01	1.699510465264917891e-01	8.027618852594203824e-02	3.412371968860287291e-02	8.985126320455488758e-02
1.475519915164861459e+03	2.168444218523066513e-01	1.372590754426585291e-01	2.711867066775342505e-01	1.701603928170497826e-01	8.036803115782037432e-02	3.418766388069050671e-02	8.999370817156253366e-02
1.480357685378516862e+03	2.163729790448624402e-01	1.369264660218397767e-01	2.714861325987207308e-01	1.703684816256997858e-01	8.045933587756685934e-02	3.425141855778569833e-02	9.013518627314733023e-02
1.485195455592172038e+03	2.159042068975794149e-01	1.365957442912114905e-01	2.717839342550693038e-01	1.705753217253771492e-01	8.055010620150364342e-02	3.431498158836143730e-02	9.027570504052025158e-02
1.490033225805827215e+03	2.154380900945341570e-01	1.362668994377821685e-01	2.720801202039372368e-01	1.707809218082205482e-01	8.064034561662913880e-02	3.437835091017855949e-02	9.041527192834092341e-02
1.494870996019482618e+03	2.149746134130076647e-01	1.359399207101991136e-01	2.723746989642338856e-01	1.709852904865780121e-01	8.073005758097999418e-02	3.444152452887654092e-02	9.055389431574745185e-02
1.499708766233137567e+03	2.145137617227005078e-01	1.356147974185110683e-01	2.726676790164664910e-01	1.711884362939994353e-01	8.081924552398524197e-02	3.450450051659050693e-02	9.069157950736946028e-02
1.504546536446793198e+03	2.140555199849647761e-01	1.352915189339231328e-01	2.729590688027879741e-01	1.713903676862151559e-01	8.090791284681293771e-02	3.456727701059382485e-02	9.082833473432493088e-02
1.509384306660448374e+03	2.135998732520522359e-01	1.349700746885453273e-01	2.732488767270474517e-01	1.715910930421011560e-01	8.099606292270962460e-02	3.462985221196592661e-02	9.096416715520098950e-02
1.514222076874103550e+03	2.131468066663777527e-01	1.346504541751347150e-01	2.735371111548430267e-01	1.717906206646304945e-01	8.108369909733298408e-02	3.469222438428482685e-02	9.109908385701888378e-02
1.519059847087758726e+03	2.126963054597974523e-01	1.343326469468318352e-01	2.738237804135764675e-01	1.719889587818114463e-01	8.117082468907792225e-02	3.475439185234393408e-02	9.123309185618361239e-02
1.523897617301414357e+03	2.122483549529007030e-01	1.340166426168916680e-01	2.741088927925109386e-01	1.721861155476121508e-01	8.125744298939632793e-02	3.481635300089263446e-02	9.136619809941827486e-02
1.528735387515069533e+03	2.118029405543159494e-01	1.337024308584102705e-01	2.743924565428297324e-01	1.723820990428721056e-01	8.134355726311084944e-02	3.487810627340034303e-02	9.149840946468355829e-02
1.533573157728724709e+03	2.113600477600289795e-01	1.333900014040464432e-01	2.746744798776983854e-01	1.725769172762001702e-01	8.142917074872289829e-02	3.493965017084344621e-02	9.162973276208256912e-02
1.538410927942380113e+03	2.109196621527139326e-01	1.330793440457397614e-01	2.749549709723281832e-01	1.727705781848599687e-01	8.151428665871497670e-02	3.500098325051483050e-02	9.176017473475128750e-02
1.543248698156035516e+03	2.104817694010758244e-01	1.327704486344249424e-01	2.752339379640419414e-01	1.729630896356420533e-01	8.159890817984773170e-02	3.506210412485552541e-02	9.188974205973483855e-02
1.548086468369690692e+03	2.100463552592045646e-01	1.324633050797429656e-01	2.755113889523420623e-01	1.731544594257235226e-01	8.168303847345170787e-02	3.512301146030807203e-02	9.201844134884998305e-02
1.552924238583346096e+03	2.096134055659397699e-01	1.321579033497489453e-01	2.757873319989802008e-01	1.733446952835148713e-01	8.176668067571407628e-02	3.518370397619122875e-02	9.214627914953382737e-02
1.557762008797001272e+03	2.091829062442460696e-01	1.318542334706178654e-01	2.760617751280291521e-01	1.735338048694942958e-01	8.184983789796063114e-02	3.524418044359564628e-02	9.227326194567926632e-02
1.562599779010656675e+03	2.087548433005983750e-01	1.315522855263475122e-01	2.763347263259567921e-01	1.737217957770300358e-01	8.193251322693290151e-02	3.530443968430008184e-02	9.239939615845720045e-02
1.567437549224311852e+03	2.083292028243768912e-01	1.312520496584596852e-01	2.766061935417016837e-01	1.739086755331902823e-01	8.201470972506079427e-02	3.536448056970778464e-02	9.252468814712581924e-02
1.572275319437967255e+03	2.079059709872713158e-01	1.309535160656993269e-01	2.768761846867506260e-01	1.740944515995409836e-01	8.209643043073075463e-02	3.542430201980278914e-02	9.264914420982721388e-02
1.577113089651622431e+03	2.074851340426939472e-01	1.306566750037322644e-01	2.771447076352180905e-01	1.742791313729321612e-01	8.217767835854963843e-02	3.548390300212556081e-02	9.277277058437140289e-02
1.581950859865277607e+03	2.070666783252014254e-01	1.303615167848415080e-01	2.774117702239273231e-01	1.744627221862723176e-01	8.225845649960435157e-02	3.554328253076784877e-02	9.289557344900825631e-02
1.586788630078933011e+03	2.066505902499247427e-01	1.300680317776224393e-01	2.776773802524934442e-01	1.746452313092914099e-01	8.233876782171747899e-02	3.560243966538628041e-02	9.301755892318727681e-02
1.591626400292587959e+03	2.062368563120071663e-01	1.297762104066770283e-01	2.779415454834077148e-01	1.748266659492925812e-01	8.241861526969880558e-02	3.566137351023433016e-02	9.313873306830545984e-02
1.596464170506243590e+03	2.058254630860498757e-01	1.294860431523074396e-01	2.782042736421240781e-01	1.750070332518924854e-01	8.249800176559311804e-02	3.572008321321246127e-02	9.325910188844363513e-02
1.601301940719898766e+03	2.054163972255651227e-01	1.291975205502088053e-01	2.784655724171469782e-01	1.751863403017507870e-01	8.257693020892409308e-02	3.577856796493598251e-02	9.337867133109137296e-02
1.606139710933553943e+03	2.050096454624362741e-01	1.289106331911617498e-01	2.787254494601208443e-01	1.753645941232888916e-01	8.265540347693450807e-02	3.583682699782034242e-02	9.349744728786053838e-02
1.610977481147209119e+03	2.046051946063849880e-01	1.286253717207247738e-01	2.789839123859211845e-01	1.755418016813977966e-01	8.273342442482294057e-02	3.589485958518359027e-02	9.361543559518789581e-02
1.615815251360864750e+03	2.042030315444452737e-01	1.283417268389261678e-01	2.792409687727467893e-01	1.757179698821356439e-01	8.281099588597684580e-02	3.595266504036562921e-02	9.373264203502684744e-02
1.620653021574519926e+03	2.038031432404433796e-01	1.280596892999563141e-01	2.794966261622142678e-01	1.758931055734146987e-01	8.288812067220215074e-02	3.601024271586396319e-02	9.384907233552844397e-02
1.625490791788175102e+03	2.034055167344846482e-01	1.277792499118598213e-01	2.797508920594530268e-01	1.760672155456784183e-01	8.296480157394964250e-02	3.606759200248568775e-02	9.396473217171198711e-02
1.630328562001830505e+03	2.030101391424459778e-01	1.275003995362281872e-01	2.800037739332022491e-01	1.762403065325682250e-01	8.304104136053783169e-02	3.612471232851540565e-02	9.407962716612529308e-02
1.635166332215485909e+03	2.026169976554744456e-01	1.272231290878926002e-01	2.802552792159091477e-01	1.764123852115805913e-01	8.311684278037280438e-02	3.618160315889873413e-02	9.419376288949483922e-02
1.640004102429141085e+03	2.022260795394912880e-01	1.269474295346173509e-01	2.805054153038284426e-01	1.765834582047143830e-01	8.319220856116468776e-02	3.623826399444120272e-02	9.430714486136587693e-02
1.644841872642796488e+03	2.018373721347017091e-01	1.266732918967937438e-01	2.807541895571228907e-01	1.767535320791085995e-01	8.326714141014122939e-02	3.629469437102220142e-02	9.441977855073287185e-02
1.649679642856451665e+03	2.014508628551099079e-01	1.264007072471346749e-01	2.810016092999657045e-01	1.769226133476707596e-01	8.334164401425817048e-02	3.635089385882372959e-02	9.453166937666034053e-02
1.654517413070107068e+03	2.010665391880394337e-01	1.261296667103699032e-01	2.812476818206434692e-01	1.770907084696960454e-01	8.341571904040669116e-02	3.640686206157368876e-02	9.464282270889405602e-02
1.659355183283762244e+03	2.006843886936583998e-01	1.258601614629422660e-01	2.814924143716607818e-01	1.772578238514773419e-01	8.348936913561795514e-02	3.646259861580340711e-02	9.475324386846316338e-02
1.664192953497417420e+03	2.003043990045098588e-01	1.255921827327046436e-01	2.817358141698456109e-01	1.774239658469062564e-01	8.356259692726472621e-02	3.651810319011921518e-02	9.486293812827302496e-02
1.669030723711072824e+03	1.999265578250467579e-01	1.253257217986178673e-01	2.819778883964561000e-01	1.775891407580653947e-01	8.363540502326027859e-02	3.657337548448775372e-02	9.497191071368915605e-02
1.673868493924728000e+03	1.995508529311716683e-01	1.250607699904497105e-01	2.822186441972883708e-01	1.777533548358120885e-01	8.370779601225437905e-02	3.662841522953477758e-02	9.508016680311232038e-02
1.678706264138383403e+03	1.991772721697811221e-01	1.247973186884748925e-01	2.824580886827851023e-01	1.779166142803533524e-01	8.377977246382671550e-02	3.668322218585726158e-02	9.518771152854491047e-02
1.683544034352038352e+03	1.988058034583141953e-01	1.245353593231763034e-01	2.826962289281452767e-01	1.780789252418127078e-01	8.385133692867756394e-02	3.673779614334848204e-02	9.529454997614884848e-02
1.688381804565693983e+03	1.984364347843055321e-01	1.242748833749472565e-01	2.829330719734352573e-01	1.782402938207885146e-01	8.392249193881586022e-02	3.679213692053590057e-02	9.540068718679506343e-02
1.693219574779349159e+03	1.980691542049425879e-01	1.240158823737950028e-01	2.831686248237002546e-01	1.784007260689044472e-01	8.399324000774474608e-02	3.684624436393161423e-02	9.550612815660472488e-02
1.698057344993004335e+03	1.977039498466269252e-01	1.237583478990455788e-01	2.834028944490769586e-01	1.785602279893518940e-01	8.406358363064447836e-02	3.690011834739511526e-02	9.561087783748239977e-02
1.702895115206659511e+03	1.973408099045395880e-01	1.235022715790498188e-01	2.836358877849071702e-01	1.787188055374243911e-01	8.413352528455300683e-02	3.695375877150815919e-02	9.571494113764121570e-02
1.707732885420315142e+03	1.969797226422103920e-01	1.232476450908907839e-01	2.838676117318519321e-01	1.788764646210445342e-01	8.420306742854401227e-02	3.700716556296151927e-02	9.581832292212018320e-02
1.712570655633970318e+03	1.966206763910909594e-01	1.229944601600925363e-01	2.840980731560069361e-01	1.790332111012832017e-01	8.427221250390250218e-02	3.706033867395340520e-02	9.592102801329381589e-02
1.717408425847625494e+03	1.962636595501316694e-01	1.227427085603302881e-01	2.843272788890183200e-01	1.791890507928713128e-01	8.434096293429824143e-02	3.711327808159933100e-02	9.602306119137418716e-02
1.722246196061280898e+03	1.959086605853622431e-01	1.224923821131419233e-01	2.845552357281996292e-01	1.793439894647042288e-01	8.440932112595664338e-02	3.716598378735323782e-02	9.612442719490552068e-02
1.727083966274936301e+03	1.955556680294756600e-01	1.222434726876410610e-01	2.847819504366489451e-01	1.794980328403390502e-01	8.447728946782755155e-02	3.721845581643968420e-02	9.622513072125149503e-02
1.731921736488591478e+03	1.952046704814160982e-01	1.219959722002314922e-01	2.850074297433672910e-01	1.796511865984847245e-01	8.454487033175168975e-02	3.727069421729683335e-02	9.632517642707530414e-02
1.736759506702246881e+03	1.948556566059699569e-01	1.217498726143231846e-01	2.852316803433775361e-01	1.798034563734851043e-01	8.461206607262496127e-02	3.732269906103011237e-02	9.642456892881262620e-02
1.741597276915902057e+03	1.945086151333602908e-01	1.215051659400496337e-01	2.854547088978437452e-01	1.799548477557952053e-01	8.467887902856052751e-02	3.737447044087634229e-02	9.652331280313775075e-02
1.746435047129557461e+03	1.941635348588447996e-01	1.212618442339869623e-01	2.856765220341914713e-01	1.801053662924508025e-01	8.474531152104880505e-02	3.742600847167809608e-02	9.662141258742261429e-02
1.751272817343212637e+03	1.938204046423168680e-01	1.210198995988742560e-01	2.858971263462283252e-01	1.802550174875311995e-01	8.481136585511536707e-02	3.747731328936816653e-02	9.671887278018942435e-02
1.756110587556867813e+03	1.934792134079098835e-01	1.207793241833357567e-01	2.861165283942654347e-01	1.804038068026155850e-01	8.487704431947674932e-02	3.752838505046388745e-02	9.681569784155633074e-02
1.760948357770523216e+03	1.931399501436047161e-01	1.205401101816043485e-01	2.863347347052393466e-01	1.805517396572328959e-01	8.494234918669427148e-02	3.757922393157125257e-02	9.691189219367687957e-02
1.765786127984178393e+03	1.928026039008401415e-01	1.203022498332467494e-01	2.865517517728343178e-01	1.806988214293054062e-01	8.500728271332583241e-02	3.762983012889843659e-02	9.700746022117284761e-02
1.770623898197833569e+03	1.924671637941266500e-01	1.200657354228902712e-01	2.867675860576052727e-01	1.808450574555860169e-01	8.507184714007577642e-02	3.768020385777882258e-02	9.710240627156092874e-02
1.775461668411488745e+03	1.921336190006629474e-01	1.198305592799510377e-01	2.869822439871011488e-01	1.809904530320896321e-01	8.513604469194276103e-02	3.773034535220314012e-02	9.719673465567310600e-02
1.780299438625144376e+03	1.918019587599553710e-01	1.195967137783639500e-01	2.871957319559887978e-01	1.811350134145181534e-01	8.519987757836583464e-02	3.778025486436063091e-02	9.729044964807102847e-02
1.785137208838799552e+03	1.914721723734404413e-01	1.193641913363141238e-01	2.874080563261773302e-01	1.812787438186798661e-01	8.526334799336852954e-02	3.782993266418913092e-02	9.738355548745439294e-02
1.789974979052454728e+03	1.911442492041100782e-01	1.191329844159699364e-01	2.876192234269425718e-01	1.814216494209029695e-01	8.532645811570119254e-02	3.787937903893378450e-02	9.747605637706330262e-02
1.794812749266109904e+03	1.908181786761397047e-01	1.189030855232176831e-01	2.878292395550524074e-01	1.815637353584431402e-01	8.538921010898151143e-02	3.792859429271437655e-02	9.756795648507504692e-02
1.799650519479765535e+03	1.904939502745190139e-01	1.186744872073979135e-01	2.880381109748920143e-01	1.817050067298858207e-01	8.545160612183315407e-02	3.797757874610098450e-02	9.765925994499502494e-02
1.804488289693420711e+03	1.901715535446856509e-01	1.184471820610431270e-01	2.882458439185897614e-01	1.818454685955425698e-01	8.551364828802281159e-02	3.802633273569786670e-02	9.774997085604211766e-02
1.809326059907075887e+03	1.898509780921613099e-01	1.182211627196173703e-01	2.884524445861434416e-01	1.819851259778423602e-01	8.557533872659540963e-02	3.807485661373550406e-02	9.784009328352853696e-02
1.814163830120731291e+03	1.895322135821907727e-01	1.179964218612571669e-01	2.886579191455464488e-01	1.821239838617171036e-01	8.563667954200765431e-02	3.812315074767052420e-02	9.792963125923424828e-02
1.819001600334386467e+03	1.892152497393833621e-01	1.177729522065141810e-01	2.888622737329147316e-01	1.822620471949822907e-01	8.569767282425987120e-02	3.817121551979341110e-02	9.801858878177611978e-02
1.823839370548041643e+03	1.889000763473569211e-01	1.175507465180994637e-01	2.890655144526136922e-01	1.823993208887120798e-01	8.575832064902623453e-02	3.821905132684387529e-02	9.810696981697174246e-02
1.828677140761696819e+03	1.885866832483845956e-01	1.173297976006291571e-01	2.892676473773853618e-01	1.825358098176096400e-01	8.581862507778340032e-02	3.826665857963376660e-02	9.819477829819810155e-02
1.833514910975352450e+03	1.882750603430438929e-01	1.171100983003720286e-01	2.894686785484759661e-01	1.826715188203719975e-01	8.587858815793751599e-02	3.831403770267732128e-02	9.828201812674526583e-02
1.838352681189008081e+03	1.879651975898682659e-01	1.168916415049983115e-01	2.896686139757637113e-01	1.828064527000505257e-01	8.593821192294961997e-02	3.836118913382863954e-02	9.836869317216495601e-02
1.843190451402663257e+03	1.876570850050010841e-01	1.166744201433303485e-01	2.898674596378864043e-01	1.829406162244060219e-01	8.599749839245951488e-02	3.840811332392630312e-02	9.845480727261429754e-02
1.848028221616318433e+03	1.873507126618523533e-01	1.164584271850946512e-01	2.900652214823697395e-01	1.830740141262593712e-01	8.605644957240821125e-02	3.845481073644495956e-02	9.854036423519468846e-02
1.852865991829973609e+03	1.870460706907572934e-01	1.162436556406755972e-01	2.902619054257553621e-01	1.832066511038372425e-01	8.611506745515874750e-02	3.850128184715376212e-02	9.862536783628593484e-02
1.857703762043628785e+03	1.867431492786376657e-01	1.160300985608706398e-01	2.904575173537293775e-01	1.833385318211133708e-01	8.617335401961562225e-02	3.854752714378147788e-02	9.870982182187575116e-02
1.862541532257283961e+03	1.864419386686653191e-01	1.158177490366471829e-01	2.906520631212507477e-01	1.834696609081450935e-01	8.623131123134267217e-02	3.859354712568827811e-02	9.879372990788455600e-02
1.867379302470939592e+03	1.861424291599280689e-01	1.156066001989008163e-01	2.908455485526799666e-01	1.836000429614055851e-01	8.628894104267963161e-02	3.863934230354396093e-02	9.887709578048588244e-02
1.872217072684594768e+03	1.858446111070976292e-01	1.153966452182152574e-01	2.910379794419076238e-01	1.837296825441114001e-01	8.634624539285726263e-02	3.868491319901253001e-02	9.895992309642219487e-02
1.877054842898249490e+03	1.855484749201001815e-01	1.151878773046237647e-01	2.912293615524834123e-01	1.838585841865460480e-01	8.640322620811101417e-02	3.873026034444303212e-02	9.904221548331645919e-02
1.881892613111905121e+03	1.852540110637889148e-01	1.149802897073720631e-01	2.914197006177448035e-01	1.839867523863789323e-01	8.645988540179336268e-02	3.877538428256654957e-02	9.912397653997927216e-02
1.886730383325560297e+03	1.849612100576187579e-01	1.147738757146828104e-01	2.916090023409460552e-01	1.841141916089802932e-01	8.651622487448494547e-02	3.882028556619915305e-02	9.920520983671188286e-02
1.891568153539215928e+03	1.846700624753234432e-01	1.145686286535215481e-01	2.917972723953871084e-01	1.842409062877319592e-01	8.657224651410405647e-02	3.886496475795080119e-02	9.928591891560493987e-02
1.896405923752871104e+03	1.843805589445946524e-01	1.143645418893641796e-01	2.919845164245425950e-01	1.843669008243339902e-01	8.662795219601517049e-02	3.890942242994005484e-02	9.936610729083322768e-02
1.901243693966526507e+03	1.840926901467631327e-01	1.141616088259659739e-01	2.921707400421908463e-01	1.844921795891073524e-01	8.668334378313596877e-02	3.895365916351440499e-02	9.944577844894625374e-02
1.906081464180181683e+03	1.838064468164823106e-01	1.139598229051319300e-01	2.923559488325426226e-01	1.846167469212926515e-01	8.673842312604314320e-02	3.899767554897630439e-02	9.952493584915496350e-02
1.910919234393836859e+03	1.835218197414135721e-01	1.137591776064888066e-01	2.925401483503705102e-01	1.847406071293448693e-01	8.679319206307704870e-02	3.904147218531456298e-02	9.960358292361450039e-02
1.915757004607492036e+03	1.832387997619139841e-01	1.135596664472584560e-01	2.927233441211374299e-01	1.848637644912245470e-01	8.684765242044499567e-02	3.908504967994125279e-02	9.968172307770314933e-02
1.920594774821147894e+03	1.829573777707257098e-01	1.133612829820327128e-01	2.929055416411259771e-01	1.849862232546848895e-01	8.690180601232340429e-02	3.912840864843376149e-02	9.975935969029740835e-02
1.925432545034802843e+03	1.826775447126677832e-01	1.131640208025496697e-01	2.930867463775667647e-01	1.851079876375553157e-01	8.695565464095875163e-02	3.917154971428216115e-02	9.983649611404346591e-02
1.930270315248458019e+03	1.823992915843297147e-01	1.129678735374715359e-01	2.932669637687674302e-01	1.852290618280214018e-01	8.700920009676739453e-02	3.921447350864158687e-02	9.991313567562491726e-02
1.935108085462113195e+03	1.821226094337670409e-01	1.127728348521636476e-01	2.934461992242415329e-01	1.853494499849011323e-01	8.706244415843408802e-02	3.925718067008962531e-02	9.998928167602691430e-02
1.939945855675768371e+03	1.818474893601990938e-01	1.125788984484752536e-01	2.936244581248368957e-01	1.854691562379177094e-01	8.711538859300957394e-02	3.929967184438867139e-02	1.000649373907967904e-01
1.944783625889424002e+03	1.815739225137084634e-01	1.123860580645214546e-01	2.938017458228641687e-01	1.855881846879688934e-01	8.716803515600690666e-02	3.934194768425301053e-02	1.001401060703011187e-01
1.949621396103079178e+03	1.813019000949424586e-01	1.121943074744666674e-01	2.939780676422253936e-01	1.857065394073927622e-01	8.722038559149664083e-02	3.938400884912069549e-02	1.002147909399793840e-01
1.954459166316734354e+03	1.810314133548166782e-01	1.120036404883094916e-01	2.941534288785420670e-01	1.858242244402303900e-01	8.727244163220110318e-02	3.942585600493003078e-02	1.002889952005942831e-01
1.959296936530389530e+03	1.807624535942202182e-01	1.118140509516688808e-01	2.943278347992834276e-01	1.859412438024848624e-01	8.732420499958740145e-02	3.946748982390061583e-02	1.003627220284786792e-01
1.964134706744044706e+03	1.804950121637229898e-01	1.116255327455717705e-01	2.945012906438944644e-01	1.860576014823773494e-01	8.737567740395953131e-02	3.950891098431888460e-02	1.004359745757792688e-01
1.968972476957700337e+03	1.802290804632846188e-01	1.114380797862420253e-01	2.946738016239236480e-01	1.861733014405996534e-01	8.742686054454927580e-02	3.955012017032798893e-02	1.005087559706970279e-01
1.973810247171355968e+03	1.799646499419656487e-01	1.112516860248908696e-01	2.948453729231508835e-01	1.862883476105640090e-01	8.747775610960625836e-02	3.959111807172202568e-02	1.005810693177245363e-01
1.978648017385010689e+03	1.797017120976401872e-01	1.110663454475084438e-01	2.950160096977149093e-01	1.864027438986492480e-01	8.752836577648687166e-02	3.963190538374446875e-02	1.006529176978800816e-01
1.983485787598666320e+03	1.794402584767104958e-01	1.108820520746569144e-01	2.951857170762406390e-01	1.865164941844444091e-01	8.757869121174223503e-02	3.967248280689076451e-02	1.007243041689387802e-01
1.988323557812321269e+03	1.791802806738233833e-01	1.106987999612648460e-01	2.953545001599663378e-01	1.866296023209888799e-01	8.762873407120512492e-02	3.971285104671499339e-02	1.007952317656606311e-01
1.993161328025976900e+03	1.789217703315885144e-01	1.105165831964228379e-01	2.955223640228706872e-01	1.867420721350099566e-01	8.767849600007608657e-02	3.975301081364050054e-02	1.008657035000155994e-01
1.997999098239632076e+03	1.786647191402983559e-01	1.103353959031805748e-01	2.956893137117994064e-01	1.868539074271571288e-01	8.772797863300840771e-02	3.979296282277453023e-02	1.009357223614057303e-01
2.002836868453287707e+03	1.784091188376498438e-01	1.101552322383451132e-01	2.958553542465920394e-01	1.869651119722338106e-01	8.777718359419220406e-02	3.983270779372660719e-02	1.010052913168844879e-01
2.007674638666942428e+03	1.781549612084680489e-01	1.099760863922804727e-01	2.960204906202080766e-01	1.870756895194259917e-01	8.782611249743774162e-02	3.987224645043076221e-02	1.010744133113731097e-01
2.012512408880597604e+03	1.779022380844311191e-01	1.097979525887085583e-01	2.961847277988531313e-01	1.871856437925280836e-01	8.787476694625760698e-02	3.991157952097143524e-02	1.011430912678742411e-01
2.017350179094252780e+03	1.776509413437975804e-01	1.096208250845113197e-01	2.963480707221048949e-01	1.872949784901663528e-01	8.792314853394807284e-02	3.995070773741304232e-02	1.012113280876828919e-01
2.022187949307908411e+03	1.774010629111347492e-01	1.094446981695341714e-01	2.965105243030388138e-01	1.874036972860191330e-01	8.797125884366967241e-02	3.998963183563310209e-02	1.012791266505944920e-01
2.027025719521564042e+03	1.771525947570492809e-01	1.092695661663907331e-01	2.966720934283533229e-01	1.875118038290347899e-01	8.801909944852673306e-02	4.002835255515886648e-02	1.013464898151104632e-01
2.031863489735218764e+03	1.769055288979189122e-01	1.090954234302687342e-01	2.968327829584951338e-01	1.876193017436468546e-01	8.806667191164618824e-02	4.006687063900738616e-02	1.014134204186410426e-01
2.036701259948874394e+03	1.766598573956264517e-01	1.089222643487372383e-01	2.969925977277839690e-01	1.877261946299866591e-01	8.811397778625541799e-02	4.010518683352893438e-02	1.014799212777056509e-01
2.041539030162529116e+03	1.764155723572950474e-01	1.087500833415550872e-01	2.971515425445371839e-01	1.878324860640932514e-01	8.816101861575938170e-02	4.014330188825383089e-02	1.015459951881305251e-01
2.046376800376184747e+03	1.761726659350251190e-01	1.085788748604804843e-01	2.973096221911942227e-01	1.879381795981211745e-01	8.820779593381686268e-02	4.018121655574238144e-02	1.016116449252440629e-01
2.051214570589840150e+03	1.759311303256330394e-01	1.084086333890819376e-01	2.974668414244405756e-01	1.880432787605453016e-01	8.825431126441579677e-02	4.021893159143809238e-02	1.016768732440695433e-01
2.056052340803495554e+03	1.756909577703913983e-01	1.082393534425502984e-01	2.976232049753315678e-01	1.881477870563635912e-01	8.830056612194801813e-02	4.025644775352406335e-02	1.017416828795154327e-01
2.060890111017150957e+03	1.754521405547707635e-01	1.080710295675120225e-01	2.977787175494156502e-01	1.882517079672972327e-01	8.834656201128301967e-02	4.029376580278230119e-02	1.018060765465634149e-01
2.065727881230805451e+03	1.752146710081832204e-01	1.079036563418436789e-01	2.979333838268577450e-01	1.883550449519885983e-01	8.839230042784104735e-02	4.033088650245621187e-02	1.018700569404539374e-01
2.070565651444461309e+03	1.749785415037273806e-01	1.077372283744874870e-01	2.980872084625621476e-01	1.884578014461966711e-01	8.843778285766536185e-02	4.036781061811590965e-02	1.019336267368694676e-01
2.075403421658116713e+03	1.747437444579348909e-01	1.075717403052682541e-01	2.982401960862948731e-01	1.885599808629905283e-01	8.848301077749376464e-02	4.040453891752657234e-02	1.019967885921155282e-01
2.080241191871772116e+03	1.745102723305186898e-01	1.074071868047113132e-01	2.983923513028060581e-01	1.886615865929400504e-01	8.852798565482941640e-02	4.044107217051949588e-02	1.020595451432994294e-01
2.085078962085427065e+03	1.742781176241225971e-01	1.072435625738615700e-01	2.985436786919517527e-01	1.887626220043048808e-01	8.857270894801082262e-02	4.047741114886606317e-02	1.021218990085067807e-01
2.089916732299082469e+03	1.740472728840725958e-01	1.070808623441038970e-01	2.986941828088155448e-01	1.888630904432209434e-01	8.861718210628120873e-02	4.051355662615438447e-02	1.021838527869758650e-01
2.094754502512737417e+03	1.738177306981296133e-01	1.069190808769845263e-01	2.988438681838297972e-01	1.889629952338848784e-01	8.866140656985706248e-02	4.054950937766869240e-02	1.022454090592698484e-01
2.099592272726392821e+03	1.735894836962437182e-01	1.067582129640335664e-01	2.989927393228966612e-01	1.890623396787363131e-01	8.870538376999605179e-02	4.058527018027129757e-02	1.023065703874468518e-01
2.104430042940048224e+03	1.733625245503099266e-01	1.065982534265886711e-01	2.991408007075083697e-01	1.891611270586381344e-01	8.874911512906426270e-02	4.062083981228717389e-02	1.023673393152279426e-01
2.109267813153704083e+03	1.731368459739254240e-01	1.064391971156198463e-01	2.992880567948678072e-01	1.892593606330545131e-01	8.879260206060263227e-02	4.065621905339115300e-02	1.024277183681631120e-01
2.114105583367359031e+03	1.729124407221483140e-01	1.062810389115553533e-01	2.994345120180082476e-01	1.893570436402270962e-01	8.883584596939285427e-02	4.069140868449745707e-02	1.024877100537952279e-01
2.118943353581013525e+03	1.726893015912578100e-01	1.061237737241086526e-01	2.995801707859127028e-01	1.894541792973491179e-01	8.887884825152246593e-02	4.072640948765184760e-02	1.025473168618219466e-01
2.123781123794669384e+03	1.724674214185159815e-01	1.059673964921065137e-01	2.997250374836333831e-01	1.895507708007374281e-01	8.892161029444942133e-02	4.076122224592605703e-02	1.026065412642556962e-01
2.128618894008324787e+03	1.722467930819307214e-01	1.058119021833181655e-01	2.998691164724104352e-01	1.896468213260028013e-01	8.896413347706588759e-02	4.079584774331463520e-02	1.026653857155818000e-01
2.133456664221980191e+03	1.720274095000203785e-01	1.056572857942855437e-01	3.000124120897902369e-01	1.897423340282181348e-01	8.900641916976149981e-02	4.083028676463408557e-02	1.027238526529145463e-01
2.138294434435635139e+03	1.718092636315796673e-01	1.055035423501545638e-01	3.001549286497436353e-01	1.898373120420847882e-01	8.904846873448588052e-02	4.086454009542425658e-02	1.027819444961515644e-01
2.143132204649290543e+03	1.715923484754471595e-01	1.053506669045075200e-01	3.002966704427836309e-01	1.899317584820972293e-01	8.909028352481067337e-02	4.089860852185200207e-02	1.028396636481261894e-01
2.147969974862945492e+03	1.713766570702740522e-01	1.051986545391964262e-01	3.004376417360824503e-01	1.900256764427055711e-01	8.913186488599082746e-02	4.093249283061699967e-02	1.028970124947580916e-01
2.152807745076601350e+03	1.711621824942942405e-01	1.050475003641775512e-01	3.005778467735889525e-01	1.901190689984765536e-01	8.917321415502528492e-02	4.096619380885965778e-02	1.029539934052021988e-01
2.157645515290255844e+03	1.709489178650961116e-01	1.048971995173468563e-01	3.007172897761448138e-01	1.902119392042525836e-01	8.921433266071723822e-02	4.099971224407121528e-02	1.030106087319956482e-01
2.162483285503912157e+03	1.707368563393953376e-01	1.047477471643765146e-01	3.008559749416009343e-01	1.903042900953091088e-01	8.925522172373351326e-02	4.103304892400585352e-02	1.030668608112032258e-01
2.167321055717567106e+03	1.705259911128093053e-01	1.045991384985524714e-01	3.009939064449331791e-01	1.903961246875101598e-01	8.929588265666364710e-02	4.106620463659483439e-02	1.031227519625609323e-01
2.172158825931222509e+03	1.703163154196327134e-01	1.044513687406129904e-01	3.011310884383576747e-01	1.904874459774624218e-01	8.933631676407820243e-02	4.109918016986260914e-02	1.031782844896178969e-01
2.176996596144877003e+03	1.701078225326147775e-01	1.043044331385881845e-01	3.012675250514461611e-01	1.905782569426672235e-01	8.937652534258662407e-02	4.113197631184488390e-02	1.032334606798767512e-01
2.181834366358532861e+03	1.699005057627374082e-01	1.041583269676406021e-01	3.014032203912400676e-01	1.906685605416712781e-01	8.941650968089442930e-02	4.116459385050860731e-02	1.032882828049321855e-01
2.186672136572187810e+03	1.696943584589951093e-01	1.040130455299067835e-01	3.015381785423654204e-01	1.907583597142155640e-01	8.945627105985992644e-02	4.119703357367381774e-02	1.033427531206080191e-01
2.191509906785843214e+03	1.694893740081759304e-01	1.038685841543397353e-01	3.016724035671459747e-01	1.908476573813826793e-01	8.949581075255040596e-02	4.122929626893731547e-02	1.033968738670926202e-01
2.196347676999498617e+03	1.692855458346437802e-01	1.037249381965525269e-01	3.018058995057171789e-01	1.909364564457425306e-01	8.953513002429770717e-02	4.126138272359815284e-02	1.034506472690728263e-01
2.201185447213154021e+03	1.690828674001222109e-01	1.035821030386626929e-01	3.019386703761388624e-01	1.910247597914965512e-01	8.957423013275329915e-02	4.129329372458488689e-02	1.035040755358662412e-01
2.206023217426809424e+03	1.688813322034792286e-01	1.034400740891377596e-01	3.020707201745080894e-01	1.911125702846202257e-01	8.961311232794287596e-02	4.132503005838453203e-02	1.035571608615520334e-01
2.210860987640464373e+03	1.686809337805136311e-01	1.032988467826415624e-01	3.022020528750711810e-01	1.911998907730044495e-01	8.965177785232034124e-02	4.135659251097328210e-02	1.036099054251003321e-01
2.215698757854119776e+03	1.684816657037424836e-01	1.031584165798816594e-01	3.023326724303355695e-01	1.912867240865948615e-01	8.969022794082134875e-02	4.138798186774884230e-02	1.036623113904999866e-01
2.220536528067775180e+03	1.682835215821899821e-01	1.030187789674575916e-01	3.024625827711812653e-01	1.913730730375302058e-01	8.972846382091638484e-02	4.141919891346438481e-02	1.037143809068849787e-01
2.225374298281430583e+03	1.680864950611773712e-01	1.028799294577101564e-01	3.025917878069716571e-01	1.914589404202788059e-01	8.976648671266318491e-02	4.145024443216419052e-02	1.037661161086594203e-01
2.230212068495085077e+03	1.678905798221143608e-01	1.027418635885715276e-01	3.027202914256642008e-01	1.915443290117740116e-01	8.980429782875885836e-02	4.148111920712075490e-02	1.038175191156210792e-01
2.235049838708740936e+03	1.676957695822916261e-01	1.026045769234163602e-01	3.028480974939204984e-01	1.916292415715478703e-01	8.984189837459138905e-02	4.151182402077351064e-02	1.038685920330834900e-01
2.239887608922396339e+03	1.675020580946746385e-01	1.024680650509138258e-01	3.029752098572160990e-01	1.917136808418636040e-01	8.987928954829073336e-02	4.154235965466904212e-02	1.039193369519968019e-01
2.244725379136052197e+03	1.673094391476986076e-01	1.023323235848804802e-01	3.031016323399496892e-01	1.917976495478467269e-01	8.991647254077934914e-02	4.157272688940277794e-02	1.039697559490671275e-01
2.249563149349706237e+03	1.671179065650648110e-01	1.021973481641340886e-01	3.032273687455519506e-01	1.918811503976146637e-01	8.995344853582241951e-02	4.160292650456213354e-02	1.040198510868747261e-01
2.254400919563362095e+03	1.669274542055379229e-01	1.020631344523483669e-01	3.033524228565941949e-01	1.919641860824051194e-01	8.999021871007741036e-02	4.163295927867109031e-02	1.040696244139907300e-01
2.259238689777017044e+03	1.667380759627447584e-01	1.019296781379085554e-01	3.034767984348961667e-01	1.920467592767031439e-01	9.002678423314339207e-02	4.166282598913618324e-02	1.041190779650926351e-01
2.264076459990672902e+03	1.665497657649741003e-01	1.017969749337679503e-01	3.036004992216337905e-01	1.921288726383668377e-01	9.006314626760973663e-02	4.169252741219382080e-02	1.041682137610785569e-01
