1.001418434226643626e+03	2.783246136641283619e-01	1.817064354131218140e-01	2.350814274769818801e-01	1.404833958525161797e-01	6.746036347156154911e-02	2.692176168659379462e-02	7.002200243471827512e-02
1.003837319333471214e+03	2.778912941672976866e-01	1.814350951559578207e-01	2.353881678352368056e-01	1.406380911663620004e-01	6.755839535226569603e-02	2.692176168659379462e-02	7.016719463590799510e-02
1.006256204440298802e+03	2.774592656926500589e-01	1.811645012129209087e-01	2.356941959115571028e-01	1.407923478504645165e-01	6.765617465829573685e-02	2.692176168659379462e-02	7.031175298713966682e-02
1.008675089547126618e+03	2.770285245301212229e-01	1.808946515987542303e-01	2.359995109552182058e-01	1.409461671999145960e-01	6.775369990585067281e-02	2.692176168659379462e-02	7.045568412316907669e-02
1.011093974653954206e+03	2.765990669785394207e-01	1.806255443320709808e-01	2.363041120748790580e-01	1.410995505060623212e-01	6.785096990074301893e-02	2.692176168659379462e-02	7.059899452073321868e-02
1.013512859760782021e+03	2.761708893455268043e-01	1.803571774352829005e-01	2.366079982751894406e-01	1.412524990565262317e-01	6.794798369298103713e-02	2.692176168659379462e-02	7.074169050752157628e-02
1.015931744867609382e+03	2.757439879474218314e-01	1.800895489345462341e-01	2.369111684871456347e-01	1.414050141352024836e-01	6.804474053866318983e-02	2.692176168659379462e-02	7.088377827004860299e-02
1.018350629974437197e+03	2.753183591092190352e-01	1.798226568597220409e-01	2.372136215932132974e-01	1.415570970222740088e-01	6.814123986800207922e-02	2.692176168659379462e-02	7.102526386059747343e-02
1.020769515081264785e+03	2.748939991645231729e-01	1.795564992443487162e-01	2.375153564480719237e-01	1.417087489942196465e-01	6.823748125848645707e-02	2.692176168659379462e-02	7.116615320337803252e-02
1.023188400188092373e+03	2.744709044555151967e-01	1.792910741256240337e-01	2.378163718956962380e-01	1.418599713238230808e-01	6.833346441235078894e-02	2.692176168659379462e-02	7.130645210001866630e-02
1.025607285294920075e+03	2.740490713329278294e-01	1.790263795443955419e-01	2.381166667833741757e-01	1.420107652801819165e-01	6.842918913765566602e-02	2.692176168659379462e-02	7.144616623449279169e-02
1.028026170401747549e+03	2.736284961560297990e-01	1.787624135451574003e-01	2.384162399731641624e-01	1.421611321287167273e-01	6.852465533239555928e-02	2.692176168659379462e-02	7.158530117756424505e-02
1.030445055508575479e+03	2.732091752926153472e-01	1.784991741760526551e-01	2.387150903512123556e-01	1.423110731311799937e-01	6.861986297114462674e-02	2.692176168659379462e-02	7.172386239082288728e-02
1.032863940615402726e+03	2.727911051190001213e-01	1.782366594888799283e-01	2.390132168352825937e-01	1.424605895456649562e-01	6.871481209383062394e-02	2.692176168659379462e-02	7.186185523036958678e-02
1.035282825722230655e+03	2.723742820200207304e-01	1.779748675391033819e-01	2.393106183807947041e-01	1.426096826266147755e-01	6.880950279629301225e-02	2.692176168659379462e-02	7.199928495020115060e-02
1.037701710829058356e+03	2.719587023890376876e-01	1.777137963858657632e-01	2.396072939856184469e-01	1.427583536248313578e-01	6.890393522233748125e-02	2.692176168659379462e-02	7.213615670533699009e-02
1.040120595935886058e+03	2.715443626279411271e-01	1.774534440920033929e-01	2.399032426938304541e-01	1.429066037874844042e-01	6.899810955704510640e-02	2.692176168659379462e-02	7.227247555472327001e-02
1.042539481042713533e+03	2.711312591471585209e-01	1.771938087240629012e-01	2.401984635986079419e-01	1.430544343581202638e-01	6.909202602113401204e-02	2.692176168659379462e-02	7.240824646394410091e-02
1.044958366149541234e+03	2.707193883656640043e-01	1.769348883523193250e-01	2.404929558444043880e-01	1.432018465766710380e-01	6.918568486620368940e-02	2.692176168659379462e-02	7.254347430776535155e-02
1.047377251256368709e+03	2.703087467109887565e-01	1.766766810507950369e-01	2.407867186285288508e-01	1.433488416794633513e-01	6.927908637071988895e-02	2.692176168659379462e-02	7.267816387253191179e-02
1.049796136363196410e+03	2.698993306192322139e-01	1.764191848972793131e-01	2.410797512022314348e-01	1.434954208992275382e-01	6.937223083662079348e-02	2.692176168659379462e-02	7.281231985843650278e-02
1.052215021470024112e+03	2.694911365350740051e-01	1.761623979733483725e-01	2.413720528713791114e-01	1.436415854651064417e-01	6.946511858644464910e-02	2.692176168659379462e-02	7.294594688167521657e-02
1.054633906576851814e+03	2.690841609117857747e-01	1.759063183643856942e-01	2.416636229967944194e-01	1.437873366026644617e-01	6.955774996089494899e-02	2.692176168659379462e-02	7.307904947650252503e-02
1.057052791683679516e+03	2.686784002112433956e-01	1.756509441596021404e-01	2.419544609943160007e-01	1.439326755338965480e-01	6.965012531677314267e-02	2.692176168659379462e-02	7.321163209719665221e-02
1.059471676790506763e+03	2.682738509039390151e-01	1.753962734520563560e-01	2.422445663346310951e-01	1.440776034772371650e-01	6.974224502521975122e-02	2.692176168659379462e-02	7.334369911994448321e-02
1.061890561897334692e+03	2.678705094689931010e-01	1.751423043386746148e-01	2.425339385429219896e-01	1.442221216475693124e-01	6.983410947021480297e-02	2.692176168659379462e-02	7.347525484465394774e-02
1.064309447004162394e+03	2.674683723941659874e-01	1.748890349202707750e-01	2.428225771983608394e-01	1.443662312562335737e-01	6.992571904729608101e-02	2.692176168659379462e-02	7.360630349670051198e-02
1.066728332110990095e+03	2.670674361758689219e-01	1.746364633015655699e-01	2.431104819334824751e-01	1.445099335110369698e-01	7.001707416246039095e-02	2.692176168659379462e-02	7.373684922861344082e-02
1.069147217217817570e+03	2.666676973191751121e-01	1.743845875912057031e-01	2.433976524334590386e-01	1.446532296162620079e-01	7.010817523121896933e-02	2.692176168659379462e-02	7.386689612170690977e-02
1.071566102324645271e+03	2.662691523378298286e-01	1.741334059017824454e-01	2.436840884352972081e-01	1.447961207726758959e-01	7.019902267778251048e-02	2.692176168659379462e-02	7.399644818765990784e-02
1.073984987431472746e+03	2.658717977542601196e-01	1.738829163498497588e-01	2.439697897269744176e-01	1.449386081775392854e-01	7.028961693435537006e-02	2.692176168659379462e-02	7.412550937004880325e-02
1.076403872538300675e+03	2.654756300995841922e-01	1.736331170559419212e-01	2.442547561465286676e-01	1.450806930246154314e-01	7.037995844052183370e-02	2.692176168659379462e-02	7.425408354583561132e-02
1.078822757645127922e+03	2.650806459136200166e-01	1.733840061445905967e-01	2.445389875811131153e-01	1.452223765041792125e-01	7.047004764270994870e-02	2.692176168659379462e-02	7.438217452681476771e-02
1.081241642751955851e+03	2.646868417448928756e-01	1.731355817443415157e-01	2.448224839660254337e-01	1.453636598030261518e-01	7.055988499372106704e-02	2.692176168659379462e-02	7.450978606102064139e-02
1.083660527858783553e+03	2.642942141506431919e-01	1.728878419877703243e-01	2.451052452837201301e-01	1.455045441044813537e-01	7.064947095231464969e-02	2.692176168659379462e-02	7.463692183409807723e-02
1.086079412965611255e+03	2.639027596968329670e-01	1.726407850114982101e-01	2.453872715628100110e-01	1.456450305884086360e-01	7.073880598284017218e-02	2.692176168659379462e-02	7.476358547063773063e-02
1.088498298072438729e+03	2.635124749581519987e-01	1.723944089562067794e-01	2.456685628770629293e-01	1.457851204312195226e-01	7.082789055490869290e-02	2.692176168659379462e-02	7.488978053547784564e-02
1.090917183179266431e+03	2.631233565180232103e-01	1.721487119666524623e-01	2.459491193443976154e-01	1.459248148058822636e-01	7.091672514309839415e-02	2.692176168659379462e-02	7.501551053497383659e-02
1.093336068286093905e+03	2.627354009686075909e-01	1.719036921916802518e-01	2.462289411258831162e-01	1.460641148819308011e-01	7.100531022668872538e-02	2.692176168659379462e-02	7.514077891823725541e-02
1.095754953392921607e+03	2.623486049108083029e-01	1.716593477842370263e-01	2.465080284247441189e-01	1.462030218254739278e-01	7.109364628941924891e-02	2.692176168659379462e-02	7.526558907834504653e-02
1.098173838499749309e+03	2.619629649542743466e-01	1.714156769013843173e-01	2.467863814853751003e-01	1.463415367992042249e-01	7.118173381926942711e-02	2.692176168659379462e-02	7.538994435352031065e-02
1.100592723606577010e+03	2.615784777174032238e-01	1.711726777043103831e-01	2.470640005923650240e-01	1.464796609624070545e-01	7.126957330825642312e-02	2.692176168659379462e-02	7.551384802828556286e-02
1.103011608713404712e+03	2.611951398273437697e-01	1.709303483583420324e-01	2.473408860695344436e-01	1.466173954709696636e-01	7.135716525224840290e-02	2.692176168659379462e-02	7.563730333458931754e-02
1.105430493820231959e+03	2.608129479199974288e-01	1.706886870329556438e-01	2.476170382789861235e-01	1.467547414773901493e-01	7.144451015079131273e-02	2.692176168659379462e-02	7.576031345290694385e-02
1.107849378927059888e+03	2.604318986400197544e-01	1.704476919017878511e-01	2.478924576201700092e-01	1.468917001307864512e-01	7.153160850694714745e-02	2.692176168659379462e-02	7.588288151331641640e-02
1.110268264033887590e+03	2.600519886408207970e-01	1.702073611426456745e-01	2.481671445289635458e-01	1.470282725769053722e-01	7.161846082714240502e-02	2.692176168659379462e-02	7.600501059654989067e-02
1.112687149140715292e+03	2.596732145845651596e-01	1.699676929375160961e-01	2.484410994767679015e-01	1.471644599581315993e-01	7.170506762102538123e-02	2.692176168659379462e-02	7.612670373502154753e-02
1.115106034247542766e+03	2.592955731421714982e-01	1.697286854725753302e-01	2.487143229696203439e-01	1.473002634134967237e-01	7.179142940133119433e-02	2.692176168659379462e-02	7.624796391383253935e-02
1.117524919354370468e+03	2.589190609933116338e-01	1.694903369381973446e-01	2.489868155473231870e-01	1.474356840786882061e-01	7.187754668375376244e-02	2.692176168659379462e-02	7.636879407175356516e-02
1.119943804461197942e+03	2.585436748264086093e-01	1.692526455289621312e-01	2.492585777825892523e-01	1.475707230860583141e-01	7.196341998682380392e-02	2.692176168659379462e-02	7.648919710218562984e-02
1.122362689568025871e+03	2.581694113386348022e-01	1.690156094436634782e-01	2.495296102802043448e-01	1.477053815646331703e-01	7.204904983179233335e-02	2.692176168659379462e-02	7.660917585409959818e-02
1.124781574674853118e+03	2.577962672359093710e-01	1.687792268853161859e-01	2.497999136762064087e-01	1.478396606401216895e-01	7.213443674251904247e-02	2.692176168659379462e-02	7.672873313295500153e-02
1.127200459781681047e+03	2.574242392328949247e-01	1.685434960611630617e-01	2.500694886370812275e-01	1.479735614349245720e-01	7.221958124536516366e-02	2.692176168659379462e-02	7.684787170159869396e-02
1.129619344888508749e+03	2.570533240529940811e-01	1.683084151826812758e-01	2.503383358589750252e-01	1.481070850681432960e-01	7.230448386909028857e-02	2.692176168659379462e-02	7.696659428114371870e-02
1.132038229995336451e+03	2.566835184283451921e-01	1.680739824655883285e-01	2.506064560669232222e-01	1.482402326555889716e-01	7.238914514475297546e-02	2.692176168659379462e-02	7.708490355182898157e-02
1.134457115102163925e+03	2.563148190998181253e-01	1.678401961298477685e-01	2.508738500140957894e-01	1.483730053097913337e-01	7.247356560561461769e-02	2.692176168659379462e-02	7.720280215386007838e-02
1.136876000208991627e+03	2.559472228170089902e-01	1.676070543996743822e-01	2.511405184810583391e-01	1.485054041400077074e-01	7.255774578704660138e-02	2.692176168659379462e-02	7.732029268823173429e-02
1.139294885315819101e+03	2.555807263382348093e-01	1.673745555035388854e-01	2.514064622750494249e-01	1.486374302522318891e-01	7.264168622644030793e-02	2.692176168659379462e-02	7.743737771753241017e-02
1.141713770422646803e+03	2.552153264305279112e-01	1.671426976741725301e-01	2.516716822292732192e-01	1.487690847492030843e-01	7.272538746311980884e-02	2.692176168659379462e-02	7.755405976673121482e-02
1.144132655529474505e+03	2.548510198696293250e-01	1.669114791485710458e-01	2.519361792022076219e-01	1.489003687304147616e-01	7.280885003825723900e-02	2.692176168659379462e-02	7.767034132394780299e-02
1.146551540636302207e+03	2.544878034399822297e-01	1.666808981679984425e-01	2.521999540769274684e-01	1.490312832921236730e-01	7.289207449479054302e-02	2.692176168659379462e-02	7.778622484120549518e-02
1.148970425743129908e+03	2.541256739347249050e-01	1.664509529779902575e-01	2.524630077604426148e-01	1.491618295273586248e-01	7.297506137734344200e-02	2.692176168659379462e-02	7.790171273516798001e-02
1.151389310849957155e+03	2.537646281556834027e-01	1.662216418283566088e-01	2.527253411830507335e-01	1.492920085259293872e-01	7.305781123214773187e-02	2.692176168659379462e-02	7.801680738786005709e-02
1.153808195956785084e+03	2.534046629133633322e-01	1.659929629731848877e-01	2.529869552977039304e-01	1.494218213744355206e-01	7.314032460696755222e-02	2.692176168659379462e-02	7.813151114737272585e-02
1.156227081063612786e+03	2.530457750269421990e-01	1.657649146708420063e-01	2.532478510793898518e-01	1.495512691562752849e-01	7.322260205102566755e-02	2.692176168659379462e-02	7.824582632855296704e-02
1.158645966170440488e+03	2.526879613242604128e-01	1.655374951839764519e-01	2.535080295245263904e-01	1.496803529516545495e-01	7.330464411493170518e-02	2.692176168659379462e-02	7.835975521367849472e-02
1.161064851277267962e+03	2.523312186418125713e-01	1.653107027795200357e-01	2.537674916503697142e-01	1.498090738375954245e-01	7.338645135061222513e-02	2.692176168659379462e-02	7.847330005311803358e-02
1.163483736384095664e+03	2.519755438247383017e-01	1.650845357286891690e-01	2.540262384944356744e-01	1.499374328879452267e-01	7.346802431124249688e-02	2.692176168659379462e-02	7.858646306597712183e-02
1.165902621490923138e+03	2.516209337268124901e-01	1.648589923069859742e-01	2.542842711139340905e-01	1.500654311733851942e-01	7.354936355118010805e-02	2.692176168659379462e-02	7.869924644073005016e-02
1.168321506597751068e+03	2.512673852104355676e-01	1.646340707941991999e-01	2.545415905852155825e-01	1.501930697614394794e-01	7.363046962590009958e-02	2.692176168659379462e-02	7.881165233583801999e-02
1.170740391704578315e+03	2.509148951466231847e-01	1.644097694744045268e-01	2.547981980032308358e-01	1.503203497164836144e-01	7.371134309193183576e-02	2.692176168659379462e-02	7.892368288035397916e-02
1.173159276811406244e+03	2.505634604149958311e-01	1.641860866359649562e-01	2.550540944810019695e-01	1.504472720997535318e-01	7.379198450679731736e-02	2.692176168659379462e-02	7.903534017451434301e-02
1.175578161918233945e+03	2.502130779037678443e-01	1.639630205715307543e-01	2.553092811491060599e-01	1.505738379693541962e-01	7.387239442895110475e-02	2.692176168659379462e-02	7.914662629031794794e-02
1.177997047025061647e+03	2.498637445097365295e-01	1.637405695780390358e-01	2.555637591551698229e-01	1.507000483802683755e-01	7.395257341772168425e-02	2.692176168659379462e-02	7.925754327209244554e-02
1.180415932131889122e+03	2.495154571382706687e-01	1.635187319567132924e-01	2.558175296633758977e-01	1.508259043843653835e-01	7.403252203325418057e-02	2.692176168659379462e-02	7.936809313704845659e-02
1.182834817238716823e+03	2.491682127032989191e-01	1.632975060130625600e-01	2.560705938539802884e-01	1.509514070304097677e-01	7.411224083645462368e-02	2.692176168659379462e-02	7.947827787582174841e-02
1.185253702345544298e+03	2.488220081272978224e-01	1.630768900568803359e-01	2.563229529228406300e-01	1.510765573640699688e-01	7.419173038893539518e-02	2.692176168659379462e-02	7.958809945300372723e-02
1.187672587452371999e+03	2.484768403412798699e-01	1.628568824022433026e-01	2.565746080809550023e-01	1.512013564279270639e-01	7.427099125296221516e-02	2.692176168659379462e-02	7.969755980766043968e-02
1.190091472559199701e+03	2.481327062847808185e-01	1.626374813675098008e-01	2.568255605540114006e-01	1.513258052614833982e-01	7.435002399140214213e-02	2.692176168659379462e-02	7.980666085384034714e-02
1.192510357666027403e+03	2.477896029058471450e-01	1.624186852753179977e-01	2.570758115819472001e-01	1.514499049011713006e-01	7.442882916767307178e-02	2.692176168659379462e-02	7.991540448107121997e-02
1.194929242772855105e+03	2.474475271610231675e-01	1.622004924525839720e-01	2.573253624185186106e-01	1.515736563803615766e-01	7.450740734569435975e-02	2.692176168659379462e-02	8.002379255484619314e-02
1.197348127879682352e+03	2.471064760153379170e-01	1.619829012304994931e-01	2.575742143308800136e-01	1.516970607293723350e-01	7.458575908983865188e-02	2.692176168659379462e-02	8.013182691709945515e-02
1.199767012986510281e+03	2.467664464422917869e-01	1.617659099445295789e-01	2.578223685991726244e-01	1.518201189754774250e-01	7.466388496488490789e-02	2.692176168659379462e-02	8.023950938667155641e-02
1.202185898093337983e+03	2.464274354238428777e-01	1.615495169344098869e-01	2.580698265161227578e-01	1.519428321429150963e-01	7.474178553597250751e-02	2.692176168659379462e-02	8.034684175976479492e-02
1.204604783200165684e+03	2.460894399503933405e-01	1.613337205441439381e-01	2.583165893866488649e-01	1.520652012528964925e-01	7.481946136855656404e-02	2.692176168659379462e-02	8.045382581038866554e-02
1.207023668306993159e+03	2.457524570207753611e-01	1.611185191220000645e-01	2.585626585274778955e-01	1.521872273236143658e-01	7.489691302836426479e-02	2.692176168659379462e-02	8.056046329079584456e-02
1.209442553413820860e+03	2.454164836422370044e-01	1.609039110205081891e-01	2.588080352667700978e-01	1.523089113702515429e-01	7.497414108135228017e-02	2.692176168659379462e-02	8.066675593190868188e-02
1.211861438520648335e+03	2.450815168304277536e-01	1.606898945964564396e-01	2.590527209437524792e-01	1.524302544049893626e-01	7.505114609366522749e-02	2.692176168659379462e-02	8.077270544373651995e-02
1.214280323627476264e+03	2.447475536093839943e-01	1.604764682108876517e-01	2.592967169083605916e-01	1.525512574370163354e-01	7.512792863159518941e-02	2.692176168659379462e-02	8.087831351578404770e-02
1.216699208734303511e+03	2.444145910115143316e-01	1.602636302290955383e-01	2.595400245208883683e-01	1.526719214725365259e-01	7.520448926154213454e-02	2.692176168659379462e-02	8.098358181745089757e-02
1.219118093841131440e+03	2.440826260775845746e-01	1.600513790206207487e-01	2.597826451516463409e-01	1.527922475147780734e-01	7.528082854997542039e-02	2.692176168659379462e-02	8.108851199842259660e-02
1.221536978947959142e+03	2.437516558567027203e-01	1.598397129592468990e-01	2.600245801806272405e-01	1.529122365640016579e-01	7.535694706339612914e-02	2.692176168659379462e-02	8.119310568905305225e-02
1.223955864054786844e+03	2.434216774063036881e-01	1.596286304229962427e-01	2.602658309971794259e-01	1.530318896175089094e-01	7.543284536830047182e-02	2.692176168659379462e-02	8.129736450073898890e-02
1.226374749161614318e+03	2.430926877921338325e-01	1.594181297941252295e-01	2.605063989996876384e-01	1.531512076696509295e-01	7.550852403114394207e-02	2.692176168659379462e-02	8.140129002628609944e-02
1.228793634268442020e+03	2.427646840882355106e-01	1.592082094591200370e-01	2.607462855952614733e-01	1.532701917118365342e-01	7.558398361830651058e-02	2.692176168659379462e-02	8.150488384026757793e-02
1.231212519375269494e+03	2.424376633769312062e-01	1.589988678086917961e-01	2.609854921994305132e-01	1.533888427325408310e-01	7.565922469605859679e-02	2.692176168659379462e-02	8.160814749937470025e-02
1.233631404482097196e+03	2.421116227488077921e-01	1.587901032377717625e-01	2.612240202358467323e-01	1.535071617173133784e-01	7.573424783052783160e-02	2.692176168659379462e-02	8.171108254276010507e-02
1.236050289588924898e+03	2.417865593027004045e-01	1.585819141455062919e-01	2.614618711359937286e-01	1.536251496487867629e-01	7.580905358766683311e-02	2.692176168659379462e-02	8.181369049237355306e-02
1.238469174695752372e+03	2.414624701456764277e-01	1.583742989352517894e-01	2.616990463389023969e-01	1.537428075066848143e-01	7.588364253322159303e-02	2.692176168659379462e-02	8.191597285329052514e-02
1.240888059802580301e+03	2.411393523930190907e-01	1.581672560145692963e-01	2.619355472908735383e-01	1.538601362678309048e-01	7.595801523270082067e-02	2.692176168659379462e-02	8.201793111403378467e-02
1.243306944909407548e+03	2.408172031682111469e-01	1.579607837952191896e-01	2.621713754452067446e-01	1.539771369061563588e-01	7.603217225134595303e-02	2.692176168659379462e-02	8.211956674688801472e-02
1.245725830016235477e+03	2.404960196029183039e-01	1.577548806931556302e-01	2.624065322619352214e-01	1.540938103927086411e-01	7.610611415410195590e-02	2.692176168659379462e-02	8.222088120820775226e-02
1.248144715123063179e+03	2.401757988369725982e-01	1.575495451285209014e-01	2.626410192075668282e-01	1.542101576956596276e-01	7.617984150558886058e-02	2.692176168659379462e-02	8.232187593871870268e-02
1.250563600229890881e+03	2.398565380183555473e-01	1.573447755256396352e-01	2.628748377548317805e-01	1.543261797803139324e-01	7.625335487007402213e-02	2.692176168659379462e-02	8.242255236381255956e-02
1.252982485336718355e+03	2.395382343031814132e-01	1.571405703130129283e-01	2.631079893824352367e-01	1.544418776091170675e-01	7.632665481144515485e-02	2.692176168659379462e-02	8.252291189383560710e-02
1.255401370443546057e+03	2.392208848556801049e-01	1.569369279233123748e-01	2.633404755748163240e-01	1.545572521416637146e-01	7.639974189318392284e-02	2.692176168659379462e-02	8.262295592437104985e-02
1.257820255550373531e+03	2.389044868481801642e-01	1.567338467933738211e-01	2.635722978219120494e-01	1.546723043347058013e-01	7.647261667834030774e-02	2.692176168659379462e-02	8.272268583651536111e-02
1.260239140657201460e+03	2.385890374610914466e-01	1.565313253641912872e-01	2.638034576189276503e-01	1.547870351421607726e-01	7.654527972950767034e-02	2.692176168659379462e-02	8.282210299714866386e-02
1.262658025764028707e+03	2.382745338828880788e-01	1.563293620809106110e-01	2.640339564661113303e-01	1.549014455151198066e-01	7.661773160879828404e-02	2.692176168659379462e-02	8.292120875919943568e-02
1.265076910870856636e+03	2.379609733100908064e-01	1.561279553928229258e-01	2.642637958685348787e-01	1.550155364018557802e-01	7.668997287781970096e-02	2.692176168659379462e-02	8.302000446190342664e-02
1.267495795977684338e+03	2.376483529472496747e-01	1.559271037533582482e-01	2.644929773358792868e-01	1.551293087478315402e-01	7.676200409765167321e-02	2.692176168659379462e-02	8.311849143105716486e-02
1.269914681084511813e+03	2.373366700069264035e-01	1.557268056200788175e-01	2.647215023822248603e-01	1.552427634957078972e-01	7.683382582882358758e-02	2.692176168659379462e-02	8.321667097926600809e-02
1.272333566191339514e+03	2.370259217096769011e-01	1.555270594546723228e-01	2.649493725258471044e-01	1.553559015853518410e-01	7.690543863129260804e-02	2.692176168659379462e-02	8.331454440618681068e-02
1.274752451298167216e+03	2.367161052840332791e-01	1.553278637229451309e-01	2.651765892890167731e-01	1.554687239538444232e-01	7.697684306442233171e-02	2.692176168659379462e-02	8.341211299876560847e-02
1.277171336404994690e+03	2.364072179664863382e-01	1.551292168948154859e-01	2.654031541978046360e-01	1.555812315354889452e-01	7.704803968696204153e-02	2.692176168659379462e-02	8.350937803147005789e-02
1.279590221511822392e+03	2.360992570014674719e-01	1.549311174443063488e-01	2.656290687818912977e-01	1.556934252618189518e-01	7.711902905702648636e-02	2.692176168659379462e-02	8.360634076651698998e-02
1.282009106618650094e+03	2.357922196413308746e-01	1.547335638495384580e-01	2.658543345743806241e-01	1.558053060616061136e-01	7.718981173207621616e-02	2.692176168659379462e-02	8.370300245409519058e-02
1.284427991725477568e+03	2.354861031463353904e-01	1.545365545927231965e-01	2.660789531116186102e-01	1.559168748608684707e-01	7.726038826889844446e-02	2.692176168659379462e-02	8.379936433258330930e-02
1.286846876832305497e+03	2.351809047846266654e-01	1.543400881601553198e-01	2.663029259330156884e-01	1.560281325828781485e-01	7.733075922358838283e-02	2.692176168659379462e-02	8.389542762876317505e-02
1.289265761939132744e+03	2.348766218322187738e-01	1.541441630422056563e-01	2.665262545808736450e-01	1.561390801481694623e-01	7.740092515153118580e-02	2.692176168659379462e-02	8.399119355802868447e-02
1.291684647045960673e+03	2.345732515729760936e-01	1.539487777333137797e-01	2.667489406002164776e-01	1.562497184745467449e-01	7.747088660738427057e-02	2.692176168659379462e-02	8.408666332459006909e-02
1.294103532152788375e+03	2.342707912985951269e-01	1.537539307319805426e-01	2.669709855386252495e-01	1.563600484770923116e-01	7.754064414506019187e-02	2.692176168659379462e-02	8.418183812167395752e-02
1.296522417259616077e+03	2.339692383085861527e-01	1.535596205407605275e-01	2.671923909460771629e-01	1.564700710681743712e-01	7.761019831770994692e-02	2.692176168659379462e-02	8.427671913171917717e-02
1.298941302366443551e+03	2.336685899102547981e-01	1.533658456662546354e-01	2.674131583747880736e-01	1.565797871574548528e-01	7.767954967770676622e-02	2.692176168659379462e-02	8.437130752656828159e-02
1.301360187473271253e+03	2.333688434186836913e-01	1.531726046191022594e-01	2.676332893790585588e-01	1.566891976518972607e-01	7.774869877663034834e-02	2.692176168659379462e-02	8.446560446765523367e-02
1.303779072580098727e+03	2.330699961567140321e-01	1.529798959139736236e-01	2.678527855151245918e-01	1.567983034557745292e-01	7.781764616525155276e-02	2.692176168659379462e-02	8.455961110618892551e-02
1.306197957686926657e+03	2.327720454549271067e-01	1.527877180695621229e-01	2.680716483410109374e-01	1.569071054706768220e-01	7.788639239351746735e-02	2.692176168659379462e-02	8.465332858333285415e-02
1.308616842793753904e+03	2.324749886516255248e-01	1.525960696085764678e-01	2.682898794163878775e-01	1.570156045955193591e-01	7.795493801053696159e-02	2.692176168659379462e-02	8.474675803038106414e-02
1.311035727900581833e+03	2.321788230928149843e-01	1.524049490577326915e-01	2.685074803024325441e-01	1.571238017265501608e-01	7.802328356456658676e-02	2.692176168659379462e-02	8.483990056893028764e-02
1.313454613007409534e+03	2.318835461321853697e-01	1.522143549477463775e-01	2.687244525616922508e-01	1.572316977573577634e-01	7.809142960299697567e-02	2.692176168659379462e-02	8.493275731104849013e-02
1.315873498114237009e+03	2.315891551310922392e-01	1.520242858133245556e-01	2.689407977579519882e-01	1.573392935788790747e-01	7.815937667233947839e-02	2.692176168659379462e-02	8.502532935943983572e-02
1.318292383221064711e+03	2.312956474585380617e-01	1.518347401931577911e-01	2.691565174561047491e-01	1.574465900794069229e-01	7.822712531821336690e-02	2.692176168659379462e-02	8.511761780760621066e-02
1.320711268327892412e+03	2.310030204911535379e-01	1.516457166299119697e-01	2.693716132220251303e-01	1.575535881445979114e-01	7.829467608533326184e-02	2.692176168659379462e-02	8.520962374000529138e-02
1.323130153434719887e+03	2.307112716131788088e-01	1.514572136702203031e-01	2.695860866224457086e-01	1.576602886574799689e-01	7.836202951749700329e-02	2.692176168659379462e-02	8.530134823220525409e-02
1.325549038541547588e+03	2.304203982164447495e-01	1.512692298646750588e-01	2.697999392248369155e-01	1.577666924984601204e-01	7.842918615757389633e-02	2.692176168659379462e-02	8.539279235103633403e-02
1.327967923648375290e+03	2.301303977003540946e-01	1.510817637678193437e-01	2.700131725972892971e-01	1.578728005453320926e-01	7.849614654749320630e-02	2.692176168659379462e-02	8.548395715473908196e-02
1.330386808755202765e+03	2.298412674718625925e-01	1.508948139381388887e-01	2.702257883083990508e-01	1.579786136732838353e-01	7.856291122823311213e-02	2.692176168659379462e-02	8.557484369310956740e-02
1.332805693862030694e+03	2.295530049454602151e-01	1.507083789380537497e-01	2.704377879271563923e-01	1.580841327549052100e-01	7.862948073980992325e-02	2.692176168659379462e-02	8.566545300764152882e-02
1.335224578968857941e+03	2.292656075431522555e-01	1.505224573339098981e-01	2.706491730228360315e-01	1.581893586601956503e-01	7.869585562126767131e-02	2.692176168659379462e-02	8.575578613166548458e-02
1.337643464075685870e+03	2.289790726944404553e-01	1.503370476959709212e-01	2.708599451648911471e-01	1.582942922565715171e-01	7.876203641066796546e-02	2.692176168659379462e-02	8.584584409048497122e-02
1.340062349182513572e+03	2.286933978363040465e-01	1.501521485984095849e-01	2.710701059228494691e-01	1.583989344088737594e-01	7.882802364508020854e-02	2.692176168659379462e-02	8.593562790150992281e-02
1.342481234289341273e+03	2.284085804131808506e-01	1.499677586192993406e-01	2.712796568662119157e-01	1.585032859793755189e-01	7.889381786057210466e-02	2.692176168659379462e-02	8.602513857438724709e-02
1.344900119396168748e+03	2.281246178769484323e-01	1.497838763406059148e-01	2.714885995643542271e-01	1.586073478277894022e-01	7.895941959220043049e-02	2.692176168659379462e-02	8.611437711112862603e-02
1.347319004502996449e+03	2.278415076869049760e-01	1.496005003481786777e-01	2.716969355864302660e-01	1.587111208112752248e-01	7.902482937400215346e-02	2.692176168659379462e-02	8.620334450623573508e-02
1.349737889609823924e+03	2.275592473097504675e-01	1.494176292317422883e-01	2.719046665012784247e-01	1.588146057844472547e-01	7.909004773898581364e-02	2.692176168659379462e-02	8.629204174682277018e-02
1.352156774716651853e+03	2.272778342195676815e-01	1.492352615848878683e-01	2.721117938773300882e-01	1.589178035993817906e-01	7.915507521912314159e-02	2.692176168659379462e-02	8.638046981273643510e-02
1.354575659823479100e+03	2.269972658978031410e-01	1.490533960050646478e-01	2.723183192825202603e-01	1.590207151056245438e-01	7.921991234534102311e-02	2.692176168659379462e-02	8.646862967667341693e-02
1.356994544930307029e+03	2.267175398332482994e-01	1.488720310935711111e-01	2.725242442842005230e-01	1.591233411501980222e-01	7.928455964751369989e-02	2.692176168659379462e-02	8.655652230429541905e-02
1.359413430037134731e+03	2.264386535220203611e-01	1.486911654555465034e-01	2.727295704490543260e-01	1.592256825776089124e-01	7.934901765445517841e-02	2.692176168659379462e-02	8.664414865434184876e-02
1.361832315143962205e+03	2.261606044675434080e-01	1.485107976999620605e-01	2.729342993430141640e-01	1.593277402298554635e-01	7.941328689391195794e-02	2.692176168659379462e-02	8.673150967874006245e-02
1.364251200250789907e+03	2.258833901805293309e-01	1.483309264396124039e-01	2.731384325311810857e-01	1.594295149464348416e-01	7.947736789255600842e-02	2.692176168659379462e-02	8.681860632271337641e-02
1.366670085357617609e+03	2.256070081789589565e-01	1.481515502911066318e-01	2.733419715777462566e-01	1.595310075643504300e-01	7.954126117597792867e-02	2.692176168659379462e-02	8.690543952488684332e-02
1.369088970464445310e+03	2.253314559880628953e-01	1.479726678748597424e-01	2.735449180459139651e-01	1.596322189181192119e-01	7.960496726868038220e-02	2.692176168659379462e-02	8.699201021739083606e-02
1.371507855571272785e+03	2.250567311403026405e-01	1.477942778150837522e-01	2.737472734978276256e-01	1.597331498397788763e-01	7.966848669407178285e-02	2.692176168659379462e-02	8.707831932596238333e-02
1.373926740678100487e+03	2.247828311753515551e-01	1.476163787397789806e-01	2.739490394944964491e-01	1.598338011588952556e-01	7.973181997446021629e-02	2.692176168659379462e-02	8.716436777004454850e-02
1.376345625784927961e+03	2.245097536400759430e-01	1.474389692807252517e-01	2.741502175957251097e-01	1.599341737025695431e-01	7.979496763104745871e-02	2.692176168659379462e-02	8.725015646288369897e-02
1.378764510891755890e+03	2.242374960885159807e-01	1.472620480734729564e-01	2.743508093600445230e-01	1.600342682954454254e-01	7.985793018392338405e-02	2.692176168659379462e-02	8.733568631162473561e-02
1.381183395998583137e+03	2.239660560818667878e-01	1.470856137573343658e-01	2.745508163446446215e-01	1.601340857597164102e-01	7.992070815206045453e-02	2.692176168659379462e-02	8.742095821740436534e-02
1.383602281105411066e+03	2.236954311884594149e-01	1.469096649753746098e-01	2.747502401053091292e-01	1.602336269151329318e-01	7.998330205330848874e-02	2.692176168659379462e-02	8.750597307544250025e-02
1.386021166212238768e+03	2.234256189837418860e-01	1.467342003744029344e-01	2.749490821963512799e-01	1.603328925790095671e-01	8.004571240438963786e-02	2.692176168659379462e-02	8.759073177513169994e-02
1.388440051319066470e+03	2.231566170502604085e-01	1.465592186049637924e-01	2.751473441705524214e-01	1.604318835662321696e-01	8.010793972089344517e-02	2.692176168659379462e-02	8.767523520012480975e-02
1.390858936425893944e+03	2.228884229776401382e-01	1.463847183213279335e-01	2.753450275791009538e-01	1.605306006892649739e-01	8.016998451727222474e-02	2.692176168659379462e-02	8.775948422842083652e-02
1.393277821532721646e+03	2.226210343625665000e-01	1.462106981814834672e-01	2.755421339715337092e-01	1.606290447581577574e-01	8.023184730683657895e-02	2.692176168659379462e-02	8.784347973244899244e-02
1.395696706639549120e+03	2.223544488087661752e-01	1.460371568471269810e-01	2.757386648956788866e-01	1.607272165805528896e-01	8.029352860175111017e-02	2.692176168659379462e-02	8.792722257915099038e-02
1.398115591746377049e+03	2.220886639269882001e-01	1.458640929836546307e-01	2.759346218975996523e-01	1.608251169616923826e-01	8.035502891303031303e-02	2.692176168659379462e-02	8.801071363006182646e-02
1.400534476853204296e+03	2.218236773349850366e-01	1.456915052601531202e-01	2.761300065215404609e-01	1.609227467044250792e-01	8.041634875053456366e-02	2.692176168659379462e-02	8.809395374138873080e-02
1.402953361960032225e+03	2.215594866574937816e-01	1.455193923493908192e-01	2.763248203098739308e-01	1.610201066092134814e-01	8.047748862296644212e-02	2.692176168659379462e-02	8.817694376408850843e-02
1.405372247066859927e+03	2.212960895262172101e-01	1.453477529278088265e-01	2.765190648030494414e-01	1.611171974741409385e-01	8.053844903786704090e-02	2.692176168659379462e-02	8.825968454394345075e-02
1.407791132173687402e+03	2.210334835798050679e-01	1.451765856755119766e-01	2.767127415395432277e-01	1.612140200949185309e-01	8.059923050161256486e-02	2.692176168659379462e-02	8.834217692163555402e-02
1.410210017280515103e+03	2.207716664638350867e-01	1.450058892762598750e-01	2.769058520558095315e-01	1.613105752648921198e-01	8.065983351941102830e-02	2.692176168659379462e-02	8.842442173281929441e-02
1.412628902387342805e+03	2.205106358307942493e-01	1.448356624174578500e-01	2.770983978862334163e-01	1.614068637750492585e-01	8.072025859529920189e-02	2.692176168659379462e-02	8.850641980819291821e-02
1.415047787494170507e+03	2.202503893400600266e-01	1.446659037901481815e-01	2.772903805630847485e-01	1.615028864140261589e-01	8.078050623213949011e-02	2.692176168659379462e-02	8.858817197356827489e-02
1.417466672600997981e+03	2.199909246578816147e-01	1.444966120890008587e-01	2.774818016164734003e-01	1.615986439681145193e-01	8.084057693161723901e-02	2.692176168659379462e-02	8.866967904993923455e-02
1.419885557707825683e+03	2.197322394573610616e-01	1.443277860123048095e-01	2.776726625743057286e-01	1.616941372212686023e-01	8.090047119423796063e-02	2.692176168659379462e-02	8.875094185354867604e-02
1.422304442814653157e+03	2.194743314184346983e-01	1.441594242619588517e-01	2.778629649622422759e-01	1.617893669551119240e-01	8.096018951932480723e-02	2.692176168659379462e-02	8.883196119595426765e-02
1.424723327921481086e+03	2.192171982278542930e-01	1.439915255434625618e-01	2.780527103036566916e-01	1.618843339489443034e-01	8.101973240501622597e-02	2.692176168659379462e-02	8.891273788409273515e-02
1.427142213028308333e+03	2.189608375791684547e-01	1.438240885659074764e-01	2.782419001195957642e-01	1.619790389797485242e-01	8.107910034826361356e-02	2.692176168659379462e-02	8.899327272034296410e-02
1.429561098135136262e+03	2.187052471727039815e-01	1.436571120419680159e-01	2.784305359287405635e-01	1.620734828221971902e-01	8.113829384482923457e-02	2.692176168659379462e-02	8.907356650258774211e-02
1.431979983241963964e+03	2.184504247155471812e-01	1.434905946878925476e-01	2.786186192473687484e-01	1.621676662486596920e-01	8.119731338928412590e-02	2.692176168659379462e-02	8.915362002427436316e-02
1.434398868348791666e+03	2.181963679215252749e-01	1.433245352234942538e-01	2.788061515893180409e-01	1.622615900292087854e-01	8.125615947500630654e-02	2.692176168659379462e-02	8.923343407447388576e-02
1.436817753455619140e+03	2.179430745111877732e-01	1.431589323721422780e-01	2.789931344659506984e-01	1.623552549316275295e-01	8.131483259417893183e-02	2.692176168659379462e-02	8.931300943793936409e-02
1.439236638562446842e+03	2.176905422117879352e-01	1.429937848607526762e-01	2.791795693861185979e-01	1.624486617214158379e-01	8.137333323778872529e-02	2.692176168659379462e-02	8.939234689516276089e-02
1.441655523669274316e+03	2.174387687572642558e-01	1.428290914197794248e-01	2.793654578561302615e-01	1.625418111617974171e-01	8.143166189562436874e-02	2.692176168659379462e-02	8.947144722243080550e-02
1.444074408776102018e+03	2.171877518882219527e-01	1.426648507832054547e-01	2.795508013797179392e-01	1.626347040137262889e-01	8.148981905627517008e-02	2.692176168659379462e-02	8.955031119187972788e-02
1.446493293882929493e+03	2.169374893519144254e-01	1.425010616885336867e-01	2.797356014580061889e-01	1.627273410358936467e-01	8.154780520712966163e-02	2.692176168659379462e-02	8.962893957154892399e-02
1.448912178989757422e+03	2.166879789022248537e-01	1.423377228767779556e-01	2.799198595894812347e-01	1.628197229847344052e-01	8.160562083437453151e-02	2.692176168659379462e-02	8.970733312543346938e-02
1.451331064096585123e+03	2.164392182996477954e-01	1.421748330924541837e-01	2.801035772699614346e-01	1.629118506144338896e-01	8.166326642299343019e-02	2.692176168659379462e-02	8.978549261353571675e-02
1.453749949203412370e+03	2.161912053112706178e-01	1.420123910835712766e-01	2.802867559925682484e-01	1.630037246769345249e-01	8.172074245676598514e-02	2.692176168659379462e-02	8.986341879191574178e-02
1.456168834310240300e+03	2.159439377107554292e-01	1.418503956016222145e-01	2.804693972476984265e-01	1.630953459219424140e-01	8.177804941826699592e-02	2.692176168659379462e-02	8.994111241274091451e-02
1.458587719417068001e+03	2.156974132783204545e-01	1.416888454015750864e-01	2.806515025229970317e-01	1.631867150969338320e-01	8.183518778886555989e-02	2.692176168659379462e-02	9.001857422433443001e-02
1.461006604523895703e+03	2.154516298007218278e-01	1.415277392418641256e-01	2.808330733033311266e-01	1.632778329471619438e-01	8.189215804872443383e-02	2.692176168659379462e-02	9.009580497122283982e-02
1.463425489630723177e+03	2.152065850712353845e-01	1.413670758843807440e-01	2.810141110707646273e-01	1.633687002156633539e-01	8.194896067679942331e-02	2.692176168659379462e-02	9.017280539418275065e-02
1.465844374737550879e+03	2.149622768896383151e-01	1.412068540944645956e-01	2.811946173045333786e-01	1.634593176432646011e-01	8.200559615083885534e-02	2.692176168659379462e-02	9.024957623028653786e-02
1.468263259844378354e+03	2.147187030621909853e-01	1.410470726408946662e-01	2.813745934810215621e-01	1.635496859685886539e-01	8.206206494738318979e-02	2.692176168659379462e-02	9.032611821294718457e-02
1.470682144951206283e+03	2.144758614016187004e-01	1.408877302958803646e-01	2.815540410737387700e-01	1.636398059280614881e-01	8.211836754176468633e-02	2.692176168659379462e-02	9.040243207196220487e-02
1.473101030058033530e+03	2.142337497270937197e-01	1.407288258350524734e-01	2.817329615532975229e-01	1.637296782559184705e-01	8.217450440810711298e-02	2.692176168659379462e-02	9.047851853355683149e-02
1.475519915164861459e+03	2.139923658642168269e-01	1.405703580374543515e-01	2.819113563873920647e-01	1.638193036842109651e-01	8.223047601932563511e-02	2.692176168659379462e-02	9.055437832042621815e-02
1.477938800271689161e+03	2.137517076449995945e-01	1.404123256855330237e-01	2.820892270407771019e-01	1.639086829428126890e-01	8.228628284712671825e-02	2.692176168659379462e-02	9.063001215177687864e-02
1.480357685378516862e+03	2.135117729078460092e-01	1.402547275651302439e-01	2.822665749752480413e-01	1.639978167594261793e-01	8.234192536200812818e-02	2.692176168659379462e-02	9.070542074336736260e-02
1.482776570485344337e+03	2.132725594975347638e-01	1.400975624654735574e-01	2.824434016496214506e-01	1.640867058595891492e-01	8.239740403325898632e-02	2.692176168659379462e-02	9.078060480754809869e-02
