1.001418434226643626e+03	2.783086533270738849e-01	1.817317895139788364e-01	2.350710432167893438e-01	1.404772888953551846e-01	6.746487396077899268e-02	2.692176168659379462e-02	7.002458939905222002e-02
1.002869765290740247e+03	2.780482995912649247e-01	1.815692240774954280e-01	2.352551338095220101e-01	1.405700724322845874e-01	6.752370201827374852e-02	2.692176168659379462e-02	7.011180638418777755e-02
1.004321096354836754e+03	2.777884118301355842e-01	1.814069265607012593e-01	2.354389688805037517e-01	1.406626979379029252e-01	6.758243945492582727e-02	2.692176168659379462e-02	7.019879364885911466e-02
1.005772427418933376e+03	2.775289892398122293e-01	1.812448965368278486e-01	2.356225482719907227e-01	1.407551656925047634e-01	6.764108591693443473e-02	2.692176168659379462e-02	7.028555265495849136e-02
1.007223758483029997e+03	2.772700310175821303e-01	1.810831335796075914e-01	2.358058718045433766e-01	1.408474759758986117e-01	6.769964109250323214e-02	2.692176168659379462e-02	7.037208484289354804e-02
1.008675089547126618e+03	2.770115363618844140e-01	1.809216372632668213e-01	2.359889392803699582e-01	1.409396290674076457e-01	6.775810470772784810e-02	2.692176168659379462e-02	7.045839163237183067e-02
1.010126420611223239e+03	2.767535044723017368e-01	1.807604071625199815e-01	2.361717504863164174e-01	1.410316252458705122e-01	6.781647652289608807e-02	2.692176168659379462e-02	7.054447442312383743e-02
1.011577751675319632e+03	2.764959345495534571e-01	1.805994428525647122e-01	2.363543051965385777e-01	1.411234647896419392e-01	6.787475632915929147e-02	2.692176168659379462e-02	7.063033459557067906e-02
1.013029082739416367e+03	2.762388257954894177e-01	1.804387439090775758e-01	2.365366031748890041e-01	1.412151479765934026e-01	6.793294394553742177e-02	2.692176168659379462e-02	7.071597351144176535e-02
1.014480413803512761e+03	2.759821774130850613e-01	1.802783099082105878e-01	2.367186441770474659e-01	1.413066750841141250e-01	6.799103921622424995e-02	2.692176168659379462e-02	7.080139251434711123e-02
1.015931744867609382e+03	2.757259886064366006e-01	1.801181404265883856e-01	2.369004279524208889e-01	1.413980463891114092e-01	6.804904200816236370e-02	2.692176168659379462e-02	7.088659293030892539e-02
1.017383075931706003e+03	2.754702585807575765e-01	1.799582350413059251e-01	2.370819542458364737e-01	1.414892621680115814e-01	6.810695220886091306e-02	2.692176168659379462e-02	7.097157606825607590e-02
1.018834406995802851e+03	2.752149865423754171e-01	1.797985933299267314e-01	2.372632227990490450e-01	1.415803226967606299e-01	6.816476972443157034e-02	2.692176168659379462e-02	7.105634322048513807e-02
1.020285738059899245e+03	2.749601716987291056e-01	1.796392148704814007e-01	2.374442333520813131e-01	1.416712282508249543e-01	6.822249447782069431e-02	2.692176168659379462e-02	7.114089566309110546e-02
1.021737069123995752e+03	2.747058132583667378e-01	1.794800992414668228e-01	2.376249856444143660e-01	1.417619791051919487e-01	6.828012640721804749e-02	2.692176168659379462e-02	7.122523465637062290e-02
1.023188400188092373e+03	2.744519104309441904e-01	1.793212460218455151e-01	2.378054794160435748e-01	1.418525755343708339e-01	6.833766546462415048e-02	2.692176168659379462e-02	7.130936144520035047e-02
1.024639731252188767e+03	2.741984624272232884e-01	1.791626547910452338e-01	2.379857144084137066e-01	1.419430178123932407e-01	6.839511161456046651e-02	2.692176168659379462e-02	7.139327725939266511e-02
1.026091062316285615e+03	2.739454684590712508e-01	1.790043251289591131e-01	2.381656903652455970e-01	1.420333062128140422e-01	6.845246483290783057e-02	2.692176168659379462e-02	7.147698331403085081e-02
1.027542393380382237e+03	2.736929277394595794e-01	1.788462566159457201e-01	2.383454070332654551e-01	1.421234410087119093e-01	6.850972510586039732e-02	2.692176168659379462e-02	7.156048080978563708e-02
1.028993724444478858e+03	2.734408394824639488e-01	1.786884488328296383e-01	2.385248641628468780e-01	1.422134224726901430e-01	6.856689242898339476e-02	2.692176168659379462e-02	7.164377093321472323e-02
1.030445055508575479e+03	2.731892029032637614e-01	1.785309013609019946e-01	2.387040615085746220e-01	1.423032508768772020e-01	6.862396680636426161e-02	2.692176168659379462e-02	7.172685485704691222e-02
1.031896386572671872e+03	2.729380172181420372e-01	1.783736137819212364e-01	2.388829988297380413e-01	1.423929264929276184e-01	6.868094824984771751e-02	2.692176168659379462e-02	7.180973374045206137e-02
1.033347717636768493e+03	2.726872816444859682e-01	1.782165856781141311e-01	2.390616758907615214e-01	1.424824495920224698e-01	6.873783677834643946e-02	2.692176168659379462e-02	7.189240872929819615e-02
1.034799048700865114e+03	2.724369954007864747e-01	1.780598166321767373e-01	2.392400924615786240e-01	1.425718204448702398e-01	6.879463241721966993e-02	2.692176168659379462e-02	7.197488095639692496e-02
1.036250379764961508e+03	2.721871577066394821e-01	1.779033062272755705e-01	2.394182483179553844e-01	1.426610393217074280e-01	6.885133519771287347e-02	2.692176168659379462e-02	7.205715154173800152e-02
1.037701710829058356e+03	2.719377677827455875e-01	1.777470540470488802e-01	2.395961432417685333e-01	1.427501064922993002e-01	6.890794515645237706e-02	2.692176168659379462e-02	7.213922159271406176e-02
1.039153041893154750e+03	2.716888248509113923e-01	1.775910596756080095e-01	2.397737770212429453e-01	1.428390222259405540e-01	6.896446233498952638e-02	2.692176168659379462e-02	7.222109220433635401e-02
1.040604372957251599e+03	2.714403281340497798e-01	1.774353226975386444e-01	2.399511494511529786e-01	1.429277867914559574e-01	6.902088677938927885e-02	2.692176168659379462e-02	7.230276445944214259e-02
1.042055704021347992e+03	2.711922768561809138e-01	1.772798426979024233e-01	2.401282603329910892e-01	1.430164004572012093e-01	6.907721853985877847e-02	2.692176168659379462e-02	7.238423942889439522e-02
1.043507035085444613e+03	2.709446702424329056e-01	1.771246192622382976e-01	2.403051094751076366e-01	1.431048634910634387e-01	6.913345767041201295e-02	2.692176168659379462e-02	7.246551817177454557e-02
1.044958366149541234e+03	2.706975075190427571e-01	1.769696519765641685e-01	2.404816966928245148e-01	1.431931761604620101e-01	6.918960422856677839e-02	2.692176168659379462e-02	7.254660173556859437e-02
1.046409697213637855e+03	2.704507879133573600e-01	1.768149404273784142e-01	2.406580218085256906e-01	1.432813387323492449e-01	6.924565827507081495e-02	2.692176168659379462e-02	7.262749115634729857e-02
1.047861028277734476e+03	2.702045106538342178e-01	1.766604842016614163e-01	2.408340846517270650e-01	1.433693514732110597e-01	6.930161987365422716e-02	2.692176168659379462e-02	7.270818745894078172e-02
1.049312359341831097e+03	2.699586749700426669e-01	1.765062828868771971e-01	2.410098850591279596e-01	1.434572146490677158e-01	6.935748909080537150e-02	2.692176168659379462e-02	7.278869165710781519e-02
1.050763690405927491e+03	2.697132800926646534e-01	1.763523360709751131e-01	2.411854228746459494e-01	1.435449285254744023e-01	6.941326599556814358e-02	2.692176168659379462e-02	7.286900475370045038e-02
1.052215021470024112e+03	2.694683252534958440e-01	1.761986433423912979e-01	2.413606979494372362e-01	1.436324933675220406e-01	6.946895065935823621e-02	2.692176168659379462e-02	7.294912774082400186e-02
1.053666352534120733e+03	2.692238096854466245e-01	1.760452042900504110e-01	2.415357101419039476e-01	1.437199094398380061e-01	6.952454315579671695e-02	2.692176168659379462e-02	7.302906159999297819e-02
1.055117683598217127e+03	2.689797326225428775e-01	1.758920185033671924e-01	2.417104593176899741e-01	1.438071770065867672e-01	6.958004356055896844e-02	2.692176168659379462e-02	7.310880730228291879e-02
1.056569014662313975e+03	2.687360932999272589e-01	1.757390855722481549e-01	2.418849453496664803e-01	1.438942963314705226e-01	6.963545195123771459e-02	2.692176168659379462e-02	7.318836580847859485e-02
1.058020345726410369e+03	2.684928909538599195e-01	1.755864050870931392e-01	2.420591681179083132e-01	1.439812676777300626e-01	6.969076840721849520e-02	2.692176168659379462e-02	7.326773806921881016e-02
1.059471676790506763e+03	2.682501248217197265e-01	1.754339766387968680e-01	2.422331275096625824e-01	1.440680913081453518e-01	6.974599300956649262e-02	2.692176168659379462e-02	7.334692502513778800e-02
1.060923007854603611e+03	2.680077941420049847e-01	1.752817998187505277e-01	2.424068234193100246e-01	1.441547674850362226e-01	6.980112584092353079e-02	2.692176168659379462e-02	7.342592760700358823e-02
1.062374338918700232e+03	2.677658981543344918e-01	1.751298742188434343e-01	2.425802557483200395e-01	1.442412964702631251e-01	6.985616698541426139e-02	2.692176168659379462e-02	7.350474673585354057e-02
1.063825669982796853e+03	2.675244360994484261e-01	1.749781994314644762e-01	2.427534244052007573e-01	1.443276785252278205e-01	6.991111652856062120e-02	2.692176168659379462e-02	7.358338332312686081e-02
1.065277001046893474e+03	2.672834072192092902e-01	1.748267750495036965e-01	2.429263293054436113e-01	1.444139139108740477e-01	6.996597455720364456e-02	2.692176168659379462e-02	7.366183827079469948e-02
1.066728332110990095e+03	2.670428107566026332e-01	1.746756006663538197e-01	2.430989703714644679e-01	1.445000028876882447e-01	7.002074115943214550e-02	2.692176168659379462e-02	7.374011247148766490e-02
1.068179663175086489e+03	2.668026459557381602e-01	1.745246758759116668e-01	2.432713475325406216e-01	1.445859457157002703e-01	7.007541642451733943e-02	2.692176168659379462e-02	7.381820680862088979e-02
1.069630994239183110e+03	2.665629120618502879e-01	1.743740002725797378e-01	2.434434607247450144e-01	1.446717426544840701e-01	7.013000044285298828e-02	2.692176168659379462e-02	7.389612215651687743e-02
1.071082325303279504e+03	2.663236083212990324e-01	1.742235734512674883e-01	2.436153098908775960e-01	1.447573939631584539e-01	7.018449330590036117e-02	2.692176168659379462e-02	7.397385938052609966e-02
1.072533656367376352e+03	2.660847339815708423e-01	1.740733950073929670e-01	2.437868949803944363e-01	1.448428999003875950e-01	7.023889510613776088e-02	2.692176168659379462e-02	7.405141933714544378e-02
1.073984987431472746e+03	2.658462882912793201e-01	1.739234645368839816e-01	2.439582159493350333e-01	1.449282607243819743e-01	7.029320593701400555e-02	2.692176168659379462e-02	7.412880287413475822e-02
1.075436318495569594e+03	2.656082705001658884e-01	1.737737816361796805e-01	2.441292727602476509e-01	1.450134766928989627e-01	7.034742589290554626e-02	2.692176168659379462e-02	7.420601083063134429e-02
1.076887649559666215e+03	2.653706798591004556e-01	1.736243459022317470e-01	2.443000653821139623e-01	1.450985480632435709e-01	7.040155506907677663e-02	2.692176168659379462e-02	7.428304403726257443e-02
1.078338980623762609e+03	2.651335156200821941e-01	1.734751569325057863e-01	2.444705937902719173e-01	1.451834750922690875e-01	7.045559356164345088e-02	2.692176168659379462e-02	7.435990331625666472e-02
1.079790311687859230e+03	2.648967770362400387e-01	1.733262143249826859e-01	2.446408579663382210e-01	1.452682580363777454e-01	7.050954146753857232e-02	2.692176168659379462e-02	7.443658948155180977e-02
1.081241642751955851e+03	2.646604633618333535e-01	1.731775176781597259e-01	2.448108578981300631e-01	1.453528971515215817e-01	7.056339888448093234e-02	2.692176168659379462e-02	7.451310333890341642e-02
1.082692973816052472e+03	2.644245738522525424e-01	1.730290665910519665e-01	2.449805935795861256e-01	1.454373926932029937e-01	7.061716591094559237e-02	2.692176168659379462e-02	7.458944568598981084e-02
1.084144304880149093e+03	2.641891077640194374e-01	1.728808606631934142e-01	2.451500650106877566e-01	1.455217449164755428e-01	7.067084264613654465e-02	2.692176168659379462e-02	7.466561731251633582e-02
1.085595635944245487e+03	2.639540643547879095e-01	1.727328994946381591e-01	2.453192721973795898e-01	1.456059540759445936e-01	7.072442918996102446e-02	2.692176168659379462e-02	7.474161900031778272e-02
1.087046967008342108e+03	2.637194428833443127e-01	1.725851826859616522e-01	2.454882151514901079e-01	1.456900204257680354e-01	7.077792564300554312e-02	2.692176168659379462e-02	7.481745152345944949e-02
1.088498298072438729e+03	2.634852426096079281e-01	1.724377098382617879e-01	2.456568938906526500e-01	1.457739442196568924e-01	7.083133210651333667e-02	2.692176168659379462e-02	7.489311564833651957e-02
1.089949629136535123e+03	2.632514627946314634e-01	1.722904805531600136e-01	2.458253084382260867e-01	1.458577257108762681e-01	7.088464868236318828e-02	2.692176168659379462e-02	7.496861213377215005e-02
1.091400960200631971e+03	2.630181027006012751e-01	1.721434944328023853e-01	2.459934588232162433e-01	1.459413651522457611e-01	7.093787547304944430e-02	2.692176168659379462e-02	7.504394173111406108e-02
1.092852291264728365e+03	2.627851615908378680e-01	1.719967510798606769e-01	2.461613450801972969e-01	1.460248627961403534e-01	7.099101258166315431e-02	2.692176168659379462e-02	7.511910518432977912e-02
1.094303622328825213e+03	2.625526387297961728e-01	1.718502500975334357e-01	2.463289672492336435e-01	1.461082188944911042e-01	7.104406011187423819e-02	2.692176168659379462e-02	7.519410323010049246e-02
1.095754953392921607e+03	2.623205333830659347e-01	1.717039910895469534e-01	2.464963253758024053e-01	1.461914336987857055e-01	7.109701816791449969e-02	2.692176168659379462e-02	7.526893659791362989e-02
1.097206284457018228e+03	2.620888448173717689e-01	1.715579736601562377e-01	2.466634195107162975e-01	1.462745074600693140e-01	7.114988685456155593e-02	2.692176168659379462e-02	7.534360601015402392e-02
1.098657615521114849e+03	2.618575723005734934e-01	1.714121974141460114e-01	2.468302497100470227e-01	1.463574404289452457e-01	7.120266627712347474e-02	2.692176168659379462e-02	7.541811218219399149e-02
1.100108946585211470e+03	2.616267151016663517e-01	1.712666619568316284e-01	2.469968160350494435e-01	1.464402328555756694e-01	7.125535654142418907e-02	2.692176168659379462e-02	7.549245582248192976e-02
1.101560277649308091e+03	2.613962724907814561e-01	1.711213668940599342e-01	2.471631185520861418e-01	1.465228849896822172e-01	7.130795775378946655e-02	2.692176168659379462e-02	7.556663763262994049e-02
1.103011608713404712e+03	2.611662437391853997e-01	1.709763118322103204e-01	2.473291573325530623e-01	1.466053970805468454e-01	7.136047002103347581e-02	2.692176168659379462e-02	7.564065830750002495e-02
1.104462939777501106e+03	2.609366281192807557e-01	1.708314963781953910e-01	2.474949324528052108e-01	1.466877693770124169e-01	7.141289345044600501e-02	2.692176168659379462e-02	7.571451853528925191e-02
1.105914270841597499e+03	2.607074249046062442e-01	1.706869201394618785e-01	2.476604439940837121e-01	1.467700021274834510e-01	7.146522814977999960e-02	2.692176168659379462e-02	7.578821899761366276e-02
1.107365601905694348e+03	2.604786333698365652e-01	1.705425827239915038e-01	2.478256920424432297e-01	1.468520955799267613e-01	7.151747422723973846e-02	2.692176168659379462e-02	7.586176036959116353e-02
1.108816932969790741e+03	2.602502527907823993e-01	1.703984837403017261e-01	2.479906766886801617e-01	1.469340499818722334e-01	7.156963179146928755e-02	2.692176168659379462e-02	7.593514331992309851e-02
1.110268264033887590e+03	2.600222824443908509e-01	1.702546227974464366e-01	2.481553980282618088e-01	1.470158655804134906e-01	7.162170095154141158e-02	2.692176168659379462e-02	7.600836851097493574e-02
1.111719595097984211e+03	2.597947216087448941e-01	1.701109995050167634e-01	2.483198561612560695e-01	1.470975426222086158e-01	7.167368181694690199e-02	2.692176168659379462e-02	7.608143659885571730e-02
1.113170926162080832e+03	2.595675695630636493e-01	1.699676134731419319e-01	2.484840511922619954e-01	1.471790813534808173e-01	7.172557449758405757e-02	2.692176168659379462e-02	7.615434823349649662e-02
1.114622257226177226e+03	2.593408255877023838e-01	1.698244643124897091e-01	2.486479832303412074e-01	1.472604820200191511e-01	7.177737910374873409e-02	2.692176168659379462e-02	7.622710405872774875e-02
1.116073588290273847e+03	2.591144889641522342e-01	1.696815516342672636e-01	2.488116523889501441e-01	1.473417448671792140e-01	7.182909574612446335e-02	2.692176168659379462e-02	7.629970471235568430e-02
1.117524919354370468e+03	2.588885589750401506e-01	1.695388750502217490e-01	2.489750587858726993e-01	1.474228701398838381e-01	7.188072453577296073e-02	2.692176168659379462e-02	7.637215082623759199e-02
1.118976250418467089e+03	2.586630349041287857e-01	1.693964341726409417e-01	2.491382025431543856e-01	1.475038580826238122e-01	7.193226558412486871e-02	2.692176168659379462e-02	7.644444302635616806e-02
1.120427581482563710e+03	2.584379160363164396e-01	1.692542286143539076e-01	2.493010837870364982e-01	1.475847089394584921e-01	7.198371900297073633e-02	2.692176168659379462e-02	7.651658193289283261e-02
1.121878912546660331e+03	2.582132016576367262e-01	1.691122579887315291e-01	2.494637026478916386e-01	1.476654229540166896e-01	7.203508490445215129e-02	2.692176168659379462e-02	7.658856816030013004e-02
1.123330243610756725e+03	2.579888910552584069e-01	1.689705219096870603e-01	2.496260592601598771e-01	1.477460003694971713e-01	7.208636340105326057e-02	2.692176168659379462e-02	7.666040231737308863e-02
1.124781574674853118e+03	2.577649835174851134e-01	1.688290199916767931e-01	2.497881537622855253e-01	1.478264414286694639e-01	7.213755460559229116e-02	2.692176168659379462e-02	7.673208500731966419e-02
1.126232905738949967e+03	2.575414783337551805e-01	1.686877518497004735e-01	2.499499862966549080e-01	1.479067463738745203e-01	7.218865863121334825e-02	2.692176168659379462e-02	7.680361682783037880e-02
1.127684236803046360e+03	2.573183747946414801e-01	1.685467170993018016e-01	2.501115570095349128e-01	1.479869154470253856e-01	7.223967559137847716e-02	2.692176168659379462e-02	7.687499837114677992e-02
1.129135567867143209e+03	2.570956721918508103e-01	1.684059153565690137e-01	2.502728660510121217e-01	1.480669488896079744e-01	7.229060559985969747e-02	2.692176168659379462e-02	7.694623022412921953e-02
1.130586898931239830e+03	2.568733698182238401e-01	1.682653462381353271e-01	2.504339135749328871e-01	1.481468469426816814e-01	7.234144877073139801e-02	2.692176168659379462e-02	7.701731296832366180e-02
1.132038229995336451e+03	2.566514669677346649e-01	1.681250093611793561e-01	2.505946997388442399e-01	1.482266098468801585e-01	7.239220521836277344e-02	2.692176168659379462e-02	7.708824718002760257e-02
1.133489561059432845e+03	2.564299629354905852e-01	1.679849043434255285e-01	2.507552247039353532e-01	1.483062378424118699e-01	7.244287505741039968e-02	2.692176168659379462e-02	7.715903343035508677e-02
1.134940892123529466e+03	2.562088570177313285e-01	1.678450308031446125e-01	2.509154886349798108e-01	1.483857311690610081e-01	7.249345840281105902e-02	2.692176168659379462e-02	7.722967228530097650e-02
1.136392223187626087e+03	2.559881485118292721e-01	1.677053883591539396e-01	2.510754917002788744e-01	1.484650900661879935e-01	7.254395536977455150e-02	2.692176168659379462e-02	7.730016430580426146e-02
1.137843554251722708e+03	2.557678367162883326e-01	1.675659766308179588e-01	2.512352340716049737e-01	1.485443147727302793e-01	7.259436607377672823e-02	2.692176168659379462e-02	7.737051004781063390e-02
1.139294885315819101e+03	2.555479209307440214e-01	1.674267952380484870e-01	2.513947159241465834e-01	1.486234055272029619e-01	7.264469063055270515e-02	2.692176168659379462e-02	7.744071006233411991e-02
1.140746216379915950e+03	2.553284004559628340e-01	1.672878438013050972e-01	2.515539374364533232e-01	1.487023625676995309e-01	7.269492915609003514e-02	2.692176168659379462e-02	7.751076489551804449e-02
1.142197547444012343e+03	2.551092745938416950e-01	1.671491219415954244e-01	2.517128987903819448e-01	1.487811861318925621e-01	7.274508176662214387e-02	2.692176168659379462e-02	7.758067508869510853e-02
1.143648878508108737e+03	2.548905426474075142e-01	1.670106292804754422e-01	2.518716001710430419e-01	1.488598764570343846e-01	7.279514857862179333e-02	2.692176168659379462e-02	7.765044117844666083e-02
1.145100209572205586e+03	2.546722039208166866e-01	1.668723654400498801e-01	2.520300417667484805e-01	1.489384337799578018e-01	7.284512970879471194e-02	2.692176168659379462e-02	7.772006369666124848e-02
1.146551540636302207e+03	2.544542577193545929e-01	1.667343300429723341e-01	2.521882237689595518e-01	1.490168583370767574e-01	7.289502527407329402e-02	2.692176168659379462e-02	7.778954317059240398e-02
1.148002871700398828e+03	2.542367033494347672e-01	1.665965227124455716e-01	2.523461463722355136e-01	1.490951503643870024e-01	7.294483539161039642e-02	2.692176168659379462e-02	7.785888012291565519e-02
1.149454202764495449e+03	2.540195401185987301e-01	1.664589430722218932e-01	2.525038097741834076e-01	1.491733100974668713e-01	7.299456017877328784e-02	2.692176168659379462e-02	7.792807507178471649e-02
1.150905533828591842e+03	2.538027673355150449e-01	1.663215907466032151e-01	2.526612141754080443e-01	1.492513377714778655e-01	7.304419975313761193e-02	2.692176168659379462e-02	7.799712853088706932e-02
1.152356864892688463e+03	2.535863843099790405e-01	1.661844653604413469e-01	2.528183597794627091e-01	1.493292336211654303e-01	7.309375423248151704e-02	2.692176168659379462e-02	7.806604100949876557e-02
1.153808195956785084e+03	2.533703903529118118e-01	1.660475665391382138e-01	2.529752467928008119e-01	1.494069978808595656e-01	7.314322373477988304e-02	2.692176168659379462e-02	7.813481301253849542e-02
1.155259527020881706e+03	2.531547847763598869e-01	1.659108939086459400e-01	2.531318754247278702e-01	1.494846307844756583e-01	7.319260837819854815e-02	2.692176168659379462e-02	7.820344504062091973e-02
1.156710858084978327e+03	2.529395668934943386e-01	1.657744470954670979e-01	2.532882458873543241e-01	1.495621325655149270e-01	7.324190828108871620e-02	2.692176168659379462e-02	7.827193759010941942e-02
1.158162189149074720e+03	2.527247360186103409e-01	1.656382257266548197e-01	2.534443583955489077e-01	1.496395034570653648e-01	7.329112356198146105e-02	2.692176168659379462e-02	7.834029115316801239e-02
1.159613520213171569e+03	2.525102914671261134e-01	1.655022294298129359e-01	2.536002131668926851e-01	1.497167436918022398e-01	7.334025433958217544e-02	2.692176168659379462e-02	7.840850621781271512e-02
1.161064851277267962e+03	2.522962325555825891e-01	1.653664578330961976e-01	2.537558104216336985e-01	1.497938535019889272e-01	7.338930073276531130e-02	2.692176168659379462e-02	7.847658326796214112e-02
1.162516182341364356e+03	2.520825586016425812e-01	1.652309105652101651e-01	2.539111503826421701e-01	1.498708331194774368e-01	7.343826286056900909e-02	2.692176168659379462e-02	7.854452278348750260e-02
1.163967513405461204e+03	2.518692689240898952e-01	1.650955872554114856e-01	2.540662332753664265e-01	1.499476827757092456e-01	7.348714084218996301e-02	2.692176168659379462e-02	7.861232524026190438e-02
1.165418844469557826e+03	2.516563628428286070e-01	1.649604875335079213e-01	2.542210593277892117e-01	1.500244027017158532e-01	7.353593479697820290e-02	2.692176168659379462e-02	7.867999111020904102e-02
1.166870175533654447e+03	2.514438396788826191e-01	1.648256110298584320e-01	2.543756287703848318e-01	1.501009931281196141e-01	7.358464484443209830e-02	2.692176168659379462e-02	7.874752086135126949e-02
1.168321506597751068e+03	2.512316987543942726e-01	1.646909573753731759e-01	2.545299418360767452e-01	1.501774542851342931e-01	7.363327110419337629e-02	2.692176168659379462e-02	7.881491495785694634e-02
1.169772837661847461e+03	2.510199393926241807e-01	1.645565262015135644e-01	2.546839987601957622e-01	1.502537864025658143e-01	7.368181369604222264e-02	2.692176168659379462e-02	7.888217386008730680e-02
1.171224168725944082e+03	2.508085609179499520e-01	1.644223171402923456e-01	2.548377997804386896e-01	1.503299897098128723e-01	7.373027273989239683e-02	2.692176168659379462e-02	7.894929802464262236e-02
1.172675499790040703e+03	2.505975626558655245e-01	1.642883298242735768e-01	2.549913451368278627e-01	1.504060644358676535e-01	7.377864835578656910e-02	2.692176168659379462e-02	7.901628790440774763e-02
1.174126830854137097e+03	2.503869439329803326e-01	1.641545638865725965e-01	2.551446350716707334e-01	1.504820108093166131e-01	7.382694066389149101e-02	2.692176168659379462e-02	7.908314394859716767e-02
1.175578161918233945e+03	2.501767040770184747e-01	1.640210189608560798e-01	2.552976698295205127e-01	1.505578290583410028e-01	7.387514978449352676e-02	2.692176168659379462e-02	7.914986660279939301e-02
1.177029492982330339e+03	2.499668424168177971e-01	1.638876946813419277e-01	2.554504496571369243e-01	1.506335194107176478e-01	7.392327583799399027e-02	2.692176168659379462e-02	7.921645630902075796e-02
1.178480824046426733e+03	2.497573582823290617e-01	1.637545906827993225e-01	2.556029748034477356e-01	1.507090820938195574e-01	7.397131894490467652e-02	2.692176168659379462e-02	7.928291350572866381e-02
1.179932155110523581e+03	2.495482510046149738e-01	1.636217066005486165e-01	2.557552455195110097e-01	1.507845173346166467e-01	7.401927922584347619e-02	2.692176168659379462e-02	7.934923862789432236e-02
1.181383486174620202e+03	2.493395199158493225e-01	1.634890420704613323e-01	2.559072620584771363e-01	1.508598253596764027e-01	7.406715680153001802e-02	2.692176168659379462e-02	7.941543210703486122e-02
1.182834817238716823e+03	2.491311643493160366e-01	1.633565967289600240e-01	2.560590246755521937e-01	1.509350063951646059e-01	7.411495179278131118e-02	2.692176168659379462e-02	7.948149437125485994e-02
1.184286148302813444e+03	2.489231836394082686e-01	1.632243702130182494e-01	2.562105336279615342e-01	1.510100606668459133e-01	7.416266432050762358e-02	2.692176168659379462e-02	7.954742584528749771e-02
1.185737479366910065e+03	2.487155771216275069e-01	1.630923621601604590e-01	2.563617891749134237e-01	1.510849884000846077e-01	7.421029450570820751e-02	2.692176168659379462e-02	7.961322695053496545e-02
1.187188810431006686e+03	2.485083441325824649e-01	1.629605722084618569e-01	2.565127915775639034e-01	1.511597898198452083e-01	7.425784246946721956e-02	2.692176168659379462e-02	7.967889810510848936e-02
1.188640141495103080e+03	2.483014840099883047e-01	1.628289999965483459e-01	2.566635410989816513e-01	1.512344651506932758e-01	7.430530833294973769e-02	2.692176168659379462e-02	7.974443972386781321e-02
1.190091472559199701e+03	2.480949960926654707e-01	1.626976451635964160e-01	2.568140380041135096e-01	1.513090146167959393e-01	7.435269221739770895e-02	2.692176168659379462e-02	7.980985221846008393e-02
1.191542803623296322e+03	2.478888797205388850e-01	1.625665073493329227e-01	2.569642825597503455e-01	1.513834384419225909e-01	7.439999424412599427e-02	2.692176168659379462e-02	7.987513599735834857e-02
1.192994134687392716e+03	2.476831342346367537e-01	1.624355861940349754e-01	2.571142750344936334e-01	1.514577368494456344e-01	7.444721453451859372e-02	2.692176168659379462e-02	7.994029146589946844e-02
1.194445465751489564e+03	2.474777589770896791e-01	1.623048813385298272e-01	2.572640156987220927e-01	1.515319100623411519e-01	7.449435321002474686e-02	2.692176168659379462e-02	8.000531902632156134e-02
1.195896796815585958e+03	2.472727532911296877e-01	1.621743924241946522e-01	2.574135048245590474e-01	1.516059583031894586e-01	7.454141039215518572e-02	2.692176168659379462e-02	8.007021907780098591e-02
1.197348127879682352e+03	2.470681165210889818e-01	1.620441190929564346e-01	2.575627426858403957e-01	1.516798817941758803e-01	7.458838620247847107e-02	2.692176168659379462e-02	8.013499201648881243e-02
1.198799458943779200e+03	2.468638480123991341e-01	1.619140609872916914e-01	2.577117295580826917e-01	1.517536807570913915e-01	7.463528076261731481e-02	2.692176168659379462e-02	8.019963823554678017e-02
1.200250790007875821e+03	2.466599471115898667e-01	1.617842177502263612e-01	2.578604657184515592e-01	1.518273554133333092e-01	7.468209419424495787e-02	2.692176168659379462e-02	8.026415812518292170e-02
1.201702121071972442e+03	2.464564131662880797e-01	1.616545890253354989e-01	2.580089514457312716e-01	1.519009059839059039e-01	7.472882661908167301e-02	2.692176168659379462e-02	8.032855207268654874e-02
1.203153452136069063e+03	2.462532455252167407e-01	1.615251744567432202e-01	2.581571870202937768e-01	1.519743326894211211e-01	7.477547815889121208e-02	2.692176168659379462e-02	8.039282046246293278e-02
1.204604783200165684e+03	2.460504435381937471e-01	1.613959736891223407e-01	2.583051727240688322e-01	1.520476357500991915e-01	7.482204893547744762e-02	2.692176168659379462e-02	8.045696367606744448e-02
1.206056114264262078e+03	2.458480065561309547e-01	1.612669863676941817e-01	2.584529088405143060e-01	1.521208153857693812e-01	7.486853907068090341e-02	2.692176168659379462e-02	8.052098209223927661e-02
1.207507445328358699e+03	2.456459339310330392e-01	1.611382121382283206e-01	2.586003956545868676e-01	1.521938718158705461e-01	7.491494868637547933e-02	2.692176168659379462e-02	8.058487608693476467e-02
1.208958776392455093e+03	2.454442250159963035e-01	1.610096506470424238e-01	2.587476334527131216e-01	1.522668052594519372e-01	7.496127790446507899e-02	2.692176168659379462e-02	8.064864603336019400e-02
1.210410107456551941e+03	2.452428791652075946e-01	1.608813015410018310e-01	2.588946225227613529e-01	1.523396159351736445e-01	7.500752684688044569e-02	2.692176168659379462e-02	8.071229230200427374e-02
1.211861438520648335e+03	2.450418957339432213e-01	1.607531644675194715e-01	2.590413631540128825e-01	1.524123040613075408e-01	7.505369563557591495e-02	2.692176168659379462e-02	8.077581526067008355e-02
1.213312769584745183e+03	2.448412740785677888e-01	1.606252390745554204e-01	2.591878556371350895e-01	1.524848698557377258e-01	7.509978439252630589e-02	2.692176168659379462e-02	8.083921527450672884e-02
1.214764100648841804e+03	2.446410135565329769e-01	1.604975250106167317e-01	2.593341002641537107e-01	1.525573135359612753e-01	7.514579323972379876e-02	2.692176168659379462e-02	8.090249270604048248e-02
1.216215431712937971e+03	2.444411135263765689e-01	1.603700219247571335e-01	2.594800973284259182e-01	1.526296353190888522e-01	7.519172229917488182e-02	2.692176168659379462e-02	8.096564791520560744e-02
1.217666762777034819e+03	2.442415733477211470e-01	1.602427294665766389e-01	2.596258471246137844e-01	1.527018354218454277e-01	7.523757169289732594e-02	2.692176168659379462e-02	8.102868125937466581e-02
1.219118093841131440e+03	2.440423923812729268e-01	1.601156472862212965e-01	2.597713499486580258e-01	1.527739140605709200e-01	7.528334154291725644e-02	2.692176168659379462e-02	8.109159309338853650e-02
1.220569424905228061e+03	2.438435699888205355e-01	1.599887750343829684e-01	2.599166060977524118e-01	1.528458714512208050e-01	7.532903197126615547e-02	2.692176168659379462e-02	8.115438376958605815e-02
1.222020755969324682e+03	2.436451055332340410e-01	1.598621123622988305e-01	2.600616158703178971e-01	1.529177078093668651e-01	7.537464309997811418e-02	2.692176168659379462e-02	8.121705363783313092e-02
1.223472087033421303e+03	2.434469983784634806e-01	1.597356589217512057e-01	2.602063795659779744e-01	1.529894233501977452e-01	7.542017505108687681e-02	2.692176168659379462e-02	8.127960304555165161e-02
1.224923418097517697e+03	2.432492478895378341e-01	1.596094143650670649e-01	2.603508974855333058e-01	1.530610182885196735e-01	7.546562794662309281e-02	2.692176168659379462e-02	8.134203233774794928e-02
1.226374749161614318e+03	2.430518534325638025e-01	1.594833783451178877e-01	2.604951699309377977e-01	1.531324928387570450e-01	7.551100190861156913e-02	2.692176168659379462e-02	8.140434185704081838e-02
1.227826080225710712e+03	2.428548143747244759e-01	1.593575505153190797e-01	2.606391972052743422e-01	1.532038472149532260e-01	7.555629705906855009e-02	2.692176168659379462e-02	8.146653194368928819e-02
1.229277411289807560e+03	2.426581300842782507e-01	1.592319305296298060e-01	2.607829796127307809e-01	1.532750816307709985e-01	7.560151351999905289e-02	2.692176168659379462e-02	8.152860293562004534e-02
1.230728742353903954e+03	2.424617999305575533e-01	1.591065180425525472e-01	2.609265174585769231e-01	1.533461962994933925e-01	7.564665141339424470e-02	2.692176168659379462e-02	8.159055516845432898e-02
1.232180073418000802e+03	2.422658232839675629e-01	1.589813127091326550e-01	2.610698110491410096e-01	1.534171914340242693e-01	7.569171086122884751e-02	2.692176168659379462e-02	8.165238897553467323e-02
1.233631404482097196e+03	2.420701995159849629e-01	1.588563141849581306e-01	2.612128606917872298e-01	1.534880672468889040e-01	7.573669198545859849e-02	2.692176168659379462e-02	8.171410468795121951e-02
1.235082735546193817e+03	2.418749279991567469e-01	1.587315221261590970e-01	2.613556666948930740e-01	1.535588239502347074e-01	7.578159490801771037e-02	2.692176168659379462e-02	8.177570263456768185e-02
1.236534066610290438e+03	2.416800081070989981e-01	1.586069361894075491e-01	2.614982293678271286e-01	1.536294617558319475e-01	7.582641975081641506e-02	2.692176168659379462e-02	8.183718314204696531e-02
1.237985397674387059e+03	2.414854392144955009e-01	1.584825560319168269e-01	2.616405490209274265e-01	1.536999808750742491e-01	7.587116663573852116e-02	2.692176168659379462e-02	8.189854653487649294e-02
1.239436728738483680e+03	2.412912206970965756e-01	1.583583813114412264e-01	2.617826259654796872e-01	1.537703815189793155e-01	7.591583568463904086e-02	2.692176168659379462e-02	8.195979313539322741e-02
1.240888059802580301e+03	2.410973519317176905e-01	1.582344116862756389e-01	2.619244605136961668e-01	1.538406638981895669e-01	7.596042701934177521e-02	2.692176168659379462e-02	8.202092326380826248e-02
1.242339390866676695e+03	2.409038322962383794e-01	1.581106468152551903e-01	2.620660529786944526e-01	1.539108282229727509e-01	7.600494076163703816e-02	2.692176168659379462e-02	8.208193723823122012e-02
1.243790721930773088e+03	2.407106611696007981e-01	1.579870863577546303e-01	2.622074036744773129e-01	1.539808747032227199e-01	7.604937703327933896e-02	2.692176168659379462e-02	8.214283537469424523e-02
1.245242052994869937e+03	2.405178379318083370e-01	1.578637299736881106e-01	2.623485129159118801e-01	1.540508035484598748e-01	7.609373595598510620e-02	2.692176168659379462e-02	8.220361798717573665e-02
1.246693384058966330e+03	2.403253619639246774e-01	1.577405773235086017e-01	2.624893810187095555e-01	1.541206149678319426e-01	7.613801765143052291e-02	2.692176168659379462e-02	8.226428538762373122e-02
1.248144715123063179e+03	2.401332326480720980e-01	1.576176280682075326e-01	2.626300082994065255e-01	1.541903091701145867e-01	7.618222224124926445e-02	2.692176168659379462e-02	8.232483788597902419e-02
1.249596046187159800e+03	2.399414493674303928e-01	1.574948818693143737e-01	2.627703950753438322e-01	1.542598863637120732e-01	7.622634984703040295e-02	2.692176168659379462e-02	8.238527579019801206e-02
1.251047377251256421e+03	2.397500115062354553e-01	1.573723383888960548e-01	2.629105416646482785e-01	1.543293467566578536e-01	7.627040059031627017e-02	2.692176168659379462e-02	8.244559940627516070e-02
1.252498708315352815e+03	2.395589184497780855e-01	1.572499972895566311e-01	2.630504483862134979e-01	1.543986905566152312e-01	7.631437459260034806e-02	2.692176168659379462e-02	8.250580903826526535e-02
1.253950039379449436e+03	2.393681695844025181e-01	1.571278582344368124e-01	2.631901155596811370e-01	1.544679179708780270e-01	7.635827197532524258e-02	2.692176168659379462e-02	8.256590498830532199e-02
1.255401370443546057e+03	2.391777642975051743e-01	1.570059208872134349e-01	2.633295435054224254e-01	1.545370292063711626e-01	7.640209285988061594e-02	2.692176168659379462e-02	8.262588755663625995e-02
1.256852701507642678e+03	2.389877019775333289e-01	1.568841849120990173e-01	2.634687325445198014e-01	1.546060244696513819e-01	7.644583736760125758e-02	2.692176168659379462e-02	8.268575704162428597e-02
1.258304032571739299e+03	2.387979820139837506e-01	1.567626499738412893e-01	2.636076829987492043e-01	1.546749039669077785e-01	7.648950561976505802e-02	2.692176168659379462e-02	8.274551373978196456e-02
1.259755363635835920e+03	2.386086037974013696e-01	1.566413157377227749e-01	2.637463951905622550e-01	1.547436679039624896e-01	7.653309773759110757e-02	2.692176168659379462e-02	8.280515794578906241e-02
1.261206694699932314e+03	2.384195667193779178e-01	1.565201818695601266e-01	2.638848694430687702e-01	1.548123164862713619e-01	7.657661384223782286e-02	2.692176168659379462e-02	8.286468995251312919e-02
1.262658025764028707e+03	2.382308701725505684e-01	1.563992480357038750e-01	2.640231060800194984e-01	1.548808499189245347e-01	7.662005405480097620e-02	2.692176168659379462e-02	8.292411005102973132e-02
1.264109356828125556e+03	2.380425135506006318e-01	1.562785139030377080e-01	2.641611054257892444e-01	1.549492684066470505e-01	7.666341849631198857e-02	2.692176168659379462e-02	8.298341853064256091e-02
1.265560687892221949e+03	2.378544962482521119e-01	1.561579791389781091e-01	2.642988678053602714e-01	1.550175721537996043e-01	7.670670728773598679e-02	2.692176168659379462e-02	8.304261567890314222e-02
1.267012018956318798e+03	2.376668176612704853e-01	1.560376434114738586e-01	2.644363935443053149e-01	1.550857613643789878e-01	7.674992054997012425e-02	2.692176168659379462e-02	8.310170178163039933e-02
1.268463350020415419e+03	2.374794771864611465e-01	1.559175063890054502e-01	2.645736829687720393e-01	1.551538362420188943e-01	7.679305840384176296e-02	2.692176168659379462e-02	8.316067712292989078e-02
1.269914681084511813e+03	2.372924742216681870e-01	1.557975677405845916e-01	2.647107364054662737e-01	1.552217969899904737e-01	7.683612097010675268e-02	2.692176168659379462e-02	8.321954198521286372e-02
1.271366012148608434e+03	2.371058081657729522e-01	1.556778271357536492e-01	2.648475541816368573e-01	1.552896438112029431e-01	7.687910836944773785e-02	2.692176168659379462e-02	8.327829664921500286e-02
1.272817343212705055e+03	2.369194784186926805e-01	1.555582842445853153e-01	2.649841366250593744e-01	1.553573769082042533e-01	7.692202072247247835e-02	2.692176168659379462e-02	8.333694139401498502e-02
1.274268674276801676e+03	2.367334843813790335e-01	1.554389387376818310e-01	2.651204840640214444e-01	1.554249964831816988e-01	7.696485814971223971e-02	2.692176168659379462e-02	8.339547649705277010e-02
1.275720005340898297e+03	2.365478254558168458e-01	1.553197902861747082e-01	2.652565968273072339e-01	1.554925027379625568e-01	7.700762077162007224e-02	2.692176168659379462e-02	8.345390223414764219e-02
1.277171336404994690e+03	2.363625010450227104e-01	1.552008385617238972e-01	2.653924752441823576e-01	1.555598958740146698e-01	7.705030870856929837e-02	2.692176168659379462e-02	8.351221887951607026e-02
1.278622667469091539e+03	2.361775105530435626e-01	1.550820832365174817e-01	2.655281196443796121e-01	1.556271760924471115e-01	7.709292208085198606e-02	2.692176168659379462e-02	8.357042670578930521e-02
1.280073998533187932e+03	2.359928533849551535e-01	1.549635239832710953e-01	2.656635303580840435e-01	1.556943435940107701e-01	7.713546100867724187e-02	2.692176168659379462e-02	8.362852598403072713e-02
1.281525329597284326e+03	2.358085289468608847e-01	1.548451604752272837e-01	2.657987077159189027e-01	1.557613985790990141e-01	7.717792561216986480e-02	2.692176168659379462e-02	8.368651698375305370e-02
1.282976660661381175e+03	2.356245366458901980e-01	1.547269923861550878e-01	2.659336520489314903e-01	1.558283412477483032e-01	7.722031601136872259e-02	2.692176168659379462e-02	8.374439997293518789e-02
1.284427991725477568e+03	2.354408758901973264e-01	1.546090193903494059e-01	2.660683636885791126e-01	1.558951717996387432e-01	7.726263232622537780e-02	2.692176168659379462e-02	8.380217521803898229e-02
1.285879322789574417e+03	2.352575460889597958e-01	1.544912411626304105e-01	2.662028429667154805e-01	1.559618904340948908e-01	7.730487467660256129e-02	2.692176168659379462e-02	8.385984298402576753e-02
1.287330653853671038e+03	2.350745466523770089e-01	1.543736573783431043e-01	2.663370902155772768e-01	1.560284973500861427e-01	7.734704318227282605e-02	2.692176168659379462e-02	8.391740353437258937e-02
1.288781984917767431e+03	2.348918769916688853e-01	1.542562677133565707e-01	2.664711057677706663e-01	1.560949927462274289e-01	7.738913796291704839e-02	2.692176168659379462e-02	8.397485713108832073e-02
1.290233315981864052e+03	2.347095365190744465e-01	1.541390718440636409e-01	2.666048899562582508e-01	1.561613768207799624e-01	7.743115913812315121e-02	2.692176168659379462e-02	8.403220403472951017e-02
