1.001418434226643626e+03	2.877413401314206642e-01	1.722432713729344922e-01	2.339415565061906677e-01	1.411820601879645032e-01	6.926345343444313685e-02	2.683411957438950821e-02	6.879419879264639381e-02
1.003837319333471214e+03	2.873112268469416031e-01	1.719818264690756993e-01	2.342381813041194416e-01	1.413604564726498314e-01	6.933655410688933929e-02	2.686832465608309656e-02	6.890343014423035151e-02
1.006256204440298802e+03	2.868823143410941801e-01	1.717211115085878204e-01	2.345339566173162138e-01	1.415383350927645056e-01	6.940944847306745880e-02	2.690244420551735072e-02	6.901238976164178474e-02
1.008675089547126618e+03	2.864545992553147458e-01	1.714611244495070352e-01	2.348288848307895638e-01	1.417156976990505690e-01	6.948213714807940922e-02	2.693647845686136799e-02	6.912107816038667862e-02
1.011093974653954206e+03	2.860280782404739930e-01	1.712018632556081277e-01	2.351229683228715506e-01	1.418925459359433316e-01	6.955462074497781311e-02	2.697042764363163578e-02	6.922949585648294213e-02
1.013512859760782021e+03	2.856027479568503669e-01	1.709433258963881097e-01	2.354162094652365589e-01	1.420688814416028734e-01	6.962689987477445330e-02	2.700429199869384261e-02	6.933764336644324122e-02
1.015931744867609382e+03	2.851786050741030865e-01	1.706855103470500123e-01	2.357086106229198674e-01	1.422447058479452131e-01	6.969897514644864123e-02	2.703807175426473086e-02	6.944552120725792921e-02
1.018350629974437197e+03	2.847556462712457215e-01	1.704284145884865931e-01	2.360001741543363563e-01	1.424200207806732843e-01	6.977084716695554356e-02	2.707176714191388694e-02	6.955312989637812970e-02
1.020769515081264785e+03	2.843338682366194359e-01	1.701720366072640711e-01	2.362909024112990752e-01	1.425948278593077434e-01	6.984251654123448116e-02	2.710537839256558015e-02	6.966046995169913880e-02
1.023188400188092373e+03	2.839132676678664535e-01	1.699163743956061678e-01	2.365807977390377848e-01	1.427691286972175011e-01	6.991398387221715860e-02	2.713890573650055982e-02	6.976754189154379948e-02
1.025607285294920075e+03	2.834938412719040235e-01	1.696614259513778145e-01	2.368698624762174132e-01	1.429429249016503090e-01	6.998524976083587978e-02	2.717234940335787330e-02	6.987434623464619521e-02
1.028026170401747549e+03	2.830755857648973861e-01	1.694071892780691924e-01	2.371580989549564589e-01	1.431162180737627077e-01	7.005631480603169425e-02	2.720570962213664581e-02	6.998088350013544068e-02
1.030445055508575479e+03	2.826584978722339048e-01	1.691536623847797738e-01	2.374455095008453642e-01	1.432890098086503083e-01	7.012717960476251566e-02	2.723898662119789496e-02	7.008715420751969460e-02
1.032863940615402726e+03	2.822425743284969757e-01	1.689008432862022790e-01	2.377320964329649178e-01	1.434613016953775189e-01	7.019784475201118479e-02	2.727218062826631401e-02	7.019315887667024190e-02
1.035282825722230655e+03	2.818278118774397156e-01	1.686487300026067726e-01	2.380178620639043785e-01	1.436330953170071589e-01	7.026831084079350476e-02	2.730529187043204825e-02	7.029889802780586727e-02
1.037701710829058356e+03	2.814142072719587606e-01	1.683973205598249256e-01	2.383028086997798500e-01	1.438043922506299366e-01	7.033857846216623466e-02	2.733832057415248179e-02	7.040437218147729825e-02
1.040120595935886058e+03	2.810017572740685643e-01	1.681466129892339734e-01	2.385869386402523495e-01	1.439751940673937858e-01	7.040864820523499990e-02	2.737126696525401387e-02	7.050958185855180083e-02
1.042539481042713533e+03	2.805904586548754187e-01	1.678966053277411996e-01	2.388702541785458766e-01	1.441455023325328710e-01	7.047852065716221637e-02	2.740413126893382484e-02	7.061452758019803877e-02
1.044958366149541234e+03	2.801803081945516416e-01	1.676472956177680329e-01	2.391527576014655931e-01	1.443153186053965920e-01	7.054819640317493146e-02	2.743691370976164209e-02	7.071920986787098851e-02
1.047377251256368709e+03	2.797713026823098748e-01	1.673986819072344201e-01	2.394344511894157534e-01	1.444846444394781992e-01	7.061767602657263720e-02	2.746961451168150256e-02	7.082362924329706211e-02
1.049796136363196410e+03	2.793634389163772158e-01	1.671507622495432555e-01	2.397153372164177176e-01	1.446534813824433829e-01	7.068696010873506963e-02	2.750223389801349783e-02	7.092778622845931358e-02
1.052215021470024112e+03	2.789567137039697386e-01	1.669035347035647265e-01	2.399954179501277707e-01	1.448218309761587774e-01	7.075604922912991090e-02	2.753477209145553314e-02	7.103168134558295044e-02
1.054633906576851814e+03	2.785511238612673468e-01	1.666569973336207711e-01	2.402746956518550525e-01	1.449896947567199390e-01	7.082494396532050540e-02	2.756722931408506910e-02	7.113531511712081756e-02
1.057052791683679516e+03	2.781466662133875167e-01	1.664111482094695893e-01	2.405531725765793494e-01	1.451570742544794901e-01	7.089364489297347860e-02	2.759960578736085982e-02	7.123868806573918633e-02
1.059471676790506763e+03	2.777433375943607063e-01	1.661659854062903230e-01	2.408308509729689129e-01	1.453239709940749302e-01	7.096215258586636987e-02	2.763190173212468070e-02	7.134180071430358538e-02
1.061890561897334692e+03	2.773411348471045978e-01	1.659215070046674567e-01	2.411077330833980292e-01	1.454903864944563086e-01	7.103046761589520974e-02	2.766411736860308057e-02	7.144465358586485348e-02
1.064309447004162394e+03	2.769400548233991177e-01	1.656777110905755523e-01	2.413838211439647552e-01	1.456563222689137294e-01	7.109859055308205555e-02	2.769625291640908163e-02	7.154724720364526169e-02
1.066728332110990095e+03	2.765400943838612347e-01	1.654345957553639834e-01	2.416591173845085150e-01	1.458217798251046360e-01	7.116652196558241605e-02	2.772830859454391422e-02	7.164958209102488540e-02
1.069147217217817570e+03	2.761412503979197575e-01	1.651921590957415586e-01	2.419336240286276973e-01	1.459867606650810390e-01	7.123426241969281481e-02	2.776028462139872380e-02	7.175165877152801797e-02
1.071566102324645271e+03	2.757435197437905217e-01	1.649503992137613950e-01	2.422073432936970860e-01	1.461512662853164390e-01	7.130181247985810378e-02	2.779218121475628828e-02	7.185347776880982029e-02
1.073984987431472746e+03	2.753468993084512428e-01	1.647093142168057356e-01	2.424802773908853737e-01	1.463152981767326666e-01	7.136917270867890184e-02	2.782399859179271462e-02	7.195503960664305365e-02
1.076403872538300675e+03	2.749513859876169253e-01	1.644689022175707116e-01	2.427524285251725922e-01	1.464788578247264994e-01	7.143634366691888060e-02	2.785573696907915273e-02	7.205634480890490967e-02
1.078822757645127922e+03	2.745569766857148819e-01	1.642291613340514655e-01	2.430237988953673212e-01	1.466419467091963080e-01	7.150332591351209188e-02	2.788739656258347813e-02	7.215739389956414562e-02
1.081241642751955851e+03	2.741636683158600873e-01	1.639900896895268301e-01	2.432943906941241741e-01	1.468045663045681737e-01	7.157012000557023967e-02	2.791897758767199200e-02	7.225818740266819196e-02
1.083660527858783553e+03	2.737714577998305865e-01	1.637516854125445065e-01	2.435642061079610343e-01	1.469667180798221728e-01	7.163672649838986883e-02	2.795048025911110040e-02	7.235872584233044025e-02
1.086079412965611255e+03	2.733803420680428475e-01	1.635139466369060490e-01	2.438332473172761528e-01	1.471284034985183564e-01	7.170314594545956766e-02	2.798190479106899692e-02	7.245900974271773931e-02
1.088498298072438729e+03	2.729903180595272816e-01	1.632768715016520711e-01	2.441015164963653838e-01	1.472896240188225625e-01	7.176937889846710106e-02	2.801325139711734191e-02	7.255903962803791907e-02
1.090917183179266431e+03	2.726013827219039842e-01	1.630404581510471740e-01	2.443690158134393386e-01	1.474503810935321457e-01	7.183542590730655764e-02	2.804452029023294171e-02	7.265881602252752258e-02
1.093336068286093905e+03	2.722135330113581442e-01	1.628047047345652365e-01	2.446357474306403712e-01	1.476106761701014569e-01	7.190128752008534407e-02	2.807571168279940008e-02	7.275833945043967688e-02
1.095754953392921607e+03	2.718267658926158403e-01	1.625696094068746766e-01	2.449017135040596760e-01	1.477705106906672949e-01	7.196696428313131833e-02	2.810682578660878700e-02	7.285761043603206089e-02
1.098173838499749309e+03	2.714410783389198945e-01	1.623351703278236302e-01	2.451669161837541355e-01	1.479298860920739977e-01	7.203245674099974238e-02	2.813786281286330751e-02	7.295662950355495668e-02
1.100592723606577010e+03	2.710564673320056128e-01	1.621013856624252680e-01	2.454313576137634179e-01	1.480888038058985612e-01	7.209776543648022118e-02	2.816882297217693232e-02	7.305539717723957827e-02
1.103011608713404712e+03	2.706729298620770274e-01	1.618682535808431411e-01	2.456950399321267131e-01	1.482472652584755912e-01	7.216289091060369698e-02	2.819970647457707008e-02	7.315391398128634481e-02
1.105430493820231959e+03	2.702904629277824711e-01	1.616357722583766088e-01	2.459579652708995812e-01	1.484052718709219787e-01	7.222783370264926339e-02	2.823051352950619458e-02	7.325218043985344540e-02
1.107849378927059888e+03	2.699090635361909851e-01	1.614039398754462951e-01	2.462201357561707438e-01	1.485628250591615462e-01	7.229259435015111812e-02	2.826124434582349271e-02	7.335019707704541758e-02
1.110268264033887590e+03	2.695287287027681167e-01	1.611727546175794334e-01	2.464815535080788766e-01	1.487199262339494732e-01	7.235717338890525208e-02	2.829189913180648816e-02	7.344796441690190636e-02
1.112687149140715292e+03	2.691494554513525483e-01	1.609422146753954896e-01	2.467422206408291796e-01	1.488765768008966650e-01	7.242157135297638826e-02	2.832247809515269291e-02	7.354548298338652035e-02
1.115106034247542766e+03	2.687712408141320619e-01	1.607123182445917842e-01	2.470021392627101409e-01	1.490327781604938451e-01	7.248578877470462922e-02	2.835298144298120313e-02	7.364275330037581280e-02
1.117524919354370468e+03	2.683940818316201127e-01	1.604830635259288374e-01	2.472613114761099962e-01	1.491885317081355911e-01	7.254982618471220168e-02	2.838340938183434026e-02	7.373977589164842916e-02
1.119943804461197942e+03	2.680179755526320151e-01	1.602544487252163530e-01	2.475197393775333266e-01	1.493438388341441214e-01	7.261368411191017336e-02	2.841376211767926777e-02	7.383655128087429631e-02
1.122362689568025871e+03	2.676429190342615727e-01	1.600264720532985907e-01	2.477774250576176007e-01	1.494987009237931097e-01	7.267736308350505881e-02	2.844403985590958708e-02	7.393307999160400601e-02
1.124781574674853118e+03	2.672689093418576523e-01	1.597991317260404054e-01	2.480343706011495231e-01	1.496531193573312490e-01	7.274086362500543912e-02	2.847424280134695784e-02	7.402936254725828169e-02
1.127200459781681047e+03	2.668959435490007581e-01	1.595724259643126752e-01	2.482905780870815760e-01	1.498070955100056501e-01	7.280418626022862327e-02	2.850437115824270076e-02	7.412539947111754235e-02
1.129619344888508749e+03	2.665240187374796621e-01	1.593463529939784240e-01	2.485460495885482568e-01	1.499606307520851278e-01	7.286733151130705965e-02	2.853442513027938318e-02	7.422119128631161911e-02
1.132038229995336451e+03	2.661531319972682552e-01	1.591209110458784992e-01	2.488007871728824261e-01	1.501137264488833778e-01	7.293029989869499741e-02	2.856440492057243236e-02	7.431673851580955503e-02
1.134457115102163925e+03	2.657832804265023996e-01	1.588960983558174445e-01	2.490547929016315443e-01	1.502663839607819851e-01	7.299309194117484245e-02	2.859431073167170018e-02	7.441204168240961314e-02
1.136876000208991627e+03	2.654144611314567803e-01	1.586719131645495107e-01	2.493080688305740200e-01	1.504186046432532953e-01	7.305570815586369393e-02	2.862414276556306258e-02	7.450710130872920112e-02
1.139294885315819101e+03	2.650466712265217017e-01	1.584483537177646950e-01	2.495606170097351972e-01	1.505703898468830626e-01	7.311814905821974186e-02	2.865390122366999470e-02	7.460191791719515686e-02
1.141713770422646803e+03	2.646799078341804390e-01	1.582254182660745301e-01	2.498124394834035089e-01	1.507217409173932654e-01	7.318041516204863706e-02	2.868358630685515637e-02	7.469649203003392302e-02
1.144132655529474505e+03	2.643141680849860897e-01	1.580031050649984559e-01	2.500635382901468251e-01	1.508726591956642826e-01	7.324250697950986100e-02	2.871319821542194992e-02	7.479082416926197130e-02
1.146551540636302207e+03	2.639494491175389257e-01	1.577814123749495812e-01	2.503139154628280516e-01	1.510231460177574314e-01	7.330442502112304026e-02	2.874273714911609184e-02	7.488491485667628234e-02
1.148970425743129908e+03	2.635857480784633555e-01	1.575603384612211388e-01	2.505635730286214780e-01	1.511732027149371160e-01	7.336616979577421926e-02	2.877220330712716712e-02	7.497876461384493652e-02
1.151389310849957155e+03	2.632230621223853873e-01	1.573398815939723860e-01	2.508125130090285149e-01	1.513228306136927825e-01	7.342774181072218853e-02	2.880159688809020430e-02	7.507237396209784364e-02
1.153808195956785084e+03	2.628613884119100907e-01	1.571200400482149762e-01	2.510607374198938202e-01	1.514720310357610400e-01	7.348914157160461869e-02	2.883091809008721251e-02	7.516574342251755581e-02
1.156227081063612786e+03	2.625007241175987827e-01	1.569008121037992753e-01	2.513082482714208421e-01	1.516208052981472820e-01	7.355036958244431933e-02	2.886016711064874618e-02	7.525887351593010810e-02
1.158645966170440488e+03	2.621410664179466554e-01	1.566821960454004847e-01	2.515550475681878617e-01	1.517691547131474195e-01	7.361142634565538689e-02	2.888934414675542808e-02	7.535176476289615066e-02
1.161064851277267962e+03	2.617824124993603507e-01	1.564641901625050402e-01	2.518011373091636473e-01	1.519170805883694186e-01	7.367231236204935252e-02	2.891844939483950716e-02	7.544441768370199752e-02
1.163483736384095664e+03	2.614247595561355331e-01	1.562467927493971509e-01	2.520465194877233306e-01	1.520645842267547565e-01	7.373302813084123275e-02	2.894748305078639547e-02	7.553683279835089748e-02
1.165902621490923138e+03	2.610681047904345742e-01	1.560300021051449770e-01	2.522911960916638940e-01	1.522116669265995981e-01	7.379357414965571904e-02	2.897644530993617393e-02	7.562901062655433271e-02
1.168321506597751068e+03	2.607124454122643487e-01	1.558138165335872238e-01	2.525351691032199364e-01	1.523583299815760572e-01	7.385395091453310357e-02	2.900533636708515356e-02	7.572095168772347007e-02
1.170740391704578315e+03	2.603577786394539184e-01	1.555982343433196524e-01	2.527784404990790490e-01	1.525045746807531799e-01	7.391415891993534382e-02	2.903415641648737777e-02	7.581265650096068176e-02
1.173159276811406244e+03	2.600041016976327168e-01	1.553832538476815073e-01	2.530210122503977477e-01	1.526504023086178718e-01	7.397419865875203004e-02	2.906290565185614891e-02	7.590412558505117702e-02
1.175578161918233945e+03	2.596514118202080668e-01	1.551688733647421936e-01	2.532628863228166272e-01	1.527958141450956320e-01	7.403407062230639435e-02	2.909158426636553746e-02	7.599535945845471707e-02
1.177997047025061647e+03	2.592997062483435866e-01	1.549550912172878436e-01	2.535040646764759042e-01	1.529408114655712858e-01	7.409377530036118098e-02	2.912019245265189474e-02	7.608635863929748278e-02
1.180415932131889122e+03	2.589489822309369305e-01	1.547419057328079661e-01	2.537445492660309609e-01	1.530853955409094691e-01	7.415331318112455827e-02	2.914873040281535516e-02	7.617712364536394221e-02
1.182834817238716823e+03	2.585992370245981387e-01	1.545293152434821793e-01	2.539843420406675545e-01	1.532295676374750837e-01	7.421268475125597508e-02	2.917719830842134543e-02	7.626765499408889870e-02
1.185253702345544298e+03	2.582504678936278220e-01	1.543173180861669436e-01	2.542234449441171384e-01	1.533733290171535590e-01	7.427189049587201719e-02	2.920559636050206950e-02	7.635795320254958052e-02
1.187672587452371999e+03	2.579026721099953456e-01	1.541059126023821835e-01	2.544618599146724058e-01	1.535166809373710306e-01	7.433093089855224989e-02	2.923392474955802123e-02	7.644801878745788315e-02
1.190091472559199701e+03	2.575558469533171246e-01	1.538950971382983535e-01	2.546995888852022771e-01	1.536596246511144070e-01	7.438980644134490783e-02	2.926218366555944847e-02	7.653785226515263940e-02
1.192510357666027403e+03	2.572099897108351407e-01	1.536848700447230320e-01	2.549366337831669438e-01	1.538021614069514098e-01	7.444851760477273761e-02	2.929037329794785538e-02	7.662745415159202822e-02
1.194929242772855105e+03	2.568650976773952377e-01	1.534752296770879598e-01	2.551729965306335224e-01	1.539442924490501963e-01	7.450706486783870153e-02	2.931849383563747691e-02	7.671682496234603910e-02
1.197348127879682352e+03	2.565211681554258050e-01	1.532661743954359113e-01	2.554086790442907651e-01	1.540860190171992328e-01	7.456544870803165359e-02	2.934654546701675679e-02	7.680596521258900578e-02
1.199767012986510281e+03	2.561781984549162394e-01	1.530577025644076217e-01	2.556436832354641586e-01	1.542273423468268623e-01	7.462366960133200167e-02	2.937452837994981858e-02	7.689487541709237595e-02
1.202185898093337983e+03	2.558361858933955180e-01	1.528498125532289087e-01	2.558780110101313010e-01	1.543682636690207055e-01	7.468172802221741124e-02	2.940244276177792632e-02	7.698355609021735602e-02
1.204604783200165684e+03	2.554951277959111033e-01	1.526425027356975439e-01	2.561116642689362788e-01	1.545087842105471176e-01	7.473962444366832880e-02	2.943028879932096595e-02	7.707200774590781955e-02
1.207023668306993159e+03	2.551550214950074613e-01	1.524357714901704020e-01	2.563446449072052102e-01	1.546489051938703396e-01	7.479735933717368557e-02	2.945806667887888863e-02	7.716023089768318799e-02
1.209442553413820860e+03	2.548158643307050775e-01	1.522296171995505543e-01	2.565769548149607893e-01	1.547886278371717883e-01	7.485493317273632374e-02	2.948577658623317138e-02	7.724822605863146396e-02
1.211861438520648335e+03	2.544776536504791409e-01	1.520240382512744459e-01	2.568085958769372734e-01	1.549279533543689580e-01	7.491234641887867252e-02	2.951341870664827075e-02	7.733599374140233407e-02
1.214280323627476264e+03	2.541403868092387830e-01	1.518190330372991004e-01	2.570395699725952499e-01	1.550668829551343497e-01	7.496959954264811876e-02	2.954099322487306611e-02	7.742353445820035485e-02
1.216699208734303511e+03	2.538040611693058723e-01	1.516145999540892964e-01	2.572698789761364013e-01	1.552054178449143729e-01	7.502669300962261367e-02	2.956850032514230647e-02	7.751084872077819432e-02
1.219118093841131440e+03	2.534686741003939203e-01	1.514107374026047448e-01	2.574995247565183276e-01	1.553435592249479413e-01	7.508362728391604346e-02	2.959594019117804328e-02	7.759793704043001228e-02
1.221536978947959142e+03	2.531342229795875420e-01	1.512074437882875988e-01	2.577285091774690895e-01	1.554813082922851808e-01	7.514040282818364169e-02	2.962331300619108071e-02	7.768479992798486833e-02
1.223955864054786844e+03	2.528007051913214731e-01	1.510047175210495474e-01	2.579568340975020857e-01	1.556186662398057474e-01	7.519702010362749878e-02	2.965061895288239116e-02	7.777143789380024097e-02
1.226374749161614318e+03	2.524681181273598085e-01	1.508025570152593531e-01	2.581845013699303748e-01	1.557556342562373408e-01	7.525347957000184940e-02	2.967785821344454469e-02	7.785785144775565769e-02
1.228793634268442020e+03	2.521364591867754634e-01	1.506009606897301956e-01	2.584115128428813857e-01	1.558922135261739672e-01	7.530978168561842934e-02	2.970503096956313496e-02	7.794404109924633894e-02
1.231212519375269494e+03	2.518057257759291900e-01	1.503999269677070982e-01	2.586378703593116279e-01	1.560284052300940361e-01	7.536592690735183231e-02	2.973213740241820516e-02	7.803000735717698089e-02
1.233631404482097196e+03	2.514759153084493160e-01	1.501994542768544383e-01	2.588635757570207918e-01	1.561642105443784845e-01	7.542191569064478351e-02	2.975917769268564619e-02	7.811575072995552427e-02
1.236050289588924898e+03	2.511470252052111496e-01	1.499995410492434289e-01	2.590886308686664030e-01	1.562996306413286796e-01	7.547774848951346871e-02	2.978615202053862612e-02	7.820127172548717309e-02
1.238469174695752372e+03	2.508190528943164410e-01	1.498001857213397403e-01	2.593130375217784223e-01	1.564346666891843762e-01	7.553342575655269675e-02	2.981306056564898138e-02	7.828657085116828840e-02
1.240888059802580301e+03	2.504919958110731759e-01	1.496013867339909542e-01	2.595367975387731230e-01	1.565693198521413976e-01	7.558894794294115926e-02	2.983990350718862886e-02	7.837164861388051795e-02
1.243306944909407548e+03	2.501658513979749254e-01	1.494031425324142959e-01	2.597599127369679128e-01	1.567035912903692318e-01	7.564431549844669034e-02	2.986668102383096754e-02	7.845650551998492594e-02
1.245725830016235477e+03	2.498406171046808344e-01	1.492054515661842828e-01	2.599823849285952670e-01	1.568374821600286850e-01	7.569952887143135967e-02	2.989339329375226284e-02	7.854114207531620595e-02
1.248144715123063179e+03	2.495162903879953320e-01	1.490083122892203737e-01	2.602042159208171612e-01	1.569709936132893113e-01	7.575458850885667672e-02	2.992004049463304130e-02	7.862555878517696328e-02
1.250563600229890881e+03	2.491928687118479258e-01	1.488117231597747003e-01	2.604254075157392267e-01	1.571041267983467604e-01	7.580949485628868389e-02	2.994662280365948878e-02	7.870975615433210837e-02
1.252982485336718355e+03	2.488703495472730232e-01	1.486156826404199105e-01	2.606459615104249061e-01	1.572368828594399304e-01	7.586424835790306354e-02	2.997314039752482784e-02	7.879373468700329175e-02
1.255401370443546057e+03	2.485487303723900587e-01	1.484201891980368171e-01	2.608658796969094418e-01	1.573692629368683427e-01	7.591884945649024496e-02	2.999959345243068121e-02	7.887749488686340849e-02
1.257820255550373531e+03	2.482280086723833989e-01	1.482252413038023797e-01	2.610851638622141979e-01	1.575012681670089343e-01	7.597329859346041436e-02	3.002598214408847693e-02	7.896103725703118581e-02
1.260239140657201460e+03	2.479081819394824138e-01	1.480308374331774923e-01	2.613038157883605384e-01	1.576328996823332940e-01	7.602759620884858016e-02	3.005230664772079105e-02	7.904436230006585407e-02
1.262658025764028707e+03	2.475892476729416314e-01	1.478369760658949927e-01	2.615218372523839263e-01	1.577641586114242600e-01	7.608174274131956905e-02	3.007856713806273188e-02	7.912747051796184539e-02
1.265076910870856636e+03	2.472712033790208652e-01	1.476436556859473948e-01	2.617392300263478577e-01	1.578950460789928789e-01	7.613573862817302196e-02	3.010476378936331049e-02	7.921036241214365892e-02
1.267495795977684338e+03	2.469540465709655075e-01	1.474508747815750365e-01	2.619559958773577391e-01	1.580255632058950310e-01	7.618958430534833459e-02	3.013089677538678332e-02	7.929303848346064276e-02
1.269914681084511813e+03	2.466377747689867395e-01	1.472586318452540899e-01	2.621721365675747095e-01	1.581557111091479173e-01	7.624328020742959788e-02	3.015696626941401573e-02	7.937549923218199799e-02
1.272333566191339514e+03	2.463223855002420193e-01	1.470669253736844873e-01	2.623876538542296855e-01	1.582854909019467404e-01	7.629682676765053850e-02	3.018297244424383505e-02	7.945774515799174098e-02
1.274752451298167216e+03	2.460078762988154866e-01	1.468757538677781804e-01	2.626025494896369605e-01	1.584149036936809141e-01	7.635022441789934833e-02	3.020891547219437673e-02	7.953977675998377683e-02
1.277171336404994690e+03	2.456942447056981726e-01	1.466851158326470395e-01	2.628168252212083056e-01	1.585439505899504387e-01	7.640347358872361105e-02	3.023479552510444091e-02	7.962159453665711151e-02
1.279590221511822392e+03	2.453814882687687937e-01	1.464950097775911397e-01	2.630304827914661248e-01	1.586726326925821107e-01	7.645657470933514555e-02	3.026061277433482119e-02	7.970319898591093910e-02
1.282009106618650094e+03	2.450696045427743219e-01	1.463054342160868548e-01	2.632435239380578329e-01	1.588009510996456486e-01	7.650952820761479367e-02	3.028636739076964041e-02	7.978459060504002054e-02
1.284427991725477568e+03	2.447585910893104177e-01	1.461163876657751437e-01	2.634559503937689007e-01	1.589289069054697634e-01	7.656233451011726365e-02	3.031205954481768980e-02	7.986576989072996513e-02
1.286846876832305497e+03	2.444484454768022785e-01	1.459278686484498377e-01	2.636677638865368434e-01	1.590565012006579515e-01	7.661499404207587627e-02	3.033768940641376130e-02	7.994673733905260926e-02
1.289265761939132744e+03	2.441391652804853485e-01	1.457398756900458170e-01	2.638789661394645991e-01	1.591837350721045097e-01	7.666750722740732493e-02	3.036325714501997286e-02	8.002749344546154775e-02
1.291684647045960673e+03	2.438307480823860840e-01	1.455524073206273528e-01	2.640895588708342956e-01	1.593106096030102448e-01	7.671987448871640802e-02	3.038876292962708336e-02	8.010803870478762356e-02
1.294103532152788375e+03	2.435231914713028856e-01	1.453654620743765336e-01	2.642995437941204617e-01	1.594371258728980445e-01	7.677209624730077508e-02	3.041420692875581450e-02	8.018837361123451468e-02
1.296522417259616077e+03	2.432164930427868910e-01	1.451790384895815800e-01	2.645089226180037945e-01	1.595632849576286705e-01	7.682417292315557589e-02	3.043958931045816912e-02	8.026849865837437648e-02
1.298941302366443551e+03	2.429106503991230459e-01	1.449931351086251874e-01	2.647176970463842594e-01	1.596890879294161070e-01	7.687610493497817887e-02	3.046491024231874623e-02	8.034841433914360898e-02
1.301360187473271253e+03	2.426056611493110637e-01	1.448077504779731461e-01	2.649258687783946353e-01	1.598145358568429375e-01	7.692789270017276471e-02	3.049016989145603151e-02	8.042812114583858252e-02
1.303779072580098727e+03	2.423015229090464961e-01	1.446228831481627675e-01	2.651334395084138928e-01	1.599396298048758602e-01	7.697953663485497533e-02	3.051536842452372625e-02	8.050761957011147441e-02
1.306197957686926657e+03	2.419982333007019148e-01	1.444385316737913372e-01	2.653404109260804056e-01	1.600643708348807592e-01	7.703103715385654915e-02	3.054050600771202398e-02	8.058691010296621660e-02
1.308616842793753904e+03	2.416957899533080378e-01	1.442546946135046526e-01	2.655467847163054396e-01	1.601887600046379145e-01	7.708239467072984519e-02	3.056558280674891506e-02	8.066599323475437400e-02
1.311035727900581833e+03	2.413941905025350221e-01	1.440713705299857539e-01	2.657525625592861429e-01	1.603127983683571289e-01	7.713360959775246439e-02	3.059059898690148424e-02	8.074486945517120318e-02
1.313454613007409534e+03	2.410934325906735898e-01	1.438885579899433775e-01	2.659577461305188684e-01	1.604364869766926882e-01	7.718468234593175992e-02	3.061555471297720127e-02	8.082353925325173882e-02
1.315873498114237009e+03	2.407935138666166541e-01	1.437062555641006323e-01	2.661623371008122185e-01	1.605598268767582104e-01	7.723561332500937515e-02	3.064045014932519767e-02	8.090200311736686634e-02
1.318292383221064711e+03	2.404944319858405011e-01	1.435244618271837858e-01	2.663663371363004240e-01	1.606828191121415506e-01	7.728640294346576789e-02	3.066528545983755391e-02	8.098026153521958870e-02
1.320711268327892412e+03	2.401961846103862763e-01	1.433431753579109125e-01	2.665697478984561108e-01	1.608054647229195666e-01	7.733705160852459570e-02	3.069006080795057961e-02	8.105831499384118233e-02
1.323130153434719887e+03	2.398987694088415279e-01	1.431623947389805973e-01	2.667725710441035125e-01	1.609277647456726912e-01	7.738755972615732337e-02	3.071477635664607297e-02	8.113616397958754722e-02
1.325549038541547588e+03	2.396021840563216931e-01	1.429821185570607500e-01	2.669748082254314592e-01	1.610497202134995864e-01	7.743792770108751111e-02	3.073943226845262180e-02	8.121380897813557098e-02
1.327967923648375290e+03	2.393064262344518633e-01	1.428023454027774475e-01	2.671764610900064785e-01	1.611713321560316603e-01	7.748815593679539426e-02	3.076402870544683865e-02	8.129125047447950669e-02
1.330386808755202765e+03	2.390114936313482707e-01	1.426230738707037204e-01	2.673775312807854521e-01	1.612926015994474438e-01	7.753824483552211599e-02	3.078856582925464797e-02	8.136848895292746187e-02
1.332805693862030694e+03	2.387173839416000809e-01	1.424443025593484513e-01	2.675780204361289383e-01	1.614135295664869685e-01	7.758819479827425147e-02	3.081304380105254204e-02	8.144552489709788734e-02
1.335224578968857941e+03	2.384240948662511850e-01	1.422660300711452996e-01	2.677779301898134956e-01	1.615341170764660050e-01	7.763800622482810998e-02	3.083746278156882653e-02	8.152235878991616336e-02
1.337643464075685870e+03	2.381316241127819644e-01	1.420882550124416277e-01	2.679772621710450609e-01	1.616543651452903296e-01	7.768767951373403702e-02	3.086182293108488336e-02	8.159899111361124113e-02
1.340062349182513572e+03	2.378399693950911387e-01	1.419109759934873982e-01	2.681760180044712727e-01	1.617742747854697682e-01	7.773721506232082745e-02	3.088612440943641624e-02	8.167542234971229831e-02
1.342481234289341273e+03	2.375491284334777797e-01	1.417341916284243497e-01	2.683741993101946277e-01	1.618938470061322410e-01	7.778661326669993048e-02	3.091036737601471004e-02	8.175165297904547768e-02
1.344900119396168748e+03	2.372590989546232709e-01	1.415579005352748387e-01	2.685718077037850260e-01	1.620130828130377232e-01	7.783587452176983501e-02	3.093455198976785211e-02	8.182768348173062589e-02
1.347319004502996449e+03	2.369698786915732380e-01	1.413821013359310430e-01	2.687688447962922611e-01	1.621319832085922064e-01	7.788499922122023300e-02	3.095867840920198469e-02	8.190351433717822649e-02
1.349737889609823924e+03	2.366814653837197302e-01	1.412067926561439424e-01	2.689653121942590652e-01	1.622505491918613818e-01	7.793398775753634933e-02	3.098274679238254350e-02	8.197914602408618023e-02
1.352156774716651853e+03	2.363938567767833177e-01	1.410319731255125497e-01	2.691612114997334881e-01	1.623687817585844906e-01	7.798284052200309124e-02	3.100675729693548599e-02	8.205457902043677976e-02
1.354575659823479100e+03	2.361070506227953003e-01	1.408576413774730307e-01	2.693565443102814427e-01	1.624866819011879238e-01	7.803155790470935049e-02	3.103071008004850903e-02	8.212981380349367033e-02
1.356994544930307029e+03	2.358210446800798055e-01	1.406837960492878514e-01	2.695513122189994171e-01	1.626042506087988504e-01	7.808014029455209726e-02	3.105460529847229798e-02	8.220485084979890777e-02
1.359413430037134731e+03	2.355358367132362185e-01	1.405104357820350924e-01	2.697455168145268534e-01	1.627214888672586790e-01	7.812858807924061288e-02	3.107844310852172706e-02	8.227969063517000248e-02
1.361832315143962205e+03	2.352514244931215304e-01	1.403375592205976519e-01	2.699391596810586380e-01	1.628383976591365467e-01	7.817690164530061159e-02	3.110222366607709107e-02	8.235433363469711610e-02
1.364251200250789907e+03	2.349678057968325740e-01	1.401651650136524208e-01	2.701322423983576471e-01	1.629549779637426976e-01	7.822508137807840378e-02	3.112594712658530924e-02	8.242878032274013334e-02
1.366670085357617609e+03	2.346849784076885659e-01	1.399932518136597914e-01	2.703247665417670698e-01	1.630712307571416664e-01	7.827312766174497616e-02	3.114961364506115341e-02	8.250303117292595578e-02
1.369088970464445310e+03	2.344029401152135650e-01	1.398218182768528606e-01	2.705167336822226765e-01	1.631871570121657400e-01	7.832104087930011338e-02	3.117322337608844154e-02	8.257708665814575411e-02
1.371507855571272785e+03	2.341216887151190140e-01	1.396508630632268544e-01	2.707081453862653642e-01	1.633027576984278917e-01	7.836882141257645040e-02	3.119677647382124511e-02	8.265094725055227576e-02
1.373926740678100487e+03	2.338412220092863647e-01	1.394803848365285259e-01	2.708990032160533690e-01	1.634180337823349649e-01	7.841646964224359417e-02	3.122027309198509293e-02	8.272461342155722208e-02
1.376345625784927961e+03	2.335615378057496194e-01	1.393103822642456635e-01	2.710893087293743120e-01	1.635329862271006907e-01	7.846398594781209268e-02	3.124371338387817859e-02	8.279808564182863928e-02
1.378764510891755890e+03	2.332826339186780118e-01	1.391408540175963493e-01	2.712790634796578559e-01	1.636476159927585938e-01	7.851137070763748727e-02	3.126709750237253310e-02	8.287136438128833715e-02
1.381183395998583137e+03	2.330045081683589092e-01	1.389717987715186898e-01	2.714682690159876954e-01	1.637619240361749273e-01	7.855862429892435106e-02	3.129042559991524614e-02	8.294445010910948823e-02
1.383602281105411066e+03	2.327271583811803823e-01	1.388032152046601853e-01	2.716569268831134365e-01	1.638759113110614674e-01	7.860574709773024416e-02	3.131369782852961442e-02	8.301734329371401877e-02
1.386021166212238768e+03	2.324505823896141354e-01	1.386351019993673217e-01	2.718450386214632530e-01	1.639895787679881700e-01	7.865273947896966877e-02	3.133691433981637686e-02	8.309004440277034664e-02
1.388440051319066470e+03	2.321747780321984644e-01	1.384674578416752733e-01	2.720326057671555997e-01	1.641029273543960498e-01	7.869960181641813546e-02	3.136007528495484559e-02	8.316255390319091112e-02
1.390858936425893944e+03	2.318997431535209930e-01	1.383002814212973830e-01	2.722196298520114799e-01	1.642159580146095310e-01	7.874633448271593783e-02	3.138318081470411330e-02	8.323487226112984139e-02
1.393277821532721646e+03	2.316254756042018248e-01	1.381335714316147545e-01	2.724061124035663251e-01	1.643286716898492428e-01	7.879293784937220491e-02	3.140623107940423292e-02	8.330699994198072222e-02
1.395696706639549120e+03	2.313519732408765017e-01	1.379673265696660933e-01	2.725920549450820962e-01	1.644410693182442318e-01	7.883941228676873136e-02	3.142922622897736246e-02	8.337893741037431805e-02
1.398115591746377049e+03	2.310792339261791006e-01	1.378015455361373265e-01	2.727774589955591078e-01	1.645531518348446465e-01	7.888575816416390496e-02	3.145216641292895160e-02	8.345068513017635248e-02
1.400534476853204296e+03	2.308072555287253025e-01	1.376362270353513051e-01	2.729623260697480736e-01	1.646649201716338939e-01	7.893197584969653680e-02	3.147505178034891438e-02	8.352224356448538500e-02
1.402953361960032225e+03	2.305360359230956280e-01	1.374713697752576735e-01	2.731466576781620414e-01	1.647763752575408802e-01	7.897806571038978873e-02	3.149788247991277407e-02	8.359361317563064608e-02
1.405372247066859927e+03	2.302655729898186454e-01	1.373069724674225167e-01	2.733304553270881065e-01	1.648875180184524447e-01	7.902402811215490652e-02	3.152065865988281507e-02	8.366479442516998322e-02
1.407791132173687402e+03	2.299958646153541786e-01	1.371430338270183125e-01	2.735137205185992904e-01	1.649983493772253507e-01	7.906986341979513333e-02	3.154338046810926943e-02	8.373578777388784866e-02
1.410210017280515103e+03	2.297269086920767645e-01	1.369795525728136620e-01	2.736964547505664758e-01	1.651088702536984143e-01	7.911557199700947063e-02	3.156604805203144098e-02	8.380659368179321778e-02
1.412628902387342805e+03	2.294587031182588610e-01	1.368165274271632981e-01	2.738786595166698423e-01	1.652190815647044952e-01	7.916115420639645295e-02	3.158866155867885717e-02	8.387721260811768775e-02
1.415047787494170507e+03	2.291912457980543050e-01	1.366539571159978705e-01	2.740603363064109121e-01	1.653289842240824592e-01	7.920661040945797815e-02	3.161122113467242783e-02	8.394764501131352086e-02
1.417466672600997981e+03	2.289245346414818527e-01	1.364918403688139825e-01	2.742414866051241518e-01	1.654385791426891683e-01	7.925194096660295728e-02	3.163372692622557630e-02	8.401789134905181256e-02
1.419885557707825683e+03	2.286585675644084992e-01	1.363301759186641426e-01	2.744221118939885740e-01	1.655478672284111386e-01	7.929714623715118649e-02	3.165617907914538426e-02	8.408795207822057638e-02
1.422304442814653157e+03	2.283933424885332963e-01	1.361689625021466621e-01	2.746022136500392841e-01	1.656568493861765856e-01	7.934222657933695522e-02	3.167857773883372280e-02	8.415782765492299533e-02
1.424723327921481086e+03	2.281288573413707277e-01	1.360081988593957181e-01	2.747817933461793038e-01	1.657655265179668880e-01	7.938718235031282100e-02	3.170092305028838348e-02	8.422751853447559001e-02
1.427142213028308333e+03	2.278651100562344156e-01	1.358478837340715839e-01	2.749608524511910623e-01	1.658738995228283830e-01	7.943201390615325930e-02	3.172321515810422321e-02	8.429702517140652551e-02
1.429561098135136262e+03	2.276020985722209122e-01	1.356880158733503872e-01	2.751393924297476645e-01	1.659819692968838578e-01	7.947672160185838275e-02	3.174545420647425370e-02	8.436634801945391837e-02
1.431979983241963964e+03	2.273398208341932680e-01	1.355285940279145340e-01	2.753174147424248264e-01	1.660897367333441788e-01	7.952130579135759103e-02	3.176764033919082103e-02	8.443548753156415732e-02
1.434398868348791666e+03	2.270782747927649614e-01	1.353696169519425785e-01	2.754949208457119769e-01	1.661972027225197268e-01	7.956576682751313745e-02	3.178977369964667427e-02	8.450444415989025182e-02
1.436817753455619140e+03	2.268174584042836617e-01	1.352110834030996189e-01	2.756719121920239157e-01	1.663043681518318051e-01	7.961010506212387594e-02	3.181185443083610342e-02	8.457321835579031943e-02
1.439236638562446842e+03	2.265573696308151586e-01	1.350529921425273061e-01	2.758483902297120260e-01	1.664112339058240464e-01	7.965432084592879991e-02	3.183388267535605665e-02	8.464181056982592044e-02
1.441655523669274316e+03	2.262980064401271807e-01	1.348953419348341842e-01	2.760243564030758212e-01	1.665178008661735987e-01	7.969841452861067821e-02	3.185585857540723653e-02	8.471022125176065620e-02
1.444074408776102018e+03	2.260393668056734640e-01	1.347381315480858377e-01	2.761998121523741578e-01	1.666240699117024493e-01	7.974238645879959397e-02	3.187778227279523119e-02	8.477845085055860097e-02
1.446493293882929493e+03	2.257814487065777920e-01	1.345813597537953155e-01	2.763747589138366156e-01	1.667300419183886107e-01	7.978623698407656673e-02	3.189965390893158281e-02	8.484649981438288635e-02
1.448912178989757422e+03	2.255242501276178979e-01	1.344250253269132500e-01	2.765491981196747107e-01	1.668357177593772223e-01	7.982996645097704957e-02	3.192147362483493261e-02	8.491436859059424413e-02
1.451331064096585123e+03	2.252677690592098103e-01	1.342691270458183928e-01	2.767231311980932196e-01	1.669410983049916530e-01	7.987357520499449581e-02	3.194324156113207552e-02	8.498205762574968791e-02
1.453749949203412370e+03	2.250120034973917826e-01	1.341136636923077607e-01	2.768965595733012819e-01	1.670461844227444370e-01	7.991706359058388387e-02	3.196495785805908429e-02	8.504956736560111141e-02
1.456168834310240300e+03	2.247569514438085836e-01	1.339586340515871998e-01	2.770694846655236687e-01	1.671509769773482923e-01	7.996043195116525615e-02	3.198662265546239891e-02	8.511689825509398399e-02
1.458587719417068001e+03	2.245026109056957597e-01	1.338040369122616702e-01	2.772419078910118850e-01	1.672554768307270290e-01	8.000368062912710521e-02	3.200823609279989518e-02	8.518405073836608776e-02
1.461006604523895703e+03	2.242489798958638425e-01	1.336498710663257539e-01	2.774138306620552719e-01	1.673596848420263461e-01	8.004680996582996810e-02	3.202979830914200188e-02	8.525102525874622694e-02
1.463425489630723177e+03	2.239960564326828052e-01	1.334961353091541902e-01	2.775852543869921640e-01	1.674636018676246563e-01	8.008982030160984034e-02	3.205130944317276243e-02	8.531782225875300663e-02
1.465844374737550879e+03	2.237438385400663532e-01	1.333428284394922170e-01	2.777561804702208814e-01	1.675672287611437716e-01	8.013271197578163141e-02	3.207276963319090346e-02	8.538444218009370867e-02
1.468263259844378354e+03	2.234923242474563254e-01	1.331899492594462164e-01	2.779266103122106646e-01	1.676705663734597007e-01	8.017548532664260652e-02	3.209417901711093118e-02	8.545088546366304272e-02
1.470682144951206283e+03	2.232415115898072067e-01	1.330374965744741955e-01	2.780965453095128881e-01	1.677736155527130846e-01	8.021814069147577275e-02	3.211553773246421384e-02	8.551715254954207757e-02
1.473101030058033530e+03	2.229913986075706400e-01	1.328854691933764320e-01	2.782659868547718851e-01	1.678763771443199937e-01	8.026067840655333463e-02	3.213684591640002253e-02	8.558324387699715874e-02
1.475519915164861459e+03	2.227419833466799393e-01	1.327338659282859545e-01	2.784349363367358277e-01	1.679788519909822253e-01	8.030309880714005255e-02	3.215810370568662757e-02	8.564915988447878437e-02
1.477938800271689161e+03	2.224932638585347400e-01	1.325826855946593275e-01	2.786033951402677178e-01	1.680810409326979615e-01	8.034540222749662897e-02	3.217931123671235322e-02	8.571490100962057823e-02
1.480357685378516862e+03	2.222452381999855398e-01	1.324319270112672420e-01	2.787713646463563233e-01	1.681829448067720945e-01	8.038758900088310844e-02	3.220046864548661153e-02	8.578046768923835996e-02
1.482776570485344337e+03	2.219979044333185714e-01	1.322815890001851902e-01	2.789388462321267803e-01	1.682845644478264957e-01	8.042965945956216667e-02	3.222157606764101956e-02	8.584586035932904868e-02
