1.001418434226643626e+03	2.783173608767740559e-01	1.816992230393419394e-01	2.350571764701291921e-01	1.404307778867464607e-01	6.745235448137118506e-02	2.702242762952736244e-02	7.002067961573264776e-02
1.002869765290740247e+03	2.780581890430897096e-01	1.815357103640738989e-01	2.352415585566785261e-01	1.405225075688180947e-01	6.751132650539615199e-02	2.702242762952736244e-02	7.010828033203911347e-02
1.004321096354836754e+03	2.777994792146656899e-01	1.813724685595794472e-01	2.354256873945999307e-01	1.406140819546540244e-01	6.757020781062260395e-02	2.702242762952736244e-02	7.019564743597375700e-02
1.005772427418933376e+03	2.775412305985884842e-01	1.812094971933558007e-01	2.356095627723479302e-01	1.407055013185116998e-01	6.762899804507854773e-02	2.702242762952736244e-02	7.028278244221297655e-02
1.007223758483029997e+03	2.772834424030621858e-01	1.810467958333949468e-01	2.357931844579822245e-01	1.407967659341753663e-01	6.768769689825440694e-02	2.702242762952736244e-02	7.036968684322632284e-02
1.008675089547126618e+03	2.770261138373998344e-01	1.808843640481770931e-01	2.359765522024442896e-01	1.408878760749567582e-01	6.774630409705049983e-02	2.702242762952736244e-02	7.045636211006701954e-02
1.010126420611223239e+03	2.767692441120157554e-01	1.807222014066652005e-01	2.361596657424858137e-01	1.409788320136958761e-01	6.780481940213133052e-02	2.702242762952736244e-02	7.054280969310150473e-02
1.011577751675319632e+03	2.765128324384192315e-01	1.805603074783002915e-01	2.363425248032849924e-01	1.410696340227615697e-01	6.786324260464543512e-02	2.702242762952736244e-02	7.062903102268396072e-02
1.013029082739416367e+03	2.762568780292087856e-01	1.803986818329976483e-01	2.365251291007818002e-01	1.411602823740522039e-01	6.792157352327415909e-02	2.702242762952736244e-02	7.071502750978081453e-02
1.014480413803512761e+03	2.760013800980675724e-01	1.802373240411436206e-01	2.367074783437612406e-01	1.412507773389964638e-01	6.797981200157603154e-02	2.702242762952736244e-02	7.080080054655048249e-02
1.015931744867609382e+03	2.757463378597593273e-01	1.800762336735929892e-01	2.368895722357099443e-01	1.413411191885539653e-01	6.803795790559705181e-02	2.702242762952736244e-02	7.088635150688218922e-02
1.017383075931706003e+03	2.754917505301248681e-01	1.799154103016670780e-01	2.370714104764695684e-01	1.414313081932158100e-01	6.809601112172009030e-02	2.702242762952736244e-02	7.097168174689806597e-02
1.018834406995802851e+03	2.752376173260796532e-01	1.797548534971521450e-01	2.372529927637071212e-01	1.415213446230054739e-01	6.815397155472925628e-02	2.702242762952736244e-02	7.105679260542185904e-02
1.020285738059899245e+03	2.749839374656113944e-01	1.795945628322983822e-01	2.374343187942213607e-01	1.416112287474793063e-01	6.821183912606768041e-02	2.702242762952736244e-02	7.114168540441739852e-02
1.021737069123995752e+03	2.747307101677782804e-01	1.794345378798191393e-01	2.376153882651020344e-01	1.417009608357273076e-01	6.826961377226907490e-02	2.702242762952736244e-02	7.122636144939974157e-02
1.023188400188092373e+03	2.744779346527076447e-01	1.792747782128906731e-01	2.377962008747565303e-01	1.417905411563737395e-01	6.832729544354571027e-02	2.702242762952736244e-02	7.131082202982130802e-02
1.024639731252188767e+03	2.742256101415950775e-01	1.791152834051520093e-01	2.379767563238181782e-01	1.418799699775778189e-01	6.838488410251694627e-02	2.702242762952736244e-02	7.139506841943563109e-02
1.026091062316285615e+03	2.739737358567035930e-01	1.789560530307052200e-01	2.381570543159477749e-01	1.419692475670343290e-01	6.844237972306430051e-02	2.702242762952736244e-02	7.147910187664047177e-02
1.027542393380382237e+03	2.737223110213634070e-01	1.787970866641158951e-01	2.383370945585394640e-01	1.420583741919743959e-01	6.849978228930016233e-02	2.702242762952736244e-02	7.156292364480232315e-02
1.028993724444478858e+03	2.734713348599718263e-01	1.786383838804137258e-01	2.385168767633412679e-01	1.421473501191660438e-01	6.855709179463885528e-02	2.702242762952736244e-02	7.164653495256394222e-02
1.030445055508575479e+03	2.732208065979930267e-01	1.784799442550933923e-01	2.386964006469982635e-01	1.422361756149149448e-01	6.861430824095958447e-02	2.702242762952736244e-02	7.172993701413640788e-02
1.031896386572671872e+03	2.729707254619588852e-01	1.783217673641155909e-01	2.388756659315270092e-01	1.423248509450650845e-01	6.867143163785216498e-02	2.702242762952736244e-02	7.181313102957695427e-02
1.033347717636768493e+03	2.727210906794687584e-01	1.781638527839080888e-01	2.390546723447281308e-01	1.424133763749993176e-01	6.872846200193721833e-02	2.702242762952736244e-02	7.189611818505411978e-02
1.034799048700865114e+03	2.724719014791907035e-01	1.780062000913671116e-01	2.392334196205436747e-01	1.425017521696401446e-01	6.878539935625317681e-02	2.702242762952736244e-02	7.197889965310085014e-02
1.036250379764961508e+03	2.722231570908616449e-01	1.778488088638585651e-01	2.394119074993645013e-01	1.425899785934503505e-01	6.884224372970357275e-02	2.702242762952736244e-02	7.206147659285702667e-02
1.037701710829058356e+03	2.719748567452885957e-01	1.776916786792195890e-01	2.395901357282935462e-01	1.426780559104336710e-01	6.889899515655843742e-02	2.702242762952736244e-02	7.214385015030186366e-02
1.039153041893154750e+03	2.717269996743493232e-01	1.775348091157599451e-01	2.397681040613691694e-01	1.427659843841354581e-01	6.895565367600442475e-02	2.702242762952736244e-02	7.222602145847741018e-02
1.040604372957251599e+03	2.714795851109933489e-01	1.773781997522637377e-01	2.399458122597530607e-01	1.428537642776433192e-01	6.901221933173871947e-02	2.702242762952736244e-02	7.230799163770351701e-02
1.042055704021347992e+03	2.712326122892432800e-01	1.772218501679909686e-01	2.401232600918860316e-01	1.429413958535878659e-01	6.906869217160239993e-02	2.702242762952736244e-02	7.238976179578518466e-02
1.043507035085444613e+03	2.709860804441953097e-01	1.770657599426792850e-01	2.403004473336158298e-01	1.430288793741432418e-01	6.912507224724930011e-02	2.702242762952736244e-02	7.247133302821275047e-02
1.044958366149541234e+03	2.707399888120211040e-01	1.769099286565455342e-01	2.404773737682990020e-01	1.431162151010279826e-01	6.918135961384662413e-02	2.702242762952736244e-02	7.255270641835546985e-02
1.046409697213637855e+03	2.704943366299683571e-01	1.767543558902876788e-01	2.406540391868806916e-01	1.432034032955054603e-01	6.923755432980446822e-02	2.702242762952736244e-02	7.263388303764908849e-02
1.047861028277734476e+03	2.702491231363622903e-01	1.765990412250864061e-01	2.408304433879536188e-01	1.432904442183847715e-01	6.929365645653105810e-02	2.702242762952736244e-02	7.271486394577761359e-02
1.049312359341831097e+03	2.700043475706067064e-01	1.764439842426070160e-01	2.410065861777996032e-01	1.433773381300212646e-01	6.934966605821125951e-02	2.702242762952736244e-02	7.279565019084993649e-02
1.050763690405927491e+03	2.697600091731853778e-01	1.762891845250011136e-01	2.411824673704145439e-01	1.434640852903172059e-01	6.940558320160598871e-02	2.702242762952736244e-02	7.287624280957152867e-02
1.052215021470024112e+03	2.695161071856631008e-01	1.761346416549083860e-01	2.413580867875196878e-01	1.435506859587225847e-01	6.946140795587052441e-02	2.702242762952736244e-02	7.295664282741146089e-02
1.053666352534120733e+03	2.692726408506871394e-01	1.759803552154584894e-01	2.415334442585596042e-01	1.436371403942356129e-01	6.951714039238963971e-02	2.702242762952736244e-02	7.303685125876527295e-02
1.055117683598217127e+03	2.690296094119881132e-01	1.758263247902726589e-01	2.417085396206894998e-01	1.437234488554035294e-01	6.957278058462820769e-02	2.702242762952736244e-02	7.311686910711370779e-02
1.056569014662313975e+03	2.687870121143816626e-01	1.756725499634655963e-01	2.418833727187522098e-01	1.438096116003232117e-01	6.962832860799529622e-02	2.702242762952736244e-02	7.319669736517774028e-02
1.058020345726410369e+03	2.685448482037692264e-01	1.755190303196471902e-01	2.420579434052466672e-01	1.438956288866418132e-01	6.968378453972084996e-02	2.702242762952736244e-02	7.327633701507001163e-02
1.059471676790506763e+03	2.683031169271394289e-01	1.753657654439242097e-01	2.422322515402884069e-01	1.439815009715575134e-01	6.973914845874334967e-02	2.702242762952736244e-02	7.335578902844289151e-02
1.060923007854603611e+03	2.680618175325692465e-01	1.752127549219020808e-01	2.424062969915632970e-01	1.440672281118201004e-01	6.979442044560763003e-02	2.702242762952736244e-02	7.343505436663340380e-02
1.062374338918700232e+03	2.678209492692251725e-01	1.750599983396866344e-01	2.425800796342754140e-01	1.441528105637318036e-01	6.984960058237164870e-02	2.702242762952736244e-02	7.351413398080511308e-02
1.063825669982796853e+03	2.675805113873642727e-01	1.749074952838856611e-01	2.427535993510894219e-01	1.442382485831477379e-01	6.990468895252152648e-02	2.702242762952736244e-02	7.359302881208712455e-02
1.065277001046893474e+03	2.673405031383354058e-01	1.747552453416107154e-01	2.429268560320686221e-01	1.443235424254767918e-01	6.995968564089372066e-02	2.702242762952736244e-02	7.367173979171046105e-02
1.066728332110990095e+03	2.671009237745801124e-01	1.746032481004787251e-01	2.430998495746090060e-01	1.444086923456821270e-01	7.001459073360404017e-02	2.702242762952736244e-02	7.375026784114167844e-02
1.068179663175086489e+03	2.668617725496339466e-01	1.744515031486135459e-01	2.432725798833695330e-01	1.444936985982819833e-01	7.006940431798253099e-02	2.702242762952736244e-02	7.382861387221419103e-02
1.069630994239183110e+03	2.666230487181270870e-01	1.743000100746476266e-01	2.434450468701999937e-01	1.445785614373502892e-01	7.012412648251367675e-02	2.702242762952736244e-02	7.390677878725700201e-02
1.071082325303279504e+03	2.663847515357858353e-01	1.741487684677235637e-01	2.436172504540659589e-01	1.446632811165173560e-01	7.017875731678160922e-02	2.702242762952736244e-02	7.398476347922136598e-02
1.072533656367376352e+03	2.661468802594331717e-01	1.739977779174956829e-01	2.437891905609716192e-01	1.447478578889705714e-01	7.023329691141955156e-02	2.702242762952736244e-02	7.406256883180509232e-02
1.073984987431472746e+03	2.659094341469899758e-01	1.738470380141314553e-01	2.439608671238811255e-01	1.448322920074550102e-01	7.028774535806332768e-02	2.702242762952736244e-02	7.414019571957487786e-02
1.075436318495569594e+03	2.656724124574757484e-01	1.736965483483130512e-01	2.441322800826380424e-01	1.449165837242741006e-01	7.034210274930836893e-02	2.702242762952736244e-02	7.421764500808648857e-02
1.076887649559666215e+03	2.654358144510094997e-01	1.735463085112388948e-01	2.443034293838839688e-01	1.450007332912904567e-01	7.039636917866998189e-02	2.702242762952736244e-02	7.429491755400302599e-02
1.078338980623762609e+03	2.651996393888106929e-01	1.733963180946249683e-01	2.444743149809759653e-01	1.450847409599263782e-01	7.045054474054655846e-02	2.702242762952736244e-02	7.437201420521129258e-02
1.079790311687859230e+03	2.649638865331999660e-01	1.732465766907062832e-01	2.446449368339032315e-01	1.451686069811646274e-01	7.050462953018538093e-02	2.702242762952736244e-02	7.444893580093635277e-02
1.081241642751955851e+03	2.647285551475999643e-01	1.730970838922382127e-01	2.448152949092035346e-01	1.452523316055490676e-01	7.055862364365080019e-02	2.702242762952736244e-02	7.452568317185419289e-02
1.082692973816052472e+03	2.644936444965361177e-01	1.729478392924979901e-01	2.449853891798788874e-01	1.453359150831853297e-01	7.061252717779467614e-02	2.702242762952736244e-02	7.460225714020278509e-02
1.084144304880149093e+03	2.642591538456372513e-01	1.727988424852858751e-01	2.451552196253112548e-01	1.454193576637414775e-01	7.066634023022862199e-02	2.702242762952736244e-02	7.467865851989136106e-02
1.085595635944245487e+03	2.640250824616362513e-01	1.726500930649264576e-01	2.453247862311780658e-01	1.455026595964487579e-01	7.072006289929816392e-02	2.702242762952736244e-02	7.475488811660808974e-02
1.087046967008342108e+03	2.637914296123708979e-01	1.725015906262701015e-01	2.454940889893679756e-01	1.455858211301022387e-01	7.077369528405841326e-02	2.702242762952736244e-02	7.483094672792618696e-02
1.088498298072438729e+03	2.635581945667843651e-01	1.723533347646939440e-01	2.456631278978964883e-01	1.456688425130613918e-01	7.082723748425126531e-02	2.702242762952736244e-02	7.490683514340838733e-02
1.089949629136535123e+03	2.633253765949256642e-01	1.722053250761033105e-01	2.458319029608220796e-01	1.457517239932509534e-01	7.088068960028387488e-02	2.702242762952736244e-02	7.498255414470993141e-02
1.091400960200631971e+03	2.630929749679504770e-01	1.720575611569327978e-01	2.460004141881625417e-01	1.458344658181614795e-01	7.093405173320839474e-02	2.702242762952736244e-02	7.505810450568010939e-02
1.092852291264728365e+03	2.628609889581214887e-01	1.719100426041475227e-01	2.461686615958118274e-01	1.459170682348499837e-01	7.098732398470269933e-02	2.702242762952736244e-02	7.513348699246223672e-02
1.094303622328825213e+03	2.626294178388089984e-01	1.717627690152440378e-01	2.463366452054573386e-01	1.459995314899407426e-01	7.104050645705228817e-02	2.702242762952736244e-02	7.520870236359236682e-02
1.095754953392921607e+03	2.623982608844911968e-01	1.716157399882517476e-01	2.465043650444975476e-01	1.460818558296258785e-01	7.109359925313296635e-02	2.702242762952736244e-02	7.528375137009643558e-02
1.097206284457018228e+03	2.621675173707547768e-01	1.714689551217337404e-01	2.466718211459606735e-01	1.461640414996660531e-01	7.114660247639434387e-02	2.702242762952736244e-02	7.535863475558617075e-02
1.098657615521114849e+03	2.619371865742952110e-01	1.713224140147879271e-01	2.468390135484236081e-01	1.462460887453911895e-01	7.119951623084422310e-02	2.702242762952736244e-02	7.543335325635358579e-02
1.100108946585211470e+03	2.617072677729171404e-01	1.711761162670481229e-01	2.470059422959316187e-01	1.463279978117011104e-01	7.125234062103354138e-02	2.702242762952736244e-02	7.550790760146419700e-02
1.101560277649308091e+03	2.614777602455348182e-01	1.710300614786849360e-01	2.471726074379187454e-01	1.464097689430661486e-01	7.130507575204207693e-02	2.702242762952736244e-02	7.558229851284892220e-02
1.103011608713404712e+03	2.612486632721723878e-01	1.708842492504067945e-01	2.473390090291290866e-01	1.464914023835280077e-01	7.135772172946464043e-02	2.702242762952736244e-02	7.565652670539477209e-02
1.104462939777501106e+03	2.610199761339638269e-01	1.707386791834609174e-01	2.475051471295385552e-01	1.465728983767002336e-01	7.141027865939790498e-02	2.702242762952736244e-02	7.573059288703420933e-02
1.105914270841597499e+03	2.607916981131537248e-01	1.705933508796341758e-01	2.476710218042777190e-01	1.466542571657690475e-01	7.146274664842759694e-02	2.702242762952736244e-02	7.580449775883338348e-02
1.107365601905694348e+03	2.605638284930971715e-01	1.704482639412539524e-01	2.478366331235552222e-01	1.467354789934939285e-01	7.151512580361632510e-02	2.702242762952736244e-02	7.587824201507901989e-02
1.108816932969790741e+03	2.603363665582599795e-01	1.703034179711892249e-01	2.480019811625820969e-01	1.468165641022083356e-01	7.156741623249164574e-02	2.702242762952736244e-02	7.595182634336432315e-02
1.110268264033887590e+03	2.601093115942189060e-01	1.701588125728511758e-01	2.481670660014969054e-01	1.468975127338203457e-01	7.161961804303469681e-02	2.702242762952736244e-02	7.602525142467357611e-02
1.111719595097984211e+03	2.598826628876617639e-01	1.700144473501940812e-01	2.483318877252917167e-01	1.469783251298134030e-01	7.167173134366899845e-02	2.702242762952736244e-02	7.609851793346560089e-02
1.113170926162080832e+03	2.596564197263876439e-01	1.698703219077161430e-01	2.484964464237388870e-01	1.470590015312469301e-01	7.172375624324986432e-02	2.702242762952736244e-02	7.617162653775617909e-02
1.114622257226177226e+03	2.594305813993066367e-01	1.697264358504602111e-01	2.486607421913187288e-01	1.471395421787569380e-01	7.177569285105379893e-02	2.702242762952736244e-02	7.624457789919926454e-02
1.116073588290273847e+03	2.592051471964403331e-01	1.695827887840146708e-01	2.488247751271479569e-01	1.472199473125568592e-01	7.182754127676849176e-02	2.702242762952736244e-02	7.631737267316718309e-02
1.117524919354370468e+03	2.589801164089216012e-01	1.694393803145139987e-01	2.489885453349091060e-01	1.473002171724381859e-01	7.187930163048286691e-02	2.702242762952736244e-02	7.639001150882970825e-02
1.118976250418467089e+03	2.587554883289947538e-01	1.692962100486395394e-01	2.491520529227806147e-01	1.473803519977709975e-01	7.193097402267752127e-02	2.702242762952736244e-02	7.646249504923213758e-02
1.120427581482563710e+03	2.585312622500150481e-01	1.691532775936201438e-01	2.493152980033679633e-01	1.474603520275048762e-01	7.198255856421532928e-02	2.702242762952736244e-02	7.653482393137223116e-02
1.121878912546660331e+03	2.583074374664491857e-01	1.690105825572329190e-01	2.494782806936355624e-01	1.475402175001693239e-01	7.203405536633233908e-02	2.702242762952736244e-02	7.660699878627619253e-02
1.123330243610756725e+03	2.580840132738752013e-01	1.688681245478037551e-01	2.496410011148393615e-01	1.476199486538746497e-01	7.208546454062884912e-02	2.702242762952736244e-02	7.667902023907366416e-02
1.124781574674853118e+03	2.578609889689819079e-01	1.687259031742080750e-01	2.498034593924605973e-01	1.476995457263125533e-01	7.213678619906066514e-02	2.702242762952736244e-02	7.675088890907164063e-02
1.126232905738949967e+03	2.576383638495692296e-01	1.685839180458713060e-01	2.499656556561400955e-01	1.477790089547567354e-01	7.218802045393057920e-02	2.702242762952736244e-02	7.682260540982747965e-02
1.127684236803046360e+03	2.574161372145478688e-01	1.684421687727695183e-01	2.501275900396133789e-01	1.478583385760637026e-01	7.223916741788002915e-02	2.702242762952736244e-02	7.689417034922087224e-02
1.129135567867143209e+03	2.571943083639390282e-01	1.683006549654298967e-01	2.502892626806471066e-01	1.479375348266733781e-01	7.229022720388096623e-02	2.702242762952736244e-02	7.696558432952492479e-02
1.130586898931239830e+03	2.569728765988745778e-01	1.681593762349313792e-01	2.504506737209755696e-01	1.480165979426097678e-01	7.234119992522780596e-02	2.702242762952736244e-02	7.703684794747622799e-02
1.132038229995336451e+03	2.567518412215962220e-01	1.680183321929050733e-01	2.506118233062386014e-01	1.480955281594816542e-01	7.239208569552958716e-02	2.702242762952736244e-02	7.710796179434410702e-02
1.133489561059432845e+03	2.565312015354559994e-01	1.678775224515348385e-01	2.507727115859200717e-01	1.481743257124832347e-01	7.244288462870228373e-02	2.702242762952736244e-02	7.717892645599878920e-02
1.134940892123529466e+03	2.563109568449153941e-01	1.677369466235576756e-01	2.509333387132871018e-01	1.482529908363947879e-01	7.249359683896128281e-02	2.702242762952736244e-02	7.724974251297887784e-02
1.136392223187626087e+03	2.560911064555453920e-01	1.675966043222642532e-01	2.510937048453302789e-01	1.483315237655834506e-01	7.254422244081393245e-02	2.702242762952736244e-02	7.732041054055774354e-02
1.137843554251722708e+03	2.558716496740261470e-01	1.674564951614992692e-01	2.512538101427044257e-01	1.484099247340037453e-01	7.259476154905231127e-02	2.702242762952736244e-02	7.739093110880915227e-02
1.139294885315819101e+03	2.556525858081464264e-01	1.673166187556618667e-01	2.514136547696704249e-01	1.484881939751983571e-01	7.264521427874602588e-02	2.702242762952736244e-02	7.746130478267199138e-02
1.140746216379915950e+03	2.554339141668034441e-01	1.671769747197061340e-01	2.515732388940373765e-01	1.485663317222987445e-01	7.269558074523525815e-02	2.702242762952736244e-02	7.753153212201413513e-02
1.142197547444012343e+03	2.552156340600025830e-01	1.670375626691412707e-01	2.517325626871060873e-01	1.486443382080258335e-01	7.274586106412379849e-02	2.702242762952736244e-02	7.760161368169549156e-02
1.143648878508108737e+03	2.549977447988568957e-01	1.668983822200321987e-01	2.518916263236128383e-01	1.487222136646907111e-01	7.279605535127230131e-02	2.702242762952736244e-02	7.767155001163017491e-02
1.145100209572205586e+03	2.547802456955864381e-01	1.667594329889997562e-01	2.520504299816741511e-01	1.487999583241952639e-01	7.284616372279162366e-02	2.702242762952736244e-02	7.774134165684794262e-02
1.146551540636302207e+03	2.545631360635183249e-01	1.666207145932210032e-01	2.522089738427321093e-01	1.488775724180328164e-01	7.289618629503623326e-02	2.702242762952736244e-02	7.781098915755470247e-02
1.148002871700398828e+03	2.543464152170860082e-01	1.664822266504296100e-01	2.523672580915006791e-01	1.489550561772888526e-01	7.294612318459776923e-02	2.702242762952736244e-02	7.788049304919233973e-02
1.149454202764495449e+03	2.541300824718286666e-01	1.663439687789161070e-01	2.525252829159124190e-01	1.490324098326417102e-01	7.299597450829871381e-02	2.702242762952736244e-02	7.794985386249768389e-02
1.150905533828591842e+03	2.539141371443910944e-01	1.662059405975281068e-01	2.526830485070661325e-01	1.491096336143631351e-01	7.304574038318610574e-02	2.702242762952736244e-02	7.801907212356073984e-02
1.152356864892688463e+03	2.536985785525228132e-01	1.660681417256706094e-01	2.528405550591752426e-01	1.491867277523190871e-01	7.309542092652540624e-02	2.702242762952736244e-02	7.808814835388208642e-02
1.153808195956785084e+03	2.534834060150779056e-01	1.659305717833063354e-01	2.529978027695166110e-01	1.492636924759702943e-01	7.314501625579443445e-02	2.702242762952736244e-02	7.815708307042963654e-02
1.155259527020881706e+03	2.532686188520141823e-01	1.657932303909556981e-01	2.531547918383802998e-01	1.493405280143729752e-01	7.319452648867746936e-02	2.702242762952736244e-02	7.822587678569452307e-02
1.156710858084978327e+03	2.530542163843927383e-01	1.656561171696973311e-01	2.533115224690199452e-01	1.494172345961795323e-01	7.324395174305929623e-02	2.702242762952736244e-02	7.829453000774636018e-02
1.158162189149074720e+03	2.528401979343772310e-01	1.655192317411679492e-01	2.534679948676036298e-01	1.494938124496391629e-01	7.329329213701946122e-02	2.702242762952736244e-02	7.836304324028768586e-02
1.159613520213171569e+03	2.526265628252336581e-01	1.653825737275628205e-01	2.536242092431658102e-01	1.495702618025984698e-01	7.334254778882660919e-02	2.702242762952736244e-02	7.843141698270776618e-02
1.161064851277267962e+03	2.524133103813292478e-01	1.652461427516356829e-01	2.537801658075592992e-01	1.496465828825023214e-01	7.339171881693286326e-02	2.702242762952736244e-02	7.849965173013563613e-02
1.162516182341364356e+03	2.522004399281322917e-01	1.651099384366990497e-01	2.539358647754085818e-01	1.497227759163943239e-01	7.344080533996830140e-02	2.702242762952736244e-02	7.856774797349248829e-02
1.163967513405461204e+03	2.519879507922112016e-01	1.649739604066242926e-01	2.540913063640632408e-01	1.497988411309175427e-01	7.348980747673551639e-02	2.702242762952736244e-02	7.863570619954331209e-02
1.165418844469557826e+03	2.517758423012338986e-01	1.648382082858416975e-01	2.542464907935521046e-01	1.498747787523151964e-01	7.353872534620425894e-02	2.702242762952736244e-02	7.870352689094792242e-02
1.166870175533654447e+03	2.515641137839672581e-01	1.647026816993406861e-01	2.544014182865383389e-01	1.499505890064313507e-01	7.358755906750620579e-02	2.702242762952736244e-02	7.877121052631132214e-02
1.168321506597751068e+03	2.513527645702762214e-01	1.645673802726697887e-01	2.545560890682747601e-01	1.500262721187113901e-01	7.363630875992970004e-02	2.702242762952736244e-02	7.883875758023328739e-02
1.169772837661847461e+03	2.511417939911232966e-01	1.644323036319367548e-01	2.547105033665599816e-01	1.501018283142029619e-01	7.368497454291468574e-02	2.702242762952736244e-02	7.890616852335750886e-02
1.171224168725944082e+03	2.509312013785676698e-01	1.642974514038086919e-01	2.548646614116949483e-01	1.501772578175564476e-01	7.373355653604761473e-02	2.702242762952736244e-02	7.897344382241984484e-02
1.172675499790040703e+03	2.507209860657645395e-01	1.641628232155119549e-01	2.550185634364404152e-01	1.502525608530256018e-01	7.378205485905653394e-02	2.702242762952736244e-02	7.904058394029614409e-02
1.174126830854137097e+03	2.505111473869643945e-01	1.640284186948323397e-01	2.551722096759745928e-01	1.503277376444683844e-01	7.383046963180615874e-02	2.702242762952736244e-02	7.910758933604931931e-02
1.175578161918233945e+03	2.503016846775121818e-01	1.638942374701150007e-01	2.553256003678516239e-01	1.504027884153474603e-01	7.387880097429304349e-02	2.702242762952736244e-02	7.917446046497587930e-02
1.177029492982330339e+03	2.500925972738465286e-01	1.637602791702644778e-01	2.554787357519606728e-01	1.504777133887309215e-01	7.392704900664083534e-02	2.702242762952736244e-02	7.924119777865178127e-02
1.178480824046426733e+03	2.498838845134990216e-01	1.636265434247446693e-01	2.556316160704852347e-01	1.505525127872929247e-01	7.397521384909561126e-02	2.702242762952736244e-02	7.930780172497775560e-02
1.179932155110523581e+03	2.496755457350932628e-01	1.634930298635788870e-01	2.557842415678635017e-01	1.506271868333143582e-01	7.402329562202125679e-02	2.702242762952736244e-02	7.937427274822400625e-02
1.181383486174620202e+03	2.494675802783442309e-01	1.633597381173498009e-01	2.559366124907486162e-01	1.507017357486835352e-01	7.407129444589487244e-02	2.702242762952736244e-02	7.944061128907423108e-02
1.182834817238716823e+03	2.492599874840572827e-01	1.632266678171992724e-01	2.560887290879703682e-01	1.507761597548967769e-01	7.411921044130236058e-02	2.702242762952736244e-02	7.950681778466928140e-02
1.184286148302813444e+03	2.490527666941273199e-01	1.630938185948284935e-01	2.562405916104963932e-01	1.508504590730591344e-01	7.416704372893398456e-02	2.702242762952736244e-02	7.957289266865003041e-02
1.185737479366910065e+03	2.488459172515380124e-01	1.629611900824978199e-01	2.563922003113947024e-01	1.509246339238849710e-01	7.421479442957999717e-02	2.702242762952736244e-02	7.963883637119981151e-02
1.187188810431006686e+03	2.486394385003609375e-01	1.628287819130266323e-01	2.565435554457964340e-01	1.509986845276987122e-01	7.426246266412639407e-02	2.702242762952736244e-02	7.970464931908624595e-02
1.188640141495103080e+03	2.484333297857545531e-01	1.626965937197933643e-01	2.566946572708588281e-01	1.510726111044354281e-01	7.431004855355066718e-02	2.702242762952736244e-02	7.977033193570254310e-02
1.190091472559199701e+03	2.482275904539633926e-01	1.625646251367353912e-01	2.568455060457291994e-01	1.511464138736414997e-01	7.435755221891762745e-02	2.702242762952736244e-02	7.983588464110827343e-02
1.191542803623296322e+03	2.480222198523172050e-01	1.624328757983487803e-01	2.569961020315092437e-01	1.512200930544752853e-01	7.440497378137536644e-02	2.702242762952736244e-02	7.990130785206955855e-02
1.192994134687392716e+03	2.478172173292298996e-01	1.623013453396883188e-01	2.571464454912195663e-01	1.512936488657077583e-01	7.445231336215110685e-02	2.702242762952736244e-02	7.996660198209877557e-02
1.194445465751489564e+03	2.476125822341986860e-01	1.621700333963673468e-01	2.572965366897650430e-01	1.513670815257231739e-01	7.449957108254734450e-02	2.702242762952736244e-02	8.003176744149377575e-02
1.195896796815585958e+03	2.474083139178031854e-01	1.620389396045575081e-01	2.574463758939006253e-01	1.514403912525197071e-01	7.454674706393783767e-02	2.702242762952736244e-02	8.009680463737645084e-02
1.197348127879682352e+03	2.472044117317043488e-01	1.619080636009887775e-01	2.575959633721972564e-01	1.515135782637101192e-01	7.459384142776377680e-02	2.702242762952736244e-02	8.016171397373100804e-02
1.198799458943779200e+03	2.470008750286436239e-01	1.617774050229491001e-01	2.577452993950086757e-01	1.515866427765223678e-01	7.464085429552998197e-02	2.702242762952736244e-02	8.022649585144155104e-02
1.200250790007875821e+03	2.467977031624418172e-01	1.616469635082843359e-01	2.578943842344384452e-01	1.516595850078003016e-01	7.468778578880111430e-02	2.702242762952736244e-02	8.029115066832928638e-02
1.201702121071972442e+03	2.465948954879982058e-01	1.615167386953980933e-01	2.580432181643075307e-01	1.517324051740042701e-01	7.473463602919799831e-02	2.702242762952736244e-02	8.035567881918917466e-02
1.203153452136069063e+03	2.463924513612895939e-01	1.613867302232514234e-01	2.581918014601223277e-01	1.518051034912117903e-01	7.478140513839399983e-02	2.702242762952736244e-02	8.042008069582616547e-02
1.204604783200165684e+03	2.461903701393691468e-01	1.612569377313627372e-01	2.583401343990429644e-01	1.518776801751181849e-01	7.482809323811140390e-02	2.702242762952736244e-02	8.048435668709089108e-02
1.206056114264262078e+03	2.459886511803655029e-01	1.611273608598074725e-01	2.584882172598522154e-01	1.519501354410372762e-01	7.487470045011787589e-02	2.702242762952736244e-02	8.054850717891495759e-02
1.207507445328358699e+03	2.457872938434816634e-01	1.609979992492179546e-01	2.586360503229249708e-01	1.520224695039019691e-01	7.492122689622300602e-02	2.702242762952736244e-02	8.061253255434572274e-02
1.208958776392455093e+03	2.455862974889940209e-01	1.608688525407831194e-01	2.587836338701977601e-01	1.520946825782648615e-01	7.496767269827483982e-02	2.702242762952736244e-02	8.067643319358067111e-02
1.210410107456551941e+03	2.453856614782512491e-01	1.607399203762483464e-01	2.589309681851388323e-01	1.521667748782990215e-01	7.501403797815651975e-02	2.702242762952736244e-02	8.074020947400128989e-02
1.211861438520648335e+03	2.451853851736732481e-01	1.606112023979150427e-01	2.590780535527189010e-01	1.522387466177984872e-01	7.506032285778295454e-02	2.702242762952736244e-02	8.080386177020654204e-02
1.213312769584745183e+03	2.449854679387501732e-01	1.604826982486406151e-01	2.592248902593820570e-01	1.523105980101790158e-01	7.510652745909750239e-02	2.702242762952736244e-02	8.086739045404586768e-02
1.214764100648841804e+03	2.447859091380411578e-01	1.603544075718379702e-01	2.593714785930169020e-01	1.523823292684786390e-01	7.515265190406877904e-02	2.702242762952736244e-02	8.093079589465176915e-02
1.216215431712937971e+03	2.445867081371734808e-01	1.602263300114753763e-01	2.595178188429285715e-01	1.524539406053583568e-01	7.519869631468745208e-02	2.702242762952736244e-02	8.099407845847202136e-02
1.217666762777034819e+03	2.443878643028412345e-01	1.600984652120761575e-01	2.596639112998107568e-01	1.525254322331027756e-01	7.524466081296306286e-02	2.702242762952736244e-02	8.105723850930134089e-02
1.219118093841131440e+03	2.441893770028043253e-01	1.599708128187183609e-01	2.598097562557180606e-01	1.525968043636207749e-01	7.529054552092098729e-02	2.702242762952736244e-02	8.112027640831279141e-02
1.220569424905228061e+03	2.439912456058874468e-01	1.598433724770345066e-01	2.599553540040392963e-01	1.526680572084460341e-01	7.533635056059935498e-02	2.702242762952736244e-02	8.118319251408864790e-02
1.222020755969324682e+03	2.437934694819788028e-01	1.597161438332112271e-01	2.601007048394703980e-01	1.527391909787378099e-01	7.538207605404607936e-02	2.702242762952736244e-02	8.124598718265095554e-02
1.223472087033421303e+03	2.435960480020290808e-01	1.595891265339889342e-01	2.602458090579883865e-01	1.528102058852814082e-01	7.542772212331587400e-02	2.702242762952736244e-02	8.130866076749158899e-02
1.224923418097517697e+03	2.433989805380502580e-01	1.594623202266615969e-01	2.603906669568249455e-01	1.528811021384890723e-01	7.547328889046735212e-02	2.702242762952736244e-02	8.137121361960208965e-02
1.226374749161614318e+03	2.432022664631144915e-01	1.593357245590763249e-01	2.605352788344412751e-01	1.529518799484003155e-01	7.551877647756012613e-02	2.702242762952736244e-02	8.143364608750286449e-02
1.227826080225710712e+03	2.430059051513529800e-01	1.592093391796329804e-01	2.606796449905023905e-01	1.530225395246827824e-01	7.556418500665200433e-02	2.702242762952736244e-02	8.149595851727227391e-02
1.229277411289807560e+03	2.428098959779547705e-01	1.590831637372839558e-01	2.608237657258525299e-01	1.530930810766328032e-01	7.560951459979622924e-02	2.702242762952736244e-02	8.155815125257515064e-02
1.230728742353903954e+03	2.426142383191655649e-01	1.589571978815336739e-01	2.609676413424905084e-01	1.531635048131759769e-01	7.565476537903870202e-02	2.702242762952736244e-02	8.162022463469099931e-02
1.232180073418000802e+03	2.424189315522865817e-01	1.588314412624384220e-01	2.611112721435452921e-01	1.532338109428679762e-01	7.569993746641530408e-02	2.702242762952736244e-02	8.168217900254184927e-02
1.233631404482097196e+03	2.422239750556734461e-01	1.587058935306057683e-01	2.612546584332523514e-01	1.533039996738949085e-01	7.574503098394920475e-02	2.702242762952736244e-02	8.174401469271976028e-02
1.235082735546193817e+03	2.420293682087348852e-01	1.585805543371943127e-01	2.613978005169298457e-01	1.533740712140741758e-01	7.579004605364825231e-02	2.702242762952736244e-02	8.180573203951389816e-02
1.236534066610290438e+03	2.418351103919315626e-01	1.584554233339132701e-01	2.615406987009556983e-01	1.534440257708550304e-01	7.583498279750246207e-02	2.702242762952736244e-02	8.186733137493734658e-02
1.237985397674387059e+03	2.416412009867749122e-01	1.583305001730220540e-01	2.616833532927443362e-01	1.535138635513192129e-01	7.587984133748132409e-02	2.702242762952736244e-02	8.192881302875351657e-02
1.239436728738483680e+03	2.414476393758259454e-01	1.582057845073299440e-01	2.618257646007244310e-01	1.535835847621815076e-01	7.592462179553144397e-02	2.702242762952736244e-02	8.199017732850216733e-02
1.240888059802580301e+03	2.412544249426938625e-01	1.580812759901955855e-01	2.619679329343161944e-01	1.536531896097904637e-01	7.596932429357400318e-02	2.702242762952736244e-02	8.205142459952524669e-02
1.242339390866676695e+03	2.410615570720351097e-01	1.579569742755267125e-01	2.621098586039100065e-01	1.537226783001290065e-01	7.601394895350235825e-02	2.702242762952736244e-02	8.211255516499219032e-02
1.243790721930773088e+03	2.408690351495519633e-01	1.578328790177796204e-01	2.622515419208441001e-01	1.537920510388149919e-01	7.605849589717965376e-02	2.702242762952736244e-02	8.217356934592508211e-02
1.245242052994869937e+03	2.406768585619913081e-01	1.577089898719587213e-01	2.623929831973836335e-01	1.538613080311019565e-01	7.610296524643643534e-02	2.702242762952736244e-02	8.223446746122334283e-02
1.246693384058966330e+03	2.404850266971434170e-01	1.575853064936162673e-01	2.625341827466995404e-01	1.539304494818796165e-01	7.614735712306834603e-02	2.702242762952736244e-02	8.229524982768818275e-02
1.248144715123063179e+03	2.402935389438408120e-01	1.574618285388517669e-01	2.626751408828476575e-01	1.539994755956745620e-01	7.619167164883389187e-02	2.702242762952736244e-02	8.235591676004669348e-02
1.249596046187159800e+03	2.401023946919568219e-01	1.573385556643115690e-01	2.628158579207483525e-01	1.540683865766508398e-01	7.623590894545211050e-02	2.702242762952736244e-02	8.241646857097567613e-02
1.251047377251256421e+03	2.399115933324044159e-01	1.572154875271885299e-01	2.629563341761662620e-01	1.541371826286106750e-01	7.628006913460040617e-02	2.702242762952736244e-02	8.247690557112506704e-02
1.252498708315352815e+03	2.397211342571350656e-01	1.570926237852214302e-01	2.630965699656903634e-01	1.542058639549949151e-01	7.632415233791238485e-02	2.702242762952736244e-02	8.253722806914116916e-02
1.253950039379449436e+03	2.395310168591372191e-01	1.569699640966945586e-01	2.632365656067145454e-01	1.542744307588838071e-01	7.636815867697567539e-02	2.702242762952736244e-02	8.259743637168950881e-02
1.255401370443546057e+03	2.393412405324352177e-01	1.568475081204372401e-01	2.633763214174180134e-01	1.543428832429975528e-01	7.641208827332982012e-02	2.702242762952736244e-02	8.265753078347745642e-02
1.256852701507642678e+03	2.391518046720879920e-01	1.567252555158234473e-01	2.635158377167463040e-01	1.544112216096969192e-01	7.645594124846422091e-02	2.702242762952736244e-02	8.271751160727647267e-02
1.258304032571739299e+03	2.389627086741876738e-01	1.566032059427711620e-01	2.636551148243924114e-01	1.544794460609839049e-01	7.649971772381605750e-02	2.702242762952736244e-02	8.277737914394413254e-02
1.259755363635835920e+03	2.387739519358584306e-01	1.564813590617420980e-01	2.637941530607783580e-01	1.545475567985023502e-01	7.654341782076830303e-02	2.702242762952736244e-02	8.283713369244585789e-02
1.261206694699932314e+03	2.385855338552551330e-01	1.563597145337410343e-01	2.639329527470368197e-01	1.546155540235384096e-01	7.658704166064773944e-02	2.702242762952736244e-02	8.289677554987628927e-02
1.262658025764028707e+03	2.383974538315620229e-01	1.562382720203154551e-01	2.640715142049930853e-01	1.546834379370213841e-01	7.663058936472297300e-02	2.702242762952736244e-02	8.295630501148050506e-02
1.264109356828125556e+03	2.382097112649914361e-01	1.561170311835549940e-01	2.642098377571473478e-01	1.547512087395242208e-01	7.667406105420254692e-02	2.702242762952736244e-02	8.301572237067487980e-02
1.265560687892221949e+03	2.380223055567824986e-01	1.559959916860909068e-01	2.643479237266571080e-01	1.548188666312641515e-01	7.671745685023302619e-02	2.702242762952736244e-02	8.307502791906772044e-02
1.267012018956318798e+03	2.378352361091997658e-01	1.558751531910956833e-01	2.644857724373199659e-01	1.548864118121032474e-01	7.676077687389715187e-02	2.702242762952736244e-02	8.313422194647958341e-02
1.268463350020415419e+03	2.376485023255320295e-01	1.557545153622824086e-01	2.646233842135564118e-01	1.549538444815491689e-01	7.680402124621198146e-02	2.702242762952736244e-02	8.319330474096336969e-02
1.269914681084511813e+03	2.374621036100908744e-01	1.556340778639043188e-01	2.647607593803932846e-01	1.550211648387556096e-01	7.684719008812709862e-02	2.702242762952736244e-02	8.325227658882415616e-02
1.271366012148608434e+03	2.372760393682094016e-01	1.555138403607542741e-01	2.648978982634470070e-01	1.550883730825230455e-01	7.689028352052286464e-02	2.702242762952736244e-02	8.331113777463873549e-02
1.272817343212705055e+03	2.370903090062408403e-01	1.553938025181642590e-01	2.650348011889074318e-01	1.551554694112992072e-01	7.693330166420864202e-02	2.702242762952736244e-02	8.336988858127496183e-02
1.274268674276801676e+03	2.369049119315572993e-01	1.552739640020047718e-01	2.651714684835215219e-01	1.552224540231798566e-01	7.697624463992107369e-02	2.702242762952736244e-02	8.342852928991079109e-02
1.275720005340898297e+03	2.367198475525483792e-01	1.551543244786844078e-01	2.653079004745778069e-01	1.552893271159092314e-01	7.701911256832240371e-02	2.702242762952736244e-02	8.348706018005308538e-02
1.277171336404994690e+03	2.365351152786198952e-01	1.550348836151492216e-01	2.654440974898903405e-01	1.553560888868807943e-01	7.706190556999877039e-02	2.702242762952736244e-02	8.354548152955625084e-02
1.278622667469091539e+03	2.363507145201924342e-01	1.549156410788822269e-01	2.655800598577836569e-01	1.554227395331377604e-01	7.710462376545866581e-02	2.702242762952736244e-02	8.360379361464050085e-02
1.280073998533187932e+03	2.361666446887001336e-01	1.547965965379029529e-01	2.657157879070773943e-01	1.554892792513736521e-01	7.714726727513121496e-02	2.702242762952736244e-02	8.366199670990999426e-02
1.281525329597284326e+03	2.359829051965891267e-01	1.546777496607666391e-01	2.658512819670711957e-01	1.555557082379329659e-01	7.718983621936466311e-02	2.702242762952736244e-02	8.372009108837066838e-02
1.282976660661381175e+03	2.357994954573163771e-01	1.545591001165640410e-01	2.659865423675302210e-01	1.556220266888118930e-01	7.723233071842476594e-02	2.702242762952736244e-02	8.377807702144791924e-02
1.284427991725477568e+03	2.356164148853482909e-01	1.544406475749205421e-01	2.661215694386704356e-01	1.556882347996587090e-01	7.727475089249327689e-02	2.702242762952736244e-02	8.383595477900393500e-02
1.285879322789574417e+03	2.354336628961592737e-01	1.543223917059957928e-01	2.662563635111442895e-01	1.557543327657744670e-01	7.731709686166644835e-02	2.702242762952736244e-02	8.389372462935497377e-02
1.287330653853671038e+03	2.352512389062303977e-01	1.542043321804830447e-01	2.663909249160263948e-01	1.558203207821136083e-01	7.735936874595354673e-02	2.702242762952736244e-02	8.395138683928821122e-02
1.288781984917767431e+03	2.350691423330481256e-01	1.540864686696087060e-01	2.665252539847998703e-01	1.558861990432845734e-01	7.740156666527533980e-02	2.702242762952736244e-02	8.400894167407857438e-02
1.290233315981864052e+03	2.348873725951027280e-01	1.539688008451316481e-01	2.666593510493424635e-01	1.559519677435504126e-01	7.744369073946272275e-02	2.702242762952736244e-02	8.406638939750521455e-02
