1.001418434226643626e+03	2.783242153392019302e-01	1.816738477374757466e-01	2.350428489003135168e-01	1.403875848720564090e-01	6.744161374898965944e-02	2.711310183831171922e-02	7.001678756327005260e-02
1.002869765290740247e+03	2.780661281786818151e-01	1.815095725202434673e-01	2.352274545147357843e-01	1.404783108150113313e-01	6.750070315005851640e-02	2.711310183831171922e-02	7.010472898257642804e-02
1.004321096354836754e+03	2.778084993802931724e-01	1.813455705547283858e-01	2.354118092487484104e-01	1.405688840247490135e-01	6.755970176103133495e-02	2.711310183831171922e-02	7.019243319175695606e-02
1.005772427418933376e+03	2.775513281612301819e-01	1.811818414039489678e-01	2.355959128357171528e-01	1.406593047699214449e-01	6.761860923594634198e-02	2.711310183831171922e-02	7.027990175454319755e-02
1.007223758483029997e+03	2.772946137397627187e-01	1.810183846314095402e-01	2.357797649902188264e-01	1.407495733187192621e-01	6.767742526935158209e-02	2.711310183831171922e-02	7.036713621184534362e-02
1.008675089547126618e+03	2.770383553352285255e-01	1.808551998010944906e-01	2.359633654112175127e-01	1.408396899388724699e-01	6.773614959235252364e-02	2.711310183831171922e-02	7.045413808254175070e-02
1.010126420611223239e+03	2.767825521680262191e-01	1.806922864774629378e-01	2.361467137849020403e-01	1.409296548976511354e-01	6.779478196905640297e-02	2.711310183831171922e-02	7.054090886420853745e-02
1.011577751675319632e+03	2.765272034596092943e-01	1.805296442254447908e-01	2.363298097872190973e-01	1.410194684618659433e-01	6.785332219337326942e-02	2.711310183831171922e-02	7.062745003379487796e-02
1.013029082739416367e+03	2.762723084324811285e-01	1.803672726104370294e-01	2.365126530861332288e-01	1.411091308978689174e-01	6.791177008613769051e-02	2.711310183831171922e-02	7.071376304824925074e-02
1.014480413803512761e+03	2.760178663101909846e-01	1.802051711983010396e-01	2.366952433436407544e-01	1.411986424715540589e-01	6.797012549251893465e-02	2.711310183831171922e-02	7.079984934510152872e-02
1.015931744867609382e+03	2.757638763173300700e-01	1.800433395553603377e-01	2.368775802175637490e-01	1.412880034483579295e-01	6.802838827969039104e-02	2.711310183831171922e-02	7.088571034300472640e-02
1.017383075931706003e+03	2.755103376795292047e-01	1.798817772483990440e-01	2.370596633631456562e-01	1.413772140932604560e-01	6.808655833473221952e-02	2.711310183831171922e-02	7.097134744224063707e-02
1.018834406995802851e+03	2.752572496234561572e-01	1.797204838446604946e-01	2.372414924344690701e-01	1.414662746707853747e-01	6.814463556274363842e-02	2.711310183831171922e-02	7.105676202519252416e-02
1.020285738059899245e+03	2.750046113768138678e-01	1.795594589118466866e-01	2.374230670857140346e-01	1.415551854450010361e-01	6.820261988514372820e-02	2.711310183831171922e-02	7.114195545678796140e-02
1.021737069123995752e+03	2.747524221683393386e-01	1.793987020181177228e-01	2.376043869722728741e-01	1.416439466795209046e-01	6.826051123814176613e-02	2.711310183831171922e-02	7.122692908491470853e-02
1.023188400188092373e+03	2.745006812278026342e-01	1.792382127320918117e-01	2.377854517517364319e-01	1.417325586375043633e-01	6.831830957136013349e-02	2.711310183831171922e-02	7.131168424081200941e-02
1.024639731252188767e+03	2.742493877860059937e-01	1.790779906228455454e-01	2.379662610847649851e-01	1.418210215816571307e-01	6.837601484659409923e-02	2.711310183831171922e-02	7.139622223943960233e-02
1.026091062316285615e+03	2.739985410747839412e-01	1.789180352599143153e-01	2.381468146358554083e-01	1.419093357742321759e-01	6.843362703669506053e-02	2.711310183831171922e-02	7.148054437982646891e-02
1.027542393380382237e+03	2.737481403270029534e-01	1.787583462132930623e-01	2.383271120740154958e-01	1.419975014770301358e-01	6.849114612456461137e-02	2.711310183831171922e-02	7.156465194540115315e-02
1.028993724444478858e+03	2.734981847765618479e-01	1.785989230534371364e-01	2.385071530733549605e-01	1.420855189514000361e-01	6.854857210224822583e-02	2.711310183831171922e-02	7.164854620430516352e-02
1.030445055508575479e+03	2.732486736583921716e-01	1.784397653512634907e-01	2.386869373136018546e-01	1.421733884582399299e-01	6.860590497011873068e-02	2.711310183831171922e-02	7.173222840969120662e-02
1.031896386572671872e+03	2.729996062084586450e-01	1.782808726781517361e-01	2.388664644805517379e-01	1.422611102579975917e-01	6.866314473614031078e-02	2.711310183831171922e-02	7.181569980000727937e-02
1.033347717636768493e+03	2.727509816637603279e-01	1.781222446059456954e-01	2.390457342664571438e-01	1.423486846106710169e-01	6.872029141520517859e-02	2.711310183831171922e-02	7.189896159926797981e-02
1.034799048700865114e+03	2.725027992623309525e-01	1.779638807069547635e-01	2.392247463703630339e-01	1.424361117758091710e-01	6.877734502853527498e-02	2.711310183831171922e-02	7.198201501731421592e-02
1.036250379764961508e+03	2.722550582432403665e-01	1.778057805539554059e-01	2.394035004983942616e-01	1.425233920125126008e-01	6.883430560314278412e-02	2.711310183831171922e-02	7.206486125006199284e-02
1.037701710829058356e+03	2.720077578465953660e-01	1.776479437201930467e-01	2.395819963639999606e-01	1.426105255794340998e-01	6.889117317134346719e-02	2.711310183831171922e-02	7.214750147974145766e-02
1.039153041893154750e+03	2.717608973135411388e-01	1.774903697793835389e-01	2.397602336881592411e-01	1.426975127347792915e-01	6.894794777031730548e-02	2.711310183831171922e-02	7.222993687512685446e-02
1.040604372957251599e+03	2.715144758862623187e-01	1.773330583057151077e-01	2.399382121995526918e-01	1.427843537363072957e-01	6.900462944171195656e-02	2.711310183831171922e-02	7.231216859175805534e-02
1.042055704021347992e+03	2.712684928079842628e-01	1.771760088738500716e-01	2.401159316347026285e-01	1.428710488413313939e-01	6.906121823128461013e-02	2.711310183831171922e-02	7.239419777215444496e-02
1.043507035085444613e+03	2.710229473229746056e-01	1.770192210589267567e-01	2.402933917380863094e-01	1.429575983067196410e-01	6.911771418857834415e-02	2.711310183831171922e-02	7.247602554602169955e-02
1.044958366149541234e+03	2.707778386765445910e-01	1.768626944365613574e-01	2.404705922622242809e-01	1.430440023888955858e-01	6.917411736662969213e-02	2.711310183831171922e-02	7.255765303045186299e-02
1.046409697213637855e+03	2.705331661150504052e-01	1.767064285828498504e-01	2.406475329677469632e-01	1.431302613438387439e-01	6.923042782170409082e-02	2.711310183831171922e-02	7.263908133011742763e-02
1.047861028277734476e+03	2.702889288858944528e-01	1.765504230743699388e-01	2.408242136234415021e-01	1.432163754270854295e-01	6.928664561305648839e-02	2.711310183831171922e-02	7.272031153745962817e-02
1.049312359341831097e+03	2.700451262375273553e-01	1.763946774881829938e-01	2.410006340062816055e-01	1.433023448937291999e-01	6.934277080271471216e-02	2.711310183831171922e-02	7.280134473287150354e-02
1.050763690405927491e+03	2.698017574194488399e-01	1.762391914018359984e-01	2.411767939014416440e-01	1.433881699984217439e-01	6.939880345528313954e-02	2.711310183831171922e-02	7.288218198487596278e-02
1.052215021470024112e+03	2.695588216822096261e-01	1.760839643933634346e-01	2.413526931022970390e-01	1.434738509953733532e-01	6.945474363776472926e-02	2.711310183831171922e-02	7.296282435029922964e-02
1.053666352534120733e+03	2.693163182774124809e-01	1.759289960412891707e-01	2.415283314104126056e-01	1.435593881383535608e-01	6.951059141939960884e-02	2.711310183831171922e-02	7.304327287443998507e-02
1.055117683598217127e+03	2.690742464577139947e-01	1.757742859246286260e-01	2.417037086355200703e-01	1.436447816806918631e-01	6.956634687151846963e-02	2.711310183831171922e-02	7.312352859123442961e-02
1.056569014662313975e+03	2.688326054768258033e-01	1.756198336228904089e-01	2.418788245954859584e-01	1.437300318752783579e-01	6.962201006740946496e-02	2.711310183831171922e-02	7.320359252341744616e-02
1.058020345726410369e+03	2.685913945895161969e-01	1.754656387160783704e-01	2.420536791162711532e-01	1.438151389745643827e-01	6.967758108219704316e-02	2.711310183831171922e-02	7.328346568268026551e-02
1.059471676790506763e+03	2.683506130516113974e-01	1.753117007846934916e-01	2.422282720318831573e-01	1.439001032305630701e-01	6.973305999273175793e-02	2.711310183831171922e-02	7.336314906982455142e-02
1.060923007854603611e+03	2.681102601199968904e-01	1.751580194097357157e-01	2.424026031843215800e-01	1.439849248948501803e-01	6.978844687748970987e-02	2.711310183831171922e-02	7.344264367491343259e-02
1.062374338918700232e+03	2.678703350526188687e-01	1.750045941727057242e-01	2.425766724235181027e-01	1.440696042185645176e-01	6.984374181648098090e-02	2.711310183831171922e-02	7.352195047741928724e-02
1.063825669982796853e+03	2.676308371084856197e-01	1.748514246556069074e-01	2.427504796072715298e-01	1.441541414524088460e-01	6.989894489116584009e-02	2.711310183831171922e-02	7.360107044636871043e-02
1.065277001046893474e+03	2.673917655476688027e-01	1.746985104409470579e-01	2.429240246011783733e-01	1.442385368466503337e-01	6.995405618437830486e-02	2.711310183831171922e-02	7.368000454048462267e-02
1.066728332110990095e+03	2.671531196313045031e-01	1.745458511117402023e-01	2.430973072785598543e-01	1.443227906511212189e-01	7.000907578025593325e-02	2.711310183831171922e-02	7.375875370832583877e-02
1.068179663175086489e+03	2.669148986215947872e-01	1.743934462515082939e-01	2.432703275203854376e-01	1.444069031152195592e-01	7.006400376417561138e-02	2.711310183831171922e-02	7.383731888842387514e-02
1.069630994239183110e+03	2.666771017818087008e-01	1.742412954442829898e-01	2.434430852151939773e-01	1.444908744879098150e-01	7.011884022269450345e-02	2.711310183831171922e-02	7.391570100941749488e-02
1.071082325303279504e+03	2.664397283762837687e-01	1.740893982746073432e-01	2.436155802590121711e-01	1.445747050177235149e-01	7.017358524349581739e-02	2.711310183831171922e-02	7.399390099018482436e-02
1.072533656367376352e+03	2.662027776704266602e-01	1.739377543275374971e-01	2.437878125552714326e-01	1.446583949527599500e-01	7.022823891533871987e-02	2.711310183831171922e-02	7.407191973997320766e-02
1.073984987431472746e+03	2.659662489307147437e-01	1.737863631886442106e-01	2.439597820147226814e-01	1.447419445406867011e-01	7.028280132801223434e-02	2.711310183831171922e-02	7.414975815852693775e-02
1.075436318495569594e+03	2.657301414246968640e-01	1.736352244440145243e-01	2.441314885553503289e-01	1.448253540287403884e-01	7.033727257229256680e-02	2.711310183831171922e-02	7.422741713621278103e-02
1.076887649559666215e+03	2.654944544209947299e-01	1.734843376802534809e-01	2.443029321022847644e-01	1.449086236637273373e-01	7.039165273990362348e-02	2.711310183831171922e-02	7.430489755414357300e-02
1.078338980623762609e+03	2.652591871893035247e-01	1.733337024844854302e-01	2.444741125877142873e-01	1.449917536920241889e-01	7.044594192348029027e-02	2.711310183831171922e-02	7.438220028429975983e-02
1.079790311687859230e+03	2.650243390003932942e-01	1.731833184443557772e-01	2.446450299507963166e-01	1.450747443595785391e-01	7.050014021653443208e-02	2.711310183831171922e-02	7.445932618964910821e-02
1.081241642751955851e+03	2.647899091261095572e-01	1.730331851480323424e-01	2.448156841375683790e-01	1.451575959119096315e-01	7.055424771342309886e-02	2.711310183831171922e-02	7.453627612426447224e-02
1.082692973816052472e+03	2.645558968393744714e-01	1.728833021842068329e-01	2.449860751008584303e-01	1.452403085941089689e-01	7.060826450931889653e-02	2.711310183831171922e-02	7.461305093343985340e-02
1.084144304880149093e+03	2.643223014141876104e-01	1.727336691420962855e-01	2.451562028001956217e-01	1.453228826508410065e-01	7.066219070018230075e-02	2.711310183831171922e-02	7.468965145380462856e-02
1.085595635944245487e+03	2.640891221256267407e-01	1.725842856114445656e-01	2.453260672017206212e-01	1.454053183263437909e-01	7.071602638273562225e-02	2.711310183831171922e-02	7.476607851343607114e-02
1.087046967008342108e+03	2.638563582498488214e-01	1.724351511825235606e-01	2.454956682780964627e-01	1.454876158644295703e-01	7.076977165443865125e-02	2.711310183831171922e-02	7.484233293197030401e-02
1.088498298072438729e+03	2.636240090640906142e-01	1.722862654461346510e-01	2.456650060084193954e-01	1.455697755084855716e-01	7.082342661346563428e-02	2.711310183831171922e-02	7.491841552071148991e-02
1.089949629136535123e+03	2.633920738466694611e-01	1.721376279936100151e-01	2.458340803781301764e-01	1.456517975014745281e-01	7.087699135868368028e-02	2.711310183831171922e-02	7.499432708273955084e-02
1.091400960200631971e+03	2.631605518769840057e-01	1.719892384168137944e-01	2.460028913789258087e-01	1.457336820859353177e-01	7.093046598963217986e-02	2.711310183831171922e-02	7.507006841301620825e-02
1.092852291264728365e+03	2.629294424355150261e-01	1.718410963081435650e-01	2.461714390086718329e-01	1.458154295039837678e-01	7.098385060650347356e-02	2.711310183831171922e-02	7.514564029848964932e-02
1.094303622328825213e+03	2.626987448038257678e-01	1.716932012605313640e-01	2.463397232713150642e-01	1.458970399973131549e-01	7.103714531012438049e-02	2.711310183831171922e-02	7.522104351819761114e-02
1.095754953392921607e+03	2.624684582645628317e-01	1.715455528674449392e-01	2.465077441767970223e-01	1.459785138071949262e-01	7.109035020193869847e-02	2.711310183831171922e-02	7.529627884336899390e-02
1.097206284457018228e+03	2.622385821014565077e-01	1.713981507228889700e-01	2.466755017409679729e-01	1.460598511744793937e-01	7.114346538399045350e-02	2.711310183831171922e-02	7.537134703752412790e-02
1.098657615521114849e+03	2.620091155993216070e-01	1.712509944214061219e-01	2.468429959855018285e-01	1.461410523395962890e-01	7.119649095890800972e-02	2.711310183831171922e-02	7.544624885657356950e-02
1.100108946585211470e+03	2.617800580440577396e-01	1.711040835580782682e-01	2.470102269378116611e-01	1.462221175425554853e-01	7.124942702988874832e-02	2.711310183831171922e-02	7.552098504891552322e-02
1.101560277649308091e+03	2.615514087226498696e-01	1.709574177285274610e-01	2.471771946309659629e-01	1.463030470229476909e-01	7.130227370068445425e-02	2.711310183831171922e-02	7.559555635553194541e-02
1.103011608713404712e+03	2.613231669231688148e-01	1.708109965289170418e-01	2.473438991036059353e-01	1.463838410199449769e-01	7.135503107558724412e-02	2.711310183831171922e-02	7.566996351008337118e-02
1.104462939777501106e+03	2.610953319347715795e-01	1.706648195559526682e-01	2.475103403998631935e-01	1.464644997723015818e-01	7.140769925941607699e-02	2.711310183831171922e-02	7.574420723900228414e-02
1.105914270841597499e+03	2.608679030477017435e-01	1.705188864068833132e-01	2.476765185692788307e-01	1.465450235183544669e-01	7.146027835750366763e-02	2.711310183831171922e-02	7.581828826158536205e-02
1.107365601905694348e+03	2.606408795532899059e-01	1.703731966795022090e-01	2.478424336667229555e-01	1.466254124960239269e-01	7.151276847568398265e-02	2.711310183831171922e-02	7.589220729008436250e-02
1.108816932969790741e+03	2.604142607439539625e-01	1.702277499721478460e-01	2.480080857523152549e-01	1.467056669428143945e-01	7.156516972028004187e-02	2.711310183831171922e-02	7.596596502979581500e-02
1.110268264033887590e+03	2.601880459131994394e-01	1.700825458837048332e-01	2.481734748913463351e-01	1.467857870958149957e-01	7.161748219809217775e-02	2.711310183831171922e-02	7.603956217914953353e-02
1.111719595097984211e+03	2.599622343556196036e-01	1.699375840136048699e-01	2.483386011542002003e-01	1.468657731917002163e-01	7.166970601638661398e-02	2.711310183831171922e-02	7.611299942979582456e-02
1.113170926162080832e+03	2.597368253668958515e-01	1.697928639618275226e-01	2.485034646162773142e-01	1.469456254667305395e-01	7.172184128288444649e-02	2.711310183831171922e-02	7.618627746669159873e-02
1.114622257226177226e+03	2.595118182437980425e-01	1.696483853289011690e-01	2.486680653579187716e-01	1.470253441567531127e-01	7.177388810575083267e-02	2.711310183831171922e-02	7.625939696818531677e-02
1.116073588290273847e+03	2.592872122841843319e-01	1.695041477159037746e-01	2.488324034643312754e-01	1.471049294972024968e-01	7.182584659358462464e-02	2.711310183831171922e-02	7.633235860610075585e-02
1.117524919354370468e+03	2.590630067870016151e-01	1.693601507244636428e-01	2.489964790255131122e-01	1.471843817231011098e-01	7.187771685540814137e-02	2.711310183831171922e-02	7.640516304581966567e-02
1.118976250418467089e+03	2.588392010522853615e-01	1.692163939567602748e-01	2.491602921361810163e-01	1.472637010690601156e-01	7.192949900065720437e-02	2.711310183831171922e-02	7.647781094636330046e-02
1.120427581482563710e+03	2.586157943811601134e-01	1.690728770155250360e-01	2.493238428956976727e-01	1.473428877692799510e-01	7.198119313917158979e-02	2.711310183831171922e-02	7.655030296047293792e-02
1.121878912546660331e+03	2.583927860758392647e-01	1.689295995040418774e-01	2.494871314080005786e-01	1.474219420575509087e-01	7.203279938118548054e-02	2.711310183831171922e-02	7.662263973468913525e-02
1.123330243610756725e+03	2.581701754396252269e-01	1.687865610261482241e-01	2.496501577815313233e-01	1.475008641672539700e-01	7.208431783731829301e-02	2.711310183831171922e-02	7.669482190943019417e-02
1.124781574674853118e+03	2.579479617769094291e-01	1.686437611862353636e-01	2.498129221291662261e-01	1.475796543313613596e-01	7.213574861856561493e-02	2.711310183831171922e-02	7.676685011906929368e-02
1.126232905738949967e+03	2.577261443931720963e-01	1.685011995892492787e-01	2.499754245681474751e-01	1.476583127824371289e-01	7.218709183629043458e-02	2.711310183831171922e-02	7.683872499201083173e-02
1.127684236803046360e+03	2.575047225949825824e-01	1.683588758406912578e-01	2.501376652200152928e-01	1.477368397526379884e-01	7.223834760221443940e-02	2.711310183831171922e-02	7.691044715076561511e-02
1.129135567867143209e+03	2.572836956899992034e-01	1.682167895466185059e-01	2.502996442105410169e-01	1.478152354737137519e-01	7.228951602840959223e-02	2.711310183831171922e-02	7.698201721202502235e-02
1.130586898931239830e+03	2.570630629869689043e-01	1.680749403136447273e-01	2.504613616696609868e-01	1.478935001770081692e-01	7.234059722728986008e-02	2.711310183831171922e-02	7.705343578673433391e-02
1.132038229995336451e+03	2.568428237957275373e-01	1.679333277489406528e-01	2.506228177314113181e-01	1.479716340934595087e-01	7.239159131160301242e-02	2.711310183831171922e-02	7.712470348016492450e-02
1.133489561059432845e+03	2.566229774271994168e-01	1.677919514602346784e-01	2.507840125338635096e-01	1.480496374536011406e-01	7.244249839442268302e-02	2.711310183831171922e-02	7.719582089198560870e-02
1.134940892123529466e+03	2.564035231933972092e-01	1.676508110558132814e-01	2.509449462190608271e-01	1.481275104875622861e-01	7.249331858914052906e-02	2.711310183831171922e-02	7.726678861633293205e-02
1.136392223187626087e+03	2.561844604074220433e-01	1.675099061445216031e-01	2.511056189329556321e-01	1.482052534250686282e-01	7.254405200945854282e-02	2.711310183831171922e-02	7.733760724188065705e-02
1.137843554251722708e+03	2.559657883834629555e-01	1.673692363357639212e-01	2.512660308253475416e-01	1.482828664954429776e-01	7.259469876938150212e-02	2.711310183831171922e-02	7.740827735190819459e-02
1.139294885315819101e+03	2.557475064367968343e-01	1.672288012395041212e-01	2.514261820498224220e-01	1.483603499276058835e-01	7.264525898320957353e-02	2.711310183831171922e-02	7.747879952436828588e-02
1.140746216379915950e+03	2.555296138837881426e-01	1.670886004662660851e-01	2.515860727636919369e-01	1.484377039500763551e-01	7.269573276553098484e-02	2.711310183831171922e-02	7.754917433195360199e-02
1.142197547444012343e+03	2.553121100418886957e-01	1.669486336271342186e-01	2.517457031279342616e-01	1.485149287909724169e-01	7.274612023121486415e-02	2.711310183831171922e-02	7.761940234216258006e-02
1.143648878508108737e+03	2.550949942296373840e-01	1.668089003337537568e-01	2.519050733071353521e-01	1.485920246780118859e-01	7.279642149540420382e-02	2.711310183831171922e-02	7.768948411736442683e-02
1.145100209572205586e+03	2.548782657666598395e-01	1.666694001983312079e-01	2.520641834694309913e-01	1.486689918385128983e-01	7.284663667350894933e-02	2.711310183831171922e-02	7.775942021486309530e-02
1.146551540636302207e+03	2.546619239736679363e-01	1.665301328336347420e-01	2.522230337864498906e-01	1.487458304993946046e-01	7.289676588119917144e-02	2.711310183831171922e-02	7.782921118696060903e-02
1.148002871700398828e+03	2.544459681724597910e-01	1.663910978529944962e-01	2.523816244332571790e-01	1.488225408871778621e-01	7.294680923439832154e-02	2.711310183831171922e-02	7.789885758101937341e-02
1.149454202764495449e+03	2.542303976859190962e-01	1.662522948703028802e-01	2.525399555882987812e-01	1.488991232279857913e-01	7.299676684927665360e-02	2.711310183831171922e-02	7.796835993952384858e-02
1.150905533828591842e+03	2.540152118380147317e-01	1.661137235000150481e-01	2.526980274333467946e-01	1.489755777475444687e-01	7.304663884224479875e-02	2.711310183831171922e-02	7.803771880014120921e-02
1.152356864892688463e+03	2.538004099538006542e-01	1.659753833571489812e-01	2.528558401534451439e-01	1.490519046711836215e-01	7.309642532994725661e-02	2.711310183831171922e-02	7.810693469578135206e-02
1.153808195956785084e+03	2.535859913594152304e-01	1.658372740572859327e-01	2.530133939368564011e-01	1.491281042238372379e-01	7.314612642925620578e-02	2.711310183831171922e-02	7.817600815465604314e-02
1.155259527020881706e+03	2.533719553820807380e-01	1.656993952165706219e-01	2.531706889750089950e-01	1.492041766300441774e-01	7.319574225726523109e-02	2.711310183831171922e-02	7.824493970033728762e-02
1.156710858084978327e+03	2.531583013501030321e-01	1.655617464517114834e-01	2.533277254624454189e-01	1.492801221139488377e-01	7.324527293128327288e-02	2.711310183831171922e-02	7.831372985181497826e-02
1.158162189149074720e+03	2.529450285928709907e-01	1.654243273799809455e-01	2.534845035967708826e-01	1.493559408993018756e-01	7.329471856882857628e-02	2.711310183831171922e-02	7.838237912355368320e-02
1.159613520213171569e+03	2.527321364408561255e-01	1.652871376192156239e-01	2.536410235786028533e-01	1.494316332094607069e-01	7.334407928762283480e-02	2.711310183831171922e-02	7.845088802554882335e-02
1.161064851277267962e+03	2.525196242256119161e-01	1.651501767878164328e-01	2.537972856115210396e-01	1.495071992673902839e-01	7.339335520558530612e-02	2.711310183831171922e-02	7.851925706338194755e-02
1.162516182341364356e+03	2.523074912797733660e-01	1.650134445047488629e-01	2.539532899020184864e-01	1.495826392956636774e-01	7.344254644082712224e-02	2.711310183831171922e-02	7.858748673827542497e-02
1.163967513405461204e+03	2.520957369370562806e-01	1.648769403895432029e-01	2.541090366594528360e-01	1.496579535164627162e-01	7.349165311164559955e-02	2.711310183831171922e-02	7.865557754714630478e-02
1.165418844469557826e+03	2.518843605322569901e-01	1.647406640622945118e-01	2.542645260959984221e-01	1.497331421515786520e-01	7.354067533651870159e-02	2.711310183831171922e-02	7.872352998265956525e-02
1.166870175533654447e+03	2.516733614012515718e-01	1.646046151436629246e-01	2.544197584265994183e-01	1.498082054224127990e-01	7.358961323409951572e-02	2.711310183831171922e-02	7.879134453328055787e-02
1.168321506597751068e+03	2.514627388809952957e-01	1.644687932548736797e-01	2.545747338689229311e-01	1.498831435499771991e-01	7.363846692321091014e-02	2.711310183831171922e-02	7.885902168332684092e-02
1.169772837661847461e+03	2.512524923095217355e-01	1.643331980177172857e-01	2.547294526433132034e-01	1.499579567548952053e-01	7.368723652284012160e-02	2.711310183831171922e-02	7.892656191301930524e-02
1.171224168725944082e+03	2.510426210259426583e-01	1.641978290545495212e-01	2.548839149727462616e-01	1.500326452574022029e-01	7.373592215213360668e-02	2.711310183831171922e-02	7.899396569853260608e-02
1.172675499790040703e+03	2.508331243704469138e-01	1.640626859882916844e-01	2.550381210827853962e-01	1.501072092773461375e-01	7.378452393039180990e-02	2.711310183831171922e-02	7.906123351204492888e-02
1.174126830854137097e+03	2.506240016843000462e-01	1.639277684424304549e-01	2.551920712015369186e-01	1.501816490341882360e-01	7.383304197706412608e-02	2.711310183831171922e-02	7.912836582178715827e-02
1.175578161918233945e+03	2.504152523098433503e-01	1.637930760410180597e-01	2.553457655596067521e-01	1.502559647470036730e-01	7.388147641174377944e-02	2.711310183831171922e-02	7.919536309209131153e-02
1.177029492982330339e+03	2.502068755904933717e-01	1.636586084086723292e-01	2.554992043900576326e-01	1.503301566344821261e-01	7.392982735416303575e-02	2.711310183831171922e-02	7.926222578343843084e-02
1.178480824046426733e+03	2.499988708707412965e-01	1.635243651705766132e-01	2.556523879283665868e-01	1.504042249149284971e-01	7.397809492418820632e-02	2.711310183831171922e-02	7.932895435250572613e-02
1.179932155110523581e+03	2.497912374961518411e-01	1.633903459524799207e-01	2.558053164123835765e-01	1.504781698062634676e-01	7.402627924181490182e-02	2.711310183831171922e-02	7.939554925221324611e-02
1.181383486174620202e+03	2.495839748133628078e-01	1.632565503806968077e-01	2.559579900822900322e-01	1.505519915260242481e-01	7.407438042716329996e-02	2.711310183831171922e-02	7.946201093176977204e-02
1.182834817238716823e+03	2.493770821700843077e-01	1.631229780821074893e-01	2.561104091805583849e-01	1.506256902913651052e-01	7.412239860047346862e-02	2.711310183831171922e-02	7.952833983671826756e-02
1.184286148302813444e+03	2.491705589150978450e-01	1.629896286841576170e-01	2.562625739519121537e-01	1.506992663190580284e-01	7.417033388210078626e-02	2.711310183831171922e-02	7.959453640898060678e-02
1.185737479366910065e+03	2.489644043982557065e-01	1.628565018148584176e-01	2.564144846432863112e-01	1.507727198254933954e-01	7.421818639251144545e-02	2.711310183831171922e-02	7.966060108690176111e-02
1.187188810431006686e+03	2.487586179704800449e-01	1.627235971027866102e-01	2.565661415037884807e-01	1.508460510266805832e-01	7.426595625227794262e-02	2.711310183831171922e-02	7.972653430529340335e-02
1.188640141495103080e+03	2.485531989837620748e-01	1.625909141770842670e-01	2.567175447846604674e-01	1.509192601382486343e-01	7.431364358207472043e-02	2.711310183831171922e-02	7.979233649547692875e-02
1.190091472559199701e+03	2.483481467911612672e-01	1.624584526674587026e-01	2.568686947392403996e-01	1.509923473754468670e-01	7.436124850267385178e-02	2.711310183831171922e-02	7.985800808532597661e-02
1.191542803623296322e+03	2.481434607468045450e-01	1.623262122041826128e-01	2.570195916229254252e-01	1.510653129531454864e-01	7.440877113494075157e-02	2.711310183831171922e-02	7.992354949930827179e-02
1.192994134687392716e+03	2.479391402058854221e-01	1.621941924180937133e-01	2.571702356931347966e-01	1.511381570858362500e-01	7.445621159982995785e-02	2.711310183831171922e-02	7.998896115852699440e-02
1.194445465751489564e+03	2.477351845246631157e-01	1.620623929405947683e-01	2.573206272092735114e-01	1.512108799876330512e-01	7.450357001838103788e-02	2.711310183831171922e-02	8.005424348076162211e-02
1.195896796815585958e+03	2.475315930604616854e-01	1.619308134036534508e-01	2.574707664326966183e-01	1.512834818722726959e-01	7.455084651171446641e-02	2.711310183831171922e-02	8.011939688050816188e-02
1.197348127879682352e+03	2.473283651716691178e-01	1.617994534398021489e-01	2.576206536266739122e-01	1.513559629531153472e-01	7.459804120102762892e-02	2.711310183831171922e-02	8.018442176901893759e-02
1.198799458943779200e+03	2.471255002177365490e-01	1.616683126821379102e-01	2.577702890563548510e-01	1.514283234431452463e-01	7.464515420759082476e-02	2.711310183831171922e-02	8.024931855434178085e-02
1.200250790007875821e+03	2.469229975591771542e-01	1.615373907643222195e-01	2.579196729887342499e-01	1.515005635549713792e-01	7.469218565274343691e-02	2.711310183831171922e-02	8.031408764135872236e-02
1.201702121071972442e+03	2.467208565575654267e-01	1.614066873205808605e-01	2.580688056926185858e-01	1.515726835008279760e-01	7.473913565789003233e-02	2.711310183831171922e-02	8.037872943182428065e-02
1.203153452136069063e+03	2.465190765755360669e-01	1.612762019857037765e-01	2.582176874385924137e-01	1.516446834925752885e-01	7.478600434449655943e-02	2.711310183831171922e-02	8.044324432440305706e-02
1.204604783200165684e+03	2.463176569767832058e-01	1.611459343950447654e-01	2.583663184989853923e-01	1.517165637417001722e-01	7.483279183408665658e-02	2.711310183831171922e-02	8.050763271470699756e-02
1.206056114264262078e+03	2.461165971260593777e-01	1.610158841845214517e-01	2.585146991478396439e-01	1.517883244593166425e-01	7.487949824823796063e-02	2.711310183831171922e-02	8.057189499533211341e-02
1.207507445328358699e+03	2.459158963891746041e-01	1.608860509906149261e-01	2.586628296608780020e-01	1.518599658561665955e-01	7.492612370857845705e-02	2.711310183831171922e-02	8.063603155589466054e-02
1.208958776392455093e+03	2.457155541329952286e-01	1.607564344503695786e-01	2.588107103154722033e-01	1.519314881426203634e-01	7.497266833678294107e-02	2.711310183831171922e-02	8.070004278306695811e-02
1.210410107456551941e+03	2.455155697254432223e-01	1.606270342013929320e-01	2.589583413906115794e-01	1.520028915286774085e-01	7.501913225456945111e-02	2.711310183831171922e-02	8.076392906061265198e-02
1.211861438520648335e+03	2.453159425354949907e-01	1.604978498818553923e-01	2.591057231668725258e-01	1.520741762239668782e-01	7.506551558369589650e-02	2.711310183831171922e-02	8.082769076942150632e-02
1.213312769584745183e+03	2.451166719331804023e-01	1.603688811304899153e-01	2.592528559263881927e-01	1.521453424377482988e-01	7.511181844595656021e-02	2.711310183831171922e-02	8.089132828754386217e-02
1.214764100648841804e+03	2.449177572895818722e-01	1.602401275865918129e-01	2.593997399528182868e-01	1.522163903789120754e-01	7.515804096317874050e-02	2.711310183831171922e-02	8.095484199022445759e-02
1.216215431712937971e+03	2.447191979768331971e-01	1.601115888900185580e-01	2.595463755313197618e-01	1.522873202559803241e-01	7.520418325721948960e-02	2.711310183831171922e-02	8.101823224993595640e-02
1.217666762777034819e+03	2.445209933681186665e-01	1.599832646811893688e-01	2.596927629485177857e-01	1.523581322771072610e-01	7.525024544996226916e-02	2.711310183831171922e-02	8.108149943641196344e-02
1.219118093841131440e+03	2.443231428376718695e-01	1.598551546010850422e-01	2.598389024924769863e-01	1.524288266500799793e-01	7.529622766331378614e-02	2.711310183831171922e-02	8.114464391667963739e-02
1.220569424905228061e+03	2.441256457607747510e-01	1.597272582912476757e-01	2.599847944526730847e-01	1.524994035823190319e-01	7.534213001920085639e-02	2.711310183831171922e-02	8.120766605509187330e-02
1.222020755969324682e+03	2.439285015137565849e-01	1.595995753937802519e-01	2.601304391199651955e-01	1.525698632808790423e-01	7.538795263956721282e-02	2.711310183831171922e-02	8.127056621335901343e-02
1.223472087033421303e+03	2.437317094739927803e-01	1.594721055513464159e-01	2.602758367865681266e-01	1.526402059524493149e-01	7.543369564637045221e-02	2.711310183831171922e-02	8.133334475058022484e-02
1.224923418097517697e+03	2.435352690199038828e-01	1.593448484071701976e-01	2.604209877460253453e-01	1.527104318033544461e-01	7.547935916157902381e-02	2.711310183831171922e-02	8.139600202327443301e-02
1.226374749161614318e+03	2.433391795309544914e-01	1.592178036050356515e-01	2.605658922931821664e-01	1.527805410395549901e-01	7.552494330716921778e-02	2.711310183831171922e-02	8.145853838541079750e-02
1.227826080225710712e+03	2.431434403876521766e-01	1.590909707892864677e-01	2.607105507241595510e-01	1.528505338666480418e-01	7.557044820512229255e-02	2.711310183831171922e-02	8.152095418843888219e-02
1.229277411289807560e+03	2.429480509715462866e-01	1.589643496048257221e-01	2.608549633363277942e-01	1.529204104898678473e-01	7.561587397742146333e-02	2.711310183831171922e-02	8.158324978131836769e-02
1.230728742353903954e+03	2.427530106652269759e-01	1.588379396971154600e-01	2.609991304282811564e-01	1.529901711140864151e-01	7.566122074604915426e-02	2.711310183831171922e-02	8.164542551054833341e-02
1.232180073418000802e+03	2.425583188523239564e-01	1.587117407121764745e-01	2.611430522998124393e-01	1.530598159438141537e-01	7.570648863298416742e-02	2.711310183831171922e-02	8.170748172019633160e-02
1.233631404482097196e+03	2.423639749175055536e-01	1.585857522965877231e-01	2.612867292518880613e-01	1.531293451832004548e-01	7.575167776019887944e-02	2.711310183831171922e-02	8.176941875192685061e-02
1.235082735546193817e+03	2.421699782464773187e-01	1.584599740974862170e-01	2.614301615866234663e-01	1.531987590360344154e-01	7.579678824965653539e-02	2.711310183831171922e-02	8.183123694502957013e-02
1.236534066610290438e+03	2.419763282259811688e-01	1.583344057625664381e-01	2.615733496072588649e-01	1.532680577057453086e-01	7.584182022330857031e-02	2.711310183831171922e-02	8.189293663644718613e-02
1.237985397674387059e+03	2.417830242437939980e-01	1.582090469400800892e-01	2.617162936181353650e-01	1.533372413954031954e-01	7.588677380309198639e-02	2.711310183831171922e-02	8.195451816080288887e-02
1.239436728738483680e+03	2.415900656887266795e-01	1.580838972788356500e-01	2.618589939246714349e-01	1.534063103077196732e-01	7.593164911092668834e-02	2.711310183831171922e-02	8.201598185042745237e-02
1.240888059802580301e+03	2.413974519506228156e-01	1.579589564281979608e-01	2.620014508333394221e-01	1.534752646450483760e-01	7.597644626871298545e-02	2.711310183831171922e-02	8.207732803538600463e-02
1.242339390866676695e+03	2.412051824203576278e-01	1.578342240380878614e-01	2.621436646516430158e-01	1.535441046093856121e-01	7.602116539832906583e-02	2.711310183831171922e-02	8.213855704350443709e-02
1.243790721930773088e+03	2.410132564898367913e-01	1.577096997589817751e-01	2.622856356880942097e-01	1.536128304023709756e-01	7.606580662162844286e-02	2.711310183831171922e-02	8.219966920039545322e-02
1.245242052994869937e+03	2.408216735519951857e-01	1.575853832419113199e-01	2.624273642521913197e-01	1.536814422252879286e-01	7.611037006043758213e-02	2.711310183831171922e-02	8.226066482948429792e-02
1.246693384058966330e+03	2.406304330007957848e-01	1.574612741384628090e-01	2.625688506543969458e-01	1.537499402790644953e-01	7.615485583655344504e-02	2.711310183831171922e-02	8.232154425203414005e-02
1.248144715123063179e+03	2.404395342312284078e-01	1.573373721007768899e-01	2.627100952061162675e-01	1.538183247642737339e-01	7.619926407174112959e-02	2.711310183831171922e-02	8.238230778717114955e-02
1.249596046187159800e+03	2.402489766393085535e-01	1.572136767815481007e-01	2.628510982196757273e-01	1.538865958811344858e-01	7.624359488773155280e-02	2.711310183831171922e-02	8.244295575190915826e-02
1.251047377251256421e+03	2.400587596220761788e-01	1.570901878340244529e-01	2.629918600083018254e-01	1.539547538295118478e-01	7.628784840621911922e-02	2.711310183831171922e-02	8.250348846117415424e-02
1.252498708315352815e+03	2.398688825775944777e-01	1.569669049120068771e-01	2.631323808861005809e-01	1.540227988089178934e-01	7.633202474885943112e-02	2.711310183831171922e-02	8.256390622782830424e-02
1.253950039379449436e+03	2.396793449049487157e-01	1.568438276698489175e-01	2.632726611680369366e-01	1.540907310185122003e-01	7.637612403726717902e-02	2.711310183831171922e-02	8.262420936269374017e-02
1.255401370443546057e+03	2.394901460042448971e-01	1.567209557624561211e-01	2.634127011699144427e-01	1.541585506571024333e-01	7.642014639301376866e-02	2.711310183831171922e-02	8.268439817457602647e-02
1.256852701507642678e+03	2.393012852766087106e-01	1.565982888452857325e-01	2.635525012083556051e-01	1.542262579231450381e-01	7.646409193762530865e-02	2.711310183831171922e-02	8.274447297028732218e-02
1.258304032571739299e+03	2.391127621241841139e-01	1.564758265743461108e-01	2.636920616007821239e-01	1.542938530147457410e-01	7.650796079258039006e-02	2.711310183831171922e-02	8.280443405466920981e-02
1.259755363635835920e+03	2.389245759501321953e-01	1.563535686061963415e-01	2.638313826653955751e-01	1.543613361296602704e-01	7.655175307930804640e-02	2.711310183831171922e-02	8.286428173061528846e-02
1.261206694699932314e+03	2.387367261586299250e-01	1.562315145979456532e-01	2.639704647211582045e-01	1.544287074652948566e-01	7.659546891918564415e-02	2.711310183831171922e-02	8.292401629909340599e-02
1.262658025764028707e+03	2.385492121548689060e-01	1.561096642072530294e-01	2.641093080877743859e-01	1.544959672187068700e-01	7.663910843353688440e-02	2.711310183831171922e-02	8.298363805916762759e-02
1.264109356828125556e+03	2.383620333450540141e-01	1.559880170923266807e-01	2.642479130856718594e-01	1.545631155866054041e-01	7.668267174362979055e-02	2.711310183831171922e-02	8.304314730801996836e-02
1.265560687892221949e+03	2.381751891364023432e-01	1.558665729119234900e-01	2.643862800359835785e-01	1.546301527653518304e-01	7.672615897067476542e-02	2.711310183831171922e-02	8.310254434097176512e-02
1.267012018956318798e+03	2.379886789371417344e-01	1.557453313253486238e-01	2.645244092605295583e-01	1.546970789509604927e-01	7.676957023582259287e-02	2.711310183831171922e-02	8.316182945150475680e-02
1.268463350020415419e+03	2.378025021565096375e-01	1.556242919924549495e-01	2.646623010817992228e-01	1.547638943390992894e-01	7.681290566016260590e-02	2.711310183831171922e-02	8.322100293128202597e-02
1.269914681084511813e+03	2.376166582047518072e-01	1.555034545736425633e-01	2.647999558229339745e-01	1.548305991250901736e-01	7.685616536472075766e-02	2.711310183831171922e-02	8.328006507016851023e-02
1.271366012148608434e+03	2.374311464931209426e-01	1.553828187298582353e-01	2.649373738077095974e-01	1.548971935039098191e-01	7.689934947045778957e-02	2.711310183831171922e-02	8.333901615625136095e-02
1.272817343212705055e+03	2.372459664338756324e-01	1.552623841225949097e-01	2.650745553605195481e-01	1.549636776701902030e-01	7.694245809826745497e-02	2.711310183831171922e-02	8.339785647585994111e-02
1.274268674276801676e+03	2.370611174402787180e-01	1.551421504138912333e-01	2.652115008063582469e-01	1.550300518182191889e-01	7.698549136897463174e-02	2.711310183831171922e-02	8.345658631358564283e-02
1.275720005340898297e+03	2.368765989265963212e-01	1.550221172663308888e-01	2.653482104708041467e-01	1.550963161419411651e-01	7.702844940333365698e-02	2.711310183831171922e-02	8.351520595230145505e-02
1.277171336404994690e+03	2.366924103080964015e-01	1.549022843430422347e-01	2.654846846800037463e-01	1.551624708349575721e-01	7.707133232202657835e-02	2.711310183831171922e-02	8.357371567318114258e-02
1.278622667469091539e+03	2.365085510010474512e-01	1.547826513076975830e-01	2.656209237606553808e-01	1.552285160905275130e-01	7.711414024566137781e-02	2.711310183831171922e-02	8.363211575571835588e-02
1.280073998533187932e+03	2.363250204227172191e-01	1.546632178245128664e-01	2.657569280399935119e-01	1.552944521015683088e-01	7.715687329477040335e-02	2.711310183831171922e-02	8.369040647774537989e-02
1.281525329597284326e+03	2.361418179913714332e-01	1.545439835582468890e-01	2.658926978457727963e-01	1.553602790606561923e-01	7.719953158980864816e-02	2.711310183831171922e-02	8.374858811545167481e-02
1.282976660661381175e+03	2.359589431262724413e-01	1.544249481742009655e-01	2.660282335062531534e-01	1.554259971600268075e-01	7.724211525115212695e-02	2.711310183831171922e-02	8.380666094340219474e-02
1.284427991725477568e+03	2.357763952476778779e-01	1.543061113382181992e-01	2.661635353501841661e-01	1.554916065915757928e-01	7.728462439909630777e-02	2.711310183831171922e-02	8.386462523455535945e-02
1.285879322789574417e+03	2.355941737768394439e-01	1.541874727166829551e-01	2.662986037067903711e-01	1.555571075468594466e-01	7.732705915385454376e-02	2.711310183831171922e-02	8.392248126028098443e-02
1.287330653853671038e+03	2.354122781360015182e-01	1.540690319765203875e-01	2.664334389057563812e-01	1.556225002170951999e-01	7.736941963555646340e-02	2.711310183831171922e-02	8.398022929037780859e-02
1.288781984917767431e+03	2.352307077483997699e-01	1.539507887851958301e-01	2.665680412772123975e-01	1.556877847931622538e-01	7.741170596424655492e-02	2.711310183831171922e-02	8.403786959309089699e-02
1.290233315981864052e+03	2.350494620382599653e-01	1.538327428107142125e-01	2.667024111517199425e-01	1.557529614656022465e-01	7.745391825988257040e-02	2.711310183831171922e-02	8.409540243512872437e-02
