1.001418434226643626e+03	2.783391010505259500e-01	1.816551456952133214e-01	2.350583806634114203e-01	1.404071629589323522e-01	6.744054768852969506e-02	2.708398042065841491e-02	7.001568152235262965e-02
1.003837319333471214e+03	2.779090039337512308e-01	1.813813102112235565e-01	2.353658779667536505e-01	1.405589711394892860e-01	6.753895763124009854e-02	2.708398042065841491e-02	7.016189869650753252e-02
1.006256204440298802e+03	2.774801798274981746e-01	1.811082340325002871e-01	2.356726733967120235e-01	1.407103531260364415e-01	6.763711457419548101e-02	2.708398042065841491e-02	7.030746462202303038e-02
1.008675089547126618e+03	2.770526251043405330e-01	1.808359151317487368e-01	2.359787657973281549e-01	1.408613101680542268e-01	6.773501705209872270e-02	2.708398042065841491e-02	7.045238632539503609e-02
1.011093974653954206e+03	2.766263361452038771e-01	1.805643514854652076e-01	2.362841538884873638e-01	1.410118435114436908e-01	6.783266388204300945e-02	2.708398042065841491e-02	7.059667066632227539e-02
1.013512859760782021e+03	2.762013093392778895e-01	1.802935410738733535e-01	2.365888363011316997e-01	1.411619543985349889e-01	6.793005411936296756e-02	2.708398042065841491e-02	7.074032434678452497e-02
1.015931744867609382e+03	2.757775410839495844e-01	1.800234818808773007e-01	2.368928116064128175e-01	1.413116440680959596e-01	6.802718702059376565e-02	2.708398042065841491e-02	7.088335391903601013e-02
1.018350629974437197e+03	2.753550277847527927e-01	1.797541718940287858e-01	2.371960783397744632e-01	1.414609137553406726e-01	6.812406201238788150e-02	2.708398042065841491e-02	7.102576579268091161e-02
1.020769515081264785e+03	2.749337658553314134e-01	1.794856091045058943e-01	2.374986350207932140e-01	1.416097646919376174e-01	6.822067866542562420e-02	2.708398042065841491e-02	7.116756624097167472e-02
1.023188400188092373e+03	2.745137517174143782e-01	1.792177915071011818e-01	2.378004801694724446e-01	1.417581981060183349e-01	6.831703667251139145e-02	2.708398042065841491e-02	7.130876140644767935e-02
1.025607285294920075e+03	2.740949818007990535e-01	1.789507171002177044e-01	2.381016123195708045e-01	1.419062152221856610e-01	6.841313583017887001e-02	2.708398042065841491e-02	7.144935730601328916e-02
1.028026170401747549e+03	2.736774525433428584e-01	1.786843838858711841e-01	2.384020300294534822e-01	1.420538172615220807e-01	6.850897602323746671e-02	2.708398042065841491e-02	7.158935983553829652e-02
1.030445055508575479e+03	2.732611603909607112e-01	1.784187898696973640e-01	2.387017318908739860e-01	1.422010054415981661e-01	6.860455721178464195e-02	2.708398042065841491e-02	7.172877477405051327e-02
1.032863940615402726e+03	2.728461017976275271e-01	1.781539330609635263e-01	2.390007165360287233e-01	1.423477809764807367e-01	6.869987942028556172e-02	2.708398042065841491e-02	7.186760778757927959e-02
1.035282825722230655e+03	2.724322732253844359e-01	1.778898114725833424e-01	2.392989826431710654e-01	1.424941450767414353e-01	6.879494272838605762e-02	2.708398042065841491e-02	7.200586443269905990e-02
1.037701710829058356e+03	2.720196711443480519e-01	1.776264231211341638e-01	2.395965289410247612e-01	1.426400989494648608e-01	6.888974726317891040e-02	2.708398042065841491e-02	7.214355015981459285e-02
1.040120595935886058e+03	2.716082920327227979e-01	1.773637660268762850e-01	2.398933542121974849e-01	1.427856437982571169e-01	6.898429319268895021e-02	2.708398042065841491e-02	7.228067031622273375e-02
1.042539481042713533e+03	2.711981323768139496e-01	1.771018382137739544e-01	2.401894572957630758e-01	1.429307808232539445e-01	6.907858072038028374e-02	2.708398042065841491e-02	7.241723014898013289e-02
1.044958366149541234e+03	2.707891886710431240e-01	1.768406377095173287e-01	2.404848370891530807e-01	1.430755112211292701e-01	6.917261008052083548e-02	2.708398042065841491e-02	7.255323480760167421e-02
1.047377251256368709e+03	2.703814574179640440e-01	1.765801625455452051e-01	2.407794925494756988e-01	1.432198361851034496e-01	6.926638153426616096e-02	2.708398042065841491e-02	7.268868934661067149e-02
1.049796136363196410e+03	2.699749351282792476e-01	1.763204107570684187e-01	2.410734226943608005e-01	1.433637569049517613e-01	6.935989536634669383e-02	2.708398042065841491e-02	7.282359872795836353e-02
1.052215021470024112e+03	2.695696183208567409e-01	1.760613803830933799e-01	2.413666266024133422e-01	1.435072745670126493e-01	6.945315188226133807e-02	2.708398042065841491e-02	7.295796782332779340e-02
1.054633906576851814e+03	2.691655035227475401e-01	1.758030694664457216e-01	2.416591034133447335e-01	1.436503903541963001e-01	6.954615140589621991e-02	2.708398042065841491e-02	7.309180141633467298e-02
1.057052791683679516e+03	2.687625872692027129e-01	1.755454760537939196e-01	2.419508523278394718e-01	1.437931054459928304e-01	6.963889427750033501e-02	2.708398042065841491e-02	7.322510420463596015e-02
1.059471676790506763e+03	2.683608661036898102e-01	1.752885981956728290e-01	2.422418726072052275e-01	1.439354210184809191e-01	6.973138085196088631e-02	2.708398042065841491e-02	7.335788080195544680e-02
1.061890561897334692e+03	2.679603365779101298e-01	1.750324339465068046e-01	2.425321635728475977e-01	1.440773382443361061e-01	6.982361149733055938e-02	2.708398042065841491e-02	7.349013574003389337e-02
1.064309447004162394e+03	2.675609952518142598e-01	1.747769813646324333e-01	2.428217246056021128e-01	1.442188582928392582e-01	6.991558659356636451e-02	2.708398042065841491e-02	7.362187347051063480e-02
1.066728332110990095e+03	2.671628386936182320e-01	1.745222385123209874e-01	2.431105551449521118e-01	1.443599823298850060e-01	7.000730653144658644e-02	2.708398042065841491e-02	7.375309836674209807e-02
1.069147217217817570e+03	2.667658634798184547e-01	1.742682034558002968e-01	2.433986546881561908e-01	1.445007115179901547e-01	7.009877171163750309e-02	2.708398042065841491e-02	7.388381472556244944e-02
1.071566102324645271e+03	2.663700661952062010e-01	1.740148742652760927e-01	2.436860227893042630e-01	1.446410470163022599e-01	7.018998254388611469e-02	2.708398042065841491e-02	7.401402676899011823e-02
1.073984987431472746e+03	2.659754434328817085e-01	1.737622490149528243e-01	2.439726590583189414e-01	1.447809899806079270e-01	7.028093944631927381e-02	2.708398042065841491e-02	7.414373864588438834e-02
1.076403872538300675e+03	2.655819917942671693e-01	1.735103257830539203e-01	2.442585631599154261e-01	1.449205415633414706e-01	7.037164284483228560e-02	2.708398042065841491e-02	7.427295443355484694e-02
1.078822757645127922e+03	2.651897078891196080e-01	1.732591026518413291e-01	2.445437348125313048e-01	1.450597029135932414e-01	7.046209317255323901e-02	2.708398042065841491e-02	7.440167813932647978e-02
1.081241642751955851e+03	2.647985883355424841e-01	1.730085777076346143e-01	2.448281737872356478e-01	1.451984751771181192e-01	7.055229086937117589e-02	2.708398042065841491e-02	7.452991370206311916e-02
1.083660527858783553e+03	2.644086297599971824e-01	1.727587490408293569e-01	2.451118799066249743e-01	1.453368594963441451e-01	7.064223638151848061e-02	2.708398042065841491e-02	7.465766499365107667e-02
1.086079412965611255e+03	2.640198287973130054e-01	1.725096147459148632e-01	2.453948530437125575e-01	1.454748570103807925e-01	7.073193016119898313e-02	2.708398042065841491e-02	7.478493582044493104e-02
1.088498298072438729e+03	2.636321820906973867e-01	1.722611729214914844e-01	2.456770931208162034e-01	1.456124688550277102e-01	7.082137266625505856e-02	2.708398042065841491e-02	7.491172992467733105e-02
1.090917183179266431e+03	2.632456862917444962e-01	1.720134216702870200e-01	2.459586001084487494e-01	1.457496961627830212e-01	7.091056435986781148e-02	2.708398042065841491e-02	7.503805098583407607e-02
1.093336068286093905e+03	2.628603380604440098e-01	1.717663590991726497e-01	2.462393740242151963e-01	1.458865400628518438e-01	7.099950571028550150e-02	2.708398042065841491e-02	7.516390262199594552e-02
1.095754953392921607e+03	2.624761340651883823e-01	1.715199833191782819e-01	2.465194149317188332e-01	1.460230016811549514e-01	7.108819719057604680e-02	2.708398042065841491e-02	7.528928839114859550e-02
1.098173838499749309e+03	2.620930709827800076e-01	1.712742924455073479e-01	2.467987229394788262e-01	1.461590821403371265e-01	7.117663927840023330e-02	2.708398042065841491e-02	7.541421179246150797e-02
1.100592723606577010e+03	2.617111454984372698e-01	1.710292845975507903e-01	2.470772981998613782e-01	1.462947825597757379e-01	7.126483245580272907e-02	2.708398042065841491e-02	7.553867626753710263e-02
1.103011608713404712e+03	2.613303543058004275e-01	1.707849578989006911e-01	2.473551409080254337e-01	1.464301040555892053e-01	7.135277720901833653e-02	2.708398042065841491e-02	7.566268520163091371e-02
1.105430493820231959e+03	2.609506941069362207e-01	1.705413104773631783e-01	2.476322513008847037e-01	1.465650477406455210e-01	7.144047402829156734e-02	2.708398042065841491e-02	7.578624192484378908e-02
1.107849378927059888e+03	2.605721616123424789e-01	1.702983404649708044e-01	2.479086296560861769e-01	1.466996147245707705e-01	7.152792340770780521e-02	2.708398042065841491e-02	7.590934971328693048e-02
1.110268264033887590e+03	2.601947535409515622e-01	1.700560459979943984e-01	2.481842762910065059e-01	1.468338061137576256e-01	7.161512584503450241e-02	2.708398042065841491e-02	7.603201179022038569e-02
1.112687149140715292e+03	2.598184666201334703e-01	1.698144252169543345e-01	2.484591915617661850e-01	1.469676230113738380e-01	7.170208184157120246e-02	2.708398042065841491e-02	7.615423132716600541e-02
1.115106034247542766e+03	2.594432975856981738e-01	1.695734762666313289e-01	2.487333758622621016e-01	1.471010665173707876e-01	7.178879190200741778e-02	2.708398042065841491e-02	7.627601144499529529e-02
1.117524919354370468e+03	2.590692431818975017e-01	1.693331972960765708e-01	2.490068296232188227e-01	1.472341377284918928e-01	7.187525653428744610e-02	2.708398042065841491e-02	7.639735521499289861e-02
1.119943804461197942e+03	2.586963001614264734e-01	1.690935864586215476e-01	2.492795533112582285e-01	1.473668377382811867e-01	7.196147624948130705e-02	2.708398042065841491e-02	7.651826565989648665e-02
1.122362689568025871e+03	2.583244652854237433e-01	1.688546419118870934e-01	2.495515474279880186e-01	1.474991676370917271e-01	7.204745156166125764e-02	2.708398042065841491e-02	7.663874575491333441e-02
1.124781574674853118e+03	2.579537353234720443e-01	1.686163618177923262e-01	2.498228125091088159e-01	1.476311285120942007e-01	7.213318298778334525e-02	2.708398042065841491e-02	7.675879842871449754e-02
1.127200459781681047e+03	2.575841070535974109e-01	1.683787443425625585e-01	2.500933491235397543e-01	1.477627214472853057e-01	7.221867104757334621e-02	2.708398042065841491e-02	7.687842656440685429e-02
1.129619344888508749e+03	2.572155772622683467e-01	1.681417876567374015e-01	2.503631578725624141e-01	1.478939475234962719e-01	7.230391626341711730e-02	2.708398042065841491e-02	7.699763300048369230e-02
1.132038229995336451e+03	2.568481427443943810e-01	1.679054899351777874e-01	2.506322393889828248e-01	1.480248078184012717e-01	7.238891916025454176e-02	2.708398042065841491e-02	7.711642053175436773e-02
1.134457115102163925e+03	2.564818003033241811e-01	1.676698493570730197e-01	2.509005943363115665e-01	1.481553034065260233e-01	7.247368026547702791e-02	2.708398042065841491e-02	7.723479191025335588e-02
1.136876000208991627e+03	2.561165467508427218e-01	1.674348641059470177e-01	2.511682234079615217e-01	1.482854353592560903e-01	7.255820010882838011e-02	2.708398042065841491e-02	7.735274984612947047e-02
1.139294885315819101e+03	2.557523789071685649e-01	1.672005323696643675e-01	2.514351273264628928e-01	1.484152047448454304e-01	7.264247922230861187e-02	2.708398042065841491e-02	7.747029700851532086e-02
1.141713770422646803e+03	2.553892936009504733e-01	1.669668523404359839e-01	2.517013068426954270e-01	1.485446126284248602e-01	7.272651814008070092e-02	2.708398042065841491e-02	7.758743602637778458e-02
1.144132655529474505e+03	2.550272876692632473e-01	1.667338222148240512e-01	2.519667627351376282e-01	1.486736600720103552e-01	7.281031739838000894e-02	2.708398042065841491e-02	7.770416948934988355e-02
1.146551540636302207e+03	2.546663579576036729e-01	1.665014401937469080e-01	2.522314958091324555e-01	1.488023481345117083e-01	7.289387753542618531e-02	2.708398042065841491e-02	7.782049994854425834e-02
1.148970425743129908e+03	2.543065013198855251e-01	1.662697044824834325e-01	2.524955068961689530e-01	1.489306778717407187e-01	7.297719909133769389e-02	2.708398042065841491e-02	7.793642991734885117e-02
1.151389310849957155e+03	2.539477146184345169e-01	1.660386132906768730e-01	2.527587968531803675e-01	1.490586503364197679e-01	7.306028260804842134e-02	2.708398042065841491e-02	7.805196187220526938e-02
1.153808195956785084e+03	2.535899947239824148e-01	1.658081648323385948e-01	2.530213665618574748e-01	1.491862665781901465e-01	7.314312862922663083e-02	2.708398042065841491e-02	7.816709825336999595e-02
1.156227081063612786e+03	2.532333385156613215e-01	1.655783573258512720e-01	2.532832169279772283e-01	1.493135276436204639e-01	7.322573770019602524e-02	2.708398042065841491e-02	7.828184146565893287e-02
1.158645966170440488e+03	2.528777428809970140e-01	1.653491889939718018e-01	2.535443488807467838e-01	1.494404345762150865e-01	7.330811036785883639e-02	2.708398042065841491e-02	7.839619387917574900e-02
1.161064851277267962e+03	2.525232047159022275e-01	1.651206580638337751e-01	2.538047633721617902e-01	1.495669884164224361e-01	7.339024718062080177e-02	2.708398042065841491e-02	7.851015783002421311e-02
1.163483736384095664e+03	2.521697209246696048e-01	1.648927627669497242e-01	2.540644613763793358e-01	1.496931902016434279e-01	7.347214868831819512e-02	2.708398042065841491e-02	7.862373562100505309e-02
1.165902621490923138e+03	2.518172884199638140e-01	1.646655013392129829e-01	2.543234438891048277e-01	1.498190409662397693e-01	7.355381544214652234e-02	2.708398042065841491e-02	7.873692952229746633e-02
1.168321506597751068e+03	2.514659041228139436e-01	1.644388720208993238e-01	2.545817119269929152e-01	1.499445417415423143e-01	7.363524799459110481e-02	2.708398042065841491e-02	7.884974177212583646e-02
1.170740391704578315e+03	2.511155649626050645e-01	1.642128730566680683e-01	2.548392665270616253e-01	1.500696935558594736e-01	7.371644689935932804e-02	2.708398042065841491e-02	7.896217457741191992e-02
1.173159276811406244e+03	2.507662678770697928e-01	1.639875026955630866e-01	2.550961087461199317e-01	1.501944974344854855e-01	7.379741271131458336e-02	2.708398042065841491e-02	7.907423011441265526e-02
1.175578161918233945e+03	2.504180098122792963e-01	1.637627591910133795e-01	2.553522396602081468e-01	1.503189543997086874e-01	7.387814598641180563e-02	2.708398042065841491e-02	7.918591052934421948e-02
1.177997047025061647e+03	2.500707877226341358e-01	1.635386408008334957e-01	2.556076603640510259e-01	1.504430654708198978e-01	7.395864728163463464e-02	2.708398042065841491e-02	7.929721793899237314e-02
1.180415932131889122e+03	2.497245985708546612e-01	1.633151457872236145e-01	2.558623719705231392e-01	1.505668316641206039e-01	7.403891715493407522e-02	2.708398042065841491e-02	7.940815443130951057e-02
1.182834817238716823e+03	2.493794393279710753e-01	1.630922724167691296e-01	2.561163756101266786e-01	1.506902539929313722e-01	7.411895616516860075e-02	2.708398042065841491e-02	7.951872206599872039e-02
1.185253702345544298e+03	2.490353069733134972e-01	1.628700189604404824e-01	2.563696724304806440e-01	1.508133334676000359e-01	7.419876487204585258e-02	2.708398042065841491e-02	7.962892287508509248e-02
1.187672587452371999e+03	2.486921984945014152e-01	1.626483836935920524e-01	2.566222635958220200e-01	1.509360710955099105e-01	7.427834383606565782e-02	2.708398042065841491e-02	7.973875886347454867e-02
1.190091472559199701e+03	2.483501108874330288e-01	1.624273648959614624e-01	2.568741502865179993e-01	1.510584678810881210e-01	7.435769361846437941e-02	2.708398042065841491e-02	7.984823200950057209e-02
1.192510357666027403e+03	2.480090411562742292e-01	1.622069608516681638e-01	2.571253336985895865e-01	1.511805248258137613e-01	7.443681478116080663e-02	2.708398042065841491e-02	7.995734426545900164e-02
1.194929242772855105e+03	2.476689863134474423e-01	1.619871698492118817e-01	2.573758150432458036e-01	1.513022429282261938e-01	7.451570788670312806e-02	2.708398042065841491e-02	8.006609755813111351e-02
1.197348127879682352e+03	2.473299433796201097e-01	1.617679901814710330e-01	2.576255955464285541e-01	1.514236231839330704e-01	7.459437349821740337e-02	2.708398042065841491e-02	8.017449378929540627e-02
1.199767012986510281e+03	2.469919093836928092e-01	1.615494201457006451e-01	2.578746764483679788e-01	1.515446665856187702e-01	7.467281217935714532e-02	2.708398042065841491e-02	8.028253483622824205e-02
1.202185898093337983e+03	2.466548813627875425e-01	1.613314580435301626e-01	2.581230590031477479e-01	1.516653741230523933e-01	7.475102449425420625e-02	2.708398042065841491e-02	8.039022255219352431e-02
1.204604783200165684e+03	2.463188563622353278e-01	1.611141021809610885e-01	2.583707444782806784e-01	1.517857467830958929e-01	7.482901100747081646e-02	2.708398042065841491e-02	8.049755876692178680e-02
1.207023668306993159e+03	2.459838314355638211e-01	1.608973508683642917e-01	2.586177341542933994e-01	1.519057855497123466e-01	7.490677228395282994e-02	2.708398042065841491e-02	8.060454528707884647e-02
1.209442553413820860e+03	2.456498036444846600e-01	1.606812024204772038e-01	2.588640293243211765e-01	1.520254914039741168e-01	7.498430888898408031e-02	2.708398042065841491e-02	8.071118389672429783e-02
1.211861438520648335e+03	2.453167700588805566e-01	1.604656551564007938e-01	2.591096312937115620e-01	1.521448653240707327e-01	7.506162138814190254e-02	2.708398042065841491e-02	8.081747635775998750e-02
1.214280323627476264e+03	2.449847277567921422e-01	1.602507073995962927e-01	2.593545413796374266e-01	1.522639082853172454e-01	7.513871034725366771e-02	2.708398042065841491e-02	8.092342441036880218e-02
1.216699208734303511e+03	2.446536738244048659e-01	1.600363574778816689e-01	2.595987609107184846e-01	1.523826212601621655e-01	7.521557633235448348e-02	2.708398042065841491e-02	8.102902977344386692e-02
1.219118093841131440e+03	2.443236053560353394e-01	1.598226037234281860e-01	2.598422912266520335e-01	1.525010052181955955e-01	7.529221990964583833e-02	2.708398042065841491e-02	8.113429414500848702e-02
1.221536978947959142e+03	2.439945194541177365e-01	1.596094444727565176e-01	2.600851336778516876e-01	1.526190611261572239e-01	7.536864164545534206e-02	2.708398042065841491e-02	8.123921920262697216e-02
1.223955864054786844e+03	2.436664132291898599e-01	1.593968780667326668e-01	2.603272896250945490e-01	1.527367899479444846e-01	7.544484210619745168e-02	2.708398042065841491e-02	8.134380660380644001e-02
1.226374749161614318e+03	2.433392837998791802e-01	1.591849028505639141e-01	2.605687604391766499e-01	1.528541926446204680e-01	7.552082185833508543e-02	2.708398042065841491e-02	8.144805798639008498e-02
1.228793634268442020e+03	2.430131282928885139e-01	1.589735171737944597e-01	2.608095475005764441e-01	1.529712701744219416e-01	7.559658146834233317e-02	2.708398042065841491e-02	8.155197496894173170e-02
1.231212519375269494e+03	2.426879438429817570e-01	1.587627193903009271e-01	2.610496521991252372e-01	1.530880234927673722e-01	7.567212150266790227e-02	2.708398042065841491e-02	8.165555915112217289e-02
1.233631404482097196e+03	2.423637275929692303e-01	1.585525078582877279e-01	2.612890759336863877e-01	1.532044535522649464e-01	7.574744252769975705e-02	2.708398042065841491e-02	8.175881211405734705e-02
1.236050289588924898e+03	2.420404766936929686e-01	1.583428809402822324e-01	2.615278201118409473e-01	1.533205613027204539e-01	7.582254510973032713e-02	2.708398042065841491e-02	8.186173542069846709e-02
1.238469174695752372e+03	2.417181883040118995e-01	1.581338370031297458e-01	2.617658861495812395e-01	1.534363476911452528e-01	7.589742981492279827e-02	2.708398042065841491e-02	8.196433061617441895e-02
1.240888059802580301e+03	2.413968595907868553e-01	1.579253744179884844e-01	2.620032754710110434e-01	1.535518136617642637e-01	7.597209720927816656e-02	2.708398042065841491e-02	8.206659922813651364e-02
1.243306944909407548e+03	2.410764877288653074e-01	1.577174915603243577e-01	2.622399895080529952e-01	1.536669601560237686e-01	7.604654785860319455e-02	2.708398042065841491e-02	8.216854276709573135e-02
1.245725830016235477e+03	2.407570699010661563e-01	1.575101868099054170e-01	2.624760297001625942e-01	1.537817881125994324e-01	7.612078232847903358e-02	2.708398042065841491e-02	8.227016272675274910e-02
1.248144715123063179e+03	2.404386032981641885e-01	1.573034585507964433e-01	2.627113974940490371e-01	1.538962984674040746e-01	7.619480118423084536e-02	2.708398042065841491e-02	8.237146058432076590e-02
1.250563600229890881e+03	2.401210851188746442e-01	1.570973051713532576e-01	2.629460943434024922e-01	1.540104921535955795e-01	7.626860499089799239e-02	2.708398042065841491e-02	8.247243780084138887e-02
1.252982485336718355e+03	2.398045125698373969e-01	1.568917250642169470e-01	2.631801217086273681e-01	1.541243701015847511e-01	7.634219431320514448e-02	2.708398042065841491e-02	8.257309582149367777e-02
1.255401370443546057e+03	2.394888828656012159e-01	1.566867166263078703e-01	2.634134810565824103e-01	1.542379332390431679e-01	7.641556971553402355e-02	2.708398042065841491e-02	8.267343607589651422e-02
1.257820255550373531e+03	2.391741932286077510e-01	1.564822782588197736e-01	2.636461738603263494e-01	1.543511824909109265e-01	7.648873176189595335e-02	2.708398042065841491e-02	8.277345997840443448e-02
1.260239140657201460e+03	2.388604408891755737e-01	1.562784083672134339e-01	2.638782015988696550e-01	1.544641187794044690e-01	7.656168101590500596e-02	2.708398042065841491e-02	8.287316892839709237e-02
1.262658025764028707e+03	2.385476230854839397e-01	1.560751053612104700e-01	2.641095657569320077e-01	1.545767430240243545e-01	7.663441804075199482e-02	2.708398042065841491e-02	8.297256431056247716e-02
1.265076910870856636e+03	2.382357370635564964e-01	1.558723676547870696e-01	2.643402678247055992e-01	1.546890561415630583e-01	7.670694339917896731e-02	2.708398042065841491e-02	8.307164749517399749e-02
1.267495795977684338e+03	2.379247800772449906e-01	1.556701936661673558e-01	2.645703092976239845e-01	1.548010590461127156e-01	7.677925765345451625e-02	2.708398042065841491e-02	8.317041983836163943e-02
1.269914681084511813e+03	2.376147493882126982e-01	1.554685818178167811e-01	2.647996916761360398e-01	1.549127526490727547e-01	7.685136136534967410e-02	2.708398042065841491e-02	8.326888268237722657e-02
1.272333566191339514e+03	2.373056422659179932e-01	1.552675305364355773e-01	2.650284164654854724e-01	1.550241378591577235e-01	7.692325509611437628e-02	2.708398042065841491e-02	8.336703735585403174e-02
1.274752451298167216e+03	2.369974559875974718e-01	1.550670382529517610e-01	2.652564851754956599e-01	1.551352155824049228e-01	7.699493940645463219e-02	2.708398042065841491e-02	8.346488517406068508e-02
1.277171336404994690e+03	2.366901878382494384e-01	1.548671034025143611e-01	2.654838993203590958e-01	1.552459867221820944e-01	7.706641485651030687e-02	2.708398042065841491e-02	8.356242743914980842e-02
1.279590221511822392e+03	2.363838351106168356e-01	1.546677244244864247e-01	2.657106604184322762e-01	1.553564521791950259e-01	7.713768200583341617e-02	2.708398042065841491e-02	8.365966544040107089e-02
1.282009106618650094e+03	2.360783951051704799e-01	1.544688997624379112e-01	2.659367699920351380e-01	1.554666128514953505e-01	7.720874141336700469e-02	2.708398042065841491e-02	8.375660045445923463e-02
1.284427991725477568e+03	2.357738651300920196e-01	1.542706278641384487e-01	2.661622295672550487e-01	1.555764696344879572e-01	7.727959363742467613e-02	2.708398042065841491e-02	8.385323374556692688e-02
1.286846876832305497e+03	2.354702425012568379e-01	1.540729071815502005e-01	2.663870406737562369e-01	1.556860234209387350e-01	7.735023923567059534e-02	2.708398042065841491e-02	8.394956656579252718e-02
1.289265761939132744e+03	2.351675245422168437e-01	1.538757361708204818e-01	2.666112048445926086e-01	1.557952751009821224e-01	7.742067876510008717e-02	2.708398042065841491e-02	8.404560015525303074e-02
1.291684647045960673e+03	2.348657085841834025e-01	1.536791132922742664e-01	2.668347236160260039e-01	1.559042255621286566e-01	7.749091278202063782e-02	2.708398042065841491e-02	8.414133574233229051e-02
1.294103532152788375e+03	2.345647919660099057e-01	1.534830370104068309e-01	2.670575985273479502e-01	1.560128756892725510e-01	7.756094184203354835e-02	2.708398042065841491e-02	8.423677454389442987e-02
1.296522417259616077e+03	2.342647720341745066e-01	1.532875057938760943e-01	2.672798311207064681e-01	1.561212263646992449e-01	7.763076650001611567e-02	2.708398042065841491e-02	8.433191776549282814e-02
1.298941302366443551e+03	2.339656461427625511e-01	1.530925181154949299e-01	2.675014229409363176e-01	1.562292784680928415e-01	7.770038731010407707e-02	2.708398042065841491e-02	8.442676660157449886e-02
1.301360187473271253e+03	2.336674116534493140e-01	1.528980724522235324e-01	2.677223755353937418e-01	1.563370328765436856e-01	7.776980482567481812e-02	2.708398042065841491e-02	8.452132223568012415e-02
1.303779072580098727e+03	2.333700659354822626e-01	1.527041672851616183e-01	2.679426904537947629e-01	1.564444904645558021e-01	7.783901959933087200e-02	2.708398042065841491e-02	8.461558584063988420e-02
1.306197957686926657e+03	2.330736063656636270e-01	1.525108010995405439e-01	2.681623692480577525e-01	1.565516521040543896e-01	7.790803218288389065e-02	2.708398042065841491e-02	8.470955857876501238e-02
1.308616842793753904e+03	2.327780303283326913e-01	1.523179723847154221e-01	2.683814134721494438e-01	1.566585186643932037e-01	7.797684312733918488e-02	2.708398042065841491e-02	8.480324160203527029e-02
1.311035727900581833e+03	2.324833352153480581e-01	1.521256796341570461e-01	2.685998246819350510e-01	1.567650910123620511e-01	7.804545298288054211e-02	2.708398042065841491e-02	8.489663605228248144e-02
1.313454613007409534e+03	2.321895184260699962e-01	1.519339213454439785e-01	2.688176044350314986e-01	1.568713700121941168e-01	7.811386229885558530e-02	2.708398042065841491e-02	8.498974306137005441e-02
1.315873498114237009e+03	2.318965773673425934e-01	1.517426960202544473e-01	2.690347542906644795e-01	1.569773565255734304e-01	7.818207162376150654e-02	2.708398042065841491e-02	8.508256375136877270e-02
1.318292383221064711e+03	2.316045094534759652e-01	1.515520021643580739e-01	2.692512758095290670e-01	1.570830514116421939e-01	7.825008150523118933e-02	2.708398042065841491e-02	8.517509923472876832e-02
1.320711268327892412e+03	2.313133121062283526e-01	1.513618382876077140e-01	2.694671705536534345e-01	1.571884555270081363e-01	7.831789249001978870e-02	2.708398042065841491e-02	8.526735061444778996e-02
1.323130153434719887e+03	2.310229827547883030e-01	1.511722029039312964e-01	2.696824400862659621e-01	1.572935697257518972e-01	7.838550512399168613e-02	2.708398042065841491e-02	8.535931898423608499e-02
1.325549038541547588e+03	2.307335188357566014e-01	1.509830945313233863e-01	2.698970859716657844e-01	1.573983948594341875e-01	7.845291995210776359e-02	2.708398042065841491e-02	8.545100542867747895e-02
1.327967923648375290e+03	2.304449177931284232e-01	1.507945116918369133e-01	2.701111097750961143e-01	1.575029317771033388e-01	7.852013751841312172e-02	2.708398042065841491e-02	8.554241102338730474e-02
1.330386808755202765e+03	2.301571770782752657e-01	1.506064529115746509e-01	2.703245130626210080e-01	1.576071813253022702e-01	7.858715836602515881e-02	2.708398042065841491e-02	8.563353683516677917e-02
1.332805693862030694e+03	2.298702941499269070e-01	1.504189167206808897e-01	2.705372974010050169e-01	1.577111443480760933e-01	7.865398303712195505e-02	2.708398042065841491e-02	8.572438392215427083e-02
1.335224578968857941e+03	2.295842664741533645e-01	1.502319016533328888e-01	2.707494643575955595e-01	1.578148216869789955e-01	7.872061207293105933e-02	2.708398042065841491e-02	8.581495333397316794e-02
1.337643464075685870e+03	2.292990915243467986e-01	1.500454062477323269e-01	2.709610155002087906e-01	1.579182141810817896e-01	7.878704601371858129e-02	2.708398042065841491e-02	8.590524611187680404e-02
1.340062349182513572e+03	2.290147667812034160e-01	1.498594290460967260e-01	2.711719523970172463e-01	1.580213226669788806e-01	7.885328539877863030e-02	2.708398042065841491e-02	8.599526328889012250e-02
1.342481234289341273e+03	2.287312897327053174e-01	1.496739685946508469e-01	2.713822766164417088e-01	1.581241479787956206e-01	7.891933076642305978e-02	2.708398042065841491e-02	8.608500588994855152e-02
1.344900119396168748e+03	2.284486578741022900e-01	1.494890234436179743e-01	2.715919897270442362e-01	1.582266909481953587e-01	7.898518265397158622e-02	2.708398042065841491e-02	8.617447493203370112e-02
1.347319004502996449e+03	2.281668687078937108e-01	1.493045921472113402e-01	2.718010932974249116e-01	1.583289524043865748e-01	7.905084159774213026e-02	2.708398042065841491e-02	8.626367142430646506e-02
1.349737889609823924e+03	2.278859197438103112e-01	1.491206732636252974e-01	2.720095888961207575e-01	1.584309331741301508e-01	7.911630813304157406e-02	2.708398042065841491e-02	8.635259636823702789e-02
1.352156774716651853e+03	2.276058084987960251e-01	1.489372653550266046e-01	2.722174780915070369e-01	1.585326340817463653e-01	7.918158279415668521e-02	2.708398042065841491e-02	8.644125075773237410e-02
1.354575659823479100e+03	2.273265324969896695e-01	1.487543669875456276e-01	2.724247624517014965e-01	1.586340559491219993e-01	7.924666611434541541e-02	2.708398042065841491e-02	8.652963557926089677e-02
1.356994544930307029e+03	2.270480892697067932e-01	1.485719767312675132e-01	2.726314435444702200e-01	1.587351995957174966e-01	7.931155862582846272e-02	2.708398042065841491e-02	8.661775181197459150e-02
1.359413430037134731e+03	2.267704763554213854e-01	1.483900931602233353e-01	2.728375229371368116e-01	1.588360658385739033e-01	7.937626085978113921e-02	2.708398042065841491e-02	8.670560042782850252e-02
1.361832315143962205e+03	2.264936912997475849e-01	1.482087148523812126e-01	2.730430021964931342e-01	1.589366554923199726e-01	7.944077334632540510e-02	2.708398042065841491e-02	8.679318239169774019e-02
1.364251200250789907e+03	2.262177316554215278e-01	1.480278403896374273e-01	2.732478828887126010e-01	1.590369693691791597e-01	7.950509661452233312e-02	2.708398042065841491e-02	8.688049866149205602e-02
1.366670085357617609e+03	2.259425949822829183e-01	1.478474683578074877e-01	2.734521665792654099e-01	1.591370082789766716e-01	7.956923119236464226e-02	2.708398042065841491e-02	8.696755018826790584e-02
1.369088970464445310e+03	2.256682788472568757e-01	1.476675973466171077e-01	2.736558548328366647e-01	1.592367730291463779e-01	7.963317760676964785e-02	2.708398042065841491e-02	8.705433791633830631e-02
1.371507855571272785e+03	2.253947808243356721e-01	1.474882259496933246e-01	2.738589492132454395e-01	1.593362644247378612e-01	7.969693638357233656e-02	2.708398042065841491e-02	8.714086278338031843e-02
1.373926740678100487e+03	2.251220984945602188e-01	1.473093527645554512e-01	2.740614512833668970e-01	1.594354832684233003e-01	7.976050804751880219e-02	2.708398042065841491e-02	8.722712572054021340e-02
1.376345625784927961e+03	2.248502294460021089e-01	1.471309763926060832e-01	2.742633626050559603e-01	1.595344303605044367e-01	7.982389312225975087e-02	2.708398042065841491e-02	8.731312765253659847e-02
1.378764510891755890e+03	2.245791712737451040e-01	1.469530954391219668e-01	2.744646847390729283e-01	1.596331064989194026e-01	7.988709213034439482e-02	2.708398042065841491e-02	8.739886949776123903e-02
1.381183395998583137e+03	2.243089215798668434e-01	1.467757085132450900e-01	2.746654192450110332e-01	1.597315124792497154e-01	7.995010559321451271e-02	2.708398042065841491e-02	8.748435216837782691e-02
1.383602281105411066e+03	2.240394779734207198e-01	1.465988142279734674e-01	2.748655676812263304e-01	1.598296490947271054e-01	8.001293403119866254e-02	2.708398042065841491e-02	8.756957657041875009e-02
1.386021166212238768e+03	2.237708380704174216e-01	1.464224112001521194e-01	2.750651316047686978e-01	1.599275171362403714e-01	8.007557796350672774e-02	2.708398042065841491e-02	8.765454360387973931e-02
1.388440051319066470e+03	2.235029994938067532e-01	1.462464980504639411e-01	2.752641125713148895e-01	1.600251173923422088e-01	8.013803790822457418e-02	2.708398042065841491e-02	8.773925416281264100e-02
1.390858936425893944e+03	2.232359598734593720e-01	1.460710734034206537e-01	2.754625121351038097e-01	1.601224506492560928e-01	8.020031438230895704e-02	2.708398042065841491e-02	8.782370913541619195e-02
1.393277821532721646e+03	2.229697168461484413e-01	1.458961358873534786e-01	2.756603318488726750e-01	1.602195176908829399e-01	8.026240790158264971e-02	2.708398042065841491e-02	8.790790940412493426e-02
1.395696706639549120e+03	2.227042680555313958e-01	1.457216841344041725e-01	2.758575732637955080e-01	1.603163192988080465e-01	8.032431898072965593e-02	2.708398042065841491e-02	8.799185584569634011e-02
1.398115591746377049e+03	2.224396111521317887e-01	1.455477167805158123e-01	2.760542379294229631e-01	1.604128562523077506e-01	8.038604813329078280e-02	2.708398042065841491e-02	8.807554933129599362e-02
1.400534476853204296e+03	2.221757437933209178e-01	1.453742324654235807e-01	2.762503273936238735e-01	1.605091293283562315e-01	8.044759587165928316e-02	2.708398042065841491e-02	8.815899072658119062e-02
1.402953361960032225e+03	2.219126636432996735e-01	1.452012298326456341e-01	2.764458432025282963e-01	1.606051393016321438e-01	8.050896270707663671e-02	2.708398042065841491e-02	8.824218089178265112e-02
1.405372247066859927e+03	2.216503683730802199e-01	1.450287075294738603e-01	2.766407869004721687e-01	1.607008869445255006e-01	8.057014914962865038e-02	2.708398042065841491e-02	8.832512068178464959e-02
1.407791132173687402e+03	2.213888556604679814e-01	1.448566642069647470e-01	2.768351600299431836e-01	1.607963730271441405e-01	8.063115570824164191e-02	2.708398042065841491e-02	8.840781094620342451e-02
1.410210017280515103e+03	2.211281231900431854e-01	1.446850985199300554e-01	2.770289641315284990e-01	1.608915983173205555e-01	8.069198289067874841e-02	2.708398042065841491e-02	8.849025252946404740e-02
1.412628902387342805e+03	2.208681686531428767e-01	1.445140091269277172e-01	2.772222007438636671e-01	1.609865635806185802e-01	8.075263120353655399e-02	2.708398042065841491e-02	8.857244627087561273e-02
1.415047787494170507e+03	2.206089897478427098e-01	1.443433946902526466e-01	2.774148714035830632e-01	1.610812695803398586e-01	8.081310115224171753e-02	2.708398042065841491e-02	8.865439300470497053e-02
1.417466672600997981e+03	2.203505841789387409e-01	1.441732538759273041e-01	2.776069776452715354e-01	1.611757170775305892e-01	8.087339324104782234e-02	2.708398042065841491e-02	8.873609356024896033e-02
1.419885557707825683e+03	2.200929496579293321e-01	1.440035853536927035e-01	2.777985210014173867e-01	1.612699068309881023e-01	8.093350797303239252e-02	2.708398042065841491e-02	8.881754876190504910e-02
1.422304442814653157e+03	2.198360839029970260e-01	1.438343877969990303e-01	2.779895030023668556e-01	1.613638395972674111e-01	8.099344585009406183e-02	2.708398042065841491e-02	8.889875942924058139e-02
1.424723327921481086e+03	2.195799846389904220e-01	1.436656598829964271e-01	2.781799251762797076e-01	1.614575161306877893e-01	8.105320737294981204e-02	2.708398042065841491e-02	8.897972637706073884e-02
1.427142213028308333e+03	2.193246495974061350e-01	1.434974002925258341e-01	2.783697890490861027e-01	1.615509371833393770e-01	8.111279304113250266e-02	2.708398042065841491e-02	8.906045041547490382e-02
1.429561098135136262e+03	2.190700765163707542e-01	1.433296077101095800e-01	2.785590961444447955e-01	1.616441035050895925e-01	8.117220335298834522e-02	2.708398042065841491e-02	8.914093234996181558e-02
1.431979983241963964e+03	2.188162631406226633e-01	1.431622808239423339e-01	2.787478479837021683e-01	1.617370158435897098e-01	8.123143880567471053e-02	2.708398042065841491e-02	8.922117298143333874e-02
1.434398868348791666e+03	2.185632072214941102e-01	1.429954183258816403e-01	2.789360460858529289e-01	1.618296749442813265e-01	8.129049989515793606e-02	2.708398042065841491e-02	8.930117310629696881e-02
1.436817753455619140e+03	2.183109065168933327e-01	1.428290189114389264e-01	2.791236919675014194e-01	1.619220815504029132e-01	8.134938711621131358e-02	2.708398042065841491e-02	8.938093351651706098e-02
1.439236638562446842e+03	2.180593587912863229e-01	1.426630812797700099e-01	2.793107871428245348e-01	1.620142364029961701e-01	8.140810096241317406e-02	2.708398042065841491e-02	8.946045499967480996e-02
1.441655523669274316e+03	2.178085618156789804e-01	1.424976041336660226e-01	2.794973331235354186e-01	1.621061402409124386e-01	8.146664192614513911e-02	2.708398042065841491e-02	8.953973833902698076e-02
1.444074408776102018e+03	2.175585133675993210e-01	1.423325861795440850e-01	2.796833314188482689e-01	1.621977938008193065e-01	8.152501049859046944e-02	2.708398042065841491e-02	8.961878431356361252e-02
1.446493293882929493e+03	2.173092112310792412e-01	1.421680261274380630e-01	2.798687835354440323e-01	1.622891978172068261e-01	8.158320716973252451e-02	2.708398042065841491e-02	8.969759369806433458e-02
1.448912178989757422e+03	2.170606531966370045e-01	1.420039226909894092e-01	2.800536909774375971e-01	1.623803530223939806e-01	8.164123242835331917e-02	2.708398042065841491e-02	8.977616726315368334e-02
1.451331064096585123e+03	2.168128370612590894e-01	1.418402745874378090e-01	2.802380552463454855e-01	1.624712601465349848e-01	8.169908676203224696e-02	2.708398042065841491e-02	8.985450577535532279e-02
1.453749949203412370e+03	2.165657606283825365e-01	1.416770805376120212e-01	2.804218778410547119e-01	1.625619199176256968e-01	8.175677065714490044e-02	2.708398042065841491e-02	8.993260999714511317e-02
1.456168834310240300e+03	2.163194217078770187e-01	1.415143392659206356e-01	2.806051602577923076e-01	1.626523330615099738e-01	8.181428459886194715e-02	2.708398042065841491e-02	9.001048068700312488e-02
1.458587719417068001e+03	2.160738181160270499e-01	1.413520495003428579e-01	2.807879039900963991e-01	1.627425003018858896e-01	8.187162907114811650e-02	2.708398042065841491e-02	9.008811859946469491e-02
1.461006604523895703e+03	2.158289476755143321e-01	1.411902099724192394e-01	2.809701105287876199e-01	1.628324223603120902e-01	8.192880455676138096e-02	2.708398042065841491e-02	9.016552448517034524e-02
1.463425489630723177e+03	2.155848082153999645e-01	1.410288194172425735e-01	2.811517813619414108e-01	1.629220999562141226e-01	8.198581153725213733e-02	2.708398042065841491e-02	9.024269909091474362e-02
1.465844374737550879e+03	2.153413975711067629e-01	1.408678765734485694e-01	2.813329179748617070e-01	1.630115338068905684e-01	8.204265049296252665e-02	2.708398042065841491e-02	9.031964315969481794e-02
1.468263259844378354e+03	2.150987135844015241e-01	1.407073801832066928e-01	2.815135218500548486e-01	1.631007246275193723e-01	8.209932190302578203e-02	2.708398042065841491e-02	9.039635743075674634e-02
1.470682144951206283e+03	2.148567541033774286e-01	1.405473289922110069e-01	2.816935944672045999e-01	1.631896731311640591e-01	8.215582624536582612e-02	2.708398042065841491e-02	9.047284263964204543e-02
1.473101030058033530e+03	2.146155169824364162e-01	1.403877217496709295e-01	2.818731373031480025e-01	1.632783800287799514e-01	8.221216399669678543e-02	2.708398042065841491e-02	9.054909951823285341e-02
1.475519915164861459e+03	2.143750000822715884e-01	1.402285572083021292e-01	2.820521518318519494e-01	1.633668460292203028e-01	8.226833563252267112e-02	2.708398042065841491e-02	9.062512879479625583e-02
1.477938800271689161e+03	2.141352012698496676e-01	1.400698341243172274e-01	2.822306395243905919e-01	1.634550718392425439e-01	8.232434162713717085e-02	2.708398042065841491e-02	9.070093119402766746e-02
1.480357685378516862e+03	2.138961184183934827e-01	1.399115512574167774e-01	2.824086018489233019e-01	1.635430581635143599e-01	8.238018245362345449e-02	2.708398042065841491e-02	9.077650743709353431e-02
1.482776570485344337e+03	2.136577494073644279e-01	1.397537073707799948e-01	2.825860402706734109e-01	1.636308057046199360e-01	8.243585858385414633e-02	2.708398042065841491e-02	9.085185824167299473e-02
