1.001418434226643626e+03	2.783290862648203912e-01	1.816555027141925904e-01	2.350283773882639315e-01	1.403473848364605592e-01	6.743271592495946043e-02	2.719391352850500029e-02	7.001301934241913050e-02
1.002869765290740247e+03	2.780719788505564560e-01	1.814906505388078906e-01	2.352131497376885871e-01	1.404371464339798370e-01	6.749189930170848561e-02	2.719391352850500029e-02	7.010126160837484854e-02
1.004321096354836754e+03	2.778153265045149034e-01	1.813260734193400114e-01	2.353976736372992429e-01	1.405267577106012744e-01	6.755099183351440106e-02	2.719391352850500029e-02	7.018926336584631331e-02
1.005772427418933376e+03	2.775591284530979364e-01	1.811617709156043143e-01	2.355819487640197774e-01	1.406162189297639475e-01	6.760999318502093625e-02	2.719391352850500029e-02	7.027702622360923468e-02
1.007223758483029997e+03	2.773033839237435405e-01	1.809977425878905866e-01	2.357659747779269066e-01	1.407055303544566260e-01	6.766890305997673438e-02	2.719391352850500029e-02	7.036455176712172466e-02
1.008675089547126618e+03	2.770480921449179901e-01	1.808339879969576569e-01	2.359497513252897527e-01	1.407946922472184115e-01	6.772772119742741237e-02	2.719391352850500029e-02	7.045184155930497849e-02
1.010126420611223239e+03	2.767932523461094640e-01	1.806705067040288715e-01	2.361332780412828680e-01	1.408837048701393202e-01	6.778644736828991213e-02	2.719391352850500029e-02	7.053889714126576616e-02
1.011577751675319632e+03	2.765388637578232167e-01	1.805072982707884022e-01	2.363165545524069933e-01	1.409725684848608662e-01	6.784508137227068802e-02	2.719391352850500029e-02	7.062572003296606338e-02
1.013029082739416367e+03	2.762849256115768593e-01	1.803443622593780549e-01	2.364995804786463041e-01	1.410612833525768106e-01	6.790362303509299424e-02	2.719391352850500029e-02	7.071231173384520674e-02
1.014480413803512761e+03	2.760314371398968625e-01	1.801816982323952432e-01	2.366823554353895687e-01	1.411498497340336888e-01	6.796207220600200549e-02	2.719391352850500029e-02	7.079867372339883336e-02
1.015931744867609382e+03	2.757783975763157258e-01	1.800193057528909069e-01	2.368648790351394473e-01	1.412382678895314214e-01	6.802042875551990442e-02	2.719391352850500029e-02	7.088480746171881008e-02
1.017383075931706003e+03	2.755258061553694793e-01	1.798571843843684570e-01	2.370471508890309997e-01	1.413265380789239800e-01	6.807869257342552549e-02	2.719391352850500029e-02	7.097071438999784376e-02
1.018834406995802851e+03	2.752736621125957961e-01	1.796953336907828602e-01	2.372291706081794960e-01	1.414146605616199981e-01	6.813686356693597623e-02	2.719391352850500029e-02	7.105639593100215867e-02
1.020285738059899245e+03	2.750219646845329935e-01	1.795337532365402500e-01	2.374109378048746832e-01	1.415026355965833815e-01	6.819494165906997418e-02	2.719391352850500029e-02	7.114185348951494736e-02
1.021737069123995752e+03	2.747707131087190335e-01	1.793724425864979821e-01	2.375924520936373296e-01	1.415904634423339192e-01	6.825292678717435890e-02	2.719391352850500029e-02	7.122708845275371736e-02
1.023188400188092373e+03	2.745199066236906904e-01	1.792114013059646904e-01	2.377737130921520892e-01	1.416781443569478383e-01	6.831081890159755587e-02	2.719391352850500029e-02	7.131210219076344892e-02
1.024639731252188767e+03	2.742695444689838835e-01	1.790506289607010082e-01	2.379547204220897327e-01	1.417656785980584977e-01	6.836861796449493489e-02	2.719391352850500029e-02	7.139689605678822826e-02
1.026091062316285615e+03	2.740196258851334554e-01	1.788901251169201789e-01	2.381354737098297925e-01	1.418530664228570271e-01	6.842632394875299007e-02	2.719391352850500029e-02	7.148147138762284136e-02
1.027542393380382237e+03	2.737701501136735049e-01	1.787298893412892498e-01	2.383159725870939993e-01	1.419403080880927981e-01	6.848393683702019841e-02	2.719391352850500029e-02	7.156582950394652087e-02
1.028993724444478858e+03	2.735211163971381088e-01	1.785699212009300707e-01	2.384962166914997295e-01	1.420274038500742297e-01	6.854145662083392654e-02	2.719391352850500029e-02	7.164997171064020620e-02
1.030445055508575479e+03	2.732725239790619876e-01	1.784102202634207102e-01	2.386762056670420906e-01	1.421143539646692044e-01	6.859888329983367117e-02	2.719391352850500029e-02	7.173389929708867685e-02
1.031896386572671872e+03	2.730243721039814497e-01	1.782507860967969537e-01	2.388559391645112551e-01	1.422011586873058175e-01	6.865621688105184861e-02	2.719391352850500029e-02	7.181761353746907162e-02
1.033347717636768493e+03	2.727766600174354461e-01	1.780916182695538030e-01	2.390354168418528380e-01	1.422878182729729601e-01	6.871345737827444511e-02	2.719391352850500029e-02	7.190111569102684841e-02
1.034799048700865114e+03	2.725293869659670132e-01	1.779327163506473075e-01	2.392146383644764840e-01	1.423743329762208742e-01	6.877060481146453352e-02	2.719391352850500029e-02	7.198440700234015610e-02
1.036250379764961508e+03	2.722825521971241058e-01	1.777740799094962298e-01	2.393936034055183515e-01	1.424607030511619299e-01	6.882765920624211997e-02	2.719391352850500029e-02	7.206748870157365927e-02
1.037701710829058356e+03	2.720361549594613737e-01	1.776157085159840443e-01	2.395723116460624358e-01	1.425469287514710415e-01	6.888462059341488031e-02	2.719391352850500029e-02	7.215036200472266237e-02
1.039153041893154750e+03	2.717901945025415489e-01	1.774576017404607131e-01	2.397507627753249770e-01	1.426330103303863894e-01	6.894148900855452677e-02	2.719391352850500029e-02	7.223302811384831046e-02
1.040604372957251599e+03	2.715446700769368893e-01	1.772997591537447681e-01	2.399289564908060057e-01	1.427189480407100308e-01	6.899826449161430841e-02	2.719391352850500029e-02	7.231548821730449106e-02
1.042055704021347992e+03	2.712995809342308440e-01	1.771421803271252815e-01	2.401068924984114117e-01	1.428047421348084822e-01	6.905494708658342640e-02	2.719391352850500029e-02	7.239774348995713094e-02
1.043507035085444613e+03	2.710549263270195519e-01	1.769848648323639195e-01	2.402845705125485620e-01	1.428903928646133303e-01	6.911153684117481155e-02	2.719391352850500029e-02	7.247979509339642912e-02
1.044958366149541234e+03	2.708107055089136739e-01	1.768278122416969689e-01	2.404619902561988543e-01	1.429759004816219536e-01	6.916803380654260036e-02	2.719391352850500029e-02	7.256164417614255346e-02
1.046409697213637855e+03	2.705669177345398912e-01	1.766710221278375292e-01	2.406391514609690918e-01	1.430612652368979942e-01	6.922443803702682530e-02	2.719391352850500029e-02	7.264329187384527264e-02
1.047861028277734476e+03	2.703235622595426269e-01	1.765144940639775395e-01	2.408160538671244022e-01	1.431464873810720795e-01	6.928074958992208598e-02	2.719391352850500029e-02	7.272473930947782883e-02
1.049312359341831097e+03	2.700806383405858213e-01	1.763582276237898316e-01	2.409926972236046960e-01	1.432315671643424049e-01	6.933696852526813337e-02	2.719391352850500029e-02	7.280598759352566174e-02
1.050763690405927491e+03	2.698381452353544319e-01	1.762022223814303512e-01	2.411690812880262491e-01	1.433165048364754002e-01	6.939309490565999383e-02	2.719391352850500029e-02	7.288703782417010890e-02
1.052215021470024112e+03	2.695960822025564307e-01	1.760464779115401834e-01	2.413452058266704059e-01	1.434013006468062568e-01	6.944912879607588463e-02	2.719391352850500029e-02	7.296789108746745689e-02
1.053666352534120733e+03	2.693544485019240819e-01	1.758909937892476072e-01	2.415210706144608477e-01	1.434859548442395660e-01	6.950507026372085284e-02	2.719391352850500029e-02	7.304854845752371817e-02
1.055117683598217127e+03	2.691132433942158286e-01	1.757357695901702876e-01	2.416966754349303970e-01	1.435704676772500687e-01	6.956091937788481949e-02	2.719391352850500029e-02	7.312901099666528626e-02
1.056569014662313975e+03	2.688724661412180139e-01	1.755808048904172192e-01	2.418720200801790510e-01	1.436548393938831547e-01	6.961667620981357163e-02	2.719391352850500029e-02	7.320927975560567735e-02
1.058020345726410369e+03	2.686321160057464352e-01	1.754260992665908625e-01	2.420471043508241049e-01	1.437390702417554733e-01	6.967234083259116195e-02	2.719391352850500029e-02	7.328935577360869147e-02
1.059471676790506763e+03	2.683921922516477321e-01	1.752716522957890877e-01	2.422219280559431143e-01	1.438231604680556552e-01	6.972791332103296658e-02	2.719391352850500029e-02	7.336924007864815966e-02
1.060923007854603611e+03	2.681526941438013290e-01	1.751174635556072556e-01	2.423964910130110006e-01	1.439071103195448675e-01	6.978339375158799929e-02	2.719391352850500029e-02	7.344893368756427732e-02
1.062374338918700232e+03	2.679136209481208231e-01	1.749635326241401334e-01	2.425707930478315510e-01	1.439909200425574798e-01	6.983878220224984390e-02	2.719391352850500029e-02	7.352843760621691205e-02
1.063825669982796853e+03	2.676749719315554277e-01	1.748098590799839203e-01	2.427448339944647815e-01	1.440745898830016192e-01	6.989407875247509450e-02	2.719391352850500029e-02	7.360775282963595567e-02
1.065277001046893474e+03	2.674367463620916374e-01	1.746564425022381073e-01	2.429186136951496933e-01	1.441581200863598367e-01	6.994928348310879007e-02	2.719391352850500029e-02	7.368688034216877569e-02
1.066728332110990095e+03	2.671989435087544495e-01	1.745032824705074759e-01	2.430921320002240871e-01	1.442415108976898008e-01	7.000439647631605256e-02	2.719391352850500029e-02	7.376582111762500227e-02
1.068179663175086489e+03	2.669615626416090848e-01	1.743503785649038185e-01	2.432653887680411853e-01	1.443247625616248253e-01	7.005941781551923431e-02	2.719391352850500029e-02	7.384457611941867838e-02
1.069630994239183110e+03	2.667246030317622640e-01	1.741977303660479925e-01	2.434383838648838394e-01	1.444078753223745348e-01	7.011434758534025591e-02	2.719391352850500029e-02	7.392314630070796755e-02
1.071082325303279504e+03	2.664880639513634297e-01	1.740453374550715582e-01	2.436111171648766283e-01	1.444908494237255037e-01	7.016918587154742648e-02	2.719391352850500029e-02	7.400153260453233572e-02
1.072533656367376352e+03	2.662519446736063555e-01	1.738931994136186099e-01	2.437835885498961241e-01	1.445736851090418384e-01	7.022393276100637183e-02	2.719391352850500029e-02	7.407973596394756832e-02
1.073984987431472746e+03	2.660162444727302011e-01	1.737413158238476640e-01	2.439557979094799378e-01	1.446563826212659276e-01	7.027858834163477897e-02	2.719391352850500029e-02	7.415775730215844186e-02
1.075436318495569594e+03	2.657809626240208445e-01	1.735896862684330744e-01	2.441277451407345422e-01	1.447389422029189132e-01	7.033315270236036032e-02	2.719391352850500029e-02	7.423559753264928618e-02
1.076887649559666215e+03	2.655460984038121586e-01	1.734383103305670859e-01	2.442994301482420694e-01	1.448213640961014126e-01	7.038762593308196813e-02	2.719391352850500029e-02	7.431325755931238175e-02
1.078338980623762609e+03	2.653116510894870106e-01	1.732871875939612782e-01	2.444708528439666906e-01	1.449036485424941012e-01	7.044200812463344286e-02	2.719391352850500029e-02	7.439073827657445570e-02
1.079790311687859230e+03	2.650776199594788718e-01	1.731363176428482309e-01	2.446420131471604142e-01	1.449857957833584621e-01	7.049629936874990399e-02	2.719391352850500029e-02	7.446804056952109618e-02
1.081241642751955851e+03	2.648440042932724281e-01	1.729857000619831608e-01	2.448129109842686058e-01	1.450678060595372576e-01	7.055049975803634466e-02	2.719391352850500029e-02	7.454516531401927937e-02
1.082692973816052472e+03	2.646108033714047458e-01	1.728353344366454214e-01	2.449835462888355075e-01	1.451496796114551679e-01	7.060460938593819680e-02	2.719391352850500029e-02	7.462211337683805068e-02
1.084144304880149093e+03	2.643780164754664930e-01	1.726852203526401119e-01	2.451539190014096203e-01	1.452314166791196237e-01	7.065862834671383930e-02	2.719391352850500029e-02	7.469888561576738806e-02
1.085595635944245487e+03	2.641456428881029384e-01	1.725353573962995213e-01	2.453240290694493897e-01	1.453130175021211945e-01	7.071255673540868814e-02	2.719391352850500029e-02	7.477548287973531660e-02
1.087046967008342108e+03	2.639136818930147843e-01	1.723857451544845987e-01	2.454938764472291146e-01	1.453944823196343938e-01	7.076639464783095190e-02	2.719391352850500029e-02	7.485190600892321910e-02
1.088498298072438729e+03	2.636821327749589994e-01	1.722363832145864249e-01	2.456634610957452169e-01	1.454758113704182343e-01	7.082014218052855303e-02	2.719391352850500029e-02	7.492815583487957842e-02
1.089949629136535123e+03	2.634509948197502061e-01	1.720872711645276276e-01	2.458327829826228716e-01	1.455570048928167826e-01	7.087379943076757560e-02	2.719391352850500029e-02	7.500423318063195732e-02
1.091400960200631971e+03	2.632202673142608473e-01	1.719384085927637418e-01	2.460018420820234419e-01	1.456380631247599644e-01	7.092736649651162906e-02	2.719391352850500029e-02	7.508013886079743793e-02
1.092852291264728365e+03	2.629899495464225190e-01	1.717897950882845137e-01	2.461706383745521087e-01	1.457189863037640920e-01	7.098084347640239156e-02	2.719391352850500029e-02	7.515587368169147908e-02
1.094303622328825213e+03	2.627600408052265246e-01	1.716414302406152059e-01	2.463391718471665826e-01	1.457997746669325301e-01	7.103423046974108312e-02	2.719391352850500029e-02	7.523143844143519166e-02
1.095754953392921607e+03	2.625305403807247084e-01	1.714933136398180125e-01	2.465074424930862040e-01	1.458804284509563065e-01	7.108752757647077147e-02	2.719391352850500029e-02	7.530683393006114279e-02
1.097206284457018228e+03	2.623014475640301768e-01	1.713454448764931970e-01	2.466754503117019048e-01	1.459609478921147507e-01	7.114073489715952436e-02	2.719391352850500029e-02	7.538206092961757809e-02
1.098657615521114849e+03	2.620727616473180754e-01	1.711978235417803140e-01	2.468431953084870567e-01	1.460413332262760766e-01	7.119385253298428362e-02	2.719391352850500029e-02	7.545712021427138094e-02
1.100108946585211470e+03	2.618444819238259225e-01	1.710504492273594024e-01	2.470106774949089312e-01	1.461215846888982151e-01	7.124688058571539140e-02	2.719391352850500029e-02	7.553201255040938034e-02
1.101560277649308091e+03	2.616166076878544966e-01	1.709033215254522620e-01	2.471778968883412420e-01	1.462017025150291749e-01	7.129981915770172707e-02	2.719391352850500029e-02	7.560673869673835423e-02
1.103011608713404712e+03	2.613891382347685033e-01	1.707564400288234530e-01	2.473448535119773528e-01	1.462816869393078201e-01	7.135266835185645473e-02	2.719391352850500029e-02	7.568129940438372838e-02
1.104462939777501106e+03	2.611620728609967412e-01	1.706098043307814338e-01	2.475115473947445410e-01	1.463615381959645634e-01	7.140542827164328421e-02	2.719391352850500029e-02	7.575569541698673470e-02
1.105914270841597499e+03	2.609354108640329906e-01	1.704634140251797270e-01	2.476779785712191484e-01	1.464412565188218940e-01	7.145809902106317613e-02	2.719391352850500029e-02	7.582992747080044560e-02
1.107365601905694348e+03	2.607091515424363459e-01	1.703172687064178070e-01	2.478441470815424819e-01	1.465208421412950157e-01	7.151068070464149107e-02	2.719391352850500029e-02	7.590399629478428167e-02
1.108816932969790741e+03	2.604832941958316050e-01	1.701713679694422943e-01	2.480100529713379076e-01	1.466002952963925410e-01	7.156317342741562448e-02	2.719391352850500029e-02	7.597790261069742312e-02
1.110268264033887590e+03	2.602578381249099349e-01	1.700257114097478428e-01	2.481756962916287501e-01	1.466796162167171014e-01	7.161557729492298852e-02	2.719391352850500029e-02	7.605164713319079173e-02
1.111719595097984211e+03	2.600327826314289825e-01	1.698802986233781398e-01	2.483410770987571348e-01	1.467588051344659583e-01	7.166789241318931303e-02	2.719391352850500029e-02	7.612523056989793646e-02
1.113170926162080832e+03	2.598081270182132640e-01	1.697351292069268491e-01	2.485061954543037743e-01	1.468378622814316414e-01	7.172011888871732133e-02	2.719391352850500029e-02	7.619865362152457300e-02
1.114622257226177226e+03	2.595838705891547749e-01	1.695902027575385551e-01	2.486710514250088100e-01	1.469167878890026424e-01	7.177225682847572508e-02	2.719391352850500029e-02	7.627191698193690195e-02
1.116073588290273847e+03	2.593600126492129898e-01	1.694455188729095951e-01	2.488356450826935129e-01	1.469955821881639701e-01	7.182430633988848290e-02	2.719391352850500029e-02	7.634502133824885850e-02
1.117524919354370468e+03	2.591365525044151963e-01	1.693010771512889201e-01	2.489999765041830126e-01	1.470742454094978446e-01	7.187626753082439202e-02	2.719391352850500029e-02	7.641796737090807146e-02
1.118976250418467089e+03	2.589134894618568827e-01	1.691568771914790104e-01	2.491640457712298029e-01	1.471527777831843076e-01	7.192814050958683258e-02	2.719391352850500029e-02	7.649075575378065650e-02
1.120427581482563710e+03	2.586908228297017387e-01	1.690129185928365974e-01	2.493278529704385238e-01	1.472311795390017775e-01	7.197992538490381731e-02	2.719391352850500029e-02	7.656338715423499641e-02
1.121878912546660331e+03	2.584685519171820989e-01	1.688692009552735518e-01	2.494913981931913827e-01	1.473094509063278268e-01	7.203162226591834638e-02	2.719391352850500029e-02	7.663586223322424451e-02
1.123330243610756725e+03	2.582466760345988877e-01	1.687257238792575220e-01	2.496546815355746296e-01	1.473875921141397372e-01	7.208323126217881793e-02	2.719391352850500029e-02	7.670818164536782890e-02
1.124781574674853118e+03	2.580251944933217856e-01	1.685824869658127390e-01	2.498177030983060598e-01	1.474656033910151653e-01	7.213475248362979930e-02	2.719391352850500029e-02	7.678034603903183264e-02
1.126232905738949967e+03	2.578041066057894515e-01	1.684394898165208210e-01	2.499804629866632655e-01	1.475434849651327540e-01	7.218618604060285382e-02	2.719391352850500029e-02	7.685235605640826362e-02
1.127684236803046360e+03	2.575834116855094114e-01	1.682967320335213290e-01	2.501429613104129701e-01	1.476212370642726868e-01	7.223753204380770065e-02	2.719391352850500029e-02	7.692421233359332533e-02
1.129135567867143209e+03	2.573631090470582805e-01	1.681542132195124883e-01	2.503051981837411955e-01	1.476988599158174931e-01	7.228879060432340242e-02	2.719391352850500029e-02	7.699591550066454959e-02
1.130586898931239830e+03	2.571431980060817635e-01	1.680119329777518267e-01	2.504671737251843444e-01	1.477763537467525756e-01	7.233996183358985810e-02	2.719391352850500029e-02	7.706746618175705499e-02
1.132038229995336451e+03	2.569236778792944875e-01	1.678698909120568405e-01	2.506288880575612832e-01	1.478537187836668210e-01	7.239104584339937920e-02	2.719391352850500029e-02	7.713886499513859796e-02
1.133489561059432845e+03	2.567045479844802247e-01	1.677280866268055504e-01	2.507903413079061172e-01	1.479309552527532934e-01	7.244204274588847414e-02	2.719391352850500029e-02	7.721011255328376344e-02
1.134940892123529466e+03	2.564858076404917253e-01	1.675865197269370555e-01	2.509515336074019665e-01	1.480080633798098178e-01	7.249295265352967421e-02	2.719391352850500029e-02	7.728120946294712856e-02
1.136392223187626087e+03	2.562674561672505513e-01	1.674451898179522003e-01	2.511124650913157952e-01	1.480850433902397012e-01	7.254377567912367875e-02	2.719391352850500029e-02	7.735215632523542717e-02
1.137843554251722708e+03	2.560494928857471875e-01	1.673040965059140184e-01	2.512731358989337971e-01	1.481618955090522050e-01	7.259451193579145867e-02	2.719391352850500029e-02	7.742295373567877059e-02
1.139294885315819101e+03	2.558319171180406526e-01	1.671632393974482877e-01	2.514335461734977240e-01	1.482386199608633215e-01	7.264516153696663758e-02	2.719391352850500029e-02	7.749360228430086928e-02
1.140746216379915950e+03	2.556147281872586108e-01	1.670226180997440024e-01	2.515936960621421026e-01	1.483152169698963851e-01	7.269572459638794226e-02	2.719391352850500029e-02	7.756410255568850498e-02
1.142197547444012343e+03	2.553979254175970381e-01	1.668822322205538722e-01	2.517535857158324508e-01	1.483916867599826273e-01	7.274620122809175027e-02	2.719391352850500029e-02	7.763445512905982338e-02
1.143648878508108737e+03	2.551815081343201674e-01	1.667420813681947944e-01	2.519132152893040488e-01	1.484680295545618423e-01	7.279659154640484575e-02	2.719391352850500029e-02	7.770466057833187723e-02
1.145100209572205586e+03	2.549654756637600994e-01	1.666021651515482149e-01	2.520725849410017094e-01	1.485442455766830816e-01	7.284689566593717525e-02	2.719391352850500029e-02	7.777471947218723980e-02
1.146551540636302207e+03	2.547498273333168028e-01	1.664624831800606275e-01	2.522316948330202702e-01	1.486203350490052366e-01	7.289711370157488102e-02	2.719391352850500029e-02	7.784463237413975778e-02
1.148002871700398828e+03	2.545345624714576149e-01	1.663230350637439625e-01	2.523905451310458625e-01	1.486962981937975659e-01	7.294724576847326503e-02	2.719391352850500029e-02	7.791439984259931895e-02
1.149454202764495449e+03	2.543196804077171302e-01	1.661838204131758923e-01	2.525491360042980693e-01	1.487721352329405555e-01	7.299729198205000269e-02	2.719391352850500029e-02	7.798402243093596753e-02
1.150905533828591842e+03	2.541051804726967567e-01	1.660448388395003028e-01	2.527074676254728036e-01	1.488478463879263081e-01	7.304725245797845379e-02	2.719391352850500029e-02	7.805350068754290938e-02
1.152356864892688463e+03	2.538910619980646044e-01	1.659060899544275713e-01	2.528655401706861316e-01	1.489234318798593470e-01	7.309712731218091786e-02	2.719391352850500029e-02	7.812283515589894811e-02
1.153808195956785084e+03	2.536773243165550418e-01	1.657675733702348442e-01	2.530233538194184284e-01	1.489988919294571723e-01	7.314691666082225041e-02	2.719391352850500029e-02	7.819202637462985273e-02
1.155259527020881706e+03	2.534639667619682513e-01	1.656292886997663971e-01	2.531809087544597547e-01	1.490742267570508428e-01	7.319662062030332650e-02	2.719391352850500029e-02	7.826107487756908676e-02
1.156710858084978327e+03	2.532509886691699519e-01	1.654912355564339965e-01	2.533382051618556230e-01	1.491494365825856983e-01	7.324623930725483734e-02	2.719391352850500029e-02	7.832998119381766322e-02
1.158162189149074720e+03	2.530383893740907886e-01	1.653534135542170380e-01	2.534952432308538728e-01	1.492245216256219420e-01	7.329577283853093428e-02	2.719391352850500029e-02	7.839874584780316680e-02
1.159613520213171569e+03	2.528261682137264432e-01	1.652158223076628796e-01	2.536520231538518799e-01	1.492994821053352517e-01	7.334522133120321974e-02	2.719391352850500029e-02	7.846736935933809609e-02
1.161064851277267962e+03	2.526143245261366355e-01	1.650784614318870358e-01	2.538085451263446535e-01	1.493743182405174452e-01	7.339458490255462708e-02	2.719391352850500029e-02	7.853585224367731765e-02
1.162516182341364356e+03	2.524028576504449561e-01	1.649413305425734277e-01	2.539648093468738765e-01	1.494490302495770917e-01	7.344386367007352256e-02	2.719391352850500029e-02	7.860419501157485389e-02
1.163967513405461204e+03	2.521917669268383677e-01	1.648044292559746049e-01	2.541208160169770025e-01	1.495236183505400940e-01	7.349305775144779340e-02	2.719391352850500029e-02	7.867239816933985219e-02
1.165418844469557826e+03	2.519810516965666491e-01	1.646677571889118841e-01	2.542765653411377946e-01	1.495980827610503827e-01	7.354216726455915787e-02	2.719391352850500029e-02	7.874046221889187402e-02
1.166870175533654447e+03	2.517707113019417853e-01	1.645313139587755991e-01	2.544320575267371431e-01	1.496724236983705270e-01	7.359119232747737827e-02	2.719391352850500029e-02	7.880838765781539301e-02
1.168321506597751068e+03	2.515607450863378003e-01	1.643950991835251285e-01	2.545872927840043820e-01	1.497466413793823170e-01	7.364013305845473756e-02	2.719391352850500029e-02	7.887617497941359912e-02
1.169772837661847461e+03	2.513511523941897585e-01	1.642591124816891179e-01	2.547422713259697158e-01	1.498207360205874306e-01	7.368898957592048826e-02	2.719391352850500029e-02	7.894382467276152282e-02
1.171224168725944082e+03	2.511419325709935979e-01	1.641233534723656740e-01	2.548969933684170353e-01	1.498947078381079878e-01	7.373776199847539847e-02	2.719391352850500029e-02	7.901133722275834048e-02
1.172675499790040703e+03	2.509330849633052973e-01	1.639878217752223644e-01	2.550514591298373990e-01	1.499685570476873009e-01	7.378645044488647831e-02	2.719391352850500029e-02	7.907871311017916627e-02
1.174126830854137097e+03	2.507246089187404325e-01	1.638525170104963569e-01	2.552056688313831811e-01	1.500422838646903734e-01	7.383505503408156756e-02	2.719391352850500029e-02	7.914595281172601138e-02
1.175578161918233945e+03	2.505165037859736765e-01	1.637174387989945024e-01	2.553596226968228300e-01	1.501158885041046220e-01	7.388357588514428420e-02	2.719391352850500029e-02	7.921305680007813266e-02
1.177029492982330339e+03	2.503087689147376338e-01	1.635825867620933627e-01	2.555133209524961813e-01	1.501893711805404041e-01	7.393201311730876468e-02	2.719391352850500029e-02	7.928002554394168733e-02
1.178480824046426733e+03	2.501014036558228959e-01	1.634479605217394049e-01	2.556667638272706045e-01	1.502627321082316836e-01	7.398036684995468182e-02	2.719391352850500029e-02	7.934685950809876320e-02
1.179932155110523581e+03	2.498944073610769034e-01	1.633135597004488626e-01	2.558199515524974821e-01	1.503359715010366970e-01	7.402863720260230429e-02	2.719391352850500029e-02	7.941355915345575667e-02
1.181383486174620202e+03	2.496877793834035575e-01	1.631793839213078745e-01	2.559728843619694660e-01	1.504090895724385091e-01	7.407682429490752840e-02	2.719391352850500029e-02	7.948012493709108450e-02
1.182834817238716823e+03	2.494815190767623869e-01	1.630454328079724013e-01	2.561255624918783447e-01	1.504820865355455950e-01	7.412492824665706248e-02	2.719391352850500029e-02	7.954655731230225735e-02
1.184286148302813444e+03	2.492756257961679101e-01	1.629117059846683369e-01	2.562779861807731319e-01	1.505549626030925625e-01	7.417294917776368068e-02	2.719391352850500029e-02	7.961285672865239804e-02
1.185737479366910065e+03	2.490700988976888297e-01	1.627782030761914800e-01	2.564301556695193218e-01	1.506277179874407901e-01	7.422088720826156005e-02	2.719391352850500029e-02	7.967902363201605220e-02
1.187188810431006686e+03	2.488649377384474226e-01	1.626449237079073962e-01	2.565820712012581994e-01	1.507003529005788711e-01	7.426874245830160370e-02	2.719391352850500029e-02	7.974505846462451308e-02
1.188640141495103080e+03	2.486601416766187900e-01	1.625118675057514728e-01	2.567337330213670388e-01	1.507728675541234464e-01	7.431651504814690279e-02	2.719391352850500029e-02	7.981096166511041090e-02
1.190091472559199701e+03	2.484557100714300248e-01	1.623790340962288914e-01	2.568851413774194681e-01	1.508452621593195930e-01	7.436420509816826785e-02	2.719391352850500029e-02	7.987673366855181645e-02
1.191542803623296322e+03	2.482516422831594904e-01	1.622464231064145446e-01	2.570362965191468896e-01	1.509175369270416844e-01	7.441181272883982956e-02	2.719391352850500029e-02	7.994237490651566469e-02
1.192994134687392716e+03	2.480479376731360153e-01	1.621140341639528692e-01	2.571871986984000658e-01	1.509896920677938070e-01	7.445933806073461170e-02	2.719391352850500029e-02	8.000788580710077591e-02
1.194445465751489564e+03	2.478445956037381714e-01	1.619818668970578468e-01	2.573378481691112607e-01	1.510617277917104817e-01	7.450678121452028457e-02	2.719391352850500029e-02	8.007326679498012745e-02
1.195896796815585958e+03	2.476416154383933865e-01	1.618499209345129197e-01	2.574882451872570477e-01	1.511336443085572745e-01	7.455414231095494615e-02	2.719391352850500029e-02	8.013851829144259808e-02
1.197348127879682352e+03	2.474389965415771941e-01	1.617181959056708251e-01	2.576383900108216163e-01	1.512054418277313239e-01	7.460142147088293096e-02	2.719391352850500029e-02	8.020364071443430998e-02
1.198799458943779200e+03	2.472367382788122625e-01	1.615866914404535393e-01	2.577882828997604125e-01	1.512771205582620904e-01	7.464861881523068843e-02	2.719391352850500029e-02	8.026863447859923506e-02
1.200250790007875821e+03	2.470348400166677838e-01	1.614554071693520554e-01	2.579379241159642788e-01	1.513486807088118558e-01	7.469573446500279990e-02	2.719391352850500029e-02	8.033349999531939900e-02
1.201702121071972442e+03	2.468333011227584195e-01	1.613243427234263005e-01	2.580873139232247593e-01	1.514201224876763896e-01	7.474276854127788472e-02	2.719391352850500029e-02	8.039823767275446065e-02
1.203153452136069063e+03	2.466321209657434954e-01	1.611934977343049691e-01	2.582364525871985173e-01	1.514914461027855874e-01	7.478972116520479774e-02	2.719391352850500029e-02	8.046284791588084739e-02
1.204604783200165684e+03	2.464312989153261413e-01	1.610628718341853560e-01	2.583853403753738065e-01	1.515626517617039426e-01	7.483659245799866022e-02	2.719391352850500029e-02	8.052733112653030767e-02
1.206056114264262078e+03	2.462308343422524026e-01	1.609324646558331906e-01	2.585339775570361098e-01	1.516337396716313790e-01	7.488338254093708513e-02	2.719391352850500029e-02	8.059168770342803323e-02
1.207507445328358699e+03	2.460307266183102970e-01	1.608022758325824420e-01	2.586823644032352210e-01	1.517047100394036674e-01	7.493009153535643008e-02	2.719391352850500029e-02	8.065591804223019856e-02
1.208958776392455093e+03	2.458309751163289536e-01	1.606723049983350693e-01	2.588305011867519934e-01	1.517755630714930914e-01	7.497671956264807813e-02	2.719391352850500029e-02	8.072002253556107010e-02
1.210410107456551941e+03	2.456315792101776696e-01	1.605425517875609387e-01	2.589783881820660882e-01	1.518462989740091973e-01	7.502326674425480180e-02	2.719391352850500029e-02	8.078400157304953255e-02
1.211861438520648335e+03	2.454325382747650219e-01	1.604130158352974900e-01	2.591260256653242222e-01	1.519169179526991265e-01	7.506973320166715480e-02	2.719391352850500029e-02	8.084785554136529606e-02
1.213312769584745183e+03	2.452338516860377848e-01	1.602836967771495702e-01	2.592734139143081928e-01	1.519874202129484486e-01	7.511611905641993325e-02	2.719391352850500029e-02	8.091158482425445109e-02
1.214764100648841804e+03	2.450355188209800972e-01	1.601545942492891561e-01	2.594205532084040700e-01	1.520578059597816889e-01	7.516242443008867846e-02	2.719391352850500029e-02	8.097518980257466248e-02
1.216215431712937971e+03	2.448375390576125188e-01	1.600257078884551598e-01	2.595674438285715535e-01	1.521280753978629663e-01	7.520864944428629073e-02	2.719391352850500029e-02	8.103867085432987782e-02
1.217666762777034819e+03	2.446399117749909757e-01	1.598970373319531513e-01	2.597140860573135535e-01	1.521982287314965210e-01	7.525479422065960156e-02	2.719391352850500029e-02	8.110202835470455007e-02
1.219118093841131440e+03	2.444426363532058444e-01	1.597685822176551085e-01	2.598604801786464913e-01	1.522682661646274083e-01	7.530085888088604296e-02	2.719391352850500029e-02	8.116526267609745771e-02
1.220569424905228061e+03	2.442457121733809244e-01	1.596403421839990844e-01	2.600066264780709901e-01	1.523381879008420259e-01	7.534684354667034456e-02	2.719391352850500029e-02	8.122837418815502530e-02
1.222020755969324682e+03	2.440491386176723843e-01	1.595123168699889571e-01	2.601525252425426760e-01	1.524079941433688079e-01	7.539274833974134171e-02	2.719391352850500029e-02	8.129136325780425554e-02
1.223472087033421303e+03	2.438529150692678171e-01	1.593845059151941801e-01	2.602981767604436447e-01	1.524776850950788076e-01	7.543857338184878358e-02	2.719391352850500029e-02	8.135423024928520319e-02
1.224923418097517697e+03	2.436570409123852421e-01	1.592569089597495047e-01	2.604435813215543738e-01	1.525472609584861972e-01	7.548431879476014128e-02	2.719391352850500029e-02	8.141697552418301898e-02
1.226374749161614318e+03	2.434615155322720770e-01	1.591295256443545636e-01	2.605887392170258554e-01	1.526167219357489613e-01	7.552998470025754085e-02	2.719391352850500029e-02	8.147959944145957700e-02
1.227826080225710712e+03	2.432663383152039449e-01	1.590023556102735935e-01	2.607336507393521186e-01	1.526860682286694804e-01	7.557557122013475182e-02	2.719391352850500029e-02	8.154210235748468594e-02
1.229277411289807560e+03	2.430715086484838139e-01	1.588753984993352131e-01	2.608783161823433616e-01	1.527553000386951687e-01	7.562107847619414791e-02	2.719391352850500029e-02	8.160448462606688380e-02
1.230728742353903954e+03	2.428770259204409421e-01	1.587486539539319785e-01	2.610227358410990850e-01	1.528244175669189742e-01	7.566650659024375114e-02	2.719391352850500029e-02	8.166674659848388584e-02
1.232180073418000802e+03	2.426828895204296566e-01	1.586221216170200232e-01	2.611669100119820008e-01	1.528934210140800998e-01	7.571185568409431743e-02	2.719391352850500029e-02	8.172888862351250505e-02
1.233631404482097196e+03	2.424890988388284097e-01	1.584958011321188354e-01	2.613108389925921093e-01	1.529623105805645034e-01	7.575712587955653332e-02	2.719391352850500029e-02	8.179091104745830898e-02
1.235082735546193817e+03	2.422956532670386409e-01	1.583696921433107585e-01	2.614545230817408306e-01	1.530310864664055637e-01	7.580231729843807387e-02	2.719391352850500029e-02	8.185281421418481862e-02
1.236534066610290438e+03	2.421025521974837225e-01	1.582437942952407972e-01	2.615979625794263019e-01	1.530997488712846077e-01	7.584743006254092423e-02	2.719391352850500029e-02	8.191459846514236032e-02
1.237985397674387059e+03	2.419097950236079042e-01	1.581181072331160620e-01	2.617411577868082317e-01	1.531682979945315770e-01	7.589246429365859026e-02	2.719391352850500029e-02	8.197626413939645973e-02
1.239436728738483680e+03	2.417173811398751204e-01	1.579926306027055471e-01	2.618841090061832522e-01	1.532367340351255547e-01	7.593742011357339228e-02	2.719391352850500029e-02	8.203781157365598597e-02
1.240888059802580301e+03	2.415253099417679350e-01	1.578673640503396591e-01	2.620268165409611605e-01	1.533050571916954596e-01	7.598229764405384223e-02	2.719391352850500029e-02	8.209924110230082395e-02
1.242339390866676695e+03	2.413335808257864035e-01	1.577423072229098000e-01	2.621692806956409938e-01	1.533732676625205182e-01	7.602709700685202077e-02	2.719391352850500029e-02	8.216055305740924131e-02
1.243790721930773088e+03	2.411421931894469628e-01	1.576174597678680900e-01	2.623115017757872147e-01	1.534413656455309583e-01	7.607181832370096819e-02	2.719391352850500029e-02	8.222174776878485303e-02
1.245242052994869937e+03	2.409511464312812934e-01	1.574928213332268678e-01	2.624534800880068963e-01	1.535093513383085639e-01	7.611646171631217261e-02	2.719391352850500029e-02	8.228282556398329450e-02
1.246693384058966330e+03	2.407604399508352366e-01	1.573683915675582468e-01	2.625952159399268515e-01	1.535772249380872312e-01	7.616102730637305807e-02	2.719391352850500029e-02	8.234378676833847832e-02
1.248144715123063179e+03	2.405700731486675181e-01	1.572441701199938369e-01	2.627367096401710955e-01	1.536449866417535781e-01	7.620551521554454200e-02	2.719391352850500029e-02	8.240463170498850409e-02
1.249596046187159800e+03	2.403800454263487485e-01	1.571201566402241623e-01	2.628779614983386415e-01	1.537126366458476112e-01	7.624992556545860667e-02	2.719391352850500029e-02	8.246536069490134624e-02
1.251047377251256421e+03	2.401903561864601744e-01	1.569963507784983003e-01	2.630189718249814623e-01	1.537801751465632250e-01	7.629425847771588443e-02	2.719391352850500029e-02	8.252597405690000054e-02
1.252498708315352815e+03	2.400010048325925127e-01	1.568727521856234930e-01	2.631597409315833414e-01	1.538476023397487846e-01	7.633851407388336785e-02	2.719391352850500029e-02	8.258647210768753355e-02
1.253950039379449436e+03	2.398119907693448682e-01	1.567493605129646195e-01	2.633002691305381116e-01	1.539149184209078203e-01	7.638269247549205054e-02	2.719391352850500029e-02	8.264685516187161851e-02
1.255401370443546057e+03	2.396233134023234568e-01	1.566261754124437244e-01	2.634405567351289501e-01	1.539821235851994985e-01	7.642679380403460954e-02	2.719391352850500029e-02	8.270712353198886313e-02
1.256852701507642678e+03	2.394349721381404950e-01	1.565031965365397681e-01	2.635806040595077282e-01	1.540492180274392331e-01	7.647081818096326811e-02	2.719391352850500029e-02	8.276727752852869324e-02
1.258304032571739299e+03	2.392469663844128680e-01	1.563804235382878494e-01	2.637204114186745274e-01	1.541162019420993512e-01	7.651476572768751983e-02	2.719391352850500029e-02	8.282731745995709771e-02
1.259755363635835920e+03	2.390592955497611583e-01	1.562578560712790110e-01	2.638599791284575447e-01	1.541830755233095929e-01	7.655863656557194974e-02	2.719391352850500029e-02	8.288724363273995699e-02
1.261206694699932314e+03	2.388719590438083684e-01	1.561354937896595740e-01	2.639993075054933858e-01	1.542498389648577217e-01	7.660243081593415271e-02	2.719391352850500029e-02	8.294705635136603861e-02
1.262658025764028707e+03	2.386849562771785893e-01	1.560133363481308044e-01	2.641383968672075255e-01	1.543164924601901078e-01	7.664614860004254071e-02	2.719391352850500029e-02	8.300675591836975675e-02
1.264109356828125556e+03	2.384982866614959174e-01	1.558913834019483580e-01	2.642772475317947678e-01	1.543830362024122549e-01	7.668979003911435832e-02	2.719391352850500029e-02	8.306634263435361265e-02
1.265560687892221949e+03	2.383119496093832890e-01	1.557696346069217808e-01	2.644158598182007602e-01	1.544494703842895778e-01	7.673335525431360105e-02	2.719391352850500029e-02	8.312581679801034351e-02
1.267012018956318798e+03	2.381259445344610370e-01	1.556480896194140373e-01	2.645542340461028985e-01	1.545157951982477074e-01	7.677684436674896140e-02	2.719391352850500029e-02	8.318517870614476617e-02
1.268463350020415419e+03	2.379402708513459475e-01	1.555267480963410109e-01	2.646923705358919521e-01	1.545820108363732959e-01	7.682025749747194154e-02	2.719391352850500029e-02	8.324442865369535705e-02
1.269914681084511813e+03	2.377549279756497602e-01	1.554056096951709487e-01	2.648302696086539121e-01	1.546481174904144884e-01	7.686359476747484099e-02	2.719391352850500029e-02	8.330356693375554067e-02
1.271366012148608434e+03	2.375699153239781702e-01	1.552846740739240727e-01	2.649679315861522277e-01	1.547141153517815060e-01	7.690685629768888310e-02	2.719391352850500029e-02	8.336259383759470065e-02
1.272817343212705055e+03	2.373852323139294673e-01	1.551639408911719697e-01	2.651053567908097652e-01	1.547800046115472561e-01	7.695004220898229996e-02	2.719391352850500029e-02	8.342150965467888535e-02
1.274268674276801676e+03	2.372008783640932317e-01	1.550434098060370358e-01	2.652425455456917103e-01	1.548457854604478878e-01	7.699315262215850053e-02	2.719391352850500029e-02	8.348031467269133310e-02
1.275720005340898297e+03	2.370168528940492514e-01	1.549230804781920601e-01	2.653794981744881931e-01	1.549114580888834025e-01	7.703618765795419709e-02	2.719391352850500029e-02	8.353900917755263666e-02
1.277171336404994690e+03	2.368331553243661070e-01	1.548029525678595586e-01	2.655162150014975797e-01	1.549770226869181811e-01	7.707914743703768445e-02	2.719391352850500029e-02	8.359759345344065784e-02
1.278622667469091539e+03	2.366497850766000333e-01	1.546830257358114413e-01	2.656526963516094852e-01	1.550424794442815668e-01	7.712203208000700805e-02	2.719391352850500029e-02	8.365606778281024780e-02
1.280073998533187932e+03	2.364667415732936429e-01	1.545632996433682627e-01	2.657889425502885650e-01	1.551078285503684762e-01	7.716484170738827086e-02	2.719391352850500029e-02	8.371443244641260661e-02
1.281525329597284326e+03	2.362840242379745104e-01	1.544437739523988051e-01	2.659249539235581383e-01	1.551730701942399815e-01	7.720757643963387096e-02	2.719391352850500029e-02	8.377268772331453173e-02
1.282976660661381175e+03	2.361016324951541456e-01	1.543244483253194688e-01	2.660607307979843128e-01	1.552382045646238107e-01	7.725023639712085000e-02	2.719391352850500029e-02	8.383083389091725013e-02
1.284427991725477568e+03	2.359195657703264670e-01	1.542053224250937715e-01	2.661962735006602743e-01	1.553032318499149855e-01	7.729282170014926956e-02	2.719391352850500029e-02	8.388887122497512561e-02
1.285879322789574417e+03	2.357378234899667191e-01	1.540863959152317664e-01	2.663315823591905773e-01	1.553681522381763769e-01	7.733533246894049029e-02	2.719391352850500029e-02	8.394679999961406069e-02
1.287330653853671038e+03	2.355564050815301125e-01	1.539676684597894585e-01	2.664666577016757687e-01	1.554329659171392319e-01	7.737776882363565922e-02	2.719391352850500029e-02	8.400462048734973208e-02
1.288781984917767431e+03	2.353753099734505194e-01	1.538491397233683056e-01	2.666014998566977323e-01	1.554976730742038404e-01	7.742013088429407219e-02	2.719391352850500029e-02	8.406233295910552072e-02
1.290233315981864052e+03	2.351945375951392803e-01	1.537308093711145240e-01	2.667361091533043127e-01	1.555622738964400065e-01	7.746241877089163341e-02	2.719391352850500029e-02	8.411993768423017825e-02
