1.301360187473271253e+03	2.358559607525974045e-01	1.504751252059646216e-01	2.592535108592141091e-01	1.617585048776366552e-01	7.674991070633199741e-02	3.179225956435086098e-02	8.411472803352390559e-02
1.306197957686926657e+03	2.352789859705256836e-01	1.500661876384820348e-01	2.596197056069989295e-01	1.620178329303193776e-01	7.686341802460386341e-02	3.186112753652169810e-02	8.429274229216796033e-02
1.311035727900581833e+03	2.347052861520233236e-01	1.496595734572056802e-01	2.599839769130903866e-01	1.622755294523561820e-01	7.697622071738725869e-02	3.192995630542708879e-02	8.446945700212957209e-02
1.315873498114237009e+03	2.341348419555152605e-01	1.492552695825912490e-01	2.603463330726667468e-01	1.625316074294618773e-01	7.708832427070738680e-02	3.199873908495242530e-02	8.464488460372450451e-02
1.320711268327892412e+03	2.335676341722034421e-01	1.488532630027061265e-01	2.607067823881228374e-01	1.627860796981526470e-01	7.719973410448337237e-02	3.206746926525821939e-02	8.481903736869288168e-02
1.325549038541547588e+03	2.330036437247392789e-01	1.484535407730623591e-01	2.610653331679064770e-01	1.630389589477619361e-01	7.731045557400366419e-02	3.213614040906077191e-02	8.499192740308504634e-02
1.330386808755202765e+03	2.324428516659178823e-01	1.480560900164451799e-01	2.614219937253816073e-01	1.632902577224679408e-01	7.742049397132542976e-02	3.220474624798876084e-02	8.516356665009269800e-02
1.335224578968857941e+03	2.318852391773929544e-01	1.476608979227363727e-01	2.617767723777176814e-01	1.635399884233267043e-01	7.752985452660507426e-02	3.227328067901413799e-02	8.533396689282657377e-02
1.340062349182513572e+03	2.313307875684120496e-01	1.472679517487336665e-01	2.621296774448050315e-01	1.637881633103050738e-01	7.763854240936635120e-02	3.234173776095577990e-02	8.550313975704165737e-02
1.344900119396168748e+03	2.307794782745719586e-01	1.468772388179652999e-01	2.624807172481964934e-01	1.640347945043089672e-01	7.774656272971183779e-02	3.241011171105413757e-02	8.567109671381085978e-02
1.349737889609823924e+03	2.302312928565934946e-01	1.464887465205007844e-01	2.628299001100750654e-01	1.642798939892034793e-01	7.785392053948274327e-02	3.247839690161560128e-02	8.583784908214843468e-02
1.354575659823479100e+03	2.296862129991151524e-01	1.461024623127573363e-01	2.631772343522464364e-01	1.645234736138204146e-01	7.796062083337156057e-02	3.254658785672488036e-02	8.600340803158387781e-02
1.359413430037134731e+03	2.291442205095056139e-01	1.457183737173026739e-01	2.635227282951568828e-01	1.647655450939514987e-01	7.806666854999147476e-02	3.261467924902414217e-02	8.616778458468733748e-02
1.364251200250789907e+03	2.286052973166943225e-01	1.453364683226538723e-01	2.638663902569365893e-01	1.650061200143236595e-01	7.817206857290623367e-02	3.268266589655739740e-02	8.633098961954760453e-02
1.369088970464445310e+03	2.280694254700198209e-01	1.449567337830726943e-01	2.642082285524662288e-01	1.652452098305554617e-01	7.827682573162322854e-02	3.275054275967880651e-02	8.649303387220347306e-02
1.373926740678100487e+03	2.275365871380957139e-01	1.445791578183574511e-01	2.645482514924686335e-01	1.654828258710918931e-01	7.838094480255304586e-02	3.281830493802356113e-02	8.665392793902944313e-02
1.378764510891755890e+03	2.270067646076935897e-01	1.442037282136315046e-01	2.648864673826237248e-01	1.657189793391166399e-01	7.848443050993753056e-02	3.288594766754011217e-02	8.681368227907663992e-02
1.383602281105411066e+03	2.264799402826424835e-01	1.438304328191286063e-01	2.652228845227069254e-01	1.659536813144404932e-01	7.858728752674888629e-02	3.295346631758241940e-02	8.697230721636993456e-02
1.388440051319066470e+03	2.259560966827449113e-01	1.434592595499750711e-01	2.655575112057501630e-01	1.661869427553651080e-01	7.868952047556163065e-02	3.302085638806097345e-02	8.712981294216193273e-02
1.393277821532721646e+03	2.254352164427089189e-01	1.430901963859691206e-01	2.658903557172255239e-01	1.664187745005207830e-01	7.879113392939918192e-02	3.308811350665148698e-02	8.728620951714476106e-02
1.398115591746377049e+03	2.249172823110957287e-01	1.427232313713572565e-01	2.662214263342511100e-01	1.666491872706784561e-01	7.889213241255672859e-02	3.315523342605992962e-02	8.744150687362053920e-02
1.402953361960032225e+03	2.244022771492827362e-01	1.423583526146079692e-01	2.665507313248183241e-01	1.668781916705346924e-01	7.899252040140170017e-02	3.322221202134297002e-02	8.759571481763130107e-02
1.407791132173687402e+03	2.238901839304417163e-01	1.419955482881828102e-01	2.668782789470405814e-01	1.671057981904697787e-01	7.909230232515321313e-02	3.328904528728247186e-02	8.774884303104910077e-02
1.412628902387342805e+03	2.233809857385317954e-01	1.416348066283051044e-01	2.672040774484225611e-01	1.673320172082785051e-01	7.919148256664157448e-02	3.335572933581310018e-02	8.790090107362710792e-02
1.417466672600997981e+03	2.228746657673066067e-01	1.412761159347260542e-01	2.675281350651499968e-01	1.675568589908737471e-01	7.929006546304891156e-02	3.342226039350193467e-02	8.805189838501256694e-02
1.422304442814653157e+03	2.223712073193359895e-01	1.409194645704886506e-01	2.678504600213997278e-01	1.677803336959624581e-01	7.938805530663189947e-02	3.348863479907902840e-02	8.820184428672209198e-02
1.427142213028308333e+03	2.218705938050414828e-01	1.405648409616895300e-01	2.681710605286690141e-01	1.680024513736942671e-01	7.948545634542734939e-02	3.355484900101786405e-02	8.835074798408039387e-02
1.431979983241963964e+03	2.213728087417453638e-01	1.402122335972385836e-01	2.684899447851238907e-01	1.682232219682829877e-01	7.958227278394151838e-02	3.362089955516475714e-02	8.849861856812281380e-02
1.436817753455619140e+03	2.208778357527331482e-01	1.398616310286165954e-01	2.688071209749668955e-01	1.684426553196006482e-01	7.967850878382382040e-02	3.368678312241617234e-02	8.864546501746259355e-02
1.441655523669274316e+03	2.203856585663292456e-01	1.395130218696311597e-01	2.691225972678225054e-01	1.686607611647449323e-01	7.977416846452556332e-02	3.375249646644305768e-02	8.879129620012342350e-02
1.446493293882929493e+03	2.198962610149852170e-01	1.391663947961705172e-01	2.694363818181411130e-01	1.688775491395794193e-01	7.986925590394433616e-02	3.381803645146114201e-02	8.893612087533808719e-02
1.451331064096585123e+03	2.194096270343811328e-01	1.388217385459559750e-01	2.697484827646202121e-01	1.690930287802479004e-01	7.996377513905461587e-02	3.388340004004642553e-02	8.907994769531366042e-02
1.456168834310240300e+03	2.189257406625386426e-01	1.384790419182925503e-01	2.700589082296429577e-01	1.693072095246618280e-01	8.005773016652500962e-02	3.394858429099480851e-02	8.922278520696418080e-02
1.461006604523895703e+03	2.184445860389468697e-01	1.381382937738180328e-01	2.703676663187337126e-01	1.695201007139625349e-01	8.015112494332266024e-02	3.401358635722508128e-02	8.936464185361112089e-02
1.465844374737550879e+03	2.179661474036997393e-01	1.377994830342507138e-01	2.706747651200299698e-01	1.697317115939573906e-01	8.024396338730525879e-02	3.407840348372437322e-02	8.950552597665258070e-02
1.470682144951206283e+03	2.174904090966451320e-01	1.374625986821357837e-01	2.709802127037702069e-01	1.699420513165310342e-01	8.033624937780106667e-02	3.414303300553522130e-02	8.964544581720154670e-02
1.475519915164861459e+03	2.170173555565455548e-01	1.371276297605902306e-01	2.712840171217981156e-01	1.701511289410315708e-01	8.042798675617721105e-02	3.420747234578338375e-02	8.978440951769398048e-02
1.480357685378516862e+03	2.165469713202498869e-01	1.367945653730467115e-01	2.715861864070812648e-01	1.703589534356323709e-01	8.051917932639679476e-02	3.427171901374566343e-02	8.992242512346734773e-02
1.485195455592172038e+03	2.160792410218764226e-01	1.364633946829962308e-01	2.718867285732459171e-01	1.705655336786697229e-01	8.060983085556498728e-02	3.433577060295686656e-02	9.005950058430993443e-02
1.490033225805827215e+03	2.156141493920064045e-01	1.361341069137296245e-01	2.721856516141258897e-01	1.707708784599566987e-01	8.069994507446447141e-02	3.439962478935518209e-02	9.019564375598183859e-02
1.494870996019482618e+03	2.151516812568885217e-01	1.358066913480783788e-01	2.724829635033259034e-01	1.709749964820737600e-01	8.078952567808057872e-02	3.446327932946516293e-02	9.033086240170785930e-02
1.499708766233137567e+03	2.146918215376535377e-01	1.354811373281541165e-01	2.727786721937993653e-01	1.711778963616361615e-01	8.087857632611626657e-02	3.452673205861759437e-02	9.046516419364314388e-02
1.504546536446793198e+03	2.142345552495394378e-01	1.351574342550873886e-01	2.730727856174395840e-01	1.713795866305391491e-01	8.096710064349740832e-02	3.458998088920547248e-02	9.059855671431180091e-02
1.509384306660448374e+03	2.137798675011263472e-01	1.348355715887658568e-01	2.733653116846844755e-01	1.715800757371805096e-01	8.105510222086828587e-02	3.465302380897544721e-02	9.073104745801932602e-02
1.514222076874103550e+03	2.133277434935814676e-01	1.345155388475713643e-01	2.736562582841347013e-01	1.717793720476616659e-01	8.114258461507810327e-02	3.471585887935395298e-02	9.086264383223902064e-02
1.519059847087758726e+03	2.128781685199137019e-01	1.341973256081167021e-01	2.739456332821841866e-01	1.719774838469671774e-01	8.122955134965799406e-02	3.477848423380735382e-02	9.099335315897319476e-02
1.523897617301414357e+03	2.124311279642376871e-01	1.338809215049815149e-01	2.742334445226635720e-01	1.721744193401231748e-01	8.131600591528947986e-02	3.484089807623545754e-02	9.112318267608943145e-02
1.528735387515069533e+03	2.119866073010472363e-01	1.335663162304477347e-01	2.745196998264958221e-01	1.723701866533352278e-01	8.140195177026406104e-02	3.490309867939766358e-02	9.125213953863257899e-02
1.533573157728724709e+03	2.115445920944978297e-01	1.332534995342344875e-01	2.748044069913638254e-01	1.725647938351058397e-01	8.148739234093442529e-02	3.496508438337121716e-02	9.138023082011267895e-02
1.538410927942380113e+03	2.111050679976982924e-01	1.329424612232326386e-01	2.750875737913896502e-01	1.727582488573320418e-01	8.157233102215726006e-02	3.502685359404077853e-02	9.150746351376957965e-02
1.543248698156035516e+03	2.106680207520111037e-01	1.326331911612388670e-01	2.753692079768252921e-01	1.729505596163834202e-01	8.165677117772812688e-02	3.508840478161879411e-02	9.163384453381456796e-02
1.548086468369690692e+03	2.102334361863614776e-01	1.323256792686893779e-01	2.756493172737546349e-01	1.731417339341610462e-01	8.174071614080830050e-02	3.514973647919602401e-02	9.175938071664933859e-02
1.552924238583346096e+03	2.098013002165549090e-01	1.320199155223933662e-01	2.759279093838060692e-01	1.733317795591373944e-01	8.182416921434389201e-02	3.521084728132162917e-02	9.188407882206295341e-02
1.557762008797001272e+03	2.093715988446031295e-01	1.317158899552663132e-01	2.762049919838762135e-01	1.735207041673780259e-01	8.190713367147738067e-02	3.527173584261216605e-02	9.200794553440705403e-02
1.562599779010656675e+03	2.089443181580582509e-01	1.314135926560629219e-01	2.764805727258635715e-01	1.737085153635448409e-01	8.198961275595176290e-02	3.533240087638907234e-02	9.213098746374988324e-02
1.567437549224311852e+03	2.085194443293549027e-01	1.311130137691100817e-01	2.767546592364127367e-01	1.738952206818819290e-01	8.207160968250748478e-02	3.539284115334387359e-02	9.225321114700930913e-02
1.572275319437967255e+03	2.080969636151605018e-01	1.308141434940396086e-01	2.770272591166683673e-01	1.740808275871835453e-01	8.215312763727214418e-02	3.545305550023070823e-02	9.237462304906549071e-02
1.577113089651622431e+03	2.076768623557329607e-01	1.305169720855209048e-01	2.772983799420387641e-01	1.742653434757452657e-01	8.223416977814329565e-02	3.551304279858558816e-02	9.249522956385355932e-02
1.581950859865277607e+03	2.072591269742865006e-01	1.302214898529937548e-01	2.775680292619690515e-01	1.744487756762982955e-01	8.231473923516455238e-02	3.557280198347181899e-02	9.261503701543635780e-02
1.586788630078933011e+03	2.068437439763644581e-01	1.299276871604009842e-01	2.778362145997235189e-01	1.746311314509272905e-01	8.239483911089483248e-02	3.563233204225110112e-02	9.273405165905812542e-02
1.591626400292587959e+03	2.064306999492198647e-01	1.296355544259213399e-01	2.781029434521770649e-01	1.748124179959718860e-01	8.247447248077120763e-02	3.569163201337982594e-02	9.285227968217918404e-02
1.596464170506243590e+03	2.060199815612030472e-01	1.293450821217022040e-01	2.783682232896153019e-01	1.749926424429126548e-01	8.255364239346527078e-02	3.575070098522997036e-02	9.296972720549200042e-02
1.601301940719898766e+03	2.056115755611565010e-01	1.290562607735928069e-01	2.786320615555434310e-01	1.751718118592411888e-01	8.263235187123332826e-02	3.580953809493419432e-02	9.308640028391904075e-02
1.606139710933553943e+03	2.052054687778166464e-01	1.287690809608773024e-01	2.788944656665033883e-01	1.753499332493153318e-01	8.271060391026036074e-02	3.586814252725463448e-02	9.320230490759286168e-02
1.610977481147209119e+03	2.048016481192225235e-01	1.284835333160082305e-01	2.791554430118991514e-01	1.755270135551991184e-01	8.278840148099800289e-02	3.592651351347487393e-02	9.331744700281857652e-02
1.615815251360864750e+03	2.044001005721312048e-01	1.281996085243402306e-01	2.794150009538304280e-01	1.757030596574882531e-01	8.286574752849659720e-02	3.598465033031469223e-02	9.343183243301914076e-02
1.620653021574519926e+03	2.040008132014398678e-01	1.279172973238637823e-01	2.796731468269332277e-01	1.758780783761210720e-01	8.294264497273151626e-02	3.604255229886712403e-02	9.354546699966388712e-02
1.625490791788175102e+03	2.036037731496144199e-01	1.276365905049397231e-01	2.799298879382292604e-01	1.760520764711756003e-01	8.301909670892382298e-02	3.610021878355730574e-02	9.365835644318039332e-02
1.630328562001830505e+03	2.032089676361244768e-01	1.273574789100336280e-01	2.801852315669815519e-01	1.762250606436525369e-01	8.309510560785526856e-02	3.615764919112282594e-02	9.377050644385026557e-02
1.635166332215485909e+03	2.028163839568846993e-01	1.270799534334507985e-01	2.804391849645584411e-01	1.763970375362448051e-01	8.317067451617801699e-02	3.621484296961499649e-02	9.388192262268885147e-02
1.640004102429141085e+03	2.024260094837023183e-01	1.268040050210716696e-01	2.806917553543036292e-01	1.765680137340938649e-01	8.324580625671890166e-02	3.627179960742074605e-02	9.399261054230950707e-02
1.644841872642796488e+03	2.020378316637306826e-01	1.265296246700875205e-01	2.809429499314138878e-01	1.767379957655328682e-01	8.332050362877854721e-02	3.632851863230462247e-02	9.410257570777251501e-02
1.649679642856451665e+03	2.016518380189289417e-01	1.262568034287368246e-01	2.811927758628230412e-01	1.769069901028170189e-01	8.339476940842528718e-02	3.638499961047058501e-02	9.421182356741894526e-02
1.654517413070107068e+03	2.012680161455274175e-01	1.259855323960418494e-01	2.814412402870927754e-01	1.770750031628415266e-01	8.346860634878408569e-02	3.644124214564318370e-02	9.432035951368983318e-02
1.659355183283762244e+03	2.008863537134989996e-01	1.257158027215458940e-01	2.816883503143096656e-01	1.772420413078469870e-01	8.354201718032060187e-02	3.649724587816766813e-02	9.442818888393088306e-02
1.664192953497417420e+03	2.005068384660360359e-01	1.254476056050510824e-01	2.819341130259885309e-01	1.774081108461130762e-01	8.361500461112028604e-02	3.655301048412871318e-02	9.453531696118304406e-02
1.669030723711072824e+03	2.001294582190329407e-01	1.251809322963566284e-01	2.821785354749817842e-01	1.775732180326400067e-01	8.368757132716289626e-02	3.660853567448737328e-02	9.464174897495919447e-02
1.673868493924728000e+03	1.997542008605742159e-01	1.249157740949977391e-01	2.824216246853949452e-01	1.777373690698187125e-01	8.375971999259224088e-02	3.666382119423593211e-02	9.474749010200704535e-02
1.678706264138383403e+03	1.993810543504280219e-01	1.246521223499851144e-01	2.826633876525077582e-01	1.779005701080893231e-01	8.383145324998145242e-02	3.671886682157019660e-02	9.485254546705897127e-02
1.683544034352038352e+03	1.990100067195449407e-01	1.243899684595450028e-01	2.829038313427007512e-01	1.780628272465888950e-01	8.390277372059377903e-02	3.677367236707901332e-02	9.495692014356839350e-02
1.688381804565693983e+03	1.986410460695620384e-01	1.241293038708600333e-01	2.831429626933879007e-01	1.782241465337877639e-01	8.397368400463897653e-02	3.682823767295055617e-02	9.506061915443347887e-02
1.693219574779349159e+03	1.982741605723120637e-01	1.238701200798105334e-01	2.833807886129540154e-01	1.783845339681153774e-01	8.404418668152546790e-02	3.688256261219509391e-02	9.516364747270820990e-02
1.698057344993004335e+03	1.979093384693377256e-01	1.236124086307166525e-01	2.836173159806977262e-01	1.785439954985755806e-01	8.411428431010817275e-02	3.693664708788393231e-02	9.526601002230097870e-02
1.702895115206659511e+03	1.975465680714109939e-01	1.233561611160811922e-01	2.838525516467793608e-01	1.787025370253516598e-01	8.418397942893236785e-02	3.699049103240416997e-02	9.536771167866112120e-02
1.707732885420315142e+03	1.971858377580571753e-01	1.231013691763330337e-01	2.840865024321739263e-01	1.788601644004009228e-01	8.425327455647341202e-02	3.704409440672895570e-02	9.546875726945351637e-02
1.712570655633970318e+03	1.968271359770840112e-01	1.228480244995714538e-01	2.843191751286289204e-01	1.790168834280397303e-01	8.432217219137248809e-02	3.709745719970298367e-02	9.556915157522138937e-02
1.717408425847625494e+03	1.964704512441154127e-01	1.225961188213111064e-01	2.845505764986267505e-01	1.791726998655185366e-01	8.439067481266852855e-02	3.715057942734282387e-02	9.566889933003780433e-02
1.722246196061280898e+03	1.961157721421298850e-01	1.223456439242277399e-01	2.847807132753519266e-01	1.793276194235875476e-01	8.445878488002622753e-02	3.720346113215190070e-02	9.576800522214580502e-02
1.727083966274936301e+03	1.957630873210034761e-01	1.220965916379048027e-01	2.850095921626623063e-01	1.794816477670528043e-01	8.452650483396038916e-02	3.725610238244975170e-02	9.586647389458750890e-02
1.731921736488591478e+03	1.954123854970575003e-01	1.218489538385807702e-01	2.852372198350653365e-01	1.796347905153231339e-01	8.459383709605659829e-02	3.730850327171533060e-02	9.596430994582240415e-02
1.736759506702246881e+03	1.950636554526103128e-01	1.216027224488972630e-01	2.854636029376980133e-01	1.797870532429482471e-01	8.466078406918825516e-02	3.736066391794402169e-02	9.606151793033500252e-02
1.741597276915902057e+03	1.947168860355339426e-01	1.213578894376481088e-01	2.856887480863110618e-01	1.799384414801477039e-01	8.472734813773000195e-02	3.741258446301815033e-02	9.615810235923208382e-02
1.746435047129557461e+03	1.943720661588146936e-01	1.211144468195290841e-01	2.859126618672575559e-01	1.800889607133314418e-01	8.479353166776795736e-02	3.746426507209063561e-02	9.625406770082968466e-02
1.751272817343212637e+03	1.940291848001180763e-01	1.208723866548886555e-01	2.861353508374847587e-01	1.802386163856115886e-01	8.485933700730624585e-02	3.751570593298166056e-02	9.634941838123008140e-02
1.756110587556867813e+03	1.936882310013580688e-01	1.206317010494795117e-01	2.863568215245302362e-01	1.803874138973060870e-01	8.492476648647036275e-02	3.756690725558792937e-02	9.644415878488885041e-02
1.760948357770523216e+03	1.933491938682703470e-01	1.203923821542109279e-01	2.865770804265217464e-01	1.805353586064340488e-01	8.498982241770719481e-02	3.761786927130437996e-02	9.653829325517240822e-02
1.765786127984178393e+03	1.930120625699896231e-01	1.201544221649021166e-01	2.867961340121803482e-01	1.806824558292030869e-01	8.505450709598190440e-02	3.766859223245805355e-02	9.663182609490590658e-02
1.770623898197833569e+03	1.926768263386309799e-01	1.199178133220364512e-01	2.870139887208273954e-01	1.808287108404886545e-01	8.511882279897166337e-02	3.771907641175392678e-02	9.672476156691194038e-02
1.775461668411488745e+03	1.923434744688751197e-01	1.196825479105165235e-01	2.872306509623948623e-01	1.809741288743058618e-01	8.518277178725620902e-02	3.776932210173236659e-02	9.681710389454008248e-02
1.780299438625144376e+03	1.920119963175575262e-01	1.194486182594201862e-01	2.874461271174386656e-01	1.811187151242735216e-01	8.524635630450547175e-02	3.781932961423810358e-02	9.690885726218752272e-02
1.785137208838799552e+03	1.916823813032615120e-01	1.192160167417575661e-01	2.876604235371557072e-01	1.812624747440708395e-01	8.530957857766421903e-02	3.786909927990037006e-02	9.700002581581081140e-02
1.789974979052454728e+03	1.913546189059147640e-01	1.189847357742288558e-01	2.878735465434038021e-01	1.814054128478867212e-01	8.537244081713372956e-02	3.791863144762406407e-02	9.709061366342906785e-02
1.794812749266109904e+03	1.910286986663900510e-01	1.187547678169832421e-01	2.880855024287247157e-01	1.815475345108620298e-01	8.543494521695065014e-02	3.796792648409169635e-02	9.718062487561868190e-02
1.799650519479765535e+03	1.907046101861089582e-01	1.185261053733786263e-01	2.882962974563700875e-01	1.816888447695246545e-01	8.549709395496309094e-02	3.801698477327587755e-02	9.727006348599978591e-02
1.804488289693420711e+03	1.903823431266498112e-01	1.182987409897424402e-01	2.885059378603303526e-01	1.818293486222178901e-01	8.555888919300387585e-02	3.806580671596217214e-02	9.735893349171448330e-02
1.809326059907075887e+03	1.900618872093589040e-01	1.180726672551332956e-01	2.887144298453666047e-01	1.819690510295217944e-01	8.562033307706115592e-02	3.811439272928206917e-02	9.744723885389719453e-02
1.814163830120731291e+03	1.897432322149651129e-01	1.178478768011037292e-01	2.889217795870447913e-01	1.821079569146680788e-01	8.568142773744640006e-02	3.816274324625591741e-02	9.753498349813699564e-02
1.819001600334386467e+03	1.894263679831980629e-01	1.176243623014638778e-01	2.891279932317728507e-01	1.822460711639485309e-01	8.574217528895970719e-02	3.821085871534556089e-02	9.762217131493246269e-02
1.823839370548041643e+03	1.891112844124097636e-01	1.174021164720460975e-01	2.893330768968404576e-01	1.823833986271167495e-01	8.580257783105264824e-02	3.825873960001655028e-02	9.770880616013878639e-02
1.828677140761696819e+03	1.887979714591993818e-01	1.171811320704706644e-01	2.895370366704611564e-01	1.825199441177839665e-01	8.586263744798855457e-02	3.830638637830971471e-02	9.779489185540760077e-02
1.833514910975352450e+03	1.884864191380415666e-01	1.169614018959123647e-01	2.897398786118168812e-01	1.826557124138085131e-01	8.592235620900036397e-02	3.835379954242182365e-02	9.788043218861945671e-02
1.838352681189008081e+03	1.881766175209177716e-01	1.167429187888682496e-01	2.899416087511050844e-01	1.827907082576793185e-01	8.598173616844610734e-02	3.840097959829530394e-02	9.796543091430919004e-02
1.843190451402663257e+03	1.878685567369509368e-01	1.165256756309262093e-01	2.901422330895877533e-01	1.829249363568932751e-01	8.604077936596193910e-02	3.844792706521672071e-02	9.804989175408429514e-02
1.848028221616318433e+03	1.875622269720433055e-01	1.163096653445346851e-01	2.903417575996428690e-01	1.830584013843270796e-01	8.609948782661293321e-02	3.849464247542385559e-02	9.813381839703638754e-02
1.852865991829973609e+03	1.872576184685172673e-01	1.160948808927734222e-01	2.905401882248183631e-01	1.831911079786033292e-01	8.615786356104156163e-02	3.854112637372129890e-02	9.821721450014593569e-02
1.857703762043628785e+03	1.869547215247593375e-01	1.158813152791250828e-01	2.907375308798875180e-01	1.833230607444507054e-01	8.621590856561395233e-02	3.858737931710420205e-02	9.830008368868041468e-02
1.862541532257283961e+03	1.866535264948673278e-01	1.156689615472480948e-01	2.909337914509066980e-01	1.834542642530589962e-01	8.627362482256395460e-02	3.863340187439029405e-02	9.838242955658588196e-02
1.867379302470939592e+03	1.863540237883001272e-01	1.154578127807503601e-01	2.911289757952751911e-01	1.835847230424286214e-01	8.633101430013506716e-02	3.867919462585967666e-02	9.846425566687219688e-02
1.872217072684594768e+03	1.860562038695307285e-01	1.152478621029640882e-01	2.913230897417968812e-01	1.837144416177148021e-01	8.638807895272020143e-02	3.872475816290254363e-02	9.854556555199205092e-02
1.877054842898249490e+03	1.857600572577020603e-01	1.150391026767216551e-01	2.915161390907434757e-01	1.838434244515665117e-01	8.644482072099944625e-02	3.877009308767444956e-02	9.862636271421373890e-02
1.881892613111905121e+03	1.854655745262857314e-01	1.148315277041324078e-01	2.917081296139198976e-01	1.839716759844604865e-01	8.650124153207576494e-02	3.881520001275905879e-02	9.870665062598799055e-02
1.886730383325560297e+03	1.851727463027434128e-01	1.146251304263606885e-01	2.918990670547314537e-01	1.840992006250300739e-01	8.655734329960866613e-02	3.886007956083826348e-02	9.878643273030884853e-02
1.891568153539215928e+03	1.848815632681913568e-01	1.144199041234047198e-01	2.920889571282520025e-01	1.842260027503892228e-01	8.661312792394600113e-02	3.890473236436942095e-02	9.886571244106870382e-02
1.896405923752871104e+03	1.845920161570673290e-01	1.142158421138766422e-01	2.922778055212948423e-01	1.843520867064515623e-01	8.666859729225373510e-02	3.894915906526966176e-02	9.894449314340771073e-02
1.901243693966526507e+03	1.843040957568004845e-01	1.140129377547835360e-01	2.924656178924840422e-01	1.844774568082449828e-01	8.672375327864391414e-02	3.899336031460707425e-02	9.902277819405749804e-02
1.906081464180181683e+03	1.840177929074837126e-01	1.138111844413095819e-01	2.926523998723281617e-01	1.846021173402212778e-01	8.677859774430068951e-02	3.903733677229862670e-02	9.910057092167948167e-02
1.910919234393836859e+03	1.837330985015488416e-01	1.136105756065991235e-01	2.928381570632951347e-01	1.847260725565613715e-01	8.683313253760466255e-02	3.908108910681470233e-02	9.917787462719770963e-02
1.915757004607492036e+03	1.834500034834442572e-01	1.134111047215409507e-01	2.930228950398883203e-01	1.848493266814761060e-01	8.688735949425528682e-02	3.912461799489014291e-02	9.925469258412647489e-02
1.920594774821147894e+03	1.831684988493154365e-01	1.132127652945534718e-01	2.932066193487241623e-01	1.849718839095025325e-01	8.694128043739163259e-02	3.916792412124161377e-02	9.933102803889268251e-02
1.925432545034802843e+03	1.828885756466873957e-01	1.130155508713710927e-01	2.933893355086114596e-01	1.850937484057958993e-01	8.699489717771138886e-02	3.921100817829118595e-02	9.940688421115312368e-02
1.930270315248458019e+03	1.826102249741503591e-01	1.128194550348314701e-01	2.935710490106313020e-01	1.852149243064174500e-01	8.704821151358814457e-02	3.925387086589605251e-02	9.948226429410673977e-02
1.935108085462113195e+03	1.823334379810474803e-01	1.126244714046640005e-01	2.937517653182187827e-01	1.853354157186180851e-01	8.710122523118707383e-02	3.929651289108412882e-02	9.955717145480200148e-02
1.939945855675768371e+03	1.820582058671650072e-01	1.124305936372792247e-01	2.939314898672455434e-01	1.854552267211177219e-01	8.715394010457895579e-02	3.933893496779560656e-02	9.963160883443944460e-02
1.944783625889424002e+03	1.817845198824250830e-01	1.122378154255593563e-01	2.941102280661039292e-01	1.855743613643810463e-01	8.720635789585259867e-02	3.938113781663016288e-02	9.970557954866940409e-02
1.949621396103079178e+03	1.815123713265807681e-01	1.120461304986498235e-01	2.942879852957914766e-01	1.856928236708888513e-01	8.725848035522565382e-02	3.942312216459981783e-02	9.977908668788519619e-02
1.954459166316734354e+03	1.812417515489135045e-01	1.118555326217518797e-01	2.944647669099972886e-01	1.858106176354059058e-01	8.731030922115402826e-02	3.946488874488728038e-02	9.985213331751166543e-02
1.959296936530389530e+03	1.809726519479328277e-01	1.116660155959163098e-01	2.946405782351890768e-01	1.859277472252447994e-01	8.736184622043959014e-02	3.950643829660967915e-02	9.992472247828926291e-02
1.964134706744044706e+03	1.807050639710784112e-01	1.114775732578380807e-01	2.948154245707011456e-01	1.860442163805261506e-01	8.741309306833651427e-02	3.954777156458759435e-02	9.999685718655373923e-02
1.968972476957700337e+03	1.804389791144243860e-01	1.112901994796521021e-01	2.949893111888232111e-01	1.861600290144350411e-01	8.746405146865617042e-02	3.958888929911923843e-02	1.000685404345114937e-01
1.973810247171355968e+03	1.801743889223858530e-01	1.111038881687300972e-01	2.951622433348907171e-01	1.862751890134741184e-01	8.751472311387049896e-02	3.962979225575970904e-02	1.001397751905106909e-01
1.978648017385010689e+03	1.799112849874278108e-01	1.109186332674783892e-01	2.953342262273754293e-01	1.863897002377127021e-01	8.756510968521404037e-02	3.967048119510523801e-02	1.002105643993081580e-01
1.983485787598666320e+03	1.796496589497759699e-01	1.107344287531368543e-01	2.955052650579769735e-01	1.865035665210329763e-01	8.761521285278453530e-02	3.971095688258220735e-02	1.002809109823322720e-01
1.988323557812321269e+03	1.793895024971299546e-01	1.105512686375788312e-01	2.956753649917155391e-01	1.866167916713723784e-01	8.766503427564224793e-02	3.975122008824106407e-02	1.003508178379418220e-01
1.993161328025976900e+03	1.791308073643785304e-01	1.103691469671121417e-01	2.958445311670249156e-01	1.867293794709627419e-01	8.771457560190787373e-02	3.979127158655479390e-02	1.004202878416808054e-01
1.997999098239632076e+03	1.788735653333169140e-01	1.101880578222811102e-01	2.960127686958467508e-01	1.868413336765662458e-01	8.776383846885917051e-02	3.983111215622203022e-02	1.004893238465295047e-01
2.002836868453287707e+03	1.786177682323664140e-01	1.100079953176696101e-01	2.961800826637250861e-01	1.869526580197080345e-01	8.781282450302628495e-02	3.987074257997459681e-02	1.005579286831516789e-01
2.007674638666942428e+03	1.783634079362957925e-01	1.098289536017052065e-01	2.963464781299017248e-01	1.870633562069057010e-01	8.786153532028581625e-02	3.991016364438945696e-02	1.006261051601380352e-01
2.012512408880597604e+03	1.781104763659448753e-01	1.096509268564642842e-01	2.965119601274122663e-01	1.871734319198956886e-01	8.790997252595368627e-02	3.994937613970497847e-02	1.006938560642459957e-01
2.017350179094252780e+03	1.778589654879501325e-01	1.094739092974782030e-01	2.966765336631828620e-01	1.872828888158565297e-01	8.795813771487671906e-02	3.998838085964137590e-02	1.007611841606359110e-01
2.022187949307908411e+03	1.776088673144723129e-01	1.092978951735405768e-01	2.968402037181274156e-01	1.873917305276292522e-01	8.800603247152306852e-02	4.002717860122530225e-02	1.008280921931037355e-01
2.027025719521564042e+03	1.773601739029258828e-01	1.091228787665154687e-01	2.970029752472455598e-01	1.874999606639346228e-01	8.805365837007148033e-02	4.006577016461844443e-02	1.008945828843101772e-01
2.031863489735218764e+03	1.771128773557105462e-01	1.089488543911466129e-01	2.971648531797209114e-01	1.876075828095877251e-01	8.810101697449927716e-02	4.010415635295013631e-02	1.009606589360064893e-01
2.036701259948874394e+03	1.768669698199446527e-01	1.087758163948678303e-01	2.973258424190197147e-01	1.877146005257094297e-01	8.814810983866941396e-02	4.014233797215379512e-02	1.010263230292568620e-01
2.041539030162529116e+03	1.766224434872005478e-01	1.086037591576141936e-01	2.974859478429907056e-01	1.878210173499353375e-01	8.819493850641622890e-02	4.018031583080714647e-02	1.010915778246575525e-01
2.046376800376184747e+03	1.763792905932417832e-01	1.084326770916344412e-01	2.976451743039645881e-01	1.879268367966217268e-01	8.824150451163019493e-02	4.021809073997621720e-02	1.011564259625527956e-01
2.051214570589840150e+03	1.761375034177621313e-01	1.082625646413043347e-01	2.978035266288544536e-01	1.880320623570489180e-01	8.828780937834154741e-02	4.025566351306295726e-02	1.012208700632474673e-01
2.056052340803495554e+03	1.758970742841264312e-01	1.080934162829409878e-01	2.979610096192563118e-01	1.881366974996220853e-01	8.833385462080289852e-02	4.029303496565638659e-02	1.012849127272167221e-01
2.060890111017150957e+03	1.756579955591134889e-01	1.079252265246182646e-01	2.981176280515503985e-01	1.882407456700692372e-01	8.837964174357072766e-02	4.033020591538727384e-02	1.013485565353124951e-01
2.065727881230805451e+03	1.754202596526604763e-01	1.077579899059831342e-01	2.982733866770022613e-01	1.883442102916366989e-01	8.842517224158599753e-02	4.036717718178624292e-02	1.014118040489670330e-01
2.070565651444461309e+03	1.751838590176092725e-01	1.075917009980730948e-01	2.984282902218649003e-01	1.884470947652822914e-01	8.847044760025361831e-02	4.040394958614521720e-02	1.014746578103934288e-01
2.075403421658116713e+03	1.749487861494545549e-01	1.074263544031345136e-01	2.985823433874807420e-01	1.885494024698656790e-01	8.851546929552091270e-02	4.044052395138213185e-02	1.015371203427833102e-01
2.080241191871772116e+03	1.747150335860936099e-01	1.072619447544420623e-01	2.987355508503837798e-01	1.886511367623366076e-01	8.856023879395527598e-02	4.047690110190888674e-02	1.015991941505016150e-01
2.085078962085427065e+03	1.744825939075778654e-01	1.070984667161190701e-01	2.988879172624027136e-01	1.887523009779204508e-01	8.860475755282071209e-02	4.051308186350245644e-02	1.016608817192786035e-01
2.089916732299082469e+03	1.742514597358661710e-01	1.069359149829589156e-01	2.990394472507634238e-01	1.888528984303017300e-01	8.864902702015349523e-02	4.054906706317903953e-02	1.017221855163990968e-01
2.094754502512737417e+03	1.740216237345797723e-01	1.067742842802473502e-01	2.991901454181923881e-01	1.889529324118051079e-01	8.869304863483694346e-02	4.058485752907129568e-02	1.017831079908890074e-01
2.099592272726392821e+03	1.737930786087588386e-01	1.066135693635859166e-01	2.993400163430201544e-01	1.890524061935740796e-01	8.873682382667520685e-02	4.062045409030845544e-02	1.018436515736992481e-01
2.104430042940048224e+03	1.735658171046209064e-01	1.064537650187162288e-01	2.994890645792845363e-01	1.891513230257476363e-01	8.878035401646622304e-02	4.065585757689941376e-02	1.019038186778869898e-01
2.109267813153704083e+03	1.733398320093205436e-01	1.062948660613452917e-01	2.996372946568349183e-01	1.892496861376345152e-01	8.882364061607375683e-02	4.069106881961861294e-02	1.019636116987942959e-01
2.114105583367359031e+03	1.731151161507112068e-01	1.061368673369717935e-01	2.997847110814357841e-01	1.893474987378853946e-01	8.886668502849862095e-02	4.072608864989470112e-02	1.020230330142244263e-01
2.118943353581013525e+03	1.728916623971081257e-01	1.059797637207133547e-01	2.999313183348709666e-01	1.894447640146630640e-01	8.890948864794903650e-02	4.076091789970195944e-02	1.020820849846154343e-01
2.123781123794669384e+03	1.726694636570531016e-01	1.058235501171347487e-01	3.000771208750478980e-01	1.895414851358103170e-01	8.895205285991009125e-02	4.079555740145430348e-02	1.021407699532115299e-01
2.128618894008324787e+03	1.724485128790809452e-01	1.056682214600771358e-01	3.002221231361016929e-01	1.896376652490158465e-01	8.899437904121251797e-02	4.083000798790199087e-02	1.021990902462318745e-01
2.133456664221980191e+03	1.722288030514872725e-01	1.055137727124880881e-01	3.003663295284998425e-01	1.897333074819783083e-01	8.903646856010047350e-02	4.086427049203084777e-02	1.022570481730371711e-01
2.138294434435635139e+03	1.720103272020978291e-01	1.053601988662528632e-01	3.005097444391466865e-01	1.898284149425681355e-01	8.907832277629872120e-02	4.089834574696395164e-02	1.023146460262938096e-01
2.143132204649290543e+03	1.717930783980395615e-01	1.052074949420263028e-01	3.006523722314878855e-01	1.899229907189875222e-01	8.911994304107893894e-02	4.093223458586586760e-02	1.023718860821359183e-01
2.147969974862945492e+03	1.715770497455130494e-01	1.050556559890659797e-01	3.007942172456150587e-01	1.900170378799285742e-01	8.916133069732520844e-02	4.096593784184916764e-02	1.024287706003250281e-01
2.152807745076601350e+03	1.713622343895664091e-01	1.049046770850660115e-01	3.009352837983703677e-01	1.901105594747294625e-01	8.920248707959885226e-02	4.099945634788337151e-02	1.024853018244075709e-01
2.157645515290255844e+03	1.711486255138707502e-01	1.047545533359920816e-01	3.010755761834515432e-01	1.902035585335287438e-01	8.924341351420250756e-02	4.103279093670618438e-02	1.025414819818703249e-01
2.162483285503912157e+03	1.709362163404971879e-01	1.046052798759171676e-01	3.012150986715159684e-01	1.902960380674178775e-01	8.928411131924340882e-02	4.106594244073695499e-02	1.025973132842935703e-01
2.167321055717567106e+03	1.707250001296949926e-01	1.044568518668583662e-01	3.013538555102860950e-01	1.903880010685919666e-01	8.932458180469597664e-02	4.109891169199238886e-02	1.026527979275023567e-01
2.172158825931222509e+03	1.705149701796717099e-01	1.043092644986145373e-01	3.014918509246534706e-01	1.904794505104986935e-01	8.936482627246375432e-02	4.113169952200433632e-02	1.027079380917156337e-01
2.176996596144877003e+03	1.703061198263741416e-01	1.041625129886049744e-01	3.016290891167838217e-01	1.905703893479854805e-01	8.940484601644060891e-02	4.116430676173978703e-02	1.027627359416932867e-01
2.181834366358532861e+03	1.700984424432711584e-01	1.040165925817089082e-01	3.017655742662214702e-01	1.906608205174451787e-01	8.944464232257119674e-02	4.119673424152289071e-02	1.028171936268813397e-01
2.186672136572187810e+03	1.698919314411376225e-01	1.038714985501059257e-01	3.019013105299938604e-01	1.907507469369597308e-01	8.948421646891087378e-02	4.122898279095900398e-02	1.028713132815551740e-01
2.191509906785843214e+03	1.696865802678399482e-01	1.037272261931174444e-01	3.020363020427160872e-01	1.908401715064423909e-01	8.952356972568485671e-02	4.126105323886070791e-02	1.029250970249607489e-01
2.196347676999498617e+03	1.694823824081229391e-01	1.035837708370488663e-01	3.021705529166953119e-01	1.909290971077784171e-01	8.956270335534671778e-02	4.129294641317583087e-02	1.029785469614540871e-01
2.201185447213154021e+03	1.692793313833979574e-01	1.034411278350328700e-01	3.023040672420350128e-01	1.910175266049638776e-01	8.960161861263631067e-02	4.132466314091727544e-02	1.030316651806388040e-01
2.206023217426809424e+03	1.690774207515324534e-01	1.032992925668733963e-01	3.024368490867395121e-01	1.911054628442430681e-01	8.964031674463705801e-02	4.135620424809480222e-02	1.030844537575018732e-01
2.210860987640464373e+03	1.688766441066408552e-01	1.031582604388906893e-01	3.025689024968175045e-01	1.911929086542444867e-01	8.967879899083250339e-02	4.138757055964854825e-02	1.031369147525476038e-01
2.215698757854119776e+03	1.686769950788768180e-01	1.030180268837671415e-01	3.027002314963864182e-01	1.912798668461150320e-01	8.971706658316244698e-02	4.141876289938442590e-02	1.031890502119298531e-01
2.220536528067775180e+03	1.684784673342267225e-01	1.028785873603940693e-01	3.028308400877764983e-01	1.913663402136528413e-01	8.975512074607829016e-02	4.144978208991117324e-02	1.032408621675825200e-01
2.225374298281430583e+03	1.682810545743045061e-01	1.027399373537193211e-01	3.029607322516341128e-01	1.914523315334386855e-01	8.979296269659790830e-02	4.148062895257918770e-02	1.032923526373483586e-01
2.230212068495085077e+03	1.680847505361479088e-01	1.026020723745958568e-01	3.030899119470255587e-01	1.915378435649658928e-01	8.983059364435984351e-02	4.151130430742096949e-02	1.033435236251060568e-01
2.235049838708740936e+03	1.678895489920157469e-01	1.024649879596310764e-01	3.032183831115404238e-01	1.916228790507687185e-01	8.986801479167710882e-02	4.154180897309326520e-02	1.033943771208958307e-01
2.239887608922396339e+03	1.676954437491866567e-01	1.023286796710371482e-01	3.033461496613948372e-01	1.917074407165494654e-01	8.990522733359014584e-02	4.157214376682075163e-02	1.034449151010431861e-01
2.244725379136052197e+03	1.675024286497590609e-01	1.021931430964821003e-01	3.034732154915346092e-01	1.917915312713042442e-01	8.994223245791949095e-02	4.160230950434136432e-02	1.034951395282813214e-01
2.249563149349706237e+03	1.673104975704523545e-01	1.020583738489418552e-01	3.035995844757382045e-01	1.918751534074472631e-01	8.997903134531774760e-02	4.163230699985308314e-02	1.035450523518717941e-01
2.254400919563362095e+03	1.671196444224093136e-01	1.019243675665530424e-01	3.037252604667191602e-01	1.919583098009336464e-01	9.001562516932105906e-02	4.166213706596225141e-02	1.035946555077237735e-01
2.259238689777017044e+03	1.669298631509998909e-01	1.017911199124667820e-01	3.038502472962291145e-01	1.920410031113813920e-01	9.005201509640003987e-02	4.169180051363340772e-02	1.036439509185117097e-01
2.264076459990672902e+03	1.667411477356258720e-01	1.016586265747031481e-01	3.039745487751595587e-01	1.921232359821914981e-01	9.008820228601022162e-02	4.172129815214049159e-02	1.036929404937915744e-01
