1.001418434226643626e+03	2.783480909929320068e-01	1.816237160161401631e-01	2.350345779939894408e-01	1.403395848100635335e-01	6.742576913207945499e-02	2.721871056318595980e-02	7.000955049122871421e-02
1.003837319333471214e+03	2.779207416373511430e-01	1.813482451353832792e-01	2.353425511060110442e-01	1.404887054349988895e-01	6.752444348516867256e-02	2.721871056318595980e-02	7.015660263752025727e-02
1.006256204440298802e+03	2.774946499197401550e-01	1.810735421016646252e-01	2.356498333167875714e-01	1.406374110797240784e-01	6.762286459079855372e-02	2.721871056318595980e-02	7.030298842771828816e-02
1.008675089547126618e+03	2.770698122839283517e-01	1.807996048620488794e-01	2.359564230521485340e-01	1.407857029533413351e-01	6.772103105407781265e-02	2.721871056318595980e-02	7.044871523088840071e-02
1.011093974653954206e+03	2.766462251815923756e-01	1.805264313672572951e-01	2.362623186362147742e-01	1.409335822615147837e-01	6.781894174707445155e-02	2.721871056318595980e-02	7.059379024277964709e-02
1.013512859760782021e+03	2.762238850721834282e-01	1.802540195716149374e-01	2.365675183241540136e-01	1.410810502064785976e-01	6.791659576722519631e-02	2.721871056318595980e-02	7.073822049477726526e-02
1.015931744867609382e+03	2.758027884228733129e-01	1.799823674330138790e-01	2.368720203292382920e-01	1.412281079870446321e-01	6.801399240244512812e-02	2.721871056318595980e-02	7.088201286181816663e-02
1.018350629974437197e+03	2.753829317085159656e-01	1.797114729128893584e-01	2.371758228451373018e-01	1.413747567986106124e-01	6.811113110185196273e-02	2.721871056318595980e-02	7.102517406942820966e-02
1.020769515081264785e+03	2.749643114116216980e-01	1.794413339762065684e-01	2.374789240642276034e-01	1.415209978331676277e-01	6.820801145119512188e-02	2.721871056318595980e-02	7.116771070001481903e-02
1.023188400188092373e+03	2.745469240223415430e-01	1.791719485914563259e-01	2.377813221925728360e-01	1.416668322793081802e-01	6.830463315222774778e-02	2.721871056318595980e-02	7.130962919852684712e-02
1.025607285294920075e+03	2.741307660384603162e-01	1.789033147306578475e-01	2.380830154621227657e-01	1.418122613222339012e-01	6.840099600538285252e-02	2.721871056318595980e-02	7.145093587757585241e-02
1.028026170401747549e+03	2.737158339653964489e-01	1.786354303693674095e-01	2.383840021405898846e-01	1.419572861437632949e-01	6.849709989521879372e-02	2.721871056318595980e-02	7.159163692209767615e-02
1.030445055508575479e+03	2.733021243162074287e-01	1.783682934866914482e-01	2.386842805393884492e-01	1.421019079223396486e-01	6.859294477818575486e-02	2.721871056318595980e-02	7.173173839362072257e-02
1.032863940615402726e+03	2.728896336115994581e-01	1.781019020653035745e-01	2.389838490199571730e-01	1.422461278330388046e-01	6.868853067233780807e-02	2.721871056318595980e-02	7.187124623419662017e-02
1.035282825722230655e+03	2.724783583799407216e-01	1.778362540914644463e-01	2.392827059987353844e-01	1.423899470475767925e-01	6.878385764867567254e-02	2.721871056318595980e-02	7.201016627004037940e-02
1.037701710829058356e+03	2.720682951572774289e-01	1.775713475550440013e-01	2.395808499510181100e-01	1.425333667343178512e-01	6.887892582385668483e-02	2.721871056318595980e-02	7.214850421491927901e-02
1.040120595935886058e+03	2.716594404873517443e-01	1.773071804495452153e-01	2.398782794138794305e-01	1.426763880582821442e-01	6.897373535405106060e-02	2.721871056318595980e-02	7.228626567332387121e-02
1.042539481042713533e+03	2.712517909216212164e-01	1.770437507721292492e-01	2.401749929883210954e-01	1.428190121811535318e-01	6.906828642975930410e-02	2.721871056318595980e-02	7.242345614344909699e-02
1.044958366149541234e+03	2.708453430192796496e-01	1.767810565236416775e-01	2.404709893407799004e-01	1.429612402612874811e-01	6.916257927143572293e-02	2.721871056318595980e-02	7.256008102000909010e-02
1.047377251256368709e+03	2.704400933472783652e-01	1.765190957086389678e-01	2.407662672041036289e-01	1.431030734537189764e-01	6.925661412578799914e-02	2.721871056318595980e-02	7.269614559690566746e-02
1.049796136363196410e+03	2.700360384803478508e-01	1.762578663354155417e-01	2.410608253780884835e-01	1.432445129101702630e-01	6.935039126264409826e-02	2.721871056318595980e-02	7.283165506976739534e-02
1.052215021470024112e+03	2.696331750010198536e-01	1.759973664160309481e-01	2.413546627296554170e-01	1.433855597790587855e-01	6.944391097229510312e-02	2.721871056318595980e-02	7.296661453837356703e-02
1.054633906576851814e+03	2.692314994996493627e-01	1.757375939663367581e-01	2.416477781927299784e-01	1.435262152055050422e-01	6.953717356323750598e-02	2.721871056318595980e-02	7.310102900897504086e-02
1.057052791683679516e+03	2.688310085744360922e-01	1.754785470060037100e-01	2.419401707678797975e-01	1.436664803313405792e-01	6.963017936025109322e-02	2.721871056318595980e-02	7.323490339652244385e-02
1.059471676790506763e+03	2.684316988314460195e-01	1.752202235585479662e-01	2.422318395217551434e-01	1.438063562951157615e-01	6.972292870275836885e-02	2.721871056318595980e-02	7.336824252681041492e-02
1.061890561897334692e+03	2.680335668846322572e-01	1.749626216513576471e-01	2.425227835863696668e-01	1.439458442321078779e-01	6.981542194342087171e-02	2.721871056318595980e-02	7.350105113854533967e-02
1.064309447004162394e+03	2.676366093558557036e-01	1.747057393157181449e-01	2.428130021582534104e-01	1.440849452743288850e-01	6.990765944693441702e-02	2.721871056318595980e-02	7.363333388534308577e-02
1.066728332110990095e+03	2.672408228749043602e-01	1.744495745868376579e-01	2.431024944975041790e-01	1.442236605505335389e-01	6.999964158899171784e-02	2.721871056318595980e-02	7.376509533766222038e-02
1.069147217217817570e+03	2.668462040795128165e-01	1.741941255038715886e-01	2.433912599267588350e-01	1.443619911862273064e-01	7.009136875538587996e-02	2.721871056318595980e-02	7.389633998467731724e-02
1.071566102324645271e+03	2.664527496153805686e-01	1.739393901099465511e-01	2.436792978301030865e-01	1.444999383036742746e-01	7.018284134123260742e-02	2.721871056318595980e-02	7.402707223609665543e-02
1.073984987431472746e+03	2.660604561361898934e-01	1.736853664521837703e-01	2.439666076519347582e-01	1.446375030219052005e-01	7.027405975029232810e-02	2.721871056318595980e-02	7.415729642392773768e-02
1.076403872538300675e+03	2.656693203036227247e-01	1.734320525817217851e-01	2.442531888957931163e-01	1.447746864567255043e-01	7.036502439437682110e-02	2.721871056318595980e-02	7.428701680419375064e-02
1.078822757645127922e+03	2.652793387873767506e-01	1.731794465537383476e-01	2.445390411231646022e-01	1.449114897207232910e-01	7.045573569282712056e-02	2.721871056318595980e-02	7.441623755860368727e-02
1.081241642751955851e+03	2.648905082651807907e-01	1.729275464274718510e-01	2.448241639522736601e-01	1.450479139232772885e-01	7.054619407205167669e-02	2.721871056318595980e-02	7.454496279617857379e-02
1.083660527858783553e+03	2.645028254228096731e-01	1.726763502662419791e-01	2.451085570568658223e-01	1.451839601705649241e-01	7.063639996511562880e-02	2.721871056318595980e-02	7.467319655483586893e-02
1.086079412965611255e+03	2.641162869540977787e-01	1.724258561374696075e-01	2.453922201649887669e-01	1.453196295655703740e-01	7.072635381137346022e-02	2.721871056318595980e-02	7.480094280293386744e-02
1.088498298072438729e+03	2.637308895609523640e-01	1.721760621126960933e-01	2.456751530577762632e-01	1.454549232080926402e-01	7.081605605613851273e-02	2.721871056318595980e-02	7.492820544077798128e-02
1.090917183179266431e+03	2.633466299533656074e-01	1.719269662676019272e-01	2.459573555682390000e-01	1.455898421947533772e-01	7.090550715038379526e-02	2.721871056318595980e-02	7.505498830209018923e-02
1.093336068286093905e+03	2.629635048494262106e-01	1.716785666820245526e-01	2.462388275800650173e-01	1.457243876190051912e-01	7.099470755046974335e-02	2.721871056318595980e-02	7.518129515544320907e-02
1.095754953392921607e+03	2.625815109753300569e-01	1.714308614399756847e-01	2.465195690264331829e-01	1.458585605711395783e-01	7.108365771789490473e-02	2.721871056318595980e-02	7.530712970566057207e-02
1.098173838499749309e+03	2.622006450653903142e-01	1.711838486296577977e-01	2.467995798888408254e-01	1.459923621382949732e-01	7.117235811906633125e-02	2.721871056318595980e-02	7.543249559518371006e-02
1.100592723606577010e+03	2.618209038620467055e-01	1.709375263434802505e-01	2.470788601959479358e-01	1.461257934044648266e-01	7.126080922508702675e-02	2.721871056318595980e-02	7.555739640540723445e-02
1.103011608713404712e+03	2.614422841158736688e-01	1.706918926780743861e-01	2.473574100224388006e-01	1.462588554505056537e-01	7.134901151155811916e-02	2.721871056318595980e-02	7.568183565798329571e-02
1.105430493820231959e+03	2.610647825855886839e-01	1.704469457343083527e-01	2.476352294879020088e-01	1.463915493541451673e-01	7.143696545839374468e-02	2.721871056318595980e-02	7.580581681609599443e-02
1.107849378927059888e+03	2.606883960380588228e-01	1.702026836173010371e-01	2.479123187557299712e-01	1.465238761899902153e-01	7.152467154964724239e-02	2.721871056318595980e-02	7.592934328570659364e-02
1.110268264033887590e+03	2.603131212483075774e-01	1.699591044364355541e-01	2.481886780320381181e-01	1.466558370295349689e-01	7.161213027334699388e-02	2.721871056318595980e-02	7.605241841677058690e-02
1.112687149140715292e+03	2.599389549995204662e-01	1.697162063053721526e-01	2.484643075646041643e-01	1.467874329411689716e-01	7.169934212134100593e-02	2.721871056318595980e-02	7.617504550442710798e-02
1.115106034247542766e+03	2.595658940830498085e-01	1.694739873420604559e-01	2.487392076418280529e-01	1.469186649901850772e-01	7.178630758914905652e-02	2.721871056318595980e-02	7.629722779016144540e-02
1.117524919354370468e+03	2.591939352984194977e-01	1.692324456687510914e-01	2.490133785917121312e-01	1.470495342387877491e-01	7.187302717582172429e-02	2.721871056318595980e-02	7.641896846294173040e-02
1.119943804461197942e+03	2.588230754533286659e-01	1.689915794120069037e-01	2.492868207808622005e-01	1.471800417461008870e-01	7.195950138380552419e-02	2.721871056318595980e-02	7.654027066032977056e-02
1.122362689568025871e+03	2.584533113636547919e-01	1.687513867027135850e-01	2.495595346135087156e-01	1.473101885681760703e-01	7.204573071881351098e-02	2.721871056318595980e-02	7.666113746956737529e-02
1.124781574674853118e+03	2.580846398534561992e-01	1.685118656760896394e-01	2.498315205305484399e-01	1.474399757580005521e-01	7.213171568970092040e-02	2.721871056318595980e-02	7.678157192863828417e-02
1.127200459781681047e+03	2.577170577549742214e-01	1.682730144716960419e-01	2.501027790086065572e-01	1.475694043655053078e-01	7.221745680834537606e-02	2.721871056318595980e-02	7.690157702730651690e-02
1.129619344888508749e+03	2.573505619086344787e-01	1.680348312334452032e-01	2.503733105591183228e-01	1.476984754375731401e-01	7.230295458953124588e-02	2.721871056318595980e-02	7.702115570813163059e-02
1.132038229995336451e+03	2.569851491630477103e-01	1.677973141096094911e-01	2.506431157274309207e-01	1.478271900180466170e-01	7.238820955083793973e-02	2.721871056318595980e-02	7.714031086746138410e-02
1.134457115102163925e+03	2.566208163750099414e-01	1.675604612528293069e-01	2.509121950919243060e-01	1.479555491477363149e-01	7.247322221253167662e-02	2.721871056318595980e-02	7.725904535640251702e-02
1.136876000208991627e+03	2.562575604095024828e-01	1.673242708201206630e-01	2.511805492631515313e-01	1.480835538644287019e-01	7.255799309746073511e-02	2.721871056318595980e-02	7.737736198176994873e-02
1.139294885315819101e+03	2.558953781396907656e-01	1.670887409728822881e-01	2.514481788829979192e-01	1.482112052028943250e-01	7.264252273095377077e-02	2.721871056318595980e-02	7.749526350701498034e-02
1.141713770422646803e+03	2.555342664469233971e-01	1.668538698769022888e-01	2.517150846238586093e-01	1.483385041948956373e-01	7.272681164072106186e-02	2.721871056318595980e-02	7.761275265313304084e-02
1.144132655529474505e+03	2.551742222207302735e-01	1.666196557023642832e-01	2.519812671878342569e-01	1.484654518691952974e-01	7.281086035675861379e-02	2.721871056318595980e-02	7.772983209955125483e-02
1.146551540636302207e+03	2.548152423588201376e-01	1.663860966238533134e-01	2.522467273059449955e-01	1.485920492515639679e-01	7.289466941125490040e-02	2.721871056318595980e-02	7.784650448499660924e-02
1.148970425743129908e+03	2.544573237670780808e-01	1.661531908203610630e-01	2.525114657373614402e-01	1.487182973647884487e-01	7.297823933850008937e-02	2.721871056318595980e-02	7.796277240834480204e-02
1.151389310849957155e+03	2.541004633595619899e-01	1.659209364752909088e-01	2.527754832686531228e-01	1.488441972286796977e-01	7.306157067479776557e-02	2.721871056318595980e-02	7.807863842945045318e-02
1.153808195956785084e+03	2.537446580584992173e-01	1.656893317764624174e-01	2.530387807130536348e-01	1.489697498600807690e-01	7.314466395837884716e-02	2.721871056318595980e-02	7.819410506995899679e-02
1.156227081063612786e+03	2.533899047942823057e-01	1.654583749161154804e-01	2.533013589097425355e-01	1.490949562728749178e-01	7.322751972931790254e-02	2.721871056318595980e-02	7.830917481410068492e-02
1.158645966170440488e+03	2.530362005054644925e-01	1.652280640909140896e-01	2.535632187231431356e-01	1.492198174779934827e-01	7.331013852945146569e-02	2.721871056318595980e-02	7.842385010946716084e-02
1.161064851277267962e+03	2.526835421387548242e-01	1.649983975019497506e-01	2.538243610422361018e-01	1.493443344834239073e-01	7.339252090229843317e-02	2.721871056318595980e-02	7.853813336777087928e-02
1.163483736384095664e+03	2.523319266490124946e-01	1.647693733547444250e-01	2.540847867798888271e-01	1.494685082942177612e-01	7.347466739298251504e-02	2.721871056318595980e-02	7.865202696558780404e-02
1.165902621490923138e+03	2.519813509992415712e-01	1.645409898592533893e-01	2.543444968721996768e-01	1.495923399124987063e-01	7.355657854815664254e-02	2.721871056318595980e-02	7.876553324508385467e-02
1.168321506597751068e+03	2.516318121605845559e-01	1.643132452298672885e-01	2.546034922778571685e-01	1.497158303374704069e-01	7.363825491592915218e-02	2.721871056318595980e-02	7.887865451472529654e-02
1.170740391704578315e+03	2.512833071123158901e-01	1.640861376854143572e-01	2.548617739775137503e-01	1.498389805654244678e-01	7.371969704579184324e-02	2.721871056318595980e-02	7.899139304997356004e-02
1.173159276811406244e+03	2.509358328418351269e-01	1.638596654491619453e-01	2.551193429731737905e-01	1.499617915897484277e-01	7.380090548854986721e-02	2.721871056318595980e-02	7.910375109396473869e-02
1.175578161918233945e+03	2.505893863446597147e-01	1.636338267488178788e-01	2.553762002875951675e-01	1.500842644009337257e-01	7.388188079625318538e-02	2.721871056318595980e-02	7.921573085817423809e-02
1.177997047025061647e+03	2.502439646244173921e-01	1.634086198165314863e-01	2.556323469637049595e-01	1.502063999865834998e-01	7.396262352212987223e-02	2.721871056318595980e-02	7.932733452306678368e-02
1.180415932131889122e+03	2.498995646928381664e-01	1.631840428888942651e-01	2.558877840640279566e-01	1.503281993314205811e-01	7.404313422052086202e-02	2.721871056318595980e-02	7.943856423873214834e-02
1.182834817238716823e+03	2.495561835697463482e-01	1.629600942069403813e-01	2.561425126701283861e-01	1.504496634172954317e-01	7.412341344681651345e-02	2.721871056318595980e-02	7.954942212550690506e-02
1.185253702345544298e+03	2.492138182830517523e-01	1.627367720161466969e-01	2.563965338820645146e-01	1.505707932231939716e-01	7.420346175739445105e-02	2.721871056318595980e-02	7.965991027458257934e-02
1.187672587452371999e+03	2.488724658687408442e-01	1.625140745664326591e-01	2.566498488178554638e-01	1.506915897252454617e-01	7.428327970955915516e-02	2.721871056318595980e-02	7.977003074860046505e-02
1.190091472559199701e+03	2.485321233708675803e-01	1.622920001121597455e-01	2.569024586129601828e-01	1.508120538967303581e-01	7.436286786148287031e-02	2.721871056318595980e-02	7.987978558223333969e-02
1.192510357666027403e+03	2.481927878415439992e-01	1.620705469121309916e-01	2.571543644197684109e-01	1.509321867080882229e-01	7.444222677214799855e-02	2.721871056318595980e-02	7.998917678275445364e-02
1.194929242772855105e+03	2.478544563409304236e-01	1.618497132295897423e-01	2.574055674071034083e-01	1.510519891269255788e-01	7.452135700129094986e-02	2.721871056318595980e-02	8.009820633059404338e-02
1.197348127879682352e+03	2.475171259372253574e-01	1.616294973322185968e-01	2.576560687597357346e-01	1.511714621180236529e-01	7.460025910934720006e-02	2.721871056318595980e-02	8.020687617988360441e-02
1.199767012986510281e+03	2.471807937066552163e-01	1.614098974921377994e-01	2.579058696779085724e-01	1.512906066433462315e-01	7.467893365739790290e-02	2.721871056318595980e-02	8.031518825898836811e-02
1.202185898093337983e+03	2.468454567334638639e-01	1.611909119859036565e-01	2.581549713768734322e-01	1.514094236620475709e-01	7.475738120711762635e-02	2.721871056318595980e-02	8.042314447102794084e-02
1.204604783200165684e+03	2.465111121099015645e-01	1.609725390945064560e-01	2.584033750864370149e-01	1.515279141304800292e-01	7.483560232072340723e-02	2.721871056318595980e-02	8.053074669438563260e-02
1.207023668306993159e+03	2.461777569362140761e-01	1.607547771033682737e-01	2.586510820505180108e-01	1.516460790022020055e-01	7.491359756092509647e-02	2.721871056318595980e-02	8.063799678320661413e-02
1.209442553413820860e+03	2.458453883206312141e-01	1.605376243023406146e-01	2.588980935267145567e-01	1.517639192279855442e-01	7.499136749087691178e-02	2.721871056318595980e-02	8.074489656788523539e-02
1.211861438520648335e+03	2.455140033793554444e-01	1.603210789857017204e-01	2.591444107858810186e-01	1.518814357558243011e-01	7.506891267413015600e-02	2.721871056318595980e-02	8.085144785554153335e-02
1.214280323627476264e+03	2.451835992365498929e-01	1.601051394521536830e-01	2.593900351117150449e-01	1.519986295309410651e-01	7.514623367458701797e-02	2.721871056318595980e-02	8.095765243048744231e-02
1.216699208734303511e+03	2.448541730243264936e-01	1.598898040048194746e-01	2.596349678003540551e-01	1.521155014957956686e-01	7.522333105645569173e-02	2.721871056318595980e-02	8.106351205468276255e-02
1.219118093841131440e+03	2.445257218827337486e-01	1.596750709512395616e-01	2.598792101599806670e-01	1.522320525900926202e-01	7.530020538420645337e-02	2.721871056318595980e-02	8.116902846818113693e-02
1.221536978947959142e+03	2.441982429597441273e-01	1.594609386033685183e-01	2.601227635104375047e-01	1.523482837507888210e-01	7.537685722252883413e-02	2.721871056318595980e-02	8.127420338956635459e-02
1.223955864054786844e+03	2.438717334112416590e-01	1.592474052775713078e-01	2.603656291828509439e-01	1.524641959121012247e-01	7.545328713628993156e-02	2.721871056318595980e-02	8.137903851637898200e-02
1.226374749161614318e+03	2.435461904010089718e-01	1.590344692946195071e-01	2.606078085192634619e-01	1.525797900055146095e-01	7.552949569049366429e-02	2.721871056318595980e-02	8.148353552553383450e-02
1.228793634268442020e+03	2.432216111007142745e-01	1.588221289796871716e-01	2.608493028722742024e-01	1.526950669597890997e-01	7.560548345024113714e-02	2.721871056318595980e-02	8.158769607372816368e-02
1.231212519375269494e+03	2.428979926898981179e-01	1.586103826623467272e-01	2.610901136046883120e-01	1.528100277009679653e-01	7.568125098069183876e-02	2.721871056318595980e-02	8.169152179784112955e-02
1.233631404482097196e+03	2.425753323559600161e-01	1.583992286765644741e-01	2.613302420891741584e-01	1.529246731523851155e-01	7.575679884702599121e-02	2.721871056318595980e-02	8.179501431532437694e-02
1.236050289588924898e+03	2.422536272941449298e-01	1.581886653606961735e-01	2.615696897079283767e-01	1.530390042346727597e-01	7.583212761440774607e-02	2.721871056318595980e-02	8.189817522458411880e-02
1.238469174695752372e+03	2.419328747075294439e-01	1.579786910574821623e-01	2.618084578523491301e-01	1.531530218657691789e-01	7.590723784794919937e-02	2.721871056318595980e-02	8.200100610535498991e-02
1.240888059802580301e+03	2.416130718070079453e-01	1.577693041140426355e-01	2.620465479227163663e-01	1.532667269609260252e-01	7.598213011267554440e-02	2.721871056318595980e-02	8.210350851906565717e-02
1.243306944909407548e+03	2.412942158112783841e-01	1.575605028818724829e-01	2.622839613278798443e-01	1.533801204327160661e-01	7.605680497349090463e-02	2.721871056318595980e-02	8.220568400919646412e-02
1.245725830016235477e+03	2.409763039468282853e-01	1.573522857168362099e-01	2.625206994849544340e-01	1.534932031910407613e-01	7.613126299514516582e-02	2.721871056318595980e-02	8.230753410162931771e-02
1.248144715123063179e+03	2.406593334479201762e-01	1.571446509791624979e-01	2.627567638190224097e-01	1.536059761431377013e-01	7.620550474220148807e-02	2.721871056318595980e-02	8.240906030498994228e-02
1.250563600229890881e+03	2.403433015565771824e-01	1.569375970334388193e-01	2.629921557628425166e-01	1.537184401935882405e-01	7.627953077900483103e-02	2.721871056318595980e-02	8.251026411098265345e-02
1.252982485336718355e+03	2.400282055225683719e-01	1.567311222486058309e-01	2.632268767565661416e-01	1.538305962443249075e-01	7.635334166965111746e-02	2.721871056318595980e-02	8.261114699471787393e-02
1.255401370443546057e+03	2.397140426033938232e-01	1.565252249979514620e-01	2.634609282474600911e-01	1.539424451946390660e-01	7.642693797795729882e-02	2.721871056318595980e-02	8.271171041503250221e-02
1.257820255550373531e+03	2.394008100642698589e-01	1.563199036591052526e-01	2.636943116896354744e-01	1.540539879411882140e-01	7.650032026743211477e-02	2.721871056318595980e-02	8.281195581480331469e-02
1.260239140657201460e+03	2.390885051781138915e-01	1.561151566140322189e-01	2.639270285437834151e-01	1.541652253780034787e-01	7.657348910124764374e-02	2.721871056318595980e-02	8.291188462125359537e-02
1.262658025764028707e+03	2.387771252255292964e-01	1.559109822490267194e-01	2.641590802769164248e-01	1.542761583964971928e-01	7.664644504221158894e-02	2.721871056318595980e-02	8.301149824625303486e-02
1.265076910870856636e+03	2.384666674947900911e-01	1.557073789547062381e-01	2.643904683621163265e-01	1.543867878854702780e-01	7.671918865274025834e-02	2.721871056318595980e-02	8.311079808661114843e-02
1.267495795977684338e+03	2.381571292818254471e-01	1.555043451260049725e-01	2.646211942782878412e-01	1.544971147311195170e-01	7.679172049483222462e-02	2.721871056318595980e-02	8.320978552436433806e-02
1.269914681084511813e+03	2.378485078902043415e-01	1.553018791621673667e-01	2.648512595099181688e-01	1.546071398170451860e-01	7.686404113004273453e-02	2.721871056318595980e-02	8.330846192705665398e-02
1.272333566191339514e+03	2.375408006311197084e-01	1.550999794667415332e-01	2.650806655468415651e-01	1.547168640242582160e-01	7.693615111945874274e-02	2.721871056318595980e-02	8.340682864801460261e-02
1.274752451298167216e+03	2.372340048233728682e-01	1.548986444475724811e-01	2.653094138840108029e-01	1.548262882311877975e-01	7.700805102367463961e-02	2.721871056318595980e-02	8.350488702661580664e-02
1.277171336404994690e+03	2.369281177933575955e-01	1.546978725167953983e-01	2.655375060212724070e-01	1.549354133136885137e-01	7.707974140276852015e-02	2.721871056318595980e-02	8.360263838855196139e-02
1.279590221511822392e+03	2.366231368750442154e-01	1.544976620908286302e-01	2.657649434631483842e-01	1.550442401450478069e-01	7.715122281627923018e-02	2.721871056318595980e-02	8.370008404608611507e-02
1.282009106618650094e+03	2.363190594099635333e-01	1.542980115903667682e-01	2.659917277186226725e-01	1.551527695959933062e-01	7.722249582318389816e-02	2.721871056318595980e-02	8.379722529830427313e-02
1.284427991725477568e+03	2.360158827471907916e-01	1.540989194403734608e-01	2.662178603009324740e-01	1.552610025347000433e-01	7.729356098187607771e-02	2.721871056318595980e-02	8.389406343136163180e-02
1.286846876832305497e+03	2.357136042433293499e-01	1.539003840700743087e-01	2.664433427273650845e-01	1.553689398267977528e-01	7.736441885014455622e-02	2.721871056318595980e-02	8.399059971872346875e-02
1.289265761939132744e+03	2.354122212624945587e-01	1.537024039129494535e-01	2.666681765190588305e-01	1.554765823353782828e-01	7.743506998515266304e-02	2.721871056318595980e-02	8.408683542140078793e-02
1.291684647045960673e+03	2.351117311762971618e-01	1.535049774067262784e-01	2.668923632008093905e-01	1.555839309210026722e-01	7.750551494341813286e-02	2.721871056318595980e-02	8.418277178818092676e-02
1.294103532152788375e+03	2.348121313638270591e-01	1.533081029933719419e-01	2.671159043008803913e-01	1.556909864417084510e-01	7.757575428079355184e-02	2.721871056318595980e-02	8.427841005585312573e-02
1.296522417259616077e+03	2.345134192116366811e-01	1.531117791190857724e-01	2.673388013508185002e-01	1.557977497530169397e-01	7.764578855244731737e-02	2.721871056318595980e-02	8.437375144942926841e-02
1.298941302366443551e+03	2.342155921137243912e-01	1.529160042342918302e-01	2.675610558852730136e-01	1.559042217079402992e-01	7.771561831284512500e-02	2.721871056318595980e-02	8.446879718235984769e-02
1.301360187473271253e+03	2.339186474715178321e-01	1.527207767936308858e-01	2.677826694418198317e-01	1.560104031569889138e-01	7.778524411573191355e-02	2.721871056318595980e-02	8.456354845674519949e-02
1.303779072580098727e+03	2.336225826938571892e-01	1.525260952559529259e-01	2.680036435607893730e-01	1.561162949481783024e-01	7.785466651411443451e-02	2.721871056318595980e-02	8.465800646354233738e-02
1.306197957686926657e+03	2.333273951969784543e-01	1.523319580843091603e-01	2.682239797850992091e-01	1.562218979270365571e-01	7.792388606024411302e-02	2.721871056318595980e-02	8.475217238276715193e-02
1.308616842793753904e+03	2.330330824044964388e-01	1.521383637459441940e-01	2.684436796600896957e-01	1.563272129366112539e-01	7.799290330560060269e-02	2.721871056318595980e-02	8.484604738369239119e-02
1.311035727900581833e+03	2.327396417473880097e-01	1.519453107122879787e-01	2.686627447333649887e-01	1.564322408174766976e-01	7.806171880087559023e-02	2.721871056318595980e-02	8.493963262504129752e-02
1.313454613007409534e+03	2.324470706639750750e-01	1.517527974589477358e-01	2.688811765546363919e-01	1.565369824077409988e-01	7.813033309595725229e-02	2.721871056318595980e-02	8.503292925517710876e-02
1.315873498114237009e+03	2.321553665999075422e-01	1.515608224656999348e-01	2.690989766755704782e-01	1.566414385430531242e-01	7.819874673991497604e-02	2.721871056318595980e-02	8.512593841228852098e-02
1.318292383221064711e+03	2.318645270081462484e-01	1.513693842164819947e-01	2.693161466496405976e-01	1.567456100566100019e-01	7.826696028098469038e-02	2.721871056318595980e-02	8.521866122457107118e-02
1.320711268327892412e+03	2.315745493489458906e-01	1.511784811993841515e-01	2.695326880319819929e-01	1.568494977791635159e-01	7.833497426655443296e-02	2.721871056318595980e-02	8.531109881040470355e-02
1.323130153434719887e+03	2.312854310898377341e-01	1.509881119066411592e-01	2.697486023792501908e-01	1.569531025390276113e-01	7.840278924315045861e-02	2.721871056318595980e-02	8.540325227852750556e-02
1.325549038541547588e+03	2.309971697056125706e-01	1.507982748346238244e-01	2.699638912494835563e-01	1.570564251620852614e-01	7.847040575642376392e-02	2.721871056318595980e-02	8.549512272820572467e-02
1.327967923648375290e+03	2.307097626783033706e-01	1.506089684838307352e-01	2.701785562019681231e-01	1.571594664717955170e-01	7.853782435113688953e-02	2.721871056318595980e-02	8.558671124940009367e-02
1.330386808755202765e+03	2.304232074971680755e-01	1.504201913588797679e-01	2.703925987971065870e-01	1.572622272892003903e-01	7.860504557115119417e-02	2.721871056318595980e-02	8.567801892292864485e-02
1.332805693862030694e+03	2.301375016586721389e-01	1.502319419684995661e-01	2.706060205962903531e-01	1.573647084329320156e-01	7.867206995941451730e-02	2.721871056318595980e-02	8.576904682062604091e-02
1.335224578968857941e+03	2.298526426664712907e-01	1.500442188255209919e-01	2.708188231617744135e-01	1.574669107192193107e-01	7.873889805794914709e-02	2.721871056318595980e-02	8.585979600549945023e-02
1.337643464075685870e+03	2.295686280313941063e-01	1.498570204468685219e-01	2.710310080565555557e-01	1.575688349618951101e-01	7.880553040784020469e-02	2.721871056318595980e-02	8.595026753188110546e-02
1.340062349182513572e+03	2.292854552714246041e-01	1.496703453535516426e-01	2.712425768442532914e-01	1.576704819724030759e-01	7.887196754922434772e-02	2.721871056318595980e-02	8.604046244557768397e-02
1.342481234289341273e+03	2.290031219116846761e-01	1.494841920706561078e-01	2.714535310889942266e-01	1.577718525598044985e-01	7.893821002127883457e-02	2.721871056318595980e-02	8.613038178401632994e-02
1.344900119396168748e+03	2.287216254844167962e-01	1.492985591273352508e-01	2.716638723552987633e-01	1.578729475307852070e-01	7.900425836221088016e-02	2.721871056318595980e-02	8.622002657638773437e-02
1.347319004502996449e+03	2.284409635289664231e-01	1.491134450568012415e-01	2.718736022079710213e-01	1.579737676896624810e-01	7.907011310924742797e-02	2.721871056318595980e-02	8.630939784378607871e-02
1.349737889609823924e+03	2.281611335917644034e-01	1.489288483963162046e-01	2.720827222119910904e-01	1.580743138383917945e-01	7.913577479862514419e-02	2.721871056318595980e-02	8.639849659934602244e-02
1.352156774716651853e+03	2.278821332263095689e-01	1.487447676871834490e-01	2.722912339324102815e-01	1.581745867765737834e-01	7.920124396558080038e-02	2.721871056318595980e-02	8.648732384837670706e-02
1.354575659823479100e+03	2.276039599931510837e-01	1.485612014747385579e-01	2.724991389342491521e-01	1.582745873014609062e-01	7.926652114434191987e-02	2.721871056318595980e-02	8.657588058849302604e-02
1.356994544930307029e+03	2.273266114598707921e-01	1.483781483083404795e-01	2.727064387823973091e-01	1.583743162079643274e-01	7.933160686811771556e-02	2.721871056318595980e-02	8.666416780974402212e-02
1.359413430037134731e+03	2.270500852010657322e-01	1.481956067413626177e-01	2.729131350415166524e-01	1.584737742886606071e-01	7.939650166909036078e-02	2.721871056318595980e-02	8.675218649473860622e-02
1.361832315143962205e+03	2.267743787983305115e-01	1.480135753311838387e-01	2.731192292759465623e-01	1.585729623337986116e-01	7.946120607840652383e-02	2.721871056318595980e-02	8.683993761876855622e-02
1.364251200250789907e+03	2.264994898402395429e-01	1.478320526391793954e-01	2.733247230496115288e-01	1.586718811313060362e-01	7.952572062616915238e-02	2.721871056318595980e-02	8.692742214992897620e-02
1.366670085357617609e+03	2.262254159223295591e-01	1.476510372307120733e-01	2.735296179259310012e-01	1.587705314667963163e-01	7.959004584142959082e-02	2.721871056318595980e-02	8.701464104923610499e-02
1.369088970464445310e+03	2.259521546470817932e-01	1.474705276751229477e-01	2.737339154677320696e-01	1.588689141235752056e-01	7.965418225217989201e-02	2.721871056318595980e-02	8.710159527074275154e-02
1.371507855571272785e+03	2.256797036239044929e-01	1.472905225457224188e-01	2.739376172371635887e-01	1.589670298826475758e-01	7.971813038534542040e-02	2.721871056318595980e-02	8.718828576165123245e-02
1.373926740678100487e+03	2.254080604691151013e-01	1.471110204197810523e-01	2.741407247956129667e-01	1.590648795227239121e-01	7.978189076677781599e-02	2.721871056318595980e-02	8.727471346242389461e-02
1.376345625784927961e+03	2.251372228059225766e-01	1.469320198785204201e-01	2.743432397036252302e-01	1.591624638202271957e-01	7.984546392124793057e-02	2.721871056318595980e-02	8.736087930689137582e-02
1.378764510891755890e+03	2.248671882644098230e-01	1.467535195071040799e-01	2.745451635208237540e-01	1.592597835492992886e-01	7.990885037243929123e-02	2.721871056318595980e-02	8.744678422235850623e-02
1.381183395998583137e+03	2.245979544815158990e-01	1.465755178946282211e-01	2.747464978058331564e-01	1.593568394818077327e-01	7.997205064294170274e-02	2.721871056318595980e-02	8.753242912970803091e-02
1.383602281105411066e+03	2.243295191010183931e-01	1.463980136341125893e-01	2.749472441162043035e-01	1.594536323873523287e-01	8.003506525424497475e-02	2.721871056318595980e-02	8.761781494350212585e-02
1.386021166212238768e+03	2.240618797735156598e-01	1.462210053224912709e-01	2.751474040083413120e-01	1.595501630332716303e-01	8.009789472673306543e-02	2.721871056318595980e-02	8.770294257208181843e-02
1.388440051319066470e+03	2.237950341564091394e-01	1.460444915606033678e-01	2.753469790374302728e-01	1.596464321846494949e-01	8.016053957967825272e-02	2.721871056318595980e-02	8.778781291766428463e-02
1.390858936425893944e+03	2.235289799138856504e-01	1.458684709531838375e-01	2.755459707573697514e-01	1.597424406043218004e-01	8.022300033123565266e-02	2.721871056318595980e-02	8.787242687643809225e-02
1.393277821532721646e+03	2.232637147168997638e-01	1.456929421088542786e-01	2.757443807207035080e-01	1.598381890528828009e-01	8.028527749843794581e-02	2.721871056318595980e-02	8.795678533865652904e-02
1.395696706639549120e+03	2.229992362431560404e-01	1.455179036401134662e-01	2.759422104785544949e-01	1.599336782886917330e-01	8.034737159719017308e-02	2.721871056318595980e-02	8.804088918872883529e-02
1.398115591746377049e+03	2.227355421770914057e-01	1.453433541633283033e-01	2.761394615805612407e-01	1.600289090678791992e-01	8.040928314226492013e-02	2.721871056318595980e-02	8.812473930530967392e-02
1.400534476853204296e+03	2.224726302098573860e-01	1.451692922987242729e-01	2.763361355748149562e-01	1.601238821443538296e-01	8.047101264729755732e-02	2.721871056318595980e-02	8.820833656138665768e-02
1.402953361960032225e+03	2.222104980393025675e-01	1.449957166703763067e-01	2.765322340077994712e-01	1.602185982698085542e-01	8.053256062478174326e-02	2.721871056318595980e-02	8.829168182436605838e-02
1.405372247066859927e+03	2.219491433699547211e-01	1.448226259061993759e-01	2.767277584243317268e-01	1.603130581937271815e-01	8.059392758606506724e-02	2.721871056318595980e-02	8.837477595615676751e-02
1.407791132173687402e+03	2.216885639130033170e-01	1.446500186379391373e-01	2.769227103675043766e-01	1.604072626633906984e-01	8.065511404134488582e-02	2.721871056318595980e-02	8.845761981325242496e-02
1.410210017280515103e+03	2.214287573862818159e-01	1.444778935011626353e-01	2.771170913786302203e-01	1.605012124238837656e-01	8.071612049966438163e-02	2.721871056318595980e-02	8.854021424681193797e-02
1.412628902387342805e+03	2.211697215142500450e-01	1.443062491352489762e-01	2.773109029971875805e-01	1.605949082181011289e-01	8.077694746890876076e-02	2.721871056318595980e-02	8.862256010273829310e-02
1.415047787494170507e+03	2.209114540279765448e-01	1.441350841833798080e-01	2.775041467607672896e-01	1.606883507867539196e-01	8.083759545580157524e-02	2.721871056318595980e-02	8.870465822175568893e-02
1.417466672600997981e+03	2.206539526651209449e-01	1.439643972925301607e-01	2.776968242050212865e-01	1.607815408683760383e-01	8.089806496590132290e-02	2.721871056318595980e-02	8.878650943948512841e-02
1.419885557707825683e+03	2.203972151699163662e-01	1.437941871134588989e-01	2.778889368636126012e-01	1.608744791993304835e-01	8.095835650359807512e-02	2.721871056318595980e-02	8.886811458651842910e-02
1.422304442814653157e+03	2.201412392931518247e-01	1.436244523006994789e-01	2.780804862681667267e-01	1.609671665138157071e-01	8.101847057211038206e-02	2.721871056318595980e-02	8.894947448849072069e-02
1.424723327921481086e+03	2.198860227921546617e-01	1.434551915125504284e-01	2.782714739482241573e-01	1.610596035438719154e-01	8.107840767348224731e-02	2.721871056318595980e-02	8.903058996615144383e-02
1.427142213028308333e+03	2.196315634307730025e-01	1.432864034110660212e-01	2.784619014311943697e-01	1.611517910193872860e-01	8.113816830858031071e-02	2.721871056318595980e-02	8.911146183543380839e-02
1.429561098135136262e+03	2.193778589793581590e-01	1.431180866620469228e-01	2.786517702423113585e-01	1.612437296681043242e-01	8.119775297709111439e-02	2.721871056318595980e-02	8.919209090752294733e-02
1.431979983241963964e+03	2.191249072147471166e-01	1.429502399350307262e-01	2.788410819045897826e-01	1.613354202156260520e-01	8.125716217751859094e-02	2.721871056318595980e-02	8.927247798892261332e-02
1.434398868348791666e+03	2.188727059202449921e-01	1.427828619032825708e-01	2.790298379387829431e-01	1.614268633854222812e-01	8.131639640718160700e-02	2.721871056318595980e-02	8.935262388152050150e-02
1.436817753455619140e+03	2.186212528856076309e-01	1.426159512437857879e-01	2.792180398633417049e-01	1.615180598988358307e-01	8.137545616221171507e-02	2.721871056318595980e-02	8.943252938265222607e-02
1.439236638562446842e+03	2.183705459070240384e-01	1.424495066372324092e-01	2.794056891943746401e-01	1.616090104750887158e-01	8.143434193755101635e-02	2.721871056318595980e-02	8.951219528516402013e-02
1.441655523669274316e+03	2.181205827870989489e-01	1.422835267680139237e-01	2.795927874456093920e-01	1.616997158312883376e-01	8.149305422695013457e-02	2.721871056318595980e-02	8.959162237747410329e-02
1.444074408776102018e+03	2.178713613348353673e-01	1.421180103242117021e-01	2.797793361283549829e-01	1.617901766824336451e-01	8.155159352296630082e-02	2.721871056318595980e-02	8.967081144363292511e-02
1.446493293882929493e+03	2.176228793656171667e-01	1.419529559975876709e-01	2.799653367514651769e-01	1.618803937414212968e-01	8.160996031696166053e-02	2.721871056318595980e-02	8.974976326338197918e-02
1.448912178989757422e+03	2.173751347011917412e-01	1.417883624835749590e-01	2.801507908213033415e-01	1.619703677190517388e-01	8.166815509910156645e-02	2.721871056318595980e-02	8.982847861221160413e-02
1.451331064096585123e+03	2.171281251696525194e-01	1.416242284812684327e-01	2.803356998417079748e-01	1.620600993240354226e-01	8.172617835835306599e-02	2.721871056318595980e-02	8.990695826141753555e-02
1.453749949203412370e+03	2.168818486054217287e-01	1.414605526934153423e-01	2.805200653139591771e-01	1.621495892629988278e-01	8.178403058248349955e-02	2.721871056318595980e-02	8.998520297815632007e-02
1.456168834310240300e+03	2.166363028492329645e-01	1.412973338264059686e-01	2.807038887367466207e-01	1.622388382404905405e-01	8.184171225805922378e-02	2.721871056318595980e-02	9.006321352549956361e-02
1.458587719417068001e+03	2.163914857481139542e-01	1.411345705902641856e-01	2.808871716061377422e-01	1.623278469589874429e-01	8.189922387044437646e-02	2.721871056318595980e-02	9.014099066248719427e-02
1.461006604523895703e+03	2.161473951553692652e-01	1.409722616986380239e-01	2.810699154155476553e-01	1.624166161189004864e-01	8.195656590379989115e-02	2.721871056318595980e-02	9.021853514417955966e-02
1.463425489630723177e+03	2.159040289305629856e-01	1.408104058687904558e-01	2.812521216557094528e-01	1.625051464185810757e-01	8.201373884108238699e-02	2.721871056318595980e-02	9.029584772170848317e-02
1.465844374737550879e+03	2.156613849395015436e-01	1.406490018215899029e-01	2.814337918146458395e-01	1.625934385543268135e-01	8.207074316404339154e-02	2.721871056318595980e-02	9.037292914232737673e-02
1.468263259844378354e+03	2.154194610542165267e-01	1.404880482815008547e-01	2.816149273776410999e-01	1.626814932203876074e-01	8.212757935322852199e-02	2.721871056318595980e-02	9.044978014946022937e-02
1.470682144951206283e+03	2.151782551529474452e-01	1.403275439765746258e-01	2.817955298272145637e-01	1.627693111089716649e-01	8.218424788797684677e-02	2.721871056318595980e-02	9.052640148274967991e-02
1.473101030058033530e+03	2.149377651201246353e-01	1.401674876384399193e-01	2.819756006430944595e-01	1.628568929102514329e-01	8.224074924642024720e-02	2.721871056318595980e-02	9.060279387810417362e-02
1.475519915164861459e+03	2.146979888463519948e-01	1.400078780022934732e-01	2.821551413021928245e-01	1.629442393123695376e-01	8.229708390548295949e-02	2.721871056318595980e-02	9.067895806774409206e-02
1.477938800271689161e+03	2.144589242283900798e-01	1.398487138068908175e-01	2.823341532785811903e-01	1.630313510014446687e-01	8.235325234088115842e-02	2.721871056318595980e-02	9.075489478024702239e-02
1.480357685378516862e+03	2.142205691691388691e-01	1.396899937945368098e-01	2.825126380434668238e-01	1.631182286615776300e-01	8.240925502712269368e-02	2.721871056318595980e-02	9.083060474059211076e-02
1.482776570485344337e+03	2.139829215776208049e-01	1.395317167110764478e-01	2.826905970651702460e-01	1.632048729748571125e-01	8.246509243750677065e-02	2.721871056318595980e-02	9.090608867020349981e-02
