1.001418434226643626e+03	2.783317679294288194e-01	1.816441377989395090e-01	2.350140065564362002e-01	1.403098226180616304e-01	6.742570728552330084e-02	2.726512747625109770e-02	7.000943033497805668e-02
1.002869765290740247e+03	2.780755246457735086e-01	1.814789007364834839e-01	2.351988991701467191e-01	1.403986472290246756e-01	6.748496423299604752e-02	2.726512747625109770e-02	7.009793650894305395e-02
1.004321096354836754e+03	2.778197335181120109e-01	1.813139399354947723e-01	2.353835458028727401e-01	1.404873238026334570e-01	6.754413028265955632e-02	2.726512747625109770e-02	7.018619918159495208e-02
1.005772427418933376e+03	2.775643937810886031e-01	1.811492549539141517e-01	2.355679460731863739e-01	1.405758525974699913e-01	6.760320511530656939e-02	2.726512747625109770e-02	7.027422000240182709e-02
1.007223758483029997e+03	2.773095046703442090e-01	1.809848453501423926e-01	2.357520995851704881e-01	1.406642338716761198e-01	6.766218844888038930e-02	2.726512747625109770e-02	7.036200059715395916e-02
1.008675089547126618e+03	2.770550654225101828e-01	1.808207106830355959e-01	2.359360059312757274e-01	1.407524678829540632e-01	6.772108003486555783e-02	2.726512747625109770e-02	7.044954256872645870e-02
1.010126420611223239e+03	2.768010752752029791e-01	1.806568505119012791e-01	2.361196646948689748e-01	1.408405548885670877e-01	6.777987965504130019e-02	2.726512747625109770e-02	7.053684749778602048e-02
1.011577751675319632e+03	2.765475334670194352e-01	1.804932643964953232e-01	2.363030754525045352e-01	1.409284951453400048e-01	6.783858711856091683e-02	2.726512747625109770e-02	7.062391694344735682e-02
1.013029082739416367e+03	2.762944392375335512e-01	1.803299518970194748e-01	2.364862377759463230e-01	1.410162889096598926e-01	6.789720225932427411e-02	2.726512747625109770e-02	7.071075244388408398e-02
1.014480413803512761e+03	2.760417918272931037e-01	1.801669125741196253e-01	2.366691512339662851e-01	1.411039364374765681e-01	6.795572493361379252e-02	2.726512747625109770e-02	7.079735551689826656e-02
1.015931744867609382e+03	2.757895904778174812e-01	1.800041459888845063e-01	2.368518153939424553e-01	1.411914379843032530e-01	6.801415501796723162e-02	2.726512747625109770e-02	7.088372766045270001e-02
1.017383075931706003e+03	2.755378344315961847e-01	1.798416517028448847e-01	2.370342298232766820e-01	1.412787938052171288e-01	6.807249240726347128e-02	2.726512747625109770e-02	7.096987035316930370e-02
1.018834406995802851e+03	2.752865229320872187e-01	1.796794292779731739e-01	2.372163940906507618e-01	1.413660041548599755e-01	6.813073701299968143e-02	2.726512747625109770e-02	7.105578505479685780e-02
1.020285738059899245e+03	2.750356552237166463e-01	1.795174782766834343e-01	2.373983077671374675e-01	1.414530692874386708e-01	6.818888876174059033e-02	2.726512747625109770e-02	7.114147320665087371e-02
1.021737069123995752e+03	2.747852305518779237e-01	1.793557982618317614e-01	2.375799704271813750e-01	1.415399894567259120e-01	6.824694759372250397e-02	2.726512747625109770e-02	7.122693623202817903e-02
1.023188400188092373e+03	2.745352481629320662e-01	1.791943887967168414e-01	2.377613816494631716e-01	1.416267649160606878e-01	6.830491346159638100e-02	2.726512747625109770e-02	7.131217553659850716e-02
1.024639731252188767e+03	2.742857073042078153e-01	1.790332494450808665e-01	2.379425410176588263e-01	1.417133959183488889e-01	6.836278632929607135e-02	2.726512747625109770e-02	7.139719250877521461e-02
1.026091062316285615e+03	2.740366072240020268e-01	1.788723797711106733e-01	2.381234481211053633e-01	1.417998827160639741e-01	6.842056617101882621e-02	2.726512747625109770e-02	7.148198852006686088e-02
1.027542393380382237e+03	2.737879471715805590e-01	1.787117793394389087e-01	2.383041025553822301e-01	1.418862255612474421e-01	6.847825297030710190e-02	2.726512747625109770e-02	7.156656492541149661e-02
1.028993724444478858e+03	2.735397263971792725e-01	1.785514477151456392e-01	2.384845039228171149e-01	1.419724247055095812e-01	6.853584671922109683e-02	2.726512747625109770e-02	7.165092306349506168e-02
1.030445055508575479e+03	2.732919441520050285e-01	1.783913844637598500e-01	2.386646518329244848e-01	1.420584804000298573e-01	6.859334741759319509e-02	2.726512747625109770e-02	7.173506425705530876e-02
1.031896386572671872e+03	2.730445996882370219e-01	1.782315891512613049e-01	2.388445459027834783e-01	1.421443928955576919e-01	6.865075507235576802e-02	2.726512747625109770e-02	7.181898981317241804e-02
1.033347717636768493e+03	2.727976922590283348e-01	1.780720613440822664e-01	2.390241857573615625e-01	1.422301624424129329e-01	6.870806969693508959e-02	2.726512747625109770e-02	7.190270102354749671e-02
1.034799048700865114e+03	2.725512211185071587e-01	1.779128006091095782e-01	2.392035710297898132e-01	1.423157892904864386e-01	6.876529131070475975e-02	2.726512747625109770e-02	7.198619916476993452e-02
1.036250379764961508e+03	2.723051855217785699e-01	1.777538065136864964e-01	2.393827013615948129e-01	1.424012736892407982e-01	6.882241993849250172e-02	2.726512747625109770e-02	7.206948549857447595e-02
1.037701710829058356e+03	2.720595847249262511e-01	1.775950786256149383e-01	2.395615764028917183e-01	1.424866158877108324e-01	6.887945561013504581e-02	2.726512747625109770e-02	7.215256127208884152e-02
1.039153041893154750e+03	2.718144179850142672e-01	1.774366165131575912e-01	2.397401958125427723e-01	1.425718161345041202e-01	6.893639836007625643e-02	2.726512747625109770e-02	7.223542771807263396e-02
1.040604372957251599e+03	2.715696845600886200e-01	1.772784197450399668e-01	2.399185592582848414e-01	1.426568746778017482e-01	6.899324822700414472e-02	2.726512747625109770e-02	7.231808605514829236e-02
1.042055704021347992e+03	2.713253837091794129e-01	1.771204878904527880e-01	2.400966664168293074e-01	1.427417917653587831e-01	6.905000525352283924e-02	2.726512747625109770e-02	7.240053748802448286e-02
1.043507035085444613e+03	2.710815146923025720e-01	1.769628205190540704e-01	2.402745169739375075e-01	1.428265676445049093e-01	6.910666948585597602e-02	2.726512747625109770e-02	7.248278320771256444e-02
1.044958366149541234e+03	2.708380767704617331e-01	1.768054172009714542e-01	2.404521106244740247e-01	1.429112025621450122e-01	6.916324097357853806e-02	2.726512747625109770e-02	7.256482439173685128e-02
1.046409697213637855e+03	2.705950692056501294e-01	1.766482775068044797e-01	2.406294470724405776e-01	1.429956967647598165e-01	6.921971976937398019e-02	2.726512747625109770e-02	7.264666220433858845e-02
1.047861028277734476e+03	2.703524912608526454e-01	1.764914010076268081e-01	2.408065260309927014e-01	1.430800504984064414e-01	6.927610592881441876e-02	2.726512747625109770e-02	7.272829779667464023e-02
1.049312359341831097e+03	2.701103422000474263e-01	1.763347872749884693e-01	2.409833472224407191e-01	1.431642640087190388e-01	6.933239951016127722e-02	2.726512747625109770e-02	7.280973230701073828e-02
1.050763690405927491e+03	2.698686212882082103e-01	1.761784358809182494e-01	2.411599103782372522e-01	1.432483375409092652e-01	6.938860057418468064e-02	2.726512747625109770e-02	7.289096686090999755e-02
1.052215021470024112e+03	2.696273277913058819e-01	1.760223463979257719e-01	2.413362152389527115e-01	1.433322713397671144e-01	6.944470918399939241e-02	2.726512747625109770e-02	7.297200257141682467e-02
1.053666352534120733e+03	2.693864609763105267e-01	1.758665183990038849e-01	2.415122615542397155e-01	1.434160656496612507e-01	6.950072540491582240e-02	2.726512747625109770e-02	7.305284053923642718e-02
1.055117683598217127e+03	2.691460201111933737e-01	1.757109514576307707e-01	2.416880490827886530e-01	1.434997207145398412e-01	6.955664930430463522e-02	2.726512747625109770e-02	7.313348185291032588e-02
1.056569014662313975e+03	2.689060044649284054e-01	1.755556451477722490e-01	2.418635775922744480e-01	1.435832367779310004e-01	6.961248095147350157e-02	2.726512747625109770e-02	7.321392758898800923e-02
1.058020345726410369e+03	2.686664133074943561e-01	1.754005990438839147e-01	2.420388468592961084e-01	1.436666140829434835e-01	6.966822041755475758e-02	2.726512747625109770e-02	7.329417881219499331e-02
1.059471676790506763e+03	2.684272459098764330e-01	1.752458127209133298e-01	2.422138566693102790e-01	1.437498528722672420e-01	6.972386777540307001e-02	2.726512747625109770e-02	7.337423657559725976e-02
1.060923007854603611e+03	2.681885015440681475e-01	1.750912857543020784e-01	2.423886068165587715e-01	1.438329533881740618e-01	6.977942309950188604e-02	2.726512747625109770e-02	7.345410192076259892e-02
1.062374338918700232e+03	2.679501794830732031e-01	1.749370177199880139e-01	2.425630971039913764e-01	1.439159158725180909e-01	6.983488646587808490e-02	2.726512747625109770e-02	7.353377587791876113e-02
1.063825669982796853e+03	2.677122790009067721e-01	1.747830081944072855e-01	2.427373273431847611e-01	1.439987405667365328e-01	6.989025795202362390e-02	2.726512747625109770e-02	7.361325946610852711e-02
1.065277001046893474e+03	2.674747993725976047e-01	1.746292567544962815e-01	2.429112973542573994e-01	1.440814277118502296e-01	6.994553763682392900e-02	2.726512747625109770e-02	7.369255369334203054e-02
1.066728332110990095e+03	2.672377398741894727e-01	1.744757629776938213e-01	2.430850069657816415e-01	1.441639775484643005e-01	7.000072560049200310e-02	2.726512747625109770e-02	7.377165955674627740e-02
1.068179663175086489e+03	2.670010997827427790e-01	1.743225264419430987e-01	2.432584560146931474e-01	1.442463903167685857e-01	7.005582192450793277e-02	2.726512747625109770e-02	7.385057804271202841e-02
1.069630994239183110e+03	2.667648783763361675e-01	1.741695467256935692e-01	2.434316443461980728e-01	1.443286662565384515e-01	7.011082669156319669e-02	2.726512747625109770e-02	7.392931012703815585e-02
1.071082325303279504e+03	2.665290749340680776e-01	1.740168234079029486e-01	2.436045718136785054e-01	1.444108056071353174e-01	7.016573998550917901e-02	2.726512747625109770e-02	7.400785677507358551e-02
1.072533656367376352e+03	2.662936887360581872e-01	1.738643560680391276e-01	2.437772382785965142e-01	1.444928086075072671e-01	7.022056189130970738e-02	2.726512747625109770e-02	7.408621894185682399e-02
1.073984987431472746e+03	2.660587190634488008e-01	1.737121442860820320e-01	2.439496436103967825e-01	1.445746754961896308e-01	7.027529249499708808e-02	2.726512747625109770e-02	7.416439757225325169e-02
1.075436318495569594e+03	2.658241651984065701e-01	1.735601876425253431e-01	2.441217876864085756e-01	1.446564065113056519e-01	7.032993188363126369e-02	2.726512747625109770e-02	7.424239360109016750e-02
1.076887649559666215e+03	2.655900264241235487e-01	1.734084857183784689e-01	2.442936703917468200e-01	1.447380018905670696e-01	7.038448014526194063e-02	2.726512747625109770e-02	7.432020795328975193e-02
1.078338980623762609e+03	2.653563020248185245e-01	1.732570380951681810e-01	2.444652916192130154e-01	1.448194618712746740e-01	7.043893736889327017e-02	2.726512747625109770e-02	7.439784154399990690e-02
1.079790311687859230e+03	2.651229912857386850e-01	1.731058443549404191e-01	2.446366512691954542e-01	1.449007866903190000e-01	7.049330364445093033e-02	2.726512747625109770e-02	7.447529527872306931e-02
1.081241642751955851e+03	2.648900934931603945e-01	1.729549040802619564e-01	2.448077492495698837e-01	1.449819765841809105e-01	7.054757906275130330e-02	2.726512747625109770e-02	7.455257005344308185e-02
1.082692973816052472e+03	2.646576079343908594e-01	1.728042168542220369e-01	2.449785854755996140e-01	1.450630317889322618e-01	7.060176371547260965e-02	2.726512747625109770e-02	7.462966675475017631e-02
1.084144304880149093e+03	2.644255338977690162e-01	1.726537822604340133e-01	2.451491598698363195e-01	1.451439525402363484e-01	7.065585769512781888e-02	2.726512747625109770e-02	7.470658625996405566e-02
1.085595635944245487e+03	2.641938706726668640e-01	1.725035998830369843e-01	2.453194723620207851e-01	1.452247390733486798e-01	7.070986109503911432e-02	2.726512747625109770e-02	7.478332943725517212e-02
1.087046967008342108e+03	2.639626175494904081e-01	1.723536693066973768e-01	2.454895228889842074e-01	1.453053916231175358e-01	7.076377400931392614e-02	2.726512747625109770e-02	7.485989714576418708e-02
1.088498298072438729e+03	2.637317738196808259e-01	1.722039901166103337e-01	2.456593113945500229e-01	1.453859104239845490e-01	7.081759653282207467e-02	2.726512747625109770e-02	7.493629023571972414e-02
1.089949629136535123e+03	2.635013387757156322e-01	1.720545618985014069e-01	2.458288378294361809e-01	1.454662957099854270e-01	7.087132876117435698e-02	2.726512747625109770e-02	7.501250954855451236e-02
1.091400960200631971e+03	2.632713117111094014e-01	1.719053842386278896e-01	2.459981021511581101e-01	1.455465477147503961e-01	7.092497079070206323e-02	2.726512747625109770e-02	7.508855591701968368e-02
1.092852291264728365e+03	2.630416919204148218e-01	1.717564567237802320e-01	2.461671043239323786e-01	1.456266666715050062e-01	7.097852271843752003e-02	2.726512747625109770e-02	7.516443016529755772e-02
1.094303622328825213e+03	2.628124786992238060e-01	1.716077789412835397e-01	2.463358443185811042e-01	1.457066528130705751e-01	7.103198464209563301e-02	2.726512747625109770e-02	7.524013310911287222e-02
1.095754953392921607e+03	2.625836713441681014e-01	1.714593504789989065e-01	2.465043221124371964e-01	1.457865063718648824e-01	7.108535666005617870e-02	2.726512747625109770e-02	7.531566555584227884e-02
1.097206284457018228e+03	2.623552691529203451e-01	1.713111709253246906e-01	2.466725376892503763e-01	1.458662275799028074e-01	7.113863887134688757e-02	2.726512747625109770e-02	7.539102830462247884e-02
1.098657615521114849e+03	2.621272714241947299e-01	1.711632398691978474e-01	2.468404910390941398e-01	1.459458166687968572e-01	7.119183137562722086e-02	2.726512747625109770e-02	7.546622214645677673e-02
1.100108946585211470e+03	2.618996774577478370e-01	1.710155569000952891e-01	2.470081821582735537e-01	1.460252738697579156e-01	7.124493427317286909e-02	2.726512747625109770e-02	7.554124786432012129e-02
1.101560277649308091e+03	2.616724865543794687e-01	1.708681216080349674e-01	2.471756110492340230e-01	1.461045994135957149e-01	7.129794766486070856e-02	2.726512747625109770e-02	7.561610623326270320e-02
1.103011608713404712e+03	2.614456980159332589e-01	1.707209335835772335e-01	2.473427777204709743e-01	1.461837935307195302e-01	7.135087165215441007e-02	2.726512747625109770e-02	7.569079802051220662e-02
1.104462939777501106e+03	2.612193111452971728e-01	1.705739924178259481e-01	2.475096821864405383e-01	1.462628564511388174e-01	7.140370633709054726e-02	2.726512747625109770e-02	7.576532398557457582e-02
1.105914270841597499e+03	2.609933252464046172e-01	1.704272977024296754e-01	2.476763244674711761e-01	1.463417884044637407e-01	7.145645182226510739e-02	2.726512747625109770e-02	7.583968488033332456e-02
1.107365601905694348e+03	2.607677396242345513e-01	1.702808490295826815e-01	2.478427045896763325e-01	1.464205896199058943e-01	7.150910821082050173e-02	2.726512747625109770e-02	7.591388144914769376e-02
1.108816932969790741e+03	2.605425535848123753e-01	1.701346459920261844e-01	2.480088225848680328e-01	1.464992603262788018e-01	7.156167560643297842e-02	2.726512747625109770e-02	7.598791442894926862e-02
1.110268264033887590e+03	2.603177664352102072e-01	1.699886881830493524e-01	2.481746784904715619e-01	1.465778007519986659e-01	7.161415411330035452e-02	2.726512747625109770e-02	7.606178454933738842e-02
1.111719595097984211e+03	2.600933774835478829e-01	1.698429751964903867e-01	2.483402723494410602e-01	1.466562111250848122e-01	7.166654383613013657e-02	2.726512747625109770e-02	7.613549253267322403e-02
1.113170926162080832e+03	2.598693860389927335e-01	1.696975066267374654e-01	2.485056042101761731e-01	1.467344916731604942e-01	7.171884488012798820e-02	2.726512747625109770e-02	7.620903909417260647e-02
1.114622257226177226e+03	2.596457914117605292e-01	1.695522820687297427e-01	2.486706741264397558e-01	1.468126426234534210e-01	7.177105735098646133e-02	2.726512747625109770e-02	7.628242494199753698e-02
1.116073588290273847e+03	2.594225929131158126e-01	1.694073011179582922e-01	2.488354821572764941e-01	1.468906642027963116e-01	7.182318135487404664e-02	2.726512747625109770e-02	7.635565077734651762e-02
1.117524919354370468e+03	2.591997898553721202e-01	1.692625633704671062e-01	2.490000283669325798e-01	1.469685566376276176e-01	7.187521699842444600e-02	2.726512747625109770e-02	7.642871729454361884e-02
1.118976250418467089e+03	2.589773815518924827e-01	1.691180684228539011e-01	2.491643128247764127e-01	1.470463201539920495e-01	7.192716438872620577e-02	2.726512747625109770e-02	7.650162518112646470e-02
1.120427581482563710e+03	2.587553673170895907e-01	1.689738158722711159e-01	2.493283356052202748e-01	1.471239549775412714e-01	7.197902363331243336e-02	2.726512747625109770e-02	7.657437511793278861e-02
1.121878912546660331e+03	2.585337464664262952e-01	1.688298053164266066e-01	2.494920967876430307e-01	1.472014613335344557e-01	7.203079484015093015e-02	2.726512747625109770e-02	7.664696777918610093e-02
1.123330243610756725e+03	2.583125183164158845e-01	1.686860363535845619e-01	2.496555964563136332e-01	1.472788394468390050e-01	7.208247811763431045e-02	2.726512747625109770e-02	7.671940383258001039e-02
1.124781574674853118e+03	2.580916821846220288e-01	1.685425085825663638e-01	2.498188347003160170e-01	1.473560895419309957e-01	7.213407357457056468e-02	2.726512747625109770e-02	7.679168393936149084e-02
1.126232905738949967e+03	2.578712373896591137e-01	1.683992216027511979e-01	2.499818116134745194e-01	1.474332118428958727e-01	7.218558132017367790e-02	2.726512747625109770e-02	7.686380875441303773e-02
1.127684236803046360e+03	2.576511832511926281e-01	1.682561750140769974e-01	2.501445272942804943e-01	1.475102065734291423e-01	7.223700146405442890e-02	2.726512747625109770e-02	7.693577892633365889e-02
1.129135567867143209e+03	2.574315190899391093e-01	1.681133684170409426e-01	2.503069818458200091e-01	1.475870739568369283e-01	7.228833411621142513e-02	2.726512747625109770e-02	7.700759509751887999e-02
1.130586898931239830e+03	2.572122442276663645e-01	1.679708014127004045e-01	2.504691753757020689e-01	1.476638142160365541e-01	7.233957938702231805e-02	2.726512747625109770e-02	7.707925790423961199e-02
1.132038229995336451e+03	2.569933579871933604e-01	1.678284736026734447e-01	2.506311079959882560e-01	1.477404275735571537e-01	7.239073738723511564e-02	2.726512747625109770e-02	7.715076797671993614e-02
1.133489561059432845e+03	2.567748596923906113e-01	1.676863845891395921e-01	2.507927798231230354e-01	1.478169142515403656e-01	7.244180822795970309e-02	2.726512747625109770e-02	7.722212593921393142e-02
1.134940892123529466e+03	2.565567486681800125e-01	1.675445339748403428e-01	2.509541909778650881e-01	1.478932744717408876e-01	7.249279202065948835e-02	2.726512747625109770e-02	7.729333241008140565e-02
1.136392223187626087e+03	2.563390242405349517e-01	1.674029213630799096e-01	2.511153415852193649e-01	1.479695084555270879e-01	7.254368887714321423e-02	2.726512747625109770e-02	7.736438800186266895e-02
1.137843554251722708e+03	2.561216857364802535e-01	1.672615463577257211e-01	2.512762317743703622e-01	1.480456164238816985e-01	7.259449890955693707e-02	2.726512747625109770e-02	7.743529332135223875e-02
1.139294885315819101e+03	2.559047324840920679e-01	1.671204085632090608e-01	2.514368616786160637e-01	1.481215985974022598e-01	7.264522223037604698e-02	2.726512747625109770e-02	7.750604896967164259e-02
1.140746216379915950e+03	2.556881638124980372e-01	1.669795075845255106e-01	2.515972314353027706e-01	1.481974551963019526e-01	7.269585895239757956e-02	2.726512747625109770e-02	7.757665554234119409e-02
1.142197547444012343e+03	2.554719790518771849e-01	1.668388430272355616e-01	2.517573411857609300e-01	1.482731864404100153e-01	7.274640918873245821e-02	2.726512747625109770e-02	7.764711362935081129e-02
1.143648878508108737e+03	2.552561775334596383e-01	1.666984144974651416e-01	2.519171910752417420e-01	1.483487925491725479e-01	7.279687305279801401e-02	2.726512747625109770e-02	7.771742381522991905e-02
1.145100209572205586e+03	2.550407585895265172e-01	1.665582216019059758e-01	2.520767812528545981e-01	1.484242737416529012e-01	7.284725065831060276e-02	2.726512747625109770e-02	7.778758667911643554e-02
1.146551540636302207e+03	2.548257215534098785e-01	1.664182639478161696e-01	2.522361118715053530e-01	1.484996302365324816e-01	7.289754211927831906e-02	2.726512747625109770e-02	7.785760279482473178e-02
1.148002871700398828e+03	2.546110657594927162e-01	1.662785411430205973e-01	2.523951830878356506e-01	1.485748622521113060e-01	7.294774754999375221e-02	2.726512747625109770e-02	7.792747273091288340e-02
1.149454202764495449e+03	2.543967905432085175e-01	1.661390527959112906e-01	2.525539950621628060e-01	1.486499700063085572e-01	7.299786706502700562e-02	2.726512747625109770e-02	7.799719705074879827e-02
1.150905533828591842e+03	2.541828952410409848e-01	1.659997985154479383e-01	2.527125479584204637e-01	1.487249537166632496e-01	7.304790077921873015e-02	2.726512747625109770e-02	7.806677631257559480e-02
1.152356864892688463e+03	2.539693791905240916e-01	1.658607779111582192e-01	2.528708419441004218e-01	1.487998136003348404e-01	7.309784880767325466e-02	2.726512747625109770e-02	7.813621106957616136e-02
1.153808195956785084e+03	2.537562417302416384e-01	1.657219905931381354e-01	2.530288771901947342e-01	1.488745498741038120e-01	7.314771126575189686e-02	2.726512747625109770e-02	7.820550186993670272e-02
1.155259527020881706e+03	2.535434821998270305e-01	1.655834361720524006e-01	2.531866538711392556e-01	1.489491627543723662e-01	7.319748826906627426e-02	2.726512747625109770e-02	7.827464925690957864e-02
1.156710858084978327e+03	2.533310999399629448e-01	1.654451142591347734e-01	2.533441721647571865e-01	1.490236524571648957e-01	7.324717993347182321e-02	2.726512747625109770e-02	7.834365376887521271e-02
1.158162189149074720e+03	2.531190942923811082e-01	1.653070244661883625e-01	2.535014322522040620e-01	1.490980191981287617e-01	7.329678637506133188e-02	2.726512747625109770e-02	7.841251593940321007e-02
1.159613520213171569e+03	2.529074645998617976e-01	1.651691664055858766e-01	2.536584343179130729e-01	1.491722631925347653e-01	7.334630771015862583e-02	2.726512747625109770e-02	7.848123629731268425e-02
1.161064851277267962e+03	2.526962102062336180e-01	1.650315396902700127e-01	2.538151785495413315e-01	1.492463846552777584e-01	7.339574405531235080e-02	2.726512747625109770e-02	7.854981536673182052e-02
1.162516182341364356e+03	2.524853304563729472e-01	1.648941439337534842e-01	2.539716651379168022e-01	1.493203838008773654e-01	7.344509552728975543e-02	2.726512747625109770e-02	7.861825366715646801e-02
1.163967513405461204e+03	2.522748246962039365e-01	1.647569787501195759e-01	2.541278942769858440e-01	1.493942608434785657e-01	7.349436224307069609e-02	2.726512747625109770e-02	7.868655171350820432e-02
1.165418844469557826e+03	2.520646922726976213e-01	1.646200437540221995e-01	2.542838661637617514e-01	1.494680159968521660e-01	7.354354431984165552e-02	2.726512747625109770e-02	7.875471001619141487e-02
1.166870175533654447e+03	2.518549325338718670e-01	1.644833385606860321e-01	2.544395809982737400e-01	1.495416494743956048e-01	7.359264187498984477e-02	2.726512747625109770e-02	7.882272908114974774e-02
1.168321506597751068e+03	2.516455448287905905e-01	1.643468627859068498e-01	2.545950389835168193e-01	1.496151614891333970e-01	7.364165502609745784e-02	2.726512747625109770e-02	7.889060940992174975e-02
1.169772837661847461e+03	2.514365285075635392e-01	1.642106160460515829e-01	2.547502403254021108e-01	1.496885522537178548e-01	7.369058389093592620e-02	2.726512747625109770e-02	7.895835149969579470e-02
1.171224168725944082e+03	2.512278829213456799e-01	1.640745979580585934e-01	2.549051852327082202e-01	1.497618219804296436e-01	7.373942858746034001e-02	2.726512747625109770e-02	7.902595584336427614e-02
1.172675499790040703e+03	2.510196074223368656e-01	1.639388081394377306e-01	2.550598739170327756e-01	1.498349708811783920e-01	7.378818923380384143e-02	2.726512747625109770e-02	7.909342292957707854e-02
1.174126830854137097e+03	2.508117013637811143e-01	1.638032462082705254e-01	2.552143065927451326e-01	1.499079991675033030e-01	7.383686594827224003e-02	2.726512747625109770e-02	7.916075324279434056e-02
1.175578161918233945e+03	2.506041640999661646e-01	1.636679117832102737e-01	2.553684834769394119e-01	1.499809070505737640e-01	7.388545884933858665e-02	2.726512747625109770e-02	7.922794726333845516e-02
1.177029492982330339e+03	2.503969949862227540e-01	1.635328044834820915e-01	2.555224047893883133e-01	1.500536947411899302e-01	7.393396805563791363e-02	2.726512747625109770e-02	7.929500546744558398e-02
1.178480824046426733e+03	2.501901933789245080e-01	1.633979239288831098e-01	2.556760707524974308e-01	1.501263624497833626e-01	7.398239368596200294e-02	2.726512747625109770e-02	7.936192832731618629e-02
1.179932155110523581e+03	2.499837586354868024e-01	1.632632697397823907e-01	2.558294815912603992e-01	1.501989103864176667e-01	7.403073585925422362e-02	2.726512747625109770e-02	7.942871631116513176e-02
1.181383486174620202e+03	2.497776901143664852e-01	1.631288415371211220e-01	2.559826375332145409e-01	1.502713387607889639e-01	7.407899469460449415e-02	2.726512747625109770e-02	7.949536988327102205e-02
1.182834817238716823e+03	2.495719871750612384e-01	1.629946389424126174e-01	2.561355388083970119e-01	1.503436477822266137e-01	7.412717031124425870e-02	2.726512747625109770e-02	7.956188950402487414e-02
1.184286148302813444e+03	2.493666491781088290e-01	1.628606615777423439e-01	2.562881856493018362e-01	1.504158376596937685e-01	7.417526282854156050e-02	2.726512747625109770e-02	7.962827562997823461e-02
1.185737479366910065e+03	2.491616754850865256e-01	1.627269090657678940e-01	2.564405782908373288e-01	1.504879086017880674e-01	7.422327236599625400e-02	2.726512747625109770e-02	7.969452871389048898e-02
1.187188810431006686e+03	2.489570654586104603e-01	1.625933810297190418e-01	2.565927169702840183e-01	1.505598608167420804e-01	7.427119904323517541e-02	2.726512747625109770e-02	7.976064920477575482e-02
1.188640141495103080e+03	2.487528184623349625e-01	1.624600770933977700e-01	2.567446019272534019e-01	1.506316945124240025e-01	7.431904298000741038e-02	2.726512747625109770e-02	7.982663754794899758e-02
1.190091472559199701e+03	2.485489338609518095e-01	1.623269968811781039e-01	2.568962334036470896e-01	1.507034098963382640e-01	7.436680429617974208e-02	2.726512747625109770e-02	7.989249418507159139e-02
1.191542803623296322e+03	2.483454110201895604e-01	1.621941400180061388e-01	2.570476116436165026e-01	1.507750071756261412e-01	7.441448311173200214e-02	2.726512747625109770e-02	7.995821955419624150e-02
1.192994134687392716e+03	2.481422493068127788e-01	1.620615061294001513e-01	2.571987368935234053e-01	1.508464865570662561e-01	7.446207954675258811e-02	2.726512747625109770e-02	8.002381408981139310e-02
1.194445465751489564e+03	2.479394480886214502e-01	1.619290948414502662e-01	2.573496094019006031e-01	1.509178482470753535e-01	7.450959372143400872e-02	2.726512747625109770e-02	8.008927822288494647e-02
1.195896796815585958e+03	2.477370067344500659e-01	1.617969057808185673e-01	2.575002294194131958e-01	1.509890924517087174e-01	7.455702575606858173e-02	2.726512747625109770e-02	8.015461238090750007e-02
1.197348127879682352e+03	2.475349246141669568e-01	1.616649385747389034e-01	2.576505971988209409e-01	1.510602193766608092e-01	7.460437577104403473e-02	2.726512747625109770e-02	8.021981698793494153e-02
1.198799458943779200e+03	2.473332010986735163e-01	1.615331928510168880e-01	2.578007129949403398e-01	1.511312292272660174e-01	7.465164388683931396e-02	2.726512747625109770e-02	8.028489246463044182e-02
1.200250790007875821e+03	2.471318355599034511e-01	1.614016682380297885e-01	2.579505770646077778e-01	1.512021222084990457e-01	7.469883022402037942e-02	2.726512747625109770e-02	8.034983922830606085e-02
1.201702121071972442e+03	2.469308273708218648e-01	1.612703643647262763e-01	2.581001896666429984e-01	1.512728985249756908e-01	7.474593490323605538e-02	2.726512747625109770e-02	8.041465769296361754e-02
1.203153452136069063e+03	2.467301759054245647e-01	1.611392808606264271e-01	2.582495510618130763e-01	1.513435583809532858e-01	7.479295804521406132e-02	2.726512747625109770e-02	8.047934826933510200e-02
1.204604783200165684e+03	2.465298805387372283e-01	1.610084173558214704e-01	2.583986615127969455e-01	1.514141019803314225e-01	7.483989977075690414e-02	2.726512747625109770e-02	8.054391136492256020e-02
1.206056114264262078e+03	2.463299406468144881e-01	1.608777734809737903e-01	2.585475212841504278e-01	1.514845295266524228e-01	7.488676020073797845e-02	2.726512747625109770e-02	8.060834738403742372e-02
1.207507445328358699e+03	2.461303556067391540e-01	1.607473488673166195e-01	2.586961306422716489e-01	1.515548412231020325e-01	7.493353945609772249e-02	2.726512747625109770e-02	8.067265672783935360e-02
1.208958776392455093e+03	2.459311247966214364e-01	1.606171431466538735e-01	2.588444898553669549e-01	1.516250372725100326e-01	7.498023765783973227e-02	2.726512747625109770e-02	8.073683979437452918e-02
1.210410107456551941e+03	2.457322475955978913e-01	1.604871559513599832e-01	2.589925991934174943e-01	1.516951178773507103e-01	7.502685492702701464e-02	2.726512747625109770e-02	8.080089697861342346e-02
1.211861438520648335e+03	2.455337233838307265e-01	1.603573869143797848e-01	2.591404589281460780e-01	1.517650832397435534e-01	7.507339138477824025e-02	2.726512747625109770e-02	8.086482867248817596e-02
1.213312769584745183e+03	2.453355515425068023e-01	1.602278356692281858e-01	2.592880693329843167e-01	1.518349335614538609e-01	7.511984715226413534e-02	2.726512747625109770e-02	8.092863526492931336e-02
1.214764100648841804e+03	2.451377314538367713e-01	1.600985018499899992e-01	2.594354306830405910e-01	1.519046690438931591e-01	7.516622235070383184e-02	2.726512747625109770e-02	8.099231714190213705e-02
1.216215431712937971e+03	2.449402625010541346e-01	1.599693850913198045e-01	2.595825432550685763e-01	1.519742898881200621e-01	7.521251710136137025e-02	2.726512747625109770e-02	8.105587468644254168e-02
1.217666762777034819e+03	2.447431440684144088e-01	1.598404850284415035e-01	2.597294073274353798e-01	1.520437962948406885e-01	7.525873152554211909e-02	2.726512747625109770e-02	8.111930827869238969e-02
1.219118093841131440e+03	2.445463755411940721e-01	1.597118012971482648e-01	2.598760231800911202e-01	1.521131884644092436e-01	7.530486574458940263e-02	2.726512747625109770e-02	8.118261829593438617e-02
1.220569424905228061e+03	2.443499563056897306e-01	1.595833335338022185e-01	2.600223910945381744e-01	1.521824665968286860e-01	7.535091987988104534e-02	2.726512747625109770e-02	8.124580511262655125e-02
1.222020755969324682e+03	2.441538857492171199e-01	1.594550813753341234e-01	2.601685113538015903e-01	1.522516308917512828e-01	7.539689405282608281e-02	2.726512747625109770e-02	8.130886910043617910e-02
1.223472087033421303e+03	2.439581632601101613e-01	1.593270444592431445e-01	2.603143842423991106e-01	1.523206815484792198e-01	7.544278838486143113e-02	2.726512747625109770e-02	8.137181062827340827e-02
1.224923418097517697e+03	2.437627882277199898e-01	1.591992224235966313e-01	2.604600100463118628e-01	1.523896187659650736e-01	7.548860299744862556e-02	2.726512747625109770e-02	8.143463006232427859e-02
1.226374749161614318e+03	2.435677600424139277e-01	1.590716149070297292e-01	2.606053890529561601e-01	1.524584427428125888e-01	7.553433801207064258e-02	2.726512747625109770e-02	8.149732776608338558e-02
1.227826080225710712e+03	2.433730780955746242e-01	1.589442215487450738e-01	2.607505215511546903e-01	1.525271536772771219e-01	7.557999355022876342e-02	2.726512747625109770e-02	8.155990410038616023e-02
1.229277411289807560e+03	2.431787417795988615e-01	1.588170419885125695e-01	2.608954078311086500e-01	1.525957517672662800e-01	7.562556973343943778e-02	2.726512747625109770e-02	8.162235942344060746e-02
1.230728742353903954e+03	2.429847504878967501e-01	1.586900758666690558e-01	2.610400481843700993e-01	1.526642372103405310e-01	7.567106668323127228e-02	2.726512747625109770e-02	8.168469409085869770e-02
1.232180073418000802e+03	2.427911036148906743e-01	1.585633228241178916e-01	2.611844429038148729e-01	1.527326102037136757e-01	7.571648452114194960e-02	2.726512747625109770e-02	8.174690845568735598e-02
1.233631404482097196e+03	2.425978005560140982e-01	1.584367825023287324e-01	2.613285922836156017e-01	1.528008709442535973e-01	7.576182336871534195e-02	2.726512747625109770e-02	8.180900286843902081e-02
1.235082735546193817e+03	2.424048407077107614e-01	1.583104545433371146e-01	2.614724966192155109e-01	1.528690196284826774e-01	7.580708334749854116e-02	2.726512747625109770e-02	8.187097767712180063e-02
1.236534066610290438e+03	2.422122234674335128e-01	1.581843385897441501e-01	2.616161562073020530e-01	1.529370564525785459e-01	7.585226457903898600e-02	2.726512747625109770e-02	8.193283322726915840e-02
1.237985397674387059e+03	2.420199482336432839e-01	1.580584342847161372e-01	2.617595713457814277e-01	1.530049816123744966e-01	7.589736718488164502e-02	2.726512747625109770e-02	8.199456986196941577e-02
1.239436728738483680e+03	2.418280144058080061e-01	1.579327412719842283e-01	2.619027423337531024e-01	1.530727953033602096e-01	7.594239128656625482e-02	2.726512747625109770e-02	8.205618792189459110e-02
1.240888059802580301e+03	2.416364213844016950e-01	1.578072591958439852e-01	2.620456694714848878e-01	1.531404977206822227e-01	7.598733700562446125e-02	2.726512747625109770e-02	8.211768774532909876e-02
1.242339390866676695e+03	2.414451685709031459e-01	1.576819877011551851e-01	2.621883530603882906e-01	1.532080890591445699e-01	7.603220446357726592e-02	2.726512747625109770e-02	8.217906966819790715e-02
1.243790721930773088e+03	2.412542553677950730e-01	1.575569264333411823e-01	2.623307934029940891e-01	1.532755695132093643e-01	7.607699378193222284e-02	2.726512747625109770e-02	8.224033402409440530e-02
1.245242052994869937e+03	2.410636811785628608e-01	1.574320750383886858e-01	2.624729908029285741e-01	1.533429392769973254e-01	7.612170508218091269e-02	2.726512747625109770e-02	8.230148114430792250e-02
1.246693384058966330e+03	2.408734454076936204e-01	1.573074331628472877e-01	2.626149455648898456e-01	1.534101985442884453e-01	7.616633848579630606e-02	2.726512747625109770e-02	8.236251135785077615e-02
1.248144715123063179e+03	2.406835474606749403e-01	1.571830004538291303e-01	2.627566579946243874e-01	1.534773475085224326e-01	7.621089411423025151e-02	2.726512747625109770e-02	8.242342499148508361e-02
1.249596046187159800e+03	2.404939867439939150e-01	1.570587765590083784e-01	2.628981283989043627e-01	1.535443863627994621e-01	7.625537208891092211e-02	2.726512747625109770e-02	8.248422236974917165e-02
1.251047377251256421e+03	2.403047626651359236e-01	1.569347611266209419e-01	2.630393570855047991e-01	1.536113152998805631e-01	7.629977253124040071e-02	2.726512747625109770e-02	8.254490381498363893e-02
1.252498708315352815e+03	2.401158746325835480e-01	1.568109538054638652e-01	2.631803443631812733e-01	1.536781345121883413e-01	7.634409556259219576e-02	2.726512747625109770e-02	8.260546964735704378e-02
1.253950039379449436e+03	2.399273220558154895e-01	1.566873542448951051e-01	2.633210905416480396e-01	1.537448441918075059e-01	7.638834130430890990e-02	2.726512747625109770e-02	8.266592018489130056e-02
1.255401370443546057e+03	2.397391043453054038e-01	1.565639620948328925e-01	2.634615959315560474e-01	1.538114445304853972e-01	7.643250987769986682e-02	2.726512747625109770e-02	8.272625574348678457e-02
1.256852701507642678e+03	2.395512209125207070e-01	1.564407770057554270e-01	2.636018608444719580e-01	1.538779357196326247e-01	7.647660140403875206e-02	2.726512747625109770e-02	8.278647663694693737e-02
1.258304032571739299e+03	2.393636711699216046e-01	1.563177986287003218e-01	2.637418855928567174e-01	1.539443179503235670e-01	7.652061600456136481e-02	2.726512747625109770e-02	8.284658317700280272e-02
1.259755363635835920e+03	2.391764545309596757e-01	1.561950266152642708e-01	2.638816704900450172e-01	1.540105914132970377e-01	7.656455380046336967e-02	2.726512747625109770e-02	8.290657567333696576e-02
1.261206694699932314e+03	2.389895704100769569e-01	1.560724606176024931e-01	2.640212158502245887e-01	1.540767562989568407e-01	7.660841491289809013e-02	2.726512747625109770e-02	8.296645443360740890e-02
1.262658025764028707e+03	2.388030182227046105e-01	1.559501002884282062e-01	2.641605219884161637e-01	1.541428127973721862e-01	7.665219946297428810e-02	2.726512747625109770e-02	8.302621976347089594e-02
1.264109356828125556e+03	2.386167973852618973e-01	1.558279452810122923e-01	2.642995892204533792e-01	1.542087610982784684e-01	7.669590757175408224e-02	2.726512747625109770e-02	8.308587196660613405e-02
1.265560687892221949e+03	2.384309073151548442e-01	1.557059952491827437e-01	2.644384178629634596e-01	1.542746013910777370e-01	7.673953936025078304e-02	2.726512747625109770e-02	8.314541134473663053e-02
1.267012018956318798e+03	2.382453474307752728e-01	1.555842498473241631e-01	2.645770082333474549e-01	1.543403338648392797e-01	7.678309494942685276e-02	2.726512747625109770e-02	8.320483819765318867e-02
1.268463350020415419e+03	2.380601171514994119e-01	1.554627087303773192e-01	2.647153606497613665e-01	1.544059587083001228e-01	7.682657446019183767e-02	2.726512747625109770e-02	8.326415282323615386e-02
1.269914681084511813e+03	2.378752158976867870e-01	1.553413715538385365e-01	2.648534754310973849e-01	1.544714761098656963e-01	7.686997801340035574e-02	2.726512747625109770e-02	8.332335551747736824e-02
1.271366012148608434e+03	2.376906430906790824e-01	1.552202379737593896e-01	2.649913528969652932e-01	1.545368862576103619e-01	7.691330572985012604e-02	2.726512747625109770e-02	8.338244657450184782e-02
1.272817343212705055e+03	2.375063981527988088e-01	1.550993076467460097e-01	2.651289933676742039e-01	1.546021893392779678e-01	7.695655773028003965e-02	2.726512747625109770e-02	8.344142628658912653e-02
1.274268674276801676e+03	2.373224805073482491e-01	1.549785802299586401e-01	2.652663971642143514e-01	1.546673855422824040e-01	7.699973413536817524e-02	2.726512747625109770e-02	8.350029494419435039e-02
1.275720005340898297e+03	2.371388895786080975e-01	1.548580553811111093e-01	2.654035646082396060e-01	1.547324750537082128e-01	7.704283506572998097e-02	2.726512747625109770e-02	8.355905283596914979e-02
1.277171336404994690e+03	2.369556247918364056e-01	1.547377327584703866e-01	2.655404960220498212e-01	1.547974580603110606e-01	7.708586064191634557e-02	2.726512747625109770e-02	8.361770024878212304e-02
1.278622667469091539e+03	2.367726855732671942e-01	1.546176120208558880e-01	2.656771917285736251e-01	1.548623347485184321e-01	7.712881098441186356e-02	2.726512747625109770e-02	8.367623746773912574e-02
1.280073998533187932e+03	2.365900713501093711e-01	1.544976928276391159e-01	2.658136520513513790e-01	1.549271053044301016e-01	7.717168621363293401e-02	2.726512747625109770e-02	8.373466477620331028e-02
1.281525329597284326e+03	2.364077815505453706e-01	1.543779748387430206e-01	2.659498773145181905e-01	1.549917699138186333e-01	7.721448644992606747e-02	2.726512747625109770e-02	8.379298245581484617e-02
1.282976660661381175e+03	2.362258156037301271e-01	1.542584577146414726e-01	2.660858678427878155e-01	1.550563287621301301e-01	7.725721181356610956e-02	2.726512747625109770e-02	8.385119078651044611e-02
1.284427991725477568e+03	2.360441729397895760e-01	1.541391411163587355e-01	2.662216239614361157e-01	1.551207820344846222e-01	7.729986242475449243e-02	2.726512747625109770e-02	8.390929004654254508e-02
1.285879322789574417e+03	2.358628529898195991e-01	1.540200247054689386e-01	2.663571459962848498e-01	1.551851299156766506e-01	7.734243840361763878e-02	2.726512747625109770e-02	8.396728051249835456e-02
1.287330653853671038e+03	2.356818551858846922e-01	1.539011081440954387e-01	2.664924342736862406e-01	1.552493725901759047e-01	7.738493987020518550e-02	2.726512747625109770e-02	8.402516245931852812e-02
1.288781984917767431e+03	2.355011789610167716e-01	1.537823910949103756e-01	2.666274891205069331e-01	1.553135102421276670e-01	7.742736694448848489e-02	2.726512747625109770e-02	8.408293616031572992e-02
1.290233315981864052e+03	2.353208237492138699e-01	1.536638732211339786e-01	2.667623108641128948e-01	1.553775430553535342e-01	7.746971974635885605e-02	2.726512747625109770e-02	8.414060188719280076e-02
