1.001418434226643626e+03	2.783503694635326431e-01	1.816122664729314662e-01	2.350062859471846455e-01	1.402844627390890664e-01	6.741593044570243221e-02	2.732670338300577720e-02	7.000398154817237539e-02
1.003837319333471214e+03	2.779251977815672681e-01	1.813360907812877065e-01	2.353139342070685036e-01	1.404317219019875496e-01	6.751466661390337354e-02	2.732670338300577720e-02	7.015168533079822744e-02
1.006256204440298802e+03	2.775012722345143179e-01	1.810606863094351981e-01	2.356208816948190121e-01	1.405786050163374545e-01	6.761314361342191104e-02	2.732670338300577720e-02	7.029870774808474887e-02
1.008675089547126618e+03	2.770785893224885776e-01	1.807860509863800091e-01	2.359271265404828954e-01	1.407251131877357286e-01	6.771136020798437793e-02	2.732670338300577720e-02	7.044505637154101219e-02
1.011093974653954206e+03	2.766571455530184576e-01	1.805121827446856952e-01	2.362326668011164310e-01	1.408712475175570855e-01	6.780931540247943368e-02	2.732670338300577720e-02	7.059073859775547022e-02
1.013512859760782021e+03	2.762369374409905931e-01	1.802390795204347473e-01	2.365375004897820321e-01	1.410170091029476214e-01	6.790700840556723739e-02	2.732670338300577720e-02	7.073576165689032802e-02
1.015931744867609382e+03	2.758179615086107650e-01	1.799667392532040278e-01	2.368416255994217068e-01	1.411623990368255088e-01	6.800443859832047688e-02	2.732670338300577720e-02	7.088013262023008798e-02
1.018350629974437197e+03	2.754002142853785862e-01	1.796951598860518917e-01	2.371450401224488302e-01	1.413074184078877138e-01	6.810160550791741207e-02	2.732670338300577720e-02	7.102385840692802821e-02
1.020769515081264785e+03	2.749836923080737350e-01	1.794243393655145791e-01	2.374477420667640559e-01	1.414520683006218194e-01	6.819850878556647789e-02	2.732670338300577720e-02	7.116694579007182275e-02
1.023188400188092373e+03	2.745683921207507372e-01	1.791542756416102944e-01	2.377497294687852258e-01	1.415963497953213190e-01	6.829514818797528808e-02	2.732670338300577720e-02	7.130940140216958378e-02
1.025607285294920075e+03	2.741543102747417970e-01	1.788849666678494488e-01	2.380510004039860794e-01	1.417402639681047405e-01	6.839152356178880565e-02	2.732670338300577720e-02	7.145123174014159084e-02
1.028026170401747549e+03	2.737414433286651239e-01	1.786164104012499532e-01	2.383515529953567080e-01	1.418838118909367951e-01	6.848763483051469036e-02	2.732670338300577720e-02	7.159244316988921941e-02
1.030445055508575479e+03	2.733297878484382548e-01	1.783486048023563975e-01	2.386513854201322005e-01	1.420269946316519982e-01	6.858348198353249325e-02	2.732670338300577720e-02	7.173304193050118738e-02
1.032863940615402726e+03	2.729193404072948193e-01	1.780815478352624215e-01	2.389504959150791363e-01	1.421698132539798987e-01	6.867906506684867685e-02	2.732670338300577720e-02	7.187303413814755126e-02
1.035282825722230655e+03	2.725100975858049113e-01	1.778152374676353897e-01	2.392488827805823171e-01	1.423122688175712802e-01	6.877438417531453463e-02	2.732670338300577720e-02	7.201242578970404318e-02
1.037701710829058356e+03	2.721020559718967391e-01	1.775496716707430922e-01	2.395465443837344333e-01	1.424543623780257229e-01	6.886943944607008816e-02	2.732670338300577720e-02	7.215122276614240049e-02
1.040120595935886058e+03	2.716952121608805504e-01	1.772848484194816110e-01	2.398434791605983107e-01	1.425960949869195804e-01	6.896423105301537071e-02	2.732670338300577720e-02	7.228943083571698347e-02
1.042539481042713533e+03	2.712895627554735567e-01	1.770207656924042139e-01	2.401396856177838435e-01	1.427374676918347907e-01	6.905875920214309127e-02	2.732670338300577720e-02	7.242705565697288295e-02
1.044958366149541234e+03	2.708851043658255797e-01	1.767574214717508030e-01	2.404351623334578802e-01	1.428784815363877136e-01	6.915302412759329054e-02	2.732670338300577720e-02	7.256410278159711180e-02
1.047377251256368709e+03	2.704818336095451969e-01	1.764948137434777520e-01	2.407299079578866241e-01	1.430191375602583581e-01	6.924702608831348472e-02	2.732670338300577720e-02	7.270057765713096309e-02
1.049796136363196410e+03	2.700797471117257764e-01	1.762329404972879932e-01	2.410239212135931730e-01	1.431594367992196914e-01	6.934076536522677803e-02	2.732670338300577720e-02	7.283648562955891137e-02
1.052215021470024112e+03	2.696788415049722332e-01	1.759717997266607159e-01	2.413172008951997571e-01	1.432993802851668663e-01	6.943424225882591228e-02	2.732670338300577720e-02	7.297183194578692189e-02
1.054633906576851814e+03	2.692791134294263977e-01	1.757113894288811207e-01	2.416097458690119604e-01	1.434389690461464195e-01	6.952745708712497474e-02	2.732670338300577720e-02	7.310662175602150592e-02
1.057052791683679516e+03	2.688805595327931619e-01	1.754517076050697566e-01	2.419015550723941366e-01	1.435782041063853043e-01	6.962041018391135205e-02	2.732670338300577720e-02	7.324086011605862589e-02
1.059471676790506763e+03	2.684831764703653478e-01	1.751927522602113318e-01	2.421926275129755446e-01	1.437170864863197284e-01	6.971310189724969075e-02	2.732670338300577720e-02	7.337455198949070778e-02
1.061890561897334692e+03	2.680869609050482993e-01	1.749345214031831353e-01	2.424829622677208696e-01	1.438556172026236035e-01	6.980553258819789664e-02	2.732670338300577720e-02	7.350770224983847745e-02
1.064309447004162394e+03	2.676919095073838073e-01	1.746770130467828197e-01	2.427725584818937743e-01	1.439937972682371059e-01	6.989770262970114445e-02	2.732670338300577720e-02	7.364031568261364402e-02
1.066728332110990095e+03	2.672980189555732022e-01	1.744202252077554360e-01	2.430614153679359069e-01	1.441316276923943762e-01	6.998961240563587871e-02	2.732670338300577720e-02	7.377239698731745399e-02
1.069147217217817570e+03	2.669052859354998364e-01	1.741641559068200229e-01	2.433495322042815712e-01	1.442691094806514418e-01	7.008126230997993589e-02	2.732670338300577720e-02	7.390395077937944590e-02
1.071566102324645271e+03	2.665137071407505109e-01	1.739088031686953362e-01	2.436369083341236030e-01	1.444062436349133338e-01	7.017265274608905368e-02	2.732670338300577720e-02	7.403498159204038864e-02
1.073984987431472746e+03	2.661232792726365148e-01	1.736541650221249122e-01	2.439235431641440244e-01	1.445430311534611767e-01	7.026378412606307244e-02	2.732670338300577720e-02	7.416549387818252570e-02
1.076403872538300675e+03	2.657339990402133312e-01	1.734002394999014096e-01	2.442094361632205779e-01	1.446794730309787225e-01	7.035465687018796488e-02	2.732670338300577720e-02	7.429549201211019249e-02
1.078822757645127922e+03	2.653458631602997886e-01	1.731470246388902012e-01	2.444945868611183848e-01	1.448155702585786075e-01	7.044527140644188390e-02	2.732670338300577720e-02	7.442498029128329085e-02
1.081241642751955851e+03	2.649588683574964354e-01	1.728945184800521062e-01	2.447789948471739419e-01	1.449513238238283319e-01	7.053562817005554209e-02	2.732670338300577720e-02	7.455396293800592433e-02
1.083660527858783553e+03	2.645730113642025261e-01	1.726427190684655943e-01	2.450626597689778696e-01	1.450867347107754890e-01	7.062572760311859599e-02	2.732670338300577720e-02	7.468244410107224840e-02
1.086079412965611255e+03	2.641882889206328966e-01	1.723916244533481301e-01	2.453455813310617406e-01	1.452218038999731065e-01	7.071557015422524906e-02	2.732670338300577720e-02	7.481042785737120060e-02
1.088498298072438729e+03	2.638046977748335631e-01	1.721412326880767674e-01	2.456277592935925680e-01	1.453565323685042932e-01	7.080515627815313351e-02	2.732670338300577720e-02	7.493791821345201221e-02
1.090917183179266431e+03	2.634222346826963768e-01	1.718915418302079390e-01	2.459091934710788963e-01	1.454909210900066641e-01	7.089448643557080820e-02	2.732670338300577720e-02	7.506491910705162529e-02
1.093336068286093905e+03	2.630408964079730683e-01	1.716425499414967470e-01	2.461898837310907973e-01	1.456249710346963488e-01	7.098356109276955650e-02	2.732670338300577720e-02	7.519143440858572225e-02
1.095754953392921607e+03	2.626606797222886813e-01	1.713942550879153093e-01	2.464698299929961312e-01	1.457586831693915286e-01	7.107238072141623675e-02	2.732670338300577720e-02	7.531746792260435308e-02
1.098173838499749309e+03	2.622815814051533967e-01	1.711466553396705503e-01	2.467490322267146818e-01	1.458920584575358614e-01	7.116094579832425715e-02	2.732670338300577720e-02	7.544302338921343720e-02
1.100592723606577010e+03	2.619035982439746890e-01	1.708997487712211882e-01	2.470274904514918046e-01	1.460250978592212978e-01	7.124925680524012150e-02	2.732670338300577720e-02	7.556810448546304182e-02
1.103011608713404712e+03	2.615267270340677075e-01	1.706535334612941379e-01	2.473052047346921689e-01	1.461578023312107566e-01	7.133731422864370009e-02	2.732670338300577720e-02	7.569271482670369977e-02
1.105430493820231959e+03	2.611509645786653788e-01	1.704080074929002209e-01	2.475821751906145674e-01	1.462901728269603019e-01	7.142511855956040767e-02	2.732670338300577720e-02	7.581685796791130805e-02
1.107849378927059888e+03	2.607763076889277887e-01	1.701631689533491254e-01	2.478584019793285964e-01	1.464222102966410699e-01	7.151267029338367887e-02	2.732670338300577720e-02	7.594053740498192540e-02
1.110268264033887590e+03	2.604027531839505083e-01	1.699190159342638951e-01	2.481338853055330973e-01	1.465539156871608906e-01	7.159996992970690810e-02	2.732670338300577720e-02	7.606375657599684370e-02
1.112687149140715292e+03	2.600302978907726992e-01	1.696755465315946676e-01	2.484086254174369124e-01	1.466852899421854373e-01	7.168701797216328608e-02	2.732670338300577720e-02	7.618651886245908500e-02
1.115106034247542766e+03	2.596589386443839964e-01	1.694327588456318590e-01	2.486826226056620681e-01	1.468163340021592100e-01	7.177381492827318576e-02	2.732670338300577720e-02	7.630882759050176822e-02
1.117524919354370468e+03	2.592886722877309480e-01	1.691906509810185977e-01	2.489558772021690514e-01	1.469470488043261858e-01	7.186036130929795984e-02	2.732670338300577720e-02	7.643068603206934486e-02
1.119943804461197942e+03	2.589194956717228435e-01	1.689492210467628264e-01	2.492283895792046788e-01	1.470774352827499964e-01	7.194665763009966408e-02	2.732670338300577720e-02	7.655209740607206437e-02
1.122362689568025871e+03	2.585514056552367101e-01	1.687084671562485982e-01	2.495001601482717546e-01	1.472074943683340797e-01	7.203270440900616522e-02	2.732670338300577720e-02	7.667306487951466853e-02
1.124781574674853118e+03	2.581843991051219200e-01	1.684683874272469850e-01	2.497711893591208765e-01	1.473372269888412744e-01	7.211850216768120325e-02	2.732670338300577720e-02	7.679359156859966173e-02
1.127200459781681047e+03	2.578184728962038541e-01	1.682289799819262077e-01	2.500414776987637255e-01	1.474666340689134159e-01	7.220405143099890843e-02	2.732670338300577720e-02	7.691368053980586483e-02
1.129619344888508749e+03	2.574536239112870106e-01	1.679902429468615732e-01	2.503110256905078934e-01	1.475957165300901541e-01	7.228935272692246783e-02	2.732670338300577720e-02	7.703333481094291890e-02
1.132038229995336451e+03	2.570898490411578363e-01	1.677521744530444392e-01	2.505798338930127489e-01	1.477244752908281056e-01	7.237440658638673308e-02	2.732670338300577720e-02	7.715255735218218280e-02
1.134457115102163925e+03	2.567271451845866692e-01	1.675147726358911238e-01	2.508479028993659821e-01	1.478529112665192824e-01	7.245921354318440866e-02	2.732670338300577720e-02	7.727135108706459365e-02
1.136876000208991627e+03	2.563655092483290709e-01	1.672780356352509823e-01	2.511152333361806877e-01	1.479810253695094946e-01	7.254377413385565410e-02	2.732670338300577720e-02	7.738971889348617017e-02
1.139294885315819101e+03	2.560049381471269925e-01	1.670419615954141512e-01	2.513818258627124047e-01	1.481088185091162801e-01	7.262808889758083641e-02	2.732670338300577720e-02	7.750766360466147809e-02
1.141713770422646803e+03	2.556454288037087741e-01	1.668065486651186535e-01	2.516476811699958627e-01	1.482362915916468071e-01	7.271215837607636345e-02	2.732670338300577720e-02	7.762518801006561275e-02
1.144132655529474505e+03	2.552869781487892564e-01	1.665717949975573930e-01	2.519127999800011564e-01	1.483634455204153602e-01	7.279598311349343154e-02	2.732670338300577720e-02	7.774229485635540671e-02
1.146551540636302207e+03	2.549295831210690033e-01	1.663376987503842885e-01	2.521771830448087393e-01	1.484902811957606594e-01	7.287956365631942379e-02	2.732670338300577720e-02	7.785898684826986216e-02
1.148970425743129908e+03	2.545732406672330805e-01	1.661042580857201301e-01	2.524408311458029575e-01	1.486167995150629029e-01	7.296290055328198687e-02	2.732670338300577720e-02	7.797526664951093256e-02
1.151389310849957155e+03	2.542179477419493350e-01	1.658714711701580469e-01	2.527037450928840689e-01	1.487430013727605305e-01	7.304599435525559181e-02	2.732670338300577720e-02	7.809113688360443117e-02
1.153808195956785084e+03	2.538637013078662852e-01	1.656393361747684756e-01	2.529659257236976933e-01	1.488688876603669609e-01	7.312884561517062065e-02	2.732670338300577720e-02	7.820660013474198258e-02
1.156227081063612786e+03	2.535104983356104014e-01	1.654078512751037677e-01	2.532273739028820803e-01	1.489944592664867451e-01	7.321145488792464573e-02	2.732670338300577720e-02	7.832165894860432243e-02
1.158645966170440488e+03	2.531583358037832743e-01	1.651770146512024362e-01	2.534880905213320879e-01	1.491197170768319147e-01	7.329382273029602657e-02	2.732670338300577720e-02	7.843631583316622302e-02
1.161064851277267962e+03	2.528072106989577295e-01	1.649468244875928191e-01	2.537480764954804235e-01	1.492446619742376912e-01	7.337594970085967172e-02	2.732670338300577720e-02	7.855057325948361369e-02
1.163483736384095664e+03	2.524571200156742745e-01	1.647172789732965215e-01	2.540073327665945957e-01	1.493692948386783070e-01	7.345783635990497940e-02	2.732670338300577720e-02	7.866443366246331226e-02
1.165902621490923138e+03	2.521080607564362142e-01	1.644883763018315237e-01	2.542658603000904627e-01	1.494936165472824929e-01	7.353948326935563773e-02	2.732670338300577720e-02	7.877789944161561753e-02
1.168321506597751068e+03	2.517600299317053758e-01	1.642601146712147631e-01	2.545236600848611586e-01	1.496176279743487436e-01	7.362089099269157610e-02	2.732670338300577720e-02	7.889097296179026220e-02
1.170740391704578315e+03	2.514130245598966695e-01	1.640324922839644928e-01	2.547807331326213398e-01	1.497413299913603890e-01	7.370206009487284549e-02	2.732670338300577720e-02	7.900365655389605946e-02
1.173159276811406244e+03	2.510670416673725924e-01	1.638055073471022249e-01	2.550370804772665867e-01	1.498647234670004991e-01	7.378299114226524735e-02	2.732670338300577720e-02	7.911595251560464559e-02
1.175578161918233945e+03	2.507220782884370114e-01	1.635791580721543403e-01	2.552927031742472930e-01	1.499878092671666219e-01	7.386368470256787777e-02	2.732670338300577720e-02	7.922786311203861009e-02
1.177997047025061647e+03	2.503781314653293899e-01	1.633534426751533930e-01	2.555476022999570995e-01	1.501105882549852166e-01	7.394414134474237843e-02	2.732670338300577720e-02	7.933939057644437409e-02
1.180415932131889122e+03	2.500351982482174606e-01	1.631283593766390538e-01	2.558017789511350393e-01	1.502330612908260310e-01	7.402436163894404730e-02	2.732670338300577720e-02	7.945053711085026116e-02
1.182834817238716823e+03	2.496932756951907029e-01	1.629039064016588323e-01	2.560552342442817264e-01	1.503552292323162010e-01	7.410434615645447587e-02	2.732670338300577720e-02	7.956130488670994094e-02
1.185253702345544298e+03	2.493523608722528206e-01	1.626800819797683817e-01	2.563079693150888683e-01	1.504770929343542951e-01	7.418409546961587941e-02	2.732670338300577720e-02	7.967169604553167583e-02
1.187672587452371999e+03	2.490124508533139713e-01	1.624568843450315270e-01	2.565599853178817114e-01	1.505986532491239149e-01	7.426361015176713432e-02	2.732670338300577720e-02	7.978171269949363431e-02
1.190091472559199701e+03	2.486735427201827719e-01	1.622343117360200704e-01	2.568112834250745324e-01	1.507199110261076003e-01	7.434289077718124472e-02	2.732670338300577720e-02	7.989135693204561794e-02
1.192510357666027403e+03	2.483356335625580003e-01	1.620123623958132641e-01	2.570618648266386197e-01	1.508408671121000411e-01	7.442193792100437744e-02	2.732670338300577720e-02	8.000063079849752123e-02
1.194929242772855105e+03	2.479987204780199905e-01	1.617910345719969500e-01	2.573117307295822997e-01	1.509615223512214555e-01	7.450075215919636784e-02	2.732670338300577720e-02	8.010953632659473245e-02
1.197348127879682352e+03	2.476628005720215853e-01	1.615703265166626157e-01	2.575608823574432327e-01	1.510818775849307460e-01	7.457933406847278013e-02	2.732670338300577720e-02	8.021807551708089179e-02
1.199767012986510281e+03	2.473278709578790313e-01	1.613502364864058680e-01	2.578093209497921978e-01	1.512019336520383506e-01	7.465768422624825817e-02	2.732670338300577720e-02	8.032625034424810406e-02
1.202185898093337983e+03	2.469939287567623765e-01	1.611307627423250177e-01	2.580570477617487035e-01	1.513216913887192316e-01	7.473580321058129194e-02	2.732670338300577720e-02	8.043406275647523029e-02
1.204604783200165684e+03	2.466609710976857828e-01	1.609119035500191919e-01	2.583040640635071439e-01	1.514411516285253390e-01	7.481369160012041331e-02	2.732670338300577720e-02	8.054151467675400855e-02
1.207023668306993159e+03	2.463289951174973957e-01	1.606936571795861968e-01	2.585503711398745019e-01	1.515603152023982936e-01	7.489134997405165473e-02	2.732670338300577720e-02	8.064860800320379497e-02
1.209442553413820860e+03	2.459979979608691025e-01	1.604760219056202697e-01	2.587959702898185999e-01	1.516791829386816837e-01	7.496877891204725697e-02	2.732670338300577720e-02	8.075534460957489724e-02
1.211861438520648335e+03	2.456679767802860126e-01	1.602589960072094977e-01	2.590408628260265078e-01	1.517977556631332769e-01	7.504597899421577845e-02	2.732670338300577720e-02	8.086172634574073648e-02
1.214280323627476264e+03	2.453389287360355497e-01	1.600425777679330142e-01	2.592850500744736109e-01	1.519160341989371499e-01	7.512295080105324541e-02	2.732670338300577720e-02	8.096775503817922603e-02
1.216699208734303511e+03	2.450108509961965164e-01	1.598267654758580847e-01	2.595285333740023903e-01	1.520340193667155670e-01	7.519969491339568990e-02	2.732670338300577720e-02	8.107343249044350608e-02
1.219118093841131440e+03	2.446837407366277695e-01	1.596115574235368317e-01	2.597713140759110306e-01	1.521517119845409161e-01	7.527621191237274245e-02	2.732670338300577720e-02	8.117876048362235308e-02
1.221536978947959142e+03	2.443575951409568126e-01	1.593969519080027930e-01	2.600133935435518517e-01	1.522691128679472816e-01	7.535250237936245987e-02	2.732670338300577720e-02	8.128374077679041687e-02
1.223955864054786844e+03	2.440324114005679446e-01	1.591829472307673965e-01	2.602547731519385121e-01	1.523862228299419919e-01	7.542856689594720776e-02	2.732670338300577720e-02	8.138837510744853510e-02
1.226374749161614318e+03	2.437081867145904912e-01	1.589695416978161024e-01	2.604954542873628154e-01	1.525030426810171647e-01	7.550440604387062549e-02	2.732670338300577720e-02	8.149266519195433323e-02
1.228793634268442020e+03	2.433849182898866759e-01	1.587567336196043788e-01	2.607354383470203985e-01	1.526195732291608653e-01	7.558002040499578467e-02	2.732670338300577720e-02	8.159661272594341541e-02
1.231212519375269494e+03	2.430626033410391296e-01	1.585445213110535656e-01	2.609747267386448022e-01	1.527358152798684032e-01	7.565541056126434682e-02	2.732670338300577720e-02	8.170021938474129886e-02
1.233631404482097196e+03	2.427412390903385397e-01	1.583329030915464342e-01	2.612133208801505346e-01	1.528517696361533229e-01	7.573057709465656762e-02	2.732670338300577720e-02	8.180348682376614722e-02
1.236050289588924898e+03	2.424208227677709382e-01	1.581218772849226351e-01	2.614512221992842389e-01	1.529674370985583953e-01	7.580552058715257779e-02	2.732670338300577720e-02	8.190641667892280264e-02
1.238469174695752372e+03	2.421013516110047670e-01	1.579114422194740353e-01	2.616884321332837438e-01	1.530828184651663593e-01	7.588024162069453848e-02	2.732670338300577720e-02	8.200901056698808866e-02
1.240888059802580301e+03	2.417828228653778611e-01	1.577015962279398609e-01	2.619249521285456628e-01	1.531979145316107738e-01	7.595474077714965688e-02	2.732670338300577720e-02	8.211127008598771704e-02
1.243306944909407548e+03	2.414652337838840701e-01	1.574923376475014514e-01	2.621607836403004876e-01	1.533127260910865375e-01	7.602901863827425666e-02	2.732670338300577720e-02	8.221319681556472914e-02
1.245725830016235477e+03	2.411485816271601301e-01	1.572836648197772635e-01	2.623959281322948978e-01	1.534272539343603525e-01	7.610307578567869491e-02	2.732670338300577720e-02	8.231479231734012414e-02
1.248144715123063179e+03	2.408328636634719244e-01	1.570755760908174037e-01	2.626303870764823412e-01	1.535414988497812161e-01	7.617691280079322280e-02	2.732670338300577720e-02	8.241605813526532709e-02
1.250563600229890881e+03	2.405180771687006613e-01	1.568680698110981320e-01	2.628641619527202211e-01	1.536554616232906345e-01	7.625053026483467888e-02	2.732670338300577720e-02	8.251699579596706580e-02
1.252982485336718355e+03	2.402042194263293018e-01	1.566611443355162003e-01	2.630972542484744103e-01	1.537691430384327818e-01	7.632392875877408445e-02	2.732670338300577720e-02	8.261760680908462884e-02
1.255401370443546057e+03	2.398912877274282374e-01	1.564547980233830515e-01	2.633296654585307039e-01	1.538825438763646580e-01	7.639710886330494666e-02	2.732670338300577720e-02	8.271789266759975445e-02
1.257820255550373531e+03	2.395792793706414125e-01	1.562490292384188795e-01	2.635613970847132115e-01	1.539956649158660540e-01	7.647007115881258865e-02	2.732670338300577720e-02	8.281785484815926135e-02
1.260239140657201460e+03	2.392681916621718086e-01	1.560438363487464952e-01	2.637924506356089660e-01	1.541085069333494040e-01	7.654281622534404861e-02	2.732670338300577720e-02	8.291749481139061573e-02
1.262658025764028707e+03	2.389580219157671770e-01	1.558392177268852208e-01	2.640228276262998608e-01	1.542210707028696115e-01	7.661534464257890864e-02	2.732670338300577720e-02	8.301681400221065654e-02
1.265076910870856636e+03	2.386487674527053293e-01	1.556351717497445331e-01	2.642525295780995820e-01	1.543333569961337082e-01	7.668765698980085921e-02	2.732670338300577720e-02	8.311581385012746515e-02
1.267495795977684338e+03	2.383404256017795653e-01	1.554316967986175135e-01	2.644815580182983683e-01	1.544453665825104849e-01	7.675975384586991579e-02	2.732670338300577720e-02	8.321449576953564298e-02
1.269914681084511813e+03	2.380329936992838791e-01	1.552287912591744645e-01	2.647099144799124337e-01	1.545571002290400120e-01	7.683163578919550984e-02	2.732670338300577720e-02	8.331286116000517772e-02
1.272333566191339514e+03	2.377264690889979715e-01	1.550264535214559702e-01	2.649376005014402180e-01	1.546685587004431039e-01	7.690330339771013490e-02	2.732670338300577720e-02	8.341091140656403669e-02
1.274752451298167216e+03	2.374208491221723172e-01	1.548246819798663187e-01	2.651646176266240218e-01	1.547797427591305619e-01	7.697475724884378367e-02	2.732670338300577720e-02	8.350864787997443195e-02
1.277171336404994690e+03	2.371161311575128716e-01	1.546234750331664798e-01	2.653909674042172484e-01	1.548906531652125274e-01	7.704599791949906518e-02	2.732670338300577720e-02	8.360607193700321516e-02
1.279590221511822392e+03	2.368123125611660273e-01	1.544228310844670826e-01	2.656166513877574742e-01	1.550012906765076137e-01	7.711702598602691860e-02	2.732670338300577720e-02	8.370318492068623550e-02
1.282009106618650094e+03	2.365093907067030710e-01	1.542227485412213384e-01	2.658416711353449036e-01	1.551116560485520379e-01	7.718784202420304885e-02	2.732670338300577720e-02	8.379998816058706335e-02
1.284427991725477568e+03	2.362073629751048620e-01	1.540232258152177680e-01	2.660660282094254869e-01	1.552217500346085022e-01	7.725844660920490325e-02	2.732670338300577720e-02	8.389648297304989899e-02
1.286846876832305497e+03	2.359062267547462899e-01	1.538242613225729305e-01	2.662897241765803669e-01	1.553315733856752978e-01	7.732884031558936999e-02	2.732670338300577720e-02	8.399267066144716631e-02
1.289265761939132744e+03	2.356059794413805919e-01	1.536258534837240119e-01	2.665127606073192101e-01	1.554411268504950483e-01	7.739902371727100383e-02	2.732670338300577720e-02	8.408855251642154138e-02
1.291684647045960673e+03	2.353066184381236714e-01	1.534280007234213039e-01	2.667351390758793128e-01	1.555504111755635077e-01	7.746899738750084863e-02	2.732670338300577720e-02	8.418412981612281853e-02
1.294103532152788375e+03	2.350081411554383048e-01	1.532307014707205706e-01	2.669568611600288688e-01	1.556594271051383038e-01	7.753876189884589820e-02	2.732670338300577720e-02	8.427940382643955841e-02
1.296522417259616077e+03	2.347105450111181546e-01	1.530339541589754437e-01	2.671779284408756228e-01	1.557681753812475145e-01	7.760831782316904293e-02	2.732670338300577720e-02	8.437437580122569836e-02
1.298941302366443551e+03	2.344138274302720037e-01	1.528377572258295958e-01	2.673983425026796867e-01	1.558766567436982442e-01	7.767766573160962695e-02	2.732670338300577720e-02	8.446904698252231947e-02
1.301360187473271253e+03	2.341179858453076024e-01	1.526421091132089958e-01	2.676181049326707972e-01	1.559848719300850894e-01	7.774680619456444952e-02	2.732670338300577720e-02	8.456341860077444539e-02
1.303779072580098727e+03	2.338230176959155138e-01	1.524470082673138605e-01	2.678372173208705687e-01	1.560928216757986320e-01	7.781573978166946015e-02	2.732670338300577720e-02	8.465749187504327533e-02
1.306197957686926657e+03	2.335289204290530718e-01	1.522524531386107993e-01	2.680556812599182992e-01	1.562005067140336545e-01	7.788446706178175916e-02	2.732670338300577720e-02	8.475126801321375414e-02
1.308616842793753904e+03	2.332356914989279772e-01	1.520584421818245713e-01	2.682734983449013844e-01	1.563079277757975227e-01	7.795298860296230592e-02	2.732670338300577720e-02	8.484474821219754881e-02
1.311035727900581833e+03	2.329433283669820609e-01	1.518649738559301188e-01	2.684906701731899492e-01	1.564150855899184012e-01	7.802130497245889085e-02	2.732670338300577720e-02	8.493793365813180618e-02
1.313454613007409534e+03	2.326518285018750465e-01	1.516720466241442411e-01	2.687071983442753109e-01	1.565219808830533299e-01	7.808941673668984285e-02	2.732670338300577720e-02	8.503082552657345583e-02
1.315873498114237009e+03	2.323611893794678973e-01	1.514796589539174065e-01	2.689230844596122161e-01	1.566286143796963293e-01	7.815732446122798660e-02	2.732670338300577720e-02	8.512342498268936353e-02
1.318292383221064711e+03	2.320714084828064405e-01	1.512878093169253424e-01	2.691383301224654079e-01	1.567349868021864490e-01	7.822502871078516884e-02	2.732670338300577720e-02	8.521573318144233522e-02
1.320711268327892412e+03	2.317824833021048803e-01	1.510964961890607361e-01	2.693529369377594129e-01	1.568410988707157061e-01	7.829253004919720094e-02	2.732670338300577720e-02	8.530775126777317974e-02
1.323130153434719887e+03	2.314944113347291166e-01	1.509057180504246309e-01	2.695669065119324914e-01	1.569469513033370234e-01	7.835982903940920397e-02	2.732670338300577720e-02	8.539948037677869142e-02
1.325549038541547588e+03	2.312071900851801476e-01	1.507154733853180162e-01	2.697802404527935849e-01	1.570525448159720006e-01	7.842692624346148111e-02	2.732670338300577720e-02	8.549092163388591348e-02
1.327967923648375290e+03	2.309208170650773606e-01	1.505257606822332506e-01	2.699929403693834828e-01	1.571578801224187139e-01	7.849382222247573704e-02	2.732670338300577720e-02	8.558207615502264054e-02
1.330386808755202765e+03	2.306352897931418511e-01	1.503365784338453748e-01	2.702050078718387094e-01	1.572629579343594597e-01	7.856051753664165804e-02	2.732670338300577720e-02	8.567294504678409084e-02
1.332805693862030694e+03	2.303506057951796582e-01	1.501479251370035073e-01	2.704164445712593512e-01	1.573677789613684153e-01	7.862701274520397798e-02	2.732670338300577720e-02	8.576352940659623392e-02
1.335224578968857941e+03	2.300667626040648894e-01	1.499597992927220735e-01	2.706272520795798275e-01	1.574723439109191880e-01	7.869330840644984948e-02	2.732670338300577720e-02	8.585383032287532967e-02
1.337643464075685870e+03	2.297837577597229286e-01	1.497721994061719519e-01	2.708374320094428245e-01	1.575766534883925041e-01	7.875940507769671473e-02	2.732670338300577720e-02	8.594384887518420613e-02
1.340062349182513572e+03	2.295015888091135325e-01	1.495851239866718974e-01	2.710469859740765597e-01	1.576807083970835632e-01	7.882530331528039835e-02	2.732670338300577720e-02	8.603358613438516489e-02
1.342481234289341273e+03	2.292202533062138725e-01	1.493985715476793541e-01	2.712559155871751004e-01	1.577845093382095332e-01	7.889100367454368601e-02	2.732670338300577720e-02	8.612304316278952820e-02
1.344900119396168748e+03	2.289397488120017143e-01	1.492125406067818238e-01	2.714642224627814016e-01	1.578880570109169601e-01	7.895650670982518049e-02	2.732670338300577720e-02	8.621222101430399409e-02
1.347319004502996449e+03	2.286600728944382932e-01	1.490270296856877341e-01	2.716719082151735076e-01	1.579913521122891240e-01	7.902181297444851871e-02	2.732670338300577720e-02	8.630112073457389676e-02
1.349737889609823924e+03	2.283812231284513827e-01	1.488420373102175009e-01	2.718789744587535306e-01	1.580943953373532829e-01	7.908692302071197722e-02	2.732670338300577720e-02	8.638974336112337227e-02
1.352156774716651853e+03	2.281031970959182531e-01	1.486575620102945638e-01	2.720854228079395698e-01	1.581971873790879168e-01	7.915183739987829981e-02	2.732670338300577720e-02	8.647808992349245716e-02
1.354575659823479100e+03	2.278259923856486291e-01	1.484736023199361710e-01	2.722912548770599073e-01	1.582997289284299447e-01	7.921655666216498304e-02	2.732670338300577720e-02	8.656616144337134222e-02
1.356994544930307029e+03	2.275496065933675649e-01	1.482901567772444695e-01	2.724964722802505901e-01	1.584020206742819126e-01	7.928108135673474222e-02	2.732670338300577720e-02	8.665395893473171185e-02
1.359413430037134731e+03	2.272740373216984300e-01	1.481072239243972355e-01	2.727010766313546775e-01	1.585040633035189883e-01	7.934541203168637979e-02	2.732670338300577720e-02	8.674148340395526624e-02
1.361832315143962205e+03	2.269992821801456173e-01	1.479248023076387697e-01	2.729050695438250962e-01	1.586058575009960114e-01	7.940954923404597299e-02	2.732670338300577720e-02	8.682873584995955130e-02
1.364251200250789907e+03	2.267253387850776125e-01	1.477428904772706275e-01	2.731084526306289950e-01	1.587074039495545985e-01	7.947349350975815852e-02	2.732670338300577720e-02	8.691571726432098521e-02
1.366670085357617609e+03	2.264522047597097298e-01	1.475614869876424595e-01	2.733112275041553740e-01	1.588087033300300543e-01	7.953724540367800022e-02	2.732670338300577720e-02	8.700242863139541483e-02
1.369088970464445310e+03	2.261798777340869870e-01	1.473805903971427411e-01	2.735133957761241574e-01	1.589097563212582276e-01	7.960080545956291220e-02	2.732670338300577720e-02	8.708887092843597966e-02
1.371507855571272785e+03	2.259083553450668136e-01	1.472001992681895299e-01	2.737149590574987634e-01	1.590105636000824219e-01	7.966417422006492888e-02	2.732670338300577720e-02	8.717504512570856123e-02
1.373926740678100487e+03	2.256376352363020088e-01	1.470203121672211122e-01	2.739159189583997289e-01	1.591111258413602514e-01	7.972735222672322486e-02	2.732670338300577720e-02	8.726095218660469277e-02
1.376345625784927961e+03	2.253677150582234778e-01	1.468409276646865658e-01	2.741162770880214983e-01	1.592114437179703579e-01	7.979034001995695402e-02	2.732670338300577720e-02	8.734659306775210963e-02
1.378764510891755890e+03	2.250985924680229955e-01	1.466620443350366843e-01	2.743160350545508219e-01	1.593115179008191828e-01	7.985313813905825508e-02	2.732670338300577720e-02	8.743196871912296830e-02
1.381183395998583137e+03	2.248302651296359977e-01	1.464836607567143456e-01	2.745151944650874865e-01	1.594113490588477122e-01	7.991574712218559029e-02	2.732670338300577720e-02	8.751708008413977558e-02
1.383602281105411066e+03	2.245627307137244288e-01	1.463057755121452419e-01	2.747137569255670431e-01	1.595109378590379989e-01	7.997816750635725058e-02	2.732670338300577720e-02	8.760192809977901396e-02
1.386021166212238768e+03	2.242959868976593385e-01	1.461283871877283869e-01	2.749117240406855345e-01	1.596102849664198797e-01	8.004039982744512449e-02	2.732670338300577720e-02	8.768651369667267159e-02
1.388440051319066470e+03	2.240300313655038400e-01	1.459514943738267623e-01	2.751090974138264977e-01	1.597093910440776088e-01	8.010244462016871680e-02	2.732670338300577720e-02	8.777083779920749618e-02
1.390858936425893944e+03	2.237648618079957352e-01	1.457750956647578255e-01	2.753058786469894104e-01	1.598082567531562137e-01	8.016430241808944479e-02	2.732670338300577720e-02	8.785490132562229215e-02
1.393277821532721646e+03	2.235004759225303894e-01	1.455991896587840173e-01	2.755020693407202459e-01	1.599068827528682124e-01	8.022597375360496219e-02	2.732670338300577720e-02	8.793870518810306680e-02
1.395696706639549120e+03	2.232368714131434118e-01	1.454237749581033523e-01	2.756976710940441944e-01	1.600052697004998303e-01	8.028745915794395505e-02	2.732670338300577720e-02	8.802225029287620572e-02
1.398115591746377049e+03	2.229740459904933636e-01	1.452488501688398159e-01	2.758926855043994375e-01	1.601034182514176618e-01	8.034875916116092365e-02	2.732670338300577720e-02	8.810553754029973317e-02
1.400534476853204296e+03	2.227119973718447166e-01	1.450744139010339273e-01	2.760871141675735330e-01	1.602013290590748873e-01	8.040987429213131144e-02	2.732670338300577720e-02	8.818856782495254620e-02
1.402953361960032225e+03	2.224507232810504498e-01	1.449004647686332470e-01	2.762809586776407977e-01	1.602990027750177404e-01	8.047080507854682818e-02	2.732670338300577720e-02	8.827134203572188642e-02
1.405372247066859927e+03	2.221902214485348970e-01	1.447270013894827179e-01	2.764742206269018565e-01	1.603964400488916975e-01	8.053155204691082869e-02	2.732670338300577720e-02	8.835386105588892425e-02
1.407791132173687402e+03	2.219304896112764269e-01	1.445540223853152839e-01	2.766669016058247443e-01	1.604936415284478890e-01	8.059211572253406619e-02	2.732670338300577720e-02	8.843612576321253915e-02
1.410210017280515103e+03	2.216715255127904016e-01	1.443815263817421757e-01	2.768590032029873416e-01	1.605906078595491782e-01	8.065249662953054288e-02	2.732670338300577720e-02	8.851813703001135125e-02
1.412628902387342805e+03	2.214133269031118012e-01	1.442095120082434456e-01	2.770505270050215296e-01	1.606873396861765446e-01	8.071269529081348537e-02	2.732670338300577720e-02	8.859989572324411533e-02
1.415047787494170507e+03	2.211558915387781266e-01	1.440379778981584202e-01	2.772414745965592342e-01	1.607838376504351630e-01	8.077271222809166706e-02	2.732670338300577720e-02	8.868140270458832464e-02
1.417466672600997981e+03	2.208992171828121076e-01	1.438669226886760133e-01	2.774318475601792455e-01	1.608801023925605367e-01	8.083254796186570279e-02	2.732670338300577720e-02	8.876265883051723260e-02
1.419885557707825683e+03	2.206433016047047169e-01	1.436963450208251780e-01	2.776216474763563702e-01	1.609761345509246877e-01	8.089220301142464875e-02	2.732670338300577720e-02	8.884366495237529249e-02
1.422304442814653157e+03	2.203881425803976835e-01	1.435262435394653868e-01	2.778108759234110825e-01	1.610719347620420683e-01	8.095167789484272736e-02	2.732670338300577720e-02	8.892442191645198724e-02
1.424723327921481086e+03	2.201337378922666732e-01	1.433566168932769169e-01	2.779995344774612298e-01	1.611675036605757783e-01	8.101097312897620473e-02	2.732670338300577720e-02	8.900493056405411885e-02
1.427142213028308333e+03	2.198800853291039137e-01	1.431874637347514134e-01	2.781876247123749035e-01	1.612628418793435048e-01	8.107008922946047635e-02	2.732670338300577720e-02	8.908519173157668225e-02
1.429561098135136262e+03	2.196271826861010967e-01	1.430187827201821471e-01	2.783751481997248090e-01	1.613579500493234620e-01	8.112902671070716665e-02	2.732670338300577720e-02	8.916520625057219873e-02
1.431979983241963964e+03	2.193750277648323643e-01	1.428505725096544110e-01	2.785621065087435233e-01	1.614528287996603861e-01	8.118778608590160317e-02	2.732670338300577720e-02	8.924497494781859219e-02
1.434398868348791666e+03	2.191236183732370446e-01	1.426828317670360280e-01	2.787485012062803635e-01	1.615474787576715032e-01	8.124636786700020763e-02	2.732670338300577720e-02	8.932449864538574702e-02
1.436817753455619140e+03	2.188729523256027487e-01	1.425155591599676086e-01	2.789343338567595310e-01	1.616419005488522742e-01	8.130477256472815051e-02	2.732670338300577720e-02	8.940377816070063655e-02
1.439236638562446842e+03	2.186230274425480513e-01	1.423487533598530308e-01	2.791196060221390884e-01	1.617360947968823348e-01	8.136300068857721390e-02	2.732670338300577720e-02	8.948281430661117475e-02
1.441655523669274316e+03	2.183738415510057540e-01	1.421824130418497534e-01	2.793043192618717696e-01	1.618300621236313519e-01	8.142105274680358495e-02	2.732670338300577720e-02	8.956160789144863854e-02
1.444074408776102018e+03	2.181253924842055658e-01	1.420165368848592957e-01	2.794884751328662320e-01	1.619238031491647967e-01	8.147892924642599621e-02	2.732670338300577720e-02	8.964015971908895208e-02
1.446493293882929493e+03	2.178776780816572278e-01	1.418511235715175511e-01	2.796720751894499202e-01	1.620173184917496900e-01	8.153663069322382440e-02	2.732670338300577720e-02	8.971847058901259719e-02
1.448912178989757422e+03	2.176306961891334713e-01	1.416861717881852667e-01	2.798551209833328723e-01	1.621106087678603480e-01	8.159415759173543892e-02	2.732670338300577720e-02	8.979654129636337190e-02
1.451331064096585123e+03	2.173844446586530033e-01	1.415216802249383288e-01	2.800376140635726374e-01	1.622036745921841272e-01	8.165151044525661983e-02	2.732670338300577720e-02	8.987437263200595550e-02
1.453749949203412370e+03	2.171389213484636316e-01	1.413576475755582706e-01	2.802195559765403576e-01	1.622965165776271146e-01	8.170868975583908678e-02	2.732670338300577720e-02	8.995196538258222463e-02
1.456168834310240300e+03	2.168941241230252226e-01	1.411940725375226136e-01	2.804009482658874064e-01	1.623891353353197065e-01	8.176569602428919448e-02	2.732670338300577720e-02	9.002932033056654237e-02
1.458587719417068001e+03	2.166500508529928815e-01	1.410309538119952633e-01	2.805817924725138579e-01	1.624815314746223260e-01	8.182252975016665597e-02	2.732670338300577720e-02	9.010643825431977061e-02
1.461006604523895703e+03	2.164066994151999379e-01	1.408682901038169344e-01	2.807620901345371234e-01	1.625737056031309469e-01	8.187919143178347403e-02	2.732670338300577720e-02	9.018331992814233866e-02
1.463425489630723177e+03	2.161640676926411819e-01	1.407060801214955748e-01	2.809418427872620860e-01	1.626656583266827827e-01	8.193568156620294196e-02	2.732670338300577720e-02	9.025996612232614624e-02
1.465844374737550879e+03	2.159221535744559883e-01	1.405443225771967897e-01	2.811210519631519023e-01	1.627573902493617275e-01	8.199200064923868603e-02	2.732670338300577720e-02	9.033637760320548105e-02
1.468263259844378354e+03	2.156809549559114692e-01	1.403830161867343218e-01	2.812997191917999684e-01	1.628489019735039345e-01	8.204814917545397157e-02	2.732670338300577720e-02	9.041255513320685389e-02
1.470682144951206283e+03	2.154404697383856537e-01	1.402221596695603090e-01	2.814778459999024984e-01	1.629401940997033116e-01	8.210412763816093973e-02	2.732670338300577720e-02	9.048849947089782075e-02
1.473101030058033530e+03	2.152006958293506966e-01	1.400617517487559582e-01	2.816554339112319338e-01	1.630312672268169616e-01	8.215993652942002456e-02	2.732670338300577720e-02	9.056421137103494445e-02
1.475519915164861459e+03	2.149616311423561965e-01	1.399017911510218315e-01	2.818324844466116863e-01	1.631221219519706778e-01	8.221557634003946735e-02	2.732670338300577720e-02	9.063969158461063214e-02
1.477938800271689161e+03	2.147232735970124040e-01	1.397422766066683530e-01	2.820089991238912686e-01	1.632127588705643839e-01	8.227104755957491411e-02	2.732670338300577720e-02	9.071494085889916792e-02
1.480357685378516862e+03	2.144856211189735407e-01	1.395832068496062339e-01	2.821849794579223691e-01	1.633031785762774080e-01	8.232635067632912418e-02	2.732670338300577720e-02	9.078995993750174631e-02
1.482776570485344337e+03	2.142486716399211455e-01	1.394245806173370350e-01	2.823604269605357597e-01	1.633933816610740331e-01	8.238148617735170653e-02	2.732670338300577720e-02	9.086474956039064521e-02
