1.001418434226643626e+03	2.783291221746840294e-01	1.816432844023923299e-01	2.349578258572662115e-01	1.402721904143070797e-01	6.741574272870801132e-02	2.737848438684456140e-02	7.000335003541605094e-02
1.002869765290740247e+03	2.780742137712380324e-01	1.814779238168116871e-01	2.351407727077638177e-01	1.403616636333809842e-01	6.747470668660895954e-02	2.737848438684456140e-02	7.009223499697021798e-02
1.004321096354836754e+03	2.778197545035377414e-01	1.813128392127333621e-01	2.353234357376387254e-01	1.404510518223738291e-01	6.753356772026571087e-02	2.737848438684456140e-02	7.018086661622423283e-02
1.005772427418933376e+03	2.775657436143546541e-01	1.811480301362417833e-01	2.355058147084414799e-01	1.405403550361694898e-01	6.759232561328792910e-02	2.737848438684456140e-02	7.026924650427820995e-02
1.007223758483029997e+03	2.773121803474252189e-01	1.809834961339432668e-01	2.356879093715148199e-01	1.406295733290030825e-01	6.765098018062547236e-02	2.737848438684456140e-02	7.035737625026168562e-02
1.008675089547126618e+03	2.770590639474458383e-01	1.808192367529624367e-01	2.358697194703775757e-01	1.407187067544536374e-01	6.770953126553008738e-02	2.737848438684456140e-02	7.044525742200394292e-02
1.010126420611223239e+03	2.768063936600688169e-01	1.806552515409394766e-01	2.360512447428459726e-01	1.408077553654389913e-01	6.776797873682334494e-02	2.737848438684456140e-02	7.053289156665691617e-02
1.011577751675319632e+03	2.765541687318987529e-01	1.804915400460278541e-01	2.362324849229192059e-01	1.408967192142126790e-01	6.782632248643989670e-02	2.737848438684456140e-02	7.062028021127515764e-02
1.013029082739416367e+03	2.763023884104901517e-01	1.803281018168927663e-01	2.364134397424532685e-01	1.409855983523624623e-01	6.788456242721800649e-02	2.737848438684456140e-02	7.070742486335693244e-02
1.014480413803512761e+03	2.760510519443450383e-01	1.801649364027099742e-01	2.365941089326454860e-01	1.410743928308107464e-01	6.794269849091220947e-02	2.737848438684456140e-02	7.079432701135009165e-02
1.015931744867609382e+03	2.758001585829117919e-01	1.800020433531652753e-01	2.367744922253486872e-01	1.411631026998160510e-01	6.800073062640561716e-02	2.737848438684456140e-02	7.088098812512613756e-02
1.017383075931706003e+03	2.755497075765839798e-01	1.798394222184540592e-01	2.369545893542326642e-01	1.412517280089759519e-01	6.805865879810157892e-02	2.737848438684456140e-02	7.096740965642532595e-02
1.018834406995802851e+03	2.752996981766998030e-01	1.796770725492813914e-01	2.371344000558092691e-01	1.413402688072308844e-01	6.811648298447649241e-02	2.737848438684456140e-02	7.105359303927559489e-02
1.020285738059899245e+03	2.750501296355420955e-01	1.795149938968625403e-01	2.373139240703345254e-01	1.414287251428691106e-01	6.817420317677735930e-02	2.737848438684456140e-02	7.113953969038769309e-02
1.021737069123995752e+03	2.748010012063383800e-01	1.793531858129234213e-01	2.374931611426008837e-01	1.415170970635324099e-01	6.823181937784957019e-02	2.737848438684456140e-02	7.122525100952857569e-02
1.023188400188092373e+03	2.745523121432613678e-01	1.791916478497016241e-01	2.376721110226312494e-01	1.416053846162224350e-01	6.828933160108147105e-02	2.737848438684456140e-02	7.131072837987514901e-02
1.024639731252188767e+03	2.743040617014295690e-01	1.790303795599473835e-01	2.378507734662845263e-01	1.416935878473077615e-01	6.834673986945399848e-02	2.737848438684456140e-02	7.139597316835004370e-02
1.026091062316285615e+03	2.740562491369085696e-01	1.788693804969248569e-01	2.380291482357823618e-01	1.417817068025316041e-01	6.840404421468479490e-02	2.737848438684456140e-02	7.148098672594106751e-02
1.027542393380382237e+03	2.738088737067119194e-01	1.787086502144136224e-01	2.382072351001650601e-01	1.418697415270198658e-01	6.846124467645715861e-02	2.737848438684456140e-02	7.156577038800569779e-02
1.028993724444478858e+03	2.735619346688024089e-01	1.785481882667100118e-01	2.383850338356843790e-01	1.419576920652895757e-01	6.851834130172504422e-02	2.737848438684456140e-02	7.165032547456183509e-02
1.030445055508575479e+03	2.733154312820939569e-01	1.783879942086290249e-01	2.385625442261395390e-01	1.420455584612577149e-01	6.857533414408689687e-02	2.737848438684456140e-02	7.173465329056610829e-02
1.031896386572671872e+03	2.730693628064527756e-01	1.782280675955058569e-01	2.387397660631626062e-01	1.421333407582504316e-01	6.863222326322078459e-02	2.737848438684456140e-02	7.181875512618071666e-02
1.033347717636768493e+03	2.728237285026993142e-01	1.780684079831978961e-01	2.389166991464588552e-01	1.422210389990123391e-01	6.868900872437504190e-02	2.737848438684456140e-02	7.190263225702969718e-02
1.034799048700865114e+03	2.725785276326099793e-01	1.779090149280865008e-01	2.390933432840064710e-01	1.423086532257161752e-01	6.874569059790856806e-02	2.737848438684456140e-02	7.198628594444549111e-02
1.036250379764961508e+03	2.723337594589189115e-01	1.777498879870789417e-01	2.392696982922202509e-01	1.423961834799724047e-01	6.880226895887593674e-02	2.737848438684456140e-02	7.206971743570671218e-02
1.037701710829058356e+03	2.720894232453200390e-01	1.775910267176105117e-01	2.394457639960832218e-01	1.424836298028392401e-01	6.885874388665266799e-02	2.737848438684456140e-02	7.215292796426744926e-02
1.039153041893154750e+03	2.718455182564690764e-01	1.774324306776464688e-01	2.396215402292493080e-01	1.425709922348325220e-01	6.891511546459659632e-02	2.737848438684456140e-02	7.223591874997913054e-02
1.040604372957251599e+03	2.716020437579854119e-01	1.772740994256841174e-01	2.397970268341207689e-01	1.426582708159357393e-01	6.897138377974182388e-02	2.737848438684456140e-02	7.231869099930525457e-02
1.042055704021347992e+03	2.713589990164542720e-01	1.771160325207548625e-01	2.399722236619024340e-01	1.427454655856101873e-01	6.902754892252177532e-02	2.737848438684456140e-02	7.240124590552958483e-02
1.043507035085444613e+03	2.711163832994286094e-01	1.769582295224262636e-01	2.401471305726362304e-01	1.428325765828050153e-01	6.908361098651866206e-02	2.737848438684456140e-02	7.248358464895827968e-02
1.044958366149541234e+03	2.708741958754312673e-01	1.768006899908042828e-01	2.403217474352173644e-01	1.429196038459674134e-01	6.913957006823649720e-02	2.737848438684456140e-02	7.256570839711626308e-02
1.046409697213637855e+03	2.706324360139568674e-01	1.766434134865351724e-01	2.404960741273945435e-01	1.430065474130527148e-01	6.919542626689535736e-02	2.737848438684456140e-02	7.264761830493830785e-02
1.047861028277734476e+03	2.703911029854743631e-01	1.764863995708076394e-01	2.406701105357563764e-01	1.430934073215343882e-01	6.925117968424480963e-02	2.737848438684456140e-02	7.272931551495528946e-02
1.049312359341831097e+03	2.701501960614286491e-01	1.763296478053549832e-01	2.408438565557049216e-01	1.431801836084142243e-01	6.930683042439449160e-02	2.737848438684456140e-02	7.281080115747559645e-02
1.050763690405927491e+03	2.699097145142425602e-01	1.761731577524570103e-01	2.410173120914185785e-01	1.432668763102322163e-01	6.936237859366020664e-02	2.737848438684456140e-02	7.289207635076223879e-02
1.052215021470024112e+03	2.696696576173190918e-01	1.760169289749422827e-01	2.411904770558050415e-01	1.433534854630765520e-01	6.941782430042392482e-02	2.737848438684456140e-02	7.297314220120586226e-02
1.053666352534120733e+03	2.694300246450435088e-01	1.758609610361899500e-01	2.413633513704456779e-01	1.434400111025934677e-01	6.947316765500632929e-02	2.737848438684456140e-02	7.305399980349382150e-02
1.055117683598217127e+03	2.691908148727849004e-01	1.757052535001318860e-01	2.415359349655325782e-01	1.435264532639971280e-01	6.952840876955061755e-02	2.737848438684456140e-02	7.313465024077558940e-02
1.056569014662313975e+03	2.689520275768986224e-01	1.755498059312545767e-01	2.417082277797990564e-01	1.436128119820792304e-01	6.958354775791655844e-02	2.737848438684456140e-02	7.321509458482465538e-02
1.058020345726410369e+03	2.687136620347279070e-01	1.753946178946011458e-01	2.418802297604442375e-01	1.436990872912186634e-01	6.963858473558358353e-02	2.737848438684456140e-02	7.329533389619714845e-02
1.059471676790506763e+03	2.684757175246058614e-01	1.752396889557732707e-01	2.420519408630530667e-01	1.437852792253910550e-01	6.969351981956221909e-02	2.737848438684456140e-02	7.337536922438719911e-02
1.060923007854603611e+03	2.682381933258572992e-01	1.750850186809330689e-01	2.422233610515118485e-01	1.438713878181781258e-01	6.974835312831287326e-02	2.737848438684456140e-02	7.345520160797942844e-02
1.062374338918700232e+03	2.680010887188005175e-01	1.749306066368049861e-01	2.423944902979201510e-01	1.439574131027772375e-01	6.980308478167135400e-02	2.737848438684456140e-02	7.353483207479839801e-02
1.063825669982796853e+03	2.677644029847491836e-01	1.747764523906775724e-01	2.425653285824996008e-01	1.440433551120102740e-01	6.985771490078049317e-02	2.737848438684456140e-02	7.361426164205546463e-02
1.065277001046893474e+03	2.675281354060140004e-01	1.746225555104054528e-01	2.427358758935001803e-01	1.441292138783330790e-01	6.991224360802708593e-02	2.737848438684456140e-02	7.369349131649277629e-02
1.066728332110990095e+03	2.672922852659045390e-01	1.744689155644108813e-01	2.429061322271041379e-01	1.442149894338442262e-01	6.996667102698383989e-02	2.737848438684456140e-02	7.377252209452496434e-02
1.068179663175086489e+03	2.670568518487306808e-01	1.743155321216856568e-01	2.430760975873282603e-01	1.443006818102940680e-01	7.002099728235572362e-02	2.737848438684456140e-02	7.385135496237815733e-02
1.069630994239183110e+03	2.668218344398045061e-01	1.741624047517927876e-01	2.432457719859246470e-01	1.443862910390935061e-01	7.007522249993038133e-02	2.737848438684456140e-02	7.392999089622673270e-02
1.071082325303279504e+03	2.665872323254417919e-01	1.740095330248681016e-01	2.434151554422802899e-01	1.444718171513225125e-01	7.012934680653204467e-02	2.737848438684456140e-02	7.400843086232782031e-02
1.072533656367376352e+03	2.663530447929634559e-01	1.738569165116219395e-01	2.435842479833159602e-01	1.445572601777387889e-01	7.018337032997884473e-02	2.737848438684456140e-02	7.408667581715353001e-02
1.073984987431472746e+03	2.661192711306972769e-01	1.737045547833408476e-01	2.437530496433840954e-01	1.446426201487861773e-01	7.023729319904305213e-02	2.737848438684456140e-02	7.416472670752101426e-02
1.075436318495569594e+03	2.658859106279792273e-01	1.735524474118889660e-01	2.439215604641667423e-01	1.447278970946030419e-01	7.029111554341391233e-02	2.737848438684456140e-02	7.424258447072056011e-02
1.076887649559666215e+03	2.656529625751548607e-01	1.734005939697097209e-01	2.440897804945729166e-01	1.448130910450303455e-01	7.034483749366303440e-02	2.737848438684456140e-02	7.432025003464153012e-02
1.078338980623762609e+03	2.654204262635807554e-01	1.732489940298272690e-01	2.442577097906361017e-01	1.448982020296198658e-01	7.039845918121190316e-02	2.737848438684456140e-02	7.439772431789642981e-02
1.079790311687859230e+03	2.651883009856261242e-01	1.730976471658479954e-01	2.444253484154117195e-01	1.449832300776420502e-01	7.045198073830138963e-02	2.737848438684456140e-02	7.447500822994304603e-02
1.081241642751955851e+03	2.649565860346736468e-01	1.729465529519618738e-01	2.445926964388750458e-01	1.450681752180938977e-01	7.050540229796312119e-02	2.737848438684456140e-02	7.455210267120468415e-02
1.082692973816052472e+03	2.647252807051210799e-01	1.727957109629439658e-01	2.447597539378194020e-01	1.451530374797067591e-01	7.055872399399244765e-02	2.737848438684456140e-02	7.462900853318865657e-02
1.084144304880149093e+03	2.644943842923823119e-01	1.726451207741557248e-01	2.449265209957545431e-01	1.452378168909538581e-01	7.061194596092290610e-02	2.737848438684456140e-02	7.470572669860293946e-02
1.085595635944245487e+03	2.642638960928886949e-01	1.724947819615463840e-01	2.450929977028061535e-01	1.453225134800578966e-01	7.066506833400207355e-02	2.737848438684456140e-02	7.478225804147109468e-02
1.087046967008342108e+03	2.640338154040900998e-01	1.723446941016541500e-01	2.452591841556154006e-01	1.454071272749984101e-01	7.071809124916866862e-02	2.737848438684456140e-02	7.485860342724558192e-02
1.088498298072438729e+03	2.638041415244560262e-01	1.721948567716076184e-01	2.454250804572395972e-01	1.454916583035190114e-01	7.077101484303076340e-02	2.737848438684456140e-02	7.493476371291928062e-02
1.089949629136535123e+03	2.635748737534768238e-01	1.720452695491268835e-01	2.455906867170534191e-01	1.455761065931346354e-01	7.082383925284503612e-02	2.737848438684456140e-02	7.501073974713554082e-02
1.091400960200631971e+03	2.633460113916643586e-01	1.718959320125248158e-01	2.457560030506511506e-01	1.456604721711385053e-01	7.087656461649699535e-02	2.737848438684456140e-02	7.508653237029648542e-02
1.092852291264728365e+03	2.631175537405533449e-01	1.717468437407082271e-01	2.459210295797495671e-01	1.457447550646091827e-01	7.092919107248206456e-02	2.737848438684456140e-02	7.516214241466986912e-02
1.094303622328825213e+03	2.628895001027023448e-01	1.715980043131788979e-01	2.460857664320918181e-01	1.458289553004173955e-01	7.098171875988740220e-02	2.737848438684456140e-02	7.523757070449438311e-02
1.095754953392921607e+03	2.626618497816943232e-01	1.714494133100348539e-01	2.462502137413523362e-01	1.459130729052327269e-01	7.103414781837454062e-02	2.737848438684456140e-02	7.531281805608343316e-02
1.097206284457018228e+03	2.624346020821379244e-01	1.713010703119713096e-01	2.464143716470426071e-01	1.459971079055302212e-01	7.108647838816267717e-02	2.737848438684456140e-02	7.538788527792746053e-02
1.098657615521114849e+03	2.622077563096679165e-01	1.711529749002817513e-01	2.465782402944179941e-01	1.460810603275970454e-01	7.113871061001254825e-02	2.737848438684456140e-02	7.546277317079484737e-02
1.100108946585211470e+03	2.619813117709464678e-01	1.710051266568589634e-01	2.467418198343855618e-01	1.461649301975387338e-01	7.119084462521094170e-02	2.737848438684456140e-02	7.553748252783133721e-02
1.101560277649308091e+03	2.617552677736634803e-01	1.708575251641960280e-01	2.469051104234130378e-01	1.462487175412856555e-01	7.124288057555568099e-02	2.737848438684456140e-02	7.561201413465809540e-02
1.103011608713404712e+03	2.615296236265375884e-01	1.707101700053871851e-01	2.470681122234384408e-01	1.463324223845991479e-01	7.129481860334113685e-02	2.737848438684456140e-02	7.568636876946845116e-02
1.104462939777501106e+03	2.613043786393167145e-01	1.705630607641288599e-01	2.472308254017813456e-01	1.464160447530776510e-01	7.134665885134416907e-02	2.737848438684456140e-02	7.576054720312315471e-02
1.105914270841597499e+03	2.610795321227787902e-01	1.704161970247205504e-01	2.473932501310547871e-01	1.464995846721627304e-01	7.139840146281054012e-02	2.737848438684456140e-02	7.583455019924445484e-02
1.107365601905694348e+03	2.608550833887325893e-01	1.702695783720655498e-01	2.475553865890782745e-01	1.465830421671450168e-01	7.145004658144168963e-02	2.737848438684456140e-02	7.590837851430878858e-02
1.108816932969790741e+03	2.606310317500177276e-01	1.701232043916719450e-01	2.477172349587920541e-01	1.466664172631700347e-01	7.150159435138188357e-02	2.737848438684456140e-02	7.598203289773819424e-02
1.110268264033887590e+03	2.604073765205059954e-01	1.699770746696534218e-01	2.478787954281723438e-01	1.467497099852438369e-01	7.155304491720576587e-02	2.737848438684456140e-02	7.605551409199044766e-02
1.111719595097984211e+03	2.601841170151013016e-01	1.698311887927299035e-01	2.480400681901476223e-01	1.468329203582388054e-01	7.160439842390613208e-02	2.737848438684456140e-02	7.612882283264804650e-02
1.113170926162080832e+03	2.599612525497405069e-01	1.696855463482284387e-01	2.482010534425158899e-01	1.469160484068990358e-01	7.165565501688209160e-02	2.737848438684456140e-02	7.620195984850580695e-02
1.114622257226177226e+03	2.597387824413937008e-01	1.695401469240837844e-01	2.483617513878633443e-01	1.469990941558459441e-01	7.170681484192753530e-02	2.737848438684456140e-02	7.627492586165741939e-02
1.116073588290273847e+03	2.595167060080647570e-01	1.693949901088393217e-01	2.485221622334836677e-01	1.470820576295834292e-01	7.175787804521981117e-02	2.737848438684456140e-02	7.634772158758069971e-02
1.117524919354370468e+03	2.592950225687916666e-01	1.692500754916475836e-01	2.486822861912987015e-01	1.471649388525033131e-01	7.180884477330869153e-02	2.737848438684456140e-02	7.642034773522173030e-02
1.118976250418467089e+03	2.590737314436468153e-01	1.691054026622708095e-01	2.488421234777800639e-01	1.472477378488905031e-01	7.185971517310560386e-02	2.737848438684456140e-02	7.649280500707782149e-02
1.120427581482563710e+03	2.588528319537376499e-01	1.689609712110818063e-01	2.490016743138717403e-01	1.473304546429279882e-01	7.191048939187309752e-02	2.737848438684456140e-02	7.656509409927932108e-02
1.121878912546660331e+03	2.586323234212066224e-01	1.688167807290643918e-01	2.491609389249138107e-01	1.474130892587019181e-01	7.196116757721450485e-02	2.737848438684456140e-02	7.663721570167039698e-02
1.123330243610756725e+03	2.584122051692316346e-01	1.686728308078139227e-01	2.493199175405671486e-01	1.474956417202065717e-01	7.201174987706379649e-02	2.737848438684456140e-02	7.670917049788851527e-02
1.124781574674853118e+03	2.581924765220263152e-01	1.685291210395380157e-01	2.494786103947392308e-01	1.475781120513491584e-01	7.206223643967572812e-02	2.737848438684456140e-02	7.678095916544312727e-02
1.126232905738949967e+03	2.579731368048402418e-01	1.683856510170568532e-01	2.496370177255108069e-01	1.476605002759545648e-01	7.211262741361609829e-02	2.737848438684456140e-02	7.685258237579301044e-02
1.127684236803046360e+03	2.577541853439589969e-01	1.682424203338039048e-01	2.497951397750636793e-01	1.477428064177700451e-01	7.216292294775225602e-02	2.737848438684456140e-02	7.692404079442266562e-02
1.129135567867143209e+03	2.575356214667046673e-01	1.680994285838262603e-01	2.499529767896094268e-01	1.478250305004698284e-01	7.221312319124370549e-02	2.737848438684456140e-02	7.699533508091772893e-02
1.130586898931239830e+03	2.573174445014355105e-01	1.679566753617850738e-01	2.501105290193190722e-01	1.479071725476596710e-01	7.226322829353301613e-02	2.737848438684456140e-02	7.706646588903928730e-02
1.132038229995336451e+03	2.570996537775464552e-01	1.678141602629560636e-01	2.502677967182538876e-01	1.479892325828812139e-01	7.231323840433676042e-02	2.737848438684456140e-02	7.713743386679712544e-02
1.133489561059432845e+03	2.568822486254691562e-01	1.676718828832299280e-01	2.504247801442970323e-01	1.480712106296164510e-01	7.236315367363675699e-02	2.737848438684456140e-02	7.720823965652215404e-02
1.134940892123529466e+03	2.566652283766717724e-01	1.675298428191126510e-01	2.505814795590860511e-01	1.481531067112919764e-01	7.241297425167129986e-02	2.737848438684456140e-02	7.727888389493765831e-02
1.136392223187626087e+03	2.564485923636593001e-01	1.673880396677259741e-01	2.507378952279464279e-01	1.482349208512832028e-01	7.246270028892670689e-02	2.737848438684456140e-02	7.734936721322969999e-02
1.137843554251722708e+03	2.562323399199735174e-01	1.672464730268076183e-01	2.508940274198260822e-01	1.483166530729185528e-01	7.251233193612890982e-02	2.737848438684456140e-02	7.741969023711654796e-02
1.139294885315819101e+03	2.560164703801928732e-01	1.671051424947117003e-01	2.510498764072308098e-01	1.483983033994834000e-01	7.256186934423525248e-02	2.737848438684456140e-02	7.748985358691712344e-02
1.140746216379915950e+03	2.558009830799325424e-01	1.669640476704090104e-01	2.512054424661604446e-01	1.484798718542242324e-01	7.261131266442638621e-02	2.737848438684456140e-02	7.755985787761855710e-02
1.142197547444012343e+03	2.555858773558442598e-01	1.668231881534872063e-01	2.513607258760460761e-01	1.485613584603525383e-01	7.266066204809830398e-02	2.737848438684456140e-02	7.762970371894280242e-02
1.143648878508108737e+03	2.553711525456163756e-01	1.666825635441512576e-01	2.515157269196881540e-01	1.486427632410485533e-01	7.270991764685451331e-02	2.737848438684456140e-02	7.769939171541234701e-02
1.145100209572205586e+03	2.551568079879736328e-01	1.665421734432235568e-01	2.516704458831953151e-01	1.487240862194652014e-01	7.275907961249840350e-02	2.737848438684456140e-02	7.776892246641510520e-02
1.146551540636302207e+03	2.549428430226770570e-01	1.664020174521440854e-01	2.518248830559243201e-01	1.488053274187317587e-01	7.280814809702564061e-02	2.737848438684456140e-02	7.783829656626829741e-02
1.148002871700398828e+03	2.547292569905239001e-01	1.662620951729708030e-01	2.519790387304206014e-01	1.488864868619575454e-01	7.285712325261671507e-02	2.737848438684456140e-02	7.790751460428159414e-02
1.149454202764495449e+03	2.545160492333473079e-01	1.661224062083796749e-01	2.521329132023596986e-01	1.489675645722354225e-01	7.290600523162965585e-02	2.737848438684456140e-02	7.797657716481931622e-02
1.150905533828591842e+03	2.543032190940162640e-01	1.659829501616648939e-01	2.522865067704897490e-01	1.490485605726455109e-01	7.295479418659281401e-02	2.737848438684456140e-02	7.804548482736184400e-02
1.152356864892688463e+03	2.540907659164353127e-01	1.658437266367390195e-01	2.524398197365743668e-01	1.491294748862584396e-01	7.300349027019775727e-02	2.737848438684456140e-02	7.811423816656616614e-02
1.153808195956785084e+03	2.538786890455441148e-01	1.657047352381331162e-01	2.525928524053368540e-01	1.492103075361389253e-01	7.305209363529238664e-02	2.737848438684456140e-02	7.818283775232563737e-02
1.155259527020881706e+03	2.536669878273176137e-01	1.655659755709968373e-01	2.527456050844046898e-01	1.492910585453489924e-01	7.310060443487394199e-02	2.737848438684456140e-02	7.825128414982891745e-02
1.156710858084978327e+03	2.534556616087654257e-01	1.654274472410985075e-01	2.528980780842551845e-01	1.493717279369513873e-01	7.314902282208239626e-02	2.737848438684456140e-02	7.831957791961809134e-02
1.158162189149074720e+03	2.532447097379315615e-01	1.652891498548253180e-01	2.530502717181617456e-01	1.494523157340126029e-01	7.319734895019371079e-02	2.737848438684456140e-02	7.838771961764605389e-02
1.159613520213171569e+03	2.530341315638942046e-01	1.651510830191832147e-01	2.532021863021408636e-01	1.495328219596063213e-01	7.324558297261332673e-02	2.737848438684456140e-02	7.845570979533303402e-02
1.161064851277267962e+03	2.528239264367653227e-01	1.650132463417970652e-01	2.533538221549000991e-01	1.496132466368162439e-01	7.329372504286976731e-02	2.737848438684456140e-02	7.852354899962248058e-02
1.162516182341364356e+03	2.526140937076902793e-01	1.648756394309106310e-01	2.535051795977864009e-01	1.496935897887393119e-01	7.334177531460828181e-02	2.737848438684456140e-02	7.859123777303607394e-02
1.163967513405461204e+03	2.524046327288475555e-01	1.647382618953865119e-01	2.536562589547356472e-01	1.497738514384886199e-01	7.338973394158460062e-02	2.737848438684456140e-02	7.865877665372805749e-02
1.165418844469557826e+03	2.521955428534481403e-01	1.646011133447063401e-01	2.538070605522224077e-01	1.498540316091963587e-01	7.343760107765882894e-02	2.737848438684456140e-02	7.872616617553880591e-02
1.166870175533654447e+03	2.519868234357353631e-01	1.644641933889705865e-01	2.539575847192110380e-01	1.499341303240167567e-01	7.348537687678940999e-02	2.737848438684456140e-02	7.879340686804776894e-02
1.168321506597751068e+03	2.517784738309842285e-01	1.643275016388985044e-01	2.541078317871066639e-01	1.500141476061288281e-01	7.353306149302714367e-02	2.737848438684456140e-02	7.886049925662549920e-02
1.169772837661847461e+03	2.515704933955011935e-01	1.641910377058282411e-01	2.542578020897077185e-01	1.500940834787392042e-01	7.358065508050935788e-02	2.737848438684456140e-02	7.892744386248516653e-02
1.171224168725944082e+03	2.513628814866234462e-01	1.640548012017166157e-01	2.544074959631584809e-01	1.501739379650848250e-01	7.362815779345423250e-02	2.737848438684456140e-02	7.899424120273332295e-02
1.172675499790040703e+03	2.511556374627185173e-01	1.639187917391391469e-01	2.545569137459027242e-01	1.502537110884356042e-01	7.367556978615498464e-02	2.737848438684456140e-02	7.906089179041998760e-02
1.174126830854137097e+03	2.509487606831837803e-01	1.637830089312897752e-01	2.547060557786379187e-01	1.503334028720970938e-01	7.372289121297442849e-02	2.737848438684456140e-02	7.912739613458794063e-02
1.175578161918233945e+03	2.507422505084460074e-01	1.636474523919810298e-01	2.548549224042699346e-01	1.504130133394129820e-01	7.377012222833941035e-02	2.737848438684456140e-02	7.919375474032155915e-02
1.177029492982330339e+03	2.505361062999607036e-01	1.635121217356436951e-01	2.550035139678684670e-01	1.504925425137676742e-01	7.381726298673542408e-02	2.737848438684456140e-02	7.925996810879484822e-02
1.178480824046426733e+03	2.503303274202116069e-01	1.633770165773267280e-01	2.551518308166234594e-01	1.505719904185887636e-01	7.386431364270129585e-02	2.737848438684456140e-02	7.932603673731887517e-02
1.179932155110523581e+03	2.501249132327101887e-01	1.632421365326970908e-01	2.552998732998015829e-01	1.506513570773493627e-01	7.391127435082395225e-02	2.737848438684456140e-02	7.939196111938856548e-02
1.181383486174620202e+03	2.499198631019947936e-01	1.631074812180396405e-01	2.554476417687036038e-01	1.507306425135705730e-01	7.395814526573327163e-02	2.737848438684456140e-02	7.945774174472887419e-02
1.182834817238716823e+03	2.497151763936303059e-01	1.629730502502569345e-01	2.555951365766224725e-01	1.508098467508237894e-01	7.400492654209699095e-02	2.737848438684456140e-02	7.952337909934023563e-02
1.184286148302813444e+03	2.495108524742075395e-01	1.628388432468689251e-01	2.557423580788019124e-01	1.508889698127329759e-01	7.405161833461572363e-02	2.737848438684456140e-02	7.958887366554362464e-02
1.185737479366910065e+03	2.493068907113423494e-01	1.627048598260129042e-01	2.558893066323956744e-01	1.509680117229768859e-01	7.409822079801807460e-02	2.737848438684456140e-02	7.965422592202478502e-02
1.187188810431006686e+03	2.491032904736752152e-01	1.625710996064432257e-01	2.560359825964270697e-01	1.510469725052913381e-01	7.414473408705579693e-02	2.737848438684456140e-02	7.971943634387798627e-02
1.188640141495103080e+03	2.489000511308705199e-01	1.624375622075310832e-01	2.561823863317496675e-01	1.511258521834711877e-01	7.419115835649900403e-02	2.737848438684456140e-02	7.978450540264915569e-02
1.190091472559199701e+03	2.486971720536157726e-01	1.623042472492642607e-01	2.563285182010079377e-01	1.512046507813726293e-01	7.423749376113150666e-02	2.737848438684456140e-02	7.984943356637848322e-02
1.191542803623296322e+03	2.484946526136210809e-01	1.621711543522469101e-01	2.564743785685989486e-01	1.512833683229151405e-01	7.428374045574620554e-02	2.737848438684456140e-02	7.991422129964230459e-02
1.192994134687392716e+03	2.482924921836182630e-01	1.620382831376992183e-01	2.566199678006343410e-01	1.513620048320835909e-01	7.432989859514056719e-02	2.737848438684456140e-02	7.997886906359462367e-02
1.194445465751489564e+03	2.480906901373603202e-01	1.619056332274571852e-01	2.567652862649029144e-01	1.514405603329300465e-01	7.437596833411212749e-02	2.737848438684456140e-02	8.004337731600795480e-02
1.195896796815585958e+03	2.478892458496205486e-01	1.617732042439723184e-01	2.569103343308339893e-01	1.515190348495759343e-01	7.442194982745412024e-02	2.737848438684456140e-02	8.010774651131362389e-02
1.197348127879682352e+03	2.476881586961918180e-01	1.616409958103113553e-01	2.570551123694608253e-01	1.515974284062137634e-01	7.446784322995117500e-02	2.737848438684456140e-02	8.017197710064155602e-02
1.198799458943779200e+03	2.474874280538859050e-01	1.615090075501559030e-01	2.571996207533849832e-01	1.516757410271091233e-01	7.451364869637500110e-02	2.737848438684456140e-02	8.023606953185953572e-02
1.200250790007875821e+03	2.472870533005326610e-01	1.613772390878022156e-01	2.573438598567410196e-01	1.517539727366023494e-01	7.455936638148026596e-02	2.737848438684456140e-02	8.030002424961191210e-02
1.201702121071972442e+03	2.470870338149791789e-01	1.612456900481606947e-01	2.574878300551618482e-01	1.518321235591104379e-01	7.460499644000047337e-02	2.737848438684456140e-02	8.036384169535781830e-02
1.203153452136069063e+03	2.468873689770890723e-01	1.611143600567557510e-01	2.576315317257442117e-01	1.519101935191287112e-01	7.465053902664384178e-02	2.737848438684456140e-02	8.042752230740882191e-02
1.204604783200165684e+03	2.466880581677416140e-01	1.609832487397252765e-01	2.577749652470153752e-01	1.519881826412325942e-01	7.469599429608940466e-02	2.737848438684456140e-02	8.049106652096615910e-02
1.206056114264262078e+03	2.464891007688309044e-01	1.608523557238203949e-01	2.579181309988994864e-01	1.520660909500791969e-01	7.474136240298302758e-02	2.737848438684456140e-02	8.055447476815738583e-02
1.207507445328358699e+03	2.462904961632652046e-01	1.607216806364050177e-01	2.580610293626850460e-01	1.521439184704090064e-01	7.478664350193356403e-02	2.737848438684456140e-02	8.061774747807258501e-02
1.208958776392455093e+03	2.460922437349658265e-01	1.605912231054555384e-01	2.582036607209924894e-01	1.522216652270474702e-01	7.483183774750908068e-02	2.737848438684456140e-02	8.068088507680006016e-02
1.210410107456551941e+03	2.458943428688664945e-01	1.604609827595603333e-01	2.583460254577424342e-01	1.522993312449064940e-01	7.487694529423309653e-02	2.737848438684456140e-02	8.074388798746161278e-02
1.211861438520648335e+03	2.456967929509123183e-01	1.603309592279194562e-01	2.584881239581243162e-01	1.523769165489861355e-01	7.492196629658089135e-02	2.737848438684456140e-02	8.080675663024727839e-02
1.213312769584745183e+03	2.454995933680591269e-01	1.602011521403441940e-01	2.586299566085655810e-01	1.524544211643759084e-01	7.496690090897592529e-02	2.737848438684456140e-02	8.086949142244957700e-02
1.214764100648841804e+03	2.453027435082723307e-01	1.600715611272566785e-01	2.587715237967012083e-01	1.525318451162563926e-01	7.501174928578627221e-02	2.737848438684456140e-02	8.093209277849744421e-02
1.216215431712937971e+03	2.451062427605262273e-01	1.599421858196893587e-01	2.589128259113435138e-01	1.526091884299005386e-01	7.505651158132108092e-02	2.737848438684456140e-02	8.099456110998953795e-02
1.217666762777034819e+03	2.449100905148029195e-01	1.598130258492846678e-01	2.590538633424530612e-01	1.526864511306751659e-01	7.510118794982723056e-02	2.737848438684456140e-02	8.105689682572725374e-02
1.219118093841131440e+03	2.447142861620915932e-01	1.596840808482945240e-01	2.591946364811090198e-01	1.527636332440422406e-01	7.514577854548581959e-02	2.737848438684456140e-02	8.111910033174714318e-02
1.220569424905228061e+03	2.445188290943874077e-01	1.595553504495799135e-01	2.593351457194808529e-01	1.528407347955602347e-01	7.519028352240891833e-02	2.737848438684456140e-02	8.118117203135304105e-02
1.222020755969324682e+03	2.443237187046906345e-01	1.594268342866103638e-01	2.594753914507998971e-01	1.529177558108854584e-01	7.523470303463629383e-02	2.737848438684456140e-02	8.124311232514767889e-02
1.223472087033421303e+03	2.441289543870057699e-01	1.592985319934635269e-01	2.596153740693316059e-01	1.529946963157733097e-01	7.527903723613213471e-02	2.737848438684456140e-02	8.130492161106393778e-02
1.224923418097517697e+03	2.439345355363404799e-01	1.591704432048246798e-01	2.597550939703480721e-01	1.530715563360794951e-01	7.532328628078194255e-02	2.737848438684456140e-02	8.136660028439557379e-02
1.226374749161614318e+03	2.437404615487047121e-01	1.590425675559863083e-01	2.598945515501008829e-01	1.531483358977612230e-01	7.536745032238938158e-02	2.737848438684456140e-02	8.142814873782767970e-02
1.227826080225710712e+03	2.435467318211095855e-01	1.589149046828474687e-01	2.600337472057947519e-01	1.532250350268784811e-01	7.541152951467321175e-02	2.737848438684456140e-02	8.148956736146666102e-02
1.229277411289807560e+03	2.433533457515665854e-01	1.587874542219133434e-01	2.601726813355610957e-01	1.533016537495950626e-01	7.545552401126429110e-02	2.737848438684456140e-02	8.155085654286979568e-02
1.230728742353903954e+03	2.431603027390865090e-01	1.586602158102947968e-01	2.603113543384320550e-01	1.533781920921797604e-01	7.549943396570263365e-02	2.737848438684456140e-02	8.161201666707441904e-02
1.232180073418000802e+03	2.429676021836783828e-01	1.585331890857077652e-01	2.604497666143154033e-01	1.534546500810074210e-01	7.554325953143446737e-02	2.737848438684456140e-02	8.167304811662676189e-02
1.233631404482097196e+03	2.427752434863484909e-01	1.584063736864728400e-01	2.605879185639690676e-01	1.535310277425600278e-01	7.558700086180933364e-02	2.737848438684456140e-02	8.173395127161035834e-02
1.235082735546193817e+03	2.425832260490994874e-01	1.582797692515146293e-01	2.607258105889767030e-01	1.536073251034278386e-01	7.563065811007736727e-02	2.737848438684456140e-02	8.179472650967407887e-02
1.236534066610290438e+03	2.423915492749291745e-01	1.581533754203612308e-01	2.608634430917232128e-01	1.536835421903102461e-01	7.567423142938643765e-02	2.737848438684456140e-02	8.185537420605983050e-02
1.237985397674387059e+03	2.422002125678295592e-01	1.580271918331437320e-01	2.610008164753708226e-01	1.537596790300167771e-01	7.571772097277948421e-02	2.737848438684456140e-02	8.191589473362978491e-02
1.239436728738483680e+03	2.420092153327858542e-01	1.579012181305956553e-01	2.611379311438352668e-01	1.538357356494681749e-01	7.576112689319183802e-02	2.737848438684456140e-02	8.197628846289338467e-02
1.240888059802580301e+03	2.418185569757753672e-01	1.577754539540523193e-01	2.612747875017628063e-01	1.539117120756972323e-01	7.580444934344855723e-02	2.737848438684456140e-02	8.203655576203393307e-02
1.242339390866676695e+03	2.416282369037664191e-01	1.576498989454503397e-01	2.614113859545070806e-01	1.539876083358497350e-01	7.584768847626183197e-02	2.737848438684456140e-02	8.209669699693476763e-02
1.243790721930773088e+03	2.414382545247173995e-01	1.575245527473271290e-01	2.615477269081065148e-01	1.540634244571854050e-01	7.589084444422852793e-02	2.737848438684456140e-02	8.215671253120516992e-02
1.245242052994869937e+03	2.412486092475755184e-01	1.573994150028201755e-01	2.616838107692622817e-01	1.541391604670785953e-01	7.593391739982761901e-02	2.737848438684456140e-02	8.221660272620590071e-02
1.246693384058966330e+03	2.410593004822758900e-01	1.572744853556664879e-01	2.618196379453162637e-01	1.542148163930193439e-01	7.597690749541771704e-02	2.737848438684456140e-02	8.227636794107441587e-02
1.248144715123063179e+03	2.408703276397403947e-01	1.571497634502020402e-01	2.619552088442292370e-01	1.542903922626139568e-01	7.601981488323474034e-02	2.737848438684456140e-02	8.233600853274966602e-02
1.249596046187159800e+03	2.406816901318765134e-01	1.570252489313612720e-01	2.620905238745600552e-01	1.543658881035860353e-01	7.606263971538945734e-02	2.737848438684456140e-02	8.239552485599671572e-02
1.251047377251256421e+03	2.404933873715763559e-01	1.569009414446762285e-01	2.622255834454442214e-01	1.544413039437770585e-01	7.610538214386525224e-02	2.737848438684456140e-02	8.245491726343091854e-02
1.252498708315352815e+03	2.403054187727154123e-01	1.567768406362761713e-01	2.623603879665736827e-01	1.545166398111472161e-01	7.614804232051571031e-02	2.737848438684456140e-02	8.251418610554175914e-02
1.253950039379449436e+03	2.401177837501516088e-01	1.566529461528868850e-01	2.624949378481762907e-01	1.545918957337761579e-01	7.619062039706248068e-02	2.737848438684456140e-02	8.257333173071651489e-02
1.255401370443546057e+03	2.399304817197240314e-01	1.565292576418300663e-01	2.626292335009958179e-01	1.546670717398635764e-01	7.623311652509301428e-02	2.737848438684456140e-02	8.263235448526343174e-02
1.256852701507642678e+03	2.397435120982518708e-01	1.564057747510227137e-01	2.627632753362721396e-01	1.547421678577300119e-01	7.627553085605845440e-02	2.737848438684456140e-02	8.269125471343474754e-02
1.258304032571739299e+03	2.395568743035332571e-01	1.562824971289764053e-01	2.628970637657221388e-01	1.548171841158174356e-01	7.631786354127138849e-02	2.737848438684456140e-02	8.275003275744932663e-02
1.259755363635835920e+03	2.393705677543442045e-01	1.561594244247968277e-01	2.630305992015201655e-01	1.548921205426899150e-01	7.636011473190386367e-02	2.737848438684456140e-02	8.280868895751493375e-02
1.261206694699932314e+03	2.391845918704374463e-01	1.560365562881829982e-01	2.631638820562795522e-01	1.549669771670342533e-01	7.640228457898531889e-02	2.737848438684456140e-02	8.286722365185038297e-02
1.262658025764028707e+03	2.389989460725411297e-01	1.559138923694265988e-01	2.632969127430337952e-01	1.550417540176605158e-01	7.644437323340051715e-02	2.737848438684456140e-02	8.292563717670731194e-02
1.264109356828125556e+03	2.388136297823579557e-01	1.557914323194114770e-01	2.634296916752185691e-01	1.551164511235026966e-01	7.648638084588756103e-02	2.737848438684456140e-02	8.298392986639158142e-02
1.265560687892221949e+03	2.386286424225637359e-01	1.556691757896128681e-01	2.635622192666535191e-01	1.551910685136192458e-01	7.652830756703599135e-02	2.737848438684456140e-02	8.304210205328449446e-02
1.267012018956318798e+03	2.384439834168063654e-01	1.555471224320967571e-01	2.636944959315246084e-01	1.552656062171935414e-01	7.657015354728484435e-02	2.737848438684456140e-02	8.310015406786377956e-02
1.268463350020415419e+03	2.382596521897046293e-01	1.554252718995192128e-01	2.638265220843666325e-01	1.553400642635344719e-01	7.661191893692081978e-02	2.737848438684456140e-02	8.315808623872411598e-02
1.269914681084511813e+03	2.380756481668470370e-01	1.553036238451256934e-01	2.639582981400462325e-01	1.554144426820769642e-01	7.665360388607635189e-02	2.737848438684456140e-02	8.321589889259758954e-02
1.271366012148608434e+03	2.378919707747906565e-01	1.551821779227504361e-01	2.640898245137446865e-01	1.554887415023823993e-01	7.669520854472787474e-02	2.737848438684456140e-02	8.327359235437380158e-02
1.272817343212705055e+03	2.377086194410598652e-01	1.550609337868157356e-01	2.642211016209414787e-01	1.555629607541391124e-01	7.673673306269400418e-02	2.737848438684456140e-02	8.333116694711958927e-02
1.274268674276801676e+03	2.375255935941452956e-01	1.549398910923312778e-01	2.643521298773978678e-01	1.556371004671628366e-01	7.677817758963380312e-02	2.737848438684456140e-02	8.338862299209871820e-02
1.275720005340898297e+03	2.373428926635023639e-01	1.548190494948933627e-01	2.644829096991405670e-01	1.557111606713971752e-01	7.681954227504510235e-02	2.737848438684456140e-02	8.344596080879118638e-02
1.277171336404994690e+03	2.371605160795504097e-01	1.546984086506843770e-01	2.646134415024460895e-01	1.557851413969138787e-01	7.686082726826277967e-02	2.737848438684456140e-02	8.350318071491222294e-02
1.278622667469091539e+03	2.369784632736712804e-01	1.545779682164719893e-01	2.647437257038248171e-01	1.558590426739134283e-01	7.690203271845712230e-02	2.737848438684456140e-02	8.356028302643114802e-02
1.280073998533187932e+03	2.367967336782081655e-01	1.544577278496084283e-01	2.648737627200057898e-01	1.559328645327252294e-01	7.694315877463221709e-02	2.737848438684456140e-02	8.361726805758995518e-02
1.281525329597284326e+03	2.366153267264643756e-01	1.543376872080298168e-01	2.650035529679214963e-01	1.560066070038081398e-01	7.698420558562435456e-02	2.737848438684456140e-02	8.367413612092157449e-02
1.282976660661381175e+03	2.364342418527022316e-01	1.542178459502555055e-01	2.651330968646928299e-01	1.560802701177506635e-01	7.702517330010047458e-02	2.737848438684456140e-02	8.373088752726803863e-02
1.284427991725477568e+03	2.362534784921416775e-01	1.540982037353872680e-01	2.652623948276144339e-01	1.561538539052713948e-01	7.706606206655665370e-02	2.737848438684456140e-02	8.378752258579823253e-02
1.285879322789574417e+03	2.360730360809591977e-01	1.539787602231086627e-01	2.653914472741403241e-01	1.562273583972193236e-01	7.710687203331659245e-02	2.737848438684456140e-02	8.384404160402558759e-02
1.287330653853671038e+03	2.358929140562864013e-01	1.538595150736843109e-01	2.655202546218694004e-01	1.563007836245740301e-01	7.714760334853011658e-02	2.737848438684456140e-02	8.390044488782541499e-02
1.288781984917767431e+03	2.357131118562090788e-01	1.537404679479590919e-01	2.656488172885315691e-01	1.563741296184460727e-01	7.718825616017181701e-02	2.737848438684456140e-02	8.395673274145208642e-02
1.290233315981864052e+03	2.355336289197656197e-01	1.536216185073575324e-01	2.657771356919737538e-01	1.564473964100772940e-01	7.722883061603953714e-02	2.737848438684456140e-02	8.401290546755593724e-02
