1.001418434226643626e+03	2.783446908376529527e-01	1.816214360241525383e-01	2.349543471856143095e-01	1.402617667048373096e-01	6.741024368101646014e-02	2.740765187291906158e-02	6.999986369342572901e-02
1.003837319333471214e+03	2.779210371513390343e-01	1.813455910614066580e-01	2.352584479414401575e-01	1.404108536902129445e-01	6.750839735637949313e-02	2.740765187291906158e-02	7.014802092592101190e-02
1.006256204440298802e+03	2.774986253822637750e-01	1.810705136298338402e-01	2.355617344590316964e-01	1.405597465408957580e-01	6.760625633548128510e-02	2.740765187291906158e-02	7.029547177919298617e-02
1.008675089547126618e+03	2.770774520415297815e-01	1.807962016098242919e-01	2.358642059211706055e-01	1.407084450922325980e-01	6.770381991807278288e-02	2.740765187291906158e-02	7.044222354386933671e-02
1.011093974653954206e+03	2.766575136476300822e-01	1.805226528859893986e-01	2.361658614602118178e-01	1.408569491761905434e-01	6.780108760431816095e-02	2.740765187291906158e-02	7.058828335235933782e-02
1.013512859760782021e+03	2.762388067264044400e-01	1.802498653471322210e-01	2.364667001819715786e-01	1.410052586212957593e-01	6.789805906370331712e-02	2.740765187291906158e-02	7.073365818619203882e-02
1.015931744867609382e+03	2.758213278110093758e-01	1.799778368862297584e-01	2.367667211853071718e-01	1.411533732526169538e-01	6.799473410897631520e-02	2.740765187291906158e-02	7.087835488255975203e-02
1.018350629974437197e+03	2.754050734419011826e-01	1.797065654004243174e-01	2.370659235781021612e-01	1.413012928917855848e-01	6.809111267429823755e-02	2.740765187291906158e-02	7.102238014018781576e-02
1.020769515081264785e+03	2.749900401668280980e-01	1.794360487910227342e-01	2.373643064902544453e-01	1.414490173570454312e-01	6.818719479691713603e-02	2.740765187291906158e-02	7.116574052463146838e-02
1.023188400188092373e+03	2.745762245408308599e-01	1.791662849635015931e-01	2.376618690841657555e-01	1.415965464633261450e-01	6.828298060178999984e-02	2.740765187291906158e-02	7.130844247308497363e-02
1.025607285294920075e+03	2.741636231262492562e-01	1.788972718275176066e-01	2.379586105631504300e-01	1.417438800223358442e-01	6.837847028867205523e-02	2.740765187291906158e-02	7.145049229877409314e-02
1.028026170401747549e+03	2.737522324927341155e-01	1.786290072969217435e-01	2.382545301781120728e-01	1.418910178426689705e-01	6.847366412127087187e-02	2.740765187291906158e-02	7.159189619499152502e-02
1.030445055508575479e+03	2.733420492172631278e-01	1.783614892897765758e-01	2.385496272327793932e-01	1.420379597299256946e-01	6.856856241812886443e-02	2.740765187291906158e-02	7.173266023882557407e-02
1.032863940615402726e+03	2.729330698841599401e-01	1.780947157283759574e-01	2.388439010877458357e-01	1.421847054868407012e-01	6.866316554495248414e-02	2.740765187291906158e-02	7.187279039462431129e-02
1.035282825722230655e+03	2.725252910851153065e-01	1.778286845392666182e-01	2.391373511635156435e-01	1.423312549134184979e-01	6.875747390815280247e-02	2.740765187291906158e-02	7.201229251723036129e-02
1.037701710829058356e+03	2.721187094192105693e-01	1.775633936532709234e-01	2.394299769427273850e-01	1.424776078070736918e-01	6.885148794940022798e-02	2.740765187291906158e-02	7.215117235501640469e-02
1.040120595935886058e+03	2.717133214929419727e-01	1.772988410055107433e-01	2.397217779716966646e-01	1.426237639627748188e-01	6.894520814102864104e-02	2.740765187291906158e-02	7.228943555274637556e-02
1.042539481042713533e+03	2.713091239202459204e-01	1.770350245354318508e-01	2.400127538613967826e-01	1.427697231731899219e-01	6.903863498215108419e-02	2.740765187291906158e-02	7.242708765428361450e-02
1.044958366149541234e+03	2.709061133225248996e-01	1.767719421868287066e-01	2.403029042879769595e-01	1.429154852288334054e-01	6.913176899537146203e-02	2.740765187291906158e-02	7.256413410516381057e-02
1.047377251256368709e+03	2.705042863286732380e-01	1.765095919078691622e-01	2.405922289929002256e-01	1.430610499182128625e-01	6.922461072399582749e-02	2.740765187291906158e-02	7.270058025504785859e-02
1.049796136363196410e+03	2.701036395751035823e-01	1.762479716511194394e-01	2.408807277827706150e-01	1.432064170279754300e-01	6.931716072966259690e-02	2.740765187291906158e-02	7.283643136006748287e-02
1.052215021470024112e+03	2.697041697057721565e-01	1.759870793735686112e-01	2.411684005289070065e-01	1.433515863430530335e-01	6.940941959032387309e-02	2.740765187291906158e-02	7.297169258507446576e-02
1.054633906576851814e+03	2.693058733722045739e-01	1.757269130366529153e-01	2.414552471667117117e-01	1.434965576468057169e-01	6.950138789852144949e-02	2.740765187291906158e-02	7.310636900580276543e-02
1.057052791683679516e+03	2.689087472335207063e-01	1.754674706062794021e-01	2.417412676948738626e-01	1.436413307211635293e-01	6.959306625991028283e-02	2.740765187291906158e-02	7.324046561095134966e-02
1.059471676790506763e+03	2.685127879564588871e-01	1.752087500528494157e-01	2.420264621744411260e-01	1.437859053467656356e-01	6.968445529198956379e-02	2.740765187291906158e-02	7.337398730419449067e-02
1.061890561897334692e+03	2.681179922154000028e-01	1.749507493512812983e-01	2.423108307277867524e-01	1.439302813030970685e-01	6.977555562300852277e-02	2.740765187291906158e-02	7.350693890612544634e-02
1.064309447004162394e+03	2.677243566923900864e-01	1.746934664810323723e-01	2.425943735374963273e-01	1.440744583686229818e-01	6.986636789101903500e-02	2.740765187291906158e-02	7.363932515613826058e-02
1.066728332110990095e+03	2.673318780771627989e-01	1.744368994261205896e-01	2.428770908451919619e-01	1.442184363209198239e-01	6.995689274305179339e-02	2.740765187291906158e-02	7.377115071425215109e-02
1.069147217217817570e+03	2.669405530671605797e-01	1.741810461751451822e-01	2.431589829503106870e-01	1.443622149368036234e-01	7.004713083439678689e-02	2.740765187291906158e-02	7.390242016288220417e-02
1.071566102324645271e+03	2.665503783675555738e-01	1.739259047213068121e-01	2.434400502088501506e-01	1.445057939924554169e-01	7.013708282797158355e-02	2.740765187291906158e-02	7.403313800855952642e-02
1.073984987431472746e+03	2.661613506912690608e-01	1.736714730624268344e-01	2.437202930320919447e-01	1.446491732635434013e-01	7.022674939376391534e-02	2.740765187291906158e-02	7.416330868360379580e-02
1.076403872538300675e+03	2.657734667589904953e-01	1.734177492009661703e-01	2.439997118853122759e-01	1.447923525253422827e-01	7.031613120833708763e-02	2.740765187291906158e-02	7.429293654775066813e-02
1.078822757645127922e+03	2.653867232991953817e-01	1.731647311440429882e-01	2.442783072864865845e-01	1.449353315528492392e-01	7.040522895438859619e-02	2.740765187291906158e-02	7.442202588973621802e-02
1.081241642751955851e+03	2.650011170481624823e-01	1.729124169034499947e-01	2.445560798049949691e-01	1.450781101208970525e-01	7.049404332035401344e-02	2.740765187291906158e-02	7.455058092884048193e-02
1.083660527858783553e+03	2.646166447499900820e-01	1.726608044956710053e-01	2.448330300603325793e-01	1.452206880042640480e-01	7.058257500004944118e-02	2.740765187291906158e-02	7.467860581639182427e-02
1.086079412965611255e+03	2.642333031566112544e-01	1.724098919418966813e-01	2.451091587208296119e-01	1.453630649777811201e-01	7.067082469234667319e-02	2.740765187291906158e-02	7.480610463723363912e-02
1.088498298072438729e+03	2.638510890278086829e-01	1.721596772680394627e-01	2.453844665023837412e-01	1.455052408164355660e-01	7.075879310087665464e-02	2.740765187291906158e-02	7.493308141115487264e-02
1.090917183179266431e+03	2.634699991312280942e-01	1.719101585047481395e-01	2.456589541672078714e-01	1.456472152954721433e-01	7.084648093375690847e-02	2.740765187291906158e-02	7.505954009428583706e-02
1.093336068286093905e+03	2.630900302423913040e-01	1.716613336874213414e-01	2.459326225225950679e-01	1.457889881904911589e-01	7.093388890333995889e-02	2.740765187291906158e-02	7.518548458046020455e-02
1.095754953392921607e+03	2.627111791447082068e-01	1.714132008562206655e-01	2.462054724197025035e-01	1.459305592775435312e-01	7.102101772597955998e-02	2.740765187291906158e-02	7.531091870254452703e-02
1.098173838499749309e+03	2.623334426294881006e-01	1.711657580560829450e-01	2.464775047523554974e-01	1.460719283332233276e-01	7.110786812181271732e-02	2.740765187291906158e-02	7.543584623373630893e-02
1.100592723606577010e+03	2.619568174959501783e-01	1.709190033367320172e-01	2.467487204558727332e-01	1.462130951347573316e-01	7.119444081455526818e-02	2.740765187291906158e-02	7.556027088883139620e-02
1.103011608713404712e+03	2.615813005512329648e-01	1.706729347526896312e-01	2.470191205059131534e-01	1.463540594600918343e-01	7.128073653130943821e-02	2.740765187291906158e-02	7.568419632546183329e-02
1.105430493820231959e+03	2.612068886104036980e-01	1.704275503632859956e-01	2.472887059173453916e-01	1.464948210879770119e-01	7.136675600238201467e-02	2.740765187291906158e-02	7.580762614530475729e-02
1.107849378927059888e+03	2.608335784964660453e-01	1.701828482326695480e-01	2.475574777431396312e-01	1.466353797980484153e-01	7.145249996111174839e-02	2.740765187291906158e-02	7.593056389526348093e-02
1.110268264033887590e+03	2.604613670403679859e-01	1.699388264298160867e-01	2.478254370732822787e-01	1.467757353709061574e-01	7.153796914370519344e-02	2.740765187291906158e-02	7.605301306862109756e-02
1.112687149140715292e+03	2.600902510810084167e-01	1.696954830285375138e-01	2.480925850337136751e-01	1.469158875881914905e-01	7.162316428908002686e-02	2.740765187291906158e-02	7.617497710616770445e-02
1.115106034247542766e+03	2.597202274652430365e-01	1.694528161074897454e-01	2.483589227852883441e-01	1.470558362326608859e-01	7.170808613871505754e-02	2.740765187291906158e-02	7.629645939730168858e-02
1.117524919354370468e+03	2.593512930478901191e-01	1.692108237501803447e-01	2.486244515227581664e-01	1.471955810882578930e-01	7.179273543650636913e-02	2.740765187291906158e-02	7.641746328110589348e-02
1.119943804461197942e+03	2.589834446917347877e-01	1.689695040449752661e-01	2.488891724737778421e-01	1.473351219401825285e-01	7.187711292862913881e-02	2.740765187291906158e-02	7.653799204739915318e-02
1.122362689568025871e+03	2.586166792675336223e-01	1.687288550851054891e-01	2.491530868979328073e-01	1.474744585749584447e-01	7.196121936340443836e-02	2.740765187291906158e-02	7.665804893776390072e-02
1.124781574674853118e+03	2.582509936540176576e-01	1.684888749686726805e-01	2.494161960857890215e-01	1.476135907804979330e-01	7.204505549117096175e-02	2.740765187291906158e-02	7.677763714655046201e-02
1.127200459781681047e+03	2.578863847378954355e-01	1.682495617986547176e-01	2.496785013579644330e-01	1.477525183461646519e-01	7.212862206416101318e-02	2.740765187291906158e-02	7.689675982185850689e-02
1.129619344888508749e+03	2.575228494138551150e-01	1.680109136829105176e-01	2.499400040642219267e-01	1.478912410628342999e-01	7.221191983638063083e-02	2.740765187291906158e-02	7.701542006649621241e-02
1.132038229995336451e+03	2.571603845845663594e-01	1.677729287341844233e-01	2.502007055825831161e-01	1.480297587229532918e-01	7.229494956349367951e-02	2.740765187291906158e-02	7.713362093891784621e-02
1.134457115102163925e+03	2.567989871606810581e-01	1.675356050701100608e-01	2.504606073184628690e-01	1.481680711205952961e-01	7.237771200270937122e-02	2.740765187291906158e-02	7.725136545414003353e-02
1.136876000208991627e+03	2.564386540608342702e-01	1.672989408132140032e-01	2.507197107038237616e-01	1.483061780515158301e-01	7.246020791267344940e-02	2.740765187291906158e-02	7.736865658463734641e-02
1.139294885315819101e+03	2.560793822116438356e-01	1.670629340909185745e-01	2.509780171963510442e-01	1.484440793132050240e-01	7.254243805336242634e-02	2.740765187291906158e-02	7.748549726121775616e-02
1.141713770422646803e+03	2.557211685477100427e-01	1.668275830355444855e-01	2.512355282786463140e-01	1.485817747049384130e-01	7.262440318598112343e-02	2.740765187291906158e-02	7.760189037387824063e-02
1.144132655529474505e+03	2.553640100116144063e-01	1.665928857843130551e-01	2.514922454574408661e-01	1.487192640278260647e-01	7.270610407286300092e-02	2.740765187291906158e-02	7.771783877264122620e-02
1.146551540636302207e+03	2.550079035539182803e-01	1.663588404793478470e-01	2.517481702628271978e-01	1.488565470848597083e-01	7.278754147737342972e-02	2.740765187291906158e-02	7.783334526837211442e-02
1.148970425743129908e+03	2.546528461331606930e-01	1.661254452676760862e-01	2.520033042475094409e-01	1.489936236809582260e-01	7.286871616381571104e-02	2.740765187291906158e-02	7.794841263357843442e-02
1.151389310849957155e+03	2.542988347158556817e-01	1.658926983012295464e-01	2.522576489860710036e-01	1.491304936230115341e-01	7.294962889733967726e-02	2.740765187291906158e-02	7.806304360319110680e-02
1.153808195956785084e+03	2.539458662764896291e-01	1.656605977368451332e-01	2.525112060742601972e-01	1.492671567199226890e-01	7.303028044385283246e-02	2.740765187291906158e-02	7.817724087532804123e-02
1.156227081063612786e+03	2.535939377975174880e-01	1.654291417362650507e-01	2.527639771282927383e-01	1.494036127826485205e-01	7.311067156993397709e-02	2.740765187291906158e-02	7.829100711204067808e-02
1.158645966170440488e+03	2.532430462693591178e-01	1.651983284661366069e-01	2.530159637841711828e-01	1.495398616242385736e-01	7.319080304274919180e-02	2.740765187291906158e-02	7.840434494004380750e-02
1.161064851277267962e+03	2.528931886903947324e-01	1.649681560980116868e-01	2.532671676970206232e-01	1.496759030598724949e-01	7.327067562997009731e-02	2.740765187291906158e-02	7.851725695142884598e-02
1.163483736384095664e+03	2.525443620669604594e-01	1.647386228083458637e-01	2.535175905404402630e-01	1.498117369068961702e-01	7.335029009969436242e-02	2.740765187291906158e-02	7.862974570436136179e-02
1.165902621490923138e+03	2.521965634133427892e-01	1.645097267784972062e-01	2.537672340058712006e-01	1.499473629848560585e-01	7.342964722036837699e-02	2.740765187291906158e-02	7.874181372376282129e-02
1.168321506597751068e+03	2.518497897517735229e-01	1.642814661947247512e-01	2.540160998019786454e-01	1.500827811155324432e-01	7.350874776071197880e-02	2.740765187291906158e-02	7.885346350197712517e-02
1.170740391704578315e+03	2.515040381124233337e-01	1.640538392481865337e-01	2.542641896540499546e-01	1.502179911229711284e-01	7.358759248964531763e-02	2.740765187291906158e-02	7.896469749942219840e-02
1.173159276811406244e+03	2.511593055333959934e-01	1.638268441349375049e-01	2.545115053034066044e-01	1.503529928335137489e-01	7.366618217621756504e-02	2.740765187291906158e-02	7.907551814522709166e-02
1.175578161918233945e+03	2.508155890607211558e-01	1.636004790559270616e-01	2.547580485068308143e-01	1.504877860758269126e-01	7.374451758953773362e-02	2.740765187291906158e-02	7.918592783785480260e-02
1.177997047025061647e+03	2.504728857483478066e-01	1.633747422169962715e-01	2.550038210360061064e-01	1.506223706809299845e-01	7.382259949870723093e-02	2.740765187291906158e-02	7.929592894571106665e-02
1.180415932131889122e+03	2.501311926581366030e-01	1.631496318288747638e-01	2.552488246769714642e-01	1.507567464822216485e-01	7.390042867275423144e-02	2.740765187291906158e-02	7.940552380773978347e-02
1.182834817238716823e+03	2.497905068598522405e-01	1.629251461071774265e-01	2.554930612295885362e-01	1.508909133155052762e-01	7.397800588057004689e-02	2.740765187291906158e-02	7.951471473400499590e-02
1.185253702345544298e+03	2.494508254311554873e-01	1.627012832724008817e-01	2.557365325070222739e-01	1.510248710190130184e-01	7.405533189084692602e-02	2.740765187291906158e-02	7.962350400625992086e-02
1.187672587452371999e+03	2.491121454575947747e-01	1.624780415499194886e-01	2.559792403352341150e-01	1.511586194334288979e-01	7.413240747201785275e-02	2.740765187291906158e-02	7.973189387850335152e-02
1.190091472559199701e+03	2.487744640325975642e-01	1.622554191699813186e-01	2.562211865524875454e-01	1.512921584019107091e-01	7.420923339219780146e-02	2.740765187291906158e-02	7.983988657752361107e-02
1.192510357666027403e+03	2.484377782574613003e-01	1.620334143677037153e-01	2.564623730088657072e-01	1.514254877701107505e-01	7.428581041912665772e-02	2.740765187291906158e-02	7.994748430343039114e-02
1.194929242772855105e+03	2.481020852413443056e-01	1.618120253830688249e-01	2.567028015658011642e-01	1.515586073861956429e-01	7.436213932011370709e-02	2.740765187291906158e-02	8.005468923017484972e-02
1.197348127879682352e+03	2.477673821012561228e-01	1.615912504609185452e-01	2.569424740956169906e-01	1.516915171008650642e-01	7.443822086198374766e-02	2.740765187291906158e-02	8.016150350605801000e-02
1.199767012986510281e+03	2.474336659620477441e-01	1.613710878509496405e-01	2.571813924810791852e-01	1.518242167673693743e-01	7.451405581102454878e-02	2.740765187291906158e-02	8.026792925422800151e-02
1.202185898093337983e+03	2.471009339564015084e-01	1.611515358077083016e-01	2.574195586149601866e-01	1.519567062415264624e-01	7.458964493293589182e-02	2.740765187291906158e-02	8.037396857316611576e-02
1.204604783200165684e+03	2.467691832248207762e-01	1.609325925905847610e-01	2.576569743996132700e-01	1.520889853817374016e-01	7.466498899277998480e-02	2.740765187291906158e-02	8.047962353716221762e-02
1.207023668306993159e+03	2.464384109156194103e-01	1.607142564638074644e-01	2.578936417465574338e-01	1.522210540490013253e-01	7.474008875493327875e-02	2.740765187291906158e-02	8.058489619677951243e-02
1.209442553413820860e+03	2.461086141849107289e-01	1.604965256964372144e-01	2.581295625760723356e-01	1.523529121069294723e-01	7.481494498303963014e-02	2.740765187291906158e-02	8.068978857930901583e-02
1.211861438520648335e+03	2.457797901965965981e-01	1.602793985623610640e-01	2.583647388168037740e-01	1.524845594217581202e-01	7.488955843996485118e-02	2.740765187291906158e-02	8.079430268921404534e-02
1.214280323627476264e+03	2.454519361223560237e-01	1.600628733402858772e-01	2.585991724053784968e-01	1.526159958623608259e-01	7.496392988775245347e-02	2.740765187291906158e-02	8.089844050856477564e-02
1.216699208734303511e+03	2.451250491416336885e-01	1.598469483137319735e-01	2.588328652860289458e-01	1.527472213002598889e-01	7.503806008758071022e-02	2.740765187291906158e-02	8.100220399746323185e-02
1.219118093841131440e+03	2.447991264416281287e-01	1.596316217710263829e-01	2.590658194102273271e-01	1.528782356096367312e-01	7.511194979972096730e-02	2.740765187291906158e-02	8.110559509445885995e-02
1.221536978947959142e+03	2.444741652172798541e-01	1.594168920052959904e-01	2.592980367363285632e-01	1.530090386673418901e-01	7.518559978349714790e-02	2.740765187291906158e-02	8.120861571695495162e-02
1.223955864054786844e+03	2.441501626712589412e-01	1.592027573144605135e-01	2.595295192292226272e-01	1.531396303529038716e-01	7.525901079724640896e-02	2.740765187291906158e-02	8.131126776160604863e-02
1.226374749161614318e+03	2.438271160139529603e-01	1.589892160012252864e-01	2.597602688599952026e-01	1.532700105485373665e-01	7.533218359828092181e-02	2.740765187291906158e-02	8.141355310470665962e-02
1.228793634268442020e+03	2.435050224634541516e-01	1.587762663730739598e-01	2.599902876055971146e-01	1.534001791391509661e-01	7.540511894285083228e-02	2.740765187291906158e-02	8.151547360257131725e-02
1.231212519375269494e+03	2.431838792455467690e-01	1.585639067422608961e-01	2.602195774485221436e-01	1.535301360123538517e-01	7.547781758610834502e-02	2.740765187291906158e-02	8.161703109190632244e-02
1.233631404482097196e+03	2.428636835936941463e-01	1.583521354258035918e-01	2.604481403764926095e-01	1.536598810584619557e-01	7.555028028207269597e-02	2.740765187291906158e-02	8.171822739017328696e-02
1.236050289588924898e+03	2.425444327490255958e-01	1.581409507454748509e-01	2.606759783821533394e-01	1.537894141705034301e-01	7.562250778359640158e-02	2.740765187291906158e-02	8.181906429594472396e-02
1.238469174695752372e+03	2.422261239603229477e-01	1.579303510277947631e-01	2.609030934627730725e-01	1.539187352442234757e-01	7.569450084233231291e-02	2.740765187291906158e-02	8.191954358925170043e-02
1.240888059802580301e+03	2.419087544840073378e-01	1.577203346040227661e-01	2.611294876199538040e-01	1.540478441780885333e-01	7.576626020870180778e-02	2.740765187291906158e-02	8.201966703192405117e-02
1.243306944909407548e+03	2.415923215841253580e-01	1.575108998101492352e-01	2.613551628593471232e-01	1.541767408732898359e-01	7.583778663186384328e-02	2.740765187291906158e-02	8.211943636792295997e-02
1.245725830016235477e+03	2.412768225323353999e-01	1.573020449868872683e-01	2.615801211903778789e-01	1.543054252337464072e-01	7.590908085968507690e-02	2.740765187291906158e-02	8.221885332366629662e-02
1.248144715123063179e+03	2.409622546078937777e-01	1.570937684796641365e-01	2.618043646259753943e-01	1.544338971661074200e-01	7.598014363871076482e-02	2.740765187291906158e-02	8.231791960834687616e-02
1.250563600229890881e+03	2.406486150976404892e-01	1.568860686386127079e-01	2.620278951823106772e-01	1.545621565797540564e-01	7.605097571413668711e-02	2.740765187291906158e-02	8.241663691424373772e-02
1.252982485336718355e+03	2.403359012959850882e-01	1.566789438185627603e-01	2.622507148785412912e-01	1.546902033868007842e-01	7.612157782978186404e-02	2.740765187291906158e-02	8.251500691702658152e-02
1.255401370443546057e+03	2.400241105048923629e-01	1.564723923790320714e-01	2.624728257365621653e-01	1.548180375020961064e-01	7.619195072806213276e-02	2.740765187291906158e-02	8.261303127605354457e-02
1.257820255550373531e+03	2.397132400338678193e-01	1.562664126842175927e-01	2.626942297807630666e-01	1.549456588432227555e-01	7.626209514996462602e-02	2.740765187291906158e-02	8.271071163466256482e-02
1.260239140657201460e+03	2.394032871999430268e-01	1.560610031029862621e-01	2.629149290377922887e-01	1.550730673304975271e-01	7.633201183502301423e-02	2.740765187291906158e-02	8.280804962045634765e-02
1.262658025764028707e+03	2.390942493276608238e-01	1.558561620088660116e-01	2.631349255363266137e-01	1.552002628869704193e-01	7.640170152129355241e-02	2.740765187291906158e-02	8.290504684558100412e-02
1.265076910870856636e+03	2.387861237490607469e-01	1.556518877800363021e-01	2.633542213068471582e-01	1.553272454384234391e-01	7.647116494533190423e-02	2.740765187291906158e-02	8.300170490699887438e-02
1.267495795977684338e+03	2.384789078036636534e-01	1.554481787993189645e-01	2.635728183814209924e-01	1.554540149133688820e-01	7.654040284217071555e-02	2.740765187291906158e-02	8.309802538675517547e-02
1.269914681084511813e+03	2.381725988384569281e-01	1.552450334541687349e-01	2.637907187934884212e-01	1.555805712430472498e-01	7.660941594529793730e-02	2.740765187291906158e-02	8.319400985223905642e-02
1.272333566191339514e+03	2.378671942078791623e-01	1.550424501366636787e-01	2.640079245776561501e-01	1.557069143614246975e-01	7.667820498663591167e-02	2.740765187291906158e-02	8.328965985643879688e-02
1.274752451298167216e+03	2.375626912738048602e-01	1.548404272434954765e-01	2.642244377694954460e-01	1.558330442051898967e-01	7.674677069652104111e-02	2.740765187291906158e-02	8.338497693819166279e-02
1.277171336404994690e+03	2.372590874055291177e-01	1.546389631759599870e-01	2.644402604053459616e-01	1.559589607137507883e-01	7.681511380368429009e-02	2.740765187291906158e-02	8.347996262242823873e-02
1.279590221511822392e+03	2.369563799797519965e-01	1.544380563399471717e-01	2.646553945221247761e-01	1.560846638292307520e-01	7.688323503523222802e-02	2.740765187291906158e-02	8.357461842041144506e-02
1.282009106618650094e+03	2.366545663805630639e-01	1.542377051459314363e-01	2.648698421571401007e-01	1.562101534964643601e-01	7.695113511662889094e-02	2.740765187291906158e-02	8.366894582997054519e-02
1.284427991725477568e+03	2.363536439994256000e-01	1.540379080089615826e-01	2.650836053479104226e-01	1.563354296629928808e-01	7.701881477167803192e-02	2.740765187291906158e-02	8.376294633572987924e-02
1.286846876832305497e+03	2.360536102351609433e-01	1.538386633486509003e-01	2.652966861319879799e-01	1.564604922790594488e-01	7.708627472250628720e-02	2.740765187291906158e-02	8.385662140933289321e-02
1.289265761939132744e+03	2.357544624939325040e-01	1.536399695891669803e-01	2.655090865467874539e-01	1.565853412976036252e-01	7.715351568954668948e-02	2.740765187291906158e-02	8.394997250966119984e-02
1.291684647045960673e+03	2.354561981892299705e-01	1.534418251592216953e-01	2.657208086294188809e-01	1.567099766742559297e-01	7.722053839152293042e-02	2.740765187291906158e-02	8.404300108304901817e-02
1.294103532152788375e+03	2.351588147418532393e-01	1.532442284920608189e-01	2.659318544165255038e-01	1.568343983673318731e-01	7.728734354543416452e-02	2.740765187291906158e-02	8.413570856349285310e-02
1.296522417259616077e+03	2.348623095798963445e-01	1.530471780254539782e-01	2.661422259441252880e-01	1.569586063378256569e-01	7.735393186654036801e-02	2.740765187291906158e-02	8.422809637285687268e-02
1.298941302366443551e+03	2.345666801387312483e-01	1.528506722016841068e-01	2.663519252474573773e-01	1.570826005494037336e-01	7.742030406834819745e-02	2.740765187291906158e-02	8.432016592107378916e-02
1.301360187473271253e+03	2.342719238609917431e-01	1.526547094675372029e-01	2.665609543608327137e-01	1.572063809683978963e-01	7.748646086259752819e-02	2.740765187291906158e-02	8.441191860634138233e-02
1.303779072580098727e+03	2.339780381965570477e-01	1.524592882742918376e-01	2.667693153174882648e-01	1.573299475637980893e-01	7.755240295924833993e-02	2.740765187291906158e-02	8.450335581531492890e-02
1.306197957686926657e+03	2.336850206025355425e-01	1.522644070777086633e-01	2.669770101494455261e-01	1.574533003072450532e-01	7.761813106646822669e-02	2.740765187291906158e-02	8.459447892329548246e-02
1.308616842793753904e+03	2.333928685432483108e-01	1.520700643380198114e-01	2.671840408873732975e-01	1.575764391730226366e-01	7.768364589062035086e-02	2.740765187291906158e-02	8.468528929441411501e-02
1.311035727900581833e+03	2.331015794902126792e-01	1.518762585199184278e-01	2.673904095604534015e-01	1.576993641380497746e-01	7.774894813625196632e-02	2.740765187291906158e-02	8.477578828181223103e-02
1.313454613007409534e+03	2.328111509221257869e-01	1.516829880925479046e-01	2.675961181962510094e-01	1.578220751818723566e-01	7.781403850608324679e-02	2.740765187291906158e-02	8.486597722781814845e-02
1.315873498114237009e+03	2.325215803248478486e-01	1.514902515294912488e-01	2.678011688205880203e-01	1.579445722866547330e-01	7.787891770099683586e-02	2.740765187291906158e-02	8.495585746411976613e-02
1.318292383221064711e+03	2.322328651913856956e-01	1.512980473087603972e-01	2.680055634574199930e-01	1.580668554371710832e-01	7.794358642002752191e-02	2.740765187291906158e-02	8.504543031193373404e-02
1.320711268327892412e+03	2.319450030218760395e-01	1.511063739127853356e-01	2.682093041287171298e-01	1.581889246207964506e-01	7.800804536035262082e-02	2.740765187291906158e-02	8.513469708217087650e-02
1.323130153434719887e+03	2.316579913235687349e-01	1.509152298284034133e-01	2.684123928543477033e-01	1.583107798274976108e-01	7.807229521728270560e-02	2.740765187291906158e-02	8.522365907559825704e-02
1.325549038541547588e+03	2.313718276108100713e-01	1.507246135468484349e-01	2.686148316519656465e-01	1.584324210498237462e-01	7.813633668425266909e-02	2.740765187291906158e-02	8.531231758299778756e-02
1.327967923648375290e+03	2.310865094050260082e-01	1.505345235637398360e-01	2.688166225369009177e-01	1.585538482828968976e-01	7.820017045281327239e-02	2.740765187291906158e-02	8.540067388532146531e-02
1.330386808755202765e+03	2.308020342347051612e-01	1.503449583790716915e-01	2.690177675220529196e-01	1.586750615244021945e-01	7.826379721262315126e-02	2.740765187291906158e-02	8.548872925384330690e-02
1.332805693862030694e+03	2.305183996353821763e-01	1.501559164972018079e-01	2.692182686177872486e-01	1.587960607745779185e-01	7.832721765144104453e-02	2.740765187291906158e-02	8.557648495030818758e-02
1.335224578968857941e+03	2.302356031496206878e-01	1.499673964268408155e-01	2.694181278318354411e-01	1.589168460362054280e-01	7.839043245511852220e-02	2.740765187291906158e-02	8.566394222707746087e-02
1.337643464075685870e+03	2.299536423269964158e-01	1.497793966810410937e-01	2.696173471691973855e-01	1.590374173145988057e-01	7.845344230759311588e-02	2.740765187291906158e-02	8.575110232727160831e-02
1.340062349182513572e+03	2.296725147240801512e-01	1.495919157771857799e-01	2.698159286320466754e-01	1.591577746175943386e-01	7.851624789088160195e-02	2.740765187291906158e-02	8.583796648490986392e-02
1.342481234289341273e+03	2.293922179044208809e-01	1.494049522369776672e-01	2.700138742196390162e-01	1.592779179555399993e-01	7.857884988507390922e-02	2.740765187291906158e-02	8.592453592504691040e-02
1.344900119396168748e+03	2.291127494385286623e-01	1.492185045864282134e-01	2.702111859282230188e-01	1.593978473412846486e-01	7.864124896832713763e-02	2.740765187291906158e-02	8.601081186390675815e-02
1.347319004502996449e+03	2.288341069038575537e-01	1.490325713558463827e-01	2.704078657509536576e-01	1.595175627901669335e-01	7.870344581686004870e-02	2.740765187291906158e-02	8.609679550901380707e-02
1.349737889609823924e+03	2.285562878847887114e-01	1.488471510798275999e-01	2.706039156778086707e-01	1.596370643200043793e-01	7.876544110494784756e-02	2.740765187291906158e-02	8.618248805932120227e-02
1.352156774716651853e+03	2.282792899726130420e-01	1.486622422972425361e-01	2.707993376955070697e-01	1.597563519510820096e-01	7.882723550491720077e-02	2.740765187291906158e-02	8.626789070533655290e-02
1.354575659823479100e+03	2.280031107655143552e-01	1.484778435512259798e-01	2.709941337874302580e-01	1.598754257061411055e-01	7.888882968714167054e-02	2.740765187291906158e-02	8.635300462924502818e-02
1.356994544930307029e+03	2.277277478685521273e-01	1.482939533891656780e-01	2.711883059335457036e-01	1.599942856103676869e-01	7.895022432003741264e-02	2.740765187291906158e-02	8.643783100502983041e-02
1.359413430037134731e+03	2.274531988936442373e-01	1.481105703626911518e-01	2.713818561103328308e-01	1.601129316913807721e-01	7.901142007005912404e-02	2.740765187291906158e-02	8.652237099859035052e-02
1.361832315143962205e+03	2.271794614595500916e-01	1.479276930276625102e-01	2.715747862907110788e-01	1.602313639792207756e-01	7.907241760169633760e-02	2.740765187291906158e-02	8.660662576785772837e-02
1.364251200250789907e+03	2.269065331918531381e-01	1.477453199441592091e-01	2.717670984439703452e-01	1.603495825063376568e-01	7.913321757746989704e-02	2.740765187291906158e-02	8.669059646290819265e-02
1.366670085357617609e+03	2.266344117229439625e-01	1.475634496764688386e-01	2.719587945357040404e-01	1.604675873075788461e-01	7.919382065792884839e-02	2.740765187291906158e-02	8.677428422607387504e-02
1.369088970464445310e+03	2.263630946920029141e-01	1.473820807930759091e-01	2.721498765277431953e-01	1.605853784201773105e-01	7.925422750164742847e-02	2.740765187291906158e-02	8.685769019205158425e-02
1.371507855571272785e+03	2.260925797449829799e-01	1.472012118666506386e-01	2.723403463780937339e-01	1.607029558837392569e-01	7.931443876522249747e-02	2.740765187291906158e-02	8.694081548800922099e-02
1.373926740678100487e+03	2.258228645345924934e-01	1.470208414740375724e-01	2.725302060408751337e-01	1.608203197402320594e-01	7.937445510327102716e-02	2.740765187291906158e-02	8.702366123369000006e-02
1.376345625784927961e+03	2.255539467202780923e-01	1.468409681962445090e-01	2.727194574662613613e-01	1.609374700339717690e-01	7.943427716842794972e-02	2.740765187291906158e-02	8.710622854151464645e-02
1.378764510891755890e+03	2.252858239682073160e-01	1.466615906184310647e-01	2.729081026004235855e-01	1.610544068116106786e-01	7.949390561134420108e-02	2.740765187291906158e-02	8.718851851668149577e-02
1.381183395998583137e+03	2.250184939512515081e-01	1.464827073298975157e-01	2.730961433854748877e-01	1.611711301221249171e-01	7.955334108068501386e-02	2.740765187291906158e-02	8.727053225726448538e-02
1.383602281105411066e+03	2.247519543489684968e-01	1.463043169240735297e-01	2.732835817594168049e-01	1.612876400168017366e-01	7.961258422312841865e-02	2.740765187291906158e-02	8.735227085430931349e-02
1.386021166212238768e+03	2.244862028475854421e-01	1.461264179985068412e-01	2.734704196560875933e-01	1.614039365492269951e-01	7.967163568336398105e-02	2.740765187291906158e-02	8.743373539192746124e-02
1.388440051319066470e+03	2.242212371399815996e-01	1.459490091548519830e-01	2.736566590051121572e-01	1.615200197752722777e-01	7.973049610409174703e-02	2.740765187291906158e-02	8.751492694738854938e-02
1.390858936425893944e+03	2.239570549256710008e-01	1.457720889988589896e-01	2.738423017318541430e-01	1.616358897530821570e-01	7.978916612602136860e-02	2.740765187291906158e-02	8.759584659121065486e-02
1.393277821532721646e+03	2.236936539107854116e-01	1.455956561403622118e-01	2.740273497573688655e-01	1.617515465430614252e-01	7.984764638787145152e-02	2.740765187291906158e-02	8.767649538724892055e-02
1.395696706639549120e+03	2.234310318080569568e-01	1.454197091932689367e-01	2.742118049983590100e-01	1.618669902078619660e-01	7.990593752636909741e-02	2.740765187291906158e-02	8.775687439278231916e-02
1.398115591746377049e+03	2.231691863368009676e-01	1.452442467755481470e-01	2.743956693671307234e-01	1.619822208123700147e-01	7.996404017624969551e-02	2.740765187291906158e-02	8.783698465859879345e-02
1.400534476853204296e+03	2.229081152228987173e-01	1.450692675092192796e-01	2.745789447715519804e-01	1.620972384236929742e-01	8.002195497025671456e-02	2.740765187291906158e-02	8.791682722907863401e-02
1.402953361960032225e+03	2.226478161987803517e-01	1.448947700203409295e-01	2.747616331150125601e-01	1.622120431111463978e-01	8.007968253914191092e-02	2.740765187291906158e-02	8.799640314227613613e-02
1.405372247066859927e+03	2.223882870034075698e-01	1.447207529389995528e-01	2.749437362963847997e-01	1.623266349462408886e-01	8.013722351166556457e-02	2.740765187291906158e-02	8.807571342999984121e-02
1.407791132173687402e+03	2.221295253822564986e-01	1.445472148992982819e-01	2.751252562099866239e-01	1.624410140026689431e-01	8.019457851459692310e-02	2.740765187291906158e-02	8.815475911789094621e-02
1.410210017280515103e+03	2.218715290873004287e-01	1.443741545393456005e-01	2.753061947455452962e-01	1.625551803562917397e-01	8.025174817271481242e-02	2.740765187291906158e-02	8.823354122550039480e-02
1.412628902387342805e+03	2.216142958769927729e-01	1.442015705012441307e-01	2.754865537881627802e-01	1.626691340851259271e-01	8.030873310880839999e-02	2.740765187291906158e-02	8.831206076636428925e-02
1.415047787494170507e+03	2.213578235162497743e-01	1.440294614310793642e-01	2.756663352182827653e-01	1.627828752693302738e-01	8.036553394367813852e-02	2.740765187291906158e-02	8.839031874807792843e-02
1.417466672600997981e+03	2.211021097764335475e-01	1.438578259789084490e-01	2.758455409116584711e-01	1.628964039911925676e-01	8.042215129613683455e-02	2.740765187291906158e-02	8.846831617236834699e-02
1.419885557707825683e+03	2.208471524353347593e-01	1.436866627987489764e-01	2.760241727393220601e-01	1.630097203351160706e-01	8.047858578301091137e-02	2.740765187291906158e-02	8.854605403516543904e-02
1.422304442814653157e+03	2.205929492771555867e-01	1.435159705485677117e-01	2.762022325675550505e-01	1.631228243876063355e-01	8.053483801914172735e-02	2.740765187291906158e-02	8.862353332667174954e-02
1.424723327921481086e+03	2.203394980924926749e-01	1.433457478902694648e-01	2.763797222578602830e-01	1.632357162372577997e-01	8.059090861738713030e-02	2.740765187291906158e-02	8.870075503143089179e-02
1.427142213028308333e+03	2.200867966783199015e-01	1.431759934896857378e-01	2.765566436669345540e-01	1.633483959747403791e-01	8.064679818862312277e-02	2.740765187291906158e-02	8.877772012839459104e-02
1.429561098135136262e+03	2.198348428379714170e-01	1.430067060165637616e-01	2.767329986466429137e-01	1.634608636927861181e-01	8.070250734174558294e-02	2.740765187291906158e-02	8.885442959098852067e-02
1.431979983241963964e+03	2.195836343811246316e-01	1.428378841445551439e-01	2.769087890439937971e-01	1.635731194861756721e-01	8.075803668367224908e-02	2.740765187291906158e-02	8.893088438717683397e-02
1.434398868348791666e+03	2.193331691237830616e-01	1.426695265512047950e-01	2.770840167011153765e-01	1.636851634517249854e-01	8.081338681934470414e-02	2.740765187291906158e-02	8.900708547952543293e-02
1.436817753455619140e+03	2.190834448882593155e-01	1.425016319179396862e-01	2.772586834552329127e-01	1.637969956882718570e-01	8.086855835173055451e-02	2.740765187291906158e-02	8.908303382526408520e-02
1.439236638562446842e+03	2.188344595031581630e-01	1.423341989300578037e-01	2.774327911386468837e-01	1.639086162966623961e-01	8.092355188182574766e-02	2.740765187291906158e-02	8.915873037634733378e-02
1.441655523669274316e+03	2.185862108033595486e-01	1.421672262767169903e-01	2.776063415787128896e-01	1.640200253797377272e-01	8.097836800865687579e-02	2.740765187291906158e-02	8.923417607951424080e-02
1.444074408776102018e+03	2.183386966300015775e-01	1.420007126509237882e-01	2.777793365978216689e-01	1.641312230423203622e-01	8.103300732928377104e-02	2.740765187291906158e-02	8.930937187634703511e-02
1.446493293882929493e+03	2.180919148304635846e-01	1.418346567495224475e-01	2.779517780133805571e-01	1.642422093912009329e-01	8.108747043880204508e-02	2.740765187291906158e-02	8.938431870332858020e-02
1.448912178989757422e+03	2.178458632583492594e-01	1.416690572731837405e-01	2.781236676377958350e-01	1.643529845351245910e-01	8.114175793034583695e-02	2.740765187291906158e-02	8.945901749189889840e-02
1.451331064096585123e+03	2.176005397734697422e-01	1.415039129263939155e-01	2.782950072784558526e-01	1.644635485847775747e-01	8.119587039509065796e-02	2.740765187291906158e-02	8.953346916851047388e-02
1.453749949203412370e+03	2.173559422418266662e-01	1.413392224174437051e-01	2.784657987377150978e-01	1.645739016527739129e-01	8.124980842225625055e-02	2.740765187291906158e-02	8.960767465468263970e-02
1.456168834310240300e+03	2.171120685355953372e-01	1.411749844584171409e-01	2.786360438128794303e-01	1.646840438536417983e-01	8.130357259910962753e-02	2.740765187291906158e-02	8.968163486705492404e-02
1.458587719417068001e+03	2.168689165331080249e-01	1.410111977651807846e-01	2.788057442961915378e-01	1.647939753038103194e-01	8.135716351096823618e-02	2.740765187291906158e-02	8.975535071743939719e-02
1.461006604523895703e+03	2.166264841188369483e-01	1.408478610573724865e-01	2.789749019748178904e-01	1.649036961215959163e-01	8.141058174120302526e-02	2.740765187291906158e-02	8.982882311287201937e-02
1.463425489630723177e+03	2.163847691833776232e-01	1.406849730583905334e-01	2.791435186308360850e-01	1.650132064271890853e-01	8.146382787124185898e-02	2.740765187291906158e-02	8.990205295566314203e-02
1.465844374737550879e+03	2.161437696234321526e-01	1.405225324953826016e-01	2.793115960412229648e-01	1.651225063426408624e-01	8.151690248057280597e-02	2.740765187291906158e-02	8.997504114344698212e-02
1.468263259844378354e+03	2.159034833417922961e-01	1.403605380992348772e-01	2.794791359778437401e-01	1.652315959918495558e-01	8.156980614674762264e-02	2.740765187291906158e-02	9.004778856923024988e-02
1.470682144951206283e+03	2.156639082473230384e-01	1.401989886045611200e-01	2.796461402074417180e-01	1.653404755005473403e-01	8.162253944538529205e-02	2.740765187291906158e-02	9.012029612143983293e-02
1.473101030058033530e+03	2.154250422549456589e-01	1.400378827496917000e-01	2.798126104916286994e-01	1.654491449962869065e-01	8.167510295017559041e-02	2.740765187291906158e-02	9.019256468396977255e-02
1.475519915164861459e+03	2.151868832856212166e-01	1.398772192766627454e-01	2.799785485868763191e-01	1.655576046084281383e-01	8.172749723288280643e-02	2.740765187291906158e-02	9.026459513622710207e-02
1.477938800271689161e+03	2.149494292663338968e-01	1.397169969312052340e-01	2.801439562445077192e-01	1.656658544681247902e-01	8.177972286334946050e-02	2.740765187291906158e-02	9.033638835317718552e-02
1.480357685378516862e+03	2.147126781300743581e-01	1.395572144627342248e-01	2.803088352106902770e-01	1.657738947083112757e-01	8.183178040950019050e-02	2.740765187291906158e-02	9.040794520538800172e-02
1.482776570485344337e+03	2.144766278158232453e-01	1.393978706243379218e-01	2.804731872264284442e-01	1.658817254636893723e-01	8.188367043734559592e-02	2.740765187291906158e-02	9.047926655907376214e-02
