1.301360187473271253e+03	2.359430794382583740e-01	1.504299313698144458e-01	2.592427062550344830e-01	1.617465304993977171e-01	7.677856441881469873e-02	3.178433798052147929e-02	8.407485003777692700e-02
1.306197957686926657e+03	2.353684294396798937e-01	1.500201064821839458e-01	2.596104069012945548e-01	1.620051443612188780e-01	7.689189620617198351e-02	3.185292594387792442e-02	8.425109066519086143e-02
1.311035727900581833e+03	2.347970314347843646e-01	1.496126106910516673e-01	2.599762031271454221e-01	1.622621258335411598e-01	7.700451285215842434e-02	3.192148757432862471e-02	8.442602848660839265e-02
1.315873498114237009e+03	2.342288662011561551e-01	1.492074309197259085e-01	2.603401016904304810e-01	1.625174885914895950e-01	7.711642041706705253e-02	3.199001554117828633e-02	8.459967663857063946e-02
1.320711268327892412e+03	2.336639146490658570e-01	1.488045541592752652e-01	2.607021094116995785e-01	1.627712461280336198e-01	7.722762487646166185e-02	3.205850270874563424e-02	8.477204806633659162e-02
1.325549038541547588e+03	2.331021578201424305e-01	1.484039674683342025e-01	2.610622331713944866e-01	1.630234117572800789e-01	7.733813212300902351e-02	3.212694213208961563e-02	8.494315552736837749e-02
1.330386808755202765e+03	2.325435768860664998e-01	1.480056579729056299e-01	2.614204799071064289e-01	1.632739986177199620e-01	7.744794796824674976e-02	3.219532705282598939e-02	8.511301159474699007e-02
1.335224578968857941e+03	2.319881531472842151e-01	1.476096128661590623e-01	2.617768566109042738e-01	1.635230196754263177e-01	7.755707814429177449e-02	3.226365089503242106e-02	8.528162866052013680e-02
1.340062349182513572e+03	2.314358680317409878e-01	1.472158194082259508e-01	2.621313703267323936e-01	1.637704877272017356e-01	7.766552830549351694e-02	3.233190726124007125e-02	8.544901893898350365e-02
1.344900119396168748e+03	2.308867030936350428e-01	1.468242649259911548e-01	2.624840281478763027e-01	1.640164154036734268e-01	7.777330403003542003e-02	3.240008992850995639e-02	8.561519446989683535e-02
1.349737889609823924e+03	2.303406400121900399e-01	1.464349368128814721e-01	2.628348372144947986e-01	1.642608151723353171e-01	7.788041082148826344e-02	3.246819284459209753e-02	8.578016712163617774e-02
1.354575659823479100e+03	2.297976605904466507e-01	1.460478225286507281e-01	2.631838047112176060e-01	1.645036993405357695e-01	7.798685411031801296e-02	3.253621012416588187e-02	8.594394859428351741e-02
1.359413430037134731e+03	2.292577467540724556e-01	1.456629095991621714e-01	2.635309378648063028e-01	1.647450800584113195e-01	7.809263925535088469e-02	3.260413604515974284e-02	8.610655042265530357e-02
1.364251200250789907e+03	2.287208805501898534e-01	1.452801856161678729e-01	2.638762439418780303e-01	1.649849693217652069e-01	7.819777154519788609e-02	3.267196504514853495e-02	8.626798397927080975e-02
1.369088970464445310e+03	2.281870441462217070e-01	1.448996382370852654e-01	2.642197302466897102e-01	1.652233789748916715e-01	7.830225619964104045e-02	3.273969171782700055e-02	8.642826047726183403e-02
1.373926740678100487e+03	2.276562198287541139e-01	1.445212551847711024e-01	2.645614041189823240e-01	1.654603207133454323e-01	7.840609837098289070e-02	3.280731080955761464e-02	8.658739097322479261e-02
1.378764510891755890e+03	2.271283900024163860e-01	1.441450242472928911e-01	2.649012729318831472e-01	1.656958060866570437e-01	7.850930314536107291e-02	3.287481721599135737e-02	8.674538637001644181e-02
1.383602281105411066e+03	2.266035371887773209e-01	1.437709332776978544e-01	2.652393440898647703e-01	1.659298465009945156e-01	7.861187554402972177e-02	3.294220597875978374e-02	8.690225741949433869e-02
1.388440051319066470e+03	2.260816440252580439e-01	1.433989701937795624e-01	2.655756250267602980e-01	1.661624532217716166e-01	7.871382052460867973e-02	3.300947228223687774e-02	8.705801472520324769e-02
1.393277821532721646e+03	2.255626932640605598e-01	1.430291229778423712e-01	2.659101232038318940e-01	1.663936373762034959e-01	7.881514298230207771e-02	3.307661145036934480e-02	8.721266874500854804e-02
1.398115591746377049e+03	2.250466677711120966e-01	1.426613796764636122e-01	2.662428461078933384e-01	1.666234099558106529e-01	7.891584775108721750e-02	3.314361894357373967e-02	8.736622979367769659e-02
1.402953361960032225e+03	2.245335505250246610e-01	1.422957284002538125e-01	2.665738012494835996e-01	1.668517818188711421e-01	7.901593960487508783e-02	3.321049035569917374e-02	8.751870804541088400e-02
1.407791132173687402e+03	2.240233246160696357e-01	1.419321573236151102e-01	2.669029961610915325e-01	1.670787636928229014e-01	7.911542325864324987e-02	3.327722141105407538e-02	8.767011353632181425e-02
1.412628902387342805e+03	2.235159732451671433e-01	1.415706546844975044e-01	2.672304383954297036e-01	1.673043661766162038e-01	7.921430336954218832e-02	3.334380796149579579e-02	8.782045616686981471e-02
1.417466672600997981e+03	2.230114797228897883e-01	1.412112087841537189e-01	2.675561355237560113e-01	1.675285997430172313e-01	7.931258453797584984e-02	3.341024598358170034e-02	8.796974570424401230e-02
1.422304442814653157e+03	2.225098274684806365e-01	1.408538079868920379e-01	2.678800951342433789e-01	1.677514747408639095e-01	7.941027130865721539e-02	3.347653157578037164e-02	8.811799178470081095e-02
1.427142213028308333e+03	2.220110000088850732e-01	1.404984407198278384e-01	2.682023248303938567e-01	1.679730013972746405e-01	7.950736817163980841e-02	3.354266095574179318e-02	8.826520391585539194e-02
1.431979983241963964e+03	2.215149809777960943e-01	1.401450954726333742e-01	2.685228322294990200e-01	1.681931898198108510e-01	7.960387956332549975e-02	3.360863045762518819e-02	8.841139147892838890e-02
1.436817753455619140e+03	2.210217541147133091e-01	1.397937607972863649e-01	2.688416249611431108e-01	1.684120499985942154e-01	7.969980986744962248e-02	3.367443652948334809e-02	8.855656373094845935e-02
1.441655523669274316e+03	2.205313032640147108e-01	1.394444253078170881e-01	2.691587106657490902e-01	1.686295918083795531e-01	7.979516341604388219e-02	3.374007573070227084e-02	8.870072980691189046e-02
1.446493293882929493e+03	2.200436123740414363e-01	1.390970776800541653e-01	2.694740969931663788e-01	1.688458250105842606e-01	7.988994449037764567e-02	3.380554472949488798e-02	8.884389872189978055e-02
1.451331064096585123e+03	2.195586654961951545e-01	1.387517066513692110e-01	2.697877916012992872e-01	1.690607592552748339e-01	7.998415732187823257e-02	3.387084030044786725e-02	8.898607937315396177e-02
1.456168834310240300e+03	2.190764467840478347e-01	1.384083010204205377e-01	2.700998021547748040e-01	1.692744040831120345e-01	8.007780609303077890e-02	3.393595932212024185e-02	8.912728054211235817e-02
1.461006604523895703e+03	2.185969404924635318e-01	1.380668496468953621e-01	2.704101363236491307e-01	1.694867689272548661e-01	8.017089493825813040e-02	3.400089877469291560e-02	8.926751089640463932e-02
1.465844374737550879e+03	2.181201309767322183e-01	1.377273414512514838e-01	2.707188017821520742e-01	1.696978631152246120e-01	8.026342794478129317e-02	3.406565573766786453e-02	8.940677899180904387e-02
1.470682144951206283e+03	2.176460026917152457e-01	1.373897654144577984e-01	2.710258062074680230e-01	1.699076958707295970e-01	8.035540915346102431e-02	3.413022738761605640e-02	8.954509327417092823e-02
1.475519915164861459e+03	2.171745401910021300e-01	1.370541105777339508e-01	2.713311572785528369e-01	1.701162763154516477e-01	8.044684255962085417e-02	3.419461099597310982e-02	8.968246208128415053e-02
1.480357685378516862e+03	2.167057281260788837e-01	1.367203660422892375e-01	2.716348626749858219e-01	1.703236134707951377e-01	8.053773211385222008e-02	3.425880392688157583e-02	8.981889364473578941e-02
1.485195455592172038e+03	2.162395512455072555e-01	1.363885209690608447e-01	2.719369300758556207e-01	1.705297162595989791e-01	8.062808172280186425e-02	3.432280363507898141e-02	8.995439609171512751e-02
1.490033225805827215e+03	2.157759943941145730e-01	1.360585645784512798e-01	2.722373671586797994e-01	1.707345935078128651e-01	8.071789524994221754e-02	3.438660766383061507e-02	9.008897744678737163e-02
1.494870996019482618e+03	2.153150425121945211e-01	1.357304861500652771e-01	2.725361815983562419e-01	1.709382539461383466e-01	8.080717651632500498e-02	3.445021364290615229e-02	9.022264563363313616e-02
1.499708766233137567e+03	2.148566806347183555e-01	1.354042750224461467e-01	2.728333810661469072e-01	1.711407062116355182e-01	8.089592930131846160e-02	3.451361928659917033e-02	9.035540847675417597e-02
1.504546536446793198e+03	2.144008938905561656e-01	1.350799205928114588e-01	2.731289732286917848e-01	1.713419588492959000e-01	8.098415734332865823e-02	3.457682239178869882e-02	9.048727370314611773e-02
1.509384306660448374e+03	2.139476675017083218e-01	1.347574123167885884e-01	2.734229657470534924e-01	1.715420203135824828e-01	8.107186434050518697e-02	3.463982083604188328e-02	9.061824894393882834e-02
1.514222076874103550e+03	2.134969867825467493e-01	1.344367397081494830e-01	2.737153662757911277e-01	1.717408989699376332e-01	8.115905395143169221e-02	3.470261257575696368e-02	9.074834173600516973e-02
1.519059847087758726e+03	2.130488371390659164e-01	1.341178923385454302e-01	2.740061824620622088e-01	1.719386030962594958e-01	8.124572979580145515e-02	3.476519564434563808e-02	9.087755952353863964e-02
1.523897617301414357e+03	2.126032040681433699e-01	1.338008598372412705e-01	2.742954219447533704e-01	1.721351408843474484e-01	8.133189545507862883e-02	3.482756815045403437e-02	9.100590965960064782e-02
1.528735387515069533e+03	2.121600731568096532e-01	1.334856318908494155e-01	2.745830923536375368e-01	1.723305204413176084e-01	8.141755447314504013e-02	3.488972827622156131e-02	9.113339940763801050e-02
1.533573157728724709e+03	2.117194300815271324e-01	1.331721982430637830e-01	2.748692013085579089e-01	1.725247497909887795e-01	8.150271035693340549e-02	3.495167427557668155e-02	9.126003594297117660e-02
1.538410927942380113e+03	2.112812606074782884e-01	1.328605486943932878e-01	2.751537564186378182e-01	1.727178368752396720e-01	8.158736657704683537e-02	3.501340447256897498e-02	9.138582635425397671e-02
1.543248698156035516e+03	2.108455505878623348e-01	1.325506731018956108e-01	2.754367652815158940e-01	1.729097895553378672e-01	8.167152656836522417e-02	3.507491725973665292e-02	9.151077764490526956e-02
1.548086468369690692e+03	2.104122859632009956e-01	1.322425613789104393e-01	2.757182354826055448e-01	1.731006156132412488e-01	8.175519373063865058e-02	3.513621109650887087e-02	9.163489673451308271e-02
1.552924238583346096e+03	2.099814527606525538e-01	1.319362034947930973e-01	2.759981745943784204e-01	1.732903227528725942e-01	8.183837142906817685e-02	3.519728450764197242e-02	9.175819046021202463e-02
1.557762008797001272e+03	2.095530370933343378e-01	1.316315894746478421e-01	2.762765901756714104e-01	1.734789186013676598e-01	8.192106299487436627e-02	3.525813608168911623e-02	9.188066557803416246e-02
1.562599779010656675e+03	2.091270251596533680e-01	1.313287093990613275e-01	2.765534897710162920e-01	1.736664107102976196e-01	8.200327172585368529e-02	3.531876446950244636e-02	9.200232876423422579e-02
1.567437549224311852e+03	2.087034032426452468e-01	1.310275534038361500e-01	2.768288809099914149e-01	1.738528065568663017e-01	8.208500088692317898e-02	3.537916838276725096e-02	9.212318661658937258e-02
1.572275319437967255e+03	2.082821577093208476e-01	1.307281116797245624e-01	2.771027711065954802e-01	1.740381135450828343e-01	8.216625371065361394e-02	3.543934659256731817e-02	9.224324565567428025e-02
1.577113089651622431e+03	2.078632750100209703e-01	1.304303744721622138e-01	2.773751678586416358e-01	1.742223390069100319e-01	8.224703339779136646e-02	3.549929792798096895e-02	9.236251232611188133e-02
1.581950859865277607e+03	2.074467416777783790e-01	1.301343320810020576e-01	2.776460786471725561e-01	1.744054902033894128e-01	8.232734311776934710e-02	3.555902127470696866e-02	9.248099299780029869e-02
1.586788630078933011e+03	2.070325443276877786e-01	1.298399748602487302e-01	2.779155109358957265e-01	1.745875743257431778e-01	8.240718600920719783e-02	3.561851557371985277e-02	9.259869396711656320e-02
1.591626400292587959e+03	2.066206696562827572e-01	1.295472932177927639e-01	2.781834721706377134e-01	1.747685984964535699e-01	8.248656518040098362e-02	3.567777981995397252e-02	9.271562145809732203e-02
1.596464170506243590e+03	2.062111044409203620e-01	1.292562776151454651e-01	2.784499697788175854e-01	1.749485697703202225e-01	8.256548370980258678e-02	3.573681306101560845e-02	9.283178162359723151e-02
1.601301940719898766e+03	2.058038355391726137e-01	1.289669185671738216e-01	2.787150111689392085e-01	1.751274951354961362e-01	8.264394464648909533e-02	3.579561439592267996e-02	9.294718054642546468e-02
1.606139710933553943e+03	2.053988498882250435e-01	1.286792066418358804e-01	2.789786037301011379e-01	1.753053815145023953e-01	8.272195101062250477e-02	3.585418297387141934e-02	9.306182424046063884e-02
1.610977481147209119e+03	2.049961345042823069e-01	1.283931324599165702e-01	2.792407548315239962e-01	1.754822357652223719e-01	8.279950579389964982e-02	3.591251799302939279e-02	9.317571865174475998e-02
1.615815251360864750e+03	2.045956764819803209e-01	1.281086866947636627e-01	2.795014718220954486e-01	1.756580646818759472e-01	8.287661195999289354e-02	3.597061869935442441e-02	9.328886965955640598e-02
1.620653021574519926e+03	2.041974629938053398e-01	1.278258600720243165e-01	2.797607620299313869e-01	1.758328749959737203e-01	8.295327244498175434e-02	3.602848438543879844e-02	9.340128307746380087e-02
1.625490791788175102e+03	2.038014812895193872e-01	1.275446433693821768e-01	2.800186327619535454e-01	1.760066733772523428e-01	8.302949015777535968e-02	3.608611438937823351e-02	9.351296465435804395e-02
1.630328562001830505e+03	2.034077186955922378e-01	1.272650274162946682e-01	2.802750913034829927e-01	1.761794664345907591e-01	8.310526798052636499e-02	3.614350809366515677e-02	9.362392007546688211e-02
1.635166332215485909e+03	2.030161626146396447e-01	1.269870030937309824e-01	2.805301449178488338e-01	1.763512607169080981e-01	8.318060876903629608e-02	3.620066492410567438e-02	9.373415496334946972e-02
1.640004102429141085e+03	2.026268005248678949e-01	1.267105613339105374e-01	2.807838008460120660e-01	1.765220627140436926e-01	8.325551535315248164e-02	3.625758434875983593e-02	9.384367487887246284e-02
1.644841872642796488e+03	2.022396199795244154e-01	1.264356931200418810e-01	2.810360663062038689e-01	1.766918788576193888e-01	8.332999053715686721e-02	3.631426587690467223e-02	9.395248532216787796e-02
1.649679642856451665e+03	2.018546086063544576e-01	1.261623894860622874e-01	2.812869484935783260e-01	1.768607155218845373e-01	8.340403710014687721e-02	3.637070905801949999e-02	9.406059173357300685e-02
1.654517413070107068e+03	2.014717541070635554e-01	1.258906415163779657e-01	2.815364545798788587e-01	1.770285790245444413e-01	8.347765779640838046e-02	3.642691348079306335e-02	9.416799949455280372e-02
1.659355183283762244e+03	2.010910442567860890e-01	1.256204403456045171e-01	2.817845917131181488e-01	1.771954756275720411e-01	8.355085535578118949e-02	3.648287877215204700e-02	9.427471392860503618e-02
1.664192953497417420e+03	2.007124669035592335e-01	1.253517771583085583e-01	2.820313670172712728e-01	1.773614115380037770e-01	8.362363248401702420e-02	3.653860459631052410e-02	9.438074030214864407e-02
1.669030723711072824e+03	2.003360099678028194e-01	1.250846431887495669e-01	2.822767875919816594e-01	1.775263929087194104e-01	8.369599186313018968e-02	3.659409065383987386e-02	9.448608382539548656e-02
1.673868493924728000e+03	1.999616614418045779e-01	1.248190297206225180e-01	2.825208605122792038e-01	1.776904258392067726e-01	8.376793615174119023e-02	3.664933668075878032e-02	9.459074965320600492e-02
1.678706264138383403e+03	1.995894093892109089e-01	1.245549280868012282e-01	2.827635928283106503e-01	1.778535163763112215e-01	8.383946798541332124e-02	3.670434244764279874e-02	9.469474288592898137e-02
1.683544034352038352e+03	1.992192419445229512e-01	1.242923296690822826e-01	2.830049915650819647e-01	1.780156705149704144e-01	8.391058997698250255e-02	3.675910775875326081e-02	9.479806857022569921e-02
1.688381804565693983e+03	1.988511473125978979e-01	1.240312258979298365e-01	2.832450637222120315e-01	1.781768941989348987e-01	8.398130471688053378e-02	3.681363245118490779e-02	9.490073169987894852e-02
1.693219574779349159e+03	1.984851137681556410e-01	1.237716082522210131e-01	2.834838162736973421e-01	1.783371933214742133e-01	8.405161477345172993e-02	3.686791639403200899e-02	9.500273721658707149e-02
1.698057344993004335e+03	1.981211296552904122e-01	1.235134682589920513e-01	2.837212561676878964e-01	1.784965737260696961e-01	8.412152269326324261e-02	3.692195948757246576e-02	9.510409001074331126e-02
1.702895115206659511e+03	1.977591833869874194e-01	1.232567974931852300e-01	2.839573903262732069e-01	1.786550412070933846e-01	8.419103100140924723e-02	3.697576166246967222e-02	9.520479492220089435e-02
1.707732885420315142e+03	1.973992634446445626e-01	1.230015875773966122e-01	2.841922256452792395e-01	1.788126015104740674e-01	8.426014220180896852e-02	3.702932287899158431e-02	9.530485674102408267e-02
1.712570655633970318e+03	1.970413583775988409e-01	1.227478301816244816e-01	2.844257689940745126e-01	1.789692603343503163e-01	8.432885877749886350e-02	3.708264312624677539e-02	9.540428020822533384e-02
1.717408425847625494e+03	1.966854568026575878e-01	1.224955170230185852e-01	2.846580272153870772e-01	1.791250233297108641e-01	8.439718319091890630e-02	3.713572242143704100e-02	9.550307001648902783e-02
1.722246196061280898e+03	1.963315474036346486e-01	1.222446398656302363e-01	2.848890071251297673e-01	1.792798961010229064e-01	8.446511788419330813e-02	3.718856080912626844e-02	9.560123081088199581e-02
1.727083966274936301e+03	1.959796189308908032e-01	1.219951905201632353e-01	2.851187155122353878e-01	1.794338842068479434e-01	8.453266527940564434e-02	3.724115836052517559e-02	9.569876718955096229e-02
1.731921736488591478e+03	1.956296602008790742e-01	1.217471608437255270e-01	2.853471591385007278e-01	1.795869931604462399e-01	8.459982777886854155e-02	3.729351517279161365e-02	9.579568370440739999e-02
1.736759506702246881e+03	1.952816600956944204e-01	1.215005427395818155e-01	2.855743447384392897e-01	1.797392284303695742e-01	8.466660776538809108e-02	3.734563136834610775e-02	9.589198486179985326e-02
1.741597276915902057e+03	1.949356075626277329e-01	1.212553281569069691e-01	2.858002790191422893e-01	1.798905954410426056e-01	8.473300760252312769e-02	3.739750709420229524e-02	9.598767512317404882e-02
1.746435047129557461e+03	1.945914916137244932e-01	1.210115090905402868e-01	2.860249686601483710e-01	1.800410995733334740e-01	8.479902963483940126e-02	3.744914252131200522e-02	9.608275890572105793e-02
1.751272817343212637e+03	1.942493013253472900e-01	1.207690775807406386e-01	2.862484203133207061e-01	1.801907461651134357e-01	8.486467618815878022e-02	3.750053784392459039e-02	9.617724058301367618e-02
1.756110587556867813e+03	1.939090258377430542e-01	1.205280257129425492e-01	2.864706406027322516e-01	1.803395405118058681e-01	8.492994956980368104e-02	3.755169327896028253e-02	9.627112448563140967e-02
1.760948357770523216e+03	1.935706543546140135e-01	1.202883456175130317e-01	2.866916361245588352e-01	1.804874878669252003e-01	8.499485206883673760e-02	3.760260906539723141e-02	9.636441490177402591e-02
1.765786127984178393e+03	1.932341761426930316e-01	1.200500294695095033e-01	2.869114134469789579e-01	1.806345934426055733e-01	8.505938595629580767e-02	3.765328546367198437e-02	9.645711607786418285e-02
1.770623898197833569e+03	1.928995805313228895e-01	1.198130694884384506e-01	2.871299791100813126e-01	1.807808624101195916e-01	8.512355348542452460e-02	3.770372275509305954e-02	9.654923221913916387e-02
1.775461668411488745e+03	1.925668569120394524e-01	1.195774579380150665e-01	2.873473396257791301e-01	1.809262999003875272e-01	8.518735689189840810e-02	3.775392124126743937e-02	9.664076749023202406e-02
1.780299438625144376e+03	1.922359947381588885e-01	1.193431871259238719e-01	2.875635014777306875e-01	1.810709110044770864e-01	8.525079839404661741e-02	3.780388124353958879e-02	9.673172601574228646e-02
1.785137208838799552e+03	1.919069835243687461e-01	1.191102494035801707e-01	2.877784711212674762e-01	1.812147007740937676e-01	8.531388019306952730e-02	3.785360310244283849e-02	9.682211188079645203e-02
1.789974979052454728e+03	1.915798128463227501e-01	1.188786371658924479e-01	2.879922549833279777e-01	1.813576742220623095e-01	8.537660447325215451e-02	3.790308717716280723e-02	9.691192913159853151e-02
1.794812749266109904e+03	1.912544723402392899e-01	1.186483428510258370e-01	2.882048594623975446e-01	1.814998363227993683e-01	8.543897340217354586e-02	3.795233384501267571e-02	9.700118177597075175e-02
1.799650519479765535e+03	1.909309517025037650e-01	1.184193589401663221e-01	2.884162909284547771e-01	1.816411920127772861e-01	8.550098913091221109e-02	3.800134350091997903e-02	9.708987378388461709e-02
1.804488289693420711e+03	1.906092406892744839e-01	1.181916779572860926e-01	2.886265557229236722e-01	1.817817461909796151e-01	8.556265379424771167e-02	3.805011655692474432e-02	9.717800908798258919e-02
1.809326059907075887e+03	1.902893291160921707e-01	1.179652924689097021e-01	2.888356601586311578e-01	1.819215037193482598e-01	8.562396951085843311e-02	3.809865344168873735e-02	9.726559158409051054e-02
1.814163830120731291e+03	1.899712068574928303e-01	1.177401950838813660e-01	2.890436105197700667e-01	1.820604694232225151e-01	8.568493838351570746e-02	3.814695460001551325e-02	9.735262513172097953e-02
1.819001600334386467e+03	1.896548638466244718e-01	1.175163784531330358e-01	2.892504130618679392e-01	1.821986480917702766e-01	8.574556249927434148e-02	3.819502049238111818e-02	9.743911355456780221e-02
1.823839370548041643e+03	1.893402900748668571e-01	1.172938352694536113e-01	2.894560740117607112e-01	1.823360444784113132e-01	8.580584392965953655e-02	3.824285159447517179e-02	9.752506064099179806e-02
1.828677140761696819e+03	1.890274755914548577e-01	1.170725582672589860e-01	2.896605995675713974e-01	1.824726633012330734e-01	8.586578473085043628e-02	3.829044839675217055e-02	9.761047014449807102e-02
1.833514910975352450e+03	1.887164105031051420e-01	1.168525402223632020e-01	2.898639958986937715e-01	1.826085092433990531e-01	8.592538694386024634e-02	3.833781140399271370e-02	9.769534578420484283e-02
1.838352681189008081e+03	1.884070849736460829e-01	1.166337739517505218e-01	2.900662691457807085e-01	1.827435869535499469e-01	8.598465259471306521e-02	3.838494113487452009e-02	9.777969124530414002e-02
1.843190451402663257e+03	1.880994892236508564e-01	1.164162523133484700e-01	2.902674254207371907e-01	1.828779010461974719e-01	8.604358369461755085e-02	3.843183812155297197e-02	9.786351017951440412e-02
1.848028221616318433e+03	1.877936135300740383e-01	1.161999682058019734e-01	2.904674708067178646e-01	1.830114561021115027e-01	8.610218224013728439e-02	3.847850290925105415e-02	9.794680620552528860e-02
1.852865991829973609e+03	1.874894482258908091e-01	1.159849145682483457e-01	2.906664113581285402e-01	1.831442566687002116e-01	8.616045021335819176e-02	3.852493605585836228e-02	9.802958290943457331e-02
1.857703762043628785e+03	1.871869836997399061e-01	1.157710843800933698e-01	2.908642531006324083e-01	1.832763072603836862e-01	8.621838958205287062e-02	3.857113813153919407e-02	9.811184384517769586e-02
1.862541532257283961e+03	1.868862103955690468e-01	1.155584706607883649e-01	2.910610020311598656e-01	1.834076123589608587e-01	8.627600229984201674e-02	3.861710971834930034e-02	9.819359253494965023e-02
1.867379302470939592e+03	1.865871188122839031e-01	1.153470664696082809e-01	2.912566641179228366e-01	1.835381764139702443e-01	8.633329030635285284e-02	3.866285140986130964e-02	9.827483246961972452e-02
1.872217072684594768e+03	1.862896995033996028e-01	1.151368649054307219e-01	2.914512453004320935e-01	1.836680038430442974e-01	8.639025552737486513e-02	3.870836381079850036e-02	9.835556710913906375e-02
1.877054842898249490e+03	1.859939430766955615e-01	1.149278591065160116e-01	2.916447514895191273e-01	1.837970990322577436e-01	8.644689987501269490e-02	3.875364753667684403e-02	9.843579988294121064e-02
1.881892613111905121e+03	1.856998401938729226e-01	1.147200422502883399e-01	2.918371885673610167e-01	1.839254663364697784e-01	8.650322524783631006e-02	3.879870321345510464e-02	9.851553419033576287e-02
1.886730383325560297e+03	1.854073815702150241e-01	1.145134075531177714e-01	2.920285623875090164e-01	1.840531100796606867e-01	8.655923353102865092e-02	3.884353147719277199e-02	9.859477340089531361e-02
1.891568153539215928e+03	1.851165579742506395e-01	1.143079482701034044e-01	2.922188787749205874e-01	1.841800345552624674e-01	8.661492659653054205e-02	3.888813297371582212e-02	9.867352085483575841e-02
1.896405923752871104e+03	1.848273602274200511e-01	1.141036576948574882e-01	2.924081435259943684e-01	1.843062440264840174e-01	8.667030630318318940e-02	3.893250835828993006e-02	9.875177986339019054e-02
1.901243693966526507e+03	1.845397792037438145e-01	1.139005291592905117e-01	2.925963624086086456e-01	1.844317427266307097e-01	8.672537449686809619e-02	3.897665829530110732e-02	9.882955370917630156e-02
1.906081464180181683e+03	1.842538058294942993e-01	1.136985560333973466e-01	2.927835411621627637e-01	1.845565348594187527e-01	8.678013301064468887e-02	3.902058345794366667e-02	9.890684564655770339e-02
1.910919234393836859e+03	1.839694310828698387e-01	1.134977317250444456e-01	2.929696854976211462e-01	1.846806245992841100e-01	8.683458366488545910e-02	3.906428452791514683e-02	9.898365890199907480e-02
1.915757004607492036e+03	1.836866459936716545e-01	1.132980496797579839e-01	2.931548010975607577e-01	1.848040160916864239e-01	8.688872826740884348e-02	3.910776219511828689e-02	9.905999667441527101e-02
1.920594774821147894e+03	1.834054416429831968e-01	1.130995033805130556e-01	2.933388936162210081e-01	1.849267134534078316e-01	8.694256861360981359e-02	3.915101715736973159e-02	9.913586213551459081e-02
1.925432545034802843e+03	1.831258091628523432e-01	1.129020863475238418e-01	2.935219686795562111e-01	1.850487207728468697e-01	8.699610648658831491e-02	3.919405012011541178e-02	9.921125843013632595e-02
1.930270315248458019e+03	1.828477397359758172e-01	1.127057921380348327e-01	2.937040318852908172e-01	1.851700421103074645e-01	8.704934365727538814e-02	3.923686179615239883e-02	9.928618867658259295e-02
1.935108085462113195e+03	1.825712245953864665e-01	1.125106143461130775e-01	2.938850888029770902e-01	1.852906814982834272e-01	8.710228188455736154e-02	3.927945290535723305e-02	9.936065596694464153e-02
1.939945855675768371e+03	1.822962550241426782e-01	1.123165466024414055e-01	2.940651449740552259e-01	1.854106429417380908e-01	8.715492291539783665e-02	3.932182417442035144e-02	9.943466336742368128e-02
1.944783625889424002e+03	1.820228223550205415e-01	1.121235825741126874e-01	2.942442059119158015e-01	1.855299304183794795e-01	8.720726848495763406e-02	3.936397633658671180e-02	9.950821391864647647e-02
1.949621396103079178e+03	1.817509179702082034e-01	1.119317159644251242e-01	2.944222771019641138e-01	1.856485478789310362e-01	8.725932031671287947e-02	3.940591013140239823e-02	9.958131063597562560e-02
1.954459166316734354e+03	1.814805333010028610e-01	1.117409405126784661e-01	2.945993640016872361e-01	1.857664992473981869e-01	8.731108012257093876e-02	3.944762630446699975e-02	9.965395650981472009e-02
1.959296936530389530e+03	1.812116598275098633e-01	1.115512499939713686e-01	2.947754720407228524e-01	1.858837884213303260e-01	8.736254960298468764e-02	3.948912560719181758e-02	9.972615450590847919e-02
1.964134706744044706e+03	1.809442890783443114e-01	1.113626382189996100e-01	2.949506066209303112e-01	1.860004192720788874e-01	8.741373044706471362e-02	3.953040879656357504e-02	9.979790756563797216e-02
1.968972476957700337e+03	1.806784126303349336e-01	1.111750990338554873e-01	2.951247731164631793e-01	1.861163956450513357e-01	8.746462433268982484e-02	3.957147663491370621e-02	9.986921860631092773e-02
1.973810247171355968e+03	1.804140221082301820e-01	1.109886263198280737e-01	2.952979768738441257e-01	1.862317213599609667e-01	8.751523292661569919e-02	3.961232988969292518e-02	9.994009052144739447e-02
1.978648017385010689e+03	1.801511091844066603e-01	1.108032139932045718e-01	2.954702232120415273e-01	1.863464002110729878e-01	8.756555788458184053e-02	3.965296933325116596e-02	1.000105261810606411e-01
1.983485787598666320e+03	1.798896655785797161e-01	1.106188560050726105e-01	2.956415174225474618e-01	1.864604359674467415e-01	8.761560085141681387e-02	3.969339574262253229e-02	1.000805284319335325e-01
1.988323557812321269e+03	1.796296830575162540e-01	1.104355463411235971e-01	2.958118647694579773e-01	1.865738323731740977e-01	8.766536346114174594e-02	3.973360989931536830e-02	1.001501000978904515e-01
1.993161328025976900e+03	1.793711534347496583e-01	1.102532790214570124e-01	2.959812704895543045e-01	1.866865931476142382e-01	8.771484733707229919e-02	3.977361258910726977e-02	1.002192439800647233e-01
1.997999098239632076e+03	1.791140685702971025e-01	1.100720481003857748e-01	2.961497397923861241e-01	1.867987219856248604e-01	8.776405409191892493e-02	3.981340460184484148e-02	1.002879628571618637e-01
2.002836868453287707e+03	1.788584203703786069e-01	1.098918476662425481e-01	2.963172778603561097e-01	1.869102225577898013e-01	8.781298532788570088e-02	3.985298673124827024e-02	1.003562594857184548e-01
2.007674638666942428e+03	1.786042007871384840e-01	1.097126718411870760e-01	2.964838898488059704e-01	1.870210985106432744e-01	8.786164263676742026e-02	3.989235977472041506e-02	1.004241366003569419e-01
2.012512408880597604e+03	1.783514018183687266e-01	1.095345147810144748e-01	2.966495808861035477e-01	1.871313534668905820e-01	8.791002760004537619e-02	3.993152453316053258e-02	1.004915969140363907e-01
2.017350179094252780e+03	1.781000155072345048e-01	1.093573706749645380e-01	2.968143560737318554e-01	1.872409910256257470e-01	8.795814178898159197e-02	3.997048181078233231e-02	1.005586431182990959e-01
2.022187949307908411e+03	1.778500339420016618e-01	1.091812337455320692e-01	2.969782204863786745e-01	1.873500147625457857e-01	8.800598676471156623e-02	4.000923241493641036e-02	1.006252778835134559e-01
2.027025719521564042e+03	1.776014492557661806e-01	1.090060982482781160e-01	2.971411791720280360e-01	1.874584282301617333e-01	8.805356407833569987e-02	4.004777715593693665e-02	1.006915038591129075e-01
2.031863489735218764e+03	1.773542536261856761e-01	1.088319584716422733e-01	2.973032371520523132e-01	1.875662349580065613e-01	8.810087527100932125e-02	4.008611684689245003e-02	1.007573236738310007e-01
2.036701259948874394e+03	1.771084392752128589e-01	1.086588087367558880e-01	2.974643994213057030e-01	1.876734384528402910e-01	8.814792187403125423e-02	4.012425230354072642e-02	1.008227399359329229e-01
2.041539030162529116e+03	1.768639984688308853e-01	1.084866433972563049e-01	2.976246709482184838e-01	1.877800421988517487e-01	8.819470540893120658e-02	4.016218434408767163e-02	1.008877552334433020e-01
2.046376800376184747e+03	1.766209235167906788e-01	1.083154568391020978e-01	2.977840566748928830e-01	1.878860496578577122e-01	8.824122738755579842e-02	4.019991378905001661e-02	1.009523721343704578e-01
2.051214570589840150e+03	1.763792067723500001e-01	1.081452434803892027e-01	2.979425615171992781e-01	1.879914642694989757e-01	8.828748931215327223e-02	4.023744146110187769e-02	1.010165931869271422e-01
2.056052340803495554e+03	1.761388406320146538e-01	1.079759977711680780e-01	2.981001903648734519e-01	1.880962894514336681e-01	8.833349267545705097e-02	4.027476818492504995e-02	1.010804209197478098e-01
2.060890111017150957e+03	1.758998175352813331e-01	1.078077141932618221e-01	2.982569480816151253e-01	1.882005285995279054e-01	8.837923896076806118e-02	4.031189478706289492e-02	1.011438578421026135e-01
2.065727881230805451e+03	1.756621299643824075e-01	1.076403872600852490e-01	2.984128395051869331e-01	1.883041850880435297e-01	8.842472964203576535e-02	4.034882209577785039e-02	1.012069064441080551e-01
2.070565651444461309e+03	1.754257704440323473e-01	1.074740115164649346e-01	2.985678694475141781e-01	1.884072622698234889e-01	8.846996618393815348e-02	4.038555094091239583e-02	1.012695691969342782e-01
2.075403421658116713e+03	1.751907315411762311e-01	1.073085815384602487e-01	2.987220426947855834e-01	1.885097634764743846e-01	8.851495004196052729e-02	4.042208215375342473e-02	1.013318485530093210e-01
2.080241191871772116e+03	1.749570058647398063e-01	1.071440919331852759e-01	2.988753640075546558e-01	1.886116920185465784e-01	8.855968266247318810e-02	4.045841656690001703e-02	1.013937469462201924e-01
2.085078962085427065e+03	1.747245860653813265e-01	1.069805373386317066e-01	2.990278381208417158e-01	1.887130511857117998e-01	8.860416548280793114e-02	4.049455501413443126e-02	1.014552667921108237e-01
2.089916732299082469e+03	1.744934648352452211e-01	1.068179124234927696e-01	2.991794697442364259e-01	1.888138442469382561e-01	8.864839993133366569e-02	4.053049833029630233e-02	1.015164104880771218e-01
2.094754502512737417e+03	1.742636349077174851e-01	1.066562118869879700e-01	2.993302635620012642e-01	1.889140744506634384e-01	8.869238742753075833e-02	4.056624735115998970e-02	1.015771804135588985e-01
2.099592272726392821e+03	1.740350890571825682e-01	1.064954304586888945e-01	2.994802242331752185e-01	1.890137450249645412e-01	8.873612938206450196e-02	4.060180291331499242e-02	1.016375789302290944e-01
2.104430042940048224e+03	1.738078200987822897e-01	1.063355628983458784e-01	2.996293563916782032e-01	1.891128591777265500e-01	8.877962719685750237e-02	4.063716585404934106e-02	1.016976083821800048e-01
2.109267813153704083e+03	1.735818208881760860e-01	1.061766039957156293e-01	2.997776646464161421e-01	1.892114200968080528e-01	8.882288226516110718e-02	4.067233701123594558e-02	1.017572710961067439e-01
2.114105583367359031e+03	1.733570843213031731e-01	1.060185485703898367e-01	2.999251535813861613e-01	1.893094309502049710e-01	8.886589597162576626e-02	4.070731722322179502e-02	1.018165693814880035e-01
2.118943353581013525e+03	1.731336033341460690e-01	1.058613914716246135e-01	3.000718277557823388e-01	1.894068948862119572e-01	8.890866969237062878e-02	4.074210732872000917e-02	1.018755055307640905e-01
2.123781123794669384e+03	1.729113709024960310e-01	1.057051275781709515e-01	3.002176917041020632e-01	1.895038150335817406e-01	8.895120479505204403e-02	4.077670816670457554e-02	1.019340818195123011e-01
2.128618894008324787e+03	1.726903800417198542e-01	1.055497517981060784e-01	3.003627499362526154e-01	1.896001945016823897e-01	8.899350263893117396e-02	4.081112057630783413e-02	1.019923005066197541e-01
2.133456664221980191e+03	1.724706238065285002e-01	1.053952590686656476e-01	3.005070069376580832e-01	1.896960363806525496e-01	8.903556457494075926e-02	4.084534539672055736e-02	1.020501638344535889e-01
2.138294434435635139e+03	1.722520952907469205e-01	1.052416443560770382e-01	3.006504671693667752e-01	1.897913437415545967e-01	8.907739194575102493e-02	4.087938346709460435e-02	1.021076740290287332e-01
2.143132204649290543e+03	1.720347876270859055e-01	1.050889026553933486e-01	3.007931350681587457e-01	1.898861196365258242e-01	8.911898608583460057e-02	4.091323562644814255e-02	1.021648333001731745e-01
2.147969974862945492e+03	1.718186939869149610e-01	1.049370289903284598e-01	3.009350150466535423e-01	1.899803670989278770e-01	8.916034832153077461e-02	4.094690271357329103e-02	1.022216438416908707e-01
2.152807745076601350e+03	1.716038075800372376e-01	1.047860184130929156e-01	3.010761114934184524e-01	1.900740891434940238e-01	8.920147997110874916e-02	4.098038556694615780e-02	1.022781078315221914e-01
2.157645515290255844e+03	1.713901216544655715e-01	1.046358660042307626e-01	3.012164287730770273e-01	1.901672887664747624e-01	8.924238234483020116e-02	4.101368502463927784e-02	1.023342274319021389e-01
2.162483285503912157e+03	1.711776294962001344e-01	1.044865668724572344e-01	3.013559712264173296e-01	1.902599689457814824e-01	8.928305674501096911e-02	4.104680192423635493e-02	1.023900047895162368e-01
2.167321055717567106e+03	1.709663244290076101e-01	1.043381161544973956e-01	3.014947431705007896e-01	1.903521326411284631e-01	8.932350446608205985e-02	4.107973710274923085e-02	1.024454420356541579e-01
2.172158825931222509e+03	1.707561998142018977e-01	1.041905090149255891e-01	3.016327488987711192e-01	1.904437827941730110e-01	8.936372679464979485e-02	4.111249139653710277e-02	1.025005412863612131e-01
2.176996596144877003e+03	1.705472490504260086e-01	1.040437406460058833e-01	3.017699926811632793e-01	1.905349223286538218e-01	8.940372500955523494e-02	4.114506564122787091e-02	1.025553046425875803e-01
2.181834366358532861e+03	1.703394655734357943e-01	1.038978062675332548e-01	3.019064787642126713e-01	1.906255541505279538e-01	8.944350038193285557e-02	4.117746067164160251e-02	1.026097341903355054e-01
2.186672136572187810e+03	1.701328428558846750e-01	1.037527011266758392e-01	3.020422113711643819e-01	1.907156811481057201e-01	8.948305417526858374e-02	4.120967732171607750e-02	1.026638320008043809e-01
2.191509906785843214e+03	1.699273744071100878e-01	1.036084204978179046e-01	3.021771947020823745e-01	1.908053061921842208e-01	8.952238764545697447e-02	4.124171642443436731e-02	1.027176001305337288e-01
2.196347676999498617e+03	1.697230537729212396e-01	1.034649596824037399e-01	3.023114329339590123e-01	1.908944321361792373e-01	8.956150204085785993e-02	4.127357881175435644e-02	1.027710406215442823e-01
2.201185447213154021e+03	1.695198745353881653e-01	1.033223140087824177e-01	3.024449302208243040e-01	1.909830618162554339e-01	8.960039860235220754e-02	4.130526531454021405e-02	1.028241555014769437e-01
2.206023217426809424e+03	1.693178303126323392e-01	1.031804788320534738e-01	3.025776906938554833e-01	1.910711980514552821e-01	8.963907856339732583e-02	4.133677676249577354e-02	1.028769467837299667e-01
2.210860987640464373e+03	1.691169147586184529e-01	1.030394495339133215e-01	3.027097184614863101e-01	1.911588436438262373e-01	8.967754315008144572e-02	4.136811398409976498e-02	1.029294164675940981e-01
2.215698757854119776e+03	1.689171215629476641e-01	1.028992215225026791e-01	3.028410176095165940e-01	1.912460013785463597e-01	8.971579358117763581e-02	4.139927780654282380e-02	1.029815665383859158e-01
2.220536528067775180e+03	1.687184444506521497e-01	1.027597902322547468e-01	3.029715922012211626e-01	1.913326740240488266e-01	8.975383106819712076e-02	4.143026905566631057e-02	1.030333989675793066e-01
2.225374298281430583e+03	1.685208771819909634e-01	1.026211511237442447e-01	3.031014462774599405e-01	1.914188643321446670e-01	8.979165681544191979e-02	4.146108855590283082e-02	1.030849157129351129e-01
2.230212068495085077e+03	1.683244135522472540e-01	1.024832996835372684e-01	3.032305838567864176e-01	1.915045750381442202e-01	8.982927202005688838e-02	4.149173713021848259e-02	1.031361187186290718e-01
2.235049838708740936e+03	1.681290473915267869e-01	1.023462314240421306e-01	3.033590089355573949e-01	1.915898088609773453e-01	8.986667787208121871e-02	4.152221560005674161e-02	1.031870099153779641e-01
2.239887608922396339e+03	1.679347725645576328e-01	1.022099418833608692e-01	3.034867254880418419e-01	1.916745685033119928e-01	8.990387555449932955e-02	4.155252478528394938e-02	1.032375912205640289e-01
2.244725379136052197e+03	1.677415829704912709e-01	1.020744266251416565e-01	3.036137374665296984e-01	1.917588566516717219e-01	8.994086624329114543e-02	4.158266550413641793e-02	1.032878645383577820e-01
2.249563149349706237e+03	1.675494725427049414e-01	1.019396812384320561e-01	3.037400488014411204e-01	1.918426759765516076e-01	8.997765110748182082e-02	4.161263857316906817e-02	1.033378317598390717e-01
2.254400919563362095e+03	1.673584352486051918e-01	1.018057013375331110e-01	3.038656634014350044e-01	1.919260291325332601e-01	9.001423130919097848e-02	4.164244480720560165e-02	1.033874947631165664e-01
2.259238689777017044e+03	1.671684650894327551e-01	1.016724825618541689e-01	3.039905851535175119e-01	1.920089187583982338e-01	9.005060800368128171e-02	4.167208501929010878e-02	1.034368554134456469e-01
2.264076459990672902e+03	1.669795561000685935e-01	1.015400205757686497e-01	3.041148179231507043e-01	1.920913474772402707e-01	9.008678233940660418e-02	4.170156002064019651e-02	1.034859155633447297e-01
