1.001418434226643626e+03	2.782714437349884107e-01	1.816154230445506390e-01	2.346429074462956510e-01	1.402916810751548837e-01	6.773372800714751174e-02	2.742066067467405568e-02	7.002415601680669899e-02
1.002869765290740247e+03	2.780162620690432296e-01	1.814499639237094342e-01	2.348129562396529812e-01	1.403871235435951992e-01	6.779775762883390178e-02	2.742066067467405568e-02	7.011527592010902143e-02
1.004321096354836754e+03	2.777615307762011376e-01	1.812847879436042531e-01	2.349824984854482768e-01	1.404826052355395705e-01	6.786172704778450915e-02	2.742066067467405568e-02	7.020618983636599253e-02
1.005772427418933376e+03	2.775072489816878818e-01	1.811198946638661600e-01	2.351515377635583215e-01	1.405781234791175227e-01	6.792563507967684655e-02	2.742066067467405568e-02	7.029689935703689607e-02
1.007223758483029997e+03	2.772534158134350446e-01	1.809552836436135181e-01	2.353200776132511052e-01	1.406736756402552635e-01	6.798948057506797038e-02	2.742066067467405568e-02	7.038740603932069906e-02
1.008675089547126618e+03	2.770000304020600601e-01	1.807909544414859071e-01	2.354881215336940004e-01	1.407692591221879341e-01	6.805326241849718460e-02	2.742066067467405568e-02	7.047771140701855619e-02
1.010126420611223239e+03	2.767470918808465630e-01	1.806269066156772352e-01	2.356556729844559994e-01	1.408648713649778283e-01	6.811697952761160135e-02	2.742066067467405568e-02	7.056781695137434585e-02
1.011577751675319632e+03	2.764945993857253481e-01	1.804631397239681856e-01	2.358227353860032904e-01	1.409605098450389671e-01	6.818063085231400311e-02	2.742066067467405568e-02	7.065772413189382040e-02
1.013029082739416367e+03	2.762425520552547753e-01	1.802996533237573862e-01	2.359893121201885602e-01	1.410561720746675296e-01	6.824421537393250692e-02	2.742066067467405568e-02	7.074743437714284267e-02
1.014480413803512761e+03	2.759909490306023394e-01	1.801364469720920514e-01	2.361554065307341632e-01	1.411518556015784187e-01	6.830773210441135057e-02	2.742066067467405568e-02	7.083694908552531921e-02
1.015931744867609382e+03	2.757397894555254636e-01	1.799735202256977362e-01	2.363210219237090737e-01	1.412475580084477655e-01	6.837118008552231507e-02	2.742066067467405568e-02	7.092626962604127450e-02
1.017383075931706003e+03	2.754890724763533472e-01	1.798108726410071467e-01	2.364861615679998974e-01	1.413432769124611521e-01	6.843455838809632541e-02	2.742066067467405568e-02	7.101539733902574592e-02
1.018834406995802851e+03	2.752387972419684803e-01	1.796485037741883672e-01	2.366508286957757501e-01	1.414390099648676902e-01	6.849786611127461899e-02	2.742066067467405568e-02	7.110433353686868019e-02
1.020285738059899245e+03	2.749889629037887140e-01	1.794864131811722274e-01	2.368150265029473345e-01	1.415347548505397068e-01	6.856110238177902383e-02	2.742066067467405568e-02	7.119307950471663593e-02
1.021737069123995752e+03	2.747395686157491634e-01	1.793246004176788366e-01	2.369787581496201057e-01	1.416305092875380922e-01	6.862426635320081902e-02	2.742066067467405568e-02	7.128163650115655614e-02
1.023188400188092373e+03	2.744906135342848330e-01	1.791630650392435908e-01	2.371420267605418297e-01	1.417262710266833370e-01	6.868735720530781685e-02	2.742066067467405568e-02	7.137000575888215181e-02
1.024639731252188767e+03	2.742420968183128527e-01	1.790018066012423192e-01	2.373048354255442860e-01	1.418220378511317326e-01	6.875037414336905572e-02	2.742066067467405568e-02	7.145818848534328527e-02
1.026091062316285615e+03	2.739940176292154916e-01	1.788408246589158201e-01	2.374671871999794459e-01	1.419178075759572333e-01	6.881331639749674323e-02	2.742066067467405568e-02	7.154618586337882502e-02
1.027542393380382237e+03	2.737463751308225612e-01	1.786801187673937863e-01	2.376290851051501285e-01	1.420135780477386200e-01	6.887618322200499132e-02	2.742066067467405568e-02	7.163399905183344407e-02
1.028993724444478858e+03	2.734991684893952613e-01	1.785196884817178142e-01	2.377905321287351326e-01	1.421093471441517986e-01	6.893897389478498283e-02	2.742066067467405568e-02	7.172162918615859750e-02
1.030445055508575479e+03	2.732523968736087494e-01	1.783595333568641361e-01	2.379515312252090398e-01	1.422051127735673992e-01	6.900168771669591694e-02	2.742066067467405568e-02	7.180907737899830390e-02
1.031896386572671872e+03	2.730060594545362096e-01	1.781996529477655467e-01	2.381120853162565498e-01	1.423008728746535667e-01	6.906432401097162277e-02	2.742066067467405568e-02	7.189634472075998040e-02
1.033347717636768493e+03	2.727601554056322541e-01	1.780400468093325805e-01	2.382721972911817920e-01	1.423966254159838019e-01	6.912688212264235521e-02	2.742066067467405568e-02	7.198343228017069217e-02
1.034799048700865114e+03	2.725146839027167700e-01	1.778807144964745235e-01	2.384318700073121688e-01	1.424923683956495213e-01	6.918936141797119022e-02	2.742066067467405568e-02	7.207034110481932987e-02
1.036250379764961508e+03	2.722696441239588205e-01	1.777216555641193685e-01	2.385911062903973423e-01	1.425880998408780853e-01	6.925176128390495012e-02	2.742066067467405568e-02	7.215707222168488144e-02
1.037701710829058356e+03	2.720250352498613799e-01	1.775628695672335777e-01	2.387499089350028358e-01	1.426838178076553221e-01	6.931408112753900674e-02	2.742066067467405568e-02	7.224362663765135362e-02
1.039153041893154750e+03	2.717808564632450685e-01	1.774043560608411230e-01	2.389082807048989732e-01	1.427795203803528257e-01	6.937632037559592069e-02	2.742066067467405568e-02	7.233000534000952331e-02
1.040604372957251599e+03	2.715371069492333311e-01	1.772461146000420262e-01	2.390662243334445991e-01	1.428752056713603891e-01	6.943847847391716732e-02	2.742066067467405568e-02	7.241620929694590758e-02
1.042055704021347992e+03	2.712937858952366166e-01	1.770881447400304565e-01	2.392237425239662207e-01	1.429708718207227391e-01	6.950055488696804673e-02	2.742066067467405568e-02	7.250223945801938241e-02
1.043507035085444613e+03	2.710508924909376671e-01	1.769304460361122155e-01	2.393808379501319583e-01	1.430665169957810734e-01	6.956254909735506975e-02	2.742066067467405568e-02	7.258809675462550570e-02
1.044958366149541234e+03	2.708084259282764750e-01	1.767730180437217802e-01	2.395375132563211384e-01	1.431621393908192319e-01	6.962446060535572301e-02	2.742066067467405568e-02	7.267378210044916909e-02
1.046409697213637855e+03	2.705663854014355163e-01	1.766158603184388998e-01	2.396937710579888359e-01	1.432577372267143101e-01	6.968628892846027989e-02	2.742066067467405568e-02	7.275929639190566178e-02
1.047861028277734476e+03	2.703247701068252073e-01	1.764589724160047779e-01	2.398496139420262241e-01	1.433533087505915737e-01	6.974803360092519944e-02	2.742066067467405568e-02	7.284464050857052120e-02
1.049312359341831097e+03	2.700835792430694160e-01	1.763023538923375877e-01	2.400050444671157912e-01	1.434488522354842310e-01	6.980969417333808547e-02	2.742066067467405568e-02	7.292981531359843395e-02
1.050763690405927491e+03	2.698428120109911954e-01	1.761460043035477652e-01	2.401600651640826145e-01	1.435443659799970073e-01	6.987127021219349809e-02	2.742066067467405568e-02	7.301482165413145098e-02
1.052215021470024112e+03	2.696024676135986287e-01	1.759899232059528862e-01	2.403146785362407500e-01	1.436398483079744381e-01	6.993276129947988140e-02	2.742066067467405568e-02	7.309966036169693315e-02
1.053666352534120733e+03	2.693625452560711175e-01	1.758341101560918496e-01	2.404688870597354866e-01	1.437352975681730760e-01	6.999416703227684389e-02	2.742066067467405568e-02	7.318433225259517172e-02
1.055117683598217127e+03	2.691230441457451716e-01	1.756785647107390325e-01	2.406226931838810479e-01	1.438307121339381656e-01	7.005548702236277792e-02	2.742066067467405568e-02	7.326883812827736375e-02
1.056569014662313975e+03	2.688839634921010857e-01	1.755232864269177517e-01	2.407760993314942144e-01	1.439260904028842880e-01	7.011672089583251277e-02	2.742066067467405568e-02	7.335317877571374823e-02
1.058020345726410369e+03	2.686453025067492284e-01	1.753682748619134202e-01	2.409291078992235602e-01	1.440214307965800300e-01	7.017786829272465443e-02	2.742066067467405568e-02	7.343735496775259664e-02
1.059471676790506763e+03	2.684070604034169416e-01	1.752135295732865083e-01	2.410817212578746649e-01	1.441167317602368436e-01	7.023892886665859814e-02	2.742066067467405568e-02	7.352136746346989160e-02
1.060923007854603611e+03	2.681692363979349403e-01	1.750590501188848402e-01	2.412339417527309959e-01	1.442119917624018477e-01	7.029990228448058931e-02	2.742066067467405568e-02	7.360521700851017923e-02
1.062374338918700232e+03	2.679318297082247113e-01	1.749048360568557225e-01	2.413857717038707662e-01	1.443072092946543761e-01	7.036078822591899928e-02	2.742066067467405568e-02	7.368890433541880336e-02
1.063825669982796853e+03	2.676948395542851356e-01	1.747508869456576852e-01	2.415372134064800724e-01	1.444023828713065505e-01	7.042158638324833020e-02	2.742066067467405568e-02	7.377243016396559105e-02
1.065277001046893474e+03	2.674582651581800530e-01	1.745972023440718890e-01	2.416882691311615372e-01	1.444975110291077669e-01	7.048229646096181022e-02	2.742066067467405568e-02	7.385579520146033639e-02
1.066728332110990095e+03	2.672221057440254954e-01	1.744437818112131999e-01	2.418389411242394815e-01	1.445925923269526514e-01	7.054291817545232934e-02	2.742066067467405568e-02	7.393900014306027668e-02
1.068179663175086489e+03	2.669863605379770854e-01	1.742906249065408752e-01	2.419892316080609895e-01	1.446876253455930961e-01	7.060345125470156302e-02	2.742066067467405568e-02	7.402204567206976948e-02
1.069630994239183110e+03	2.667510287682178238e-01	1.741377311898691382e-01	2.421391427812933650e-01	1.447826086873537921e-01	7.066389543797699235e-02	2.742066067467405568e-02	7.410493246023229508e-02
1.071082325303279504e+03	2.665161096649457106e-01	1.739851002213771702e-01	2.422886768192173967e-01	1.448775409758513433e-01	7.072425047553670963e-02	2.742066067467405568e-02	7.418766116801504829e-02
1.072533656367376352e+03	2.662816024603618659e-01	1.738327315616189639e-01	2.424378358740174599e-01	1.449724208557170713e-01	7.078451612834169016e-02	2.742066067467405568e-02	7.427023244488632769e-02
1.073984987431472746e+03	2.660475063886583169e-01	1.736806247715329543e-01	2.425866220750674263e-01	1.450672469923234009e-01	7.084469216777548872e-02	2.742066067467405568e-02	7.435264692958580557e-02
1.075436318495569594e+03	2.658138206860061747e-01	1.735287794124511784e-01	2.427350375292134099e-01	1.451620180715136044e-01	7.090477837537104144e-02	2.742066067467405568e-02	7.443490525038799766e-02
1.076887649559666215e+03	2.655805445905440876e-01	1.733771950461083511e-01	2.428830843210524615e-01	1.452567327993350421e-01	7.096477454254450368e-02	2.742066067467405568e-02	7.451700802535897450e-02
1.078338980623762609e+03	2.653476773423665280e-01	1.732258712346505247e-01	2.430307645132080974e-01	1.453513899017758182e-01	7.102468047033581866e-02	2.742066067467405568e-02	7.459895586260660572e-02
1.079790311687859230e+03	2.651152181835123578e-01	1.730748075406436104e-01	2.431780801466021658e-01	1.454459881245049879e-01	7.108449596915591973e-02	2.742066067467405568e-02	7.468074936052435109e-02
1.081241642751955851e+03	2.648831663579534479e-01	1.729240035270814824e-01	2.433250332407232708e-01	1.455405262326157079e-01	7.114422085854048283e-02	2.742066067467405568e-02	7.476238910802894544e-02
1.082692973816052472e+03	2.646515211115834654e-01	1.727734587573940550e-01	2.434716257938918660e-01	1.456350030103719939e-01	7.120385496690986860e-02	2.742066067467405568e-02	7.484387568479203279e-02
1.084144304880149093e+03	2.644202816922068822e-01	1.726231727954549711e-01	2.436178597835219062e-01	1.457294172609585603e-01	7.126339813133518442e-02	2.742066067467405568e-02	7.492520966146583306e-02
1.085595635944245487e+03	2.641894473495278173e-01	1.724731452055890124e-01	2.437637371663791686e-01	1.458237678062337950e-01	7.132285019731043896e-02	2.742066067467405568e-02	7.500639159990313276e-02
1.087046967008342108e+03	2.639590173351392122e-01	1.723233755525794275e-01	2.439092598788364374e-01	1.459180534864861212e-01	7.138221101853038653e-02	2.742066067467405568e-02	7.508742205337173847e-02
1.088498298072438729e+03	2.637289909025122281e-01	1.721738634016750091e-01	2.440544298371252474e-01	1.460122731601933010e-01	7.144148045667420011e-02	2.742066067467405568e-02	7.516830156676333752e-02
1.089949629136535123e+03	2.634993673069853659e-01	1.720246083185968389e-01	2.441992489375846564e-01	1.461064257037848202e-01	7.150065838119447348e-02	2.742066067467405568e-02	7.524903067679718227e-02
1.091400960200631971e+03	2.632701458057541966e-01	1.718756098695448375e-01	2.443437190569066331e-01	1.462005100114073253e-01	7.155974466911180221e-02	2.742066067467405568e-02	7.532960991221852864e-02
1.092852291264728365e+03	2.630413256578607029e-01	1.717268676212043710e-01	2.444878420523785567e-01	1.462945249946931148e-01	7.161873920481448552e-02	2.742066067467405568e-02	7.541003979399212021e-02
1.094303622328825213e+03	2.628129061241831210e-01	1.715783811407522730e-01	2.446316197621224153e-01	1.463884695825315163e-01	7.167764187986343238e-02	2.742066067467405568e-02	7.549032083549059302e-02
1.095754953392921607e+03	2.625848864674256711e-01	1.714301499958628960e-01	2.447750540053312551e-01	1.464823427208431783e-01	7.173645259280200803e-02	2.742066067467405568e-02	7.557045354267824533e-02
1.097206284457018228e+03	2.623572659521087314e-01	1.712821737547139955e-01	2.449181465825023274e-01	1.465761433723573592e-01	7.179517124897075164e-02	2.742066067467405568e-02	7.565043841429010263e-02
1.098657615521114849e+03	2.621300438445582914e-01	1.711344519859922531e-01	2.450608992756675153e-01	1.466698705163919925e-01	7.185379776032682630e-02	2.742066067467405568e-02	7.573027594200638923e-02
1.100108946585211470e+03	2.619032194128965707e-01	1.709869842588988553e-01	2.452033138486207076e-01	1.467635231486364433e-01	7.191233204526809031e-02	2.742066067467405568e-02	7.580996661062261444e-02
1.101560277649308091e+03	2.616767919270320819e-01	1.708397701431546845e-01	2.453453920471422578e-01	1.468571002809372639e-01	7.197077402846166483e-02	2.742066067467405568e-02	7.588951089821532880e-02
1.103011608713404712e+03	2.614507606586499167e-01	1.706928092090054805e-01	2.454871355992208626e-01	1.469506009410865011e-01	7.202912364067688700e-02	2.742066067467405568e-02	7.596890927630364776e-02
1.104462939777501106e+03	2.612251248812022530e-01	1.705461010272267541e-01	2.456285462152722199e-01	1.470440241726128638e-01	7.208738081862253733e-02	2.742066067467405568e-02	7.604816221000670895e-02
1.105914270841597499e+03	2.609998838698986967e-01	1.703996451691285330e-01	2.457696255883552450e-01	1.471373690345754992e-01	7.214554550478823047e-02	2.742066067467405568e-02	7.612727015819713283e-02
1.107365601905694348e+03	2.607750369016972325e-01	1.702534412065600522e-01	2.459103753943854831e-01	1.472306346013601830e-01	7.220361764728980281e-02	2.742066067467405568e-02	7.620623357365055583e-02
1.108816932969790741e+03	2.605505832552946766e-01	1.701074887119142509e-01	2.460507972923456632e-01	1.473238199624786193e-01	7.226159719971876616e-02	2.742066067467405568e-02	7.628505290319137488e-02
1.110268264033887590e+03	2.603265222111174615e-01	1.699617872581319356e-01	2.461908929244936983e-01	1.474169242223698495e-01	7.231948412099555024e-02	2.742066067467405568e-02	7.636372858783482820e-02
1.111719595097984211e+03	2.601028530513127546e-01	1.698163364187061652e-01	2.463306639165681600e-01	1.475099465002043253e-01	7.237727837522646424e-02	2.742066067467405568e-02	7.644226106292545397e-02
1.113170926162080832e+03	2.598795750597392984e-01	1.696711357676861931e-01	2.464701118779908662e-01	1.476028859296906470e-01	7.243497993156436388e-02	2.742066067467405568e-02	7.652065075827199636e-02
1.114622257226177226e+03	2.596566875219585846e-01	1.695261848796812409e-01	2.466092384020671657e-01	1.476957416588845495e-01	7.249258876407292662e-02	2.742066067467405568e-02	7.659889809827892526e-02
1.116073588290273847e+03	2.594341897252260276e-01	1.693814833298644684e-01	2.467480450661835578e-01	1.477885128500004419e-01	7.255010485159424372e-02	2.742066067467405568e-02	7.667700350207466709e-02
1.117524919354370468e+03	2.592120809584821384e-01	1.692370306939764701e-01	2.468865334320029248e-01	1.478811986792253896e-01	7.260752817762000655e-02	2.742066067467405568e-02	7.675496738363646321e-02
1.118976250418467089e+03	2.589903605123441976e-01	1.690928265483288562e-01	2.470247050456569893e-01	1.479737983365354281e-01	7.266485873016582941e-02	2.742066067467405568e-02	7.683279015191216144e-02
1.120427581482563710e+03	2.587690276790972077e-01	1.689488704698075272e-01	2.471625614379368285e-01	1.480663110255141246e-01	7.272209650164884742e-02	2.742066067467405568e-02	7.691047221093892661e-02
1.121878912546660331e+03	2.585480817526858432e-01	1.688051620358760885e-01	2.473001041244803910e-01	1.481587359631737766e-01	7.277924148876846466e-02	2.742066067467405568e-02	7.698801395995884256e-02
1.123330243610756725e+03	2.583275220287060692e-01	1.686617008245789029e-01	2.474373346059582368e-01	1.482510723797784979e-01	7.283629369239011386e-02	2.742066067467405568e-02	7.706541579353168303e-02
1.124781574674853118e+03	2.581073478043964808e-01	1.685184864145440331e-01	2.475742543682564190e-01	1.483433195186697751e-01	7.289325311743202751e-02	2.742066067467405568e-02	7.714267810164475436e-02
1.126232905738949967e+03	2.578875583786305326e-01	1.683755183849863224e-01	2.477108648826573667e-01	1.484354766360943267e-01	7.295011977275489556e-02	2.742066067467405568e-02	7.721980126982004589e-02
1.127684236803046360e+03	2.576681530519080998e-01	1.682327963157101147e-01	2.478471676060184092e-01	1.485275430010339903e-01	7.300689367105431260e-02	2.742066067467405568e-02	7.729678567921854926e-02
1.129135567867143209e+03	2.574491311263476523e-01	1.680903197871119470e-01	2.479831639809478017e-01	1.486195178950379669e-01	7.306357482875605602e-02	2.742066067467405568e-02	7.737363170674198265e-02
1.130586898931239830e+03	2.572304919056782047e-01	1.679480883801832136e-01	2.481188554359789744e-01	1.487114006120570098e-01	7.312016326591398718e-02	2.742066067467405568e-02	7.745033972513204468e-02
1.132038229995336451e+03	2.570122346952313230e-01	1.678061016765125812e-01	2.482542433857421460e-01	1.488031904582798881e-01	7.317665900611053376e-02	2.742066067467405568e-02	7.752691010306694830e-02
1.133489561059432845e+03	2.567943588019334644e-01	1.676643592582884590e-01	2.483893292311341039e-01	1.488948867519718777e-01	7.323306207635987830e-02	2.742066067467405568e-02	7.760334320525563712e-02
1.134940892123529466e+03	2.565768635342982051e-01	1.675228607083013022e-01	2.485241143594854318e-01	1.489864888233153883e-01	7.328937250701340889e-02	2.742066067467405568e-02	7.767963939252968408e-02
1.136392223187626087e+03	2.563597482024186358e-01	1.673816056099457772e-01	2.486586001447261829e-01	1.490779960142524507e-01	7.334559033166775099e-02	2.742066067467405568e-02	7.775579902193265058e-02
1.137843554251722708e+03	2.561430121179597008e-01	1.672405935472228988e-01	2.487927879475488324e-01	1.491694076783295353e-01	7.340171558707511701e-02	2.742066067467405568e-02	7.783182244680739159e-02
1.139294885315819101e+03	2.559266545941507043e-01	1.670998241047420840e-01	2.489266791155696767e-01	1.492607231805439805e-01	7.345774831305593167e-02	2.742066067467405568e-02	7.790771001688108488e-02
1.140746216379915950e+03	2.557106749457779271e-01	1.669592968677231781e-01	2.490602749834879004e-01	1.493519418971927248e-01	7.351368855241367795e-02	2.742066067467405568e-02	7.798346207834803978e-02
1.142197547444012343e+03	2.554950724891772995e-01	1.668190114219981479e-01	2.491935768732427281e-01	1.494430632157227046e-01	7.356953635085201892e-02	2.742066067467405568e-02	7.805907897395046591e-02
1.143648878508108737e+03	2.552798465422271290e-01	1.666789673540130801e-01	2.493265860941686340e-01	1.495340865345833603e-01	7.362529175689391803e-02	2.742066067467405568e-02	7.813456104305727123e-02
1.145100209572205586e+03	2.550649964243407730e-01	1.665391642508296799e-01	2.494593039431483861e-01	1.496250112630809481e-01	7.368095482180293809e-02	2.742066067467405568e-02	7.820990862174072300e-02
1.146551540636302207e+03	2.548505214564595334e-01	1.663996017001271033e-01	2.495917317047643968e-01	1.497158368212346546e-01	7.373652559950652496e-02	2.742066067467405568e-02	7.828512204285123510e-02
1.148002871700398828e+03	2.546364209610456619e-01	1.662602792902033999e-01	2.497238706514481044e-01	1.498065626396347660e-01	7.379200414652119233e-02	2.742066067467405568e-02	7.836020163609037914e-02
1.149454202764495449e+03	2.544226942620752552e-01	1.661211966099770121e-01	2.498557220436273263e-01	1.498971881593023359e-01	7.384739052187976049e-02	2.742066067467405568e-02	7.843514772808179991e-02
1.150905533828591842e+03	2.542093406850315374e-01	1.659823532489882181e-01	2.499872871298718935e-01	1.499877128315509900e-01	7.390268478706031596e-02	2.742066067467405568e-02	7.850996064244059047e-02
1.152356864892688463e+03	2.539963595568976440e-01	1.658437487974004088e-01	2.501185671470373406e-01	1.500781361178502304e-01	7.395788700591712783e-02	2.742066067467405568e-02	7.858464069984073819e-02
1.153808195956785084e+03	2.537837502061501826e-01	1.657053828460015588e-01	2.502495633204069314e-01	1.501684574896905988e-01	7.401299724461321561e-02	2.742066067467405568e-02	7.865918821808100259e-02
1.155259527020881706e+03	2.535715119627522385e-01	1.655672549862051701e-01	2.503802768638316856e-01	1.502586764284506715e-01	7.406801557155477667e-02	2.742066067467405568e-02	7.873360351214898911e-02
1.156710858084978327e+03	2.533596441581467684e-01	1.654293648100517156e-01	2.505107089798687126e-01	1.503487924252654984e-01	7.412294205732714025e-02	2.742066067467405568e-02	7.880788689428375182e-02
1.158162189149074720e+03	2.531481461252499399e-01	1.652917119102094157e-01	2.506408608599179355e-01	1.504388049808969563e-01	7.417777677463251174e-02	2.742066067467405568e-02	7.888203867403671687e-02
1.159613520213171569e+03	2.529370171984449134e-01	1.651542958799755989e-01	2.507707336843569279e-01	1.505287136056057407e-01	7.423251979822922952e-02	2.742066067467405568e-02	7.895605915833106558e-02
1.161064851277267962e+03	2.527262567135748483e-01	1.650171163132774232e-01	2.509003286226740292e-01	1.506185178190248275e-01	7.428717120487265957e-02	2.742066067467405568e-02	7.902994865151967419e-02
1.162516182341364356e+03	2.525158640079367967e-01	1.648801728046729032e-01	2.510296468335999065e-01	1.507082171500347678e-01	7.434173107325743601e-02	2.742066067467405568e-02	7.910370745544159643e-02
1.163967513405461204e+03	2.523058384202753746e-01	1.647434649493517977e-01	2.511586894652373392e-01	1.507978111366403973e-01	7.439619948396146432e-02	2.742066067467405568e-02	7.917733586947703350e-02
1.165418844469557826e+03	2.520961792907763233e-01	1.646069923431363324e-01	2.512874576551893946e-01	1.508872993258492390e-01	7.445057651939109011e-02	2.742066067467405568e-02	7.925083419060102718e-02
1.166870175533654447e+03	2.518868859610602362e-01	1.644707545824820316e-01	2.514159525306860488e-01	1.509766812735514885e-01	7.450486226372785015e-02	2.742066067467405568e-02	7.932420271343573748e-02
1.168321506597751068e+03	2.516779577741765639e-01	1.643347512644783570e-01	2.515441752087091420e-01	1.510659565444013863e-01	7.455905680287651383e-02	2.742066067467405568e-02	7.939744173030141572e-02
1.169772837661847461e+03	2.514693940745972855e-01	1.641989819868494571e-01	2.516721267961157804e-01	1.511551247117003671e-01	7.461316022441447093e-02	2.742066067467405568e-02	7.947055153126607319e-02
1.171224168725944082e+03	2.512611942082109140e-01	1.640634463479546390e-01	2.517998083897600714e-01	1.512441853572813466e-01	7.466717261754247936e-02	2.742066067467405568e-02	7.954353240419397009e-02
1.172675499790040703e+03	2.510533575223166114e-01	1.639281439467890900e-01	2.519272210766134723e-01	1.513331380713948404e-01	7.472109407303657858e-02	2.742066067467405568e-02	7.961638463479281391e-02
1.174126830854137097e+03	2.508458833656179721e-01	1.637930743829842939e-01	2.520543659338836950e-01	1.514219824525963598e-01	7.477492468320136310e-02	2.742066067467405568e-02	7.968910850665975043e-02
1.175578161918233945e+03	2.506387710882174713e-01	1.636582372568084753e-01	2.521812440291317237e-01	1.515107181076351950e-01	7.482866454182431071e-02	2.742066067467405568e-02	7.976170430132629996e-02
1.177029492982330339e+03	2.504320200416101927e-01	1.635236321691671268e-01	2.523078564203877217e-01	1.515993446513448639e-01	7.488231374413142905e-02	2.742066067467405568e-02	7.983417229830205852e-02
1.178480824046426733e+03	2.502256295786784435e-01	1.633892587216033143e-01	2.524342041562655514e-01	1.516878617065347268e-01	7.493587238674395690e-02	2.742066067467405568e-02	7.990651277511735817e-02
1.179932155110523581e+03	2.500195990536856483e-01	1.632551165162981210e-01	2.525602882760754064e-01	1.517762689038830715e-01	7.498934056763618961e-02	2.742066067467405568e-02	7.997872600736488646e-02
1.181383486174620202e+03	2.498139278222709647e-01	1.631212051560708143e-01	2.526861098099352776e-01	1.518645658818316702e-01	7.504271838609445633e-02	2.742066067467405568e-02	8.005081226874012634e-02
1.182834817238716823e+03	2.496086152414435100e-01	1.629875242443792061e-01	2.528116697788811429e-01	1.519527522864814739e-01	7.509600594267709650e-02	2.742066067467405568e-02	8.012277183108093559e-02
1.184286148302813444e+03	2.494036606695767266e-01	1.628540733853199307e-01	2.529369691949754362e-01	1.520408277714898060e-01	7.514920333917542161e-02	2.742066067467405568e-02	8.019460496440605768e-02
1.185737479366910065e+03	2.491990634664029425e-01	1.627208521836284727e-01	2.530620090614146278e-01	1.521287919979688874e-01	7.520231067857578722e-02	2.742066067467405568e-02	8.026631193695264732e-02
1.187188810431006686e+03	2.489948229930079027e-01	1.625878602446794996e-01	2.531867903726349178e-01	1.522166446343856117e-01	7.525532806502258087e-02	2.742066067467405568e-02	8.033789301521292170e-02
1.188640141495103080e+03	2.487909386118252186e-01	1.624550971744868899e-01	2.533113141144168745e-01	1.523043853564624572e-01	7.530825560378218153e-02	2.742066067467405568e-02	8.040934846396982638e-02
1.190091472559199701e+03	2.485874096866310112e-01	1.623225625797038718e-01	2.534355812639887962e-01	1.523920138470800378e-01	7.536109340120787647e-02	2.742066067467405568e-02	8.048067854633182694e-02
1.191542803623296322e+03	2.483842355825387482e-01	1.621902560676230232e-01	2.535595927901286850e-01	1.524795297961805407e-01	7.541384156470561095e-02	2.742066067467405568e-02	8.055188352376686789e-02
1.192994134687392716e+03	2.481814156659936654e-01	1.620581772461763825e-01	2.536833496532647780e-01	1.525669329006725528e-01	7.546650020270066761e-02	2.742066067467405568e-02	8.062296365613542959e-02
1.194445465751489564e+03	2.479789493047677151e-01	1.619263257239353382e-01	2.538068528055751338e-01	1.526542228643371912e-01	7.551906942460524796e-02	2.742066067467405568e-02	8.069391920172276633e-02
1.195896796815585958e+03	2.477768358679544036e-01	1.617947011101107391e-01	2.539301031910857764e-01	1.527413993977352613e-01	7.557154934078678943e-02	2.742066067467405568e-02	8.076475041727039506e-02
1.197348127879682352e+03	2.475750747259634899e-01	1.616633030145527283e-01	2.540531017457675622e-01	1.528284622181156904e-01	7.562394006253721213e-02	2.742066067467405568e-02	8.083545755800669586e-02
1.198799458943779200e+03	2.473736652505159062e-01	1.615321310477506322e-01	2.541758493976319921e-01	1.529154110493252117e-01	7.567624170204285960e-02	2.742066067467405568e-02	8.090604087767680475e-02
1.200250790007875821e+03	2.471726068146388178e-01	1.614011848208328770e-01	2.542983470668254697e-01	1.530022456217190741e-01	7.572845437235531385e-02	2.742066067467405568e-02	8.097650062857182640e-02
1.201702121071972442e+03	2.469718987926604881e-01	1.612704639455669331e-01	2.544205956657228374e-01	1.530889656720730296e-01	7.578057818736289031e-02	2.742066067467405568e-02	8.104683706155718648e-02
1.203153452136069063e+03	2.467715405602053935e-01	1.611399680343590102e-01	2.545425960990195247e-01	1.531755709434963197e-01	7.583261326176291006e-02	2.742066067467405568e-02	8.111705042610031779e-02
1.204604783200165684e+03	2.465715314941891445e-01	1.610096967002538904e-01	2.546643492638221984e-01	1.532620611853457993e-01	7.588455971103465203e-02	2.742066067467405568e-02	8.118714097029773591e-02
1.206056114264262078e+03	2.463718709728137946e-01	1.608796495569347895e-01	2.547858560497390790e-01	1.533484361531413376e-01	7.593641765141304067e-02	2.742066067467405568e-02	8.125710894090136527e-02
1.207507445328358699e+03	2.461725583755628999e-01	1.607498262187230242e-01	2.549071173389680922e-01	1.534346956084820801e-01	7.598818719986305537e-02	2.742066067467405568e-02	8.132695458334418537e-02
1.208958776392455093e+03	2.459735930831966066e-01	1.606202263005777897e-01	2.550281340063850211e-01	1.535208393189639031e-01	7.603986847405470872e-02	2.742066067467405568e-02	8.139667814176529403e-02
1.210410107456551941e+03	2.457749744777471268e-01	1.604908494180958822e-01	2.551489069196294368e-01	1.536068670580978401e-01	7.609146159233869111e-02	2.742066067467405568e-02	8.146627985903436009e-02
1.211861438520648335e+03	2.455767019425138253e-01	1.603616951875113383e-01	2.552694369391902973e-01	1.536927786052297851e-01	7.614296667372272287e-02	2.742066067467405568e-02	8.153575997677536824e-02
1.213312769584745183e+03	2.453787748620585574e-01	1.602327632256951018e-01	2.553897249184904350e-01	1.537785737454608337e-01	7.619438383784846169e-02	2.742066067467405568e-02	8.160511873538994765e-02
1.214764100648841804e+03	2.451811926222011995e-01	1.601040531501547182e-01	2.555097717039694349e-01	1.538642522695690407e-01	7.624571320496903448e-02	2.742066067467405568e-02	8.167435637407988169e-02
1.216215431712937971e+03	2.449839546100147925e-01	1.599755645790340020e-01	2.556295781351661245e-01	1.539498139739320093e-01	7.629695489592708268e-02	2.742066067467405568e-02	8.174347313086929856e-02
1.217666762777034819e+03	2.447870602138211005e-01	1.598472971311125090e-01	2.557491450447995640e-01	1.540352586604504526e-01	7.634810903213352928e-02	2.742066067467405568e-02	8.181246924262615405e-02
1.219118093841131440e+03	2.445905088231861979e-01	1.597192504258052315e-01	2.558684732588492605e-01	1.541205861364726981e-01	7.639917573554670660e-02	2.742066067467405568e-02	8.188134494508322869e-02
1.220569424905228061e+03	2.443942998289157509e-01	1.595914240831621256e-01	2.559875635966342711e-01	1.542057962147203587e-01	7.645015512865216412e-02	2.742066067467405568e-02	8.195010047285863908e-02
1.222020755969324682e+03	2.441984326230507429e-01	1.594638177238677235e-01	2.561064168708913069e-01	1.542908887132147522e-01	7.650104733444297589e-02	2.742066067467405568e-02	8.201873605947576640e-02
1.223472087033421303e+03	2.440029065988630064e-01	1.593364309692406056e-01	2.562250338878519496e-01	1.543758634552044040e-01	7.655185247640054758e-02	2.742066067467405568e-02	8.208725193738275472e-02
1.224923418097517697e+03	2.438077211508508924e-01	1.592092634412328733e-01	2.563434154473187565e-01	1.544607202690933545e-01	7.660257067847588142e-02	2.742066067467405568e-02	8.215564833797150968e-02
1.226374749161614318e+03	2.436128756747347746e-01	1.590823147624298162e-01	2.564615623427405344e-01	1.545454589883704932e-01	7.665320206507141021e-02	2.742066067467405568e-02	8.222392549159622532e-02
1.227826080225710712e+03	2.434183695674529135e-01	1.589555845560492175e-01	2.565794753612865575e-01	1.546300794515398092e-01	7.670374676102324762e-02	2.742066067467405568e-02	8.229208362759142525e-02
1.229277411289807560e+03	2.432242022271571547e-01	1.588290724459409942e-01	2.566971552839200088e-01	1.547145815020514459e-01	7.675420489158391035e-02	2.742066067467405568e-02	8.236012297428962903e-02
1.230728742353903954e+03	2.430303730532086537e-01	1.587027780565865021e-01	2.568146028854702001e-01	1.547989649882337282e-01	7.680457658240553986e-02	2.742066067467405568e-02	8.242804375903849123e-02
1.232180073418000802e+03	2.428368814461736580e-01	1.585767010130980648e-01	2.569318189347043480e-01	1.548832297632259936e-01	7.685486195952349886e-02	2.742066067467405568e-02	8.249584620821760750e-02
1.233631404482097196e+03	2.426437268078194542e-01	1.584508409412183905e-01	2.570488041943977953e-01	1.549673756849123396e-01	7.690506114934038406e-02	2.742066067467405568e-02	8.256353054725482088e-02
1.235082735546193817e+03	2.424509085411100107e-01	1.583251974673199891e-01	2.571655594214041773e-01	1.550514026158562597e-01	7.695517427861056636e-02	2.742066067467405568e-02	8.263109700064219520e-02
1.236534066610290438e+03	2.422584260502021469e-01	1.581997702184045618e-01	2.572820853667239782e-01	1.551353104232359448e-01	7.700520147442500851e-02	2.742066067467405568e-02	8.269854579195158595e-02
1.237985397674387059e+03	2.420662787404412597e-01	1.580745588221023901e-01	2.573983827755724763e-01	1.552190989787806952e-01	7.705514286419656855e-02	2.742066067467405568e-02	8.276587714384979477e-02
1.239436728738483680e+03	2.418744660183574646e-01	1.579495629066717532e-01	2.575144523874471902e-01	1.553027681587078879e-01	7.710499857564563631e-02	2.742066067467405568e-02	8.283309127811333550e-02
1.240888059802580301e+03	2.416829872916614330e-01	1.578247821009982066e-01	2.576302949361936601e-01	1.553863178436608594e-01	7.715476873678615843e-02	2.742066067467405568e-02	8.290018841564295027e-02
1.242339390866676695e+03	2.414918419692405338e-01	1.577002160345940540e-01	2.577459111500712829e-01	1.554697479186477327e-01	7.720445347591206597e-02	2.742066067467405568e-02	8.296716877647762611e-02
1.243790721930773088e+03	2.413010294611548090e-01	1.575758643375975432e-01	2.578613017518178174e-01	1.555530582729807154e-01	7.725405292158402104e-02	2.742066067467405568e-02	8.303403257980838947e-02
1.245242052994869937e+03	2.411105491786331712e-01	1.574517266407723382e-01	2.579764674587132212e-01	1.556362488002164535e-01	7.730356720261649661e-02	2.742066067467405568e-02	8.310078004399165663e-02
1.246693384058966330e+03	2.409204005340693788e-01	1.573278025755068255e-01	2.580914089826425450e-01	1.557193193980969947e-01	7.735299644806527264e-02	2.742066067467405568e-02	8.316741138656233434e-02
1.248144715123063179e+03	2.407305829410183451e-01	1.572040917738132815e-01	2.582061270301582723e-01	1.558022699684916690e-01	7.740234078721514033e-02	2.742066067467405568e-02	8.323392682424658739e-02
1.249596046187159800e+03	2.405410958141922795e-01	1.570805938683273451e-01	2.583206223025417692e-01	1.558851004173395782e-01	7.745160034956805051e-02	2.742066067467405568e-02	8.330032657297428700e-02
1.251047377251256421e+03	2.403519385694568022e-01	1.569573084923072404e-01	2.584348954958638478e-01	1.559678106545928367e-01	7.750077526483149792e-02	2.742066067467405568e-02	8.336661084789111220e-02
1.252498708315352815e+03	2.401631106238272528e-01	1.568342352796329997e-01	2.585489473010447736e-01	1.560504005941606154e-01	7.754986566290726635e-02	2.742066067467405568e-02	8.343277986337044316e-02
1.253950039379449436e+03	2.399746113954650262e-01	1.567113738648059085e-01	2.586627784039132738e-01	1.561328701538538255e-01	7.759887167388042351e-02	2.742066067467405568e-02	8.349883383302490747e-02
1.255401370443546057e+03	2.397864403036737979e-01	1.565887238829475614e-01	2.587763894852650459e-01	1.562152192553306618e-01	7.764779342800862127e-02	2.742066067467405568e-02	8.356477296971764890e-02
1.256852701507642678e+03	2.395985967688958607e-01	1.564662849697992242e-01	2.588897812209206006e-01	1.562974478240426179e-01	7.769663105571168737e-02	2.742066067467405568e-02	8.363059748557336026e-02
1.258304032571739299e+03	2.394110802127084880e-01	1.563440567617211396e-01	2.590029542817818831e-01	1.563795557891813903e-01	7.774538468756150844e-02	2.742066067467405568e-02	8.369630759198895542e-02
1.259755363635835920e+03	2.392238900578202987e-01	1.562220388956916672e-01	2.591159093338887276e-01	1.564615430836264198e-01	7.779405445427212129e-02	2.742066067467405568e-02	8.376190349964414417e-02
1.261206694699932314e+03	2.390370257280676758e-01	1.561002310093065060e-01	2.592286470384743136e-01	1.565434096438930722e-01	7.784264048669015112e-02	2.742066067467405568e-02	8.382738541851157688e-02
1.262658025764028707e+03	2.388504866484112421e-01	1.559786327407780837e-01	2.593411680520201767e-01	1.566251554100814569e-01	7.789114291578544402e-02	2.742066067467405568e-02	8.389275355786690591e-02
1.264109356828125556e+03	2.386642722449323073e-01	1.558572437289345025e-01	2.594534730263100553e-01	1.567067803258260505e-01	7.793956187264194924e-02	2.742066067467405568e-02	8.395800812629843068e-02
1.265560687892221949e+03	2.384783819448293152e-01	1.557360636132190668e-01	2.595655626084836243e-01	1.567882843382457647e-01	7.798789748844887904e-02	2.742066067467405568e-02	8.402314933171664557e-02
1.267012018956318798e+03	2.382928151764144020e-01	1.556150920336892285e-01	2.596774374410891761e-01	1.568696673978948741e-01	7.803614989449209061e-02	2.742066067467405568e-02	8.408817738136355191e-02
1.268463350020415419e+03	2.381075713691099272e-01	1.554943286310158934e-01	2.597890981621356898e-01	1.569509294587144443e-01	7.808431922214566223e-02	2.742066067467405568e-02	8.415309248182166468e-02
1.269914681084511813e+03	2.379226499534450312e-01	1.553737730464826439e-01	2.599005454051446229e-01	1.570320704779843701e-01	7.813240560286377479e-02	2.742066067467405568e-02	8.421789483902286655e-02
1.271366012148608434e+03	2.377380503610522500e-01	1.552534249219849061e-01	2.600117797992003710e-01	1.571130904162760800e-01	7.818040916817269037e-02	2.742066067467405568e-02	8.428258465825701207e-02
1.272817343212705055e+03	2.375537720246641282e-01	1.551332839000290620e-01	2.601228019690007276e-01	1.571939892374059344e-01	7.822833004966309178e-02	2.742066067467405568e-02	8.434716214418036540e-02
1.274268674276801676e+03	2.373698143781098613e-01	1.550133496237316721e-01	2.602336125349064000e-01	1.572747669083889854e-01	7.827616837898249136e-02	2.742066067467405568e-02	8.441162750082384369e-02
1.275720005340898297e+03	2.371861768563119366e-01	1.548936217368186985e-01	2.603442121129899700e-01	1.573554233993937068e-01	7.832392428782794513e-02	2.742066067467405568e-02	8.447598093160102461e-02
1.277171336404994690e+03	2.370028588952828585e-01	1.547740998836246162e-01	2.604546013150841333e-01	1.574359586836968639e-01	7.837159790793889191e-02	2.742066067467405568e-02	8.454022263931590397e-02
1.278622667469091539e+03	2.368198599321217901e-01	1.546547837090915811e-01	2.605647807488296608e-01	1.575163727376393541e-01	7.841918937109021437e-02	2.742066067467405568e-02	8.460435282617066732e-02
1.280073998533187932e+03	2.366371794050114163e-01	1.545356728587685691e-01	2.606747510177223059e-01	1.575966655405824091e-01	7.846669880908550831e-02	2.742066067467405568e-02	8.466837169377305905e-02
1.281525329597284326e+03	2.364548167532145861e-01	1.544167669788104880e-01	2.607845127211596004e-01	1.576768370748643511e-01	7.851412635375050464e-02	2.742066067467405568e-02	8.473227944314372373e-02
1.282976660661381175e+03	2.362727714170712034e-01	1.542980657159775115e-01	2.608940664544865395e-01	1.577568873257579884e-01	7.856147213692668552e-02	2.742066067467405568e-02	8.479607627472329767e-02
1.284427991725477568e+03	2.360910428379949799e-01	1.541795687176339413e-01	2.610034128090412131e-01	1.578368162814286768e-01	7.860873629046502553e-02	2.742066067467405568e-02	8.485976238837936170e-02
1.285879322789574417e+03	2.359096304584701875e-01	1.540612756317476240e-01	2.611125523721995467e-01	1.579166239328926025e-01	7.865591894622001035e-02	2.742066067467405568e-02	8.492333798341319961e-02
1.287330653853671038e+03	2.357285337220486054e-01	1.539431861068888407e-01	2.612214857274196000e-01	1.579963102739758984e-01	7.870302023604366926e-02	2.742066067467405568e-02	8.498680325856648732e-02
1.288781984917767431e+03	2.355477520733463836e-01	1.538252997922296694e-01	2.613302134542853650e-01	1.580758753012741213e-01	7.875004029177989917e-02	2.742066067467405568e-02	8.505015841202770432e-02
1.290233315981864052e+03	2.353672849580408788e-01	1.537076163375428739e-01	2.614387361285495648e-01	1.581553190141123943e-01	7.879697924525888575e-02	2.742066067467405568e-02	8.511340364143847592e-02
