1.001418434226643626e+03	2.856231904290507662e-01	1.705945629542185982e-01	2.342275823511618948e-01	1.424181748937234926e-01	6.920060131427444028e-02	2.769625881166583661e-02	7.023962924586449330e-02
1.002869765290740247e+03	2.853603692572294626e-01	1.704354384047644666e-01	2.344045065206570577e-01	1.425272187221039988e-01	6.924530805902251451e-02	2.772029254980866442e-02	7.030686648637332614e-02
1.004321096354836754e+03	2.850980020260807102e-01	1.702765887026384539e-01	2.345811190893168641e-01	1.426360680799235170e-01	6.928993883477478632e-02	2.774429324928565088e-02	7.037399001793950837e-02
1.005772427418933376e+03	2.848360879506814936e-01	1.701180133725406496e-01	2.347574205976171446e-01	1.427447233307711227e-01	6.933449377402789437e-02	2.776826095871579372e-02	7.044100001560538171e-02
1.007223758483029997e+03	2.845746262474704857e-01	1.699597119399962053e-01	2.349334115850985061e-01	1.428531848374368363e-01	6.937897300900590369e-02	2.779219572663629151e-02	7.050789665431526909e-02
1.008675089547126618e+03	2.843136161342454948e-01	1.698016839313538084e-01	2.351090925903680517e-01	1.429614529619143148e-01	6.942337667166127713e-02	2.781609760150274835e-02	7.057468010891379540e-02
1.010126420611223239e+03	2.840530568301614656e-01	1.696439288737841278e-01	2.352844641511009083e-01	1.430695280654036006e-01	6.946770489367583290e-02	2.783996663168936819e-02	7.064135055414422215e-02
1.011577751675319632e+03	2.837929475557277592e-01	1.694864462952785644e-01	2.354595268040418632e-01	1.431774105083138127e-01	6.951195780646166056e-02	2.786380286548917340e-02	7.070790816464674056e-02
1.013029082739416367e+03	2.835332875328057112e-01	1.693292357246476976e-01	2.356342810850070302e-01	1.432851006502659230e-01	6.955613554116214792e-02	2.788760635111420250e-02	7.077435311495687553e-02
1.014480413803512761e+03	2.832740759846066325e-01	1.691722966915197857e-01	2.358087275288853479e-01	1.433925988500954485e-01	6.960023822865288312e-02	2.791137713669570100e-02	7.084068557950383427e-02
1.015931744867609382e+03	2.830153121356890900e-01	1.690156287263393786e-01	2.359828666696403010e-01	1.434999054658549766e-01	6.964426599954255670e-02	2.793511527028433652e-02	7.090690573260899354e-02
1.017383075931706003e+03	2.827569952119566854e-01	1.688592313603659301e-01	2.361566990403114186e-01	1.436070208548169969e-01	6.968821898417397465e-02	2.795882079985039306e-02	7.097301374848419275e-02
1.018834406995802851e+03	2.824991244406555579e-01	1.687031041256723263e-01	2.363302251730160231e-01	1.437139453734764261e-01	6.973209731262497435e-02	2.798249377328397222e-02	7.103900980123029063e-02
1.020285738059899245e+03	2.822416990503721634e-01	1.685472465551433874e-01	2.365034455989507012e-01	1.438206793775533288e-01	6.977590111470924339e-02	2.800613423839518404e-02	7.110489406483555541e-02
1.021737069123995752e+03	2.819847182710309430e-01	1.683916581824744518e-01	2.366763608483928583e-01	1.439272232219953873e-01	6.981963051997737424e-02	2.802974224291435862e-02	7.117066671317416604e-02
1.023188400188092373e+03	2.817281813338918250e-01	1.682363385421700719e-01	2.368489714507025223e-01	1.440335772609805942e-01	6.986328565771765531e-02	2.805331783449221961e-02	7.123632792000469949e-02
1.024639731252188767e+03	2.814720874715478383e-01	1.680812871695423760e-01	2.370212779343237319e-01	1.441397418479198056e-01	6.990686665695707014e-02	2.807686106070009929e-02	7.130187785896863195e-02
1.026091062316285615e+03	2.812164359179230577e-01	1.679265036007098477e-01	2.371932808267862014e-01	1.442457173354593780e-01	6.995037364646208844e-02	2.810037196903012596e-02	7.136731670358888169e-02
1.027542393380382237e+03	2.809612259082699404e-01	1.677719873725957433e-01	2.373649806547069030e-01	1.443515040754835554e-01	6.999380675473967917e-02	2.812385060689541819e-02	7.143264462726837960e-02
1.028993724444478858e+03	2.807064566791672156e-01	1.676177380229267322e-01	2.375363779437917044e-01	1.444571024191170505e-01	7.003716611003807380e-02	2.814729702163026870e-02	7.149786180328859819e-02
1.030445055508575479e+03	2.804521274685173315e-01	1.674637550902316196e-01	2.377074732188367290e-01	1.445625127167276813e-01	7.008045184034775166e-02	2.817071126049034216e-02	7.156296840480814991e-02
1.031896386572671872e+03	2.801982375155443461e-01	1.673100381138397097e-01	2.378782670037302704e-01	1.446677353179287584e-01	7.012366407340225871e-02	2.819409337065286597e-02	7.162796460486139938e-02
1.033347717636768493e+03	2.799447860607915395e-01	1.671565866338794726e-01	2.380487598214541256e-01	1.447727705715815549e-01	7.016680293667904023e-02	2.821744339921682804e-02	7.169285057635703395e-02
1.034799048700865114e+03	2.796917723461191385e-01	1.670034001912772126e-01	2.382189521940852039e-01	1.448776188257978603e-01	7.020986855740037058e-02	2.824076139320314330e-02	7.175762649207675925e-02
1.036250379764961508e+03	2.794391956147016520e-01	1.668504783277555414e-01	2.383888446427971097e-01	1.449822804279423671e-01	7.025286106253417207e-02	2.826404739955486536e-02	7.182229252467391134e-02
1.037701710829058356e+03	2.791870551110260945e-01	1.666978205858321849e-01	2.385584376878617796e-01	1.450867557246351969e-01	7.029578057879490305e-02	2.828730146513735305e-02	7.188684884667212449e-02
1.039153041893154750e+03	2.789353500808894881e-01	1.665454265088182340e-01	2.387277318486509536e-01	1.451910450617541759e-01	7.033862723264434902e-02	2.831052363673847161e-02	7.195129563046405441e-02
1.040604372957251599e+03	2.786840797713961426e-01	1.663932956408170905e-01	2.388967276436377296e-01	1.452951487844374445e-01	7.038140115029251076e-02	2.833371396106876966e-02	7.201563304831001822e-02
1.042055704021347992e+03	2.784332434309560456e-01	1.662414275267228292e-01	2.390654255903982561e-01	1.453990672370857329e-01	7.042410245769840926e-02	2.835687248476165614e-02	7.207986127233675933e-02
1.043507035085444613e+03	2.781828403092821977e-01	1.660898217122190323e-01	2.392338262056130649e-01	1.455028007633647480e-01	7.046673128057091839e-02	2.837999925437360155e-02	7.214398047453612905e-02
1.044958366149541234e+03	2.779328696573882818e-01	1.659384777437772074e-01	2.394019300050688193e-01	1.456063497062075884e-01	7.050928774436959756e-02	2.840309431638430790e-02	7.220799082676389313e-02
1.046409697213637855e+03	2.776833307275864970e-01	1.657873951686554548e-01	2.395697375036597576e-01	1.457097144078171314e-01	7.055177197430549663e-02	2.842615771719689266e-02	7.227189250073845495e-02
1.047861028277734476e+03	2.774342227734852284e-01	1.656365735348971635e-01	2.397372492153893031e-01	1.458128952096682529e-01	7.059418409534201633e-02	2.844918950313806913e-02	7.233568566803964817e-02
1.049312359341831097e+03	2.771855450499867701e-01	1.654860123913294567e-01	2.399044656533715625e-01	1.459158924525103262e-01	7.063652423219562992e-02	2.847218972045833033e-02	7.239937050010752939e-02
1.050763690405927491e+03	2.769372968132852164e-01	1.653357112875620538e-01	2.400713873298328804e-01	1.460187064763693865e-01	7.067879250933677138e-02	2.849515841533211205e-02	7.246294716824117077e-02
1.052215021470024112e+03	2.766894773208639080e-01	1.651856697739856328e-01	2.402380147561133661e-01	1.461213376205505454e-01	7.072098905099059862e-02	2.851809563385799759e-02	7.252641584359752203e-02
1.053666352534120733e+03	2.764420858314933782e-01	1.650358874017706645e-01	2.404043484426684474e-01	1.462237862236402675e-01	7.076311398113775686e-02	2.854100142205887730e-02	7.258977669719018921e-02
1.055117683598217127e+03	2.761951216052289659e-01	1.648863637228659140e-01	2.405703888990704531e-01	1.463260526235085346e-01	7.080516742351522508e-02	2.856387582588212209e-02	7.265302989988835225e-02
1.056569014662313975e+03	2.759485839034087062e-01	1.647370982899971914e-01	2.407361366340099451e-01	1.464281371573113166e-01	7.084714950161705160e-02	2.858671889119976384e-02	7.271617562241559918e-02
1.058020345726410369e+03	2.757024719886508324e-01	1.645880906566658808e-01	2.409015921552975503e-01	1.465300401614926251e-01	7.088906033869520062e-02	2.860953066380868270e-02	7.277921403534880207e-02
1.059471676790506763e+03	2.754567851248518884e-01	1.644393403771475526e-01	2.410667559698652374e-01	1.466317619717868725e-01	7.093090005776020446e-02	2.863231118943075984e-02	7.284214530911704844e-02
1.060923007854603611e+03	2.752115225771842866e-01	1.642908470064906590e-01	2.412316285837678986e-01	1.467333029232210928e-01	7.097266878158203784e-02	2.865506051371306817e-02	7.290496961400048936e-02
1.062374338918700232e+03	2.749666836120939206e-01	1.641426101005152849e-01	2.413962105021849880e-01	1.468346633501170506e-01	7.101436663269085348e-02	2.867777868222802506e-02	7.296768712012936808e-02
1.063825669982796853e+03	2.747222674972982226e-01	1.639946292158116492e-01	2.415605022294218529e-01	1.469358435860936563e-01	7.105599373337774527e-02	2.870046574047359009e-02	7.303029799748282647e-02
1.065277001046893474e+03	2.744782735017837205e-01	1.638469039097387170e-01	2.417245042689113721e-01	1.470368439640689084e-01	7.109755020569545614e-02	2.872312173387341766e-02	7.309280241588798910e-02
1.066728332110990095e+03	2.742347008958039845e-01	1.636994337404228950e-01	2.418882171232154821e-01	1.471376648162622258e-01	7.113903617145919678e-02	2.874574670777702706e-02	7.315520054501881142e-02
1.068179663175086489e+03	2.739915489508772395e-01	1.635522182667568103e-01	2.420516412940265927e-01	1.472383064741965841e-01	7.118045175224733956e-02	2.876834070745998284e-02	7.321749255439514992e-02
1.069630994239183110e+03	2.737488169397842008e-01	1.634052570483978117e-01	2.422147772821691414e-01	1.473387692687006534e-01	7.122179706940220956e-02	2.879090377812405094e-02	7.327967861338170741e-02
1.071082325303279504e+03	2.735065041365658534e-01	1.632585496457666929e-01	2.423776255876010921e-01	1.474390535299109628e-01	7.126307224403072293e-02	2.881343596489737216e-02	7.334175889118706160e-02
1.072533656367376352e+03	2.732646098165214532e-01	1.631120956200462768e-01	2.425401867094154618e-01	1.475391595872740103e-01	7.130427739700526124e-02	2.883593731283463565e-02	7.340373355686269363e-02
1.073984987431472746e+03	2.730231332562059188e-01	1.629658945331801945e-01	2.427024611458418191e-01	1.476390877695483994e-01	7.134541264896428203e-02	2.885840786691723503e-02	7.346560277930197502e-02
1.075436318495569594e+03	2.727820737334279433e-01	1.628199459478714139e-01	2.428644493942477278e-01	1.477388384048069492e-01	7.138647812031306827e-02	2.888084767205343836e-02	7.352736672723926559e-02
1.076887649559666215e+03	2.725414305272477744e-01	1.626742494275811024e-01	2.430261519511402735e-01	1.478384118204387199e-01	7.142747393122447774e-02	2.890325677307855820e-02	7.358902556924890037e-02
1.078338980623762609e+03	2.723012029179748827e-01	1.625288045365270717e-01	2.431875693121675064e-01	1.479378083431512059e-01	7.146840020163963692e-02	2.892563521475509727e-02	7.365057947374438474e-02
1.079790311687859230e+03	2.720613901871658524e-01	1.623836108396826128e-01	2.433487019721200795e-01	1.480370282989723618e-01	7.150925705126863485e-02	2.894798304177293932e-02	7.371202860897732578e-02
1.081241642751955851e+03	2.718219916176221607e-01	1.622386679027750800e-01	2.435095504249325526e-01	1.481360720132526287e-01	7.155004459959128649e-02	2.897030029874948787e-02	7.377337314303665516e-02
1.082692973816052472e+03	2.715830064933880128e-01	1.620939752922845589e-01	2.436701151636849472e-01	1.482349398106670157e-01	7.159076296585772936e-02	2.899258703022983621e-02	7.383461324384764379e-02
1.084144304880149093e+03	2.713444340997483439e-01	1.619495325754427006e-01	2.438303966806042999e-01	1.483336320152171539e-01	7.163141226908924242e-02	2.901484328068694094e-02	7.389574907917111080e-02
1.085595635944245487e+03	2.711062737232262654e-01	1.618053393202311674e-01	2.439903954670659680e-01	1.484321489502332947e-01	7.167199262807885662e-02	2.903706909452176757e-02	7.395678081660249370e-02
1.087046967008342108e+03	2.708685246515811773e-01	1.616613950953804946e-01	2.441501120135953218e-01	1.485304909383763361e-01	7.171250416139203498e-02	2.905926451606345023e-02	7.401770862357097414e-02
1.088498298072438729e+03	2.706311861738066593e-01	1.615176994703687308e-01	2.443095468098690215e-01	1.486286583016398488e-01	7.175294698736742194e-02	2.908142958956946161e-02	7.407853266733870068e-02
1.089949629136535123e+03	2.703942575801280279e-01	1.613742520154200777e-01	2.444687003447165718e-01	1.487266513613520469e-01	7.179332122411749562e-02	2.910356435922575868e-02	7.413925311499994231e-02
1.091400960200631971e+03	2.701577381620003937e-01	1.612310523015036690e-01	2.446275731061218206e-01	1.488244704381777306e-01	7.183362698952920622e-02	2.912566886914694925e-02	7.419987013348020022e-02
1.092852291264728365e+03	2.699216272121063853e-01	1.610880999003321545e-01	2.447861655812243742e-01	1.489221158521203958e-01	7.187386440126468379e-02	2.914774316337645152e-02	7.426038388953548619e-02
1.094303622328825213e+03	2.696859240243542621e-01	1.609453943843605073e-01	2.449444782563210965e-01	1.490195879225240938e-01	7.191403357676191821e-02	2.916978728588664332e-02	7.432079454975146215e-02
1.095754953392921607e+03	2.694506278938754162e-01	1.608029353267846073e-01	2.451025116168675244e-01	1.491168869680753184e-01	7.195413463323541148e-02	2.919180128057902168e-02	7.438110228054267692e-02
1.097206284457018228e+03	2.692157381170224850e-01	1.606607223015401043e-01	2.452602661474793388e-01	1.492140133068050878e-01	7.199416768767681607e-02	2.921378519128435200e-02	7.444130724815181677e-02
1.098657615521114849e+03	2.689812539913670197e-01	1.605187548833009459e-01	2.454177423319338081e-01	1.493109672560908596e-01	7.203413285685560108e-02	2.923573906176283460e-02	7.450140961864891442e-02
1.100108946585211470e+03	2.687471748156975426e-01	1.603770326474781849e-01	2.455749406531713697e-01	1.494077491326583629e-01	7.207403025731973223e-02	2.925766293570424698e-02	7.456140955793055802e-02
1.101560277649308091e+03	2.685134998900173264e-01	1.602355551702186465e-01	2.457318615932967965e-01	1.495043592525835685e-01	7.211386000539629637e-02	2.927955685672811031e-02	7.462130723171922497e-02
1.103011608713404712e+03	2.682802285155422295e-01	1.600943220284037349e-01	2.458885056335809727e-01	1.496007979312945768e-01	7.215362221719212599e-02	2.930142086838382134e-02	7.468110280556249092e-02
1.104462939777501106e+03	2.680473599946986973e-01	1.599533327996479903e-01	2.460448732544620876e-01	1.496970654835735048e-01	7.219331700859449308e-02	2.932325501415082233e-02	7.474079644483234974e-02
1.105914270841597499e+03	2.678148936311215422e-01	1.598125870622978395e-01	2.462009649355472174e-01	1.497931622235584292e-01	7.223294449527170591e-02	2.934505933743875028e-02	7.480038831472445027e-02
1.107365601905694348e+03	2.675828287296517782e-01	1.596720843954304858e-01	2.463567811556137133e-01	1.498890884647451627e-01	7.227250479267376126e-02	2.936683388158757915e-02	7.485987858025748565e-02
1.108816932969790741e+03	2.673511645963346783e-01	1.595318243788524382e-01	2.465123223926106166e-01	1.499848445199891689e-01	7.231199801603296895e-02	2.938857868986777255e-02	7.491926740627237458e-02
1.110268264033887590e+03	2.671199005384174430e-01	1.593918065930982619e-01	2.466675891236601581e-01	1.500804307015074224e-01	7.235142428036457629e-02	2.941029380548043984e-02	7.497855495743170617e-02
1.111719595097984211e+03	2.668890358643475347e-01	1.592520306194293578e-01	2.468225818250591175e-01	1.501758473208802125e-01	7.239078370046737876e-02	2.943197927155748531e-02	7.503774139821896283e-02
1.113170926162080832e+03	2.666585698837699581e-01	1.591124960398327404e-01	2.469773009722802948e-01	1.502710946890530586e-01	7.243007639092435834e-02	2.945363513116174350e-02	7.509682689293797897e-02
1.114622257226177226e+03	2.664285019075255945e-01	1.589732024370195396e-01	2.471317470399739813e-01	1.503661731163383752e-01	7.246930246610330806e-02	2.947526142728713883e-02	7.515581160571216390e-02
1.116073588290273847e+03	2.661988312476490925e-01	1.588341493944240290e-01	2.472859205019692641e-01	1.504610829124174709e-01	7.250846204015742869e-02	2.949685820285882082e-02	7.521469570048398834e-02
1.117524919354370468e+03	2.659695572173665923e-01	1.586953364962022106e-01	2.474398218312755249e-01	1.505558243863422685e-01	7.254755522702592552e-02	2.951842550073333418e-02	7.527347934101423499e-02
1.118976250418467089e+03	2.657406791310938932e-01	1.585567633272304822e-01	2.475934515000839109e-01	1.506503978465370264e-01	7.258658214043461898e-02	2.953996336369873327e-02	7.533216269088144346e-02
1.120427581482563710e+03	2.655121963044340117e-01	1.584184294731045273e-01	2.477468099797686396e-01	1.507448036008002812e-01	7.262554289389659690e-02	2.956147183447475554e-02	7.539074591348132737e-02
1.121878912546660331e+03	2.652841080541754604e-01	1.582803345201378997e-01	2.478998977408884419e-01	1.508390419563065410e-01	7.266443760071271407e-02	2.958295095571294303e-02	7.544922917202608048e-02
1.123330243610756725e+03	2.650564136982901386e-01	1.581424780553609688e-01	2.480527152531880886e-01	1.509331132196080061e-01	7.270326637397228620e-02	2.960440076999680883e-02	7.550761262954386321e-02
1.124781574674853118e+03	2.648291125559307790e-01	1.580048596665194760e-01	2.482052629855996118e-01	1.510270176966364564e-01	7.274202932655361720e-02	2.962582131984195857e-02	7.556589644887820589e-02
1.126232905738949967e+03	2.646022039474297260e-01	1.578674789420733415e-01	2.483575414062438869e-01	1.511207556927048612e-01	7.278072657112463761e-02	2.964721264769625345e-02	7.562408079268739813e-02
1.127684236803046360e+03	2.643756871942961606e-01	1.577303354711954708e-01	2.485095509824318816e-01	1.512143275125091835e-01	7.281935822014341808e-02	2.966857479593993166e-02	7.568216582344394761e-02
1.129135567867143209e+03	2.641495616192144902e-01	1.575934288437704500e-01	2.486612921806662380e-01	1.513077334601301838e-01	7.285792438585883546e-02	2.968990780688577150e-02	7.574015170343403880e-02
1.130586898931239830e+03	2.639238265460419064e-01	1.574567586503933525e-01	2.488127654666424660e-01	1.514009738390350579e-01	7.289642518031108631e-02	2.971121172277921621e-02	7.579803859475696404e-02
1.132038229995336451e+03	2.636984812998065530e-01	1.573203244823683788e-01	2.489639713052505254e-01	1.514940489520791300e-01	7.293486071533229753e-02	2.973248658579852668e-02	7.585582665932459612e-02
1.133489561059432845e+03	2.634735252067055833e-01	1.571841259317077466e-01	2.491149101605761307e-01	1.515869591015076567e-01	7.297323110254708145e-02	2.975373243805490980e-02	7.591351605886084708e-02
1.134940892123529466e+03	2.632489575941030502e-01	1.570481625911304413e-01	2.492655824959020272e-01	1.516797045889574369e-01	7.301153645337313258e-02	2.977494932159266763e-02	7.597110695490116861e-02
1.136392223187626087e+03	2.630247777905277418e-01	1.569124340540608287e-01	2.494159887737097125e-01	1.517722857154585603e-01	7.304977687902176886e-02	2.979613727838933621e-02	7.602859950879203854e-02
1.137843554251722708e+03	2.628009851256710716e-01	1.567769399146276832e-01	2.495661294556804632e-01	1.518647027814360173e-01	7.308795249049847287e-02	2.981729635035581388e-02	7.608599388169040578e-02
1.139294885315819101e+03	2.625775789303854135e-01	1.566416797676627448e-01	2.497160050026969447e-01	1.519569560867115310e-01	7.312606339860350246e-02	2.983842657933651402e-02	7.614329023456326007e-02
1.140746216379915950e+03	2.623545585366818811e-01	1.565066532086994977e-01	2.498656158748444878e-01	1.520490459305050279e-01	7.316410971393241813e-02	2.985952800710948637e-02	7.620048872818711849e-02
1.142197547444012343e+03	2.621319232777282182e-01	1.563718598339720323e-01	2.500149625314125323e-01	1.521409726114363870e-01	7.320209154687663811e-02	2.988060067538657327e-02	7.625758952314756756e-02
1.143648878508108737e+03	2.619096724878467453e-01	1.562372992404138516e-01	2.501640454308959871e-01	1.522327364275271044e-01	7.324000900762397959e-02	2.990164462581352753e-02	7.631459277983872191e-02
1.145100209572205586e+03	2.616878055025125827e-01	1.561029710256565395e-01	2.503128650309965897e-01	1.523243376762019319e-01	7.327786220615925550e-02	2.992265989997015471e-02	7.637149865846284968e-02
1.146551540636302207e+03	2.614663216583515415e-01	1.559688747880285664e-01	2.504614217886242944e-01	1.524157766542904302e-01	7.331565125226473245e-02	2.994364653937045540e-02	7.642830731902988672e-02
1.148002871700398828e+03	2.612452202931379586e-01	1.558350101265541243e-01	2.506097161598985212e-01	1.525070536580287461e-01	7.335337625552076912e-02	2.996460458546275352e-02	7.648501892135693703e-02
1.149454202764495449e+03	2.610245007457929201e-01	1.557013766409518218e-01	2.507577486001499323e-01	1.525981689830610832e-01	7.339103732530630197e-02	2.998553407962982822e-02	7.654163362506793966e-02
1.150905533828591842e+03	2.608041623563821521e-01	1.555679739316336296e-01	2.509055195639212088e-01	1.526891229244413395e-01	7.342863457079935874e-02	3.000643506318905265e-02	7.659815158959314141e-02
1.152356864892688463e+03	2.605842044661140222e-01	1.554348015997034926e-01	2.510530295049687721e-01	1.527799157766348004e-01	7.346616810097765515e-02	3.002730757739252923e-02	7.665457297416872207e-02
1.153808195956785084e+03	2.603646264173374303e-01	1.553018592469561920e-01	2.512002788762640604e-01	1.528705478335196377e-01	7.350363802461906682e-02	3.004815166342721111e-02	7.671089793783633648e-02
1.155259527020881706e+03	2.601454275535400318e-01	1.551691464758761796e-01	2.513472681299950273e-01	1.529610193883885749e-01	7.354104445030221204e-02	3.006896736241505136e-02	7.676712663944278148e-02
1.156710858084978327e+03	2.599266072193462396e-01	1.550366628896363286e-01	2.514939977175673635e-01	1.530513307339503304e-01	7.357838748640692372e-02	3.008975471541311744e-02	7.682325923763955178e-02
1.158162189149074720e+03	2.597081647605150034e-01	1.549044080920967126e-01	2.516404680896058843e-01	1.531414821623313383e-01	7.361566724111479054e-02	3.011051376341373695e-02	7.687929589088239590e-02
1.159613520213171569e+03	2.594900995239381447e-01	1.547723816878034397e-01	2.517866796959558062e-01	1.532314739650772750e-01	7.365288382240969822e-02	3.013124454734462249e-02	7.693523675743098311e-02
1.161064851277267962e+03	2.592724108576381359e-01	1.546405832819874870e-01	2.519326329856840241e-01	1.533213064331545028e-01	7.369003733807830137e-02	3.015194710806899311e-02	7.699108199534857033e-02
1.162516182341364356e+03	2.590550981107661577e-01	1.545090124805633958e-01	2.520783284070808317e-01	1.534109798569517902e-01	7.372712789571060632e-02	3.017262148638572353e-02	7.704683176250155807e-02
1.163967513405461204e+03	2.588381606336003227e-01	1.543776688901282168e-01	2.522237664076608654e-01	1.535004945262817555e-01	7.376415560270040139e-02	3.019326772302946202e-02	7.710248621655911572e-02
1.165418844469557826e+03	2.586215977775434549e-01	1.542465521179601506e-01	2.523689474341646588e-01	1.535898507303823934e-01	7.380112056624581196e-02	3.021388585867075191e-02	7.715804551499287622e-02
1.166870175533654447e+03	2.584054088951213690e-01	1.541156617720175759e-01	2.525138719325599190e-01	1.536790487579186570e-01	7.383802289334980007e-02	3.023447593391617727e-02	7.721350981507657529e-02
1.168321506597751068e+03	2.581895933399807053e-01	1.539849974609376893e-01	2.526585403480429703e-01	1.537680888969839010e-01	7.387486269082069179e-02	3.025503798930847740e-02	7.726887927388567667e-02
1.169772837661847461e+03	2.579741504668871532e-01	1.538545587940353121e-01	2.528029531250398088e-01	1.538569714351014639e-01	7.391164006527260744e-02	3.027557206532667869e-02	7.732415404829705297e-02
1.171224168725944082e+03	2.577590796317232869e-01	1.537243453813018912e-01	2.529471107072078229e-01	1.539456966592261666e-01	7.394835512312601666e-02	3.029607820238622642e-02	7.737933429498868032e-02
1.172675499790040703e+03	2.575443801914868436e-01	1.535943568334041109e-01	2.530910135374367931e-01	1.540342648557457561e-01	7.398500797060822420e-02	3.031655644083910278e-02	7.743442017043926373e-02
1.174126830854137097e+03	2.573300515042886705e-01	1.534645927616828387e-01	2.532346620578503349e-01	1.541226763104824871e-01	7.402159871375391109e-02	3.033700682097396212e-02	7.748941183092795948e-02
1.175578161918233945e+03	2.571160929293507813e-01	1.533350527781518480e-01	2.533780567098072867e-01	1.542109313086945377e-01	7.405812745840548161e-02	3.035742938301624547e-02	7.754430943253406983e-02
1.177029492982330339e+03	2.569025038270044137e-01	1.532057364954967638e-01	2.535211979339029864e-01	1.542990301350774807e-01	7.409459431021370168e-02	3.037782416712830891e-02	7.759911313113669606e-02
1.178480824046426733e+03	2.566892835586881416e-01	1.530766435270738135e-01	2.536640861699704930e-01	1.543869730737657819e-01	7.413099937463811517e-02	3.039819121340956581e-02	7.765382308241446097e-02
1.179932155110523581e+03	2.564764314869459327e-01	1.529477734869086614e-01	2.538067218570821959e-01	1.544747604083342996e-01	7.416734275694752965e-02	3.041853056189658747e-02	7.770843944184524510e-02
1.181383486174620202e+03	2.562639469754250388e-01	1.528191259896952980e-01	2.539491054335508147e-01	1.545623924217996437e-01	7.420362456222051595e-02	3.043884225256323489e-02	7.776296236470585377e-02
1.182834817238716823e+03	2.560518293888745522e-01	1.526907006507947917e-01	2.540912373369308419e-01	1.546498693966217586e-01	7.423984489534588005e-02	3.045912632532079070e-02	7.781739200607176721e-02
1.184286148302813444e+03	2.558400780931429641e-01	1.525624970862341778e-01	2.542331180040199312e-01	1.547371916147052273e-01	7.427600386102310714e-02	3.047938282001806665e-02	7.787172852081689078e-02
1.185737479366910065e+03	2.556286924551764983e-01	1.524345149127052657e-01	2.543747478708600629e-01	1.548243593574008259e-01	7.431210156376290288e-02	3.049961177644154239e-02	7.792597206361324969e-02
1.187188810431006686e+03	2.554176718430171689e-01	1.523067537475635003e-01	2.545161273727389317e-01	1.549113729055069111e-01	7.434813810788758193e-02	3.051981323431547655e-02	7.798012278893072524e-02
1.188640141495103080e+03	2.552070156258009481e-01	1.521792132088268801e-01	2.546572569441912237e-01	1.549982325392708082e-01	7.438411359753160923e-02	3.053998723330203502e-02	7.803418085103683288e-02
1.190091472559199701e+03	2.549967231737556017e-01	1.520518929151745968e-01	2.547981370189999484e-01	1.550849385383903101e-01	7.442002813664201633e-02	3.056013381300140205e-02	7.808814640399644458e-02
1.191542803623296322e+03	2.547867938581990788e-01	1.519247924859460919e-01	2.549387680301977155e-01	1.551714911820150089e-01	7.445588182897890095e-02	3.058025301295191900e-02	7.814201960167156680e-02
1.192994134687392716e+03	2.545772270515374580e-01	1.517979115411398072e-01	2.550791504100680673e-01	1.552578907487477122e-01	7.449167477811587113e-02	3.060034487263018493e-02	7.819580059772106295e-02
1.194445465751489564e+03	2.543680221272631714e-01	1.516712497014120475e-01	2.552192845901467555e-01	1.553441375166459415e-01	7.452740708744048925e-02	3.062040943145119543e-02	7.824948954560052850e-02
1.195896796815585958e+03	2.541591784599529502e-01	1.515448065880758421e-01	2.553591710012230176e-01	1.554302317632231811e-01	7.456307886015477171e-02	3.064044672876844316e-02	7.830308659856190234e-02
1.197348127879682352e+03	2.539506954252661042e-01	1.514185818230997793e-01	2.554988100733408540e-01	1.555161737654503773e-01	7.459869019927557743e-02	3.066045680387404979e-02	7.835659190965338361e-02
1.198799458943779200e+03	2.537425723999423566e-01	1.512925750291068405e-01	2.556382022358004713e-01	1.556019637997572425e-01	7.463424120763514913e-02	3.068043969599889079e-02	7.841000563171915405e-02
1.200250790007875821e+03	2.535348087618004564e-01	1.511667858293734013e-01	2.557773479171592812e-01	1.556876021420336986e-01	7.466973198788148802e-02	3.070039544431268919e-02	7.846332791739916990e-02
1.201702121071972442e+03	2.533274038897356806e-01	1.510412138478278987e-01	2.559162475452333441e-01	1.557730890676311819e-01	7.470516264247883953e-02	3.072032408792416125e-02	7.851655891912900920e-02
1.203153452136069063e+03	2.531203571637185568e-01	1.509158587090498327e-01	2.560549015470988121e-01	1.558584248513640858e-01	7.474053327370812350e-02	3.074022566588112404e-02	7.856969878913962202e-02
1.204604783200165684e+03	2.529136679647924768e-01	1.507907200382685720e-01	2.561933103490929842e-01	1.559436097675110100e-01	7.477584398366739216e-02	3.076010021717060297e-02	7.862274767945713616e-02
1.206056114264262078e+03	2.527073356750722533e-01	1.506657974613622442e-01	2.563314743768155823e-01	1.560286440898161486e-01	7.481109487427226035e-02	3.077994778071895671e-02	7.867570574190269062e-02
1.207507445328358699e+03	2.525013596777418989e-01	1.505410906048565700e-01	2.564693940551302509e-01	1.561135280914907608e-01	7.484628604725637735e-02	3.079976839539199512e-02	7.872857312809225516e-02
1.208958776392455093e+03	2.522957393570531837e-01	1.504165990959237531e-01	2.566070698081654999e-01	1.561982620452143089e-01	7.488141760417180159e-02	3.081956209999509727e-02	7.878134998943643608e-02
1.210410107456551941e+03	2.520904740983232473e-01	1.502923225623814252e-01	2.567445020593163152e-01	1.562828462231359294e-01	7.491648964638947250e-02	3.083932893327332586e-02	7.883403647714035123e-02
1.211861438520648335e+03	2.518855632879331563e-01	1.501682606326913694e-01	2.568816912312452128e-01	1.563672808968757100e-01	7.495150227509968233e-02	3.085906893391152789e-02	7.888663274220336641e-02
1.213312769584745183e+03	2.516810063133259612e-01	1.500444129359585488e-01	2.570186377458835714e-01	1.564515663375260213e-01	7.498645559131242311e-02	3.087878214053447687e-02	7.893913893541902593e-02
1.214764100648841804e+03	2.514768025630047532e-01	1.499207791019299130e-01	2.571553420244328536e-01	1.565357028156528219e-01	7.502134969585791402e-02	3.089846859170695959e-02	7.899155520737487224e-02
1.216215431712937971e+03	2.512729514265308883e-01	1.497973587609932600e-01	2.572918044873658827e-01	1.566196906012969903e-01	7.505618468938690668e-02	3.091812832593391486e-02	7.904388170845226547e-02
1.217666762777034819e+03	2.510694522945220442e-01	1.496741515441761816e-01	2.574280255544282303e-01	1.567035299639756296e-01	7.509096067237124028e-02	3.093776138166052375e-02	7.909611858882628632e-02
1.219118093841131440e+03	2.508663045586506102e-01	1.495511570831448978e-01	2.575640056446392712e-01	1.567872211726833165e-01	7.512567774510418850e-02	3.095736779727234142e-02	7.914826599846552790e-02
1.220569424905228061e+03	2.506635076116416339e-01	1.494283750102031461e-01	2.576997451762936264e-01	1.568707644958934888e-01	7.516033600770090362e-02	3.097694761109540465e-02	7.920032408713201244e-02
1.222020755969324682e+03	2.504610608472709887e-01	1.493058049582911273e-01	2.578352445669622184e-01	1.569541602015596116e-01	7.519493556009881896e-02	3.099650086139633942e-02	7.925229300438105251e-02
1.223472087033421303e+03	2.502589636603637646e-01	1.491834465609843396e-01	2.579705042334937692e-01	1.570374085571166201e-01	7.522947650205810688e-02	3.101602758638247886e-02	7.930417289956107063e-02
1.224923418097517697e+03	2.500572154467922137e-01	1.490612994524924961e-01	2.581055245920158558e-01	1.571205098294820302e-01	7.526395893316202568e-02	3.103552782420197081e-02	7.935596392181355763e-02
1.226374749161614318e+03	2.498558156034741129e-01	1.489393632676583590e-01	2.582403060579362419e-01	1.572034642850572983e-01	7.529838295281740534e-02	3.105500161294389924e-02	7.940766622007289222e-02
1.227826080225710712e+03	2.496547635283707378e-01	1.488176376419567681e-01	2.583748490459439884e-01	1.572862721897290705e-01	7.533274866025500838e-02	3.107444899063837793e-02	7.945927994306625775e-02
1.229277411289807560e+03	2.494540586204851695e-01	1.486961222114934755e-01	2.585091539700109520e-01	1.573689338088704870e-01	7.536705615452997387e-02	3.109386999525668230e-02	7.951080523931348953e-02
1.230728742353903954e+03	2.492537002798605184e-01	1.485748166130039793e-01	2.586432212433927846e-01	1.574514494073423476e-01	7.540130553452221995e-02	3.111326466471134311e-02	7.956224225712704712e-02
1.232180073418000802e+03	2.490536879075780363e-01	1.484537204838525248e-01	2.587770512786302657e-01	1.575338192494944445e-01	7.543549689893681853e-02	3.113263303685626440e-02	7.961359114461184772e-02
1.233631404482097196e+03	2.488540209057553410e-01	1.483328334620309663e-01	2.589106444875506896e-01	1.576160435991667830e-01	7.546963034630442546e-02	3.115197514948683452e-02	7.966485204966516909e-02
1.235082735546193817e+03	2.486546986775446388e-01	1.482121551861576292e-01	2.590440012812688653e-01	1.576981227196908308e-01	7.550370597498169689e-02	3.117129104034002327e-02	7.971602511997660789e-02
1.236534066610290438e+03	2.484557206271308660e-01	1.480916852954762830e-01	2.591771220701883927e-01	1.577800568738907117e-01	7.553772388315166397e-02	3.119058074709451372e-02	7.976711050302794093e-02
1.237985397674387059e+03	2.482570861597299394e-01	1.479714234298550868e-01	2.593100072640029397e-01	1.578618463240844538e-01	7.557168416882414919e-02	3.120984430737078208e-02	7.981810834609306959e-02
1.239436728738483680e+03	2.480587946815869249e-01	1.478513692297854509e-01	2.594426572716975743e-01	1.579434913320852119e-01	7.560558692983615492e-02	3.122908175873123637e-02	7.986901879623792277e-02
1.240888059802580301e+03	2.478608455999743720e-01	1.477315223363808994e-01	2.595750725015497085e-01	1.580249921592025986e-01	7.563943226385225205e-02	3.124829313868030672e-02	7.991984200032040131e-02
1.242339390866676695e+03	2.476632383231902879e-01	1.476118823913760703e-01	2.597072533611307077e-01	1.581063490662436566e-01	7.567322026836498239e-02	3.126747848466454593e-02	7.997057810499030861e-02
1.243790721930773088e+03	2.474659722605566103e-01	1.474924490371256336e-01	2.598392002573067239e-01	1.581875623135143571e-01	7.570695104069526116e-02	3.128663783407276827e-02	8.002122725668921188e-02
1.245242052994869937e+03	2.472690468224172100e-01	1.473732219166031532e-01	2.599709135962402495e-01	1.582686321608205993e-01	7.574062467799275167e-02	3.130577122423611192e-02	8.007178960165049764e-02
1.246693384058966330e+03	2.470724614201363634e-01	1.472542006734000597e-01	2.601023937833910615e-01	1.583495588674694310e-01	7.577424127723625391e-02	3.132487869242818468e-02	8.012226528589923291e-02
1.248144715123063179e+03	2.468762154660966435e-01	1.471353849517245127e-01	2.602336412235177199e-01	1.584303426922703817e-01	7.580780093523410701e-02	3.134396027586514727e-02	8.017265445525210976e-02
1.249596046187159800e+03	2.466803083736975322e-01	1.470167743964004570e-01	2.603646563206784004e-01	1.585109838935364612e-01	7.584130374862455004e-02	3.136301601170582432e-02	8.022295725531743138e-02
1.251047377251256421e+03	2.464847395573533106e-01	1.468983686528664567e-01	2.604954394782325044e-01	1.585914827290854923e-01	7.587474981387613837e-02	3.138204593705183620e-02	8.027317383149504271e-02
1.252498708315352815e+03	2.462895084324914496e-01	1.467801673671745299e-01	2.606259910988414918e-01	1.586718394562413037e-01	7.590813922728807672e-02	3.140105008894764071e-02	8.032330432897628880e-02
1.253950039379449436e+03	2.460946144155509441e-01	1.466621701859892879e-01	2.607563115844704904e-01	1.587520543318347299e-01	7.594147208499062163e-02	3.142002850438072037e-02	8.037334889274394545e-02
1.255401370443546057e+03	2.459000569239803702e-01	1.465443767565867694e-01	2.608864013363892953e-01	1.588321276122049985e-01	7.597474848294553940e-02	3.143898122028161712e-02	8.042330766757224692e-02
1.256852701507642678e+03	2.457058353762362202e-01	1.464267867268533585e-01	2.610162607551733682e-01	1.589120595532007019e-01	7.600796851694632816e-02	3.145790827352408503e-02	8.047318079802677493e-02
1.258304032571739299e+03	2.455119491917811259e-01	1.463093997452847295e-01	2.611458902407053917e-01	1.589918504101811569e-01	7.604113228261870361e-02	3.147680970092515268e-02	8.052296842846451419e-02
1.259755363635835920e+03	2.453183977910821933e-01	1.461922154609847924e-01	2.612752901921763793e-01	1.590715004380174324e-01	7.607423987542097366e-02	3.149568553924528280e-02	8.057267070303376910e-02
1.261206694699932314e+03	2.451251805956091434e-01	1.460752335236646382e-01	2.614044610080866748e-01	1.591510098910934590e-01	7.610729139064434379e-02	3.151453582518840002e-02	8.062228776567414990e-02
1.262658025764028707e+03	2.449322970278325906e-01	1.459584535836415398e-01	2.615334030862473402e-01	1.592303790233073890e-01	7.614028692341333338e-02	3.153336059540206432e-02	8.067181976011654487e-02
1.264109356828125556e+03	2.447397465112224613e-01	1.458418752918378136e-01	2.616621168237812101e-01	1.593096080880724852e-01	7.617322656868615038e-02	3.155215988647753350e-02	8.072126682988314816e-02
1.265560687892221949e+03	2.445475284702458840e-01	1.457254982997797377e-01	2.617906026171243905e-01	1.593886973383184247e-01	7.620611042125502443e-02	3.157093373494988808e-02	8.077062911828740421e-02
1.267012018956318798e+03	2.443556423303659408e-01	1.456093222595967185e-01	2.619188608620269809e-01	1.594676470264924373e-01	7.623893857574662314e-02	3.158968217729812150e-02	8.081990676843402166e-02
1.268463350020415419e+03	2.441640875180395021e-01	1.454933468240199590e-01	2.620468919535546282e-01	1.595464574045602768e-01	7.627171112662234354e-02	3.160840524994523726e-02	8.086909992321894558e-02
1.269914681084511813e+03	2.439728634607158386e-01	1.453775716463815149e-01	2.621746962860895258e-01	1.596251287240075256e-01	7.630442816817874230e-02	3.162710298925835301e-02	8.091820872532938524e-02
1.271366012148608434e+03	2.437819695868346792e-01	1.452619963806133507e-01	2.623022742533316354e-01	1.597036612358407048e-01	7.633708979454789656e-02	3.164577543154883238e-02	8.096723331724380024e-02
1.272817343212705055e+03	2.435914053258245449e-01	1.451466206812462578e-01	2.624296262482999631e-01	1.597820551905882458e-01	7.636969609969768147e-02	3.166442261307232664e-02	8.101617384123188659e-02
1.274268674276801676e+03	2.434011701081010559e-01	1.450314442034086604e-01	2.625567526633336146e-01	1.598603108383017668e-01	7.640224717743221428e-02	3.168304457002893426e-02	8.106503043935464614e-02
1.275720005340898297e+03	2.432112633650652944e-01	1.449164666028257553e-01	2.626836538900930718e-01	1.599384284285570446e-01	7.643474312139220128e-02	3.170164133856326338e-02	8.111380325346431719e-02
1.277171336404994690e+03	2.430216845291018335e-01	1.448016875358183742e-01	2.628103303195611917e-01	1.600164082104552354e-01	7.646718402505522927e-02	3.172021295476454283e-02	8.116249242520444385e-02
1.278622667469091539e+03	2.428324330335773773e-01	1.446871066593020394e-01	2.629367823420446504e-01	1.600942504326239302e-01	7.649956998173622347e-02	3.173875945466674009e-02	8.121109809600988994e-02
1.280073998533187932e+03	2.426435083128387349e-01	1.445727236307859098e-01	2.630630103471748305e-01	1.601719553432182364e-01	7.653190108458771124e-02	3.175728087424863066e-02	8.125962040710682510e-02
1.281525329597284326e+03	2.424549098022113769e-01	1.444585381083715869e-01	2.631890147239091537e-01	1.602495231899218886e-01	7.656417742660019676e-02	3.177577724943391607e-02	8.130805949951276645e-02
1.282976660661381175e+03	2.422666369379975482e-01	1.443445497507522823e-01	2.633147958605321914e-01	1.603269542199483588e-01	7.659639910060252188e-02	3.179424861609132097e-02	8.135641551403664795e-02
1.284427991725477568e+03	2.420786891574746580e-01	1.442307582172117630e-01	2.634403541446569963e-01	1.604042486800417999e-01	7.662856619926219914e-02	3.181269501003467642e-02	8.140468859127876489e-02
1.285879322789574417e+03	2.418910658988936146e-01	1.441171631676232134e-01	2.635656899632259353e-01	1.604814068164784058e-01	7.666067881508578652e-02	3.183111646702305175e-02	8.145287887163089879e-02
1.287330653853671038e+03	2.417037666014770214e-01	1.440037642624483194e-01	2.636908037025121332e-01	1.605584288750671884e-01	7.669273704041920658e-02	3.184951302276081697e-02	8.150098649527626193e-02
1.288781984917767431e+03	2.415167907054175667e-01	1.438905611627361580e-01	2.638156957481204157e-01	1.606353151011512825e-01	7.672474096744809346e-02	3.186788471289776770e-02	8.154901160218963607e-02
1.290233315981864052e+03	2.413301376518763863e-01	1.437775535301222540e-01	2.639403664849887532e-01	1.607120657396088614e-01	7.675669068819815366e-02	3.188623157302919453e-02	8.159695433213731697e-02
