1.001418434226643626e+03	2.856407545031908191e-01	1.705670321115723143e-01	2.342032877854101636e-01	1.424187616105632159e-01	6.921255919952322422e-02	2.770755645581797488e-02	7.025004833389028591e-02
1.003837319333471214e+03	2.852029138318735724e-01	1.703020523585646595e-01	2.344978585459688847e-01	1.426004004292280580e-01	6.928708921479520555e-02	2.774755984888215357e-02	7.036212577065555085e-02
1.006256204440298802e+03	2.847663328094357515e-01	1.700378349674623035e-01	2.347915652475043580e-01	1.427815002545902157e-01	6.936140816053271152e-02	2.778747099273677981e-02	7.047388756770600615e-02
1.008675089547126618e+03	2.843310078079158698e-01	1.697743777423199596e-01	2.350844103863584944e-01	1.429620627641400299e-01	6.943551665017572150e-02	2.782729011616701803e-02	7.058533453289103643e-02
1.011093974653954206e+03	2.838969352098356658e-01	1.695116784935408183e-01	2.353763964516784879e-01	1.431420896292096290e-01	6.950941529507416450e-02	2.786701744731185509e-02	7.069646747331748138e-02
1.013512859760782021e+03	2.834641114081690727e-01	1.692497350378580345e-01	2.356675259254376598e-01	1.433215825150085665e-01	6.958310470450002061e-02	2.790665321366677179e-02	7.080728719532804194e-02
1.015931744867609382e+03	2.830325328063117429e-01	1.689885451983158815e-01	2.359578012824561644e-01	1.435005430806589322e-01	6.965658548565920039e-02	2.794619764208636920e-02	7.091779450447992239e-02
1.018350629974437197e+03	2.826021958180504057e-01	1.687281068042514043e-01	2.362472249904216393e-01	1.436789729792302128e-01	6.972985824370345198e-02	2.798565095878699158e-02	7.102799020552409692e-02
1.020769515081264785e+03	2.821730968675324469e-01	1.684684176912757958e-01	2.365357995099098554e-01	1.438568738577739592e-01	6.980292358174201850e-02	2.802501338934932848e-02	7.113787510238478440e-02
1.023188400188092373e+03	2.817452323892356003e-01	1.682094757012561059e-01	2.368235272944050618e-01	1.440342473573577031e-01	6.987578210085321206e-02	2.806428515872097518e-02	7.124744999813945046e-02
1.025607285294920075e+03	2.813185988279375827e-01	1.679512786822966453e-01	2.371104107903206915e-01	1.442110951130990415e-01	6.994843440009590463e-02	2.810346649121899659e-02	7.135671569499921207e-02
1.028026170401747549e+03	2.808931926386858402e-01	1.676938244887208884e-01	2.373964524370197060e-01	1.443874187541989706e-01	7.002088107652078286e-02	2.814255761053246693e-02	7.146567299428946418e-02
1.030445055508575479e+03	2.804690102867676282e-01	1.674371109810530445e-01	2.376816546668348296e-01	1.445632199039749988e-01	7.009312272518160303e-02	2.818155873972498157e-02	7.157432269643107525e-02
1.032863940615402726e+03	2.800460482476798130e-01	1.671811360259999046e-01	2.379660199050890046e-01	1.447385001798941195e-01	7.016515993914626548e-02	2.822047010123715158e-02	7.168266560092187434e-02
1.035282825722230655e+03	2.796243030070993396e-01	1.669258974964328290e-01	2.382495505701155425e-01	1.449132611936052029e-01	7.023699330950779196e-02	2.825929191688907743e-02	7.179070250631848504e-02
1.037701710829058356e+03	2.792037710608528123e-01	1.666713932713693447e-01	2.385322490732783574e-01	1.450875045509711914e-01	7.030862342539516419e-02	2.829802440788281234e-02	7.189843421021856196e-02
1.040120595935886058e+03	2.787844489148875171e-01	1.664176212359554652e-01	2.388141178189920333e-01	1.452612318521009915e-01	7.038005087398407911e-02	2.833666779480480125e-02	7.200586150924337403e-02
1.042539481042713533e+03	2.783663330852413353e-01	1.661645792814474276e-01	2.390951592047418917e-01	1.454344446913810041e-01	7.045127624050756543e-02	2.837522229762828863e-02	7.211298519902076265e-02
1.044958366149541234e+03	2.779494200980131557e-01	1.659122653051939567e-01	2.393753756211040307e-01	1.456071446575064321e-01	7.052230010826653073e-02	2.841368813571573324e-02	7.221980607416833564e-02
1.047377251256368709e+03	2.775337064893338979e-01	1.656606772106183345e-01	2.396547694517652261e-01	1.457793333335121455e-01	7.059312305864012815e-02	2.845206552782118467e-02	7.232632492827717474e-02
1.049796136363196410e+03	2.771191888053367580e-01	1.654098129072006373e-01	2.399333430735428874e-01	1.459510122968033508e-01	7.066374567109610927e-02	2.849035469209265647e-02	7.243254255389573737e-02
1.052215021470024112e+03	2.767058636021279550e-01	1.651596703104599162e-01	2.402110988564046812e-01	1.461221831191859555e-01	7.073416852320092707e-02	2.852855584607446107e-02	7.253845974251414697e-02
1.054633906576851814e+03	2.762937274457579195e-01	1.649102473419365444e-01	2.404880391634886538e-01	1.462928473668966278e-01	7.080439219062996392e-02	2.856666920670954818e-02	7.264407728454880253e-02
1.057052791683679516e+03	2.758827769121918738e-01	1.646615419291745097e-01	2.407641663511226326e-01	1.464630066006325781e-01	7.087441724717735703e-02	2.860469499034181198e-02	7.274939596932730734e-02
1.059471676790506763e+03	2.754730085872810763e-01	1.644135520057039557e-01	2.410394827688439601e-01	1.466326623755809522e-01	7.094424426476604595e-02	2.864263341271839833e-02	7.285441658507368912e-02
1.061890561897334692e+03	2.750644190667336231e-01	1.641662755110235850e-01	2.413139907594192279e-01	1.468018162414482797e-01	7.101387381345741767e-02	2.868048468899196332e-02	7.295913991889396710e-02
1.064309447004162394e+03	2.746570049560861371e-01	1.639197103905832287e-01	2.415876926588635676e-01	1.469704697424890905e-01	7.108330646146110432e-02	2.871824903372295970e-02	7.306356675676202450e-02
1.066728332110990095e+03	2.742507628706745693e-01	1.636738545957662772e-01	2.418605907964604396e-01	1.471386244175348357e-01	7.115254277514448944e-02	2.875592666088185728e-02	7.316769788350570292e-02
1.069147217217817570e+03	2.738456894356059435e-01	1.634287060838724714e-01	2.421326874947807573e-01	1.473062818000220875e-01	7.122158331904225592e-02	2.879351778385139116e-02	7.327153408279331315e-02
1.071566102324645271e+03	2.734417812857295460e-01	1.631842628181005561e-01	2.424039850697024545e-01	1.474734434180208775e-01	7.129042865586571187e-02	2.883102261542876826e-02	7.337507613712034027e-02
1.073984987431472746e+03	2.730390350656087817e-01	1.629405227675309598e-01	2.426744858304297481e-01	1.476401107942623414e-01	7.135907934651219975e-02	2.886844136782786008e-02	7.347832482779644014e-02
1.076403872538300675e+03	2.726374474294924188e-01	1.626974839071086976e-01	2.429441920795123167e-01	1.478062854461664188e-01	7.142753595007420020e-02	2.890577425268138489e-02	7.358128093493282451e-02
1.078822757645127922e+03	2.722370150412866674e-01	1.624551442176261906e-01	2.432131061128646465e-01	1.479719688858693039e-01	7.149579902384850527e-02	2.894302148104309011e-02	7.368394523742978486e-02
1.081241642751955851e+03	2.718377345745269236e-01	1.622135016857061129e-01	2.434812302197851552e-01	1.481371626202503400e-01	7.156386912334525285e-02	2.898018326338987552e-02	7.378631851296454935e-02
1.083660527858783553e+03	2.714396027123495703e-01	1.619725543037843218e-01	2.437485666829750652e-01	1.483018681509590542e-01	7.163174680229685010e-02	2.901725980962395132e-02	7.388840153797941734e-02
1.086079412965611255e+03	2.710426161474638884e-01	1.617323000700930102e-01	2.440151177785576941e-01	1.484660869744416634e-01	7.169943261266684131e-02	2.905425132907494754e-02	7.399019508767015751e-02
1.088498298072438729e+03	2.706467715821243569e-01	1.614927369886436648e-01	2.442808857760973840e-01	1.486298205819674700e-01	7.176692710465865099e-02	2.909115803050201995e-02	7.409169993597465587e-02
1.090917183179266431e+03	2.702520657281028416e-01	1.612538630692101627e-01	2.445458729386183194e-01	1.487930704596549802e-01	7.183423082672428517e-02	2.912798012209594570e-02	7.419291685556175797e-02
1.093336068286093905e+03	2.698584953066605063e-01	1.610156763273119795e-01	2.448100815226234017e-01	1.489558380884977995e-01	7.190134432557292177e-02	2.916471781148119793e-02	7.429384661782049981e-02
1.095754953392921607e+03	2.694660570485204465e-01	1.607781747841974529e-01	2.450735137781132611e-01	1.491181249443902235e-01	7.196826814617944545e-02	2.920137130571800674e-02	7.439448999284949127e-02
1.098173838499749309e+03	2.690747476938400440e-01	1.605413564668269621e-01	2.453361719486047421e-01	1.492799324981528286e-01	7.203500283179284369e-02	2.923794081130440606e-02	7.449484774944653553e-02
1.100592723606577010e+03	2.686845639921834894e-01	1.603052194078562753e-01	2.455980582711497773e-01	1.494412622155574522e-01	7.210154892394458892e-02	2.927442653417827723e-02	7.459492065509852610e-02
1.103011608713404712e+03	2.682955027024941930e-01	1.600697616456199790e-01	2.458591749763540391e-01	1.496021155573523942e-01	7.216790696245688197e-02	2.931082867971935429e-02	7.469470947597157962e-02
1.105430493820231959e+03	2.679075605930675841e-01	1.598349812241149082e-01	2.461195242883954248e-01	1.497624939792869536e-01	7.223407748545090934e-02	2.934714745275124326e-02	7.479421497690137699e-02
1.107849378927059888e+03	2.675207344415240773e-01	1.596008761929834652e-01	2.463791084250427088e-01	1.499223989321361583e-01	7.230006102935489232e-02	2.938338305754341351e-02	7.489343792138372646e-02
1.110268264033887590e+03	2.671350210347813725e-01	1.593674446074973550e-01	2.466379295976740271e-01	1.500818318617248848e-01	7.236585812891214997e-02	2.941953569781316849e-02	7.499237907156543204e-02
1.112687149140715292e+03	2.667504171690279202e-01	1.591346845285410705e-01	2.468959900112951411e-01	1.502407942089522275e-01	7.243146931718912052e-02	2.945560557672762675e-02	7.509103918823524515e-02
1.115106034247542766e+03	2.663669196496957214e-01	1.589025940225954336e-01	2.471532918645580890e-01	1.503992874098151467e-01	7.249689512558316062e-02	2.949159289690567176e-02	7.518941903081519107e-02
1.117524919354370468e+03	2.659845252914331826e-01	1.586711711617214138e-01	2.474098373497792824e-01	1.505573128954322826e-01	7.256213608383041413e-02	2.952749786041988442e-02	7.528751935735195078e-02
1.119943804461197942e+03	2.656032309180786921e-01	1.584404140235438074e-01	2.476656286529578810e-01	1.507148720920674090e-01	7.262719272001358362e-02	2.956332066879847550e-02	7.538534092450854818e-02
1.122362689568025871e+03	2.652230333626334757e-01	1.582103206912350568e-01	2.479206679537940272e-01	1.508719664211527756e-01	7.269206556056952151e-02	2.959906152302721125e-02	7.548288448755627322e-02
1.124781574674853118e+03	2.648439294672353950e-01	1.579808892534989295e-01	2.481749574257069713e-01	1.510285972993120895e-01	7.275675513029693231e-02	2.963472062355130415e-02	7.558015080036674382e-02
1.127200459781681047e+03	2.644659160831318023e-01	1.577521178045546146e-01	2.484284992358531674e-01	1.511847661383834696e-01	7.282126195236386657e-02	2.967029817027730734e-02	7.567714061540416204e-02
1.129619344888508749e+03	2.640889900706534510e-01	1.575240044441204024e-01	2.486812955451444263e-01	1.513404743454421220e-01	7.288558654831515937e-02	2.970579436257499845e-02	7.577385468371782007e-02
1.132038229995336451e+03	2.637131482991878495e-01	1.572965472773978912e-01	2.489333485082658448e-01	1.514957233228228783e-01	7.294972943807988275e-02	2.974120939927924964e-02	7.587029375493475891e-02
1.134457115102163925e+03	2.633383876471530605e-01	1.570697444150558897e-01	2.491846602736938476e-01	1.516505144681424277e-01	7.301369113997864535e-02	2.977654347869186646e-02	7.596645857725264905e-02
1.136876000208991627e+03	2.629647050019712773e-01	1.568435939732145123e-01	2.494352329837138948e-01	1.518048491743215767e-01	7.307747217073086443e-02	2.981179679858344742e-02	7.606234989743285158e-02
1.139294885315819101e+03	2.625920972600427894e-01	1.566180940734293037e-01	2.496850687744385788e-01	1.519587288296069816e-01	7.314107304546196842e-02	2.984696955619521239e-02	7.615796846079363192e-02
1.141713770422646803e+03	2.622205613267197255e-01	1.563932428426754173e-01	2.499341697758252490e-01	1.521121548175931315e-01	7.320449427771054396e-02	2.988206194824081022e-02	7.625331501120359567e-02
1.144132655529474505e+03	2.618500941162801299e-01	1.561690384133318232e-01	2.501825381116938862e-01	1.522651285172437197e-01	7.326773637943539974e-02	2.991707417090815405e-02	7.634839029107531871e-02
1.146551540636302207e+03	2.614806925519019831e-01	1.559454789231655703e-01	2.504301758997447003e-01	1.524176513029131819e-01	7.333079986102260250e-02	2.995200641986119419e-02	7.644319504135906052e-02
1.148970425743129908e+03	2.611123535656373340e-01	1.557225625153161319e-01	2.506770852515759485e-01	1.525697245443679295e-01	7.339368523129238819e-02	2.998685889024171880e-02	7.653773000153678285e-02
1.151389310849957155e+03	2.607450740983864867e-01	1.555002873382797801e-01	2.509232682727012831e-01	1.527213496068072496e-01	7.345639299750608697e-02	3.002163177667112326e-02	7.663199590961621011e-02
1.153808195956785084e+03	2.603788510998723549e-01	1.552786515458938477e-01	2.511687270625673762e-01	1.528725278508843433e-01	7.351892366537292334e-02	3.005632527325217615e-02	7.672599350212516711e-02
1.156227081063612786e+03	2.600136815286145930e-01	1.550576532973214072e-01	2.514134637145716278e-01	1.530232606327269484e-01	7.358127773905685787e-02	3.009093957357077478e-02	7.681972351410598643e-02
1.158645966170440488e+03	2.596495623519043394e-01	1.548372907570356172e-01	2.516574803160792073e-01	1.531735493039578511e-01	7.364345572118319305e-02	3.012547487069770075e-02	7.691318667911019313e-02
1.161064851277267962e+03	2.592864905457785696e-01	1.546175620948044005e-01	2.519007789484408733e-01	1.533233952117153687e-01	7.370545811284530402e-02	3.015993135719032686e-02	7.700638372919321739e-02
1.163483736384095664e+03	2.589244630949946169e-01	1.543984654856749017e-01	2.521433616870100147e-01	1.534727996986734733e-01	7.376728541361124436e-02	3.019430922509435886e-02	7.709931539490935681e-02
1.165902621490923138e+03	2.585634769930051369e-01	1.541799991099582212e-01	2.523852306011601376e-01	1.536217641030618586e-01	7.382893812153024093e-02	3.022860866594555274e-02	7.719198240530686372e-02
1.168321506597751068e+03	2.582035292419324057e-01	1.539621611532140666e-01	2.526263877543017955e-01	1.537702897586858686e-01	7.389041673313920255e-02	3.026282987077139747e-02	7.728438548792318508e-02
1.170740391704578315e+03	2.578446168525435067e-01	1.537449498062355147e-01	2.528668352039002976e-01	1.539183779949462039e-01	7.395172174346915928e-02	3.029697303009282541e-02	7.737652536878034115e-02
1.173159276811406244e+03	2.574867368442251281e-01	1.535283632650338292e-01	2.531065750014924176e-01	1.540660301368584895e-01	7.401285364605163231e-02	3.033103833392588808e-02	7.746840277238047079e-02
1.175578161918233945e+03	2.571298862449584721e-01	1.533123997308232511e-01	2.533456091927034914e-01	1.542132475050727036e-01	7.407381293292497615e-02	3.036502597178341797e-02	7.756001842170154315e-02
1.177997047025061647e+03	2.567740620912942751e-01	1.530970574100058434e-01	2.535839398172647363e-01	1.543600314158924680e-01	7.413460009464062361e-02	3.039893613267671824e-02	7.765137303819312498e-02
1.180415932131889122e+03	2.564192614283281602e-01	1.528823345141564483e-01	2.538215689090301264e-01	1.545063831812941435e-01	7.419521562026933081e-02	3.043276900511719674e-02	7.774246734177238383e-02
1.182834817238716823e+03	2.560654813096754912e-01	1.526682292600076707e-01	2.540584984959931569e-01	1.546523041089458705e-01	7.425565999740738055e-02	3.046652477711800366e-02	7.783330205082016062e-02
1.185253702345544298e+03	2.557127187974469473e-01	1.524547398694348910e-01	2.542947306003039976e-01	1.547977955022263041e-01	7.431593371218259136e-02	3.050020363619568298e-02	7.792387788217726430e-02
1.187672587452371999e+03	2.553609709622236545e-01	1.522418645694412764e-01	2.545302672382862563e-01	1.549428586602434044e-01	7.437603724926050708e-02	3.053380576937179264e-02	7.801419555114079418e-02
1.190091472559199701e+03	2.550102348830326493e-01	1.520296015921429600e-01	2.547651104204536332e-01	1.550874948778528661e-01	7.443597109185036420e-02	3.056733136317451791e-02	7.810425577146061504e-02
1.192510357666027403e+03	2.546605076473226204e-01	1.518179491747540522e-01	2.549992621515267954e-01	1.552317054456766598e-01	7.449573572171105940e-02	3.060078060364027769e-02	7.819405925533609580e-02
1.194929242772855105e+03	2.543117863509390397e-01	1.516069055595720416e-01	2.552327244304502529e-01	1.553754916501211003e-01	7.455533161915707530e-02	3.063415367631532049e-02	7.828360671341273724e-02
1.197348127879682352e+03	2.539640680981001264e-01	1.513964689939628350e-01	2.554654992504085675e-01	1.555188547733951376e-01	7.461475926306440631e-02	3.066745076625732383e-02	7.837289885477914664e-02
1.199767012986510281e+03	2.536173500013725324e-01	1.511866377303461295e-01	2.556975885988433395e-01	1.556617960935283151e-01	7.467401913087631793e-02	3.070067205803695548e-02	7.846193638696398465e-02
1.202185898093337983e+03	2.532716291816468623e-01	1.509774100261807028e-01	2.559289944574695830e-01	1.558043168843885606e-01	7.473311169860917536e-02	3.073381773573946596e-02	7.855072001593313424e-02
1.204604783200165684e+03	2.529269027681139148e-01	1.507687841439498688e-01	2.561597188022923244e-01	1.559464184157000055e-01	7.479203744085816119e-02	3.076688798296624283e-02	7.863925044608692516e-02
1.207023668306993159e+03	2.525831678982402573e-01	1.505607583511467951e-01	2.563897636036230887e-01	1.560881019530604152e-01	7.485079683080299306e-02	3.079988298283635809e-02	7.872752838025746935e-02
1.209442553413820860e+03	2.522404217177445784e-01	1.503533309202600143e-01	2.566191308260961090e-01	1.562293687579588974e-01	7.490939034021353027e-02	3.083280291798812245e-02	7.881555451970617687e-02
1.211861438520648335e+03	2.518986613805733188e-01	1.501465001287589085e-01	2.568478224286848688e-01	1.563702200877929438e-01	7.496781843945544976e-02	3.086564797058061888e-02	7.890332956412131338e-02
1.214280323627476264e+03	2.515578840488773005e-01	1.499402642590791923e-01	2.570758403647183665e-01	1.565106571958858606e-01	7.502608159749572792e-02	3.089841832229523605e-02	7.899085421161573806e-02
1.216699208734303511e+03	2.512180868929876354e-01	1.497346215986086193e-01	2.573031865818973252e-01	1.566506813315037550e-01	7.508418028190821936e-02	3.093111415433718106e-02	7.907812915872461379e-02
1.219118093841131440e+03	2.508792670913921330e-01	1.495295704396725212e-01	2.575298630223106788e-01	1.567902937398724939e-01	7.514211495887911096e-02	3.096373564743699902e-02	7.916515510040345038e-02
1.221536978947959142e+03	2.505414218307114305e-01	1.493251090795195413e-01	2.577558716224513935e-01	1.569294956621946069e-01	7.519988609321236195e-02	3.099628298185207881e-02	7.925193273002603678e-02
1.223955864054786844e+03	2.502045483056757336e-01	1.491212358203073129e-01	2.579812143132326763e-01	1.570682883356658843e-01	7.525749414833508844e-02	3.102875633736813452e-02	7.933846273938258142e-02
1.226374749161614318e+03	2.498686437191011689e-01	1.489179489690882208e-01	2.582058930200042957e-01	1.572066729934920304e-01	7.531493958630293417e-02	3.106115589330072507e-02	7.942474581867793593e-02
1.228793634268442020e+03	2.495337052818663304e-01	1.487152468377952452e-01	2.584299096625685133e-01	1.573446508649052333e-01	7.537222286780538572e-02	3.109348182849670447e-02	7.951078265652991584e-02
1.231212519375269494e+03	2.491997302128889924e-01	1.485131277432277519e-01	2.586532661551957935e-01	1.574822231751803470e-01	7.542934445217101824e-02	3.112573432133570669e-02	7.959657393996774633e-02
1.233631404482097196e+03	2.488667157391027673e-01	1.483115900070373638e-01	2.588759644066411236e-01	1.576193911456512109e-01	7.548630479737275523e-02	3.115791354973161675e-02	7.968212035443056340e-02
1.236050289588924898e+03	2.485346590954337909e-01	1.481106319557139728e-01	2.590980063201596129e-01	1.577561559937268876e-01	7.554310436003307261e-02	3.119001969113402092e-02	7.976742258376598449e-02
1.238469174695752372e+03	2.482035575247777681e-01	1.479102519205716948e-01	2.593193937935226456e-01	1.578925189329075385e-01	7.559974359542914746e-02	3.122205292252966391e-02	7.985248131022890106e-02
1.240888059802580301e+03	2.478734082779767700e-01	1.477104482377347705e-01	2.595401287190334250e-01	1.580284811728003835e-01	7.565622295749796500e-02	3.125401342044387826e-02	7.993729721448020187e-02
1.243306944909407548e+03	2.475442086137961406e-01	1.475112192481237983e-01	2.597602129835428486e-01	1.581640439191354663e-01	7.571254289884141175e-02	3.128590136094205193e-02	8.002187097558569051e-02
1.245725830016235477e+03	2.472159557989017376e-01	1.473125632974416899e-01	2.599796484684651632e-01	1.582992083737814193e-01	7.576870387073135482e-02	3.131771691963100568e-02	8.010620327101507232e-02
1.248144715123063179e+03	2.468886471078368672e-01	1.471144787361598483e-01	2.601984370497936738e-01	1.584339757347610067e-01	7.582470632311461012e-02	3.134946027166046756e-02	8.019029477664101069e-02
1.250563600229890881e+03	2.465622798229995527e-01	1.469169639195043453e-01	2.604165805981164539e-01	1.585683471962665292e-01	7.588055070461791063e-02	3.138113159172446071e-02	8.027414616673826664e-02
1.252982485336718355e+03	2.462368512346198857e-01	1.467200172074421272e-01	2.606340809786317214e-01	1.587023239486752835e-01	7.593623746255288853e-02	3.141273105406269806e-02	8.035775811398293555e-02
1.255401370443546057e+03	2.459123586407370721e-01	1.465236369646674142e-01	2.608509400511635490e-01	1.588359071785648002e-01	7.599176704292096018e-02	3.144425883246201175e-02	8.044113128945173941e-02
1.257820255550373531e+03	2.455887993471771169e-01	1.463278215605877397e-01	2.610671596701772401e-01	1.589690980687280542e-01	7.604713989041818334e-02	3.147571510025772706e-02	8.052426636262147164e-02
1.260239140657201460e+03	2.452661706675301201e-01	1.461325693693105165e-01	2.612827416847949280e-01	1.591018977981883409e-01	7.610235644844010050e-02	3.150710003033505707e-02	8.060716400136846982e-02
1.262658025764028707e+03	2.449444699231278499e-01	1.459378787696294089e-01	2.614976879388106745e-01	1.592343075422144594e-01	7.615741715908654064e-02	3.153841379513047660e-02	8.068982487196814379e-02
1.265076910870856636e+03	2.446236944430213167e-01	1.457437481450105377e-01	2.617120002707061244e-01	1.593663284723355056e-01	7.621232246316640702e-02	3.156965656663308917e-02	8.077224963909457323e-02
1.267495795977684338e+03	2.443038415639584016e-01	1.455501758835792137e-01	2.619256805136657151e-01	1.594979617563555552e-01	7.626707280020239565e-02	3.160082851638601475e-02	8.085443896582028556e-02
1.269914681084511813e+03	2.439849086303616521e-01	1.453571603781062815e-01	2.621387304955917763e-01	1.596292085583684017e-01	7.632166860843571377e-02	3.163192981548772903e-02	8.093639351361602008e-02
1.272333566191339514e+03	2.436668929943059947e-01	1.451647000259947140e-01	2.623511520391201279e-01	1.597600700387721007e-01	7.637611032483068718e-02	3.166296063459342336e-02	8.101811394235056141e-02
1.274752451298167216e+03	2.433497920154966132e-01	1.449727932292661781e-01	2.625629469616348466e-01	1.598905473542834021e-01	7.643039838507949268e-02	3.169392114391635790e-02	8.109960091029067009e-02
1.277171336404994690e+03	2.430336030612468834e-01	1.447814383945477124e-01	2.627741170752836974e-01	1.600206416579522950e-01	7.648453322360673767e-02	3.172481151322917303e-02	8.118085507410109647e-02
1.279590221511822392e+03	2.427183235064563627e-01	1.445906339330583212e-01	2.629846641869929558e-01	1.601503540991761065e-01	7.653851527357399820e-02	3.175563191186527023e-02	8.126187708884463623e-02
1.282009106618650094e+03	2.424039507335887522e-01	1.444003782605956798e-01	2.631945900984827280e-01	1.602796858237137134e-01	7.659234496688439864e-02	3.178638250872009574e-02	8.134266760798224138e-02
1.284427991725477568e+03	2.420904821326501088e-01	1.442106697975229501e-01	2.634038966062818843e-01	1.604086379736998080e-01	7.664602273418713585e-02	3.181706347225249365e-02	8.142322728337327009e-02
1.286846876832305497e+03	2.417779151011670291e-01	1.440215069687555138e-01	2.636125855017426578e-01	1.605372116876587485e-01	7.669954900488193394e-02	3.184767497048599655e-02	8.150355676527570870e-02
1.289265761939132744e+03	2.414662470441648612e-01	1.438328882037477885e-01	2.638206585710561880e-01	1.606654081005185475e-01	7.675292420712352681e-02	3.187821717101013697e-02	8.158365670234653255e-02
1.291684647045960673e+03	2.411554753741458890e-01	1.436448119364800990e-01	2.640281175952669535e-01	1.607932283436246668e-01	7.680614876782607126e-02	3.190869024098178658e-02	8.166352774164209460e-02
1.294103532152788375e+03	2.408455975110679881e-01	1.434572766054456050e-01	2.642349643502876488e-01	1.609206735447538394e-01	7.685922311266757401e-02	3.193909434712637746e-02	8.174317052861855559e-02
1.296522417259616077e+03	2.405366108823227544e-01	1.432702806536371165e-01	2.644412006069141174e-01	1.610477448281276980e-01	7.691214766609423548e-02	3.196942965573928291e-02	8.182258570713242529e-02
1.298941302366443551e+03	2.402285129227141880e-01	1.430838225285342158e-01	2.646468281308399506e-01	1.611744433144262634e-01	7.696492285132479350e-02	3.199969633268703179e-02	8.190177391944113150e-02
1.301360187473271253e+03	2.399213010744372376e-01	1.428979006820902953e-01	2.648518486826712537e-01	1.613007701208016842e-01	7.701754909035485319e-02	3.202989454340861991e-02	8.198073580620367229e-02
1.303779072580098727e+03	2.396149727870564017e-01	1.427125135707193460e-01	2.650562640179413010e-01	1.614267263608913094e-01	7.707002680396116134e-02	3.206002445291678687e-02	8.205947200648126827e-02
1.306197957686926657e+03	2.393095255174843006e-01	1.425276596552834396e-01	2.652600758871253017e-01	1.615523131448313165e-01	7.712235641170586686e-02	3.209008622579926501e-02	8.213798315773815362e-02
1.308616842793753904e+03	2.390049567299606104e-01	1.423433374010795449e-01	2.654632860356545554e-01	1.616775315792697565e-01	7.717453833194073964e-02	3.212008002622003533e-02	8.221626989584238099e-02
1.311035727900581833e+03	2.387012638960308020e-01	1.421595452778268154e-01	2.656658962039314398e-01	1.618023827673798487e-01	7.722657298181145880e-02	3.215000601792061125e-02	8.229433285506665419e-02
1.313454613007409534e+03	2.383984444945250192e-01	1.419762817596537940e-01	2.658679081273436773e-01	1.619268678088729985e-01	7.727846077726163720e-02	3.217986436422128060e-02	8.237217266808924410e-02
1.315873498114237009e+03	2.380964960115369844e-01	1.417935453250856737e-01	2.660693235362787123e-01	1.620509878000117865e-01	7.733020213303715140e-02	3.220965522802233388e-02	8.244978996599497401e-02
1.318292383221064711e+03	2.377954159404030154e-01	1.416113344570315291e-01	2.662701441561384219e-01	1.621747438336229863e-01	7.738179746269015225e-02	3.223937877180532013e-02	8.252718537827626044e-02
1.320711268327892412e+03	2.374952017816811256e-01	1.414296476427716331e-01	2.664703717073529932e-01	1.622981369991103318e-01	7.743324717858317274e-02	3.226903515763426822e-02	8.260435953283411237e-02
1.323130153434719887e+03	2.371958510431301237e-01	1.412484833739449108e-01	2.666700079053959116e-01	1.624211683824672847e-01	7.748455169189329139e-02	3.229862454715691500e-02	8.268131305597928304e-02
1.325549038541547588e+03	2.368973612396887418e-01	1.410678401465362275e-01	2.668690544607974502e-01	1.625438390662897747e-01	7.753571141261608735e-02	3.232814710160595434e-02	8.275804657243346352e-02
1.327967923648375290e+03	2.365997298934550130e-01	1.408877164608638155e-01	2.670675130791596019e-01	1.626661501297888557e-01	7.758672674956976212e-02	3.235760298180021671e-02	8.283456070533046223e-02
1.330386808755202765e+03	2.363029545336653992e-01	1.407081108215667842e-01	2.672653854611699020e-01	1.627881026488031679e-01	7.763759811039903924e-02	3.238699234814590433e-02	8.291085607621749565e-02
1.332805693862030694e+03	2.360070326966743071e-01	1.405290217375926576e-01	2.674626733026157499e-01	1.629096976958114562e-01	7.768832590157923046e-02	3.241631536063779850e-02	8.298693330505646504e-02
1.335224578968857941e+03	2.357119619259334664e-01	1.403504477221848845e-01	2.676593782943983424e-01	1.630309363399450318e-01	7.773891052842017702e-02	3.244557217886044620e-02	8.306279301022534423e-02
1.337643464075685870e+03	2.354177397719713905e-01	1.401723872928703485e-01	2.678555021225469401e-01	1.631518196469999293e-01	7.778935239507014932e-02	3.247476296198938822e-02	8.313843580851953963e-02
1.340062349182513572e+03	2.351243637923729202e-01	1.399948389714471275e-01	2.680510464682329119e-01	1.632723486794493695e-01	7.783965190451976046e-02	3.250388786879229719e-02	8.321386231515334742e-02
1.342481234289341273e+03	2.348318315517589072e-01	1.398178012839719209e-01	2.682460130077835014e-01	1.633925244964558321e-01	7.788980945860592142e-02	3.253294705763021266e-02	8.328907314376146620e-02
1.344900119396168748e+03	2.345401406217658136e-01	1.396412727607480031e-01	2.684404034126959271e-01	1.635123481538831580e-01	7.793982545801564354e-02	3.256194068645871381e-02	8.336406890640046807e-02
1.347319004502996449e+03	2.342492885810254499e-01	1.394652519363127896e-01	2.686342193496514819e-01	1.636318207043086781e-01	7.798970030228984107e-02	3.259086891282907128e-02	8.343885021355039455e-02
1.349737889609823924e+03	2.339592730151448252e-01	1.392897373494255964e-01	2.688274624805289670e-01	1.637509431970351481e-01	7.803943438982725855e-02	3.261973189388945454e-02	8.351341767411639416e-02
1.352156774716651853e+03	2.336700915166858850e-01	1.391147275430554553e-01	2.690201344624190138e-01	1.638697166781026837e-01	7.808902811788820397e-02	3.264852978638605602e-02	8.358777189543031838e-02
1.354575659823479100e+03	2.333817416851454996e-01	1.389402210643689850e-01	2.692122369476375732e-01	1.639881421903005287e-01	7.813848188259835126e-02	3.267726274666429842e-02	8.366191348325238697e-02
1.356994544930307029e+03	2.330942211269353415e-01	1.387662164647182339e-01	2.694037715837397373e-01	1.641062207731789346e-01	7.818779607895244566e-02	3.270593093066994500e-02	8.373584304177299209e-02
1.359413430037134731e+03	2.328075274553620400e-01	1.385927122996285787e-01	2.695947400135333960e-01	1.642239534630608178e-01	7.823697110081806461e-02	3.273453449395029996e-02	8.380956117361441915e-02
1.361832315143962205e+03	2.325216582906071972e-01	1.384197071287866232e-01	2.697851438750930586e-01	1.643413412930534445e-01	7.828600734093942026e-02	3.276307359165532562e-02	8.388306847983262315e-02
1.364251200250789907e+03	2.322366112597074317e-01	1.382471995160282074e-01	2.699749848017733989e-01	1.644583852930599499e-01	7.833490519094088445e-02	3.279154837853878041e-02	8.395636555991906058e-02
1.366670085357617609e+03	2.319523839965347833e-01	1.380751880293264733e-01	2.701642644222227996e-01	1.645750864897909393e-01	7.838366504133080503e-02	3.281995900895937762e-02	8.402945301180259063e-02
1.369088970464445310e+03	2.316689741417767567e-01	1.379036712407797904e-01	2.703529843603970084e-01	1.646914459067758962e-01	7.843228728150505868e-02	3.284830563688190264e-02	8.410233143185134874e-02
1.371507855571272785e+03	2.313863793429167537e-01	1.377326477265999327e-01	2.705411462355726826e-01	1.648074645643745895e-01	7.848077229975077007e-02	3.287658841587835085e-02	8.417500141487473109e-02
1.373926740678100487e+03	2.311045972542144500e-01	1.375621160671001431e-01	2.707287516623607670e-01	1.649231434797883422e-01	7.852912048324985073e-02	3.290480749912904485e-02	8.424746355412524035e-02
1.376345625784927961e+03	2.308236255366861722e-01	1.373920748466833097e-01	2.709158022507198726e-01	1.650384836670714672e-01	7.857733221808259338e-02	3.293296303942377240e-02	8.431971844130066451e-02
1.378764510891755890e+03	2.305434618580854134e-01	1.372225226538300868e-01	2.711022996059699319e-01	1.651534861371422858e-01	7.862540788923132185e-02	3.296105518916286892e-02	8.439176666654593650e-02
1.381183395998583137e+03	2.302641038928834316e-01	1.370534580810872649e-01	2.712882453288052997e-01	1.652681518977943687e-01	7.867334788058387429e-02	3.298908410035835542e-02	8.446360881845531299e-02
1.383602281105411066e+03	2.299855493222496550e-01	1.368848797250558080e-01	2.714736410153082424e-01	1.653824819537076385e-01	7.872115257493715601e-02	3.301704992463502797e-02	8.453524548407441441e-02
1.386021166212238768e+03	2.297077958340325576e-01	1.367167861863793632e-01	2.716584882569620940e-01	1.654964773064593331e-01	7.876882235400065047e-02	3.304495281323157480e-02	8.460667724890237607e-02
1.388440051319066470e+03	2.294308411227403144e-01	1.365491760697323809e-01	2.718427886406646343e-01	1.656101389545351077e-01	7.881635759839990263e-02	3.307279291700166574e-02	8.467790469689397137e-02
1.390858936425893944e+03	2.291546828895214827e-01	1.363820479838085964e-01	2.720265437487412452e-01	1.657234678933398042e-01	7.886375868768005781e-02	3.310057038641504856e-02	8.474892841046180458e-02
1.393277821532721646e+03	2.288793188421458791e-01	1.362154005413094005e-01	2.722097551589580111e-01	1.658364651152083036e-01	7.891102600030924785e-02	3.312828537155862452e-02	8.481974897047853124e-02
1.395696706639549120e+03	2.286047466949855667e-01	1.360492323589322650e-01	2.723924244445349863e-01	1.659491316094165170e-01	7.895815991368207443e-02	3.315593802213754465e-02	8.489036695627907858e-02
1.398115591746377049e+03	2.283309641689956204e-01	1.358835420573591135e-01	2.725745531741591843e-01	1.660614683621918775e-01	7.900516080412300912e-02	3.318352848747630618e-02	8.496078294566292155e-02
1.400534476853204296e+03	2.280579689916952535e-01	1.357183282612449415e-01	2.727561429119976788e-01	1.661734763567242479e-01	7.905202904688984900e-02	3.321105691651979330e-02	8.503099751489633096e-02
1.402953361960032225e+03	2.277857588971486935e-01	1.355535895992063256e-01	2.729371952177105376e-01	1.662851565731763848e-01	7.909876501617704725e-02	3.323852345783437356e-02	8.510101123871477435e-02
1.405372247066859927e+03	2.275143316259465309e-01	1.353893247038098491e-01	2.731177116464639787e-01	1.663965099886945687e-01	7.914536908511911328e-02	3.326592825960895256e-02	8.517082469032515035e-02
1.407791132173687402e+03	2.272436849251866786e-01	1.352255322115608338e-01	2.732976937489431934e-01	1.665075375774192068e-01	7.919184162579394337e-02	3.329327146965605638e-02	8.524043844140823112e-02
1.410210017280515103e+03	2.269738165484557479e-01	1.350622107628919322e-01	2.734771430713651696e-01	1.666182403104951304e-01	7.923818300922622071e-02	3.332055323541287251e-02	8.530985306212100772e-02
1.412628902387342805e+03	2.267047242558101472e-01	1.348993590021517197e-01	2.736560611554919031e-01	1.667286191560822251e-01	7.928439360539067671e-02	3.334777370394231139e-02	8.537906912109909097e-02
1.415047787494170507e+03	2.264364058137575131e-01	1.347369755775935096e-01	2.738344495386427768e-01	1.668386750793655893e-01	7.933047378321538001e-02	3.337493302193407507e-02	8.544808718545919557e-02
1.417466672600997981e+03	2.261688589952380313e-01	1.345750591413639174e-01	2.740123097537077168e-01	1.669484090425660261e-01	7.937642391058509495e-02	3.340203133570565641e-02	8.551690782080159647e-02
1.419885557707825683e+03	2.259020815796059789e-01	1.344136083494918421e-01	2.741896433291596269e-01	1.670578220049501184e-01	7.942224435434450114e-02	3.342906879120342845e-02	8.558553159121251586e-02
1.422304442814653157e+03	2.256360713526110728e-01	1.342526218618770029e-01	2.743664517890674892e-01	1.671669149228405538e-01	7.946793548030145482e-02	3.345604553400369219e-02	8.565395905926671827e-02
1.424723327921481086e+03	2.253708261063801233e-01	1.340920983422788926e-01	2.745427366531087987e-01	1.672756887496262834e-01	7.951349765323023622e-02	3.348296170931366889e-02	8.572219078602999476e-02
1.427142213028308333e+03	2.251063436393985484e-01	1.339320364583057310e-01	2.747184994365821642e-01	1.673841444357725416e-01	7.955893123687476920e-02	3.350981746197255473e-02	8.579022733106170251e-02
1.429561098135136262e+03	2.248426217564920282e-01	1.337724348814031405e-01	2.748937416504200759e-01	1.674922829288309767e-01	7.960423659395184093e-02	3.353661293645255476e-02	8.585806925241734611e-02
1.431979983241963964e+03	2.245796582688082965e-01	1.336132922868432105e-01	2.750684648012015066e-01	1.676001051734496705e-01	7.964941408615427987e-02	3.356334827685989591e-02	8.592571710665110329e-02
1.434398868348791666e+03	2.243174509937987671e-01	1.334546073537134503e-01	2.752426703911642902e-01	1.677076121113829921e-01	7.969446407415413380e-02	3.359002362693585403e-02	8.599317144881848951e-02
1.436817753455619140e+03	2.240559977552004089e-01	1.332963787649056875e-01	2.754163599182177791e-01	1.678148046815015892e-01	7.973938691760582009e-02	3.361663913005775994e-02	8.606043283247895304e-02
1.439236638562446842e+03	2.237952963830176500e-01	1.331386052071051318e-01	2.755895348759551666e-01	1.679216838198022421e-01	7.978418297514927593e-02	3.364319492924004729e-02	8.612750180969848401e-02
1.441655523669274316e+03	2.235353447135041971e-01	1.329812853707795228e-01	2.757621967536659779e-01	1.680282504594176884e-01	7.982885260441316411e-02	3.366969116713520310e-02	8.619437893105230675e-02
1.444074408776102018e+03	2.232761405891450779e-01	1.328244179501680278e-01	2.759343470363485040e-01	1.681345055306262548e-01	7.987339616201785675e-02	3.369612798603481563e-02	8.626106474562753035e-02
1.446493293882929493e+03	2.230176818586386556e-01	1.326680016432704445e-01	2.761059872047221808e-01	1.682404499608617654e-01	7.991781400357864107e-02	3.372250552787058042e-02	8.632755980102582716e-02
1.448912178989757422e+03	2.227599663768786431e-01	1.325120351518364603e-01	2.762771187352398017e-01	1.683460846747230899e-01	7.996210648370873086e-02	3.374882393421525795e-02	8.639386464336613891e-02
1.451331064096585123e+03	2.225029920049362842e-01	1.323565171813546049e-01	2.764477431000998964e-01	1.684514105939837747e-01	8.000627395602243064e-02	3.377508334628372133e-02	8.645997981728743842e-02
1.453749949203412370e+03	2.222467566100425063e-01	1.322014464410416201e-01	2.766178617672589990e-01	1.685564286376016185e-01	8.005031677313813321e-02	3.380128390493390006e-02	8.652590586595142186e-02
1.456168834310240300e+03	2.219912580655701018e-01	1.320468216438316633e-01	2.767874762004437494e-01	1.686611397217283315e-01	8.009423528668133119e-02	3.382742575066780000e-02	8.659164333104524269e-02
1.458587719417068001e+03	2.217364942510161308e-01	1.318926415063655377e-01	2.769565878591632169e-01	1.687655447597188052e-01	8.013802984728771173e-02	3.385350902363246789e-02	8.665719275278432887e-02
1.461006604523895703e+03	2.214824630519841298e-01	1.317389047489800624e-01	2.771251981987209456e-01	1.688696446621407443e-01	8.018170080460618188e-02	3.387953386362098362e-02	8.672255466991514450e-02
1.463425489630723177e+03	2.212291623601665980e-01	1.315856100956973584e-01	2.772933086702271122e-01	1.689734403367838811e-01	8.022524850730181067e-02	3.390550041007342474e-02	8.678772961971797928e-02
1.465844374737550879e+03	2.209765900733272614e-01	1.314327562742142186e-01	2.774609207206106265e-01	1.690769326886695512e-01	8.026867330305886838e-02	3.393140880207784482e-02	8.685271813800973795e-02
1.468263259844378354e+03	2.207247440952837814e-01	1.312803420158915324e-01	2.776280357926311781e-01	1.691801226200597974e-01	8.031197553858375471e-02	3.395725917837125879e-02	8.691752075914678521e-02
1.470682144951206283e+03	2.204736223358901570e-01	1.311283660557436836e-01	2.777946553248910599e-01	1.692830110304667512e-01	8.035515555960802414e-02	3.398305167734058663e-02	8.698213801602779072e-02
1.473101030058033530e+03	2.202232227110193508e-01	1.309768271324280031e-01	2.779607807518474361e-01	1.693855988166618198e-01	8.039821371089130031e-02	3.400878643702362480e-02	8.704657044009651845e-02
1.475519915164861459e+03	2.199735431425458576e-01	1.308257239882342771e-01	2.781264135038239993e-01	1.694878868726849008e-01	8.044115033622419031e-02	3.403446359511000385e-02	8.711081856134478274e-02
1.477938800271689161e+03	2.197245815583284412e-01	1.306750553690742833e-01	2.782915550070232391e-01	1.695898760898534030e-01	8.048396577843124067e-02	3.406008328894215981e-02	8.717488290831520992e-02
1.480357685378516862e+03	2.194763358921929530e-01	1.305248200244712997e-01	2.784562066835378769e-01	1.696915673567715166e-01	8.052666037937385168e-02	3.408564565551626402e-02	8.723876400810422205e-02
1.482776570485344337e+03	2.192288040839150132e-01	1.303750167075496957e-01	2.786203699513629117e-01	1.697929615593391783e-01	8.056923447995315013e-02	3.411115083148318766e-02	8.730246238636486800e-02
