1.001418434226643626e+03	2.782605811697490550e-01	1.816335206883247511e-01	2.346053965966442278e-01	1.402643724123579239e-01	6.775898050174876397e-02	2.745341403793995216e-02	7.002373459285161916e-02
1.002869765290740247e+03	2.780055422198638992e-01	1.814686400982086500e-01	2.347738769794944225e-01	1.403593020532893365e-01	6.782386991969231727e-02	2.745341403793995216e-02	7.011535469112760433e-02
1.004321096354836754e+03	2.777509528197407707e-01	1.813040418762592310e-01	2.349418429343655690e-01	1.404542828755983297e-01	6.788869134184398468e-02	2.745341403793995216e-02	7.020677411386831712e-02
1.005772427418933376e+03	2.774968120863559595e-01	1.811397255779483850e-01	2.351092983998393227e-01	1.405493118507759320e-01	6.795344375737955023e-02	2.745341403793995216e-02	7.029799428937708039e-02
1.007223758483029997e+03	2.772431191396417249e-01	1.809756907583923713e-01	2.352762472660538395e-01	1.406443859957083320e-01	6.801812618602624816e-02	2.745341403793995216e-02	7.038901661585368619e-02
1.008675089547126618e+03	2.769898731024616478e-01	1.808119369723818759e-01	2.354426933753560325e-01	1.407395023720500460e-01	6.808273767727422709e-02	2.745341403793995216e-02	7.047984246215233117e-02
1.010126420611223239e+03	2.767370731005865392e-01	1.806484637744109056e-01	2.356086405229449732e-01	1.408346580856054409e-01	6.814727730960827567e-02	2.745341403793995216e-02	7.057047316852001206e-02
1.011577751675319632e+03	2.764847182626701261e-01	1.804852707187052374e-01	2.357740924575065511e-01	1.409298502857188329e-01	6.821174418975917142e-02	2.745341403793995216e-02	7.066091004731617220e-02
1.013029082739416367e+03	2.762328077202256260e-01	1.803223573592498685e-01	2.359390528818395005e-01	1.410250761646729412e-01	6.827613745197412543e-02	2.745341403793995216e-02	7.075115438371397392e-02
1.014480413803512761e+03	2.759813406076023767e-01	1.801597232498158563e-01	2.361035254534727956e-01	1.411203329570954179e-01	6.834045625730592044e-02	2.745341403793995216e-02	7.084120743638366857e-02
1.015931744867609382e+03	2.757303160619623550e-01	1.799973679439863528e-01	2.362675137852747465e-01	1.412156179393737887e-01	6.840469979292020108e-02	2.745341403793995216e-02	7.093107043815857771e-02
1.017383075931706003e+03	2.754797332232578611e-01	1.798352909951819456e-01	2.364310214460537407e-01	1.413109284290780254e-01	6.846886727142043050e-02	2.745341403793995216e-02	7.102074459668401840e-02
1.018834406995802851e+03	2.752295912342085926e-01	1.796734919566853050e-01	2.365940519611507975e-01	1.414062617843913627e-01	6.853295793019020810e-02	2.745341403793995216e-02	7.111023109504970019e-02
1.020285738059899245e+03	2.749798892402797734e-01	1.795119703816652201e-01	2.367566088130240443e-01	1.415016154035486362e-01	6.859697103075226843e-02	2.745341403793995216e-02	7.119953109240602374e-02
1.021737069123995752e+03	2.747306263896597822e-01	1.793507258231999135e-01	2.369186954418252278e-01	1.415969867242824753e-01	6.866090585814395297e-02	2.745341403793995216e-02	7.128864572456461435e-02
1.023188400188092373e+03	2.744818018332386145e-01	1.791897578342997177e-01	2.370803152459684260e-01	1.416923732232769628e-01	6.872476172030861363e-02	2.745341403793995216e-02	7.137757610458352053e-02
1.024639731252188767e+03	2.742334147245867326e-01	1.790290659679291130e-01	2.372414715826909604e-01	1.417877724156288710e-01	6.878853794750258710e-02	2.745341403793995216e-02	7.146632332333759108e-02
1.026091062316285615e+03	2.739854642199334167e-01	1.788686497770282657e-01	2.374021677686065646e-01	1.418831818543161427e-01	6.885223389171733765e-02	2.745341403793995216e-02	7.155488845007415555e-02
1.027542393380382237e+03	2.737379494781461697e-01	1.787085088145338729e-01	2.375624070802511423e-01	1.419785991296737271e-01	6.891584892611629654e-02	2.745341403793995216e-02	7.164327253295466047e-02
1.028993724444478858e+03	2.734908696607101231e-01	1.785486426333993959e-01	2.377221927546211699e-01	1.420740218688766043e-01	6.897938244448623135e-02	2.745341403793995216e-02	7.173147659958239997e-02
1.030445055508575479e+03	2.732442239317072752e-01	1.783890507866148778e-01	2.378815279897045776e-01	1.421694477354298047e-01	6.904283386070253492e-02	2.745341403793995216e-02	7.181950165751682658e-02
1.031896386572671872e+03	2.729980114577968409e-01	1.782297328272261228e-01	2.380404159450044133e-01	1.422648744286654499e-01	6.910620260820823924e-02	2.745341403793995216e-02	7.190734869477478919e-02
1.033347717636768493e+03	2.727522314081951005e-01	1.780706883083533476e-01	2.381988597420555409e-01	1.423602996832467049e-01	6.916948813950629660e-02	2.745341403793995216e-02	7.199501868031887852e-02
1.034799048700865114e+03	2.725068829546556382e-01	1.779119167832092785e-01	2.383568624649340939e-01	1.424557212686784202e-01	6.923268992566491975e-02	2.745341403793995216e-02	7.208251256453342137e-02
1.036250379764961508e+03	2.722619652714504124e-01	1.777534178051168867e-01	2.385144271607601285e-01	1.425511369888246005e-01	6.929580745583545365e-02	2.745341403793995216e-02	7.216983127968830403e-02
1.037701710829058356e+03	2.720174775353499941e-01	1.775951909275264584e-01	2.386715568401933385e-01	1.426465446814323690e-01	6.935884023678270949e-02	2.745341403793995216e-02	7.225697574039093019e-02
1.039153041893154750e+03	2.717734189256050814e-01	1.774372357040321924e-01	2.388282544779221084e-01	1.427419422176625097e-01	6.942178779242724751e-02	2.745341403793995216e-02	7.234394684402670195e-02
1.040604372957251599e+03	2.715297886239275704e-01	1.772795516883886036e-01	2.389845230131458220e-01	1.428373275016262822e-01	6.948464966339928939e-02	2.745341403793995216e-02	7.243074547118827367e-02
1.042055704021347992e+03	2.712865858144722364e-01	1.771221384345260663e-01	2.391403653500506488e-01	1.429326984699288705e-01	6.954742540660420469e-02	2.745341403793995216e-02	7.251737248609380071e-02
1.043507035085444613e+03	2.710438096838184707e-01	1.769649954965662464e-01	2.392957843582787791e-01	1.430280530912187986e-01	6.961011459479893304e-02	2.745341403793995216e-02	7.260382873699461337e-02
1.044958366149541234e+03	2.708014594209521841e-01	1.768081224288368947e-01	2.394507828733913879e-01	1.431233893657436473e-01	6.967271681617932810e-02	2.745341403793995216e-02	7.269011505657244077e-02
1.046409697213637855e+03	2.705595342172479878e-01	1.766515187858863634e-01	2.396053636973251855e-01	1.432187053249117936e-01	6.973523167397807643e-02	2.745341403793995216e-02	7.277623226232646236e-02
1.047861028277734476e+03	2.703180332664517627e-01	1.764951841224975948e-01	2.397595295988428077e-01	1.433139990308601730e-01	6.979765878607285812e-02	2.745341403793995216e-02	7.286218115695064501e-02
1.049312359341831097e+03	2.700769557646632846e-01	1.763391179937018050e-01	2.399132833139769605e-01	1.434092685760280372e-01	6.985999778460451337e-02	2.745341403793995216e-02	7.294796252870126840e-02
1.050763690405927491e+03	2.698363009103187937e-01	1.761833199547916673e-01	2.400666275464687638e-01	1.435045120827363740e-01	6.992224831560500675e-02	2.745341403793995216e-02	7.303357715175524956e-02
1.052215021470024112e+03	2.695960679041745633e-01	1.760277895613343024e-01	2.402195649681997669e-01	1.435997277027731556e-01	6.998441003863491161e-02	2.745341403793995216e-02	7.311902578655922469e-02
1.053666352534120733e+03	2.693562559492895248e-01	1.758725263691836294e-01	2.403720982196184408e-01	1.436949136169843599e-01	7.004648262643015100e-02	2.745341403793995216e-02	7.320430918016977706e-02
1.055117683598217127e+03	2.691168642510093356e-01	1.757175299344927721e-01	2.405242299101606196e-01	1.437900680348704330e-01	7.010846576455770363e-02	2.745341403793995216e-02	7.328942806658501896e-02
1.056569014662313975e+03	2.688778920169496156e-01	1.755627998137256063e-01	2.406759626186642798e-01	1.438851891941884120e-01	7.017035915108031652e-02	2.745341403793995216e-02	7.337438316706765273e-02
1.058020345726410369e+03	2.686393384569799037e-01	1.754083355636683050e-01	2.408272988937787407e-01	1.439802753605594343e-01	7.023216249622958596e-02	2.745341403793995216e-02	7.345917519045988553e-02
1.059471676790506763e+03	2.684012027832079483e-01	1.752541367414404971e-01	2.409782412543682306e-01	1.440753248270815190e-01	7.029387552208746226e-02	2.745341403793995216e-02	7.354380483349021169e-02
1.060923007854603611e+03	2.681634842099636096e-01	1.751002029045060637e-01	2.411287921899098463e-01	1.441703359139478446e-01	7.035549796227601183e-02	2.745341403793995216e-02	7.362827278107249296e-02
1.062374338918700232e+03	2.679261819537836486e-01	1.749465336106835744e-01	2.412789541608863220e-01	1.442653069680700784e-01	7.041702956165492300e-02	2.745341403793995216e-02	7.371257970659735037e-02
1.063825669982796853e+03	2.676892952333959630e-01	1.747931284181566125e-01	2.414287295991733029e-01	1.443602363627069785e-01	7.047847007602692226e-02	2.745341403793995216e-02	7.379672627221615933e-02
1.065277001046893474e+03	2.674528232697046537e-01	1.746399868854834891e-01	2.415781209084213732e-01	1.444551224970980485e-01	7.053981927185061507e-02	2.745341403793995216e-02	7.388071312911777266e-02
1.066728332110990095e+03	2.672167652857749265e-01	1.744871085716069303e-01	2.417271304644328933e-01	1.445499637961021322e-01	7.060107692596077900e-02	2.745341403793995216e-02	7.396454091779823548e-02
1.068179663175086489e+03	2.669811205068184368e-01	1.743344930358633749e-01	2.418757606155337025e-01	1.446447587098410870e-01	7.066224282529566525e-02	2.745341403793995216e-02	7.404821026832358877e-02
1.069630994239183110e+03	2.667458881601783016e-01	1.741821398379920227e-01	2.420240136829397426e-01	1.447395057133482044e-01	7.072331676663144717e-02	2.745341403793995216e-02	7.413172180058606731e-02
1.071082325303279504e+03	2.665110674753150000e-01	1.740300485381436058e-01	2.421718919611186849e-01	1.448342033062215428e-01	7.078429855632334400e-02	2.745341403793995216e-02	7.421507612455363612e-02
1.072533656367376352e+03	2.662766576837916621e-01	1.738782186968888255e-01	2.423193977181467007e-01	1.449288500122818679e-01	7.084518801005339206e-02	2.745341403793995216e-02	7.429827384051330974e-02
1.073984987431472746e+03	2.660426580192604140e-01	1.737266498752267074e-01	2.424665331960602632e-01	1.450234443792355332e-01	7.090598495258473855e-02	2.745341403793995216e-02	7.438131553930815709e-02
1.075436318495569594e+03	2.658090677174477778e-01	1.735753416345925670e-01	2.426133006112033141e-01	1.451179849783417186e-01	7.096668921752211090e-02	2.745341403793995216e-02	7.446420180256833887e-02
1.076887649559666215e+03	2.655758860161415158e-01	1.734242935368656979e-01	2.427597021545694622e-01	1.452124704040843040e-01	7.102730064707851731e-02	2.745341403793995216e-02	7.454693320293624692e-02
1.078338980623762609e+03	2.653431121551766414e-01	1.732735051443770602e-01	2.429057399921398241e-01	1.453068992738483500e-01	7.108781909184788694e-02	2.745341403793995216e-02	7.462951030428595367e-02
1.079790311687859230e+03	2.651107453764219857e-01	1.731229760199164136e-01	2.430514162652160637e-01	1.454012702276007984e-01	7.114824441058348325e-02	2.745341403793995216e-02	7.471193366193697172e-02
1.081241642751955851e+03	2.648787849237668746e-01	1.729727057267394785e-01	2.431967330907489344e-01	1.454955819275757234e-01	7.120857646998206281e-02	2.745341403793995216e-02	7.479420382286267044e-02
1.082692973816052472e+03	2.646472300431079727e-01	1.728226938285747361e-01	2.433416925616623538e-01	1.455898330579637745e-01	7.126881514447351573e-02	2.745341403793995216e-02	7.487632132589329415e-02
1.084144304880149093e+03	2.644160799823364050e-01	1.726729398896301726e-01	2.434862967471731476e-01	1.456840223246060328e-01	7.132896031601589082e-02	2.745341403793995216e-02	7.495828670191398424e-02
1.085595635944245487e+03	2.641853339913247112e-01	1.725234434745996082e-01	2.436305476931062697e-01	1.457781484546918638e-01	7.138901187389569414e-02	2.745341403793995216e-02	7.504010047405752781e-02
1.087046967008342108e+03	2.639549913219141897e-01	1.723742041486689969e-01	2.437744474222058866e-01	1.458722101964609608e-01	7.144896971453326695e-02	2.745341403793995216e-02	7.512176315789237391e-02
1.088498298072438729e+03	2.637250512279023518e-01	1.722252214775224499e-01	2.439179979344421878e-01	1.459662063189095804e-01	7.150883374129318737e-02	2.745341403793995216e-02	7.520327526160579257e-02
1.089949629136535123e+03	2.634955129650306538e-01	1.720764950273481475e-01	2.440612012073140602e-01	1.460601356115007465e-01	7.156860386429951537e-02	2.745341403793995216e-02	7.528463728618241257e-02
1.091400960200631971e+03	2.632663757909720070e-01	1.719280243648438344e-01	2.442040591961474605e-01	1.461539968838782566e-01	7.162828000025574238e-02	2.745341403793995216e-02	7.536584972557819340e-02
1.092852291264728365e+03	2.630376389653187874e-01	1.717798090572225378e-01	2.443465738343899296e-01	1.462477889655849350e-01	7.168786207226934826e-02	2.745341403793995216e-02	7.544691306688994237e-02
1.094303622328825213e+03	2.628093017495707895e-01	1.716318486722177017e-01	2.444887470339010827e-01	1.463415107057843556e-01	7.174735000968089638e-02	2.745341403793995216e-02	7.552782779052058526e-02
1.095754953392921607e+03	2.625813634071235692e-01	1.714841427780883776e-01	2.446305806852389908e-01	1.464351609729867831e-01	7.180674374789750014e-02	2.745341403793995216e-02	7.560859437034017638e-02
1.097206284457018228e+03	2.623538232032563977e-01	1.713366909436242203e-01	2.447720766579428719e-01	1.465287386547785564e-01	7.186604322823050839e-02	2.745341403793995216e-02	7.568921327384287023e-02
1.098657615521114849e+03	2.621266804051209931e-01	1.711894927381502896e-01	2.449132368008117289e-01	1.466222426575551907e-01	7.192524839773740963e-02	2.745341403793995216e-02	7.576968496229984085e-02
1.100108946585211470e+03	2.618999342817299181e-01	1.710425477315316578e-01	2.450540629421793515e-01	1.467156719062584491e-01	7.198435920906770535e-02	2.745341403793995216e-02	7.585000989090832924e-02
1.101560277649308091e+03	2.616735841039453669e-01	1.708958554941779895e-01	2.451945568901855721e-01	1.468090253441166892e-01	7.204337562031286335e-02	2.745341403793995216e-02	7.593018850893692995e-02
1.103011608713404712e+03	2.614476291444679523e-01	1.707494155970477601e-01	2.453347204330437459e-01	1.469023019323887902e-01	7.210229759485993484e-02	2.745341403793995216e-02	7.601022125986720002e-02
1.104462939777501106e+03	2.612220686778256584e-01	1.706032276116526136e-01	2.454745553393045676e-01	1.469955006501117711e-01	7.216112510124915447e-02	2.745341403793995216e-02	7.609010858153157641e-02
1.105914270841597499e+03	2.609969019803630164e-01	1.704572911100613319e-01	2.456140633581164745e-01	1.470886204938517960e-01	7.221985811303489877e-02	2.745341403793995216e-02	7.616985090624785182e-02
1.107365601905694348e+03	2.607721283302300574e-01	1.703116056649037480e-01	2.457532462194823020e-01	1.471816604774584814e-01	7.227849660865051651e-02	2.745341403793995216e-02	7.624944866095029194e-02
1.108816932969790741e+03	2.605477470073719326e-01	1.701661708493744929e-01	2.458921056345126366e-01	1.472746196318226730e-01	7.233704057127640641e-02	2.745341403793995216e-02	7.632890226731728345e-02
1.110268264033887590e+03	2.603237572935180322e-01	1.700209862372368541e-01	2.460306432956755329e-01	1.473674970046375821e-01	7.239548998871152274e-02	2.745341403793995216e-02	7.640821214189585930e-02
1.111719595097984211e+03	2.601001584721721605e-01	1.698760514028260227e-01	2.461688608770429554e-01	1.474602916601630009e-01	7.245384485324826707e-02	2.745341403793995216e-02	7.648737869622299068e-02
1.113170926162080832e+03	2.598769498286013779e-01	1.697313659210527015e-01	2.463067600345339447e-01	1.475530026789930449e-01	7.251210516155046082e-02	2.745341403793995216e-02	7.656640233694383957e-02
1.114622257226177226e+03	2.596541306498265644e-01	1.695869293674062694e-01	2.464443424061542598e-01	1.476456291578267799e-01	7.257027091453452372e-02	2.745341403793995216e-02	7.664528346592697217e-02
1.116073588290273847e+03	2.594317002246118720e-01	1.694427413179579733e-01	2.465816096122329104e-01	1.477381702092422089e-01	7.262834211725369138e-02	2.745341403793995216e-02	7.672402248037668571e-02
1.117524919354370468e+03	2.592096578434549548e-01	1.692988013493640920e-01	2.467185632556554709e-01	1.478306249614732282e-01	7.268631877878520275e-02	2.745341403793995216e-02	7.680261977294246256e-02
1.118976250418467089e+03	2.589880027985769773e-01	1.691551090388686285e-01	2.468552049220941735e-01	1.479229925581896643e-01	7.274420091212031869e-02	2.745341403793995216e-02	7.688107573182562104e-02
1.120427581482563710e+03	2.587667343839131773e-01	1.690116639643063912e-01	2.469915361802348663e-01	1.480152721582804198e-01	7.280198853405729642e-02	2.745341403793995216e-02	7.695939074088328780e-02
1.121878912546660331e+03	2.585458518951027629e-01	1.688684657041055193e-01	2.471275585820009724e-01	1.481074629356394778e-01	7.285968166509693145e-02	2.745341403793995216e-02	7.703756517972977502e-02
1.123330243610756725e+03	2.583253546294798086e-01	1.687255138372902863e-01	2.472632736627742855e-01	1.481995640789548208e-01	7.291728032934094439e-02	2.745341403793995216e-02	7.711559942383527932e-02
1.124781574674853118e+03	2.581052418860635966e-01	1.685828079434834592e-01	2.473986829416129352e-01	1.482915747915004578e-01	7.297478455439289358e-02	2.745341403793995216e-02	7.719349384462216579e-02
1.126232905738949967e+03	2.578855129655493461e-01	1.684403476029087410e-01	2.475337879214659920e-01	1.483834942909309507e-01	7.303219437126161340e-02	2.745341403793995216e-02	7.727124880955876796e-02
1.127684236803046360e+03	2.576661671702991097e-01	1.682981323963932130e-01	2.476685900893858261e-01	1.484753218090791305e-01	7.308950981426720617e-02	2.745341403793995216e-02	7.734886468225085632e-02
1.129135567867143209e+03	2.574472038043326139e-01	1.681561619053694168e-01	2.478030909167369678e-01	1.485670565917563135e-01	7.314673092094935158e-02	2.745341403793995216e-02	7.742634182253070596e-02
1.130586898931239830e+03	2.572286221733180445e-01	1.680144357118775744e-01	2.479372918594023867e-01	1.486586978985553475e-01	7.320385773197807255e-02	2.745341403793995216e-02	7.750368058654394376e-02
1.132038229995336451e+03	2.570104215845635531e-01	1.678729533985676703e-01	2.480711943579868850e-01	1.487502450026563783e-01	7.326089029106670758e-02	2.745341403793995216e-02	7.758088132683427229e-02
1.133489561059432845e+03	2.567926013470078761e-01	1.677317145487013106e-01	2.482047998380179088e-01	1.488416971906352804e-01	7.331782864488714524e-02	2.745341403793995216e-02	7.765794439242588998e-02
1.134940892123529466e+03	2.565751607712122295e-01	1.675907187461537773e-01	2.483381097101434454e-01	1.489330537622747253e-01	7.337467284298726522e-02	2.745341403793995216e-02	7.773487012890398229e-02
1.136392223187626087e+03	2.563580991693512612e-01	1.674499655754156657e-01	2.484711253703272282e-01	1.490243140303777469e-01	7.343142293771047491e-02	2.745341403793995216e-02	7.781165887849306184e-02
1.137843554251722708e+03	2.561414158552047238e-01	1.673094546215947165e-01	2.486038482000414163e-01	1.491154773205839168e-01	7.348807898411727213e-02	2.745341403793995216e-02	7.788831098013337950e-02
1.139294885315819101e+03	2.559251101441489262e-01	1.671691854704173974e-01	2.487362795664566084e-01	1.492065429711881830e-01	7.354464103990891732e-02	2.745341403793995216e-02	7.796482676955535096e-02
1.140746216379915950e+03	2.557091813531485736e-01	1.670291577082305412e-01	2.488684208226291383e-01	1.492975103329619302e-01	7.360110916535299308e-02	2.745341403793995216e-02	7.804120657935219307e-02
1.142197547444012343e+03	2.554936288007483292e-01	1.668893709220027888e-01	2.490002733076860653e-01	1.493883787689766762e-01	7.365748342321087883e-02	2.745341403793995216e-02	7.811745073905058956e-02
1.143648878508108737e+03	2.552784518070646547e-01	1.667498246993260602e-01	2.491318383470075837e-01	1.494791476544301556e-01	7.371376387866715452e-02	2.745341403793995216e-02	7.819355957517966360e-02
1.145100209572205586e+03	2.550636496937779829e-01	1.666105186284169148e-01	2.492631172524066574e-01	1.495698163764747068e-01	7.376995059926075293e-02	2.745341403793995216e-02	7.826953341133825737e-02
1.146551540636302207e+03	2.548492217841244467e-01	1.664714522981178280e-01	2.493941113223066552e-01	1.496603843340481854e-01	7.382604365481788833e-02	2.745341403793995216e-02	7.834537256826029639e-02
1.148002871700398828e+03	2.546351674028879963e-01	1.663326252978984121e-01	2.495248218419163500e-01	1.497508509377070141e-01	7.388204311738676144e-02	2.745341403793995216e-02	7.842107736387875228e-02
1.149454202764495449e+03	2.544214858763927944e-01	1.661940372178566105e-01	2.496552500834025579e-01	1.498412156094615921e-01	7.393794906117386045e-02	2.745341403793995216e-02	7.849664811338781523e-02
1.150905533828591842e+03	2.542081765324954445e-01	1.660556876487198075e-01	2.497853973060604194e-01	1.499314777826140088e-01	7.399376156248198277e-02	2.745341403793995216e-02	7.857208512930355382e-02
1.152356864892688463e+03	2.539952387005771639e-01	1.659175761818458550e-01	2.499152647564814034e-01	1.500216369015979212e-01	7.404948069964981117e-02	2.745341403793995216e-02	7.864738872152307603e-02
1.153808195956785084e+03	2.537826717115362896e-01	1.657797024092240445e-01	2.500448536687189804e-01	1.501116924218206805e-01	7.410510655299301641e-02	2.745341403793995216e-02	7.872255919738213592e-02
1.155259527020881706e+03	2.535704748977810064e-01	1.656420659234760506e-01	2.501741652644522973e-01	1.502016438095075124e-01	7.416063920474702531e-02	2.745341403793995216e-02	7.879759686171128319e-02
1.156710858084978327e+03	2.533586475932215198e-01	1.655046663178568467e-01	2.503032007531471037e-01	1.502914905415480284e-01	7.421607873901098218e-02	2.745341403793995216e-02	7.887250201689068041e-02
1.158162189149074720e+03	2.531471891332631730e-01	1.653675031862554545e-01	2.504319613322149585e-01	1.503812321053446532e-01	7.427142524169345894e-02	2.745341403793995216e-02	7.894727496290342150e-02
1.159613520213171569e+03	2.529360988547988409e-01	1.652305761231957770e-01	2.505604481871702149e-01	1.504708679986632991e-01	7.432667880045933095e-02	2.745341403793995216e-02	7.902191599738761507e-02
1.161064851277267962e+03	2.527253760962019924e-01	1.650938847238372642e-01	2.506886624917847306e-01	1.505603977294858731e-01	7.438183950467817940e-02	2.745341403793995216e-02	7.909642541568705221e-02
1.162516182341364356e+03	2.525150201973194175e-01	1.649574285839756072e-01	2.508166054082404117e-01	1.506498208158651153e-01	7.443690744537390103e-02	2.745341403793995216e-02	7.917080351090065304e-02
1.163967513405461204e+03	2.523050304994643445e-01	1.648212073000433209e-01	2.509442780872799816e-01	1.507391367857810194e-01	7.449188271517571958e-02	2.745341403793995216e-02	7.924505057393067819e-02
1.165418844469557826e+03	2.520954063454095007e-01	1.646852204691104105e-01	2.510716816683553620e-01	1.508283451769997230e-01	7.454676540827039066e-02	2.745341403793995216e-02	7.931916689352966343e-02
1.166870175533654447e+03	2.518861470793800073e-01	1.645494676888847874e-01	2.511988172797743890e-01	1.509174455369338419e-01	7.460155562035568344e-02	2.745341403793995216e-02	7.939315275634627189e-02
1.168321506597751068e+03	2.516772520470468288e-01	1.644139485577128246e-01	2.513256860388452529e-01	1.510064374225051631e-01	7.465625344859501411e-02	2.745341403793995216e-02	7.946700844696982791e-02
1.169772837661847461e+03	2.514687205955198901e-01	1.642786626745797729e-01	2.514522890520191623e-01	1.510953204000088090e-01	7.471085899157327292e-02	2.745341403793995216e-02	7.954073424797396263e-02
1.171224168725944082e+03	2.512605520733415254e-01	1.641436096391101773e-01	2.515786274150307866e-01	1.511840940449795667e-01	7.476537234925381692e-02	2.745341403793995216e-02	7.961433043995892744e-02
1.172675499790040703e+03	2.510527458304796511e-01	1.640087890515681546e-01	2.517047022130374234e-01	1.512727579420600210e-01	7.481979362293655900e-02	2.745341403793995216e-02	7.968779730159297747e-02
1.174126830854137097e+03	2.508453012183214925e-01	1.638742005128578372e-01	2.518305145207554441e-01	1.513613116848702700e-01	7.487412291521708396e-02	2.745341403793995216e-02	7.976113510965270048e-02
1.175578161918233945e+03	2.506382175896669784e-01	1.637398436245235400e-01	2.519560654025953528e-01	1.514497548758797218e-01	7.492836032994691642e-02	2.745341403793995216e-02	7.983434413906226323e-02
1.177029492982330339e+03	2.504314942987223569e-01	1.636057179887500379e-01	2.520813559127953463e-01	1.515380871262804463e-01	7.498250597219474622e-02	2.745341403793995216e-02	7.990742466293178359e-02
1.178480824046426733e+03	2.502251307010939230e-01	1.634718232083628431e-01	2.522063870955522091e-01	1.516263080558624410e-01	7.503655994820865316e-02	2.745341403793995216e-02	7.998037695259462010e-02
1.179932155110523581e+03	2.500191261537816900e-01	1.633381588868282608e-01	2.523311599851511544e-01	1.517144172928903967e-01	7.509052236537935854e-02	2.745341403793995216e-02	8.005320127764382898e-02
1.181383486174620202e+03	2.498134800151730617e-01	1.632047246282535558e-01	2.524556756060936102e-01	1.518024144739823500e-01	7.514439333220440664e-02	2.745341403793995216e-02	8.012589790596758021e-02
1.182834817238716823e+03	2.496081916450370031e-01	1.630715200373871465e-01	2.525799349732234522e-01	1.518902992439898625e-01	7.519817295825322045e-02	2.745341403793995216e-02	8.019846710378385202e-02
1.184286148302813444e+03	2.494032604045176849e-01	1.629385447196184944e-01	2.527039390918511264e-01	1.519780712558800317e-01	7.525186135413312882e-02	2.745341403793995216e-02	8.027090913567408448e-02
1.185737479366910065e+03	2.491986856561285435e-01	1.628057982809783255e-01	2.528276889578765507e-01	1.520657301706187792e-01	7.530545863145624019e-02	2.745341403793995216e-02	8.034322426461615319e-02
1.187188810431006686e+03	2.489944667637463138e-01	1.626732803281385475e-01	2.529511855579100188e-01	1.521532756570561917e-01	7.535896490280721838e-02	2.745341403793995216e-02	8.041541275201631589e-02
1.188640141495103080e+03	2.487906030926051448e-01	1.625409904684121665e-01	2.530744298693917704e-01	1.522407073918130849e-01	7.541238028171180774e-02	2.745341403793995216e-02	8.048747485774059018e-02
1.190091472559199701e+03	2.485870940092907710e-01	1.624089283097533698e-01	2.531974228607097310e-01	1.523280250591692586e-01	7.546570488260623266e-02	2.745341403793995216e-02	8.055941084014513198e-02
1.191542803623296322e+03	2.483839388817347671e-01	1.622770934607573046e-01	2.533201654913155854e-01	1.524152283509533357e-01	7.551893882080741582e-02	2.745341403793995216e-02	8.063122095610605888e-02
1.192994134687392716e+03	2.481811370792086358e-01	1.621454855306601051e-01	2.534426587118395746e-01	1.525023169664339873e-01	7.557208221248383484e-02	2.745341403793995216e-02	8.070290546104828822e-02
1.194445465751489564e+03	2.479786879723183124e-01	1.620141041293386430e-01	2.535649034642034061e-01	1.525892906122127413e-01	7.562513517462739199e-02	2.745341403793995216e-02	8.077446460897390323e-02
1.195896796815585958e+03	2.477765909329985028e-01	1.618829488673104444e-01	2.536869006817318861e-01	1.526761490021183443e-01	7.567809782502568638e-02	2.745341403793995216e-02	8.084589865248960339e-02
1.197348127879682352e+03	2.475748453345070488e-01	1.617520193557334118e-01	2.538086512892627211e-01	1.527628918571023175e-01	7.573097028223527150e-02	2.745341403793995216e-02	8.091720784283361334e-02
1.198799458943779200e+03	2.473734505514195436e-01	1.616213152064057412e-01	2.539301562032554860e-01	1.528495189051362335e-01	7.578375266555548162e-02	2.745341403793995216e-02	8.098839242990184262e-02
1.200250790007875821e+03	2.471724059596238365e-01	1.614908360317655334e-01	2.540514163318983165e-01	1.529360298811102692e-01	7.583644509500296615e-02	2.745341403793995216e-02	8.105945266227340684e-02
1.201702121071972442e+03	2.469717109363145369e-01	1.613605814448907105e-01	2.541724325752135472e-01	1.530224245267330918e-01	7.588904769128690386e-02	2.745341403793995216e-02	8.113038878723553837e-02
1.203153452136069063e+03	2.467713648599877685e-01	1.612305510594986002e-01	2.542932058251620719e-01	1.531087025904332988e-01	7.594156057578475838e-02	2.745341403793995216e-02	8.120120105080783079e-02
1.204604783200165684e+03	2.465713671104358407e-01	1.611007444899456020e-01	2.544137369657460401e-01	1.531948638272619956e-01	7.599398387051883863e-02	2.745341403793995216e-02	8.127188969776591443e-02
1.206056114264262078e+03	2.463717170687420299e-01	1.609711613512270212e-01	2.545340268731102196e-01	1.532809079987970113e-01	7.604631769813335884e-02	2.745341403793995216e-02	8.134245497166457672e-02
1.207507445328358699e+03	2.461724141172753066e-01	1.608418012589766521e-01	2.546540764156420278e-01	1.533668348730480024e-01	7.609856218187209531e-02	2.745341403793995216e-02	8.141289711486016101e-02
1.208958776392455093e+03	2.459734576396852834e-01	1.607126638294662790e-01	2.547738864540701198e-01	1.534526442243633326e-01	7.615071744555661215e-02	2.745341403793995216e-02	8.148321636853261829e-02
1.210410107456551941e+03	2.457748470208969693e-01	1.605837486796055091e-01	2.548934578415618657e-01	1.535383358333379522e-01	7.620278361356512542e-02	2.745341403793995216e-02	8.155341297270685130e-02
1.211861438520648335e+03	2.455765816471059404e-01	1.604550554269412455e-01	2.550127914238190519e-01	1.536239094867225263e-01	7.625476081081193624e-02	2.745341403793995216e-02	8.162348716627357281e-02
1.213312769584745183e+03	2.453786609057731771e-01	1.603265836896572982e-01	2.551318880391730270e-01	1.537093649773339510e-01	7.630664916272719700e-02	2.745341403793995216e-02	8.169343918700969209e-02
1.214764100648841804e+03	2.451810841856200684e-01	1.601983330865738853e-01	2.552507485186777947e-01	1.537947021039670070e-01	7.635844879523746853e-02	2.745341403793995216e-02	8.176326927159810465e-02
1.216215431712937971e+03	2.449838508766236655e-01	1.600703032371472989e-01	2.553693736862022168e-01	1.538799206713074019e-01	7.641015983474662432e-02	2.745341403793995216e-02	8.183297765564712112e-02
1.217666762777034819e+03	2.447869603700116858e-01	1.599424937614692677e-01	2.554877643585211633e-01	1.539650204898456720e-01	7.646178240811729587e-02	2.745341403793995216e-02	8.190256457370921617e-02
1.219118093841131440e+03	2.445904120582577390e-01	1.598149042802666508e-01	2.556059213454048296e-01	1.540500013757925557e-01	7.651331664265283161e-02	2.745341403793995216e-02	8.197203025929958309e-02
1.220569424905228061e+03	2.443942053350765808e-01	1.596875344149007725e-01	2.557238454497076652e-01	1.541348631509955880e-01	7.656476266607963044e-02	2.745341403793995216e-02	8.204137494491395288e-02
1.222020755969324682e+03	2.441983395954193115e-01	1.595603837873670050e-01	2.558415374674551934e-01	1.542196056428563888e-01	7.661612060653008593e-02	2.745341403793995216e-02	8.211059886204619129e-02
1.223472087033421303e+03	2.440028142354687679e-01	1.594334520202941863e-01	2.559589981879303311e-01	1.543042286842497279e-01	7.666739059252583588e-02	2.745341403793995216e-02	8.217970224120532685e-02
1.224923418097517697e+03	2.438076286526347780e-01	1.593067387369440646e-01	2.560762283937584316e-01	1.543887321134431445e-01	7.671857275296155299e-02	2.745341403793995216e-02	8.224868531193219034e-02
1.226374749161614318e+03	2.436127822455496639e-01	1.591802435612107713e-01	2.561932288609908848e-01	1.544731157740180383e-01	7.676966721708908259e-02	2.745341403793995216e-02	8.231754830281572122e-02
1.227826080225710712e+03	2.434182744140636623e-01	1.590539661176201824e-01	2.563100003591877729e-01	1.545573795147917040e-01	7.682067411450206607e-02	2.745341403793995216e-02	8.238629144150873274e-02
1.229277411289807560e+03	2.432241045592403450e-01	1.589279060313293634e-01	2.564265436514996943e-01	1.546415231897403653e-01	7.687159357512092506e-02	2.745341403793995216e-02	8.245491495474341348e-02
1.230728742353903954e+03	2.430302720833522057e-01	1.588020629281260421e-01	2.565428594947477547e-01	1.547255466579235128e-01	7.692242572917820653e-02	2.745341403793995216e-02	8.252341906834638474e-02
1.232180073418000802e+03	2.428367763898761633e-01	1.586764364344278311e-01	2.566589486395032260e-01	1.548094497834089645e-01	7.697317070720445520e-02	2.745341403793995216e-02	8.259180400725342486e-02
1.233631404482097196e+03	2.426436168834891771e-01	1.585510261772817286e-01	2.567748118301658722e-01	1.548932324351992573e-01	7.702382864001423857e-02	2.745341403793995216e-02	8.266006999552374945e-02
1.235082735546193817e+03	2.424507929700639997e-01	1.584258317843634245e-01	2.568904498050409435e-01	1.549768944871588450e-01	7.707439965869272713e-02	2.745341403793995216e-02	8.272821725635405576e-02
1.236534066610290438e+03	2.422583040566647083e-01	1.583008528839766338e-01	2.570058632964155043e-01	1.550604358179423770e-01	7.712488389458255211e-02	2.745341403793995216e-02	8.279624601209215062e-02
1.237985397674387059e+03	2.420661495515424588e-01	1.581760891050525142e-01	2.571210530306335951e-01	1.551438563109240332e-01	7.717528147927105175e-02	2.745341403793995216e-02	8.286415648425025926e-02
1.239436728738483680e+03	2.418743288641312938e-01	1.580515400771488610e-01	2.572360197281702843e-01	1.552271558541277185e-01	7.722559254457772582e-02	2.745341403793995216e-02	8.293194889351804266e-02
1.240888059802580301e+03	2.416828414050438689e-01	1.579272054304495798e-01	2.573507641037048321e-01	1.553103343401581737e-01	7.727581722254220353e-02	2.745341403793995216e-02	8.299962345977519862e-02
1.242339390866676695e+03	2.414916865860673723e-01	1.578030847957638816e-01	2.574652868661929661e-01	1.553933916661333070e-01	7.732595564541236421e-02	2.745341403793995216e-02	8.306718040210389620e-02
1.243790721930773088e+03	2.413008638201592782e-01	1.576791778045256165e-01	2.575795887189379907e-01	1.554763277336171923e-01	7.737600794563295747e-02	2.745341403793995216e-02	8.313461993880080780e-02
1.245242052994869937e+03	2.411103725214432669e-01	1.575554840887925800e-01	2.576936703596607314e-01	1.555591424485540109e-01	7.742597425583430670e-02	2.745341403793995216e-02	8.320194228738884978e-02
1.246693384058966330e+03	2.409202121052053391e-01	1.574320032812457637e-01	2.578075324805693125e-01	1.556418357212031311e-01	7.747585470882147052e-02	2.745341403793995216e-02	8.326914766462871487e-02
1.248144715123063179e+03	2.407303819878895135e-01	1.573087350151885777e-01	2.579211757684271578e-01	1.557244074660747712e-01	7.752564943756368177e-02	2.745341403793995216e-02	8.333623628653001603e-02
1.249596046187159800e+03	2.405408815870939965e-01	1.571856789245462405e-01	2.580346009046205480e-01	1.558068576018667994e-01	7.757535857518391142e-02	2.745341403793995216e-02	8.340320836836223606e-02
1.251047377251256421e+03	2.403517103215672968e-01	1.570628346438649459e-01	2.581478085652249566e-01	1.558891860514022287e-01	7.762498225494893211e-02	2.745341403793995216e-02	8.347006412466542735e-02
1.252498708315352815e+03	2.401628676112040894e-01	1.569402018083111139e-01	2.582607994210707192e-01	1.559713927415677936e-01	7.767452061025950649e-02	2.745341403793995216e-02	8.353680376926055084e-02
1.253950039379449436e+03	2.399743528770414691e-01	1.568177800536706690e-01	2.583735741378079820e-01	1.560534776032531101e-01	7.772397377464083934e-02	2.745341403793995216e-02	8.360342751525973171e-02
1.255401370443546057e+03	2.397861655412549808e-01	1.566955690163482073e-01	2.584861333759703728e-01	1.561354405712908344e-01	7.777334188173337659e-02	2.745341403793995216e-02	8.366993557507602930e-02
1.256852701507642678e+03	2.395983050271550119e-01	1.565735683333662476e-01	2.585984777910379506e-01	1.562172815843976548e-01	7.782262506528372925e-02	2.745341403793995216e-02	8.373632816043323490e-02
1.258304032571739299e+03	2.394107707591827672e-01	1.564517776423644813e-01	2.587106080334993230e-01	1.562990005851160324e-01	7.787182345913593040e-02	2.745341403793995216e-02	8.380260548237523921e-02
1.259755363635835920e+03	2.392235621629065501e-01	1.563301965815989680e-01	2.588225247489132630e-01	1.563805975197567755e-01	7.792093719722287259e-02	2.745341403793995216e-02	8.386876775127526107e-02
1.261206694699932314e+03	2.390366786650181818e-01	1.562088247899412752e-01	2.589342285779689945e-01	1.564620723383424172e-01	7.796996641355800894e-02	2.745341403793995216e-02	8.393481517684484028e-02
1.262658025764028707e+03	2.388501196933290882e-01	1.560876619068778115e-01	2.590457201565457002e-01	1.565434249945513445e-01	7.801891124222723461e-02	2.745341403793995216e-02	8.400074796814263611e-02
1.264109356828125556e+03	2.386638846767667188e-01	1.559667075725088559e-01	2.591570001157714742e-01	1.566246554456627860e-01	7.806777181738108751e-02	2.745341403793995216e-02	8.406656633358294828e-02
1.265560687892221949e+03	2.384779730453709667e-01	1.558459614275478355e-01	2.592680690820816647e-01	1.567057636525023834e-01	7.811654827322699057e-02	2.745341403793995216e-02	8.413227048094407134e-02
1.267012018956318798e+03	2.382923842302904771e-01	1.557254231133205491e-01	2.593789276772758279e-01	1.567867495793886790e-01	7.816524074402185496e-02	2.745341403793995216e-02	8.419786061737649652e-02
1.268463350020415419e+03	2.381071176637790943e-01	1.556050922717642504e-01	2.594895765185744607e-01	1.568676131940803242e-01	7.821384936406480803e-02	2.745341403793995216e-02	8.426333694941086361e-02
1.269914681084511813e+03	2.379221727791923091e-01	1.554849685454268438e-01	2.596000162186747895e-01	1.569483544677239828e-01	7.826237426769011574e-02	2.745341403793995216e-02	8.432869968296577423e-02
1.271366012148608434e+03	2.377375490109837619e-01	1.553650515774661067e-01	2.597102473858054483e-01	1.570289733748028993e-01	7.831081558926039632e-02	2.745341403793995216e-02	8.439394902335525805e-02
1.272817343212705055e+03	2.375532457947016340e-01	1.552453410116487464e-01	2.598202706237812132e-01	1.571094698930861899e-01	7.835917346315980636e-02	2.745341403793995216e-02	8.445908517529630843e-02
1.274268674276801676e+03	2.373692625669853451e-01	1.551258364923495947e-01	2.599300865320561815e-01	1.571898440035790490e-01	7.840744802378762923e-02	2.745341403793995216e-02	8.452410834291609887e-02
1.275720005340898297e+03	2.371855987655619447e-01	1.550065376645508308e-01	2.600396957057767855e-01	1.572700956904733161e-01	7.845563940555194682e-02	2.745341403793995216e-02	8.458901872975900516e-02
1.277171336404994690e+03	2.370022538292428371e-01	1.548874441738410934e-01	2.601490987358339724e-01	1.573502249410990428e-01	7.850374774286345003e-02	2.745341403793995216e-02	8.465381653879354429e-02
1.278622667469091539e+03	2.368192271979203123e-01	1.547685556664145090e-01	2.602582962089142748e-01	1.574302317458763367e-01	7.855177317012947136e-02	2.745341403793995216e-02	8.471850197241907743e-02
1.280073998533187932e+03	2.366365183125642146e-01	1.546498717890699981e-01	2.603672887075509923e-01	1.575101160982682880e-01	7.859971582174812843e-02	2.745341403793995216e-02	8.478307523247240185e-02
1.281525329597284326e+03	2.364541266152185572e-01	1.545313921892103037e-01	2.604760768101738733e-01	1.575898779947343398e-01	7.864757583210273129e-02	2.745341403793995216e-02	8.484753652023420412e-02
1.282976660661381175e+03	2.362720515489983575e-01	1.544131165148411311e-01	2.605846610911586869e-01	1.576695174346843531e-01	7.869535333555618961e-02	2.745341403793995216e-02	8.491188603643527733e-02
1.284427991725477568e+03	2.360902925580861123e-01	1.542950444145703426e-01	2.606930421208759063e-01	1.577490344204331985e-01	7.874304846644572531e-02	2.745341403793995216e-02	8.497612398126271060e-02
1.285879322789574417e+03	2.359088490877288280e-01	1.541771755376069863e-01	2.608012204657386146e-01	1.578284289571561250e-01	7.879066135907761281e-02	2.745341403793995216e-02	8.504025055436580105e-02
1.287330653853671038e+03	2.357277205842345236e-01	1.540595095337605192e-01	2.609091966882501334e-01	1.579077010528446567e-01	7.883819214772212758e-02	2.745341403793995216e-02	8.510426595486196566e-02
1.288781984917767431e+03	2.355469064949692326e-01	1.539420460534398349e-01	2.610169713470505970e-01	1.579868507182632109e-01	7.888564096660860558e-02	2.745341403793995216e-02	8.516817038134243123e-02
1.290233315981864052e+03	2.353664062683535896e-01	1.538247847476524321e-01	2.611245449969632482e-01	1.580658779669061043e-01	7.893300794992066938e-02	2.745341403793995216e-02	8.523196403187778547e-02
