1.001418434226643626e+03	2.782460201716855375e-01	1.816587627493622403e-01	2.345682659431846118e-01	1.402384537966063216e-01	6.778707510436304817e-02	2.747686861822003571e-02	7.002455361619502883e-02
1.002869765290740247e+03	2.779909086060078915e-01	1.814947110534108621e-01	2.347350643679641524e-01	1.403328721803542567e-01	6.785288739430020422e-02	2.747686861822003571e-02	7.011668777935940733e-02
1.004321096354836754e+03	2.777362464404604658e-01	1.813309403126938668e-01	2.349013395201607901e-01	1.404273545098784770e-01	6.791862329432690748e-02	2.747686861822003571e-02	7.020862730387633643e-02
1.005772427418933376e+03	2.774820327800012199e-01	1.811674500795251719e-01	2.350670957647570947e-01	1.405218973349922629e-01	6.798428198441004711e-02	2.747686861822003571e-02	7.030037343771104730e-02
1.007223758483029997e+03	2.772282667328690442e-01	1.810042399060335372e-01	2.352323374082832264e-01	1.406164972606081254e-01	6.804986267027261782e-02	2.747686861822003571e-02	7.039192740333033438e-02
1.008675089547126618e+03	2.769749474105522302e-01	1.808413093441876285e-01	2.353970686996670614e-01	1.407111509459196830e-01	6.811536458272651751e-02	2.747686861822003571e-02	7.048329039834382026e-02
1.010126420611223239e+03	2.767220739277578279e-01	1.806786579458207476e-01	2.355612938310714666e-01	1.408058551035955841e-01	6.818078697702260882e-02	2.747686861822003571e-02	7.057446359612871978e-02
1.011577751675319632e+03	2.764696454023815031e-01	1.805162852626546743e-01	2.357250169387196392e-01	1.409006064989852813e-01	6.824612913221712873e-02	2.747686861822003571e-02	7.066544814643875572e-02
1.013029082739416367e+03	2.762176609554773954e-01	1.803541908463228705e-01	2.358882421037080124e-01	1.409954019493365740e-01	6.831139035055461273e-02	2.747686861822003571e-02	7.075624517599746199e-02
1.014480413803512761e+03	2.759661197112289188e-01	1.801923742483931556e-01	2.360509733528075582e-01	1.410902383230246138e-01	6.837656995686643147e-02	2.747686861822003571e-02	7.084685578907633230e-02
1.015931744867609382e+03	2.757150207969193412e-01	1.800308350203896068e-01	2.362132146592529069e-01	1.411851125387921235e-01	6.844166729798482895e-02	2.747686861822003571e-02	7.093728106805823053e-02
1.017383075931706003e+03	2.754643633429033622e-01	1.798695727138140410e-01	2.363749699435201690e-01	1.412800215650012459e-01	6.850668174217189321e-02	2.747686861822003571e-02	7.102752207398634055e-02
1.018834406995802851e+03	2.752141464825786366e-01	1.797085868801667763e-01	2.365362430740933497e-01	1.413749624188959109e-01	6.857161267856319575e-02	2.747686861822003571e-02	7.111757984709916880e-02
1.020285738059899245e+03	2.749643693523581289e-01	1.795478770709668659e-01	2.366970378682192178e-01	1.414699321658753339e-01	6.863645951662565581e-02	2.747686861822003571e-02	7.120745540735184953e-02
1.021737069123995752e+03	2.747150310916422478e-01	1.793874428377717212e-01	2.368573580926514321e-01	1.415649279187782272e-01	6.870122168562936560e-02	2.747686861822003571e-02	7.129714975492404405e-02
1.023188400188092373e+03	2.744661308427920332e-01	1.792272837321962631e-01	2.370172074643835114e-01	1.416599468371773918e-01	6.876589863413277992e-02	2.747686861822003571e-02	7.138666387071505859e-02
1.024639731252188767e+03	2.742176677511021232e-01	1.790673993059315461e-01	2.371765896513711724e-01	1.417549861266848843e-01	6.883048982948128391e-02	2.747686861822003571e-02	7.147599871682609740e-02
1.026091062316285615e+03	2.739696409647743858e-01	1.789077891107627161e-01	2.373355082732438726e-01	1.418500430382673150e-01	6.889499475731840350e-02	2.747686861822003571e-02	7.156515523703040060e-02
1.027542393380382237e+03	2.737220496348921062e-01	1.787484526985867184e-01	2.374939669020061650e-01	1.419451148675711649e-01	6.895941292110971399e-02	2.747686861822003571e-02	7.165413435723121116e-02
1.028993724444478858e+03	2.734748929153939523e-01	1.785893896214293119e-01	2.376519690627285630e-01	1.420401989542582899e-01	6.902374384167885013e-02	2.747686861822003571e-02	7.174293698590814006e-02
1.030445055508575479e+03	2.732281699630488281e-01	1.784305994314617227e-01	2.378095182342281899e-01	1.421352926813509165e-01	6.908798705675536778e-02	2.747686861822003571e-02	7.183156401455205453e-02
1.031896386572671872e+03	2.729818799374308935e-01	1.782720816810167141e-01	2.379666178497397699e-01	1.422303934745864640e-01	6.915214212053434617e-02	2.747686861822003571e-02	7.192001631808897510e-02
1.033347717636768493e+03	2.727360220008946956e-01	1.781138359226042966e-01	2.381232712975763777e-01	1.423254988017818579e-01	6.921620860324700919e-02	2.747686861822003571e-02	7.200829475529298140e-02
1.034799048700865114e+03	2.724905953185510210e-01	1.779558617089270212e-01	2.382794819217806670e-01	1.424206061722071426e-01	6.928018609074262923e-02	2.747686861822003571e-02	7.209640016918879291e-02
1.036250379764961508e+03	2.722455990582428598e-01	1.777981585928947728e-01	2.384352530227665523e-01	1.425157131359683915e-01	6.934407418408092272e-02	2.747686861822003571e-02	7.218433338744381644e-02
1.037701710829058356e+03	2.720010323905217020e-01	1.776407261276390925e-01	2.385905878579514527e-01	1.426108172833996379e-01	6.940787249913500656e-02	2.747686861822003571e-02	7.227209522275042375e-02
1.039153041893154750e+03	2.717568944886242233e-01	1.774835638665273330e-01	2.387454896423792106e-01	1.427059162444638263e-01	6.947158066620449934e-02	2.747686861822003571e-02	7.235968647319829250e-02
1.040604372957251599e+03	2.715131845284491363e-01	1.773266713631760638e-01	2.388999615493338502e-01	1.428010076881625068e-01	6.953519832963850344e-02	2.747686861822003571e-02	7.244710792263729660e-02
1.042055704021347992e+03	2.712699016885345427e-01	1.771700481714644781e-01	2.390540067109444555e-01	1.428960893219544115e-01	6.959872514746828776e-02	2.747686861822003571e-02	7.253436034103116770e-02
1.043507035085444613e+03	2.710270451500355615e-01	1.770136938455470210e-01	2.392076282187809155e-01	1.429911588911824127e-01	6.966216079104933789e-02	2.747686861822003571e-02	7.262144448480209458e-02
1.044958366149541234e+03	2.707846140967020698e-01	1.768576079398660461e-01	2.393608291244412045e-01	1.430862141785088637e-01	6.972550494471264904e-02	2.747686861822003571e-02	7.270836109716653783e-02
1.046409697213637855e+03	2.705426077148569974e-01	1.767017900091637228e-01	2.395136124401298916e-01	1.431812530033595710e-01	6.978875730542484501e-02	2.747686861822003571e-02	7.279511090846241261e-02
1.047861028277734476e+03	2.703010251933746777e-01	1.765462396084939711e-01	2.396659811392280459e-01	1.432762732213756218e-01	6.985191758245709592e-02	2.747686861822003571e-02	7.288169463646802793e-02
1.049312359341831097e+03	2.700598657236596423e-01	1.763909562932338693e-01	2.398179381568551483e-01	1.433712727238734830e-01	6.991498549706252896e-02	2.747686861822003571e-02	7.296811298671281032e-02
1.050763690405927491e+03	2.698191284996256933e-01	1.762359396190945338e-01	2.399694863904222875e-01	1.434662494373130370e-01	6.997796078216181326e-02	2.747686861822003571e-02	7.305436665278010333e-02
1.052215021470024112e+03	2.695788127176753091e-01	1.760811891421321940e-01	2.401206287001775019e-01	1.435612013227733630e-01	7.004084318203687709e-02	2.747686861822003571e-02	7.314045631660223701e-02
1.053666352534120733e+03	2.693389175766790489e-01	1.759267044187583784e-01	2.402713679097431554e-01	1.436561263754363438e-01	7.010363245203246607e-02	2.747686861822003571e-02	7.322638264874814507e-02
1.055117683598217127e+03	2.690994422779555140e-01	1.757724850057502397e-01	2.404217068066451801e-01	1.437510226240778510e-01	7.016632835826533410e-02	2.747686861822003571e-02	7.331214630870348803e-02
1.056569014662313975e+03	2.688603860252514188e-01	1.756185304602603525e-01	2.405716481428348819e-01	1.438458881305663684e-01	7.022893067734085892e-02	2.747686861822003571e-02	7.339774794514376810e-02
1.058020345726410369e+03	2.686217480247221623e-01	1.754648403398262890e-01	2.407211946352027510e-01	1.439407209893690531e-01	7.029143919607697133e-02	2.747686861822003571e-02	7.348318819620043574e-02
1.059471676790506763e+03	2.683835274849123431e-01	1.753114142023798061e-01	2.408703489660849739e-01	1.440355193270652367e-01	7.035385371123520359e-02	2.747686861822003571e-02	7.356846768972012673e-02
1.060923007854603611e+03	2.681457236167366642e-01	1.751582516062560047e-01	2.410191137837624786e-01	1.441302813018666695e-01	7.041617402925846869e-02	2.747686861822003571e-02	7.365358704351746000e-02
1.062374338918700232e+03	2.679083356334611699e-01	1.750053521102019893e-01	2.411674917029524301e-01	1.442250051031452873e-01	7.047839996601573676e-02	2.747686861822003571e-02	7.373854686562118788e-02
1.063825669982796853e+03	2.676713627506847049e-01	1.748527152733852785e-01	2.413154853052928150e-01	1.443196889509677505e-01	7.054053134655310919e-02	2.747686861822003571e-02	7.382334775451421249e-02
1.065277001046893474e+03	2.674348041863203185e-01	1.747003406554021865e-01	2.414630971398197268e-01	1.444143310956367554e-01	7.060256800485148476e-02	2.747686861822003571e-02	7.390799029936738485e-02
1.066728332110990095e+03	2.671986591605775563e-01	1.745482278162857337e-01	2.416103297234377389e-01	1.445089298172392567e-01	7.066450978359016533e-02	2.747686861822003571e-02	7.399247508026741971e-02
1.068179663175086489e+03	2.669629268959444190e-01	1.743963763165132796e-01	2.417571855413832571e-01	1.446034834252013235e-01	7.072635653391672050e-02	2.747686861822003571e-02	7.407680266843894024e-02
1.069630994239183110e+03	2.667276066171696547e-01	1.742447857170141834e-01	2.419036670476812367e-01	1.446979902578493793e-01	7.078810811522265323e-02	2.747686861822003571e-02	7.416097362646088820e-02
1.071082325303279504e+03	2.664926975512454388e-01	1.740934555791769645e-01	2.420497766655949901e-01	1.447924486819781864e-01	7.084976439492494948e-02	2.747686861822003571e-02	7.424498850847743858e-02
1.072533656367376352e+03	2.662581989273902772e-01	1.739423854648565193e-01	2.421955167880696369e-01	1.448868570924250754e-01	7.091132524825304040e-02	2.747686861822003571e-02	7.432884786040344638e-02
1.073984987431472746e+03	2.660241099770320750e-01	1.737915749363806717e-01	2.423408897781688387e-01	1.449812139116503085e-01	7.097279055804134318e-02	2.747686861822003571e-02	7.441255222012473081e-02
1.075436318495569594e+03	2.657904299337913723e-01	1.736410235565570837e-01	2.424858979695052597e-01	1.450755175893238547e-01	7.103416021452715889e-02	2.747686861822003571e-02	7.449610211769329415e-02
1.076887649559666215e+03	2.655571580334648019e-01	1.734907308886795563e-01	2.426305436666645610e-01	1.451697666019181043e-01	7.109543411515363565e-02	2.747686861822003571e-02	7.457949807551744748e-02
1.078338980623762609e+03	2.653242935140088243e-01	1.733406964965341635e-01	2.427748291456233165e-01	1.452639594523067457e-01	7.115661216437789427e-02	2.747686861822003571e-02	7.466274060854716232e-02
1.079790311687859230e+03	2.650918356155237410e-01	1.731909199444054692e-01	2.429187566541609056e-01	1.453580946693693310e-01	7.121769427348398351e-02	2.747686861822003571e-02	7.474583022445471792e-02
1.081241642751955851e+03	2.648597835802378730e-01	1.730414007970821899e-01	2.430623284122648553e-01	1.454521708076018383e-01	7.127868036040072020e-02	2.747686861822003571e-02	7.482876742381065760e-02
1.082692973816052472e+03	2.646281366524917966e-01	1.728921386198629395e-01	2.432055466125309373e-01	1.455461864467329225e-01	7.133957034952417842e-02	2.747686861822003571e-02	7.491155270025538770e-02
1.084144304880149093e+03	2.643968940787227995e-01	1.727431329785617531e-01	2.433484134205567972e-01	1.456401401913458848e-01	7.140036417154464743e-02	2.747686861822003571e-02	7.499418654066627998e-02
1.085595635944245487e+03	2.641660551074498930e-01	1.725943834395132215e-01	2.434909309753301720e-01	1.457340306705061095e-01	7.146106176327816917e-02	2.747686861822003571e-02	7.507666942532058296e-02
1.087046967008342108e+03	2.639356189892587135e-01	1.724458895695777094e-01	2.436331013896113062e-01	1.458278565373939684e-01	7.152166306750229463e-02	2.747686861822003571e-02	7.515900182805416996e-02
1.088498298072438729e+03	2.637055849767864224e-01	1.722976509361463238e-01	2.437749267503095951e-01	1.459216164689434436e-01	7.158216803279608687e-02	2.747686861822003571e-02	7.524118421641627641e-02
1.089949629136535123e+03	2.634759523247072743e-01	1.721496671071457429e-01	2.439164091188550931e-01	1.460153091654855517e-01	7.164257661338425953e-02	2.747686861822003571e-02	7.532321705182022653e-02
1.091400960200631971e+03	2.632467202897180725e-01	1.720019376510427134e-01	2.440575505315641103e-01	1.461089333503975962e-01	7.170288876898527064e-02	2.747686861822003571e-02	7.540510078969035745e-02
1.092852291264728365e+03	2.630178881305239580e-01	1.718544621368487679e-01	2.441983529999997571e-01	1.462024877697571390e-01	7.176310446466332982e-02	2.747686861822003571e-02	7.548683587960523800e-02
1.094303622328825213e+03	2.627894551078240326e-01	1.717072401341243060e-01	2.443388185113271049e-01	1.462959711920013561e-01	7.182322367068419422e-02	2.747686861822003571e-02	7.556842276543718206e-02
1.095754953392921607e+03	2.625614204842978694e-01	1.715602712129829788e-01	2.444789490286631561e-01	1.463893824075912231e-01	7.188324636237471144e-02	2.747686861822003571e-02	7.564986188548822321e-02
1.097206284457018228e+03	2.623337835245913574e-01	1.714135549440956863e-01	2.446187464914216236e-01	1.464827202286808627e-01	7.194317251998595675e-02	2.747686861822003571e-02	7.573115367262270303e-02
1.098657615521114849e+03	2.621065434953033790e-01	1.712670908986944907e-01	2.447582128156526871e-01	1.465759834887915558e-01	7.200300212855978432e-02	2.747686861822003571e-02	7.581229855439632070e-02
1.100108946585211470e+03	2.618796996649723208e-01	1.711208786485762801e-01	2.448973498943779470e-01	1.466691710424906370e-01	7.206273517779897275e-02	2.747686861822003571e-02	7.589329695318207392e-02
1.101560277649308091e+03	2.616532513040628061e-01	1.709749177661066266e-01	2.450361595979200224e-01	1.467622817650753031e-01	7.212237166194056248e-02	2.747686861822003571e-02	7.597414928629292463e-02
1.103011608713404712e+03	2.614271976849527612e-01	1.708292078242231449e-01	2.451746437742277906e-01	1.468553145522607517e-01	7.218191157963255167e-02	2.747686861822003571e-02	7.605485596610128685e-02
1.104462939777501106e+03	2.612015380819204258e-01	1.706837483964389890e-01	2.453128042491966032e-01	1.469482683198731765e-01	7.224135493381363127e-02	2.747686861822003571e-02	7.613541740015555837e-02
1.105914270841597499e+03	2.609762717711316404e-01	1.705385390568460169e-01	2.454506428269837559e-01	1.470411420035471761e-01	7.230070173159616753e-02	2.747686861822003571e-02	7.621583399129369663e-02
1.107365601905694348e+03	2.607513980306271906e-01	1.703935793801180931e-01	2.455881612903196287e-01	1.471339345584276870e-01	7.235995198415208496e-02	2.747686861822003571e-02	7.629610613775378303e-02
1.108816932969790741e+03	2.605269161403106493e-01	1.702488689415140311e-01	2.457253614008138853e-01	1.472266449588762738e-01	7.241910570660170521e-02	2.747686861822003571e-02	7.637623423328195049e-02
1.110268264033887590e+03	2.603028253819359428e-01	1.701044073168805071e-01	2.458622448992574816e-01	1.473192721981817777e-01	7.247816291790541710e-02	2.747686861822003571e-02	7.645621866723738280e-02
1.111719595097984211e+03	2.600791250390951381e-01	1.699601940826550306e-01	2.459988135059200942e-01	1.474118152882751831e-01	7.253712364075823316e-02	2.747686861822003571e-02	7.653605982469484370e-02
1.113170926162080832e+03	2.598558143972066747e-01	1.698162288158684974e-01	2.461350689208432474e-01	1.475042732594487593e-01	7.259598790148689973e-02	2.747686861822003571e-02	7.661575808654441655e-02
1.114622257226177226e+03	2.596328927435036515e-01	1.696725110941478543e-01	2.462710128241291097e-01	1.475966451600792817e-01	7.265475572994978259e-02	2.747686861822003571e-02	7.669531382958878762e-02
1.116073588290273847e+03	2.594103593670219476e-01	1.695290404957187080e-01	2.464066468762250162e-01	1.476889300563554164e-01	7.271342715943925061e-02	2.747686861822003571e-02	7.677472742663814242e-02
1.117524919354370468e+03	2.591882135585887315e-01	1.693858165994076848e-01	2.465419727182039666e-01	1.477811270320090187e-01	7.277200222658664064e-02	2.747686861822003571e-02	7.685399924660248072e-02
1.118976250418467089e+03	2.589664546108112475e-01	1.692428389846445946e-01	2.466769919720408488e-01	1.478732351880504836e-01	7.283048097126958165e-02	2.747686861822003571e-02	7.693312965458171115e-02
1.120427581482563710e+03	2.587450818180656031e-01	1.691001072314649856e-01	2.468117062408847484e-01	1.479652536425080100e-01	7.288886343652174749e-02	2.747686861822003571e-02	7.701211901195340048e-02
1.121878912546660331e+03	2.585240944764854998e-01	1.689576209205120305e-01	2.469461171093271235e-01	1.480571815301706118e-01	7.294714966844492721e-02	2.747686861822003571e-02	7.709096767645831627e-02
1.123330243610756725e+03	2.583034918839514638e-01	1.688153796330386647e-01	2.470802261436662040e-01	1.481490180023349867e-01	7.300533971612334361e-02	2.747686861822003571e-02	7.716967600228384627e-02
1.124781574674853118e+03	2.580832733400797996e-01	1.686733829509096394e-01	2.472140348921673669e-01	1.482407622265562164e-01	7.306343363154024773e-02	2.747686861822003571e-02	7.724824434014518348e-02
1.126232905738949967e+03	2.578634381462123759e-01	1.685316304566032153e-01	2.473475448853198755e-01	1.483324133864019068e-01	7.312143146949652561e-02	2.747686861822003571e-02	7.732667303736454056e-02
1.127684236803046360e+03	2.576439856054056343e-01	1.683901217332131606e-01	2.474807576360895933e-01	1.484239706812101878e-01	7.317933328753151168e-02	2.747686861822003571e-02	7.740496243794833808e-02
1.129135567867143209e+03	2.574249150224202087e-01	1.682488563644503610e-01	2.476136746401683408e-01	1.485154333258511816e-01	7.323713914584578655e-02	2.747686861822003571e-02	7.748311288266244989e-02
1.130586898931239830e+03	2.572062257037109889e-01	1.681078339346445683e-01	2.477462973762192822e-01	1.486068005504919687e-01	7.329484910722601498e-02	2.747686861822003571e-02	7.756112470910549173e-02
1.132038229995336451e+03	2.569879169574166289e-01	1.679670540287458713e-01	2.478786273061188428e-01	1.486980716003651615e-01	7.335246323697164339e-02	2.747686861822003571e-02	7.763899825178023628e-02
1.133489561059432845e+03	2.567699880933496104e-01	1.678265162323262505e-01	2.480106658751951021e-01	1.487892457355405873e-01	7.340998160282352636e-02	2.747686861822003571e-02	7.771673384216337688e-02
1.134940892123529466e+03	2.565524384229862509e-01	1.676862201315810208e-01	2.481424145124627445e-01	1.488803222307007457e-01	7.346740427489438507e-02	2.747686861822003571e-02	7.779433180877329268e-02
1.136392223187626087e+03	2.563352672594570447e-01	1.675461653133302198e-01	2.482738746308544853e-01	1.489713003749193188e-01	7.352473132560112534e-02	2.747686861822003571e-02	7.787179247723627351e-02
1.137843554251722708e+03	2.561184739175369485e-01	1.674063513650198842e-01	2.484050476274489716e-01	1.490621794714429849e-01	7.358196282959872381e-02	2.747686861822003571e-02	7.794911617035098217e-02
1.139294885315819101e+03	2.559020577136357222e-01	1.672667778747232714e-01	2.485359348836957416e-01	1.491529588374764792e-01	7.363909886371604319e-02	2.747686861822003571e-02	7.802630320815129306e-02
1.140746216379915950e+03	2.556860179657886589e-01	1.671274444311419971e-01	2.486665377656363807e-01	1.492436378039709022e-01	7.369613950689307691e-02	2.747686861822003571e-02	7.810335390796759036e-02
1.142197547444012343e+03	2.554703539936469814e-01	1.669883506236072568e-01	2.487968576241229302e-01	1.493342157154149419e-01	7.375308484012001176e-02	2.747686861822003571e-02	7.818026858448644256e-02
1.143648878508108737e+03	2.552550651184690156e-01	1.668494960420807971e-01	2.489268957950326877e-01	1.494246919296294551e-01	7.380993494637773378e-02	2.747686861822003571e-02	7.825704754980884748e-02
1.145100209572205586e+03	2.550401506631107540e-01	1.667108802771558873e-01	2.490566535994802044e-01	1.495150658175648795e-01	7.386668991057988853e-02	2.747686861822003571e-02	7.833369111350689529e-02
1.146551540636302207e+03	2.548256099520169737e-01	1.665725029200583185e-01	2.491861323440259512e-01	1.496053367631017261e-01	7.392334981951649564e-02	2.747686861822003571e-02	7.841019958267908541e-02
1.148002871700398828e+03	2.546114423112123548e-01	1.664343635626472362e-01	2.493153333208818767e-01	1.496955041628539318e-01	7.397991476179893722e-02	2.747686861822003571e-02	7.848657326200424167e-02
1.149454202764495449e+03	2.543976470682925428e-01	1.662964617974159731e-01	2.494442578081142725e-01	1.497855674259752634e-01	7.403638482780644514e-02	2.747686861822003571e-02	7.856281245379399814e-02
1.150905533828591842e+03	2.541842235524158777e-01	1.661587972174929095e-01	2.495729070698433638e-01	1.498755259739684986e-01	7.409276010963385117e-02	2.747686861822003571e-02	7.863891745804407751e-02
1.152356864892688463e+03	2.539711710942942346e-01	1.660213694166420562e-01	2.497012823564400685e-01	1.499653792404972708e-01	7.414904070104084977e-02	2.747686861822003571e-02	7.871488857248409854e-02
1.153808195956785084e+03	2.537584890261849746e-01	1.658841779892638313e-01	2.498293849047199533e-01	1.500551266712010778e-01	7.420522669740242661e-02	2.747686861822003571e-02	7.879072609262631477e-02
1.155259527020881706e+03	2.535461766818825069e-01	1.657472225303956437e-01	2.499572159381341918e-01	1.501447677235126232e-01	7.426131819566064718e-02	2.747686861822003571e-02	7.886643031181297947e-02
1.156710858084978327e+03	2.533342333967097959e-01	1.656105026357124477e-01	2.500847766669580530e-01	1.502343018664780150e-01	7.431731529427768046e-02	2.747686861822003571e-02	7.894200152126257253e-02
1.158162189149074720e+03	2.531226585075105340e-01	1.654740179015273815e-01	2.502120682884760305e-01	1.503237285805797685e-01	7.437321809318998833e-02	2.747686861822003571e-02	7.901744001011491714e-02
1.159613520213171569e+03	2.529114513526405927e-01	1.653377679247921561e-01	2.503390919871650300e-01	1.504130473575621407e-01	7.442902669376375013e-02	2.747686861822003571e-02	7.909274606547500586e-02
1.161064851277267962e+03	2.527006112719604736e-01	1.652017523030975543e-01	2.504658489348741135e-01	1.505022577002592676e-01	7.448474119875143906e-02	2.747686861822003571e-02	7.916791997245589685e-02
1.162516182341364356e+03	2.524901376068270920e-01	1.650659706346737643e-01	2.505923402910023023e-01	1.505913591224256887e-01	7.454036171224949492e-02	2.747686861822003571e-02	7.924296201422037500e-02
1.163967513405461204e+03	2.522800297000861725e-01	1.649304225183908512e-01	2.507185672026733814e-01	1.506803511485695635e-01	7.459588833965706545e-02	2.747686861822003571e-02	7.931787247202171098e-02
1.165418844469557826e+03	2.520702868960644216e-01	1.647951075537590349e-01	2.508445308049080391e-01	1.507692333137881369e-01	7.465132118763591340e-02	2.747686861822003571e-02	7.939265162524325459e-02
1.166870175533654447e+03	2.518609085405619785e-01	1.646600253409289394e-01	2.509702322207938430e-01	1.508580051636057295e-01	7.470666036407123956e-02	2.747686861822003571e-02	7.946729975143709823e-02
1.168321506597751068e+03	2.516518939808447541e-01	1.645251754806918987e-01	2.510956725616524943e-01	1.509466662538142268e-01	7.476190597803364368e-02	2.747686861822003571e-02	7.954181712636183843e-02
1.169772837661847461e+03	2.514432425656371040e-01	1.643905575744801228e-01	2.512208529272047519e-01	1.510352161503157320e-01	7.481705813974195984e-02	2.747686861822003571e-02	7.961620402401918539e-02
1.171224168725944082e+03	2.512349536451143339e-01	1.642561712243669203e-01	2.513457744057329135e-01	1.511236544289677464e-01	7.487211696052709087e-02	2.747686861822003571e-02	7.969046071668990650e-02
1.172675499790040703e+03	2.510270265708954840e-01	1.641220160330668087e-01	2.514704380742407430e-01	1.512119806754303464e-01	7.492708255279684204e-02	2.747686861822003571e-02	7.976458747496863178e-02
1.174126830854137097e+03	2.508194606960362227e-01	1.639880916039356262e-01	2.515948449986114555e-01	1.513001944850159985e-01	7.498195503000158746e-02	2.747686861822003571e-02	7.983858456779797941e-02
1.175578161918233945e+03	2.506122553750215753e-01	1.638543975409706699e-01	2.517189962337628706e-01	1.513882954625413446e-01	7.503673450660081068e-02	2.747686861822003571e-02	7.991245226250165423e-02
1.177029492982330339e+03	2.504054099637589292e-01	1.637209334488106127e-01	2.518428928238007902e-01	1.514762832221811517e-01	7.509142109803057519e-02	2.747686861822003571e-02	7.998619082481683851e-02
1.178480824046426733e+03	2.501989238195710397e-01	1.635876989327356701e-01	2.519665358021699331e-01	1.515641573873245940e-01	7.514601492067189692e-02	2.747686861822003571e-02	8.005980051892575000e-02
1.179932155110523581e+03	2.499927963011893128e-01	1.634546935986674332e-01	2.520899261918025935e-01	1.516519175904335048e-01	7.520051609181972740e-02	2.747686861822003571e-02	8.013328160748632578e-02
1.181383486174620202e+03	2.497870267687467005e-01	1.633219170531689524e-01	2.522130650052650802e-01	1.517395634729029330e-01	7.525492472965299162e-02	2.747686861822003571e-02	8.020663435166225375e-02
1.182834817238716823e+03	2.495816145837713440e-01	1.631893689034446537e-01	2.523359532449022113e-01	1.518270946849234193e-01	7.530924095320519485e-02	2.747686861822003571e-02	8.027985901115217149e-02
1.184286148302813444e+03	2.493765591091795797e-01	1.630570487573401173e-01	2.524585919029797010e-01	1.519145108853456327e-01	7.536346488233593155e-02	2.747686861822003571e-02	8.035295584421812964e-02
1.185737479366910065e+03	2.491718597092695275e-01	1.629249562233420212e-01	2.525809819618241581e-01	1.520018117415468384e-01	7.541759663770308819e-02	2.747686861822003571e-02	8.042592510771343073e-02
1.187188810431006686e+03	2.489675157497145963e-01	1.627930909105781143e-01	2.527031243939615868e-01	1.520889969292994748e-01	7.547163634073575378e-02	2.747686861822003571e-02	8.049876705710963531e-02
1.188640141495103080e+03	2.487635265975569332e-01	1.626614524288167996e-01	2.528250201622531668e-01	1.521760661326414243e-01	7.552558411360782431e-02	2.747686861822003571e-02	8.057148194652304085e-02
1.190091472559199701e+03	2.485598916212012344e-01	1.625300403884671341e-01	2.529466702200295902e-01	1.522630190437485043e-01	7.557944007921235663e-02	2.747686861822003571e-02	8.064407002874038333e-02
1.191542803623296322e+03	2.483566101904082501e-01	1.623988544005785239e-01	2.530680755112233449e-01	1.523498553628086505e-01	7.563320436113656065e-02	2.747686861822003571e-02	8.071653155524394219e-02
1.192994134687392716e+03	2.481536816762887343e-01	1.622678940768404188e-01	2.531892369704986656e-01	1.524365747978980445e-01	7.568687708363736055e-02	2.747686861822003571e-02	8.078886677623600687e-02
1.194445465751489564e+03	2.479511054512971990e-01	1.621371590295821730e-01	2.533101555233802649e-01	1.525231770648590446e-01	7.574045837161776096e-02	2.747686861822003571e-02	8.086107594066280213e-02
1.195896796815585958e+03	2.477488808892258088e-01	1.620066488717725739e-01	2.534308320863796760e-01	1.526096618871798372e-01	7.579394835060367097e-02	2.747686861822003571e-02	8.093315929623766392e-02
1.197348127879682352e+03	2.475470073651983849e-01	1.618763632170197586e-01	2.535512675671198202e-01	1.526960289958760875e-01	7.584734714672138056e-02	2.747686861822003571e-02	8.100511708946381284e-02
1.198799458943779200e+03	2.473454842556643829e-01	1.617463016795706865e-01	2.536714628644579084e-01	1.527822781293741439e-01	7.590065488667570304e-02	2.747686861822003571e-02	8.107694956565641986e-02
1.200250790007875821e+03	2.471443109383931747e-01	1.616164638743108339e-01	2.537914188686064554e-01	1.528684090333960466e-01	7.595387169772854774e-02	2.747686861822003571e-02	8.114865696896417235e-02
1.201702121071972442e+03	2.469434867924680255e-01	1.614868494167638613e-01	2.539111364612525179e-01	1.529544214608462016e-01	7.600699770767821439e-02	2.747686861822003571e-02	8.122023954239039611e-02
1.203153452136069063e+03	2.467430111982803764e-01	1.613574579230911965e-01	2.540306165156753226e-01	1.530403151716998311e-01	7.606003304483907601e-02	2.747686861822003571e-02	8.129169752781348346e-02
1.204604783200165684e+03	2.465428835375241545e-01	1.612282890100915911e-01	2.541498598968618405e-01	1.531260899328929226e-01	7.611297783802184469e-02	2.747686861822003571e-02	8.136303116600691887e-02
1.206056114264262078e+03	2.463431031931901383e-01	1.610993422952007037e-01	2.542688674616211397e-01	1.532117455182140375e-01	7.616583221651444802e-02	2.747686861822003571e-02	8.143424069665880505e-02
1.207507445328358699e+03	2.461436695495603788e-01	1.609706173964907394e-01	2.543876400586967401e-01	1.532972817081973138e-01	7.621859631006325242e-02	2.747686861822003571e-02	8.150532635839086160e-02
1.208958776392455093e+03	2.459445819922025378e-01	1.608421139326698390e-01	2.545061785288774692e-01	1.533826982900176050e-01	7.627127024885486939e-02	2.747686861822003571e-02	8.157628838877702127e-02
1.210410107456551941e+03	2.457458399079646694e-01	1.607138315230816905e-01	2.546244837051064303e-01	1.534679950573866469e-01	7.632385416349846130e-02	2.747686861822003571e-02	8.164712702436145719e-02
1.211861438520648335e+03	2.455474426849695024e-01	1.605857697877050572e-01	2.547425564125889719e-01	1.535531718104511389e-01	7.637634818500839418e-02	2.747686861822003571e-02	8.171784250067627708e-02
1.213312769584745183e+03	2.453493897126093337e-01	1.604579283471531947e-01	2.548603974688984919e-01	1.536382283556921302e-01	7.642875244478747332e-02	2.747686861822003571e-02	8.178843505225871779e-02
1.214764100648841804e+03	2.451516803815405598e-01	1.603303068226733519e-01	2.549780076840809651e-01	1.537231645058259877e-01	7.648106707461056752e-02	2.747686861822003571e-02	8.185890491266793745e-02
1.216215431712937971e+03	2.449543140836785426e-01	1.602029048361462704e-01	2.550953878607578051e-01	1.538079800797068075e-01	7.653329220660864962e-02	2.747686861822003571e-02	8.192925231450134960e-02
1.217666762777034819e+03	2.447572902121923355e-01	1.600757220100855194e-01	2.552125387942275059e-01	1.538926749022301865e-01	7.658542797325325335e-02	2.747686861822003571e-02	8.199947748941063819e-02
1.219118093841131440e+03	2.445606081614996041e-01	1.599487579676370230e-01	2.553294612725655055e-01	1.539772488042386311e-01	7.663747450734136046e-02	2.747686861822003571e-02	8.206958066811728680e-02
1.220569424905228061e+03	2.443642673272614640e-01	1.598220123325785613e-01	2.554461560767227746e-01	1.540617016224281322e-01	7.668943194198073188e-02	2.747686861822003571e-02	8.213956208042780260e-02
1.222020755969324682e+03	2.441682671063775401e-01	1.596954847293189372e-01	2.555626239806227940e-01	1.541460331992562105e-01	7.674130041057546092e-02	2.747686861822003571e-02	8.220942195524851004e-02
1.223472087033421303e+03	2.439726068969808870e-01	1.595691747828975604e-01	2.556788657512574225e-01	1.542302433828514341e-01	7.679308004681217881e-02	2.747686861822003571e-02	8.227916052059998375e-02
1.224923418097517697e+03	2.437772860984331325e-01	1.594430821189837810e-01	2.557948821487809332e-01	1.543143320269241836e-01	7.684477098464630174e-02	2.747686861822003571e-02	8.234877800363120393e-02
1.226374749161614318e+03	2.435823041113195364e-01	1.593172063638762515e-01	2.559106739266030495e-01	1.543982989906786396e-01	7.689637335828888864e-02	2.747686861822003571e-02	8.241827463063322590e-02
1.227826080225710712e+03	2.433876603374441616e-01	1.591915471445022878e-01	2.560262418314804278e-01	1.544821441387262684e-01	7.694788730219376260e-02	2.747686861822003571e-02	8.248765062705266937e-02
1.229277411289807560e+03	2.431933541798252107e-01	1.590661040884172039e-01	2.561415866036070299e-01	1.545658673410005013e-01	7.699931295104496531e-02	2.747686861822003571e-02	8.255690621750473579e-02
1.230728742353903954e+03	2.429993850426900026e-01	1.589408768238036451e-01	2.562567089767028850e-01	1.546494684726726077e-01	7.705065043974448913e-02	2.747686861822003571e-02	8.262604162578603140e-02
1.232180073418000802e+03	2.428057523314706145e-01	1.588158649794709498e-01	2.563716096781017417e-01	1.547329474140689276e-01	7.710189990340049482e-02	2.747686861822003571e-02	8.269505707488698787e-02
1.233631404482097196e+03	2.426124554527989974e-01	1.586910681848544280e-01	2.564862894288373329e-01	1.548163040505892984e-01	7.715306147731565423e-02	2.747686861822003571e-02	8.276395278700400537e-02
1.235082735546193817e+03	2.424194938145024514e-01	1.585664860700146950e-01	2.566007489437286404e-01	1.548995382726266745e-01	7.720413529697595090e-02	2.747686861822003571e-02	8.283272898355131808e-02
1.236534066610290438e+03	2.422268668255991020e-01	1.584421182656369775e-01	2.567149889314634392e-01	1.549826499754880238e-01	7.725512149803967499e-02	2.747686861822003571e-02	8.290138588517256824e-02
1.237985397674387059e+03	2.420345738962933479e-01	1.583179644030303646e-01	2.568290100946810650e-01	1.550656390593160849e-01	7.730602021632675125e-02	2.747686861822003571e-02	8.296992371175206105e-02
1.239436728738483680e+03	2.418426144379715037e-01	1.581940241141271131e-01	2.569428131300541263e-01	1.551485054290128451e-01	7.735683158780835844e-02	2.747686861822003571e-02	8.303834268242582528e-02
1.240888059802580301e+03	2.416509878631971087e-01	1.580702970314819267e-01	2.570563987283679963e-01	1.552312489941636009e-01	7.740755574859685406e-02	2.747686861822003571e-02	8.310664301559227141e-02
1.242339390866676695e+03	2.414596935857068472e-01	1.579467827882711783e-01	2.571697675746006384e-01	1.553138696689624620e-01	7.745819283493583784e-02	2.747686861822003571e-02	8.317482492892276646e-02
1.243790721930773088e+03	2.412687310204059965e-01	1.578234810182921888e-01	2.572829203480002103e-01	1.553963673721388272e-01	7.750874298319068711e-02	2.747686861822003571e-02	8.324288863937176486e-02
1.245242052994869937e+03	2.410780995833642915e-01	1.577003913559625048e-01	2.573958577221616695e-01	1.554787420268850806e-01	7.755920632983914764e-02	2.747686861822003571e-02	8.331083436318689750e-02
1.246693384058966330e+03	2.408877986918115943e-01	1.575775134363191221e-01	2.575085803651027683e-01	1.555609935607852601e-01	7.760958301146228533e-02	2.747686861822003571e-02	8.337866231591861688e-02
1.248144715123063179e+03	2.406978277641335928e-01	1.574548468950176527e-01	2.576210889393383829e-01	1.556431219057446691e-01	7.765987316473565993e-02	2.747686861822003571e-02	8.344637271242974497e-02
1.249596046187159800e+03	2.405081862198677478e-01	1.573323913683316866e-01	2.577333841019538996e-01	1.557251269979209041e-01	7.771007692642073472e-02	2.747686861822003571e-02	8.351396576690475748e-02
1.251047377251256421e+03	2.403188734796991854e-01	1.572101464931518477e-01	2.578454665046779892e-01	1.558070087776554924e-01	7.776019443335648040e-02	2.747686861822003571e-02	8.358144169285880443e-02
1.252498708315352815e+03	2.401298889654563951e-01	1.570881119069851284e-01	2.579573367939537176e-01	1.558887671894068072e-01	7.781022582245125663e-02	2.747686861822003571e-02	8.364880070314659188e-02
1.253950039379449436e+03	2.399412321001073711e-01	1.569662872479540283e-01	2.580689956110088779e-01	1.559704021816838149e-01	7.786017123067487389e-02	2.747686861822003571e-02	8.371604300997095849e-02
1.255401370443546057e+03	2.397529023077555332e-01	1.568446721547958611e-01	2.581804435919252128e-01	1.560519137069810436e-01	7.791003079505093298e-02	2.747686861822003571e-02	8.378316882489131312e-02
1.256852701507642678e+03	2.395648990136357570e-01	1.567232662668617826e-01	2.582916813677070267e-01	1.561333017217142183e-01	7.795980465264926162e-02	2.747686861822003571e-02	8.385017835883185056e-02
1.258304032571739299e+03	2.393772216441103218e-01	1.566020692241161250e-01	2.584027095643481320e-01	1.562145661861570611e-01	7.800949294057867023e-02	2.747686861822003571e-02	8.391707182208960059e-02
1.259755363635835920e+03	2.391898696266651358e-01	1.564810806671355081e-01	2.585135288028983513e-01	1.562957070643789526e-01	7.805909579597976322e-02	2.747686861822003571e-02	8.398384942434221345e-02
1.261206694699932314e+03	2.390028423899057397e-01	1.563603002371080353e-01	2.586241396995288544e-01	1.563767243241835359e-01	7.810861335601816668e-02	2.747686861822003571e-02	8.405051137465563427e-02
1.262658025764028707e+03	2.388161393635535590e-01	1.562397275758324322e-01	2.587345428655965507e-01	1.564576179370482378e-01	7.815804575787765884e-02	2.747686861822003571e-02	8.411705788149151375e-02
1.264109356828125556e+03	2.386297599784420465e-01	1.561193623257173257e-01	2.588447389077075389e-01	1.565383878780647331e-01	7.820739313875375853e-02	2.747686861822003571e-02	8.418348915271460509e-02
1.265560687892221949e+03	2.384437036665129628e-01	1.559992041297802168e-01	2.589547284277796679e-01	1.566190341258801855e-01	7.825665563584728590e-02	2.747686861822003571e-02	8.424980539559974446e-02
1.267012018956318798e+03	2.382579698608125462e-01	1.558792526316468696e-01	2.590645120231042653e-01	1.566995566626393777e-01	7.830583338635818680e-02	2.747686861822003571e-02	8.431600681683888709e-02
1.268463350020415419e+03	2.380725579954879045e-01	1.557595074755502573e-01	2.591740902864067553e-01	1.567799554739278678e-01	7.835492652747952369e-02	2.747686861822003571e-02	8.438209362254783796e-02
1.269914681084511813e+03	2.378874675057832122e-01	1.556399683063298400e-01	2.592834638059067220e-01	1.568602305487158122e-01	7.840393519639161923e-02	2.747686861822003571e-02	8.444806601827294090e-02
1.271366012148608434e+03	2.377026978280362413e-01	1.555206347694306768e-01	2.593926331653767514e-01	1.569403818793026484e-01	7.845285953025638026e-02	2.747686861822003571e-02	8.451392420899746238e-02
1.272817343212705055e+03	2.375182483996746141e-01	1.554015065109025651e-01	2.595015989442006066e-01	1.570204094612627499e-01	7.850169966621169115e-02	2.747686861822003571e-02	8.457966839914794754e-02
1.274268674276801676e+03	2.373341186592123342e-01	1.552825831773991527e-01	2.596103617174305711e-01	1.571003132933916357e-01	7.855045574136611253e-02	2.747686861822003571e-02	8.464529879260039580e-02
1.275720005340898297e+03	2.371503080462460944e-01	1.551638644161771607e-01	2.597189220558439038e-01	1.571800933776532072e-01	7.859912789279357992e-02	2.747686861822003571e-02	8.471081559268629768e-02
1.277171336404994690e+03	2.369668160014519742e-01	1.550453498750954118e-01	2.598272805259984608e-01	1.572597497191276228e-01	7.864771625752836615e-02	2.747686861822003571e-02	8.477621900219844964e-02
1.278622667469091539e+03	2.367836419665816927e-01	1.549270392026139698e-01	2.599354376902877073e-01	1.573392823259601170e-01	7.869622097256005755e-02	2.747686861822003571e-02	8.484150922339679657e-02
1.280073998533187932e+03	2.366007853844593889e-01	1.548089320477933351e-01	2.600433941069945076e-01	1.574186912093104296e-01	7.874464217482879391e-02	2.747686861822003571e-02	8.490668645801395520e-02
1.281525329597284326e+03	2.364182456989780134e-01	1.546910280602935839e-01	2.601511503303445827e-01	1.574979763833029567e-01	7.879298000122055001e-02	2.747686861822003571e-02	8.497175090726077906e-02
1.282976660661381175e+03	2.362360223550960814e-01	1.545733268903733415e-01	2.602587069105589679e-01	1.575771378649777898e-01	7.884123458856261146e-02	2.747686861822003571e-02	8.503670277183167370e-02
1.284427991725477568e+03	2.360541147988342026e-01	1.544558281888890050e-01	2.603660643939059161e-01	1.576561756742424492e-01	7.888940607361910606e-02	2.747686861822003571e-02	8.510154225190980082e-02
1.285879322789574417e+03	2.358725224772718065e-01	1.543385316072939106e-01	2.604732233227515237e-01	1.577350898338242824e-01	7.893749459308677108e-02	2.747686861822003571e-02	8.516626954717226861e-02
1.287330653853671038e+03	2.356912448385437842e-01	1.542214367976372791e-01	2.605801842356101905e-01	1.578138803692235304e-01	7.898550028359069275e-02	2.747686861822003571e-02	8.523088485679507220e-02
1.288781984917767431e+03	2.355102813318372401e-01	1.541045434125635216e-01	2.606869476671943020e-01	1.578925473086672526e-01	7.903342328168029562e-02	2.747686861822003571e-02	8.529538837945799257e-02
1.290233315981864052e+03	2.353296314073881901e-01	1.539878511053111576e-01	2.607935141484628572e-01	1.579710906830637807e-01	7.908126372382531799e-02	2.747686861822003571e-02	8.535978031334938432e-02
