1.001418434226643626e+03	2.782478587861639818e-01	1.816630799554943554e-01	2.345485318056805268e-01	1.402162656780527872e-01	6.780809188057300430e-02	2.749162640215081430e-02	7.002454549149794705e-02
1.003837319333471214e+03	2.778229252588491072e-01	1.813909016216658232e-01	2.348240396893729043e-01	1.403725720442587921e-01	6.791918062422276636e-02	2.749162640215081430e-02	7.017875435909315396e-02
1.006256204440298802e+03	2.773992373998476202e-01	1.811195004332438185e-01	2.350980807806372086e-01	1.405290809933503471e-01	6.803003282247573058e-02	2.749162640215081430e-02	7.033244116790775269e-02
1.008675089547126618e+03	2.769767910365492081e-01	1.808488742963952622e-01	2.353706766177345588e-01	1.406857752214554225e-01	6.814064565645269744e-02	2.749162640215081430e-02	7.048561076887525922e-02
1.011093974653954206e+03	2.765555820234649742e-01	1.805790211174145010e-01	2.356418482326279040e-01	1.408426379034836695e-01	6.825101646348469275e-02	2.749162640215081430e-02	7.063826785698666677e-02
1.013512859760782021e+03	2.761356062417613111e-01	1.803099388029758832e-01	2.359116161638384612e-01	1.409996526807425488e-01	6.836114273039108069e-02	2.749162640215081430e-02	7.079041697775308173e-02
1.015931744867609382e+03	2.757168595988057636e-01	1.800416252603749545e-01	2.361800004689728893e-01	1.411568036488710931e-01	6.847102208704265724e-02	2.749162640215081430e-02	7.094206253339489787e-02
1.018350629974437197e+03	2.752993380277230506e-01	1.797740783977585799e-01	2.364470207369293031e-01	1.413140753460840338e-01	6.858065230019777525e-02	2.749162640215081430e-02	7.109320878876948524e-02
1.020769515081264785e+03	2.748830374869624116e-01	1.795072961243443510e-01	2.367126960997904261e-01	1.414714527417172685e-01	6.869003126759980205e-02	2.749162640215081430e-02	7.124385987704798251e-02
1.023188400188092373e+03	2.744679539598748885e-01	1.792412763506300299e-01	2.369770452444122932e-01	1.416289212250679275e-01	6.879915701232487690e-02	2.749162640215081430e-02	7.139401980515221180e-02
1.025607285294920075e+03	2.740540834543014337e-01	1.789760169885931951e-01	2.372400864237157458e-01	1.417864665945208213e-01	6.890802767736936563e-02	2.749162640215081430e-02	7.154369245896168017e-02
1.028026170401747549e+03	2.736414220021702870e-01	1.787115159518816165e-01	2.375018374676886590e-01	1.419440750469543600e-01	6.901664152046683987e-02	2.749162640215081430e-02	7.169288160830043777e-02
1.030445055508575479e+03	2.732299656591045123e-01	1.784477711559948609e-01	2.377623157941064214e-01	1.421017331674182538e-01	6.912499690912496386e-02	2.749162640215081430e-02	7.184159091171316014e-02
1.032863940615402726e+03	2.728197105040387482e-01	1.781847805184572642e-01	2.380215384189775796e-01	1.422594279190766142e-01	6.923309231587282397e-02	2.749162640215081430e-02	7.198982392103922545e-02
1.035282825722230655e+03	2.724106526388450633e-01	1.779225419589827717e-01	2.382795219667217801e-01	1.424171466334091529e-01	6.934092631370981918e-02	2.749162640215081430e-02	7.213758408579369619e-02
1.037701710829058356e+03	2.720027881879679699e-01	1.776610533996320906e-01	2.385362826800874192e-01	1.425748770006642074e-01	6.944849757174774429e-02	2.749162640215081430e-02	7.228487475736285195e-02
1.040120595935886058e+03	2.715961132980680426e-01	1.774003127649624034e-01	2.387918364298145524e-01	1.427326070605569319e-01	6.955580485103758648e-02	2.749162640215081430e-02	7.243169919302272497e-02
1.042539481042713533e+03	2.711906241376740301e-01	1.771403179821697815e-01	2.390461987240508346e-01	1.428903251932064911e-01	6.966284700057351342e-02	2.749162640215081430e-02	7.257806055978757720e-02
1.044958366149541234e+03	2.707863168968433487e-01	1.768810669812249103e-01	2.392993847175259037e-01	1.430480201103058735e-01	6.976962295346628151e-02	2.749162640215081430e-02	7.272396193809588238e-02
1.047377251256368709e+03	2.703831877868304034e-01	1.766225576950022635e-01	2.395514092204909518e-01	1.432056808465186903e-01	6.987613172327911126e-02	2.749162640215081430e-02	7.286940632534068263e-02
1.049796136363196410e+03	2.699812330397632909e-01	1.763647880594029771e-01	2.398022867074292297e-01	1.433632967510969913e-01	6.998237240051903563e-02	2.749162640215081430e-02	7.301439663925057832e-02
1.052215021470024112e+03	2.695804489083274968e-01	1.761077560134718389e-01	2.400520313255433691e-01	1.435208574797141867e-01	7.008834414927703205e-02	2.749162640215081430e-02	7.315893572112817933e-02
1.054633906576851814e+03	2.691808316654575317e-01	1.758514594995084779e-01	2.403006569030255168e-01	1.436783529865081621e-01	7.019404620401090145e-02	2.749162640215081430e-02	7.330302633895154074e-02
1.057052791683679516e+03	2.687823776040358381e-01	1.755958964631730013e-01	2.405481769571153894e-01	1.438357735163284523e-01	7.029947786646460750e-02	2.749162640215081430e-02	7.344667119034486991e-02
1.059471676790506763e+03	2.683850830365984708e-01	1.753410648535865812e-01	2.407946047019522418e-01	1.439931095971828112e-01	7.040463850271846957e-02	2.749162640215081430e-02	7.358987290542354232e-02
1.061890561897334692e+03	2.679889442950482148e-01	1.750869626234269338e-01	2.410399530562254700e-01	1.441503520328777654e-01	7.050952754036446390e-02	2.749162640215081430e-02	7.373263404951929667e-02
1.064309447004162394e+03	2.675939577303738104e-01	1.748335877290188300e-01	2.412842346506295366e-01	1.443074918958482944e-01	7.061414446580153992e-02	2.749162640215081430e-02	7.387495712579009166e-02
1.066728332110990095e+03	2.672001197123763383e-01	1.745809381304203600e-01	2.415274618351278269e-01	1.444645205201717797e-01	7.071848882164571970e-02	2.749162640215081430e-02	7.401684457772007841e-02
1.069147217217817570e+03	2.668074266294016561e-01	1.743290117915044513e-01	2.417696466860305426e-01	1.446214294947612555e-01	7.082256020425024834e-02	2.749162640215081430e-02	7.415829879151389359e-02
1.071566102324645271e+03	2.664158748880792738e-01	1.740778066800365009e-01	2.420108010128914078e-01	1.447782106567338523e-01	7.092635826133100729e-02	2.749162640215081430e-02	7.429932209839001933e-02
1.073984987431472746e+03	2.660254609130670023e-01	1.738273207677477061e-01	2.422509363652276815e-01	1.449348560849495482e-01	7.102988268969277763e-02	2.749162640215081430e-02	7.443991677677733176e-02
1.076403872538300675e+03	2.656361811468019862e-01	1.735775520304046471e-01	2.424900640390683371e-01	1.450913580937158442e-01	7.113313323305213431e-02	2.749162640215081430e-02	7.458008505441908464e-02
1.078822757645127922e+03	2.652480320492571764e-01	1.733284984478752899e-01	2.427281950833342639e-01	1.452477092266543923e-01	7.123610967995283594e-02	2.749162640215081430e-02	7.471982911038807518e-02
1.081241642751955851e+03	2.648610100977035753e-01	1.730801580041913534e-01	2.429653403060554606e-01	1.454039022507250534e-01	7.133881186176968536e-02	2.749162640215081430e-02	7.485915107701686388e-02
1.083660527858783553e+03	2.644751117864779233e-01	1.728325286876073452e-01	2.432015102804288287e-01	1.455599301504038323e-01	7.144123965079737792e-02	2.749162640215081430e-02	7.499805304174667064e-02
1.086079412965611255e+03	2.640903336267557688e-01	1.725856084906562671e-01	2.434367153507211168e-01	1.457157861220101935e-01	7.154339295842043756e-02	2.749162640215081430e-02	7.513653704889826368e-02
1.088498298072438729e+03	2.637066721463296459e-01	1.723393954102024617e-01	2.436709656380205147e-01	1.458714635681801486e-01	7.164527173336100729e-02	2.749162640215081430e-02	7.527460510136829708e-02
1.090917183179266431e+03	2.633241238893924696e-01	1.720938874474912950e-01	2.439042710458412810e-01	1.460269560924818411e-01	7.174687596000112189e-02	2.749162640215081430e-02	7.541225916225406667e-02
1.093336068286093905e+03	2.629426854163259830e-01	1.718490826081961464e-01	2.441366412655847362e-01	1.461822574941689101e-01	7.184820565677633997e-02	2.749162640215081430e-02	7.554950115640995945e-02
1.095754953392921607e+03	2.625623533034937562e-01	1.716049789024625682e-01	2.443680857818605889e-01	1.463373617630692458e-01	7.194926087463759945e-02	2.749162640215081430e-02	7.568633297193826104e-02
1.098173838499749309e+03	2.621831241430390702e-01	1.713615743449500295e-01	2.445986138776721219e-01	1.464922630746048338e-01	7.205004169557863158e-02	2.749162640215081430e-02	7.582275646161723559e-02
1.100592723606577010e+03	2.618049945426873526e-01	1.711188669548711627e-01	2.448282346394686226e-01	1.466469557849398031e-01	7.215054823122590832e-02	2.749162640215081430e-02	7.595877344426905931e-02
1.103011608713404712e+03	2.614279611255530544e-01	1.708768547560284012e-01	2.450569569620684729e-01	1.468014344262531523e-01	7.225078062148862501e-02	2.749162640215081430e-02	7.609438570607024444e-02
1.105430493820231959e+03	2.610520205299508567e-01	1.706355357768486736e-01	2.452847895534564227e-01	1.469556937021330167e-01	7.235073903326616485e-02	2.749162640215081430e-02	7.622959500180681580e-02
1.107849378927059888e+03	2.606771694092114289e-01	1.703949080504158220e-01	2.455117409394580730e-01	1.471097284830893137e-01	7.245042365921049166e-02	2.749162640215081430e-02	7.636440305607683499e-02
1.110268264033887590e+03	2.603034044315007400e-01	1.701549696145009394e-01	2.457378194682946770e-01	1.472635338021819063e-01	7.254983471654136151e-02	2.749162640215081430e-02	7.649881156444228447e-02
1.112687149140715292e+03	2.599307222796441441e-01	1.699157185115906799e-01	2.459630333150215620e-01	1.474171048507611215e-01	7.264897244591186909e-02	2.749162640215081430e-02	7.663282219453250443e-02
1.115106034247542766e+03	2.595591196509536291e-01	1.696771527889138209e-01	2.461873904858529194e-01	1.475704369743177646e-01	7.274783711032235811e-02	2.749162640215081430e-02	7.676643658710133322e-02
1.117524919354370468e+03	2.591885932570595630e-01	1.694392704984658549e-01	2.464108988223760732e-01	1.477235256684398534e-01	7.284642899408064198e-02	2.749162640215081430e-02	7.689965635703976954e-02
1.119943804461197942e+03	2.588191398237457697e-01	1.692020696970320537e-01	2.466335660056578061e-01	1.478763665748734912e-01	7.294474840180641129e-02	2.749162640215081430e-02	7.703248309434614083e-02
1.122362689568025871e+03	2.584507560907884360e-01	1.689655484462086465e-01	2.468553995602457973e-01	1.480289554776849092e-01	7.304279565747828773e-02	2.749162640215081430e-02	7.716491836505554036e-02
1.124781574674853118e+03	2.580834388117985712e-01	1.687297048124225818e-01	2.470764068580678652e-01	1.481812882995212355e-01	7.314057110352122082e-02	2.749162640215081430e-02	7.729696371213023998e-02
1.127200459781681047e+03	2.577171847540674632e-01	1.684945368669497623e-01	2.472965951222310388e-01	1.483333610979675754e-01	7.323807509993306153e-02	2.749162640215081430e-02	7.742862065631275770e-02
1.129619344888508749e+03	2.573519906984166883e-01	1.682600426859317821e-01	2.475159714307240688e-01	1.484851700619976289e-01	7.333530802344824517e-02	2.749162640215081430e-02	7.755989069694321780e-02
1.132038229995336451e+03	2.569878534390499514e-01	1.680262203503913865e-01	2.477345427200249306e-01	1.486367115085157897e-01	7.343227026673722346e-02	2.749162640215081430e-02	7.769077531274233561e-02
1.134457115102163925e+03	2.566247697834091457e-01	1.677930679462464603e-01	2.479523157886160678e-01	1.487879818789882014e-01	7.352896223764003591e-02	2.749162640215081430e-02	7.782127596256162294e-02
1.136876000208991627e+03	2.562627365520332989e-01	1.675605835643229347e-01	2.481692973004100411e-01	1.489389777361602996e-01	7.362538435843260509e-02	2.749162640215081430e-02	7.795139408610227139e-02
1.139294885315819101e+03	2.559017505784202395e-01	1.673287653003663611e-01	2.483854937880874969e-01	1.490896957608590645e-01	7.372153706512442339e-02	2.749162640215081430e-02	7.808113110460385142e-02
1.141713770422646803e+03	2.555418087088917045e-01	1.670976112550522918e-01	2.486009116563496213e-01	1.492401327488774576e-01	7.381742080678617424e-02	2.749162640215081430e-02	7.821048842150417346e-02
1.144132655529474505e+03	2.551829078024611674e-01	1.668671195339958835e-01	2.488155571850877712e-01	1.493902856079389607e-01	7.391303604490609414e-02	2.749162640215081430e-02	7.833946742307164313e-02
1.146551540636302207e+03	2.548250447307041089e-01	1.666372882477599182e-01	2.490294365324720038e-01	1.495401513547404138e-01	7.400838325277392382e-02	2.749162640215081430e-02	7.846806947901109608e-02
1.148970425743129908e+03	2.544682163776318951e-01	1.664081155118624089e-01	2.492425557379607526e-01	1.496897271120708195e-01	7.410346291489117165e-02	2.749162640215081430e-02	7.859629594304440303e-02
1.151389310849957155e+03	2.541124196395674328e-01	1.661795994467827331e-01	2.494549207252333700e-01	1.498390101060044777e-01	7.419827552640659296e-02	2.749162640215081430e-02	7.872414815346678862e-02
1.153808195956785084e+03	2.537576514250241555e-01	1.659517381779672673e-01	2.496665373050480363e-01	1.499879976631661727e-01	7.429282159257585838e-02	2.749162640215081430e-02	7.885162743367989113e-02
1.156227081063612786e+03	2.534039086545870068e-01	1.657245298358338281e-01	2.498774111780265594e-01	1.501366872080668879e-01	7.438710162824435645e-02	2.749162640215081430e-02	7.897873509270268710e-02
1.158645966170440488e+03	2.530511882607963670e-01	1.654979725557755021e-01	2.500875479373680932e-01	1.502850762605081603e-01	7.448111615735214519e-02	2.749162640215081430e-02	7.910547242566107196e-02
1.161064851277267962e+03	2.526994871880339777e-01	1.652720644781635329e-01	2.502969530714934665e-01	1.504331624330531303e-01	7.457486571246019214e-02	2.749162640215081430e-02	7.923184071425705410e-02
1.163483736384095664e+03	2.523488023924116419e-01	1.650468037483495964e-01	2.505056319666219555e-01	1.505809434285629023e-01	7.466835083429682052e-02	2.749162640215081430e-02	7.935784122721836753e-02
1.165902621490923138e+03	2.519991308416620335e-01	1.648221885166671896e-01	2.507135899092825526e-01	1.507284170377962140e-01	7.476157207132370919e-02	2.749162640215081430e-02	7.948347522072951588e-02
1.168321506597751068e+03	2.516504695150317827e-01	1.645982169384324068e-01	2.509208320887607591e-01	1.508755811370710020e-01	7.485452997932051655e-02	2.749162640215081430e-02	7.960874393884474765e-02
1.170740391704578315e+03	2.513028154031766159e-01	1.643748871739440787e-01	2.511273635994831221e-01	1.510224336859861127e-01	7.494722512098729583e-02	2.749162640215081430e-02	7.973364861388398950e-02
1.173159276811406244e+03	2.509561655080587705e-01	1.641521973884832730e-01	2.513331894433409319e-01	1.511689727252017723e-01	7.503965806556410489e-02	2.749162640215081430e-02	7.985819046681232047e-02
1.175578161918233945e+03	2.506105168428466867e-01	1.639301457523121563e-01	2.515383145319544655e-01	1.513151963742773720e-01	7.513182938846681147e-02	2.749162640215081430e-02	7.998237070760369494e-02
1.177997047025061647e+03	2.502658664318163639e-01	1.637087304406722732e-01	2.517427436888796111e-01	1.514611028295646811e-01	7.522373967093873293e-02	2.749162640215081430e-02	8.010619053558959424e-02
1.180415932131889122e+03	2.499222113102547715e-01	1.634879496337824090e-01	2.519464816517580363e-01	1.516066903621554884e-01	7.531538949971720853e-02	2.749162640215081430e-02	8.022965113979331486e-02
1.182834817238716823e+03	2.495795485243655354e-01	1.632678015168357311e-01	2.521495330744127350e-01	1.517519573158823132e-01	7.540677946671457688e-02	2.749162640215081430e-02	8.035275369925029554e-02
1.185253702345544298e+03	2.492378751311761231e-01	1.630482842799965137e-01	2.523519025288899487e-01	1.518969021053703239e-01	7.549791016871283678e-02	2.749162640215081430e-02	8.047549938331537145e-02
1.187672587452371999e+03	2.488971881984470558e-01	1.628293961183965854e-01	2.525535945074489641e-01	1.520415232141396622e-01	7.558878220707158924e-02	2.749162640215081430e-02	8.059788935195724702e-02
1.190091472559199701e+03	2.485574848045827845e-01	1.626111352321309156e-01	2.527546134245012843e-01	1.521858191927567550e-01	7.567939618744852492e-02	2.749162640215081430e-02	8.071992475604086725e-02
1.192510357666027403e+03	2.482187620385444549e-01	1.623934998262531737e-01	2.529549636185002837e-01	1.523297886570330051e-01	7.576975271953198532e-02	2.749162640215081430e-02	8.084160673759814564e-02
1.194929242772855105e+03	2.478810169997643365e-01	1.621764881107706779e-01	2.531546493537830123e-01	1.524734302862703339e-01	7.585985241678516733e-02	2.749162640215081430e-02	8.096293643008754815e-02
1.197348127879682352e+03	2.475442467980618344e-01	1.619600983006389272e-01	2.533536748223643165e-01	1.526167428215515764e-01	7.594969589620136075e-02	2.749162640215081430e-02	8.108391495864304688e-02
1.199767012986510281e+03	2.472084485535612774e-01	1.617443286157558280e-01	2.535520441456860508e-01	1.527597250640752580e-01	7.603928377806978833e-02	2.749162640215081430e-02	8.120454344031281801e-02
1.202185898093337983e+03	2.468736193966110937e-01	1.615291772809556436e-01	2.537497613763213256e-01	1.529023758735331417e-01	7.612861668575161833e-02	2.749162640215081430e-02	8.132482298428821144e-02
1.204604783200165684e+03	2.465397564677046793e-01	1.613146425260024441e-01	2.539468304996351788e-01	1.530446941665297433e-01	7.621769524546571917e-02	2.749162640215081430e-02	8.144475469212325569e-02
1.207023668306993159e+03	2.462068569174027388e-01	1.611007225855832781e-01	2.541432554354033369e-01	1.531866789150426178e-01	7.630652008608368453e-02	2.749162640215081430e-02	8.156433965794530894e-02
1.209442553413820860e+03	2.458749179062570678e-01	1.608874156993012061e-01	2.543390400393895079e-01	1.533283291449222818e-01	7.639509183893386512e-02	2.749162640215081430e-02	8.168357896865703627e-02
1.211861438520648335e+03	2.455439366047357241e-01	1.606747201116678625e-01	2.545341881048824861e-01	1.534696439344309382e-01	7.648341113761382426e-02	2.749162640215081430e-02	8.180247370413015751e-02
1.214280323627476264e+03	2.452139101931497533e-01	1.604626340720956557e-01	2.547287033641941756e-01	1.536106224128189757e-01	7.657147861781109233e-02	2.749162640215081430e-02	8.192102493739134017e-02
1.216699208734303511e+03	2.448848358615810517e-01	1.602511558348900522e-01	2.549225894901196443e-01	1.537512637589380227e-01	7.665929491713165123e-02	2.749162640215081430e-02	8.203923373480052905e-02
1.219118093841131440e+03	2.445567108098117282e-01	1.600402836592412781e-01	2.551158500973597643e-01	1.538915671998900281e-01	7.674686067493603769e-02	2.749162640215081430e-02	8.215710115622205933e-02
1.221536978947959142e+03	2.442295322472547991e-01	1.598300158092159362e-01	2.553084887439078798e-01	1.540315320097110918e-01	7.683417653218245491e-02	2.749162640215081430e-02	8.227462825518881695e-02
1.223955864054786844e+03	2.439032973928858816e-01	1.596203505537483747e-01	2.555005089324007272e-01	1.541711575080892682e-01	7.692124313127694790e-02	2.749162640215081430e-02	8.239181607905976534e-02
1.226374749161614318e+03	2.435780034751764134e-01	1.594112861666318326e-01	2.556919141114357696e-01	1.543104430591156762e-01	7.700806111593005987e-02	2.749162640215081430e-02	8.250866566917115785e-02
1.228793634268442020e+03	2.432536477320280111e-01	1.592028209265093919e-01	2.558827076768545039e-01	1.544493880700675836e-01	7.709463113101978904e-02	2.749162640215081430e-02	8.262517806098160222e-02
1.231212519375269494e+03	2.429302274107077719e-01	1.589949531168648178e-01	2.560728929729929049e-01	1.545879919902233279e-01	7.718095382246065173e-02	2.749162640215081430e-02	8.274135428421133809e-02
1.233631404482097196e+03	2.426077397677850467e-01	1.587876810260130112e-01	2.562624732939010053e-01	1.547262543097074339e-01	7.726702983707842143e-02	2.749162640215081430e-02	8.285719536297594945e-02
1.236050289588924898e+03	2.422861820690691836e-01	1.585810029470904325e-01	2.564514518845301683e-01	1.548641745583658191e-01	7.735285982249051617e-02	2.749162640215081430e-02	8.297270231591467871e-02
1.238469174695752372e+03	2.419655515895482167e-01	1.583749171780454157e-01	2.566398319418916607e-01	1.550017523046701706e-01	7.743844442699164554e-02	2.749162640215081430e-02	8.308787615631363366e-02
1.240888059802580301e+03	2.416458456133289412e-01	1.581694220216282587e-01	2.568276166161845842e-01	1.551389871546503541e-01	7.752378429944443983e-02	2.749162640215081430e-02	8.320271789222410952e-02
1.243306944909407548e+03	2.413270614335777386e-01	1.579645157853810933e-01	2.570148090118956619e-01	1.552758787508548288e-01	7.760888008917514458e-02	2.749162640215081430e-02	8.331722852657622025e-02
1.245725830016235477e+03	2.410091963524625680e-01	1.577601967816277539e-01	2.572014121888712701e-01	1.554124267713374863e-01	7.769373244587374217e-02	2.749162640215081430e-02	8.343140905728796408e-02
1.248144715123063179e+03	2.406922476810958167e-01	1.575564633274633697e-01	2.573874291633617140e-01	1.555486309286710778e-01	7.777834201949869464e-02	2.749162640215081430e-02	8.354526047737005634e-02
1.250563600229890881e+03	2.403762127394782899e-01	1.573533137447440944e-01	2.575728629090398014e-01	1.556844909689860945e-01	7.786270946018584993e-02	2.749162640215081430e-02	8.365878377502658503e-02
1.252982485336718355e+03	2.400610888564440604e-01	1.571507463600763377e-01	2.577577163579927166e-01	1.558200066710343779e-01	7.794683541816151140e-02	2.749162640215081430e-02	8.377197993375173901e-02
1.255401370443546057e+03	2.397468733696061782e-01	1.569487595048062734e-01	2.579419924016892463e-01	1.559551778452770432e-01	7.803072054365935151e-02	2.749162640215081430e-02	8.388484993242269205e-02
1.257820255550373531e+03	2.394335636253032418e-01	1.567473515150089591e-01	2.581256938919223032e-01	1.560900043329961628e-01	7.811436548684111414e-02	2.749162640215081430e-02	8.399739474538896189e-02
1.260239140657201460e+03	2.391211569785470781e-01	1.565465207314774565e-01	2.583088236417278583e-01	1.562244860054292639e-01	7.819777089772091128e-02	2.749162640215081430e-02	8.410961534255813332e-02
1.262658025764028707e+03	2.388096507929710344e-01	1.563462654997119783e-01	2.584913844262800575e-01	1.563586227629262526e-01	7.828093742609289196e-02	2.749162640215081430e-02	8.422151268947847269e-02
1.265076910870856636e+03	2.384990424407792131e-01	1.561465841699087032e-01	2.586733789837640241e-01	1.564924145341284045e-01	7.836386572146225582e-02	2.749162640215081430e-02	8.433308774741810065e-02
1.267495795977684338e+03	2.381893293026964842e-01	1.559474750969488399e-01	2.588548100162262888e-01	1.566258612751683099e-01	7.844655643297936132e-02	2.749162640215081430e-02	8.444434147344134778e-02
1.269914681084511813e+03	2.378805087679193575e-01	1.557489366403871922e-01	2.590356801904042938e-01	1.567589629688908859e-01	7.852901020937697041e-02	2.749162640215081430e-02	8.455527482048197374e-02
1.272333566191339514e+03	2.375725782340674386e-01	1.555509671644411396e-01	2.592159921385338572e-01	1.568917196240942891e-01	7.861122769891018547e-02	2.749162640215081430e-02	8.466588873741370813e-02
1.274752451298167216e+03	2.372655351071359664e-01	1.553535650379791466e-01	2.593957484591373208e-01	1.570241312747907569e-01	7.869320954929928669e-02	2.749162640215081430e-02	8.477618416911811283e-02
1.277171336404994690e+03	2.369593768014486845e-01	1.551567286345093832e-01	2.595749517177911025e-01	1.571561979794864339e-01	7.877495640767522012e-02	2.749162640215081430e-02	8.488616205654976599e-02
1.279590221511822392e+03	2.366541007396118779e-01	1.549604563321683726e-01	2.597536044478736539e-01	1.572879198204800155e-01	7.885646892052752821e-02	2.749162640215081430e-02	8.499582333679914226e-02
1.282009106618650094e+03	2.363497043524687147e-01	1.547647465137093614e-01	2.599317091512952649e-01	1.574192969031795730e-01	7.893774773365475061e-02	2.749162640215081430e-02	8.510516894315292569e-02
1.284427991725477568e+03	2.360461850790544769e-01	1.545695975664908850e-01	2.601092682992086624e-01	1.575503293554370854e-01	7.901879349211717030e-02	2.749162640215081430e-02	8.521419980515225479e-02
1.286846876832305497e+03	2.357435403665524842e-01	1.543750078824650818e-01	2.602862843327021780e-01	1.576810173269002635e-01	7.909960684019178012e-02	2.749162640215081430e-02	8.532291684864869163e-02
1.289265761939132744e+03	2.354417676702505735e-01	1.541809758581661749e-01	2.604627596634751519e-01	1.578113609883811108e-01	7.918018842132930335e-02	2.749162640215081430e-02	8.543132099585809547e-02
1.291684647045960673e+03	2.351408644534982717e-01	1.539874998946987039e-01	2.606386966744962952e-01	1.579413605312412205e-01	7.926053887811330967e-02	2.749162640215081430e-02	8.553941316541263662e-02
1.294103532152788375e+03	2.348408281876645520e-01	1.537945783977258396e-01	2.608140977206453437e-01	1.580710161667926439e-01	7.934065885222131576e-02	2.749162640215081430e-02	8.564719427241075655e-02
1.296522417259616077e+03	2.345416563520962838e-01	1.536022097774576434e-01	2.609889651293390012e-01	1.582003281257145233e-01	7.942054898438767607e-02	2.749162640215081430e-02	8.575466522846536543e-02
1.298941302366443551e+03	2.342433464340771543e-01	1.534103924486394099e-01	2.611633012011403410e-01	1.583292966574849636e-01	7.950020991436827777e-02	2.749162640215081430e-02	8.586182694175029106e-02
1.301360187473271253e+03	2.339458959287873396e-01	1.532191248305397324e-01	2.613371082103537191e-01	1.584579220298275304e-01	7.957964228090701198e-02	2.749162640215081430e-02	8.596868031704507640e-02
1.303779072580098727e+03	2.336493023392635371e-01	1.530284053469387617e-01	2.615103884056037553e-01	1.585862045281724308e-01	7.965884672170379932e-02	2.749162640215081430e-02	8.607522625577812558e-02
1.306197957686926657e+03	2.333535631763596907e-01	1.528382324261163550e-01	2.616831440104006035e-01	1.587141444551312675e-01	7.973782387338421151e-02	2.749162640215081430e-02	8.618146565606830956e-02
1.308616842793753904e+03	2.330586759587082724e-01	1.526486045008402515e-01	2.618553772236901778e-01	1.588417421299858912e-01	7.981657437147061940e-02	2.749162640215081430e-02	8.628739941276512837e-02
1.311035727900581833e+03	2.327646382126820346e-01	1.524595200083541935e-01	2.620270902203915564e-01	1.589689978881903831e-01	7.989509885035471493e-02	2.749162640215081430e-02	8.639302841748745798e-02
1.313454613007409534e+03	2.324714474723562074e-01	1.522709773903660746e-01	2.621982851519195079e-01	1.590959120808860816e-01	7.997339794327149032e-02	2.749162640215081430e-02	8.649835355866092312e-02
1.315873498114237009e+03	2.321791012794714726e-01	1.520829750930359492e-01	2.623689641466953049e-01	1.592224850744290710e-01	8.005147228227452172e-02	2.749162640215081430e-02	8.660337572155396568e-02
1.318292383221064711e+03	2.318875971833969929e-01	1.518955115669643752e-01	2.625391293106435486e-01	1.593487172499303273e-01	8.012932249821236308e-02	2.749162640215081430e-02	8.670809578831270570e-02
1.320711268327892412e+03	2.315969327410943301e-01	1.517085852671801460e-01	2.627087827276772258e-01	1.594746090028076047e-01	8.020694922070635557e-02	2.749162640215081430e-02	8.681251463799459500e-02
1.323130153434719887e+03	2.313071055170816404e-01	1.515221946531287445e-01	2.628779264601703858e-01	1.596001607423490343e-01	8.028435307812950561e-02	2.749162640215081430e-02	8.691663314660087736e-02
1.325549038541547588e+03	2.310181130833985075e-01	1.513363381886602133e-01	2.630465625494186610e-01	1.597253728912882698e-01	8.036153469758643142e-02	2.749162640215081430e-02	8.702045218710807717e-02
1.327967923648375290e+03	2.307299530195708048e-01	1.511510143420173591e-01	2.632146930160887965e-01	1.598502458853905406e-01	8.043849470489437825e-02	2.749162640215081430e-02	8.712397262949826693e-02
1.330386808755202765e+03	2.304426229125765002e-01	1.509662215858237344e-01	2.633823198606562999e-01	1.599747801730496966e-01	8.051523372456532990e-02	2.749162640215081430e-02	8.722719534078854364e-02
1.332805693862030694e+03	2.301561203568115443e-01	1.507819583970717581e-01	2.635494450638328212e-01	1.600989762148956885e-01	8.059175237978893902e-02	2.749162640215081430e-02	8.733012118505931176e-02
1.335224578968857941e+03	2.298704429540564254e-01	1.505982232571109192e-01	2.637160705869819322e-01	1.602228344834123741e-01	8.066805129241652605e-02	2.749162640215081430e-02	8.743275102348180283e-02
1.337643464075685870e+03	2.295855883134429176e-01	1.504150146516357034e-01	2.638821983725255227e-01	1.603463554625652598e-01	8.074413108294586916e-02	2.749162640215081430e-02	8.753508571434469310e-02
1.340062349182513572e+03	2.293015540514213024e-01	1.502323310706737969e-01	2.640478303443391517e-01	1.604695396474389579e-01	8.081999237050691010e-02	2.749162640215081430e-02	8.763712611307977740e-02
1.342481234289341273e+03	2.290183377917280605e-01	1.500501710085742069e-01	2.642129684081381269e-01	1.605923875438843018e-01	8.089563577284826501e-02	2.749162640215081430e-02	8.773887307228690757e-02
1.344900119396168748e+03	2.287359371653539253e-01	1.498685329639952712e-01	2.643776144518534266e-01	1.607148996681746489e-01	8.097106190632438749e-02	2.749162640215081430e-02	8.784032744175819529e-02
1.347319004502996449e+03	2.284543498105122417e-01	1.496874154398929457e-01	2.645417703459987391e-01	1.608370765466709817e-01	8.104627138588368918e-02	2.749162640215081430e-02	8.794149006850131289e-02
1.349737889609823924e+03	2.281735733726076021e-01	1.495068169435087857e-01	2.647054379440278993e-01	1.609589187154961687e-01	8.112126482505721548e-02	2.749162640215081430e-02	8.804236179676226681e-02
1.352156774716651853e+03	2.278936055042051767e-01	1.493267359863582056e-01	2.648686190826837206e-01	1.610804267202174400e-01	8.119604283594801519e-02	2.749162640215081430e-02	8.814294346804731062e-02
1.354575659823479100e+03	2.276144438650000157e-01	1.491471710842185994e-01	2.650313155823381672e-01	1.612016011155374684e-01	8.127060602922124566e-02	2.749162640215081430e-02	8.824323592114434456e-02
1.356994544930307029e+03	2.273360861217870177e-01	1.489681207571175725e-01	2.651935292473235339e-01	1.613224424649933320e-01	8.134495501409483298e-02	2.749162640215081430e-02	8.834323999214355183e-02
1.359413430037134731e+03	2.270585299484308983e-01	1.487895835293209512e-01	2.653552618662561313e-01	1.614429513406635264e-01	8.141909039833072903e-02	2.749162640215081430e-02	8.844295651445759077e-02
1.361832315143962205e+03	2.267817730258367415e-01	1.486115579293212086e-01	2.655165152123513672e-01	1.615631283228827209e-01	8.149301278822673744e-02	2.749162640215081430e-02	8.854238631884096822e-02
1.364251200250789907e+03	2.265058130419209115e-01	1.484340424898255573e-01	2.656772910437312785e-01	1.616829739999638693e-01	8.156672278860895020e-02	2.749162640215081430e-02	8.864153023340916315e-02
1.366670085357617609e+03	2.262306476915819098e-01	1.482570357477442646e-01	2.658375911037241801e-01	1.618024889679278433e-01	8.164022100282462835e-02	2.749162640215081430e-02	8.874038908365690370e-02
1.369088970464445310e+03	2.259562746766720642e-01	1.480805362441788287e-01	2.659974171211570426e-01	1.619216738302400038e-01	8.171350803273562391e-02	2.749162640215081430e-02	8.883896369247615277e-02
1.371507855571272785e+03	2.256826917059690241e-01	1.479045425244102929e-01	2.661567708106408192e-01	1.620405291975538231e-01	8.178658447871224590e-02	2.749162640215081430e-02	8.893725488017358016e-02
1.373926740678100487e+03	2.254098964951478656e-01	1.477290531378875338e-01	2.663156538728481681e-01	1.621590556874612232e-01	8.185945093962763985e-02	2.749162640215081430e-02	8.903526346448735473e-02
1.376345625784927961e+03	2.251378867667534200e-01	1.475540666382155752e-01	2.664740679947848467e-01	1.622772539242495760e-01	8.193210801285252809e-02	2.749162640215081430e-02	8.913299026060382546e-02
1.378764510891755890e+03	2.248666602501727951e-01	1.473795815831439038e-01	2.666320148500541665e-01	1.623951245386650588e-01	8.200455629425039417e-02	2.749162640215081430e-02	8.923043608117342540e-02
1.381183395998583137e+03	2.245962146816083138e-01	1.472055965345548945e-01	2.667894960991146203e-01	1.625126681676822560e-01	8.207679637817318075e-02	2.749162640215081430e-02	8.932760173632645073e-02
1.383602281105411066e+03	2.243265478040504524e-01	1.470321100584520424e-01	2.669465133895318476e-01	1.626298854542800043e-01	8.214882885745716790e-02	2.749162640215081430e-02	8.942448803368820143e-02
1.386021166212238768e+03	2.240576573672514171e-01	1.468591207249485275e-01	2.671030683562235497e-01	1.627467770472229014e-01	8.222065432341935098e-02	2.749162640215081430e-02	8.952109577839389987e-02
1.388440051319066470e+03	2.237895411276987490e-01	1.466866271082555018e-01	2.672591626216991312e-01	1.628633436008489199e-01	8.229227336585411001e-02	2.749162640215081430e-02	8.961742577310319313e-02
1.390858936425893944e+03	2.235221968485891220e-01	1.465146277866706259e-01	2.674147977962929024e-01	1.629795857748623789e-01	8.236368657303033691e-02	2.749162640215081430e-02	8.971347881801423896e-02
1.393277821532721646e+03	2.232556222998026418e-01	1.463431213425664124e-01	2.675699754783916751e-01	1.630955042341326044e-01	8.243489453168867387e-02	2.749162640215081430e-02	8.980925571087761128e-02
1.395696706639549120e+03	2.229898152578770609e-01	1.461721063623788452e-01	2.677246972546569737e-01	1.632110996484978649e-01	8.250589782703916797e-02	2.749162640215081430e-02	8.990475724700970617e-02
1.398115591746377049e+03	2.227247735059826039e-01	1.460015814365958065e-01	2.678789647002414731e-01	1.633263726925744674e-01	8.257669704275932832e-02	2.749162640215081430e-02	8.999998421930588410e-02
1.400534476853204296e+03	2.224604948338966270e-01	1.458315451597456402e-01	2.680327793790004964e-01	1.634413240455710736e-01	8.264729276099222477e-02	2.749162640215081430e-02	9.009493741825341795e-02
1.402953361960032225e+03	2.221969770379788878e-01	1.456619961303857458e-01	2.681861428436979056e-01	1.635559543911078439e-01	8.271768556234507241e-02	2.749162640215081430e-02	9.018961763194403847e-02
1.405372247066859927e+03	2.219342179211467037e-01	1.454929329510910585e-01	2.683390566362072183e-01	1.636702644170403842e-01	8.278787602588787153e-02	2.749162640215081430e-02	9.028402564608621617e-02
1.407791132173687402e+03	2.216722152928505829e-01	1.453243542284428091e-01	2.684915222877078955e-01	1.637842548152885214e-01	8.285786472915250556e-02	2.749162640215081430e-02	9.037816224401720722e-02
1.410210017280515103e+03	2.214109669690498827e-01	1.451562585730170052e-01	2.686435413188763000e-01	1.638979262816694649e-01	8.292765224813189451e-02	2.749162640215081430e-02	9.047202820671489121e-02
1.412628902387342805e+03	2.211504707721888285e-01	1.449886445993732453e-01	2.687951152400728794e-01	1.640112795157356862e-01	8.299723915727946766e-02	2.749162640215081430e-02	9.056562431280923420e-02
1.415047787494170507e+03	2.208907245311726719e-01	1.448215109260433120e-01	2.689462455515239658e-01	1.641243152206169065e-01	8.306662602950878882e-02	2.749162640215081430e-02	9.065895133859362687e-02
1.417466672600997981e+03	2.206317260813440428e-01	1.446548561755198192e-01	2.690969337434995223e-01	1.642370341028663583e-01	8.313581343619347308e-02	2.749162640215081430e-02	9.075201005803600063e-02
1.419885557707825683e+03	2.203734732644594407e-01	1.444886789742451383e-01	2.692471812964865596e-01	1.643494368723112942e-01	8.320480194716715905e-02	2.749162640215081430e-02	9.084480124278962454e-02
1.422304442814653157e+03	2.201159639286660585e-01	1.443229779526000733e-01	2.693969896813582232e-01	1.644615242419073531e-01	8.327359213072378641e-02	2.749162640215081430e-02	9.093732566220376345e-02
1.424723327921481086e+03	2.198591959284787178e-01	1.441577517448925372e-01	2.695463603595388835e-01	1.645732969275968960e-01	8.334218455361804001e-02	2.749162640215081430e-02	9.102958408333418350e-02
1.427142213028308333e+03	2.196031671247570261e-01	1.439929989893465878e-01	2.696952947831650627e-01	1.646847556481713104e-01	8.341057978106584947e-02	2.749162640215081430e-02	9.112157727095339388e-02
1.429561098135136262e+03	2.193478753846826168e-01	1.438287183280910764e-01	2.698437943952429752e-01	1.647959011251366734e-01	8.347877837674519408e-02	2.749162640215081430e-02	9.121330598756066665e-02
1.431979983241963964e+03	2.190933185817366402e-01	1.436649084071487392e-01	2.699918606298013501e-01	1.649067340825834393e-01	8.354678090279697711e-02	2.749162640215081430e-02	9.130477099339201486e-02
1.434398868348791666e+03	2.188394945956774751e-01	1.435015678764248737e-01	2.701394949120415889e-01	1.650172552470593468e-01	8.361458791982608052e-02	2.749162640215081430e-02	9.139597304642983755e-02
1.436817753455619140e+03	2.185864013125185801e-01	1.433386953896964022e-01	2.702866986584832598e-01	1.651274653474458509e-01	8.368219998690250294e-02	2.749162640215081430e-02	9.148691290241256491e-02
1.439236638562446842e+03	2.183340366245064279e-01	1.431762896046008537e-01	2.704334732771070948e-01	1.652373651148379696e-01	8.374961766156274745e-02	2.749162640215081430e-02	9.157759131484399795e-02
1.441655523669274316e+03	2.180823984300988005e-01	1.430143491826252333e-01	2.705798201674940451e-01	1.653469552824272659e-01	8.381684149981116771e-02	2.749162640215081430e-02	9.166800903500256503e-02
1.444074408776102018e+03	2.178314846339429178e-01	1.428528727890951699e-01	2.707257407209607836e-01	1.654562365853881334e-01	8.388387205612161945e-02	2.749162640215081430e-02	9.175816681195045343e-02
1.446493293882929493e+03	2.175812931468541767e-01	1.426918590931638420e-01	2.708712363206923213e-01	1.655652097607671069e-01	8.395070988343907026e-02	2.749162640215081430e-02	9.184806539254253277e-02
1.448912178989757422e+03	2.173318218857946404e-01	1.425313067678011247e-01	2.710163083418714036e-01	1.656738755473751712e-01	8.401735553318144534e-02	2.749162640215081430e-02	9.193770552143523678e-02
1.451331064096585123e+03	2.170830687738518894e-01	1.423712144897826271e-01	2.711609581518048540e-01	1.657822346856829554e-01	8.408380955524144551e-02	2.749162640215081430e-02	9.202708794109516754e-02
1.453749949203412370e+03	2.168350317402179817e-01	1.422115809396789499e-01	2.713051871100466417e-01	1.658902879177189538e-01	8.415007249798861499e-02	2.749162640215081430e-02	9.211621339180776913e-02
1.456168834310240300e+03	2.165877087201685813e-01	1.420524048018446395e-01	2.714489965685181749e-01	1.659980359869704103e-01	8.421614490827139532e-02	2.749162640215081430e-02	9.220508261168570974e-02
1.458587719417068001e+03	2.163410976550421694e-01	1.418936847644075849e-01	2.715923878716257622e-01	1.661054796382868681e-01	8.428202733141929026e-02	2.749162640215081430e-02	9.229369633667720840e-02
1.461006604523895703e+03	2.160951964922194213e-01	1.417354195192580824e-01	2.717353623563755205e-01	1.662126196177864668e-01	8.434772031124515568e-02	2.749162640215081430e-02	9.238205530057429227e-02
1.463425489630723177e+03	2.158500031851028345e-01	1.415776077620380935e-01	2.718779213524848415e-01	1.663194566727647650e-01	8.441322439004750322e-02	2.749162640215081430e-02	9.247016023502085957e-02
1.465844374737550879e+03	2.156055156930962724e-01	1.414202481921306154e-01	2.720200661824921928e-01	1.664259915516061172e-01	8.447854010861297058e-02	2.749162640215081430e-02	9.255801186952072879e-02
1.468263259844378354e+03	2.153617319815848974e-01	1.412633395126488556e-01	2.721617981618633664e-01	1.665322250036974094e-01	8.454366800621883338e-02	2.749162640215081430e-02	9.264561093144553505e-02
1.470682144951206283e+03	2.151186500219150199e-01	1.411068804304256297e-01	2.723031185990959502e-01	1.666381577793442370e-01	8.460860862063551702e-02	2.749162640215081430e-02	9.273295814604247400e-02
1.473101030058033530e+03	2.148762677913742258e-01	1.409508696560027308e-01	2.724440287958211360e-01	1.667437906296893868e-01	8.467336248812927513e-02	2.749162640215081430e-02	9.282005423644211495e-02
1.475519915164861459e+03	2.146345832731715586e-01	1.407953059036202437e-01	2.725845300469026400e-01	1.668491243066336227e-01	8.473793014346482633e-02	2.749162640215081430e-02	9.290689992366595040e-02
1.477938800271689161e+03	2.143935944564178686e-01	1.406401878912060810e-01	2.727246236405342916e-01	1.669541595627584418e-01	8.480231211990822693e-02	2.749162640215081430e-02	9.299349592663393171e-02
1.480357685378516862e+03	2.141532993361061898e-01	1.404855143403652695e-01	2.728643108583343468e-01	1.670588971512514398e-01	8.486650894922959099e-02	2.749162640215081430e-02	9.307984296217197695e-02
1.482776570485344337e+03	2.139136959130923943e-01	1.403312839763695419e-01	2.730035929754383583e-01	1.671633378258332303e-01	8.493052116170601851e-02	2.749162640215081430e-02	9.316594174501924286e-02
