1.301360187473271253e+03	2.359639273045358310e-01	1.504440972615167793e-01	2.592262761370456303e-01	1.617237164826890450e-01	7.679146897397798321e-02	3.177422181475159091e-02	8.407629202509608879e-02
1.306197957686926657e+03	2.353898438541130733e-01	1.500348787097350589e-01	2.595950375263468279e-01	1.619811725859640339e-01	7.690422956648003405e-02	3.184234336231026724e-02	8.425249439466370172e-02
1.311035727900581833e+03	2.348189998567659642e-01	1.496279869358114190e-01	2.599619035321724114e-01	1.622370011549223445e-01	7.701627233283243890e-02	3.191044609799651571e-02	8.442739008911204213e-02
1.315873498114237009e+03	2.342513762337490035e-01	1.492234088510480672e-01	2.603268795986403150e-01	1.624912165539400821e-01	7.712760384853772910e-02	3.197852258758499683e-02	8.460099232611298370e-02
1.320711268327892412e+03	2.336869540392050859e-01	1.488211314334247359e-01	2.606899712939257374e-01	1.627438329270210482e-01	7.723823058132554820e-02	3.204656559394149229e-02	8.477331413076955036e-02
1.325549038541547588e+03	2.331257144587560448e-01	1.484211417274849676e-01	2.610511843052065184e-01	1.629948642026371464e-01	7.734815889372081976e-02	3.211456807267842190e-02	8.494436833912925866e-02
1.330386808755202765e+03	2.325676388081176216e-01	1.480234268442153500e-01	2.614105244337549538e-01	1.632443240984587651e-01	7.745739504553615651e-02	3.218252316790333467e-02	8.511416760162704431e-02
1.335224578968857941e+03	2.320127085317384985e-01	1.476279739609181185e-01	2.617679975901708311e-01	1.634922261259762755e-01	7.756594519629186890e-02	3.225042420805841054e-02	8.528272438645920217e-02
1.340062349182513572e+03	2.314609052014625634e-01	1.472347703210768188e-01	2.621236097897535755e-01	1.637385835950141699e-01	7.767381540756700120e-02	3.231826470184903655e-02	8.545005098288994960e-02
1.344900119396168748e+03	2.309122105152141280e-01	1.468438032342158084e-01	2.624773671480088444e-01	1.639834096181389256e-01	7.778101164528419820e-02	3.238603833425936912e-02	8.561615950449184831e-02
1.349737889609823924e+03	2.303666062957054339e-01	1.464550600757534571e-01	2.628292758762859060e-01	1.642267171149622840e-01	7.788753978193126148e-02	3.245373896265323771e-02	8.578106189232148626e-02
1.354575659823479100e+03	2.298240744891661691e-01	1.460685282868494639e-01	2.631793422775434155e-01	1.644685188163422240e-01	7.799340559872162959e-02	3.252136061295831521e-02	8.594476991803186305e-02
1.359413430037134731e+03	2.292845971640939673e-01	1.456841953742466222e-01	2.635275727422388692e-01	1.647088272684827659e-01	7.809861478769622445e-02	3.258889747593193137e-02	8.610729518692271378e-02
1.364251200250789907e+03	2.287481565100260572e-01	1.453020489101067292e-01	2.638739737443396849e-01	1.649476548369351314e-01	7.820317295376869038e-02	3.265634390350666272e-02	8.626864914093007597e-02
1.369088970464445310e+03	2.282147348363312567e-01	1.449220765318417203e-01	2.642185518374517983e-01	1.651850137105020377e-01	7.830708561671587131e-02	3.272369440521402661e-02	8.642884306155637630e-02
1.373926740678100487e+03	2.276843145710218397e-01	1.445442659419390874e-01	2.645613136510626129e-01	1.654209159050471778e-01	7.841035821311555243e-02	3.279094364468461420e-02	8.658788807274214738e-02
1.378764510891755890e+03	2.271568782595849156e-01	1.441686049077830489e-01	2.649022658868962488e-01	1.656553732672119694e-01	7.851299609823302050e-02	3.285808643622300379e-02	8.674579514368090105e-02
1.383602281105411066e+03	2.266324085638329600e-01	1.437950812614705032e-01	2.652414153153764276e-01	1.658883974780414605e-01	7.861500454785810832e-02	3.292511774145580328e-02	8.690257509157793547e-02
1.388440051319066470e+03	2.261108882607729409e-01	1.434236828996227620e-01	2.655787687721956059e-01	1.661200000565219159e-01	7.871638876009409702e-02	3.299203266605135743e-02	8.705823858435454699e-02
1.393277821532721646e+03	2.255923002414937650e-01	1.430543977831928160e-01	2.659143331549869704e-01	1.663501923630313628e-01	7.881715385710025279e-02	3.305882645650950330e-02	8.721279614329860430e-02
1.398115591746377049e+03	2.250766275100714309e-01	1.426872139372685200e-01	2.662481154200957434e-01	1.665789856027060645e-01	7.891730488678899702e-02	3.312549449701987503e-02	8.736625814566263692e-02
1.402953361960032225e+03	2.245638531824918349e-01	1.423221194508717535e-01	2.665801225794484641e-01	1.668063908287239772e-01	7.901684682447934760e-02	3.319203230638735624e-02	8.751863482721061738e-02
1.407791132173687402e+03	2.240539604855905920e-01	1.419591024767536402e-01	2.669103616975160853e-01	1.670324189455079933e-01	7.911578457450750557e-02	3.325843553502314670e-02	8.766993628471435318e-02
1.412628902387342805e+03	2.235469327560095365e-01	1.415981512311862978e-01	2.672388398883702165e-01	1.672570807118502478e-01	7.921412297179628026e-02	3.332469996200014550e-02	8.782017247840061269e-02
1.417466672600997981e+03	2.230427534391695443e-01	1.412392539937509794e-01	2.675655643128275751e-01	1.674803867439600691e-01	7.931186678338399132e-02	3.339082149217119377e-02	8.796935323434991461e-02
1.422304442814653157e+03	2.225414060882596468e-01	1.408823991071228021e-01	2.678905421756826999e-01	1.677023475184366841e-01	7.940902070991442963e-02	3.345679615334887919e-02	8.811748824684817460e-02
1.427142213028308333e+03	2.220428743632413549e-01	1.405275749768522819e-01	2.682137807230243753e-01	1.679229733751692599e-01	7.950558938708861267e-02	3.352262009354553540e-02	8.826458708069195858e-02
1.431979983241963964e+03	2.215471420298688043e-01	1.401747700711438727e-01	2.685352872396349899e-01	1.681422745201656133e-01	7.960157738707947239e-02	3.358828957827224987e-02	8.841065917344843872e-02
1.436817753455619140e+03	2.210541929587234444e-01	1.398239729206315340e-01	2.688550690464698301e-01	1.683602610283115864e-01	7.969698921991066887e-02	3.365380098789551994e-02	8.855571383767087135e-02
1.441655523669274316e+03	2.205640111242639367e-01	1.394751721181513859e-01	2.691731334982143675e-01	1.685769428460626440e-01	7.979182933480004347e-02	3.371915081505034995e-02	8.869976026307070660e-02
1.446493293882929493e+03	2.200765806038899042e-01	1.391283563185118921e-01	2.694894879809170973e-01	1.687923297940696898e-01	7.988610212146926570e-02	3.378433566210865824e-02	8.884280751864696846e-02
1.451331064096585123e+03	2.195918855770201406e-01	1.387835142382613240e-01	2.698041399096959836e-01	1.690064315697403785e-01	7.997981191141997903e-02	3.384935223870171733e-02	8.898486455477397361e-02
1.456168834310240300e+03	2.191099103241843926e-01	1.384406346554528378e-01	2.701170967265169587e-01	1.692192577497378392e-01	8.007296297917777805e-02	3.391419735929553092e-02	8.912594020524818028e-02
1.461006604523895703e+03	2.186306392261287979e-01	1.380997064094073579e-01	2.704283658980415894e-01	1.694308177924181702e-01	8.016555954350458590e-02	3.397886794081799583e-02	8.926604318929505510e-02
1.465844374737550879e+03	2.181540567629344229e-01	1.377607184004741026e-01	2.707379549135426333e-01	1.696411210402085090e-01	8.025760576858048667e-02	3.404336100033676649e-02	8.940518211353662426e-02
1.470682144951206283e+03	2.176801475131486252e-01	1.374236595897893043e-01	2.710458712828857086e-01	1.698501767219268432e-01	8.034910576515560954e-02	3.410767365278673940e-02	8.954336547392070800e-02
1.475519915164861459e+03	2.172088961529295426e-01	1.370885189990325159e-01	2.713521225345743582e-01	1.700579939550454778e-01	8.044006359167302223e-02	3.417180310874608218e-02	8.968060165761257418e-02
1.480357685378516862e+03	2.167402874552022962e-01	1.367552857101815289e-01	2.716567162138579516e-01	1.702645817478991297e-01	8.053048325536323049e-02	3.423574667225979390e-02	8.981689894484967684e-02
1.485195455592172038e+03	2.162743062888278778e-01	1.364239488652653209e-01	2.719596598808997623e-01	1.704699490018393160e-01	8.062036871331128285e-02	3.429950173870976310e-02	8.995226551076031252e-02
1.490033225805827215e+03	2.158109376177838323e-01	1.360944976661152273e-01	2.722609611090039961e-01	1.706741045133363388e-01	8.070972387349689692e-02	3.436306579273035872e-02	9.008670942714702701e-02
1.494870996019482618e+03	2.153501665003564047e-01	1.357669213741147241e-01	2.725606274828999420e-01	1.708770569760302283e-01	8.079855259580846771e-02	3.442643640616859652e-02	9.022023866423527216e-02
1.499708766233137567e+03	2.148919780883443431e-01	1.354412093099477965e-01	2.728586665970817449e-01	1.710788149827319748e-01	8.088685869303172127e-02	3.448961123608786095e-02	9.035286109238825636e-02
1.504546536446793198e+03	2.144363576262736382e-01	1.351173508533456691e-01	2.731550860542020787e-01	1.712793870273760233e-01	8.097464593181347148e-02	3.455258802281437058e-02	9.048458448378850216e-02
1.509384306660448374e+03	2.139832904506233924e-01	1.347953354428325368e-01	2.734498934635183898e-01	1.714787815069258037e-01	8.106191803360128512e-02	3.461536458802535327e-02	9.061541651408691611e-02
1.514222076874103550e+03	2.135327619890623752e-01	1.344751525754698807e-01	2.737430964393905986e-01	1.716770067232330221e-01	8.114867867555969339e-02	3.467793883287816070e-02	9.074536476401995344e-02
1.519059847087758726e+03	2.130847577596961528e-01	1.341567918065997844e-01	2.740347025998275954e-01	1.718740708848519316e-01	8.123493149146338022e-02	3.474030873617936499e-02	9.087443672099554393e-02
1.523897617301414357e+03	2.126392633703243218e-01	1.338402427495870850e-01	2.743247195650824755e-01	1.720699821088101378e-01	8.132068007256815223e-02	3.480247235259303212e-02	9.100263978064850046e-02
1.528735387515069533e+03	2.121962645177080387e-01	1.335254950755607461e-01	2.746131549562949026e-01	1.722647484223365777e-01	8.140592796846021773e-02	3.486442781088734677e-02	9.112998124836585445e-02
1.533573157728724709e+03	2.117557469868473763e-01	1.332125385131541773e-01	2.749000163941782149e-01	1.724583777645478933e-01	8.149067868788428814e-02	3.492617331221872790e-02	9.125646834078292302e-02
1.538410927942380113e+03	2.113176966502683940e-01	1.329013628482448306e-01	2.751853114977516612e-01	1.726508779880945033e-01	8.157493569955097390e-02	3.498770712845269970e-02	9.138210818725063522e-02
1.543248698156035516e+03	2.108820994673195337e-01	1.325919579236929102e-01	2.754690478831147149e-01	1.728422568607670129e-01	8.165870243292427944e-02	3.504902760052069216e-02	9.150690783127457539e-02
1.548086468369690692e+03	2.104489414834776750e-01	1.322843136390796648e-01	2.757512331622641311e-01	1.730325220670641817e-01	8.174198227898946123e-02	3.511013313681203563e-02	9.163087423192659009e-02
1.552924238583346096e+03	2.100182088296629612e-01	1.319784199504448752e-01	2.760318749419509721e-01	1.732216812097235603e-01	8.182477859100188711e-02	3.517102221160035846e-02	9.175401426522916681e-02
1.557762008797001272e+03	2.095898877215628953e-01	1.316742668700237873e-01	2.763109808225770458e-01	1.734097418112154898e-01	8.190709468521728542e-02	3.523169336350374936e-02	9.187633472551358371e-02
1.562599779010656675e+03	2.091639644589648739e-01	1.313718444659836559e-01	2.765885583971302575e-01	1.735967113152013797e-01	8.198893384160399478e-02	3.529214519397787242e-02	9.199784232675184414e-02
1.567437549224311852e+03	2.087404254250975755e-01	1.310711428621598451e-01	2.768646152501565982e-01	1.737825970879574577e-01	8.207029930453772770e-02	3.535237636584137588e-02	9.211854370386335367e-02
1.572275319437967255e+03	2.083192570859807025e-01	1.307721522377915113e-01	2.771391589567685498e-01	1.739674064197647141e-01	8.215119428347891772e-02	3.541238560183292139e-02	9.223844541399665864e-02
1.577113089651622431e+03	2.079004459897829671e-01	1.304748628272570654e-01	2.774121970816886273e-01	1.741511465262657599e-01	8.223162195363369065e-02	3.547217168319914682e-02	9.235755393778678768e-02
1.581950859865277607e+03	2.074839787661882096e-01	1.301792649198092455e-01	2.776837371783270059e-01	1.743338245497896011e-01	8.231158545659843229e-02	3.553173344831291741e-02	9.247587568058862617e-02
1.586788630078933011e+03	2.070698421257694544e-01	1.298853488593101901e-01	2.779537867878925095e-01	1.745154475606452427e-01	8.239108790098846613e-02	3.559106979132118515e-02	9.259341697368698998e-02
1.591626400292587959e+03	2.066580228593707658e-01	1.295931050439661780e-01	2.782223534385353525e-01	1.746960225583845672e-01	8.247013236305154871e-02	3.565017966082193596e-02	9.271018407548364815e-02
1.596464170506243590e+03	2.062485078374968195e-01	1.293025239260623960e-01	2.784894446445216887e-01	1.748755564730357648e-01	8.254872188726605775e-02	3.570906205856944765e-02	9.282618317266190522e-02
1.601301940719898766e+03	2.058412840097098018e-01	1.290135960116975400e-01	2.787550679054379699e-01	1.750540561663074257e-01	8.262685948692473359e-02	3.576771603820743523e-02	9.294142038132914563e-02
1.606139710933553943e+03	2.054363384040339413e-01	1.287263118605185552e-01	2.790192307054255583e-01	1.752315284327647382e-01	8.270454814470419580e-02	3.582614070402930645e-02	9.305590174813783977e-02
1.610977481147209119e+03	2.050336581263669244e-01	1.284406620854552095e-01	2.792819405124431498e-01	1.754079800009779866e-01	8.278179081322042943e-02	3.588433520976515301e-02	9.316963325138533092e-02
1.615815251360864750e+03	2.046332303598987490e-01	1.281566373524549995e-01	2.795432047775577300e-01	1.755834175346442094e-01	8.285859041557090687e-02	3.594229875739470698e-02	9.328262080209291651e-02
1.620653021574519926e+03	2.042350423645372115e-01	1.278742283802180579e-01	2.798030309342619537e-01	1.757578476336828788e-01	8.293494984586352592e-02	3.600003059598593652e-02	9.339487024506468171e-02
1.625490791788175102e+03	2.038390814763404724e-01	1.275934259399321979e-01	2.800614263978182250e-01	1.759312768353058221e-01	8.301087196973262750e-02	3.605753002055849671e-02	9.350638735992643225e-02
1.630328562001830505e+03	2.034453351069561433e-01	1.273142208550082088e-01	2.803183985646279797e-01	1.761037116150626081e-01	8.308635962484262061e-02	3.611479637097175094e-02	9.361717786214504566e-02
1.635166332215485909e+03	2.030537907430669808e-01	1.270366040008153175e-01	2.805739548116257254e-01	1.762751583878615080e-01	8.316141562137940868e-02	3.617182903083660667e-02	9.372724740402882393e-02
1.640004102429141085e+03	2.026644359458431299e-01	1.267605663044170938e-01	2.808281024956971739e-01	1.764456235089670311e-01	8.323604274252999202e-02	3.622862742645086703e-02	9.383660157570909710e-02
1.644841872642796488e+03	2.022772583504006405e-01	1.264860987443076346e-01	2.810808489531203547e-01	1.766151132749743669e-01	8.331024374495048235e-02	3.628519102575749472e-02	9.394524590610345283e-02
1.649679642856451665e+03	2.018922456652659514e-01	1.262131923501478570e-01	2.813322014990299325e-01	1.767836339247614019e-01	8.338402135922293179e-02	3.634151933732528150e-02	9.405318586386109125e-02
1.654517413070107068e+03	2.015093856718470078e-01	1.259418382025024874e-01	2.815821674269027852e-01	1.769511916404189755e-01	8.345737829030117072e-02	3.639761190935154878e-02	9.416042685829045800e-02
1.659355183283762244e+03	2.011286662239098744e-01	1.256720274325773268e-01	2.818307540080654539e-01	1.771177925481597915e-01	8.353031721794602904e-02	3.645346832868631010e-02	9.426697424026964089e-02
1.664192953497417420e+03	2.007500752470614824e-01	1.254037512219569328e-01	2.820779684912217977e-01	1.772834427192065965e-01	8.360284079715013528e-02	3.650908821987753489e-02	9.437283330313997465e-02
1.669030723711072824e+03	2.003736007382380113e-01	1.251370008023428293e-01	2.823238181020010229e-01	1.774481481706601527e-01	8.367495165855258488e-02	3.656447124423695128e-02	9.447800928358293659e-02
1.673868493924728000e+03	1.999992307651991263e-01	1.248717674552921736e-01	2.825683100425250283e-01	1.776119148663474479e-01	8.374665240884381079e-02	3.661961709892612438e-02	9.458250736248081936e-02
1.678706264138383403e+03	1.996269534660275458e-01	1.246080425119570761e-01	2.828114514909946253e-01	1.777747487176506991e-01	8.381794563116079511e-02	3.667452551606217859e-02	9.468633266576156893e-02
1.683544034352038352e+03	1.992567570486343809e-01	1.243458173528243088e-01	2.830532496012942989e-01	1.779366555843176767e-01	8.388883388547294095e-02	3.672919626184289327e-02	9.478949026522798249e-02
1.688381804565693983e+03	1.988886297902695277e-01	1.240850834074556791e-01	2.832937115026142316e-01	1.780976412752537930e-01	8.395931970895890994e-02	3.678362913569076242e-02	9.489198517937158517e-02
1.693219574779349159e+03	1.985225600370375543e-01	1.238258321542290152e-01	2.835328442990902031e-01	1.782577115492961495e-01	8.402940561637449457e-02	3.683782396941550491e-02	9.499382237417160202e-02
1.698057344993004335e+03	1.981585362034186670e-01	1.235680551200798033e-01	2.837706550694595875e-01	1.784168721159706539e-01	8.409909410041188638e-02	3.689178062639475453e-02	9.509500676387916407e-02
1.702895115206659511e+03	1.977965467717949788e-01	1.233117438802433935e-01	2.840071508667340594e-01	1.785751286362319279e-01	8.416838763205053420e-02	3.694549900077248594e-02	9.519554321178724798e-02
1.707732885420315142e+03	1.974365802919813839e-01	1.230568900579979696e-01	2.842423387178876770e-01	1.787324867231866454e-01	8.423728866089978673e-02	3.699897901667480865e-02	9.529543653098633549e-02
1.712570655633970318e+03	1.970786253807617905e-01	1.228034853244081848e-01	2.844762256235606190e-01	1.788889519428012165e-01	8.430579961553359702e-02	3.705222062744276817e-02	9.539469148510647256e-02
1.717408425847625494e+03	1.967226707214299319e-01	1.225515213980694490e-01	2.847088185577771324e-01	1.790445298145933728e-01	8.437392290381737214e-02	3.710522381488182836e-02	9.549331278904558962e-02
1.722246196061280898e+03	1.963687050633350084e-01	1.223009900448530779e-01	2.849401244676783573e-01	1.791992258123087101e-01	8.444166091322730106e-02	3.715798858852759762e-02	9.559130510968465166e-02
1.727083966274936301e+03	1.960167172214319353e-01	1.220518830776521207e-01	2.851701502732686966e-01	1.793530453645823530e-01	8.450901601116229955e-02	3.721051498492754933e-02	9.568867306658980498e-02
1.731921736488591478e+03	1.956666960758363383e-01	1.218041923561279244e-01	2.853989028671758410e-01	1.795059938555860213e-01	8.457599054524871096e-02	3.726280306693834088e-02	9.578542123270167297e-02
1.736759506702246881e+03	1.953186305713839610e-01	1.215579097864575575e-01	2.856263891144236733e-01	1.796580766256608563e-01	8.464258684363806795e-02	3.731485292303843293e-02	9.588155413501228685e-02
1.741597276915902057e+03	1.949725097171944588e-01	1.213130273210820537e-01	2.858526158522181615e-01	1.798092989719368429e-01	8.470880721529802648e-02	3.736666466665565511e-02	9.597707625522966524e-02
1.746435047129557461e+03	1.946283225862396882e-01	1.210695369584553482e-01	2.860775898897450764e-01	1.799596661489382965e-01	8.477465395029659678e-02	3.741823843550945439e-02	9.607199203043043090e-02
1.751272817343212637e+03	1.942860583149162990e-01	1.208274307427942146e-01	2.863013180079799214e-01	1.801091833691765287e-01	8.484012932007990726e-02	3.746957439096743753e-02	9.616630585370058992e-02
1.756110587556867813e+03	1.939457061026223228e-01	1.205867007638289218e-01	2.865238069595091308e-01	1.802578558037298273e-01	8.490523557774379282e-02	3.752067271741597876e-02	9.626002207476490324e-02
1.760948357770523216e+03	1.936072552113382028e-01	1.203473391565548500e-01	2.867450634683628152e-01	1.804056885828105583e-01	8.496997495829901326e-02	3.757153362164458721e-02	9.635314500060482290e-02
1.765786127984178393e+03	1.932706949652117923e-01	1.201093381009849664e-01	2.869650942298577756e-01	1.805526867963206106e-01	8.503434967893068464e-02	3.762215733224368724e-02	9.644567889606538158e-02
1.770623898197833569e+03	1.929360147501472944e-01	1.198726898219030501e-01	2.871839059104512870e-01	1.806988554943946557e-01	8.509836193925177095e-02	3.767254409901557577e-02	9.653762798445127136e-02
1.775461668411488745e+03	1.926032040133983103e-01	1.196373865886180693e-01	2.874015051476051519e-01	1.808441996879319724e-01	8.516201392155094141e-02	3.772269419239830668e-02	9.662899644811213939e-02
1.780299438625144376e+03	1.922722522631646613e-01	1.194034207147192522e-01	2.876178985496592455e-01	1.809887243491171693e-01	8.522530779103487664e-02	3.777260790290213471e-02	9.671978842901758633e-02
1.785137208838799552e+03	1.919431490681931529e-01	1.191707845578322406e-01	2.878330926957146096e-01	1.811324344119295549e-01	8.528824569606516248e-02	3.782228554055838687e-02	9.681000802932185345e-02
1.789974979052454728e+03	1.916158840573820021e-01	1.189394705193760338e-01	2.880470941355261494e-01	1.812753347726420994e-01	8.535082976838997970e-02	3.787172743438033812e-02	9.689965931191842075e-02
1.794812749266109904e+03	1.912904469193890122e-01	1.187094710443210022e-01	2.882599093894035458e-01	1.814174302903100167e-01	8.541306212337063108e-02	3.792093393183598726e-02	9.698874630098489047e-02
1.799650519479765535e+03	1.909668274022433831e-01	1.184807786209477881e-01	2.884715449481213279e-01	1.815587257872488258e-01	8.547494486020311422e-02	3.796990539833240696e-02	9.707727298251815629e-02
1.804488289693420711e+03	1.906450153129612690e-01	1.182533857806071925e-01	2.886820072728373821e-01	1.816992260495028655e-01	8.553648006213482313e-02	3.801864221671142491e-02	9.716524330486005223e-02
1.809326059907075887e+03	1.903250005171645276e-01	1.180272850974809912e-01	2.888913027950188450e-01	1.818389358273038159e-01	8.559766979667653153e-02	3.806714478675642110e-02	9.725266117921388398e-02
1.814163830120731291e+03	1.900067729387034665e-01	1.178024691883438058e-01	2.890994379163762673e-01	1.819778598355200616e-01	8.565851611580969915e-02	3.811541352470998456e-02	9.733953048015173137e-02
1.819001600334386467e+03	1.896903225592824760e-01	1.175789307123259325e-01	2.893064190088055487e-01	1.821160027540965620e-01	8.571902105618939283e-02	3.816344886280222115e-02	9.742585504611291081e-02
1.823839370548041643e+03	1.893756394180894920e-01	1.173566623706770728e-01	2.895122524143365905e-01	1.822533692284860340e-01	8.577918663934278043e-02	3.821125124878946983e-02	9.751163867989366685e-02
1.828677140761696819e+03	1.890627136114283735e-01	1.171356569065312297e-01	2.897169444450894416e-01	1.823899638700711701e-01	8.583901487186332280e-02	3.825882114550321900e-02	9.759688514912835677e-02
1.833514910975352450e+03	1.887515352923550549e-01	1.169159071046724646e-01	2.899205013832372724e-01	1.825257912565783625e-01	8.589850774560083002e-02	3.830615903040898718e-02	9.768159818676215578e-02
1.838352681189008081e+03	1.884420946703164734e-01	1.166974057913017782e-01	2.901229294809755110e-01	1.826608559324832126e-01	8.595766723784754870e-02	3.835326539517502215e-02	9.776578149151557429e-02
1.843190451402663257e+03	1.881343820107928555e-01	1.164801458338048934e-01	2.903242349604980288e-01	1.827951624094078242e-01	8.601649531152016914e-02	3.840014074525051335e-02	9.784943872834087064e-02
1.848028221616318433e+03	1.878283876349432779e-01	1.162641201405212044e-01	2.905244240139787104e-01	1.829287151665100752e-01	8.607499391533808553e-02	3.844678559945319263e-02	9.793257352887060896e-02
1.852865991829973609e+03	1.875241019192539771e-01	1.160493216605136130e-01	2.907235028035597968e-01	1.830615186508653958e-01	8.613316498399790910e-02	3.849320048956609425e-02	9.801518949185840379e-02
1.857703762043628785e+03	1.872215152951901274e-01	1.158357433833395317e-01	2.909214774613451127e-01	1.831935772778408578e-01	8.619101043834423437e-02	3.853938595994328697e-02	9.809729018361204589e-02
1.862541532257283961e+03	1.869206182488502566e-01	1.156233783388227188e-01	2.911183540893997335e-01	1.833248954314618817e-01	8.624853218553696355e-02	3.858534256712439769e-02	9.817887913841918945e-02
1.867379302470939592e+03	1.866214013206238531e-01	1.154122195968264319e-01	2.913141387597544818e-01	1.834554774647719766e-01	8.630573211921507837e-02	3.863107087945772539e-02	9.825995985896569807e-02
1.872217072684594768e+03	1.863238551048516656e-01	1.152022602670274148e-01	2.915088375144152533e-01	1.835853277001852080e-01	8.636261211965712281e-02	3.867657147673177892e-02	9.834053581674685740e-02
1.877054842898249490e+03	1.860279702494890830e-01	1.149934934986909657e-01	2.917024563653784486e-01	1.837144504298319214e-01	8.641917405393834128e-02	3.872184494981501662e-02	9.842061045247145479e-02
1.881892613111905121e+03	1.857337374557723186e-01	1.147859124804471997e-01	2.918950012946501804e-01	1.838428499158981655e-01	8.647541977608452779e-02	3.876689190030373211e-02	9.850018717645912802e-02
1.886730383325560297e+03	1.854411474778873137e-01	1.145795104400681302e-01	2.920864782542704763e-01	1.839705303909579814e-01	8.653135112722293298e-02	3.881171294017774637e-02	9.857926936903070592e-02
1.891568153539215928e+03	1.851501911226413333e-01	1.143742806442460125e-01	2.922768931663420888e-01	1.840974960582998921e-01	8.658696993572992384e-02	3.885630869146387140e-02	9.865786038089215115e-02
1.896405923752871104e+03	1.848608592491374492e-01	1.141702163983725760e-01	2.924662519230636915e-01	1.842237510922469235e-01	8.664227801737585388e-02	3.890067978590694420e-02	9.873596353351181409e-02
1.901243693966526507e+03	1.845731427684515757e-01	1.139673110463194500e-01	2.926545603867669043e-01	1.843492996384707983e-01	8.669727717546688028e-02	3.894482686464825066e-02	9.881358211949142767e-02
1.906081464180181683e+03	1.842870326433121431e-01	1.137655579702196440e-01	2.928418243899574835e-01	1.844741458142999946e-01	8.675196920098407483e-02	3.898875057791122145e-02	9.889071940293073237e-02
1.910919234393836859e+03	1.840025198877825452e-01	1.135649505902499579e-01	2.930280497353606184e-01	1.845982937090222542e-01	8.680635587271974540e-02	3.903245158469416387e-02	9.896737861978605055e-02
1.915757004607492036e+03	1.837195955669459202e-01	1.133654823644145715e-01	2.932132421959695590e-01	1.847217473841814561e-01	8.686043895741102361e-02	3.907593055247000902e-02	9.904356297822280997e-02
1.920594774821147894e+03	1.834382507965925946e-01	1.131671467883296756e-01	2.933974075150981853e-01	1.848445108738689668e-01	8.691422020987094044e-02	3.911918815689285900e-02	9.911927565896208603e-02
1.925432545034802843e+03	1.831584767429099980e-01	1.129699373950091706e-01	2.935805514064369071e-01	1.849665881850097171e-01	8.696770137311687909e-02	3.916222508151109144e-02	9.919451981562149578e-02
1.930270315248458019e+03	1.828802646221751593e-01	1.127738477546514212e-01	2.937626795541117275e-01	1.850879832976430051e-01	8.702088417849655755e-02	3.920504201748710449e-02	9.926929857505029098e-02
1.935108085462113195e+03	1.826036057004494229e-01	1.125788714744270363e-01	2.939437976127466934e-01	1.852087001651982479e-01	8.707377034581158248e-02	3.924763966332340398e-02	9.934361503765891388e-02
1.939945855675768371e+03	1.823284912932756630e-01	1.123850021982677611e-01	2.941239112075294537e-01	1.853287427147658206e-01	8.712636158343871340e-02	3.929001872459483152e-02	9.941747227774307138e-02
1.944783625889424002e+03	1.820549127653779964e-01	1.121922336066565051e-01	2.943030259342795940e-01	1.854481148473629548e-01	8.717865958844872587e-02	3.933217991368706534e-02	9.949087334380250780e-02
1.949621396103079178e+03	1.817828615303637152e-01	1.120005594164182328e-01	2.944811473595199125e-01	1.855668204381950015e-01	8.723066604672306823e-02	3.937412394954098449e-02	9.956382125885442080e-02
1.954459166316734354e+03	1.815123290504275233e-01	1.118099733805121010e-01	2.946582810205505831e-01	1.856848633369120594e-01	8.728238263306835332e-02	3.941585155740292418e-02	9.963631902074178426e-02
1.959296936530389530e+03	1.812433068360581045e-01	1.116204692878246529e-01	2.948344324255255389e-01	1.858022473678610509e-01	8.733381101132872693e-02	3.945736346858069732e-02	9.970836960243660563e-02
1.964134706744044706e+03	1.809757864457468557e-01	1.114320409629638992e-01	2.950096070535317971e-01	1.859189763303334686e-01	8.738495283449608519e-02	3.949866042020515333e-02	9.977997595233818739e-02
1.968972476957700337e+03	1.807097594856989786e-01	1.112446822660546897e-01	2.951838103546709502e-01	1.860350539988087637e-01	8.743580974481832135e-02	3.953974315499728803e-02	9.985114099456650349e-02
1.973810247171355968e+03	1.804452176095467097e-01	1.110583870925350020e-01	2.953570477501429870e-01	1.861504841231936269e-01	8.748638337390560182e-02	3.958061242104070343e-02	9.992186762925088506e-02
1.978648017385010689e+03	1.801821525180647698e-01	1.108731493729533113e-01	2.955293246323323908e-01	1.862652704290571337e-01	8.753667534283465779e-02	3.962126897155936189e-02	9.999215873281389055e-02
1.983485787598666320e+03	1.799205559588877568e-01	1.106889630727670715e-01	2.957006463648964578e-01	1.863794166178618372e-01	8.758668726225128653e-02	3.966171356470039877e-02	1.000620171582507073e-01
1.988323557812321269e+03	1.796604197262298974e-01	1.105058221921421668e-01	2.958710182828554469e-01	1.864929263671911142e-01	8.763642073247090991e-02	3.970194696332210449e-02	1.001314457354039039e-01
1.993161328025976900e+03	1.794017356606068259e-01	1.103237207657535301e-01	2.960404456926846173e-01	1.866058033309725417e-01	8.768587734357742580e-02	3.974196993478673612e-02	1.002004472712339084e-01
1.997999098239632076e+03	1.791444956485593876e-01	1.101426528625866902e-01	2.962089338724084864e-01	1.867180511396976106e-01	8.773505867552025550e-02	3.978178325075821392e-02	1.002690245500849758e-01
2.002836868453287707e+03	1.788886916223794143e-01	1.099626125857404574e-01	2.963764880716965311e-01	1.868296734006378856e-01	8.778396629820978125e-02	3.982138768700451553e-02	1.003371803339470486e-01
2.007674638666942428e+03	1.786343155598378030e-01	1.097835940722306086e-01	2.965431135119607209e-01	1.869406736980575301e-01	8.783260177161099358e-02	3.986078402320472613e-02	1.004049173627133001e-01
2.012512408880597604e+03	1.783813594839141481e-01	1.096055914927946962e-01	2.967088153864546052e-01	1.870510555934223329e-01	8.788096664583561202e-02	3.989997304276058504e-02	1.004722383544336822e-01
2.017350179094252780e+03	1.781298154625287899e-01	1.094285990516977586e-01	2.968735988603741216e-01	1.871608226256055163e-01	8.792906246123260994e-02	3.993895553261249398e-02	1.005391460055643643e-01
2.022187949307908411e+03	1.778796756082764996e-01	1.092526109865392669e-01	2.970374690709595700e-01	1.872699783110899907e-01	8.797689074847719892e-02	3.997773228305984139e-02	1.006056429912133010e-01
2.027025719521564042e+03	1.776309320781622458e-01	1.090776215680608896e-01	2.972004311275991961e-01	1.873785261441676675e-01	8.802445302865821719e-02	4.001630408758556634e-02	1.006717319653818582e-01
2.031863489735218764e+03	1.773835770733387940e-01	1.089036250999555061e-01	2.973624901119342190e-01	1.874864695971353579e-01	8.807175081336426903e-02	4.005467174268493441e-02	1.007374155612026645e-01
2.036701259948874394e+03	1.771376028388462198e-01	1.087306159186771093e-01	2.975236510779645793e-01	1.875938121204877296e-01	8.811878560476815725e-02	4.009283604769831033e-02	1.008026963911736879e-01
2.041539030162529116e+03	1.768930016633532831e-01	1.085585883932517481e-01	2.976839190521566869e-01	1.877005571431072661e-01	8.816555889571013604e-02	4.013079780464794133e-02	1.008675770473887318e-01
2.046376800376184747e+03	1.766497658789006886e-01	1.083875369250896226e-01	2.978432990335517228e-01	1.878067080724512283e-01	8.821207216977967891e-02	4.016855781807866094e-02	1.009320601017642538e-01
2.051214570589840150e+03	1.764078878606459566e-01	1.082174559477980524e-01	2.980017959938750516e-01	1.879122682947357015e-01	8.825832690139601144e-02	4.020611689490236063e-02	1.009961481062626731e-01
2.056052340803495554e+03	1.761673600266104589e-01	1.080483399269955708e-01	2.981594148776471331e-01	1.880172411751169781e-01	8.830432455588717311e-02	4.024347584424621538e-02	1.010598435931122641e-01
2.060890111017150957e+03	1.759281748374278420e-01	1.078801833601269605e-01	2.983161606022946555e-01	1.881216300578700262e-01	8.835006658956809367e-02	4.028063547730459382e-02	1.011231490750236217e-01
2.065727881230805451e+03	1.756903247960945602e-01	1.077129807762794017e-01	2.984720380582631116e-01	1.882254382665644044e-01	8.839555444981711529e-02	4.031759660719450022e-02	1.011860670454027417e-01
2.070565651444461309e+03	1.754538024477218239e-01	1.075467267359995066e-01	2.986270521091301533e-01	1.883286691042374283e-01	8.844078957515154327e-02	4.035436004881450683e-02	1.012485999785608659e-01
2.075403421658116713e+03	1.752186003792894908e-01	1.073814158311115069e-01	2.987812075917197219e-01	1.884313258535648961e-01	8.848577339530190600e-02	4.039092661870716250e-02	1.013107503299211787e-01
2.080241191871772116e+03	1.749847112194016507e-01	1.072170426845362873e-01	2.989345093162165679e-01	1.885334117770292861e-01	8.853050733128509098e-02	4.042729713492471122e-02	1.013725205362222409e-01
2.085078962085427065e+03	1.747521276380437916e-01	1.070536019501115710e-01	2.990869620662822692e-01	1.886349301170854309e-01	8.857499279547632887e-02	4.046347241689811358e-02	1.014339130157183855e-01
2.089916732299082469e+03	1.745208423463416592e-01	1.068910883124130490e-01	2.992385705991709166e-01	1.887358840963238582e-01	8.861923119168015062e-02	4.049945328530925315e-02	1.014949301683770594e-01
2.094754502512737417e+03	1.742908480963218376e-01	1.067294964865764251e-01	2.993893396458463529e-01	1.888362769176316625e-01	8.866322391520019275e-02	4.053524056196632086e-02	1.015555743760731544e-01
2.099592272726392821e+03	1.740621376806738840e-01	1.065688212181206129e-01	2.995392739110992464e-01	1.889361117643514609e-01	8.870697235290803118e-02	4.057083506968223174e-02	1.016158480027805067e-01
2.104430042940048224e+03	1.738347039325141563e-01	1.064090572827717518e-01	2.996883780736652181e-01	1.890353918004375189e-01	8.875047788331087706e-02	4.060623763215607390e-02	1.016757533947603848e-01
2.109267813153704083e+03	1.736085397251511397e-01	1.062501994862883464e-01	2.998366567863430809e-01	1.891341201706102093e-01	8.879374187661845386e-02	4.064144907385752042e-02	1.017352928807472856e-01
2.114105583367359031e+03	1.733836379718524945e-01	1.060922426642872535e-01	2.999841146761135779e-01	1.892323000005080580e-01	8.883676569480869478e-02	4.067647021991407236e-02	1.017944687721318159e-01
2.118943353581013525e+03	1.731599916256135185e-01	1.059351816820708198e-01	3.001307563442588977e-01	1.893299343968378179e-01	8.887955069169266309e-02	4.071130189600115357e-02	1.018532833631410200e-01
2.123781123794669384e+03	1.729375936789272483e-01	1.057790114344547977e-01	3.002765863664821899e-01	1.894270264475223786e-01	8.892209821297841765e-02	4.074594492823500197e-02	1.019117389310159050e-01
2.128618894008324787e+03	1.727164371635560858e-01	1.056237268455973710e-01	3.004216092930271920e-01	1.895235792218467330e-01	8.896440959633401813e-02	4.078040014306815592e-02	1.019698377361863972e-01
2.133456664221980191e+03	1.724965151503049243e-01	1.054693228688291240e-01	3.005658296487988546e-01	1.896195957706019453e-01	8.900648617144972519e-02	4.081466836718769531e-02	1.020275820224437191e-01
2.138294434435635139e+03	1.722778207487958568e-01	1.053157944864838436e-01	3.007092519334836900e-01	1.897150791262272873e-01	8.904832926009910443e-02	4.084875042741599460e-02	1.020849740171102110e-01
2.143132204649290543e+03	1.720603471072442436e-01	1.051631367097304870e-01	3.008518806216705088e-01	1.898100323029504044e-01	8.908994017619956129e-02	4.088264715061403626e-02	1.021420159312067394e-01
2.147969974862945492e+03	1.718440874122363904e-01	1.050113445784059546e-01	3.009937201629712678e-01	1.899044582969257322e-01	8.913132022587183512e-02	4.091635936358720832e-02	1.021987099596175785e-01
2.152807745076601350e+03	1.716290348885085026e-01	1.048604131608488338e-01	3.011347749821424724e-01	1.899983600863709154e-01	8.917247070749874382e-02	4.094988789299348897e-02	1.022550582812529613e-01
2.157645515290255844e+03	1.714151827987273613e-01	1.047103375537341563e-01	3.012750494792061362e-01	1.900917406317017555e-01	8.921339291178324860e-02	4.098323356525403194e-02	1.023110630592092563e-01
2.162483285503912157e+03	1.712025244432721915e-01	1.045611128819089741e-01	3.014145480295711832e-01	1.901846028756652152e-01	8.925408812180557483e-02	4.101639720646605564e-02	1.023667264409268279e-01
2.167321055717567106e+03	1.709910531600180583e-01	1.044127342982290041e-01	3.015532749841549620e-01	1.902769497434707024e-01	8.929455761307961148e-02	4.104937964231801517e-02	1.024220505583456758e-01
2.172158825931222509e+03	1.707807623241206219e-01	1.042651969833961051e-01	3.016912346695047598e-01	1.903687841429200778e-01	8.933480265360869976e-02	4.108218169800699482e-02	1.024770375280587842e-01
2.176996596144877003e+03	1.705716453478024475e-01	1.041184961457967406e-01	3.018284313879194269e-01	1.904601089645353573e-01	8.937482450394054756e-02	4.111480419815822379e-02	1.025316894514632926e-01
2.181834366358532861e+03	1.703636956801403424e-01	1.039726270213413295e-01	3.019648694175708914e-01	1.905509270816856393e-01	8.941462441722151933e-02	4.114724796674679858e-02	1.025860084149095852e-01
2.186672136572187810e+03	1.701569068068544965e-01	1.038275848733045820e-01	3.021005530126254501e-01	1.906412413507117820e-01	8.945420363925017659e-02	4.117951382702143143e-02	1.026399964898482148e-01
2.191509906785843214e+03	1.699512722500985951e-01	1.036833649921666267e-01	3.022354864033657829e-01	1.907310546110500271e-01	8.949356340853020786e-02	4.121160260143024584e-02	1.026936557329747313e-01
2.196347676999498617e+03	1.697467855682516513e-01	1.035399626954551788e-01	3.023696737963117998e-01	1.908203696853538189e-01	8.953270495632263681e-02	4.124351511154854266e-02	1.027469881863725676e-01
2.201185447213154021e+03	1.695434403557107839e-01	1.033973733275885265e-01	3.025031193743425995e-01	1.909091893796144856e-01	8.957162950669741996e-02	4.127525217800857155e-02	1.027999958776538020e-01
2.206023217426809424e+03	1.693412302426854921e-01	1.032555922597194892e-01	3.026358272968175389e-01	1.909975164832801442e-01	8.961033827658437811e-02	4.130681462043113428e-02	1.028526808200980885e-01
2.210860987640464373e+03	1.691401488949933474e-01	1.031146148895801806e-01	3.027678016996971366e-01	1.910853537693734117e-01	8.964883247582357273e-02	4.133820325735909629e-02	1.029050450127895339e-01
2.215698757854119776e+03	1.689401900138568779e-01	1.029744366413277851e-01	3.028990466956644756e-01	1.911727039946077289e-01	8.968711330721491903e-02	4.136941890619271617e-02	1.029570904407517834e-01
2.220536528067775180e+03	1.687413473357015914e-01	1.028350529653911105e-01	3.030295663742458845e-01	1.912595698995023241e-01	8.972518196656743827e-02	4.140046238312675847e-02	1.030088190750811650e-01
2.225374298281430583e+03	1.685436146319555517e-01	1.026964593383181273e-01	3.031593648019316745e-01	1.913459542084957887e-01	8.976303964274776059e-02	4.143133450308932736e-02	1.030602328730780837e-01
2.230212068495085077e+03	1.683469857088500388e-01	1.025586512626242564e-01	3.032884460222965983e-01	1.914318596300584596e-01	8.980068751772804503e-02	4.146203607968243499e-02	1.031113337783765294e-01
2.235049838708740936e+03	1.681514544072214012e-01	1.024216242666416560e-01	3.034168140561202542e-01	1.915172888568034970e-01	8.983812676663346930e-02	4.149256792512423520e-02	1.031621237210718911e-01
2.239887608922396339e+03	1.679570146023143806e-01	1.022853739043693838e-01	3.035444729015069898e-01	1.916022445655966300e-01	8.987535855778906735e-02	4.152293085019290175e-02	1.032126046178469952e-01
2.244725379136052197e+03	1.677636602035865176e-01	1.021498957553243353e-01	3.036714265340060281e-01	1.916867294176649028e-01	8.991238405276608114e-02	4.155312566417203313e-02	1.032627783720964781e-01
2.249563149349706237e+03	1.675713851545136690e-01	1.020151854243930567e-01	3.037976789067307615e-01	1.917707460587039503e-01	8.994920440642775739e-02	4.158315317479772261e-02	1.033126468740494380e-01
2.254400919563362095e+03	1.673801834323969950e-01	1.018812385416845018e-01	3.039232339504783220e-01	1.918542971189843016e-01	8.998582076697467236e-02	4.161301418820710640e-02	1.033622120008904910e-01
2.259238689777017044e+03	1.671900490481708634e-01	1.017480507623835656e-01	3.040480955738484869e-01	1.919373852134565184e-01	9.002223427598948780e-02	4.164270950888837586e-02	1.034114756168791199e-01
2.264076459990672902e+03	1.670009760462122517e-01	1.016156177666055066e-01	3.041722676633624167e-01	1.920200129418550561e-01	9.005844606848127654e-02	4.167223993963232315e-02	1.034604395734675664e-01
