1.001418434226643626e+03	2.782091684253330532e-01	1.817298510464685768e-01	2.344911481133895303e-01	1.401768129681182640e-01	6.786521986855234556e-02	2.749819050094220313e-02	7.002960907681129998e-02
1.003837319333471214e+03	2.777825177106238996e-01	1.814615631749130764e-01	2.347615840068509874e-01	1.403314453668255690e-01	6.797933144161676100e-02	2.749819050094220313e-02	7.018536779784283197e-02
1.006256204440298802e+03	2.773571200533700432e-01	1.811940392503913755e-01	2.350305094099842951e-01	1.404863402050990084e-01	6.809316022234467025e-02	2.749819050094220313e-02	7.034064035748376076e-02
1.008675089547126618e+03	2.769329711340262623e-01	1.809272771683446135e-01	2.352979498019907856e-01	1.406414763091875242e-01	6.820670518694790796e-02	2.749819050094220313e-02	7.049542989817599026e-02
1.011093974653954206e+03	2.765100666660288420e-01	1.806612748269834923e-01	2.355639299788707119e-01	1.407968331555851660e-01	6.831996539230887622e-02	2.749819050094220313e-02	7.064973947889602313e-02
1.013512859760782021e+03	2.760884023951075683e-01	1.803960301274177835e-01	2.358284740729908457e-01	1.409523908521516655e-01	6.843293997244905003e-02	2.749819050094220313e-02	7.080357207855608737e-02
1.015931744867609382e+03	2.756679740986176519e-01	1.801315409737798412e-01	2.360916055720878315e-01	1.411081301197783522e-01	6.854562813514780695e-02	2.749819050094220313e-02	7.095693059926141966e-02
1.018350629974437197e+03	2.752487775848894702e-01	1.798678052733418964e-01	2.363533473377235072e-01	1.412640322745834232e-01	6.865802915870500289e-02	2.749819050094220313e-02	7.110981786942957572e-02
1.020769515081264785e+03	2.748308086925965177e-01	1.796048209366278570e-01	2.366137216232079288e-01	1.414200792106214133e-01	6.877014238884146535e-02	2.749819050094220313e-02	7.126223664677765191e-02
1.023188400188092373e+03	2.744140632901409527e-01	1.793425858775196946e-01	2.368727500910057515e-01	1.415762533830919878e-01	6.888196723573127012e-02	2.749819050094220313e-02	7.141418962118320501e-02
1.025607285294920075e+03	2.739985372750558534e-01	1.790810980133584474e-01	2.371304538296404307e-01	1.417325377920337359e-01	6.899350317116041686e-02	2.749819050094220313e-02	7.156567941742396355e-02
1.028026170401747549e+03	2.735842265734242384e-01	1.788203552650404204e-01	2.373868533701112282e-01	1.418889159664888655e-01	6.910474972580635256e-02	2.749819050094220313e-02	7.171670859780171492e-02
1.030445055508575479e+03	2.731711271393140184e-01	1.785603555571084744e-01	2.376419687018365701e-01	1.420453719491251987e-01	6.921570648663337433e-02	2.749819050094220313e-02	7.186727966465515649e-02
1.032863940615402726e+03	2.727592349542283801e-01	1.783010968178387057e-01	2.378958192881379663e-01	1.422018902813023400e-01	6.932637309439892981e-02	2.749819050094220313e-02	7.201739506276644276e-02
1.035282825722230655e+03	2.723485460265714364e-01	1.780425769793230195e-01	2.381484240812772046e-01	1.423584559885691658e-01	6.943674924126602699e-02	2.749819050094220313e-02	7.216705718166592509e-02
1.037701710829058356e+03	2.719390563911283643e-01	1.777847939775472064e-01	2.383998015370601409e-01	1.425150545665801460e-01	6.954683466851736828e-02	2.749819050094220313e-02	7.231626835783948326e-02
1.040120595935886058e+03	2.715307621085600864e-01	1.775277457524652158e-01	2.386499696290195205e-01	1.426716719674185341e-01	6.965662916436682339e-02	2.749819050094220313e-02	7.246503087684252886e-02
1.042539481042713533e+03	2.711236592649114430e-01	1.772714302480694337e-01	2.388989458621886275e-01	1.428282945863144915e-01	6.976613256186416090e-02	2.749819050094220313e-02	7.261334697532455251e-02
1.044958366149541234e+03	2.707177439711330180e-01	1.770158454124574898e-01	2.391467472864780008e-01	1.429849092487470164e-01	6.987534473688894465e-02	2.749819050094220313e-02	7.276121884296823938e-02
1.047377251256368709e+03	2.703130123626161785e-01	1.767609891978953185e-01	2.393933905096664871e-01	1.431415031979181296e-01	6.998426560622998671e-02	2.749819050094220313e-02	7.290864862434655314e-02
1.049796136363196410e+03	2.699094605987403805e-01	1.765068595608771385e-01	2.396388917100178151e-01	1.432980640825892438e-01	7.009289512574660985e-02	2.749819050094220313e-02	7.305563842070139646e-02
1.052215021470024112e+03	2.695070848624331883e-01	1.762534544621818799e-01	2.398832666485333776e-01	1.434545799452686676e-01	7.020123328860827794e-02	2.749819050094220313e-02	7.320219029164712343e-02
1.054633906576851814e+03	2.691058813597421162e-01	1.760007718669268917e-01	2.401265306808517408e-01	1.436110392107403655e-01	7.030928012360924961e-02	2.749819050094220313e-02	7.334830625680213712e-02
1.057052791683679516e+03	2.687058463194179625e-01	1.757488097446183728e-01	2.403686987688054277e-01	1.437674306749241182e-01	7.041703569355506342e-02	2.749819050094220313e-02	7.349398829735155625e-02
1.059471676790506763e+03	2.683069759925096887e-01	1.754975660691992234e-01	2.406097854916441625e-01	1.439237434940576488e-01	7.052450009371785677e-02	2.749819050094220313e-02	7.363923835754393465e-02
1.061890561897334692e+03	2.679092666519701238e-01	1.752470388190941197e-01	2.408498050569348736e-01	1.440799671741909149e-01	7.063167345035759048e-02	2.749819050094220313e-02	7.378405834612489222e-02
1.064309447004162394e+03	2.675127145922722716e-01	1.749972259772519800e-01	2.410887713111476149e-01	1.442360915609842975e-01	7.073855591930622300e-02	2.749819050094220313e-02	7.392845013771009999e-02
1.066728332110990095e+03	2.671173161290362752e-01	1.747481255311859327e-01	2.413266977499360089e-01	1.443921068298012200e-01	7.084514768461244727e-02	2.749819050094220313e-02	7.407241557410056132e-02
1.069147217217817570e+03	2.667230675986659305e-01	1.744997354730111749e-01	2.415635975281217873e-01	1.445480034760872334e-01	7.095144895724411760e-02	2.749819050094220313e-02	7.421595646554218773e-02
1.071566102324645271e+03	2.663299653579953574e-01	1.742520537994800833e-01	2.417994834693912853e-01	1.447037723060269621e-01	7.105745997384613211e-02	2.749819050094220313e-02	7.435907459193251412e-02
1.073984987431472746e+03	2.659380057839451639e-01	1.740050785120156873e-01	2.420343680757126859e-01	1.448594044274710280e-01	7.116318099555134224e-02	2.749819050094220313e-02	7.450177170397642712e-02
1.076403872538300675e+03	2.655471852731875471e-01	1.737588076167426721e-01	2.422682635364817316e-01	1.450148912411250435e-01	7.126861230684217174e-02	2.749819050094220313e-02	7.464404952429316842e-02
1.078822757645127922e+03	2.651575002418203875e-01	1.735132391245167716e-01	2.425011817374039813e-01	1.451702244319933999e-01	7.137375421446094659e-02	2.749819050094220313e-02	7.478590974847681982e-02
1.081241642751955851e+03	2.647689471250506132e-01	1.732683710509518304e-01	2.427331342691210203e-01	1.453253959610701362e-01	7.147860704636664619e-02	2.749819050094220313e-02	7.492735404611206018e-02
1.083660527858783553e+03	2.643815223768849476e-01	1.730242014164454500e-01	2.429641324355883425e-01	1.454803980572698940e-01	7.158317115073638270e-02	2.749819050094220313e-02	7.506838406174726197e-02
1.086079412965611255e+03	2.639952224698300931e-01	1.727807282462027194e-01	2.431941872622113976e-01	1.456352232095921850e-01	7.168744689500938794e-02	2.749819050094220313e-02	7.520900141582648191e-02
1.088498298072438729e+03	2.636100438945997437e-01	1.725379495702582255e-01	2.434233095037477701e-01	1.457898641595120337e-01	7.179143466497205084e-02	2.749819050094220313e-02	7.534920770558245495e-02
1.090917183179266431e+03	2.632259831598300348e-01	1.722958634234967590e-01	2.436515096519811796e-01	1.459443138935904993e-01	7.189513486388189600e-02	2.749819050094220313e-02	7.548900450589186850e-02
1.093336068286093905e+03	2.628430367918024868e-01	1.720544678456720766e-01	2.438787979431747965e-01	1.460985656362988050e-01	7.199854791162924039e-02	2.749819050094220313e-02	7.562839337009483187e-02
1.095754953392921607e+03	2.624612013341738881e-01	1.718137608814246653e-01	2.441051843653095910e-01	1.462526128430497729e-01	7.210167424393452984e-02	2.749819050094220313e-02	7.576737583077977622e-02
1.098173838499749309e+03	2.620804733477136161e-01	1.715737405802977289e-01	2.443306786651141815e-01	1.464064491934309320e-01	7.220451431158012023e-02	2.749819050094220313e-02	7.590595340053561679e-02
1.100592723606577010e+03	2.617008494100476201e-01	1.713344049967522043e-01	2.445552903548924573e-01	1.465600685846328022e-01	7.230706857967493517e-02	2.749819050094220313e-02	7.604412757267209333e-02
1.103011608713404712e+03	2.613223261154094534e-01	1.710957521901801670e-01	2.447790287191541347e-01	1.467134651250675825e-01	7.240933752695069558e-02	2.749819050094220313e-02	7.618189982191007903e-02
1.105430493820231959e+03	2.609449000743972458e-01	1.708577802249173494e-01	2.450019028210546346e-01	1.468666331281718862e-01	7.251132164508815314e-02	2.749819050094220313e-02	7.631927160504287100e-02
1.107849378927059888e+03	2.605685679137374477e-01	1.706204871702541870e-01	2.452239215086493562e-01	1.470195671063889709e-01	7.261302143807234211e-02	2.749819050094220313e-02	7.645624436156978065e-02
1.110268264033887590e+03	2.601933262760546262e-01	1.703838711004461437e-01	2.454450934209679580e-01	1.471722617653247744e-01	7.271443742157536472e-02	2.749819050094220313e-02	7.659281951430316204e-02
1.112687149140715292e+03	2.598191718196473654e-01	1.701479300947224549e-01	2.456654269939134716e-01	1.473247119980728437e-01	7.281557012236578030e-02	2.749819050094220313e-02	7.672899846995008544e-02
1.115106034247542766e+03	2.594461012182693871e-01	1.699126622372943984e-01	2.458849304659918578e-01	1.474769128797034923e-01	7.291642007774323808e-02	2.749819050094220313e-02	7.686478261966966929e-02
1.117524919354370468e+03	2.590741111609168867e-01	1.696780656173622059e-01	2.461036118838763331e-01	1.476288596619121651e-01	7.301698783499740997e-02	2.749819050094220313e-02	7.700017333960702814e-02
1.119943804461197942e+03	2.587031983516213662e-01	1.694441383291213632e-01	2.463214791078115473e-01	1.477805477678225954e-01	7.311727395089018255e-02	2.749819050094220313e-02	7.713517199140497438e-02
1.122362689568025871e+03	2.583333595092471291e-01	1.692108784717676895e-01	2.465385398168624120e-01	1.479319727869402856e-01	7.321727899116010907e-02	2.749819050094220313e-02	7.726977992269438988e-02
1.124781574674853118e+03	2.579645913672947710e-01	1.689782841495018895e-01	2.467548015140113293e-01	1.480831304702518170e-01	7.331700353004813597e-02	2.749819050094220313e-02	7.740399846756405855e-02
1.127200459781681047e+03	2.575968906737091113e-01	1.687463534715330227e-01	2.469702715311092034e-01	1.482340167254659058e-01	7.341644814984374379e-02	2.749819050094220313e-02	7.753782894701098660e-02
1.129619344888508749e+03	2.572302541906921203e-01	1.685150845520814733e-01	2.471849570336836777e-01	1.483846276123922392e-01	7.351561344045065560e-02	2.749819050094220313e-02	7.767127266937182140e-02
1.132038229995336451e+03	2.568646786945208427e-01	1.682844755103809486e-01	2.473988650256088717e-01	1.485349593384536204e-01	7.361449999897118346e-02	2.749819050094220313e-02	7.780433093073650663e-02
1.134457115102163925e+03	2.565001609753694845e-01	1.680545244706799224e-01	2.476120023536410031e-01	1.486850082543283713e-01	7.371310842930858809e-02	2.749819050094220313e-02	7.793700501534454872e-02
1.136876000208991627e+03	2.561366978371363290e-01	1.678252295622424395e-01	2.478243757118233359e-01	1.488347708497184396e-01	7.381143934178645283e-02	2.749819050094220313e-02	7.806929619596490733e-02
1.139294885315819101e+03	2.557742860972748167e-01	1.675965889193480329e-01	2.480359916457642588e-01	1.489842437492399918e-01	7.390949335278459986e-02	2.749819050094220313e-02	7.820120573426010691e-02
1.141713770422646803e+03	2.554129225866290653e-01	1.673686006812913074e-01	2.482468565567926000e-01	1.491334237084330494e-01	7.400727108439068835e-02	2.749819050094220313e-02	7.833273488113517979e-02
1.144132655529474505e+03	2.550526041492728879e-01	1.671412629923808291e-01	2.484569767059928991e-01	1.492823076098862833e-01	7.410477316406681447e-02	2.749819050094220313e-02	7.846388487707223192e-02
1.146551540636302207e+03	2.546933276423536396e-01	1.669145740019374047e-01	2.486663582181251053e-01	1.494308924594742183e-01	7.420200022433059983e-02	2.749819050094220313e-02	7.859465695245104744e-02
1.148970425743129908e+03	2.543350899359393402e-01	1.666885318642918890e-01	2.488750070854311158e-01	1.495791753827031279e-01	7.429895290245003281e-02	2.749819050094220313e-02	7.872505232785652340e-02
1.151389310849957155e+03	2.539778879128697930e-01	1.664631347387826033e-01	2.490829291713320126e-01	1.497271536211627341e-01	7.439563184015154929e-02	2.749819050094220313e-02	7.885507221437335068e-02
1.153808195956785084e+03	2.536217184686112014e-01	1.662383807897519217e-01	2.492901302140190234e-01	1.498748245290805470e-01	7.449203768334078379e-02	2.749819050094220313e-02	7.898471781386852408e-02
1.156227081063612786e+03	2.532665785111145040e-01	1.660142681865428016e-01	2.494966158299410375e-01	1.500221855699760409e-01	7.458817108183535272e-02	2.749819050094220313e-02	7.911399031926227843e-02
1.158645966170440488e+03	2.529124649606769859e-01	1.657907951034946481e-01	2.497023915171918129e-01	1.501692343134115315e-01	7.468403268910936421e-02	2.749819050094220313e-02	7.924289091478770031e-02
1.161064851277267962e+03	2.525593747498075525e-01	1.655679597199386510e-01	2.499074626588000669e-01	1.503159684318371159e-01	7.477962316204887772e-02	2.749819050094220313e-02	7.937142077623983438e-02
1.163483736384095664e+03	2.522073048230946690e-01	1.653457602201931220e-01	2.501118345259246700e-01	1.504623856975269292e-01	7.487494316071817424e-02	2.749819050094220313e-02	7.949958107121449236e-02
1.165902621490923138e+03	2.518562521370782403e-01	1.651241947935580268e-01	2.503155122809581634e-01	1.506084839796043018e-01	7.496999334813606031e-02	2.749819050094220313e-02	7.962737295933720871e-02
1.168321506597751068e+03	2.515062136601239340e-01	1.649032616343093227e-01	2.505185009805410701e-01	1.507542612411527649e-01	7.506477439006202512e-02	2.749819050094220313e-02	7.975479759248289835e-02
1.170740391704578315e+03	2.511571863723007780e-01	1.646829589416930195e-01	2.507208055784893586e-01	1.508997155364108222e-01	7.515928695479161259e-02	2.749819050094220313e-02	7.988185611498649363e-02
1.173159276811406244e+03	2.508091672652615345e-01	1.644632849199187674e-01	2.509224309286380294e-01	1.510448450080479621e-01	7.525353171296088328e-02	2.749819050094220313e-02	8.000854966384494948e-02
1.175578161918233945e+03	2.504621533421261259e-01	1.642442377781532514e-01	2.511233817876027952e-01	1.511896478845196345e-01	7.534750933735928635e-02	2.749819050094220313e-02	8.013487936891104668e-02
1.177997047025061647e+03	2.501161416173675045e-01	1.640258157305131970e-01	2.513236628174626563e-01	1.513341224774986116e-01	7.544122050275085811e-02	2.749819050094220313e-02	8.026084635307931259e-02
1.180415932131889122e+03	2.497711291167002690e-01	1.638080169960581811e-01	2.515232785883652622e-01	1.514782671793809821e-01	7.553466588570313667e-02	2.749819050094220313e-02	8.038645173246432296e-02
1.182834817238716823e+03	2.494271128769721402e-01	1.635908397987830554e-01	2.517222335810572198e-01	1.516220804608641726e-01	7.562784616442369545e-02	2.749819050094220313e-02	8.051169661657182897e-02
1.185253702345544298e+03	2.490840899460576574e-01	1.633742823676102296e-01	2.519205321893421279e-01	1.517655608685953839e-01	7.572076201860378220e-02	2.749819050094220313e-02	8.063658210846291752e-02
1.187672587452371999e+03	2.487420573827542059e-01	1.631583429363815951e-01	2.521181787224678339e-01	1.519087070228879455e-01	7.581341412926891066e-02	2.749819050094220313e-02	8.076110930491159356e-02
1.190091472559199701e+03	2.484010122566809031e-01	1.629430197438503369e-01	2.523151774074450793e-01	1.520515176155039228e-01	7.590580317863597493e-02	2.749819050094220313e-02	8.088527929655585369e-02
1.192510357666027403e+03	2.480609516481793175e-01	1.627283110336724403e-01	2.525115323912996423e-01	1.521939914075010614e-01	7.599792984997677525e-02	2.749819050094220313e-02	8.100909316804288940e-02
1.194929242772855105e+03	2.477218726482167399e-01	1.625142150543978925e-01	2.527072477432598663e-01	1.523361272271419042e-01	7.608979482748746970e-02	2.749819050094220313e-02	8.113255199816826746e-02
1.197348127879682352e+03	2.473837723582914261e-01	1.623007300594619950e-01	2.529023274568813484e-01	1.524779239678638043e-01	7.618139879616390997e-02	2.749819050094220313e-02	8.125565686000964238e-02
1.199767012986510281e+03	2.470466478903401431e-01	1.620878543071761213e-01	2.530967754521106228e-01	1.526193805863076403e-01	7.627274244168243122e-02	2.749819050094220313e-02	8.137840882105508433e-02
1.202185898093337983e+03	2.467104963666476303e-01	1.618755860607185848e-01	2.532905955772898898e-01	1.527604961004036255e-01	7.636382645028601257e-02	2.749819050094220313e-02	8.150080894332623060e-02
1.204604783200165684e+03	2.463753149197581982e-01	1.616639235881250636e-01	2.534837916111038481e-01	1.529012695875126837e-01	7.645465150867550297e-02	2.749819050094220313e-02	8.162285828349667705e-02
1.207023668306993159e+03	2.460411006923891586e-01	1.614528651622791633e-01	2.536763672644706258e-01	1.530417001826217815e-01	7.654521830390567660e-02	2.749819050094220313e-02	8.174455789300551223e-02
1.209442553413820860e+03	2.457078508373460590e-01	1.612424090609026195e-01	2.538683261823793669e-01	1.531817870765914968e-01	7.663552752328592343e-02	2.749819050094220313e-02	8.186590881816642462e-02
1.211861438520648335e+03	2.453755625174401378e-01	1.610325535665452779e-01	2.540596719456738595e-01	1.533215295144546020e-01	7.672557985428551941e-02	2.749819050094220313e-02	8.198691210027253540e-02
1.214280323627476264e+03	2.450442329054071944e-01	1.608232969665752132e-01	2.542504080727858717e-01	1.534609267937636357e-01	7.681537598444297676e-02	2.749819050094220313e-02	8.210756877569702628e-02
1.216699208734303511e+03	2.447138591838282917e-01	1.606146375531685433e-01	2.544405380214186385e-01	1.535999782629868526e-01	7.690491660127964091e-02	2.749819050094220313e-02	8.222787987598988158e-02
1.219118093841131440e+03	2.443844385450522627e-01	1.604065736232991313e-01	2.546300651901818868e-01	1.537386833199505809e-01	7.699420239221711759e-02	2.749819050094220313e-02	8.234784642797077225e-02
1.221536978947959142e+03	2.440559681911197154e-01	1.601991034787282053e-01	2.548189929201804538e-01	1.538770414103265705e-01	7.708323404449844707e-02	2.749819050094220313e-02	8.246746945381842886e-02
1.223955864054786844e+03	2.437284453336887868e-01	1.599922254259937282e-01	2.550073244965565533e-01	1.540150520261634737e-01	7.717201224511287261e-02	2.749819050094220313e-02	8.258674997115639238e-02
1.226374749161614318e+03	2.434018671939622291e-01	1.597859377763999333e-01	2.551950631499889655e-01	1.541527147044609858e-01	7.726053768072407846e-02	2.749819050094220313e-02	8.270568899313558708e-02
1.228793634268442020e+03	2.430762310026162720e-01	1.595802388460065557e-01	2.553822120581484834e-01	1.542900290257852580e-01	7.734881103760161969e-02	2.749819050094220313e-02	8.282428752851359044e-02
1.231212519375269494e+03	2.427515339997308175e-01	1.593751269556180072e-01	2.555687743471119489e-01	1.544269946129245563e-01	7.743683300155554394e-02	2.749819050094220313e-02	8.294254658173089156e-02
1.233631404482097196e+03	2.424277734347209667e-01	1.591706004307724964e-01	2.557547530927358759e-01	1.545636111295840553e-01	7.752460425787410792e-02	2.749819050094220313e-02	8.306046715298429084e-02
1.236050289588924898e+03	2.421049465662701572e-01	1.589666576017310373e-01	2.559401513219906055e-01	1.546998782791184079e-01	7.761212549126420002e-02	2.749819050094220313e-02	8.317805023829735744e-02
1.238469174695752372e+03	2.417830506622644371e-01	1.587632968034664860e-01	2.561249720142563802e-01	1.548357958033013126e-01	7.769939738579467736e-02	2.749819050094220313e-02	8.329529682958837500e-02
1.240888059802580301e+03	2.414620829997282114e-01	1.585605163756522717e-01	2.563092181025827254e-01	1.549713634811306362e-01	7.778642062484229791e-02	2.749819050094220313e-02	8.341220791473556717e-02
1.243306944909407548e+03	2.411420408647612090e-01	1.583583146626513227e-01	2.564928924749106387e-01	1.551065811276684803e-01	7.787319589104010897e-02	2.749819050094220313e-02	8.352878447763996406e-02
1.245725830016235477e+03	2.408229215524765598e-01	1.581566900135047971e-01	2.566759979752613607e-01	1.552414485929148047e-01	7.795972386622831984e-02	2.749819050094220313e-02	8.364502749828583994e-02
1.248144715123063179e+03	2.405047223669403711e-01	1.579556407819207031e-01	2.568585374048901193e-01	1.553759657607138855e-01	7.804600523140757529e-02	2.749819050094220313e-02	8.376093795279897225e-02
1.250563600229890881e+03	2.401874406211122470e-01	1.577551653262626308e-01	2.570405135234072325e-01	1.555101325476926366e-01	7.813204066669422743e-02	2.749819050094220313e-02	8.387651681350265231e-02
1.252982485336718355e+03	2.398710736367868912e-01	1.575552620095382328e-01	2.572219290498671262e-01	1.556439489022296563e-01	7.821783085127795299e-02	2.749819050094220313e-02	8.399176504897168383e-02
1.255401370443546057e+03	2.395556187445371521e-01	1.573559291993879006e-01	2.574027866638263218e-01	1.557774148034544170e-01	7.830337646338128565e-02	2.749819050094220313e-02	8.410668362408439680e-02
1.257820255550373531e+03	2.392410732836578180e-01	1.571571652680731068e-01	2.575830890063713352e-01	1.559105302602755150e-01	7.838867818022106360e-02	2.749819050094220313e-02	8.422127350007269087e-02
1.260239140657201460e+03	2.389274346021105222e-01	1.569589685924649425e-01	2.577628386811166017e-01	1.560432953104372023e-01	7.847373667797188923e-02	2.749819050094220313e-02	8.433553563457034385e-02
1.262658025764028707e+03	2.386147000564698695e-01	1.567613375540324872e-01	2.579420382551749769e-01	1.561757100196033698e-01	7.855855263173117109e-02	2.749819050094220313e-02	8.444947098165957178e-02
1.265076910870856636e+03	2.383028670118703396e-01	1.565642705388312905e-01	2.581206902600996500e-01	1.563077744804683977e-01	7.864312671548605305e-02	2.749819050094220313e-02	8.456308049191577081e-02
1.267495795977684338e+03	2.379919328419542179e-01	1.563677659374916318e-01	2.582987971927994120e-01	1.564394888118935956e-01	7.872745960208185623e-02	2.749819050094220313e-02	8.467636511245088538e-02
1.269914681084511813e+03	2.376818949288204974e-01	1.561718221452068345e-01	2.584763615164280548e-01	1.565708531580690399e-01	7.881155196319213074e-02	2.749819050094220313e-02	8.478932578695506928e-02
1.272333566191339514e+03	2.373727506629747241e-01	1.559764375617216370e-01	2.586533856612483473e-01	1.567018676876998085e-01	7.889540446929020623e-02	2.749819050094220313e-02	8.490196345573691739e-02
1.274752451298167216e+03	2.370644974432796481e-01	1.557816105913203686e-01	2.588298720254712526e-01	1.568325325932157510e-01	7.897901778962214403e-02	2.749819050094220313e-02	8.501427905576236510e-02
1.277171336404994690e+03	2.367571326769068452e-01	1.555873396428153754e-01	2.590058229760714981e-01	1.569628480900046308e-01	7.906239259218110493e-02	2.749819050094220313e-02	8.512627352069214448e-02
1.279590221511822392e+03	2.364506537792890051e-01	1.553936231295350578e-01	2.591812408495792752e-01	1.570928144156673589e-01	7.914552954368300752e-02	2.749819050094220313e-02	8.523794778091793589e-02
1.282009106618650094e+03	2.361450581740733023e-01	1.552004594693121575e-01	2.593561279528503460e-01	1.572224318292950451e-01	7.922842930954342167e-02	2.749819050094220313e-02	8.534930276359738166e-02
1.284427991725477568e+03	2.358403432930752386e-01	1.550078470844721001e-01	2.595304865638135561e-01	1.573517006107672533e-01	7.931109255385564161e-02	2.749819050094220313e-02	8.546033939268785073e-02
1.286846876832305497e+03	2.355365065762336230e-01	1.548157844018209772e-01	2.597043189321974199e-01	1.574806210600705469e-01	7.939351993937002194e-02	2.749819050094220313e-02	8.557105858897903761e-02
1.289265761939132744e+03	2.352335454715659968e-01	1.546242698526339165e-01	2.598776272802357790e-01	1.576091934966371289e-01	7.947571212747427116e-02	2.749819050094220313e-02	8.568146127012452040e-02
1.291684647045960673e+03	2.349314574351250018e-01	1.544333018726431195e-01	2.600504138033536972e-01	1.577374182587026052e-01	7.955766977817492480e-02	2.749819050094220313e-02	8.579154835067223650e-02
1.294103532152788375e+03	2.346302399309553866e-01	1.542428789020260649e-01	2.602226806708335949e-01	1.578652957026827897e-01	7.963939355007970677e-02	2.749819050094220313e-02	8.590132074209400059e-02
1.296522417259616077e+03	2.343298904310515962e-01	1.540529993853938240e-01	2.603944300264626754e-01	1.579928262025683816e-01	7.972088410038095929e-02	2.749819050094220313e-02	8.601077935281403741e-02
1.298941302366443551e+03	2.340304064153163055e-01	1.538636617717790145e-01	2.605656639891618664e-01	1.581200101493377141e-01	7.980214208483991933e-02	2.749819050094220313e-02	8.611992508823658465e-02
1.301360187473271253e+03	2.337317853715193960e-01	1.536748645146240599e-01	2.607363846535969976e-01	1.582468479503863212e-01	7.988316815777192492e-02	2.749819050094220313e-02	8.622875885077260771e-02
1.303779072580098727e+03	2.334340247952575997e-01	1.534866060717694214e-01	2.609065940907726588e-01	1.583733400289734639e-01	7.996396297203244019e-02	2.749819050094220313e-02	8.633728153986569565e-02
1.306197957686926657e+03	2.331371221899149193e-01	1.532988849054416070e-01	2.610762943486088505e-01	1.584994868236848098e-01	8.004452717900389924e-02	2.749819050094220313e-02	8.644549405201715220e-02
1.308616842793753904e+03	2.328410750666233819e-01	1.531116994822415422e-01	2.612454874525019233e-01	1.586252887879107398e-01	8.012486142858334104e-02	2.749819050094220313e-02	8.655339728081029582e-02
1.311035727900581833e+03	2.325458809442247088e-01	1.529250482731324967e-01	2.614141754058693090e-01	1.587507463893400028e-01	8.020496636917072431e-02	2.749819050094220313e-02	8.666099211693398252e-02
1.313454613007409534e+03	2.322515373492323454e-01	1.527389297534284818e-01	2.615823601906785978e-01	1.588758601094682754e-01	8.028484264765800571e-02	2.749819050094220313e-02	8.676827944820550420e-02
1.315873498114237009e+03	2.319580418157941026e-01	1.525533424027823715e-01	2.617500437679621816e-01	1.590006304431210160e-01	8.036449090941889806e-02	2.749819050094220313e-02	8.687526015959265435e-02
1.318292383221064711e+03	2.316653918856553529e-01	1.523682847051740230e-01	2.619172280783167994e-01	1.591250578979903907e-01	8.044391179829925298e-02	2.749819050094220313e-02	8.698193513323533577e-02
1.320711268327892412e+03	2.313735851081228367e-01	1.521837551488986195e-01	2.620839150423894814e-01	1.592491429941858272e-01	8.052310595660805426e-02	2.749819050094220313e-02	8.708830524846634946e-02
1.323130153434719887e+03	2.310826190400288027e-01	1.519997522265546797e-01	2.622501065613492832e-01	1.593728862637976418e-01	8.060207402510899399e-02	2.749819050094220313e-02	8.719437138183172564e-02
1.325549038541547588e+03	2.307924912456958966e-01	1.518162744350325666e-01	2.624158045173459741e-01	1.594962882504735446e-01	8.068081664301272882e-02	2.749819050094220313e-02	8.730013440711037465e-02
1.327967923648375290e+03	2.305031992969022725e-01	1.516333202755024145e-01	2.625810107739560140e-01	1.596193495090076908e-01	8.075933444796948302e-02	2.749819050094220313e-02	8.740559519533322441e-02
1.330386808755202765e+03	2.302147407728474537e-01	1.514508882534026102e-01	2.627457271766152069e-01	1.597420706049416106e-01	8.083762807606233169e-02	2.749819050094220313e-02	8.751075461480184448e-02
1.332805693862030694e+03	2.299271132601185263e-01	1.512689768784279687e-01	2.629099555530400867e-01	1.598644521141770747e-01	8.091569816180091412e-02	2.749819050094220313e-02	8.761561353110655648e-02
1.335224578968857941e+03	2.296403143526566659e-01	1.510875846645179377e-01	2.630736977136365895e-01	1.599864946226002282e-01	8.099354533811561896e-02	2.749819050094220313e-02	8.772017280714398957e-02
1.337643464075685870e+03	2.293543416517244138e-01	1.509067101298451341e-01	2.632369554518980692e-01	1.601081987257169104e-01	8.107117023635228292e-02	2.749819050094220313e-02	8.782443330313424723e-02
1.340062349182513572e+03	2.290691927658731197e-01	1.507263517968033262e-01	2.633997305447912107e-01	1.602295650282985207e-01	8.114857348626722255e-02	2.749819050094220313e-02	8.792839587663760226e-02
1.342481234289341273e+03	2.287848653109108565e-01	1.505465081919959980e-01	2.635620247531320071e-01	1.603505941440385996e-01	8.122575571602273781e-02	2.749819050094220313e-02	8.803206138257074764e-02
1.344900119396168748e+03	2.285013569098709174e-01	1.503671778462246089e-01	2.637238398219504676e-01	1.604712866952192618e-01	8.130271755218303198e-02	2.749819050094220313e-02	8.813543067322264501e-02
1.347319004502996449e+03	2.282186651929805077e-01	1.501883592944769363e-01	2.638851774808453898e-01	1.605916433123877052e-01	8.137945961971047859e-02	2.749819050094220313e-02	8.823850459826991510e-02
1.349737889609823924e+03	2.279367877976298806e-01	1.500100510759155015e-01	2.640460394443291947e-01	1.607116646340420729e-01	8.145598254196227683e-02	2.749819050094220313e-02	8.834128400479199228e-02
1.352156774716651853e+03	2.276557223683418896e-01	1.498322517338659676e-01	2.642064274121631029e-01	1.608313513063268085e-01	8.153228694068739846e-02	2.749819050094220313e-02	8.844376973728576563e-02
1.354575659823479100e+03	2.273754665567420119e-01	1.496549598158055383e-01	2.643663430696826522e-01	1.609507039827368924e-01	8.160837343602393712e-02	2.749819050094220313e-02	8.854596263767990083e-02
1.356994544930307029e+03	2.270960180215285118e-01	1.494781738733513277e-01	2.645257880881146662e-01	1.610697233238307935e-01	8.168424264649672140e-02	2.749819050094220313e-02	8.864786354534889834e-02
1.359413430037134731e+03	2.268173744284430748e-01	1.493018924622489529e-01	2.646847641248848970e-01	1.611884099969519701e-01	8.175989518901526087e-02	2.749819050094220313e-02	8.874947329712673527e-02
1.361832315143962205e+03	2.265395334502418034e-01	1.491261141423609604e-01	2.648432728239170642e-01	1.613067646759587803e-01	8.183533167887195592e-02	2.749819050094220313e-02	8.885079272732032685e-02
1.364251200250789907e+03	2.262624927666665453e-01	1.489508374776552513e-01	2.650013158159238436e-01	1.614247880409620806e-01	8.191055272974061274e-02	2.749819050094220313e-02	8.895182266772247437e-02
1.366670085357617609e+03	2.259862500644165551e-01	1.487760610361937297e-01	2.651588947186896972e-01	1.615424807780707905e-01	8.198555895367523605e-02	2.749819050094220313e-02	8.905256394762479932e-02
1.369088970464445310e+03	2.257108030371203222e-01	1.486017833901207563e-01	2.653160111373455421e-01	1.616598435791451183e-01	8.206035096110894655e-02	2.749819050094220313e-02	8.915301739383010848e-02
1.371507855571272785e+03	2.254361493853080101e-01	1.484280031156517687e-01	2.654726666646359812e-01	1.617768771415569740e-01	8.213492936085335649e-02	2.749819050094220313e-02	8.925318383066474515e-02
1.373926740678100487e+03	2.251622868163839220e-01	1.482547187930618737e-01	2.656288628811789287e-01	1.618935821679574893e-01	8.220929476009798675e-02	2.749819050094220313e-02	8.935306407999059342e-02
1.376345625784927961e+03	2.248892130445994397e-01	1.480819290066744398e-01	2.657846013557185749e-01	1.620099593660515591e-01	8.228344776441000319e-02	2.749819050094220313e-02	8.945265896121676330e-02
1.378764510891755890e+03	2.246169257910260730e-01	1.479096323448497174e-01	2.659398836453706894e-01	1.621260094483790715e-01	8.235738897773409173e-02	2.749819050094220313e-02	8.955196929131116479e-02
1.381183395998583137e+03	2.243454227835290082e-01	1.477378273999735425e-01	2.660947112958612082e-01	1.622417331321025502e-01	8.243111900239262491e-02	2.749819050094220313e-02	8.965099588481179049e-02
1.383602281105411066e+03	2.240747017567409072e-01	1.475665127684460398e-01	2.662490858417587147e-01	1.623571311388013749e-01	8.250463843908598105e-02	2.749819050094220313e-02	8.974973955383781787e-02
1.386021166212238768e+03	2.238047604520355949e-01	1.473956870506702710e-01	2.664030088066997037e-01	1.624722041942718576e-01	8.257794788689296062e-02	2.749819050094220313e-02	8.984820110810043392e-02
1.388440051319066470e+03	2.235355966175026354e-01	1.472253488510410213e-01	2.665564817036085166e-01	1.625869530283335918e-01	8.265104794327152171e-02	2.749819050094220313e-02	8.994638135491354880e-02
1.390858936425893944e+03	2.232672080079217136e-01	1.470554967779335032e-01	2.667095060349104485e-01	1.627013783746412423e-01	8.272393920405958501e-02	2.749819050094220313e-02	9.004428109920424583e-02
1.393277821532721646e+03	2.229995923847373773e-01	1.468861294436923370e-01	2.668620832927394715e-01	1.628154809705024408e-01	8.279662226347603293e-02	2.749819050094220313e-02	9.014190114352313432e-02
1.395696706639549120e+03	2.227327475160340020e-01	1.467172454646200330e-01	2.670142149591397951e-01	1.629292615567006774e-01	8.286909771412184766e-02	2.749819050094220313e-02	9.023924228805441095e-02
1.398115591746377049e+03	2.224666711765111715e-01	1.465488434609661106e-01	2.671659025062623760e-01	1.630427208773238545e-01	8.294136614698138787e-02	2.749819050094220313e-02	9.033630533062582402e-02
1.400534476853204296e+03	2.222013611474590311e-01	1.463809220569159131e-01	2.673171473965557099e-01	1.631558596795976979e-01	8.301342815142384590e-02	2.749819050094220313e-02	9.043309106671848507e-02
1.402953361960032225e+03	2.219368152167341401e-01	1.462134798805793667e-01	2.674679510829514051e-01	1.632686787137245243e-01	8.308528431520474655e-02	2.749819050094220313e-02	9.052960028947645843e-02
1.405372247066859927e+03	2.216730311787352137e-01	1.460465155639800450e-01	2.676183150090448715e-01	1.633811787327265341e-01	8.315693522446769570e-02	2.749819050094220313e-02	9.062583378971628134e-02
1.407791132173687402e+03	2.214100068343793914e-01	1.458800277430440384e-01	2.677682406092707357e-01	1.634933604922940154e-01	8.322838146374612889e-02	2.749819050094220313e-02	9.072179235593624824e-02
1.410210017280515103e+03	2.211477399910786179e-01	1.457140150575889359e-01	2.679177293090739265e-01	1.636052247506381840e-01	8.329962361596526810e-02	2.749819050094220313e-02	9.081747677432563948e-02
1.412628902387342805e+03	2.208862284627161610e-01	1.455484761513128333e-01	2.680667825250753755e-01	1.637167722683482984e-01	8.337066226244407852e-02	2.749819050094220313e-02	9.091288782877374186e-02
1.415047787494170507e+03	2.206254700696234083e-01	1.453834096717833702e-01	2.682154016652342210e-01	1.638280038082531032e-01	8.344149798289750286e-02	2.749819050094220313e-02	9.100802630087879985e-02
1.417466672600997981e+03	2.203654626385568305e-01	1.452188142704267659e-01	2.683635881290047376e-01	1.639389201352867420e-01	8.351213135543854305e-02	2.749819050094220313e-02	9.110289296995678632e-02
1.419885557707825683e+03	2.201062040026751376e-01	1.450546886025168569e-01	2.685113433074891587e-01	1.640495220163583623e-01	8.358256295658073043e-02	2.749819050094220313e-02	9.119748861305011778e-02
1.422304442814653157e+03	2.198476920015167979e-01	1.448910313271642991e-01	2.686586685835866684e-01	1.641598102202259934e-01	8.365279336124041565e-02	2.749819050094220313e-02	9.129181400493616150e-02
1.424723327921481086e+03	2.195899244809772499e-01	1.447278411073056326e-01	2.688055653321382299e-01	1.642697855173741728e-01	8.372282314273930826e-02	2.749819050094220313e-02	9.138586991813577032e-02
1.427142213028308333e+03	2.193328992932869481e-01	1.445651166096924289e-01	2.689520349200672511e-01	1.643794486798950960e-01	8.379265287280705798e-02	2.749819050094220313e-02	9.147965712292152607e-02
1.429561098135136262e+03	2.190766142969891583e-01	1.444028565048805224e-01	2.690980787065169189e-01	1.644888004813737648e-01	8.386228312158387765e-02	2.749819050094220313e-02	9.157317638732599685e-02
1.431979983241963964e+03	2.188210673569180864e-01	1.442410594672192126e-01	2.692436980429833149e-01	1.645978416967763536e-01	8.393171445762329097e-02	2.749819050094220313e-02	9.166642847714992492e-02
1.434398868348791666e+03	2.185662563441770068e-01	1.440797241748405233e-01	2.693888942734453118e-01	1.647065731023421298e-01	8.400094744789492196e-02	2.749819050094220313e-02	9.175941415597023421e-02
1.436817753455619140e+03	2.183121791361168074e-01	1.439188493096483779e-01	2.695336687344910276e-01	1.648149954754786206e-01	8.406998265778731216e-02	2.749819050094220313e-02	9.185213418514796835e-02
1.439236638562446842e+03	2.180588336163145347e-01	1.437584335573081074e-01	2.696780227554403386e-01	1.649231095946600556e-01	8.413882065111090436e-02	2.749819050094220313e-02	9.194458932383613170e-02
1.441655523669274316e+03	2.178062176745521605e-01	1.435984756072354873e-01	2.698219576584650059e-01	1.650309162393289730e-01	8.420746199010097077e-02	2.749819050094220313e-02	9.203678032898748862e-02
1.444074408776102018e+03	2.175543292067954326e-01	1.434389741525863571e-01	2.699654747587046377e-01	1.651384161898006853e-01	8.427590723542066620e-02	2.749819050094220313e-02	9.212870795536221014e-02
1.446493293882929493e+03	2.173031661151730298e-01	1.432799278902458784e-01	2.701085753643804876e-01	1.652456102271709637e-01	8.434415694616412273e-02	2.749819050094220313e-02	9.222037295553552061e-02
1.448912178989757422e+03	2.170527263079556346e-01	1.431213355208179050e-01	2.702512607769053665e-01	1.653524991332263050e-01	8.441221167985957230e-02	2.749819050094220313e-02	9.231177607990517786e-02
1.451331064096585123e+03	2.168030076995354216e-01	1.429631957486145188e-01	2.703935322909913341e-01	1.654590836903571116e-01	8.448007199247256627e-02	2.749819050094220313e-02	9.240291807669895330e-02
1.453749949203412370e+03	2.165540082104055186e-01	1.428055072816454552e-01	2.705353911947540602e-01	1.655653646814737034e-01	8.454773843840916736e-02	2.749819050094220313e-02	9.249379969198195939e-02
1.456168834310240300e+03	2.163057257671396061e-01	1.426482688316075553e-01	2.706768387698147982e-01	1.656713428899246887e-01	8.461521157051926645e-02	2.749819050094220313e-02	9.258442166966400488e-02
1.458587719417068001e+03	2.160581583023717112e-01	1.424914791138743586e-01	2.708178762913992510e-01	1.657770190994179715e-01	8.468249194009984382e-02	2.749819050094220313e-02	9.267478475150676964e-02
1.461006604523895703e+03	2.158113037547762236e-01	1.423351368474855827e-01	2.709585050284342711e-01	1.658823940939443686e-01	8.474958009689841087e-02	2.749819050094220313e-02	9.276488967713104883e-02
1.463425489630723177e+03	2.155651600690478009e-01	1.421792407551367710e-01	2.710987262436417855e-01	1.659874686577034741e-01	8.481647658911629917e-02	2.749819050094220313e-02	9.285473718402374732e-02
1.465844374737550879e+03	2.153197251958816616e-01	1.420237895631688563e-01	2.712385411936302781e-01	1.660922435750318837e-01	8.488318196341215760e-02	2.749819050094220313e-02	9.294432800754504065e-02
1.468263259844378354e+03	2.150749970919538512e-01	1.418687820015577250e-01	2.713779511289839408e-01	1.661967196303336669e-01	8.494969676490539412e-02	2.749819050094220313e-02	9.303366288093528613e-02
1.470682144951206283e+03	2.148309737199016745e-01	1.417142168039040306e-01	2.715169572943494924e-01	1.663008976080131152e-01	8.501602153717964516e-02	2.749819050094220313e-02	9.312274253532194790e-02
1.473101030058033530e+03	2.145876530483043498e-01	1.415600927074227855e-01	2.716555609285205009e-01	1.664047782924094609e-01	8.508215682228628673e-02	2.749819050094220313e-02	9.321156769972645251e-02
1.475519915164861459e+03	2.143450330516635804e-01	1.414064084529331189e-01	2.717937632645202051e-01	1.665083624677339003e-01	8.514810316074801488e-02	2.749819050094220313e-02	9.330013910107101682e-02
1.477938800271689161e+03	2.141031117103843473e-01	1.412531627848479243e-01	2.719315655296813405e-01	1.666116509180083916e-01	8.521386109156237065e-02	2.749819050094220313e-02	9.338845746418543425e-02
1.480357685378516862e+03	2.138618870107560077e-01	1.411003544511637564e-01	2.720689689457243543e-01	1.667146444270065364e-01	8.527943115220538994e-02	2.749819050094220313e-02	9.347652351181369446e-02
1.482776570485344337e+03	2.136213569449331162e-01	1.409479822034505891e-01	2.722059747288338438e-01	1.668173437781963198e-01	8.534481387863515622e-02	2.749819050094220313e-02	9.356433796462072794e-02
