1.001418434226643626e+03	2.781798039548984414e-01	1.817727597493738467e-01	2.344636878451459572e-01	1.401671720954701661e-01	6.788680436590285860e-02	2.749692306260856714e-02	7.003284892621268465e-02
1.002869765290740247e+03	2.779230584525816949e-01	1.816126874203398966e-01	2.346250382600747475e-01	1.402598495427554159e-01	6.795581464613341394e-02	2.749692306260856714e-02	7.012662861511881340e-02
1.004321096354836754e+03	2.776667666365622011e-01	1.814528879310663423e-01	2.347858368703854004e-01	1.403526302901516587e-01	6.802471867352823109e-02	2.749692306260856714e-02	7.022023653531010712e-02
1.005772427418933376e+03	2.774109275556926324e-01	1.812933608279957420e-01	2.349460896127939791e-01	1.404455093432505630e-01	6.809351632565369128e-02	2.749692306260856714e-02	7.031367327161733294e-02
1.007223758483029997e+03	2.771555402634969800e-01	1.811341056580225151e-01	2.351058023227399207e-01	1.405384818042605677e-01	6.816220748809807828e-02	2.749692306260856714e-02	7.040693940038597609e-02
1.008675089547126618e+03	2.769006038181074381e-01	1.809751219685001855e-01	2.352649807362235390e-01	1.406315428702325510e-01	6.823079205425715277e-02	2.749692306260856714e-02	7.050003548968319933e-02
1.010126420611223239e+03	2.766461172822022307e-01	1.808164093072488765e-01	2.354236304916103029e-01	1.407246878313181404e-01	6.829926992512513895e-02	2.749692306260856714e-02	7.059296209949937617e-02
1.011577751675319632e+03	2.763920797229445503e-01	1.806579672225624433e-01	2.355817571314019476e-01	1.408179120690595254e-01	6.836764100909112352e-02	2.749692306260856714e-02	7.068571978194448935e-02
1.013029082739416367e+03	2.761384902119224938e-01	1.804997952632151903e-01	2.357393661039753896e-01	1.409112110547107166e-01	6.843590522174072821e-02	2.749692306260856714e-02	7.077830908143956101e-02
1.014480413803512761e+03	2.758853478250901659e-01	1.803418929784685598e-01	2.358964627652898327e-01	1.410045803475895310e-01	6.850406248566287548e-02	2.749692306260856714e-02	7.087073053490311469e-02
1.015931744867609382e+03	2.756326516427097806e-01	1.801842599180777382e-01	2.360530523805625946e-01	1.410980155934595526e-01	6.857211273026157794e-02	2.749692306260856714e-02	7.096298467193290493e-02
1.017383075931706003e+03	2.753804007492944850e-01	1.800268956322977343e-01	2.362091401259147627e-01	1.411915125229417367e-01	6.864005589157243237e-02	2.749692306260856714e-02	7.105507201498297010e-02
1.018834406995802851e+03	2.751285942335529588e-01	1.798697996718895964e-01	2.363647310899861798e-01	1.412850669499551570e-01	6.870789191208402646e-02	2.749692306260856714e-02	7.114699307953618879e-02
1.020285738059899245e+03	2.748772311883342367e-01	1.797129715881261580e-01	2.365198302755214810e-01	1.413786747701859525e-01	6.877562074056389751e-02	2.749692306260856714e-02	7.123874837427235374e-02
1.021737069123995752e+03	2.746263107105736401e-01	1.795564109327978386e-01	2.366744426009269597e-01	1.414723319595847240e-01	6.884324233188890418e-02	2.749692306260856714e-02	7.133033840123202685e-02
1.023188400188092373e+03	2.743758319012400415e-01	1.794001172582181669e-01	2.368285729017989838e-01	1.415660345728908254e-01	6.891075664688001146e-02	2.749692306260856714e-02	7.142176365597613374e-02
1.024639731252188767e+03	2.741257938652835180e-01	1.792440901172289713e-01	2.369822259324245450e-01	1.416597787421841337e-01	6.897816365214139156e-02	2.749692306260856714e-02	7.151302462774153379e-02
1.026091062316285615e+03	2.738761957115846135e-01	1.790883290632057923e-01	2.371354063672545531e-01	1.417535606754630195e-01	6.904546331990361885e-02	2.749692306260856714e-02	7.160412179959257939e-02
1.027542393380382237e+03	2.736270365529035464e-01	1.789328336500626837e-01	2.372881188023499566e-01	1.418473766552484083e-01	6.911265562787088923e-02	2.749692306260856714e-02	7.169505564856874791e-02
1.028993724444478858e+03	2.733783155058313041e-01	1.787776034322571539e-01	2.374403677568018012e-01	1.419412230372132377e-01	6.917974055907222253e-02	2.749692306260856714e-02	7.178582664582863759e-02
1.030445055508575479e+03	2.731300316907406822e-01	1.786226379647948836e-01	2.375921576741250874e-01	1.420350962488371171e-01	6.924671810171650899e-02	2.749692306260856714e-02	7.187643525679013323e-02
1.031896386572671872e+03	2.728821842317391555e-01	1.784679368032341951e-01	2.377434929236272310e-01	1.421289927880855786e-01	6.931358824905126115e-02	2.749692306260856714e-02	7.196688194126706073e-02
1.033347717636768493e+03	2.726347722566214715e-01	1.783134995036904924e-01	2.378943778017518496e-01	1.422229092221132807e-01	6.938035099922504334e-02	2.749692306260856714e-02	7.205716715360237223e-02
1.034799048700865114e+03	2.723877948968241869e-01	1.781593256228404532e-01	2.380448165333975130e-01	1.423168421859911381e-01	6.944700635515339837e-02	2.749692306260856714e-02	7.214729134279786182e-02
1.036250379764961508e+03	2.721412512873799816e-01	1.780054147179262747e-01	2.381948132732128742e-01	1.424107883814565989e-01	6.951355432438828530e-02	2.749692306260856714e-02	7.223725495264059215e-02
1.037701710829058356e+03	2.718951405668734167e-01	1.778517663467594212e-01	2.383443721068679300e-01	1.425047445756868481e-01	6.957999491899088951e-02	2.749692306260856714e-02	7.232705842182612921e-02
1.039153041893154750e+03	2.716494618773973579e-01	1.776983800677246761e-01	2.384934970523020781e-01	1.425987076000942988e-01	6.964632815540765243e-02	2.749692306260856714e-02	7.241670218407855741e-02
1.040604372957251599e+03	2.714042143645100658e-01	1.775452554397837224e-01	2.386421920609496095e-01	1.426926743491441774e-01	6.971255405434959029e-02	2.749692306260856714e-02	7.250618666826748326e-02
1.042055704021347992e+03	2.711593971771929512e-01	1.773923920224786954e-01	2.387904610189423849e-01	1.427866417791938958e-01	6.977867264067465214e-02	2.749692306260856714e-02	7.259551229852206911e-02
1.043507035085444613e+03	2.709150094678092757e-01	1.772397893759357634e-01	2.389383077482911677e-01	1.428806069073533247e-01	6.984468394327314478e-02	2.749692306260856714e-02	7.268467949434204156e-02
1.044958366149541234e+03	2.706710503920632949e-01	1.770874470608683748e-01	2.390857360080449190e-01	1.429745668103660772e-01	6.991058799495612763e-02	2.749692306260856714e-02	7.277368867070599379e-02
1.046409697213637855e+03	2.704275191089604014e-01	1.769353646385804502e-01	2.392327494954290257e-01	1.430685186235112760e-01	6.997638483234672191e-02	2.749692306260856714e-02	7.286254023817691217e-02
1.047861028277734476e+03	2.701844147807678786e-01	1.767835416709695739e-01	2.393793518469630177e-01	1.431624595395253885e-01	7.004207449577405653e-02	2.749692306260856714e-02	7.295123460300485807e-02
1.049312359341831097e+03	2.699417365729761542e-01	1.766319777205299091e-01	2.395255466395576072e-01	1.432563868075436286e-01	7.010765702917023945e-02	2.749692306260856714e-02	7.303977216722723487e-02
1.050763690405927491e+03	2.696994836542609408e-01	1.764806723503551944e-01	2.396713373915917156e-01	1.433502977320608718e-01	7.017313247996968817e-02	2.749692306260856714e-02	7.312815332876639041e-02
1.052215021470024112e+03	2.694576551964459887e-01	1.763296251241412704e-01	2.398167275639700446e-01	1.434441896719115539e-01	7.023850089901131910e-02	2.749692306260856714e-02	7.321637848152469374e-02
1.053666352534120733e+03	2.692162503744661706e-01	1.761788356061890770e-01	2.399617205611611903e-01	1.435380600392680839e-01	7.030376234044308226e-02	2.749692306260856714e-02	7.330444801547730815e-02
1.055117683598217127e+03	2.689752683663318988e-01	1.760283033614070403e-01	2.401063197322168552e-01	1.436319062986577411e-01	7.036891686162903559e-02	2.749692306260856714e-02	7.339236231676241062e-02
1.056569014662313975e+03	2.687347083530934322e-01	1.758780279553135706e-01	2.402505283717724371e-01	1.437257259659974196e-01	7.043396452305882016e-02	2.749692306260856714e-02	7.348012176776932969e-02
1.058020345726410369e+03	2.684945695188061254e-01	1.757280089540394497e-01	2.403943497210294100e-01	1.438195166076461640e-01	7.049890538825952235e-02	2.749692306260856714e-02	7.356772674722432404e-02
1.059471676790506763e+03	2.682548510504964012e-01	1.755782459243302174e-01	2.405377869687198022e-01	1.439132758394748024e-01	7.056373952370970093e-02	2.749692306260856714e-02	7.365517763027411291e-02
1.060923007854603611e+03	2.680155521381279993e-01	1.754287384335482536e-01	2.406808432520529395e-01	1.440070013259528159e-01	7.062846699875569012e-02	2.749692306260856714e-02	7.374247478856736648e-02
1.062374338918700232e+03	2.677766719745690027e-01	1.752794860496749429e-01	2.408235216576450344e-01	1.441006907792517777e-01	7.069308788553015088e-02	2.749692306260856714e-02	7.382961859033419783e-02
1.063825669982796853e+03	2.675382097555595307e-01	1.751304883413127012e-01	2.409658252224317898e-01	1.441943419583652242e-01	7.075760225887256505e-02	2.749692306260856714e-02	7.391660940046336503e-02
1.065277001046893474e+03	2.673001646796794861e-01	1.749817448776869455e-01	2.411077569345643490e-01	1.442879526682446512e-01	7.082201019625193605e-02	2.749692306260856714e-02	7.400344758057780803e-02
1.066728332110990095e+03	2.670625359483176919e-01	1.748332552286478991e-01	2.412493197342889251e-01	1.443815207589512206e-01	7.088631177769141867e-02	2.749692306260856714e-02	7.409013348910808983e-02
1.068179663175086489e+03	2.668253227656406379e-01	1.746850189646724505e-01	2.413905165148102494e-01	1.444750441248230377e-01	7.095050708569490550e-02	2.749692306260856714e-02	7.417666748136395038e-02
1.069630994239183110e+03	2.665885243385625603e-01	1.745370356568658743e-01	2.415313501231395044e-01	1.445685207036576103e-01	7.101459620517551474e-02	2.749692306260856714e-02	7.426304990960420904e-02
1.071082325303279504e+03	2.663521398767154102e-01	1.743893048769633580e-01	2.416718233609264632e-01	1.446619484759094909e-01	7.107857922338592371e-02	2.749692306260856714e-02	7.434928112310465464e-02
1.072533656367376352e+03	2.661161685924197107e-01	1.742418261973316951e-01	2.418119389852768364e-01	1.447553254639021014e-01	7.114245622985052031e-02	2.749692306260856714e-02	7.443536146822440913e-02
1.073984987431472746e+03	2.658806097006559122e-01	1.740945991909707002e-01	2.419516997095543243e-01	1.448486497310545185e-01	7.120622731629934477e-02	2.749692306260856714e-02	7.452129128847051476e-02
1.075436318495569594e+03	2.656454624190358604e-01	1.739476234315146530e-01	2.420911082041683760e-01	1.449419193811219697e-01	7.126989257660362731e-02	2.749692306260856714e-02	7.460707092456084211e-02
1.076887649559666215e+03	2.654107259677752073e-01	1.738008984932337408e-01	2.422301670973473209e-01	1.450351325574504857e-01	7.133345210671311609e-02	2.749692306260856714e-02	7.469270071448548542e-02
1.078338980623762609e+03	2.651763995696659881e-01	1.736544239510351417e-01	2.423688789758975115e-01	1.451282874422451241e-01	7.139690600459501491e-02	2.749692306260856714e-02	7.477818099356658976e-02
1.079790311687859230e+03	2.649424824500499209e-01	1.735081993804645228e-01	2.425072463859486160e-01	1.452213822558514056e-01	7.146025437017441972e-02	2.749692306260856714e-02	7.486351209451651278e-02
1.081241642751955851e+03	2.647089738367918166e-01	1.733622243577069844e-01	2.426452718336853387e-01	1.453144152560501556e-01	7.152349730527635119e-02	2.749692306260856714e-02	7.494869434749473758e-02
1.082692973816052472e+03	2.644758729602538216e-01	1.732164984595883361e-01	2.427829577860656785e-01	1.454073847373650863e-01	7.158663491356935527e-02	2.749692306260856714e-02	7.503372808016317563e-02
1.084144304880149093e+03	2.642431790532697722e-01	1.730710212635759859e-01	2.429203066715261705e-01	1.455002890303830343e-01	7.164966730051042232e-02	2.749692306260856714e-02	7.511861361774009593e-02
1.085595635944245487e+03	2.640108913511199917e-01	1.729257923477801051e-01	2.430573208806743879e-01	1.455931265010867726e-01	7.171259457329147435e-02	2.749692306260856714e-02	7.520335128305277728e-02
1.087046967008342108e+03	2.637790090915070884e-01	1.727808112909544336e-01	2.431940027669684812e-01	1.456858955501997566e-01	7.177541684078715678e-02	2.749692306260856714e-02	7.528794139658866180e-02
1.088498298072438729e+03	2.635475315145312525e-01	1.726360776724972235e-01	2.433303546473846446e-01	1.457785946125431387e-01	7.183813421350400408e-02	2.749692306260856714e-02	7.537238427654537054e-02
1.089949629136535123e+03	2.633164578626664420e-01	1.724915910724520440e-01	2.434663788030723142e-01	1.458712221564044120e-01	7.190074680353095160e-02	2.749692306260856714e-02	7.545668023887938669e-02
1.091400960200631971e+03	2.630857873807375680e-01	1.723473510715085866e-01	2.436020774799973199e-01	1.459637766829176286e-01	7.196325472449108251e-02	2.749692306260856714e-02	7.554082959735340663e-02
1.092852291264728365e+03	2.628555193158964576e-01	1.722033572510034138e-01	2.437374528895734360e-01	1.460562567254548860e-01	7.202565809149467924e-02	2.749692306260856714e-02	7.562483266358271949e-02
1.094303622328825213e+03	2.626256529176000942e-01	1.720596091929205707e-01	2.438725072092823021e-01	1.461486608490289718e-01	7.208795702109346837e-02	2.749692306260856714e-02	7.570868974708021282e-02
1.095754953392921607e+03	2.623961874375878023e-01	1.719161064798923055e-01	2.440072425832821024e-01	1.462409876497071382e-01	7.215015163123605912e-02	2.749692306260856714e-02	7.579240115530026800e-02
1.097206284457018228e+03	2.621671221298595422e-01	1.717728486951995426e-01	2.441416611230051992e-01	1.463332357540352291e-01	7.221224204122450585e-02	2.749692306260856714e-02	7.587596719368164266e-02
1.098657615521114849e+03	2.619384562506544278e-01	1.716298354227725753e-01	2.442757649077447468e-01	1.464254038184726048e-01	7.227422837167206404e-02	2.749692306260856714e-02	7.595938816568921503e-02
1.100108946585211470e+03	2.617101890584294654e-01	1.714870662471915108e-01	2.444095559852307031e-01	1.465174905288374185e-01	7.233611074446201494e-02	2.749692306260856714e-02	7.604266437285460423e-02
1.101560277649308091e+03	2.614823198138385707e-01	1.713445407536866305e-01	2.445430363721952105e-01	1.466094945997618026e-01	7.239788928270757262e-02	2.749692306260856714e-02	7.612579611481588848e-02
1.103011608713404712e+03	2.612548477797125290e-01	1.712022585281389453e-01	2.446762080549279295e-01	1.467014147741572960e-01	7.245956411071276249e-02	2.749692306260856714e-02	7.620878368935621316e-02
1.104462939777501106e+03	2.610277722210384566e-01	1.710602191570805009e-01	2.448090729898209361e-01	1.467932498226899307e-01	7.252113535393445165e-02	2.749692306260856714e-02	7.629162739244148284e-02
1.105914270841597499e+03	2.608010924049400936e-01	1.709184222276947385e-01	2.449416331039038497e-01	1.468849985432648386e-01	7.258260313894518423e-02	2.749692306260856714e-02	7.637432751825709576e-02
1.107365601905694348e+03	2.605748076006583758e-01	1.707768673278167726e-01	2.450738902953692455e-01	1.469766597605204617e-01	7.264396759339723786e-02	2.749692306260856714e-02	7.645688435924372084e-02
1.108816932969790741e+03	2.603489170795322827e-01	1.706355540459336961e-01	2.452058464340883814e-01	1.470682323253319213e-01	7.270522884598737412e-02	2.749692306260856714e-02	7.653929820613222801e-02
1.110268264033887590e+03	2.601234201149799641e-01	1.704944819711847748e-01	2.453375033621175427e-01	1.471597151143233806e-01	7.276638702642260204e-02	2.749692306260856714e-02	7.662156934797766106e-02
1.111719595097984211e+03	2.598983159824802547e-01	1.703536506933616967e-01	2.454688628941951722e-01	1.472511070293895385e-01	7.282744226538687138e-02	2.749692306260856714e-02	7.670369807219241942e-02
1.113170926162080832e+03	2.596736039595543555e-01	1.702130598029086284e-01	2.455999268182299800e-01	1.473424069972257833e-01	7.288839469450858477e-02	2.749692306260856714e-02	7.678568466457857955e-02
1.114622257226177226e+03	2.594492833257480702e-01	1.700727088909224083e-01	2.457306968957801430e-01	1.474336139688668390e-01	7.294924444632902572e-02	2.749692306260856714e-02	7.686752940935942524e-02
1.116073588290273847e+03	2.592253533626139861e-01	1.699325975491526586e-01	2.458611748625236793e-01	1.475247269192340172e-01	7.300999165427142501e-02	2.749692306260856714e-02	7.694923258921010367e-02
1.117524919354370468e+03	2.590018133536942657e-01	1.697927253700018402e-01	2.459913624287204115e-01	1.476157448466905997e-01	7.307063645261113738e-02	2.749692306260856714e-02	7.703079448528761530e-02
1.118976250418467089e+03	2.587786625845034938e-01	1.696530919465251974e-01	2.461212612796652432e-01	1.477066667726055771e-01	7.313117897644627607e-02	2.749692306260856714e-02	7.711221537726005437e-02
1.120427581482563710e+03	2.585559003425120239e-01	1.695136968724309245e-01	2.462508730761335252e-01	1.477974917409250744e-01	7.319161936166937443e-02	2.749692306260856714e-02	7.719349554333493346e-02
1.121878912546660331e+03	2.583335259171293252e-01	1.693745397420799992e-01	2.463801994548180385e-01	1.478882188177519375e-01	7.325195774493960255e-02	2.749692306260856714e-02	7.727463526028705010e-02
1.123330243610756725e+03	2.581115385996877176e-01	1.692356201504861823e-01	2.465092420287580688e-01	1.479788470909326747e-01	7.331219426365583047e-02	2.749692306260856714e-02	7.735563480348549292e-02
1.124781574674853118e+03	2.578899376834266621e-01	1.690969376933159352e-01	2.466380023877607075e-01	1.480693756696523367e-01	7.337232905593035759e-02	2.749692306260856714e-02	7.743649444691996786e-02
1.126232905738949967e+03	2.576687224634767182e-01	1.689584919668882801e-01	2.467664820988145491e-01	1.481598036840364452e-01	7.343236226056330807e-02	2.749692306260856714e-02	7.751721446322658304e-02
1.127684236803046360e+03	2.574478922368442779e-01	1.688202825681747732e-01	2.468946827064956995e-01	1.482501302847605285e-01	7.349229401701770636e-02	2.749692306260856714e-02	7.759779512371287047e-02
1.129135567867143209e+03	2.572274463023963009e-01	1.686823090947992265e-01	2.470226057333664293e-01	1.483403546426665109e-01	7.355212446539521887e-02	2.749692306260856714e-02	7.767823669838221090e-02
1.130586898931239830e+03	2.570073839608453259e-01	1.685445711450375694e-01	2.471502526803665001e-01	1.484304759483862923e-01	7.361185374641256163e-02	2.749692306260856714e-02	7.775853945595770367e-02
1.132038229995336451e+03	2.567877045147346493e-01	1.684070683178176264e-01	2.472776250271976339e-01	1.485204934119723208e-01	7.367148200137840774e-02	2.749692306260856714e-02	7.783870366390534257e-02
1.133489561059432845e+03	2.565684072684240591e-01	1.682698002127189507e-01	2.474047242327006013e-01	1.486104062625346334e-01	7.373100937217107187e-02	2.749692306260856714e-02	7.791872958845669217e-02
1.134940892123529466e+03	2.563494915280754016e-01	1.681327664299724911e-01	2.475315517352257577e-01	1.487002137478848074e-01	7.379043600121663882e-02	2.749692306260856714e-02	7.799861749463098126e-02
1.136392223187626087e+03	2.561309566016385375e-01	1.679959665704604255e-01	2.476581089529966140e-01	1.487899151341862125e-01	7.384976203146773055e-02	2.749692306260856714e-02	7.807836764625661341e-02
1.137843554251722708e+03	2.559128017988376858e-01	1.678594002357156889e-01	2.477843972844668841e-01	1.488795097056109240e-01	7.390898760638284215e-02	2.749692306260856714e-02	7.815798030599216406e-02
1.139294885315819101e+03	2.556950264311575460e-01	1.677230670279218627e-01	2.479104181086710379e-01	1.489689967640026869e-01	7.396811286990617740e-02	2.749692306260856714e-02	7.823745573534691966e-02
1.140746216379915950e+03	2.554776298118303091e-01	1.675869665499126748e-01	2.480361727855684151e-01	1.490583756285461525e-01	7.402713796644802557e-02	2.749692306260856714e-02	7.831679419470070902e-02
1.142197547444012343e+03	2.552606112558221674e-01	1.674510984051717777e-01	2.481616626563810379e-01	1.491476456354421665e-01	7.408606304086569339e-02	2.749692306260856714e-02	7.839599594332348487e-02
1.143648878508108737e+03	2.550439700798204923e-01	1.673154621978323042e-01	2.482868890439254295e-01	1.492368061375890231e-01	7.414488823844488097e-02	2.749692306260856714e-02	7.847506123939428091e-02
1.145100209572205586e+03	2.548277056022211218e-01	1.671800575326764793e-01	2.484118532529382417e-01	1.493258565042693831e-01	7.420361370488162689e-02	2.749692306260856714e-02	7.855399034001966929e-02
1.146551540636302207e+03	2.546118171431155930e-01	1.670448840151351477e-01	2.485365565703960278e-01	1.494147961208432962e-01	7.426223958626461397e-02	2.749692306260856714e-02	7.863278350125187111e-02
1.148002871700398828e+03	2.543963040242790408e-01	1.669099412512875524e-01	2.486610002658291019e-01	1.495036243884464433e-01	7.432076602905808571e-02	2.749692306260856714e-02	7.871144097810633955e-02
1.149454202764495449e+03	2.541811655691580407e-01	1.667752288478606681e-01	2.487851855916297927e-01	1.495923407236940950e-01	7.437919318008509584e-02	2.749692306260856714e-02	7.878996302457894063e-02
1.150905533828591842e+03	2.539664011028583968e-01	1.666407464122288684e-01	2.489091137833549794e-01	1.496809445583905662e-01	7.443752118651122962e-02	2.749692306260856714e-02	7.886834989366264814e-02
1.152356864892688463e+03	2.537520099521335393e-01	1.665064935524133982e-01	2.490327860600232979e-01	1.497694353392437505e-01	7.449575019582876934e-02	2.749692306260856714e-02	7.894660183736394721e-02
1.153808195956785084e+03	2.535379914453729233e-01	1.663724698770819022e-01	2.491562036244066580e-01	1.498578125275852047e-01	7.455388035584131767e-02	2.749692306260856714e-02	7.902471910671869659e-02
1.155259527020881706e+03	2.533243449125904823e-01	1.662386749955478971e-01	2.492793676633168198e-01	1.499460755990950356e-01	7.461191181464878197e-02	2.749692306260856714e-02	7.910270195180768571e-02
1.156710858084978327e+03	2.531110696854135811e-01	1.661051085177702724e-01	2.494022793478862798e-01	1.500342240435320884e-01	7.466984472063270539e-02	2.749692306260856714e-02	7.918055062177180303e-02
1.158162189149074720e+03	2.528981650970716921e-01	1.659717700543528185e-01	2.495249398338444391e-01	1.501222573644689084e-01	7.472767922244208383e-02	2.749692306260856714e-02	7.925826536482676044e-02
1.159613520213171569e+03	2.526856304823856814e-01	1.658386592165435325e-01	2.496473502617886919e-01	1.502101750790316714e-01	7.478541546897954362e-02	2.749692306260856714e-02	7.933584642827755384e-02
1.161064851277267962e+03	2.524734651777570393e-01	1.657057756162342022e-01	2.497695117574504076e-01	1.502979767176446935e-01	7.484305360938783847e-02	2.749692306260856714e-02	7.941329405853252144e-02
1.162516182341364356e+03	2.522616685211572785e-01	1.655731188659597397e-01	2.498914254319560824e-01	1.503856618237799092e-01	7.490059379303670717e-02	2.749692306260856714e-02	7.949060850111699938e-02
1.163967513405461204e+03	2.520502398521174414e-01	1.654406885788976267e-01	2.500130923820840234e-01	1.504732299537107076e-01	7.495803616951011994e-02	2.749692306260856714e-02	7.956779000068678331e-02
1.165418844469557826e+03	2.518391785117181092e-01	1.653084843688673311e-01	2.501345136905159250e-01	1.505606806762703476e-01	7.501538088859387166e-02	2.749692306260856714e-02	7.964483880104109015e-02
1.166870175533654447e+03	2.516284838425790760e-01	1.651765058503296413e-01	2.502556904260843651e-01	1.506480135726148417e-01	7.507262810026346656e-02	2.749692306260856714e-02	7.972175514513533956e-02
1.168321506597751068e+03	2.514181551888494126e-01	1.650447526383861385e-01	2.503766236440152504e-01	1.507352282359900320e-01	7.512977795467230824e-02	2.749692306260856714e-02	7.979853927509357459e-02
1.169772837661847461e+03	2.512081918961978633e-01	1.649132243487784477e-01	2.504973143861663476e-01	1.508223242715032442e-01	7.518683060214029212e-02	2.749692306260856714e-02	7.987519143222057694e-02
1.171224168725944082e+03	2.509985933118028534e-01	1.647819205978876822e-01	2.506177636812611520e-01	1.509093012958988289e-01	7.524378619314260608e-02	2.749692306260856714e-02	7.995171185701362149e-02
1.172675499790040703e+03	2.507893587843434968e-01	1.646508410027337499e-01	2.507379725451187036e-01	1.509961589373378654e-01	7.530064487829890574e-02	2.749692306260856714e-02	8.002810078917409198e-02
1.174126830854137097e+03	2.505804876639896039e-01	1.645199851809747427e-01	2.508579419808789623e-01	1.510828968351820567e-01	7.535740680836273964e-02	2.749692306260856714e-02	8.010435846761870815e-02
1.175578161918233945e+03	2.503719793023931328e-01	1.643893527509061592e-01	2.509776729792244643e-01	1.511695146397814549e-01	7.541407213421122413e-02	2.749692306260856714e-02	8.018048513049043369e-02
1.177029492982330339e+03	2.501638330526785858e-01	1.642589433314602942e-01	2.510971665185975921e-01	1.512560120122660445e-01	7.547064100683507915e-02	2.749692306260856714e-02	8.025648101516930089e-02
1.178480824046426733e+03	2.499560482694343222e-01	1.641287565422056005e-01	2.512164235654140154e-01	1.513423886243413508e-01	7.552711357732888597e-02	2.749692306260856714e-02	8.033234635828280512e-02
1.179932155110523581e+03	2.497486243087036484e-01	1.639987920033458002e-01	2.513354450742724122e-01	1.514286441580875164e-01	7.558348999688159486e-02	2.749692306260856714e-02	8.040808139571606339e-02
1.181383486174620202e+03	2.495415605279762417e-01	1.638690493357193578e-01	2.514542319881600263e-01	1.515147783057622655e-01	7.563977041676732405e-02	2.749692306260856714e-02	8.048368636262183407e-02
1.182834817238716823e+03	2.493348562861794626e-01	1.637395281607987307e-01	2.515727852386548946e-01	1.516007907696073909e-01	7.569595498833638081e-02	2.749692306260856714e-02	8.055916149343021748e-02
1.184286148302813444e+03	2.491285109436700007e-01	1.636102281006895365e-01	2.516911057461241330e-01	1.516866812616588789e-01	7.575204386300650461e-02	2.749692306260856714e-02	8.063450702185807895e-02
1.185737479366910065e+03	2.489225238622255476e-01	1.634811487781298867e-01	2.518091944199185583e-01	1.517724495035603915e-01	7.580803719225441550e-02	2.749692306260856714e-02	8.070972318091836073e-02
1.187188810431006686e+03	2.487168944050365538e-01	1.633522898164897486e-01	2.519270521585640910e-01	1.518580952263802464e-01	7.586393512760751523e-02	2.749692306260856714e-02	8.078481020292910264e-02
1.188640141495103080e+03	2.485116219366982626e-01	1.632236508397699459e-01	2.520446798499493268e-01	1.519436181704316990e-01	7.591973782063582421e-02	2.749692306260856714e-02	8.085976831952221278e-02
1.190091472559199701e+03	2.483067058232027169e-01	1.630952314726016317e-01	2.521620783715099456e-01	1.520290180850966122e-01	7.597544542294426551e-02	2.749692306260856714e-02	8.093459776165209951e-02
1.191542803623296322e+03	2.481021454319309316e-01	1.629670313402454274e-01	2.522792485904097326e-01	1.521142947286522884e-01	7.603105808616489325e-02	2.749692306260856714e-02	8.100929875960405369e-02
1.192994134687392716e+03	2.478979401316450670e-01	1.628390500685906739e-01	2.523961913637179921e-01	1.521994478681014673e-01	7.608657596194964845e-02	2.749692306260856714e-02	8.108387154300245037e-02
1.194445465751489564e+03	2.476940892924809900e-01	1.627112872841546543e-01	2.525129075385842969e-01	1.522844772790055146e-01	7.614199920196303151e-02	2.749692306260856714e-02	8.115831634081875634e-02
1.195896796815585958e+03	2.474905922859406415e-01	1.625837426140817332e-01	2.526293979524097955e-01	1.523693827453206084e-01	7.619732795787520496e-02	2.749692306260856714e-02	8.123263338137931555e-02
1.197348127879682352e+03	2.472874484848846810e-01	1.624564156861426634e-01	2.527456634330149665e-01	1.524541640592369240e-01	7.625256238135506848e-02	2.749692306260856714e-02	8.130682289237299576e-02
1.198799458943779200e+03	2.470846572635251870e-01	1.623293061287337802e-01	2.528617047988052091e-01	1.525388210210208151e-01	7.630770262406373627e-02	2.749692306260856714e-02	8.138088510085862703e-02
1.200250790007875821e+03	2.468822179974184405e-01	1.622024135708761694e-01	2.529775228589326574e-01	1.526233534388598823e-01	7.636274883764800070e-02	2.749692306260856714e-02	8.145482023327225984e-02
1.201702121071972442e+03	2.466801300634579031e-01	1.620757376422148621e-01	2.530931184134554424e-01	1.527077611287108450e-01	7.641770117373414273e-02	2.749692306260856714e-02	8.152862851543422884e-02
1.203153452136069063e+03	2.464783928398671387e-01	1.619492779730180021e-01	2.532084922534941218e-01	1.527920439141502162e-01	7.647255978392178410e-02	2.749692306260856714e-02	8.160231017255617503e-02
1.204604783200165684e+03	2.462770057061929863e-01	1.618230341941760964e-01	2.533236451613847806e-01	1.528762016262278367e-01	7.652732481977796153e-02	2.749692306260856714e-02	8.167586542924773485e-02
1.206056114264262078e+03	2.460759680432987040e-01	1.616970059372011825e-01	2.534385779108301318e-01	1.529602341033228508e-01	7.658199643283142288e-02	2.749692306260856714e-02	8.174929450952314602e-02
1.207507445328358699e+03	2.458752792333573634e-01	1.615711928342258574e-01	2.535532912670470096e-01	1.530441411910025695e-01	7.663657477456693734e-02	2.749692306260856714e-02	8.182259763680774234e-02
1.208958776392455093e+03	2.456749386598450768e-01	1.614455945180026941e-01	2.536677859869117535e-01	1.531279227418838318e-01	7.669105999641989690e-02	2.749692306260856714e-02	8.189577503394422642e-02
1.210410107456551941e+03	2.454749457075346419e-01	1.613202106219031318e-01	2.537820628191030936e-01	1.532115786154968351e-01	7.674545224977100122e-02	2.749692306260856714e-02	8.196882692319883146e-02
1.211861438520648335e+03	2.452752997624890186e-01	1.611950407799168650e-01	2.538961225042417058e-01	1.532951086781515204e-01	7.679975168594112278e-02	2.749692306260856714e-02	8.204175352626731643e-02
1.213312769584745183e+03	2.450760002120550562e-01	1.610700846266509279e-01	2.540099657750278794e-01	1.533785128028065381e-01	7.685395845618625543e-02	2.749692306260856714e-02	8.211455506428089191e-02
1.214764100648841804e+03	2.448770464448571105e-01	1.609453417973287503e-01	2.541235933563766869e-01	1.534617908689404064e-01	7.690807271169269876e-02	2.749692306260856714e-02	8.218723175781189605e-02
1.216215431712937971e+03	2.446784378507909918e-01	1.608208119277894366e-01	2.542370059655501557e-01	1.535449427624251961e-01	7.696209460357232579e-02	2.749692306260856714e-02	8.225978382687941515e-02
1.217666762777034819e+03	2.444801738210178321e-01	1.606964946544867656e-01	2.543502043122877199e-01	1.536279683754024905e-01	7.701602428285793389e-02	2.749692306260856714e-02	8.233221149095479308e-02
1.219118093841131440e+03	2.442822537479580336e-01	1.605723896144885532e-01	2.544631890989337841e-01	1.537108676061614831e-01	7.706986190049881780e-02	2.749692306260856714e-02	8.240451496896693262e-02
1.220569424905228061e+03	2.440846770252854403e-01	1.604484964454755691e-01	2.545759610205630130e-01	1.537936403590196566e-01	7.712360760735642584e-02	2.749692306260856714e-02	8.247669447930755515e-02
1.222020755969324682e+03	2.438874430479213151e-01	1.603248147857407324e-01	2.546885207651039540e-01	1.538762865442052097e-01	7.717726155420011336e-02	2.749692306260856714e-02	8.254875023983630766e-02
1.223472087033421303e+03	2.436905512120288164e-01	1.602013442741883065e-01	2.548008690134597187e-01	1.539588060777420386e-01	7.723082389170306261e-02	2.749692306260856714e-02	8.262068246788570325e-02
1.224923418097517697e+03	2.434940009150070861e-01	1.600780845503329552e-01	2.549130064396266659e-01	1.540411988813365773e-01	7.728429477043831375e-02	2.749692306260856714e-02	8.269249138026606161e-02
1.226374749161614318e+03	2.432977915554857262e-01	1.599550352542989384e-01	2.550249337108109748e-01	1.541234648822668585e-01	7.733767434087485126e-02	2.749692306260856714e-02	8.276417719327028300e-02
1.227826080225710712e+03	2.431019225333192757e-01	1.598321960268191677e-01	2.551366514875434421e-01	1.542056040132735450e-01	7.739096275337384312e-02	2.749692306260856714e-02	8.283574012267841402e-02
1.229277411289807560e+03	2.429063932495815759e-01	1.597095665092343186e-01	2.552481604237914481e-01	1.542876162124529882e-01	7.744416015818504639e-02	2.749692306260856714e-02	8.290718038376231058e-02
1.230728742353903954e+03	2.427112031065606079e-01	1.595871463434920257e-01	2.553594611670695347e-01	1.543695014231522555e-01	7.749726670544322682e-02	2.749692306260856714e-02	8.297849819129005100e-02
1.232180073418000802e+03	2.425163515077529419e-01	1.594649351721459107e-01	2.554705543585479299e-01	1.544512595938659916e-01	7.755028254516468933e-02	2.749692306260856714e-02	8.304969375953025201e-02
1.233631404482097196e+03	2.423218378578585464e-01	1.593429326383547506e-01	2.555814406331587407e-01	1.545328906781354150e-01	7.760320782724393351e-02	2.749692306260856714e-02	8.312076730225637089e-02
1.235082735546193817e+03	2.421276615627756257e-01	1.592211383858815332e-01	2.556921206197004248e-01	1.546143946344488984e-01	7.765604270145044785e-02	2.749692306260856714e-02	8.319171903275085489e-02
1.236534066610290438e+03	2.419338220295954023e-01	1.590995520590926249e-01	2.558025949409404864e-01	1.546957714261445183e-01	7.770878731742553169e-02	2.749692306260856714e-02	8.326254916380919358e-02
1.237985397674387059e+03	2.417403186665971759e-01	1.589781733029568822e-01	2.559128642137161180e-01	1.547770210213144648e-01	7.776144182467918664e-02	2.749692306260856714e-02	8.333325790774391562e-02
1.239436728738483680e+03	2.415471508832432446e-01	1.588570017630446252e-01	2.560229290490331766e-01	1.548581433927110063e-01	7.781400637258724384e-02	2.749692306260856714e-02	8.340384547638846069e-02
1.240888059802580301e+03	2.413543180901738527e-01	1.587360370855269431e-01	2.561327900521632173e-01	1.549391385176543401e-01	7.786648111038836639e-02	2.749692306260856714e-02	8.347431208110102363e-02
1.242339390866676695e+03	2.411618196992024732e-01	1.586152789171746125e-01	2.562424478227389169e-01	1.550200063779421933e-01	7.791886618718132929e-02	2.749692306260856714e-02	8.354465793276823204e-02
1.243790721930773088e+03	2.409696551233109219e-01	1.584947269053572916e-01	2.563519029548476658e-01	1.551007469597608102e-01	7.797116175192225773e-02	2.749692306260856714e-02	8.361488324180879617e-02
1.245242052994869937e+03	2.407778237766445839e-01	1.583743806980425495e-01	2.564611560371236054e-01	1.551813602535979109e-01	7.802336795342199038e-02	2.749692306260856714e-02	8.368498821817711708e-02
1.246693384058966330e+03	2.405863250745076953e-01	1.582542399437951164e-01	2.565702076528376674e-01	1.552618462541570654e-01	7.807548494034356745e-02	2.749692306260856714e-02	8.375497307136668679e-02
1.248144715123063179e+03	2.403951584333587632e-01	1.581343042917757180e-01	2.566790583799863912e-01	1.553422049602736499e-01	7.812751286119969107e-02	2.749692306260856714e-02	8.382483801041357152e-02
1.249596046187159800e+03	2.402043232708059028e-01	1.580145733917404094e-01	2.567877087913790213e-01	1.554224363748324400e-01	7.817945186435032445e-02	2.749692306260856714e-02	8.389458324389972854e-02
1.251047377251256421e+03	2.400138190056023413e-01	1.578950468940394924e-01	2.568961594547228278e-01	1.555025405046865650e-01	7.823130209800038815e-02	2.749692306260856714e-02	8.396420897995623966e-02
1.252498708315352815e+03	2.398236450576419210e-01	1.577757244496167666e-01	2.570044109327069837e-01	1.555825173605781542e-01	7.828306371019748411e-02	2.749692306260856714e-02	8.403371542626655866e-02
1.253950039379449436e+03	2.396338008479547144e-01	1.576566057100084461e-01	2.571124637830851656e-01	1.556623669570602886e-01	7.833473684882966137e-02	2.749692306260856714e-02	8.410310279006961987e-02
1.255401370443546057e+03	2.394442857987025552e-01	1.575376903273424112e-01	2.572203185587563223e-01	1.557420893124204231e-01	7.838632166162334824e-02	2.749692306260856714e-02	8.417237127816286357e-02
1.256852701507642678e+03	2.392550993331747644e-01	1.574189779543372081e-01	2.573279758078441115e-01	1.558216844486053909e-01	7.843781829614124290e-02	2.749692306260856714e-02	8.424152109690527523e-02
1.258304032571739299e+03	2.390662408757838753e-01	1.573004682443010505e-01	2.574354360737750036e-01	1.559011523911474351e-01	7.848922689978032885e-02	2.749692306260856714e-02	8.431055245222031369e-02
1.259755363635835920e+03	2.388777098520614706e-01	1.571821608511310975e-01	2.575426998953548319e-01	1.559804931690918772e-01	7.854054761976994592e-02	2.749692306260856714e-02	8.437946554959879775e-02
1.261206694699932314e+03	2.386895056886539357e-01	1.570640554293123436e-01	2.576497678068440100e-01	1.560597068149261468e-01	7.859178060316990289e-02	2.749692306260856714e-02	8.444826059410166785e-02
1.262658025764028707e+03	2.385016278133183232e-01	1.569461516339168972e-01	2.577566403380314730e-01	1.561387933645099202e-01	7.864292599686864560e-02	2.749692306260856714e-02	8.451693779036280330e-02
1.264109356828125556e+03	2.383140756549183004e-01	1.568284491206028974e-01	2.578633180143070081e-01	1.562177528570067309e-01	7.869398394758153614e-02	2.749692306260856714e-02	8.458549734259168673e-02
1.265560687892221949e+03	2.381268486434200971e-01	1.567109475456135992e-01	2.579698013567326975e-01	1.562965853348166068e-01	7.874495460184907647e-02	2.749692306260856714e-02	8.465393945457605485e-02
1.267012018956318798e+03	2.379399462098886198e-01	1.565936465657765952e-01	2.580760908821128075e-01	1.563752908435103173e-01	7.879583810603534022e-02	2.749692306260856714e-02	8.472226432968447962e-02
1.268463350020415419e+03	2.377533677864833439e-01	1.564765458385028174e-01	2.581821871030622884e-01	1.564538694317644807e-01	7.884663460632633514e-02	2.749692306260856714e-02	8.479047217086894961e-02
1.269914681084511813e+03	2.375671128064545390e-01	1.563596450217855649e-01	2.582880905280744432e-01	1.565323211512980317e-01	7.889734424872843488e-02	2.749692306260856714e-02	8.485856318066728465e-02
1.271366012148608434e+03	2.373811807041393829e-01	1.562429437741995886e-01	2.583938016615870414e-01	1.566106460568097991e-01	7.894796717906690797e-02	2.749692306260856714e-02	8.492653756120562003e-02
1.272817343212705055e+03	2.371955709149580760e-01	1.561264417549003136e-01	2.584993210040472111e-01	1.566888442059174436e-01	7.899850354298446065e-02	2.749692306260856714e-02	8.499439551420082117e-02
1.274268674276801676e+03	2.370102828754101776e-01	1.560101386236227849e-01	2.586046490519756658e-01	1.567669156590971447e-01	7.904895348593987681e-02	2.749692306260856714e-02	8.506213724096274575e-02
1.275720005340898297e+03	2.368253160230708587e-01	1.558940340406806957e-01	2.587097862980289320e-01	1.568448604796247314e-01	7.909931715320658863e-02	2.749692306260856714e-02	8.512976294239661679e-02
1.277171336404994690e+03	2.366406697965870998e-01	1.557781276669656378e-01	2.588147332310613002e-01	1.569226787335177287e-01	7.914959468987142754e-02	2.749692306260856714e-02	8.519727281900521532e-02
1.278622667469091539e+03	2.364563436356742765e-01	1.556624191639460753e-01	2.589194903361851097e-01	1.570003704894785690e-01	7.919978624083331975e-02	2.749692306260856714e-02	8.526466707089114250e-02
1.280073998533187932e+03	2.362723369811122187e-01	1.555469081936664277e-01	2.590240580948300897e-01	1.570779358188387764e-01	7.924989195080212045e-02	2.749692306260856714e-02	8.533194589775888739e-02
1.281525329597284326e+03	2.360886492747419629e-01	1.554315944187460996e-01	2.591284369848018687e-01	1.571553747955042046e-01	7.929991196429737876e-02	2.749692306260856714e-02	8.539910949891706127e-02
1.282976660661381175e+03	2.359052799594620331e-01	1.553164775023787025e-01	2.592326274803389285e-01	1.572326874959013576e-01	7.934984642564721358e-02	2.749692306260856714e-02	8.546615807328042380e-02
1.284427991725477568e+03	2.357222284792249989e-01	1.552015571083309731e-01	2.593366300521690593e-01	1.573098739989245154e-01	7.939969547898723112e-02	2.749692306260856714e-02	8.553309181937189531e-02
1.285879322789574417e+03	2.355394942790339508e-01	1.550868329009420232e-01	2.594404451675645373e-01	1.573869343858840808e-01	7.944945926825944249e-02	2.749692306260856714e-02	8.559991093532461071e-02
1.287330653853671038e+03	2.353570768049391693e-01	1.549723045451222025e-01	2.595440732903963044e-01	1.574638687404557869e-01	7.949913793721126443e-02	2.749692306260856714e-02	8.566661561888390397e-02
1.288781984917767431e+03	2.351749755040347389e-01	1.548579717063523764e-01	2.596475148811872025e-01	1.575406771486306812e-01	7.954873162939449238e-02	2.749692306260856714e-02	8.573320606740912619e-02
1.290233315981864052e+03	2.349931898244550788e-01	1.547438340506828713e-01	2.597507703971643211e-01	1.576173596986663317e-01	7.959824048816439845e-02	2.749692306260856714e-02	8.579968247787564395e-02
