1.301360187473271253e+03	2.359383371338061031e-01	1.504900688277365228e-01	2.592038380116660767e-01	1.616922318328256336e-01	7.679513318794149723e-02	3.176754934234106431e-02	8.411284166329696665e-02
1.306197957686926657e+03	2.353637172666767086e-01	1.500821626088690852e-01	2.595731794477449395e-01	1.619481617818346875e-01	7.690704534655334879e-02	3.183519640543891471e-02	8.429053714249620799e-02
1.311035727900581833e+03	2.347923426108976530e-01	1.496765686567660403e-01	2.599406237430724742e-01	1.622024738467077731e-01	7.701824288192116175e-02	3.190282504636998695e-02	8.446692321387877511e-02
1.315873498114237009e+03	2.342241940582338866e-01	1.492732740052054308e-01	2.603061752787639849e-01	1.624551830708393652e-01	7.712873282008314568e-02	3.197042812737645179e-02	8.464201263911157180e-02
1.320711268327892412e+03	2.336592526343886367e-01	1.488722657521140136e-01	2.606698386274206025e-01	1.627063042326976627e-01	7.723852205277094429e-02	3.203799869617689200e-02	8.481581800404514038e-02
1.325549038541547588e+03	2.330974994975087977e-01	1.484735310595682312e-01	2.610316185450938242e-01	1.629558518526672828e-01	7.734761734107251097e-02	3.210552998192419544e-02	8.498835172177902908e-02
1.330386808755202765e+03	2.325389159367189096e-01	1.480770571537831093e-01	2.613915199635114539e-01	1.632038401996990795e-01	7.745602531898372611e-02	3.217301539125042714e-02	8.515962603566716582e-02
1.335224578968857941e+03	2.319834833706837240e-01	1.476828313250894698e-01	2.617495479825545646e-01	1.634502832977718645e-01	7.756375249685283635e-02	3.224044850439691107e-02	8.532965302226448723e-02
1.340062349182513572e+03	2.314311833461978329e-01	1.472908409279000963e-01	2.621057078629798198e-01	1.636951949321710786e-01	7.767080526472140700e-02	3.230782307142754384e-02	8.549844459421611365e-02
1.344900119396168748e+03	2.308819975368020805e-01	1.469010733806649371e-01	2.624600050193786616e-01	1.639385886555892735e-01	7.777718989556520190e-02	3.237513300852346010e-02	8.566601250309024973e-02
1.349737889609823924e+03	2.303359077414262879e-01	1.465135161658162044e-01	2.628124450133664247e-01	1.641804777940532589e-01	7.788291254843844602e-02	3.244237239435734249e-02	8.583236834215590694e-02
1.354575659823479100e+03	2.297928958830570134e-01	1.461281568297032873e-01	2.631630335469944404e-01	1.644208754526825245e-01	7.798797927152445464e-02	3.250953546654547499e-02	8.599752354910669694e-02
1.359413430037134731e+03	2.292529440074302094e-01	1.457449829825182286e-01	2.635117764563779663e-01	1.646597945212839587e-01	7.809239600509586265e-02	3.257661661817599225e-02	8.616148940873175066e-02
1.364251200250789907e+03	2.287160342817482206e-01	1.453639822982117080e-01	2.638586797055337829e-01	1.648972476797869458e-01	7.819616858438704909e-02	3.264361039441144446e-02	8.632427705553480379e-02
1.369088970464445310e+03	2.281821489934199865e-01	1.449851425144005612e-01	2.642037493804207937e-01	1.651332474035239195e-01	7.829930274238178223e-02	3.271051148916421375e-02	8.648589747630271163e-02
1.373926740678100487e+03	2.276512705488243360e-01	1.446084514322663328e-01	2.645469916831773016e-01	1.653678059683602597e-01	7.840180411251852777e-02	3.277731474184304022e-02	8.664636151262422592e-02
1.378764510891755890e+03	2.271233814720957367e-01	1.442338969164458362e-01	2.648884129265490217e-01	1.656009354556780000e-01	7.850367823131604306e-02	3.284401513416917995e-02	8.680567986336013009e-02
1.383602281105411066e+03	2.265984644039317764e-01	1.438614668949139141e-01	2.652280195285021125e-01	1.658326477572178714e-01	7.860493054092178300e-02	3.291060778706066114e-02	8.696386308706582913e-02
1.388440051319066470e+03	2.260765021004219333e-01	1.434911493588583997e-01	2.655658180070149532e-01	1.660629545797831230e-01	7.870556639158531043e-02	3.297708795758304973e-02	8.712092160436721300e-02
1.393277821532721646e+03	2.255574774318972187e-01	1.431229323625478334e-01	2.659018149750440041e-01	1.662918674498095328e-01	7.880559104405907012e-02	3.304345103596539185e-02	8.727686570029093149e-02
1.398115591746377049e+03	2.250413733817998585e-01	1.427568040231924906e-01	2.662360171356578098e-01	1.665193977178053564e-01	7.890500967192884407e-02	3.310969254267979306e-02	8.743170552654978833e-02
1.402953361960032225e+03	2.245281730455730707e-01	1.423927525207982769e-01	2.665684312773338727e-01	1.667455565626650982e-01	7.900382736387580318e-02	3.317580812558335729e-02	8.758545110378443410e-02
1.407791132173687402e+03	2.240178596295697711e-01	1.420307660980144604e-01	2.668990642694137327e-01	1.669703549958605204e-01	7.910204912587232018e-02	3.324179355712098688e-02	8.773811232376209357e-02
1.412628902387342805e+03	2.235104164499803758e-01	1.416708330599752430e-01	2.672279230577109810e-01	1.671938038655126912e-01	7.919967988331355624e-02	3.330764473158782935e-02	8.788969895153317391e-02
1.417466672600997981e+03	2.230058269317787278e-01	1.413129417741352811e-01	2.675550146602680424e-01	1.674159138603483199e-01	7.929672448308673627e-02	3.337335766245000390e-02	8.804022062754676692e-02
1.422304442814653157e+03	2.225040746076861753e-01	1.409570806700996548e-01	2.678803461632560667e-01	1.676366955135439041e-01	7.939318769557993094e-02	3.343892847972235877e-02	8.818968686972576687e-02
1.427142213028308333e+03	2.220051431171529144e-01	1.406032382394483415e-01	2.682039247170149299e-01	1.678561592064610475e-01	7.948907421663217732e-02	3.350435342740201716e-02	8.833810707550249219e-02
1.431979983241963964e+03	2.215090162053566514e-01	1.402514030355556107e-01	2.685257575322272383e-01	1.680743151722757511e-01	7.958438866942670054e-02	3.356962886095649773e-02	8.848549052381549096e-02
1.436817753455619140e+03	2.210156777222175850e-01	1.399015636734043111e-01	2.688458518762241733e-01	1.682911734995051201e-01	7.967913560632895742e-02	3.363475124486522277e-02	8.863184637706857105e-02
1.441655523669274316e+03	2.205251116214299034e-01	1.395537088293955785e-01	2.691642150694171787e-01	1.685067441354343720e-01	7.977331951067112570e-02	3.369971715021322783e-02	8.877718368305247132e-02
1.446493293882929493e+03	2.200373019595092128e-01	1.392078272411538808e-01	2.694808544818528273e-01	1.687210368894470347e-01	7.986694479848455153e-02	3.376452325233599006e-02	8.892151137683038109e-02
1.451331064096585123e+03	2.195522328948552038e-01	1.388639077073277051e-01	2.697957775298862604e-01	1.689340614362610793e-01	7.996001582018189002e-02	3.382916632851426519e-02	8.906483828258751623e-02
1.456168834310240300e+03	2.190698886868295836e-01	1.385219390873862755e-01	2.701089916729702001e-01	1.691458273190739048e-01	8.005253686219021558e-02	3.389364325571775360e-02	8.920717311544597294e-02
1.461006604523895703e+03	2.185902536948488295e-01	1.381819103014121919e-01	2.704205044105553735e-01	1.693563439526188374e-01	8.014451214853682282e-02	3.395795100839667235e-02	8.934852448324523411e-02
1.465844374737550879e+03	2.181133123774914029e-01	1.378438103298902928e-01	2.707303232790987946e-01	1.695656206261353660e-01	8.023594584238882832e-02	3.402208665632012324e-02	8.948890088828913292e-02
1.470682144951206283e+03	2.176390492916188968e-01	1.375076282134931327e-01	2.710384558491771290e-01	1.697736665062562211e-01	8.032684204754818313e-02	3.408604736246025751e-02	8.962831072906006502e-02
1.475519915164861459e+03	2.171674490915110611e-01	1.371733530528627953e-01	2.713449097227014772e-01	1.699804906398132420e-01	8.041720480990330322e-02	3.414983038092124501e-02	8.976676230190082373e-02
1.480357685378516862e+03	2.166984965280142894e-01	1.368409740083896264e-01	2.716496925302296916e-01	1.701861019565645838e-01	8.050703811883865024e-02	3.421343305491209019e-02	8.990426380266500206e-02
1.485195455592172038e+03	2.162321764477030672e-01	1.365104802999879130e-01	2.719528119283750045e-01	1.703905092718455694e-01	8.059634590860352554e-02	3.427685281476235829e-02	9.004082332833653057e-02
1.490033225805827215e+03	2.157684737920546325e-01	1.361818612068684542e-01	2.722542755973055839e-01	1.705937212891454891e-01	8.068513205964122914e-02	3.434008717597987481e-02	9.017644887861871184e-02
1.494870996019482618e+03	2.153073735966356816e-01	1.358551060673086341e-01	2.725540912383343506e-01	1.707957466026122917e-01	8.077340039987977727e-02	3.440313373734948249e-02	9.031114835749380620e-02
1.499708766233137567e+03	2.148488609903016766e-01	1.355302042784196914e-01	2.728522665715943929e-01	1.709965936994874425e-01	8.086115470598545518e-02	3.446599017907202300e-02	9.044492957475339101e-02
1.504546536446793198e+03	2.143929211944080315e-01	1.352071452959115461e-01	2.731488093337985923e-01	1.711962709624729462e-01	8.094839870458007958e-02	3.452865426094259976e-02	9.057780024750028414e-02
1.509384306660448374e+03	2.139395395220330121e-01	1.348859186338552674e-01	2.734437272760800175e-01	1.713947866720326174e-01	8.103513607342323344e-02	3.459112382056740709e-02	9.070976800162247611e-02
1.514222076874103550e+03	2.134887013772119591e-01	1.345665138644434045e-01	2.737370281619112000e-01	1.715921490086292356e-01	8.112137044256040319e-02	3.465339677161811960e-02	9.084084037323972294e-02
1.519059847087758726e+03	2.130403922541828088e-01	1.342489206177481520e-01	2.740287197650985718e-01	1.717883660548997771e-01	8.120710539543815609e-02	3.471547110212321041e-02	9.097102481012334096e-02
1.523897617301414357e+03	2.125945977366425488e-01	1.339331285814776840e-01	2.743188098678514542e-01	1.719834457977702513e-01	8.129234446998716279e-02	3.477734487279531689e-02	9.110032867308964777e-02
1.528735387515069533e+03	2.121513034970142209e-01	1.336191275007303780e-01	2.746073062589214908e-01	1.721773961305122225e-01	8.137709115967421691e-02	3.483901621539388371e-02	9.122875923736768755e-02
1.533573157728724709e+03	2.117104952957245545e-01	1.333069071777476522e-01	2.748942167318113583e-01	1.723702248547424598e-01	8.146134891452400106e-02	3.490048333112236861e-02	9.135632369394171282e-02
1.538410927942380113e+03	2.112721589804916755e-01	1.329964574716649417e-01	2.751795490830505342e-01	1.725619396823672991e-01	8.154512114211152907e-02	3.496174448905924742e-02	9.148302915086885256e-02
1.543248698156035516e+03	2.108362804856228068e-01	1.326877682982614270e-01	2.754633111105350141e-01	1.727525482374737131e-01	8.162841120852636079e-02	3.502279802462210379e-02	9.160888263457264702e-02
1.548086468369690692e+03	2.104028458313218775e-01	1.323808296297079856e-01	2.757455106119300892e-01	1.729420580581683409e-01	8.171122243930906137e-02	3.508364233806408883e-02	9.173389109111265705e-02
1.552924238583346096e+03	2.099718411230064030e-01	1.320756314943142273e-01	2.760261553831336312e-01	1.731304765983658900e-01	8.179355812036102902e-02	3.514427589300208460e-02	9.185806138743088378e-02
1.557762008797001272e+03	2.095432525506341070e-01	1.317721639762740593e-01	2.763052532167976638e-01	1.733178112295288564e-01	8.187542149882824638e-02	3.520469721497587745e-02	9.198140031257535931e-02
1.562599779010656675e+03	2.091170663880382030e-01	1.314704172154103068e-01	2.765828119009072772e-01	1.735040692423593933e-01	8.195681578396005196e-02	3.526490489003766826e-02	9.210391457890121369e-02
1.567437549224311852e+03	2.086932689922721962e-01	1.311703814069183072e-01	2.768588392174136104e-01	1.736892578484453553e-01	8.203774414794325065e-02	3.532489756337134357e-02	9.222561082325003712e-02
1.572275319437967255e+03	2.082718468029629288e-01	1.308720468011084215e-01	2.771333429409208460e-01	1.738733841818609904e-01	8.211820972671268759e-02	3.538467393794077903e-02	9.234649560810744007e-02
1.577113089651622431e+03	2.078527863416723687e-01	1.305754037031479076e-01	2.774063308374239978e-01	1.740564553007246662e-01	8.219821562073878485e-02	3.544423277316663401e-02	9.246657542273979680e-02
1.581950859865277607e+03	2.074360742112678346e-01	1.302804424728018495e-01	2.776778106630965470e-01	1.742384781887140188e-01	8.227776489579265162e-02	3.550357288363099884e-02	9.258585668431018600e-02
1.586788630078933011e+03	2.070216970953004942e-01	1.299871535241735876e-01	2.779477901631266512e-01	1.744194597565402460e-01	8.235686058368975326e-02	3.556269313780931890e-02	9.270434573897406993e-02
1.591626400292587959e+03	2.066096417573916877e-01	1.296955273254443153e-01	2.782162770705992605e-01	1.745994068433822655e-01	8.243550568301234727e-02	3.562159245682900571e-02	9.282204886295516988e-02
1.596464170506243590e+03	2.061998950406271902e-01	1.294055543986124546e-01	2.784832791054240864e-01	1.747783262182825981e-01	8.251370315981169934e-02	3.568026981325416597e-02	9.293897226360182950e-02
1.601301940719898766e+03	2.057924438669592737e-01	1.291172253192321984e-01	2.787488039733063694e-01	1.749562245815054762e-01	8.259145594829042647e-02	3.573872422989598369e-02	9.305512208042428235e-02
1.606139710933553943e+03	2.053872752366162069e-01	1.288305307161519697e-01	2.790128593647603350e-01	1.751331085658585085e-01	8.266876695146564702e-02	3.579695477864802688e-02	9.317050438611329533e-02
1.610977481147209119e+03	2.049843762275191383e-01	1.285454612712524092e-01	2.792754529541634501e-01	1.753089847379789290e-01	8.274563904181365948e-02	3.585496057934613179e-02	9.328512518754034089e-02
1.615815251360864750e+03	2.045837339947062516e-01	1.282620077191840013e-01	2.795365923988498147e-01	1.754838595995855122e-01	8.282207506189634416e-02	3.591274079865228175e-02	9.339899042673986684e-02
1.620653021574519926e+03	2.041853357697639704e-01	1.279801608471047569e-01	2.797962853382420789e-01	1.756577395886971815e-01	8.289807782497013444e-02	3.597029464896197432e-02	9.351210598187395528e-02
1.625490791788175102e+03	2.037891688602651297e-01	1.276999114944175340e-01	2.800545393930202187e-01	1.758306310808191164e-01	8.297365011557800152e-02	3.602762138733454911e-02	9.362447766817955097e-02
1.630328562001830505e+03	2.033952206492139481e-01	1.274212505525073591e-01	2.803113621643255615e-01	1.760025403900973007e-01	8.304879469012493853e-02	3.608472031444603934e-02	9.373611123889895314e-02
1.635166332215485909e+03	2.030034785944975217e-01	1.271441689644787210e-01	2.805667612330000615e-01	1.761734737704428178e-01	8.312351427743738808e-02	3.614159077356410288e-02	9.384701238619347352e-02
1.640004102429141085e+03	2.026139302283441190e-01	1.268686577248928082e-01	2.808207441588584929e-01	1.763434374166261975e-01	8.319781157930708493e-02	3.619823214954446394e-02	9.395718674204096843e-02
1.644841872642796488e+03	2.022265631567876087e-01	1.265947078795048863e-01	2.810733184799928952e-01	1.765124374653429529e-01	8.327168927101999407e-02	3.625464386784851833e-02	9.406663987911731417e-02
1.649679642856451665e+03	2.018413650591382169e-01	1.263223105250017853e-01	2.813244917121084376e-01	1.766804799962514438e-01	8.334515000187046885e-02	3.631082539358156808e-02	9.417537731166221449e-02
1.654517413070107068e+03	2.014583236874596117e-01	1.260514568087395815e-01	2.815742713478894266e-01	1.768475710329832085e-01	8.341819639566128153e-02	3.636677623055141473e-02	9.428340449632965914e-02
1.659355183283762244e+03	2.010774268660517616e-01	1.257821379284813357e-01	2.818226648563942338e-01	1.770137165441271476e-01	8.349083105118983161e-02	3.642249592034658978e-02	9.439072683302328348e-02
1.664192953497417420e+03	2.006986624909398165e-01	1.255143451321353298e-01	2.820696796824787578e-01	1.771789224441880084e-01	8.356305654272108696e-02	3.647798404143418050e-02	9.449734966571704531e-02
1.669030723711072824e+03	2.003220185293687894e-01	1.252480697174934432e-01	2.823153232462467521e-01	1.773431945945200261e-01	8.363487542044745204e-02	3.653324020827650176e-02	9.460327828326134392e-02
1.673868493924728000e+03	1.999474830193038732e-01	1.249833030319698335e-01	2.825596029425267997e-01	1.775065388042363079e-01	8.370629021093614619e-02	3.658826407046649604e-02	9.470851792017491444e-02
1.678706264138383403e+03	1.995750440689363914e-01	1.247200364723401178e-01	2.828025261403744328e-01	1.776689608310949575e-01	8.377730341756434163e-02	3.664305531188122994e-02	9.481307375742284438e-02
1.683544034352038352e+03	1.992046898561951607e-01	1.244582614844809282e-01	2.830441001825992342e-01	1.778304663823622733e-01	8.384791752094242212e-02	3.669761364985332092e-02	9.491695092318092053e-02
1.688381804565693983e+03	1.988364086282632115e-01	1.241979695631098141e-01	2.832843323853153072e-01	1.779910611156537426e-01	8.391813497932580634e-02	3.675193883435975972e-02	9.502015449358661159e-02
1.693219574779349159e+03	1.984701887010997534e-01	1.239391522515257554e-01	2.835232300375147285e-01	1.781507506397538021e-01	8.398795822901557184e-02	3.680603064722785811e-02	9.512268949347675584e-02
1.698057344993004335e+03	1.981060184589674145e-01	1.236818011413501339e-01	2.837608004006633156e-01	1.783095405154144775e-01	8.405738968474835149e-02	3.685988890135792617e-02	9.522456089711256455e-02
1.702895115206659511e+03	1.977438863539643377e-01	1.234259078722682867e-01	2.839970507083178219e-01	1.784674362561339267e-01	8.412643174007555791e-02	3.691351343996234630e-02	9.532577362889185779e-02
1.707732885420315142e+03	1.973837809055615233e-01	1.231714641317715880e-01	2.842319881657635605e-01	1.786244433289151667e-01	8.419508676773264366e-02	3.696690413582068985e-02	9.542633256404896291e-02
1.712570655633970318e+03	1.970256907001447511e-01	1.229184616549001546e-01	2.844656199496721216e-01	1.787805671550058151e-01	8.426335711999827227e-02	3.702006089055056431e-02	9.552624252934242832e-02
1.717408425847625494e+03	1.966696043905615254e-01	1.226668922239861903e-01	2.846979532077785757e-01	1.789358131106191796e-01	8.433124512904401071e-02	3.707298363389381624e-02	9.562550830373081623e-02
1.722246196061280898e+03	1.963155106956726292e-01	1.224167476683980516e-01	2.849289950585767728e-01	1.790901865276373073e-01	8.439875310727469604e-02	3.712567232301784703e-02	9.572413461903681031e-02
1.727083966274936301e+03	1.959633983999082840e-01	1.221680198642848825e-01	2.851587525910331267e-01	1.792436926942965747e-01	8.446588334765976758e-02	3.717812694183164623e-02	9.582212616059983257e-02
1.731921736488591478e+03	1.956132563528288626e-01	1.219207007343220545e-01	2.853872328643174971e-01	1.793963368558562088e-01	8.453263812405580058e-02	3.723034750031627843e-02	9.591948756791741915e-02
1.736759506702246881e+03	1.952650734686900980e-01	1.216747822474573554e-01	2.856144429075506141e-01	1.795481242152502932e-01	8.459901969152058832e-02	3.728233403386954636e-02	9.601622343527554948e-02
1.741597276915902057e+03	1.949188387260125388e-01	1.214302564186577615e-01	2.858403897195683774e-01	1.796990599337237593e-01	8.466503028661895303e-02	3.733408660266447632e-02	9.611233831236819236e-02
1.746435047129557461e+03	1.945745411671554459e-01	1.211871153086572922e-01	2.860650802687004779e-01	1.798491491314527235e-01	8.473067212772053547e-02	3.738560529102141067e-02	9.620783670490618000e-02
1.751272817343212637e+03	1.942321698978949074e-01	1.209453510237053359e-01	2.862885214925652844e-01	1.799983968881497809e-01	8.479594741528978519e-02	3.743689020679332596e-02	9.630272307521561825e-02
1.756110587556867813e+03	1.938917140870060063e-01	1.207049557153160729e-01	2.865107202978787182e-01	1.801468082436543661e-01	8.486085833216849839e-02	3.748794148076420307e-02	9.639700184282620765e-02
1.760948357770523216e+03	1.935531629658490682e-01	1.204659215800185507e-01	2.867316835602768399e-01	1.802943881985090979e-01	8.492540704385094508e-02	3.753875926606015795e-02	9.649067738504940595e-02
1.765786127984178393e+03	1.932165058279600167e-01	1.202282408591076879e-01	2.869514181241524797e-01	1.804411417145219965e-01	8.498959569875194631e-02	3.758934373757300690e-02	9.658375403754690391e-02
1.770623898197833569e+03	1.928817320286446146e-01	1.199919058383961540e-01	2.871699308025044695e-01	1.805870737153154049e-01	8.505342642846804024e-02	3.763969509139608594e-02	9.667623609488926184e-02
1.775461668411488745e+03	1.925488309845765911e-01	1.197569088479671223e-01	2.873872283767994751e-01	1.807321890868616721e-01	8.511690134803195917e-02	3.768981354427199809e-02	9.676812781110520623e-02
1.780299438625144376e+03	1.922177921733995154e-01	1.195232422619279256e-01	2.876033175968460420e-01	1.808764926780060955e-01	8.518002255616063945e-02	3.773969933305210828e-02	9.685943340022162840e-02
1.785137208838799552e+03	1.918886051333325016e-01	1.192908984981646547e-01	2.878182051806802422e-01	1.810199893009776240e-01	8.524279213549690315e-02	3.778935271416753588e-02	9.695015703679445151e-02
1.789974979052454728e+03	1.915612594627795762e-01	1.190598700180976743e-01	2.880318978144624786e-01	1.811626837318873751e-01	8.530521215284500580e-02	3.783877396311133290e-02	9.704030285643051867e-02
1.794812749266109904e+03	1.912357448199426269e-01	1.188301493264380115e-01	2.882444021523848932e-01	1.813045807112155516e-01	8.536728465940031374e-02	3.788796337393172953e-02	9.712987495630077961e-02
1.799650519479765535e+03	1.909120509224379036e-01	1.186017289709448558e-01	2.884557248165899312e-01	1.814456849442870889e-01	8.542901169097318059e-02	3.793692125873609350e-02	9.721887739564480380e-02
1.804488289693420711e+03	1.905901675469161838e-01	1.183746015421839604e-01	2.886658723970979556e-01	1.815860011017360887e-01	8.549039526820723101e-02	3.798564794720551280e-02	9.730731419626692524e-02
1.809326059907075887e+03	1.902700845286861286e-01	1.181487596732869183e-01	2.888748514517451293e-01	1.817255338199597059e-01	8.555143739679223203e-02	3.803414378611970348e-02	9.739518934302404674e-02
1.814163830120731291e+03	1.899517917613412765e-01	1.179241960397116040e-01	2.890826685061304580e-01	1.818642877015614889e-01	8.561214006767171869e-02	3.808240913889199275e-02	9.748250678430528393e-02
1.819001600334386467e+03	1.896352791963901996e-01	1.177009033590034753e-01	2.892893300535718248e-01	1.820022673157847826e-01	8.567250525724547094e-02	3.813044438511430101e-02	9.756927043250369913e-02
1.823839370548041643e+03	1.893205368428900748e-01	1.174788743905580135e-01	2.894948425550706306e-01	1.821394771989360284e-01	8.573253492756705008e-02	3.817824992011178975e-02	9.765548416448016633e-02
1.828677140761696819e+03	1.890075547670834188e-01	1.172581019353840376e-01	2.896992124392844259e-01	1.822759218547987392e-01	8.579223102653650568e-02	3.822582615450702270e-02	9.774115182201960350e-02
1.833514910975352450e+03	1.886963230920380430e-01	1.170385788358682122e-01	2.899024461025079824e-01	1.824116057550380920e-01	8.585159548808847518e-02	3.827317351379345978e-02	9.782627721227955819e-02
1.838352681189008081e+03	1.883868319972900607e-01	1.168202979755404158e-01	2.901045499086616353e-01	1.825465333395965284e-01	8.591063023237563434e-02	3.832029243791808260e-02	9.791086410823150732e-02
1.843190451402663257e+03	1.880790717184902261e-01	1.166032522788403025e-01	2.903055301892871753e-01	1.826807090170805559e-01	8.596933716594779007e-02	3.836718338087295038e-02	9.799491624909481557e-02
1.848028221616318433e+03	1.877730325470529094e-01	1.163874347108848212e-01	2.905053932435511244e-01	1.828141371651389735e-01	8.602771818192680997e-02	3.841384681029551967e-02	9.807843734076368558e-02
1.852865991829973609e+03	1.874687048298085135e-01	1.161728382772368728e-01	2.907041453382539498e-01	1.829468221308328535e-01	8.608577516017720810e-02	3.846028320707750581e-02	9.816143105622693321e-02
1.857703762043628785e+03	1.871660789686585558e-01	1.159594560236748978e-01	2.909017927078467736e-01	1.830787682309974462e-01	8.614350996747288658e-02	3.850649306498219598e-02	9.824390103598107382e-02
1.862541532257283961e+03	1.868651454202337192e-01	1.157472810359636839e-01	2.910983415544537989e-01	1.832099797525964247e-01	8.620092445765979716e-02	3.855247689026995023e-02	9.832585088843653898e-02
1.867379302470939592e+03	1.865658946955548181e-01	1.155363064396261047e-01	2.912937980479007871e-01	1.833404609530680796e-01	8.625802047181492516e-02	3.859823520133177227e-02	9.840728419031739838e-02
1.872217072684594768e+03	1.862683173596965669e-01	1.153265253997160927e-01	2.914881683257498080e-01	1.834702160606646038e-01	8.631479983840159576e-02	3.864376852833077691e-02	9.848820448705450370e-02
1.877054842898249490e+03	1.859724040314540416e-01	1.151179311205925287e-01	2.916814584933387078e-01	1.835992492747838822e-01	8.637126437342106111e-02	3.868907741285138729e-02	9.856861529317234583e-02
1.881892613111905121e+03	1.856781453830121387e-01	1.149105168456942827e-01	2.918736746238266844e-01	1.837275647662943434e-01	8.642741588056084001e-02	3.873416240755607476e-02	9.864852009266954214e-02
1.886730383325560297e+03	1.853855321396174205e-01	1.147042758573164484e-01	2.920648227582446910e-01	1.838551666778529825e-01	8.648325615133946320e-02	3.877902407584955802e-02	9.872792233939335638e-02
1.891568153539215928e+03	1.850945550792528482e-01	1.144992014763874522e-01	2.922549089055504479e-01	1.839820591242168901e-01	8.653878696524805458e-02	3.882366299155024653e-02	9.880682545740798739e-02
1.896405923752871104e+03	1.848052050323150397e-01	1.142952870622474942e-01	2.924439390426885610e-01	1.841082461925481750e-01	8.659401008988870663e-02	3.886807973856877541e-02	9.888523284135715408e-02
1.901243693966526507e+03	1.845174728812940534e-01	1.140925260124278778e-01	2.926319191146549703e-01	1.842337319427128361e-01	8.664892728110985820e-02	3.891227491059355559e-02	9.896314785682075454e-02
1.906081464180181683e+03	1.842313495604560591e-01	1.138909117624315459e-01	2.928188550345657282e-01	1.843585204075731399e-01	8.670354028313845274e-02	3.895624911078312408e-02	9.904057384066583536e-02
1.910919234393836859e+03	1.839468260555280898e-01	1.136904377855147419e-01	2.930047526837296634e-01	1.844826155932746958e-01	8.675785082870945963e-02	3.900000295146516249e-02	9.911751410139205132e-02
1.915757004607492036e+03	1.836638934033855974e-01	1.134910975924696835e-01	2.931896179117254864e-01	1.846060214795272048e-01	8.681186063919234253e-02	3.904353705384209366e-02	9.919397191947150472e-02
1.920594774821147894e+03	1.833825426917422563e-01	1.132928847314084025e-01	2.933734565364821134e-01	1.847287420198798769e-01	8.686557142471489079e-02	3.908685204770308286e-02	9.926995054768328330e-02
1.925432545034802843e+03	1.831027650588424038e-01	1.130957927875477081e-01	2.935562743443629330e-01	1.848507811419914382e-01	8.691898488428440039e-02	3.912994857114233255e-02	9.934545321144273855e-02
1.930270315248458019e+03	1.828245516931556458e-01	1.128998153829951223e-01	2.937380770902534022e-01	1.849721427478946689e-01	8.697210270590616243e-02	3.917282727028349038e-02	9.942048310912551812e-02
1.935108085462113195e+03	1.825478938330739598e-01	1.127049461765361055e-01	2.939188704976518629e-01	1.850928307142559459e-01	8.702492656669957860e-02	3.921548879901012863e-02	9.949504341238642191e-02
1.939945855675768371e+03	1.822727827666110467e-01	1.125111788634222815e-01	2.940986602587637444e-01	1.852128488926296779e-01	8.707745813301166760e-02	3.925793381870212873e-02	9.956913726647345642e-02
1.944783625889424002e+03	1.819992098311041806e-01	1.123185071751607311e-01	2.942774520345983746e-01	1.853322011097078004e-01	8.712969906052836500e-02	3.930016299797781110e-02	9.964276779053676814e-02
1.949621396103079178e+03	1.817271664129178899e-01	1.121269248793044931e-01	2.944552514550689559e-01	1.854508911675647187e-01	8.718165099438338062e-02	3.934217701244178272e-02	9.971593807793285857e-02
1.954459166316734354e+03	1.814566439471504145e-01	1.119364257792441475e-01	2.946320641190949274e-01	1.855689228438974214e-01	8.723331556926493258e-02	3.938397654443826640e-02	9.978865119652403914e-02
1.959296936530389530e+03	1.811876339173418837e-01	1.117470037140003425e-01	2.948078955947072699e-01	1.856862998922612917e-01	8.728469440952017766e-02	3.942556228280995334e-02	9.986091018897323701e-02
1.964134706744044706e+03	1.809201278551851311e-01	1.115586525580176819e-01	2.949827514191561417e-01	1.858030260423013114e-01	8.733578912925762938e-02	3.946693492266207387e-02	9.993271807303420740e-02
1.968972476957700337e+03	1.806541173402381739e-01	1.113713662209595834e-01	2.951566370990206245e-01	1.859191049999792122e-01	8.738660133244746664e-02	3.950809516513179021e-02	1.000040778418373050e-01
1.973810247171355968e+03	1.803895939996393583e-01	1.111851386475041503e-01	2.953295581103210221e-01	1.860345404477963260e-01	8.743713261301989947e-02	3.954904371716261302e-02	1.000749924641708283e-01
1.978648017385010689e+03	1.801265495078240853e-01	1.109999638171412645e-01	2.955015198986328806e-01	1.861493360450126033e-01	8.748738455496153643e-02	3.958978129128389034e-02	1.001454648847579648e-01
1.983485787598666320e+03	1.798649755862440081e-01	1.108158357439707753e-01	2.956725278792033951e-01	1.862634954278614141e-01	8.753735873240986454e-02	3.963030860539512590e-02	1.002154980245296700e-01
1.988323557812321269e+03	1.796048640030880050e-01	1.106327484765017577e-01	2.958425874370693709e-01	1.863770222097607676e-01	8.758705670974599455e-02	3.967062638255517554e-02	1.002850947808931886e-01
1.993161328025976900e+03	1.793462065730054289e-01	1.104506960974527968e-01	2.960117039271771833e-01	1.864899199815206465e-01	8.763648004168550498e-02	3.971073535077606492e-02	1.003542580279965651e-01
1.997999098239632076e+03	1.790889951568311877e-01	1.102696727235534524e-01	2.961798826745044022e-01	1.866021923115468995e-01	8.768563027336760685e-02	3.975063624282147712e-02	1.004229906169891440e-01
2.002836868453287707e+03	1.788332216613128245e-01	1.100896725053467778e-01	2.963471289741826387e-01	1.867138427460413863e-01	8.773450894044267090e-02	3.979032979600974351e-02	1.004912953762780586e-01
2.007674638666942428e+03	1.785788780388396224e-01	1.099106896269929357e-01	2.965134480916226112e-01	1.868248748091988209e-01	8.778311756915802011e-02	3.982981675202123401e-02	1.005591751117808907e-01
2.012512408880597604e+03	1.783259562871735149e-01	1.097327183060738676e-01	2.966788452626397676e-01	1.869352920034002274e-01	8.783145767644220947e-02	3.986909785671004930e-02	1.006266326071745265e-01
2.017350179094252780e+03	1.780744484491820212e-01	1.095557527933990888e-01	2.968433256935819609e-01	1.870450978094030658e-01	8.787953076998775148e-02	3.990817385992005001e-02	1.006936706241401969e-01
2.022187949307908411e+03	1.778243466125731531e-01	1.093797873728125369e-01	2.970068945614579015e-01	1.871542956865283880e-01	8.792733834833232898e-02	3.994704551530492420e-02	1.007602919026049509e-01
2.027025719521564042e+03	1.775756429096319033e-01	1.092048163610004757e-01	2.971695570140668874e-01	1.872628890728446349e-01	8.797488190093852300e-02	3.998571358015239746e-02	1.008264991609794103e-01
2.031863489735218764e+03	1.773283295169589269e-01	1.090308341073005088e-01	2.973313181701296437e-01	1.873708813853485200e-01	8.802216290827212519e-02	4.002417881521240506e-02	1.008922950963920401e-01
2.036701259948874394e+03	1.770823986552107765e-01	1.088578349935116346e-01	2.974921831194203836e-01	1.874782760201431364e-01	8.806918284187920110e-02	4.006244198452917765e-02	1.009576823849199084e-01
2.041539030162529116e+03	1.768378425888420258e-01	1.086858134337053555e-01	2.976521569228992581e-01	1.875850763526128728e-01	8.811594316446151598e-02	4.010050385527711564e-02	1.010226636818160606e-01
2.046376800376184747e+03	1.765946536258493071e-01	1.085147638740379672e-01	2.978112446128461932e-01	1.876912857375958033e-01	8.816244532995098915e-02	4.013836519760047294e-02	1.010872416217334924e-01
2.051214570589840150e+03	1.763528241175168487e-01	1.083446807925636662e-01	2.979694511929953382e-01	1.877969075095532736e-01	8.820869078358262172e-02	4.017602678445664210e-02	1.011514188189457930e-01
2.056052340803495554e+03	1.761123464581640652e-01	1.081755586990489487e-01	2.981267816386702352e-01	1.879019449827368515e-01	8.825468096196638357e-02	4.021348939146305451e-02	1.012151978675646657e-01
2.060890111017150957e+03	1.758732130848947028e-01	1.080073921347879384e-01	2.982832408969194882e-01	1.880064014513525839e-01	8.830041729315771248e-02	4.025075379674764725e-02	1.012785813417540898e-01
2.065727881230805451e+03	1.756354164773477056e-01	1.078401756724188670e-01	2.984388338866535983e-01	1.881102801897228671e-01	8.834590119672700026e-02	4.028782078080269530e-02	1.013415717959414708e-01
2.070565651444461309e+03	1.753989491574497184e-01	1.076739039157413452e-01	2.985935654987817434e-01	1.882135844524458201e-01	8.839113408382781589e-02	4.032469112634207847e-02	1.014041717650257385e-01
2.075403421658116713e+03	1.751638036891694505e-01	1.075085714995350356e-01	2.987474405963492785e-01	1.883163174745522694e-01	8.843611735726412959e-02	4.036136561816183743e-02	1.014663837645822658e-01
2.080241191871772116e+03	1.749299726782735376e-01	1.073441730893790746e-01	2.989004640146760150e-01	1.884184824716603202e-01	8.848085241155634328e-02	4.039784504300397705e-02	1.015282102910650130e-01
2.085078962085427065e+03	1.746974487720841518e-01	1.071807033814726889e-01	2.990526405614943317e-01	1.885200826401277618e-01	8.852534063300644684e-02	4.043413018942340620e-02	1.015896538220055906e-01
2.089916732299082469e+03	1.744662246592380284e-01	1.070181571024567263e-01	2.992039750170879531e-01	1.886211211572021429e-01	8.856958339976189754e-02	4.047022184765806246e-02	1.016507168162095465e-01
2.094754502512737417e+03	1.742362930694474898e-01	1.068565290092363118e-01	2.993544721344312265e-01	1.887216011811687633e-01	8.861358208187877783e-02	4.050612080950197896e-02	1.017114017139498366e-01
2.099592272726392821e+03	1.740076467732625809e-01	1.066958138888044333e-01	2.995041366393282889e-01	1.888215258514964467e-01	8.865733804138375973e-02	4.054182786818141815e-02	1.017717109371574780e-01
2.104430042940048224e+03	1.737802785818351459e-01	1.065360065580666232e-01	2.996529732305523996e-01	1.889208982889814814e-01	8.870085263233527806e-02	4.057734381823389913e-02	1.018316468896095089e-01
2.109267813153704083e+03	1.735541813466843497e-01	1.063771018636665983e-01	2.998009865799861062e-01	1.890197215958891452e-01	8.874412720088374618e-02	4.061266945539003526e-02	1.018912119571142999e-01
2.114105583367359031e+03	1.733293479594636421e-01	1.062190946818129533e-01	2.999481813327606883e-01	1.891179988560937331e-01	8.878716308533077251e-02	4.064780557645827908e-02	1.019504085076941846e-01
2.118943353581013525e+03	1.731057713517294705e-01	1.060619799181067580e-01	3.000945621073962677e-01	1.892157331352162242e-01	8.882996161618769704e-02	4.068275297921229716e-02	1.020092388917655385e-01
2.123781123794669384e+03	1.728834444947111859e-01	1.059057525073702904e-01	3.002401334959418078e-01	1.893129274807604234e-01	8.887252411623311477e-02	4.071751246228109272e-02	1.020677054423163449e-01
2.128618894008324787e+03	1.726623603990828648e-01	1.057504074134766603e-01	3.003849000641150568e-01	1.894095849222469929e-01	8.891485190056966359e-02	4.075208482504177193e-02	1.021258104750812357e-01
2.133456664221980191e+03	1.724425121147362405e-01	1.055959396291804714e-01	3.005288663514427694e-01	1.895057084713459850e-01	8.895694627667997956e-02	4.078647086751482909e-02	1.021835562887140891e-01
2.138294434435635139e+03	1.722238927305553002e-01	1.054423441759494567e-01	3.006720368714003166e-01	1.896013011220073208e-01	8.899880854448180556e-02	4.082067139026201302e-02	1.022409451649582274e-01
2.143132204649290543e+03	1.720064953741923253e-01	1.052896161037970568e-01	3.008144161115518522e-01	1.896963658505898265e-01	8.904043999638250328e-02	4.085468719428665685e-02	1.022979793688141847e-01
2.147969974862945492e+03	1.717903132118452636e-01	1.051377504911160526e-01	3.009560085336903112e-01	1.897909056159884644e-01	8.908184191733262147e-02	4.088851908093639465e-02	1.023546611487053115e-01
2.152807745076601350e+03	1.715753394480367677e-01	1.049867424445131009e-01	3.010968185739765768e-01	1.898849233597599828e-01	8.912301558487886743e-02	4.092216785180825822e-02	1.024109927366408934e-01
2.157645515290255844e+03	1.713615673253943150e-01	1.048365870986442683e-01	3.012368506430793125e-01	1.899784220062468998e-01	8.916396226921632917e-02	4.095563430865614696e-02	1.024669763483771617e-01
2.162483285503912157e+03	1.711489901244321044e-01	1.046872796160515234e-01	3.013761091263142955e-01	1.900714044627000165e-01	8.920468323324000359e-02	4.098891925330051811e-02	1.025226141835760274e-01
2.167321055717567106e+03	1.709376011633340076e-01	1.045388151870001447e-01	3.015145983837832500e-01	1.901638736193995149e-01	8.924517973259565862e-02	4.102202348754029060e-02	1.025779084259616780e-01
2.172158825931222509e+03	1.707273937977380196e-01	1.043911890293171552e-01	3.016523227505130134e-01	1.902558323497742787e-01	8.928545301573002912e-02	4.105494781306701091e-02	1.026328612434749959e-01
2.176996596144877003e+03	1.705183614205223186e-01	1.042443963882306729e-01	3.017892865365940924e-01	1.903472835105200212e-01	8.932550432394040230e-02	4.108769303138105899e-02	1.026874747884259503e-01
2.181834366358532861e+03	1.703104974615922418e-01	1.040984325362101920e-01	3.019254940273188303e-01	1.904382299417158309e-01	8.936533489142350906e-02	4.112025994371000526e-02	1.027417511976438519e-01
2.186672136572187810e+03	1.701037953876689546e-01	1.039532927728077788e-01	3.020609494833196851e-01	1.905286744669395238e-01	8.940494594532387429e-02	4.115264935092902143e-02	1.027956925926256371e-01
2.191509906785843214e+03	1.698982487020792576e-01	1.038089724245002538e-01	3.021956571407066194e-01	1.906186198933814691e-01	8.944433870578155643e-02	4.118486205348324131e-02	1.028493010796820983e-01
2.196347676999498617e+03	1.696938509445467813e-01	1.036654668445322891e-01	3.023296212112047687e-01	1.907080690119570543e-01	8.948351438597930418e-02	4.121689885131214065e-02	1.029025787500821854e-01
2.201185447213154021e+03	1.694905956909845413e-01	1.035227714127603810e-01	3.024628458822911647e-01	1.907970245974180967e-01	8.952247419218907487e-02	4.124876054377581841e-02	1.029555276801954189e-01
2.206023217426809424e+03	1.692884765532887414e-01	1.033808815354978344e-01	3.025953353173316263e-01	1.908854894084626719e-01	8.956121932381816420e-02	4.128044792958316528e-02	1.030081499316323618e-01
2.210860987640464373e+03	1.690874871791336886e-01	1.032397926453605674e-01	3.027270936557167058e-01	1.909734661878439432e-01	8.959975097345460049e-02	4.131196180672187107e-02	1.030604475513831747e-01
2.215698757854119776e+03	1.688876212517683162e-01	1.030995002011139000e-01	3.028581250129978031e-01	1.910609576624776595e-01	8.963807032691212262e-02	4.134330297239026397e-02	1.031124225719544929e-01
2.220536528067775180e+03	1.686888724898137903e-01	1.029599996875201762e-01	3.029884334810223900e-01	1.911479665435484310e-01	8.967617856327468606e-02	4.137447222293084287e-02	1.031640770115043043e-01
2.225374298281430583e+03	1.684912346470622546e-01	1.028212866151873572e-01	3.031180231280687920e-01	1.912344955266150337e-01	8.971407685494031670e-02	4.140547035376566237e-02	1.032154128739752180e-01
2.230212068495085077e+03	1.682947015122771006e-01	1.026833565204184201e-01	3.032468979989810243e-01	1.913205472917142713e-01	8.975176636766460381e-02	4.143629815933330685e-02	1.032664321492259424e-01
2.235049838708740936e+03	1.680992669089941549e-01	1.025462049650617824e-01	3.033750621153025184e-01	1.914061245034640035e-01	8.978924826060363795e-02	4.146695643302757139e-02	1.033171368131610146e-01
2.239887608922396339e+03	1.679049246953243923e-01	1.024098275363624494e-01	3.035025194754098488e-01	1.914912298111648703e-01	8.982652368635654638e-02	4.149744596713775963e-02	1.033675288278588372e-01
2.244725379136052197e+03	1.677116687637575654e-01	1.022742198468142016e-01	3.036292740546456814e-01	1.915758658489010446e-01	8.986359379100745948e-02	4.152776755279059123e-02	1.034176101416981186e-01
2.249563149349706237e+03	1.675194930409673599e-01	1.021393775340125182e-01	3.037553298054513906e-01	1.916600352356399306e-01	8.990045971416718573e-02	4.155792197989362918e-02	1.034673826894826620e-01
2.254400919563362095e+03	1.673283914876173839e-01	1.020052962605084851e-01	3.038806906574988975e-01	1.917437405753308899e-01	8.993712258901424839e-02	4.158791003708024736e-02	1.035168483925645172e-01
2.259238689777017044e+03	1.671383580981685990e-01	1.018719717136634673e-01	3.040053605178224538e-01	1.918269844570027749e-01	8.997358354233565836e-02	4.161773251165614557e-02	1.035660091589655635e-01
2.264076459990672902e+03	1.669493869006878628e-01	1.017393996055047101e-01	3.041293432709494260e-01	1.919097694548606292e-01	9.000984369456721534e-02	4.164739018954723149e-02	1.036148668834975806e-01
