1.001418434226643626e+03	2.856742782992370833e-01	1.705150166093667707e-01	2.341586411295605297e-01	1.424145301662008145e-01	6.923964143434450935e-02	2.772297801563110287e-02	7.027491434561725092e-02
1.002869765290740247e+03	2.854113549493537683e-01	1.703560213508827359e-01	2.343353385672476419e-01	1.425235923740711952e-01	6.928446723928906315e-02	2.774692638107576631e-02	7.034229913803793921e-02
1.004321096354836754e+03	2.851488857089329865e-01	1.701973007108990299e-01	2.345117249239438983e-01	1.426324607412791934e-01	6.932921673493835923e-02	2.777084107700427199e-02	7.040957010296043650e-02
1.005772427418933376e+03	2.848868697928166882e-01	1.700388542145482296e-01	2.346878007391677012e-01	1.427411356298479983e-01	6.937389005464666969e-02	2.779472215480198807e-02	7.047672741412894237e-02
1.007223758483029997e+03	2.846253064172089009e-01	1.698806813877871968e-01	2.348635665515039772e-01	1.428496174009938613e-01	6.941848733149755257e-02	2.781856966576572859e-02	7.054377124520100351e-02
1.008675089547126618e+03	2.843641947996732311e-01	1.697227817573954134e-01	2.350390228986058427e-01	1.429579064151290657e-01	6.946300869830482339e-02	2.784238366110398585e-02	7.061070176974583446e-02
1.010126420611223239e+03	2.841035341591306440e-01	1.695651548509736761e-01	2.352141703171961862e-01	1.430660030318646747e-01	6.950745428761345712e-02	2.786616419193713515e-02	7.067751916124249967e-02
1.011577751675319632e+03	2.838433237158566325e-01	1.694078001969425151e-01	2.353890093430692776e-01	1.431739076100134733e-01	6.955182423170040706e-02	2.788991130929764292e-02	7.074422359307826202e-02
1.013029082739416367e+03	2.835835626914794405e-01	1.692507173245409446e-01	2.355635405110923786e-01	1.432816205075927718e-01	6.959611866257556234e-02	2.791362506413027841e-02	7.081081523854684812e-02
1.014480413803512761e+03	2.833242503089771769e-01	1.690939057638248255e-01	2.357377643552073798e-01	1.433891420818271811e-01	6.964033771198260836e-02	2.793730550729232182e-02	7.087729427084678291e-02
1.015931744867609382e+03	2.830653857926757611e-01	1.689373650456654496e-01	2.359116814084323555e-01	1.434964726891513609e-01	6.968448151139987334e-02	2.796095268955376204e-02	7.094366086307971053e-02
1.017383075931706003e+03	2.828069683682463142e-01	1.687810947017482632e-01	2.360852922028632284e-01	1.436036126852129613e-01	6.972855019204124427e-02	2.798456666159751874e-02	7.100991518824875670e-02
1.018834406995802851e+03	2.825489972627030499e-01	1.686250942645712292e-01	2.362585972696752412e-01	1.437105624248752322e-01	6.977254388485698566e-02	2.800814747401964011e-02	7.107605741925696052e-02
1.020285738059899245e+03	2.822914717044004984e-01	1.684693632674434949e-01	2.364315971391247884e-01	1.438173222622197989e-01	6.981646272053462776e-02	2.803169517732950061e-02	7.114208772890559529e-02
1.021737069123995752e+03	2.820343909230317303e-01	1.683139012444839766e-01	2.366042923405507481e-01	1.439238925505494648e-01	6.986030682949979920e-02	2.805520982195002302e-02	7.120800628989261416e-02
1.023188400188092373e+03	2.817777541496254146e-01	1.681587077306198885e-01	2.367766834023762590e-01	1.440302736423907382e-01	6.990407634191711517e-02	2.807869145821785539e-02	7.127381327481110973e-02
1.024639731252188767e+03	2.815215606165438755e-01	1.680037822615852994e-01	2.369487708521101910e-01	1.441364658894967732e-01	6.994777138769098235e-02	2.810214013638360001e-02	7.133950885614771809e-02
1.026091062316285615e+03	2.812658095574805950e-01	1.678491243739198002e-01	2.371205552163487829e-01	1.442424696428497854e-01	6.999139209646644544e-02	2.812555590661199381e-02	7.140509320628112000e-02
1.027542393380382237e+03	2.810105002074578251e-01	1.676947336049669779e-01	2.372920370207772245e-01	1.443482852526639104e-01	7.003493859763001983e-02	2.814893881898212005e-02	7.147056649748052826e-02
1.028993724444478858e+03	2.807556318028243125e-01	1.675406094928730549e-01	2.374632167901712110e-01	1.444539130683877293e-01	7.007841102031052427e-02	2.817228892348759908e-02	7.153592890190417497e-02
1.030445055508575479e+03	2.805012035812530780e-01	1.673867515765854741e-01	2.376340950483985526e-01	1.445593534387069612e-01	7.012180949337989966e-02	2.819560627003679307e-02	7.160118059159784054e-02
1.031896386572671872e+03	2.802472147817388626e-01	1.672331593958514273e-01	2.378046723184208122e-01	1.446646067115470724e-01	7.016513414545405558e-02	2.821889090845300027e-02	7.166632173849341036e-02
1.033347717636768493e+03	2.799936646445959632e-01	1.670798324912166066e-01	2.379749491222946656e-01	1.447696732340758019e-01	7.020838510489361972e-02	2.824214288847465629e-02	7.173135251440741766e-02
1.034799048700865114e+03	2.797405524114558450e-01	1.669267704040235667e-01	2.381449259811736219e-01	1.448745533527057983e-01	7.025156249980481216e-02	2.826536225975552485e-02	7.179627309103961408e-02
1.036250379764961508e+03	2.794878773252648108e-01	1.667739726764105035e-01	2.383146034153096338e-01	1.449792474130972009e-01	7.029466645804020863e-02	2.828854907186489215e-02	7.186108363997156800e-02
1.037701710829058356e+03	2.792356386302818350e-01	1.666214388513097833e-01	2.384839819440545405e-01	1.450837557601601102e-01	7.033769710719955937e-02	2.831170337428776454e-02	7.192578433266524907e-02
1.039153041893154750e+03	2.789838355720760665e-01	1.664691684724465270e-01	2.386530620858616780e-01	1.451880787380572524e-01	7.038065457463055230e-02	2.833482521642506288e-02	7.199037534046170972e-02
1.040604372957251599e+03	2.787324673975246081e-01	1.663171610843373338e-01	2.388218443582874884e-01	1.452922166902063661e-01	7.042353898742964580e-02	2.835791464759380986e-02	7.205485683457966972e-02
1.042055704021347992e+03	2.784815333548101846e-01	1.661654162322886708e-01	2.389903292779929633e-01	1.453961699592827839e-01	7.046635047244283190e-02	2.838097171702732430e-02	7.211922898611419774e-02
1.043507035085444613e+03	2.782310326934189226e-01	1.660139334623956242e-01	2.391585173607452819e-01	1.454999388872218746e-01	7.050908915626641349e-02	2.840399647387541540e-02	7.218349196603536522e-02
1.044958366149541234e+03	2.779809646641380749e-01	1.658627123215406229e-01	2.393264091214193645e-01	1.456035238152215139e-01	7.055175516524779533e-02	2.842698896720456322e-02	7.224764594518696958e-02
1.046409697213637855e+03	2.777313285190536885e-01	1.657117523573917450e-01	2.394940050739993165e-01	1.457069250837446373e-01	7.059434862548620571e-02	2.844994924599812333e-02	7.231169109428521591e-02
1.047861028277734476e+03	2.774821235115482176e-01	1.655610531184016632e-01	2.396613057315801210e-01	1.458101430325215442e-01	7.063686966283352908e-02	2.847287735915649681e-02	7.237562758391744011e-02
1.049312359341831097e+03	2.772333488962984149e-01	1.654106141538060071e-01	2.398283116063690545e-01	1.459131780005524792e-01	7.067931840289501388e-02	2.849577335549733151e-02	7.243945558454081834e-02
1.050763690405927491e+03	2.769850039292729438e-01	1.652604350136220868e-01	2.399950232096872693e-01	1.460160303261098524e-01	7.072169497103007740e-02	2.851863728375570936e-02	7.250317526648115962e-02
1.052215021470024112e+03	2.767370878677301582e-01	1.651105152486476435e-01	2.401614410519713194e-01	1.461187003467408763e-01	7.076399949235301357e-02	2.854146919258431989e-02	7.256678679993169845e-02
1.053666352534120733e+03	2.764895999702159934e-01	1.649608544104592400e-01	2.403275656427747986e-01	1.462211883992698136e-01	7.080623209173377008e-02	2.856426913055365793e-02	7.263029035495177643e-02
1.055117683598217127e+03	2.762425394965613568e-01	1.648114520514110948e-01	2.404933974907696725e-01	1.463234948198003094e-01	7.084839289379868399e-02	2.858703714615220756e-02	7.269368610146573206e-02
1.056569014662313975e+03	2.759959057078801292e-01	1.646623077246335554e-01	2.406589371037479441e-01	1.464256199437178885e-01	7.089048202293123102e-02	2.860977328778661552e-02	7.275697420926167946e-02
1.058020345726410369e+03	2.757496978665669451e-01	1.645134209840318495e-01	2.408241849886231800e-01	1.465275641056922040e-01	7.093249960327270565e-02	2.863247760378188553e-02	7.282015484799030103e-02
1.059471676790506763e+03	2.755039152362947497e-01	1.643647913842846420e-01	2.409891416514318985e-01	1.466293276396793965e-01	7.097444575872303985e-02	2.865515014238155522e-02	7.288322818716373719e-02
1.060923007854603611e+03	2.752585570820127447e-01	1.642164184808427574e-01	2.411538075973352901e-01	1.467309108789244254e-01	7.101632061294148313e-02	2.867779095174787657e-02	7.294619439615444845e-02
1.062374338918700232e+03	2.750136226699440023e-01	1.640683018299277651e-01	2.413181833306206336e-01	1.468323141559633449e-01	7.105812428934731029e-02	2.870040007996200321e-02	7.300905364419400800e-02
1.063825669982796853e+03	2.747691112675832437e-01	1.639204409885306191e-01	2.414822693547027388e-01	1.469335378026256078e-01	7.109985691112057082e-02	2.872297757502416046e-02	7.307180610037210255e-02
1.065277001046893474e+03	2.745250221436948412e-01	1.637728355144103531e-01	2.416460661721255565e-01	1.470345821500363692e-01	7.114151860120278281e-02	2.874552348485384309e-02	7.313445193363528329e-02
1.066728332110990095e+03	2.742813545683102094e-01	1.636254849660927213e-01	2.418095742845636775e-01	1.471354475286187624e-01	7.118310948229765456e-02	2.876803785728996449e-02	7.319699131278600834e-02
1.068179663175086489e+03	2.740381078127259729e-01	1.634783889028687542e-01	2.419727941928237758e-01	1.472361342680961194e-01	7.122462967687180624e-02	2.879052074009107176e-02	7.325942440648151865e-02
1.069630994239183110e+03	2.737952811495014682e-01	1.633315468847935659e-01	2.421357263968462459e-01	1.473366426974941634e-01	7.126607930715542216e-02	2.881297218093548107e-02	7.332175138323275554e-02
1.071082325303279504e+03	2.735528738524564685e-01	1.631849584726849656e-01	2.422983713957064800e-01	1.474369731451433685e-01	7.130745849514298629e-02	2.883539222742149619e-02	7.338397241140331984e-02
1.072533656367376352e+03	2.733108851966694619e-01	1.630386232281220149e-01	2.424607296876166163e-01	1.475371259386810407e-01	7.134876736259397612e-02	2.885778092706754727e-02	7.344608765920847271e-02
1.073984987431472746e+03	2.730693144584748211e-01	1.628925407134438064e-01	2.426228017699268436e-01	1.476371014050535946e-01	7.139000603103355658e-02	2.888013832731239211e-02	7.350809729471406706e-02
1.075436318495569594e+03	2.728281609154610821e-01	1.627467104917481033e-01	2.427845881391270111e-01	1.477368998705188008e-01	7.143117462175324617e-02	2.890246447551528611e-02	7.357000148583558996e-02
1.076887649559666215e+03	2.725874238464684463e-01	1.626011321268899801e-01	2.429460892908480996e-01	1.478365216606477850e-01	7.147227325581161084e-02	2.892475941895614536e-02	7.363180040033708018e-02
1.078338980623762609e+03	2.723471025315867267e-01	1.624558051834805172e-01	2.431073057198635812e-01	1.479359671003273591e-01	7.151330205403495788e-02	2.894702320483572358e-02	7.369349420583026777e-02
1.079790311687859230e+03	2.721071962521532384e-01	1.623107292268854696e-01	2.432682379200911127e-01	1.480352365137621307e-01	7.155426113701794655e-02	2.896925588027578907e-02	7.375508306977351936e-02
1.081241642751955851e+03	2.718677042907503560e-01	1.621659038232239614e-01	2.434288863845938400e-01	1.481343302244765570e-01	7.159515062512436523e-02	2.899145749231929817e-02	7.381656715947088054e-02
1.082692973816052472e+03	2.716286259312034601e-01	1.620213285393671543e-01	2.435892516055820078e-01	1.482332485553172485e-01	7.163597063848770041e-02	2.901362808793056178e-02	7.387794664207114614e-02
1.084144304880149093e+03	2.713899604585789382e-01	1.618770029429368040e-01	2.437493340744143477e-01	1.483319918284549399e-01	7.167672129701187222e-02	2.903576771399540499e-02	7.393922168456695809e-02
1.085595635944245487e+03	2.711517071591818540e-01	1.617329266023041778e-01	2.439091342815996044e-01	1.484305603653866545e-01	7.171740272037183117e-02	2.905787641732136481e-02	7.400039245379384789e-02
1.087046967008342108e+03	2.709138653205536151e-01	1.615890990865885835e-01	2.440686527167980069e-01	1.485289544869377587e-01	7.175801502801427978e-02	2.907995424463783243e-02	7.406145911642933455e-02
1.088498298072438729e+03	2.706764342314700866e-01	1.614455199656560369e-01	2.442278898688226563e-01	1.486271745132640709e-01	7.179855833915825547e-02	2.910200124259623364e-02	7.412242183899203640e-02
1.089949629136535123e+03	2.704394131819392588e-01	1.613021888101181245e-01	2.443868462256411356e-01	1.487252207638539991e-01	7.183903277279585220e-02	2.912401745777019879e-02	7.418328078784079682e-02
1.091400960200631971e+03	2.702028014631992492e-01	1.611591051913304762e-01	2.445455222743768420e-01	1.488230935575304559e-01	7.187943844769281720e-02	2.914600293665572245e-02	7.424403612917376827e-02
1.092852291264728365e+03	2.699665983677160264e-01	1.610162686813916000e-01	2.447039185013105134e-01	1.489207932124529954e-01	7.191977548238918938e-02	2.916795772567133335e-02	7.430468802902762127e-02
1.094303622328825213e+03	2.697308031891812452e-01	1.608736788531415496e-01	2.448620353918817272e-01	1.490183200461199231e-01	7.196004399519997929e-02	2.918988187115826097e-02	7.436523665327662846e-02
1.095754953392921607e+03	2.694954152225101374e-01	1.607313352801606199e-01	2.450198734306902326e-01	1.491156743753701552e-01	7.200024410421576593e-02	2.921177541938060201e-02	7.442568216763184585e-02
1.097206284457018228e+03	2.692604337638392908e-01	1.605892375367680147e-01	2.451774331014975328e-01	1.492128565163853560e-01	7.204037592730334894e-02	2.923363841652548006e-02	7.448602473764033560e-02
1.098657615521114849e+03	2.690258581105247626e-01	1.604473851980205978e-01	2.453347148872282446e-01	1.493098667846918526e-01	7.208043958210634539e-02	2.925547090870321554e-02	7.454626452868425013e-02
1.100108946585211470e+03	2.687916875611396916e-01	1.603057778397116440e-01	2.454917192699716255e-01	1.494067054951627727e-01	7.212043518604588366e-02	2.927727294194748878e-02	7.460640170598015208e-02
1.101560277649308091e+03	2.685579214154722449e-01	1.601644150383693954e-01	2.456484467309829611e-01	1.495033729620198204e-01	7.216036285632114466e-02	2.929904456221549269e-02	7.466643643457811230e-02
1.103011608713404712e+03	2.683245589745236193e-01	1.600232963712559242e-01	2.458048977506850363e-01	1.495998694988354694e-01	7.220022270991002800e-02	2.932078581538810971e-02	7.472636887936098815e-02
1.104462939777501106e+03	2.680915995405056540e-01	1.598824214163657997e-01	2.459610728086695786e-01	1.496961954185347110e-01	7.224001486356974866e-02	2.934249674727006096e-02	7.478619920504364638e-02
1.105914270841597499e+03	2.678590424168388884e-01	1.597417897524247843e-01	2.461169723836986734e-01	1.497923510333971919e-01	7.227973943383746158e-02	2.936417740359007628e-02	7.484592757617215819e-02
1.107365601905694348e+03	2.676268869081503965e-01	1.596014009588885563e-01	2.462725969537062076e-01	1.498883366550590457e-01	7.231939653703084447e-02	2.938582783000105031e-02	7.490555415712311926e-02
1.108816932969790741e+03	2.673951323202718444e-01	1.594612546159414890e-01	2.464279469957993407e-01	1.499841525945148080e-01	7.235898628924875009e-02	2.940744807208019868e-02	7.496507911210285868e-02
1.110268264033887590e+03	2.671637779602371032e-01	1.593213503044952628e-01	2.465830229862598366e-01	1.500797991621193594e-01	7.239850880637174746e-02	2.942903817532922794e-02	7.502450260514675895e-02
1.111719595097984211e+03	2.669328231362803616e-01	1.591816876061876995e-01	2.467378254005456739e-01	1.501752766675899242e-01	7.243796420406276027e-02	2.945059818517447789e-02	7.508382480011845106e-02
1.113170926162080832e+03	2.667022671578339610e-01	1.590422661033814022e-01	2.468923547132922669e-01	1.502705854200078184e-01	7.247735259776764971e-02	2.947212814696710190e-02	7.514304586070920389e-02
1.114622257226177226e+03	2.664721093355261194e-01	1.589030853791625897e-01	2.470466113983141032e-01	1.503657257278204762e-01	7.251667410271582515e-02	2.949362810598320228e-02	7.520216595043717478e-02
1.116073588290273847e+03	2.662423489811791555e-01	1.587641450173397084e-01	2.472005959286058818e-01	1.504606978988431987e-01	7.255592883392082693e-02	2.951509810742400028e-02	7.526118523264671567e-02
1.117524919354370468e+03	2.660129854078073230e-01	1.586254446024423226e-01	2.473543087763442339e-01	1.505555022402611243e-01	7.259511690618085378e-02	2.953653819641598524e-02	7.532010387050770694e-02
1.118976250418467089e+03	2.657840179296145355e-01	1.584869837197196429e-01	2.475077504128889716e-01	1.506501390586310052e-01	7.263423843407942893e-02	2.955794841801107770e-02	7.537892202701491906e-02
1.120427581482563710e+03	2.655554458619925340e-01	1.583487619551394443e-01	2.476609213087845041e-01	1.507446086598831780e-01	7.267329353198594133e-02	2.957932881718677853e-02	7.543763986498727703e-02
1.121878912546660331e+03	2.653272685215185001e-01	1.582107788953867888e-01	2.478138219337612802e-01	1.508389113493232014e-01	7.271228231405624243e-02	2.960067943884632166e-02	7.549625754706731917e-02
1.123330243610756725e+03	2.650994852259533907e-01	1.580730341278626661e-01	2.479664527567372323e-01	1.509330474316339099e-01	7.275120489423320125e-02	2.962200032781883707e-02	7.555477523572044773e-02
1.124781574674853118e+03	2.648720952942395512e-01	1.579355272406827992e-01	2.481188142458191359e-01	1.510270172108770792e-01	7.279006138624724565e-02	2.964329152885949309e-02	7.561319309323438764e-02
1.126232905738949967e+03	2.646450980464987723e-01	1.577982578226764798e-01	2.482709068683039977e-01	1.511208209904953137e-01	7.282885190361700067e-02	2.966455308664966636e-02	7.567151128171850649e-02
1.127684236803046360e+03	2.644184928040301252e-01	1.576612254633851518e-01	2.484227310906805264e-01	1.512144590733138227e-01	7.286757655964980207e-02	2.968578504579707025e-02	7.572972996310324556e-02
1.129135567867143209e+03	2.641922788893081853e-01	1.575244297530613014e-01	2.485742873786304930e-01	1.513079317615421693e-01	7.290623546744227912e-02	2.970698745083592482e-02	7.578784929913945367e-02
1.130586898931239830e+03	2.639664556259805894e-01	1.573878702826671527e-01	2.487255761970300627e-01	1.514012393567761294e-01	7.294482873988089588e-02	2.972816034622710948e-02	7.584586945139788761e-02
1.132038229995336451e+03	2.637410223388663155e-01	1.572515466438734189e-01	2.488765980099512942e-01	1.514943821599994134e-01	7.298335648964252020e-02	2.974930377635829140e-02	7.590379058126857370e-02
1.133489561059432845e+03	2.635159783539534617e-01	1.571154584290581635e-01	2.490273532806635270e-01	1.515873604715854417e-01	7.302181882919497879e-02	2.977041778554411280e-02	7.596161284996018337e-02
1.134940892123529466e+03	2.632913229983972481e-01	1.569796052313053858e-01	2.491778424716347140e-01	1.516801745912991217e-01	7.306021587079761237e-02	2.979150241802629856e-02	7.601933641849960288e-02
1.136392223187626087e+03	2.630670556005179628e-01	1.568439866444038822e-01	2.493280660445327535e-01	1.517728248182985129e-01	7.309854772650180299e-02	2.981255771797383658e-02	7.607696144773122560e-02
1.137843554251722708e+03	2.628431754897989081e-01	1.567086022628461084e-01	2.494780244602270713e-01	1.518653114511367141e-01	7.313681450815154306e-02	2.983358372948312007e-02	7.613448809831649400e-02
1.139294885315819101e+03	2.626196819968845131e-01	1.565734516818267363e-01	2.496277181787898147e-01	1.519576347877634181e-01	7.317501632738397654e-02	2.985458049657808283e-02	7.619191653073338621e-02
1.140746216379915950e+03	2.623965744535781131e-01	1.564385344972416825e-01	2.497771476594973228e-01	1.520497951255267710e-01	7.321315329562991248e-02	2.987554806321035886e-02	7.624924690527576376e-02
1.142197547444012343e+03	2.621738521928400067e-01	1.563038503056866368e-01	2.499263133608314591e-01	1.521417927611750098e-01	7.325122552411436616e-02	2.989648647325942807e-02	7.630647938205295522e-02
1.143648878508108737e+03	2.619515145487855690e-01	1.561693987044560361e-01	2.500752157404810827e-01	1.522336279908581003e-01	7.328923312385714206e-02	2.991739577053275506e-02	7.636361412098922885e-02
1.145100209572205586e+03	2.617295608566829190e-01	1.560351792915416758e-01	2.502238552553431861e-01	1.523253011101296517e-01	7.332717620567329175e-02	2.993827599876594872e-02	7.642065128182322364e-02
1.146551540636302207e+03	2.615079904529512556e-01	1.559011916656315722e-01	2.503722323615246159e-01	1.524168124139483049e-01	7.336505488017372456e-02	2.995912720162290099e-02	7.647759102410751908e-02
1.148002871700398828e+03	2.612868026751586359e-01	1.557674354261088245e-01	2.505203475143431002e-01	1.525081621966796752e-01	7.340286925776563776e-02	2.997994942269592566e-02	7.653443350720812166e-02
1.149454202764495449e+03	2.610659968620200333e-01	1.556339101730502272e-01	2.506682011683287747e-01	1.525993507520978232e-01	7.344061944865312719e-02	3.000074270550591449e-02	7.659117889030396531e-02
1.150905533828591842e+03	2.608455723533952275e-01	1.555006155072252427e-01	2.508157937772257373e-01	1.526903783733870867e-01	7.347830556283767300e-02	3.002150709350246902e-02	7.664782733238646728e-02
1.152356864892688463e+03	2.606255284902870284e-01	1.553675510300946694e-01	2.509631257939929916e-01	1.527812453531434966e-01	7.351592771011863925e-02	3.004224263006405327e-02	7.670437899225905631e-02
1.153808195956785084e+03	2.604058646148390554e-01	1.552347163438094202e-01	2.511101976708061123e-01	1.528719519833767193e-01	7.355348600009382898e-02	3.006294935849813596e-02	7.676083402853668691e-02
1.155259527020881706e+03	2.601865800703340170e-01	1.551021110512093848e-01	2.512570098590585776e-01	1.529624985555114447e-01	7.359098054215992835e-02	3.008362732204133277e-02	7.681719259964538138e-02
1.156710858084978327e+03	2.599676742011913788e-01	1.549697347558222082e-01	2.514035628093628794e-01	1.530528853603890793e-01	7.362841144551314498e-02	3.010427656385954512e-02	7.687345486382184123e-02
1.158162189149074720e+03	2.597491463529656985e-01	1.548375870618620698e-01	2.515498569715521326e-01	1.531431126882694393e-01	7.366577881914958270e-02	3.012489712704810238e-02	7.692962097911301700e-02
1.159613520213171569e+03	2.595309958723444610e-01	1.547056675742285448e-01	2.516958927946814639e-01	1.532331808288323050e-01	7.370308277186582435e-02	3.014548905463190764e-02	7.698569110337559473e-02
1.161064851277267962e+03	2.593132221071460797e-01	1.545739758985053003e-01	2.518416707270290655e-01	1.533230900711790301e-01	7.374032341225940368e-02	3.016605238956557300e-02	7.704166539427564908e-02
1.162516182341364356e+03	2.590958244063180649e-01	1.544425116409590404e-01	2.519871912160978611e-01	1.534128407038340691e-01	7.377750084872931879e-02	3.018658717473356526e-02	7.709754400928821305e-02
1.163967513405461204e+03	2.588788021199349698e-01	1.543112744085381460e-01	2.521324547086166157e-01	1.535024330147466698e-01	7.381461518947653178e-02	3.020709345295034126e-02	7.715332710569686170e-02
1.165418844469557826e+03	2.586621545991965032e-01	1.541802638088716204e-01	2.522774616505413792e-01	1.535918672912924277e-01	7.385166654250445439e-02	3.022757126696048666e-02	7.720901484059333741e-02
1.166870175533654447e+03	2.584458811964254199e-01	1.540494794502678400e-01	2.524222124870567074e-01	1.536811438202748126e-01	7.388865501561947546e-02	3.024802065943886162e-02	7.726460737087711972e-02
1.168321506597751068e+03	2.582299812650655779e-01	1.539189209417134441e-01	2.525667076625772722e-01	1.537702628879267785e-01	7.392558071643137718e-02	3.026844167299072921e-02	7.732010485325505056e-02
1.169772837661847461e+03	2.580144541596801622e-01	1.537885878928720029e-01	2.527109476207489713e-01	1.538592247799122070e-01	7.396244375235391799e-02	3.028883435015190459e-02	7.737550744424100124e-02
1.171224168725944082e+03	2.577992992359496860e-01	1.536584799140829349e-01	2.528549328044502609e-01	1.539480297813277110e-01	7.399924423060526280e-02	3.030919873338888335e-02	7.743081530015546998e-02
1.172675499790040703e+03	2.575845158506698263e-01	1.535285966163603688e-01	2.529986636557934876e-01	1.540366781767038284e-01	7.403598225820846868e-02	3.032953486509898378e-02	7.748602857712520720e-02
1.174126830854137097e+03	2.573701033617497580e-01	1.533989376113918668e-01	2.531421406161263876e-01	1.541251702500069098e-01	7.407265794199199838e-02	3.034984278761047871e-02	7.754114743108286856e-02
1.175578161918233945e+03	2.571560611282099895e-01	1.532695025115373144e-01	2.532853641260331412e-01	1.542135062846403393e-01	7.410927138859016439e-02	3.037012254318273777e-02	7.759617201776669582e-02
1.177029492982330339e+03	2.569423885101806415e-01	1.531402909298277271e-01	2.534283346253358160e-01	1.543016865634462276e-01	7.414582270444360079e-02	3.039037417400635571e-02	7.765110249272010046e-02
1.178480824046426733e+03	2.567290848688991711e-01	1.530113024799640564e-01	2.535710525530957549e-01	1.543897113687068834e-01	7.418231199579980450e-02	3.041059772220329818e-02	7.770593901129140002e-02
1.179932155110523581e+03	2.565161495667089842e-01	1.528825367763160803e-01	2.537135183476150191e-01	1.544775809821463119e-01	7.421873936871353772e-02	3.043079322982702312e-02	7.776068172863345729e-02
1.181383486174620202e+03	2.563035819670569926e-01	1.527539934339212091e-01	2.538557324464372211e-01	1.545652956849317416e-01	7.425510492904734139e-02	3.045096073886262647e-02	7.781533079970336109e-02
1.182834817238716823e+03	2.560913814344918937e-01	1.526256720684832369e-01	2.539976952863491899e-01	1.546528557576750673e-01	7.429140878247195157e-02	3.047110029122697406e-02	7.786988637926210710e-02
1.184286148302813444e+03	2.558795473346622829e-01	1.524975722963713698e-01	2.541394073033824696e-01	1.547402614804343768e-01	7.432765103446682675e-02	3.049121192876882991e-02	7.792434862187429256e-02
1.185737479366910065e+03	2.556680790343146548e-01	1.523696937346188662e-01	2.542808689328141525e-01	1.548275131327153664e-01	7.436383179032060586e-02	3.051129569326899507e-02	7.797871768190781094e-02
1.187188810431006686e+03	2.554569759012916275e-01	1.522420360009219820e-01	2.544220806091684328e-01	1.549146109934728399e-01	7.439995115513155233e-02	3.053135162644043596e-02	7.803299371353354663e-02
1.188640141495103080e+03	2.552462373045299437e-01	1.521145987136387767e-01	2.545630427662179951e-01	1.550015553411122349e-01	7.443600923380798429e-02	3.055137976992841967e-02	7.808717687072508351e-02
1.190091472559199701e+03	2.550358626140584728e-01	1.519873814917880317e-01	2.547037558369851795e-01	1.550883464534909828e-01	7.447200613106878808e-02	3.057138016531064581e-02	7.814126730725842740e-02
1.191542803623296322e+03	2.548258512009964338e-01	1.518603839550479728e-01	2.548442202537432588e-01	1.551749846079200079e-01	7.450794195144382071e-02	3.059135285409737143e-02	7.819526517671171462e-02
1.192994134687392716e+03	2.546162024375513977e-01	1.517336057237552716e-01	2.549844364480177705e-01	1.552614700811651149e-01	7.454381679927440940e-02	3.061129787773156016e-02	7.824917063246498994e-02
1.194445465751489564e+03	2.544069156970175660e-01	1.516070464189037403e-01	2.551244048505880158e-01	1.553478031494485156e-01	7.457963077871380964e-02	3.063121527758898982e-02	7.830298382769983190e-02
1.195896796815585958e+03	2.541979903537738283e-01	1.514807056621433334e-01	2.552641258914880029e-01	1.554339840884502166e-01	7.461538399372759367e-02	3.065110509497839114e-02	7.835670491539918625e-02
1.197348127879682352e+03	2.539894257832815971e-01	1.513545830757789257e-01	2.554036000000078355e-01	1.555200131733093794e-01	7.465107654809417792e-02	3.067096737114159005e-02	7.841033404834708842e-02
1.198799458943779200e+03	2.537812213620833091e-01	1.512286782827690912e-01	2.555428276046951552e-01	1.556058906786258189e-01	7.468670854540516990e-02	3.069080214725361869e-02	7.846387137912838594e-02
1.200250790007875821e+03	2.535733764678002600e-01	1.511029909067251320e-01	2.556818091333564191e-01	1.556916168784614196e-01	7.472228008906593721e-02	3.071060946442285416e-02	7.851731706012850254e-02
1.201702121071972442e+03	2.533658904791309396e-01	1.509775205719098568e-01	2.558205450130580094e-01	1.557771920463414117e-01	7.475779128229592674e-02	3.073038936369115043e-02	7.857067124353322995e-02
1.203153452136069063e+03	2.531587627758490333e-01	1.508522669032364150e-01	2.559590356701275660e-01	1.558626164552558702e-01	7.479324222812919198e-02	3.075014188603395274e-02	7.862393408132846429e-02
1.204604783200165684e+03	2.529519927388014788e-01	1.507272295262672701e-01	2.560972815301553185e-01	1.559478903776611858e-01	7.482863302941479555e-02	3.076986707236044338e-02	7.867710572529998392e-02
1.206056114264262078e+03	2.527455797499068013e-01	1.506024080672129228e-01	2.562352830179954744e-01	1.560330140854812309e-01	7.486396378881722546e-02	3.078956496351365271e-02	7.873018632703322750e-02
1.207507445328358699e+03	2.525395231921530592e-01	1.504778021529308285e-01	2.563730405577671623e-01	1.561179878501089413e-01	7.489923460881688089e-02	3.080923560027059790e-02	7.878317603791307189e-02
1.208958776392455093e+03	2.523338224495960680e-01	1.503534114109243702e-01	2.565105545728560421e-01	1.562028119424075379e-01	7.493444559171047459e-02	3.082887902334240440e-02	7.883607500912363786e-02
1.210410107456551941e+03	2.521284769073575682e-01	1.502292354693416099e-01	2.566478254859154706e-01	1.562874866327119694e-01	7.496959683961142151e-02	3.084849527337442734e-02	7.888888339164806807e-02
1.211861438520648335e+03	2.519234859516233938e-01	1.501052739569742334e-01	2.567848537188675562e-01	1.563720121908303284e-01	7.500468845445035226e-02	3.086808439094639381e-02	7.894160133626834663e-02
1.213312769584745183e+03	2.517188489696414178e-01	1.499815265032564127e-01	2.569216396929047130e-01	1.564563888860449892e-01	7.503972053797547392e-02	3.088764641657250690e-02	7.899422899356506322e-02
1.214764100648841804e+03	2.515145653497199429e-01	1.498579927382636401e-01	2.570581838284908827e-01	1.565406169871142172e-01	7.507469319175304190e-02	3.090718139070159493e-02	7.904676651391728814e-02
1.216215431712937971e+03	2.513106344812257587e-01	1.497346722927117568e-01	2.571944865453625884e-01	1.566246967622733355e-01	7.510960651716773462e-02	3.092668935371720856e-02	7.909921404750229479e-02
1.217666762777034819e+03	2.511070557545821980e-01	1.496115647979556207e-01	2.573305482625303786e-01	1.567086284792361395e-01	7.514446061542311150e-02	3.094617034593776655e-02	7.915157174429546250e-02
1.219118093841131440e+03	2.509038285612675834e-01	1.494886698859881624e-01	2.574663693982801038e-01	1.567924124051961465e-01	7.517925558754198767e-02	3.096562440761667021e-02	7.920383975407006838e-02
1.220569424905228061e+03	2.507009522938130064e-01	1.493659871894392477e-01	2.576019503701740265e-01	1.568760488068280390e-01	7.521399153436691964e-02	3.098505157894243175e-02	7.925601822639709304e-02
1.222020755969324682e+03	2.504984263458008842e-01	1.492435163415744281e-01	2.577372915950520982e-01	1.569595379502888577e-01	7.524866855656058007e-02	3.100445190003879581e-02	7.930810731064515118e-02
1.223472087033421303e+03	2.502962501118627947e-01	1.491212569762940532e-01	2.578723934890334024e-01	1.570428801012193343e-01	7.528328675460616015e-02	3.102382541096486077e-02	7.936010715598017240e-02
1.224923418097517697e+03	2.500944229876779223e-01	1.489992087281320488e-01	2.580072564675171543e-01	1.571260755247452789e-01	7.531784622880779989e-02	3.104317215171520025e-02	7.941201791136538735e-02
1.226374749161614318e+03	2.498929443699710040e-01	1.488773712322547793e-01	2.581418809451841434e-01	1.572091244854788017e-01	7.535234707929099052e-02	3.106249216221998802e-02	7.946383972556109176e-02
1.227826080225710712e+03	2.496918136565107194e-01	1.487557441244599654e-01	2.582762673359978445e-01	1.572920272475196724e-01	7.538678940600299083e-02	3.108178548234512631e-02	7.951557274712456325e-02
1.229277411289807560e+03	2.494910302461076923e-01	1.486343270411757123e-01	2.584104160532055827e-01	1.573747840744565141e-01	7.542117330871321579e-02	3.110105215189234995e-02	7.956721712440986694e-02
1.230728742353903954e+03	2.492905935386127980e-01	1.485131196194592329e-01	2.585443275093399773e-01	1.574573952293681356e-01	7.545549888701368058e-02	3.112029221059936512e-02	7.961877300556774451e-02
1.232180073418000802e+03	2.490905029349153588e-01	1.483921214969957936e-01	2.586780021162201626e-01	1.575398609748248635e-01	7.548976624031936145e-02	3.113950569813995692e-02	7.967024053854547538e-02
1.233631404482097196e+03	2.488907578369412010e-01	1.482713323120977700e-01	2.588114402849528428e-01	1.576221815728897080e-01	7.552397546786862592e-02	3.115869265412412117e-02	7.972161987108675185e-02
1.235082735546193817e+03	2.486913576476510457e-01	1.481507517037033150e-01	2.589446424259336244e-01	1.577043572851196951e-01	7.555812666872359362e-02	3.117785311809817203e-02	7.977291115073155414e-02
1.236534066610290438e+03	2.484923017710385651e-01	1.480303793113754707e-01	2.590776089488483480e-01	1.577863883725671434e-01	7.559221994177059423e-02	3.119698712954487377e-02	7.982411452481603942e-02
1.237985397674387059e+03	2.482935896121286068e-01	1.479102147753010021e-01	2.592103402626742548e-01	1.578682750957808023e-01	7.562625538572050055e-02	3.121609472788355530e-02	7.987523014047240300e-02
1.239436728738483680e+03	2.480952205769754448e-01	1.477902577362892877e-01	2.593428367756809294e-01	1.579500177148072670e-01	7.566023309910918648e-02	3.123517595247022466e-02	7.992625814462878120e-02
1.240888059802580301e+03	2.478971940726610035e-01	1.476705078357712919e-01	2.594750988954320214e-01	1.580316164891921171e-01	7.569415318029786011e-02	3.125423084259769391e-02	7.997719868400915422e-02
1.242339390866676695e+03	2.476995095072930253e-01	1.475509647157983995e-01	2.596071270287861332e-01	1.581130716779811651e-01	7.572801572747349386e-02	3.127325943749569015e-02	8.002805190513324896e-02
1.243790721930773088e+03	2.475021662900032393e-01	1.474316280190414163e-01	2.597389215818981523e-01	1.581943835397217335e-01	7.576182083864924088e-02	3.129226177633098738e-02	8.007881795431642802e-02
1.245242052994869937e+03	2.473051638309456679e-01	1.473124973887895151e-01	2.598704829602203614e-01	1.582755523324638480e-01	7.579556861166471260e-02	3.131123789820751402e-02	8.012949697766957868e-02
1.246693384058966330e+03	2.471085015412949060e-01	1.471935724689490410e-01	2.600018115685037712e-01	1.583565783137614313e-01	7.582925914418650604e-02	3.133018784216646396e-02	8.018008912109907127e-02
1.248144715123063179e+03	2.469121788332441225e-01	1.470748529040425967e-01	2.601329078107993964e-01	1.584374617406735797e-01	7.586289253370848140e-02	3.134911164718642840e-02	8.023059453030664812e-02
1.249596046187159800e+03	2.467161951200035341e-01	1.469563383392077371e-01	2.602637720904592000e-01	1.585182028697657564e-01	7.589646887755222004e-02	3.136800935218349989e-02	8.028101335078929868e-02
1.251047377251256421e+03	2.465205498157985176e-01	1.468380284201962205e-01	2.603944048101375919e-01	1.585988019571109853e-01	7.592998827286732977e-02	3.138688099601140424e-02	8.033134572783927341e-02
1.252498708315352815e+03	2.463252423358677778e-01	1.467199227933725925e-01	2.605248063717924278e-01	1.586792592582910444e-01	7.596345081663188892e-02	3.140572661746159761e-02	8.038159180654395886e-02
1.253950039379449436e+03	2.461302720964617663e-01	1.466020211057134093e-01	2.606549771766863977e-01	1.587595750283977702e-01	7.599685660565283496e-02	3.142454625526338446e-02	8.043175173178578052e-02
1.255401370443546057e+03	2.459356385148407653e-01	1.464843230048059608e-01	2.607849176253880241e-01	1.588397495220340572e-01	7.603020573656626979e-02	3.144333994808405641e-02	8.048182564824220286e-02
1.256852701507642678e+03	2.457413410092732231e-01	1.463668281388473824e-01	2.609146281177731064e-01	1.589197829933151895e-01	7.606349830583790383e-02	3.146210773452896153e-02	8.053181370038561826e-02
1.258304032571739299e+03	2.455473789990339772e-01	1.462495361566434893e-01	2.610441090530255526e-01	1.589996756958699520e-01	7.609673440976340297e-02	3.148084965314167788e-02	8.058171603248330539e-02
1.259755363635835920e+03	2.453537519044024229e-01	1.461324467076076661e-01	2.611733608296391007e-01	1.590794278828419339e-01	7.612991414446876326e-02	3.149956574240408980e-02	8.063153278859735984e-02
1.261206694699932314e+03	2.451604591466609306e-01	1.460155594417599789e-01	2.613023838454180958e-01	1.591590398068905288e-01	7.616303760591068561e-02	3.151825604073649895e-02	8.068126411258470798e-02
1.262658025764028707e+03	2.449675001480930148e-01	1.458988740097260095e-01	2.614311784974786002e-01	1.592385117201921552e-01	7.619610488987690888e-02	3.153692058649775615e-02	8.073091014809696819e-02
1.264109356828125556e+03	2.447748743319815012e-01	1.457823900627358005e-01	2.615597451822501140e-01	1.593178438744415892e-01	7.622911609198666782e-02	3.155555941798537239e-02	8.078047103858046474e-02
1.265560687892221949e+03	2.445825811226069735e-01	1.456661072526227729e-01	2.616880842954762421e-01	1.593970365208528250e-01	7.626207130769095677e-02	3.157417257343560907e-02	8.082994692727618613e-02
1.267012018956318798e+03	2.443906199452459127e-01	1.455500252318228382e-01	2.618161962322160807e-01	1.594760899101604068e-01	7.629497063227298759e-02	3.159276009102363753e-02	8.087933795721972963e-02
1.268463350020415419e+03	2.441989902261689771e-01	1.454341436533731768e-01	2.619440813868454399e-01	1.595550042926206502e-01	7.632781416084848114e-02	3.161132200886358767e-02	8.092864427124128734e-02
1.269914681084511813e+03	2.440076913926393642e-01	1.453184621709112112e-01	2.620717401530580082e-01	1.596337799180126416e-01	7.636060198836608359e-02	3.162985836500872144e-02	8.097786601196560463e-02
1.271366012148608434e+03	2.438167228729110070e-01	1.452029804386736900e-01	2.621991729238664082e-01	1.597124170356393480e-01	7.639333420960767174e-02	3.164836919745150912e-02	8.102700332181196619e-02
1.272817343212705055e+03	2.436260840962267693e-01	1.450876981114955777e-01	2.623263800916036947e-01	1.597909158943290053e-01	7.642601091918875544e-02	3.166685454412374728e-02	8.107605634299415442e-02
1.274268674276801676e+03	2.434357744928169753e-01	1.449726148448088336e-01	2.624533620479240215e-01	1.598692767424359229e-01	7.645863221155883849e-02	3.168531444289668375e-02	8.112502521752044948e-02
1.275720005340898297e+03	2.432457934938974664e-01	1.448577302946416900e-01	2.625801191838041948e-01	1.599474998278418436e-01	7.649119818100175161e-02	3.170374893158110774e-02	8.117391008719361534e-02
1.277171336404994690e+03	2.430561405316679913e-01	1.447430441176174309e-01	2.627066518895449510e-01	1.600255853979569431e-01	7.652370892163604110e-02	3.172215804792746785e-02	8.122271109361088592e-02
1.278622667469091539e+03	2.428668150393104297e-01	1.446285559709533930e-01	2.628329605547716219e-01	1.601035336997210234e-01	7.655616452741528799e-02	3.174054182962599696e-02	8.127142837816395127e-02
1.280073998533187932e+03	2.426778164509871549e-01	1.445142655124598829e-01	2.629590455684358563e-01	1.601813449796045952e-01	7.658856509212845498e-02	3.175890031430680244e-02	8.132006208203895747e-02
1.281525329597284326e+03	2.424891442018393406e-01	1.444001724005393172e-01	2.630849073188163967e-01	1.602590194836099879e-01	7.662091070940030280e-02	3.177723353953999103e-02	8.136861234621647898e-02
1.282976660661381175e+03	2.423007977279851566e-01	1.442862762941848620e-01	2.632105461935204116e-01	1.603365574572724050e-01	7.665320147269165385e-02	3.179554154283574519e-02	8.141707931147158794e-02
1.284427991725477568e+03	2.421127764665181870e-01	1.441725768529798224e-01	2.633359625794846615e-01	1.604139591456611169e-01	7.668543747529979471e-02	3.181382436164450350e-02	8.146546311837375709e-02
1.285879322789574417e+03	2.419250798555057091e-01	1.440590737370963104e-01	2.634611568629766087e-01	1.604912247933804603e-01	7.671761881035885078e-02	3.183208203335698150e-02	8.151376390728697074e-02
1.287330653853671038e+03	2.417377073339868898e-01	1.439457666072943842e-01	2.635861294295955837e-01	1.605683546445709764e-01	7.674974557084005000e-02	3.185031459530434511e-02	8.156198181836966932e-02
1.288781984917767431e+03	2.415506583419713416e-01	1.438326551249208274e-01	2.637108806642738945e-01	1.606453489429105763e-01	7.678181784955212530e-02	3.186852208475829396e-02	8.161011699157477706e-02
1.290233315981864052e+03	2.413639323204371523e-01	1.437197389519084267e-01	2.638354109512782153e-01	1.607222079316154850e-01	7.681383573914166152e-02	3.188670453893117235e-02	8.165816956664974369e-02
