1.001418434226643626e+03	2.781125081303133517e-01	1.818750870456237179e-01	2.344236624141000647e-01	1.400940669963916807e-01	6.803172300889062662e-02	2.747415778707948397e-02	6.998879461721464745e-02
1.002869765290740247e+03	2.778533537874293136e-01	1.817188348635811468e-01	2.345829537996104164e-01	1.401834528953424253e-01	6.810487379528275265e-02	2.747415778707948397e-02	7.008237307128811766e-02
1.004321096354836754e+03	2.775946608170063445e-01	1.815628465743456821e-01	2.347416836746486490e-01	1.402729589894697593e-01	6.817790015254841796e-02	2.747415778707948397e-02	7.017579200451534716e-02
1.005772427418933376e+03	2.773364282452125407e-01	1.814071217311630513e-01	2.348998580132568847e-01	1.403625802433186021e-01	6.825080229124909359e-02	2.747415778707948397e-02	7.026905168833402771e-02
1.007223758483029997e+03	2.770786551029020828e-01	1.812516598880359042e-01	2.350574826914864357e-01	1.404523117148086531e-01	6.832358042158982736e-02	2.747415778707948397e-02	7.036215239371128305e-02
1.008675089547126618e+03	2.768213404255546184e-01	1.810964605997225085e-01	2.352145634891040782e-01	1.405421485535884862e-01	6.839623475341984060e-02	2.747415778707948397e-02	7.045509439114464034e-02
1.010126420611223239e+03	2.765644832532158093e-01	1.809415234217354451e-01	2.353711060912682118e-01	1.406320859994186767e-01	6.846876549623315267e-02	2.747415778707948397e-02	7.054787795066300160e-02
1.011577751675319632e+03	2.763080826304385451e-01	1.807868479103403037e-01	2.355271160901756256e-01	1.407221193805831549e-01	6.854117285916913604e-02	2.747415778707948397e-02	7.064050334182760127e-02
1.013029082739416367e+03	2.760521376062255450e-01	1.806324336225544613e-01	2.356825989866797033e-01	1.408122441123285662e-01	6.861345705101316861e-02	2.747415778707948397e-02	7.073297083373293603e-02
1.014480413803512761e+03	2.757966472339729025e-01	1.804782801161457784e-01	2.358375601918799025e-01	1.409024556953309137e-01	6.868561828019717486e-02	2.747415778707948397e-02	7.082528069500773626e-02
1.015931744867609382e+03	2.755416105714140751e-01	1.803243869496312934e-01	2.359920050286837268e-01	1.409927497141890973e-01	6.875765675480031980e-02	2.747415778707948397e-02	7.091743319381588195e-02
1.017383075931706003e+03	2.752870266805654276e-01	1.801707536822760580e-01	2.361459387333411652e-01	1.410831218359448747e-01	6.882957268254949468e-02	2.747415778707948397e-02	7.100942859785737415e-02
1.018834406995802851e+03	2.750328946276724973e-01	1.800173798740916653e-01	2.362993664569521812e-01	1.411735678086288304e-01	6.890136627081999698e-02	2.747415778707948397e-02	7.110126717436923705e-02
1.020285738059899245e+03	2.747792134831569255e-01	1.798642650858351677e-01	2.364522932669479161e-01	1.412640834598318518e-01	6.897303772663609944e-02	2.747415778707948397e-02	7.119294919012648937e-02
1.021737069123995752e+03	2.745259823215644990e-01	1.797114088790077446e-01	2.366047241485460528e-01	1.413546646953015573e-01	6.904458725667160512e-02	2.747415778707948397e-02	7.128447491144303261e-02
1.023188400188092373e+03	2.742732002215141351e-01	1.795588108158534535e-01	2.367566640061803951e-01	1.414453074975634828e-01	6.911601506725048583e-02	2.747415778707948397e-02	7.137584460417258081e-02
1.024639731252188767e+03	2.740208662656474781e-01	1.794064704593579251e-01	2.369081176649056042e-01	1.415360079245664426e-01	6.918732136434750657e-02	2.747415778707948397e-02	7.146705853370960426e-02
1.026091062316285615e+03	2.737689795405797155e-01	1.792543873732471427e-01	2.370590898717772899e-01	1.416267621083515116e-01	6.925850635358872520e-02	2.747415778707948397e-02	7.155811696499020380e-02
1.027542393380382237e+03	2.735175391368508957e-01	1.791025611219861369e-01	2.372095852972079255e-01	1.417175662537444314e-01	6.932957024025217241e-02	2.747415778707948397e-02	7.164902016249304062e-02
1.028993724444478858e+03	2.732665441488780211e-01	1.789509912707777650e-01	2.373596085362990604e-01	1.418084166370711663e-01	6.940051322926837907e-02	2.747415778707948397e-02	7.173976839024027996e-02
1.030445055508575479e+03	2.730159936749081417e-01	1.787996773855615174e-01	2.375091641101500228e-01	1.418993096048955793e-01	6.947133552522097300e-02	2.747415778707948397e-02	7.183036191179843766e-02
1.031896386572671872e+03	2.727658868169724471e-01	1.786486190330121571e-01	2.376582564671440301e-01	1.419902415727795630e-01	6.954203733234731732e-02	2.747415778707948397e-02	7.192080099027926832e-02
1.033347717636768493e+03	2.725162226808404142e-01	1.784978157805385546e-01	2.378068899842112338e-01	1.420812090240648473e-01	6.961261885453905174e-02	2.747415778707948397e-02	7.201108588834073676e-02
1.034799048700865114e+03	2.722670003759754542e-01	1.783472671962823275e-01	2.379550689680703934e-01	1.421722085086761511e-01	6.968308029534267534e-02	2.747415778707948397e-02	7.210121686818783682e-02
1.036250379764961508e+03	2.720182190154910029e-01	1.781969728491167582e-01	2.381027976564480397e-01	1.422632366419454009e-01	6.975342185796014338e-02	2.747415778707948397e-02	7.219119419157353501e-02
1.037701710829058356e+03	2.717698777161072221e-01	1.780469323086454059e-01	2.382500802192768219e-01	1.423542901034563490e-01	6.982364374524943629e-02	2.747415778707948397e-02	7.228101811979961711e-02
1.039153041893154750e+03	2.715219755981087002e-01	1.778971451452009689e-01	2.383969207598726214e-01	1.424453656359098153e-01	6.989374615972519800e-02	2.747415778707948397e-02	7.237068891371757628e-02
1.040604372957251599e+03	2.712745117853025412e-01	1.777476109298439799e-01	2.385433233160910715e-01	1.425364600440085228e-01	6.996372930355924946e-02	2.747415778707948397e-02	7.246020683372948745e-02
1.042055704021347992e+03	2.710274854049775084e-01	1.775983292343616127e-01	2.386892918614638703e-01	1.426275701933617523e-01	7.003359337858119926e-02	2.747415778707948397e-02	7.254957213978890929e-02
1.043507035085444613e+03	2.707808955878635016e-01	1.774492996312664050e-01	2.388348303063152767e-01	1.427186930094089534e-01	7.010333858627902648e-02	2.747415778707948397e-02	7.263878509140173079e-02
1.044958366149541234e+03	2.705347414680919771e-01	1.773005216937950934e-01	2.389799424988587051e-01	1.428098254763624786e-01	7.017296512779962192e-02	2.747415778707948397e-02	7.272784594762700394e-02
1.046409697213637855e+03	2.702890221831569240e-01	1.771519949959072526e-01	2.391246322262746971e-01	1.429009646361686925e-01	7.024247320394944039e-02	2.747415778707948397e-02	7.281675496707787354e-02
1.047861028277734476e+03	2.700437368738763944e-01	1.770037191122842690e-01	2.392689032157693518e-01	1.429921075874874548e-01	7.031186301519501414e-02	2.747415778707948397e-02	7.290551240792242371e-02
1.049312359341831097e+03	2.697988846843548116e-01	1.768556936183278971e-01	2.394127591356148554e-01	1.430832514846893389e-01	7.038113476166353577e-02	2.747415778707948397e-02	7.299411852788449673e-02
1.050763690405927491e+03	2.695544647619458334e-01	1.767079180901592605e-01	2.395562035961711633e-01	1.431743935368706699e-01	7.045028864314346884e-02	2.747415778707948397e-02	7.308257358424456729e-02
1.052215021470024112e+03	2.693104762572158806e-01	1.765603921046173808e-01	2.396992401508904191e-01	1.432655310068855492e-01	7.051932485908506132e-02	2.747415778707948397e-02	7.317087783384063071e-02
1.053666352534120733e+03	2.690669183239082773e-01	1.764131152392581503e-01	2.398418722973033046e-01	1.433566612103952254e-01	7.058824360860099789e-02	2.747415778707948397e-02	7.325903153306898008e-02
1.055117683598217127e+03	2.688237901189079460e-01	1.762660870723530837e-01	2.399841034779881810e-01	1.434477815149337310e-01	7.065704509046689952e-02	2.747415778707948397e-02	7.334703493788510831e-02
1.056569014662313975e+03	2.685810908022064347e-01	1.761193071828880408e-01	2.401259370815237160e-01	1.435388893389903109e-01	7.072572950312193407e-02	2.747415778707948397e-02	7.343488830380451304e-02
1.058020345726410369e+03	2.683388195368681672e-01	1.759727751505620608e-01	2.402673764434241910e-01	1.436299821511076991e-01	7.079429704466937145e-02	2.747415778707948397e-02	7.352259188590355710e-02
1.059471676790506763e+03	2.680969754889965806e-01	1.758264905557861135e-01	2.404084248470587104e-01	1.437210574689962161e-01	7.086274791287716646e-02	2.747415778707948397e-02	7.361014593882031498e-02
1.060923007854603611e+03	2.678555578277012628e-01	1.756804529796819059e-01	2.405490855245544790e-01	1.438121128586636599e-01	7.093108230517849999e-02	2.747415778707948397e-02	7.369755071675537783e-02
1.062374338918700232e+03	2.676145657250652565e-01	1.755346620040807160e-01	2.406893616576841199e-01	1.439031459335601004e-01	7.099930041867234809e-02	2.747415778707948397e-02	7.378480647347267218e-02
1.063825669982796853e+03	2.673739983561133071e-01	1.753891172115221442e-01	2.408292563787373108e-01	1.439941543537380242e-01	7.106740245012410639e-02	2.747415778707948397e-02	7.387191346230033429e-02
1.065277001046893474e+03	2.671338548987803319e-01	1.752438181852528920e-01	2.409687727713774041e-01	1.440851358250269942e-01	7.113538859596608976e-02	2.747415778707948397e-02	7.395887193613150112e-02
1.066728332110990095e+03	2.668941345338806115e-01	1.750987645092256795e-01	2.411079138714828374e-01	1.441760880982228266e-01	7.120325905229810126e-02	2.747415778707948397e-02	7.404568214742512922e-02
1.068179663175086489e+03	2.666548364450773145e-01	1.749539557680978574e-01	2.412466826679740273e-01	1.442670089682910883e-01	7.127101401488804278e-02	2.747415778707948397e-02	7.413234434820682728e-02
1.069630994239183110e+03	2.664159598188525213e-01	1.748093915472303805e-01	2.413850821036256644e-01	1.443578962735845295e-01	7.133865367917241462e-02	2.747415778707948397e-02	7.421885879006966114e-02
1.071082325303279504e+03	2.661775038444778585e-01	1.746650714326865028e-01	2.415231150758646583e-01	1.444487478950741977e-01	7.140617824025695393e-02	2.747415778707948397e-02	7.430522572417497251e-02
1.072533656367376352e+03	2.659394677139857444e-01	1.745209950112306951e-01	2.416607844375544267e-01	1.445395617555940704e-01	7.147358789291706482e-02	2.747415778707948397e-02	7.439144540125318394e-02
1.073984987431472746e+03	2.657018506221405785e-01	1.743771618703273130e-01	2.417980929977651960e-01	1.446303358190989541e-01	7.154088283159855399e-02	2.747415778707948397e-02	7.447751807160461757e-02
1.075436318495569594e+03	2.654646517664109862e-01	1.742335715981395416e-01	2.419350435225308404e-01	1.447210680899355395e-01	7.160806325041804699e-02	2.747415778707948397e-02	7.456344398510027227e-02
1.076887649559666215e+03	2.652278703469421739e-01	1.740902237835281474e-01	2.420716387355927313e-01	1.448117566121259192e-01	7.167512934316361273e-02	2.747415778707948397e-02	7.464922339118265637e-02
1.078338980623762609e+03	2.649915055665290065e-01	1.739471180160502561e-01	2.422078813191301527e-01	1.449023994686639560e-01	7.174208130329529087e-02	2.747415778707948397e-02	7.473485653886656477e-02
1.079790311687859230e+03	2.647555566305891950e-01	1.738042538859582709e-01	2.423437739144781999e-01	1.449929947808240305e-01	7.180891932394566080e-02	2.747415778707948397e-02	7.482034367673988384e-02
1.081241642751955851e+03	2.645200227471369292e-01	1.736616309841985673e-01	2.424793191228331590e-01	1.450835407074817507e-01	7.187564359792042445e-02	2.747415778707948397e-02	7.490568505296439639e-02
1.082692973816052472e+03	2.642849031267575088e-01	1.735192489024104667e-01	2.426145195059452864e-01	1.451740354444465697e-01	7.194225431769887824e-02	2.747415778707948397e-02	7.499088091527655875e-02
1.084144304880149093e+03	2.640501969825814754e-01	1.733771072329249596e-01	2.427493775867997639e-01	1.452644772238062543e-01	7.200875167543455135e-02	2.747415778707948397e-02	7.507593151098827799e-02
1.085595635944245487e+03	2.638159035302600763e-01	1.732352055687635117e-01	2.428838958502853862e-01	1.453548643132828444e-01	7.207513586295569152e-02	2.747415778707948397e-02	7.516083708698774457e-02
1.087046967008342108e+03	2.635820219879404513e-01	1.730935435036369263e-01	2.430180767438519518e-01	1.454451950155998818e-01	7.214140707176590339e-02	2.747415778707948397e-02	7.524559788974012620e-02
1.088498298072438729e+03	2.633485515762414297e-01	1.729521206319442617e-01	2.431519226781558018e-01	1.455354676678606296e-01	7.220756549304460647e-02	2.747415778707948397e-02	7.533021416528849767e-02
1.089949629136535123e+03	2.631154915182300491e-01	1.728109365487715265e-01	2.432854360276942851e-01	1.456256806409374216e-01	7.227361131764761804e-02	2.747415778707948397e-02	7.541468615925443764e-02
1.091400960200631971e+03	2.628828410393976300e-01	1.726699908498905700e-01	2.434186191314288983e-01	1.457158323388716148e-01	7.233954473610772207e-02	2.747415778707948397e-02	7.549901411683893060e-02
1.092852291264728365e+03	2.626505993676373496e-01	1.725292831317578879e-01	2.435514742933977683e-01	1.458059211982840053e-01	7.240536593863518278e-02	2.747415778707948397e-02	7.558319828282313024e-02
1.094303622328825213e+03	2.624187657332212598e-01	1.723888129915135681e-01	2.436840037833172545e-01	1.458959456877958472e-01	7.247107511511829969e-02	2.747415778707948397e-02	7.566723890156909493e-02
1.095754953392921607e+03	2.621873393687781384e-01	1.722485800269800138e-01	2.438162098371730868e-01	1.459859043074596130e-01	7.253667245512399053e-02	2.747415778707948397e-02	7.575113621702055100e-02
1.097206284457018228e+03	2.619563195092712848e-01	1.721085838366608056e-01	2.439480946578011511e-01	1.460757955882002190e-01	7.260215814789824917e-02	2.747415778707948397e-02	7.583489047270371153e-02
1.098657615521114849e+03	2.617257053919772591e-01	1.719688240197395912e-01	2.440796604154580052e-01	1.461656180912657421e-01	7.266753238236681178e-02	2.747415778707948397e-02	7.591850191172799800e-02
1.100108946585211470e+03	2.614954962564645657e-01	1.718293001760789196e-01	2.442109092483816524e-01	1.462553704076878791e-01	7.273279534713558703e-02	2.747415778707948397e-02	7.600197077678678970e-02
1.101560277649308091e+03	2.612656913445727258e-01	1.716900119062190477e-01	2.443418432633422399e-01	1.463450511577519264e-01	7.279794723049126670e-02	2.747415778707948397e-02	7.608529731015824249e-02
1.103011608713404712e+03	2.610362899003915715e-01	1.715509588113768580e-01	2.444724645361832926e-01	1.464346589904759188e-01	7.286298822040179757e-02	2.747415778707948397e-02	7.616848175370601048e-02
1.104462939777501106e+03	2.608072911702413732e-01	1.714121404934446369e-01	2.446027751123533989e-01	1.465241925830990388e-01	7.292791850451701974e-02	2.747415778707948397e-02	7.625152434887999542e-02
1.105914270841597499e+03	2.605786944026525775e-01	1.712735565549889927e-01	2.447327770074285980e-01	1.466136506405790740e-01	7.299273827016912464e-02	2.747415778707948397e-02	7.633442533671708219e-02
1.107365601905694348e+03	2.603504988483463789e-01	1.711352065992496063e-01	2.448624722076257476e-01	1.467030318950985346e-01	7.305744770437322400e-02	2.747415778707948397e-02	7.641718495784197152e-02
1.108816932969790741e+03	2.601227037602153458e-01	1.709970902301382878e-01	2.449918626703067315e-01	1.467923351055794301e-01	7.312204699382786333e-02	2.747415778707948397e-02	7.649980345246783220e-02
1.110268264033887590e+03	2.598953083933045471e-01	1.708592070522376438e-01	2.451209503244738130e-01	1.468815590572067897e-01	7.318653632491560479e-02	2.747415778707948397e-02	7.658228106039711991e-02
1.111719595097984211e+03	2.596683120047927340e-01	1.707215566708000509e-01	2.452497370712566349e-01	1.469707025609603146e-01	7.325091588370351292e-02	2.747415778707948397e-02	7.666461802102228495e-02
1.113170926162080832e+03	2.594417138539740209e-01	1.705841386917464342e-01	2.453782247843904196e-01	1.470597644531544124e-01	7.331518585594372361e-02	2.747415778707948397e-02	7.674681457332650780e-02
1.114622257226177226e+03	2.592155132022397890e-01	1.704469527216652125e-01	2.455064153106858715e-01	1.471487435949861422e-01	7.337934642707398536e-02	2.747415778707948397e-02	7.682887095588449011e-02
1.116073588290273847e+03	2.589897093130610339e-01	1.703099983678111606e-01	2.456343104704908631e-01	1.472376388720912643e-01	7.344339778221810333e-02	2.747415778707948397e-02	7.691078740686312087e-02
1.117524919354370468e+03	2.587643014519703799e-01	1.701732752381041602e-01	2.457619120581440719e-01	1.473264491941080334e-01	7.350734010618660552e-02	2.747415778707948397e-02	7.699256416402230907e-02
1.118976250418467089e+03	2.585392888865452043e-01	1.700367829411282561e-01	2.458892218424205689e-01	1.474151734942486802e-01	7.357117358347717295e-02	2.747415778707948397e-02	7.707420146471559430e-02
1.120427581482563710e+03	2.583146708863907071e-01	1.699005210861304072e-01	2.460162415669699398e-01	1.475038107288782485e-01	7.363489839827519479e-02	2.747415778707948397e-02	7.715569954589099333e-02
1.121878912546660331e+03	2.580904467231227573e-01	1.697644892830193764e-01	2.461429729507462749e-01	1.475923598771010092e-01	7.369851473445433732e-02	2.747415778707948397e-02	7.723705864409168009e-02
1.123330243610756725e+03	2.578666156703519063e-01	1.696286871423646203e-01	2.462694176884310249e-01	1.476808199403541466e-01	7.376202277557701581e-02	2.747415778707948397e-02	7.731827899545670735e-02
1.124781574674853118e+03	2.576431770036668456e-01	1.694931142753952347e-01	2.463955774508481966e-01	1.477691899420085220e-01	7.382542270489494962e-02	2.747415778707948397e-02	7.739936083572176995e-02
1.126232905738949967e+03	2.574201300006184745e-01	1.693577702939987051e-01	2.465214538853724990e-01	1.478574689269763209e-01	7.388871470534966179e-02	2.747415778707948397e-02	7.748030440021987097e-02
1.127684236803046360e+03	2.571974739407044130e-01	1.692226548107198802e-01	2.466470486163301890e-01	1.479456559613258892e-01	7.395189895957307580e-02	2.747415778707948397e-02	7.756110992388211278e-02
1.129135567867143209e+03	2.569752081053534032e-01	1.690877674387598339e-01	2.467723632453930616e-01	1.480337501319030358e-01	7.401497564988793187e-02	2.747415778707948397e-02	7.764177764123836312e-02
1.130586898931239830e+03	2.567533317779099877e-01	1.689531077919747548e-01	2.468973993519653354e-01	1.481217505459591910e-01	7.407794495830842540e-02	2.747415778707948397e-02	7.772230778641799065e-02
1.132038229995336451e+03	2.565318442436195223e-01	1.688186754848748361e-01	2.470221584935640147e-01	1.482096563307860049e-01	7.414080706654063713e-02	2.747415778707948397e-02	7.780270059315062825e-02
1.133489561059432845e+03	2.563107447896136870e-01	1.686844701326232210e-01	2.471466422061924517e-01	1.482974666333564118e-01	7.420356215598310212e-02	2.747415778707948397e-02	7.788295629476682524e-02
1.134940892123529466e+03	2.560900327048956093e-01	1.685504913510347536e-01	2.472708520047074143e-01	1.483851806199718848e-01	7.426621040772729554e-02	2.747415778707948397e-02	7.796307512419875518e-02
1.136392223187626087e+03	2.558697072803256534e-01	1.684167387565750351e-01	2.473947893831797418e-01	1.484727974759160740e-01	7.432875200255822934e-02	2.747415778707948397e-02	7.804305731398102075e-02
1.137843554251722708e+03	2.556497678086074865e-01	1.682832119663591752e-01	2.475184558152486725e-01	1.485603164051143843e-01	7.439118712095486863e-02	2.747415778707948397e-02	7.812290309625125051e-02
1.139294885315819101e+03	2.554302135842739241e-01	1.681499105981507924e-01	2.476418527544699821e-01	1.486477366297996039e-01	7.445351594309071452e-02	2.747415778707948397e-02	7.820261270275086218e-02
1.140746216379915950e+03	2.552110439036734957e-01	1.680168342703609041e-01	2.477649816346580991e-01	1.487350573901833339e-01	7.451573864883428988e-02	2.747415778707948397e-02	7.828218636482578430e-02
1.142197547444012343e+03	2.549922580649568449e-01	1.678839826020467330e-01	2.478878438702221687e-01	1.488222779441333299e-01	7.457785541774970828e-02	2.747415778707948397e-02	7.836162431342712231e-02
1.143648878508108737e+03	2.547738553680635176e-01	1.677513552129108187e-01	2.480104408564962615e-01	1.489093975668563663e-01	7.463986642909711811e-02	2.747415778707948397e-02	7.844092677911188027e-02
1.145100209572205586e+03	2.545558351147088061e-01	1.676189517232996862e-01	2.481327739700638357e-01	1.489964155505866805e-01	7.470177186183328544e-02	2.747415778707948397e-02	7.852009399204366857e-02
1.146551540636302207e+03	2.543381966083711476e-01	1.674867717542029011e-01	2.482548445690764272e-01	1.490833312042801062e-01	7.476357189461205199e-02	2.747415778707948397e-02	7.859912618199339784e-02
1.148002871700398828e+03	2.541209391542790796e-01	1.673548149272519325e-01	2.483766539935669260e-01	1.491701438533132307e-01	7.482526670578489025e-02	2.747415778707948397e-02	7.867802357833997284e-02
1.149454202764495449e+03	2.539040620593991382e-01	1.672230808647190425e-01	2.484982035657572752e-01	1.492568528391882143e-01	7.488685647340136142e-02	2.747415778707948397e-02	7.875678641007098635e-02
1.150905533828591842e+03	2.536875646324233680e-01	1.670915691895162591e-01	2.486194945903608955e-01	1.493434575192423841e-01	7.494834137520968442e-02	2.747415778707948397e-02	7.883541490578341304e-02
1.152356864892688463e+03	2.534714461837572208e-01	1.669602795251942384e-01	2.487405283548796142e-01	1.494299572663634335e-01	7.500972158865724937e-02	2.747415778707948397e-02	7.891390929368433116e-02
1.153808195956785084e+03	2.532557060255075654e-01	1.668292114959412653e-01	2.488613061298955986e-01	1.495163514687091466e-01	7.507099729089104778e-02	2.747415778707948397e-02	7.899226980159154698e-02
1.155259527020881706e+03	2.530403434714712518e-01	1.666983647265819768e-01	2.489818291693581542e-01	1.496026395294323130e-01	7.513216865875824158e-02	2.747415778707948397e-02	7.907049665693435814e-02
1.156710858084978327e+03	2.528253578371230104e-01	1.665677388425765570e-01	2.491020987108654716e-01	1.496888208664104158e-01	7.519323586880670429e-02	2.747415778707948397e-02	7.914859008675419194e-02
1.158162189149074720e+03	2.526107484396045710e-01	1.664373334700194329e-01	2.492221159759414606e-01	1.497748949119801776e-01	7.525419909728547907e-02	2.747415778707948397e-02	7.922655031770531320e-02
1.159613520213171569e+03	2.523965145977130620e-01	1.663071482356383302e-01	2.493418821703078103e-01	1.498608611126764911e-01	7.531505852014523661e-02	2.747415778707948397e-02	7.930437757605551807e-02
1.161064851277267962e+03	2.521826556318903512e-01	1.661771827667931078e-01	2.494613984841511367e-01	1.499467189289762914e-01	7.537581431303889967e-02	2.747415778707948397e-02	7.938207208768675860e-02
1.162516182341364356e+03	2.519691708642115557e-01	1.660474366914747868e-01	2.495806660923856612e-01	1.500324678350465901e-01	7.543646665132204554e-02	2.747415778707948397e-02	7.945963407809594758e-02
1.163967513405461204e+03	2.517560596183747723e-01	1.659179096383043839e-01	2.496996861549111713e-01	1.501181073184972847e-01	7.549701571005346112e-02	2.747415778707948397e-02	7.953706377239544434e-02
1.165418844469557826e+03	2.515433212196904189e-01	1.657886012365319406e-01	2.498184598168665116e-01	1.502036368801380750e-01	7.555746166399565644e-02	2.747415778707948397e-02	7.961436139531394285e-02
1.166870175533654447e+03	2.513309549950705213e-01	1.656595111160353573e-01	2.499369882088787187e-01	1.502890560337396264e-01	7.561780468761529483e-02	2.747415778707948397e-02	7.969152717119699914e-02
1.168321506597751068e+03	2.511189602730188875e-01	1.655306389073193662e-01	2.500552724473076305e-01	1.503743643057991464e-01	7.567804495508378970e-02	2.747415778707948397e-02	7.976856132400778066e-02
1.169772837661847461e+03	2.509073363836203940e-01	1.654019842415145047e-01	2.501733136344863606e-01	1.504595612353099299e-01	7.573818264027772085e-02	2.747415778707948397e-02	7.984546407732770468e-02
1.171224168725944082e+03	2.506960826585316049e-01	1.652735467503760047e-01	2.502911128589575540e-01	1.505446463735349294e-01	7.579821791677937570e-02	2.747415778707948397e-02	7.992223565435713217e-02
1.172675499790040703e+03	2.504851984309704460e-01	1.651453260662827938e-01	2.504086711957056455e-01	1.506296192837844328e-01	7.585815095787724893e-02	2.747415778707948397e-02	7.999887627791600619e-02
1.174126830854137097e+03	2.502746830357069907e-01	1.650173218222363569e-01	2.505259897063846775e-01	1.507144795411975713e-01	7.591798193656654203e-02	2.747415778707948397e-02	8.007538617044455964e-02
1.175578161918233945e+03	2.500645358090532455e-01	1.648895336518597377e-01	2.506430694395425096e-01	1.507992267325276581e-01	7.597771102554962130e-02	2.747415778707948397e-02	8.015176555400395364e-02
1.177029492982330339e+03	2.498547560888543240e-01	1.647619611893964831e-01	2.507599114308410870e-01	1.508838604559313845e-01	7.603733839723655907e-02	2.747415778707948397e-02	8.022801465027695755e-02
1.178480824046426733e+03	2.496453432144789264e-01	1.646346040697095614e-01	2.508765167032726007e-01	1.509683803207615693e-01	7.609686422374561943e-02	2.747415778707948397e-02	8.030413368056860124e-02
1.179932155110523581e+03	2.494362965268100973e-01	1.645074619282803352e-01	2.509928862673721506e-01	1.510527859473637657e-01	7.615628867690371617e-02	2.747415778707948397e-02	8.038012286580686894e-02
1.181383486174620202e+03	2.492276153682362883e-01	1.643805344012075065e-01	2.511090211214265788e-01	1.511370769668762826e-01	7.621561192824695408e-02	2.747415778707948397e-02	8.045598242654330989e-02
1.182834817238716823e+03	2.490192990826425590e-01	1.642538211252060898e-01	2.512249222516796388e-01	1.512212530210337580e-01	7.627483414902111458e-02	2.747415778707948397e-02	8.053171258295371837e-02
1.184286148302813444e+03	2.488113470154016404e-01	1.641273217376063298e-01	2.513405906325336669e-01	1.513053137619742861e-01	7.633395551018212766e-02	2.747415778707948397e-02	8.060731355483881366e-02
1.185737479366910065e+03	2.486037585133653582e-01	1.640010358763527021e-01	2.514560272267476471e-01	1.513892588520497351e-01	7.639297618239652976e-02	2.747415778707948397e-02	8.068278556162489235e-02
1.187188810431006686e+03	2.483965329248560838e-01	1.638749631800028306e-01	2.515712329856318319e-01	1.514730879636395910e-01	7.645189633604206059e-02	2.747415778707948397e-02	8.075812882236442503e-02
1.188640141495103080e+03	2.481896695996583246e-01	1.637491032877264885e-01	2.516862088492390903e-01	1.515568007789680760e-01	7.651071614120803777e-02	2.747415778707948397e-02	8.083334355573680574e-02
1.190091472559199701e+03	2.479831678890104807e-01	1.636234558393044880e-01	2.518009557465527015e-01	1.516403969899243198e-01	7.656943576769591198e-02	2.747415778707948397e-02	8.090842998004893483e-02
1.191542803623296322e+03	2.477770271455966289e-01	1.634980204751277366e-01	2.519154745956710406e-01	1.517238762978858346e-01	7.662805538501972491e-02	2.747415778707948397e-02	8.098338831323587117e-02
1.192994134687392716e+03	2.475712467235383352e-01	1.633727968361961547e-01	2.520297663039891556e-01	1.518072384135450981e-01	7.668657516240662275e-02	2.747415778707948397e-02	8.105821877286153998e-02
1.194445465751489564e+03	2.473658259783869939e-01	1.632477845641176206e-01	2.521438317683766250e-01	1.518904830567390785e-01	7.674499526879730027e-02	2.747415778707948397e-02	8.113292157611930178e-02
1.195896796815585958e+03	2.471607642671157234e-01	1.631229833011069996e-01	2.522576718753531400e-01	1.519736099562818965e-01	7.680331587284652817e-02	2.747415778707948397e-02	8.120749693983266015e-02
1.197348127879682352e+03	2.469560609481117330e-01	1.629983926899850888e-01	2.523712875012602552e-01	1.520566188498003179e-01	7.686153714292361105e-02	2.747415778707948397e-02	8.128194508045585853e-02
1.198799458943779200e+03	2.467517153811686903e-01	1.628740123741776180e-01	2.524846795124308652e-01	1.521395094835722162e-01	7.691965924711291480e-02	2.747415778707948397e-02	8.135626621407460179e-02
1.200250790007875821e+03	2.465477269274791994e-01	1.627498419977141120e-01	2.525978487653548488e-01	1.522222816123679490e-01	7.697768235321424124e-02	2.747415778707948397e-02	8.143046055640658365e-02
1.201702121071972442e+03	2.463440949496273347e-01	1.626258812052269742e-01	2.527107961068427167e-01	1.523049349992942614e-01	7.703560662874345266e-02	2.747415778707948397e-02	8.150452832280223603e-02
1.203153452136069063e+03	2.461408188115813689e-01	1.625021296419504602e-01	2.528235223741857607e-01	1.523874694156412413e-01	7.709343224093284652e-02	2.747415778707948397e-02	8.157846972824531195e-02
1.204604783200165684e+03	2.459378978786865289e-01	1.623785869537196502e-01	2.529360283953138722e-01	1.524698846407317732e-01	7.715115935673168279e-02	2.747415778707948397e-02	8.165228498735351004e-02
1.206056114264262078e+03	2.457353315176578068e-01	1.622552527869693950e-01	2.530483149889501404e-01	1.525521804617737953e-01	7.720878814280665581e-02	2.747415778707948397e-02	8.172597431437918225e-02
1.207507445328358699e+03	2.455331190965730770e-01	1.621321267887333162e-01	2.531603829647633419e-01	1.526343566737150270e-01	7.726631876554235223e-02	2.747415778707948397e-02	8.179953792320987516e-02
1.208958776392455093e+03	2.453312599848660180e-01	1.620092086066428072e-01	2.532722331235170987e-01	1.527164130791002494e-01	7.732375139104176454e-02	2.747415778707948397e-02	8.187297602736905155e-02
1.210410107456551941e+03	2.451297535533193128e-01	1.618864978889259787e-01	2.533838662572170386e-01	1.527983494879312232e-01	7.738108618512676284e-02	2.747415778707948397e-02	8.194628884001667335e-02
1.211861438520648335e+03	2.449285991740579316e-01	1.617639942844067147e-01	2.534952831492550129e-01	1.528801657175289930e-01	7.743832331333849739e-02	2.747415778707948397e-02	8.201947657394983993e-02
1.213312769584745183e+03	2.447277962205423318e-01	1.616416974425036179e-01	2.536064845745510388e-01	1.529618615923986069e-01	7.749546294093800913e-02	2.747415778707948397e-02	8.209253944160341265e-02
1.214764100648841804e+03	2.445273440675621024e-01	1.615196070132289830e-01	2.537174712996924097e-01	1.530434369440963061e-01	7.755250523290656284e-02	2.747415778707948397e-02	8.216547765505068102e-02
1.216215431712937971e+03	2.443272420912292464e-01	1.613977226471879078e-01	2.538282440830708642e-01	1.531248916110989344e-01	7.760945035394622993e-02	2.747415778707948397e-02	8.223829142600393161e-02
1.217666762777034819e+03	2.441274896689718810e-01	1.612760439955770453e-01	2.539388036750170885e-01	1.532062254386756250e-01	7.766629846848029095e-02	2.747415778707948397e-02	8.231098096581512813e-02
1.219118093841131440e+03	2.439280861795279087e-01	1.611545707101839087e-01	2.540491508179329450e-01	1.532874382787620948e-01	7.772304974065376293e-02	2.747415778707948397e-02	8.238354648547650816e-02
1.220569424905228061e+03	2.437290310029387730e-01	1.610333024433856230e-01	2.541592862464211455e-01	1.533685299898365495e-01	7.777970433433381570e-02	2.747415778707948397e-02	8.245598819562124926e-02
1.222020755969324682e+03	2.435303235205432681e-01	1.609122388481480648e-01	2.542692106874130942e-01	1.534495004367984194e-01	7.783626241311028537e-02	2.747415778707948397e-02	8.252830630652399635e-02
1.223472087033421303e+03	2.433319631149715168e-01	1.607913795780247512e-01	2.543789248602945086e-01	1.535303494908487332e-01	7.789272414029611846e-02	2.747415778707948397e-02	8.260050102810155559e-02
1.224923418097517697e+03	2.431339491701388356e-01	1.606707242871559249e-01	2.544884294770280997e-01	1.536110770293728778e-01	7.794908967892784368e-02	2.747415778707948397e-02	8.267257256991351888e-02
1.226374749161614318e+03	2.429362810712399900e-01	1.605502726302676653e-01	2.545977252422752524e-01	1.536916829358253300e-01	7.800535919176604382e-02	2.747415778707948397e-02	8.274452114116284673e-02
1.227826080225710712e+03	2.427389582047431160e-01	1.604300242626706674e-01	2.547068128535145415e-01	1.537721670996163859e-01	7.806153284129585535e-02	2.747415778707948397e-02	8.281634695069654828e-02
1.229277411289807560e+03	2.425419799583841407e-01	1.603099788402593540e-01	2.548156930011590271e-01	1.538525294160010548e-01	7.811761078972735695e-02	2.747415778707948397e-02	8.288805020700619475e-02
1.230728742353903954e+03	2.423453457211609818e-01	1.601901360195109314e-01	2.549243663686707739e-01	1.539327697859697308e-01	7.817359319899613856e-02	2.747415778707948397e-02	8.295963111822864111e-02
1.232180073418000802e+03	2.421490548833278300e-01	1.600704954574843075e-01	2.550328336326740386e-01	1.540128881161408059e-01	7.822948023076366220e-02	2.747415778707948397e-02	8.303108989214656732e-02
1.233631404482097196e+03	2.419531068363898196e-01	1.599510568118192588e-01	2.551410954630659589e-01	1.540928843186553099e-01	7.828527204641780313e-02	2.747415778707948397e-02	8.310242673618908893e-02
1.235082735546193817e+03	2.417575009730972835e-01	1.598318197407352370e-01	2.552491525231257996e-01	1.541727583110732991e-01	7.834096880707326627e-02	2.747415778707948397e-02	8.317364185743243710e-02
1.236534066610290438e+03	2.415622366874404237e-01	1.597127839030305640e-01	2.553570054696216451e-01	1.542525100162720764e-01	7.839657067357207187e-02	2.747415778707948397e-02	8.324473546260052759e-02
1.237985397674387059e+03	2.413673133746439547e-01	1.595939489580814052e-01	2.554646549529161481e-01	1.543321393623463267e-01	7.845207780648402740e-02	2.747415778707948397e-02	8.331570775806552975e-02
1.239436728738483680e+03	2.411727304311617470e-01	1.594753145658407423e-01	2.555721016170693916e-01	1.544116462825098068e-01	7.850749036610714382e-02	2.747415778707948397e-02	8.338655894984856043e-02
1.240888059802580301e+03	2.409784872546717471e-01	1.593568803868373740e-01	2.556793460999410850e-01	1.544910307149989503e-01	7.856280851246814911e-02	2.747415778707948397e-02	8.345728924362016965e-02
1.242339390866676695e+03	2.407845832440705935e-01	1.592386460821750560e-01	2.557863890332897627e-01	1.545702926029780822e-01	7.861803240532291848e-02	2.747415778707948397e-02	8.352789884470109005e-02
1.243790721930773088e+03	2.405910177994686761e-01	1.591206113135314459e-01	2.558932310428714274e-01	1.546494318944463542e-01	7.867316220415693229e-02	2.747415778707948397e-02	8.359838795806275036e-02
1.245242052994869937e+03	2.403977903221849732e-01	1.590027757431571598e-01	2.559998727485355841e-01	1.547284485421463185e-01	7.872819806818573407e-02	2.747415778707948397e-02	8.366875678832788599e-02
1.246693384058966330e+03	2.402049002147421675e-01	1.588851390338747172e-01	2.561063147643201643e-01	1.548073425034740547e-01	7.878314015635540235e-02	2.747415778707948397e-02	8.373900553977113581e-02
1.248144715123063179e+03	2.400123468808616767e-01	1.587677008490777364e-01	2.562125576985446185e-01	1.548861137403909349e-01	7.883798862734302249e-02	2.747415778707948397e-02	8.380913441631969441e-02
1.249596046187159800e+03	2.398201297254586584e-01	1.586504608527297966e-01	2.563186021539012871e-01	1.549647622193370544e-01	7.889274363955706137e-02	2.747415778707948397e-02	8.387914362155385328e-02
1.251047377251256421e+03	2.396282481546374854e-01	1.585334187093636049e-01	2.564244487275452733e-01	1.550432879111458828e-01	7.894740535113792257e-02	2.747415778707948397e-02	8.394903335870762540e-02
1.252498708315352815e+03	2.394367015756866390e-01	1.584165740840799141e-01	2.565300980111828721e-01	1.551216907909607479e-01	7.900197391995834872e-02	2.747415778707948397e-02	8.401880383066932800e-02
1.253950039379449436e+03	2.392454893970743235e-01	1.582999266425466345e-01	2.566355505911582235e-01	1.551999708381526510e-01	7.905644950362386569e-02	2.747415778707948397e-02	8.408845523998220717e-02
1.255401370443546057e+03	2.390546110284436088e-01	1.581834760509979176e-01	2.567408070485385219e-01	1.552781280362395822e-01	7.911083225947326825e-02	2.747415778707948397e-02	8.415798778884500675e-02
1.256852701507642678e+03	2.388640658806080175e-01	1.580672219762331021e-01	2.568458679591981153e-01	1.553561623728071384e-01	7.916512234457905028e-02	2.747415778707948397e-02	8.422740167911256515e-02
1.258304032571739299e+03	2.386738533655467509e-01	1.579511640856157695e-01	2.569507338939006069e-01	1.554340738394306698e-01	7.921931991574783505e-02	2.747415778707948397e-02	8.429669711229639817e-02
1.259755363635835920e+03	2.384839728964003591e-01	1.578353020470728008e-01	2.570554054183797899e-01	1.555118624315988685e-01	7.927342512952090248e-02	2.747415778707948397e-02	8.436587428956533741e-02
1.261206694699932314e+03	2.382944238874663556e-01	1.577196355290935159e-01	2.571598830934192503e-01	1.555895281486384119e-01	7.932743814217452227e-02	2.747415778707948397e-02	8.443493341174604372e-02
1.262658025764028707e+03	2.381052057541946654e-01	1.576041642007285359e-01	2.572641674749304164e-01	1.556670709936403274e-01	7.938135910972052289e-02	2.747415778707948397e-02	8.450387467932367336e-02
1.264109356828125556e+03	2.379163179131834338e-01	1.574888877315889779e-01	2.573682591140293296e-01	1.557444909733873839e-01	7.943518818790663849e-02	2.747415778707948397e-02	8.457269829244240533e-02
1.265560687892221949e+03	2.377277597821746413e-01	1.573738057918454281e-01	2.574721585571121407e-01	1.558217880982828152e-01	7.948892553221705015e-02	2.747415778707948397e-02	8.464140445090606590e-02
1.267012018956318798e+03	2.375395307800498568e-01	1.572589180522271091e-01	2.575758663459293274e-01	1.558989623822804316e-01	7.954257129787276059e-02	2.747415778707948397e-02	8.470999335417868370e-02
1.268463350020415419e+03	2.373516303268261851e-01	1.571442241840207976e-01	2.576793830176583033e-01	1.559760138428157583e-01	7.959612563983205213e-02	2.747415778707948397e-02	8.477846520138512809e-02
1.269914681084511813e+03	2.371640578436519375e-01	1.570297238590699085e-01	2.577827091049753050e-01	1.560529425007386173e-01	7.964958871279093078e-02	2.747415778707948397e-02	8.484682019131160879e-02
1.271366012148608434e+03	2.369768127528025792e-01	1.569154167497735786e-01	2.578858451361254467e-01	1.561297483802467356e-01	7.970296067118361194e-02	2.747415778707948397e-02	8.491505852240635588e-02
1.272817343212705055e+03	2.367898944776767878e-01	1.568013025290857509e-01	2.579887916349921095e-01	1.562064315088206312e-01	7.975624166918290903e-02	2.747415778707948397e-02	8.498318039278010549e-02
1.274268674276801676e+03	2.366033024427922904e-01	1.566873808705141757e-01	2.580915491211648316e-01	1.562829919171595805e-01	7.980943186070070527e-02	2.747415778707948397e-02	8.505118600020675212e-02
1.275720005340898297e+03	2.364170360737819498e-01	1.565736514481195218e-01	2.581941181100059768e-01	1.563594296391186966e-01	7.986253139938839785e-02	2.747415778707948397e-02	8.511907554212388982e-02
1.277171336404994690e+03	2.362310947973899067e-01	1.564601139365144611e-01	2.582964991127161825e-01	1.564357447116472566e-01	7.991554043863731416e-02	2.747415778707948397e-02	8.518684921563339507e-02
1.278622667469091539e+03	2.360454780414674991e-01	1.563467680108625579e-01	2.583986926363993075e-01	1.565119371747280275e-01	7.996845913157919761e-02	2.747415778707948397e-02	8.525450721750200966e-02
1.280073998533187932e+03	2.358601852349695716e-01	1.562336133468776034e-01	2.585006991841253265e-01	1.565880070713176475e-01	8.002128763108659615e-02	2.747415778707948397e-02	8.532204974416190968e-02
1.281525329597284326e+03	2.356752158079506720e-01	1.561206496208225047e-01	2.586025192549927798e-01	1.566639544472881174e-01	8.007402608977332026e-02	2.747415778707948397e-02	8.538947699171131611e-02
1.282976660661381175e+03	2.354905691915612220e-01	1.560078765095083420e-01	2.587041533441900021e-01	1.567397793513692350e-01	8.012667465999490091e-02	2.747415778707948397e-02	8.545678915591499447e-02
1.284427991725477568e+03	2.353062448180437971e-01	1.558952936902936182e-01	2.588056019430551302e-01	1.568154818350922242e-01	8.017923349384900589e-02	2.747415778707948397e-02	8.552398643220490704e-02
1.285879322789574417e+03	2.351222421207294633e-01	1.557829008410831217e-01	2.589068655391353335e-01	1.568910619527341954e-01	8.023170274317585615e-02	2.747415778707948397e-02	8.559106901568071246e-02
1.287330653853671038e+03	2.349385605340341410e-01	1.556706976403270659e-01	2.590079446162446564e-01	1.569665197612636898e-01	8.028408255955873929e-02	2.747415778707948397e-02	8.565803710111039027e-02
1.288781984917767431e+03	2.347551994934549136e-01	1.555586837670202560e-01	2.591088396545213057e-01	1.570418553202871104e-01	8.033637309432434259e-02	2.747415778707948397e-02	8.572489088293078208e-02
1.290233315981864052e+03	2.345721584355665301e-01	1.554468589007010904e-01	2.592095511304835509e-01	1.571170686919961534e-01	8.038857449854323878e-02	2.747415778707948397e-02	8.579163055524818837e-02
