1.001418434226643626e+03	2.780738172475852310e-01	1.819357843752897608e-01	2.344048966398510903e-01	1.400595498649791215e-01	6.808149739078674101e-02	2.745395279605525665e-02	6.999050168506656955e-02
1.002869765290740247e+03	2.778130827970466399e-01	1.817818354813069137e-01	2.345631003026577843e-01	1.401472032971882720e-01	6.815676564926181902e-02	2.745395279605525665e-02	7.008405967609705745e-02
1.004321096354836754e+03	2.775528148666002171e-01	1.816281448582602043e-01	2.347207376674947388e-01	1.402349851136208136e-01	6.823190624548002015e-02	2.745395279605525665e-02	7.017745845210243694e-02
1.005772427418933376e+03	2.772930124681594610e-01	1.814747120712490447e-01	2.348778147134311378e-01	1.403228902728693717e-01	6.830691939428146231e-02	2.745395279605525665e-02	7.027069828356788395e-02
1.007223758483029997e+03	2.770336746183255650e-01	1.813215366861059830e-01	2.350343373235246336e-01	1.404109138249511612e-01	6.838180531014456665e-02	2.745395279605525665e-02	7.036377944050645206e-02
1.008675089547126618e+03	2.767748003383281863e-01	1.811686182693956482e-01	2.351903112864564827e-01	1.404990509097312767e-01	6.845656420718666813e-02	2.745395279605525665e-02	7.045670219246011334e-02
1.010126420611223239e+03	2.765163886539673266e-01	1.810159563884134737e-01	2.353457422981388991e-01	1.405872967553732367e-01	6.853119629916458455e-02	2.745395279605525665e-02	7.054946680850082696e-02
1.011577751675319632e+03	2.762584385955568766e-01	1.808635506111843927e-01	2.355006359632943747e-01	1.406756466768159797e-01	6.860570179947528269e-02	2.745395279605525665e-02	7.064207355723148285e-02
1.013029082739416367e+03	2.760009491978679397e-01	1.807114005064615891e-01	2.356549977970083531e-01	1.407640960742770897e-01	6.868008092115643337e-02	2.745395279605525665e-02	7.073452270678701193e-02
1.014480413803512761e+03	2.757439195000737642e-01	1.805595056437254153e-01	2.358088332262551490e-01	1.408526404317817227e-01	6.875433387688706377e-02	2.745395279605525665e-02	7.082681452483530204e-02
1.015931744867609382e+03	2.754873485456957316e-01	1.804078655931820319e-01	2.359621475913976640e-01	1.409412753157165688e-01	6.882846087898812637e-02	2.745395279605525665e-02	7.091894927857826658e-02
1.017383075931706003e+03	2.752312353825496771e-01	1.802564799257621586e-01	2.361149461476615141e-01	1.410299963734089890e-01	6.890246213942310960e-02	2.745395279605525665e-02	7.101092723475284363e-02
1.018834406995802851e+03	2.749755790626937646e-01	1.801053482131199368e-01	2.362672340665838144e-01	1.411187993317301603e-01	6.897633786979863457e-02	2.745395279605525665e-02	7.110274865963198132e-02
1.020285738059899245e+03	2.747203786423763616e-01	1.799544700276316522e-01	2.364190164374371517e-01	1.412076799957223960e-01	6.905008828136510735e-02	2.745395279605525665e-02	7.119441381902558152e-02
1.021737069123995752e+03	2.744656331819856354e-01	1.798038449423945140e-01	2.365702982686291866e-01	1.412966342472500580e-01	6.912371358501723240e-02	2.745395279605525665e-02	7.128592297828159619e-02
1.023188400188092373e+03	2.742113417459994817e-01	1.796534725312254888e-01	2.367210844890781929e-01	1.413856580436734511e-01	6.919721399129469264e-02	2.745395279605525665e-02	7.137727640228688775e-02
1.024639731252188767e+03	2.739575034029363976e-01	1.795033523686599408e-01	2.368713799495651695e-01	1.414747474165456709e-01	6.927058971038267676e-02	2.745395279605525665e-02	7.146847435546826999e-02
1.026091062316285615e+03	2.737041172253071308e-01	1.793534840299505773e-01	2.370211894240626671e-01	1.415638984703316838e-01	6.934384095211255927e-02	2.745395279605525665e-02	7.155951710179345171e-02
1.027542393380382237e+03	2.734511822895672184e-01	1.792038670910661435e-01	2.371705176110408542e-01	1.416531073811493624e-01	6.941696792596240007e-02	2.745395279605525665e-02	7.165040490477203594e-02
1.028993724444478858e+03	2.731986976760701902e-01	1.790545011286902577e-01	2.373193691347512402e-01	1.417423703955322245e-01	6.948997084105763833e-02	2.745395279605525665e-02	7.174113802745644974e-02
1.030445055508575479e+03	2.729466624690215504e-01	1.789053857202201336e-01	2.374677485464884164e-01	1.418316838292133786e-01	6.956284990617160602e-02	2.745395279605525665e-02	7.183171673244288791e-02
1.031896386572671872e+03	2.726950757564334804e-01	1.787565204437654709e-01	2.376156603258301192e-01	1.419210440659303962e-01	6.963560532972616623e-02	2.745395279605525665e-02	7.192214128187231215e-02
1.033347717636768493e+03	2.724439366300806520e-01	1.786079048781471224e-01	2.377631088818561444e-01	1.420104475562504187e-01	6.970823731979228222e-02	2.745395279605525665e-02	7.201241193743133928e-02
1.034799048700865114e+03	2.721932441854560958e-01	1.784595386028960118e-01	2.379100985543461111e-01	1.420998908164158858e-01	6.978074608409064183e-02	2.745395279605525665e-02	7.210252896035322656e-02
1.036250379764961508e+03	2.719429975217282913e-01	1.783114211982518571e-01	2.380566336149571582e-01	1.421893704272096381e-01	6.985313182999219883e-02	2.745395279605525665e-02	7.219249261141880147e-02
1.037701710829058356e+03	2.716931957416988674e-01	1.781635522451619769e-01	2.382027182683810473e-01	1.422788830328398091e-01	6.992539476451882507e-02	2.745395279605525665e-02	7.228230315095736380e-02
1.039153041893154750e+03	2.714438379517608579e-01	1.780159313252801800e-01	2.383483566534817244e-01	1.423684253398436184e-01	6.999753509434383791e-02	2.745395279605525665e-02	7.237196083884767095e-02
1.040604372957251599e+03	2.711949232618577899e-01	1.778685580209654338e-01	2.384935528444130648e-01	1.424579941160102059e-01	7.006955302579261080e-02	2.745395279605525665e-02	7.246146593451879836e-02
1.042055704021347992e+03	2.709464507854432158e-01	1.777214319152807531e-01	2.386383108517179108e-01	1.425475861893217844e-01	7.014144876484315616e-02	2.745395279605525665e-02	7.255081869695108321e-02
1.043507035085444613e+03	2.706984196394413011e-01	1.775745525919919798e-01	2.387826346234078467e-01	1.426371984469129717e-01	7.021322251712673601e-02	2.745395279605525665e-02	7.264001938467706809e-02
1.044958366149541234e+03	2.704508289442075220e-01	1.774279196355666444e-01	2.389265280460247942e-01	1.427268278340480812e-01	7.028487448792841708e-02	2.745395279605525665e-02	7.272906825578238921e-02
1.046409697213637855e+03	2.702036778234905290e-01	1.772815326311727169e-01	2.390699949456842888e-01	1.428164713531160090e-01	7.035640488218765365e-02	2.745395279605525665e-02	7.281796556790663677e-02
1.047861028277734476e+03	2.699569654043943445e-01	1.771353911646774415e-01	2.392130390891007985e-01	1.429061260626420249e-01	7.042781390449887047e-02	2.745395279605525665e-02	7.290671157824435422e-02
1.049312359341831097e+03	2.697106908173408923e-01	1.769894948226461706e-01	2.393556641845956401e-01	1.429957890763171036e-01	7.049910175911210108e-02	2.745395279605525665e-02	7.299530654354587089e-02
1.050763690405927491e+03	2.694648531960340265e-01	1.768438431923411436e-01	2.394978738830875753e-01	1.430854575620433833e-01	7.057026864993347359e-02	2.745395279605525665e-02	7.308375072011819018e-02
1.052215021470024112e+03	2.692194516774230051e-01	1.766984358617203765e-01	2.396396717790663378e-01	1.431751287409962770e-01	7.064131478052586288e-02	2.745395279605525665e-02	7.317204436382590549e-02
1.053666352534120733e+03	2.689744854016674624e-01	1.765532724194364134e-01	2.397810614115496730e-01	1.432647998867025985e-01	7.071224035410943187e-02	2.745395279605525665e-02	7.326018773009213003e-02
1.055117683598217127e+03	2.687299535121024929e-01	1.764083524548351878e-01	2.399220462650238639e-01	1.433544683241346485e-01	7.078304557356220050e-02	2.745395279605525665e-02	7.334818107389927400e-02
1.056569014662313975e+03	2.684858551552045114e-01	1.762636755579548575e-01	2.400626297703679635e-01	1.434441314288195934e-01	7.085373064142068411e-02	2.745395279605525665e-02	7.343602464979001598e-02
1.058020345726410369e+03	2.682421894805573359e-01	1.761192413195245832e-01	2.402028153057627347e-01	1.435337866259644157e-01	7.092429575988039303e-02	2.745395279605525665e-02	7.352371871186812180e-02
1.059471676790506763e+03	2.679989556408193252e-01	1.759750493309634456e-01	2.403426061975833805e-01	1.436234313895956294e-01	7.099474113079644322e-02	2.745395279605525665e-02	7.361126351379937427e-02
1.060923007854603611e+03	2.677561527916904049e-01	1.758310991843792248e-01	2.404820057212774531e-01	1.437130632417140119e-01	7.106506695568413912e-02	2.745395279605525665e-02	7.369865930881237814e-02
1.062374338918700232e+03	2.675137800918803155e-01	1.756873904725672064e-01	2.406210171022274136e-01	1.438026797514636301e-01	7.113527343571954265e-02	2.745395279605525665e-02	7.378590634969946216e-02
1.063825669982796853e+03	2.672718367030769704e-01	1.755439227890090437e-01	2.407596435165987037e-01	1.438922785343152988e-01	7.120536077174002831e-02	2.745395279605525665e-02	7.387300488881753946e-02
1.065277001046893474e+03	2.670303217899152037e-01	1.754006957278716750e-01	2.408978880921730237e-01	1.439818572512638895e-01	7.127532916424485221e-02	2.745395279605525665e-02	7.395995517808892639e-02
1.066728332110990095e+03	2.667892345199464055e-01	1.752577088840060193e-01	2.410357539091675660e-01	1.440714136080395724e-01	7.134517881339573486e-02	2.745395279605525665e-02	7.404675746900225841e-02
1.068179663175086489e+03	2.665485740636083234e-01	1.751149618529459495e-01	2.411732440010400103e-01	1.441609453543325481e-01	7.141490991901744412e-02	2.745395279605525665e-02	7.413341201261332281e-02
1.069630994239183110e+03	2.663083395941953646e-01	1.749724542309070707e-01	2.413103613552799454e-01	1.442504502830310176e-01	7.148452268059832249e-02	2.745395279605525665e-02	7.421991905954583579e-02
1.071082325303279504e+03	2.660685302878297853e-01	1.748301856147855549e-01	2.414471089141865257e-01	1.443399262294723373e-01	7.155401729729088389e-02	2.745395279605525665e-02	7.430627885999240012e-02
1.072533656367376352e+03	2.658291453234328250e-01	1.746881556021570858e-01	2.415834895756329148e-01	1.444293710707070244e-01	7.162339396791236878e-02	2.745395279605525665e-02	7.439249166371524058e-02
1.073984987431472746e+03	2.655901838826964512e-01	1.745463637912755550e-01	2.417195061938176570e-01	1.445187827247753354e-01	7.169265289094532700e-02	2.745395279605525665e-02	7.447855772004710606e-02
1.075436318495569594e+03	2.653516451500556039e-01	1.744048097810720899e-01	2.418551615800032251e-01	1.446081591499961960e-01	7.176179426453815902e-02	2.745395279605525665e-02	7.456447727789211610e-02
1.076887649559666215e+03	2.651135283126611064e-01	1.742634931711537771e-01	2.419904585032417454e-01	1.446974983442686213e-01	7.183081828650568490e-02	2.745395279605525665e-02	7.465025058572651029e-02
1.078338980623762609e+03	2.648758325603524089e-01	1.741224135618025526e-01	2.421253996910884276e-01	1.447867983443847650e-01	7.189972515432972722e-02	2.745395279605525665e-02	7.473587789159955030e-02
1.079790311687859230e+03	2.646385570856315539e-01	1.739815705539740631e-01	2.422599878303027532e-01	1.448760572253551260e-01	7.196851506515961061e-02	2.745395279605525665e-02	7.482135944313432485e-02
1.081241642751955851e+03	2.644017010836368087e-01	1.738409637492965842e-01	2.423942255675377022e-01	1.449652730997449401e-01	7.203718821581282794e-02	2.745395279605525665e-02	7.490669548752855456e-02
1.082692973816052472e+03	2.641652637521171298e-01	1.737005927500698266e-01	2.425281155100170727e-01	1.450544441170224241e-01	7.210574480277549825e-02	2.745395279605525665e-02	7.499188627155542464e-02
1.084144304880149093e+03	2.639292442914071279e-01	1.735604571592637702e-01	2.426616602262012812e-01	1.451435684629177880e-01	7.217418502220296350e-02	2.745395279605525665e-02	7.507693204156440370e-02
1.085595635944245487e+03	2.636936419044019764e-01	1.734205565805176097e-01	2.427948622464417838e-01	1.452326443587935723e-01	7.224250906992034371e-02	2.745395279605525665e-02	7.516183304348204863e-02
1.087046967008342108e+03	2.634584557965332086e-01	1.732808906181385888e-01	2.429277240636241730e-01	1.453216700610255596e-01	7.231071714142309204e-02	2.745395279605525665e-02	7.524658952281279567e-02
1.088498298072438729e+03	2.632236851757444041e-01	1.731414588771008067e-01	2.430602481338003384e-01	1.454106438603944285e-01	7.237880943187759153e-02	2.745395279605525665e-02	7.533120172463980690e-02
1.089949629136535123e+03	2.629893292524678183e-01	1.730022609630442465e-01	2.431924368768099698e-01	1.454995640814879532e-01	7.244678613612162699e-02	2.745395279605525665e-02	7.541566989362573359e-02
1.091400960200631971e+03	2.627553872396010126e-01	1.728632964822734708e-01	2.433242926768910408e-01	1.455884290821133076e-01	7.251464744866502332e-02	2.745395279605525665e-02	7.549999427401354879e-02
1.092852291264728365e+03	2.625218583524837612e-01	1.727245650417566503e-01	2.434558178832801623e-01	1.456772372527193882e-01	7.258239356369011741e-02	2.745395279605525665e-02	7.558417510962729680e-02
1.094303622328825213e+03	2.622887418088756251e-01	1.725860662491243147e-01	2.435870148108026101e-01	1.457659870158294346e-01	7.265002467505238259e-02	2.745395279605525665e-02	7.566821264387296742e-02
1.095754953392921607e+03	2.620560368289336917e-01	1.724477997126684092e-01	2.437178857404520282e-01	1.458546768254830039e-01	7.271754097628092828e-02	2.745395279605525665e-02	7.575210711973921762e-02
1.097206284457018228e+03	2.618237426351908703e-01	1.723097650413409343e-01	2.438484329199605560e-01	1.459433051666876313e-01	7.278494266057908280e-02	2.745395279605525665e-02	7.583585877979817647e-02
1.098657615521114849e+03	2.615918584525340762e-01	1.721719618447530298e-01	2.439786585643589356e-01	1.460318705548799834e-01	7.285222992082492077e-02	2.745395279605525665e-02	7.591946786620624998e-02
1.100108946585211470e+03	2.613603835081833027e-01	1.720343897331737537e-01	2.441085648565270716e-01	1.461203715353963095e-01	7.291940294957183211e-02	2.745395279605525665e-02	7.600293462070491224e-02
1.101560277649308091e+03	2.611293170316705270e-01	1.718970483175290276e-01	2.442381539477352648e-01	1.462088066829518584e-01	7.298646193904902157e-02	2.745395279605525665e-02	7.608625928462142696e-02
1.103011608713404712e+03	2.608986582548193933e-01	1.717599372094005261e-01	2.443674279581761477e-01	1.462971746011292595e-01	7.305340708116211945e-02	2.745395279605525665e-02	7.616944209886970796e-02
1.104462939777501106e+03	2.606684064117248401e-01	1.716230560210245115e-01	2.444963889774873778e-01	1.463854739218757306e-01	7.312023856749370887e-02	2.745395279605525665e-02	7.625248330395101304e-02
1.105914270841597499e+03	2.604385607387332269e-01	1.714864043652908066e-01	2.446250390652655871e-01	1.464737033050089732e-01	7.318695658930382542e-02	2.745395279605525665e-02	7.633538313995477664e-02
1.107365601905694348e+03	2.602091204744227948e-01	1.713499818557416010e-01	2.447533802515714230e-01	1.465618614377313667e-01	7.325356133753054000e-02	2.745395279605525665e-02	7.641814184655937314e-02
1.108816932969790741e+03	2.599800848595844038e-01	1.712137881065705081e-01	2.448814145374259843e-01	1.466499470341527944e-01	7.332005300279050009e-02	2.745395279605525665e-02	7.650075966303286623e-02
1.110268264033887590e+03	2.597514531372024371e-01	1.710778227326212042e-01	2.450091438952987366e-01	1.467379588348214081e-01	7.338643177537947093e-02	2.745395279605525665e-02	7.658323682823377221e-02
1.111719595097984211e+03	2.595232245524362047e-01	1.709420853493865688e-01	2.451365702695870452e-01	1.468258956062625797e-01	7.345269784527286294e-02	2.745395279605525665e-02	7.666557358061185101e-02
1.113170926162080832e+03	2.592953983526012363e-01	1.708065755730074631e-01	2.452636955770876037e-01	1.469137561405256809e-01	7.351885140212628678e-02	2.745395279605525665e-02	7.674777015820882786e-02
1.114622257226177226e+03	2.590679737871516286e-01	1.706712930202717304e-01	2.453905217074597023e-01	1.470015392547388000e-01	7.358489263527606683e-02	2.745395279605525665e-02	7.682982679865917042e-02
1.116073588290273847e+03	2.588409501076616714e-01	1.705362373086130312e-01	2.455170505236806133e-01	1.470892437906710093e-01	7.365082173373982410e-02	2.745395279605525665e-02	7.691174373919085205e-02
1.117524919354370468e+03	2.586143265678089165e-01	1.704014080561097044e-01	2.456432838624931503e-01	1.471768686143021532e-01	7.371663888621697580e-02	2.745395279605525665e-02	7.699352121662610127e-02
1.118976250418467089e+03	2.583881024233561918e-01	1.702668048814838242e-01	2.457692235348456211e-01	1.472644126153999922e-01	7.378234428108924881e-02	2.745395279605525665e-02	7.707515946738216495e-02
1.120427581482563710e+03	2.581622769321348376e-01	1.701324274041000062e-01	2.458948713263241770e-01	1.473518747071047297e-01	7.384793810642129031e-02	2.745395279605525665e-02	7.715665872747200227e-02
1.121878912546660331e+03	2.579368493540281082e-01	1.699982752439642697e-01	2.460202289975778334e-01	1.474392538255205609e-01	7.391342054996115352e-02	2.745395279605525665e-02	7.723801923250511736e-02
1.123330243610756725e+03	2.577118189509543522e-01	1.698643480217231772e-01	2.461452982847362470e-01	1.475265489293143273e-01	7.397879179914081116e-02	2.745395279605525665e-02	7.731924121768821156e-02
1.124781574674853118e+03	2.574871849868506923e-01	1.697306453586624464e-01	2.462700808998201929e-01	1.476137589993209431e-01	7.404405204107673832e-02	2.745395279605525665e-02	7.740032491782597446e-02
1.126232905738949967e+03	2.572629467276574267e-01	1.695971668767061735e-01	2.463945785311452419e-01	1.477008830381558446e-01	7.410920146257042596e-02	2.745395279605525665e-02	7.748127056732187490e-02
1.127684236803046360e+03	2.570391034413017084e-01	1.694639121984155561e-01	2.465187928437182763e-01	1.477879200698337669e-01	7.417424025010886657e-02	2.745395279605525665e-02	7.756207840017877164e-02
1.129135567867143209e+03	2.568156543976823913e-01	1.693308809469878384e-01	2.466427254796274837e-01	1.478748691393943215e-01	7.423916858986515099e-02	2.745395279605525665e-02	7.764274864999975989e-02
1.130586898931239830e+03	2.565925988686544312e-01	1.691980727462553402e-01	2.467663780584254118e-01	1.479617293125339572e-01	7.430398666769898186e-02	2.745395279605525665e-02	7.772328154998885130e-02
1.132038229995336451e+03	2.563699361280138422e-01	1.690654872206842629e-01	2.468897521775058057e-01	1.480484996752441662e-01	7.436869466915714544e-02	2.745395279605525665e-02	7.780367733295169563e-02
1.133489561059432845e+03	2.561476654514830420e-01	1.689331239953737185e-01	2.470128494124736451e-01	1.481351793334559908e-01	7.443329277947412226e-02	2.745395279605525665e-02	7.788393623129637178e-02
1.134940892123529466e+03	2.559257861166960857e-01	1.688009826960545634e-01	2.471356713175090758e-01	1.482217674126905804e-01	7.449778118357255896e-02	2.745395279605525665e-02	7.796405847703402614e-02
1.136392223187626087e+03	2.557042974031841776e-01	1.686690629490884274e-01	2.472582194257249844e-01	1.483082630577158556e-01	7.456216006606378177e-02	2.745395279605525665e-02	7.804404430177967755e-02
1.137843554251722708e+03	2.554831985923615156e-01	1.685373643814665756e-01	2.473804952495186893e-01	1.483946654322088887e-01	7.462642961124840713e-02	2.745395279605525665e-02	7.812389393675288340e-02
1.139294885315819101e+03	2.552624889675111919e-01	1.684058866208089089e-01	2.475025002809173313e-01	1.484809737184242528e-01	7.469059000311673024e-02	2.745395279605525665e-02	7.820360761277847517e-02
1.140746216379915950e+03	2.550421678137717585e-01	1.682746292953628542e-01	2.476242359919175184e-01	1.485671871168681157e-01	7.475464142534937739e-02	2.745395279605525665e-02	7.828318556028729391e-02
1.142197547444012343e+03	2.548222344181231280e-01	1.681435920340023371e-01	2.477457038348190588e-01	1.486533048459777184e-01	7.481858406131774997e-02	2.745395279605525665e-02	7.836262800931689809e-02
1.143648878508108737e+03	2.546026880693736949e-01	1.680127744662266998e-01	2.478669052425532260e-01	1.487393261418064605e-01	7.488241809408457961e-02	2.745395279605525665e-02	7.844193518951225741e-02
1.145100209572205586e+03	2.543835280581467351e-01	1.678821762221596181e-01	2.479878416290050847e-01	1.488252502577145364e-01	7.494614370640441392e-02	2.745395279605525665e-02	7.852110733012648836e-02
1.146551540636302207e+03	2.541647536768676940e-01	1.677517969325481029e-01	2.481085143893305145e-01	1.489110764640647622e-01	7.500976108072418547e-02	2.745395279605525665e-02	7.860014466002156197e-02
1.148002871700398828e+03	2.539463642197514193e-01	1.676216362287614725e-01	2.482289249002677389e-01	1.489968040479235090e-01	7.507327039918368361e-02	2.745395279605525665e-02	7.867904740766899774e-02
1.149454202764495449e+03	2.537283589827891706e-01	1.674916937427901875e-01	2.483490745204436079e-01	1.490824323127671325e-01	7.513667184361610962e-02	2.745395279605525665e-02	7.875781580115055747e-02
1.150905533828591842e+03	2.535107372637366852e-01	1.673619691072449067e-01	2.484689645906745792e-01	1.491679605781930096e-01	7.519996559554856241e-02	2.745395279605525665e-02	7.883645006815899470e-02
1.152356864892688463e+03	2.532934983621016323e-01	1.672324619553554326e-01	2.485885964342625098e-01	1.492533881796359041e-01	7.526315183620255200e-02	2.745395279605525665e-02	7.891495043599870696e-02
1.153808195956785084e+03	2.530766415791316226e-01	1.671031719209695732e-01	2.487079713572855066e-01	1.493387144680890788e-01	7.532623074649455464e-02	2.745395279605525665e-02	7.899331713158649904e-02
1.155259527020881706e+03	2.528601662178021070e-01	1.669740986385521986e-01	2.488270906488836420e-01	1.494239388098300980e-01	7.538920250703649850e-02	2.745395279605525665e-02	7.907155038145219361e-02
1.156710858084978327e+03	2.526440715828052186e-01	1.668452417431841861e-01	2.489459555815400627e-01	1.495090605861515431e-01	7.545206729813626334e-02	2.745395279605525665e-02	7.914965041173940841e-02
1.158162189149074720e+03	2.524283569805377270e-01	1.667166008705613378e-01	2.490645674113569630e-01	1.495940791930962244e-01	7.551482529979820779e-02	2.745395279605525665e-02	7.922761744820620844e-02
1.159613520213171569e+03	2.522130217190898249e-01	1.665881756569933259e-01	2.491829273783270626e-01	1.496789940411969444e-01	7.557747669172371063e-02	2.745395279605525665e-02	7.930545171622578604e-02
1.161064851277267962e+03	2.519980651082338041e-01	1.664599657394027765e-01	2.493010367066004207e-01	1.497638045552208141e-01	7.564002165331161487e-02	2.745395279605525665e-02	7.938315344078719638e-02
1.162516182341364356e+03	2.517834864594131750e-01	1.663319707553241045e-01	2.494188966047465594e-01	1.498485101739178982e-01	7.570246036365879672e-02	2.745395279605525665e-02	7.946072284649603745e-02
1.163967513405461204e+03	2.515692850857317309e-01	1.662041903429025413e-01	2.495365082660122580e-01	1.499331103497743012e-01	7.576479300156063745e-02	2.745395279605525665e-02	7.953816015757508850e-02
1.165418844469557826e+03	2.513554603019426681e-01	1.660766241408930532e-01	2.496538728685748776e-01	1.500176045487692789e-01	7.582701974551155077e-02	2.745395279605525665e-02	7.961546559786504551e-02
1.166870175533654447e+03	2.511420114244380941e-01	1.659492717886594249e-01	2.497709915757914123e-01	1.501019922501367621e-01	7.588914077370551015e-02	2.745395279605525665e-02	7.969263939082518733e-02
1.168321506597751068e+03	2.509289377712387026e-01	1.658221329261730936e-01	2.498878655364431545e-01	1.501862729461308221e-01	7.595115626403650677e-02	2.745395279605525665e-02	7.976968175953406959e-02
1.169772837661847461e+03	2.507162386619831707e-01	1.656952071940122895e-01	2.500044958849763632e-01	1.502704461417952719e-01	7.601306639409906307e-02	2.745395279605525665e-02	7.984659292669016306e-02
1.171224168725944082e+03	2.505039134179183891e-01	1.655684942333607301e-01	2.501208837417385755e-01	1.503545113547371526e-01	7.607487134118878780e-02	2.745395279605525665e-02	7.992337311461258920e-02
1.172675499790040703e+03	2.502919613618893591e-01	1.654419936860069551e-01	2.502370302132111979e-01	1.504384681149042169e-01	7.613657128230280624e-02	2.745395279605525665e-02	8.000002254524177236e-02
1.174126830854137097e+03	2.500803818183289784e-01	1.653157051943430489e-01	2.503529363922378237e-01	1.505223159643660491e-01	7.619816639414032922e-02	2.745395279605525665e-02	8.007654144014009212e-02
1.175578161918233945e+03	2.498691741132488542e-01	1.651896284013636973e-01	2.504686033582488869e-01	1.506060544570991810e-01	7.625965685310309716e-02	2.745395279605525665e-02	8.015293002049260485e-02
1.177029492982330339e+03	2.496583375742293109e-01	1.650637629506652160e-01	2.505840321774823187e-01	1.506896831587758168e-01	7.632104283529596300e-02	2.745395279605525665e-02	8.022918850710764049e-02
1.178480824046426733e+03	2.494478715304101757e-01	1.649381084864444402e-01	2.506992239032005965e-01	1.507732016465561653e-01	7.638232451652726684e-02	2.745395279605525665e-02	8.030531712041757975e-02
1.179932155110523581e+03	2.492377753124814244e-01	1.648126646534978368e-01	2.508141795759037396e-01	1.508566095088843262e-01	7.644350207230948824e-02	2.745395279605525665e-02	8.038131608047940913e-02
1.181383486174620202e+03	2.490280482526738837e-01	1.646874310972203659e-01	2.509289002235391974e-01	1.509399063452876999e-01	7.650457567785959312e-02	2.745395279605525665e-02	8.045718560697545652e-02
1.182834817238716823e+03	2.488186896847502383e-01	1.645624074636045375e-01	2.510433868617076847e-01	1.510230917661799788e-01	7.656554550809965831e-02	2.745395279605525665e-02	8.053292591921405730e-02
1.184286148302813444e+03	2.486096989439960658e-01	1.644375933992394123e-01	2.511576404938657969e-01	1.511061653926674131e-01	7.662641173765726010e-02	2.745395279605525665e-02	8.060853723613019273e-02
1.185737479366910065e+03	2.484010753672111493e-01	1.643129885513095467e-01	2.512716621115250182e-01	1.511891268563582413e-01	7.668717454086605712e-02	2.745395279605525665e-02	8.068401977628612831e-02
1.187188810431006686e+03	2.481928182927005122e-01	1.641885925675940217e-01	2.513854526944473422e-01	1.512719757991758118e-01	7.674783409176627602e-02	2.745395279605525665e-02	8.075937375787212158e-02
1.188640141495103080e+03	2.479849270602662026e-01	1.640644050964654710e-01	2.514990132108376186e-01	1.513547118731746188e-01	7.680839056410512788e-02	2.745395279605525665e-02	8.083459939870708821e-02
1.190091472559199701e+03	2.477774010111984671e-01	1.639404257868889991e-01	2.516123446175325684e-01	1.514373347403595027e-01	7.686884413133736327e-02	2.745395279605525665e-02	8.090969691623919879e-02
1.191542803623296322e+03	2.475702394882677015e-01	1.638166542884212928e-01	2.517254478601866352e-01	1.515198440725081253e-01	7.692919496662579959e-02	2.745395279605525665e-02	8.098466652754655881e-02
1.192994134687392716e+03	2.473634418357160691e-01	1.636930902512094277e-01	2.518383238734545060e-01	1.516022395509963872e-01	7.698944324284173746e-02	2.745395279605525665e-02	8.105950844933791644e-02
1.194445465751489564e+03	2.471570073992493954e-01	1.635697333259901465e-01	2.519509735811708562e-01	1.516845208666268985e-01	7.704958913256550190e-02	2.745395279605525665e-02	8.113422289795323150e-02
1.195896796815585958e+03	2.469509355260292305e-01	1.634465831640886102e-01	2.520633978965265420e-01	1.517666877194603636e-01	7.710963280808688647e-02	2.745395279605525665e-02	8.120881008936436940e-02
1.197348127879682352e+03	2.467452255646648551e-01	1.633236394174175654e-01	2.521755977222421841e-01	1.518487398186499082e-01	7.716957444140569444e-02	2.745395279605525665e-02	8.128327023917576721e-02
1.198799458943779200e+03	2.465398768652055650e-01	1.632009017384762617e-01	2.522875739507386972e-01	1.519306768822782372e-01	7.722941420423221071e-02	2.745395279605525665e-02	8.135760356262503046e-02
1.200250790007875821e+03	2.463348887791328989e-01	1.630783697803495358e-01	2.523993274643046569e-01	1.520124986371975961e-01	7.728915226798767357e-02	2.745395279605525665e-02	8.143181027458361310e-02
1.201702121071972442e+03	2.461302606593531173e-01	1.629560431967067846e-01	2.525108591352613341e-01	1.520942048188725360e-01	7.734878880380476052e-02	2.745395279605525665e-02	8.150589058955748367e-02
1.203153452136069063e+03	2.459259918601896799e-01	1.628339216418009661e-01	2.526221698261243431e-01	1.521757951712252588e-01	7.740832398252807389e-02	2.745395279605525665e-02	8.157984472168769430e-02
1.204604783200165684e+03	2.457220817373758637e-01	1.627120047704676553e-01	2.527332603897628482e-01	1.522572694464838505e-01	7.746775797471468217e-02	2.745395279605525665e-02	8.165367288475111618e-02
1.206056114264262078e+03	2.455185296480474622e-01	1.625902922381239901e-01	2.528441316695561603e-01	1.523386274050328448e-01	7.752709095063453626e-02	2.745395279605525665e-02	8.172737529216098085e-02
1.207507445328358699e+03	2.453153349507356251e-01	1.624687837007677826e-01	2.529547844995473360e-01	1.524198688152666459e-01	7.758632308027095525e-02	2.745395279605525665e-02	8.180095215696761568e-02
1.208958776392455093e+03	2.451124970053596974e-01	1.623474788149764647e-01	2.530652197045943352e-01	1.525009934534452549e-01	7.764545453332118152e-02	2.745395279605525665e-02	8.187440369185901290e-02
1.210410107456551941e+03	2.449100151732202524e-01	1.622263772379061997e-01	2.531754381005186794e-01	1.525820011035525781e-01	7.770448547919674154e-02	2.745395279605525665e-02	8.194773010916148182e-02
1.211861438520648335e+03	2.447078888169920974e-01	1.621054786272907167e-01	2.532854404942514459e-01	1.526628915571572043e-01	7.776341608702407038e-02	2.745395279605525665e-02	8.202093162084030109e-02
1.213312769584745183e+03	2.445061173007176403e-01	1.619847826414405889e-01	2.533952276839768203e-01	1.527436646132755427e-01	7.782224652564485867e-02	2.745395279605525665e-02	8.209400843850035712e-02
1.214764100648841804e+03	2.443046999897998395e-01	1.618642889392420681e-01	2.535048004592732607e-01	1.528243200782373190e-01	7.788097696361662159e-02	2.745395279605525665e-02	8.216696077338669912e-02
1.216215431712937971e+03	2.441036362509957924e-01	1.617439971801562515e-01	2.536141596012519983e-01	1.529048577655533481e-01	7.793960756921315680e-02	2.745395279605525665e-02	8.223978883638527471e-02
1.217666762777034819e+03	2.439029254524100465e-01	1.616239070242179721e-01	2.537233058826935950e-01	1.529852774957856654e-01	7.799813851042498858e-02	2.745395279605525665e-02	8.231249283802349881e-02
1.219118093841131440e+03	2.437025669634882707e-01	1.615040181320349100e-01	2.538322400681818358e-01	1.530655790964199070e-01	7.805656995495988126e-02	2.745395279605525665e-02	8.238507298847089211e-02
1.220569424905228061e+03	2.435025601550105667e-01	1.613843301647866491e-01	2.539409629142356239e-01	1.531457624017397989e-01	7.811490207024331112e-02	2.745395279605525665e-02	8.245752949753971939e-02
1.222020755969324682e+03	2.433029043990854456e-01	1.612648427842236498e-01	2.540494751694382658e-01	1.532258272527038390e-01	7.817313502341891041e-02	2.745395279605525665e-02	8.252986257468554465e-02
1.223472087033421303e+03	2.431035990691432780e-01	1.611455556526663335e-01	2.541577775745648138e-01	1.533057734968241992e-01	7.823126898134900864e-02	2.745395279605525665e-02	8.260207242900798053e-02
1.224923418097517697e+03	2.429046435399304649e-01	1.610264684330040830e-01	2.542658708627072439e-01	1.533856009880475713e-01	7.828930411061504890e-02	2.745395279605525665e-02	8.267415926925122949e-02
1.226374749161614318e+03	2.427060371875031097e-01	1.609075807886943543e-01	2.543737557593973020e-01	1.534653095866381489e-01	7.834724057751804582e-02	2.745395279605525665e-02	8.274612330380468062e-02
1.227826080225710712e+03	2.425077793892210232e-01	1.607888923837615947e-01	2.544814329827275734e-01	1.535448991590626644e-01	7.840507854807912680e-02	2.745395279605525665e-02	8.281796474070357572e-02
1.229277411289807560e+03	2.423098695237418942e-01	1.606704028827964092e-01	2.545889032434702770e-01	1.536243695778773677e-01	7.846281818803994834e-02	2.745395279605525665e-02	8.288968378762963385e-02
1.230728742353903954e+03	2.421123069710153508e-01	1.605521119509545624e-01	2.546961672451938941e-01	1.537037207216168655e-01	7.852045966286318179e-02	2.745395279605525665e-02	8.296128065191160639e-02
1.232180073418000802e+03	2.419150911122771586e-01	1.604340192539559784e-01	2.548032256843782983e-01	1.537829524746850418e-01	7.857800313773299905e-02	2.745395279605525665e-02	8.303275554052598484e-02
1.233631404482097196e+03	2.417182213300434479e-01	1.603161244580838252e-01	2.549100792505273883e-01	1.538620647272477271e-01	7.863544877755551665e-02	2.745395279605525665e-02	8.310410866009752817e-02
1.235082735546193817e+03	2.415216970081052739e-01	1.601984272301836265e-01	2.550167286262799426e-01	1.539410573751273104e-01	7.869279674695928151e-02	2.745395279605525665e-02	8.317534021689991508e-02
1.236534066610290438e+03	2.413255175315227596e-01	1.600809272376622072e-01	2.551231744875191443e-01	1.540199303196991554e-01	7.875004721029571497e-02	2.745395279605525665e-02	8.324645041685636848e-02
1.237985397674387059e+03	2.411296822866197676e-01	1.599636241484868049e-01	2.552294175034792167e-01	1.540986834677897654e-01	7.880720033163964022e-02	2.745395279605525665e-02	8.331743946554021063e-02
1.239436728738483680e+03	2.409341906609782924e-01	1.598465176311840708e-01	2.553354583368511732e-01	1.541773167315766691e-01	7.886425627478964306e-02	2.745395279605525665e-02	8.338830756817554313e-02
1.240888059802580301e+03	2.407390420434332434e-01	1.597296073548392648e-01	2.554412976438862892e-01	1.542558300284901651e-01	7.892121520326866868e-02	2.745395279605525665e-02	8.345905492963777428e-02
1.242339390866676695e+03	2.405442358240670042e-01	1.596128929890951453e-01	2.555469360744979657e-01	1.543342232811166503e-01	7.897807728032436858e-02	2.745395279605525665e-02	8.352968175445431298e-02
1.243790721930773088e+03	2.403497713942041869e-01	1.594963742041511090e-01	2.556523742723617598e-01	1.544124964171036396e-01	7.903484266892962795e-02	2.745395279605525665e-02	8.360018824680509608e-02
1.245242052994869937e+03	2.401556481464064974e-01	1.593800506707622189e-01	2.557576128750139177e-01	1.544906493690665350e-01	7.909151153178299587e-02	2.745395279605525665e-02	8.367057461052324063e-02
1.246693384058966330e+03	2.399618654744675172e-01	1.592639220602383721e-01	2.558626525139479080e-01	1.545686820744967827e-01	7.914808403130918490e-02	2.745395279605525665e-02	8.374084104909562676e-02
1.248144715123063179e+03	2.397684227734076801e-01	1.591479880444432449e-01	2.559674938147096235e-01	1.546465944756718336e-01	7.920456032965952908e-02	2.745395279605525665e-02	8.381098776566349440e-02
1.249596046187159800e+03	2.395753194394692753e-01	1.590322482957933214e-01	2.560721373969908621e-01	1.547243865195665480e-01	7.926094058871238635e-02	2.745395279605525665e-02	8.388101496302306781e-02
1.251047377251256421e+03	2.393825548701113415e-01	1.589167024872571443e-01	2.561765838747210311e-01	1.548020581577661536e-01	7.931722497007365202e-02	2.745395279605525665e-02	8.395092284362609680e-02
1.252498708315352815e+03	2.391901284640050029e-01	1.588013502923542597e-01	2.562808338561577415e-01	1.548796093463806478e-01	7.937341363507723069e-02	2.745395279605525665e-02	8.402071160958052287e-02
1.253950039379449436e+03	2.389980396210284186e-01	1.586861913851542460e-01	2.563848879439753481e-01	1.549570400459608921e-01	7.942950674478541084e-02	2.745395279605525665e-02	8.409038146265104818e-02
1.255401370443546057e+03	2.388062877422620633e-01	1.585712254402758814e-01	2.564887467353523798e-01	1.550343502214158453e-01	7.948550445998946168e-02	2.745395279605525665e-02	8.415993260425969069e-02
1.256852701507642678e+03	2.386148722299840375e-01	1.584564521328861997e-01	2.565924108220571931e-01	1.551115398419315172e-01	7.954140694120993837e-02	2.745395279605525665e-02	8.422936523548645027e-02
1.258304032571739299e+03	2.384237924876653203e-01	1.583418711386995192e-01	2.566958807905323492e-01	1.551886088808910324e-01	7.959721434869725110e-02	2.745395279605525665e-02	8.429867955706983607e-02
1.259755363635835920e+03	2.382330479199651074e-01	1.582274821339765269e-01	2.567991572219777141e-01	1.552655573157964153e-01	7.965292684243205357e-02	2.745395279605525665e-02	8.436787576940750488e-02
1.261206694699932314e+03	2.380426379327263975e-01	1.581132847955234177e-01	2.569022406924315605e-01	1.553423851281914292e-01	7.970854458212571492e-02	2.745395279605525665e-02	8.443695407255680241e-02
1.262658025764028707e+03	2.378525619329712737e-01	1.579992788006909232e-01	2.570051317728510587e-01	1.554190923035858873e-01	7.976406772722080540e-02	2.745395279605525665e-02	8.450591466623538772e-02
1.264109356828125556e+03	2.376628193288964630e-01	1.578854638273733957e-01	2.571078310291907698e-01	1.554956788313813509e-01	7.981949643689149887e-02	2.745395279605525665e-02	8.457475774982184391e-02
1.265560687892221949e+03	2.374734095298690617e-01	1.577718395540078922e-01	2.572103390224801944e-01	1.555721447047978545e-01	7.987483087004405846e-02	2.745395279605525665e-02	8.464348352235621931e-02
1.267012018956318798e+03	2.372843319464219558e-01	1.576584056595732863e-01	2.573126563088999341e-01	1.556484899208022132e-01	7.993007118531729460e-02	2.745395279605525665e-02	8.471209218254059647e-02
1.268463350020415419e+03	2.370955859902496021e-01	1.575451618235892970e-01	2.574147834398563539e-01	1.557247144800373295e-01	7.998521754108296744e-02	2.745395279605525665e-02	8.478058392873973059e-02
1.269914681084511813e+03	2.369071710742036985e-01	1.574321077261156554e-01	2.575167209620551900e-01	1.558008183867528595e-01	8.004027009544628646e-02	2.745395279605525665e-02	8.484895895898160456e-02
1.271366012148608434e+03	2.367190866122889370e-01	1.573192430477511616e-01	2.576184694175738810e-01	1.558768016487369623e-01	8.009522900624632680e-02	2.745395279605525665e-02	8.491721747095798412e-02
1.272817343212705055e+03	2.365313320196589242e-01	1.572065674696326854e-01	2.577200293439326217e-01	1.559526642772494087e-01	8.015009443105652887e-02	2.745395279605525665e-02	8.498535966202507008e-02
1.274268674276801676e+03	2.363439067126118787e-01	1.570940806734344164e-01	2.578214012741642525e-01	1.560284062869556343e-01	8.020486652718505916e-02	2.745395279605525665e-02	8.505338572920402573e-02
1.275720005340898297e+03	2.361568101085866067e-01	1.569817823413668656e-01	2.579225857368827590e-01	1.561040276958621520e-01	8.025954545167533760e-02	2.745395279605525665e-02	8.512129586918151802e-02
1.277171336404994690e+03	2.359700416261583944e-01	1.568696721561759766e-01	2.580235832563512188e-01	1.561795285252528809e-01	8.031413136130646779e-02	2.745395279605525665e-02	8.518909027831036984e-02
1.278622667469091539e+03	2.357836006850350108e-01	1.567577498011422377e-01	2.581243943525476370e-01	1.562549087996266961e-01	8.036862441259361167e-02	2.745395279605525665e-02	8.525676915261012900e-02
1.280073998533187932e+03	2.355974867060527944e-01	1.566460149600796825e-01	2.582250195412306715e-01	1.563301685466360613e-01	8.042302476178854465e-02	2.745395279605525665e-02	8.532433268776756785e-02
1.281525329597284326e+03	2.354116991111726009e-01	1.565344673173351686e-01	2.583254593340035821e-01	1.564053077970266048e-01	8.047733256488003029e-02	2.745395279605525665e-02	8.539178107913734939e-02
1.282976660661381175e+03	2.352262373234760007e-01	1.564231065577873225e-01	2.584257142383771799e-01	1.564803265845780000e-01	8.053154797759426442e-02	2.745395279605525665e-02	8.545911452174252687e-02
1.284427991725477568e+03	2.350411007671613928e-01	1.563119323668457350e-01	2.585257847578320556e-01	1.565552249460455958e-01	8.058567115539531922e-02	2.745395279605525665e-02	8.552633321027515445e-02
1.285879322789574417e+03	2.348562888675401750e-01	1.562009444304500172e-01	2.586256713918794192e-01	1.566300029211031286e-01	8.063970225348562892e-02	2.745395279605525665e-02	8.559343733909685614e-02
1.287330653853671038e+03	2.346718010510329688e-01	1.560901424350689126e-01	2.587253746361209417e-01	1.567046605522865454e-01	8.069364142680637841e-02	2.745395279605525665e-02	8.566042710223939483e-02
1.288781984917767431e+03	2.344876367451658727e-01	1.559795260676994644e-01	2.588248949823078182e-01	1.567791978849387702e-01	8.074748883003796118e-02	2.745395279605525665e-02	8.572730269340521347e-02
1.290233315981864052e+03	2.343037953785668537e-01	1.558690950158660438e-01	2.589242329183985558e-01	1.568536149671552471e-01	8.080124461760042343e-02	2.745395279605525665e-02	8.579406430596801802e-02
