1.001418434226643626e+03	2.780934369493993086e-01	1.819097198583188024e-01	2.344164083014177169e-01	1.400635451353060834e-01	6.807363714186291659e-02	2.745395279605524971e-02	6.998929981725360294e-02
1.003837319333471214e+03	2.776596916848900198e-01	1.816525375140642939e-01	2.346800847225178899e-01	1.402098597613725683e-01	6.819877191542687844e-02	2.745395279605524971e-02	7.014510160528676652e-02
1.006256204440298802e+03	2.772272374657137051e-01	1.813960752078278005e-01	2.349421977591201471e-01	1.403565227288670891e-01	6.832355255473360200e-02	2.745395279605524971e-02	7.030046148729600375e-02
1.008675089547126618e+03	2.767960697499343703e-01	1.811403309166600695e-01	2.352027746964137911e-01	1.405035110715684710e-01	6.844798005429443555e-02	2.745395279605524971e-02	7.045538071468718244e-02
1.011093974653954206e+03	2.763661840312043871e-01	1.808853026233018524e-01	2.354618420936301637e-01	1.406508025143636265e-01	6.857205540582698988e-02	2.745395279605524971e-02	7.060986053523123085e-02
1.013512859760782021e+03	2.759375758380244181e-01	1.806309883161678898e-01	2.357194258045422763e-01	1.407983754534833931e-01	6.869577959826299318e-02	2.745395279605524971e-02	7.076390219307725216e-02
1.015931744867609382e+03	2.755102407330234926e-01	1.803773859893308684e-01	2.359755509973814058e-01	1.409462089373008931e-01	6.881915361775613194e-02	2.745395279605524971e-02	7.091750692876547246e-02
1.018350629974437197e+03	2.750841743122591221e-01	1.801244936425053789e-01	2.362302421741877267e-01	1.410942826476760670e-01	6.894217844768983638e-02	2.745395279605524971e-02	7.107067597924004998e-02
1.020769515081264785e+03	2.746593722045365116e-01	1.798723092810319835e-01	2.364835231896114942e-01	1.412425768818312555e-01	6.906485506868512148e-02	2.745395279605524971e-02	7.122341057786188423e-02
1.023188400188092373e+03	2.742358300707456453e-01	1.796208309158614513e-01	2.367354172691794045e-01	1.413910725347423125e-01	6.918718445860828903e-02	2.745395279605524971e-02	7.137571195442113381e-02
1.025607285294920075e+03	2.738135436032175796e-01	1.793700565635387434e-01	2.369859470270423984e-01	1.415397510820309845e-01	6.930916759257869930e-02	2.745395279605524971e-02	7.152758133514987293e-02
1.028026170401747549e+03	2.733925085250972220e-01	1.791199842461872194e-01	2.372351344832190068e-01	1.416885945633439003e-01	6.943080544297655643e-02	2.745395279605524971e-02	7.167901994273440103e-02
1.030445055508575479e+03	2.729727205897337083e-01	1.788706119914930670e-01	2.374830010803486158e-01	1.418375855662048213e-01	6.955209897945051345e-02	2.745395279605524971e-02	7.183002899632760785e-02
1.032863940615402726e+03	2.725541755800875432e-01	1.786219378326893981e-01	2.377295676999688356e-01	1.419867072103260519e-01	6.967304916892537447e-02	2.745395279605524971e-02	7.198060971156117205e-02
1.035282825722230655e+03	2.721368693081530621e-01	1.783739598085406497e-01	2.379748546783305441e-01	1.421359431323666322e-01	6.979365697560981074e-02	2.745395279605524971e-02	7.213076330055769037e-02
1.037701710829058356e+03	2.717207976143973802e-01	1.781266759633270413e-01	2.382188818217632620e-01	1.422852774711241552e-01	6.991392336100393790e-02	2.745395279605524971e-02	7.228049097194265415e-02
1.040120595935886058e+03	2.713059563672139407e-01	1.778800843468288650e-01	2.384616684216042393e-01	1.424346948531480250e-01	7.003384928390693487e-02	2.745395279605524971e-02	7.242979393085646755e-02
1.042539481042713533e+03	2.708923414623911063e-01	1.776341830143110534e-01	2.387032332687033798e-01	1.425841803787620543e-01	7.015343570042466281e-02	2.745395279605524971e-02	7.257867337896617421e-02
1.044958366149541234e+03	2.704799488225951287e-01	1.773889700265077196e-01	2.389435946675158851e-01	1.427337196084851045e-01	7.027268356397725624e-02	2.745395279605524971e-02	7.272713051447729504e-02
1.047377251256368709e+03	2.700687743968670507e-01	1.771444434496066700e-01	2.391827704497948293e-01	1.428832985498378894e-01	7.039159382530660314e-02	2.745395279605524971e-02	7.287516653214541618e-02
1.049796136363196410e+03	2.696588141601327093e-01	1.769006013552339718e-01	2.394207779878945730e-01	1.430329036445254776e-01	7.051016743248392227e-02	2.745395279605524971e-02	7.302278262328783243e-02
1.052215021470024112e+03	2.692500641127267280e-01	1.766574418204386876e-01	2.396576342076962296e-01	1.431825217559846708e-01	7.062840533091729878e-02	2.745395279605524971e-02	7.316997997579495483e-02
1.054633906576851814e+03	2.688425202799286651e-01	1.764149629276776099e-01	2.398933556011660639e-01	1.433321401572855147e-01	7.074630846335908108e-02	2.745395279605524971e-02	7.331675977414174594e-02
1.057052791683679516e+03	2.684361787115115972e-01	1.761731627647998288e-01	2.401279582385572042e-01	1.434817465193775066e-01	7.086387776991343035e-02	2.745395279605524971e-02	7.346312319939909963e-02
1.059471676790506763e+03	2.680310354813035256e-01	1.759320394250317166e-01	2.403614577802646035e-01	1.436313288996701187e-01	7.098111418804373129e-02	2.745395279605524971e-02	7.360907142924499880e-02
1.061890561897334692e+03	2.676270866867593856e-01	1.756915910069616615e-01	2.405938694883434092e-01	1.437808757309384788e-01	7.109801865258003062e-02	2.745395279605524971e-02	7.375460563797572866e-02
1.064309447004162394e+03	2.672243284485453785e-01	1.754518156145248864e-01	2.408252082377000669e-01	1.439303758105449083e-01	7.121459209572642002e-02	2.745395279605524971e-02	7.389972699651696508e-02
1.066728332110990095e+03	2.668227569101341290e-01	1.752127113569885430e-01	2.410554885269657055e-01	1.440798182899670210e-01	7.133083544706843304e-02	2.745395279605524971e-02	7.404443667243477967e-02
1.069147217217817570e+03	2.664223682374101676e-01	1.749742763489365027e-01	2.412847244890605480e-01	1.442291926646243339e-01	7.144674963358040032e-02	2.745395279605524971e-02	7.418873582994660321e-02
1.071566102324645271e+03	2.660231586182867369e-01	1.747365087102544512e-01	2.415129299014585063e-01	1.443784887639940617e-01	7.156233557963280478e-02	2.745395279605524971e-02	7.433262562993205036e-02
1.073984987431472746e+03	2.656251242623318687e-01	1.744994065661149008e-01	2.417401181961599255e-01	1.445276967420085767e-01	7.167759420699956752e-02	2.745395279605524971e-02	7.447610722994375820e-02
1.076403872538300675e+03	2.652282614004051742e-01	1.742629680469623132e-01	2.419663024693814724e-01	1.446768070677261764e-01	7.179252643486536134e-02	2.745395279605524971e-02	7.461918178421809988e-02
1.078822757645127922e+03	2.648325662843035722e-01	1.740271912884981675e-01	2.421914954909706319e-01	1.448258105162673615e-01	7.190713317983293829e-02	2.745395279605524971e-02	7.476185044368585664e-02
1.081241642751955851e+03	2.644380351864167866e-01	1.737920744316662214e-01	2.424157097135530570e-01	1.449746981600092965e-01	7.202141535593031829e-02	2.745395279605524971e-02	7.490411435598282042e-02
1.083660527858783553e+03	2.640446643993916709e-01	1.735576156226377453e-01	2.426389572814198758e-01	1.451234613600308754e-01	7.213537387461804729e-02	2.745395279605524971e-02	7.504597466546031326e-02
1.086079412965611255e+03	2.636524502358053579e-01	1.733238130127966736e-01	2.428612500391630347e-01	1.452720917578013970e-01	7.224900964479641363e-02	2.745395279605524971e-02	7.518743251319562337e-02
1.088498298072438729e+03	2.632613890278472923e-01	1.730906647587249769e-01	2.430825995400651696e-01	1.454205812671059972e-01	7.236232357281266458e-02	2.745395279605524971e-02	7.532848903700248289e-02
1.090917183179266431e+03	2.628714771270090345e-01	1.728581690221880629e-01	2.433030170542513082e-01	1.455689220662006733e-01	7.247531656246818110e-02	2.745395279605524971e-02	7.546914537144130963e-02
1.093336068286093905e+03	2.624827109037828898e-01	1.726263239701200380e-01	2.435225135766093119e-01	1.457171065901911311e-01	7.258798951502561103e-02	2.745395279605524971e-02	7.560940264782957387e-02
1.095754953392921607e+03	2.620950867473675894e-01	1.723951277746092747e-01	2.437410998344853308e-01	1.458651275236283740e-01	7.270034332921603004e-02	2.745395279605524971e-02	7.574926199425198459e-02
1.098173838499749309e+03	2.617086010653821848e-01	1.721645786128837563e-01	2.439587862951607122e-01	1.460129777933152073e-01	7.281237890124603318e-02	2.745395279605524971e-02	7.588872453557063413e-02
1.100592723606577010e+03	2.613232502835872717e-01	1.719346746672967274e-01	2.441755831731168835e-01	1.461606505613176066e-01	7.292409712480486805e-02	2.745395279605524971e-02	7.602779139343512904e-02
1.103011608713404712e+03	2.609390308456132623e-01	1.717054141253120947e-01	2.443915004370939281e-01	1.463081392181750651e-01	7.303549889107142923e-02	2.745395279605524971e-02	7.616646368629263752e-02
1.105430493820231959e+03	2.605559392126957641e-01	1.714767951794902157e-01	2.446065478169486829e-01	1.464554373763044814e-01	7.314658508872144693e-02	2.745395279605524971e-02	7.630474252939783986e-02
1.107849378927059888e+03	2.601739718634177301e-01	1.712488160274733551e-01	2.448207348103183800e-01	1.466025388635917026e-01	7.325735660393439819e-02	2.745395279605524971e-02	7.644262903482294813e-02
1.110268264033887590e+03	2.597931252934582713e-01	1.710214748719714739e-01	2.450340706890949682e-01	1.467494377171656983e-01	7.336781432040058448e-02	2.745395279605524971e-02	7.658012431146746235e-02
1.112687149140715292e+03	2.594133960153481855e-01	1.707947699207479353e-01	2.452465645057159138e-01	1.468961281773500938e-01	7.347795911932814006e-02	2.745395279605524971e-02	7.671722946506812080e-02
1.115106034247542766e+03	2.590347805582312590e-01	1.705686993866052104e-01	2.454582250992763948e-01	1.470426046817869536e-01	7.358779187944995692e-02	2.745395279605524971e-02	7.685394559820861449e-02
1.117524919354370468e+03	2.586572754676317309e-01	1.703432614873707784e-01	2.456690611014678560e-01	1.471888618597279319e-01	7.369731347703069313e-02	2.745395279605524971e-02	7.699027381032931550e-02
1.119943804461197942e+03	2.582808773052281959e-01	1.701184544458828607e-01	2.458790809423485046e-01	1.473348945264881249e-01	7.380652478587367005e-02	2.745395279605524971e-02	7.712621519773697754e-02
1.122362689568025871e+03	2.579055826486323366e-01	1.698942764899763758e-01	2.460882928559494365e-01	1.474806976780579093e-01	7.391542667732782512e-02	2.745395279605524971e-02	7.726177085361436714e-02
1.124781574674853118e+03	2.575313880911744291e-01	1.696707258524688677e-01	2.462967048857224450e-01	1.476262664858681573e-01	7.402402002029460915e-02	2.745395279605524971e-02	7.739694186802976994e-02
1.127200459781681047e+03	2.571582902416929550e-01	1.694478007711464340e-01	2.465043248898326489e-01	1.477715962917048320e-01	7.413230568123482800e-02	2.745395279605524971e-02	7.753172932794659411e-02
1.129619344888508749e+03	2.567862857243305985e-01	1.692254994887497088e-01	2.467111605463013224e-01	1.479166826027683013e-01	7.424028452417553992e-02	2.745395279605524971e-02	7.766613431723282113e-02
1.132038229995336451e+03	2.564153711783346834e-01	1.690038202529600131e-01	2.469172193580028152e-01	1.480615210868734544e-01	7.434795741071688335e-02	2.745395279605524971e-02	7.780015791667044267e-02
1.134457115102163925e+03	2.560455432578629953e-01	1.687827613163853102e-01	2.471225086575195573e-01	1.482061075677866546e-01	7.445532520003889099e-02	2.745395279605524971e-02	7.793380120396485589e-02
1.136876000208991627e+03	2.556767986317942110e-01	1.685623209365464392e-01	2.473270356118595359e-01	1.483504380206956130e-01	7.456238874890831758e-02	2.745395279605524971e-02	7.806706525375420314e-02
1.139294885315819101e+03	2.553091339835429352e-01	1.683424973758631538e-01	2.475308072270399340e-01	1.484945085678082421e-01	7.466914891168538460e-02	2.745395279605524971e-02	7.819995113761864236e-02
1.141713770422646803e+03	2.549425460108797892e-01	1.681232889016404941e-01	2.477338303525408181e-01	1.486383154740769652e-01	7.477560654033056642e-02	2.745395279605524971e-02	7.833245992408967295e-02
1.144132655529474505e+03	2.545770314257554401e-01	1.679046937860548538e-01	2.479361116856323988e-01	1.487818551430450942e-01	7.488176248441136273e-02	2.745395279605524971e-02	7.846459267865923959e-02
1.146551540636302207e+03	2.542125869541291272e-01	1.676867103061403796e-01	2.481376577755798063e-01	1.489251241128111969e-01	7.498761759110895986e-02	2.745395279605524971e-02	7.859635046378897483e-02
1.148970425743129908e+03	2.538492093358014623e-01	1.674693367437752600e-01	2.483384750277284059e-01	1.490681190521090105e-01	7.509317270522498922e-02	2.745395279605524971e-02	7.872773433891933070e-02
1.151389310849957155e+03	2.534868953242515044e-01	1.672525713856680418e-01	2.485385697074735112e-01	1.492108367564985993e-01	7.519842866918823032e-02	2.745395279605524971e-02	7.885874536047861316e-02
1.153808195956785084e+03	2.531256416864771097e-01	1.670364125233440855e-01	2.487379479441174934e-01	1.493532741446665923e-01	7.530338632306118885e-02	2.745395279605524971e-02	7.898938458189205813e-02
1.156227081063612786e+03	2.527654452028399445e-01	1.668208584531319649e-01	2.489366157346174779e-01	1.494954282548313917e-01	7.540804650454685509e-02	2.745395279605524971e-02	7.911965305359083822e-02
1.158645966170440488e+03	2.524063026669138288e-01	1.666059074761500058e-01	2.491345789472269867e-01	1.496372962412513552e-01	7.551241004899526821e-02	2.745395279605524971e-02	7.924955182302099999e-02
1.161064851277267962e+03	2.520482108853367986e-01	1.663915578982927412e-01	2.493318433250341914e-01	1.497788753708322318e-01	7.561647778941016362e-02	2.745395279605524971e-02	7.937908193465240125e-02
1.163483736384095664e+03	2.516911666776665557e-01	1.661778080302173943e-01	2.495284144893999967e-01	1.499201630198314927e-01	7.572025055645556502e-02	2.745395279605524971e-02	7.950824442998757902e-02
1.165902621490923138e+03	2.513351668762396907e-01	1.659646561873306114e-01	2.497242979432987287e-01	1.500611566706565592e-01	7.582372917846232074e-02	2.745395279605524971e-02	7.963704034757061734e-02
1.168321506597751068e+03	2.509802083260341821e-01	1.657521006897750282e-01	2.499194990745641498e-01	1.502018539087544846e-01	7.592691448143470967e-02	2.745395279605524971e-02	7.976547072299594587e-02
1.170740391704578315e+03	2.506262878845347819e-01	1.655401398624159470e-01	2.501140231590434637e-01	1.503422524195902055e-01	7.602980728905696373e-02	2.745395279605524971e-02	7.989353658891712451e-02
1.173159276811406244e+03	2.502734024216021758e-01	1.653287720348279866e-01	2.503078753636620024e-01	1.504823499857110281e-01	7.613240842269976272e-02	2.745395279605524971e-02	8.002123897505553085e-02
1.175578161918233945e+03	2.499215488193445023e-01	1.651179955412818701e-01	2.505010607494012609e-01	1.506221444838949375e-01	7.623471870142679852e-02	2.745395279605524971e-02	8.014857890820910324e-02
1.177997047025061647e+03	2.495707239719925918e-01	1.649078087207312415e-01	2.506935842741921938e-01	1.507616338823802304e-01	7.633673894200120047e-02	2.745395279605524971e-02	8.027555741226098662e-02
1.180415932131889122e+03	2.492209247857775922e-01	1.646982099167993985e-01	2.508854507957271607e-01	1.509008162381740570e-01	7.643846995889201634e-02	2.745395279605524971e-02	8.040217550818813674e-02
1.182834817238716823e+03	2.488721481788116752e-01	1.644891974777662469e-01	2.510766650741917405e-01	1.510396896944380674e-01	7.653991256428067935e-02	2.745395279605524971e-02	8.052843421406993829e-02
1.185253702345544298e+03	2.485243910809714352e-01	1.642807697565550895e-01	2.512672317749193862e-01	1.511782524779483050e-01	7.664106756806741971e-02	2.745395279605524971e-02	8.065433454509673972e-02
1.187672587452371999e+03	2.481776504337838141e-01	1.640729251107196085e-01	2.514571554709709722e-01	1.513165028966279024e-01	7.674193577787764842e-02	2.745395279605524971e-02	8.077987751357841584e-02
1.190091472559199701e+03	2.478319231903149678e-01	1.638656619024308203e-01	2.516464406456413450e-01	1.514544393371500264e-01	7.684251799906843816e-02	2.745395279605524971e-02	8.090506412895275001e-02
1.192510357666027403e+03	2.474872063150612422e-01	1.636589784984640861e-01	2.518350916948948193e-01	1.515920602626092961e-01	7.694281503473480999e-02	2.745395279605524971e-02	8.102989539779401063e-02
1.194929242772855105e+03	2.471434967838430086e-01	1.634528732701861498e-01	2.520231129297320072e-01	1.517293642102597317e-01	7.704282768571613094e-02	2.745395279605524971e-02	8.115437232382129162e-02
1.197348127879682352e+03	2.468007915837004962e-01	1.632473445935422041e-01	2.522105085784890899e-01	1.518663497893171510e-01	7.714255675060244233e-02	2.745395279605524971e-02	8.127849590790692247e-02
1.199767012986510281e+03	2.464590877127923185e-01	1.630423908490429841e-01	2.523972827890728632e-01	1.520030156788244879e-01	7.724200302574080190e-02	2.745395279605524971e-02	8.140226714808480868e-02
1.202185898093337983e+03	2.461183821802960248e-01	1.628380104217520274e-01	2.525834396311318897e-01	1.521393606255779796e-01	7.734116730524154271e-02	2.745395279605524971e-02	8.152568703955880014e-02
1.204604783200165684e+03	2.457786720063108443e-01	1.626342017012727126e-01	2.527689830981666441e-01	1.522753834421125274e-01	7.744005038098462912e-02	2.745395279605524971e-02	8.164875657471087900e-02
1.207023668306993159e+03	2.454399542217626795e-01	1.624309630817355465e-01	2.529539171095798178e-01	1.524110830047447906e-01	7.753865304262583247e-02	2.745395279605524971e-02	8.177147674310952796e-02
1.209442553413820860e+03	2.451022258683112354e-01	1.622282929617854530e-01	2.531382455126685582e-01	1.525464582516720125e-01	7.763697607760305930e-02	2.745395279605524971e-02	8.189384853151790433e-02
1.211861438520648335e+03	2.447654839982588426e-01	1.620261897445690047e-01	2.533219720845605871e-01	1.526815081811251640e-01	7.773502027114256863e-02	2.745395279605524971e-02	8.201587292390201400e-02
1.214280323627476264e+03	2.444297256744615843e-01	1.618246518377218224e-01	2.535051005340956398e-01	1.528162318495750738e-01	7.783278640626518918e-02	2.745395279605524971e-02	8.213755090143892712e-02
1.216699208734303511e+03	2.440949479702423097e-01	1.616236776533558350e-01	2.536876345036532254e-01	1.529506283699895164e-01	7.793027526379246728e-02	2.745395279605524971e-02	8.225888344252488271e-02
1.219118093841131440e+03	2.437611479693051475e-01	1.614232656080468176e-01	2.538695775709296498e-01	1.530846969101403443e-01	7.802748762235289792e-02	2.745395279605524971e-02	8.237987152278337943e-02
1.221536978947959142e+03	2.434283227656523774e-01	1.612234141228217621e-01	2.540509332506638573e-01	1.532184366909589146e-01	7.812442425838810045e-02	2.745395279605524971e-02	8.250051611507328020e-02
1.223955864054786844e+03	2.430964694635024959e-01	1.610241216231463046e-01	2.542317049963151998e-01	1.533518469849385613e-01	7.822108594615893862e-02	2.745395279605524971e-02	8.262081818949683354e-02
1.226374749161614318e+03	2.427655851772104745e-01	1.608253865389122628e-01	2.544118962016934660e-01	1.534849271145827809e-01	7.831747345775162683e-02	2.745395279605524971e-02	8.274077871340770884e-02
1.228793634268442020e+03	2.424356670311893225e-01	1.606272073044252846e-01	2.545915102025431698e-01	1.536176764508977444e-01	7.841358756308387801e-02	2.745395279605524971e-02	8.286039865141896221e-02
1.231212519375269494e+03	2.421067121598334815e-01	1.604295823583922753e-01	2.547705502780827080e-01	1.537500944119279123e-01	7.850942902991099592e-02	2.745395279605524971e-02	8.297967896541100230e-02
1.233631404482097196e+03	2.417787177074436911e-01	1.602325101439090738e-01	2.549490196525005525e-01	1.538821804613335897e-01	7.860499862383193981e-02	2.745395279605524971e-02	8.309862061453952842e-02
1.236050289588924898e+03	2.414516808281534643e-01	1.600359891084481012e-01	2.551269214964088650e-01	1.540139341070091705e-01	7.870029710829540281e-02	2.745395279605524971e-02	8.321722455524344086e-02
1.238469174695752372e+03	2.411255986858568956e-01	1.598400177038460934e-01	2.553042589282561448e-01	1.541453548997409051e-01	7.879532524460580722e-02	2.745395279605524971e-02	8.333549174125266801e-02
1.240888059802580301e+03	2.408004684541380502e-01	1.596445943862917216e-01	2.554810350157001864e-01	1.542764424319030825e-01	7.889008379192938292e-02	2.745395279605524971e-02	8.345342312359604886e-02
1.243306944909407548e+03	2.404762873162018533e-01	1.594497176163134355e-01	2.556572527769424008e-01	1.544071963361915156e-01	7.898457350730016258e-02	2.745395279605524971e-02	8.357101965060917403e-02
1.245725830016235477e+03	2.401530524648060050e-01	1.592553858587671956e-01	2.558329151820238900e-01	1.545376162843933865e-01	7.907879514562596301e-02	2.745395279605524971e-02	8.368828226794211567e-02
1.248144715123063179e+03	2.398307611021946451e-01	1.590615975828243434e-01	2.560080251540857721e-01	1.546677019861922298e-01	7.917274945969438038e-02	2.745395279605524971e-02	8.380521191856722674e-02
1.250563600229890881e+03	2.395094104400330437e-01	1.588683512619594174e-01	2.561825855705935906e-01	1.547974531880070559e-01	7.926643720017871597e-02	2.745395279605524971e-02	8.392180954278687099e-02
1.252982485336718355e+03	2.391889976993435696e-01	1.586756453739379957e-01	2.563565992645271407e-01	1.549268696718649474e-01	7.935985911564394368e-02	2.745395279605524971e-02	8.403807607824113901e-02
1.255401370443546057e+03	2.388695201104429622e-01	1.584834784008047337e-01	2.565300690255370442e-01	1.550559512543057961e-01	7.945301595255262195e-02	2.745395279605524971e-02	8.415401245991552259e-02
1.257820255550373531e+03	2.385509749128808532e-01	1.582918488288713177e-01	2.567029976010686831e-01	1.551846977853184595e-01	7.954590845527081955e-02	2.745395279605524971e-02	8.426961962014860308e-02
1.260239140657201460e+03	2.382333593553792594e-01	1.581007551487043361e-01	2.568753876974540495e-01	1.553131091473074488e-01	7.963853736607397205e-02	2.745395279605524971e-02	8.438489848863962861e-02
1.262658025764028707e+03	2.379166706957734634e-01	1.579101958551134277e-01	2.570472419809736175e-01	1.554411852540891759e-01	7.973090342515283535e-02	2.745395279605524971e-02	8.449984999245616080e-02
1.265076910870856636e+03	2.376009062009536155e-01	1.577201694471393190e-01	2.572185630788877964e-01	1.555689260499170390e-01	7.982300737061924500e-02	2.745395279605524971e-02	8.461447505604163810e-02
1.267495795977684338e+03	2.372860631468078907e-01	1.575306744280418614e-01	2.573893535804394062e-01	1.556963315085344579e-01	7.991484993851201424e-02	2.745395279605524971e-02	8.472877460122295312e-02
1.269914681084511813e+03	2.369721388181662836e-01	1.573417093052882354e-01	2.575596160378282873e-01	1.558234016322550819e-01	8.000643186280274877e-02	2.745395279605524971e-02	8.484274954721794659e-02
1.272333566191339514e+03	2.366591305087456243e-01	1.571532725905410433e-01	2.577293529671579320e-01	1.559501364510693378e-01	8.009775387540166158e-02	2.745395279605524971e-02	8.495640081064294302e-02
1.274752451298167216e+03	2.363470355210953999e-01	1.569653627996465406e-01	2.578985668493563588e-01	1.560765360217767073e-01	8.018881670616335999e-02	2.745395279605524971e-02	8.506972930552021694e-02
1.277171336404994690e+03	2.360358511665448522e-01	1.567779784526228959e-01	2.580672601310698977e-01	1.562026004271428181e-01	8.027962108289261878e-02	2.745395279605524971e-02	8.518273594328544529e-02
1.279590221511822392e+03	2.357255747651507138e-01	1.565911180736483943e-01	2.582354352255332719e-01	1.563283297750807932e-01	8.037016773135015335e-02	2.745395279605524971e-02	8.529542163279514588e-02
1.282009106618650094e+03	2.354162036456459717e-01	1.564047801910498081e-01	2.584030945134141444e-01	1.564537241978561088e-01	8.046045737525836516e-02	2.745395279605524971e-02	8.540778728033406042e-02
1.284427991725477568e+03	2.351077351453894071e-01	1.562189633372906006e-01	2.585702403436343499e-01	1.565787838513144625e-01	8.055049073630705936e-02	2.745395279605524971e-02	8.551983378962259297e-02
1.286846876832305497e+03	2.348001666103162466e-01	1.560336660489594074e-01	2.587368750341682011e-01	1.567035089141314008e-01	8.064026853415912077e-02	2.745395279605524971e-02	8.563156206182409580e-02
1.289265761939132744e+03	2.344934953948894230e-01	1.558488868667584348e-01	2.589030008728180898e-01	1.568278995870839299e-01	8.072979148645630099e-02	2.745395279605524971e-02	8.574297299555226626e-02
1.291684647045960673e+03	2.341877188620516692e-01	1.556646243354917192e-01	2.590686201179688841e-01	1.569519560923429147e-01	8.081906030882481107e-02	2.745395279605524971e-02	8.585406748687840484e-02
1.294103532152788375e+03	2.338828343831786116e-01	1.554808770040538024e-01	2.592337349993203977e-01	1.570756786727858234e-01	8.090807571488103922e-02	2.745395279605524971e-02	8.596484642933877041e-02
1.296522417259616077e+03	2.335788393380322792e-01	1.552976434254181304e-01	2.593983477185998199e-01	1.571990675913292890e-01	8.099683841623717129e-02	2.745395279605524971e-02	8.607531071394172728e-02
1.298941302366443551e+03	2.332757311147157508e-01	1.551149221566255065e-01	2.595624604502543842e-01	1.573221231302808498e-01	8.108534912250682514e-02	2.745395279605524971e-02	8.618546122917512819e-02
1.301360187473271253e+03	2.329735071096283583e-01	1.549327117587727676e-01	2.597260753421239410e-01	1.574448455907092870e-01	8.117360854131068504e-02	2.745395279605524971e-02	8.629529886101341973e-02
1.303779072580098727e+03	2.326721647274214433e-01	1.547510107970013205e-01	2.598891945160955452e-01	1.575672352918332242e-01	8.126161737828209441e-02	2.745395279605524971e-02	8.640482449292488654e-02
1.306197957686926657e+03	2.323717013809550869e-01	1.545698178404857348e-01	2.600518200687388926e-01	1.576892925704273252e-01	8.134937633707260696e-02	2.745395279605524971e-02	8.651403900587883999e-02
1.308616842793753904e+03	2.320721144912554768e-01	1.543891314624225297e-01	2.602139540719247690e-01	1.578110177802454495e-01	8.143688611935762101e-02	2.745395279605524971e-02	8.662294327835270979e-02
1.311035727900581833e+03	2.317734014874727466e-01	1.542089502400185996e-01	2.603755985734254041e-01	1.579324112914606282e-01	8.152414742484187515e-02	2.745395279605524971e-02	8.673153818633920487e-02
1.313454613007409534e+03	2.314755598068396203e-01	1.540292727544802232e-01	2.605367555974990590e-01	1.580534734901211380e-01	8.161116095126501324e-02	2.745395279605524971e-02	8.683982460335340492e-02
1.315873498114237009e+03	2.311785868946305833e-01	1.538500975910016000e-01	2.606974271454571279e-01	1.581742047776220905e-01	8.169792739440712159e-02	2.745395279605524971e-02	8.694780340043986588e-02
1.318292383221064711e+03	2.308824802041218038e-01	1.536714233387537487e-01	2.608576151962163636e-01	1.582946055701926202e-01	8.178444744809416911e-02	2.745395279605524971e-02	8.705547544617965594e-02
1.320711268327892412e+03	2.305872371965514700e-01	1.534932485908732935e-01	2.610173217068350593e-01	1.584146762983974777e-01	8.187072180420360001e-02	2.745395279605524971e-02	8.716284160669740544e-02
1.323130153434719887e+03	2.302928553410809320e-01	1.533155719444512788e-01	2.611765486130346869e-01	1.585344174066534439e-01	8.195675115266971844e-02	2.745395279605524971e-02	8.726990274566830130e-02
1.325549038541547588e+03	2.299993321147560388e-01	1.531383920005220389e-01	2.613352978297067697e-01	1.586538293527592347e-01	8.204253618148918403e-02	2.745395279605524971e-02	8.737665972432509531e-02
1.327967923648375290e+03	2.297066650024694734e-01	1.529617073640521796e-01	2.614935712514055988e-01	1.587729126074394759e-01	8.212807757672650755e-02	2.745395279605524971e-02	8.748311340146509851e-02
1.330386808755202765e+03	2.294148514969233943e-01	1.527855166439293921e-01	2.616513707528274613e-01	1.588916676539015860e-01	8.221337602251935217e-02	2.745395279605524971e-02	8.758926463345707847e-02
1.332805693862030694e+03	2.291238890985924925e-01	1.526098184529515733e-01	2.618086981892764897e-01	1.590100949874053982e-01	8.229843220108409851e-02	2.745395279605524971e-02	8.769511427424821204e-02
1.335224578968857941e+03	2.288337753156877430e-01	1.524346114078157510e-01	2.619655553971170225e-01	1.591281951148456053e-01	8.238324679272111817e-02	2.745395279605524971e-02	8.780066317537099652e-02
1.337643464075685870e+03	2.285445076641206275e-01	1.522598941291070374e-01	2.621219441942142514e-01	1.592459685543458625e-01	8.246782047582025543e-02	2.745395279605524971e-02	8.790591218595017464e-02
1.340062349182513572e+03	2.282560836674677462e-01	1.520856652412878596e-01	2.622778663803619903e-01	1.593634158348650187e-01	8.255215392686611475e-02	2.745395279605524971e-02	8.801086215270950697e-02
1.342481234289341273e+03	2.279685008569359572e-01	1.519119233726868856e-01	2.624333237376987871e-01	1.594805374958145061e-01	8.263624782044350081e-02	2.745395279605524971e-02	8.811551391997866911e-02
1.344900119396168748e+03	2.276817567713279866e-01	1.517386671554882549e-01	2.625883180311123777e-01	1.595973340866869705e-01	8.272010282924266433e-02	2.745395279605524971e-02	8.821986832970010739e-02
1.347319004502996449e+03	2.273958489570084285e-01	1.515658952257206982e-01	2.627428510086330937e-01	1.597138061666955877e-01	8.280371962406467279e-02	2.745395279605524971e-02	8.832392622143578342e-02
1.349737889609823924e+03	2.271107749678703824e-01	1.513936062232467405e-01	2.628969244018163898e-01	1.598299543044240101e-01	8.288709887382673946e-02	2.745395279605524971e-02	8.842768843237400200e-02
1.352156774716651853e+03	2.268265323653021470e-01	1.512217987917518769e-01	2.630505399261144350e-01	1.599457790774861943e-01	8.297024124556749702e-02	2.745395279605524971e-02	8.853115579733610019e-02
1.354575659823479100e+03	2.265431187181546624e-01	1.510504715787338859e-01	2.632036992812377130e-01	1.600612810721964152e-01	8.305314740445225719e-02	2.745395279605524971e-02	8.863432914878326130e-02
1.356994544930307029e+03	2.262605316027092028e-01	1.508796232354920330e-01	2.633564041515066845e-01	1.601764608832487446e-01	8.313581801377828429e-02	2.745395279605524971e-02	8.873720931682323176e-02
1.359413430037134731e+03	2.259787686026455689e-01	1.507092524171164127e-01	2.635086562061934035e-01	1.602913191134058279e-01	8.321825373498006884e-02	2.745395279605524971e-02	8.883979712921692695e-02
1.361832315143962205e+03	2.256978273090104459e-01	1.505393577824772622e-01	2.636604570998539177e-01	1.604058563731967368e-01	8.330045522763455945e-02	2.745395279605524971e-02	8.894209341138524516e-02
1.364251200250789907e+03	2.254177053201864012e-01	1.503699379942144143e-01	2.638118084726517321e-01	1.605200732806237041e-01	8.338242314946632538e-02	2.745395279605524971e-02	8.904409898641560406e-02
1.366670085357617609e+03	2.251384002418611308e-01	1.502009917187265564e-01	2.639627119506716135e-01	1.606339704608774066e-01	8.346415815635284396e-02	2.745395279605524971e-02	8.914581467506867141e-02
1.369088970464445310e+03	2.248599096869970115e-01	1.500325176261607663e-01	2.641131691462255127e-01	1.607475485460603537e-01	8.354566090232963538e-02	2.745395279605524971e-02	8.924724129578495702e-02
1.371507855571272785e+03	2.245822312758010419e-01	1.498645143904019095e-01	2.642631816581498261e-01	1.608608081749186014e-01	8.362693203959543908e-02	2.745395279605524971e-02	8.934837966469134918e-02
1.373926740678100487e+03	2.243053626356952268e-01	1.496969806890621757e-01	2.644127510720942764e-01	1.609737499925811832e-01	8.370797221851744574e-02	2.745395279605524971e-02	8.944923059560777601e-02
1.376345625784927961e+03	2.240293014012871564e-01	1.495299152034705314e-01	2.645618789608031318e-01	1.610863746503071736e-01	8.378878208763633484e-02	2.745395279605524971e-02	8.954979490005375575e-02
1.378764510891755890e+03	2.237540452143409186e-01	1.493633166186623396e-01	2.647105668843882653e-01	1.611986828052401899e-01	8.386936229367146500e-02	2.745395279605524971e-02	8.965007338725487773e-02
1.381183395998583137e+03	2.234795917237483998e-01	1.491971836233688398e-01	2.648588163905954418e-01	1.613106751201700273e-01	8.394971348152600876e-02	2.745395279605524971e-02	8.975006686414936652e-02
1.383602281105411066e+03	2.232059385855008904e-01	1.490315149100068515e-01	2.650066290150624448e-01	1.614223522633012609e-01	8.402983629429205958e-02	2.745395279605524971e-02	8.984977613539459063e-02
1.386021166212238768e+03	2.229330834626608859e-01	1.488663091746683376e-01	2.651540062815709864e-01	1.615337149080287305e-01	8.410973137325564175e-02	2.745395279605524971e-02	8.994920200337354343e-02
1.388440051319066470e+03	2.226610240253343864e-01	1.487015651171101072e-01	2.653009497022909002e-01	1.616447637327195763e-01	8.418939935790187290e-02	2.745395279605524971e-02	9.004834526820124085e-02
1.390858936425893944e+03	2.223897579506432243e-01	1.485372814407434905e-01	2.654474607780184514e-01	1.617554994205016583e-01	8.426884088591998778e-02	2.745395279605524971e-02	9.014720672773124388e-02
1.393277821532721646e+03	2.221192829226978638e-01	1.483734568526240971e-01	2.655935409984075957e-01	1.618659226590580813e-01	8.434805659320838978e-02	2.745395279605524971e-02	9.024578717756205626e-02
1.395696706639549120e+03	2.218495966325704227e-01	1.482100900634414631e-01	2.657391918421949106e-01	1.619760341404280490e-01	8.442704711387968852e-02	2.745395279605524971e-02	9.034408741104352214e-02
1.398115591746377049e+03	2.215806967782679715e-01	1.480471797875089202e-01	2.658844147774189204e-01	1.620858345608133244e-01	8.450581308026569594e-02	2.745395279605524971e-02	9.044210821928320987e-02
1.400534476853204296e+03	2.213125810647060265e-01	1.478847247427533540e-01	2.660292112616327587e-01	1.621953246203906018e-01	8.458435512292246383e-02	2.745395279605524971e-02	9.053985039115279576e-02
1.402953361960032225e+03	2.210452472036824600e-01	1.477227236507051289e-01	2.661735827421117251e-01	1.623045050231291253e-01	8.466267387063525218e-02	2.745395279605524971e-02	9.063731471329439238e-02
1.405372247066859927e+03	2.207786929138513543e-01	1.475611752364878460e-01	2.663175306560544575e-01	1.624133764766140520e-01	8.474076995042349736e-02	2.745395279605524971e-02	9.073450197012687679e-02
1.407791132173687402e+03	2.205129159206975220e-01	1.474000782288082956e-01	2.664610564307794971e-01	1.625219396918747006e-01	8.481864398754580814e-02	2.745395279605524971e-02	9.083141294385223274e-02
1.410210017280515103e+03	2.202479139565109156e-01	1.472394313599463544e-01	2.666041614839159135e-01	1.626301953832182401e-01	8.489629660550486456e-02	2.745395279605524971e-02	9.092804841446180952e-02
1.412628902387342805e+03	2.199836847603614254e-01	1.470792333657449380e-01	2.667468472235887123e-01	1.627381442680679857e-01	8.497372842605240006e-02	2.745395279605524971e-02	9.102440915974260860e-02
1.415047787494170507e+03	2.197202260780738714e-01	1.469194829856000362e-01	2.668891150485999120e-01	1.628457870668066632e-01	8.505094006919408645e-02	2.745395279605524971e-02	9.112049595528354251e-02
1.417466672600997981e+03	2.194575356622032181e-01	1.467601789624505826e-01	2.670309663486040153e-01	1.629531245026241970e-01	8.512793215319446050e-02	2.745395279605524971e-02	9.121630957448165211e-02
1.419885557707825683e+03	2.191956112720100380e-01	1.466013200427686014e-01	2.671724025042790385e-01	1.630601573013703010e-01	8.520470529458182285e-02	2.745395279605524971e-02	9.131185078854836545e-02
1.422304442814653157e+03	2.189344506734361429e-01	1.464429049765492985e-01	2.673134248874929897e-01	1.631668861914110646e-01	8.528126010815306746e-02	2.745395279605524971e-02	9.140712036651564565e-02
1.424723327921481086e+03	2.186740516390804356e-01	1.462849325173010140e-01	2.674540348614657392e-01	1.632733119034902036e-01	8.535759720697863595e-02	2.745395279605524971e-02	9.150211907524220811e-02
1.427142213028308333e+03	2.184144119481750690e-01	1.461274014220354800e-01	2.675942337809266158e-01	1.633794351705941117e-01	8.543371720240724998e-02	2.745395279605524971e-02	9.159684767941969619e-02
1.429561098135136262e+03	2.181555293865615752e-01	1.459703104512579397e-01	2.677340229922678394e-01	1.634852567278211877e-01	8.550962070407087945e-02	2.745395279605524971e-02	9.169130694157880124e-02
1.431979983241963964e+03	2.178974017466674129e-01	1.458136583689572385e-01	2.678734038336936796e-01	1.635907773122550479e-01	8.558530831988943322e-02	2.745395279605524971e-02	9.178549762209536889e-02
1.434398868348791666e+03	2.176400268274825411e-01	1.456574439425961098e-01	2.680123776353658949e-01	1.636959976628413471e-01	8.566078065607571346e-02	2.745395279605524971e-02	9.187942047919656074e-02
1.436817753455619140e+03	2.173834024345364380e-01	1.455016659431013493e-01	2.681509457195448975e-01	1.638009185202684570e-01	8.573603831714007861e-02	2.745395279605524971e-02	9.197307626896693289e-02
1.439236638562446842e+03	2.171275263798748967e-01	1.453463231448541282e-01	2.682891094007275323e-01	1.639055406268518367e-01	8.581108190589531448e-02	2.745395279605524971e-02	9.206646574535448657e-02
1.441655523669274316e+03	2.168723964820373495e-01	1.451914143256802792e-01	2.684268699857809137e-01	1.640098647264215670e-01	8.588591202346138043e-02	2.745395279605524971e-02	9.215958966017673282e-02
1.444074408776102018e+03	2.166180105660342470e-01	1.450369382668404705e-01	2.685642287740730438e-01	1.641138915642135765e-01	8.596052926927012783e-02	2.745395279605524971e-02	9.225244876312677089e-02
1.446493293882929493e+03	2.163643664633246311e-01	1.448828937530207417e-01	2.687011870575995443e-01	1.642176218867639759e-01	8.603493424107011567e-02	2.745395279605524971e-02	9.234504380177924188e-02
1.448912178989757422e+03	2.161114620117938201e-01	1.447292795723227610e-01	2.688377461211073349e-01	1.643210564418067232e-01	8.610912753493127347e-02	2.745395279605524971e-02	9.243737552159639326e-02
1.451331064096585123e+03	2.158592950557312318e-01	1.445760945162541944e-01	2.689739072422149824e-01	1.644241959781741202e-01	8.618310974524967527e-02	2.745395279605524971e-02	9.252944466593406025e-02
1.453749949203412370e+03	2.156078634458085119e-01	1.444233373797192410e-01	2.691096716915299947e-01	1.645270412457008058e-01	8.625688146475217477e-02	2.745395279605524971e-02	9.262125197604757776e-02
1.456168834310240300e+03	2.153571650390578296e-01	1.442710069610089740e-01	2.692450407327623974e-01	1.646295929951301362e-01	8.633044328450115157e-02	2.745395279605524971e-02	9.271279819109780329e-02
1.458587719417068001e+03	2.151071976988499779e-01	1.441191020617918483e-01	2.693800156228364773e-01	1.647318519780238133e-01	8.640379579389918796e-02	2.745395279605524971e-02	9.280408404815701506e-02
1.461006604523895703e+03	2.148579592948731132e-01	1.439676214871042359e-01	2.695145976119984188e-01	1.648338189466740655e-01	8.647693958069367637e-02	2.745395279605524971e-02	9.289511028221482392e-02
1.463425489630723177e+03	2.146094477031114112e-01	1.438165640453408500e-01	2.696487879439219970e-01	1.649354946540184941e-01	8.654987523098153779e-02	2.745395279605524971e-02	9.298587762618409913e-02
1.465844374737550879e+03	2.143616608058237505e-01	1.436659285482454196e-01	2.697825878558108292e-01	1.650368798535577775e-01	8.662260332921384309e-02	2.745395279605524971e-02	9.307638681090682486e-02
1.468263259844378354e+03	2.141145964915227295e-01	1.435157138109012520e-01	2.699159985784984617e-01	1.651379752992755690e-01	8.669512445820039270e-02	2.745395279605524971e-02	9.316663856516001208e-02
1.470682144951206283e+03	2.138682526549537943e-01	1.433659186517217410e-01	2.700490213365459580e-01	1.652387817455610586e-01	8.676743919911439340e-02	2.745395279605524971e-02	9.325663361566149945e-02
1.473101030058033530e+03	2.136226271970744217e-01	1.432165418924410960e-01	2.701816573483361572e-01	1.653392999471339220e-01	8.683954813149698249e-02	2.745395279605524971e-02	9.334637268707579594e-02
1.475519915164861459e+03	2.133777180250335526e-01	1.430675823581049888e-01	2.703139078261664885e-01	1.654395306589715176e-01	8.691145183326189072e-02	2.745395279605524971e-02	9.343585650201992332e-02
1.477938800271689161e+03	2.131335230521510249e-01	1.429190388770612552e-01	2.704457739763384549e-01	1.655394746362384428e-01	8.698315088069996648e-02	2.745395279605524971e-02	9.352508578106920323e-02
1.480357685378516862e+03	2.128900401978972290e-01	1.427709102809505415e-01	2.705772569992458410e-01	1.656391326342180337e-01	8.705464584848374154e-02	2.745395279605524971e-02	9.361406124276301643e-02
1.482776570485344337e+03	2.126472673878728736e-01	1.426231954046970618e-01	2.707083580894595887e-01	1.657385054082462783e-01	8.712593730967199690e-02	2.745395279605524971e-02	9.370278360361057601e-02
