1.001418434226643626e+03	2.780309288756447339e-01	1.820014179000757903e-01	2.343865268659528489e-01	1.400260212628445522e-01	6.813324762446514027e-02	2.742910279194196027e-02	6.999275467868794343e-02
1.002869765290740247e+03	2.777683309880549234e-01	1.818500370301726898e-01	2.345436062515759423e-01	1.401118881013984907e-01	6.821075586591347772e-02	2.742910279194196027e-02	7.008627897055555445e-02
1.004321096354836754e+03	2.775062057620613643e-01	1.816989082611210060e-01	2.347001146114162384e-01	1.401978912841866654e-01	6.828813313003205543e-02	2.742910279194196027e-02	7.017964415885365181e-02
1.005772427418933376e+03	2.772445521929501333e-01	1.815480311708268513e-01	2.348560579202793597e-01	1.402840257738867946e-01	6.836537963588433520e-02	2.742910279194196027e-02	7.027285051384350723e-02
1.007223758483029997e+03	2.769833692806956127e-01	1.813974053379043827e-01	2.350114420591457587e-01	1.403702866224477430e-01	6.844249560216708606e-02	2.742910279194196027e-02	7.036589830531041201e-02
1.008675089547126618e+03	2.767226560299034799e-01	1.812470303416746920e-01	2.351662728167321914e-01	1.404566689695846970e-01	6.851948124721106426e-02	2.742910279194196027e-02	7.045878780256481511e-02
1.010126420611223239e+03	2.764624114497543639e-01	1.810969057621646117e-01	2.353205558910273498e-01	1.405431680412995987e-01	6.859633678898156839e-02	2.742910279194196027e-02	7.055151927444341942e-02
1.011577751675319632e+03	2.762026345539483896e-01	1.809470311801055220e-01	2.354742968908012934e-01	1.406297791484263371e-01	6.867306244507909163e-02	2.742910279194196027e-02	7.064409298931025039e-02
1.013029082739416367e+03	2.759433243606506103e-01	1.807974061769321572e-01	2.356275013370901228e-01	1.407164976852003091e-01	6.874965843273990462e-02	2.742910279194196027e-02	7.073650921505779399e-02
1.014480413803512761e+03	2.756844798924373841e-01	1.806480303347813843e-01	2.357801746646552843e-01	1.408033191278521279e-01	6.882612496883665221e-02	2.742910279194196027e-02	7.082876821910803755e-02
1.015931744867609382e+03	2.754261001762436378e-01	1.804989032364910095e-01	2.359323222234187833e-01	1.408902390332248400e-01	6.890246226987901956e-02	2.742910279194196027e-02	7.092087026841359387e-02
1.017383075931706003e+03	2.751681842433107428e-01	1.803500244655986684e-01	2.360839492798742223e-01	1.409772530374142074e-01	6.897867055201432895e-02	2.742910279194196027e-02	7.101281562945872816e-02
1.018834406995802851e+03	2.749107311291355549e-01	1.802013936063406041e-01	2.362350610184741906e-01	1.410643568544319992e-01	6.905475003102809484e-02	2.742910279194196027e-02	7.110460456826042663e-02
1.020285738059899245e+03	2.746537398734201774e-01	1.800530102436505020e-01	2.363856625429945069e-01	1.411515462748915706e-01	6.913070092234466224e-02	2.742910279194196027e-02	7.119623735036950674e-02
1.021737069123995752e+03	2.743972095200221117e-01	1.799048739631582405e-01	2.365357588778755349e-01	1.412388171647155632e-01	6.920652344102783127e-02	2.742910279194196027e-02	7.128771424087164410e-02
1.023188400188092373e+03	2.741411391169060185e-01	1.797569843511888366e-01	2.366853549695410730e-01	1.413261654638651998e-01	6.928221780178142608e-02	2.742910279194196027e-02	7.137903550438835787e-02
1.024639731252188767e+03	2.738855277160955892e-01	1.796093409947611685e-01	2.368344556876951224e-01	1.414135871850909776e-01	6.935778421894993329e-02	2.742910279194196027e-02	7.147020140507813479e-02
1.026091062316285615e+03	2.736303743736263616e-01	1.794619434815868941e-01	2.369830658265970058e-01	1.415010784127041787e-01	6.943322290651905704e-02	2.742910279194196027e-02	7.156121220663742843e-02
1.027542393380382237e+03	2.733756781494993127e-01	1.793147914000691456e-01	2.371311901063150596e-01	1.415886353013692811e-01	6.950853407811641294e-02	2.742910279194196027e-02	7.165206817230168612e-02
1.028993724444478858e+03	2.731214381076353948e-01	1.791678843393015308e-01	2.372788331739592860e-01	1.416762540749162691e-01	6.958371794701199986e-02	2.742910279194196027e-02	7.174276956484636203e-02
1.030445055508575479e+03	2.728676533158304052e-01	1.790212218890668838e-01	2.374259996048936339e-01	1.417639310251730955e-01	6.965877472611889387e-02	2.742910279194196027e-02	7.183331664658795801e-02
1.031896386572671872e+03	2.726143228457108547e-01	1.788748036398360164e-01	2.375726939039275731e-01	1.418516625108176277e-01	6.973370462799383107e-02	2.742910279194196027e-02	7.192370967938503667e-02
1.033347717636768493e+03	2.723614457726902804e-01	1.787286291827667462e-01	2.377189205064880462e-01	1.419394449562489113e-01	6.980850786483774884e-02	2.742910279194196027e-02	7.201394892463916508e-02
1.034799048700865114e+03	2.721090211759268906e-01	1.785826981097025923e-01	2.378646837797716018e-01	1.420272748504772808e-01	6.988318464849645195e-02	2.742910279194196027e-02	7.210403464329603884e-02
1.036250379764961508e+03	2.718570481382809323e-01	1.784370100131717207e-01	2.380099880238774335e-01	1.421151487460332319e-01	6.995773519046119548e-02	2.742910279194196027e-02	7.219396709584632865e-02
1.037701710829058356e+03	2.716055257462736128e-01	1.782915644863856119e-01	2.381548374729210993e-01	1.422030632578945020e-01	7.003215970186923989e-02	2.742910279194196027e-02	7.228374654232677665e-02
1.039153041893154750e+03	2.713544530900459106e-01	1.781463611232381727e-01	2.382992362961300625e-01	1.422910150624311088e-01	7.010645839350448938e-02	2.742910279194196027e-02	7.237337324232111235e-02
1.040604372957251599e+03	2.711038292633188296e-01	1.780013995183043207e-01	2.384431885989203581e-01	1.423790008963681519e-01	7.018063147579804706e-02	2.742910279194196027e-02	7.246284745496112123e-02
1.042055704021347992e+03	2.708536533633535415e-01	1.778566792668390684e-01	2.385866984239558009e-01	1.424670175557660179e-01	7.025467915882883940e-02	2.742910279194196027e-02	7.255216943892749126e-02
1.043507035085444613e+03	2.706039244909127506e-01	1.777121999647761907e-01	2.387297697521889861e-01	1.425550618950177373e-01	7.032860165232417138e-02	2.742910279194196027e-02	7.264133945245089541e-02
1.044958366149541234e+03	2.703546417502222798e-01	1.775679612087271708e-01	2.388724065038851097e-01	1.426431308258629682e-01	7.040239916566036482e-02	2.742910279194196027e-02	7.273035775331287978e-02
1.046409697213637855e+03	2.701058042489334343e-01	1.774239625959800615e-01	2.390146125396284682e-01	1.427312213164186605e-01	7.047607190786327191e-02	2.742910279194196027e-02	7.281922459884689058e-02
1.047861028277734476e+03	2.698574110980858087e-01	1.772802037244983198e-01	2.391563916613124174e-01	1.428193303902261513e-01	7.054962008760894132e-02	2.742910279194196027e-02	7.290794024593914846e-02
1.049312359341831097e+03	2.696094614120711497e-01	1.771366841929196412e-01	2.392977476131122883e-01	1.429074551253138869e-01	7.062304391322415942e-02	2.742910279194196027e-02	7.299650495102961989e-02
1.050763690405927491e+03	2.693619543085969958e-01	1.769934036005549050e-01	2.394386840824425933e-01	1.429955926532761323e-01	7.069634359268704704e-02	2.742910279194196027e-02	7.308491897011304417e-02
1.052215021470024112e+03	2.691148889086515950e-01	1.768503615473870083e-01	2.395792047008976633e-01	1.430837401583670565e-01	7.076951933362762848e-02	2.742910279194196027e-02	7.317318255873973831e-02
1.053666352534120733e+03	2.688682643364692648e-01	1.767075576340696452e-01	2.397193130451767962e-01	1.431718948766099453e-01	7.084257134332846984e-02	2.742910279194196027e-02	7.326129597201661015e-02
1.055117683598217127e+03	2.686220797194955878e-01	1.765649914619263072e-01	2.398590126379940013e-01	1.432600540949215684e-01	7.091549982872519253e-02	2.742910279194196027e-02	7.334925946460810198e-02
1.056569014662313975e+03	2.683763341883543818e-01	1.764226626329490066e-01	2.399983069489722842e-01	1.433482151502509239e-01	7.098830499640709779e-02	2.742910279194196027e-02	7.343707329073706491e-02
1.058020345726410369e+03	2.681310268768140603e-01	1.762805707497973329e-01	2.401371993955231099e-01	1.434363754287328041e-01	7.106098705261772175e-02	2.742910279194196027e-02	7.352473770418570254e-02
1.059471676790506763e+03	2.678861569217551586e-01	1.761387154157972590e-01	2.402756933437111275e-01	1.435245323648552396e-01	7.113354620325543221e-02	2.742910279194196027e-02	7.361225295829648685e-02
1.060923007854603611e+03	2.676417234631382480e-01	1.759970962349398926e-01	2.404137921091044350e-01	1.436126834406410702e-01	7.120598265387398373e-02	2.742910279194196027e-02	7.369961930597307420e-02
1.062374338918700232e+03	2.673977256439721839e-01	1.758557128118805046e-01	2.405514989576104656e-01	1.437008261848432278e-01	7.127829660968315606e-02	2.742910279194196027e-02	7.378683699968119347e-02
1.063825669982796853e+03	2.671541626102829636e-01	1.757145647519373910e-01	2.406888171062980808e-01	1.437889581721534804e-01	7.135048827554923978e-02	2.742910279194196027e-02	7.387390629144957588e-02
1.065277001046893474e+03	2.669110335110832510e-01	1.755736516610906517e-01	2.408257497242057843e-01	1.438770770224245543e-01	7.142255785599568862e-02	2.742910279194196027e-02	7.396082743287085703e-02
1.066728332110990095e+03	2.666683374983418453e-01	1.754329731459812192e-01	2.409622999331364479e-01	1.439651803999051904e-01	7.149450555520366068e-02	2.742910279194196027e-02	7.404760067510240962e-02
1.068179663175086489e+03	2.664260737269543156e-01	1.752925288139096649e-01	2.410984708084387695e-01	1.440532660124880793e-01	7.156633157701257353e-02	2.742910279194196027e-02	7.413422626886732869e-02
1.069630994239183110e+03	2.661842413547136910e-01	1.751523182728350614e-01	2.412342653797755199e-01	1.441413316109705078e-01	7.163803612492074258e-02	2.742910279194196027e-02	7.422070446445525049e-02
1.071082325303279504e+03	2.659428395422815949e-01	1.750123411313739274e-01	2.413696866318790213e-01	1.442293749883271359e-01	7.170961940208588070e-02	2.742910279194196027e-02	7.430703551172324062e-02
1.072533656367376352e+03	2.657018674531598790e-01	1.748725969987991458e-01	2.415047375052939704e-01	1.443173939789953730e-01	7.178108161132569498e-02	2.742910279194196027e-02	7.439321966009670994e-02
1.073984987431472746e+03	2.654613242536628115e-01	1.747330854850387971e-01	2.416394208971079371e-01	1.444053864581724966e-01	7.185242295511846955e-02	2.742910279194196027e-02	7.447925715857023343e-02
1.075436318495569594e+03	2.652212091128895999e-01	1.745938062006750502e-01	2.417737396616694567e-01	1.444933503411244824e-01	7.192364363560363461e-02	2.742910279194196027e-02	7.456514825570847993e-02
1.076887649559666215e+03	2.649815212026973565e-01	1.744547587569431346e-01	2.419076966112941596e-01	1.445812835825067144e-01	7.199474385458230763e-02	2.742910279194196027e-02	7.465089319964703096e-02
1.078338980623762609e+03	2.647422596976744535e-01	1.743159427657301197e-01	2.420412945169590768e-01	1.446691841756959085e-01	7.206572381351790402e-02	2.742910279194196027e-02	7.473649223809326891e-02
1.079790311687859230e+03	2.645034237751142103e-01	1.741773578395739985e-01	2.421745361089854831e-01	1.447570501521331932e-01	7.213658371353663668e-02	2.742910279194196027e-02	7.482194561832725133e-02
1.081241642751955851e+03	2.642650126149893586e-01	1.740390035916623834e-01	2.423074240777100818e-01	1.448448795806783762e-01	7.220732375542814052e-02	2.742910279194196027e-02	7.490725358720251581e-02
1.082692973816052472e+03	2.640270253999262851e-01	1.739008796358315623e-01	2.424399610741449773e-01	1.449326705669750082e-01	7.227794413964602760e-02	2.742910279194196027e-02	7.499241639114698210e-02
1.084144304880149093e+03	2.637894613151804402e-01	1.737629855865653883e-01	2.425721497106269053e-01	1.450204212528259651e-01	7.234844506630842831e-02	2.742910279194196027e-02	7.507743427616375698e-02
1.085595635944245487e+03	2.635523195486112469e-01	1.736253210589940865e-01	2.427039925614551952e-01	1.451081298155797172e-01	7.241882673519856040e-02	2.742910279194196027e-02	7.516230748783203630e-02
1.087046967008342108e+03	2.633155992906582865e-01	1.734878856688933102e-01	2.428354921635192121e-01	1.451957944675267842e-01	7.248908934576531182e-02	2.742910279194196027e-02	7.524703627130789607e-02
1.088498298072438729e+03	2.630792997343170958e-01	1.733506790326829194e-01	2.429666510169155302e-01	1.452834134553062650e-01	7.255923309712376812e-02	2.742910279194196027e-02	7.533162087132512508e-02
1.089949629136535123e+03	2.628434200751158523e-01	1.732137007674260654e-01	2.430974715855544199e-01	1.453709850593224717e-01	7.262925818805579525e-02	2.742910279194196027e-02	7.541606153219614084e-02
1.091400960200631971e+03	2.626079595110921150e-01	1.730769504908278578e-01	2.432279562977562870e-01	1.454585075931712213e-01	7.269916481701058086e-02	2.742910279194196027e-02	7.550035849781269737e-02
1.092852291264728365e+03	2.623729172427699541e-01	1.729404278212345325e-01	2.433581075468383703e-01	1.455459794030758980e-01	7.276895318210521713e-02	2.742910279194196027e-02	7.558451201164680111e-02
1.094303622328825213e+03	2.621382924731378017e-01	1.728041323776322580e-01	2.434879276916911972e-01	1.456333988673327307e-01	7.283862348112521423e-02	2.742910279194196027e-02	7.566852231675151585e-02
1.095754953392921607e+03	2.619040844076260255e-01	1.726680637796460527e-01	2.436174190573459353e-01	1.457207643957658116e-01	7.290817591152512489e-02	2.742910279194196027e-02	7.575238965576178152e-02
1.097206284457018228e+03	2.616702922540853349e-01	1.725322216475387027e-01	2.437465839355316688e-01	1.458080744291907482e-01	7.297761067042901617e-02	2.742910279194196027e-02	7.583611427089520518e-02
1.098657615521114849e+03	2.614369152227653537e-01	1.723966056022097626e-01	2.438754245852238767e-01	1.458953274388877230e-01	7.304692795463110788e-02	2.742910279194196027e-02	7.591969640395292152e-02
1.100108946585211470e+03	2.612039525262933037e-01	1.722612152651944173e-01	2.440039432331832236e-01	1.459825219260832418e-01	7.311612796059621666e-02	2.742910279194196027e-02	7.600313629632038381e-02
1.101560277649308091e+03	2.609714033796534660e-01	1.721260502586624275e-01	2.441321420744858028e-01	1.460696564214405135e-01	7.318521088446042211e-02	2.742910279194196027e-02	7.608643418896812727e-02
1.103011608713404712e+03	2.607392670001666413e-01	1.719911102054170748e-01	2.442600232730443577e-01	1.461567294845584897e-01	7.325417692203158027e-02	2.742910279194196027e-02	7.616959032245268491e-02
1.104462939777501106e+03	2.605075426074698330e-01	1.718563947288940519e-01	2.443875889621205388e-01	1.462437397034793141e-01	7.332302626878982321e-02	2.742910279194196027e-02	7.625260493691726760e-02
1.105914270841597499e+03	2.602762294234965412e-01	1.717219034531604627e-01	2.445148412448289454e-01	1.463306856942040435e-01	7.339175911988818357e-02	2.742910279194196027e-02	7.633547827209265224e-02
1.107365601905694348e+03	2.600453266724571111e-01	1.715876360029137404e-01	2.446417821946325621e-01	1.464175661002163897e-01	7.346037567015306635e-02	2.742910279194196027e-02	7.641821056729791728e-02
1.108816932969790741e+03	2.598148335808196374e-01	1.714535920034805649e-01	2.447684138558298694e-01	1.465043795920146219e-01	7.352887611408487345e-02	2.742910279194196027e-02	7.650080206144124761e-02
1.110268264033887590e+03	2.595847493772907577e-01	1.713197710808158081e-01	2.448947382440338771e-01	1.465911248666511013e-01	7.359726064585848937e-02	2.742910279194196027e-02	7.658325299302078115e-02
1.111719595097984211e+03	2.593550732927970559e-01	1.711861728615014788e-01	2.450207573466432198e-01	1.466778006472798934e-01	7.366552945932386409e-02	2.742910279194196027e-02	7.666556360012533045e-02
1.113170926162080832e+03	2.591258045604666327e-01	1.710527969727457243e-01	2.451464731233052308e-01	1.467644056827115406e-01	7.373368274800652655e-02	2.742910279194196027e-02	7.674773412043518761e-02
1.114622257226177226e+03	2.588969424156110644e-01	1.709196430423816360e-01	2.452718875063712445e-01	1.468509387469757732e-01	7.380172070510816751e-02	2.742910279194196027e-02	7.682976479122291535e-02
1.116073588290273847e+03	2.586684860957074172e-01	1.707867106988664452e-01	2.453970024013445717e-01	1.469373986388911590e-01	7.386964352350713914e-02	2.742910279194196027e-02	7.691165584935411026e-02
1.117524919354370468e+03	2.584404348403807061e-01	1.706539995712801350e-01	2.455218196873205361e-01	1.470237841816422475e-01	7.393745139575902403e-02	2.742910279194196027e-02	7.699340753128817993e-02
1.118976250418467089e+03	2.582127878913865748e-01	1.705215092893246631e-01	2.456463412174196559e-01	1.471100942223636798e-01	7.400514451409717642e-02	2.742910279194196027e-02	7.707502007307913405e-02
1.120427581482563710e+03	2.579855444925940877e-01	1.703892394833228519e-01	2.457705688192130811e-01	1.471963276317312941e-01	7.407272307043324955e-02	2.742910279194196027e-02	7.715649371037633375e-02
1.121878912546660331e+03	2.577587038899690763e-01	1.702571897842172777e-01	2.458945042951412585e-01	1.472824833035602521e-01	7.414018725635775076e-02	2.742910279194196027e-02	7.723782867842529654e-02
1.123330243610756725e+03	2.575322653315574306e-01	1.701253598235692999e-01	2.460181494229255750e-01	1.473685601544096335e-01	7.420753726314055498e-02	2.742910279194196027e-02	7.731902521206839018e-02
1.124781574674853118e+03	2.573062280674689450e-01	1.699937492335579503e-01	2.461415059559729501e-01	1.474545571231938856e-01	7.427477328173144600e-02	2.742910279194196027e-02	7.740008354574566540e-02
1.126232905738949967e+03	2.570805913498609985e-01	1.698623576469790175e-01	2.462645756237737127e-01	1.475404731708008232e-01	7.434189550276068537e-02	2.742910279194196027e-02	7.748100391349559135e-02
1.127684236803046360e+03	2.568553544329228444e-01	1.697311846972438532e-01	2.463873601322929818e-01	1.476263072797158182e-01	7.440890411653953984e-02	2.742910279194196027e-02	7.756178654895579117e-02
1.129135567867143209e+03	2.566305165728600124e-01	1.696002300183784561e-01	2.465098611643552484e-01	1.477120584536525116e-01	7.447579931306078094e-02	2.742910279194196027e-02	7.764243168536383299e-02
1.130586898931239830e+03	2.564060770278788204e-01	1.694694932450223623e-01	2.466320803800228501e-01	1.477977257171897152e-01	7.454258128199922617e-02	2.742910279194196027e-02	7.772293955555796552e-02
1.132038229995336451e+03	2.561820350581711647e-01	1.693389740124276455e-01	2.467540194169677292e-01	1.478833081154142526e-01	7.460925021271229418e-02	2.742910279194196027e-02	7.780331039197783960e-02
1.133489561059432845e+03	2.559583899258999207e-01	1.692086719564579456e-01	2.468756798908373351e-01	1.479688047135699902e-01	7.467580629424053207e-02	2.742910279194196027e-02	7.788354442666532707e-02
1.134940892123529466e+03	2.557351408951836769e-01	1.690785867135873033e-01	2.469970633956141137e-01	1.480542145967126133e-01	7.474224971530815664e-02	2.742910279194196027e-02	7.796364189126517297e-02
1.136392223187626087e+03	2.555122872320826910e-01	1.689487179208992440e-01	2.471181715039693638e-01	1.481395368693703141e-01	7.480858066432355402e-02	2.742910279194196027e-02	7.804360301702581437e-02
1.137843554251722708e+03	2.552898282045843459e-01	1.688190652160857785e-01	2.472390057676107644e-01	1.482247706552101418e-01	7.487479932937982086e-02	2.742910279194196027e-02	7.812342803480010200e-02
1.139294885315819101e+03	2.550677630825892717e-01	1.686896282374462652e-01	2.473595677176242402e-01	1.483099150967098767e-01	7.494090589825527782e-02	2.742910279194196027e-02	7.820311717504599414e-02
1.140746216379915950e+03	2.548460911378971350e-01	1.685604066238864385e-01	2.474798588648103315e-01	1.483949693548355653e-01	7.500690055841405246e-02	2.742910279194196027e-02	7.828267066782734762e-02
1.142197547444012343e+03	2.546248116441932607e-01	1.684314000149174650e-01	2.475998807000145685e-01	1.484799326087244131e-01	7.507278349700657882e-02	2.742910279194196027e-02	7.836208874281461179e-02
1.143648878508108737e+03	2.544039238770350320e-01	1.683026080506547784e-01	2.477196346944526562e-01	1.485648040553728400e-01	7.513855490087006928e-02	2.742910279194196027e-02	7.844137162928559170e-02
1.145100209572205586e+03	2.541834271138384005e-01	1.681740303718172180e-01	2.478391223000300236e-01	1.486495829093301135e-01	7.520421495652909738e-02	2.742910279194196027e-02	7.852051955612614209e-02
1.146551540636302207e+03	2.539633206338652305e-01	1.680456666197258642e-01	2.479583449496560454e-01	1.487342684023968131e-01	7.526976385019611138e-02	2.742910279194196027e-02	7.859953275183090282e-02
1.148002871700398828e+03	2.537436037182099757e-01	1.679175164363031769e-01	2.480773040575532384e-01	1.488188597833285665e-01	7.533520176777197541e-02	2.742910279194196027e-02	7.867841144450406221e-02
1.149454202764495449e+03	2.535242756497870786e-01	1.677895794640718863e-01	2.481960010195609356e-01	1.489033563175446440e-01	7.540052889484641363e-02	2.742910279194196027e-02	7.875715586186000927e-02
1.150905533828591842e+03	2.533053357133185912e-01	1.676618553461540206e-01	2.483144372134341304e-01	1.489877572868415212e-01	7.546574541669863467e-02	2.742910279194196027e-02	7.883576623122412474e-02
1.152356864892688463e+03	2.530867831953214631e-01	1.675343437262698243e-01	2.484326139991372973e-01	1.490720619891111598e-01	7.553085151829780353e-02	2.742910279194196027e-02	7.891424277953341948e-02
1.153808195956785084e+03	2.528686173840957174e-01	1.674070442487368970e-01	2.485505327191332159e-01	1.491562697380642566e-01	7.559584738430351336e-02	2.742910279194196027e-02	7.899258573333733935e-02
1.155259527020881706e+03	2.526508375697121278e-01	1.672799565584691117e-01	2.486681946986671332e-01	1.492403798629577671e-01	7.566073319906641004e-02	2.742910279194196027e-02	7.907079531879838974e-02
1.156710858084978327e+03	2.524334430440005606e-01	1.671530803009755317e-01	2.487856012460458732e-01	1.493243917083274253e-01	7.572550914662862231e-02	2.742910279194196027e-02	7.914887176169289884e-02
1.158162189149074720e+03	2.522164331005383175e-01	1.670264151223595506e-01	2.489027536529127282e-01	1.494083046337243703e-01	7.579017541072433084e-02	2.742910279194196027e-02	7.922681528741172541e-02
1.159613520213171569e+03	2.519998070346382013e-01	1.668999606693177817e-01	2.490196531945172709e-01	1.494921180134565208e-01	7.585473217478022612e-02	2.742910279194196027e-02	7.930462612096095265e-02
1.161064851277267962e+03	2.517835641433379679e-01	1.667737165891391704e-01	2.491363011299810859e-01	1.495758312363341114e-01	7.591917962191609137e-02	2.742910279194196027e-02	7.938230448696256825e-02
1.162516182341364356e+03	2.515677037253882808e-01	1.666476825297039110e-01	2.492526987025588392e-01	1.496594437054195037e-01	7.598351793494528827e-02	2.742910279194196027e-02	7.945985060965519986e-02
1.163967513405461204e+03	2.513522250812421088e-01	1.665218581394824759e-01	2.493688471398949613e-01	1.497429548377813835e-01	7.604774729637524266e-02	2.742910279194196027e-02	7.953726471289483679e-02
1.165418844469557826e+03	2.511371275130439007e-01	1.663962430675346160e-01	2.494847476542762510e-01	1.498263640642527872e-01	7.611186788840799966e-02	2.742910279194196027e-02	7.961454702015545448e-02
1.166870175533654447e+03	2.509224103246186499e-01	1.662708369635084171e-01	2.496004014428798989e-01	1.499096708291935698e-01	7.617587989294069550e-02	2.742910279194196027e-02	7.969169775452977778e-02
1.168321506597751068e+03	2.507080728214612919e-01	1.661456394776392453e-01	2.497158096880178479e-01	1.499928745902565363e-01	7.623978349156612655e-02	2.742910279194196027e-02	7.976871713872993319e-02
1.169772837661847461e+03	2.504941143107265455e-01	1.660206502607488033e-01	2.498309735573766566e-01	1.500759748181575981e-01	7.630357886557316560e-02	2.742910279194196027e-02	7.984560539508818444e-02
1.171224168725944082e+03	2.502805341012182549e-01	1.658958689642441309e-01	2.499458942042535325e-01	1.501589709964500641e-01	7.636726619594740029e-02	2.742910279194196027e-02	7.992236274555755693e-02
1.172675499790040703e+03	2.500673315033793975e-01	1.657712952401166895e-01	2.500605727677884804e-01	1.502418626213022079e-01	7.643084566337152164e-02	2.742910279194196027e-02	7.999898941171261491e-02
1.174126830854137097e+03	2.498545058292822307e-01	1.656469287409412516e-01	2.501750103731925079e-01	1.503246492012789981e-01	7.649431744822586532e-02	2.742910279194196027e-02	8.007548561475004434e-02
1.175578161918233945e+03	2.496420563926181335e-01	1.655227691198749296e-01	2.502892081319719186e-01	1.504073302571274917e-01	7.655768173058898063e-02	2.742910279194196027e-02	8.015185157548943007e-02
1.177029492982330339e+03	2.494299825086880584e-01	1.653988160306563704e-01	2.504031671421490524e-01	1.504899053215654481e-01	7.662093869023806070e-02	2.742910279194196027e-02	8.022808751437389418e-02
1.178480824046426733e+03	2.492182834943928449e-01	1.652750691276045625e-01	2.505168884884792502e-01	1.505723739390739668e-01	7.668408850664949761e-02	2.742910279194196027e-02	8.030419365147074828e-02
1.179932155110523581e+03	2.490069586682237823e-01	1.651515280656180307e-01	2.506303732426641839e-01	1.506547356656933179e-01	7.674713135899932648e-02	2.742910279194196027e-02	8.038017020647224287e-02
1.181383486174620202e+03	2.487960073502531733e-01	1.650281925001737815e-01	2.507436224635616884e-01	1.507369900688222963e-01	7.681006742616378058e-02	2.742910279194196027e-02	8.045601739869617797e-02
1.182834817238716823e+03	2.485854288621251740e-01	1.649050620873262762e-01	2.508566371973919296e-01	1.508191367270210470e-01	7.687289688671977705e-02	2.742910279194196027e-02	8.053173544708663867e-02
1.184286148302813444e+03	2.483752225270467739e-01	1.647821364837065705e-01	2.509694184779404647e-01	1.509011752298169973e-01	7.693561991894543040e-02	2.742910279194196027e-02	8.060732457021461961e-02
1.185737479366910065e+03	2.481653876697786920e-01	1.646594153465213151e-01	2.510819673267574714e-01	1.509831051775142041e-01	7.699823670082052429e-02	2.742910279194196027e-02	8.068278498627869111e-02
1.187188810431006686e+03	2.479559236166265501e-01	1.645368983335517565e-01	2.511942847533540357e-01	1.510649261810058652e-01	7.706074741002705286e-02	2.742910279194196027e-02	8.075811691310570695e-02
1.188640141495103080e+03	2.477468296954321858e-01	1.644145851031527938e-01	2.513063717553948861e-01	1.511466378615899941e-01	7.712315222394969250e-02	2.742910279194196027e-02	8.083332056815145661e-02
1.190091472559199701e+03	2.475381052355649369e-01	1.642924753142520067e-01	2.514182293188881867e-01	1.512282398507882597e-01	7.718545131967625983e-02	2.742910279194196027e-02	8.090839616850133142e-02
1.191542803623296322e+03	2.473297495679132596e-01	1.641705686263486841e-01	2.515298584183719433e-01	1.513097317901677952e-01	7.724764487399830848e-02	2.742910279194196027e-02	8.098334393087097682e-02
1.192994134687392716e+03	2.471217620248762348e-01	1.640488646995129363e-01	2.516412600170973568e-01	1.513911133311658941e-01	7.730973306341154538e-02	2.742910279194196027e-02	8.105816407160698622e-02
1.194445465751489564e+03	2.469141419403552973e-01	1.639273631943845844e-01	2.517524350672092348e-01	1.514723841349179534e-01	7.737171606411635816e-02	2.742910279194196027e-02	8.113285680668752553e-02
1.195896796815585958e+03	2.467068886497461588e-01	1.638060637721723833e-01	2.518633845099231272e-01	1.515535438720879702e-01	7.743359405201828694e-02	2.742910279194196027e-02	8.120742235172299928e-02
1.197348127879682352e+03	2.465000014899305925e-01	1.636849660946528839e-01	2.519741092756999090e-01	1.516345922227022858e-01	7.749536720272853785e-02	2.742910279194196027e-02	8.128186092195673063e-02
1.198799458943779200e+03	2.462934797992685498e-01	1.635640698241696833e-01	2.520846102844168657e-01	1.517155288759857168e-01	7.755703569156451038e-02	2.742910279194196027e-02	8.135617273226558588e-02
1.200250790007875821e+03	2.460873229175902788e-01	1.634433746236322871e-01	2.521948884455367246e-01	1.517963535302006839e-01	7.761859969355019984e-02	2.742910279194196027e-02	8.143035799716066836e-02
1.201702121071972442e+03	2.458815301861886349e-01	1.633228801565152488e-01	2.523049446582731892e-01	1.518770658924890327e-01	7.768005938341678018e-02	2.742910279194196027e-02	8.150441693078795680e-02
1.203153452136069063e+03	2.456761009478113100e-01	1.632025860868572265e-01	2.524147798117538644e-01	1.519576656787164914e-01	7.774141493560302041e-02	2.742910279194196027e-02	8.157834974692890206e-02
1.204604783200165684e+03	2.454710345466533661e-01	1.630824920792600108e-01	2.525243947851806836e-01	1.520381526133196826e-01	7.780266652425581186e-02	2.742910279194196027e-02	8.165215665900113495e-02
1.206056114264262078e+03	2.452663303283497687e-01	1.629625977988875818e-01	2.526337904479876717e-01	1.521185264291558537e-01	7.786381432323068175e-02	2.742910279194196027e-02	8.172583788005914618e-02
1.207507445328358699e+03	2.450619876399679486e-01	1.628429029114651372e-01	2.527429676599956543e-01	1.521987868673549127e-01	7.792485850609223719e-02	2.742910279194196027e-02	8.179939362279482762e-02
1.208958776392455093e+03	2.448580058300006135e-01	1.627234070832782042e-01	2.528519272715647470e-01	1.522789336771743218e-01	7.798579924611467873e-02	2.742910279194196027e-02	8.187282409953820783e-02
1.210410107456551941e+03	2.446543842483584752e-01	1.626041099811716961e-01	2.529606701237443467e-01	1.523589666158559341e-01	7.804663671628225829e-02	2.742910279194196027e-02	8.194612952225804881e-02
1.211861438520648335e+03	2.444511222463632838e-01	1.624850112725489126e-01	2.530691970484204023e-01	1.524388854484857725e-01	7.810737108928982042e-02	2.742910279194196027e-02	8.201931010256248433e-02
1.213312769584745183e+03	2.442482191767407496e-01	1.623661106253706798e-01	2.531775088684605768e-01	1.525186899478557234e-01	7.816800253754320471e-02	2.742910279194196027e-02	8.209236605169971390e-02
1.214764100648841804e+03	2.440456743936137429e-01	1.622474077081543231e-01	2.532856063978563554e-01	1.525983798943278957e-01	7.822853123315980095e-02	2.742910279194196027e-02	8.216529758055857169e-02
1.216215431712937971e+03	2.438434872524952446e-01	1.621289021899728344e-01	2.533934904418633782e-01	1.526779550757009773e-01	7.828895734796900707e-02	2.742910279194196027e-02	8.223810489966922044e-02
1.217666762777034819e+03	2.436416571102817952e-01	1.620105937404538454e-01	2.535011617971394404e-01	1.527574152870791735e-01	7.834928105351270100e-02	2.742910279194196027e-02	8.231078821920373434e-02
1.219118093841131440e+03	2.434401833252467784e-01	1.618924820297787392e-01	2.536086212518796623e-01	1.528367603307430045e-01	7.840950252104575413e-02	2.742910279194196027e-02	8.238334774897676516e-02
1.220569424905228061e+03	2.432390652570338985e-01	1.617745667286817624e-01	2.537158695859498825e-01	1.529159900160224905e-01	7.846962192153647542e-02	2.742910279194196027e-02	8.245578369844616673e-02
1.222020755969324682e+03	2.430383022666506854e-01	1.616568475084490530e-01	2.538229075710178306e-01	1.529951041591724181e-01	7.852963942566711097e-02	2.742910279194196027e-02	8.252809627671361947e-02
1.223472087033421303e+03	2.428378937164619999e-01	1.615393240409176423e-01	2.539297359706816914e-01	1.530741025832498270e-01	7.858955520383430204e-02	2.742910279194196027e-02	8.260028569252526875e-02
1.224923418097517697e+03	2.426378389701837335e-01	1.614219959984746766e-01	2.540363555405970031e-01	1.531529851179932733e-01	7.864936942614961235e-02	2.742910279194196027e-02	8.267235215427236328e-02
1.226374749161614318e+03	2.424381373928765904e-01	1.613048630540563910e-01	2.541427670286013907e-01	1.532317515997044244e-01	7.870908226243997219e-02	2.742910279194196027e-02	8.274429586999183794e-02
1.227826080225710712e+03	2.422387883509399542e-01	1.611879248811471932e-01	2.542489711748368020e-01	1.533104018711315408e-01	7.876869388224813640e-02	2.742910279194196027e-02	8.281611704736696611e-02
1.229277411289807560e+03	2.420397912121056705e-01	1.610711811537788307e-01	2.543549687118700220e-01	1.533889357813548460e-01	7.882820445483318395e-02	2.742910279194196027e-02	8.288781589372802572e-02
1.230728742353903954e+03	2.418411453454320792e-01	1.609546315465293365e-01	2.544607603648113558e-01	1.534673531856739215e-01	7.888761414917098980e-02	2.742910279194196027e-02	8.295939261605281279e-02
1.232180073418000802e+03	2.416428501212980751e-01	1.608382757345222513e-01	2.545663468514309802e-01	1.535456539454970459e-01	7.894692313395472449e-02	2.742910279194196027e-02	8.303084742096739079e-02
1.233631404482097196e+03	2.414449049113971679e-01	1.607221133934255974e-01	2.546717288822736847e-01	1.536238379282322264e-01	7.900613157759527050e-02	2.742910279194196027e-02	8.310218051474660417e-02
1.235082735546193817e+03	2.412473090887317373e-01	1.606061441994509620e-01	2.547769071607712266e-01	1.537019050071802007e-01	7.906523964822177730e-02	2.742910279194196027e-02	8.317339210331474442e-02
1.236534066610290438e+03	2.410500620276071482e-01	1.604903678293526648e-01	2.548818823833533531e-01	1.537798550614292992e-01	7.912424751368200837e-02	2.742910279194196027e-02	8.324448239224616075e-02
1.237985397674387059e+03	2.408531631036262832e-01	1.603747839604268421e-01	2.549866552395568808e-01	1.538576879757518612e-01	7.918315534154295177e-02	2.742910279194196027e-02	8.331545158676587071e-02
1.239436728738483680e+03	2.406566116936837696e-01	1.602593922705104756e-01	2.550912264121323880e-01	1.539354036405026493e-01	7.924196329909120873e-02	2.742910279194196027e-02	8.338629989175015689e-02
1.240888059802580301e+03	2.404604071759604556e-01	1.601441924379805037e-01	2.551955965771502410e-01	1.540130019515188187e-01	7.930067155333349327e-02	2.742910279194196027e-02	8.345702751172723310e-02
1.242339390866676695e+03	2.402645489299179704e-01	1.600291841417529337e-01	2.552997664041034009e-01	1.540904828100216062e-01	7.935928027099703463e-02	2.742910279194196027e-02	8.352763465087779948e-02
1.243790721930773088e+03	2.400690363362932844e-01	1.599143670612819257e-01	2.554037365560099526e-01	1.541678461225197416e-01	7.941778961853017405e-02	2.742910279194196027e-02	8.359812151303565309e-02
1.245242052994869937e+03	2.398738687770933520e-01	1.597997408765589322e-01	2.555075076895130248e-01	1.542450918007143568e-01	7.947619976210271164e-02	2.742910279194196027e-02	8.366848830168831241e-02
1.246693384058966330e+03	2.396790456355898657e-01	1.596853052681116436e-01	2.556110804549793225e-01	1.543222197614056712e-01	7.953451086760646160e-02	2.742910279194196027e-02	8.373873521997764191e-02
1.248144715123063179e+03	2.394845662963139554e-01	1.595710599170033217e-01	2.557144554965961603e-01	1.543992299264011214e-01	7.959272310065561296e-02	2.742910279194196027e-02	8.380886247070042094e-02
1.249596046187159800e+03	2.392904301450510252e-01	1.594570045048316898e-01	2.558176334524665529e-01	1.544761222224250163e-01	7.965083662658731245e-02	2.742910279194196027e-02	8.387887025630899607e-02
1.251047377251256421e+03	2.390966365688356188e-01	1.593431387137282107e-01	2.559206149547028630e-01	1.545528965810299971e-01	7.970885161046203926e-02	2.742910279194196027e-02	8.394875877891179450e-02
1.252498708315352815e+03	2.389031849559465071e-01	1.592294622263569770e-01	2.560234006295194487e-01	1.546295529385094958e-01	7.976676821706414622e-02	2.742910279194196027e-02	8.401852824027403188e-02
1.253950039379449436e+03	2.387100746959014974e-01	1.591159747259140722e-01	2.561259910973224252e-01	1.547060912358121654e-01	7.982458661090222063e-02	2.742910279194196027e-02	8.408817884181821189e-02
1.255401370443546057e+03	2.385173051794525767e-01	1.590026758961264608e-01	2.562283869727995933e-01	1.547825114184574746e-01	7.988230695620963939e-02	2.742910279194196027e-02	8.415771078462483401e-02
1.256852701507642678e+03	2.383248757985810540e-01	1.588895654212512110e-01	2.563305888650076469e-01	1.548588134364528301e-01	7.993992941694499921e-02	2.742910279194196027e-02	8.422712426943287922e-02
1.258304032571739299e+03	2.381327859464926477e-01	1.587766429860746065e-01	2.564325973774583267e-01	1.549349972442120305e-01	7.999745415679256066e-02	2.742910279194196027e-02	8.429641949664047618e-02
1.259755363635835920e+03	2.379410350176127398e-01	1.586639082759111752e-01	2.565344131082033519e-01	1.550110628004751356e-01	8.005488133916273397e-02	2.742910279194196027e-02	8.436559666630547016e-02
1.261206694699932314e+03	2.377496224075817122e-01	1.585513609766028842e-01	2.566360366499176870e-01	1.550870100682297525e-01	8.011221112719250914e-02	2.742910279194196027e-02	8.443465597814603374e-02
1.262658025764028707e+03	2.375585475132501734e-01	1.584390007745182238e-01	2.567374685899814213e-01	1.551628390146335135e-01	8.016944368374591401e-02	2.742910279194196027e-02	8.450359763154122184e-02
1.264109356828125556e+03	2.373678097326744063e-01	1.583268273565513473e-01	2.568387095105605367e-01	1.552385496109379981e-01	8.022657917141454154e-02	2.742910279194196027e-02	8.457242182553161014e-02
1.265560687892221949e+03	2.371774084651117331e-01	1.582148404101211270e-01	2.569397599886860117e-01	1.553141418324138767e-01	8.028361775251788290e-02	2.742910279194196027e-02	8.464112875881985021e-02
1.267012018956318798e+03	2.369873431110159356e-01	1.581030396231703772e-01	2.570406205963317592e-01	1.553896156582773025e-01	8.034055958910391038e-02	2.742910279194196027e-02	8.470971862977125233e-02
1.268463350020415419e+03	2.367976130720329531e-01	1.579914246841648273e-01	2.571412919004912867e-01	1.554649710716175803e-01	8.039740484294942424e-02	2.742910279194196027e-02	8.477819163641441003e-02
1.269914681084511813e+03	2.366082177509963858e-01	1.578799952820923724e-01	2.572417744632533032e-01	1.555402080593261127e-01	8.045415367556058017e-02	2.742910279194196027e-02	8.484654797644175517e-02
1.271366012148608434e+03	2.364191565519229432e-01	1.577687511064621850e-01	2.573420688418754376e-01	1.556153266120264000e-01	8.051080624817333331e-02	2.742910279194196027e-02	8.491478784721016859e-02
1.272817343212705055e+03	2.362304288800083363e-01	1.576576918473037436e-01	2.574421755888576246e-01	1.556903267240053734e-01	8.056736272175385460e-02	2.742910279194196027e-02	8.498291144574150746e-02
1.274268674276801676e+03	2.360420341416228640e-01	1.575468171951660834e-01	2.575420952520133810e-01	1.557652083931457820e-01	8.062382325699898877e-02	2.742910279194196027e-02	8.505091896872324364e-02
1.275720005340898297e+03	2.358539717443072503e-01	1.574361268411167691e-01	2.576418283745406379e-01	1.558399716208598018e-01	8.068018801433675391e-02	2.742910279194196027e-02	8.511881061250903269e-02
1.277171336404994690e+03	2.356662410967682864e-01	1.573256204767412569e-01	2.577413754950909630e-01	1.559146164120237543e-01	8.073645715392675781e-02	2.742910279194196027e-02	8.518658657311926896e-02
1.278622667469091539e+03	2.354788416088748892e-01	1.572152977941417562e-01	2.578407371478375065e-01	1.559891427749138526e-01	8.079263083566061432e-02	2.742910279194196027e-02	8.525424704624168237e-02
1.280073998533187932e+03	2.352917726916537167e-01	1.571051584859365635e-01	2.579399138625424470e-01	1.560635507211431683e-01	8.084870921916244291e-02	2.742910279194196027e-02	8.532179222723192125e-02
1.281525329597284326e+03	2.351050337572853366e-01	1.569952022452591467e-01	2.580389061646228277e-01	1.561378402655994868e-01	8.090469246378931278e-02	2.742910279194196027e-02	8.538922231111412131e-02
1.282976660661381175e+03	2.349186242191001195e-01	1.568854287657571733e-01	2.581377145752152824e-01	1.562120114263845227e-01	8.096058072863167310e-02	2.742910279194196027e-02	8.545653749258147469e-02
1.284427991725477568e+03	2.347325434915741305e-01	1.567758377415917892e-01	2.582363396112400400e-01	1.562860642247537180e-01	8.101637417251379703e-02	2.742910279194196027e-02	8.552373796599678502e-02
1.285879322789574417e+03	2.345467909903253267e-01	1.566664288674367300e-01	2.583347817854633743e-01	1.563599986850574275e-01	8.107207295399422586e-02	2.742910279194196027e-02	8.559082392539309192e-02
1.287330653853671038e+03	2.343613661321096442e-01	1.565572018384773778e-01	2.584330416065596658e-01	1.564338148346830770e-01	8.112767723136624087e-02	2.742910279194196027e-02	8.565779556447419840e-02
1.288781984917767431e+03	2.341762683348170004e-01	1.564481563504099837e-01	2.585311195791716865e-01	1.565075127039979863e-01	8.118318716265829349e-02	2.742910279194196027e-02	8.572465307661525369e-02
1.290233315981864052e+03	2.339914970174675202e-01	1.563392920994407242e-01	2.586290162039706075e-01	1.565810923262935250e-01	8.123860290563442166e-02	2.742910279194196027e-02	8.579139665486332222e-02
