1.001418434226643626e+03	2.779840640979957533e-01	1.820716703144331094e-01	2.343677406462530699e-01	1.399954965562824061e-01	6.818679353811112065e-02	2.739993701205775678e-02	6.999429783447803921e-02
1.002869765290740247e+03	2.777193172719813474e-01	1.819231214705261113e-01	2.345236049661429956e-01	1.400796881510996961e-01	6.826666436196170140e-02	2.739993701205775678e-02	7.008766676584161914e-02
1.004321096354836754e+03	2.774550501484711607e-01	1.817748180139460157e-01	2.346788938308844996e-01	1.401640263722800095e-01	6.834640082186205223e-02	2.739993701205775678e-02	7.018087380010976095e-02
1.005772427418933376e+03	2.771912617033305826e-01	1.816267595353029674e-01	2.348336132609051552e-01	1.402485061210178852e-01	6.842600314100565073e-02	2.739993701205775678e-02	7.027391922599118823e-02
1.007223758483029997e+03	2.769279509171552189e-01	1.814789456258963096e-01	2.349877691834403592e-01	1.403331223873677813e-01	6.850547154221414692e-02	2.739993701205775678e-02	7.036680333147964095e-02
1.008675089547126618e+03	2.766651167752136042e-01	1.813313758777134743e-01	2.351413674340601112e-01	1.404178702487695052e-01	6.858480624793790448e-02	2.739993701205775678e-02	7.045952640385881593e-02
1.010126420611223239e+03	2.764027582673919681e-01	1.811840498834286495e-01	2.352944137581706729e-01	1.405027448685981228e-01	6.866400748025670853e-02	2.739993701205775678e-02	7.055208872970727962e-02
1.011577751675319632e+03	2.761408743881392791e-01	1.810369672364016413e-01	2.354469138124911654e-01	1.405877414947378223e-01	6.874307546088033460e-02	2.739993701205775678e-02	7.064449059490314486e-02
1.013029082739416367e+03	2.758794641364134548e-01	1.808901275306764866e-01	2.355988731665062674e-01	1.406728554581790913e-01	6.882201041114914541e-02	2.739993701205775678e-02	7.073673228462888651e-02
1.014480413803512761e+03	2.756185265156280706e-01	1.807435303609803423e-01	2.357502973038945737e-01	1.407580821716394592e-01	6.890081255203482635e-02	2.739993701205775678e-02	7.082881408337596274e-02
1.015931744867609382e+03	2.753580605336003462e-01	1.805971753227222920e-01	2.359011916239336371e-01	1.408434171282066660e-01	6.897948210414085735e-02	2.739993701205775678e-02	7.092073627494943633e-02
1.017383075931706003e+03	2.750980652024995199e-01	1.804510620119919861e-01	2.360515614428816966e-01	1.409288559000043406e-01	6.905801928770322062e-02	2.739993701205775678e-02	7.101249914247241557e-02
1.018834406995802851e+03	2.748385395387963337e-01	1.803051900255585593e-01	2.362014119953368130e-01	1.410143941368797449e-01	6.913642432259101134e-02	2.739993701205775678e-02	7.110410296839066169e-02
1.020285738059899245e+03	2.745794825632133507e-01	1.801595589608693537e-01	2.363507484355734101e-01	1.411000275651131397e-01	6.921469742830703431e-02	2.739993701205775678e-02	7.119554803447683544e-02
1.021737069123995752e+03	2.743208933006757166e-01	1.800141684160486699e-01	2.364995758388568903e-01	1.411857519861484944e-01	6.929283882398837302e-02	2.739993701205775678e-02	7.128683462183493802e-02
1.023188400188092373e+03	2.740627707802630320e-01	1.798690179898966846e-01	2.366478992027365169e-01	1.412715632753451245e-01	6.937084872840713901e-02	2.739993701205775678e-02	7.137796301090458539e-02
1.024639731252188767e+03	2.738051140351618340e-01	1.797241072818881458e-01	2.367957234483170914e-01	1.413574573807499790e-01	6.944872735997091595e-02	2.739993701205775678e-02	7.146893348146515779e-02
1.026091062316285615e+03	2.735479221026187457e-01	1.795794358921711520e-01	2.369430534215095641e-01	1.414434303218901345e-01	6.952647493672348133e-02	2.739993701205775678e-02	7.155974631264003238e-02
1.027542393380382237e+03	2.732911940238947901e-01	1.794350034215660694e-01	2.370898938942609946e-01	1.415294781885852171e-01	6.960409167634540317e-02	2.739993701205775678e-02	7.165040178290067729e-02
1.028993724444478858e+03	2.730349288442197042e-01	1.792908094715641998e-01	2.372362495657643899e-01	1.416155971397795865e-01	6.968157779615459513e-02	2.739993701205775678e-02	7.174090017007070386e-02
1.030445055508575479e+03	2.727791256127475306e-01	1.791468536443266701e-01	2.373821250636485025e-01	1.417017834023936440e-01	6.975893351310698265e-02	2.739993701205775678e-02	7.183124175132982181e-02
1.031896386572671872e+03	2.725237833825127631e-01	1.790031355426832671e-01	2.375275249451479498e-01	1.417880332701941803e-01	6.983615904379708583e-02	2.739993701205775678e-02	7.192142680321782222e-02
1.033347717636768493e+03	2.722689012103872708e-01	1.788596547701311879e-01	2.376724536982542102e-01	1.418743431026832647e-01	6.991325460445864393e-02	2.739993701205775678e-02	7.201145560163843551e-02
1.034799048700865114e+03	2.720144781570375536e-01	1.787164109308338744e-01	2.378169157428475511e-01	1.419607093240056739e-01	6.999022041096515656e-02	2.739993701205775678e-02	7.210132842186318947e-02
1.036250379764961508e+03	2.717605132868828877e-01	1.785734036296198757e-01	2.379609154318102771e-01	1.420471284218741970e-01	7.006705667883059152e-02	2.739993701205775678e-02	7.219104553853515627e-02
1.037701710829058356e+03	2.715070056680542465e-01	1.784306324719815706e-01	2.381044570521217152e-01	1.421335969465127858e-01	7.014376362320987046e-02	2.739993701205775678e-02	7.228060722567272722e-02
1.039153041893154750e+03	2.712539543723538893e-01	1.782880970640741691e-01	2.382475448259349926e-01	1.422201115096170809e-01	7.022034145889957668e-02	2.739993701205775678e-02	7.237001375667323488e-02
1.040604372957251599e+03	2.710013584752150040e-01	1.781457970127143520e-01	2.383901829116362725e-01	1.423066687833321187e-01	7.029679040033852411e-02	2.739993701205775678e-02	7.245926540431663065e-02
1.042055704021347992e+03	2.707492170556627942e-01	1.780037319253792161e-01	2.385323754048863931e-01	1.423932654992470515e-01	7.037311066160827078e-02	2.739993701205775678e-02	7.254836244076909302e-02
1.043507035085444613e+03	2.704975291962757322e-01	1.778619014102051088e-01	2.386741263396454094e-01	1.424798984474062724e-01	7.044930245643384048e-02	2.739993701205775678e-02	7.263730513758645535e-02
1.044958366149541234e+03	2.702462939831473121e-01	1.777203050759864067e-01	2.388154396891802034e-01	1.425665644753368599e-01	7.052536599818423624e-02	2.739993701205775678e-02	7.272609376571778639e-02
1.046409697213637855e+03	2.699955105058486904e-01	1.775789425321744330e-01	2.389563193670554420e-01	1.426532604870923704e-01	7.060130149987312032e-02	2.739993701205775678e-02	7.281472859550881804e-02
1.047861028277734476e+03	2.697451778573916048e-01	1.774378133888762366e-01	2.390967692281083801e-01	1.427399834423120906e-01	7.067710917415928606e-02	2.739993701205775678e-02	7.290320989670527607e-02
1.049312359341831097e+03	2.694952951341922920e-01	1.772969172568534257e-01	2.392367930694073996e-01	1.428267303552960277e-01	7.075278923334736569e-02	2.739993701205775678e-02	7.299153793845633564e-02
1.050763690405927491e+03	2.692458614360356273e-01	1.771562537475210863e-01	2.393763946311948387e-01	1.429134982940950815e-01	7.082834188938838538e-02	2.739993701205775678e-02	7.307971298931781323e-02
1.052215021470024112e+03	2.689968758660398196e-01	1.770158224729466434e-01	2.395155775978143609e-01	1.430002843796162604e-01	7.090376735388033425e-02	2.739993701205775678e-02	7.316773531725549728e-02
1.053666352534120733e+03	2.687483375306216615e-01	1.768756230458486123e-01	2.396543455986228088e-01	1.430870857847427180e-01	7.097906583806878889e-02	2.739993701205775678e-02	7.325560518964838175e-02
1.055117683598217127e+03	2.685002455394625009e-01	1.767356550795956271e-01	2.397927022088873206e-01	1.431738997334682517e-01	7.105423755284746845e-02	2.739993701205775678e-02	7.334332287329180244e-02
1.056569014662313975e+03	2.682525990054748788e-01	1.765959181882051088e-01	2.399306509506674845e-01	1.432607235000461499e-01	7.112928270875887304e-02	2.739993701205775678e-02	7.343088863440057346e-02
1.058020345726410369e+03	2.680053970447688894e-01	1.764564119863422376e-01	2.400681952936829511e-01	1.433475544081520836e-01	7.120420151599481107e-02	2.739993701205775678e-02	7.351830273861209575e-02
1.059471676790506763e+03	2.677586387766200948e-01	1.763171360893187878e-01	2.402053386561668613e-01	1.434343898300608211e-01	7.127899418439703760e-02	2.739993701205775678e-02	7.360556545098942416e-02
1.060923007854603611e+03	2.675123233234372733e-01	1.761780901130920729e-01	2.403420844057051475e-01	1.435212271858365696e-01	7.135366092345782341e-02	2.739993701205775678e-02	7.369267703602426500e-02
1.062374338918700232e+03	2.672664498107305553e-01	1.760392736742637243e-01	2.404784358600619010e-01	1.436080639425365291e-01	7.142820194232052389e-02	2.739993701205775678e-02	7.377963775763994592e-02
1.063825669982796853e+03	2.670210173670807818e-01	1.759006863900785533e-01	2.406143962879913611e-01	1.436948976134278799e-01	7.150261744978018974e-02	2.739993701205775678e-02	7.386644787919438571e-02
1.065277001046893474e+03	2.667760251241086400e-01	1.757623278784235243e-01	2.407499689100363327e-01	1.437817257572174823e-01	7.157690765428412205e-02	2.739993701205775678e-02	7.395310766348296705e-02
1.066728332110990095e+03	2.665314722164445760e-01	1.756241977578266167e-01	2.408851568993135572e-01	1.438685459772943986e-01	7.165107276393248292e-02	2.739993701205775678e-02	7.403961737274140920e-02
1.068179663175086489e+03	2.662873577816990411e-01	1.754862956474556035e-01	2.410199633822860954e-01	1.439553559209847955e-01	7.172511298647889222e-02	2.739993701205775678e-02	7.412597726864862679e-02
1.069630994239183110e+03	2.660436809604331820e-01	1.753486211671170525e-01	2.411543914395230248e-01	1.440421532788194181e-01	7.179902852933089941e-02	2.739993701205775678e-02	7.421218761232944994e-02
1.071082325303279504e+03	2.658004408961303633e-01	1.752111739372551602e-01	2.412884441064464813e-01	1.441289357838129170e-01	7.187281959955070521e-02	2.739993701205775678e-02	7.429824866435742747e-02
1.072533656367376352e+03	2.655576367351673017e-01	1.750739535789506696e-01	2.414221243740666822e-01	1.442157012107551373e-01	7.194648640385566118e-02	2.739993701205775678e-02	7.438416068475756093e-02
1.073984987431472746e+03	2.653152676267868104e-01	1.749369597139197319e-01	2.415554351897045149e-01	1.443024473755141202e-01	7.202002914861886651e-02	2.739993701205775678e-02	7.446992393300898294e-02
1.075436318495569594e+03	2.650733327230696545e-01	1.748001919645128521e-01	2.416883794577024125e-01	1.443891721343507628e-01	7.209344803986972305e-02	2.739993701205775678e-02	7.455553866804759400e-02
1.076887649559666215e+03	2.648318311789079615e-01	1.746636499537136955e-01	2.418209600401234893e-01	1.444758733832446074e-01	7.216674328329453214e-02	2.739993701205775678e-02	7.464100514826871313e-02
1.078338980623762609e+03	2.645907621519783537e-01	1.745273333051380604e-01	2.419531797574391296e-01	1.445625490572307326e-01	7.223991508423706354e-02	2.739993701205775678e-02	7.472632363152960366e-02
1.079790311687859230e+03	2.643501248027156914e-01	1.743912416430328238e-01	2.420850413892052522e-01	1.446491971297478862e-01	7.231296364769912444e-02	2.739993701205775678e-02	7.481149437515215161e-02
1.081241642751955851e+03	2.641099182942872048e-01	1.742553745922747477e-01	2.422165476747275281e-01	1.447358156119970540e-01	7.238588917834114234e-02	2.739993701205775678e-02	7.489651763592523881e-02
1.082692973816052472e+03	2.638701417925671255e-01	1.741197317783694243e-01	2.423477013137154135e-01	1.448224025523108804e-01	7.245869188048274789e-02	2.739993701205775678e-02	7.498139367010735190e-02
1.084144304880149093e+03	2.636307944661114844e-01	1.739843128274501938e-01	2.424785049669256620e-01	1.449089560355333040e-01	7.253137195810330229e-02	2.739993701205775678e-02	7.506612273342902486e-02
1.085595635944245487e+03	2.633918754861335199e-01	1.738491173662770894e-01	2.426089612567950138e-01	1.449954741824096005e-01	7.260392961484248009e-02	2.739993701205775678e-02	7.515070508109523983e-02
1.087046967008342108e+03	2.631533840264792534e-01	1.737141450222356998e-01	2.427390727680627802e-01	1.450819551489864190e-01	7.267636505400085212e-02	2.739993701205775678e-02	7.523514096778785576e-02
1.088498298072438729e+03	2.629153192636037861e-01	1.735793954233361136e-01	2.428688420483827715e-01	1.451683971260217254e-01	7.274867847854049607e-02	2.739993701205775678e-02	7.531943064766795370e-02
1.089949629136535123e+03	2.626776803765472623e-01	1.734448681982118379e-01	2.429982716089254535e-01	1.452547983384046282e-01	7.282087009108545450e-02	2.739993701205775678e-02	7.540357437437825161e-02
1.091400960200631971e+03	2.624404665469118880e-01	1.733105629761186872e-01	2.431273639249700302e-01	1.453411570445845291e-01	7.289294009392237317e-02	2.739993701205775678e-02	7.548757240104535249e-02
1.092852291264728365e+03	2.622036769588390603e-01	1.731764793869337848e-01	2.432561214364868662e-01	1.454274715360099612e-01	7.296488868900107005e-02	2.739993701205775678e-02	7.557142498028207589e-02
1.094303622328825213e+03	2.619673107989868299e-01	1.730426170611543968e-01	2.433845465487102233e-01	1.455137401365766137e-01	7.303671607793507659e-02	2.739993701205775678e-02	7.565513236418967835e-02
1.095754953392921607e+03	2.617313672565074745e-01	1.729089756298969882e-01	2.435126416327016985e-01	1.455999612020842937e-01	7.310842246200219274e-02	2.739993701205775678e-02	7.573869480436017099e-02
1.097206284457018228e+03	2.614958455230259049e-01	1.727755547248959744e-01	2.436404090259041144e-01	1.456861331197032705e-01	7.318000804214509769e-02	2.739993701205775678e-02	7.582211255187847054e-02
1.098657615521114849e+03	2.612607447926177939e-01	1.726423539785028327e-01	2.437678510326867776e-01	1.457722543074490285e-01	7.325147301897182162e-02	2.739993701205775678e-02	7.590538585732456434e-02
1.100108946585211470e+03	2.610260642617887594e-01	1.725093730236849365e-01	2.438949699248811054e-01	1.458583232136658747e-01	7.332281759275638411e-02	2.739993701205775678e-02	7.598851497077571682e-02
1.101560277649308091e+03	2.607918031294530481e-01	1.723766114940245286e-01	2.440217679423081210e-01	1.459443383165191510e-01	7.339404196343930764e-02	2.739993701205775678e-02	7.607150014180859288e-02
1.103011608713404712e+03	2.605579605969131629e-01	1.722440690237176386e-01	2.441482472932965941e-01	1.460302981234957442e-01	7.346514633062822819e-02	2.739993701205775678e-02	7.615434161950135339e-02
1.104462939777501106e+03	2.603245358678394350e-01	1.721117452475730836e-01	2.442744101551932445e-01	1.461162011709127295e-01	7.353613089359839483e-02	2.739993701205775678e-02	7.623703965243576464e-02
1.105914270841597499e+03	2.600915281482501507e-01	1.719796398010113303e-01	2.444002586748641459e-01	1.462020460234344510e-01	7.360699585129325262e-02	2.739993701205775678e-02	7.631959448869922447e-02
1.107365601905694348e+03	2.598589366464917894e-01	1.718477523200635515e-01	2.445257949691880817e-01	1.462878312735972908e-01	7.367774140232496993e-02	2.739993701205775678e-02	7.640200637588683008e-02
1.108816932969790741e+03	2.596267605732195949e-01	1.717160824413704046e-01	2.446510211255415457e-01	1.463735555413424594e-01	7.374836774497506298e-02	2.739993701205775678e-02	7.648427556110337644e-02
1.110268264033887590e+03	2.593949991413784795e-01	1.715846298021811711e-01	2.447759392022761660e-01	1.464592174735564190e-01	7.381887507719483987e-02	2.739993701205775678e-02	7.656640229096536854e-02
1.111719595097984211e+03	2.591636515661841500e-01	1.714533940403526469e-01	2.449005512291877462e-01	1.465448157436188836e-01	7.388926359660605292e-02	2.739993701205775678e-02	7.664838681160295042e-02
1.113170926162080832e+03	2.589327170651045118e-01	1.713223747943480313e-01	2.450248592079780630e-01	1.466303490509584528e-01	7.395953350050141206e-02	2.739993701205775678e-02	7.673022936866187582e-02
1.114622257226177226e+03	2.587021948578416830e-01	1.711915717032359840e-01	2.451488651127087248e-01	1.467158161206153499e-01	7.402968498584509838e-02	2.739993701205775678e-02	7.681193020730546495e-02
1.116073588290273847e+03	2.584720841663134538e-01	1.710609844066895147e-01	2.452725708902478707e-01	1.468012157028116549e-01	7.409971824927337469e-02	2.739993701205775678e-02	7.689348957221643632e-02
1.117524919354370468e+03	2.582423842146359672e-01	1.709306125449849834e-01	2.453959784607090133e-01	1.468865465725283370e-01	7.416963348709511294e-02	2.739993701205775678e-02	7.697490770759883583e-02
1.118976250418467089e+03	2.580130942291060658e-01	1.708004557590010464e-01	2.455190897178833043e-01	1.469718075290895876e-01	7.423943089529229378e-02	2.739993701205775678e-02	7.705618485717991017e-02
1.120427581482563710e+03	2.577842134381839734e-01	1.706705136902176567e-01	2.456419065296642223e-01	1.470569973957538135e-01	7.430911066952064492e-02	2.739993701205775678e-02	7.713732126421191104e-02
1.121878912546660331e+03	2.575557410724763630e-01	1.705407859807150373e-01	2.457644307384653504e-01	1.471421150193114591e-01	7.437867300511011304e-02	2.739993701205775678e-02	7.721831717147395469e-02
1.123330243610756725e+03	2.573276763647195930e-01	1.704112722731725149e-01	2.458866641616314630e-01	1.472271592696894893e-01	7.444811809706541883e-02	2.739993701205775678e-02	7.729917282127377054e-02
1.124781574674853118e+03	2.571000185497633872e-01	1.702819722108677158e-01	2.460086085918425647e-01	1.473121290395623395e-01	7.451744614006663991e-02	2.739993701205775678e-02	7.737988845544954697e-02
1.126232905738949967e+03	2.568727668645544582e-01	1.701528854376753996e-01	2.461302657975115993e-01	1.473970232439694439e-01	7.458665732846968266e-02	2.739993701205775678e-02	7.746046431537165211e-02
1.127684236803046360e+03	2.566459205481201877e-01	1.700240115980664879e-01	2.462516375231753318e-01	1.474818408199389530e-01	7.465575185630690669e-02	2.739993701205775678e-02	7.754090064194435472e-02
1.129135567867143209e+03	2.564194788415533610e-01	1.698953503371069818e-01	2.463727254898789298e-01	1.475665807261177243e-01	7.472472991728759673e-02	2.739993701205775678e-02	7.762119767560762829e-02
1.130586898931239830e+03	2.561934409879961794e-01	1.697669013004570182e-01	2.464935313955542440e-01	1.476512419424073352e-01	7.479359170479857322e-02	2.739993701205775678e-02	7.770135565633878860e-02
1.132038229995336451e+03	2.559678062326252723e-01	1.696386641343698709e-01	2.466140569153917883e-01	1.477358234696063977e-01	7.486233741190466418e-02	2.739993701205775678e-02	7.778137482365420075e-02
1.133489561059432845e+03	2.557425738226360989e-01	1.695106384856907844e-01	2.467343037022066421e-01	1.478203243290583946e-01	7.493096723134926029e-02	2.739993701205775678e-02	7.786125541661095828e-02
1.134940892123529466e+03	2.555177430072285150e-01	1.693828240018561693e-01	2.468542733867983285e-01	1.479047435623056517e-01	7.499948135555487005e-02	2.739993701205775678e-02	7.794099767380850696e-02
1.136392223187626087e+03	2.552933130375919513e-01	1.692552203308924641e-01	2.469739675783046706e-01	1.479890802307488873e-01	7.506787997662364709e-02	2.739993701205775678e-02	7.802060183339035171e-02
1.137843554251722708e+03	2.550692831668908145e-01	1.691278271214151918e-01	2.470933878645500958e-01	1.480733334153123693e-01	7.513616328633790364e-02	2.739993701205775678e-02	7.810006813304558315e-02
1.139294885315819101e+03	2.548456526502501651e-01	1.690006440226278495e-01	2.472125358123878347e-01	1.481575022161147892e-01	7.520433147616072123e-02	2.739993701205775678e-02	7.817939681001054297e-02
1.140746216379915950e+03	2.546224207447419507e-01	1.688736706843210478e-01	2.473314129680368456e-01	1.482415857521452718e-01	7.527238473723636691e-02	2.739993701205775678e-02	7.825858810107039210e-02
1.142197547444012343e+03	2.543995867093707952e-01	1.687469067568714010e-01	2.474500208574129945e-01	1.483255831609450182e-01	7.534032326039091787e-02	2.739993701205775678e-02	7.833764224256067887e-02
1.143648878508108737e+03	2.541771498050606204e-01	1.686203518912405552e-01	2.475683609864547940e-01	1.484094935982941676e-01	7.540814723613277482e-02	2.739993701205775678e-02	7.841655947036889340e-02
1.145100209572205586e+03	2.539551092946408795e-01	1.684940057389742452e-01	2.476864348414437589e-01	1.484933162379037108e-01	7.547585685465316163e-02	2.739993701205775678e-02	7.849534001993602184e-02
1.146551540636302207e+03	2.537334644428334007e-01	1.683678679522012389e-01	2.478042438893197641e-01	1.485770502711125929e-01	7.554345230582666659e-02	2.739993701205775678e-02	7.857398412625803130e-02
1.148002871700398828e+03	2.535122145162395646e-01	1.682419381836323391e-01	2.479217895779908254e-01	1.486606949065897854e-01	7.561093377921178360e-02	2.739993701205775678e-02	7.865249202388739647e-02
1.149454202764495449e+03	2.532913587833268143e-01	1.681162160865594390e-01	2.480390733366379941e-01	1.487442493700413537e-01	7.567830146405148117e-02	2.739993701205775678e-02	7.873086394693461221e-02
1.150905533828591842e+03	2.530708965144163325e-01	1.679907013148545236e-01	2.481560965760152837e-01	1.488277129039222990e-01	7.574555554927361878e-02	2.739993701205775678e-02	7.880910012906963691e-02
1.152356864892688463e+03	2.528508269816703291e-01	1.678653935229686145e-01	2.482728606887445177e-01	1.489110847671532289e-01	7.581269622349158521e-02	2.739993701205775678e-02	7.888720080352340513e-02
1.153808195956785084e+03	2.526311494590797180e-01	1.677402923659308820e-01	2.483893670496054029e-01	1.489943642348416641e-01	7.587972367500474269e-02	2.739993701205775678e-02	7.896516620308921541e-02
1.155259527020881706e+03	2.524118632224519598e-01	1.676153974993475904e-01	2.485056170158209121e-01	1.490775505980079241e-01	7.594663809179902358e-02	2.739993701205775678e-02	7.904299656012420128e-02
1.156710858084978327e+03	2.521929675493988499e-01	1.674907085794011541e-01	2.486216119273378378e-01	1.491606431633156760e-01	7.601343966154738840e-02	2.739993701205775678e-02	7.912069210655071905e-02
1.158162189149074720e+03	2.519744617193248049e-01	1.673662252628491387e-01	2.487373531071026822e-01	1.492436412528067580e-01	7.608012857161040865e-02	2.739993701205775678e-02	7.919825307385783275e-02
1.159613520213171569e+03	2.517563450134149838e-01	1.672419472070233448e-01	2.488528418613333293e-01	1.493265442036406376e-01	7.614670500903671091e-02	2.739993701205775678e-02	7.927567969310263252e-02
1.161064851277267962e+03	2.515386167146240193e-01	1.671178740698286702e-01	2.489680794797858865e-01	1.494093513678378671e-01	7.621316916056355972e-02	2.739993701205775678e-02	7.935297219491162235e-02
1.162516182341364356e+03	2.513212761076643598e-01	1.669940055097423326e-01	2.490830672360173359e-01	1.494920621120281179e-01	7.627952121261738494e-02	2.739993701205775678e-02	7.943013080948213567e-02
1.163967513405461204e+03	2.511043224789951123e-01	1.668703411858127594e-01	2.491978063876438276e-01	1.495746758172020741e-01	7.634576135131426744e-02	2.739993701205775678e-02	7.950715576658362593e-02
1.165418844469557826e+03	2.508877551168109954e-01	1.667468807576587275e-01	2.493122981765947266e-01	1.496571918784677102e-01	7.641188976246045261e-02	2.739993701205775678e-02	7.958404729555905444e-02
1.166870175533654447e+03	2.506715733110314037e-01	1.666236238854683083e-01	2.494265438293624682e-01	1.497396097048103725e-01	7.647790663155289159e-02	2.739993701205775678e-02	7.966080562532625031e-02
1.168321506597751068e+03	2.504557763532896386e-01	1.665005702299978407e-01	2.495405445572483338e-01	1.498219287188569671e-01	7.654381214377975473e-02	2.739993701205775678e-02	7.973743098437911792e-02
1.169772837661847461e+03	2.502403635369223056e-01	1.663777194525711822e-01	2.496543015566041190e-01	1.499041483566440347e-01	7.660960648402094508e-02	2.739993701205775678e-02	7.981392360078903847e-02
1.171224168725944082e+03	2.500253341569587673e-01	1.662550712150785426e-01	2.497678160090699984e-01	1.499862680673895443e-01	7.667528983684859800e-02	2.739993701205775678e-02	7.989028370220613295e-02
1.172675499790040703e+03	2.498106875101107904e-01	1.661326251799755682e-01	2.498810890818082275e-01	1.500682873132687389e-01	7.674086238652760850e-02	2.739993701205775678e-02	7.996651151586055273e-02
1.174126830854137097e+03	2.495964228947624430e-01	1.660103810102825372e-01	2.499941219277332927e-01	1.501502055691933124e-01	7.680632431701614471e-02	2.739993701205775678e-02	8.004260726856375630e-02
1.175578161918233945e+03	2.493825396109598802e-01	1.658883383695831659e-01	2.501069156857380626e-01	1.502320223225945550e-01	7.687167581196617527e-02	2.739993701205775678e-02	8.011857118670973055e-02
1.177029492982330339e+03	2.491690369604014910e-01	1.657664969220237483e-01	2.502194714809161114e-01	1.503137370732100242e-01	7.693691705472394116e-02	2.739993701205775678e-02	8.019440349627626752e-02
1.178480824046426733e+03	2.489559142464281283e-01	1.656448563323122680e-01	2.503317904247809311e-01	1.503953493328735180e-01	7.700204822833048302e-02	2.739993701205775678e-02	8.027010442282619951e-02
1.179932155110523581e+03	2.487431707740134501e-01	1.655234162657173713e-01	2.504438736154808720e-01	1.504768586253089624e-01	7.706706951552219631e-02	2.739993701205775678e-02	8.034567419150860645e-02
1.181383486174620202e+03	2.485308058497542050e-01	1.654021763880675067e-01	2.505557221380111388e-01	1.505582644859272679e-01	7.713198109873124764e-02	2.739993701205775678e-02	8.042111302706009268e-02
1.182834817238716823e+03	2.483188187818611004e-01	1.652811363657498145e-01	2.506673370644216803e-01	1.506395664616267671e-01	7.719678316008617147e-02	2.739993701205775678e-02	8.049642115380589713e-02
1.184286148302813444e+03	2.481072088801492548e-01	1.651602958657093778e-01	2.507787194540223585e-01	1.507207641105969553e-01	7.726147588141231426e-02	2.739993701205775678e-02	8.057159879566115623e-02
1.185737479366910065e+03	2.478959754560291773e-01	1.650396545554480843e-01	2.508898703535841213e-01	1.508018570021254778e-01	7.732605944423241728e-02	2.739993701205775678e-02	8.064664617613208353e-02
1.187188810431006686e+03	2.476851178224977190e-01	1.649192121030238212e-01	2.510007907975373986e-01	1.508828447164082820e-01	7.739053402976703300e-02	2.739993701205775678e-02	8.072156351831710763e-02
1.188640141495103080e+03	2.474746352941290806e-01	1.647989681770494763e-01	2.511114818081667810e-01	1.509637268443628499e-01	7.745489981893505238e-02	2.739993701205775678e-02	8.079635104490805186e-02
1.190091472559199701e+03	2.472645271870660688e-01	1.646789224466920221e-01	2.512219443958029208e-01	1.510445029874446787e-01	7.751915699235428781e-02	2.739993701205775678e-02	8.087100897819131384e-02
1.191542803623296322e+03	2.470547928190113263e-01	1.645590745816715716e-01	2.513321795590108265e-01	1.511251727574667025e-01	7.758330573034183386e-02	2.739993701205775678e-02	8.094553754004897572e-02
1.192994134687392716e+03	2.468454315092188378e-01	1.644394242522603800e-01	2.514421882847755474e-01	1.512057357764217402e-01	7.764734621291471961e-02	2.739993701205775678e-02	8.101993695195995604e-02
1.194445465751489564e+03	2.466364425784853820e-01	1.643199711292820664e-01	2.515519715486845276e-01	1.512861916763077741e-01	7.771127861979028328e-02	2.739993701205775678e-02	8.109420743500111994e-02
1.195896796815585958e+03	2.464278253491422321e-01	1.642007148841105046e-01	2.516615303151068517e-01	1.513665400989563647e-01	7.777510313038676903e-02	2.739993701205775678e-02	8.116834920984845880e-02
1.197348127879682352e+03	2.462195791450468851e-01	1.640816551886689900e-01	2.517708655373698812e-01	1.514467806958635643e-01	7.783881992382374326e-02	2.739993701205775678e-02	8.124236249677810329e-02
1.198799458943779200e+03	2.460117032915749014e-01	1.639627917154292680e-01	2.518799781579328378e-01	1.515269131280239656e-01	7.790242917892267749e-02	2.739993701205775678e-02	8.131624751566747522e-02
1.200250790007875821e+03	2.458041971156118277e-01	1.638441241374107293e-01	2.519888691085573895e-01	1.516069370657673610e-01	7.796593107420740631e-02	2.739993701205775678e-02	8.139000448599637005e-02
1.201702121071972442e+03	2.455970599455454539e-01	1.637256521281792720e-01	2.520975393104756823e-01	1.516868521885980647e-01	7.802932578790457152e-02	2.739993701205775678e-02	8.146363362684803933e-02
1.203153452136069063e+03	2.453902911112575691e-01	1.636073753618465243e-01	2.522059896745555418e-01	1.517666581850369845e-01	7.809261349794420493e-02	2.739993701205775678e-02	8.153713515691027314e-02
1.204604783200165684e+03	2.451838899441166897e-01	1.634892935130689007e-01	2.523142211014626768e-01	1.518463547524661339e-01	7.815579438196018636e-02	2.739993701205775678e-02	8.161050929447645486e-02
1.206056114264262078e+03	2.449778557769701215e-01	1.633714062570466863e-01	2.524222344818208841e-01	1.519259415969760330e-01	7.821886861729072937e-02	2.739993701205775678e-02	8.168375625744658808e-02
1.207507445328358699e+03	2.447721879441364934e-01	1.632537132695230653e-01	2.525300306963688124e-01	1.520054184332153280e-01	7.828183638097889474e-02	2.739993701205775678e-02	8.175687626332842073e-02
1.208958776392455093e+03	2.445668857813983466e-01	1.631362142267832605e-01	2.526376106161147272e-01	1.520847849842431598e-01	7.834469784977306228e-02	2.739993701205775678e-02	8.182986952923838875e-02
1.210410107456551941e+03	2.443619486259946960e-01	1.630189088056535895e-01	2.527449751024887226e-01	1.521640409813837524e-01	7.840745320012744435e-02	2.739993701205775678e-02	8.190273627190269856e-02
1.211861438520648335e+03	2.441573758166138419e-01	1.629017966835005493e-01	2.528521250074919346e-01	1.522431861640835549e-01	7.847010260820254379e-02	2.739993701205775678e-02	8.197547670765836791e-02
1.213312769584745183e+03	2.439531666933861809e-01	1.627848775382299273e-01	2.529590611738440353e-01	1.523222202797706870e-01	7.853264624986569520e-02	2.739993701205775678e-02	8.204809105245423895e-02
1.214764100648841804e+03	2.437493205978771005e-01	1.626681510482858584e-01	2.530657844351276164e-01	1.524011430837167724e-01	7.859508430069149509e-02	2.739993701205775678e-02	8.212057952185192189e-02
1.216215431712937971e+03	2.435458368730799572e-01	1.625516168926499916e-01	2.531722956159305760e-01	1.524799543389010192e-01	7.865741693596235706e-02	2.739993701205775678e-02	8.219294233102690528e-02
1.217666762777034819e+03	2.433427148634091930e-01	1.624352747508404360e-01	2.532785955319862836e-01	1.525586538158765493e-01	7.871964433066892808e-02	2.739993701205775678e-02	8.226517969476941639e-02
1.219118093841131440e+03	2.431399539146935351e-01	1.623191243029110109e-01	2.533846849903110265e-01	1.526372412926390310e-01	7.878176665951062974e-02	2.739993701205775678e-02	8.233729182748553144e-02
1.220569424905228061e+03	2.429375533741692794e-01	1.622031652294502746e-01	2.534905647893396785e-01	1.527157165544973383e-01	7.884378409689611622e-02	2.739993701205775678e-02	8.240927894319809155e-02
1.222020755969324682e+03	2.427355125904734345e-01	1.620873972115806361e-01	2.535962357190587602e-01	1.527940793939464303e-01	7.890569681694378779e-02	2.739993701205775678e-02	8.248114125554768805e-02
1.223472087033421303e+03	2.425338309136373938e-01	1.619718199309573281e-01	2.537016985611376119e-01	1.528723296105425067e-01	7.896750499348223484e-02	2.739993701205775678e-02	8.255287897779364781e-02
1.224923418097517697e+03	2.423325076950802737e-01	1.618564330697677411e-01	2.538069540890571241e-01	1.529504670107798281e-01	7.902920880005075144e-02	2.739993701205775678e-02	8.262449232281492140e-02
1.226374749161614318e+03	2.421315422876025025e-01	1.617412363107304518e-01	2.539120030682367468e-01	1.530284914079700354e-01	7.909080840989980710e-02	2.739993701205775678e-02	8.269598150311115170e-02
1.227826080225710712e+03	2.419309340453796031e-01	1.616262293370941128e-01	2.540168462561587237e-01	1.531064026221231889e-01	7.915230399599151867e-02	2.739993701205775678e-02	8.276734673080349269e-02
1.229277411289807560e+03	2.417306823239557534e-01	1.615114118326368420e-01	2.541214844024913821e-01	1.531842004798308343e-01	7.921369573100016381e-02	2.739993701205775678e-02	8.283858821763563640e-02
1.230728742353903954e+03	2.415307864802377080e-01	1.613967834816652513e-01	2.542259182492092595e-01	1.532618848141510115e-01	7.927498378731265283e-02	2.739993701205775678e-02	8.290970617497471495e-02
1.232180073418000802e+03	2.413312458724885534e-01	1.612823439690134475e-01	2.543301485307120635e-01	1.533394554644953445e-01	7.933616833702897275e-02	2.739993701205775678e-02	8.298070081381223040e-02
1.233631404482097196e+03	2.411320598603217957e-01	1.611680929800422268e-01	2.544341759739413011e-01	1.534169122765176030e-01	7.939724955196270084e-02	2.739993701205775678e-02	8.305157234476495676e-02
1.235082735546193817e+03	2.409332278046953657e-01	1.610540302006381874e-01	2.545380012984950202e-01	1.534942551020046231e-01	7.945822760364147641e-02	2.739993701205775678e-02	8.312232097807588371e-02
1.236534066610290438e+03	2.407347490679055124e-01	1.609401553172128685e-01	2.546416252167410521e-01	1.535714837987685877e-01	7.951910266330747268e-02	2.739993701205775678e-02	8.319294692361509092e-02
1.237985397674387059e+03	2.405366230135812522e-01	1.608264680167017513e-01	2.547450484339275900e-01	1.536485982305413889e-01	7.957987490191785473e-02	2.739993701205775678e-02	8.326345039088069166e-02
1.239436728738483680e+03	2.403388490066783734e-01	1.607129679865635929e-01	2.548482716482929900e-01	1.537255982668706555e-01	7.964054449014530690e-02	2.739993701205775678e-02	8.333383158899967946e-02
1.240888059802580301e+03	2.401414264134738574e-01	1.605996549147792607e-01	2.549512955511727963e-01	1.538024837830173353e-01	7.970111159837844905e-02	2.739993701205775678e-02	8.340409072672884394e-02
1.242339390866676695e+03	2.399443546015601336e-01	1.604865284898510658e-01	2.550541208271059346e-01	1.538792546598553579e-01	7.976157639672235011e-02	2.739993701205775678e-02	8.347422801245565904e-02
1.243790721930773088e+03	2.397476329398396111e-01	1.603735884008018198e-01	2.551567481539382953e-01	1.539559107837726037e-01	7.982193905499899989e-02	2.739993701205775678e-02	8.354424365419915732e-02
1.245242052994869937e+03	2.395512607985191000e-01	1.602608343371739463e-01	2.552591782029252077e-01	1.540324520465736757e-01	7.988219974274776702e-02	2.739993701205775678e-02	8.361413785961076262e-02
1.246693384058966330e+03	2.393552375491043716e-01	1.601482659890286486e-01	2.553614116388319699e-01	1.541088783453843369e-01	7.994235862922584313e-02	2.739993701205775678e-02	8.368391083597523372e-02
1.248144715123063179e+03	2.391595625643948009e-01	1.600358830469449933e-01	2.554634491200329371e-01	1.541851895825573637e-01	8.000241588340879784e-02	2.739993701205775678e-02	8.375356279021144157e-02
1.249596046187159800e+03	2.389642352184779550e-01	1.599236852020190225e-01	2.555652912986089986e-01	1.542613856655801474e-01	8.006237167399095356e-02	2.739993701205775678e-02	8.382309392887329902e-02
1.251047377251256421e+03	2.387692548867243747e-01	1.598116721458629208e-01	2.556669388204427795e-01	1.543374665069837670e-01	8.012222616938589892e-02	2.739993701205775678e-02	8.389250445815056578e-02
1.252498708315352815e+03	2.385746209457824396e-01	1.596998435706041275e-01	2.557683923253135094e-01	1.544134320242534497e-01	8.018197953772697451e-02	2.739993701205775678e-02	8.396179458386970884e-02
1.253950039379449436e+03	2.383803327735730948e-01	1.595881991688845591e-01	2.558696524469893929e-01	1.544892821397407523e-01	8.024163194686770306e-02	2.739993701205775678e-02	8.403096451149472124e-02
1.255401370443546057e+03	2.381863897492847992e-01	1.594767386338596105e-01	2.559707198133185924e-01	1.545650167805769359e-01	8.030118356438228910e-02	2.739993701205775678e-02	8.410001444612798249e-02
1.256852701507642678e+03	2.379927912533685297e-01	1.593654616591972939e-01	2.560715950463191559e-01	1.546406358785880897e-01	8.036063455756606300e-02	2.739993701205775678e-02	8.416894459251109128e-02
1.258304032571739299e+03	2.377995366675327293e-01	1.592543679390774902e-01	2.561722787622669473e-01	1.547161393702113641e-01	8.041998509343596668e-02	2.739993701205775678e-02	8.423775515502568423e-02
1.259755363635835920e+03	2.376066253747384782e-01	1.591434571681910048e-01	2.562727715717826316e-01	1.547915271964128425e-01	8.047923533873099777e-02	2.739993701205775678e-02	8.430644633769421303e-02
1.261206694699932314e+03	2.374140567591944417e-01	1.590327290417387074e-01	2.563730740799168850e-01	1.548667993026065226e-01	8.053838545991265363e-02	2.739993701205775678e-02	8.437501834418084656e-02
1.262658025764028707e+03	2.372218302063522355e-01	1.589221832554307545e-01	2.564731868862344388e-01	1.549419556385749630e-01	8.059743562316545873e-02	2.739993701205775678e-02	8.444347137779219248e-02
1.264109356828125556e+03	2.370299451029015403e-01	1.588118195054856463e-01	2.565731105848963467e-01	1.550169961583909295e-01	8.065638599439738099e-02	2.739993701205775678e-02	8.451180564147814378e-02
1.265560687892221949e+03	2.368384008367654392e-01	1.587016374886293657e-01	2.566728457647415307e-01	1.550919208203405952e-01	8.071523673924028974e-02	2.739993701205775678e-02	8.458002133783269760e-02
1.267012018956318798e+03	2.366471967970956991e-01	1.585916369020946015e-01	2.567723930093666063e-01	1.551667295868478236e-01	8.077398802305044145e-02	2.739993701205775678e-02	8.464811866909473237e-02
1.268463350020415419e+03	2.364563323742681633e-01	1.584818174436198046e-01	2.568717528972042641e-01	1.552414224243999219e-01	8.083264001090892381e-02	2.739993701205775678e-02	8.471609783714878494e-02
1.269914681084511813e+03	2.362658069598782273e-01	1.583721788114484108e-01	2.569709260016008745e-01	1.553159993034743946e-01	8.089119286762212757e-02	2.739993701205775678e-02	8.478395904352585555e-02
1.271366012148608434e+03	2.360756199467363148e-01	1.582627207043279804e-01	2.570699128908920938e-01	1.553904601984671119e-01	8.094964675772217677e-02	2.739993701205775678e-02	8.485170248940419879e-02
1.272817343212705055e+03	2.358857707288631866e-01	1.581534428215093102e-01	2.571687141284783040e-01	1.554648050876215604e-01	8.100800184546740057e-02	2.739993701205775678e-02	8.491932837561007308e-02
1.274268674276801676e+03	2.356962587014858335e-01	1.580443448627456282e-01	2.572673302728976652e-01	1.555390339529593435e-01	8.106625829484281898e-02	2.739993701205775678e-02	8.498683690261853163e-02
1.275720005340898297e+03	2.355070832610329234e-01	1.579354265282917891e-01	2.573657618778986689e-01	1.556131467802117641e-01	8.112441626956055918e-02	2.739993701205775678e-02	8.505422827055418578e-02
1.277171336404994690e+03	2.353182438051304448e-01	1.578266875189032747e-01	2.574640094925111922e-01	1.556871435587525720e-01	8.118247593306032739e-02	2.739993701205775678e-02	8.512150267919200985e-02
1.278622667469091539e+03	2.351297397325974592e-01	1.577181275358355284e-01	2.575620736611169415e-01	1.557610242815319623e-01	8.124043744850988069e-02	2.739993701205775678e-02	8.518866032795803511e-02
1.280073998533187932e+03	2.349415704434418273e-01	1.576097462808430105e-01	2.576599549235179532e-01	1.558347889450114043e-01	8.129830097880541562e-02	2.739993701205775678e-02	8.525570141593019624e-02
1.281525329597284326e+03	2.347537353388560177e-01	1.575015434561783390e-01	2.577576538150045948e-01	1.559084375490997487e-01	8.135606668657212326e-02	2.739993701205775678e-02	8.532262614183894200e-02
1.282976660661381175e+03	2.345662338212129161e-01	1.573935187645916500e-01	2.578551708664220121e-01	1.559819700970904444e-01	8.141373473416455009e-02	2.739993701205775678e-02	8.538943470406816505e-02
1.284427991725477568e+03	2.343790652940616892e-01	1.572856719093295164e-01	2.579525066042359649e-01	1.560553865955996711e-01	8.147130528366709756e-02	2.739993701205775678e-02	8.545612730065579865e-02
1.285879322789574417e+03	2.341922291621238161e-01	1.571780025941341696e-01	2.580496615505971647e-01	1.561286870545054717e-01	8.152877849689445233e-02	2.739993701205775678e-02	8.552270412929464938e-02
1.287330653853671038e+03	2.340057248312888138e-01	1.570705105232428067e-01	2.581466362234047796e-01	1.562018714868881053e-01	8.158615453539204421e-02	2.739993701205775678e-02	8.558916538733309098e-02
1.288781984917767431e+03	2.338195517086104902e-01	1.569631954013866182e-01	2.582434311363689394e-01	1.562749399089712055e-01	8.164343356043653188e-02	2.739993701205775678e-02	8.565551127177581381e-02
1.290233315981864052e+03	2.336337092023028361e-01	1.568560569337900390e-01	2.583400467990720761e-01	1.563478923400639375e-01	8.170061573303614988e-02	2.739993701205775678e-02	8.572174197928453254e-02
