1.301360187473271253e+03	2.358084467243842519e-01	1.506494492544738217e-01	2.591187055115546922e-01	1.616351131425813048e-01	7.677072847557502022e-02	3.173529825674635541e-02	8.428225863429378295e-02
1.306197957686926657e+03	2.352327875621771924e-01	1.502434856118276263e-01	2.594871484401959361e-01	1.618872792002926109e-01	7.688044335263825857e-02	3.180070228162199669e-02	8.446815355085555976e-02
1.311035727900581833e+03	2.346603976693454330e-01	1.498398048623948986e-01	2.598536704786263973e-01	1.621378400558120825e-01	7.698945870055584617e-02	3.186606080257975426e-02	8.465276743029476192e-02
1.315873498114237009e+03	2.340912572765463939e-01	1.494383947842687632e-01	2.602182748006801605e-01	1.623868121635924366e-01	7.709778207525944116e-02	3.193136877941815666e-02	8.483611011984380779e-02
1.320711268327892412e+03	2.335253467908421088e-01	1.490392431772438186e-01	2.605809648975107029e-01	1.626342116153675355e-01	7.720542085309159419e-02	3.199662129396860233e-02	8.501819137158479756e-02
1.325549038541547588e+03	2.329626467912847276e-01	1.486423378655066518e-01	2.609417445625616394e-01	1.628800541521306933e-01	7.731238223693859268e-02	3.206181354746706624e-02	8.519902084371983042e-02
1.330386808755202765e+03	2.324031380247129353e-01	1.482476667001523529e-01	2.613006178771236088e-01	1.631243551756775545e-01	7.741867326213641709e-02	3.212694085799001897e-02	8.537860810181624460e-02
1.335224578968857941e+03	2.318468014017487089e-01	1.478552175615366060e-01	2.616575891964553757e-01	1.633671297597294736e-01	7.752430080215867714e-02	3.219199865795265708e-02	8.555696262002762675e-02
1.340062349182513572e+03	2.312936179929831748e-01	1.474649783614726539e-01	2.620126631364471659e-01	1.636083926606523853e-01	7.762927157409493795e-02	3.225698249166768922e-02	8.573409378229107647e-02
1.344900119396168748e+03	2.307435690253413774e-01	1.470769370452822133e-01	2.623658445608073042e-01	1.638481583277865972e-01	7.773359214392706884e-02	3.232188801296284608e-02	8.591001088350161408e-02
1.349737889609823924e+03	2.301966358786161626e-01	1.466910815937083612e-01	2.627171385687514515e-01	1.640864409134014656e-01	7.783726893161178884e-02	3.238671098285553912e-02	8.608472313066427295e-02
1.354575659823479100e+03	2.296528000821621840e-01	1.463074000246983308e-01	2.630665504831757873e-01	1.643232542822888609e-01	7.794030821597637548e-02	3.245144726728290546e-02	8.625823964402461186e-02
1.359413430037134731e+03	2.291120433117413702e-01	1.459258803950635175e-01	2.634140858392967077e-01	1.645586120210087711e-01	7.804271613943479513e-02	3.251609283488580970e-02	8.643056945817804981e-02
1.364251200250789907e+03	2.285743473865115838e-01	1.455465108020237430e-01	2.637597503737388327e-01	1.647925274468000911e-01	7.814449871253076330e-02	3.258064375484513026e-02	8.660172152315892546e-02
1.369088970464445310e+03	2.280396942661508664e-01	1.451692793846424412e-01	2.641035500140539449e-01	1.650250136161688641e-01	7.824566181831454914e-02	3.264509619476893554e-02	8.677170470550947534e-02
1.373926740678100487e+03	2.275080660481098582e-01	1.447941743251585922e-01	2.644454908686567074e-01	1.652560833331656598e-01	7.834621121655946374e-02	3.270944641862914143e-02	8.694052778932957748e-02
1.378764510891755890e+03	2.269794449649856216e-01	1.444211838502222345e-01	2.647855792171588951e-01	1.654857491573641926e-01	7.844615254782419389e-02	3.277369078474616504e-02	8.710819947730763513e-02
1.383602281105411066e+03	2.264538133820103438e-01	1.440502962320375779e-01	2.651238215010889854e-01	1.657140234115518918e-01	7.854549133736667132e-02	3.283782574382038133e-02	8.727472839173307240e-02
1.388440051319066470e+03	2.259311537946486204e-01	1.436814997894206858e-01	2.654602243149817298e-01	1.659409181891427776e-01	7.864423299891507013e-02	3.290184783700897397e-02	8.744012307549105245e-02
1.393277821532721646e+03	2.254114488262977389e-01	1.433147828887752218e-01	2.657947943978242744e-01	1.661664453613238557e-01	7.874238283830115037e-02	3.296575369404694533e-02	8.760439199303970970e-02
1.398115591746377049e+03	2.248946812260852746e-01	1.429501339449918973e-01	2.661275386248447283e-01	1.663906165839441065e-01	7.883994605696117985e-02	3.302954003141112677e-02	8.776754353137054820e-02
1.402953361960032225e+03	2.243808338667589719e-01	1.425875414222755599e-01	2.664584639996309678e-01	1.666134433041557006e-01	7.893692775530936068e-02	3.309320365052600271e-02	8.792958600095222843e-02
1.407791132173687402e+03	2.238698897426637524e-01	1.422269938349041418e-01	2.667875776465667981e-01	1.668349367668172933e-01	7.903333293598838183e-02	3.315674143601012730e-02	8.809052763665833896e-02
1.412628902387342805e+03	2.233618319678016828e-01	1.418684797479236592e-01	2.671148868035730373e-01	1.670551080206671424e-01	7.912916650700178856e-02	3.322015035396216898e-02	8.825037659867940310e-02
1.417466672600997981e+03	2.228566437739699091e-01	1.415119877777825663e-01	2.674403988151431988e-01	1.672739679242756794e-01	7.922443328473255386e-02	3.328342745028540356e-02	8.840914097341959210e-02
1.422304442814653157e+03	2.223543085089728644e-01	1.411575065929093764e-01	2.677641211256615028e-01	1.674915271517848636e-01	7.931913799685200162e-02	3.334656984904971894e-02	8.856682877437857537e-02
1.427142213028308333e+03	2.218548096349048926e-01	1.408050249142366039e-01	2.680860612729927261e-01	1.677077961984427823e-01	7.941328528512317519e-02	3.340957475089000733e-02	8.872344794301872950e-02
1.431979983241963964e+03	2.213581307264989861e-01	1.404545315156741914e-01	2.684062268823342867e-01	1.679227853859405484e-01	7.950687970810263461e-02	3.347243943144012635e-02	8.887900634961810875e-02
1.436817753455619140e+03	2.208642554695391946e-01	1.401060152245355295e-01	2.687246256603193495e-01	1.681365048675594887e-01	7.959992574374438745e-02	3.353516123980136709e-02	8.903351179410956551e-02
1.441655523669274316e+03	2.203731676593320976e-01	1.397594649219186247e-01	2.690412653893627937e-01	1.683489646331349787e-01	7.969242779190954806e-02	3.359773759704459684e-02	8.918697200690631210e-02
1.446493293882929493e+03	2.198848511992353427e-01	1.394148695430451890e-01	2.693561539222396051e-01	1.685601745138440022e-01	7.978439017678540246e-02	3.366016599474516702e-02	8.933939464971421551e-02
1.451331064096585123e+03	2.193992900992398076e-01	1.390722180775602612e-01	2.696692991768879222e-01	1.687701441868231789e-01	7.987581714921691833e-02	3.372244399354973332e-02	8.949078731633115791e-02
1.456168834310240300e+03	2.189164684746026379e-01	1.387314995697942754e-01	2.699807091314269103e-01	1.689788831796229795e-01	7.996671288895433605e-02	3.378456922177414112e-02	8.964115753343371296e-02
1.461006604523895703e+03	2.184363705445283022e-01	1.383927031189903234e-01	2.702903918193828581e-01	1.691864008745047054e-01	8.005708150681963009e-02	3.384653937403162699e-02	8.979051276135154025e-02
1.465844374737550879e+03	2.179589806308959155e-01	1.380558178794983326e-01	2.705983553251140039e-01	1.693927065125857556e-01	8.014692704679492186e-02	3.390835220989053822e-02	8.993886039482959505e-02
1.470682144951206283e+03	2.174842831570294177e-01	1.377208330609382414e-01	2.709046077794273200e-01	1.695978091978388724e-01	8.023625348803592461e-02	3.397000555256075166e-02	9.008620776377856965e-02
1.475519915164861459e+03	2.170122626465094684e-01	1.373877379283340583e-01	2.712091573553800372e-01	1.698017179009506661e-01	8.032506474681294639e-02	3.403149728760816728e-02	9.023256213401376069e-02
1.480357685378516862e+03	2.165429037220240327e-01	1.370565218022206100e-01	2.715120122642583622e-01	1.700044414630446643e-01	8.041336467838225421e-02	3.409282536169650629e-02	9.037793070798263995e-02
1.485195455592172038e+03	2.160761911042563266e-01	1.367271740587244766e-01	2.718131807517268350e-01	1.702059885992739940e-01	8.050115707879040849e-02	3.415398778135570607e-02	9.052232062548133673e-02
1.490033225805827215e+03	2.156121096108077617e-01	1.363996841296207796e-01	2.721126710941416671e-01	1.704063679022883859e-01	8.058844568661391317e-02	3.421498261177634281e-02	9.066573896436024016e-02
1.494870996019482618e+03	2.151506441551546689e-01	1.360740415023674044e-01	2.724104915950218975e-01	1.706055878455799424e-01	8.067523418463672102e-02	3.427580797562927717e-02	9.080819274121912366e-02
1.499708766233137567e+03	2.146917797456363852e-01	1.357502357201178511e-01	2.727066505816724828e-01	1.708036567867125821e-01	8.076152620146791195e-02	3.433646205191005774e-02	9.094968891209172235e-02
1.504546536446793198e+03	2.142355014844738725e-01	1.354282563817141849e-01	2.730011564019527714e-01	1.710005829704389912e-01	8.084732531310148684e-02	3.439694307480738872e-02	9.109023437312026295e-02
1.509384306660448374e+03	2.137817945668168684e-01	1.351080931416610564e-01	2.732940174211856421e-01	1.711963745317095498e-01	8.093263504442080314e-02	3.445724933259505102e-02	9.122983596122000161e-02
1.514222076874103550e+03	2.133306442798181823e-01	1.347897357100825977e-01	2.735852420192012024e-01	1.713910394985768970e-01	8.101745887064940033e-02	3.451737916654675636e-02	9.136850045473395021e-02
1.519059847087758726e+03	2.128820360017342206e-01	1.344731738526624421e-01	2.738748385875102720e-01	1.715845857950002440e-01	8.110180021875029732e-02	3.457733096987337246e-02	9.150623457407809636e-02
1.523897617301414357e+03	2.124359552010499086e-01	1.341583973905686455e-01	2.741628155266024325e-01	1.717770212435530408e-01	8.118566246877578774e-02	3.463710318668194316e-02	9.164304498237721419e-02
1.528735387515069533e+03	2.119923874356270665e-01	1.338453962003640363e-01	2.744491812433636491e-01	1.719683535680373854e-01	8.126904895516925964e-02	3.469669431095597639e-02	9.177893828609157145e-02
1.533573157728724709e+03	2.115513183518753226e-01	1.335341602139031580e-01	2.747339441486092437e-01	1.721585903960088648e-01	8.135196296802121863e-02	3.475610288555656957e-02	9.191392103563449101e-02
1.538410927942380113e+03	2.111127336839440372e-01	1.332246794182165572e-01	2.750171126547278355e-01	1.723477392612147718e-01	8.143440775428079093e-02	3.481532750124375492e-02	9.204799972598118329e-02
1.543248698156035516e+03	2.106766192529345438e-01	1.329169438553833016e-01	2.752986951734306964e-01	1.725358076059491652e-01	8.151638651892459397e-02	3.487436679571770393e-02	9.218118079726891900e-02
1.548086468369690692e+03	2.102429609661316534e-01	1.326109436223925631e-01	2.755787001136044689e-01	1.727228027833277169e-01	8.159790242608463973e-02	3.493321945267921502e-02	9.231347063538863917e-02
1.552924238583346096e+03	2.098117448162536147e-01	1.323066688709947647e-01	2.758571358792613060e-01	1.729087320594853150e-01	8.167895860013646425e-02	3.499188420090913049e-02	9.244487557256829413e-02
1.557762008797001272e+03	2.093829568807194230e-01	1.320041098075434571e-01	2.761340108675837124e-01	1.730936026156990604e-01	8.175955812674914891e-02	3.505035981336615536e-02	9.257540188794799452e-02
1.562599779010656675e+03	2.089565833209328372e-01	1.317032566928278414e-01	2.764093334670600921e-01	1.732774215504395976e-01	8.183970405389873193e-02	3.510864510630271051e-02	9.270505580814712709e-02
1.567437549224311852e+03	2.085326103815823839e-01	1.314040998418975481e-01	2.766831120557075030e-01	1.734601958813533629e-01	8.191939939284613448e-02	3.516673893839836890e-02	9.283384350782360184e-02
1.572275319437967255e+03	2.081110243899566559e-01	1.311066296238791451e-01	2.769553549993780117e-01	1.736419325471781627e-01	8.199864711908107229e-02	3.522464020991050715e-02	9.296177111022534134e-02
1.577113089651622431e+03	2.076918117552737919e-01	1.308108364617858177e-01	2.772260706501455396e-01	1.738226384095946375e-01	8.207745017323311854e-02	3.528234786184170080e-02	9.308884468773426235e-02
1.581950859865277607e+03	2.072749589680252247e-01	1.305167108323202763e-01	2.774952673447700358e-01	1.740023202550158299e-01	8.215581146195119477e-02	3.533986087512359930e-02	9.321507026240272165e-02
1.586788630078933011e+03	2.068604525993322507e-01	1.302242432656715576e-01	2.777629534032358127e-01	1.741809847963172175e-01	8.223373385875260011e-02	3.539717826981675364e-02	9.334045380648271772e-02
1.591626400292587959e+03	2.064482793003155903e-01	1.299334243453060533e-01	2.780291371273612699e-01	1.743586386745092365e-01	8.231122020484270274e-02	3.545429910432622289e-02	9.346500124294779277e-02
1.596464170506243590e+03	2.060384258014768266e-01	1.296442447077532922e-01	2.782938267994771175e-01	1.745352884603546539e-01	8.238827330990647346e-02	3.551122247463243953e-02	9.358871844600805123e-02
1.601301940719898766e+03	2.056308789120915581e-01	1.293566950423868378e-01	2.785570306811702701e-01	1.747109406559324007e-01	8.246489595287263830e-02	3.556794751353707651e-02	9.371161124161810074e-02
1.606139710933553943e+03	2.052256255196135415e-01	1.290707660912007726e-01	2.788187570120907455e-01	1.748856016961501947e-01	8.254109088265185190e-02	3.562447338992356938e-02	9.383368540797826229e-02
1.610977481147209119e+03	2.048226525890894933e-01	1.287864486485819915e-01	2.790790140088196258e-01	1.750592779502074259e-01	8.261686081884944688e-02	3.568079930803193939e-02	9.395494667602903582e-02
1.615815251360864750e+03	2.044219471625840778e-01	1.285037335610786924e-01	2.793378098637949170e-01	1.752319757230106079e-01	8.269220845245398022e-02	3.573692450674765403e-02	9.407540072993904323e-02
1.620653021574519926e+03	2.040234963586146089e-01	1.282226117271655363e-01	2.795951527442933626e-01	1.754037012565425602e-01	8.276713644650227075e-02	3.579284825890420574e-02	9.419505320758646272e-02
1.625490791788175102e+03	2.036272873715950782e-01	1.279430740970054492e-01	2.798510507914660494e-01	1.755744607311873484e-01	8.284164743672194076e-02	3.584856987059900635e-02	9.431390970103414872e-02
1.630328562001830505e+03	2.032333074712892595e-01	1.276651116722087864e-01	2.801055121194251374e-01	1.757442602670125364e-01	8.291574403215223876e-02	3.590408868052250013e-02	9.443197575699846524e-02
1.635166332215485909e+03	2.028415440022722782e-01	1.273887155055897225e-01	2.803585448143808279e-01	1.759131059250101659e-01	8.298942881574386532e-02	3.595940405930005135e-02	9.454925687731202677e-02
1.640004102429141085e+03	2.024519843834006461e-01	1.271138767009203085e-01	2.806101569338245172e-01	1.760810037082980450e-01	8.306270434493859267e-02	3.601451540884637037e-02	9.466575851938037467e-02
1.644841872642796488e+03	2.020646161072900404e-01	1.268405864126825600e-01	2.808603565057588569e-01	1.762479595632827911e-01	8.313557315222959432e-02	3.606942216173223553e-02	9.478148609663272772e-02
1.649679642856451665e+03	2.016794267398009932e-01	1.265688358458184892e-01	2.811091515279703912e-01	1.764139793807859014e-01	8.320803774570297018e-02	3.612412378056327478e-02	9.489644497896689013e-02
1.654517413070107068e+03	2.012964039195315746e-01	1.262986162554784741e-01	2.813565499673446046e-01	1.765790689971342697e-01	8.328010060956116123e-02	3.617861975737041852e-02	9.501064049318841409e-02
1.659355183283762244e+03	2.009155353573176261e-01	1.260299189467682379e-01	2.816025597592212715e-01	1.767432341952164532e-01	8.335176420462916957e-02	3.623290961301197516e-02	9.512407792344415580e-02
1.664192953497417420e+03	2.005368088357394052e-01	1.257627352744945248e-01	2.818471888067881070e-01	1.769064807055058808e-01	8.342303096884386149e-02	3.628699289658690597e-02	9.523676251165021089e-02
1.669030723711072824e+03	2.001602122086351965e-01	1.254970566429094991e-01	2.820904449805113345e-01	1.770688142070520332e-01	8.349390331772722773e-02	3.634086918485914669e-02	9.534869945791442369e-02
1.673868493924728000e+03	1.997857334006208907e-01	1.252328745054544501e-01	2.823323361176019453e-01	1.772302403284410910e-01	8.356438364484414238e-02	3.639453808169278159e-02	9.545989392095356740e-02
1.678706264138383403e+03	1.994133604066159471e-01	1.249701803645024145e-01	2.825728700215158207e-01	1.773907646487267731e-01	8.363447432224506428e-02	3.644799921749773686e-02	9.557035101850513970e-02
1.683544034352038352e+03	1.990430812913752678e-01	1.247089657711003552e-01	2.828120544614864951e-01	1.775503926983325598e-01	8.370417770089433329e-02	3.650125224868587537e-02	9.568007582773402353e-02
1.688381804565693983e+03	1.986748841890267347e-01	1.244492223247106871e-01	2.830498971720891155e-01	1.777091299599266316e-01	8.377349611108463046e-02	3.655429685713722926e-02	9.578907338563397156e-02
1.693219574779349159e+03	1.983087573026142691e-01	1.241909416729524429e-01	2.832864058528342110e-01	1.778669818692698301e-01	8.384243186283793503e-02	3.660713274967616199e-02	9.589734868942410839e-02
1.698057344993004335e+03	1.979446889036462209e-01	1.239341155113422577e-01	2.835215881677907723e-01	1.780239538160382773e-01	8.391098724629367234e-02	3.665975965755730037e-02	9.600490669694045076e-02
1.702895115206659511e+03	1.975826673316490867e-01	1.236787355830350210e-01	2.837554517452358094e-01	1.781800511446211821e-01	8.397916453208434384e-02	3.671217733596097293e-02	9.611175232702251492e-02
1.707732885420315142e+03	1.972226809937260572e-01	1.234247936785646260e-01	2.839880041773310548e-01	1.783352791548947214e-01	8.404696597169927785e-02	3.676438556349800185e-02	9.621789045989515010e-02
1.712570655633970318e+03	1.968647183641205611e-01	1.231722816355846489e-01	2.842192530198245914e-01	1.784896431029730224e-01	8.411439379783669512e-02	3.681638414172368895e-02	9.632332593754562577e-02
1.717408425847625494e+03	1.965087679837844992e-01	1.229211913386092508e-01	2.844492057917766825e-01	1.786431482019369132e-01	8.418145022474475547e-02	3.686817289466069736e-02	9.642806356409602819e-02
1.722246196061280898e+03	1.961548184599510580e-01	1.226715147187542876e-01	2.846778699753085839e-01	1.787957996225411350e-01	8.424813744855179365e-02	3.691975166833081495e-02	9.653210810617116056e-02
1.727083966274936301e+03	1.958028584657120208e-01	1.224232437534785861e-01	2.849052530153736718e-01	1.789476024939011811e-01	8.431445764758631334e-02	3.697112033029526651e-02	9.663546429326178022e-02
1.731921736488591478e+03	1.954528767395992406e-01	1.221763704663258177e-01	2.851313623195499414e-01	1.790985619041599586e-01	8.438041298268687818e-02	3.702227876920350519e-02	9.673813681808356157e-02
1.736759506702246881e+03	1.951048620851704996e-01	1.219308869266666623e-01	2.853562052578521580e-01	1.792486829011352978e-01	8.444600559750251034e-02	3.707322689435030294e-02	9.684013033693152084e-02
1.741597276915902057e+03	1.947588033705993094e-01	1.216867852494415564e-01	2.855797891625641571e-01	1.793979704929490326e-01	8.451123761878384655e-02	3.712396463524090390e-02	9.694144947003019430e-02
1.746435047129557461e+03	1.944146895282689025e-01	1.214440575949039675e-01	2.858021213280890760e-01	1.795464296486379840e-01	8.457611115666521795e-02	3.717449194116418526e-02	9.704209880187958381e-02
1.751272817343212637e+03	1.940725095543699430e-01	1.212026961683644183e-01	2.860232090108179581e-01	1.796940652987478182e-01	8.464062830493830625e-02	3.722480878077359667e-02	9.714208288159688343e-02
1.756110587556867813e+03	1.937322525085019009e-01	1.209626932199349969e-01	2.862430594290146235e-01	1.798408823359100850e-01	8.470479114131740372e-02	3.727491514167576014e-02	9.724140622325409822e-02
1.760948357770523216e+03	1.933939075132784513e-01	1.207240410442748102e-01	2.864616797627173028e-01	1.799868856154034080e-01	8.476860172769672130e-02	3.732481103002654316e-02	9.734007330621156917e-02
1.765786127984178393e+03	1.930574637539361482e-01	1.204867319803361592e-01	2.866790771536555926e-01	1.801320799556987984e-01	8.483206211039998057e-02	3.737449647013452864e-02	9.743808857544751512e-02
1.770623898197833569e+03	1.927229104779467905e-01	1.202507584111114497e-01	2.868952587051822323e-01	1.802764701389903690e-01	8.489517432042251177e-02	3.742397150407167361e-02	9.753545644188367503e-02
1.775461668411488745e+03	1.923902369946331181e-01	1.200161127633811303e-01	2.871102314822188140e-01	1.804200609117112553e-01	8.495794037366631579e-02	3.747323619129105943e-02	9.763218128270699514e-02
1.780299438625144376e+03	1.920594326747880332e-01	1.197827875074623794e-01	2.873240025112154261e-01	1.805628569850356857e-01	8.502036227116813172e-02	3.752229060825153922e-02	9.772826744168749968e-02
1.785137208838799552e+03	1.917304869502967357e-01	1.195507751569588606e-01	2.875365787801228978e-01	1.807048630353676744e-01	8.508244199932087082e-02	3.757113484804924797e-02	9.782371922949242848e-02
1.789974979052454728e+03	1.914033893137625786e-01	1.193200682685114089e-01	2.877479672383773113e-01	1.808460837048164738e-01	8.514418153008855572e-02	3.761976902005579465e-02	9.791854092399664145e-02
1.794812749266109904e+03	1.910781293181356422e-01	1.190906594415496456e-01	2.879581747968965044e-01	1.809865236016595935e-01	8.520558282121520888e-02	3.766819324956291459e-02	9.801273677058928990e-02
1.799650519479765535e+03	1.907546965763444458e-01	1.188625413180447732e-01	2.881672083280875096e-01	1.811261873007936618e-01	8.526664781642767643e-02	3.771640767743366512e-02	9.810631098247704629e-02
1.804488289693420711e+03	1.904330807609309617e-01	1.186357065822633422e-01	2.883750746658648723e-01	1.812650793441735186e-01	8.532737844563269280e-02	3.776441245975986627e-02	9.819926774098353128e-02
1.809326059907075887e+03	1.901132716036882664e-01	1.184101479605220303e-01	2.885817806056789614e-01	1.814032042412399570e-01	8.538777662510838029e-02	3.781220776752571705e-02	9.829161119584547968e-02
1.814163830120731291e+03	1.897952588953011610e-01	1.181858582209436709e-01	2.887873329045539950e-01	1.815405664693366672e-01	8.544784425769048897e-02	3.785979378627753189e-02	9.838334546550529802e-02
1.819001600334386467e+03	1.894790324849897067e-01	1.179628301732143086e-01	2.889917382811355018e-01	1.816771704741163840e-01	8.550758323295334917e-02	3.790717071579939590e-02	9.847447463740019447e-02
1.823839370548041643e+03	1.891645822801555354e-01	1.177410566683413790e-01	2.891950034157462213e-01	1.818130206699369589e-01	8.556699542738586961e-02	3.795433876979469046e-02	9.856500276824810280e-02
1.828677140761696819e+03	1.888518982460309081e-01	1.175205305984131227e-01	2.893971349504508850e-01	1.819481214402476066e-01	8.562608270456278925e-02	3.800129817557335032e-02	9.865493388433012323e-02
1.833514910975352450e+03	1.885409704053304103e-01	1.173012448963590831e-01	2.895981394891281036e-01	1.820824771379654927e-01	8.568484691531119690e-02	3.804804917374474821e-02	9.874427198176978504e-02
1.838352681189008081e+03	1.882317888379051729e-01	1.170831925357118386e-01	2.897980235975507468e-01	1.822160920858431621e-01	8.574328989787267929e-02	3.809459201791613042e-02	9.883302102680910362e-02
1.843190451402663257e+03	1.879243436804001743e-01	1.168663665303699417e-01	2.899967938034727633e-01	1.823489705768271130e-01	8.580141347806098662e-02	3.814092697439643714e-02	9.892118495608138995e-02
1.848028221616318433e+03	1.876186251259135129e-01	1.166507599343619833e-01	2.901944565967233269e-01	1.824811168744076839e-01	8.585921946941577065e-02	3.818705432190551419e-02	9.900876767688102098e-02
1.852865991829973609e+03	1.873146234236585661e-01	1.164363658416120301e-01	2.903910184293070351e-01	1.826125352129605861e-01	8.591670967335207632e-02	3.823297435128849425e-02	9.909577306743004577e-02
1.857703762043628785e+03	1.870123288786284255e-01	1.162231773857060335e-01	2.905864857155104897e-01	1.827432297980806086e-01	8.597388587930605841e-02	3.827868736523535459e-02	9.918220497714179407e-02
1.862541532257283961e+03	1.867117318512630519e-01	1.160111877396597518e-01	2.907808648320148182e-01	1.828732048069072469e-01	8.603074986487693754e-02	3.832419367800549842e-02	9.926806722688143181e-02
1.867379302470939592e+03	1.864128227571185126e-01	1.158003901156877402e-01	2.909741621180131355e-01	1.830024643884429481e-01	8.608730339596538939e-02	3.836949361515727686e-02	9.935336360922365773e-02
1.872217072684594768e+03	1.861155920665387986e-01	1.155907777649735901e-01	2.911663838753339451e-01	1.831310126638642510e-01	8.614354822690831193e-02	3.841458751328241661e-02	9.943809788870736077e-02
1.877054842898249490e+03	1.858200303043298363e-01	1.153823439774414733e-01	2.913575363685688147e-01	1.832588537268254603e-01	8.619948610061037297e-02	3.845947571974518003e-02	9.952227380208750196e-02
1.881892613111905121e+03	1.855261280494360787e-01	1.151750820815289206e-01	2.915476258252051589e-01	1.833859916437561022e-01	8.625511874867218542e-02	3.850415859242618810e-02	9.960589505858405412e-02
1.886730383325560297e+03	1.852338759346189578e-01	1.149689854439608361e-01	2.917366584357630743e-01	1.835124304541511653e-01	8.631044789151542940e-02	3.854863649947094795e-02	9.968896534012826327e-02
1.891568153539215928e+03	1.849432646461379448e-01	1.147640474695247881e-01	2.919246403539367818e-01	1.836381741708554283e-01	8.636547523850490737e-02	3.859290981904277273e-02	9.977148830160602333e-02
1.896405923752871104e+03	1.846542849234335815e-01	1.145602616008475211e-01	2.921115776967394551e-01	1.837632267803415431e-01	8.642020248806767113e-02	3.863697893908021874e-02	9.985346757109862803e-02
1.901243693966526507e+03	1.843669275588129264e-01	1.143576213181728141e-01	2.922974765446519352e-01	1.838875922429819565e-01	8.647463132780933148e-02	3.868084425705888701e-02	9.993490675012076108e-02
1.906081464180181683e+03	1.840811833971369438e-01	1.141561201391405184e-01	2.924823429417748866e-01	1.840112744933152800e-01	8.652876343462759245e-02	3.872450617975748549e-02	1.000158094138558912e-01
1.910919234393836859e+03	1.837970433355101130e-01	1.139557516185668584e-01	2.926661828959843947e-01	1.841342774403069149e-01	8.658260047482319033e-02	3.876796512302807529e-02	1.000961791113890165e-01
1.915757004607492036e+03	1.835144983229720916e-01	1.137565093482260925e-01	2.928490023790903396e-01	1.842566049676043760e-01	8.663614410420829304e-02	3.881122151157048727e-02	1.001760193659368553e-01
1.920594774821147894e+03	1.832335393601917661e-01	1.135583869566332005e-01	2.930308073269975444e-01	1.843782609337873135e-01	8.668939596821242932e-02	3.885427577871081173e-02	1.002553336750754420e-01
1.925432545034802843e+03	1.829541574991627173e-01	1.133613781088281813e-01	2.932116036398700332e-01	1.844992491726124284e-01	8.674235770198601703e-02	3.889712836618378078e-02	1.003341255109652802e-01
1.930270315248458019e+03	1.826763438429015174e-01	1.131654765061612944e-01	2.933913971822972866e-01	1.846195734932536692e-01	8.679503093050157381e-02	3.893977972391922393e-02	1.004123983205739701e-01
1.935108085462113195e+03	1.824000895451472481e-01	1.129706758860797022e-01	2.935701937834627739e-01	1.847392376805373770e-01	8.684741726865279066e-02	3.898223030983222204e-02	1.004901555258964074e-01
1.939945855675768371e+03	1.821253858100636558e-01	1.127769700219153071e-01	2.937479992373154825e-01	1.848582454951730458e-01	8.689951832135137111e-02	3.902448058961711930e-02	1.005674005241725816e-01
1.944783625889424002e+03	1.818522238919429990e-01	1.125843527226739332e-01	2.939248193027421685e-01	1.849766006739794744e-01	8.695133568362180265e-02	3.906653103654523368e-02	1.006441366881029587e-01
1.949621396103079178e+03	1.815805950949116732e-01	1.123928178328256061e-01	2.941006597037424397e-01	1.850943069301067556e-01	8.700287094069422689e-02	3.910838213126623802e-02	1.007203673660615612e-01
1.954459166316734354e+03	1.813104907726381387e-01	1.122023592320962049e-01	2.942755261296052804e-01	1.852113679532538526e-01	8.705412566809518637e-02	3.915003436161306610e-02	1.007960958823066883e-01
1.959296936530389530e+03	1.810419023280424866e-01	1.120129708352602810e-01	2.944494242350869095e-01	1.853277874098822886e-01	8.710510143173667841e-02	3.919148822241043384e-02	1.008713255371893741e-01
1.964134706744044706e+03	1.807748212130079468e-01	1.118246465919351534e-01	2.946223596405900258e-01	1.854435689434257573e-01	8.715579978800325200e-02	3.923274421528671896e-02	1.009460596073595978e-01
1.968972476957700337e+03	1.805092389280942844e-01	1.116373804863761421e-01	2.947943379323449964e-01	1.855587161744959579e-01	8.720622228383749508e-02	3.927380284848933784e-02	1.010203013459702454e-01
1.973810247171355968e+03	1.802451470222531105e-01	1.114511665372731608e-01	2.949653646625913228e-01	1.856732327010849337e-01	8.725637045682359261e-02	3.931466463670340444e-02	1.010940539828788926e-01
1.978648017385010689e+03	1.799825370925449142e-01	1.112659987975484488e-01	2.951354453497611052e-01	1.857871220987633021e-01	8.730624583526953864e-02	3.935533010087369221e-02	1.011673207248473538e-01
1.983485787598666320e+03	1.797214007838580374e-01	1.110818713541555230e-01	2.953045854786626734e-01	1.859003879208755150e-01	8.735584993828754419e-02	3.939579976802982941e-02	1.012401047557392325e-01
1.988323557812321269e+03	1.794617297886292040e-01	1.108987783278793521e-01	2.954727905006654942e-01	1.860130336987314836e-01	8.740518427587293249e-02	3.943607417111465868e-02	1.013124092367151952e-01
1.993161328025976900e+03	1.792035158465662414e-01	1.107167138731377370e-01	2.956400658338858012e-01	1.861250629417948999e-01	8.745425034898166028e-02	3.947615384881571904e-02	1.013842373064262892e-01
1.997999098239632076e+03	1.789467507443721350e-01	1.105356721777838447e-01	2.958064168633727231e-01	1.862364791378684492e-01	8.750304964960624321e-02	3.951603934539980878e-02	1.014555920812051093e-01
2.002836868453287707e+03	1.786914263154711080e-01	1.103556474629100725e-01	2.959718489412953013e-01	1.863472857532759153e-01	8.755158366085044608e-02	3.955573121055049046e-02	1.015264766552549935e-01
2.007674638666942428e+03	1.784375344397363394e-01	1.101766339826529134e-01	2.961363673871296731e-01	1.864574862330411475e-01	8.759985385700243266e-02	3.959522999920868369e-02	1.015968941008371929e-01
2.012512408880597604e+03	1.781850670432194028e-01	1.099986260239991798e-01	2.962999774878465886e-01	1.865670840010643927e-01	8.764786170360680528e-02	3.963453627141602653e-02	1.016668474684560425e-01
2.017350179094252780e+03	1.779340160978814811e-01	1.098216179065932274e-01	2.964626844980996490e-01	1.866760824602954338e-01	8.769560865753522894e-02	3.967365059216119288e-02	1.017363397870422181e-01
2.022187949307908411e+03	1.776843736213261360e-01	1.096456039825455114e-01	2.966244936404136001e-01	1.867844849929042594e-01	8.774309616705593118e-02	3.971257353122897155e-02	1.018053740641339938e-01
2.027025719521564042e+03	1.774361316765338814e-01	1.094705786362422245e-01	2.967854101053726823e-01	1.868922949604488459e-01	8.779032567190191150e-02	3.975130566305215551e-02	1.018739532860567371e-01
2.031863489735218764e+03	1.771892823715983389e-01	1.092965362841561150e-01	2.969454390518090348e-01	1.869995157040405254e-01	8.783729860333808204e-02	3.978984756656606114e-02	1.019420804181003226e-01
2.036701259948874394e+03	1.769438178594640865e-01	1.091234713746584151e-01	2.971045856069913227e-01	1.871061505445066608e-01	8.788401638422724260e-02	3.982819982506582285e-02	1.020097584046948669e-01
2.041539030162529116e+03	1.766997303376661443e-01	1.089513783878320180e-01	2.972628548668136417e-01	1.872122027825509349e-01	8.793048042909494544e-02	3.986636302606623439e-02	1.020769901695845056e-01
2.046376800376184747e+03	1.764570120480710436e-01	1.087802518352856407e-01	2.974202518959833119e-01	1.873176756989112512e-01	8.797669214419344408e-02	3.990433776116419223e-02	1.021437786159995198e-01
2.051214570589840150e+03	1.762156552766194484e-01	1.086100862599693045e-01	2.975767817282098382e-01	1.874225725545152488e-01	8.802265292756446258e-02	3.994212462590367163e-02	1.022101266268264363e-01
2.056052340803495554e+03	1.759756523530705830e-01	1.084408762359907741e-01	2.977324493663925931e-01	1.875268965906335961e-01	8.806836416910103493e-02	3.997972421964321454e-02	1.022760370647765593e-01
2.060890111017150957e+03	1.757369956507480457e-01	1.082726163684332304e-01	2.978872597828089441e-01	1.876306510290311758e-01	8.811382725060842858e-02	4.001713714542583233e-02	1.023415127725527396e-01
2.065727881230805451e+03	1.754996775862871783e-01	1.081053012931739860e-01	2.980412179193016597e-01	1.877338390721158545e-01	8.815904354586406866e-02	4.005436400985133011e-02	1.024065565730143540e-01
2.070565651444461309e+03	1.752636906193841548e-01	1.079389256767043503e-01	2.981943286874663146e-01	1.878364639030853933e-01	8.820401442067661579e-02	4.009140542295103887e-02	1.024711712693405635e-01
2.075403421658116713e+03	1.750290272525465152e-01	1.077734842159505935e-01	2.983465969688379738e-01	1.879385286860723869e-01	8.824874123294411399e-02	4.012826199806478894e-02	1.025353596451920590e-01
2.080241191871772116e+03	1.747956800308452519e-01	1.076089716380959765e-01	2.984980276150777656e-01	1.880400365662868722e-01	8.829322533271133366e-02	4.016493435172025644e-02	1.025991244648709610e-01
2.085078962085427065e+03	1.745636415416683407e-01	1.074453827004039352e-01	2.986486254481587332e-01	1.881409906701574097e-01	8.833746806222629588e-02	4.020142310351450948e-02	1.026624684734791654e-01
2.089916732299082469e+03	1.743329044144759365e-01	1.072827121900422481e-01	2.987983952605514637e-01	1.882413941054700279e-01	8.838147075599589453e-02	4.023772887599778164e-02	1.027253943970751204e-01
2.094754502512737417e+03	1.741034613205569292e-01	1.071209549239083292e-01	2.989473418154086071e-01	1.883412499615054192e-01	8.842523474084088009e-02	4.027385229455941740e-02	1.027879049428289254e-01
2.099592272726392821e+03	1.738753049727870814e-01	1.069601057484556167e-01	2.990954698467496731e-01	1.884405613091743037e-01	8.846876133595001079e-02	4.030979398731596164e-02	1.028500027991758881e-01
2.104430042940048224e+03	1.736484281253885542e-01	1.068001595395210168e-01	2.992427840596444955e-01	1.885393312011512390e-01	8.851205185293338495e-02	4.034555458500131697e-02	1.029116906359685696e-01
2.109267813153704083e+03	1.734228235736909873e-01	1.066411112021533325e-01	2.993892891303963077e-01	1.886375626720064036e-01	8.855510759587525982e-02	4.038113472085903127e-02	1.029729711046272062e-01
2.114105583367359031e+03	1.731984841538940778e-01	1.064829556704428165e-01	2.995349897067243750e-01	1.887352587383359648e-01	8.859792986138599613e-02	4.041653503053654894e-02	1.030338468382887007e-01
2.118943353581013525e+03	1.729754027428313523e-01	1.063256879073517513e-01	2.996798904079455705e-01	1.888324223988908646e-01	8.864051993865339207e-02	4.045175615198149527e-02	1.030943204519540468e-01
2.123781123794669384e+03	1.727535722577356880e-01	1.061693029045460562e-01	2.998239958251553983e-01	1.889290566347038014e-01	8.868287910949330943e-02	4.048679872533992447e-02	1.031543945426343228e-01
2.128618894008324787e+03	1.725329856560059993e-01	1.060137956822278932e-01	2.999673105214082369e-01	1.890251644092148520e-01	8.872500864839981405e-02	4.052166339285648289e-02	1.032140716894951737e-01
2.133456664221980191e+03	1.723136359349755620e-01	1.058591612889693556e-01	3.001098390318971409e-01	1.891207486683955385e-01	8.876690982259444196e-02	4.055635079877648042e-02	1.032733544539999326e-01
2.138294434435635139e+03	1.720955161316815585e-01	1.057053948015471145e-01	3.002515858641320867e-01	1.892158123408714532e-01	8.880858389207509085e-02	4.059086158924980758e-02	1.033322453800512158e-01
2.143132204649290543e+03	1.718786193226361503e-01	1.055524913247781610e-01	3.003925554981184964e-01	1.893103583380434385e-01	8.885003210966416209e-02	4.062519641223675398e-02	1.033907469941311857e-01
2.147969974862945492e+03	1.716629386235987709e-01	1.054004459913564229e-01	3.005327523865337080e-01	1.894043895542073253e-01	8.889125572105623097e-02	4.065935591741549893e-02	1.034488618054403286e-01
2.152807745076601350e+03	1.714484671893500012e-01	1.052492539616904782e-01	3.006721809549037783e-01	1.894979088666723377e-01	8.893225596486509232e-02	4.069334075609153806e-02	1.035065923060350251e-01
2.157645515290255844e+03	1.712351982134667217e-01	1.050989104237422395e-01	3.008108456017786203e-01	1.895909191358781665e-01	8.897303407267023734e-02	4.072715158110872674e-02	1.035639409709635944e-01
2.162483285503912157e+03	1.710231249280985133e-01	1.049494105928665960e-01	3.009487506989064753e-01	1.896834232055106817e-01	8.901359126906294161e-02	4.076078904676208592e-02	1.036209102584010472e-01
2.167321055717567106e+03	1.708122406037454744e-01	1.048007497116520415e-01	3.010859005914078290e-01	1.897754239026165080e-01	8.905392877169157617e-02	4.079425380871230800e-02	1.036775026097825486e-01
2.172158825931222509e+03	1.706025385490375912e-01	1.046529230497623558e-01	3.012222995979480511e-01	1.898669240377161838e-01	8.909404779130665475e-02	4.082754652390190031e-02	1.037337204499355764e-01
2.176996596144877003e+03	1.703940121105149974e-01	1.045059259037790927e-01	3.013579520109090915e-01	1.899579264049161276e-01	8.913394953180532598e-02	4.086066785047293842e-02	1.037895661872107189e-01
2.181834366358532861e+03	1.701866546724099538e-01	1.043597535970451351e-01	3.014928620965606210e-01	1.900484337820196601e-01	8.917363519027525498e-02	4.089361844768646392e-02	1.038450422136112383e-01
2.186672136572187810e+03	1.699804596564298831e-01	1.042144014795091805e-01	3.016270340952299511e-01	1.901384489306362779e-01	8.921310595703819957e-02	4.092639897584345043e-02	1.039001509049213984e-01
2.191509906785843214e+03	1.697754205215419032e-01	1.040698649275712123e-01	3.017604722214710655e-01	1.902279745962904278e-01	8.925236301569300368e-02	4.095901009620727534e-02	1.039548946208334879e-01
2.196347676999498617e+03	1.695715307637584435e-01	1.039261393439288028e-01	3.018931806642326521e-01	1.903170135085288373e-01	8.929140754315824380e-02	4.099145247092775973e-02	1.040092757050736366e-01
2.201185447213154021e+03	1.693687839159243314e-01	1.037832201574244856e-01	3.020251635870254137e-01	1.904055683810267074e-01	8.933024070971433417e-02	4.102372676296669324e-02	1.040632964855264242e-01
2.206023217426809424e+03	1.691671735475049898e-01	1.036411028228939463e-01	3.021564251280882130e-01	1.904936419116928792e-01	8.936886367904528505e-02	4.105583363602481606e-02	1.041169592743582811e-01
2.210860987640464373e+03	1.689666932643760222e-01	1.034997828210151849e-01	3.022869694005531627e-01	1.905812367827740550e-01	8.940727760828001691e-02	4.108777375447028590e-02	1.041702663681396829e-01
2.215698757854119776e+03	1.687673367086140186e-01	1.033592556581586219e-01	3.024168004926099940e-01	1.906683556609578556e-01	8.944548364803320273e-02	4.111954778326851884e-02	1.042232200479661641e-01
2.220536528067775180e+03	1.685690975582886941e-01	1.032195168662380230e-01	3.025459224676691483e-01	1.907550011974749049e-01	8.948348294244584666e-02	4.115115638791345953e-02	1.042758225795782367e-01
2.225374298281430583e+03	1.683719695272559436e-01	1.030805620025624647e-01	3.026743393645243141e-01	1.908411760281999436e-01	8.952127662922534923e-02	4.118260023436023237e-02	1.043280762134800588e-01
2.230212068495085077e+03	1.681759463649525610e-01	1.029423866496890494e-01	3.028020551975134089e-01	1.909268827737518881e-01	8.955886583968519776e-02	4.121387998895911786e-02	1.043799831850570625e-01
2.235049838708740936e+03	1.679810218561919866e-01	1.028049864152765919e-01	3.029290739566790625e-01	1.910121240395930842e-01	8.959625169878435158e-02	4.124499631839088909e-02	1.044315457146923753e-01
2.239887608922396339e+03	1.677871898209611079e-01	1.026683569319402356e-01	3.030553996079277113e-01	1.910969024161273677e-01	8.963343532516621082e-02	4.127594988960345268e-02	1.044827660078822273e-01
2.244725379136052197e+03	1.675944441142186714e-01	1.025324938571068462e-01	3.031810360931880832e-01	1.911812204787975145e-01	8.967041783119727993e-02	4.130674136974973182e-02	1.045336462553502072e-01
2.249563149349706237e+03	1.674027786256943873e-01	1.023973928728713484e-01	3.033059873305683496e-01	1.912650807881816073e-01	8.970720032300535940e-02	4.133737142612688154e-02	1.045841886331604215e-01
2.254400919563362095e+03	1.672121872796896447e-01	1.022630496858539101e-01	3.034302572145124999e-01	1.913484858900884877e-01	8.974378390051748755e-02	4.136784072611669749e-02	1.046343953028296136e-01
2.259238689777017044e+03	1.670226640348793368e-01	1.021294600270580138e-01	3.035538496159554955e-01	1.914314383156524024e-01	8.978016965749760492e-02	4.139814993712725294e-02	1.046842684114382555e-01
2.264076459990672902e+03	1.668342028841145741e-01	1.019966196517293616e-01	3.036767683824776465e-01	1.915139405814268447e-01	8.981635868158367730e-02	4.142829972653577775e-02	1.047338100917405146e-01
