1.001418434226643626e+03	2.777618086910447204e-01	1.823925734964824408e-01	2.342592808550680306e-01	1.399874185206050337e-01	6.840811119161675780e-02	2.724694255400908829e-02	6.994386469078262003e-02
1.002869765290740247e+03	2.774855421693405155e-01	1.822579681669670715e-01	2.344071301880764346e-01	1.400734212078024454e-01	6.849821339148789989e-02	2.724694255400908829e-02	7.003078232192526398e-02
1.004321096354836754e+03	2.772097875464685224e-01	1.821235757756104745e-01	2.345544036968398027e-01	1.401597253721593994e-01	6.858816819339194626e-02	2.724694255400908829e-02	7.011739686112944403e-02
1.005772427418933376e+03	2.769345436866306742e-01	1.819893959438837194e-01	2.347011112003868361e-01	1.402463199365197588e-01	6.867797583328837108e-02	2.724694255400908829e-02	7.020371084489028524e-02
1.007223758483029997e+03	2.766598094616329884e-01	1.818554282943829759e-01	2.348472622828682854e-01	1.403331940935406141e-01	6.876763654673234694e-02	2.724694255400908829e-02	7.028972676644246187e-02
1.008675089547126618e+03	2.763855837507357416e-01	1.817216724508182446e-01	2.349928662992118167e-01	1.404203372992479659e-01	6.885715056887577179e-02	2.724694255400908829e-02	7.037544707671020139e-02
1.010126420611223239e+03	2.761118654405060324e-01	1.815881280380018947e-01	2.351379323806416233e-01	1.405077392667465619e-01	6.894651813446830979e-02	2.724694255400908829e-02	7.046087418523534762e-02
1.011577751675319632e+03	2.758386534246746180e-01	1.814547946818376167e-01	2.352824694400658667e-01	1.405953899600797530e-01	6.903573947785843212e-02	2.724694255400908829e-02	7.054601046108345541e-02
1.013029082739416367e+03	2.755659466039954708e-01	1.813216720093098200e-01	2.354264861773350537e-01	1.406832795882361209e-01	6.912481483299433294e-02	2.724694255400908829e-02	7.063085823372888816e-02
1.014480413803512761e+03	2.752937438861094988e-01	1.811887596484726970e-01	2.355699910843742917e-01	1.407713985992991301e-01	6.921374443342499794e-02	2.724694255400908829e-02	7.071541979391909871e-02
1.015931744867609382e+03	2.750220441854105968e-01	1.810560572284400649e-01	2.357129924501928375e-01	1.408597376747363350e-01	6.930252851230118971e-02	2.724694255400908829e-02	7.079969739451874577e-02
1.017383075931706003e+03	2.747508464229153624e-01	1.809235643793750681e-01	2.358554983657737136e-01	1.409482877238251997e-01	6.939116730237634978e-02	2.724694255400908829e-02	7.088369325133407617e-02
1.018834406995802851e+03	2.744801495261359747e-01	1.807912807324802695e-01	2.359975167288458908e-01	1.410370398782118395e-01	6.947966103600766719e-02	2.724694255400908829e-02	7.096740954391811407e-02
1.020285738059899245e+03	2.742099524289557944e-01	1.806592059199878253e-01	2.361390552485423955e-01	1.411259854865997143e-01	6.956800994515699443e-02	2.724694255400908829e-02	7.105084841635701809e-02
1.021737069123995752e+03	2.739402540715081269e-01	1.805273395751498533e-01	2.362801214499467284e-01	1.412151161095652196e-01	6.965621426139176342e-02	2.724694255400908829e-02	7.113401197803803644e-02
1.023188400188092373e+03	2.736710534000575401e-01	1.803956813322291075e-01	2.364207226785304816e-01	1.413044235144969851e-01	6.974427421588601239e-02	2.724694255400908829e-02	7.121690230439964298e-02
1.024639731252188767e+03	2.734023493668844007e-01	1.802642308264897075e-01	2.365608661044843741e-01	1.413938996706559093e-01	6.983219003942127412e-02	2.724694255400908829e-02	7.129952143766411787e-02
1.026091062316285615e+03	2.731341409301718537e-01	1.801329876941880903e-01	2.367005587269457867e-01	1.414835367443534053e-01	6.991996196238753347e-02	2.724694255400908829e-02	7.138187138755311412e-02
1.027542393380382237e+03	2.728664270538955217e-01	1.800019515725642671e-01	2.368398073781248780e-01	1.415733270942444999e-01	7.000759021478414335e-02	2.724694255400908829e-02	7.146395413198648738e-02
1.028993724444478858e+03	2.725992067077159242e-01	1.798711220998329974e-01	2.369786187273317524e-01	1.416632632667335079e-01	7.009507502622072672e-02	2.724694255400908829e-02	7.154577161776491667e-02
1.030445055508575479e+03	2.723324788668731733e-01	1.797404989151753507e-01	2.371169992849072594e-01	1.417533379914892311e-01	7.018241662591816199e-02	2.724694255400908829e-02	7.162732576123662098e-02
1.031896386572671872e+03	2.720662425120846106e-01	1.796100816587303806e-01	2.372549554060594534e-01	1.418435441770674044e-01	7.026961524270938786e-02	2.724694255400908829e-02	7.170861844894854675e-02
1.033347717636768493e+03	2.718004966294442770e-01	1.794798699715868806e-01	2.373924932946083199e-01	1.419338749066375027e-01	7.035667110504036093e-02	2.724694255400908829e-02	7.178965153828245627e-02
1.034799048700865114e+03	2.715352402103251572e-01	1.793498634957753357e-01	2.375296190066404356e-01	1.420243234338116889e-01	7.044358444097098548e-02	2.724694255400908829e-02	7.187042685807619458e-02
1.036250379764961508e+03	2.712704722512837563e-01	1.792200618742601781e-01	2.376663384540762258e-01	1.421148831785732647e-01	7.053035547817591844e-02	2.724694255400908829e-02	7.195094620923056516e-02
1.037701710829058356e+03	2.710061917539665077e-01	1.790904647509318492e-01	2.378026574081516242e-01	1.422055477233023502e-01	7.061698444394551299e-02	2.724694255400908829e-02	7.203121136530207802e-02
1.039153041893154750e+03	2.707423977250189018e-01	1.789610717705993892e-01	2.379385815028164930e-01	1.422963108088964868e-01	7.070347156518667908e-02	2.724694255400908829e-02	7.211122407308200033e-02
1.040604372957251599e+03	2.704790891759963900e-01	1.788318825789829147e-01	2.380741162380511644e-01	1.423871663309837499e-01	7.078981706842374377e-02	2.724694255400908829e-02	7.219098605316191797e-02
1.042055704021347992e+03	2.702162651232776769e-01	1.787028968227064585e-01	2.382092669831038512e-01	1.424781083362264000e-01	7.087602117979931171e-02	2.724694255400908829e-02	7.227049900048622411e-02
1.043507035085444613e+03	2.699539245879795102e-01	1.785741141492905859e-01	2.383440389796500358e-01	1.425691310187127414e-01	7.096208412507516716e-02	2.724694255400908829e-02	7.234976458489182638e-02
1.044958366149541234e+03	2.696920665958744134e-01	1.784455342071455952e-01	2.384784373448765593e-01	1.426602287164349947e-01	7.104800612963306505e-02	2.724694255400908829e-02	7.242878445163529466e-02
1.046409697213637855e+03	2.694306901773091956e-01	1.783171566455644119e-01	2.386124670744913245e-01	1.427513959078514638e-01	7.113378741847561915e-02	2.724694255400908829e-02	7.250756022190786576e-02
1.047861028277734476e+03	2.691697943671263471e-01	1.781889811147160108e-01	2.387461330456611408e-01	1.428426272085306092e-01	7.121942821622714859e-02	2.724694255400908829e-02	7.258609349333858263e-02
1.049312359341831097e+03	2.689093782045868242e-01	1.780610072656387266e-01	2.388794400198788470e-01	1.429339173678752795e-01	7.130492874713449669e-02	2.724694255400908829e-02	7.266438584048569294e-02
1.050763690405927491e+03	2.686494407332945533e-01	1.779332347502336209e-01	2.390123926457619341e-01	1.430252612659251854e-01	7.139028923506784974e-02	2.724694255400908829e-02	7.274243881531673728e-02
1.052215021470024112e+03	2.683899810011231568e-01	1.778056632212582089e-01	2.391449954617836660e-01	1.431166539102356194e-01	7.147550990352159739e-02	2.724694255400908829e-02	7.282025394767764614e-02
1.053666352534120733e+03	2.681309980601438436e-01	1.776782923323201591e-01	2.392772528989391134e-01	1.432080904328308091e-01	7.156059097561515148e-02	2.724694255400908829e-02	7.289783274575088734e-02
1.055117683598217127e+03	2.678724909665554099e-01	1.775511217378710482e-01	2.394091692833467677e-01	1.432995660872298793e-01	7.164553267409375092e-02	2.724694255400908829e-02	7.297517669650312178e-02
1.056569014662313975e+03	2.676144587806156272e-01	1.774241510932003940e-01	2.395407488387882311e-01	1.433910762455438692e-01	7.173033522132928053e-02	2.724694255400908829e-02	7.305228726612253420e-02
1.058020345726410369e+03	2.673569005665745180e-01	1.772973800544296874e-01	2.396719956891865400e-01	1.434826163956420264e-01	7.181499883932104811e-02	2.724694255400908829e-02	7.312916590044611642e-02
1.059471676790506763e+03	2.670998153926087970e-01	1.771708082785065086e-01	2.398029138610251465e-01	1.435741821383857697e-01	7.189952374969665883e-02	2.724694255400908829e-02	7.320581402537701399e-02
1.060923007854603611e+03	2.668432023307582557e-01	1.770444354231988371e-01	2.399335072857090578e-01	1.436657691849285989e-01	7.198391017371270906e-02	2.724694255400908829e-02	7.328223304729246379e-02
1.062374338918700232e+03	2.665870604568632007e-01	1.769182611470893896e-01	2.400637798018689095e-01	1.437573733540806198e-01	7.206815833225570234e-02	2.724694255400908829e-02	7.335842435344214207e-02
1.063825669982796853e+03	2.663313888505037808e-01	1.767922851095700965e-01	2.401937351576101110e-01	1.438489905697357130e-01	7.215226844584275712e-02	2.724694255400908829e-02	7.343438931233757516e-02
1.065277001046893474e+03	2.660761865949404781e-01	1.766665069708366342e-01	2.403233770127076729e-01	1.439406168583604317e-01	7.223624073462239781e-02	2.724694255400908829e-02	7.351012927413247411e-02
1.066728332110990095e+03	2.658214527770560442e-01	1.765409263918831240e-01	2.404527089407486606e-01	1.440322483465426018e-01	7.232007541837538744e-02	2.724694255400908829e-02	7.358564557099432635e-02
1.068179663175086489e+03	2.655671864872987675e-01	1.764155430344968301e-01	2.405817344312229655e-01	1.441238812585984852e-01	7.240377271651540769e-02	2.724694255400908829e-02	7.366093951746767454e-02
1.069630994239183110e+03	2.653133868196271838e-01	1.762903565612530810e-01	2.407104568915639231e-01	1.442155119142371766e-01	7.248733284808996091e-02	2.724694255400908829e-02	7.373601241082879121e-02
1.071082325303279504e+03	2.650600528714558424e-01	1.761653666355101067e-01	2.408388796491400530e-01	1.443071367262806215e-01	7.257075603178103629e-02	2.724694255400908829e-02	7.381086553143249851e-02
1.072533656367376352e+03	2.648071837436025699e-01	1.760405729214040704e-01	2.409670059531987263e-01	1.443987521984379518e-01	7.265404248590591474e-02	2.724694255400908829e-02	7.388550014305088343e-02
1.073984987431472746e+03	2.645547785402368457e-01	1.759159750838442393e-01	2.410948389767634259e-01	1.444903549231332240e-01	7.273719242841790444e-02	2.724694255400908829e-02	7.395991749320438013e-02
1.075436318495569594e+03	2.643028363688293969e-01	1.757915727885080714e-01	2.412223818184852930e-01	1.445819415793848373e-01	7.282020607690717351e-02	2.724694255400908829e-02	7.403411881348526125e-02
1.076887649559666215e+03	2.640513563401029051e-01	1.756673657018365531e-01	2.413496375044500153e-01	1.446735089307354671e-01	7.290308364860136059e-02	2.724694255400908829e-02	7.410810531987370442e-02
1.078338980623762609e+03	2.638003375679839890e-01	1.755433534910295079e-01	2.414766089899416657e-01	1.447650538232316819e-01	7.298582536036650470e-02	2.724694255400908829e-02	7.418187821304673968e-02
1.079790311687859230e+03	2.635497791695560754e-01	1.754195358240410174e-01	2.416032991611638536e-01	1.448565731834514092e-01	7.306843142870762808e-02	2.724694255400908829e-02	7.425543867868011905e-02
1.081241642751955851e+03	2.632996802650136026e-01	1.752959123695748966e-01	2.417297108369197145e-01	1.449480640165789203e-01	7.315090206976958276e-02	2.724694255400908829e-02	7.432878788774333056e-02
1.082692973816052472e+03	2.630500399776172782e-01	1.751724827970803366e-01	2.418558467702515147e-01	1.450395234045253057e-01	7.323323749933773053e-02	2.724694255400908829e-02	7.440192699678788157e-02
1.084144304880149093e+03	2.628008574336502257e-01	1.750492467767474636e-01	2.419817096500405107e-01	1.451309485040941094e-01	7.331543793283869237e-02	2.724694255400908829e-02	7.447485714822905944e-02
1.085595635944245487e+03	2.625521317623750184e-01	1.749262039795030643e-01	2.421073021025688110e-01	1.452223365451906778e-01	7.339750358534111174e-02	2.724694255400908829e-02	7.454757947062132240e-02
1.087046967008342108e+03	2.623038620959921574e-01	1.748033540770064231e-01	2.422326266930435179e-01	1.453136848290740579e-01	7.347943467155634845e-02	2.724694255400908829e-02	7.462009507892740368e-02
1.088498298072438729e+03	2.620560475695991598e-01	1.746806967416451861e-01	2.423576859270839268e-01	1.454049907266510011e-01	7.356123140583921416e-02	2.724694255400908829e-02	7.469240507478137892e-02
1.089949629136535123e+03	2.618086873211505350e-01	1.745582316465311146e-01	2.424824822521736423e-01	1.454962516768102676e-01	7.364289400218868020e-02	2.724694255400908829e-02	7.476451054674564112e-02
1.091400960200631971e+03	2.615617804914189271e-01	1.744359584654962270e-01	2.426070180590769731e-01	1.455874651847967882e-01	7.372442267424862694e-02	2.724694255400908829e-02	7.483641257056229679e-02
1.092852291264728365e+03	2.613153262239570340e-01	1.743138768730888577e-01	2.427312956832217983e-01	1.456786288206249613e-01	7.380581763530852379e-02	2.724694255400908829e-02	7.490811220939870563e-02
1.094303622328825213e+03	2.610693236650603599e-01	1.741919865445696047e-01	2.428553174060489872e-01	1.457697402175292534e-01	7.388707909830415088e-02	2.724694255400908829e-02	7.497961051408751076e-02
1.095754953392921607e+03	2.608237719637309660e-01	1.740702871559076381e-01	2.429790854563293745e-01	1.458607970704522139e-01	7.396820727581832067e-02	2.724694255400908829e-02	7.505090852336133989e-02
1.097206284457018228e+03	2.605786702716418879e-01	1.739487783837768697e-01	2.431026020114490649e-01	1.459517971345683507e-01	7.404920238008158573e-02	2.724694255400908829e-02	7.512200726408214957e-02
1.098657615521114849e+03	2.603340177431023861e-01	1.738274599055522618e-01	2.432258691986637078e-01	1.460427382238432825e-01	7.413006462297289101e-02	2.724694255400908829e-02	7.519290775146537931e-02
1.100108946585211470e+03	2.600898135350241946e-01	1.737063313993061631e-01	2.433488890963226847e-01	1.461336182096273362e-01	7.421079421602033710e-02	2.724694255400908829e-02	7.526361098929923443e-02
1.101560277649308091e+03	2.598460568068881593e-01	1.735853925438046452e-01	2.434716637350638757e-01	1.462244350192825892e-01	7.429139137040186025e-02	2.724694255400908829e-02	7.533411797015882039e-02
1.103011608713404712e+03	2.596027467207122075e-01	1.734646430185040611e-01	2.435941950989795046e-01	1.463151866348426922e-01	7.437185629694587075e-02	2.724694255400908829e-02	7.540442967561566956e-02
1.104462939777501106e+03	2.593598824410192072e-01	1.733440825035474087e-01	2.437164851267540067e-01	1.464058710917047479e-01	7.445218920613204394e-02	2.724694255400908829e-02	7.547454707644250804e-02
1.105914270841597499e+03	2.591174631348067137e-01	1.732237106797610282e-01	2.438385357127744735e-01	1.464964864773523612e-01	7.453239030809190313e-02	2.724694255400908829e-02	7.554447113281338722e-02
1.107365601905694348e+03	2.588754879715162160e-01	1.731035272286511606e-01	2.439603487082143973e-01	1.465870309301090801e-01	7.461245981260956894e-02	2.724694255400908829e-02	7.561420279449940218e-02
1.108816932969790741e+03	2.586339561230038275e-01	1.729835318324005056e-01	2.440819259220912418e-01	1.466775026379217028e-01	7.469239792912243936e-02	2.724694255400908829e-02	7.568374300106012198e-02
1.110268264033887590e+03	2.583928667635114196e-01	1.728637241738650299e-01	2.442032691222985608e-01	1.467678998371724775e-01	7.477220486672184196e-02	2.724694255400908829e-02	7.575309268203053725e-02
1.111719595097984211e+03	2.581522190696384222e-01	1.727441039365707476e-01	2.443243800366131924e-01	1.468582208115197796e-01	7.485188083415370008e-02	2.724694255400908829e-02	7.582225275710406664e-02
1.113170926162080832e+03	2.579120122203142351e-01	1.726246708047103617e-01	2.444452603536783619e-01	1.469484638907663510e-01	7.493142603981925443e-02	2.724694255400908829e-02	7.589122413631141373e-02
1.114622257226177226e+03	2.576722453967712489e-01	1.725054244631403222e-01	2.445659117239628033e-01	1.470386274497544887e-01	7.501084069177570146e-02	2.724694255400908829e-02	7.596000772019537162e-02
1.116073588290273847e+03	2.574329177825186998e-01	1.723863645973775782e-01	2.446863357606970657e-01	1.471287099072878524e-01	7.509012499773687344e-02	2.724694255400908829e-02	7.602860439998192221e-02
1.117524919354370468e+03	2.571940285633168011e-01	1.722674908935964699e-01	2.448065340407869217e-01	1.472187097250785837e-01	7.516927916507386287e-02	2.724694255400908829e-02	7.609701505774739416e-02
1.118976250418467089e+03	2.569555769271515411e-01	1.721488030386258139e-01	2.449265081057050153e-01	1.473086254067199341e-01	7.524830340081577196e-02	2.724694255400908829e-02	7.616524056658197095e-02
1.120427581482563710e+03	2.567175620642102030e-01	1.720303007199458223e-01	2.450462594623610268e-01	1.473984554966830951e-01	7.532719791165028156e-02	2.724694255400908829e-02	7.623328179074966016e-02
1.121878912546660331e+03	2.564799831668572172e-01	1.719119836256852718e-01	2.451657895839504109e-01	1.474881985793381756e-01	7.540596290392435896e-02	2.724694255400908829e-02	7.630113958584462674e-02
1.123330243610756725e+03	2.562428394296108469e-01	1.717938514446185061e-01	2.452850999107832608e-01	1.475778532779984387e-01	7.548459858364491015e-02	2.724694255400908829e-02	7.636881479894412628e-02
1.124781574674853118e+03	2.560061300491199843e-01	1.716759038661626047e-01	2.454041918510926901e-01	1.476674182539872704e-01	7.556310515647944592e-02	2.724694255400908829e-02	7.643630826875807971e-02
1.126232905738949967e+03	2.557698542241418904e-01	1.715581405803745518e-01	2.455230667818239787e-01	1.477568922057275747e-01	7.564148282775667864e-02	2.724694255400908829e-02	7.650362082577540079e-02
1.127684236803046360e+03	2.555340111555200466e-01	1.714405612779484611e-01	2.456417260494045685e-01	1.478462738678527622e-01	7.571973180246721613e-02	2.724694255400908829e-02	7.657075329240704831e-02
1.129135567867143209e+03	2.552986000461628935e-01	1.713231656502127720e-01	2.457601709704953508e-01	1.479355620103388613e-01	7.579785228526421392e-02	2.724694255400908829e-02	7.663770648312595579e-02
1.130586898931239830e+03	2.550636201010227921e-01	1.712059533891276131e-01	2.458784028327241633e-01	1.480247554376575569e-01	7.587584448046398589e-02	2.724694255400908829e-02	7.670448120460396368e-02
1.132038229995336451e+03	2.548290705270753187e-01	1.710889241872820543e-01	2.459964228954011067e-01	1.481138529879493237e-01	7.595370859204668423e-02	2.724694255400908829e-02	7.677107825584568446e-02
1.133489561059432845e+03	2.545949505332992246e-01	1.709720777378914980e-01	2.461142323902169027e-01	1.482028535322161000e-01	7.603144482365689627e-02	2.724694255400908829e-02	7.683749842831946730e-02
1.134940892123529466e+03	2.543612593306571745e-01	1.708554137347950974e-01	2.462318325219243487e-01	1.482917559735335844e-01	7.610905337860432440e-02	2.724694255400908829e-02	7.690374250608558726e-02
1.136392223187626087e+03	2.541279961320761505e-01	1.707389318724530924e-01	2.463492244690030919e-01	1.483805592462819345e-01	7.618653445986435513e-02	2.724694255400908829e-02	7.696981126592154776e-02
1.137843554251722708e+03	2.538951601524288004e-01	1.706226318459443114e-01	2.464664093843085546e-01	1.484692623153950342e-01	7.626388827007879456e-02	2.724694255400908829e-02	7.703570547744471864e-02
1.139294885315819101e+03	2.536627506085150641e-01	1.705065133509636455e-01	2.465833883957050665e-01	1.485578641756277185e-01	7.634111501155639579e-02	2.724694255400908829e-02	7.710142590323230960e-02
1.140746216379915950e+03	2.534307667190443536e-01	1.703905760838196060e-01	2.467001626066837316e-01	1.486463638508401797e-01	7.641821488627356662e-02	2.724694255400908829e-02	7.716697329893877633e-02
1.142197547444012343e+03	2.531992077046179013e-01	1.702748197414317988e-01	2.468167330969652518e-01	1.487347603932998030e-01	7.649518809587492474e-02	2.724694255400908829e-02	7.723234841341058976e-02
1.143648878508108737e+03	2.529680727877114399e-01	1.701592440213285928e-01	2.469331009230883445e-01	1.488230528829993515e-01	7.657203484167399155e-02	2.724694255400908829e-02	7.729755198879867395e-02
1.145100209572205586e+03	2.527373611926584940e-01	1.700438486216445666e-01	2.470492671189836176e-01	1.489112404269915813e-01	7.664875532465374730e-02	2.724694255400908829e-02	7.736258476066834588e-02
1.146551540636302207e+03	2.525070721456342260e-01	1.699286332411183431e-01	2.471652326965338708e-01	1.489993221587396777e-01	7.672534974546731112e-02	2.724694255400908829e-02	7.742744745810690998e-02
1.148002871700398828e+03	2.522772048746389495e-01	1.698135975790901198e-01	2.472809986461207421e-01	1.490872972374831240e-01	7.680181830443853774e-02	2.724694255400908829e-02	7.749214080382892111e-02
1.149454202764495449e+03	2.520477586094824751e-01	1.696987413354993646e-01	2.473965659371579473e-01	1.491751648476187520e-01	7.687816120156261424e-02	2.724694255400908829e-02	7.755666551427925492e-02
1.150905533828591842e+03	2.518187325817689004e-01	1.695840642108825680e-01	2.475119355186117531e-01	1.492629241980965304e-01	7.695437863650668453e-02	2.724694255400908829e-02	7.762102229973388834e-02
1.152356864892688463e+03	2.515901260248815663e-01	1.694695659063710225e-01	2.476271083195088485e-01	1.493505745218297598e-01	7.703047080861046003e-02	2.724694255400908829e-02	7.768521186439868165e-02
1.153808195956785084e+03	2.513619381739680136e-01	1.693552461236884632e-01	2.477420852494318371e-01	1.494381150751193099e-01	7.710643791688687188e-02	2.724694255400908829e-02	7.774923490650587077e-02
1.155259527020881706e+03	2.511341682659257724e-01	1.692411045651490420e-01	2.478568671990027117e-01	1.495255451370916255e-01	7.718228016002258440e-02	2.724694255400908829e-02	7.781309211840864437e-02
1.156710858084978327e+03	2.509068155393883170e-01	1.691271409336549403e-01	2.479714550403546991e-01	1.496128640091500817e-01	7.725799773637873069e-02	2.724694255400908829e-02	7.787678418667368097e-02
1.158162189149074720e+03	2.506798792347110227e-01	1.690133549326943152e-01	2.480858496275925584e-01	1.497000710144394398e-01	7.733359084399135663e-02	2.724694255400908829e-02	7.794031179217171534e-02
1.159613520213171569e+03	2.504533585939580087e-01	1.688997462663392735e-01	2.482000517972416942e-01	1.497871654973230438e-01	7.740905968057219810e-02	2.724694255400908829e-02	7.800367561016623152e-02
1.161064851277267962e+03	2.502272528608885382e-01	1.687863146392435398e-01	2.483140623686865278e-01	1.498741468228725060e-01	7.748440444350916667e-02	2.724694255400908829e-02	7.806687631040022668e-02
1.162516182341364356e+03	2.500015612809441401e-01	1.686730597566405143e-01	2.484278821445980445e-01	1.499610143763696057e-01	7.755962532986694635e-02	2.724694255400908829e-02	7.812991455718121259e-02
1.163967513405461204e+03	2.497762831012362850e-01	1.685599813243412182e-01	2.485415119113509874e-01	1.500477675628199559e-01	7.763472253638764586e-02	2.724694255400908829e-02	7.819279100946441297e-02
1.165418844469557826e+03	2.495514175705334792e-01	1.684470790487321568e-01	2.486549524394310318e-01	1.501344058064782716e-01	7.770969625949138149e-02	2.724694255400908829e-02	7.825550632093419834e-02
1.166870175533654447e+03	2.493269639392493853e-01	1.683343526367733212e-01	2.487682044838320228e-01	1.502209285503850744e-01	7.778454669527685994e-02	2.724694255400908829e-02	7.831806114008384168e-02
1.168321506597751068e+03	2.491029214594309427e-01	1.682218017959962730e-01	2.488812687844434712e-01	1.503073352559142761e-01	7.785927403952194736e-02	2.724694255400908829e-02	7.838045611029362258e-02
1.169772837661847461e+03	2.488792893847466270e-01	1.681094262345020907e-01	2.489941460664286399e-01	1.503936254023316155e-01	7.793387848768429382e-02	2.724694255400908829e-02	7.844269186990732168e-02
1.171224168725944082e+03	2.486560669704750148e-01	1.679972256609593706e-01	2.491068370405935262e-01	1.504797984863637250e-01	7.800836023490188842e-02	2.724694255400908829e-02	7.850476905230702185e-02
1.172675499790040703e+03	2.484332534734937648e-01	1.678851997846024235e-01	2.492193424037468796e-01	1.505658540217772179e-01	7.808271947599368379e-02	2.724694255400908829e-02	7.856668828598657728e-02
1.174126830854137097e+03	2.482108481522685983e-01	1.677733483152291927e-01	2.493316628390512546e-01	1.506517915389680440e-01	7.815695640546017897e-02	2.724694255400908829e-02	7.862845019462330609e-02
1.175578161918233945e+03	2.479888502668425032e-01	1.676616709631994773e-01	2.494437990163657359e-01	1.507376105845605052e-01	7.823107121748394677e-02	2.724694255400908829e-02	7.869005539714839237e-02
1.177029492982330339e+03	2.477672590788253804e-01	1.675501674394329343e-01	2.495557515925802550e-01	1.508233107210158463e-01	7.830506410593029987e-02	2.724694255400908829e-02	7.875150450781580325e-02
1.178480824046426733e+03	2.475460738513836911e-01	1.674388374554073577e-01	2.496675212119416343e-01	1.509088915262502828e-01	7.837893526434780433e-02	2.724694255400908829e-02	7.881279813626976272e-02
1.179932155110523581e+03	2.473252938492304098e-01	1.673276807231567076e-01	2.497791085063719441e-01	1.509943525932618269e-01	7.845268488596884859e-02	2.724694255400908829e-02	7.887393688761082378e-02
1.181383486174620202e+03	2.471049183386151149e-01	1.672166969552693339e-01	2.498905140957788096e-01	1.510796935297663568e-01	7.852631316371029568e-02	2.724694255400908829e-02	7.893492136246066382e-02
1.182834817238716823e+03	2.468849465873143578e-01	1.671058858648861722e-01	2.500017385883583909e-01	1.511649139578421230e-01	7.859982029017399674e-02	2.724694255400908829e-02	7.899575215702557551e-02
1.184286148302813444e+03	2.466653778646222261e-01	1.669952471656989124e-01	2.501127825808907024e-01	1.512500135135828871e-01	7.867320645764737386e-02	2.724694255400908829e-02	7.905642986315851439e-02
1.185737479366910065e+03	2.464462114413409899e-01	1.668847805719483046e-01	2.502236466590280761e-01	1.513349918467591371e-01	7.874647185810398908e-02	2.724694255400908829e-02	7.911695506842011949e-02
1.187188810431006686e+03	2.462274465897720532e-01	1.667744857984222728e-01	2.503343313975763262e-01	1.514198486204875183e-01	7.881961668320414116e-02	2.724694255400908829e-02	7.917732835613830455e-02
1.188640141495103080e+03	2.460090825837070172e-01	1.666643625604542767e-01	2.504448373607690015e-01	1.515045835109081196e-01	7.889264112429540676e-02	2.724694255400908829e-02	7.923755030546678069e-02
1.190091472559199701e+03	2.457911186984189922e-01	1.665544105739215075e-01	2.505551651025351712e-01	1.515891962068693644e-01	7.896554537241323724e-02	2.724694255400908829e-02	7.929762149144231609e-02
1.191542803623296322e+03	2.455735542106539659e-01	1.664446295552432509e-01	2.506653151667604940e-01	1.516736864096204507e-01	7.903832961828147208e-02	2.724694255400908829e-02	7.935754248504094110e-02
1.192994134687392716e+03	2.453563883986224492e-01	1.663350192213791656e-01	2.507752880875419033e-01	1.517580538325112582e-01	7.911099405231293569e-02	2.724694255400908829e-02	7.941731385323291814e-02
1.194445465751489564e+03	2.451396205419912044e-01	1.662255792898275075e-01	2.508850843894361304e-01	1.518422982006990551e-01	7.918353886460999247e-02	2.724694255400908829e-02	7.947693615903676789e-02
1.195896796815585958e+03	2.449232499218752523e-01	1.661163094786235472e-01	2.509947045877021221e-01	1.519264192508625877e-01	7.925596424496514358e-02	2.724694255400908829e-02	7.953640996157206045e-02
1.197348127879682352e+03	2.447072758208297949e-01	1.660072095063379605e-01	2.511041491885374621e-01	1.520104167309227206e-01	7.932827038286152654e-02	2.724694255400908829e-02	7.959573581611126269e-02
1.198799458943779200e+03	2.444916975228426659e-01	1.658982790920751071e-01	2.512134186893090759e-01	1.520942903997697382e-01	7.940045746747352584e-02	2.724694255400908829e-02	7.965491427413060044e-02
1.200250790007875821e+03	2.442765143133265593e-01	1.657895179554714216e-01	2.513225135787783837e-01	1.521780400269973077e-01	7.947252568766730030e-02	2.724694255400908829e-02	7.971394588335979636e-02
1.201702121071972442e+03	2.440617254791116186e-01	1.656809258166938026e-01	2.514314343373205696e-01	1.522616653926426034e-01	7.954447523200129655e-02	2.724694255400908829e-02	7.977283118783091986e-02
1.203153452136069063e+03	2.438473303084380539e-01	1.655725023964380316e-01	2.515401814371387990e-01	1.523451662869327039e-01	7.961630628872691517e-02	2.724694255400908829e-02	7.983157072792626541e-02
1.204604783200165684e+03	2.436333280909490917e-01	1.654642474159272181e-01	2.516487553424731627e-01	1.524285425100370683e-01	7.968801904578894091e-02	2.724694255400908829e-02	7.989016504042531497e-02
1.206056114264262078e+03	2.434197181176837865e-01	1.653561605969101067e-01	2.517571565098042363e-01	1.525117938718257016e-01	7.975961369082618102e-02	2.724694255400908829e-02	7.994861465855072902e-02
1.207507445328358699e+03	2.432064996810701096e-01	1.652482416616596339e-01	2.518653853880520321e-01	1.525949201916333708e-01	7.983109041117196492e-02	2.724694255400908829e-02	8.000692011201357423e-02
1.208958776392455093e+03	2.429936720749182877e-01	1.651404903329713736e-01	2.519734424187696775e-01	1.526779212980292066e-01	7.990244939385471312e-02	2.724694255400908829e-02	8.006508192705749649e-02
1.210410107456551941e+03	2.427812345944139472e-01	1.650329063341618996e-01	2.520813280363323750e-01	1.527607970285917993e-01	7.997369082559847853e-02	2.724694255400908829e-02	8.012310062650218612e-02
1.211861438520648335e+03	2.425691865361117028e-01	1.649254893890673979e-01	2.521890426681221986e-01	1.528435472296899023e-01	8.004481489282350148e-02	2.724694255400908829e-02	8.018097672978601043e-02
1.213312769584745183e+03	2.423575271979287182e-01	1.648182392220420567e-01	2.522965867347076174e-01	1.529261717562679646e-01	8.011582178164672330e-02	2.724694255400908829e-02	8.023871075300770261e-02
1.214764100648841804e+03	2.421462558791383779e-01	1.647111555579565678e-01	2.524039606500190769e-01	1.530086704716370205e-01	8.018671167788235521e-02	2.724694255400908829e-02	8.029630320896742612e-02
1.216215431712937971e+03	2.419353718803640696e-01	1.646042381221967388e-01	2.525111648215200288e-01	1.530910432472706029e-01	8.025748476704240575e-02	2.724694255400908829e-02	8.035375460720696472e-02
1.217666762777034819e+03	2.417248745035732171e-01	1.644974866406619385e-01	2.526181996503740201e-01	1.531732899626053190e-01	8.032814123433722198e-02	2.724694255400908829e-02	8.041106545404912154e-02
1.219118093841131440e+03	2.415147630520710909e-01	1.643909008397635985e-01	2.527250655316072847e-01	1.532554105048462845e-01	8.039868126467604459e-02	2.724694255400908829e-02	8.046823625263647972e-02
1.220569424905228061e+03	2.413050368304952009e-01	1.642844804464237973e-01	2.528317628542677276e-01	1.533374047687771080e-01	8.046910504266753528e-02	2.724694255400908829e-02	8.052526750296935820e-02
1.222020755969324682e+03	2.410956951448093299e-01	1.641782251880739008e-01	2.529382920015794678e-01	1.534192726565746234e-01	8.053941275262029020e-02	2.724694255400908829e-02	8.058215970194310129e-02
1.223472087033421303e+03	2.408867373022980374e-01	1.640721347926529516e-01	2.530446533510940510e-01	1.535010140776276732e-01	8.060960457854339511e-02	2.724694255400908829e-02	8.063891334338461891e-02
1.224923418097517697e+03	2.406781626115609696e-01	1.639662089886063934e-01	2.531508472748376648e-01	1.535826289483604445e-01	8.067968070414695270e-02	2.724694255400908829e-02	8.069552891808831618e-02
1.226374749161614318e+03	2.404699703825074197e-01	1.638604475048845988e-01	2.532568741394546907e-01	1.536641171920600513e-01	8.074964131284259605e-02	2.724694255400908829e-02	8.075200691385130136e-02
1.227826080225710712e+03	2.402621599263510543e-01	1.637548500709414268e-01	2.533627343063480919e-01	1.537454787387079747e-01	8.081948658774409933e-02	2.724694255400908829e-02	8.080834781550799706e-02
1.229277411289807560e+03	2.400547305556045008e-01	1.636494164167329735e-01	2.534684281318154708e-01	1.538267135248158057e-01	8.088921671166776628e-02	2.724694255400908829e-02	8.086455210496408530e-02
1.230728742353903954e+03	2.398476815840742127e-01	1.635441462727160455e-01	2.535739559671827958e-01	1.539078214932646238e-01	8.095883186713311030e-02	2.724694255400908829e-02	8.092062026122981422e-02
1.232180073418000802e+03	2.396410123268554737e-01	1.634390393698467725e-01	2.536793181589340751e-01	1.539888025931483440e-01	8.102833223636324300e-02	2.724694255400908829e-02	8.097655276045280515e-02
1.233631404482097196e+03	2.394347221003271797e-01	1.633340954395793576e-01	2.537845150488378665e-01	1.540696567796208116e-01	8.109771800128548480e-02	2.724694255400908829e-02	8.103235007595004091e-02
1.235082735546193817e+03	2.392288102221470092e-01	1.632293142138646624e-01	2.538895469740711786e-01	1.541503840137464221e-01	8.116698934353189232e-02	2.724694255400908829e-02	8.108801267823957659e-02
1.236534066610290438e+03	2.390232760112466492e-01	1.631246954251489023e-01	2.539944142673396521e-01	1.542309842623544314e-01	8.123614644443970245e-02	2.724694255400908829e-02	8.114354103507141758e-02
1.237985397674387059e+03	2.388181187878268830e-01	1.630202388063721752e-01	2.540991172569951329e-01	1.543114574978965980e-01	8.130518948505194299e-02	2.724694255400908829e-02	8.119893561145800909e-02
1.239436728738483680e+03	2.386133378733530097e-01	1.629159440909672962e-01	2.542036562671501354e-01	1.543918036983082942e-01	8.137411864611790446e-02	2.724694255400908829e-02	8.125419686970410116e-02
1.240888059802580301e+03	2.384089325905501822e-01	1.628118110128584095e-01	2.543080316177895872e-01	1.544720228468728362e-01	8.144293410809366751e-02	2.724694255400908829e-02	8.130932526943610017e-02
1.242339390866676695e+03	2.382049022633988544e-01	1.627078393064596562e-01	2.544122436248796304e-01	1.545521149320891185e-01	8.151163605114261634e-02	2.724694255400908829e-02	8.136432126763093464e-02
1.243790721930773088e+03	2.380012462171302301e-01	1.626040287066739254e-01	2.545162926004738702e-01	1.546320799475424668e-01	8.158022465513597998e-02	2.724694255400908829e-02	8.141918531864436592e-02
1.245242052994869937e+03	2.377979637782220157e-01	1.625003789488914940e-01	2.546201788528169585e-01	1.547119178917782667e-01	8.164870009965330411e-02	2.724694255400908829e-02	8.147391787423885479e-02
1.246693384058966330e+03	2.375950542743940908e-01	1.623968897689887780e-01	2.547239026864452360e-01	1.547916287681790071e-01	8.171706256398297841e-02	2.724694255400908829e-02	8.152851938361087292e-02
1.248144715123063179e+03	2.373925170346040392e-01	1.622935609033270832e-01	2.548274644022854307e-01	1.548712125848439036e-01	8.178531222712277782e-02	2.724694255400908829e-02	8.158299029341778419e-02
1.249596046187159800e+03	2.371903513890431525e-01	1.621903920887512729e-01	2.549308642977505257e-01	1.549506693544714653e-01	8.185344926778034824e-02	2.724694255400908829e-02	8.163733104780432348e-02
1.251047377251256421e+03	2.369885566691322387e-01	1.620873830625884915e-01	2.550341026668331845e-01	1.550299990942450024e-01	8.192147386437373391e-02	2.724694255400908829e-02	8.169154208842845100e-02
1.252498708315352815e+03	2.367871322075175144e-01	1.619845335626470817e-01	2.551371798001969560e-01	1.551092018257207994e-01	8.198938619503186309e-02	2.724694255400908829e-02	8.174562385448694291e-02
1.253950039379449436e+03	2.365860773380665805e-01	1.618818433272150581e-01	2.552400959852653695e-01	1.551882775747186471e-01	8.205718643759506159e-02	2.724694255400908829e-02	8.179957678274044075e-02
1.255401370443546057e+03	2.363853913958645359e-01	1.617793120950591357e-01	2.553428515063083104e-01	1.552672263712155110e-01	8.212487476961556621e-02	2.724694255400908829e-02	8.185340130753809840e-02
1.256852701507642678e+03	2.361850737172100090e-01	1.616769396054233143e-01	2.554454466445267302e-01	1.553460482492412531e-01	8.219245136835803822e-02	2.724694255400908829e-02	8.190709786084184041e-02
1.258304032571739299e+03	2.359851236396114660e-01	1.615747255980277408e-01	2.555478816781347473e-01	1.554247432467770751e-01	8.225991641080006300e-02	2.724694255400908829e-02	8.196066687225016245e-02
1.259755363635835920e+03	2.357855405017832140e-01	1.614726698130674876e-01	2.556501568824400827e-01	1.555033114056562915e-01	8.232727007363263572e-02	2.724694255400908829e-02	8.201410876902158475e-02
1.261206694699932314e+03	2.355863236436418207e-01	1.613707719912112759e-01	2.557522725299223865e-01	1.555817527714675186e-01	8.239451253326066094e-02	2.724694255400908829e-02	8.206742397609767536e-02
1.262658025764028707e+03	2.353874724063023671e-01	1.612690318736003381e-01	2.558542288903093986e-01	1.556600673934600831e-01	8.246164396580350775e-02	2.724694255400908829e-02	8.212061291612574032e-02
1.264109356828125556e+03	2.351889861320749231e-01	1.611674492018471960e-01	2.559560262306511680e-01	1.557382553244517354e-01	8.252866454709542610e-02	2.724694255400908829e-02	8.217367600948104200e-02
1.265560687892221949e+03	2.349908641644608276e-01	1.610660237180345233e-01	2.560576648153927160e-01	1.558163166207385542e-01	8.259557445268612963e-02	2.724694255400908829e-02	8.222661367428880930e-02
1.267012018956318798e+03	2.347931058481493305e-01	1.609647551647138408e-01	2.561591449064445358e-01	1.558942513420069065e-01	8.266237385784119818e-02	2.724694255400908829e-02	8.227942632644572041e-02
1.268463350020415419e+03	2.345957105290139566e-01	1.608636432849044617e-01	2.562604667632515931e-01	1.559720595512477104e-01	8.272906293754268836e-02	2.724694255400908829e-02	8.233211437964114976e-02
1.269914681084511813e+03	2.343986775541092027e-01	1.607626878220922706e-01	2.563616306428601610e-01	1.560497413146723911e-01	8.279564186648953605e-02	2.724694255400908829e-02	8.238467824537804018e-02
1.271366012148608434e+03	2.342020062716670958e-01	1.606618885202285296e-01	2.564626367999833234e-01	1.561272967016311686e-01	8.286211081909808374e-02	2.724694255400908829e-02	8.243711833299342817e-02
1.272817343212705055e+03	2.340056960310938072e-01	1.605612451237287686e-01	2.565634854870647574e-01	1.562047257845331494e-01	8.292846996950258009e-02	2.724694255400908829e-02	8.248943504967864992e-02
1.274268674276801676e+03	2.338097461829664603e-01	1.604607573774716189e-01	2.566641769543405727e-01	1.562820286387681945e-01	8.299471949155565187e-02	2.724694255400908829e-02	8.254162880049920048e-02
1.275720005340898297e+03	2.336141560790298000e-01	1.603604250267976483e-01	2.567647114499002625e-01	1.563592053426308692e-01	8.306085955882880345e-02	2.724694255400908829e-02	8.259369998841434302e-02
1.277171336404994690e+03	2.334189250721930564e-01	1.602602478175083056e-01	2.568650892197449909e-01	1.564362559772460581e-01	8.312689034461293036e-02	2.724694255400908829e-02	8.264564901429638510e-02
1.278622667469091539e+03	2.332240525165266698e-01	1.601602254958646165e-01	2.569653105078458788e-01	1.565131806264963010e-01	8.319281202191876334e-02	2.724694255400908829e-02	8.269747627694955250e-02
1.280073998533187932e+03	2.330295377672592372e-01	1.600603578085862122e-01	2.570653755561991827e-01	1.565899793769510162e-01	8.325862476347738184e-02	2.724694255400908829e-02	8.274918217312871027e-02
1.281525329597284326e+03	2.328353801807744039e-01	1.599606445028501356e-01	2.571652846048814167e-01	1.566666523177973058e-01	8.332432874174071358e-02	2.724694255400908829e-02	8.280076709755777864e-02
1.282976660661381175e+03	2.326415791146078105e-01	1.598610853262897591e-01	2.572650378921020886e-01	1.567431995407723433e-01	8.338992412888199257e-02	2.724694255400908829e-02	8.285223144294773245e-02
1.284427991725477568e+03	2.324481339274440672e-01	1.597616800269937021e-01	2.573646356542558244e-01	1.568196211400974260e-01	8.345541109679625869e-02	2.724694255400908829e-02	8.290357560001447579e-02
1.285879322789574417e+03	2.322550439791137844e-01	1.596624283535045818e-01	2.574640781259724398e-01	1.568959172124137214e-01	8.352078981710082950e-02	2.724694255400908829e-02	8.295479995749638347e-02
1.287330653853671038e+03	2.320623086305905747e-01	1.595633300548181255e-01	2.575633655401664557e-01	1.569720878567192890e-01	8.358606046113578603e-02	2.724694255400908829e-02	8.300590490217157891e-02
1.288781984917767431e+03	2.318699272439882220e-01	1.594643848803818376e-01	2.576624981280846716e-01	1.570481331743077413e-01	8.365122319996447231e-02	2.724694255400908829e-02	8.305689081887490666e-02
1.290233315981864052e+03	2.316778991825577672e-01	1.593655925800941675e-01	2.577614761193529613e-01	1.571240532687083469e-01	8.371627820437393952e-02	2.724694255400908829e-02	8.310775809051472451e-02
