1.001418434226643626e+03	2.775099458365505312e-01	1.827469629082588698e-01	2.341751746079677177e-01	1.399871236374066463e-01	6.860732681328519933e-02	2.706328609459416820e-02	6.991018010154270712e-02
1.002869765290740247e+03	2.772187763502881319e-01	1.826297560750795856e-01	2.343156464344896550e-01	1.400737976749547864e-01	6.870736528250638575e-02	2.706328609459416820e-02	6.999137208769312668e-02
1.004321096354836754e+03	2.769281651114363640e-01	1.825127277397415315e-01	2.344555532938332465e-01	1.401608514149446372e-01	6.880724770086711628e-02	2.706328609459416820e-02	7.007216864418870650e-02
1.005772427418933376e+03	2.766381108506915099e-01	1.823958776035979334e-01	2.345949084295163023e-01	1.402482668459063830e-01	6.890697430837236515e-02	2.706328609459416820e-02	7.015257586692710823e-02
1.007223758483029997e+03	2.763486123093643609e-01	1.822792053689753222e-01	2.347337246433497671e-01	1.403360265447158861e-01	6.900654534463915302e-02	2.706328609459416820e-02	7.023259969396719593e-02
1.008675089547126618e+03	2.760596682390801249e-01	1.821627107391582123e-01	2.348720143099227442e-01	1.404241136576921123e-01	6.910596104889764335e-02	2.706328609459416820e-02	7.031224591026076498e-02
1.010126420611223239e+03	2.757712774014886570e-01	1.820463934183744192e-01	2.350097893906190061e-01	1.405125118823017383e-01	6.920522165999207220e-02	2.706328609459416820e-02	7.039152015223570924e-02
1.011577751675319632e+03	2.754834385679830189e-01	1.819302531117805710e-01	2.351470614471799780e-01	1.406012054494509556e-01	6.930432741638176131e-02	2.706328609459416820e-02	7.047042791223534497e-02
1.013029082739416367e+03	2.751961505194281954e-01	1.818142895254480917e-01	2.352838416548287126e-01	1.406901791063460694e-01	6.940327855614207564e-02	2.706328609459416820e-02	7.054897454281851277e-02
1.014480413803512761e+03	2.749094120458978607e-01	1.816985023663496290e-01	2.354201408149694530e-01	1.407794180999044076e-01	6.950207531696538099e-02	2.706328609459416820e-02	7.062716526092492619e-02
1.015931744867609382e+03	2.746232219464201929e-01	1.815828913423458424e-01	2.355559693674756649e-01	1.408689081606979976e-01	6.960071793616198765e-02	2.706328609459416820e-02	7.070500515190994428e-02
1.017383075931706003e+03	2.743375790287315152e-01	1.814674561621726356e-01	2.356913374025805530e-01	1.409586354874126646e-01	6.969920665066113574e-02	2.706328609459416820e-02	7.078249917345312558e-02
1.018834406995802851e+03	2.740524821090385421e-01	1.813521965354285281e-01	2.358262546723822461e-01	1.410485867318061470e-01	6.979754169701184174e-02	2.706328609459416820e-02	7.085965215934429684e-02
1.020285738059899245e+03	2.737679300117873971e-01	1.812371121725626644e-01	2.359607306019767814e-01	1.411387489841494092e-01	6.989572331138391159e-02	2.706328609459416820e-02	7.093646882315135516e-02
1.021737069123995752e+03	2.734839215694412351e-01	1.811222027848630733e-01	2.360947743002299037e-01	1.412291097591351907e-01	6.999375172956875946e-02	2.706328609459416820e-02	7.101295376177331475e-02
1.023188400188092373e+03	2.732004556222640823e-01	1.810074680844450112e-01	2.362283945702003674e-01	1.413196569822392501e-01	7.009162718698036532e-02	2.706328609459416820e-02	7.108911145888241467e-02
1.024639731252188767e+03	2.729175310181123915e-01	1.808929077842400257e-01	2.363615999192250350e-01	1.414103789765192576e-01	7.018934991865610762e-02	2.706328609459416820e-02	7.116494628825868751e-02
1.026091062316285615e+03	2.726351466122330924e-01	1.807785215979849647e-01	2.364943985686773498e-01	1.415012644498379046e-01	7.028692015925767922e-02	2.706328609459416820e-02	7.124046251702058352e-02
1.027542393380382237e+03	2.723533012670680264e-01	1.806643092402116513e-01	2.366267984634092547e-01	1.415923024824959353e-01	7.038433814307198944e-02	2.706328609459416820e-02	7.131566430875473095e-02
1.028993724444478858e+03	2.720719938520652081e-01	1.805502704262363922e-01	2.367588072808871902e-01	1.416834825152625821e-01	7.048160410401195508e-02	2.706328609459416820e-02	7.139055572654823267e-02
1.030445055508575479e+03	2.717912232434958608e-01	1.804364048721502911e-01	2.368904324400313843e-01	1.417747943377901110e-01	7.057871827561740252e-02	2.706328609459416820e-02	7.146514073592651062e-02
1.031896386572671872e+03	2.715109883242772248e-01	1.803227122948093952e-01	2.370216811097689003e-01	1.418662280774004303e-01	7.067568089105587259e-02	2.706328609459416820e-02	7.153942320769977881e-02
1.033347717636768493e+03	2.712312879838016944e-01	1.802091924118252586e-01	2.371525602173085168e-01	1.419577741882317445e-01	7.077249218312350876e-02	2.706328609459416820e-02	7.161340692072085123e-02
1.034799048700865114e+03	2.709521211177711164e-01	1.800958449415558937e-01	2.372830764561476569e-01	1.420494234407337908e-01	7.086915238424580654e-02	2.706328609459416820e-02	7.168709556455737930e-02
1.036250379764961508e+03	2.706734866280361973e-01	1.799826696030967788e-01	2.374132362938190244e-01	1.421411669115000831e-01	7.096566172647852944e-02	2.706328609459416820e-02	7.176049274208100293e-02
1.037701710829058356e+03	2.703953834224419595e-01	1.798696661162722255e-01	2.375430459793856919e-01	1.422329959734270899e-01	7.106202044150845831e-02	2.706328609459416820e-02	7.183360197197619090e-02
1.039153041893154750e+03	2.701178104146775283e-01	1.797568342016268583e-01	2.376725115506929387e-01	1.423249022861887980e-01	7.115822876065421021e-02	2.706328609459416820e-02	7.190642669117128238e-02
1.040604372957251599e+03	2.698407665241307485e-01	1.796441735804174822e-01	2.378016388413844162e-01	1.424168777870177260e-01	7.125428691486705712e-02	2.706328609459416820e-02	7.197897025719417197e-02
1.042055704021347992e+03	2.695642506757481294e-01	1.795316839746050885e-01	2.379304334876901905e-01	1.425089146817814234e-01	7.135019513473168928e-02	2.706328609459416820e-02	7.205123595045506701e-02
1.043507035085444613e+03	2.692882617998988981e-01	1.794193651068470285e-01	2.380589009349942387e-01	1.426010054363458512e-01	7.144595365046700619e-02	2.706328609459416820e-02	7.212322697645862091e-02
1.044958366149541234e+03	2.690127988322433272e-01	1.793072167004893802e-01	2.381870464441885882e-01	1.426931427682157916e-01	7.154156269192690765e-02	2.706328609459416820e-02	7.219494646794767656e-02
1.046409697213637855e+03	2.687378607136058917e-01	1.791952384795597042e-01	2.383148750978203723e-01	1.427853196384438472e-01	7.163702248860107091e-02	2.706328609459416820e-02	7.226639748698077126e-02
1.047861028277734476e+03	2.684634463898520895e-01	1.790834301687597441e-01	2.384423918060394054e-01	1.428775292437991229e-01	7.173233326961570011e-02	2.706328609459416820e-02	7.233758302694558162e-02
1.049312359341831097e+03	2.681895548117694816e-01	1.789717914934584320e-01	2.385696013123517756e-01	1.429697650091874273e-01	7.182749526373430338e-02	2.706328609459416820e-02	7.240850601451020996e-02
1.050763690405927491e+03	2.679161849349523394e-01	1.788603221796851439e-01	2.386965081991865578e-01	1.430620205803147804e-01	7.192250869935841451e-02	2.706328609459416820e-02	7.247916931151437980e-02
1.052215021470024112e+03	2.676433357196904006e-01	1.787490219541230385e-01	2.388231168932808957e-01	1.431542898165863997e-01	7.201737380452837012e-02	2.706328609459416820e-02	7.254957571680245576e-02
1.053666352534120733e+03	2.673710061308610664e-01	1.786378905441025067e-01	2.389494316708900001e-01	1.432465667842338641e-01	7.211209080692405904e-02	2.706328609459416820e-02	7.261972796800002239e-02
1.055117683598217127e+03	2.670991951378250406e-01	1.785269276775949265e-01	2.390754566628271738e-01	1.433388457496627688e-01	7.220665993386563009e-02	2.706328609459416820e-02	7.268962874323595114e-02
1.056569014662313975e+03	2.668279017143254661e-01	1.784161330832065295e-01	2.392011958593397714e-01	1.434311211730139590e-01	7.230108141231426921e-02	2.706328609459416820e-02	7.275928066281150963e-02
1.058020345726410369e+03	2.665571248383903913e-01	1.783055064901723497e-01	2.393266531148258713e-01	1.435233877019316817e-01	7.239535546887285178e-02	2.706328609459416820e-02	7.282868629081838685e-02
1.059471676790506763e+03	2.662868634922379574e-01	1.781950476283504781e-01	2.394518321523976534e-01	1.436156401655315773e-01	7.248948232978673356e-02	2.706328609459416820e-02	7.289784813670710517e-02
1.060923007854603611e+03	2.660171166621855265e-01	1.780847562282162344e-01	2.395767365682953121e-01	1.437078735685625164e-01	7.258346222094443079e-02	2.706328609459416820e-02	7.296676865680745694e-02
1.062374338918700232e+03	2.657478833385610306e-01	1.779746320208567545e-01	2.397013698361573075e-01	1.438000830857556755e-01	7.267729536787835565e-02	2.706328609459416820e-02	7.303545025580232553e-02
1.063825669982796853e+03	2.654791625156173729e-01	1.778646747379654391e-01	2.398257353111511447e-01	1.438922640563552735e-01	7.277098199576551019e-02	2.706328609459416820e-02	7.310389528815673665e-02
1.065277001046893474e+03	2.652109531914497720e-01	1.777548841118367917e-01	2.399498362339689828e-01	1.439844119788247223e-01	7.286452232942818019e-02	2.706328609459416820e-02	7.317210605950308366e-02
1.066728332110990095e+03	2.649432543679155483e-01	1.776452598753612555e-01	2.400736757346930705e-01	1.440765225057227261e-01	7.295791659333465684e-02	2.706328609459416820e-02	7.324008482798427533e-02
1.068179663175086489e+03	2.646760650505569634e-01	1.775358017620200790e-01	2.401972568365345895e-01	1.441685914387440814e-01	7.305116501159988895e-02	2.706328609459416820e-02	7.330783380555591644e-02
1.069630994239183110e+03	2.644093842485260026e-01	1.774265095058804864e-01	2.403205824594503714e-01	1.442606147239194336e-01	7.314426780798621852e-02	2.706328609459416820e-02	7.337535515924897833e-02
1.071082325303279504e+03	2.641432109745120993e-01	1.773173828415909037e-01	2.404436554236412116e-01	1.443525884469692988e-01	7.323722520590401908e-02	2.706328609459416820e-02	7.344265101239401405e-02
1.072533656367376352e+03	2.638775442446716357e-01	1.772084215043761846e-01	2.405664784529357170e-01	1.444445088288072165e-01	7.333003742841243122e-02	2.706328609459416820e-02	7.350972344580836149e-02
1.073984987431472746e+03	2.636123830785603306e-01	1.770996252300332807e-01	2.406890541780634385e-01	1.445363722211872315e-01	7.342270469821997325e-02	2.706328609459416820e-02	7.357657449894722257e-02
1.075436318495569594e+03	2.633477264990676248e-01	1.769909937549264956e-01	2.408113851398207828e-01	1.446281751024911244e-01	7.351522723768530443e-02	2.706328609459416820e-02	7.364320617102011746e-02
1.076887649559666215e+03	2.630835735323528435e-01	1.768825268159833208e-01	2.409334737921331737e-01	1.447199140736508960e-01	7.360760526881776622e-02	2.706328609459416820e-02	7.370962042207336584e-02
1.078338980623762609e+03	2.628199232077841341e-01	1.767742241506901346e-01	2.410553225050167392e-01	1.448115858542021461e-01	7.369983901327815945e-02	2.706328609459416820e-02	7.377581917404006651e-02
1.079790311687859230e+03	2.625567745578785694e-01	1.766660854970880101e-01	2.411769335674430192e-01	1.449031872784641017e-01	7.379192869237935493e-02	2.706328609459416820e-02	7.384180431175833836e-02
1.081241642751955851e+03	2.622941266182448050e-01	1.765581105937687745e-01	2.412983091901095001e-01	1.449947152918423798e-01	7.388387452708698733e-02	2.706328609459416820e-02	7.390757768395896099e-02
1.082692973816052472e+03	2.620319784275274566e-01	1.764502991798709008e-01	2.414194515081194425e-01	1.450861669472503224e-01	7.397567673802002419e-02	2.706328609459416820e-02	7.397314110422327504e-02
1.084144304880149093e+03	2.617703290273530881e-01	1.763426509950757337e-01	2.415403625835733648e-01	1.451775394016453224e-01	7.406733554545152920e-02	2.706328609459416820e-02	7.403849635191236955e-02
1.085595635944245487e+03	2.615091774622780862e-01	1.762351657796037141e-01	2.416610444080756759e-01	1.452688299126763116e-01	7.415885116930920340e-02	2.706328609459416820e-02	7.410364517306837484e-02
1.087046967008342108e+03	2.612485227797383680e-01	1.761278432742105216e-01	2.417814989051587371e-01	1.453600358354387723e-01	7.425022382917612074e-02	2.706328609459416820e-02	7.416858928128880479e-02
1.088498298072438729e+03	2.609883640300003638e-01	1.760206832201837157e-01	2.419017279326271808e-01	1.454511546193340277e-01	7.434145374429126929e-02	2.706328609459416820e-02	7.423333035857471174e-02
1.089949629136535123e+03	2.607287002661141107e-01	1.759136853593389338e-01	2.420217332848249581e-01	1.455421838050293126e-01	7.443254113355030066e-02	2.706328609459416820e-02	7.429787005615363926e-02
1.091400960200631971e+03	2.604695305438671227e-01	1.758068494340166432e-01	2.421415166948281128e-01	1.456331210215154326e-01	7.452348621550608510e-02	2.706328609459416820e-02	7.436220999527790032e-02
1.092852291264728365e+03	2.602108539217404259e-01	1.757001751870785888e-01	2.422610798365647522e-01	1.457239639832589029e-01	7.461428920836934986e-02	2.706328609459416820e-02	7.442635176799924923e-02
1.094303622328825213e+03	2.599526694608658706e-01	1.755936623619045456e-01	2.423804243268656566e-01	1.458147104874454592e-01	7.470495033000934537e-02	2.706328609459416820e-02	7.449029693792039164e-02
1.095754953392921607e+03	2.596949762249844973e-01	1.754873107023891543e-01	2.424995517274468049e-01	1.459053584113120527e-01	7.479546979795442807e-02	2.706328609459416820e-02	7.455404704092433166e-02
1.097206284457018228e+03	2.594377732804066250e-01	1.753811199529385356e-01	2.426184635468267847e-01	1.459959057095645552e-01	7.488584782939269879e-02	2.706328609459416820e-02	7.461760358588206965e-02
1.098657615521114849e+03	2.591810596959729929e-01	1.752750898584674033e-01	2.427371612421805880e-01	1.460863504118782297e-01	7.497608464117262728e-02	2.706328609459416820e-02	7.468096805533938620e-02
1.100108946585211470e+03	2.589248345430172904e-01	1.751692201643959279e-01	2.428556462211324263e-01	1.461766906204785832e-01	7.506618044980364890e-02	2.706328609459416820e-02	7.474414190618333675e-02
1.101560277649308091e+03	2.586690968953298531e-01	1.750635106166467392e-01	2.429739198434889280e-01	1.462669245077997393e-01	7.515613547145681694e-02	2.706328609459416820e-02	7.480712657028915080e-02
1.103011608713404712e+03	2.584138458291225793e-01	1.749579609616419840e-01	2.430919834229152143e-01	1.463570503142180290e-01	7.524594992196534382e-02	2.706328609459416820e-02	7.486992345514807690e-02
1.104462939777501106e+03	2.581590804229946801e-01	1.748525709463005229e-01	2.432098382285553806e-01	1.464470663458584676e-01	7.533562401682530885e-02	2.706328609459416820e-02	7.493253394447679794e-02
1.105914270841597499e+03	2.579047997579002049e-01	1.747473403180351270e-01	2.433274854865992987e-01	1.465369709724713421e-01	7.542515797119614396e-02	2.706328609459416820e-02	7.499495939880905515e-02
1.107365601905694348e+03	2.576510029171157345e-01	1.746422688247497301e-01	2.434449263817974329e-01	1.466267626253771883e-01	7.551455199990134148e-02	2.706328609459416820e-02	7.505720115606982767e-02
1.108816932969790741e+03	2.573976889862096273e-01	1.745373562148367086e-01	2.435621620589253356e-01	1.467164397954776323e-01	7.560380631742900925e-02	2.706328609459416820e-02	7.511926053213294208e-02
1.110268264033887590e+03	2.571448570530125433e-01	1.744326022371741891e-01	2.436791936241995971e-01	1.468060010313302077e-01	7.569292113793245347e-02	2.706328609459416820e-02	7.518113882136227832e-02
1.111719595097984211e+03	2.568925062075883003e-01	1.743280066411235785e-01	2.437960221466466126e-01	1.468954449372847082e-01	7.578189667523080320e-02	2.706328609459416820e-02	7.524283729713732161e-02
1.113170926162080832e+03	2.566406355422057306e-01	1.742235691765269545e-01	2.439126486594259124e-01	1.469847701716796573e-01	7.587073314280957936e-02	2.706328609459416820e-02	7.530435721236344859e-02
1.114622257226177226e+03	2.563892441513119791e-01	1.741192895937045682e-01	2.440290741611094716e-01	1.470739754450964554e-01	7.595943075382130538e-02	2.706328609459416820e-02	7.536569979996741997e-02
1.116073588290273847e+03	2.561383311315063027e-01	1.740151676434524286e-01	2.441452996169181655e-01	1.471630595186697033e-01	7.604798972108609001e-02	2.706328609459416820e-02	7.542686627337857885e-02
1.117524919354370468e+03	2.558878955815142020e-01	1.739112030770399164e-01	2.442613259599171749e-01	1.472520212024515107e-01	7.613641025709218246e-02	2.706328609459416820e-02	7.548785782699617142e-02
1.118976250418467089e+03	2.556379366021636068e-01	1.738073956462073688e-01	2.443771540921716168e-01	1.473408593538287348e-01	7.622469257399662468e-02	2.706328609459416820e-02	7.554867563664321994e-02
1.120427581482563710e+03	2.553884532963605625e-01	1.737037451031638313e-01	2.444927848858632069e-01	1.474295728759905111e-01	7.631283688362575091e-02	2.706328609459416820e-02	7.560932086000735075e-02
1.121878912546660331e+03	2.551394447690663592e-01	1.736002512005847542e-01	2.446082191843698128e-01	1.475181607164454400e-01	7.640084339747583997e-02	2.706328609459416820e-02	7.566979463706902109e-02
1.123330243610756725e+03	2.548909101272754385e-01	1.734969136916097998e-01	2.447234578033089247e-01	1.476066218655859574e-01	7.648871232671362874e-02	2.706328609459416820e-02	7.573009809051749197e-02
1.124781574674853118e+03	2.546428484799936331e-01	1.733937323298405941e-01	2.448385015315460711e-01	1.476949553552991123e-01	7.657644388217693665e-02	2.706328609459416820e-02	7.579023232615496319e-02
1.126232905738949967e+03	2.543952589382172391e-01	1.732907068693386454e-01	2.449533511321693446e-01	1.477831602576217263e-01	7.666403827437522078e-02	2.706328609459416820e-02	7.585019843328914824e-02
1.127684236803046360e+03	2.541481406149130318e-01	1.731878370646231513e-01	2.450680073434314266e-01	1.478712356834387953e-01	7.675149571349013100e-02	2.706328609459416820e-02	7.590999748511480238e-02
1.129135567867143209e+03	2.539014926249983373e-01	1.730851226706690282e-01	2.451824708796597474e-01	1.479591807812236370e-01	7.683881640937609281e-02	2.706328609459416820e-02	7.596963053908442620e-02
1.130586898931239830e+03	2.536553140853225474e-01	1.729825634429048020e-01	2.452967424321361445e-01	1.480469947358185046e-01	7.692600057156089022e-02	2.706328609459416820e-02	7.602909863726840800e-02
1.132038229995336451e+03	2.534096041146482459e-01	1.728801591372106095e-01	2.454108226699468487e-01	1.481346767672542253e-01	7.701304840924619310e-02	2.706328609459416820e-02	7.608840280670517431e-02
1.133489561059432845e+03	2.531643618336337220e-01	1.727779095099161999e-01	2.455247122408039384e-01	1.482222261296078647e-01	7.709996013130815395e-02	2.706328609459416820e-02	7.614754405974137608e-02
1.134940892123529466e+03	2.529195863648155407e-01	1.726758143177990756e-01	2.456384117718388438e-01	1.483096421098971107e-01	7.718673594629796297e-02	2.706328609459416820e-02	7.620652339436262412e-02
1.136392223187626087e+03	2.526752768325920551e-01	1.725738733180825490e-01	2.457519218703693165e-01	1.483969240270098244e-01	7.727337606244237544e-02	2.706328609459416820e-02	7.626534179451496809e-02
1.137843554251722708e+03	2.524314323632071977e-01	1.724720862684338274e-01	2.458652431246401704e-01	1.484840712306682853e-01	7.735988068764432235e-02	2.706328609459416820e-02	7.632400023041735482e-02
1.139294885315819101e+03	2.521880520847344931e-01	1.723704529269621533e-01	2.459783761045391537e-01	1.485710831004263821e-01	7.744625002948339609e-02	2.706328609459416820e-02	7.638249965886552417e-02
1.140746216379915950e+03	2.519451351270623474e-01	1.722689730522170837e-01	2.460913213622884510e-01	1.486579590446993338e-01	7.753248429521650276e-02	2.706328609459416820e-02	7.644084102352731447e-02
1.142197547444012343e+03	2.517026806218791157e-01	1.721676464031866305e-01	2.462040794331127602e-01	1.487446984998242461e-01	7.761858369177833394e-02	2.706328609459416820e-02	7.649902525523001595e-02
1.143648878508108737e+03	2.514606877026586140e-01	1.720664727392954840e-01	2.463166508358845819e-01	1.488313009291508671e-01	7.770454842578190802e-02	2.706328609459416820e-02	7.655705327223961965e-02
1.145100209572205586e+03	2.512191555046467406e-01	1.719654518204033478e-01	2.464290360737475816e-01	1.489177658221617073e-01	7.779037870351918071e-02	2.706328609459416820e-02	7.661492598053248892e-02
1.146551540636302207e+03	2.509780831648478205e-01	1.718645834068031897e-01	2.465412356347187750e-01	1.490040926936201382e-01	7.787607473096157251e-02	2.706328609459416820e-02	7.667264427405957872e-02
1.148002871700398828e+03	2.507374698220115605e-01	1.717638672592195492e-01	2.466532499922699795e-01	1.490902810827460789e-01	7.796163671376045434e-02	2.706328609459416820e-02	7.673020903500343826e-02
1.149454202764495449e+03	2.504973146166207254e-01	1.716633031388068165e-01	2.467650796058895313e-01	1.491763305524178851e-01	7.804706485724778597e-02	2.706328609459416820e-02	7.678762113402819167e-02
1.150905533828591842e+03	2.502576166908788702e-01	1.715628908071478165e-01	2.468767249216248238e-01	1.492622406884000774e-01	7.813235936643658786e-02	2.706328609459416820e-02	7.684488143052277398e-02
1.152356864892688463e+03	2.500183751886981276e-01	1.714626300262520053e-01	2.469881863726060833e-01	1.493480110985956621e-01	7.821752044602152398e-02	2.706328609459416820e-02	7.690199077283753348e-02
1.153808195956785084e+03	2.497795892556882724e-01	1.713625205585538880e-01	2.470994643795521861e-01	1.494336414123226819e-01	7.830254830037938762e-02	2.706328609459416820e-02	7.695894999851451979e-02
1.155259527020881706e+03	2.495412580391452861e-01	1.712625621669115195e-01	2.472105593512592681e-01	1.495191312796136096e-01	7.838744313356971194e-02	2.706328609459416820e-02	7.701575993451152680e-02
1.156710858084978327e+03	2.493033806880406433e-01	1.711627546146049506e-01	2.473214716850722361e-01	1.496044803705376680e-01	7.847220514933522795e-02	2.706328609459416820e-02	7.707242139742018217e-02
1.158162189149074720e+03	2.490659563530108200e-01	1.710630976653347568e-01	2.474322017673401819e-01	1.496896883745445495e-01	7.855683455110243352e-02	2.706328609459416820e-02	7.712893519367818029e-02
1.159613520213171569e+03	2.488289841863471907e-01	1.709635910832203731e-01	2.475427499738559745e-01	1.497747549998293404e-01	7.864133154198216236e-02	2.706328609459416820e-02	7.718530211977585320e-02
1.161064851277267962e+03	2.485924633419861196e-01	1.708642346327988448e-01	2.476531166702807263e-01	1.498596799727178186e-01	7.872569632477005586e-02	2.706328609459416820e-02	7.724152296245732907e-02
1.162516182341364356e+03	2.483563929754993849e-01	1.707650280790231623e-01	2.477633022125534379e-01	1.499444630370714848e-01	7.880992910194713208e-02	2.706328609459416820e-02	7.729759849891627843e-02
1.163967513405461204e+03	2.481207722440849639e-01	1.706659711872609286e-01	2.478733069472864314e-01	1.500291039537116344e-01	7.889403007568025761e-02	2.706328609459416820e-02	7.735352949698660885e-02
1.165418844469557826e+03	2.478856003065580405e-01	1.705670637232929443e-01	2.479831312121471010e-01	1.501136024998619145e-01	7.897799944782274428e-02	2.706328609459416820e-02	7.740931671532809422e-02
1.166870175533654447e+03	2.476508763233420118e-01	1.704683054533117081e-01	2.480927753362262289e-01	1.501979584686088387e-01	7.906183741991484881e-02	2.706328609459416820e-02	7.746496090360720232e-02
1.168321506597751068e+03	2.474165994564603011e-01	1.703696961439201407e-01	2.482022396403933961e-01	1.502821716683795938e-01	7.914554419318428624e-02	2.706328609459416820e-02	7.752046280267312073e-02
1.169772837661847461e+03	2.471827688695280301e-01	1.702712355621301965e-01	2.483115244376401243e-01	1.503662419224364721e-01	7.922911996854674344e-02	2.706328609459416820e-02	7.757582314472930007e-02
1.171224168725944082e+03	2.469493837277438597e-01	1.701729234753614484e-01	2.484206300334108330e-01	1.504501690683877069e-01	7.931256494660640644e-02	2.706328609459416820e-02	7.763104265350057043e-02
1.172675499790040703e+03	2.467164431978823569e-01	1.700747596514397830e-01	2.485295567259223348e-01	1.505339529577139346e-01	7.939587932765651557e-02	2.706328609459416820e-02	7.768612204439589997e-02
1.174126830854137097e+03	2.464839464482863896e-01	1.699767438585960966e-01	2.486383048064716439e-01	1.506175934553097839e-01	7.947906331167982341e-02	2.706328609459416820e-02	7.774106202466703197e-02
1.175578161918233945e+03	2.462518926488597160e-01	1.698788758654650177e-01	2.487468745597334607e-01	1.507010904390403694e-01	7.956211709834916379e-02	2.706328609459416820e-02	7.779586329356301400e-02
1.177029492982330339e+03	2.460202809710599348e-01	1.697811554410835477e-01	2.488552662640468038e-01	1.507844437993116349e-01	7.964504088702793749e-02	2.706328609459416820e-02	7.785052654248085513e-02
1.178480824046426733e+03	2.457891105878914628e-01	1.696835823548898670e-01	2.489634801916914553e-01	1.508676534386549639e-01	7.972783487677062575e-02	2.706328609459416820e-02	7.790505245511231136e-02
1.179932155110523581e+03	2.455583806738988184e-01	1.695861563767220304e-01	2.490715166091546362e-01	1.509507192713248624e-01	7.981049926632330371e-02	2.706328609459416820e-02	7.795944170758704883e-02
1.181383486174620202e+03	2.453280904051600153e-01	1.694888772768166629e-01	2.491793757773883289e-01	1.510336412229093817e-01	7.989303425412419557e-02	2.706328609459416820e-02	7.801369496861211561e-02
1.182834817238716823e+03	2.450982389592802069e-01	1.693917448258079050e-01	2.492870579520570506e-01	1.511164192299534748e-01	7.997544003830410475e-02	2.706328609459416820e-02	7.806781289960797177e-02
1.184286148302813444e+03	2.448688255153854409e-01	1.692947587947259969e-01	2.493945633837770792e-01	1.511990532395940667e-01	8.005771681668698292e-02	2.706328609459416820e-02	7.812179615484116102e-02
1.185737479366910065e+03	2.446398492541166647e-01	1.691979189549961682e-01	2.495018923183468518e-01	1.512815432092069479e-01	8.013986478679041570e-02	2.706328609459416820e-02	7.817564538155362397e-02
1.187188810431006686e+03	2.444113093576237017e-01	1.691012250784375837e-01	2.496090449969692870e-01	1.513638891060651304e-01	8.022188414582613614e-02	2.706328609459416820e-02	7.822936122008886106e-02
1.188640141495103080e+03	2.441832050095596729e-01	1.690046769372618718e-01	2.497160216564656698e-01	1.514460909070079742e-01	8.030377509070052433e-02	2.706328609459416820e-02	7.828294430401501469e-02
1.190091472559199701e+03	2.439555353950753069e-01	1.689082743040721535e-01	2.498228225294822913e-01	1.515281485981209431e-01	8.038553781801509313e-02	2.706328609459416820e-02	7.833639526024488431e-02
1.191542803623296322e+03	2.437282997008135554e-01	1.688120169518619318e-01	2.499294478446892065e-01	1.516100621744258248e-01	8.046717252406704324e-02	2.706328609459416820e-02	7.838971470915305495e-02
1.192994134687392716e+03	2.435014971149042362e-01	1.687159046540137874e-01	2.500358978269718868e-01	1.516918316395807487e-01	8.054867940484970734e-02	2.706328609459416820e-02	7.844290326469019470e-02
1.194445465751489564e+03	2.432751268269588707e-01	1.686199371842984351e-01	2.501421726976157944e-01	1.517734570055898347e-01	8.063005865605304967e-02	2.706328609459416820e-02	7.849596153449454883e-02
1.195896796815585958e+03	2.430491880280656880e-01	1.685241143168734190e-01	2.502482726744842401e-01	1.518549382925221680e-01	8.071131047306423500e-02	2.706328609459416820e-02	7.854889012000081105e-02
1.197348127879682352e+03	2.428236799107846844e-01	1.684284358262820858e-01	2.503541979721896071e-01	1.519362755282397393e-01	8.079243505096808664e-02	2.706328609459416820e-02	7.860168961654633024e-02
1.198799458943779200e+03	2.425986016691428215e-01	1.683329014874525853e-01	2.504599488022584142e-01	1.520174687481343490e-01	8.087343258454751660e-02	2.706328609459416820e-02	7.865436061347484686e-02
1.200250790007875821e+03	2.423739524986293636e-01	1.682375110756966219e-01	2.505655253732900767e-01	1.520985179948725896e-01	8.095430326828409462e-02	2.706328609459416820e-02	7.870690369423777311e-02
1.201702121071972442e+03	2.421497315961913255e-01	1.681422643667085104e-01	2.506709278911097294e-01	1.521794233181493206e-01	8.103504729635858939e-02	2.706328609459416820e-02	7.875931943649301659e-02
1.203153452136069063e+03	2.419259381602290038e-01	1.680471611365640106e-01	2.507761565589156638e-01	1.522601847744489423e-01	8.111566486265130160e-02	2.706328609459416820e-02	7.881160841220158364e-02
1.204604783200165684e+03	2.417025713905915918e-01	1.679522011617193833e-01	2.508812115774207152e-01	1.523408024268141925e-01	8.119615616074274400e-02	2.706328609459416820e-02	7.886377118772185113e-02
1.206056114264262078e+03	2.414796304885729883e-01	1.678573842190101972e-01	2.509860931449888755e-01	1.524212763446227137e-01	8.127652138391396053e-02	2.706328609459416820e-02	7.891580832390167333e-02
1.207507445328358699e+03	2.412571146569076619e-01	1.677627100856504683e-01	2.510908014577662994e-01	1.525016066033704210e-01	8.135676072514713697e-02	2.706328609459416820e-02	7.896772037616840711e-02
1.208958776392455093e+03	2.410350230997664600e-01	1.676681785392315216e-01	2.511953367098075374e-01	1.525817932844620028e-01	8.143687437712605892e-02	2.706328609459416820e-02	7.901950789461680003e-02
1.210410107456551941e+03	2.408133550227527508e-01	1.675737893577209647e-01	2.512996990931969932e-01	1.526618364750081669e-01	8.151686253223655587e-02	2.706328609459416820e-02	7.907117142409492150e-02
1.211861438520648335e+03	2.405921096328985931e-01	1.674795423194617716e-01	2.514038887981656090e-01	1.527417362676292689e-01	8.159672538256705632e-02	2.706328609459416820e-02	7.912271150428809574e-02
1.213312769584745183e+03	2.403712861386607946e-01	1.673854372031711168e-01	2.515079060132030531e-01	1.528214927602654372e-01	8.167646311990899022e-02	2.706328609459416820e-02	7.917412866980098884e-02
1.214764100648841804e+03	2.401508837499173044e-01	1.672914737879396263e-01	2.516117509251657447e-01	1.529011060559925528e-01	8.175607593575735799e-02	2.706328609459416820e-02	7.922542345023779464e-02
1.216215431712937971e+03	2.399309016779634929e-01	1.671976518532302114e-01	2.517154237193804933e-01	1.529805762628443089e-01	8.183556402131114682e-02	2.706328609459416820e-02	7.927659637028068584e-02
1.217666762777034819e+03	2.397113391355086831e-01	1.671039711788771254e-01	2.518189245797441411e-01	1.530599034936400427e-01	8.191492756747385806e-02	2.706328609459416820e-02	7.932764794976646106e-02
1.219118093841131440e+03	2.394921953366725975e-01	1.670104315450850474e-01	2.519222536888193753e-01	1.531390878658177579e-01	8.199416676485395128e-02	2.706328609459416820e-02	7.937857870376151259e-02
1.220569424905228061e+03	2.392734694969819720e-01	1.669170327324280834e-01	2.520254112279266545e-01	1.532181295012729760e-01	8.207328180376535776e-02	2.706328609459416820e-02	7.942938914263521222e-02
1.222020755969324682e+03	2.390551608333671141e-01	1.668237745218488777e-01	2.521283973772324161e-01	1.532970285262023336e-01	8.215227287422791069e-02	2.706328609459416820e-02	7.948007977213154829e-02
1.223472087033421303e+03	2.388372685641587667e-01	1.667306566946575586e-01	2.522312123158340635e-01	1.533757850709525083e-01	8.223114016596791420e-02	2.706328609459416820e-02	7.953065109343933348e-02
1.224923418097517697e+03	2.386197919090847774e-01	1.666376790325309054e-01	2.523338562218413461e-01	1.534543992698738091e-01	8.230988386841847637e-02	2.706328609459416820e-02	7.958110360326087207e-02
1.226374749161614318e+03	2.384027300892669066e-01	1.665448413175113773e-01	2.524363292724540742e-01	1.535328712611785662e-01	8.238850417072013377e-02	2.706328609459416820e-02	7.963143779387908683e-02
1.227826080225710712e+03	2.381860823272178018e-01	1.664521433320061694e-01	2.525386316440376144e-01	1.536112011868040195e-01	8.246700126172125389e-02	2.706328609459416820e-02	7.968165415322323031e-02
1.229277411289807560e+03	2.379698478468379175e-01	1.663595848587864356e-01	2.526407635121943329e-01	1.536893891922796462e-01	8.254537532997847926e-02	2.706328609459416820e-02	7.973175316493325004e-02
1.230728742353903954e+03	2.377540258734124889e-01	1.662671656809862064e-01	2.527427250518325952e-01	1.537674354265986809e-01	8.262362656375725478e-02	2.706328609459416820e-02	7.978173530842276595e-02
1.232180073418000802e+03	2.375386156336086463e-01	1.661748855821015558e-01	2.528445164372329357e-01	1.538453400420938810e-01	8.270175515103228570e-02	2.706328609459416820e-02	7.983160105894068770e-02
1.233631404482097196e+03	2.373236163554724165e-01	1.660827443459896857e-01	2.529461378421111739e-01	1.539231031943171513e-01	8.277976127948799556e-02	2.706328609459416820e-02	7.988135088763152758e-02
1.235082735546193817e+03	2.371090272684259759e-01	1.659907417568681487e-01	2.530475894396790326e-01	1.540007250419231088e-01	8.285764513651899810e-02	2.706328609459416820e-02	7.993098526159461703e-02
1.236534066610290438e+03	2.368948476032648187e-01	1.658988775993138487e-01	2.531488714027024245e-01	1.540782057465564236e-01	8.293540690923058289e-02	2.706328609459416820e-02	7.998050464394185211e-02
1.237985397674387059e+03	2.366810765921549542e-01	1.658071516582621807e-01	2.532499839035565747e-01	1.541555454727426278e-01	8.301304678443913176e-02	2.706328609459416820e-02	8.002990949385448138e-02
1.239436728738483680e+03	2.364677134686301863e-01	1.657155637190062258e-01	2.533509271142796448e-01	1.542327443877826165e-01	8.309056494867265996e-02	2.706328609459416820e-02	8.007920026663861712e-02
1.240888059802580301e+03	2.362547574675896156e-01	1.656241135671958631e-01	2.534517012066232478e-01	1.543098026616504248e-01	8.316796158817120477e-02	2.706328609459416820e-02	8.012837741377959455e-02
1.242339390866676695e+03	2.360422078252947253e-01	1.655328009888368812e-01	2.535523063521013531e-01	1.543867204668943338e-01	8.324523688888736672e-02	2.706328609459416820e-02	8.017744138299531809e-02
1.243790721930773088e+03	2.358300637793669940e-01	1.654416257702901460e-01	2.536527427220365838e-01	1.544634979785411144e-01	8.332239103648671208e-02	2.706328609459416820e-02	8.022639261828849733e-02
1.245242052994869937e+03	2.356183245687852035e-01	1.653505876982707679e-01	2.537530104876045134e-01	1.545401353740034067e-01	8.339942421634827241e-02	2.706328609459416820e-02	8.027523155999784221e-02
1.246693384058966330e+03	2.354069894338830238e-01	1.652596865598473241e-01	2.538531098198764102e-01	1.546166328329900697e-01	8.347633661356497481e-02	2.706328609459416820e-02	8.032395864484820347e-02
1.248144715123063179e+03	2.351960576163464323e-01	1.651689221424408605e-01	2.539530408898594271e-01	1.546929905374192782e-01	8.355312841294412762e-02	2.706328609459416820e-02	8.037257430599985264e-02
1.249596046187159800e+03	2.349855283592113542e-01	1.650782942338242798e-01	2.540528038685351264e-01	1.547692086713346460e-01	8.362979979900787841e-02	2.706328609459416820e-02	8.042107897309665188e-02
1.251047377251256421e+03	2.347754009068611092e-01	1.649878026221212879e-01	2.541523989268967276e-01	1.548452874208238461e-01	8.370635095599364417e-02	2.706328609459416820e-02	8.046947307231332169e-02
1.252498708315352815e+03	2.345656745050240799e-01	1.648974470958057548e-01	2.542518262359836356e-01	1.549212269739399794e-01	8.378278206785459703e-02	2.706328609459416820e-02	8.051775702640188992e-02
1.253950039379449436e+03	2.343563484007714082e-01	1.648072274437008544e-01	2.543510859669150803e-01	1.549970275206253301e-01	8.385909331826013613e-02	2.706328609459416820e-02	8.056593125473709982e-02
1.255401370443546057e+03	2.341474218425144693e-01	1.647171434549782598e-01	2.544501782909219245e-01	1.550726892526377854e-01	8.393528489059627617e-02	2.706328609459416820e-02	8.061399617336112433e-02
1.256852701507642678e+03	2.339388940800027628e-01	1.646271949191572825e-01	2.545491033793768620e-01	1.551482123634794208e-01	8.401135696796620256e-02	2.706328609459416820e-02	8.066195219502723945e-02
1.258304032571739299e+03	2.337307643643214972e-01	1.645373816261042066e-01	2.546478614038231725e-01	1.552235970483274718e-01	8.408730973319061830e-02	2.706328609459416820e-02	8.070979972924283152e-02
1.259755363635835920e+03	2.335230319478893146e-01	1.644477033660313725e-01	2.547464525360019216e-01	1.552988435039674431e-01	8.416314336880828528e-02	2.706328609459416820e-02	8.075753918231153017e-02
1.261206694699932314e+03	2.333156960844561534e-01	1.643581599294964279e-01	2.548448769478777742e-01	1.553739519287286319e-01	8.423885805707639896e-02	2.706328609459416820e-02	8.080517095737455024e-02
1.262658025764028707e+03	2.331087560291009164e-01	1.642687511074015227e-01	2.549431348116638074e-01	1.554489225224213178e-01	8.431445397997114344e-02	2.706328609459416820e-02	8.085269545445128436e-02
1.264109356828125556e+03	2.329022110382293065e-01	1.641794766909926706e-01	2.550412262998445478e-01	1.555237554862763660e-01	8.438993131918802459e-02	2.706328609459416820e-02	8.090011307047911826e-02
1.265560687892221949e+03	2.326960603695716612e-01	1.640903364718588053e-01	2.551391515851980651e-01	1.555984510228865247e-01	8.446529025614238351e-02	2.706328609459416820e-02	8.094742419935263555e-02
1.267012018956318798e+03	2.324903032821808713e-01	1.640013302419310592e-01	2.552369108408167331e-01	1.556730093361496647e-01	8.454053097196986832e-02	2.706328609459416820e-02	8.099462923196189268e-02
1.268463350020415419e+03	2.322849390364300770e-01	1.639124577934820970e-01	2.553345042401268805e-01	1.557474306312139622e-01	8.461565364752680896e-02	2.706328609459416820e-02	8.104172855623026361e-02
1.269914681084511813e+03	2.320799668940106697e-01	1.638237189191251997e-01	2.554319319569074431e-01	1.558217151144246637e-01	8.469065846339070280e-02	2.706328609459416820e-02	8.108872255715139643e-02
1.271366012148608434e+03	2.318753861179301545e-01	1.637351134118136264e-01	2.555291941653072274e-01	1.558958629932727658e-01	8.476554559986071435e-02	2.706328609459416820e-02	8.113561161682558698e-02
1.272817343212705055e+03	2.316711959725100967e-01	1.636466410648398373e-01	2.556262910398615085e-01	1.559698744763451661e-01	8.484031523695800825e-02	2.706328609459416820e-02	8.118239611449551418e-02
1.274268674276801676e+03	2.314673957233839563e-01	1.635583016718347438e-01	2.557232227555072956e-01	1.560437497732765355e-01	8.491496755442626276e-02	2.706328609459416820e-02	8.122907642658136473e-02
1.275720005340898297e+03	2.312639846374950903e-01	1.634700950267669317e-01	2.558199894875979319e-01	1.561174890947026883e-01	8.498950273173214165e-02	2.706328609459416820e-02	8.127565292671533326e-02
1.277171336404994690e+03	2.310609619830947536e-01	1.633820209239419674e-01	2.559165914119167495e-01	1.561910926522155074e-01	8.506392094806565496e-02	2.706328609459416820e-02	8.132212598577544249e-02
1.278622667469091539e+03	2.308583270297400458e-01	1.632940791580016482e-01	2.560130287046894493e-01	1.562645606583193125e-01	8.513822238234067252e-02	2.706328609459416820e-02	8.136849597191890548e-02
1.280073998533187932e+03	2.306560790482918843e-01	1.632062695239233086e-01	2.561093015425962016e-01	1.563378933263885329e-01	8.521240721319529865e-02	2.706328609459416820e-02	8.141476325061483554e-02
1.281525329597284326e+03	2.304542173109129233e-01	1.631185918170190152e-01	2.562054101027824160e-01	1.564110908706269065e-01	8.528647561899239948e-02	2.706328609459416820e-02	8.146092818467640106e-02
1.282976660661381175e+03	2.302527410910657768e-01	1.630310458329349010e-01	2.563013545628690659e-01	1.564841535060279010e-01	8.536042777781993607e-02	2.706328609459416820e-02	8.150699113429249465e-02
1.284427991725477568e+03	2.300516496635108266e-01	1.629436313676504711e-01	2.563971351009620148e-01	1.565570814483364381e-01	8.543426386749150558e-02	2.706328609459416820e-02	8.155295245705877771e-02
1.285879322789574417e+03	2.298509423043043343e-01	1.628563482174778254e-01	2.564927518956609531e-01	1.566298749140118129e-01	8.550798406554671605e-02	2.706328609459416820e-02	8.159881250800829489e-02
1.287330653853671038e+03	2.296506182907965821e-01	1.627691961790609931e-01	2.565882051260673369e-01	1.567025341201919719e-01	8.558158854925163039e-02	2.706328609459416820e-02	8.164457163964150554e-02
1.288781984917767431e+03	2.294506769016297631e-01	1.626821750493751551e-01	2.566834949717913816e-01	1.567750592846586521e-01	8.565507749559921058e-02	2.706328609459416820e-02	8.169023020195584350e-02
1.290233315981864052e+03	2.292511174167361776e-01	1.625952846257260609e-01	2.567786216129592791e-01	1.568474506258039636e-01	8.572845108130973391e-02	2.706328609459416820e-02	8.173578854247483261e-02
