1.001418434226643626e+03	2.774454755990565791e-01	1.828350591500263744e-01	2.341587558464981178e-01	1.399871902033788806e-01	6.865014914077964547e-02	2.701813149417050391e-02	6.990523856569452743e-02
1.002869765290740247e+03	2.771502111191636031e-01	1.827225299706433104e-01	2.342976132557715863e-01	1.400738057661397029e-01	6.875244823420369189e-02	2.701813149417050391e-02	6.998526015951221646e-02
1.004321096354836754e+03	2.768555184228456700e-01	1.826101709562981124e-01	2.344359079853406969e-01	1.401608105524561887e-01	6.885459010630640142e-02	2.701813149417050391e-02	7.006487048218701386e-02
1.005772427418933376e+03	2.765613962011667648e-01	1.824979818324877212e-01	2.345736539437699442e-01	1.402481850482144854e-01	6.895657499647614430e-02	2.701813149417050391e-02	7.014407648331903722e-02
1.007223758483029997e+03	2.762678431564917769e-01	1.823859623254778517e-01	2.347108645469002386e-01	1.403359104132185509e-01	6.905840314372450883e-02	2.701813149417050391e-02	7.022288491962112855e-02
1.008675089547126618e+03	2.759748580021468833e-01	1.822741121622918348e-01	2.348475527349592196e-01	1.404239684583013792e-01	6.916007478668720343e-02	2.701813149417050391e-02	7.030130236104761843e-02
1.010126420611223239e+03	2.756824394620914775e-01	1.821624310706995431e-01	2.349837309890858428e-01	1.405123416232127165e-01	6.926159016362494480e-02	2.701813149417050391e-02	7.037933519671954463e-02
1.011577751675319632e+03	2.753905862706020335e-01	1.820509187792071215e-01	2.351194113472896696e-01	1.406010129552576482e-01	6.936294951242420737e-02	2.701813149417050391e-02	7.045698964065338910e-02
1.013029082739416367e+03	2.750992971719658509e-01	1.819395750170466897e-01	2.352546054198638437e-01	1.406899660886596903e-01	6.946415307059813915e-02	2.701813149417050391e-02	7.053427173729985566e-02
1.014480413803512761e+03	2.748085709201859572e-01	1.818283995141663223e-01	2.353893244042706001e-01	1.407791852246245978e-01	6.956520107528733898e-02	2.701813149417050391e-02	7.061118736689922515e-02
1.015931744867609382e+03	2.745184062786962809e-01	1.817173920012205568e-01	2.355235790995167944e-01	1.408686551120805486e-01	6.966609376326067526e-02	2.701813149417050391e-02	7.068774225065918571e-02
1.017383075931706003e+03	2.742288020200859822e-01	1.816065522095610119e-01	2.356573799200374075e-01	1.409583610290719990e-01	6.976683137091611864e-02	2.701813149417050391e-02	7.076394195576150847e-02
1.018834406995802851e+03	2.739397569258338327e-01	1.814958798712272559e-01	2.357907369091033212e-01	1.410482887647850625e-01	6.986741413428151914e-02	2.701813149417050391e-02	7.083979190020295302e-02
1.020285738059899245e+03	2.736512697860515320e-01	1.813853747189382026e-01	2.359236597517698208e-01	1.411384246021828159e-01	6.996784228901541114e-02	2.701813149417050391e-02	7.091529735747612029e-02
1.021737069123995752e+03	2.733633393992358496e-01	1.812750364860834240e-01	2.360561577873810934e-01	1.412287553012299413e-01	7.006811607040777656e-02	2.701813149417050391e-02	7.099046346109581795e-02
1.023188400188092373e+03	2.730759645720292617e-01	1.811648649067148786e-01	2.361882400216465672e-01	1.413192680826866610e-01	7.016823571338083598e-02	2.701813149417050391e-02	7.106529520897575392e-02
1.024639731252188767e+03	2.727891441189886912e-01	1.810548597155388906e-01	2.363199151383027774e-01	1.414099506124526784e-01	7.026820145248981186e-02	2.701813149417050391e-02	7.113979746766099788e-02
1.026091062316285615e+03	2.725028768623629638e-01	1.809450206479083778e-01	2.364511915103755524e-01	1.415007909864424984e-01	7.036801352192370573e-02	2.701813149417050391e-02	7.121397497642070751e-02
1.027542393380382237e+03	2.722171616318767584e-01	1.808353474398151639e-01	2.365820772110557857e-01	1.415917777159740321e-01	7.046767215550604757e-02	2.701813149417050391e-02	7.128783235120611517e-02
1.028993724444478858e+03	2.719319972645226624e-01	1.807258398278826783e-01	2.367125800242020628e-01	1.416828997136528601e-01	7.056717758669561746e-02	2.701813149417050391e-02	7.136137408847806340e-02
1.030445055508575479e+03	2.716473826043606654e-01	1.806164975493587677e-01	2.368427074544828537e-01	1.417741462797358631e-01	7.066653004858723663e-02	2.701813149417050391e-02	7.143460456890858568e-02
1.031896386572671872e+03	2.713633165023237592e-01	1.805073203421088124e-01	2.369724667371706783e-01	1.418655070889574821e-01	7.076572977391247521e-02	2.701813149417050391e-02	7.150752806096079273e-02
1.033347717636768493e+03	2.710797978160309762e-01	1.803983079446088988e-01	2.371018648475997082e-01	1.419569721778030091e-01	7.086477699504037386e-02	2.701813149417050391e-02	7.158014872435104758e-02
1.034799048700865114e+03	2.707968254096064231e-01	1.802894600959391858e-01	2.372309085102987380e-01	1.420485319322138951e-01	7.096367194397819322e-02	2.701813149417050391e-02	7.165247061339749535e-02
1.036250379764961508e+03	2.705143981535048647e-01	1.801807765357776869e-01	2.373596042078102708e-01	1.421401770757102778e-01	7.106241485237212163e-02	2.701813149417050391e-02	7.172449768025866701e-02
1.037701710829058356e+03	2.702325149243430258e-01	1.800722570043939430e-01	2.374879581892065383e-01	1.422318986579164946e-01	7.116100595150799679e-02	2.701813149417050391e-02	7.179623377806589046e-02
1.039153041893154750e+03	2.699511746047366656e-01	1.799639012426430540e-01	2.376159764783128681e-01	1.423236880434761709e-01	7.125944547231199966e-02	2.701813149417050391e-02	7.186768266395308913e-02
1.040604372957251599e+03	2.696703760831438701e-01	1.798557089919597674e-01	2.377436648816481091e-01	1.424155369013433980e-01	7.135773364535138996e-02	2.701813149417050391e-02	7.193884800198731277e-02
1.042055704021347992e+03	2.693901182537128403e-01	1.797476799943527603e-01	2.378710289960921653e-01	1.425074371944374807e-01	7.145587070083513070e-02	2.701813149417050391e-02	7.200973336600351160e-02
1.043507035085444613e+03	2.691104000161357312e-01	1.796398139923991444e-01	2.379980742162893237e-01	1.425993811696484592e-01	7.155385686861467920e-02	2.701813149417050391e-02	7.208034224234650955e-02
1.044958366149541234e+03	2.688312202755072100e-01	1.795321107292391083e-01	2.381248057417971742e-01	1.426913613481821941e-01	7.165169237818461156e-02	2.701813149417050391e-02	7.215067803252363243e-02
1.046409697213637855e+03	2.685525779421875092e-01	1.794245699485705059e-01	2.382512285839891442e-01	1.427833705162329103e-01	7.174937745868331662e-02	2.701813149417050391e-02	7.222074405577051659e-02
1.047861028277734476e+03	2.682744719316712545e-01	1.793171913946439155e-01	2.383773475727194169e-01	1.428754017159722112e-01	7.184691233889366202e-02	2.701813149417050391e-02	7.229054355153347045e-02
1.049312359341831097e+03	2.679969011644594001e-01	1.792099748122576164e-01	2.385031673627579785e-01	1.429674482368442079e-01	7.194429724724372976e-02	2.701813149417050391e-02	7.236007968187095629e-02
1.050763690405927491e+03	2.677198645659369380e-01	1.791029199467527033e-01	2.386286924400042864e-01	1.430595036071557469e-01	7.204153241180742684e-02	2.701813149417050391e-02	7.242935553377684299e-02
1.052215021470024112e+03	2.674433610662538818e-01	1.789960265440083964e-01	2.387539271274861652e-01	1.431515615859521862e-01	7.213861806030515134e-02	2.701813149417050391e-02	7.249837412142812187e-02
1.053666352534120733e+03	2.671673896002108584e-01	1.788892943504375443e-01	2.388788755911523676e-01	1.432436161551689513e-01	7.223555442010450023e-02	2.701813149417050391e-02	7.256713838835972263e-02
1.055117683598217127e+03	2.668919491071483630e-01	1.787827231129819894e-01	2.390035418454647120e-01	1.433356615120492672e-01	7.233234171822086611e-02	2.701813149417050391e-02	7.263565120956867738e-02
1.056569014662313975e+03	2.666170385308402335e-01	1.786763125791084039e-01	2.391279297587975694e-01	1.434276920618194340e-01	7.242898018131814497e-02	2.701813149417050391e-02	7.270391539355008925e-02
1.058020345726410369e+03	2.663426568193901778e-01	1.785700624968039329e-01	2.392520430586508318e-01	1.435197024106124597e-01	7.252547003570934681e-02	2.701813149417050391e-02	7.277193368426719544e-02
1.059471676790506763e+03	2.660688029251324638e-01	1.784639726145720584e-01	2.393758853366824424e-01	1.436116873586320564e-01	7.262181150735726176e-02	2.701813149417050391e-02	7.283970876305766173e-02
1.060923007854603611e+03	2.657954758045357746e-01	1.783580426814286857e-01	2.394994600535675644e-01	1.437036418935484783e-01	7.271800482187511239e-02	2.701813149417050391e-02	7.290724325047832910e-02
1.062374338918700232e+03	2.655226744181103937e-01	1.782522724468981190e-01	2.396227705436892730e-01	1.437955611841185977e-01	7.281405020452716426e-02	2.701813149417050391e-02	7.297453970809036905e-02
1.063825669982796853e+03	2.652503977303186655e-01	1.781466616610092590e-01	2.397458200196672662e-01	1.438874405740224460e-01	7.290994788022937823e-02	2.701813149417050391e-02	7.304160064018688781e-02
1.065277001046893474e+03	2.649786447094884534e-01	1.780412100742919390e-01	2.398686115767296456e-01	1.439792755759088383e-01	7.300569807355004881e-02	2.701813149417050391e-02	7.310842849546493605e-02
1.066728332110990095e+03	2.647074143277296510e-01	1.779359174377732333e-01	2.399911481969335125e-01	1.440710618656433906e-01	7.310130100871041481e-02	2.701813149417050391e-02	7.317502566864365898e-02
1.068179663175086489e+03	2.644367055608536354e-01	1.778307835029739048e-01	2.401134327532392365e-01	1.441627952767512710e-01	7.319675690958528380e-02	2.701813149417050391e-02	7.324139450203054347e-02
1.069630994239183110e+03	2.641665173882953299e-01	1.777258080219050185e-01	2.402354680134435871e-01	1.442544717950489941e-01	7.329206599970367053e-02	2.701813149417050391e-02	7.330753728703730265e-02
1.071082325303279504e+03	2.638968487930380413e-01	1.776209907470644722e-01	2.403572566439764469e-01	1.443460875534581800e-01	7.338722850224942140e-02	2.701813149417050391e-02	7.337345626564725776e-02
1.072533656367376352e+03	2.636276987615411849e-01	1.775163314314338325e-01	2.404788012135659070e-01	1.444376388269953682e-01	7.348224464006181122e-02	2.701813149417050391e-02	7.343915363183571576e-02
1.073984987431472746e+03	2.633590662836698404e-01	1.774118298284749762e-01	2.406001041967761045e-01	1.445291220279318334e-01	7.357711463563613996e-02	2.701813149417050391e-02	7.350463153294491125e-02
1.075436318495569594e+03	2.630909503526274729e-01	1.773074856921270925e-01	2.407211679774220736e-01	1.446205337011176317e-01	7.367183871112437110e-02	2.701813149417050391e-02	7.356989207101512218e-02
1.076887649559666215e+03	2.628233499648904292e-01	1.772032987768035472e-01	2.408419948518661369e-01	1.447118705194646304e-01	7.376641708833574229e-02	2.701813149417050391e-02	7.363493730407327797e-02
1.078338980623762609e+03	2.625562641201450442e-01	1.770992688373888568e-01	2.409625870321996099e-01	1.448031292795823877e-01	7.386084998873734819e-02	2.701813149417050391e-02	7.369976924738053103e-02
1.079790311687859230e+03	2.622896918212266337e-01	1.769953956292359132e-01	2.410829466493138173e-01	1.448943068975624415e-01	7.395513763345473723e-02	2.701813149417050391e-02	7.376438987464022101e-02
1.081241642751955851e+03	2.620236320740609304e-01	1.768916789081629581e-01	2.412030757558641658e-01	1.449854004049056788e-01	7.404928024327256386e-02	2.701813149417050391e-02	7.382880111916743926e-02
1.082692973816052472e+03	2.617580838876072957e-01	1.767881184304508912e-01	2.413229763291312169e-01	1.450764069445877325e-01	7.414327803863511590e-02	2.701813149417050391e-02	7.389300487502152570e-02
1.084144304880149093e+03	2.614930462738037642e-01	1.766847139528405497e-01	2.414426502737817282e-01	1.451673237672580774e-01	7.423713123964693905e-02	2.701813149417050391e-02	7.395700299810273326e-02
1.085595635944245487e+03	2.612285182475144740e-01	1.765814652325300160e-01	2.415620994245336883e-01	1.452581482275680791e-01	7.433084006607341976e-02	2.701813149417050391e-02	7.402079730721414230e-02
1.087046967008342108e+03	2.609644988264784304e-01	1.764783720271720924e-01	2.416813255487281487e-01	1.453488777806236087e-01	7.442440473734138195e-02	2.701813149417050391e-02	7.408438958509019900e-02
1.088498298072438729e+03	2.607009870312601563e-01	1.763754340948715527e-01	2.418003303488114597e-01	1.454395099785582290e-01	7.451782547253969768e-02	2.701813149417050391e-02	7.414778157939273806e-02
1.089949629136535123e+03	2.604379818852023409e-01	1.762726511941828944e-01	2.419191154647306607e-01	1.455300424672224535e-01	7.461110249041977283e-02	2.701813149417050391e-02	7.421097500367571098e-02
1.091400960200631971e+03	2.601754824143797107e-01	1.761700230841077575e-01	2.420376824762451029e-01	1.456204729829853883e-01	7.470423600939625486e-02	2.701813149417050391e-02	7.427397153831957755e-02
1.092852291264728365e+03	2.599134876475546752e-01	1.760675495240925925e-01	2.421560329051572757e-01	1.457107993496452869e-01	7.479722624754756022e-02	2.701813149417050391e-02	7.433677283143645675e-02
1.094303622328825213e+03	2.596519966161345283e-01	1.759652302740263019e-01	2.422741682174653910e-01	1.458010194754443545e-01	7.489007342261640165e-02	2.701813149417050391e-02	7.439938049974689771e-02
1.095754953392921607e+03	2.593910083541300371e-01	1.758630650942379636e-01	2.423920898254407486e-01	1.458911313501854712e-01	7.498277775201041273e-02	2.701813149417050391e-02	7.446179612942928350e-02
1.097206284457018228e+03	2.591305218981155845e-01	1.757610537454946109e-01	2.425097990896320221e-01	1.459811330424463094e-01	7.507533945280270293e-02	2.701813149417050391e-02	7.452402127694272849e-02
1.098657615521114849e+03	2.588705362871904780e-01	1.756591959889990118e-01	2.426272973207993788e-01	1.460710226968882641e-01	7.516775874173248218e-02	2.701813149417050391e-02	7.458605746982432949e-02
1.100108946585211470e+03	2.586110505629418688e-01	1.755574915863875318e-01	2.427445857817805697e-01	1.461607985316566716e-01	7.526003583520553264e-02	2.701813149417050391e-02	7.464790620746170058e-02
1.101560277649308091e+03	2.583520637694088351e-01	1.754559402997281081e-01	2.428616656892914616e-01	1.462504588358692070e-01	7.535217094929486104e-02	2.701813149417050391e-02	7.470956896184148543e-02
1.103011608713404712e+03	2.580935749530472445e-01	1.753545418915180287e-01	2.429785382156632312e-01	1.463400019671895202e-01	7.544416429974119820e-02	2.701813149417050391e-02	7.477104717827469382e-02
1.104462939777501106e+03	2.578355831626968353e-01	1.752532961246820731e-01	2.430952044905183573e-01	1.464294263494833603e-01	7.553601610195359584e-02	2.701813149417050391e-02	7.483234227609970868e-02
1.105914270841597499e+03	2.575780874495482986e-01	1.751522027625704303e-01	2.432116656023876611e-01	1.465187304705541371e-01	7.562772657100996776e-02	2.701813149417050391e-02	7.489345564936349120e-02
1.107365601905694348e+03	2.573210868671123586e-01	1.750512615689567841e-01	2.433279226002700302e-01	1.466079128799552544e-01	7.571929592165765888e-02	2.701813149417050391e-02	7.495438866748195539e-02
1.108816932969790741e+03	2.570645804711893523e-01	1.749504723080364810e-01	2.434439764951373819e-01	1.466969721868769116e-01	7.581072436831398642e-02	2.701813149417050391e-02	7.501514267587990059e-02
1.110268264033887590e+03	2.568085673198403085e-01	1.748498347444245038e-01	2.435598282613863075e-01	1.467859070581044867e-01	7.590201212506685058e-02	2.701813149417050391e-02	7.507571899661152903e-02
1.111719595097984211e+03	2.565530464733585259e-01	1.747493486431538068e-01	2.436754788382383963e-01	1.468747162160462805e-01	7.599315940567520633e-02	2.701813149417050391e-02	7.513611892896181199e-02
1.113170926162080832e+03	2.562980169942424835e-01	1.746490137696734279e-01	2.437909291310908222e-01	1.469633984368281243e-01	7.608416642356964632e-02	2.701813149417050391e-02	7.519634375002957893e-02
1.114622257226177226e+03	2.560434779471695288e-01	1.745488298898467128e-01	2.439061800128192736e-01	1.470519525484526857e-01	7.617503339185295597e-02	2.701813149417050391e-02	7.525639471529287083e-02
1.116073588290273847e+03	2.557894283989706752e-01	1.744487967699496489e-01	2.440212323250345872e-01	1.471403774290213906e-01	7.626576052330068245e-02	2.701813149417050391e-02	7.531627305915712667e-02
1.117524919354370468e+03	2.555358674186057888e-01	1.743489141766690342e-01	2.441360868792945560e-01	1.472286720050164643e-01	7.635634803036162044e-02	2.701813149417050391e-02	7.537597999548666106e-02
1.118976250418467089e+03	2.552827940771401072e-01	1.742491818771010059e-01	2.442507444582729392e-01	1.473168352496414812e-01	7.644679612515839495e-02	2.701813149417050391e-02	7.543551671812018244e-02
1.120427581482563710e+03	2.550302074477213132e-01	1.741495996387492085e-01	2.443652058168867269e-01	1.474048661812181193e-01	7.653710501948800260e-02	2.701813149417050391e-02	7.549488440137074041e-02
1.121878912546660331e+03	2.547781066055573862e-01	1.740501672295232949e-01	2.444794716833830484e-01	1.474927638616373993e-01	7.662727492482232505e-02	2.701813149417050391e-02	7.555408420051058782e-02
1.123330243610756725e+03	2.545264906278955075e-01	1.739508844177372615e-01	2.445935427603875556e-01	1.475805273948634921e-01	7.671730605230871192e-02	2.701813149417050391e-02	7.561311725224148517e-02
1.124781574674853118e+03	2.542753585940009664e-01	1.738517509721079490e-01	2.447074197259152817e-01	1.476681559254882925e-01	7.680719861277048033e-02	2.701813149417050391e-02	7.567198467515103000e-02
1.126232905738949967e+03	2.540247095851375647e-01	1.737527666617534605e-01	2.448211032343452498e-01	1.477556486373350630e-01	7.689695281670745619e-02	2.701813149417050391e-02	7.573068757015520569e-02
1.127684236803046360e+03	2.537745426845483543e-01	1.736539312561916903e-01	2.449345939173601105e-01	1.478430047521094581e-01	7.698656887429650153e-02	2.701813149417050391e-02	7.578922702092788510e-02
1.129135567867143209e+03	2.535248569774368743e-01	1.735552445253387976e-01	2.450478923848524171e-01	1.479302235280964273e-01	7.707604699539209736e-02	2.701813149417050391e-02	7.584760409431745565e-02
1.130586898931239830e+03	2.532756515509491657e-01	1.734567062395077908e-01	2.451609992257978710e-01	1.480173042589011667e-01	7.716538738952678778e-02	2.701813149417050391e-02	7.590581984075124578e-02
1.132038229995336451e+03	2.530269254941566182e-01	1.733583161694071118e-01	2.452739150090976206e-01	1.481042462722330921e-01	7.725459026591177669e-02	2.701813149417050391e-02	7.596387529462787780e-02
1.133489561059432845e+03	2.527786778980388172e-01	1.732600740861391098e-01	2.453866402843898065e-01	1.481910489287308064e-01	7.734365583343744133e-02	2.701813149417050391e-02	7.602177147469807439e-02
1.134940892123529466e+03	2.525309078554676678e-01	1.731619797611987643e-01	2.454991755828321576e-01	1.482777116208272294e-01	7.743258430067381792e-02	2.701813149417050391e-02	7.607950938443443223e-02
1.136392223187626087e+03	2.522836144611914633e-01	1.730640329664722421e-01	2.456115214178561656e-01	1.483642337716528925e-01	7.752137587587119849e-02	2.701813149417050391e-02	7.613709001239012120e-02
1.137843554251722708e+03	2.520367968118197299e-01	1.729662334742355922e-01	2.457236782858940594e-01	1.484506148339768961e-01	7.761003076696057490e-02	2.701813149417050391e-02	7.619451433254728623e-02
1.139294885315819101e+03	2.517904540058086282e-01	1.728685810571533588e-01	2.458356466670792162e-01	1.485368542891834232e-01	7.769854918155422174e-02	2.701813149417050391e-02	7.625178330465531840e-02
1.140746216379915950e+03	2.515445851434466307e-01	1.727710754882773592e-01	2.459474270259214834e-01	1.486229516462834188e-01	7.778693132694619594e-02	2.701813149417050391e-02	7.630889787455912010e-02
1.142197547444012343e+03	2.512991893268409216e-01	1.726737165410452968e-01	2.460590198119576577e-01	1.487089064409593264e-01	7.787517741011280858e-02	2.701813149417050391e-02	7.636585897451809990e-02
1.143648878508108737e+03	2.510542656599042965e-01	1.725765039892795671e-01	2.461704254603785114e-01	1.487947182346427144e-01	7.796328763771324943e-02	2.701813149417050391e-02	7.642266752351581371e-02
1.145100209572205586e+03	2.508098132483417841e-01	1.724794376071859536e-01	2.462816443926326981e-01	1.488803866136229337e-01	7.805126221608997550e-02	2.701813149417050391e-02	7.647932442756077975e-02
1.146551540636302207e+03	2.505658311996388776e-01	1.723825171693523506e-01	2.463926770170087877e-01	1.489659111881861675e-01	7.813910135126934942e-02	2.701813149417050391e-02	7.653583057997860595e-02
1.148002871700398828e+03	2.503223186230489894e-01	1.722857424507476254e-01	2.465035237291959003e-01	1.490512915917836800e-01	7.822680524896206966e-02	2.701813149417050391e-02	7.659218686169587398e-02
1.149454202764495449e+03	2.500792746295821267e-01	1.721891132267204250e-01	2.466141849128238583e-01	1.491365274802282370e-01	7.831437411456368403e-02	2.701813149417050391e-02	7.664839414151582153e-02
1.150905533828591842e+03	2.498366983319936785e-01	1.720926292729978435e-01	2.467246609399832702e-01	1.492216185309179488e-01	7.840180815315513085e-02	2.701813149417050391e-02	7.670445327638628075e-02
1.152356864892688463e+03	2.495945888447732297e-01	1.719962903656844233e-01	2.468349521717267958e-01	1.493065644420864535e-01	7.848910756950326639e-02	2.701813149417050391e-02	7.676036511166005327e-02
1.153808195956785084e+03	2.493529452841343474e-01	1.719000962812608779e-01	2.469450589585515388e-01	1.493913649320783021e-01	7.857627256806130889e-02	2.701813149417050391e-02	7.681613048134788846e-02
1.155259527020881706e+03	2.491117667680041725e-01	1.718040467965830098e-01	2.470549816408639243e-01	1.494760197386493794e-01	7.866330335296940757e-02	2.701813149417050391e-02	7.687175020836438388e-02
1.156710858084978327e+03	2.488710524160136772e-01	1.717081416888805445e-01	2.471647205494272026e-01	1.495605286182906668e-01	7.875020012805511449e-02	2.701813149417050391e-02	7.692722510476705799e-02
1.158162189149074720e+03	2.486308013494880620e-01	1.716123807357561037e-01	2.472742760057922151e-01	1.496448913455753205e-01	7.883696309683389802e-02	2.701813149417050391e-02	7.698255597198867817e-02
1.159613520213171569e+03	2.483910126914373739e-01	1.715167637151839286e-01	2.473836483227124794e-01	1.497291077125276759e-01	7.892359246250964244e-02	2.701813149417050391e-02	7.703774360106319108e-02
1.161064851277267962e+03	2.481516855665477084e-01	1.714212904055089637e-01	2.474928378045432587e-01	1.498131775280137357e-01	7.901008842797516141e-02	2.701813149417050391e-02	7.709278877284539422e-02
1.162516182341364356e+03	2.479128191011724658e-01	1.713259605854457190e-01	2.476018447476262263e-01	1.498971006171525011e-01	7.909645119581266981e-02	2.701813149417050391e-02	7.714769225822457055e-02
1.163967513405461204e+03	2.476744124233238864e-01	1.712307740340772155e-01	2.477106694406594201e-01	1.499808768207471221e-01	7.918268096829433889e-02	2.701813149417050391e-02	7.720245481833221124e-02
1.165418844469557826e+03	2.474364646626648623e-01	1.711357305308538745e-01	2.478193121650532627e-01	1.500645059947353366e-01	7.926877794738271255e-02	2.701813149417050391e-02	7.725707720474411788e-02
1.166870175533654447e+03	2.471989749505011102e-01	1.710408298555925743e-01	2.479277731952733432e-01	1.501479880096588670e-01	7.935474233473127637e-02	2.701813149417050391e-02	7.731156015967695361e-02
1.168321506597751068e+03	2.469619424197734281e-01	1.709460717884755954e-01	2.480360527991701258e-01	1.502313227501505255e-01	7.944057433168494331e-02	2.701813149417050391e-02	7.736590441617950675e-02
1.169772837661847461e+03	2.467253662050503116e-01	1.708514561100495655e-01	2.481441512382961401e-01	1.503145101144388318e-01	7.952627413928052558e-02	2.701813149417050391e-02	7.742011069831872261e-02
1.171224168725944082e+03	2.464892454425206825e-01	1.707569826012245162e-01	2.482520687682111815e-01	1.503975500138696186e-01	7.961184195824722032e-02	2.701813149417050391e-02	7.747417972136086406e-02
1.172675499790040703e+03	2.462535792699868942e-01	1.706626510432728283e-01	2.483598056387759656e-01	1.504804423724435958e-01	7.969727798900712312e-02	2.701813149417050391e-02	7.752811219194767622e-02
1.174126830854137097e+03	2.460183668268579593e-01	1.705684612178282600e-01	2.484673620944342354e-01	1.505631871263699573e-01	7.978258243167571373e-02	2.701813149417050391e-02	7.758190880826791591e-02
1.175578161918233945e+03	2.457836072541429440e-01	1.704744129068851144e-01	2.485747383744844330e-01	1.506457842236348377e-01	7.986775548606236952e-02	2.701813149417050391e-02	7.763557026022432916e-02
1.177029492982330339e+03	2.455492996944445561e-01	1.703805058927969907e-01	2.486819347133407132e-01	1.507282336235846731e-01	7.995279735167080959e-02	2.701813149417050391e-02	7.768909722959624342e-02
1.178480824046426733e+03	2.453154432919529282e-01	1.702867399582761732e-01	2.487889513407838538e-01	1.508105352965236345e-01	8.003770822769962212e-02	2.701813149417050391e-02	7.774249039019778817e-02
1.179932155110523581e+03	2.450820371924395669e-01	1.701931148863923826e-01	2.488957884822025624e-01	1.508926892233246053e-01	8.012248831304273622e-02	2.701813149417050391e-02	7.779575040803210495e-02
1.181383486174620202e+03	2.448490805432515516e-01	1.700996304605721099e-01	2.490024463588253745e-01	1.509746953950537041e-01	8.020713780628989376e-02	2.701813149417050391e-02	7.784887794144140782e-02
1.182834817238716823e+03	2.446165724933056784e-01	1.700062864645974503e-01	2.491089251879434197e-01	1.510565538126071583e-01	8.029165690572716285e-02	2.701813149417050391e-02	7.790187364125321368e-02
1.184286148302813444e+03	2.443845121930831032e-01	1.699130826826053542e-01	2.492152251831245835e-01	1.511382644863608626e-01	8.037604580933739584e-02	2.701813149417050391e-02	7.795473815092281156e-02
1.185737479366910065e+03	2.441528987946237628e-01	1.698200188990866555e-01	2.493213465544191765e-01	1.512198274358317329e-01	8.046030471480072888e-02	2.701813149417050391e-02	7.800747210667202669e-02
1.187188810431006686e+03	2.439217314515212676e-01	1.697270948988852390e-01	2.494272895085576369e-01	1.513012426893504125e-01	8.054443381949503988e-02	2.701813149417050391e-02	7.806007613762443176e-02
1.188640141495103080e+03	2.436910093189177395e-01	1.696343104671970414e-01	2.495330542491401571e-01	1.513825102837454140e-01	8.062843332049650369e-02	2.701813149417050391e-02	7.811255086593717201e-02
1.190091472559199701e+03	2.434607315534988436e-01	1.695416653895693015e-01	2.496386409768188430e-01	1.514636302640377241e-01	8.071230341457995283e-02	2.701813149417050391e-02	7.816489690692936254e-02
1.191542803623296322e+03	2.432308973134889585e-01	1.694491594518995337e-01	2.497440498894728522e-01	1.515446026831458737e-01	8.079604429821946043e-02	2.701813149417050391e-02	7.821711486920733536e-02
1.192994134687392716e+03	2.430015057586464855e-01	1.693567924404348057e-01	2.498492811823761484e-01	1.516254276016011926e-01	8.087965616758875653e-02	2.701813149417050391e-02	7.826920535478668062e-02
1.194445465751489564e+03	2.427725560502591862e-01	1.692645641417707958e-01	2.499543350483586224e-01	1.517061050872723638e-01	8.096313921856174156e-02	2.701813149417050391e-02	7.832116895921129029e-02
1.195896796815585958e+03	2.425440473511397965e-01	1.691724743428510147e-01	2.500592116779609686e-01	1.517866352150999132e-01	8.104649364671294431e-02	2.701813149417050391e-02	7.837300627166939038e-02
1.197348127879682352e+03	2.423159788256216141e-01	1.690805228309658903e-01	2.501639112595826497e-01	1.518670180668391934e-01	8.112971964731799379e-02	2.701813149417050391e-02	7.842471787510674197e-02
1.198799458943779200e+03	2.420883496395541956e-01	1.689887093937519624e-01	2.502684339796245050e-01	1.519472537308123039e-01	8.121281741535407717e-02	2.701813149417050391e-02	7.847630434633702523e-02
1.200250790007875821e+03	2.418611589602993883e-01	1.688970338191910225e-01	2.503727800226249744e-01	1.520273423016686165e-01	8.129578714550049490e-02	2.701813149417050391e-02	7.852776625614960038e-02
1.201702121071972442e+03	2.416344059567270552e-01	1.688054958956094198e-01	2.504769495713908833e-01	1.521072838801531268e-01	8.137862903213897992e-02	2.701813149417050391e-02	7.857910416941459031e-02
1.203153452136069063e+03	2.414080897992112451e-01	1.687140954116770342e-01	2.505809428071229528e-01	1.521870785728830222e-01	8.146134326935433601e-02	2.701813149417050391e-02	7.863031864518539582e-02
1.204604783200165684e+03	2.411822096596263343e-01	1.686228321564066657e-01	2.506847599095357593e-01	1.522667264921316044e-01	8.154393005093484026e-02	2.701813149417050391e-02	7.868141023679878221e-02
1.206056114264262078e+03	2.409567647113431688e-01	1.685317059191531464e-01	2.507884010569728095e-01	1.523462277556196509e-01	8.162638957037264553e-02	2.701813149417050391e-02	7.873237949197257890e-02
1.207507445328358699e+03	2.407317541292254282e-01	1.684407164896124520e-01	2.508918664265168408e-01	1.524255824863138542e-01	8.170872202086432168e-02	2.701813149417050391e-02	7.878322695290103372e-02
1.208958776392455093e+03	2.405071770896261285e-01	1.683498636578211471e-01	2.509951561940952924e-01	1.525047908122321716e-01	8.179092759531134127e-02	2.701813149417050391e-02	7.883395315634789124e-02
1.210410107456551941e+03	2.402830327703837920e-01	1.682591472141553857e-01	2.510982705345811694e-01	1.525838528662557536e-01	8.187300648632048206e-02	2.701813149417050391e-02	7.888455863373736165e-02
1.211861438520648335e+03	2.400593203508193385e-01	1.681685669493302171e-01	2.512012096218899648e-01	1.526627687859473115e-01	8.195495888620432656e-02	2.701813149417050391e-02	7.893504391124281372e-02
1.213312769584745183e+03	2.398360390117324770e-01	1.680781226543987816e-01	2.513039736290718085e-01	1.527415387133756186e-01	8.203678498698172006e-02	2.701813149417050391e-02	7.898540950987356646e-02
1.214764100648841804e+03	2.396131879353984584e-01	1.679878141207516440e-01	2.514065627284000626e-01	1.528201627949460073e-01	8.211848498037825628e-02	2.701813149417050391e-02	7.903565594555955753e-02
1.216215431712937971e+03	2.393907663055648560e-01	1.678976411401158775e-01	2.515089770914557543e-01	1.528986411812367219e-01	8.220005905782670763e-02	2.701813149417050391e-02	7.908578372923413813e-02
1.217666762777034819e+03	2.391687733074483180e-01	1.678076035045544534e-01	2.516112168892082890e-01	1.529769740268406841e-01	8.228150741046748318e-02	2.701813149417050391e-02	7.913579336691486943e-02
1.219118093841131440e+03	2.389472081277314586e-01	1.677177010064653806e-01	2.517132822920927215e-01	1.530551614902127822e-01	8.236283022914911434e-02	2.701813149417050391e-02	7.918568535978263989e-02
1.220569424905228061e+03	2.387260699545599163e-01	1.676279334385810393e-01	2.518151734700833089e-01	1.531332037335222940e-01	8.244402770442874062e-02	2.701813149417050391e-02	7.923546020425879799e-02
1.222020755969324682e+03	2.385053579775391897e-01	1.675383005939673764e-01	2.519168905927638979e-01	1.532111009225104181e-01	8.252510002657247046e-02	2.701813149417050391e-02	7.928511839208074452e-02
1.223472087033421303e+03	2.382850713877317783e-01	1.674488022660232112e-01	2.520184338293949833e-01	1.532888532263524395e-01	8.260604738555595017e-02	2.701813149417050391e-02	7.933466041037572081e-02
1.224923418097517697e+03	2.380652093776542411e-01	1.673594382484795418e-01	2.521198033489776003e-01	1.533664608175249744e-01	8.268686997106475256e-02	2.701813149417050391e-02	7.938408674173295931e-02
1.226374749161614318e+03	2.378457711412743647e-01	1.672702083353987124e-01	2.522209993203144984e-01	1.534439238716774345e-01	8.276756797249483488e-02	2.701813149417050391e-02	7.943339786427426608e-02
1.227826080225710712e+03	2.376267558740083330e-01	1.671811123211737471e-01	2.523220219120679841e-01	1.535212425675078762e-01	8.284814157895306619e-02	2.701813149417050391e-02	7.948259425172309045e-02
1.229277411289807560e+03	2.374081627727180344e-01	1.670921500005276839e-01	2.524228712928154872e-01	1.535984170866432907e-01	8.292859097925757428e-02	2.701813149417050391e-02	7.953167637347202668e-02
1.230728742353903954e+03	2.371899910357082863e-01	1.670033211685128249e-01	2.525235476311020189e-01	1.536754476135238634e-01	8.300891636193828693e-02	2.701813149417050391e-02	7.958064469464887214e-02
1.232180073418000802e+03	2.369722398627241433e-01	1.669146256205099876e-01	2.526240510954903540e-01	1.537523343352910632e-01	8.308911791523733437e-02	2.701813149417050391e-02	7.962949967618127012e-02
1.233631404482097196e+03	2.367549084549483707e-01	1.668260631522278381e-01	2.527243818546087151e-01	1.538290774416797291e-01	8.316919582710952108e-02	2.701813149417050391e-02	7.967824177485995085e-02
1.235082735546193817e+03	2.365379960149988081e-01	1.667376335597021975e-01	2.528245400771958473e-01	1.539056771249138478e-01	8.324915028522278382e-02	2.701813149417050391e-02	7.972687144340066812e-02
1.236534066610290438e+03	2.363215017469257329e-01	1.666493366392954034e-01	2.529245259321439843e-01	1.539821335796056623e-01	8.332898147695859403e-02	2.701813149417050391e-02	7.977538913050477576e-02
1.237985397674387059e+03	2.361054248562094726e-01	1.665611721876954499e-01	2.530243395885396485e-01	1.540584470026585273e-01	8.340868958941249911e-02	2.701813149417050391e-02	7.982379528091852749e-02
1.239436728738483680e+03	2.358897645497577689e-01	1.664731400019155150e-01	2.531239812157022318e-01	1.541346175931728735e-01	8.348827480939446932e-02	2.701813149417050391e-02	7.987209033549122483e-02
1.240888059802580301e+03	2.356745200359035286e-01	1.663852398792931286e-01	2.532234509832206326e-01	1.542106455523554187e-01	8.356773732342943906e-02	2.701813149417050391e-02	7.992027473123201886e-02
1.242339390866676695e+03	2.354596905244021321e-01	1.662974716174895062e-01	2.533227490609876731e-01	1.542865310834315717e-01	8.364707731775765376e-02	2.701813149417050391e-02	7.996834890136567120e-02
1.243790721930773088e+03	2.352452752264293512e-01	1.662098350144889936e-01	2.534218756192328503e-01	1.543622743915607498e-01	8.372629497833519729e-02	2.701813149417050391e-02	8.001631327538709371e-02
1.245242052994869937e+03	2.350312733545786847e-01	1.661223298685982619e-01	2.535208308285535339e-01	1.544378756837545552e-01	8.380539049083440828e-02	2.701813149417050391e-02	8.006416827911476408e-02
1.246693384058966330e+03	2.348176841228592493e-01	1.660349559784456974e-01	2.536196148599439426e-01	1.545133351687978940e-01	8.388436404064431029e-02	2.701813149417050391e-02	8.011191433474315615e-02
1.248144715123063179e+03	2.346045067466933642e-01	1.659477131429807351e-01	2.537182278848224004e-01	1.545886530571726480e-01	8.396321581287108371e-02	2.701813149417050391e-02	8.015955186089403217e-02
1.249596046187159800e+03	2.343917404429142204e-01	1.658606011614731923e-01	2.538166700750576488e-01	1.546638295609840397e-01	8.404194599233849594e-02	2.701813149417050391e-02	8.020708127266668042e-02
1.251047377251256421e+03	2.341793844297637150e-01	1.657736198335126310e-01	2.539149416029928275e-01	1.547388648938895217e-01	8.412055476358833161e-02	2.701813149417050391e-02	8.025450298168727847e-02
1.252498708315352815e+03	2.339674379268901205e-01	1.656867689590076631e-01	2.540130426414685116e-01	1.548137592710299715e-01	8.419904231088085056e-02	2.701813149417050391e-02	8.030181739615718794e-02
1.253950039379449436e+03	2.337559001553459748e-01	1.656000483381853683e-01	2.541109733638440282e-01	1.548885129089634383e-01	8.427740881819521801e-02	2.701813149417050391e-02	8.034902492090027770e-02
1.255401370443546057e+03	2.335447703375857775e-01	1.655134577715905997e-01	2.542087339440174953e-01	1.549631260256011112e-01	8.435565446922992094e-02	2.701813149417050391e-02	8.039612595740940060e-02
1.256852701507642678e+03	2.333340476974638811e-01	1.654269970600853457e-01	2.543063245564445851e-01	1.550375988401452854e-01	8.443377944740326768e-02	2.701813149417050391e-02	8.044312090389196812e-02
1.258304032571739299e+03	2.331237314602322419e-01	1.653406660048481192e-01	2.544037453761558987e-01	1.551119315730297432e-01	8.451178393585379034e-02	2.701813149417050391e-02	8.049001015531455361e-02
1.259755363635835920e+03	2.329138208525383946e-01	1.652544644073732638e-01	2.545009965787732864e-01	1.551861244458619948e-01	8.458966811744067504e-02	2.701813149417050391e-02	8.053679410344677381e-02
1.261206694699932314e+03	2.327043151024232037e-01	1.651683920694703989e-01	2.545980783405247805e-01	1.552601776813675727e-01	8.466743217474417826e-02	2.701813149417050391e-02	8.058347313690421287e-02
1.262658025764028707e+03	2.324952134393188652e-01	1.650824487932637807e-01	2.546949908382588057e-01	1.553340915033361858e-01	8.474507629006611253e-02	2.701813149417050391e-02	8.063004764119065249e-02
1.264109356828125556e+03	2.322865150940466861e-01	1.649966343811915537e-01	2.547917342494567250e-01	1.554078661365698444e-01	8.482260064543026279e-02	2.701813149417050391e-02	8.067651799873938601e-02
1.265560687892221949e+03	2.320782192988151416e-01	1.649109486360052779e-01	2.548883087522448299e-01	1.554815018068325394e-01	8.490000542258281657e-02	2.701813149417050391e-02	8.072288458895388041e-02
1.267012018956318798e+03	2.318703252872176268e-01	1.648253913607692633e-01	2.549847145254053871e-01	1.555549987408018642e-01	8.497729080299276649e-02	2.701813149417050391e-02	8.076914778824760555e-02
1.268463350020415419e+03	2.316628322942306806e-01	1.647399623588599593e-01	2.550809517483860756e-01	1.556283571660223575e-01	8.505445696785239595e-02	2.701813149417050391e-02	8.081530797008315559e-02
1.269914681084511813e+03	2.314557395562115982e-01	1.646546614339652326e-01	2.551770206013093123e-01	1.557015773108600676e-01	8.513150409807768160e-02	2.701813149417050391e-02	8.086136550501066278e-02
1.271366012148608434e+03	2.312490463108966832e-01	1.645694883900839511e-01	2.552729212649805790e-01	1.557746594044591149e-01	8.520843237430872352e-02	2.701813149417050391e-02	8.090732076070554502e-02
1.272817343212705055e+03	2.310427517973990819e-01	1.644844430315252071e-01	2.553686539208951389e-01	1.558476036766996142e-01	8.528524197691017550e-02	2.701813149417050391e-02	8.095317410200543462e-02
1.274268674276801676e+03	2.308368552562067577e-01	1.643995251629077892e-01	2.554642187512449203e-01	1.559204103581568468e-01	8.536193308597168905e-02	2.701813149417050391e-02	8.099892589094663531e-02
1.275720005340898297e+03	2.306313559291806314e-01	1.643147345891596001e-01	2.555596159389241784e-01	1.559930796800621244e-01	8.543850588130830204e-02	2.701813149417050391e-02	8.104457648679978810e-02
1.277171336404994690e+03	2.304262530595524439e-01	1.642300711155169346e-01	2.556548456675344916e-01	1.560656118742647924e-01	8.551496054246093825e-02	2.701813149417050391e-02	8.109012624610500986e-02
1.278622667469091539e+03	2.302215458919228963e-01	1.641455345475240912e-01	2.557499081213888137e-01	1.561380071731957309e-01	8.559129724869676825e-02	2.701813149417050391e-02	8.113557552270626860e-02
1.280073998533187932e+03	2.300172336722595134e-01	1.640611246910325949e-01	2.558448034855155262e-01	1.562102658098319663e-01	8.566751617900966731e-02	2.701813149417050391e-02	8.118092466778532856e-02
1.281525329597284326e+03	2.298133156478948669e-01	1.639768413522006141e-01	2.559395319456609363e-01	1.562823880176625602e-01	8.574361751212061789e-02	2.701813149417050391e-02	8.122617402989495972e-02
1.282976660661381175e+03	2.296097910675244658e-01	1.638926843374925446e-01	2.560340936882920526e-01	1.563543740306556629e-01	8.581960142647816758e-02	2.701813149417050391e-02	8.127132395499167550e-02
1.284427991725477568e+03	2.294066591812049249e-01	1.638086534536782046e-01	2.561284889005980281e-01	1.564262240832268169e-01	8.589546810025880386e-02	2.701813149417050391e-02	8.131637478646784600e-02
1.285879322789574417e+03	2.292039192403519110e-01	1.637247485078323905e-01	2.562227177704914372e-01	1.564979384102081206e-01	8.597121771136742585e-02	2.701813149417050391e-02	8.136132686518329771e-02
1.287330653853671038e+03	2.290015704977382549e-01	1.636409693073342386e-01	2.563167804866091637e-01	1.565695172468187790e-01	8.604685043743777462e-02	2.701813149417050391e-02	8.140618052949635808e-02
1.288781984917767431e+03	2.287996122074921201e-01	1.635573156598666422e-01	2.564106772383124011e-01	1.566409608286363220e-01	8.612236645583276617e-02	2.701813149417050391e-02	8.145093611529438671e-02
1.290233315981864052e+03	2.285980436250948100e-01	1.634737873734156965e-01	2.565044082156860972e-01	1.567122693915691534e-01	8.619776594364501887e-02	2.701813149417050391e-02	8.149559395602373746e-02
