1.001418434226643626e+03	2.857197723340755280e-01	1.704378932089221921e-01	2.340940825292363026e-01	1.424118575084890592e-01	6.927607446356456866e-02	2.775407951152968761e-02	7.030624044414317264e-02
1.003837319333471214e+03	2.852816504251384777e-01	1.701732532725094560e-01	2.343880490398471683e-01	1.425935337845981310e-01	6.935093316593189672e-02	2.779389027777396520e-02	7.041869003416134642e-02
1.006256204440298802e+03	2.848447889867248284e-01	1.699093747241633978e-01	2.346811537700524419e-01	1.427746738772528168e-01	6.942557917394506783e-02	2.783360592285323218e-02	7.053082354496857664e-02
1.008675089547126618e+03	2.844091843887959770e-01	1.696462553709380261e-01	2.349733992092894186e-01	1.429552794527442772e-01	6.950001310726323933e-02	2.787322669507601505e-02	7.064264177585334592e-02
1.011093974653954206e+03	2.839748330118013753e-01	1.693838930262262232e-01	2.352647878398212433e-01	1.431353521711094257e-01	6.957423558349291881e-02	2.791275284203017029e-02	7.075414552547894254e-02
1.013512859760782021e+03	2.835417312466477768e-01	1.691222855097412325e-01	2.355553221367576722e-01	1.433148936861687872e-01	6.964824721819841413e-02	2.795218461058561824e-02	7.086533559186072861e-02
1.015931744867609382e+03	2.831098754946685392e-01	1.688614306474980342e-01	2.358450045680758056e-01	1.434939056455644679e-01	6.972204862491232502e-02	2.799152224689706314e-02	7.097621277234393566e-02
1.018350629974437197e+03	2.826792621675931483e-01	1.686013262717948602e-01	2.361338375946405166e-01	1.436723896907973475e-01	6.979564041514579875e-02	2.803076599640670283e-02	7.108677786358182094e-02
1.020769515081264785e+03	2.822498876875165208e-01	1.683419702211946534e-01	2.364218236702251008e-01	1.438503474572641327e-01	6.986902319839868869e-02	2.806991610384689667e-02	7.119703166151421236e-02
1.023188400188092373e+03	2.818217484868688616e-01	1.680833603405067767e-01	2.367089652415317047e-01	1.440277805742938566e-01	6.994219758216974059e-02	2.810897281324283709e-02	7.130697496134645597e-02
1.025607285294920075e+03	2.813948410083851326e-01	1.678254944807685833e-01	2.369952647482118369e-01	1.442046906651840710e-01	7.001516417196657072e-02	2.814793636791520018e-02	7.141660855752883508e-02
1.028026170401747549e+03	2.809691617050751877e-01	1.675683704992271816e-01	2.372807246228865463e-01	1.443810793472366516e-01	7.008792357131560236e-02	2.818680701048276865e-02	7.152593324373626715e-02
1.030445055508575479e+03	2.805447070401934084e-01	1.673119862593211715e-01	2.375653472911668784e-01	1.445569482317933530e-01	7.016047638177189127e-02	2.822558498286504430e-02	7.163494981284843077e-02
1.032863940615402726e+03	2.801214734872087830e-01	1.670563396306624371e-01	2.378491351716740254e-01	1.447322989242708635e-01	7.023282320292886793e-02	2.826427052628485356e-02	7.174365905693032286e-02
1.035282825722230655e+03	2.796994575297750418e-01	1.668014284890181609e-01	2.381320906760595324e-01	1.449071330241953615e-01	7.030496463242795480e-02	2.830286388127090796e-02	7.185206176721312121e-02
1.037701710829058356e+03	2.792786556617007365e-01	1.665472507162926441e-01	2.384142162090254202e-01	1.450814521252371536e-01	7.037690126596821139e-02	2.834136528766038540e-02	7.196015873407543562e-02
1.040120595935886058e+03	2.788590643869196528e-01	1.662938042005094041e-01	2.386955141683441972e-01	1.452552578152445928e-01	7.044863369731571567e-02	2.837977498460146630e-02	7.206795074702490589e-02
1.042539481042713533e+03	2.784406802194611119e-01	1.660410868357930780e-01	2.389759869448789820e-01	1.454285516762776342e-01	7.052016251831301485e-02	2.841809321055585591e-02	7.217543859468018852e-02
1.044958366149541234e+03	2.780234996834204386e-01	1.657890965223517143e-01	2.392556369226032931e-01	1.456013352846414477e-01	7.059148831888838183e-02	2.845632020330131698e-02	7.228262306475323473e-02
1.047377251256368709e+03	2.776075193129294294e-01	1.655378311664588986e-01	2.395344664786210609e-01	1.457736102109192244e-01	7.066261168706511331e-02	2.849445619993414350e-02	7.238950494403197100e-02
1.049796136363196410e+03	2.771927356521271535e-01	1.652872886804358510e-01	2.398124779831863340e-01	1.459453780200049566e-01	7.073353320897053653e-02	2.853250143687166215e-02	7.249608501836332652e-02
1.052215021470024112e+03	2.767791452551306430e-01	1.650374669826338014e-01	2.400896737997231800e-01	1.461166402711357448e-01	7.080425346884522408e-02	2.857045614985468870e-02	7.260236407263653824e-02
1.054633906576851814e+03	2.763667446860056387e-01	1.647883639974164482e-01	2.403660562848452253e-01	1.462873985179239111e-01	7.087477304905184794e-02	2.860832057394997741e-02	7.270834289076681667e-02
1.057052791683679516e+03	2.759555305187375573e-01	1.645399776551421112e-01	2.406416277883755284e-01	1.464576543083885574e-01	7.094509253008410288e-02	2.864609494355265309e-02	7.281402225567928932e-02
1.059471676790506763e+03	2.755454993372025707e-01	1.642923058921464119e-01	2.409163906533660082e-01	1.466274091849871786e-01	7.101521249057554663e-02	2.868377949238864674e-02	7.291940294929341593e-02
1.061890561897334692e+03	2.751366477351386841e-01	1.640453466507245106e-01	2.411903472161170403e-01	1.467966646846466383e-01	7.108513350730831515e-02	2.872137445351708937e-02	7.302448575250750085e-02
1.064309447004162394e+03	2.747289723161167596e-01	1.637990978791139252e-01	2.414634998061969129e-01	1.469654223387939496e-01	7.115485615522181007e-02	2.875888005933269903e-02	7.312927144518366340e-02
1.066728332110990095e+03	2.743224696935120388e-01	1.635535575314770174e-01	2.417358507464613671e-01	1.471336836733868336e-01	7.122438100742126132e-02	2.879629654156816432e-02	7.323376080613308581e-02
1.069147217217817570e+03	2.739171364904752770e-01	1.633087235678836180e-01	2.420074023530727203e-01	1.473014502089438349e-01	7.129370863518623425e-02	2.883362413129650359e-02	7.333795461310151087e-02
1.071566102324645271e+03	2.735129693399044326e-01	1.630645939542938738e-01	2.422781569355194620e-01	1.474687234605743247e-01	7.136283960797909498e-02	2.887086305893341379e-02	7.344185364275511441e-02
1.073984987431472746e+03	2.731099648844160233e-01	1.628211666625408727e-01	2.425481167966353491e-01	1.476355049380079776e-01	7.143177449345332330e-02	2.890801355423959496e-02	7.354545867066655807e-02
1.076403872538300675e+03	2.727081197763168707e-01	1.625784396703135737e-01	2.428172842326186132e-01	1.478017961456241647e-01	7.150051385746188093e-02	2.894507584632308173e-02	7.364877047130148624e-02
1.078822757645127922e+03	2.723074306775756237e-01	1.623364109611397099e-01	2.430856615330511672e-01	1.479675985824810969e-01	7.156905826406537163e-02	2.898205016364154354e-02	7.375178981800516176e-02
1.081241642751955851e+03	2.719078942597948911e-01	1.620950785243686076e-01	2.433532509809175903e-01	1.481329137423443854e-01	7.163740827554018753e-02	2.901893673400457105e-02	7.385451748298942076e-02
1.083660527858783553e+03	2.715095072041828761e-01	1.618544403551542277e-01	2.436200548526243070e-01	1.482977431137156854e-01	7.170556445238665533e-02	2.905573578457596590e-02	7.395695423731994678e-02
1.086079412965611255e+03	2.711122662015253981e-01	1.616144944544382067e-01	2.438860754180184331e-01	1.484620881798608683e-01	7.177352735333698830e-02	2.909244754187598897e-02	7.405910085090372519e-02
1.088498298072438729e+03	2.707161679521580822e-01	1.613752388289330097e-01	2.441513149404067884e-01	1.486259504188379987e-01	7.184129753536325214e-02	2.912907223178362245e-02	7.416095809247691406e-02
1.090917183179266431e+03	2.703212091659382699e-01	1.611366714911049158e-01	2.444157756765746869e-01	1.487893313035249521e-01	7.190887555368524753e-02	2.916561007953881457e-02	7.426252672959278434e-02
1.093336068286093905e+03	2.699273865622174862e-01	1.608987904591573925e-01	2.446794598768048112e-01	1.489522323016468641e-01	7.197626196177832336e-02	2.920206130974468961e-02	7.436380752861002086e-02
1.095754953392921607e+03	2.695346968698136836e-01	1.606615937570142760e-01	2.449423697848959469e-01	1.491146548758034429e-01	7.204345731138112052e-02	2.923842614636976492e-02	7.446480125468135647e-02
1.098173838499749309e+03	2.691431368269836533e-01	1.604250794143029513e-01	2.452045076381816902e-01	1.492766004834956139e-01	7.211046215250328795e-02	2.927470481275015399e-02	7.456550867174226160e-02
1.100592723606577010e+03	2.687527031813953804e-01	1.601892454663378929e-01	2.454658756675491271e-01	1.494380705771524154e-01	7.217727703343300438e-02	2.931089753159176262e-02	7.466593054250003636e-02
1.103011608713404712e+03	2.683633926901007882e-01	1.599540899541039563e-01	2.457264760974573192e-01	1.495990666041572825e-01	7.224390250074465281e-02	2.934700452497243997e-02	7.476606762842306908e-02
1.105430493820231959e+03	2.679752021195084266e-01	1.597196109242398354e-01	2.459863111459559826e-01	1.497595900068743879e-01	7.231033909930630055e-02	2.938302601434415393e-02	7.486592068973038638e-02
1.107849378927059888e+03	2.675881282453560495e-01	1.594858064290216038e-01	2.462453830247038900e-01	1.499196422226742875e-01	7.237658737228705452e-02	2.941896222053514906e-02	7.496549048538136972e-02
1.110268264033887590e+03	2.672021678526835253e-01	1.592526745263463106e-01	2.465036939389873283e-01	1.500792246839598998e-01	7.244264786116451360e-02	2.945481336375206996e-02	7.506477777306574950e-02
1.112687149140715292e+03	2.668173177358057480e-01	1.590202132797153556e-01	2.467612460877385006e-01	1.502383388181918189e-01	7.250852110573202669e-02	2.949057966358209840e-02	7.516378330919384898e-02
1.115106034247542766e+03	2.664335746982854913e-01	1.587884207582184737e-01	2.470180416635537612e-01	1.503969860479135168e-01	7.257420764410600633e-02	2.952626133899505581e-02	7.526250784888696699e-02
1.117524919354370468e+03	2.660509355529068753e-01	1.585572950365172484e-01	2.472740828527120183e-01	1.505551677907764618e-01	7.263970801273307576e-02	2.956185860834551274e-02	7.536095214596803815e-02
1.119943804461197942e+03	2.656693971216480543e-01	1.583268341948288471e-01	2.475293718351928851e-01	1.507128854595647383e-01	7.270502274639727147e-02	2.959737168937488436e-02	7.545911695295254296e-02
1.122362689568025871e+03	2.652889562356545716e-01	1.580970363189099226e-01	2.477839107846948330e-01	1.508701404622197761e-01	7.277015237822705152e-02	2.963280079921350174e-02	7.555700302103958432e-02
1.124781574674853118e+03	2.649096097352128254e-01	1.578678995000404039e-01	2.480377018686533153e-01	1.510269342018644434e-01	7.283509743970238703e-02	2.966814615438267966e-02	7.565461110010311685e-02
1.127200459781681047e+03	2.645313544697235342e-01	1.576394218350073984e-01	2.482907472482588918e-01	1.511832680768273873e-01	7.289985846066170116e-02	2.970340797079677048e-02	7.575194193868349524e-02
1.129619344888508749e+03	2.641541872976748695e-01	1.574116014260892038e-01	2.485430490784751034e-01	1.513391434806667657e-01	7.296443596930879405e-02	2.973858646376522502e-02	7.584899628397921700e-02
1.132038229995336451e+03	2.637781050866162547e-01	1.571844363810392387e-01	2.487946095080565689e-01	1.514945618021940332e-01	7.302883049221971234e-02	2.977368184799461526e-02	7.594577488183872072e-02
1.134457115102163925e+03	2.634031047131321079e-01	1.569579248130701377e-01	2.490454306795667760e-01	1.516495244254972841e-01	7.309304255434954933e-02	2.980869433759064657e-02	7.604227847675258667e-02
1.136876000208991627e+03	2.630291830628152527e-01	1.567320648408378203e-01	2.492955147293960672e-01	1.518040327299647330e-01	7.315707267903923117e-02	2.984362414606019434e-02	7.613850781184577921e-02
1.139294885315819101e+03	2.626563370302409939e-01	1.565068545884256979e-01	2.495448637877792919e-01	1.519580880903075026e-01	7.322092138802219208e-02	2.987847148631328151e-02	7.623446362887012495e-02
1.141713770422646803e+03	2.622845635189408053e-01	1.562822921853288249e-01	2.497934799788136817e-01	1.521116918765826609e-01	7.328458920143102184e-02	2.991323657066509087e-02	7.633014666819699923e-02
1.144132655529474505e+03	2.619138594413764065e-01	1.560583757664380788e-01	2.500413654204764469e-01	1.522648454542158969e-01	7.334807663780414100e-02	2.994791961083793919e-02	7.642555766881022061e-02
1.146551540636302207e+03	2.615442217189136720e-01	1.558351034720245887e-01	2.502885222246423735e-01	1.524175501840239200e-01	7.341138421409225401e-02	2.998252081796323396e-02	7.652069736829900104e-02
1.148970425743129908e+03	2.611756472817969854e-01	1.556124734477239979e-01	2.505349524971017261e-01	1.525698074222366918e-01	7.347451244566491346e-02	3.001704040258344752e-02	7.661556650285125669e-02
1.151389310849957155e+03	2.608081330691232047e-01	1.553904838445208658e-01	2.507806583375774001e-01	1.527216185205195198e-01	7.353746184631697325e-02	3.005147857465406344e-02	7.671016580724694667e-02
1.153808195956785084e+03	2.604416760288159605e-01	1.551691328187330687e-01	2.510256418397427969e-01	1.528729848259950119e-01	7.360023292827498620e-02	3.008583554354551590e-02	7.680449601485163369e-02
1.156227081063612786e+03	2.600762731176001208e-01	1.549484185319963125e-01	2.512699050912388099e-01	1.530239076812647814e-01	7.366282620220357402e-02	3.012011151804511871e-02	7.689855785761026685e-02
1.158645966170440488e+03	2.597119213009761451e-01	1.547283391512487005e-01	2.515134501736915329e-01	1.531743884244308740e-01	7.372524217721170003e-02	3.015430670635898050e-02	7.699235206604108928e-02
1.161064851277267962e+03	2.593486175531944937e-01	1.545088928487151902e-01	2.517562791627296348e-01	1.533244283891171678e-01	7.378748136085896969e-02	3.018842131611391977e-02	7.708587936922964290e-02
1.163483736384095664e+03	2.589863588572304254e-01	1.542900778018924113e-01	2.519983941280014572e-01	1.534740289044904393e-01	7.384954425916187559e-02	3.022245555435936273e-02	7.717914049482307859e-02
1.165902621490923138e+03	2.586251422047584625e-01	1.540718921935331220e-01	2.522397971331924449e-01	1.536231912952814305e-01	7.391143137659991758e-02	3.025640962756923416e-02	7.727213616902452176e-02
1.168321506597751068e+03	2.582649645961271334e-01	1.538543342116310830e-01	2.524804902360420766e-01	1.537719168818056370e-01	7.397314321612176446e-02	3.029028374164383780e-02	7.736486711658760451e-02
1.170740391704578315e+03	2.579058230403339369e-01	1.536374020494057080e-01	2.527204754883612958e-01	1.539202069799838757e-01	7.403468027915129090e-02	3.032407810191172989e-02	7.745733406081121986e-02
1.173159276811406244e+03	2.575477145550001401e-01	1.534210939052869649e-01	2.529597549360495523e-01	1.540680629013628511e-01	7.409604306559371134e-02	3.035779291313157879e-02	7.754953772353433139e-02
1.175578161918233945e+03	2.571906361663455765e-01	1.532054079829001658e-01	2.531983306191115113e-01	1.542154859531353062e-01	7.415723207384147808e-02	3.039142837949401071e-02	7.764147882513106058e-02
1.177997047025061647e+03	2.568345849091639432e-01	1.529903424910508958e-01	2.534362045716744838e-01	1.543624774381601450e-01	7.421824780078029038e-02	3.042498470462346241e-02	7.773315808450574627e-02
1.180415932131889122e+03	2.564795578267978216e-01	1.527758956437099691e-01	2.536733788220052466e-01	1.545090386549825279e-01	7.427909074179499249e-02	3.045846209158001305e-02	7.782457621908833723e-02
1.182834817238716823e+03	2.561255519711137518e-01	1.525620656599983860e-01	2.539098553925267510e-01	1.546551708978535500e-01	7.433976139077545786e-02	3.049186074286120221e-02	7.791573394482977089e-02
1.185253702345544298e+03	2.557725644024776979e-01	1.523488507641723444e-01	2.541456362998351093e-01	1.548008754567498646e-01	7.440026024012236228e-02	3.052518086040385825e-02	7.800663197619761569e-02
1.187672587452371999e+03	2.554205921897300668e-01	1.521362491856084742e-01	2.543807235547164147e-01	1.549461536173931675e-01	7.446058778075305418e-02	3.055842264558589552e-02	7.809727102617176897e-02
1.190091472559199701e+03	2.550696324101615065e-01	1.519242591587887103e-01	2.546151191621633947e-01	1.550910066612695426e-01	7.452074450210723067e-02	3.059158629922811498e-02	7.818765180624032141e-02
1.192510357666027403e+03	2.547196821494879804e-01	1.517128789232856934e-01	2.548488251213921751e-01	1.552354358656486133e-01	7.458073089215266904e-02	3.062467202159600138e-02	7.827777502639560181e-02
1.194929242772855105e+03	2.543707385018267875e-01	1.515021067237478647e-01	2.550818434258590450e-01	1.553794425036024440e-01	7.464054743739090281e-02	3.065768001240148574e-02	7.836764139513026362e-02
1.197348127879682352e+03	2.540227985696716928e-01	1.512919408098847840e-01	2.553141760632766655e-01	1.555230278440244973e-01	7.470019462286286993e-02	3.069061047080474253e-02	7.845725161943352399e-02
1.199767012986510281e+03	2.536758594638689468e-01	1.510823794364523909e-01	2.555458250156312228e-01	1.556661931516482855e-01	7.475967293215442233e-02	3.072346359541592437e-02	7.854660640478758338e-02
1.202185898093337983e+03	2.533299183035930269e-01	1.508734208632383778e-01	2.557767922591982490e-01	1.558089396870659948e-01	7.481898284740197413e-02	3.075623958429694188e-02	7.863570645516415603e-02
1.204604783200165684e+03	2.529849722163223791e-01	1.506650633550475071e-01	2.560070797645597196e-01	1.559512687067468317e-01	7.487812484929795565e-02	3.078893863496320882e-02	7.872455247302106995e-02
1.207023668306993159e+03	2.526410183378153818e-01	1.504573051816872342e-01	2.562366894966200959e-01	1.560931814630552306e-01	7.493709941709629507e-02	3.082156094438535943e-02	7.881314515929908893e-02
1.209442553413820860e+03	2.522980538120863647e-01	1.502501446179529687e-01	2.564656234146227565e-01	1.562346792042690335e-01	7.499590702861788638e-02	3.085410670899100399e-02	7.890148521341870669e-02
1.211861438520648335e+03	2.519560757913815729e-01	1.500435799436137252e-01	2.566938834721663176e-01	1.563757631745975318e-01	7.505454816025594611e-02	3.088657612466643929e-02	7.898957333327720487e-02
1.214280323627476264e+03	2.516150814361555188e-01	1.498376094433976624e-01	2.569214716172208979e-01	1.565164346141991181e-01	7.511302328698142572e-02	3.091896938675835205e-02	7.907741021524573866e-02
1.216699208734303511e+03	2.512750679150469457e-01	1.496322314069777060e-01	2.571483897921443273e-01	1.566566947591992442e-01	7.517133288234829902e-02	3.095128669007555372e-02	7.916499655416658898e-02
1.219118093841131440e+03	2.509360324048551250e-01	1.494274441289571986e-01	2.573746399336984680e-01	1.567965448417077690e-01	7.522947741849890513e-02	3.098352822889065619e-02	7.925233304335047024e-02
1.221536978947959142e+03	2.505979720905164299e-01	1.492232459088555230e-01	2.576002239730651455e-01	1.569359860898364989e-01	7.528745736616919426e-02	3.101569419694176488e-02	7.933942037457400454e-02
1.223955864054786844e+03	2.502608841650805771e-01	1.490196350510939460e-01	2.578251438358622472e-01	1.570750197277164251e-01	7.534527319469393192e-02	3.104778478743417183e-02	7.942625923807727917e-02
1.226374749161614318e+03	2.499247658296869512e-01	1.488166098649813529e-01	2.580494014421598759e-01	1.572136469755149035e-01	7.540292537201184753e-02	3.107980019304201758e-02	7.951285032256148744e-02
1.228793634268442020e+03	2.495896142935414841e-01	1.486141686647000915e-01	2.582729987064963928e-01	1.573518690494527805e-01	7.546041436467094965e-02	3.111174060590997034e-02	7.959919431518676369e-02
1.231212519375269494e+03	2.492554267738931184e-01	1.484123097692917892e-01	2.584959375378940716e-01	1.574896871618211014e-01	7.551774063783348034e-02	3.114360621765487058e-02	7.968529190156997677e-02
1.233631404482097196e+03	2.489222004960105206e-01	1.482110315026433089e-01	2.587182198398751964e-01	1.576271025209981247e-01	7.557490465528109158e-02	3.117539721936739977e-02	7.977114376578270383e-02
1.236050289588924898e+03	2.485899326931587938e-01	1.480103321934726768e-01	2.589398475104779385e-01	1.577641163314658368e-01	7.563190687941991064e-02	3.120711380161372145e-02	7.985675059034941237e-02
1.238469174695752372e+03	2.482586206065764134e-01	1.478102101753150655e-01	2.591608224422721207e-01	1.579007297938264665e-01	7.568874777128553610e-02	3.123875615443710840e-02	7.994211305624554509e-02
1.240888059802580301e+03	2.479282614854520783e-01	1.476106637865089166e-01	2.593811465223748725e-01	1.580369441048190271e-01	7.574542779054802000e-02	3.127032446735958371e-02	8.002723184289577130e-02
1.243306944909407548e+03	2.475988525869016466e-01	1.474116913701818965e-01	2.596008216324664497e-01	1.581727604573354706e-01	7.580194739551689154e-02	3.130181892938353055e-02	8.011210762817240483e-02
1.245725830016235477e+03	2.472703911759452089e-01	1.472132912742370459e-01	2.598198496488058895e-01	1.583081800404369244e-01	7.585830704314604211e-02	3.133323972899333676e-02	8.019674108839386362e-02
1.248144715123063179e+03	2.469428745254842184e-01	1.470154618513389577e-01	2.600382324422466640e-01	1.584432040393696783e-01	7.591450718903862416e-02	3.136458705415695603e-02	8.028113289832318478e-02
1.250563600229890881e+03	2.466162999162786196e-01	1.468182014589000384e-01	2.602559718782522236e-01	1.585778336355812279e-01	7.597054828745194999e-02	3.139586109232754552e-02	8.036528373116669233e-02
1.252982485336718355e+03	2.462906646369241725e-01	1.466215084590666295e-01	2.604730698169113734e-01	1.587120700067360113e-01	7.602643079130232129e-02	3.142706203044506180e-02	8.044919425857272044e-02
1.255401370443546057e+03	2.459659659838296653e-01	1.464253812187053805e-01	2.606895281129539832e-01	1.588459143267311191e-01	7.608215515216984470e-02	3.145819005493782211e-02	8.053286515063041995e-02
1.257820255550373531e+03	2.456422012611943206e-01	1.462298181093894534e-01	2.609053486157664747e-01	1.589793677657119209e-01	7.613772182030319191e-02	3.148924535172410027e-02	8.061629707586866200e-02
1.260239140657201460e+03	2.453193677809853146e-01	1.460348175073850896e-01	2.611205331694070320e-01	1.591124314900875525e-01	7.619313124462437359e-02	3.152022810621370186e-02	8.069949070125503887e-02
1.262658025764028707e+03	2.449974628629151829e-01	1.458403777936377599e-01	2.613350836126209775e-01	1.592451066625462930e-01	7.624838387273347173e-02	3.155113850330951847e-02	8.078244669219493412e-02
1.265076910870856636e+03	2.446764838344194226e-01	1.456464973537588692e-01	2.615490017788560384e-01	1.593773944420707189e-01	7.630348015091330260e-02	3.158197672740910289e-02	8.086516571253068997e-02
1.267495795977684338e+03	2.443564280306341208e-01	1.454531745780120733e-01	2.617622894962778335e-01	1.595092959839529423e-01	7.635842052413413517e-02	3.161274296240622339e-02	8.094764842454076070e-02
1.269914681084511813e+03	2.440372927943738612e-01	1.452604078612998451e-01	2.619749485877848616e-01	1.596408124398097372e-01	7.641320543605825688e-02	3.164343739169238334e-02	8.102989548893914373e-02
1.272333566191339514e+03	2.437190754761092704e-01	1.450681956031500408e-01	2.621869808710238225e-01	1.597719449575973338e-01	7.646783532904465053e-02	3.167406019815838247e-02	8.111190756487467179e-02
1.274752451298167216e+03	2.434017734339448125e-01	1.448765362077024388e-01	2.623983881584047162e-01	1.599026946816263228e-01	7.652231064415353223e-02	3.170461156419585730e-02	8.119368530993052724e-02
1.277171336404994690e+03	2.430853840335969740e-01	1.446854280836955831e-01	2.626091722571157749e-01	1.600330627525764493e-01	7.657663182115094502e-02	3.173509167169878686e-02	8.127522938012374243e-02
1.279590221511822392e+03	2.427699046483719758e-01	1.444948696444532110e-01	2.628193349691387293e-01	1.601630503075111012e-01	7.663079929851329686e-02	3.176550070206502624e-02	8.135654042990488055e-02
1.282009106618650094e+03	2.424553326591440405e-01	1.443048593078711528e-01	2.630288780912637403e-01	1.602926584798919918e-01	7.668481351343178765e-02	3.179583883619781920e-02	8.143761911215763316e-02
1.284427991725477568e+03	2.421416654543332159e-01	1.441153954964040917e-01	2.632378034151043322e-01	1.604218883995935374e-01	7.673867490181694728e-02	3.182610625450729702e-02	8.151846607819868140e-02
1.286846876832305497e+03	2.418289004298838085e-01	1.439264766370521864e-01	2.634461127271123249e-01	1.605507411929172068e-01	7.679238389830313205e-02	3.185630313691198423e-02	8.159908197777740457e-02
1.289265761939132744e+03	2.415170349892424573e-01	1.437381011613481363e-01	2.636538078085926551e-01	1.606792179826057043e-01	7.684594093625284061e-02	3.188642966284029739e-02	8.167946745907589401e-02
1.291684647045960673e+03	2.412060665433364837e-01	1.435502675053439980e-01	2.638608904357182539e-01	1.608073198878571530e-01	7.689934644776119654e-02	3.191648601123204393e-02	8.175962316870882818e-02
1.294103532152788375e+03	2.408959925105522704e-01	1.433629741095979737e-01	2.640673623795447567e-01	1.609350480243391668e-01	7.695260086366027819e-02	3.194647236053987926e-02	8.183954975172355595e-02
1.296522417259616077e+03	2.405868103167136673e-01	1.431762194191615045e-01	2.642732254060254360e-01	1.610624035042027835e-01	7.700570461352350404e-02	3.197638888873077789e-02	8.191924785160013822e-02
1.298941302366443551e+03	2.402785173950604536e-01	1.429900018835662812e-01	2.644784812760256343e-01	1.611893874360962875e-01	7.705865812566993489e-02	3.200623577328755298e-02	8.199871811025156998e-02
1.301360187473271253e+03	2.399711111862269375e-01	1.428043199568111710e-01	2.646831317453376409e-01	1.613160009251790317e-01	7.711146182716858977e-02	3.203601319121027191e-02	8.207796116802397457e-02
1.303779072580098727e+03	2.396645891382205018e-01	1.426191720973494226e-01	2.648871785646952359e-01	1.614422450731350933e-01	7.716411614384272033e-02	3.206572131901772732e-02	8.215697766369685351e-02
1.306197957686926657e+03	2.393589487064003984e-01	1.424345567680755931e-01	2.650906234797882344e-01	1.615681209781869299e-01	7.721662150027401583e-02	3.209536033274890121e-02	8.223576823448350281e-02
1.308616842793753904e+03	2.390541873534563211e-01	1.422504724363128914e-01	2.652934682312770298e-01	1.616936297351086738e-01	7.726897831980693299e-02	3.212493040796440130e-02	8.231433351603134607e-02
1.311035727900581833e+03	2.387503025493873388e-01	1.420669175738002166e-01	2.654957145548071384e-01	1.618187724352397605e-01	7.732118702455280379e-02	3.215443171974789738e-02	8.239267414242246179e-02
1.313454613007409534e+03	2.384472917714807461e-01	1.418838906566794733e-01	2.656973641810235209e-01	1.619435501664981958e-01	7.737324803539408213e-02	3.218386444270756458e-02	8.247079074617404137e-02
1.315873498114237009e+03	2.381451525042909689e-01	1.417013901654828323e-01	2.658984188355850709e-01	1.620679640133937394e-01	7.742516177198846550e-02	3.221322875097750588e-02	8.254868395823904137e-02
1.318292383221064711e+03	2.378438822396185259e-01	1.415194145851199903e-01	2.660988802391789920e-01	1.621920150570411168e-01	7.747692865277304441e-02	3.224252481821918148e-02	8.262635440800673858e-02
1.320711268327892412e+03	2.375434784764891838e-01	1.413379624048655414e-01	2.662987501075351204e-01	1.623157043751730366e-01	7.752854909496841029e-02	3.227175281762282438e-02	8.270380272330345173e-02
1.323130153434719887e+03	2.372439387211328909e-01	1.411570321183462928e-01	2.664980301514401906e-01	1.624390330421531803e-01	7.758002351458279100e-02	3.230091292190885588e-02	8.278102953039330469e-02
1.325549038541547588e+03	2.369452604869631274e-01	1.409766222235287747e-01	2.666967220767520463e-01	1.625620021289892192e-01	7.763135232641608929e-02	3.233000530332927336e-02	8.285803545397898984e-02
1.327967923648375290e+03	2.366474412945560601e-01	1.407967312227065837e-01	2.668948275844138518e-01	1.626846127033454159e-01	7.768253594406387963e-02	3.235903013366907277e-02	8.293482111720261452e-02
1.330386808755202765e+03	2.363504786716298378e-01	1.406173576224879485e-01	2.670923483704683021e-01	1.628068658295555859e-01	7.773357477992151598e-02	3.238798758424762947e-02	8.301138714164661703e-02
1.332805693862030694e+03	2.360543701530239680e-01	1.404384999337832118e-01	2.672892861260717789e-01	1.629287625686356156e-01	7.778446924518808703e-02	3.241687782592008599e-02	8.308773414733472418e-02
1.335224578968857941e+03	2.357591132806786949e-01	1.402601566717924519e-01	2.674856425375080615e-01	1.630503039782960906e-01	7.783521974987046843e-02	3.244570102907877451e-02	8.316386275273290885e-02
1.337643464075685870e+03	2.354647056036145991e-01	1.400823263559929643e-01	2.676814192862028707e-01	1.631714911129548418e-01	7.788582670278718090e-02	3.247445736365452834e-02	8.323977357475043082e-02
1.340062349182513572e+03	2.351711446779119752e-01	1.399050075101269663e-01	2.678766180487376358e-01	1.632923250237493240e-01	7.793629051157242860e-02	3.250314699911811822e-02	8.331546722874097477e-02
1.342481234289341273e+03	2.348784280666905422e-01	1.397281986621892735e-01	2.680712404968633722e-01	1.634128067585489397e-01	7.798661158267994331e-02	3.253177010448156381e-02	8.339094432850374661e-02
1.344900119396168748e+03	2.345865533400890435e-01	1.395518983444150318e-01	2.682652882975147812e-01	1.635329373619673343e-01	7.803679032138695348e-02	3.256032684829954227e-02	8.346620548628469471e-02
1.347319004502996449e+03	2.342955180752450406e-01	1.393761050932673384e-01	2.684587631128238505e-01	1.636527178753746647e-01	7.808682713179804225e-02	3.258881739867074828e-02	8.354125131277768956e-02
1.349737889609823924e+03	2.340053198562745129e-01	1.392008174494251960e-01	2.686516666001339537e-01	1.637721493369096448e-01	7.813672241684897768e-02	3.261724192323919164e-02	8.361608241712582823e-02
1.352156774716651853e+03	2.337159562742519847e-01	1.390260339577711612e-01	2.688440004120136173e-01	1.638912327814915915e-01	7.818647657831059861e-02	3.264560058919559887e-02	8.369069940692275278e-02
1.354575659823479100e+03	2.334274249271901247e-01	1.388517531673792993e-01	2.690357661962700098e-01	1.640099692408324705e-01	7.823609001679261710e-02	3.267389356327873862e-02	8.376510288821396866e-02
1.356994544930307029e+03	2.331397234200199009e-01	1.386779736315030820e-01	2.692269655959629859e-01	1.641283597434487762e-01	7.828556313174740711e-02	3.270212101177673997e-02	8.383929346549826023e-02
1.359413430037134731e+03	2.328528493645705133e-01	1.385046939075632033e-01	2.694176002494186872e-01	1.642464053146732716e-01	7.833489632147382087e-02	3.273028310052845946e-02	8.391327174172916181e-02
1.361832315143962205e+03	2.325668003795494931e-01	1.383319125571355890e-01	2.696076717902428643e-01	1.643641069766670071e-01	7.838408998312093590e-02	3.275837999492476477e-02	8.398703831831640099e-02
1.364251200250789907e+03	2.322815740905228299e-01	1.381596281459394338e-01	2.697971818473350325e-01	1.644814657484306719e-01	7.843314451269178811e-02	3.278641185990989471e-02	8.406059379512742513e-02
1.366670085357617609e+03	2.319971681298951538e-01	1.379878392438251555e-01	2.699861320449014612e-01	1.645984826458165018e-01	7.848206030504713271e-02	3.281437885998275683e-02	8.413393877048895575e-02
1.369088970464445310e+03	2.317135801368899461e-01	1.378165444247625437e-01	2.701745240024690520e-01	1.647151586815396862e-01	7.853083775390909405e-02	3.284228115919823887e-02	8.420707384118859828e-02
1.371507855571272785e+03	2.314308077575298883e-01	1.376457422668287411e-01	2.703623593348986609e-01	1.648314948651899425e-01	7.857947725186494037e-02	3.287011892116852019e-02	8.427999960247643807e-02
1.373926740678100487e+03	2.311488486446172663e-01	1.374754313521964755e-01	2.705496396523986991e-01	1.649474922032429236e-01	7.862797919037065042e-02	3.289789230906437628e-02	8.435271664806671954e-02
1.376345625784927961e+03	2.308677004577143199e-01	1.373056102671221801e-01	2.707363665605383440e-01	1.650631516990715419e-01	7.867634395975467432e-02	3.292560148561646249e-02	8.442522557013959483e-02
1.378764510891755890e+03	2.305873608631237304e-01	1.371362776019341978e-01	2.709225416602609737e-01	1.651784743529572663e-01	7.872457194922150014e-02	3.295324661311661851e-02	8.449752695934281688e-02
1.381183395998583137e+03	2.303078275338692193e-01	1.369674319510210958e-01	2.711081665478974334e-01	1.652934611621013905e-01	7.877266354685528993e-02	3.298082785341914513e-02	8.456962140479348800e-02
1.383602281105411066e+03	2.300290981496760090e-01	1.367990719128197863e-01	2.712932428151795805e-01	1.654081131206362187e-01	7.882061913962347399e-02	3.300834536794210877e-02	8.464150949407990565e-02
1.386021166212238768e+03	2.297511703969516150e-01	1.366311960898039524e-01	2.714777720492531077e-01	1.655224312196360292e-01	7.886843911338037305e-02	3.303579931766859046e-02	8.471319181326339431e-02
1.388440051319066470e+03	2.294740419687664734e-01	1.364638030884723352e-01	2.716617558326910875e-01	1.656364164471282596e-01	7.891612385287072318e-02	3.306318986314798342e-02	8.478466894688017896e-02
1.390858936425893944e+03	2.291977105648346780e-01	1.362968915193371322e-01	2.718451957435070732e-01	1.657500697881044149e-01	7.896367374173321463e-02	3.309051716449724206e-02	8.485594147794327247e-02
1.393277821532721646e+03	2.289221738914949122e-01	1.361304599969123674e-01	2.720280933551680880e-01	1.658633922245309755e-01	7.901108916250407233e-02	3.311778138140213795e-02	8.492700998794437683e-02
1.395696706639549120e+03	2.286474296616912150e-01	1.359645071397023730e-01	2.722104502366080037e-01	1.659763847353603605e-01	7.905837049662052529e-02	3.314498267311856428e-02	8.499787505685592326e-02
1.398115591746377049e+03	2.283734755949539397e-01	1.357990315701902428e-01	2.723922679522401413e-01	1.660890482965415027e-01	7.910551812442434549e-02	3.317212119847373630e-02	8.506853726313301500e-02
1.400534476853204296e+03	2.281003094173807422e-01	1.356340319148263418e-01	2.725735480619708162e-01	1.662013838810308120e-01	7.915253242516527565e-02	3.319919711586748201e-02	8.513899718371546743e-02
1.402953361960032225e+03	2.278279288616175957e-01	1.354695068040169259e-01	2.727542921212118276e-01	1.663133924588026391e-01	7.919941377700455420e-02	3.322621058327345639e-02	8.520925539402984805e-02
1.405372247066859927e+03	2.275563316668400005e-01	1.353054548721125405e-01	2.729345016808938928e-01	1.664250749968601284e-01	7.924616255701834311e-02	3.325316175824040432e-02	8.527931246799153042e-02
1.407791132173687402e+03	2.272855155787339709e-01	1.351418747573968349e-01	2.731141782874791923e-01	1.665364324592455425e-01	7.929277914120115567e-02	3.328005079789338877e-02	8.534916897800683133e-02
1.410210017280515103e+03	2.270154783494773565e-01	1.349787651020750712e-01	2.732933234829742486e-01	1.666474658070508652e-01	7.933926390446927046e-02	3.330687785893501895e-02	8.541882549497514798e-02
1.412628902387342805e+03	2.267462177377210508e-01	1.348161245522627727e-01	2.734719388049429156e-01	1.667581759984282375e-01	7.938561722066415915e-02	3.333364309764668548e-02	8.548828258829109517e-02
1.415047787494170507e+03	2.264777315085703957e-01	1.346539517579746215e-01	2.736500257865192576e-01	1.668685639886003658e-01	7.943183946255584493e-02	3.336034666988978159e-02	8.555754082584671183e-02
1.417466672600997981e+03	2.262100174335663350e-01	1.344922453731129952e-01	2.738275859564200387e-01	1.669786307298707917e-01	7.947793100184627479e-02	3.338698873110691745e-02	8.562660077403363990e-02
1.419885557707825683e+03	2.259430732906671235e-01	1.343310040554567819e-01	2.740046208389575466e-01	1.670883771716343003e-01	7.952389220917273349e-02	3.341356943632313448e-02	8.569546299774541409e-02
1.422304442814653157e+03	2.256768968642296203e-01	1.341702264666503608e-01	2.741811319540523595e-01	1.671978042603869119e-01	7.956972345411107705e-02	3.344008894014713351e-02	8.576412806037961301e-02
1.424723327921481086e+03	2.254114859449908581e-01	1.340099112721922225e-01	2.743571208172458920e-01	1.673069129397362353e-01	7.961542510517913285e-02	3.346654739677243362e-02	8.583259652384027383e-02
1.427142213028308333e+03	2.251468383300496423e-01	1.338500571414239781e-01	2.745325889397131069e-01	1.674157041504114873e-01	7.966099752984001636e-02	3.349294495997862109e-02	8.590086894854012667e-02
1.429561098135136262e+03	2.248829518228482316e-01	1.336906627475191733e-01	2.747075378282750058e-01	1.675241788302736512e-01	7.970644109450537862e-02	3.351928178313254292e-02	8.596894589340287052e-02
1.431979983241963964e+03	2.246198242331539641e-01	1.335317267674723252e-01	2.748819689854112847e-01	1.676323379143253578e-01	7.975175616453876459e-02	3.354555801918947949e-02	8.603682791586567125e-02
1.434398868348791666e+03	2.243574533770410773e-01	1.333732478820878198e-01	2.750558839092726582e-01	1.677401823347208776e-01	7.979694310425877735e-02	3.357177382069433114e-02	8.610451557188138205e-02
1.436817753455619140e+03	2.240958370768723618e-01	1.332152247759689212e-01	2.752292840936933493e-01	1.678477130207760293e-01	7.984200227694240870e-02	3.359792933978281854e-02	8.617200941592101371e-02
1.439236638562446842e+03	2.238349731612812310e-01	1.330576561375068079e-01	2.754021710282036906e-01	1.679549308989780887e-01	7.988693404482823113e-02	3.362402472818265542e-02	8.623931000097613542e-02
1.441655523669274316e+03	2.235748594651534582e-01	1.329005406588697202e-01	2.755745461980423916e-01	1.680618368929954753e-01	7.993173876911970066e-02	3.365006013721473510e-02	8.630641787856128955e-02
1.444074408776102018e+03	2.233154938296091907e-01	1.327438770359919418e-01	2.757464110841690297e-01	1.681684319236875502e-01	7.997641680998823777e-02	3.367603571779428928e-02	8.637333359871648963e-02
1.446493293882929493e+03	2.230568741019850199e-01	1.325876639685630021e-01	2.759177671632760953e-01	1.682747169091143857e-01	8.002096852657651638e-02	3.370195162043206072e-02	8.644005771000962124e-02
1.448912178989757422e+03	2.227989981358159677e-01	1.324319001600167967e-01	2.760886159078014823e-01	1.683806927645462859e-01	8.006539427700166967e-02	3.372780799523546202e-02	8.650659075953902322e-02
1.451331064096585123e+03	2.225418637908175845e-01	1.322765843175207900e-01	2.762589587859408113e-01	1.684863604024734451e-01	8.010969441835834315e-02	3.375360499190975527e-02	8.657293329293591633e-02
1.453749949203412370e+03	2.222854689328682409e-01	1.321217151519653021e-01	2.764287972616594757e-01	1.685917207326155520e-01	8.015386930672195598e-02	3.377934275975918305e-02	8.663908585436695675e-02
1.456168834310240300e+03	2.220298114339911699e-01	1.319672913779526835e-01	2.765981327947049095e-01	1.686967746619311148e-01	8.019791929715178180e-02	3.380502144768813416e-02	8.670504898653681736e-02
1.458587719417068001e+03	2.217748891723369253e-01	1.318133117137866295e-01	2.767669668406187444e-01	1.688015230946271761e-01	8.024184474369412678e-02	3.383064120420229554e-02	8.677082323069069958e-02
1.461006604523895703e+03	2.215207000321656183e-01	1.316597748814615221e-01	2.769353008507487446e-01	1.689059669321685553e-01	8.028564599938539659e-02	3.385620217740977628e-02	8.683640912661697020e-02
1.463425489630723177e+03	2.212672419038291816e-01	1.315066796066517441e-01	2.771031362722612967e-01	1.690101070732871469e-01	8.032932341625520500e-02	3.388170451502227343e-02	8.690180721264967323e-02
1.465844374737550879e+03	2.210145126837540497e-01	1.313540246187011318e-01	2.772704745481530120e-01	1.691139444139913850e-01	8.037287734532949646e-02	3.390714836435620300e-02	8.696701802567124995e-02
1.468263259844378354e+03	2.207625102744234236e-01	1.312018086506122894e-01	2.774373171172628827e-01	1.692174798475754305e-01	8.041630813663359911e-02	3.393253387233381019e-02	8.703204210111505079e-02
1.470682144951206283e+03	2.205112325843598675e-01	1.310500304390360693e-01	2.776036654142843840e-01	1.693207142646284691e-01	8.045961613919525024e-02	3.395786118548432125e-02	8.709687997296806927e-02
1.473101030058033530e+03	2.202606775281079066e-01	1.308986887242611086e-01	2.777695208697773532e-01	1.694236485530437042e-01	8.050280170104770483e-02	3.398313044994506760e-02	8.716153217377356488e-02
1.475519915164861459e+03	2.200108430262166792e-01	1.307477822502032261e-01	2.779348849101797025e-01	1.695262835980277383e-01	8.054586516923274708e-02	3.400834181146258905e-02	8.722599923463374150e-02
1.477938800271689161e+03	2.197617270052224792e-01	1.305973097643950698e-01	2.780997589578195206e-01	1.696286202821094546e-01	8.058880688980368801e-02	3.403349541539377188e-02	8.729028168521241193e-02
1.480357685378516862e+03	2.195133273976317134e-01	1.304472700179755973e-01	2.782641444309267853e-01	1.697306594851491490e-01	8.063162720782844628e-02	3.405859140670694507e-02	8.735438005373773185e-02
1.482776570485344337e+03	2.192656421419034996e-01	1.302976617656796399e-01	2.784280427436452987e-01	1.698324020843475779e-01	8.067432646739247648e-02	3.408362992998299756e-02	8.741829486700486429e-02
