1.001418434226643626e+03	2.857198014844853917e-01	1.704386898015189944e-01	2.340949607096015350e-01	1.424102597039106632e-01	6.927721772107207909e-02	2.775124299444402254e-02	7.030782758493094031e-02
1.002869765290740247e+03	2.854567774014917791e-01	1.702798133190319696e-01	2.342714451327281011e-01	1.425193332926320555e-01	6.932216177226259435e-02	2.777512912036806531e-02	7.037533996144902659e-02
1.004321096354836754e+03	2.851942076097249701e-01	1.701212112538096621e-01	2.344476189537307853e-01	1.426282136379383447e-01	6.936702915808874714e-02	2.779898095657313065e-02	7.044273843009796199e-02
1.005772427418933376e+03	2.849320913237409214e-01	1.699628831313523547e-01	2.346234827112625987e-01	1.427369011004707700e-01	6.941182001267615087e-02	2.782279855686890097e-02	7.051002316359192279e-02
1.007223758483029997e+03	2.846704277594579446e-01	1.698048284779838102e-01	2.347990369430447144e-01	1.428453960400561384e-01	6.945653446988331314e-02	2.784658197497119972e-02	7.057719433456649538e-02
1.008675089547126618e+03	2.844092161341545411e-01	1.696470468208497451e-01	2.349742821858679664e-01	1.429536988157098232e-01	6.950117266330245458e-02	2.787033126450222040e-02	7.064425211557689988e-02
1.010126420611223239e+03	2.841484556664667926e-01	1.694895376879164695e-01	2.351492189755945150e-01	1.430618097856386772e-01	6.954573472626034147e-02	2.789404647899071041e-02	7.071119667909622764e-02
1.011577751675319632e+03	2.838881455763859196e-01	1.693323006079693882e-01	2.353238478471594286e-01	1.431697293072440591e-01	6.959022079181906295e-02	2.791772767187221393e-02	7.077802819751367880e-02
1.013029082739416367e+03	2.836282850852560600e-01	1.691753351106116132e-01	2.354981693345722660e-01	1.432774577371248026e-01	6.963463099277686363e-02	2.794137489648926623e-02	7.084474684313282755e-02
1.014480413803512761e+03	2.833688734157719935e-01	1.690186407262624091e-01	2.356721839709187971e-01	1.433849954310800756e-01	6.967896546166899019e-02	2.796498820609160524e-02	7.091135278816988741e-02
1.015931744867609382e+03	2.831099097919763663e-01	1.688622169861558886e-01	2.358458922883624465e-01	1.434923427441122945e-01	6.972322433076839909e-02	2.798856765383639020e-02	7.097784620475203199e-02
1.017383075931706003e+03	2.828513934392575813e-01	1.687060634223394306e-01	2.360192948181460415e-01	1.435995000304300107e-01	6.976740773208665869e-02	2.801211329278839590e-02	7.104422726491568807e-02
1.018834406995802851e+03	2.825933235843475777e-01	1.685501795676724035e-01	2.361923920905932839e-01	1.437064676434508248e-01	6.981151579737467083e-02	2.803562517592023476e-02	7.111049614060491186e-02
1.020285738059899245e+03	2.823356994553190558e-01	1.683945649558245827e-01	2.363651846351103869e-01	1.438132459358041626e-01	6.985554865812344805e-02	2.805910335611255801e-02	7.117665300366970982e-02
1.021737069123995752e+03	2.820785202815835335e-01	1.682392191212748189e-01	2.365376729801877131e-01	1.439198352593341890e-01	6.989950644556494619e-02	2.808254788615427086e-02	7.124269802586444267e-02
1.023188400188092373e+03	2.818217852938887935e-01	1.680841415993095667e-01	2.367098576534013288e-01	1.440262359651025281e-01	6.994338929067282773e-02	2.810595881874271632e-02	7.130863137884620173e-02
1.024639731252188767e+03	2.815654937243163847e-01	1.679293319260215800e-01	2.368817391814145301e-01	1.441324484033911779e-01	6.998719732416321115e-02	2.812933620648390767e-02	7.137445323417325460e-02
1.026091062316285615e+03	2.813096448062795685e-01	1.677747896383082193e-01	2.370533180899795089e-01	1.442384729237051744e-01	7.003093067649546200e-02	2.815268010189270545e-02	7.144016376330342144e-02
1.027542393380382237e+03	2.810542377745208209e-01	1.676205142738703413e-01	2.372245949039389068e-01	1.443443098747754227e-01	7.007458947787295611e-02	2.817599055739304290e-02	7.150576313759256231e-02
1.028993724444478858e+03	2.807992718651095565e-01	1.674665053712106888e-01	2.373955701472273971e-01	1.444499596045614731e-01	7.011817385824385684e-02	2.819926762531812028e-02	7.157125152829303671e-02
1.030445055508575479e+03	2.805447463154396859e-01	1.673127624696325033e-01	2.375662443428731840e-01	1.445554224602541571e-01	7.016168394730182278e-02	2.822251135791060267e-02	7.163662910655220484e-02
1.031896386572671872e+03	2.802906603642274508e-01	1.671592851092381926e-01	2.377366180129996953e-01	1.446606987882783357e-01	7.020511987448679880e-02	2.824572180732282806e-02	7.170189604341088707e-02
1.033347717636768493e+03	2.800370132515088706e-01	1.670060728309278875e-01	2.379066916788270536e-01	1.447657889342956750e-01	7.024848176898576546e-02	2.826889902561699475e-02	7.176705250980189299e-02
1.034799048700865114e+03	2.797838042186377439e-01	1.668531251763979983e-01	2.380764658606737139e-01	1.448706932432071992e-01	7.029176975973347452e-02	2.829204306476537992e-02	7.183209867654860581e-02
1.036250379764961508e+03	2.795310325082830949e-01	1.667004416881398277e-01	2.382459410779579900e-01	1.449754120591560669e-01	7.033498397541317060e-02	2.831515397665052003e-02	7.189703471436349747e-02
1.037701710829058356e+03	2.792786973644268422e-01	1.665480219094382097e-01	2.384151178491996093e-01	1.450799457255301239e-01	7.037812454445738219e-02	2.833823181306542247e-02	7.196186079384668532e-02
1.039153041893154750e+03	2.790267980323615782e-01	1.663958653843700675e-01	2.385839966920211830e-01	1.451842945849645961e-01	7.042119159504858783e-02	2.836127662571375288e-02	7.202657708548453053e-02
1.040604372957251599e+03	2.787753337586883484e-01	1.662439716578030524e-01	2.387525781231500110e-01	1.452884589793446701e-01	7.046418525511997932e-02	2.838428846621003296e-02	7.209118375964825021e-02
1.042055704021347992e+03	2.785243037913142095e-01	1.660923402753940736e-01	2.389208626584193584e-01	1.453924392498081308e-01	7.050710565235619731e-02	2.840726738607984164e-02	7.215568098659255747e-02
1.043507035085444613e+03	2.782737073794499527e-01	1.659409707835881043e-01	2.390888508127702039e-01	1.454962357367479142e-01	7.054995291419401127e-02	2.843021343676000595e-02	7.222006893645423198e-02
1.044958366149541234e+03	2.780235437736078286e-01	1.657898627296165994e-01	2.392565431002526277e-01	1.455998487798146890e-01	7.059272716782306889e-02	2.845312666959879527e-02	7.228434777925081545e-02
1.046409697213637855e+03	2.777738122255994369e-01	1.656390156614960807e-01	2.394239400340274770e-01	1.457032787179193545e-01	7.063542854018661776e-02	2.847600713585611912e-02	7.234851768487929324e-02
1.047861028277734476e+03	2.775245119885331735e-01	1.654884291280269981e-01	2.395910421263678647e-01	1.458065258892357330e-01	7.067805715798218535e-02	2.849885488670371100e-02	7.241257882311473437e-02
1.049312359341831097e+03	2.772756423168120654e-01	1.653381026787920927e-01	2.397578498886606679e-01	1.459095906312028734e-01	7.072061314766228679e-02	2.852166997322532274e-02	7.247653136360902859e-02
1.050763690405927491e+03	2.770272024661316057e-01	1.651880358641552027e-01	2.399243638314081661e-01	1.460124732805277437e-01	7.076309663543513262e-02	2.854445244641692220e-02	7.254037547588956802e-02
1.052215021470024112e+03	2.767791916934773111e-01	1.650382282352598207e-01	2.400905844642294285e-01	1.461151741731876175e-01	7.080550774726535046e-02	2.856720235718687717e-02	7.260411132935802592e-02
1.053666352534120733e+03	2.765316092571223905e-01	1.648886793440277054e-01	2.402565122958619792e-01	1.462176936444325726e-01	7.084784660887462338e-02	2.858991975635614968e-02	7.266773909328902437e-02
1.055117683598217127e+03	2.762844544166258021e-01	1.647393887431574389e-01	2.404221478341632412e-01	1.463200320287880163e-01	7.089011334574242540e-02	2.861260469465848333e-02	7.273125893682896859e-02
1.056569014662313975e+03	2.760377264328298663e-01	1.645903559861232879e-01	2.405874915861120900e-01	1.464221896600570449e-01	7.093230808310672930e-02	2.863525722274058716e-02	7.279467102899477016e-02
1.058020345726410369e+03	2.757914245678578791e-01	1.644415806271736502e-01	2.407525440578103804e-01	1.465241668713228584e-01	7.097443094596460333e-02	2.865787739116232996e-02	7.285797553867268128e-02
1.059471676790506763e+03	2.755455480851119465e-01	1.642930622213297220e-01	2.409173057544844454e-01	1.466259639949513138e-01	7.101648205907297451e-02	2.868046525039692762e-02	7.292117263461704579e-02
1.060923007854603611e+03	2.753000962492707648e-01	1.641448003243841935e-01	2.410817771804866505e-01	1.467275813625932290e-01	7.105846154694925310e-02	2.870302085083111659e-02	7.298426248544914730e-02
1.062374338918700232e+03	2.750550683262873441e-01	1.639967944928998611e-01	2.412459588392968646e-01	1.468290193051867976e-01	7.110036953387202652e-02	2.872554424276535859e-02	7.304724525965607118e-02
1.063825669982796853e+03	2.748104635833868437e-01	1.638490442842083228e-01	2.414098512335240421e-01	1.469302781529599478e-01	7.114220614388173936e-02	2.874803547641401752e-02	7.311012112558948339e-02
1.065277001046893474e+03	2.745662812890642401e-01	1.637015492564084795e-01	2.415734548649076108e-01	1.470313582354327020e-01	7.118397150078131785e-02	2.877049460190553298e-02	7.317289025146454795e-02
1.066728332110990095e+03	2.743225207130821630e-01	1.635543089683653972e-01	2.417367702343190539e-01	1.471322598814195637e-01	7.122566572813687769e-02	2.879292166928262148e-02	7.323555280535876122e-02
1.068179663175086489e+03	2.740791811264687849e-01	1.634073229797087523e-01	2.418997978417634365e-01	1.472329834190318210e-01	7.126728894927837621e-02	2.881531672850244988e-02	7.329810895521086944e-02
1.069630994239183110e+03	2.738362618015152128e-01	1.632605908508316939e-01	2.420625381863809045e-01	1.473335291756798782e-01	7.130884128730019533e-02	2.883767982943681238e-02	7.336055886881975852e-02
1.071082325303279504e+03	2.735937620117738778e-01	1.631141121428893170e-01	2.422249917664480723e-01	1.474338974780755873e-01	7.135032286506190480e-02	2.886001102187233172e-02	7.342290271384339928e-02
1.072533656367376352e+03	2.733516810320557044e-01	1.629678864177974418e-01	2.423871590793796604e-01	1.475340886522344686e-01	7.139173380518883116e-02	2.888231035551061532e-02	7.348514065779772342e-02
1.073984987431472746e+03	2.731100181384283898e-01	1.628219132382313361e-01	2.425490406217299388e-01	1.476341030234780693e-01	7.143307423007272394e-02	2.890457787996845301e-02	7.354727286805559650e-02
1.075436318495569594e+03	2.728687726082139053e-01	1.626761921676241063e-01	2.427106368891941424e-01	1.477339409164361850e-01	7.147434426187239398e-02	2.892681364477798708e-02	7.360929951184577713e-02
1.076887649559666215e+03	2.726279437199863320e-01	1.625307227701656976e-01	2.428719483766101084e-01	1.478336026550491344e-01	7.151554402251436571e-02	2.894901769938689959e-02	7.367122075625186228e-02
1.078338980623762609e+03	2.723875307535699175e-01	1.623855046108013955e-01	2.430329755779596368e-01	1.479330885625700365e-01	7.155667363369351552e-02	2.897119009315858584e-02	7.373303676821132968e-02
1.079790311687859230e+03	2.721475329900365225e-01	1.622405372552304659e-01	2.431937189863700166e-01	1.480323989615669744e-01	7.159773321687365466e-02	2.899333087537233136e-02	7.379474771451444148e-02
1.081241642751955851e+03	2.719079497117036781e-01	1.620958202699049888e-01	2.433541790941154970e-01	1.481315341739251890e-01	7.163872289328820919e-02	2.901544009522349227e-02	7.385635376180334222e-02
1.082692973816052472e+03	2.716687802021323650e-01	1.619513532220283047e-01	2.435143563926188137e-01	1.482304945208493818e-01	7.167964278394083066e-02	2.903751780182367223e-02	7.391785507657099019e-02
1.084144304880149093e+03	2.714300237461247933e-01	1.618071356795539595e-01	2.436742513724525216e-01	1.483292803228658530e-01	7.172049300960600671e-02	2.905956404420088554e-02	7.397925182516028320e-02
1.085595635944245487e+03	2.711916796297222931e-01	1.616631672111841778e-01	2.438338645233406876e-01	1.484278918998246655e-01	7.176127369082971330e-02	2.908157887129976180e-02	7.404054417376301767e-02
1.087046967008342108e+03	2.709537471402028719e-01	1.615194473863687530e-01	2.439931963341601950e-01	1.485263295709018383e-01	7.180198494792995600e-02	2.910356233198168469e-02	7.410173228841900051e-02
1.088498298072438729e+03	2.707162255660796046e-01	1.613759757753034652e-01	2.441522472929421872e-01	1.486245936546014557e-01	7.184262690099747772e-02	2.912551447502498975e-02	7.416281633501511927e-02
1.089949629136535123e+03	2.704791141970978585e-01	1.612327519489289984e-01	2.443110178868736770e-01	1.487226844687578875e-01	7.188319966989629994e-02	2.914743534912513090e-02	7.422379647928438462e-02
1.091400960200631971e+03	2.702424123242336274e-01	1.610897754789295810e-01	2.444695086022989350e-01	1.488206023305378434e-01	7.192370337426434723e-02	2.916932500289485392e-02	7.428467288680505598e-02
1.092852291264728365e+03	2.700061192396910892e-01	1.609470459377316254e-01	2.446277199247209044e-01	1.489183475564424819e-01	7.196413813351404398e-02	2.919118348486437337e-02	7.434544572299972565e-02
1.094303622328825213e+03	2.697702342369004969e-01	1.608045628985025066e-01	2.447856523388027283e-01	1.490159204623096312e-01	7.200450406683298055e-02	2.921301084348152874e-02	7.440611515313444446e-02
1.095754953392921607e+03	2.695347566105160131e-01	1.606623259351491473e-01	2.449433063283691925e-01	1.491133213633157595e-01	7.204480129318437120e-02	2.923480712711197527e-02	7.446668134231787528e-02
1.097206284457018228e+03	2.692996856564138231e-01	1.605203346223168237e-01	2.451006823764080578e-01	1.492105505739780846e-01	7.208502993130777581e-02	2.925657238403934352e-02	7.452714445550040478e-02
1.098657615521114849e+03	2.690650206716895809e-01	1.603785885353879448e-01	2.452577809650717533e-01	1.493076084081567112e-01	7.212519009971965489e-02	2.927830666246540592e-02	7.458750465747328307e-02
1.100108946585211470e+03	2.688307609546567445e-01	1.602370872504804977e-01	2.454146025756785698e-01	1.494044951790565734e-01	7.216528191671393866e-02	2.930001001051025372e-02	7.464776211286780483e-02
1.101560277649308091e+03	2.685969058048439662e-01	1.600958303444470487e-01	2.455711476887142697e-01	1.495012111992295722e-01	7.220530550036260986e-02	2.932168247621247045e-02	7.470791698615450449e-02
1.103011608713404712e+03	2.683634545229933166e-01	1.599548173948732166e-01	2.457274167838334189e-01	1.495977567805765740e-01	7.224526096851632828e-02	2.934332410752928111e-02	7.476796944164228187e-02
1.104462939777501106e+03	2.681304064110580088e-01	1.598140479800766178e-01	2.458834103398609972e-01	1.496941322343494918e-01	7.228514843880495810e-02	2.936493495233674297e-02	7.482791964347766667e-02
1.105914270841597499e+03	2.678977607722002330e-01	1.596735216791053402e-01	2.460391288347935912e-01	1.497903378711531730e-01	7.232496802863816465e-02	2.938651505842989481e-02	7.488776775564398580e-02
1.107365601905694348e+03	2.676655169107893251e-01	1.595332380717369436e-01	2.461945727458010325e-01	1.498863740009475642e-01	7.236471985520602501e-02	2.940806447352293032e-02	7.494751394196054461e-02
1.108816932969790741e+03	2.674336741323992683e-01	1.593931967384769055e-01	2.463497425492277848e-01	1.499822409330495709e-01	7.240440403547954151e-02	2.942958324524936470e-02	7.500715836608196074e-02
1.110268264033887590e+03	2.672022317438068617e-01	1.592533972605574832e-01	2.465046387205942491e-01	1.500779389761350835e-01	7.244402068621125235e-02	2.945107142116219420e-02	7.506670119149728981e-02
1.111719595097984211e+03	2.669711890529894993e-01	1.591138392199364926e-01	2.466592617345983174e-01	1.501734684382409479e-01	7.248356992393574505e-02	2.947252904873408005e-02	7.512614258152934543e-02
1.113170926162080832e+03	2.667405453691231165e-01	1.589745221992958646e-01	2.468136120651168164e-01	1.502688296267669088e-01	7.252305186497030876e-02	2.949395617535748373e-02	7.518548269933392203e-02
1.114622257226177226e+03	2.665103000025800251e-01	1.588354457820406185e-01	2.469676901852067841e-01	1.503640228484776631e-01	7.256246662541540604e-02	2.951535284834484740e-02	7.524472170789911485e-02
1.116073588290273847e+03	2.662804522649269146e-01	1.586966095522973352e-01	2.471214965671070518e-01	1.504590484095045810e-01	7.260181432115526967e-02	2.953671911492876043e-02	7.530385977004451503e-02
1.117524919354370468e+03	2.660510014689227432e-01	1.585580130949131583e-01	2.472750316822395211e-01	1.505539066153477878e-01	7.264109506785847159e-02	2.955805502226211204e-02	7.536289704842059900e-02
1.118976250418467089e+03	2.658219469285166281e-01	1.584196559954542949e-01	2.474282960012107457e-01	1.506485977708781343e-01	7.268030898097845027e-02	2.957936061741826481e-02	7.542183370550792354e-02
1.120427581482563710e+03	2.655932879588457363e-01	1.582815378402048778e-01	2.475812899938131528e-01	1.507431221803389176e-01	7.271945617575405196e-02	2.960063594739120035e-02	7.548066990361651518e-02
1.121878912546660331e+03	2.653650238762332858e-01	1.581436582161657167e-01	2.477340141290266251e-01	1.508374801473479354e-01	7.275853676721012742e-02	2.962188105909569630e-02	7.553940580488519019e-02
1.123330243610756725e+03	2.651371539981863812e-01	1.580060167110529934e-01	2.478864688750196943e-01	1.509316719748992619e-01	7.279755087015798987e-02	2.964309599936747544e-02	7.559804157128080515e-02
1.124781574674853118e+03	2.649096776433940148e-01	1.578686129132970128e-01	2.480386546991512342e-01	1.510256979653652187e-01	7.283649859919606728e-02	2.966428081496337230e-02	7.565657736459766025e-02
1.126232905738949967e+03	2.646825941317250130e-01	1.577314464120410653e-01	2.481905720679715988e-01	1.511195584204981512e-01	7.287538006871034646e-02	2.968543555256149616e-02	7.571501334645687475e-02
1.127684236803046360e+03	2.644559027842259269e-01	1.575945167971400107e-01	2.483422214472241762e-01	1.512132536414323991e-01	7.291419539287498364e-02	2.970656025876137335e-02	7.577334967830565149e-02
1.129135567867143209e+03	2.642296029231190335e-01	1.574578236591590852e-01	2.484936033018467771e-01	1.513067839286859895e-01	7.295294468565274859e-02	2.972765498008412763e-02	7.583158652141673561e-02
1.130586898931239830e+03	2.640036938718001713e-01	1.573213665893728186e-01	2.486447180959728831e-01	1.514001495821625798e-01	7.299162806079567689e-02	2.974871976297261897e-02	7.588972403688776236e-02
1.132038229995336451e+03	2.637781749548368526e-01	1.571851451797635357e-01	2.487955662929332290e-01	1.514933509011532620e-01	7.303024563184548623e-02	2.976975465379161356e-02	7.594776238564057702e-02
1.133489561059432845e+03	2.635530454979659876e-01	1.570491590230202739e-01	2.489461483552570797e-01	1.515863881843383665e-01	7.306879751213415930e-02	2.979075969882793648e-02	7.600570172842072147e-02
1.134940892123529466e+03	2.633283048280921079e-01	1.569134077125375615e-01	2.490964647446736457e-01	1.516792617297892665e-01	7.310728381478448501e-02	2.981173494429062779e-02	7.606354222579682356e-02
1.136392223187626087e+03	2.631039522732851466e-01	1.567778908424141415e-01	2.492465159221135262e-01	1.517719718349701818e-01	7.314570465271053035e-02	2.983268043631109867e-02	7.612128403815994482e-02
1.137843554251722708e+03	2.628799871627785500e-01	1.566426080074516114e-01	2.493963023477099028e-01	1.518645187967399557e-01	7.318406013861818160e-02	2.985359622094329105e-02	7.617892732572303927e-02
1.139294885315819101e+03	2.626564088269669472e-01	1.565075588031535070e-01	2.495458244808002601e-01	1.519569029113538861e-01	7.322235038500569948e-02	2.987448234416381979e-02	7.623647224852043991e-02
1.140746216379915950e+03	2.624332165974044839e-01	1.563727428257238039e-01	2.496950827799273576e-01	1.520491244744653914e-01	7.326057550416414932e-02	2.989533885187214968e-02	7.629391896640719262e-02
1.142197547444012343e+03	2.622104098068026579e-01	1.562381596720658072e-01	2.498440777028409221e-01	1.521411837811278422e-01	7.329873560817803946e-02	2.991616578989071684e-02	7.635126763905859815e-02
1.143648878508108737e+03	2.619879877890281539e-01	1.561038089397808470e-01	2.499928097064988142e-01	1.522330811257963379e-01	7.333683080892566819e-02	2.993696320396511956e-02	7.640851842596960153e-02
1.145100209572205586e+03	2.617659498791011785e-01	1.559696902271671681e-01	2.501412792470685820e-01	1.523248168023293436e-01	7.337486121807977602e-02	2.995773113976423971e-02	7.646567148645426470e-02
1.146551540636302207e+03	2.615442954131930176e-01	1.558358031332186255e-01	2.502894867799286827e-01	1.524163911039905506e-01	7.341282694710798973e-02	2.997846964288041621e-02	7.652272697964529469e-02
1.148002871700398828e+03	2.613230237286243152e-01	1.557021472576236021e-01	2.504374327596698979e-01	1.525078043234504577e-01	7.345072810727329427e-02	2.999917875882958732e-02	7.657968506449346069e-02
1.149454202764495449e+03	2.611021341638629645e-01	1.555687222007635095e-01	2.505851176400967217e-01	1.525990567527882313e-01	7.348856480963461557e-02	3.001985853305143628e-02	7.663654589976710840e-02
1.150905533828591842e+03	2.608816260585221647e-01	1.554355275637119005e-01	2.507325418742286649e-01	1.526901486834933153e-01	7.352633716504725081e-02	3.004050901090956835e-02	7.669330964405166040e-02
1.152356864892688463e+03	2.606614987533584227e-01	1.553025629482331360e-01	2.508797059143016983e-01	1.527810804064671235e-01	7.356404528416340960e-02	3.006113023769162867e-02	7.674997645574911653e-02
1.153808195956785084e+03	2.604417515902694436e-01	1.551698279567810812e-01	2.510266102117695297e-01	1.528718522120247891e-01	7.360168927743265810e-02	3.008172225860946195e-02	7.680654649307756821e-02
1.155259527020881706e+03	2.602223839122923543e-01	1.550373221924979950e-01	2.511732552173049360e-01	1.529624643898968017e-01	7.363926925510246024e-02	3.010228511879928584e-02	7.686301991407069878e-02
1.156710858084978327e+03	2.600033950636013724e-01	1.549050452592133920e-01	2.513196413808012619e-01	1.530529172292307005e-01	7.367678532721864959e-02	3.012281886332181594e-02	7.691939687657736724e-02
1.158162189149074720e+03	2.597847843895061959e-01	1.547729967614427382e-01	2.514657691513735860e-01	1.531432110185926843e-01	7.371423760362590116e-02	3.014332353716240795e-02	7.697567753826106696e-02
1.159613520213171569e+03	2.595665512364497829e-01	1.546411763043862575e-01	2.516116389773602191e-01	1.532333460459693042e-01	7.375162619396823105e-02	3.016379918523122775e-02	7.703186205659953711e-02
1.161064851277267962e+03	2.593486949520064644e-01	1.545095834939277657e-01	2.517572513063240369e-01	1.533233225987691850e-01	7.378895120768948213e-02	3.018424585236339011e-02	7.708795058888427698e-02
1.162516182341364356e+03	2.591312148848800567e-01	1.543782179366334495e-01	2.519026065850535900e-01	1.534131409638244681e-01	7.382621275403383754e-02	3.020466358331910794e-02	7.714394329222012958e-02
1.163967513405461204e+03	2.589141103849016412e-01	1.542470792397507562e-01	2.520477052595647693e-01	1.535028014273926156e-01	7.386341094204622315e-02	3.022505242278383103e-02	7.719984032352480985e-02
1.165418844469557826e+03	2.586973808030278432e-01	1.541161670112071447e-01	2.521925477751019717e-01	1.535923042751579648e-01	7.390054588057283491e-02	3.024541241536840563e-02	7.725564183952850217e-02
1.166870175533654447e+03	2.584810254913387229e-01	1.539854808596088920e-01	2.523371345761393769e-01	1.536816497922333657e-01	7.393761767826161069e-02	3.026574360560920982e-02	7.731134799677347180e-02
1.168321506597751068e+03	2.582650438030359985e-01	1.538550203942398442e-01	2.524814661063825016e-01	1.537708382631616799e-01	7.397462644356270212e-02	3.028604603796829914e-02	7.736695895161363468e-02
1.169772837661847461e+03	2.580494350924408264e-01	1.537247852250604174e-01	2.526255428087693100e-01	1.538598699719176122e-01	7.401157228472894645e-02	3.030631975683356627e-02	7.742247486021408553e-02
1.171224168725944082e+03	2.578341987149919690e-01	1.535947749627062375e-01	2.527693651254715457e-01	1.539487452019090152e-01	7.404845530981631063e-02	3.032656480651887282e-02	7.747789587855079263e-02
1.172675499790040703e+03	2.576193340272440180e-01	1.534649892184870301e-01	2.529129334978963972e-01	1.540374642359786383e-01	7.408527562668441868e-02	3.034678123126418464e-02	7.753322216241015363e-02
1.174126830854137097e+03	2.574048403868650636e-01	1.533354276043854825e-01	2.530562483666872753e-01	1.541260273564056538e-01	7.412203334299694024e-02	3.036696907523573838e-02	7.758845386738867644e-02
1.175578161918233945e+03	2.571907171526352509e-01	1.532060897330560223e-01	2.531993101717255334e-01	1.542144348449072666e-01	7.415872856622207632e-02	3.038712838252617329e-02	7.764359114889247959e-02
1.177029492982330339e+03	2.569769636844443927e-01	1.530769752178236243e-01	2.533421193521317449e-01	1.543026869826402692e-01	7.419536140363307275e-02	3.040725919715467004e-02	7.769863416213707019e-02
1.178480824046426733e+03	2.567635793432903046e-01	1.529480836726826998e-01	2.534846763462667574e-01	1.543907840502024287e-01	7.423193196230863655e-02	3.042736156306709988e-02	7.775358306214687210e-02
1.179932155110523581e+03	2.565505634912766952e-01	1.528194147122959035e-01	2.536269815917334691e-01	1.544787263276342359e-01	7.426844034913338000e-02	3.044743552413617035e-02	7.780843800375492059e-02
1.181383486174620202e+03	2.563379154916113900e-01	1.526909679519929397e-01	2.537690355253776620e-01	1.545665140944203764e-01	7.430488667079829246e-02	3.046748112416156062e-02	7.786319914160250155e-02
1.182834817238716823e+03	2.561256347086044438e-01	1.525627430077694524e-01	2.539108385832895554e-01	1.546541476294912287e-01	7.434127103380119839e-02	3.048749840687005330e-02	7.791786663013879066e-02
1.184286148302813444e+03	2.559137205076659760e-01	1.524347394962858038e-01	2.540523912008051943e-01	1.547416272112243363e-01	7.437759354444720139e-02	3.050748741591569752e-02	7.797244062362054806e-02
1.185737479366910065e+03	2.557021722553044496e-01	1.523069570348659640e-01	2.541936938125074485e-01	1.548289531174460443e-01	7.441385430884911445e-02	3.052744819487993727e-02	7.802692127611175754e-02
1.187188810431006686e+03	2.554909893191247838e-01	1.521793952414964013e-01	2.543347468522276777e-01	1.549161256254328878e-01	7.445005343292798727e-02	3.054738078727175024e-02	7.808130874148332123e-02
1.188640141495103080e+03	2.552801710678262448e-01	1.520520537348246937e-01	2.544755507530466754e-01	1.550031450119131737e-01	7.448619102241342549e-02	3.056728523652779347e-02	7.813560317341275430e-02
1.190091472559199701e+03	2.550697168712007801e-01	1.519249321341587522e-01	2.546161059472963339e-01	1.550900115530684242e-01	7.452226718284413187e-02	3.058716158601253177e-02	7.818980472538383797e-02
1.191542803623296322e+03	2.548596261001309649e-01	1.517980300594652388e-01	2.547564128665606997e-01	1.551767255245348753e-01	7.455828201956833656e-02	3.060700987901838685e-02	7.824391355068634202e-02
1.192994134687392716e+03	2.546498981265880590e-01	1.516713471313688166e-01	2.548964719416772495e-01	1.552632872014048926e-01	7.459423563774417176e-02	3.062683015876587964e-02	7.829792980241570555e-02
1.194445465751489564e+03	2.544405323236303418e-01	1.515448829711507628e-01	2.550362836027383895e-01	1.553496968582285531e-01	7.463012814234018522e-02	3.064662246840375512e-02	7.835185363347278720e-02
1.195896796815585958e+03	2.542315280654010023e-01	1.514186372007478854e-01	2.551758482790925098e-01	1.554359547690150334e-01	7.466595963813575654e-02	3.066638685100912809e-02	7.840568519656351820e-02
1.197348127879682352e+03	2.540228847271262524e-01	1.512926094427513857e-01	2.553151663993454279e-01	1.555220612072340525e-01	7.470173022972149968e-02	3.068612334958761845e-02	7.845942464419865259e-02
1.198799458943779200e+03	2.538146016851135500e-01	1.511667993204056926e-01	2.554542383913615544e-01	1.556080164458173432e-01	7.473744002149973475e-02	3.070583200707349691e-02	7.851307212869350349e-02
1.200250790007875821e+03	2.536066783167496563e-01	1.510412064576073521e-01	2.555930646822653918e-01	1.556938207571600952e-01	7.477308911768490440e-02	3.072551286632979953e-02	7.856662780216763786e-02
1.201702121071972442e+03	2.533991140004988041e-01	1.509158304789039728e-01	2.557316456984424780e-01	1.557794744131224263e-01	7.480867762230397622e-02	3.074516597014848723e-02	7.862009181654468215e-02
1.203153452136069063e+03	2.531919081159008100e-01	1.507906710094929215e-01	2.558699818655409963e-01	1.558649776850306867e-01	7.484420563919691460e-02	3.076479136125056732e-02	7.867346432355196151e-02
1.204604783200165684e+03	2.529850600435690766e-01	1.506657276752202401e-01	2.560080736084728303e-01	1.559503308436790414e-01	7.487967327201711099e-02	3.078438908228624260e-02	7.872674547472033324e-02
1.206056114264262078e+03	2.527785691651889821e-01	1.505410001025795919e-01	2.561459213514149513e-01	1.560355341593307466e-01	7.491508062423171688e-02	3.080395917583502591e-02	7.877993542138389538e-02
1.207507445328358699e+03	2.525724348635157157e-01	1.504164879187110948e-01	2.562835255178106397e-01	1.561205879017196207e-01	7.495042779912221287e-02	3.082350168440589969e-02	7.883303431467976463e-02
1.208958776392455093e+03	2.523666565223725566e-01	1.502921907514002120e-01	2.564208865303707063e-01	1.562054923400514328e-01	7.498571489978470006e-02	3.084301665043742008e-02	7.888604230554785435e-02
1.210410107456551941e+03	2.521612335266490978e-01	1.501681082290765301e-01	2.565580048110750466e-01	1.562902477430053449e-01	7.502094202913038579e-02	3.086250411629788692e-02	7.893895954473062471e-02
1.211861438520648335e+03	2.519561652622993031e-01	1.500442399808127603e-01	2.566948807811734734e-01	1.563748543787351897e-01	7.505610928988597219e-02	3.088196412428544091e-02	7.899178618277284680e-02
1.213312769584745183e+03	2.517514511163396196e-01	1.499205856363235445e-01	2.568315148611871601e-01	1.564593125148709407e-01	7.509121678459408644e-02	3.090139671662822315e-02	7.904452237002139448e-02
1.214764100648841804e+03	2.515470904768472016e-01	1.497971448259644012e-01	2.569679074709100841e-01	1.565436224185200731e-01	7.512626461561371094e-02	3.092080193548450012e-02	7.909716825662503614e-02
1.216215431712937971e+03	2.513430827329580231e-01	1.496739171807305591e-01	2.571040590294100259e-01	1.566277843562688676e-01	7.516125288512055802e-02	3.094017982294279198e-02	7.914972399253424051e-02
1.217666762777034819e+03	2.511394272748650458e-01	1.495509023322557918e-01	2.572399699550299568e-01	1.567117985941838820e-01	7.519618169510751404e-02	3.095953042102200445e-02	7.920218972750095454e-02
1.219118093841131440e+03	2.509361234938163321e-01	1.494280999128114740e-01	2.573756406653892048e-01	1.567956653978132553e-01	7.523105114738500021e-02	3.097885377167156409e-02	7.925456561107838138e-02
1.220569424905228061e+03	2.507331707821132682e-01	1.493055095553052769e-01	2.575110715773848424e-01	1.568793850321880123e-01	7.526586134358144442e-02	3.099814991677155018e-02	7.930685179262081386e-02
1.222020755969324682e+03	2.505305685331087884e-01	1.491831308932801414e-01	2.576462631071929077e-01	1.569629577618233962e-01	7.530061238514365596e-02	3.101741889813282652e-02	7.935904842128348180e-02
1.223472087033421303e+03	2.503283161412053759e-01	1.490609635609132233e-01	2.577812156702696256e-01	1.570463838507203391e-01	7.533530437333720020e-02	3.103666075749716979e-02	7.941115564602227450e-02
1.224923418097517697e+03	2.501264130018533982e-01	1.489390071930147830e-01	2.579159296813524072e-01	1.571296635623666560e-01	7.536993740924687046e-02	3.105587553653739452e-02	7.946317361559367132e-02
1.226374749161614318e+03	2.499248585115492749e-01	1.488172614250269643e-01	2.580504055544614594e-01	1.572127971597384877e-01	7.540451159377700718e-02	3.107506327685749525e-02	7.951510247855450575e-02
1.227826080225710712e+03	2.497236520678334515e-01	1.486957258930227954e-01	2.581846437029010066e-01	1.572957849053014390e-01	7.543902702765198365e-02	3.109422401999276456e-02	7.956694238326178503e-02
1.229277411289807560e+03	2.495227930692889007e-01	1.485744002337051062e-01	2.583186445392601782e-01	1.573786270610120774e-01	7.547348381141652518e-02	3.111335780740992485e-02	7.961869347787253748e-02
1.230728742353903954e+03	2.493222809155389852e-01	1.484532840844053070e-01	2.584524084754146744e-01	1.574613238883191269e-01	7.550788204543613935e-02	3.113246468050726024e-02	7.967035591034370146e-02
1.232180073418000802e+03	2.491221150072459312e-01	1.483323770830824728e-01	2.585859359225276544e-01	1.575438756481648828e-01	7.554222182989754619e-02	3.115154468061475529e-02	7.972192982843191722e-02
1.233631404482097196e+03	2.489222947461088853e-01	1.482116788683221498e-01	2.587192272910512347e-01	1.576262826009863505e-01	7.557650326480899738e-02	3.117059784899419220e-02	7.977341537969337426e-02
1.235082735546193817e+03	2.487228195348620552e-01	1.480911890793351615e-01	2.588522829907275447e-01	1.577085450067166883e-01	7.561072645000074810e-02	3.118962422683930688e-02	7.982481271148371416e-02
1.236534066610290438e+03	2.485236887772730441e-01	1.479709073559567767e-01	2.589851034305900024e-01	1.577906631247863178e-01	7.564489148512536232e-02	3.120862385527591390e-02	7.987612197095786404e-02
1.237985397674387059e+03	2.483249018781409634e-01	1.478508333386453766e-01	2.591176890189645365e-01	1.578726372141243950e-01	7.567899846965817079e-02	3.122759677536201400e-02	7.992734330506985618e-02
1.239436728738483680e+03	2.481264582432946286e-01	1.477309666684815948e-01	2.592500401634708629e-01	1.579544675331599479e-01	7.571304750289764574e-02	3.124654302808794679e-02	7.997847686057275862e-02
1.240888059802580301e+03	2.479283572795908386e-01	1.476113069871669570e-01	2.593821572710235945e-01	1.580361543398231816e-01	7.574703868396572004e-02	3.126546265437649824e-02	8.002952278401853636e-02
1.242339390866676695e+03	2.477305983949125434e-01	1.474918539370230763e-01	2.595140407478337408e-01	1.581176978915467823e-01	7.578097211180831461e-02	3.128435569508303260e-02	8.008048122175791261e-02
1.243790721930773088e+03	2.475331809981670683e-01	1.473726071609904043e-01	2.596456909994094842e-01	1.581990984452670834e-01	7.581484788519556040e-02	3.130322219099561376e-02	8.013135231994025776e-02
1.245242052994869937e+03	2.473361044992843372e-01	1.472535663026272035e-01	2.597771084305576239e-01	1.582803562574253975e-01	7.584866610272229803e-02	3.132206218283514060e-02	8.018213622451346445e-02
1.246693384058966330e+03	2.471393683092150961e-01	1.471347310061084934e-01	2.599082934453849636e-01	1.583614715839692100e-01	7.588242686280836924e-02	3.134087571125547533e-02	8.023283308122385049e-02
1.248144715123063179e+03	2.469429718399291096e-01	1.470161009162249122e-01	2.600392464472993104e-01	1.584424446803534559e-01	7.591613026369908868e-02	3.135966281684355456e-02	8.028344303561604778e-02
1.249596046187159800e+03	2.467469145044134116e-01	1.468976756783817172e-01	2.601699678390106962e-01	1.585232758015417409e-01	7.594977640346553538e-02	3.137842354011950025e-02	8.033396623303291906e-02
1.251047377251256421e+03	2.465511957166705848e-01	1.467794549385977032e-01	2.603004580225325992e-01	1.586039652020075075e-01	7.598336538000498297e-02	3.139715792153678631e-02	8.038440281861540526e-02
1.252498708315352815e+03	2.463558148917168733e-01	1.466614383435041191e-01	2.604307173991830537e-01	1.586845131357353944e-01	7.601689729104123272e-02	3.141586600148232877e-02	8.043475293730252551e-02
1.253950039379449436e+03	2.461607714455805451e-01	1.465436255403435584e-01	2.605607463695862047e-01	1.587649198562223196e-01	7.605037223412505765e-02	3.143454782027661071e-02	8.048501673383115507e-02
1.255401370443546057e+03	2.459660647953000878e-01	1.464260161769689872e-01	2.606905453336731404e-01	1.588451856164787568e-01	7.608379030663448006e-02	3.145320341817384180e-02	8.053519435273609473e-02
1.256852701507642678e+03	2.457716943589224046e-01	1.463086099018426622e-01	2.608201146906832246e-01	1.589253106690299289e-01	7.611715160577521566e-02	3.147183283536202081e-02	8.058528593834987652e-02
1.258304032571739299e+03	2.455776595555011765e-01	1.461914063640349648e-01	2.609494548391653179e-01	1.590052952659170016e-01	7.615045622858102048e-02	3.149043611196310211e-02	8.063529163480270823e-02
1.259755363635835920e+03	2.453839598050949755e-01	1.460744052132234849e-01	2.610785661769788879e-01	1.590851396586983602e-01	7.618370427191403782e-02	3.150901328803310669e-02	8.068521158602243171e-02
1.261206694699932314e+03	2.451905945287656263e-01	1.459576060996918834e-01	2.612074491012953414e-01	1.591648440984506363e-01	7.621689583246518684e-02	3.152756440356224016e-02	8.073504593573442578e-02
1.262658025764028707e+03	2.449975631485763750e-01	1.458410086743288370e-01	2.613361040085990239e-01	1.592444088357700405e-01	7.625003100675452339e-02	3.154608949847502453e-02	8.078479482746156459e-02
1.264109356828125556e+03	2.448048650875902510e-01	1.457246125886270394e-01	2.614645312946885514e-01	1.593238341207734721e-01	7.628310989113161467e-02	3.156458861263039539e-02	8.083445840452412046e-02
1.265560687892221949e+03	2.446124997698681802e-01	1.456084174946821186e-01	2.615927313546779764e-01	1.594031202030997685e-01	7.631613258177585846e-02	3.158306178582186846e-02	8.088403681003974999e-02
1.267012018956318798e+03	2.444204666204674303e-01	1.454924230451914990e-01	2.617207045829978984e-01	1.594822673319107875e-01	7.634909917469689944e-02	3.160150905777759506e-02	8.093353018692335532e-02
1.268463350020415419e+03	2.442287650654397790e-01	1.453766288934536244e-01	2.618484513733968511e-01	1.595612757558925732e-01	7.638200976573494838e-02	3.161993046816055641e-02	8.098293867788713962e-02
1.269914681084511813e+03	2.440373945318297655e-01	1.452610346933665975e-01	2.619759721189421353e-01	1.596401457232566601e-01	7.641486445056119847e-02	3.163832605656861224e-02	8.103226242544050995e-02
1.271366012148608434e+03	2.438463544476729972e-01	1.451456400994272922e-01	2.621032672120213181e-01	1.597188774817410450e-01	7.644766332467808900e-02	3.165669586253467421e-02	8.108150157189002172e-02
1.272817343212705055e+03	2.436556442419944846e-01	1.450304447667303265e-01	2.622303370443432868e-01	1.597974712786114360e-01	7.648040648341973557e-02	3.167503992552680309e-02	8.113065625933935099e-02
1.274268674276801676e+03	2.434652633448068371e-01	1.449154483509669800e-01	2.623571820069393601e-01	1.598759273606624176e-01	7.651309402195227705e-02	3.169335828494831975e-02	8.117972662968925279e-02
1.275720005340898297e+03	2.432752111871085421e-01	1.448006505084241113e-01	2.624838024901645639e-01	1.599542459742185618e-01	7.654572603527420860e-02	3.171165098013794398e-02	8.122871282463751952e-02
1.277171336404994690e+03	2.430854872008823275e-01	1.446860508959832980e-01	2.626101988836987977e-01	1.600324273651354545e-01	7.657830261821671480e-02	3.172991805036989160e-02	8.127761498567899479e-02
1.278622667469091539e+03	2.428960908190933854e-01	1.445716491711195595e-01	2.627363715765478891e-01	1.601104717788010834e-01	7.661082386544407208e-02	3.174815953485401326e-02	8.132643325410549018e-02
1.280073998533187932e+03	2.427070214756877342e-01	1.444574449919004966e-01	2.628623209570448149e-01	1.601883794601367816e-01	7.664328987145398175e-02	3.176637547273589851e-02	8.137516777100578524e-02
1.281525329597284326e+03	2.425182786055904705e-01	1.443434380169852371e-01	2.629880474128508672e-01	1.602661506535983660e-01	7.667570073057788926e-02	3.178456590309700069e-02	8.142381867726562750e-02
1.282976660661381175e+03	2.423298616447040199e-01	1.442296279056233810e-01	2.631135513309569851e-01	1.603437856031772746e-01	7.670805653698134496e-02	3.180273086495474799e-02	8.147238611356769078e-02
1.284427991725477568e+03	2.421417700299065001e-01	1.441160143176539177e-01	2.632388330976846436e-01	1.604212845524017328e-01	7.674035738466437884e-02	3.182087039726266831e-02	8.152087022039154751e-02
1.285879322789574417e+03	2.419540031990500828e-01	1.440025969135043660e-01	2.633638930986871851e-01	1.604986477443377801e-01	7.677260336746180580e-02	3.183898453891049335e-02	8.156927113801371032e-02
1.287330653853671038e+03	2.417665605909591620e-01	1.438893753541895248e-01	2.634887317189508193e-01	1.605758754215904083e-01	7.680479457904360041e-02	3.185707332872429048e-02	8.161758900650753490e-02
1.288781984917767431e+03	2.415794416454287996e-01	1.437763493013106963e-01	2.636133493427959551e-01	1.606529678263047267e-01	7.683693111291522992e-02	3.187513680546657374e-02	8.166582396574334490e-02
1.290233315981864052e+03	2.413926458032229216e-01	1.436635184170544643e-01	2.637377463538783662e-01	1.607299252001669065e-01	7.686901306241797349e-02	3.189317500783641485e-02	8.171397615538832093e-02
