1.001418434226643626e+03	2.773187117257299716e-01	1.830047515080463205e-01	2.341317287387962298e-01	1.399918270893138750e-01	6.871058232158283596e-02	2.693149917084954048e-02	6.991089944528505740e-02
1.002869765290740247e+03	2.770150668324224408e-01	1.829016793105942840e-01	2.342677118582219276e-01	1.400785596785285858e-01	6.881518892607195459e-02	2.693149917084954048e-02	6.999029422291506985e-02
1.004321096354836754e+03	2.767120271073996718e-01	1.827987592041381559e-01	2.344031403345435138e-01	1.401657067344452834e-01	6.891956588873154876e-02	2.693149917084954048e-02	7.006930155949607497e-02
1.005772427418933376e+03	2.764095911612065581e-01	1.826959909147748418e-01	2.345380294863760318e-01	1.402532462946831648e-01	6.902371340415788814e-02	2.693149917084954048e-02	7.014792956755576403e-02
1.007223758483029997e+03	2.761077576165536507e-01	1.825933741689537149e-01	2.346723940406843234e-01	1.403411572359012094e-01	6.912763167557278710e-02	2.693149917084954048e-02	7.022618609108856325e-02
1.008675089547126618e+03	2.758065251079182545e-01	1.824909086934818070e-01	2.348062481554052949e-01	1.404294192422081977e-01	6.923132091449775427e-02	2.693149917084954048e-02	7.030407871524298191e-02
1.010126420611223239e+03	2.755058922811603472e-01	1.823885942155290818e-01	2.349396054412139223e-01	1.405180127747606422e-01	6.933478134043996599e-02	2.693149917084954048e-02	7.038161477565028912e-02
1.011577751675319632e+03	2.752058577931538741e-01	1.822864304626330145e-01	2.350724789824659711e-01	1.406069190425039694e-01	6.943801318058949457e-02	2.693149917084954048e-02	7.045880136740793886e-02
1.013029082739416367e+03	2.749064203114310878e-01	1.821844171627034492e-01	2.352048813573476838e-01	1.406961199740138224e-01	6.954101666952755556e-02	2.693149917084954048e-02	7.053564535373066380e-02
1.014480413803512761e+03	2.746075785138410441e-01	1.820825540440269841e-01	2.353368246572629940e-01	1.407855981903963216e-01	6.964379204894532993e-02	2.693149917084954048e-02	7.061215337428157490e-02
1.015931744867609382e+03	2.743093310882208646e-01	1.819808408352712181e-01	2.354683205054864670e-01	1.408753369792075383e-01	6.974633956737284757e-02	2.693149917084954048e-02	7.068833185319531309e-02
1.017383075931706003e+03	2.740116767320794899e-01	1.818792772654888590e-01	2.355993800751100820e-01	1.409653202693534890e-01	6.984865947991764079e-02	2.693149917084954048e-02	7.076418700680475737e-02
1.018834406995802851e+03	2.737146141522933118e-01	1.817778630641216919e-01	2.357300141063100318e-01	1.410555326069340698e-01	6.995075204801291802e-02	2.693149917084954048e-02	7.083972485108228079e-02
1.020285738059899245e+03	2.734181420648136851e-01	1.816765979610042436e-01	2.358602329229597394e-01	1.411459591319956242e-01	7.005261753917471634e-02	2.693149917084954048e-02	7.091495120880626779e-02
1.021737069123995752e+03	2.731222591943852085e-01	1.815754816863675014e-01	2.359900464486131000e-01	1.412365855561574790e-01	7.015425622676782491e-02	2.693149917084954048e-02	7.098987171646319039e-02
1.023188400188092373e+03	2.728269642742749412e-01	1.814745139708422716e-01	2.361194642218820139e-01	1.413273981410800573e-01	7.025566838978006268e-02	2.693149917084954048e-02	7.106449183089498522e-02
1.024639731252188767e+03	2.725322560460118337e-01	1.813736945454625382e-01	2.362484954112312463e-01	1.414183836777426762e-01	7.035685431260471634e-02	2.693149917084954048e-02	7.113881683570140446e-02
1.026091062316285615e+03	2.722381332591359282e-01	1.812730231416685156e-01	2.363771488292121525e-01	1.415095294665006664e-01	7.045781428483077757e-02	2.693149917084954048e-02	7.121285184740637486e-02
1.027542393380382237e+03	2.719445946709574957e-01	1.811724994913097297e-01	2.365054329461568350e-01	1.416008232978925307e-01	7.055854860104066040e-02	2.693149917084954048e-02	7.128660182139716361e-02
1.028993724444478858e+03	2.716516390463247776e-01	1.810721233266479879e-01	2.366333559033526601e-01	1.416922534341688855e-01	7.065905756061517662e-02	2.693149917084954048e-02	7.136007155764492738e-02
1.030445055508575479e+03	2.713592651574009973e-01	1.809718943803599878e-01	2.367609255257170919e-01	1.417838085915162083e-01	7.075934146754551957e-02	2.693149917084954048e-02	7.143326570621469362e-02
1.031896386572671872e+03	2.710674717834494762e-01	1.808718123855399817e-01	2.368881493339915212e-01	1.418754779229489393e-01	7.085940063025189528e-02	2.693149917084954048e-02	7.150618877257265693e-02
1.033347717636768493e+03	2.707762577106275215e-01	1.807718770757023030e-01	2.370150345564723815e-01	1.419672510018452627e-01	7.095923536140866239e-02	2.693149917084954048e-02	7.157884512269836741e-02
1.034799048700865114e+03	2.704856217317872513e-01	1.806720881847838633e-01	2.371415881402967052e-01	1.420591178061018367e-01	7.105884597777573086e-02	2.693149917084954048e-02	7.165123898800912494e-02
1.036250379764961508e+03	2.701955626462848592e-01	1.805724454471463181e-01	2.372678167622991607e-01	1.421510687028848252e-01	7.115823280003590046e-02	2.693149917084954048e-02	7.172337447010342093e-02
1.037701710829058356e+03	2.699060792597965941e-01	1.804729485975781755e-01	2.373937268394569478e-01	1.422430944339542758e-01	7.125739615263805560e-02	2.693149917084954048e-02	7.179525554533039422e-02
1.039153041893154750e+03	2.696171703841420686e-01	1.803735973712971008e-01	2.375193245389373708e-01	1.423351861015405007e-01	7.135633636364586974e-02	2.693149917084954048e-02	7.186688606919156008e-02
1.040604372957251599e+03	2.693288348371138952e-01	1.802743915039517197e-01	2.376446157877640242e-01	1.424273351547516997e-01	7.145505376459193592e-02	2.693149917084954048e-02	7.193826978058126542e-02
1.042055704021347992e+03	2.690410714423141503e-01	1.801753307316235619e-01	2.377696062821152978e-01	1.425195333764928962e-01	7.155354869033699050e-02	2.693149917084954048e-02	7.200941030587164338e-02
1.043507035085444613e+03	2.687538790289970558e-01	1.800764147908288093e-01	2.378943014962693336e-01	1.426117728708769794e-01	7.165182147893421616e-02	2.693149917084954048e-02	7.208031116284815965e-02
1.044958366149541234e+03	2.684672564319172117e-01	1.799776434185200447e-01	2.380187066912088367e-01	1.427040460511091180e-01	7.174987247149830494e-02	2.693149917084954048e-02	7.215097576450098249e-02
1.046409697213637855e+03	2.681812024911843229e-01	1.798790163520878616e-01	2.381428269228983430e-01	1.427963456278270593e-01	7.184770201207910101e-02	2.693149917084954048e-02	7.222140742267782465e-02
1.047861028277734476e+03	2.678957160521226455e-01	1.797805333293623631e-01	2.382666670502466000e-01	1.428886645978799663e-01	7.194531044753976756e-02	2.693149917084954048e-02	7.229160935160316992e-02
1.049312359341831097e+03	2.676107959651363721e-01	1.796821940886146884e-01	2.383902317427657735e-01	1.429809962335295004e-01	7.204269812743921420e-02	2.693149917084954048e-02	7.236158467126906080e-02
1.050763690405927491e+03	2.673264410855799578e-01	1.795839983685582064e-01	2.385135254879389433e-01	1.430733340720567459e-01	7.213986540391867375e-02	2.693149917084954048e-02	7.243133641070212403e-02
1.052215021470024112e+03	2.670426502736331087e-01	1.794859459083500974e-01	2.386365525983070446e-01	1.431656719057607663e-01	7.223681263159226207e-02	2.693149917084954048e-02	7.250086751111131655e-02
1.053666352534120733e+03	2.667594223941812670e-01	1.793880364475922973e-01	2.387593172182856383e-01	1.432580037723328314e-01	7.233354016744136805e-02	2.693149917084954048e-02	7.257018082892119359e-02
1.055117683598217127e+03	2.664767563166995368e-01	1.792902697263328848e-01	2.388818233307218319e-01	1.433503239455931055e-01	7.243004837071279067e-02	2.693149917084954048e-02	7.263927913869447361e-02
1.056569014662313975e+03	2.661946509151419948e-01	1.791926454850670536e-01	2.390040747632011242e-01	1.434426269265757503e-01	7.252633760282037323e-02	2.693149917084954048e-02	7.270816513594835495e-02
1.058020345726410369e+03	2.659131050678347208e-01	1.790951634647381940e-01	2.391260751941139129e-01	1.435349074349492882e-01	7.262240822725013478e-02	2.693149917084954048e-02	7.277684143986844212e-02
1.059471676790506763e+03	2.656321176573729903e-01	1.789978234067387264e-01	2.392478281584901612e-01	1.436271604007600955e-01	7.271826060946869064e-02	2.693149917084954048e-02	7.284531059592402880e-02
1.060923007854603611e+03	2.653516875705224098e-01	1.789006250529112663e-01	2.393693370536114917e-01	1.437193809564862590e-01	7.281389511683489246e-02	2.693149917084954048e-02	7.291357507838840124e-02
1.062374338918700232e+03	2.650718136981238260e-01	1.788035681455492354e-01	2.394906051444088690e-01	1.438115644293904982e-01	7.290931211851450766e-02	2.693149917084954048e-02	7.298163729276783973e-02
1.063825669982796853e+03	2.647924949350017321e-01	1.787066524273977497e-01	2.396116355686542798e-01	1.439037063341608302e-01	7.300451198539786857e-02	2.693149917084954048e-02	7.304949957814237116e-02
1.065277001046893474e+03	2.645137301798761165e-01	1.786098776416543965e-01	2.397324313419536557e-01	1.439958023658282071e-01	7.309949509002042212e-02	2.693149917084954048e-02	7.311716420942196426e-02
1.066728332110990095e+03	2.642355183352781411e-01	1.785132435319698452e-01	2.398529953625491984e-01	1.440878483929505238e-01	7.319426180648599956e-02	2.693149917084954048e-02	7.318463339952104019e-02
1.068179663175086489e+03	2.639578583074682072e-01	1.784167498424485410e-01	2.399733304159377134e-01	1.441798404510532539e-01	7.328881251039275069e-02	2.693149917084954048e-02	7.325190930145425439e-02
1.069630994239183110e+03	2.636807490063578507e-01	1.783203963176492601e-01	2.400934391793124179e-01	1.442717747363167491e-01	7.338314757876164551e-02	2.693149917084954048e-02	7.331899401035674169e-02
1.071082325303279504e+03	2.634041893454341365e-01	1.782241827025856928e-01	2.402133242258346069e-01	1.443636475995013768e-01	7.347726738996747387e-02	2.693149917084954048e-02	7.338588956543137809e-02
1.072533656367376352e+03	2.631281782416871051e-01	1.781281087427269150e-01	2.403329880287416453e-01	1.444554555401009188e-01	7.357117232367210713e-02	2.693149917084954048e-02	7.345259795182593199e-02
1.073984987431472746e+03	2.628527146155401617e-01	1.780321741839978322e-01	2.404524329652975856e-01	1.445471952007163219e-01	7.366486276076023021e-02	2.693149917084954048e-02	7.351912110244251952e-02
1.075436318495569594e+03	2.625777973907825746e-01	1.779363787727795965e-01	2.405716613205923504e-01	1.446388633616409736e-01	7.375833908327714128e-02	2.693149917084954048e-02	7.358546089968204251e-02
1.076887649559666215e+03	2.623034254945050825e-01	1.778407222559099943e-01	2.406906752911950886e-01	1.447304569356498982e-01	7.385160167436877199e-02	2.693149917084954048e-02	7.365161917712584327e-02
1.078338980623762609e+03	2.620295978570376105e-01	1.777452043806838355e-01	2.408094769886673647e-01	1.448219729629850461e-01	7.394465091822367830e-02	2.693149917084954048e-02	7.371759772115715759e-02
1.079790311687859230e+03	2.617563134118895407e-01	1.776498248948530922e-01	2.409280684429414010e-01	1.449134086065293203e-01	7.403748720001714079e-02	2.693149917084954048e-02	7.378339827252422545e-02
1.081241642751955851e+03	2.614835710956919246e-01	1.775545835466273425e-01	2.410464516055686457e-01	1.450047611471622366e-01	7.413011090585702734e-02	2.693149917084954048e-02	7.384902252784752985e-02
1.082692973816052472e+03	2.612113698481422497e-01	1.774594800846738540e-01	2.411646283528433576e-01	1.450960279792904983e-01	7.422252242273164047e-02	2.693149917084954048e-02	7.391447214107307873e-02
1.084144304880149093e+03	2.609397086119512044e-01	1.773645142581178613e-01	2.412826004888059539e-01	1.451872066065467148e-01	7.431472213845922992e-02	2.693149917084954048e-02	7.397974872487374232e-02
1.085595635944245487e+03	2.606685863327910524e-01	1.772696858165426492e-01	2.414003697481310329e-01	1.452782946376500739e-01	7.440671044163926773e-02	2.693149917084954048e-02	7.404485385200057501e-02
1.087046967008342108e+03	2.603980019592466721e-01	1.771749945099897749e-01	2.415179377989039589e-01	1.453692897824228614e-01	7.449848772160540256e-02	2.693149917084954048e-02	7.410978905658591187e-02
1.088498298072438729e+03	2.601279544427677615e-01	1.770804400889590957e-01	2.416353062452905598e-01	1.454601898479570277e-01	7.459005436837998215e-02	2.693149917084954048e-02	7.417455583540015496e-02
1.089949629136535123e+03	2.598584427376232631e-01	1.769860223044088243e-01	2.417524766301038519e-01	1.455509927349249166e-01	7.468141077263006078e-02	2.693149917084954048e-02	7.423915564906370668e-02
1.091400960200631971e+03	2.595894658008571776e-01	1.768917409077555847e-01	2.418694504372718712e-01	1.456416964340289666e-01	7.477255732562501644e-02	2.693149917084954048e-02	7.430358992321604850e-02
1.092852291264728365e+03	2.593210225922464307e-01	1.767975956508744673e-01	2.419862290942098870e-01	1.457322990225851933e-01	7.486349441919545877e-02	2.693149917084954048e-02	7.436786004964322794e-02
1.094303622328825213e+03	2.590531120742599613e-01	1.767035862860989459e-01	2.421028139741014662e-01	1.458227986612352645e-01	7.495422244569363568e-02	2.693149917084954048e-02	7.443196738736536366e-02
1.095754953392921607e+03	2.587857332120195863e-01	1.766097125662209333e-01	2.422192063980909971e-01	1.459131935907821975e-01	7.504474179795508904e-02	2.693149917084954048e-02	7.449591326368580624e-02
1.097206284457018228e+03	2.585188849732621974e-01	1.765159742444905866e-01	2.423354076373914479e-01	1.460034821291455731e-01	7.513505286926164262e-02	2.693149917084954048e-02	7.455969897520312029e-02
1.098657615521114849e+03	2.582525663283034567e-01	1.764223710746162521e-01	2.424514189153106347e-01	1.460936626684311290e-01	7.522515605330562516e-02	2.693149917084954048e-02	7.462332578878745626e-02
1.100108946585211470e+03	2.579867762500026585e-01	1.763289028107644929e-01	2.425672414091989693e-01	1.461837336721108771e-01	7.531505174415520365e-02	2.693149917084954048e-02	7.468679494252239426e-02
1.101560277649308091e+03	2.577215137137290890e-01	1.762355692075597280e-01	2.426828762523215721e-01	1.462736936723093573e-01	7.540474033622107664e-02	2.693149917084954048e-02	7.475010764661384199e-02
1.103011608713404712e+03	2.574567776973296640e-01	1.761423700200842324e-01	2.427983245356578335e-01	1.463635412671921154e-01	7.549422222422400020e-02	2.693149917084954048e-02	7.481326508426684729e-02
1.104462939777501106e+03	2.571925671810976755e-01	1.760493050038779150e-01	2.429135873096311682e-01	1.464532751184525750e-01	7.558349780316367394e-02	2.693149917084954048e-02	7.487626841253178234e-02
1.105914270841597499e+03	2.569288811477425383e-01	1.759563739149380968e-01	2.430286655857713807e-01	1.465428939488935545e-01	7.567256746828843195e-02	2.693149917084954048e-02	7.493911876312084330e-02
1.107365601905694348e+03	2.566657185823610909e-01	1.758635765097193715e-01	2.431435603383124144e-01	1.466323965400999629e-01	7.576143161506605772e-02	2.693149917084954048e-02	7.500181724319597565e-02
1.108816932969790741e+03	2.564030784724096179e-01	1.757709125451333010e-01	2.432582725057280126e-01	1.467217817301990634e-01	7.585009063915557070e-02	2.693149917084954048e-02	7.506436493612940464e-02
1.110268264033887590e+03	2.561409598076768157e-01	1.756783817785481372e-01	2.433728029922073710e-01	1.468110484117052528e-01	7.593854493637987313e-02	2.693149917084954048e-02	7.512676290223757603e-02
1.111719595097984211e+03	2.558793615802581467e-01	1.755859839677886280e-01	2.434871526690734478e-01	1.469001955294459150e-01	7.602679490269934059e-02	2.693149917084954048e-02	7.518901217948964488e-02
1.113170926162080832e+03	2.556182827845306926e-01	1.754937188711356288e-01	2.436013223761456237e-01	1.469892220785655457e-01	7.611484093418628694e-02	2.693149917084954048e-02	7.525111378419128971e-02
1.114622257226177226e+03	2.553577224171294513e-01	1.754015862473259635e-01	2.437153129230492932e-01	1.470781271026050940e-01	7.620268342700028952e-02	2.693149917084954048e-02	7.531306871164493433e-02
1.116073588290273847e+03	2.550976794769239109e-01	1.753095858555519526e-01	2.438291250904743301e-01	1.471669096916535524e-01	7.629032277736422230e-02	2.693149917084954048e-02	7.537487793678704362e-02
1.117524919354370468e+03	2.548381529649958455e-01	1.752177174554611361e-01	2.439427596313840652e-01	1.472555689805693790e-01	7.637775938154117705e-02	2.693149917084954048e-02	7.543654241480342304e-02
1.118976250418467089e+03	2.545791418846178877e-01	1.751259808071558843e-01	2.440562172721768841e-01	1.473441041472688395e-01	7.646499363581214792e-02	2.693149917084954048e-02	7.549806308172340996e-02
1.120427581482563710e+03	2.543206452412327123e-01	1.750343756711931209e-01	2.441694987138025297e-01	1.474325144110789076e-01	7.655202593645429876e-02	2.693149917084954048e-02	7.555944085499344265e-02
1.121878912546660331e+03	2.540626620424333293e-01	1.749429018085838783e-01	2.442826046328341605e-01	1.475207990311523665e-01	7.663885667972016036e-02	2.693149917084954048e-02	7.562067663403122808e-02
1.123330243610756725e+03	2.538051912979434332e-01	1.748515589807929094e-01	2.443955356824985270e-01	1.476089573049424730e-01	7.672548626181728559e-02	2.693149917084954048e-02	7.568177130076057801e-02
1.124781574674853118e+03	2.535482320195992512e-01	1.747603469497382433e-01	2.445082924936655411e-01	1.476969885667352156e-01	7.681191507888872338e-02	2.693149917084954048e-02	7.574272572012825944e-02
1.126232905738949967e+03	2.532917832213316123e-01	1.746692654777909082e-01	2.446208756757987102e-01	1.477848921862370268e-01	7.689814352699400613e-02	2.693149917084954048e-02	7.580354074060303982e-02
1.127684236803046360e+03	2.530358439191484621e-01	1.745783143277743477e-01	2.447332858178682402e-01	1.478726675672155655e-01	7.698417200209084488e-02	2.693149917084954048e-02	7.586421719465787084e-02
1.129135567867143209e+03	2.527804131311183755e-01	1.744874932629641162e-01	2.448455234892279730e-01	1.479603141461919846e-01	7.707000090001739356e-02	2.693149917084954048e-02	7.592475589923552981e-02
1.130586898931239830e+03	2.525254898773545698e-01	1.743968020470873515e-01	2.449575892404575739e-01	1.480478313911821608e-01	7.715563061647505438e-02	2.693149917084954048e-02	7.598515765619864859e-02
1.132038229995336451e+03	2.522710731799994166e-01	1.743062404443222468e-01	2.450694836041714675e-01	1.481352188004859127e-01	7.724106154701185223e-02	2.693149917084954048e-02	7.604542325276446302e-02
1.133489561059432845e+03	2.520171620632093989e-01	1.742158082192977464e-01	2.451812070957956335e-01	1.482224759015214333e-01	7.732629408700633644e-02	2.693149917084954048e-02	7.610555346192482418e-02
1.134940892123529466e+03	2.517637555531408444e-01	1.741255051370929341e-01	2.452927602143133989e-01	1.483096022497039923e-01	7.741132863165200995e-02	2.693149917084954048e-02	7.616554904285223471e-02
1.136392223187626087e+03	2.515108526779359366e-01	1.740353309632365897e-01	2.454041434429818924e-01	1.483965974273667165e-01	7.749616557594224409e-02	2.693149917084954048e-02	7.622541074129209060e-02
1.137843554251722708e+03	2.512584524677091702e-01	1.739452854637066892e-01	2.455153572500196335e-01	1.484834610427224200e-01	7.758080531465572083e-02	2.693149917084954048e-02	7.628513928994187787e-02
1.139294885315819101e+03	2.510065539545346391e-01	1.738553684049298498e-01	2.456264020892667821e-01	1.485701927288642366e-01	7.766524824234226354e-02	2.693149917084954048e-02	7.634473540881767106e-02
1.140746216379915950e+03	2.507551561724333244e-01	1.737655795537809134e-01	2.457372784008191591e-01	1.486567921428043337e-01	7.774949475330919513e-02	2.693149917084954048e-02	7.640419980560847479e-02
1.142197547444012343e+03	2.505042581573612148e-01	1.736759186775823360e-01	2.458479866116366208e-01	1.487432589645484859e-01	7.783354524160807086e-02	2.693149917084954048e-02	7.646353317601869981e-02
1.143648878508108737e+03	2.502538589471972053e-01	1.735863855441036330e-01	2.459585271361272862e-01	1.488295928962060644e-01	7.791740010102188307e-02	2.693149917084954048e-02	7.652273620409938415e-02
1.145100209572205586e+03	2.500039575817321613e-01	1.734969799215609065e-01	2.460689003767080607e-01	1.489157936611333333e-01	7.800105972505262664e-02	2.693149917084954048e-02	7.658180956256835370e-02
1.146551540636302207e+03	2.497545531026579835e-01	1.734077015786163189e-01	2.461791067243428721e-01	1.490018610031091650e-01	7.808452450690923918e-02	2.693149917084954048e-02	7.664075391311990504e-02
1.148002871700398828e+03	2.495056445535568657e-01	1.733185502843773707e-01	2.462891465590589801e-01	1.490877946855418690e-01	7.816779483949608254e-02	2.693149917084954048e-02	7.669956990672434360e-02
1.149454202764495449e+03	2.492572309798912200e-01	1.732295258083965395e-01	2.463990202504426630e-01	1.491735944907059963e-01	7.825087111540154905e-02	2.693149917084954048e-02	7.675825818391759925e-02
1.150905533828591842e+03	2.490093114289937681e-01	1.731406279206705867e-01	2.465087281581145318e-01	1.492592602190080664e-01	7.833375372688719529e-02	2.693149917084954048e-02	7.681681937508141877e-02
1.152356864892688463e+03	2.487618849500580209e-01	1.730518563916400021e-01	2.466182706321860540e-01	1.493447916882798265e-01	7.841644306587720881e-02	2.693149917084954048e-02	7.687525410071452403e-02
1.153808195956785084e+03	2.485149505941289250e-01	1.729632109921884486e-01	2.467276480136969818e-01	1.494301887330984624e-01	7.849893952394811081e-02	2.693149917084954048e-02	7.693356297169474944e-02
1.155259527020881706e+03	2.482685074140940917e-01	1.728746914936420964e-01	2.468368606350354599e-01	1.495154512041322881e-01	7.858124349231886130e-02	2.693149917084954048e-02	7.699174658953289452e-02
1.156710858084978327e+03	2.480225544646749714e-01	1.727862976677691786e-01	2.469459088203406760e-01	1.496005789675113051e-01	7.866335536184128341e-02	2.693149917084954048e-02	7.704980554661830516e-02
1.158162189149074720e+03	2.477770908024185814e-01	1.726980292867791589e-01	2.470547928858892739e-01	1.496855719042215760e-01	7.874527552299070976e-02	2.693149917084954048e-02	7.710774042645646142e-02
1.159613520213171569e+03	2.475321154856892358e-01	1.726098861233224258e-01	2.471635131404657237e-01	1.497704299095222735e-01	7.882700436585708681e-02	2.693149917084954048e-02	7.716555180389907120e-02
1.161064851277267962e+03	2.472876275746607178e-01	1.725218679504893493e-01	2.472720698857178157e-01	1.498551528923850740e-01	7.890854228013610694e-02	2.693149917084954048e-02	7.722324024536678100e-02
1.162516182341364356e+03	2.470436261313087856e-01	1.724339745418098924e-01	2.473804634164970817e-01	1.499397407749545885e-01	7.898988965512081240e-02	2.693149917084954048e-02	7.728080630906469795e-02
1.163967513405461204e+03	2.468001102194034846e-01	1.723462056712529444e-01	2.474886940211855901e-01	1.500241934920291953e-01	7.907104687969351842e-02	2.693149917084954048e-02	7.733825054519115338e-02
1.165418844469557826e+03	2.465570789045021804e-01	1.722585611132256278e-01	2.475967619820088617e-01	1.501085109905616888e-01	7.915201434231770861e-02	2.693149917084954048e-02	7.739557349613986059e-02
1.166870175533654447e+03	2.463145312539424814e-01	1.721710406425727147e-01	2.477046675753362126e-01	1.501926932291784422e-01	7.923279243103045766e-02	2.693149917084954048e-02	7.745277569669561935e-02
1.168321506597751068e+03	2.460724663368354936e-01	1.720836440345759888e-01	2.478124110719682194e-01	1.502767401777172773e-01	7.931338153343502062e-02	2.693149917084954048e-02	7.750985767422394201e-02
1.169772837661847461e+03	2.458308832240591879e-01	1.719963710649535793e-01	2.479199927374125256e-01	1.503606518167824591e-01	7.939378203669350542e-02	2.693149917084954048e-02	7.756681994885468445e-02
1.171224168725944082e+03	2.455897809882520710e-01	1.719092215098593501e-01	2.480274128321478810e-01	1.504444281373166770e-01	7.947399432752003112e-02	2.693149917084954048e-02	7.762366303365998699e-02
1.172675499790040703e+03	2.453491587038069410e-01	1.718221951458822616e-01	2.481346716118771334e-01	1.505280691401891247e-01	7.955401879217388617e-02	2.693149917084954048e-02	7.768038743482665043e-02
1.174126830854137097e+03	2.451090154468648641e-01	1.717352917500456488e-01	2.482417693277698401e-01	1.506115748357994555e-01	7.963385581645299194e-02	2.693149917084954048e-02	7.773699365182322463e-02
1.175578161918233945e+03	2.448693502953092349e-01	1.716485110998065833e-01	2.483487062266943601e-01	1.506949452436964210e-01	7.971350578568758838e-02	2.693149917084954048e-02	7.779348217756186512e-02
1.177029492982330339e+03	2.446301623287601701e-01	1.715618529730552622e-01	2.484554825514401211e-01	1.507781803922111918e-01	7.979296908473404448e-02	2.693149917084954048e-02	7.784985349855523540e-02
1.178480824046426733e+03	2.443914506285688459e-01	1.714753171481143146e-01	2.485620985409307537e-01	1.508612803181044737e-01	7.987224609796894637e-02	2.693149917084954048e-02	7.790610809506867684e-02
1.179932155110523581e+03	2.441532142778121139e-01	1.713889034037381909e-01	2.486685544304278184e-01	1.509442450662269175e-01	7.995133720928332410e-02	2.693149917084954048e-02	7.796224644126761860e-02
1.181383486174620202e+03	2.439154523612871994e-01	1.713026115191123577e-01	2.487748504517260373e-01	1.510270746891926863e-01	8.003024280207707286e-02	2.693149917084954048e-02	7.801826900536062981e-02
1.182834817238716823e+03	2.436781639655065668e-01	1.712164412738527153e-01	2.488809868333400344e-01	1.511097692470651233e-01	8.010896325925351280e-02	2.693149917084954048e-02	7.807417624973803094e-02
1.184286148302813444e+03	2.434413481786928957e-01	1.711303924480049310e-01	2.489869638006830255e-01	1.511923288070544658e-01	8.018749896321419879e-02	2.693149917084954048e-02	7.812996863110643897e-02
1.185737479366910065e+03	2.432050040907741961e-01	1.710444648220437736e-01	2.490927815762379594e-01	1.512747534432270502e-01	8.026585029585382725e-02	2.693149917084954048e-02	7.818564660061917693e-02
1.187188810431006686e+03	2.429691307933790345e-01	1.709586581768723079e-01	2.491984403797209424e-01	1.513570432362255636e-01	8.034401763855532341e-02	2.693149917084954048e-02	7.824121060400285321e-02
1.188640141495103080e+03	2.427337273798317319e-01	1.708729722938213957e-01	2.493039404282379468e-01	1.514391982729997588e-01	8.042200137218508127e-02	2.693149917084954048e-02	7.829666108168012451e-02
1.190091472559199701e+03	2.424987929451480062e-01	1.707874069546488627e-01	2.494092819364342184e-01	1.515212186465476896e-01	8.049980187708836998e-02	2.693149917084954048e-02	7.835199846888891984e-02
1.191542803623296322e+03	2.422643265860304485e-01	1.707019619415388323e-01	2.495144651166374128e-01	1.516031044556664931e-01	8.057741953308489302e-02	2.693149917084954048e-02	7.840722319579800093e-02
1.192994134687392716e+03	2.420303274008640815e-01	1.706166370371011154e-01	2.496194901789943188e-01	1.516848558047128315e-01	8.065485471946444440e-02	2.693149917084954048e-02	7.846233568761928900e-02
1.194445465751489564e+03	2.417967944897121413e-01	1.705314320243704607e-01	2.497243573316016430e-01	1.517664728033723820e-01	8.073210781498271760e-02	2.693149917084954048e-02	7.851733636471679156e-02
1.195896796815585958e+03	2.415637269543119692e-01	1.704463466868058052e-01	2.498290667806306597e-01	1.518479555664380143e-01	8.080917919785729486e-02	2.693149917084954048e-02	7.857222564271237886e-02
1.197348127879682352e+03	2.413311238980708207e-01	1.703613808082896641e-01	2.499336187304467272e-01	1.519293042135965721e-01	8.088606924576374757e-02	2.693149917084954048e-02	7.862700393258860443e-02
1.198799458943779200e+03	2.410989844260619519e-01	1.702765341731273807e-01	2.500380133837230012e-01	1.520105188692236486e-01	8.096277833583177819e-02	2.693149917084954048e-02	7.868167164078840314e-02
1.200250790007875821e+03	2.408673076450205675e-01	1.701918065660464607e-01	2.501422509415492379e-01	1.520915996621861888e-01	8.103930684464159817e-02	2.693149917084954048e-02	7.873622916931206916e-02
1.201702121071972442e+03	2.406360926633402120e-01	1.701071977721958506e-01	2.502463316035356544e-01	1.521725467256526687e-01	8.111565514822038914e-02	2.693149917084954048e-02	7.879067691581136124e-02
1.203153452136069063e+03	2.404053385910686902e-01	1.700227075771452434e-01	2.503502555679119057e-01	1.522533601969104367e-01	8.119182362203886116e-02	2.693149917084954048e-02	7.884501527368101281e-02
1.204604783200165684e+03	2.401750445399045697e-01	1.699383357668843020e-01	2.504540230316217309e-01	1.523340402171900754e-01	8.126781264100792213e-02	2.693149917084954048e-02	7.889924463214763317e-02
1.206056114264262078e+03	2.399452096231934617e-01	1.698540821278220481e-01	2.505576341904128257e-01	1.524145869314963986e-01	8.134362257947545805e-02	2.693149917084954048e-02	7.895336537635604113e-02
1.207507445328358699e+03	2.397158329559245238e-01	1.697699464467860853e-01	2.506610892389231071e-01	1.524950004884459975e-01	8.141925381122323835e-02	2.693149917084954048e-02	7.900737788745335055e-02
1.208958776392455093e+03	2.394869136547268240e-01	1.696859285110218774e-01	2.507643883707622590e-01	1.525752810401108384e-01	8.149470670946397377e-02	2.693149917084954048e-02	7.906128254267051625e-02
1.210410107456551941e+03	2.392584508378659269e-01	1.696020281081921655e-01	2.508675317785901693e-01	1.526554287418679934e-01	8.156998164683826325e-02	2.693149917084954048e-02	7.911507971540178430e-02
1.211861438520648335e+03	2.390304436252405629e-01	1.695182450263760798e-01	2.509705196541908712e-01	1.527354437522550068e-01	8.164507899541197100e-02	2.693149917084954048e-02	7.916876977528182480e-02
1.213312769584745183e+03	2.388028911383791586e-01	1.694345790540685570e-01	2.510733521885435970e-01	1.528153262328308393e-01	8.171999912667333998e-02	2.693149917084954048e-02	7.922235308826085232e-02
1.214764100648841804e+03	2.385757925004366731e-01	1.693510299801795072e-01	2.511760295718900027e-01	1.528950763480420028e-01	8.179474241153050773e-02	2.693149917084954048e-02	7.927583001667766471e-02
1.216215431712937971e+03	2.383491468361912946e-01	1.692675975940332034e-01	2.512785519937982825e-01	1.529746942650940245e-01	8.186930922030889735e-02	2.693149917084954048e-02	7.932920091933065576e-02
1.217666762777034819e+03	2.381229532720411379e-01	1.691842816853675324e-01	2.513809196432241766e-01	1.530541801538277680e-01	8.194369992274880277e-02	2.693149917084954048e-02	7.938246615154702368e-02
1.219118093841131440e+03	2.378972109360012188e-01	1.691010820443331619e-01	2.514831327085688129e-01	1.531335341866002508e-01	8.201791488800301566e-02	2.693149917084954048e-02	7.943562606524996739e-02
1.220569424905228061e+03	2.376719189577003177e-01	1.690179984614930131e-01	2.515851913777338300e-01	1.532127565381704859e-01	8.209195448463454947e-02	2.693149917084954048e-02	7.948868100902428679e-02
1.222020755969324682e+03	2.374470764683778157e-01	1.689350307278214003e-01	2.516870958381736134e-01	1.532918473855892361e-01	8.216581908061443285e-02	2.693149917084954048e-02	7.954163132817999859e-02
1.223472087033421303e+03	2.372226826008807798e-01	1.688521786347033649e-01	2.517888462769449776e-01	1.533708069080932657e-01	8.223950904331962797e-02	2.693149917084954048e-02	7.959447736481452262e-02
1.224923418097517697e+03	2.369987364896608550e-01	1.687694419739338980e-01	2.518904428807541285e-01	1.534496352870036440e-01	8.231302473953093501e-02	2.693149917084954048e-02	7.964721945787309187e-02
1.226374749161614318e+03	2.367752372707713493e-01	1.686868205377173024e-01	2.519918858360014613e-01	1.535283327056277958e-01	8.238636653543102151e-02	2.693149917084954048e-02	7.969985794320760819e-02
1.227826080225710712e+03	2.365521840818643196e-01	1.686043141186664429e-01	2.520931753288237487e-01	1.536068993491654933e-01	8.245953479660259045e-02	2.693149917084954048e-02	7.975239315363397141e-02
1.229277411289807560e+03	2.363295760621876573e-01	1.685219225098018858e-01	2.521943115451342754e-01	1.536853354046183728e-01	8.253252988802643741e-02	2.693149917084954048e-02	7.980482541898799298e-02
1.230728742353903954e+03	2.361074123525820911e-01	1.684396455045513996e-01	2.522952946706606414e-01	1.537636410607029214e-01	8.260535217407975750e-02	2.693149917084954048e-02	7.985715506617975523e-02
1.232180073418000802e+03	2.358856920954786329e-01	1.683574828967490666e-01	2.523961248909808441e-01	1.538418165077668487e-01	8.267800201853446607e-02	2.693149917084954048e-02	7.990938241924673557e-02
1.233631404482097196e+03	2.356644144348954695e-01	1.682754344806346447e-01	2.524968023915568627e-01	1.539198619377087074e-01	8.275047978455550568e-02	2.693149917084954048e-02	7.996150779940545961e-02
1.235082735546193817e+03	2.354435785164353256e-01	1.681935000508527067e-01	2.525973273577669098e-01	1.539977775439005381e-01	8.282278583469930566e-02	2.693149917084954048e-02	8.001353152510187750e-02
1.236534066610290438e+03	2.352231834872827443e-01	1.681116794024520855e-01	2.526976999749355191e-01	1.540755635211135399e-01	8.289492053091225554e-02	2.693149917084954048e-02	8.006545391206053297e-02
1.237985397674387059e+03	2.350032284962011719e-01	1.680299723308850690e-01	2.527979204283619663e-01	1.541532200654466833e-01	8.296688423452930339e-02	2.693149917084954048e-02	8.011727527333249721e-02
1.239436728738483680e+03	2.347837126935304330e-01	1.679483786320065952e-01	2.528979889033472483e-01	1.542307473742579038e-01	8.303867730627248478e-02	2.693149917084954048e-02	8.016899591934205371e-02
1.240888059802580301e+03	2.345646352311838434e-01	1.678668981020736417e-01	2.529979055852191738e-01	1.543081456460981271e-01	8.311030010624964603e-02	2.693149917084954048e-02	8.022061615793231459e-02
1.242339390866676695e+03	2.343459952626458231e-01	1.677855305377444761e-01	2.530976706593559555e-01	1.543854150806478198e-01	8.318175299395312583e-02	2.693149917084954048e-02	8.027213629440962950e-02
1.243790721930773088e+03	2.341277919429688992e-01	1.677042757360778236e-01	2.531972843112086369e-01	1.544625558786558994e-01	8.325303632825853395e-02	2.693149917084954048e-02	8.032355663158703696e-02
1.245242052994869937e+03	2.339100244287713182e-01	1.676231334945322837e-01	2.532967467263219086e-01	1.545395682418810868e-01	8.332415046742359943e-02	2.693149917084954048e-02	8.037487746982656389e-02
1.246693384058966330e+03	2.336926918782343265e-01	1.675421036109654982e-01	2.533960580903538151e-01	1.546164523730356177e-01	8.339509576908700483e-02	2.693149917084954048e-02	8.042609910708053977e-02
1.248144715123063179e+03	2.334757934510996169e-01	1.674611858836334566e-01	2.534952185890935183e-01	1.546932084757309256e-01	8.346587259026733152e-02	2.693149917084954048e-02	8.047722183893195325e-02
1.249596046187159800e+03	2.332593283086666636e-01	1.673803801111897749e-01	2.535942284084788390e-01	1.547698367544256826e-01	8.353648128736203271e-02	2.693149917084954048e-02	8.052824595863383728e-02
1.251047377251256421e+03	2.330432956137902800e-01	1.672996860926849183e-01	2.536930877346119662e-01	1.548463374143756732e-01	8.360692221614642039e-02	2.693149917084954048e-02	8.057917175714765512e-02
1.252498708315352815e+03	2.328276945308778989e-01	1.672191036275655351e-01	2.537917967537740571e-01	1.549227106615856941e-01	8.367719573177277714e-02	2.693149917084954048e-02	8.062999952318095076e-02
1.253950039379449436e+03	2.326125242258872405e-01	1.671386325156737074e-01	2.538903556524392258e-01	1.549989567027634241e-01	8.374730218876942633e-02	2.693149917084954048e-02	8.068072954322391688e-02
1.255401370443546057e+03	2.323977838663235373e-01	1.670582725572461735e-01	2.539887646172870328e-01	1.550750757452749040e-01	8.381724194103989944e-02	2.693149917084954048e-02	8.073136210158535220e-02
1.256852701507642678e+03	2.321834726212372302e-01	1.669780235529136625e-01	2.540870238352143651e-01	1.551510679971019324e-01	8.388701534186213116e-02	2.693149917084954048e-02	8.078189748042753637e-02
1.258304032571739299e+03	2.319695896612213593e-01	1.668978853037001442e-01	2.541851334933460937e-01	1.552269336668010147e-01	8.395662274388768220e-02	2.693149917084954048e-02	8.083233595980052200e-02
1.259755363635835920e+03	2.317561341584090662e-01	1.668178576110220246e-01	2.542830937790451773e-01	1.553026729634639502e-01	8.402606449914104547e-02	2.693149917084954048e-02	8.088267781767552456e-02
1.261206694699932314e+03	2.315431052864711514e-01	1.667379402766875907e-01	2.543809048799213768e-01	1.553782860966801127e-01	8.409534095901893824e-02	2.693149917084954048e-02	8.093292332997759075e-02
1.262658025764028707e+03	2.313305022206136319e-01	1.666581331028960944e-01	2.544785669838399156e-01	1.554537732764999236e-01	8.416445247428962217e-02	2.693149917084954048e-02	8.098307277061755904e-02
1.264109356828125556e+03	2.311183241375751873e-01	1.665784358922371144e-01	2.545760802789286958e-01	1.555291347133999635e-01	8.423339939509237595e-02	2.693149917084954048e-02	8.103312641152332629e-02
1.265560687892221949e+03	2.309065702156247457e-01	1.664988484476898067e-01	2.546734449535854039e-01	1.556043706182495545e-01	8.430218207093687077e-02	2.693149917084954048e-02	8.108308452267029565e-02
1.267012018956318798e+03	2.306952396345590683e-01	1.664193705726222383e-01	2.547706611964831169e-01	1.556794812022783137e-01	8.437080085070261526e-02	2.693149917084954048e-02	8.113294737211131091e-02
1.268463350020415419e+03	2.304843315757001965e-01	1.663400020707905547e-01	2.548677291965760761e-01	1.557544666770453723e-01	8.443925608263852522e-02	2.693149917084954048e-02	8.118271522600586931e-02
1.269914681084511813e+03	2.302738452218932586e-01	1.662607427463382581e-01	2.549646491431044049e-01	1.558293272544096220e-01	8.450754811436239633e-02	2.693149917084954048e-02	8.123238834864868196e-02
1.271366012148608434e+03	2.300637797575037780e-01	1.661815924037955972e-01	2.550614212255980506e-01	1.559040631465010984e-01	8.457567729286050162e-02	2.693149917084954048e-02	8.128196700249765150e-02
1.272817343212705055e+03	2.298541343684153970e-01	1.661025508480787338e-01	2.551580456338806147e-01	1.559786745656936147e-01	8.464364396448714745e-02	2.693149917084954048e-02	8.133145144820119743e-02
1.274268674276801676e+03	2.296449082420274901e-01	1.660236178844890220e-01	2.552545225580722943e-01	1.560531617245785041e-01	8.471144847496435426e-02	2.693149917084954048e-02	8.138084194462508192e-02
1.275720005340898297e+03	2.294361005672526377e-01	1.659447933187123414e-01	2.553508521885924365e-01	1.561275248359391965e-01	8.477909116938152356e-02	2.693149917084954048e-02	8.143013874887858328e-02
1.277171336404994690e+03	2.292277105345143784e-01	1.658660769568182924e-01	2.554470347161615917e-01	1.562017641127270984e-01	8.484657239219509095e-02	2.693149917084954048e-02	8.147934211634021151e-02
1.278622667469091539e+03	2.290197373357447108e-01	1.657874686052595581e-01	2.555430703318030683e-01	1.562758797680383061e-01	8.491389248722826244e-02	2.693149917084954048e-02	8.152845230068279936e-02
1.280073998533187932e+03	2.288121801643817343e-01	1.657089680708710711e-01	2.556389592268439870e-01	1.563498720150910959e-01	8.498105179767076467e-02	2.693149917084954048e-02	8.157746955389803822e-02
1.281525329597284326e+03	2.286050382153672345e-01	1.656305751608694032e-01	2.557347015929161138e-01	1.564237410672046913e-01	8.504805066607863673e-02	2.693149917084954048e-02	8.162639412632070879e-02
1.282976660661381175e+03	2.283983106851443512e-01	1.655522896828518775e-01	2.558302976219559155e-01	1.564974871377784738e-01	8.511488943437402199e-02	2.693149917084954048e-02	8.167522626665213448e-02
1.284427991725477568e+03	2.281919967716551645e-01	1.654741114447960959e-01	2.559257475062047260e-01	1.565711104402723597e-01	8.518156844384502935e-02	2.693149917084954048e-02	8.172396622198339899e-02
1.285879322789574417e+03	2.279860956743384182e-01	1.653960402550589681e-01	2.560210514382081359e-01	1.566446111881877878e-01	8.524808803514555278e-02	2.693149917084954048e-02	8.177261423781795324e-02
1.287330653853671038e+03	2.277806065941270219e-01	1.653180759223761009e-01	2.561162096108152153e-01	1.567179895950494839e-01	8.531444854829518809e-02	2.693149917084954048e-02	8.182117055809379202e-02
1.288781984917767431e+03	2.275755287334456922e-01	1.652402182558610766e-01	2.562112222171775144e-01	1.567912458743881687e-01	8.538065032267913579e-02	2.693149917084954048e-02	8.186963542520525605e-02
1.290233315981864052e+03	2.273708612962087317e-01	1.651624670650047033e-01	2.563060894507473986e-01	1.568643802397236831e-01	8.544669369704814554e-02	2.693149917084954048e-02	8.191800908002425108e-02
