1.001418434226643626e+03	2.772573896318841213e-01	1.830857810865309243e-01	2.341263876337997540e-01	1.399789584689169197e-01	6.873641180712899978e-02	2.688966068618969807e-02	6.992541068515310820e-02
1.002869765290740247e+03	2.769495589160588800e-01	1.829874007853828921e-01	2.342615090727788729e-01	1.400644121812470722e-01	6.884194722630872232e-02	2.688966068618969807e-02	7.000551113163740180e-02
1.004321096354836754e+03	2.766423532638982996e-01	1.828891625290152145e-01	2.343960656536003828e-01	1.401502962644421146e-01	6.894721707886650175e-02	2.688966068618969807e-02	7.008524452359138346e-02
1.005772427418933376e+03	2.763357712161591540e-01	1.827910660414071020e-01	2.345300727417683195e-01	1.402365891597564806e-01	6.905222166414161367e-02	2.688966068618969807e-02	7.016461849018128250e-02
1.007223758483029997e+03	2.760298113257740882e-01	1.826931110469421082e-01	2.346635451331769984e-01	1.403232701074229316e-01	6.915696129273830872e-02	2.688966068618969807e-02	7.024364040735953107e-02
1.008675089547126618e+03	2.757244721574746427e-01	1.825952972704147914e-01	2.347964970751609537e-01	1.404103191174110865e-01	6.926143628608405489e-02	2.688966068618969807e-02	7.032231740686850641e-02
1.010126420611223239e+03	2.754197522874285431e-01	1.824976244370369038e-01	2.349289422867719690e-01	1.404977169412547910e-01	6.936564697600348939e-02	2.688966068618969807e-02	7.040065638491833921e-02
1.011577751675319632e+03	2.751156503028899802e-01	1.824000922724436369e-01	2.350608939783117302e-01	1.405854450449100235e-01	6.946959370430776104e-02	2.688966068618969807e-02	7.047866401055084828e-02
1.013029082739416367e+03	2.748121648018631014e-01	1.823027005026991998e-01	2.351923648701473024e-01	1.406734855826048125e-01	6.957327682239851374e-02	2.688966068618969807e-02	7.055634673370099474e-02
1.014480413803512761e+03	2.745092943927770479e-01	1.822054488543026485e-01	2.353233672108356322e-01	1.407618213716456124e-01	6.967669669088613627e-02	2.688966068618969807e-02	7.063371079296680566e-02
1.015931744867609382e+03	2.742070376941737608e-01	1.821083370541929647e-01	2.354539127945823596e-01	1.408504358681448021e-01	6.977985367922157067e-02	2.688966068618969807e-02	7.071076222309845283e-02
1.017383075931706003e+03	2.739053933344066660e-01	1.820113648297542186e-01	2.355840129780594205e-01	1.409393131436356417e-01	6.988274816534136014e-02	2.688966068618969807e-02	7.078750686221664534e-02
1.018834406995802851e+03	2.736043599513505176e-01	1.819145319088205093e-01	2.357136786966048669e-01	1.410284378625424329e-01	6.998538053532543657e-02	2.688966068618969807e-02	7.086395035877020299e-02
1.020285738059899245e+03	2.733039361921220101e-01	1.818178380196804611e-01	2.358429204798275503e-01	1.411177952604744101e-01	7.008775118306706520e-02	2.688966068618969807e-02	7.094009817824240005e-02
1.021737069123995752e+03	2.730041207128104941e-01	1.817212828910818867e-01	2.359717484666383480e-01	1.412073711233134965e-01	7.018986050995466852e-02	2.688966068618969807e-02	7.101595560961505849e-02
1.023188400188092373e+03	2.727049121782182950e-01	1.816248662522357837e-01	2.361001724197292206e-01	1.412971517670665034e-01	7.029170892456493291e-02	2.688966068618969807e-02	7.109152777159925829e-02
1.024639731252188767e+03	2.724063092616108572e-01	1.815285878328205538e-01	2.362282017395199996e-01	1.413871240184542966e-01	7.039329684236700357e-02	2.688966068618969807e-02	7.116681961864133876e-02
1.026091062316285615e+03	2.721083106444761035e-01	1.814324473629858048e-01	2.363558454775923356e-01	1.414772751962106723e-01	7.049462468543712945e-02	2.688966068618969807e-02	7.124183594671197606e-02
1.027542393380382237e+03	2.718109150162923426e-01	1.813364445733560426e-01	2.364831123496303200e-01	1.415675930930651583e-01	7.059569288218359162e-02	2.688966068618969807e-02	7.131658139888664982e-02
1.028993724444478858e+03	2.715141210743045042e-01	1.812405791950342238e-01	2.366100107478847081e-01	1.416580659583844826e-01	7.069650186708133222e-02	2.688966068618969807e-02	7.139106047072478478e-02
1.030445055508575479e+03	2.712179275233090880e-01	1.811448509596050860e-01	2.367365487531794543e-01	1.417486824814490898e-01	7.079705208041620068e-02	2.688966068618969807e-02	7.146527751545506124e-02
1.031896386572671872e+03	2.709223330754466086e-01	1.810492595991382569e-01	2.368627341464760450e-01	1.418394317753410294e-01	7.089734396803824834e-02	2.688966068618969807e-02	7.153923674897381957e-02
1.033347717636768493e+03	2.706273364500013101e-01	1.809538048461914461e-01	2.369885744200128930e-01	1.419303033614211507e-01	7.099737798112379372e-02	2.688966068618969807e-02	7.161294225466340035e-02
1.034799048700865114e+03	2.703329363732090984e-01	1.808584864338132758e-01	2.371140767880348110e-01	1.420212871543737321e-01	7.109715457594598109e-02	2.688966068618969807e-02	7.168639798803710939e-02
1.036250379764961508e+03	2.700391315780715229e-01	1.807633040955458625e-01	2.372392481971276890e-01	1.421123734477985345e-01	7.119667421365361015e-02	2.688966068618969807e-02	7.175960778121677486e-02
1.037701710829058356e+03	2.697459208041771972e-01	1.806682575654276479e-01	2.373640953361729478e-01	1.422035529003291277e-01	7.129593736005769566e-02	2.688966068618969807e-02	7.183257534724930837e-02
1.039153041893154750e+03	2.694533027975294370e-01	1.805733465779958136e-01	2.374886246459354811e-01	1.422948165222595041e-01	7.139494448542572924e-02	2.688966068618969807e-02	7.190530428426800125e-02
1.040604372957251599e+03	2.691612763103801154e-01	1.804785708682885570e-01	2.376128423282987401e-01	1.423861556626592195e-01	7.149369606428325474e-02	2.688966068618969807e-02	7.197779807950409336e-02
1.042055704021347992e+03	2.688698401010699013e-01	1.803839301718472843e-01	2.377367543551599793e-01	1.424775619969601559e-01	7.159219257522246582e-02	2.688966068618969807e-02	7.205006011315423509e-02
1.043507035085444613e+03	2.685789929338740500e-01	1.802894242247188583e-01	2.378603664769975423e-01	1.425690275149970876e-01	7.169043450071761747e-02	2.688966068618969807e-02	7.212209366210889372e-02
1.044958366149541234e+03	2.682887335788537442e-01	1.801950527634574584e-01	2.379836842311229828e-01	1.426605445094857039e-01	7.178842232694708503e-02	2.688966068618969807e-02	7.219390190354700587e-02
1.046409697213637855e+03	2.679990608117133188e-01	1.801008155251265230e-01	2.381067129496290957e-01	1.427521055649220438e-01	7.188615654362161267e-02	2.688966068618969807e-02	7.226548791840137209e-02
1.047861028277734476e+03	2.677099734136620390e-01	1.800067122473004710e-01	2.382294577670450442e-01	1.428437035468877736e-01	7.198363764381879304e-02	2.688966068618969807e-02	7.233685469469984530e-02
1.049312359341831097e+03	2.674214701712812614e-01	1.799127426680663944e-01	2.383519236277094611e-01	1.429353315917468448e-01	7.208086612382334779e-02	2.688966068618969807e-02	7.240800513078660128e-02
1.050763690405927491e+03	2.671335498763965921e-01	1.798189065260256125e-01	2.384741152928718244e-01	1.430269830967188516e-01	7.217784248297311189e-02	2.688966068618969807e-02	7.247894203842790428e-02
1.052215021470024112e+03	2.668462113259542634e-01	1.797252035602951159e-01	2.385960373475319862e-01	1.431186517103154865e-01	7.227456722351045804e-02	2.688966068618969807e-02	7.254966814580657286e-02
1.053666352534120733e+03	2.665594533219023399e-01	1.796316335105089534e-01	2.387176942070275421e-01	1.432103313231269104e-01	7.237104085043906399e-02	2.688966068618969807e-02	7.262018610040911482e-02
1.055117683598217127e+03	2.662732746710759213e-01	1.795381961168196205e-01	2.388390901233782004e-01	1.433020160589448255e-01	7.246726387138567593e-02	2.688966068618969807e-02	7.269049847180963919e-02
1.056569014662313975e+03	2.659876741850871751e-01	1.794448911198990304e-01	2.389602291913963117e-01	1.433937002662106219e-01	7.256323679646679847e-02	2.688966068618969807e-02	7.276060775435394534e-02
1.058020345726410369e+03	2.657026506802181998e-01	1.793517182609399296e-01	2.390811153545717993e-01	1.434853785097761070e-01	7.265896013816021404e-02	2.688966068618969807e-02	7.283051636974767484e-02
1.059471676790506763e+03	2.654182029773189955e-01	1.792586772816566476e-01	2.392017524107398208e-01	1.435770455629656606e-01	7.275443441118087384e-02	2.688966068618969807e-02	7.290022666955194020e-02
1.060923007854603611e+03	2.651343299017084321e-01	1.791657679242862622e-01	2.393221440175394288e-01	1.436686963999287137e-01	7.284966013236132687e-02	2.688966068618969807e-02	7.296974093758974711e-02
1.062374338918700232e+03	2.648510302830789365e-01	1.790729899315893769e-01	2.394422936976705885e-01	1.437603261882721417e-01	7.294463782053635381e-02	2.688966068618969807e-02	7.303906139226645777e-02
1.063825669982796853e+03	2.645683029554047327e-01	1.789803430468509815e-01	2.395622048439571827e-01	1.438519302819619428e-01	7.303936799643166722e-02	2.688966068618969807e-02	7.310819018880737596e-02
1.065277001046893474e+03	2.642861467568531353e-01	1.788878270138811732e-01	2.396818807242227234e-01	1.439435042144847077e-01	7.313385118255656681e-02	2.688966068618969807e-02	7.317712942141561816e-02
1.066728332110990095e+03	2.640045605296993947e-01	1.787954415770158512e-01	2.398013244859861781e-01	1.440350436922592792e-01	7.322808790310036953e-02	2.688966068618969807e-02	7.324588112535285189e-02
1.068179663175086489e+03	2.637235431202443192e-01	1.787031864811173820e-01	2.399205391609842697e-01	1.441265445882893292e-01	7.332207868383255889e-02	2.688966068618969807e-02	7.331444727894607938e-02
1.069630994239183110e+03	2.634430933787351714e-01	1.786110614715750167e-01	2.400395276695263536e-01	1.442180029360482785e-01	7.341582405200640371e-02	2.688966068618969807e-02	7.338282980552275625e-02
1.071082325303279504e+03	2.631632101592889517e-01	1.785190662943055284e-01	2.401582928246884518e-01	1.443094149235878976e-01	7.350932453626604635e-02	2.688966068618969807e-02	7.345103057527710422e-02
1.072533656367376352e+03	2.628838923198191235e-01	1.784272006957535461e-01	2.402768373363521337e-01	1.444007768878622644e-01	7.360258066655685216e-02	2.688966068618969807e-02	7.351905140707008790e-02
1.073984987431472746e+03	2.626051387219641708e-01	1.783354644228919705e-01	2.403951638150940429e-01	1.444920853092596658e-01	7.369559297403890930e-02	2.688966068618969807e-02	7.358689407016526240e-02
1.075436318495569594e+03	2.623269482310192635e-01	1.782438572232223628e-01	2.405132747759313738e-01	1.445833368063344226e-01	7.378836199100360926e-02	2.688966068618969807e-02	7.365456028590303128e-02
1.076887649559666215e+03	2.620493197158703658e-01	1.781523788447750833e-01	2.406311726419286257e-01	1.446745281307314224e-01	7.388088825079316968e-02	2.688966068618969807e-02	7.372205172931545203e-02
1.078338980623762609e+03	2.617722520489303983e-01	1.780610290361096248e-01	2.407488597476709902e-01	1.447656561622964189e-01	7.397317228772301578e-02	2.688966068618969807e-02	7.378937003068368472e-02
1.079790311687859230e+03	2.614957441060778986e-01	1.779698075463147788e-01	2.408663383426090099e-01	1.448567179043652731e-01	7.406521463700688201e-02	2.688966068618969807e-02	7.385651677704029028e-02
1.081241642751955851e+03	2.612197947665979569e-01	1.778787141250087467e-01	2.409836105942792794e-01	1.449477104792255000e-01	7.415701583468457814e-02	2.688966068618969807e-02	7.392349351361816867e-02
1.082692973816052472e+03	2.609444029131247622e-01	1.777877485223391674e-01	2.411006785914057426e-01	1.450386311237438774e-01	7.424857641755228110e-02	2.688966068618969807e-02	7.399030174524834358e-02
1.084144304880149093e+03	2.606695674315871458e-01	1.776969104889832840e-01	2.412175443468861091e-01	1.451294771851541487e-01	7.433989692309536657e-02	2.688966068618969807e-02	7.405694293770816172e-02
1.085595635944245487e+03	2.603952872111549022e-01	1.776061997761478328e-01	2.413342098006673875e-01	1.452202461169987135e-01	7.443097788942347470e-02	2.688966068618969807e-02	7.412341851902187750e-02
1.087046967008342108e+03	2.601215611441879405e-01	1.775156161355690709e-01	2.414506768225148370e-01	1.453109354752190052e-01	7.452181985520803242e-02	2.688966068618969807e-02	7.418972988071523278e-02
1.088498298072438729e+03	2.598483881261868245e-01	1.774251593195127485e-01	2.415669472146780572e-01	1.454015429143887539e-01	7.461242335962185723e-02	2.688966068618969807e-02	7.425587837902583588e-02
1.089949629136535123e+03	2.595757670557450325e-01	1.773348290807738037e-01	2.416830227144581844e-01	1.454920661840853613e-01	7.470278894228091215e-02	2.688966068618969807e-02	7.432186533607075540e-02
1.091400960200631971e+03	2.593036968345031612e-01	1.772446251726765010e-01	2.417989049966795256e-01	1.455825031253936974e-01	7.479291714318823947e-02	2.688966068618969807e-02	7.438769204097292476e-02
1.092852291264728365e+03	2.590321763671044608e-01	1.771545473490738765e-01	2.419145956760696548e-01	1.456728516675382112e-01	7.488280850267971245e-02	2.688966068618969807e-02	7.445335975094806436e-02
1.094303622328825213e+03	2.587612045611522027e-01	1.770645953643479320e-01	2.420300963095508295e-01	1.457631098246381374e-01	7.497246356137177159e-02	2.688966068618969807e-02	7.451886969235310687e-02
1.095754953392921607e+03	2.584907803271682125e-01	1.769747689734090801e-01	2.421454083984462824e-01	1.458532756925814688e-01	7.506188286011106214e-02	2.688966068618969807e-02	7.458422306169788796e-02
1.097206284457018228e+03	2.582209025785531797e-01	1.768850679316959496e-01	2.422605333906043823e-01	1.459433474460134217e-01	7.515106693992570919e-02	2.688966068618969807e-02	7.464942102662132373e-02
1.098657615521114849e+03	2.579515702315482994e-01	1.767954919951751636e-01	2.423754726824436656e-01	1.460333233354350058e-01	7.524001634197853561e-02	2.688966068618969807e-02	7.471446472683325457e-02
1.100108946585211470e+03	2.576827822051980244e-01	1.767060409203409233e-01	2.424902276209220109e-01	1.461232016844079828e-01	7.532873160752168173e-02	2.688966068618969807e-02	7.477935527502330149e-02
1.101560277649308091e+03	2.574145374213143156e-01	1.766167144642146192e-01	2.426047995054320672e-01	1.462129808868619374e-01	7.541721327785302909e-02	2.688966068618969807e-02	7.484409375773787287e-02
1.103011608713404712e+03	2.571468348044422814e-01	1.765275123843445260e-01	2.427191895896263774e-01	1.463026594045000739e-01	7.550546189427409516e-02	2.688966068618969807e-02	7.490868123622648755e-02
1.104462939777501106e+03	2.568796732818265927e-01	1.764384344388052472e-01	2.428333990831742784e-01	1.463922357642999383e-01	7.559347799804937151e-02	2.688966068618969807e-02	7.497311874725844094e-02
1.105914270841597499e+03	2.566130517833793423e-01	1.763494803861974380e-01	2.429474291534532149e-01	1.464817085561056498e-01	7.568126213036714678e-02	2.688966068618969807e-02	7.503740730391104952e-02
1.107365601905694348e+03	2.563469692416490697e-01	1.762606499856472220e-01	2.430612809271772146e-01	1.465710764303082281e-01	7.576881483230174519e-02	2.688966068618969807e-02	7.510154789633033401e-02
1.108816932969790741e+03	2.560814245917906740e-01	1.761719429968057749e-01	2.431749554919641620e-01	1.466603380956110203e-01	7.585613664477708351e-02	2.688966068618969807e-02	7.516554149246516825e-02
1.110268264033887590e+03	2.558164167715363257e-01	1.760833591798487141e-01	2.432884538978448419e-01	1.467494923168766452e-01	7.594322810853146311e-02	2.688966068618969807e-02	7.522938903877589290e-02
1.111719595097984211e+03	2.555519447211676010e-01	1.759948982954757102e-01	2.434017771587154710e-01	1.468385379130531521e-01	7.603008976408369424e-02	2.688966068618969807e-02	7.529309146091825444e-02
1.113170926162080832e+03	2.552880073834885577e-01	1.759065601049097649e-01	2.435149262537357751e-01	1.469274737551757026e-01	7.611672215170041389e-02	2.688966068618969807e-02	7.535664966440364099e-02
1.114622257226177226e+03	2.550246037037992575e-01	1.758183443698968229e-01	2.436279021286750224e-01	1.470162987644418884e-01	7.620312581136448604e-02	2.688966068618969807e-02	7.542006453523637799e-02
1.116073588290273847e+03	2.547617326298709517e-01	1.757302508527050500e-01	2.437407056972074049e-01	1.471050119103570752e-01	7.628930128274458156e-02	2.688966068618969807e-02	7.548333694052886123e-02
1.117524919354370468e+03	2.544993931119212682e-01	1.756422793161241946e-01	2.438533378421590680e-01	1.471936122089480548e-01	7.637524910516590992e-02	2.688966068618969807e-02	7.554646772909544283e-02
1.118976250418467089e+03	2.542375841025909522e-01	1.755544295234651164e-01	2.439657994167082622e-01	1.472820987210418930e-01	7.646096981758183919e-02	2.688966068618969807e-02	7.560945773202584763e-02
1.120427581482563710e+03	2.539763045569210509e-01	1.754667012385590086e-01	2.440780912455405849e-01	1.473704705506078405e-01	7.654646395854668162e-02	2.688966068618969807e-02	7.567230776323867480e-02
1.121878912546660331e+03	2.537155534323308204e-01	1.753790942257567875e-01	2.441902141259608694e-01	1.474587268431601372e-01	7.663173206618932587e-02	2.688966068618969807e-02	7.573501862001588703e-02
1.123330243610756725e+03	2.534553296885964646e-01	1.752916082499284545e-01	2.443021688289632176e-01	1.475468667842190218e-01	7.671677467818789620e-02	2.688966068618969807e-02	7.579759108351884211e-02
1.124781574674853118e+03	2.531956322878304855e-01	1.752042430764622349e-01	2.444139561002608707e-01	1.476348895978284448e-01	7.680159233174529976e-02	2.688966068618969807e-02	7.586002591928653338e-02
1.126232905738949967e+03	2.529364601944619206e-01	1.751169984712641348e-01	2.445255766612774717e-01	1.477227945451279056e-01	7.688618556356560663e-02	2.688966068618969807e-02	7.592232387771681579e-02
1.127684236803046360e+03	2.526778123752169702e-01	1.750298742007570241e-01	2.446370312101007749e-01	1.478105809229766365e-01	7.697055490983133186e-02	2.688966068618969807e-02	7.598448569453106205e-02
1.129135567867143209e+03	2.524196877991004562e-01	1.749428700318799990e-01	2.447483204224008002e-01	1.478982480626281903e-01	7.705470090618149470e-02	2.688966068618969807e-02	7.604651209122283151e-02
1.130586898931239830e+03	2.521620854373778364e-01	1.748559857320875210e-01	2.448594449523128769e-01	1.479857953284536565e-01	7.713862408769055212e-02	2.688966068618969807e-02	7.610840377549131508e-02
1.132038229995336451e+03	2.519050042635576081e-01	1.747692210693487791e-01	2.449704054332879910e-01	1.480732221167115337e-01	7.722232498884792906e-02	2.688966068618969807e-02	7.617016144165990321e-02
1.133489561059432845e+03	2.516484432533745430e-01	1.746825758121468841e-01	2.450812024789105759e-01	1.481605278543628168e-01	7.730580414353846463e-02	2.688966068618969807e-02	7.623178577108045972e-02
1.134940892123529466e+03	2.513924013847733119e-01	1.745960497294781200e-01	2.451918366836856045e-01	1.482477119979294378e-01	7.738906208502342732e-02	2.688966068618969807e-02	7.629327743252384275e-02
1.136392223187626087e+03	2.511368776378928303e-01	1.745096425908510551e-01	2.453023086237959005e-01	1.483347740323945618e-01	7.747209934592230729e-02	2.688966068618969807e-02	7.635463708255714466e-02
1.137843554251722708e+03	2.508818709950505488e-01	1.744233541662858211e-01	2.454126188578308609e-01	1.484217134701431573e-01	7.755491645819524715e-02	2.688966068618969807e-02	7.641586536590812273e-02
1.139294885315819101e+03	2.506273804407280203e-01	1.743371842263132521e-01	2.455227679274875063e-01	1.485085298499414785e-01	7.763751395312611103e-02	2.688966068618969807e-02	7.647696291581732031e-02
1.140746216379915950e+03	2.503734049615564117e-01	1.742511325419741075e-01	2.456327563582450246e-01	1.485952227359538802e-01	7.771989236130613654e-02	2.688966068618969807e-02	7.653793035437815584e-02
1.142197547444012343e+03	2.501199435463023479e-01	1.741651988848182120e-01	2.457425846600135855e-01	1.486817917167957415e-01	7.780205221261821125e-02	2.688966068618969807e-02	7.659876829286561828e-02
1.143648878508108737e+03	2.498669951858547844e-01	1.740793830269035669e-01	2.458522533277587574e-01	1.487682364046209738e-01	7.788399403622177364e-02	2.688966068618969807e-02	7.665947733205384640e-02
1.145100209572205586e+03	2.496145588732115728e-01	1.739936847407956289e-01	2.459617628421020830e-01	1.488545564342431682e-01	7.796571836053819982e-02	2.688966068618969807e-02	7.672005806252299442e-02
1.146551540636302207e+03	2.493626336034669988e-01	1.739081037995663381e-01	2.460711136698987833e-01	1.489407514622889950e-01	7.804722571323674529e-02	2.688966068618969807e-02	7.678051106495584199e-02
1.148002871700398828e+03	2.491112183737993480e-01	1.738226399767932584e-01	2.461803062647934248e-01	1.490268211663822451e-01	7.812851662122104190e-02	2.688966068618969807e-02	7.684083691042434272e-02
1.149454202764495449e+03	2.488603121834590537e-01	1.737372930465587717e-01	2.462893410677546580e-01	1.491127652443584306e-01	7.820959161061606657e-02	2.688966068618969807e-02	7.690103616066670811e-02
1.150905533828591842e+03	2.486099140337570124e-01	1.736520627834491071e-01	2.463982185075891951e-01	1.491985834135076405e-01	7.829045120675558189e-02	2.688966068618969807e-02	7.696110936835512395e-02
1.152356864892688463e+03	2.483600229280533700e-01	1.735669489625535356e-01	2.465069390014365536e-01	1.492842754098455127e-01	7.837109593417009024e-02	2.688966068618969807e-02	7.702105707735458495e-02
1.153808195956785084e+03	2.481106378717466421e-01	1.734819513594634544e-01	2.466155029552445366e-01	1.493698409874107402e-01	7.845152631657521802e-02	2.688966068618969807e-02	7.708087982297309737e-02
1.155259527020881706e+03	2.478617578722630832e-01	1.733970697502713876e-01	2.467239107642266727e-01	1.494552799175884183e-01	7.853174287686051636e-02	2.688966068618969807e-02	7.714057813220362436e-02
1.156710858084978327e+03	2.476133819390463620e-01	1.733123039115702368e-01	2.468321628133021972e-01	1.495405919884583712e-01	7.861174613707871961e-02	2.688966068618969807e-02	7.720015252395784344e-02
1.158162189149074720e+03	2.473655090835475412e-01	1.732276536204522543e-01	2.469402594775190474e-01	1.496257770041671264e-01	7.869153661843539260e-02	2.688966068618969807e-02	7.725960350929235443e-02
1.159613520213171569e+03	2.471181383192153913e-01	1.731431186545082102e-01	2.470482011224607310e-01	1.497108347843230935e-01	7.877111484127900798e-02	2.688966068618969807e-02	7.731893159162732398e-02
1.161064851277267962e+03	2.468712686614869534e-01	1.730586987918263375e-01	2.471559881046372642e-01	1.497957651634139464e-01	7.885048132509131502e-02	2.688966068618969807e-02	7.737813726695795535e-02
1.162516182341364356e+03	2.466248991277782410e-01	1.729743938109915002e-01	2.472636207718614809e-01	1.498805679902453780e-01	7.892963658847822195e-02	2.688966068618969807e-02	7.743722102405894980e-02
1.163967513405461204e+03	2.463790287374753585e-01	1.728902034910843044e-01	2.473710994636105498e-01	1.499652431274003661e-01	7.900858114916087249e-02	2.688966068618969807e-02	7.749618334468232062e-02
1.165418844469557826e+03	2.461336565119257858e-01	1.728061276116799883e-01	2.474784245113735015e-01	1.500497904507184788e-01	7.908731552396723596e-02	2.688966068618969807e-02	7.755502470374872614e-02
1.166870175533654447e+03	2.458887814744299682e-01	1.727221659528476450e-01	2.475855962389856835e-01	1.501342098487941090e-01	7.916584022882384997e-02	2.688966068618969807e-02	7.761374556953248849e-02
1.168321506597751068e+03	2.456444026502328515e-01	1.726383182951491957e-01	2.476926149629497254e-01	1.502185012224931948e-01	7.924415577874807659e-02	2.688966068618969807e-02	7.767234640384070021e-02
1.169772837661847461e+03	2.454005190665161096e-01	1.725545844196384460e-01	2.477994809927445696e-01	1.503026644844877580e-01	7.932226268784048351e-02	2.688966068618969807e-02	7.773082766218639139e-02
1.171224168725944082e+03	2.451571297523900683e-01	1.724709641078601696e-01	2.479061946311221787e-01	1.503866995588074851e-01	7.940016146927769691e-02	2.688966068618969807e-02	7.778918979395614552e-02
1.172675499790040703e+03	2.449142337388862667e-01	1.723874571418489987e-01	2.480127561743928899e-01	1.504706063804078509e-01	7.947785263530542099e-02	2.688966068618969807e-02	7.784743324257230312e-02
1.174126830854137097e+03	2.446718300589499073e-01	1.723040633041287573e-01	2.481191659126995297e-01	1.505543848947538954e-01	7.955533669723179047e-02	2.688966068618969807e-02	7.790555844564986399e-02
1.175578161918233945e+03	2.444299177474326401e-01	1.722207823777111846e-01	2.482254241302809528e-01	1.506380350574195726e-01	7.963261416542100068e-02	2.688966068618969807e-02	7.796356583514844896e-02
1.177029492982330339e+03	2.441884958410853734e-01	1.721376141460950748e-01	2.483315311057252561e-01	1.507215568337016420e-01	7.970968554928718752e-02	2.688966068618969807e-02	7.802145583751926572e-02
1.178480824046426733e+03	2.439475633785515019e-01	1.720545583932653888e-01	2.484374871122129458e-01	1.508049501982478280e-01	7.978655135728858483e-02	2.688966068618969807e-02	7.807922887384746713e-02
1.179932155110523581e+03	2.437071194003601338e-01	1.719716149036921993e-01	2.485432924177508329e-01	1.508882151346987444e-01	7.986321209692187617e-02	2.688966068618969807e-02	7.813688535998991602e-02
1.181383486174620202e+03	2.434671629489194300e-01	1.718887834623296640e-01	2.486489472853965765e-01	1.509713516353425877e-01	7.993966827471685188e-02	2.688966068618969807e-02	7.819442570670855075e-02
1.182834817238716823e+03	2.432276930685101091e-01	1.718060638546151653e-01	2.487544519734743720e-01	1.510543597007831251e-01	8.001592039623123265e-02	2.688966068618969807e-02	7.825185031979958739e-02
1.184286148302813444e+03	2.429887088052793687e-01	1.717234558664682831e-01	2.488598067357821464e-01	1.511372393396193947e-01	8.009196896604579841e-02	2.688966068618969807e-02	7.830915960021855859e-02
1.185737479366910065e+03	2.427502092072344742e-01	1.716409592842897125e-01	2.489650118217908714e-01	1.512199905681374246e-01	8.016781448775965602e-02	2.688966068618969807e-02	7.836635394420143896e-02
1.187188810431006686e+03	2.425121933242369576e-01	1.715585738949603478e-01	2.490700674768353828e-01	1.513026134100132203e-01	8.024345746398571511e-02	2.688966068618969807e-02	7.842343374338194006e-02
1.188640141495103080e+03	2.422746602079965117e-01	1.714762994858403666e-01	2.491749739422982890e-01	1.513851078960267993e-01	8.031889839634644146e-02	2.688966068618969807e-02	7.848039938490515566e-02
1.190091472559199701e+03	2.420376089120654106e-01	1.713941358447681473e-01	2.492797314557861077e-01	1.514674740637864947e-01	8.039413778546976308e-02	2.688966068618969807e-02	7.853725125153764031e-02
1.191542803623296322e+03	2.418010384918327371e-01	1.713120827600592699e-01	2.493843402512986585e-01	1.515497119574636953e-01	8.046917613098514277e-02	2.688966068618969807e-02	7.859398972177401854e-02
1.192994134687392716e+03	2.415649480045189423e-01	1.712301400205055724e-01	2.494888005593915714e-01	1.516318216275372166e-01	8.054401393151984501e-02	2.688966068618969807e-02	7.865061516994038826e-02
1.194445465751489564e+03	2.413293365091702669e-01	1.711483074153740958e-01	2.495931126073323292e-01	1.517138031305470813e-01	8.061865168469541099e-02	2.688966068618969807e-02	7.870712796629436570e-02
1.195896796815585958e+03	2.410942030666536617e-01	1.710665847344061408e-01	2.496972766192500082e-01	1.517956565288573478e-01	8.069308988712425856e-02	2.688966068618969807e-02	7.876352847712214666e-02
1.197348127879682352e+03	2.408595467396513756e-01	1.709849717678162684e-01	2.498012928162791080e-01	1.518773818904276818e-01	8.076732903440654587e-02	2.688966068618969807e-02	7.881981706483258410e-02
1.198799458943779200e+03	2.406253665926559038e-01	1.709034683062912174e-01	2.499051614166975521e-01	1.519589792885935320e-01	8.084136962112703495e-02	2.688966068618969807e-02	7.887599408804832346e-02
1.200250790007875821e+03	2.403916616919649363e-01	1.708220741409890164e-01	2.500088826360590821e-01	1.520404488018540778e-01	8.091521214085224678e-02	2.688966068618969807e-02	7.893205990169420427e-02
1.201702121071972442e+03	2.401584311056765564e-01	1.707407890635379011e-01	2.501124566873201838e-01	1.521217905136682536e-01	8.098885708612774126e-02	2.688966068618969807e-02	7.898801485708291381e-02
1.203153452136069063e+03	2.399256739036842168e-01	1.706596128660353151e-01	2.502158837809622671e-01	1.522030045122581832e-01	8.106230494847548040e-02	2.688966068618969807e-02	7.904385930199810117e-02
1.204604783200165684e+03	2.396933891576721043e-01	1.705785453410469665e-01	2.503191641251082400e-01	1.522840908904198876e-01	8.113555621839141363e-02	2.688966068618969807e-02	7.909959358077491010e-02
1.206056114264262078e+03	2.394615759411104217e-01	1.704975862816057453e-01	2.504222979256350290e-01	1.523650497453410413e-01	8.120861138534313239e-02	2.688966068618969807e-02	7.915521803437815251e-02
1.207507445328358699e+03	2.392302333292507799e-01	1.704167354812107793e-01	2.505252853862809381e-01	1.524458811784251966e-01	8.128147093776770526e-02	2.688966068618969807e-02	7.921073300047810906e-02
1.208958776392455093e+03	2.389993603991216742e-01	1.703359927338264079e-01	2.506281267087487885e-01	1.525265852951228907e-01	8.135413536306965177e-02	2.688966068618969807e-02	7.926613881352403967e-02
1.210410107456551941e+03	2.387689562295241263e-01	1.702553578338811269e-01	2.507308220928049503e-01	1.526071622047687482e-01	8.142660514761897173e-02	2.688966068618969807e-02	7.932143580481554324e-02
1.211861438520648335e+03	2.385390199010271328e-01	1.701748305762666724e-01	2.508333717363741000e-01	1.526876120204244958e-01	8.149888077674934117e-02	2.688966068618969807e-02	7.937662430257172441e-02
1.213312769584745183e+03	2.383095504959634459e-01	1.700944107563369390e-01	2.509357758356300927e-01	1.527679348587280828e-01	8.157096273475644699e-02	2.688966068618969807e-02	7.943170463199845932e-02
1.214764100648841804e+03	2.380805470984253269e-01	1.700140981699070075e-01	2.510380345850831696e-01	1.528481308397480753e-01	8.164285150489639098e-02	2.688966068618969807e-02	7.948667711535351010e-02
1.216215431712937971e+03	2.378520087942603278e-01	1.699338926132521188e-01	2.511401481776632805e-01	1.529282000868436853e-01	8.171454756938423269e-02	2.688966068618969807e-02	7.954154207200982152e-02
1.217666762777034819e+03	2.376239346710672107e-01	1.698537938831066740e-01	2.512421168048002418e-01	1.530081427265297112e-01	8.178605140939264329e-02	2.688966068618969807e-02	7.959629981851699954e-02
1.219118093841131440e+03	2.373963238181917845e-01	1.697738017766632079e-01	2.513439406565002310e-01	1.530879588883467535e-01	8.185736350505057324e-02	2.688966068618969807e-02	7.965095066866090256e-02
1.220569424905228061e+03	2.371691753267229641e-01	1.696939160915714451e-01	2.514456199214192278e-01	1.531676487047360091e-01	8.192848433544221154e-02	2.688966068618969807e-02	7.970549493352158121e-02
1.222020755969324682e+03	2.369424882894887174e-01	1.696141366259372174e-01	2.515471547869332913e-01	1.532472123109188122e-01	8.199941437860584770e-02	2.688966068618969807e-02	7.975993292152952496e-02
1.223472087033421303e+03	2.367162618010522634e-01	1.695344631783214928e-01	2.516485454392058951e-01	1.533266498447805881e-01	8.207015411153288642e-02	2.688966068618969807e-02	7.981426493852031290e-02
1.224923418097517697e+03	2.364904949577081306e-01	1.694548955477393481e-01	2.517497920632521535e-01	1.534059614467591370e-01	8.214070401016700107e-02	2.688966068618969807e-02	7.986849128778765461e-02
1.226374749161614318e+03	2.362651868574782987e-01	1.693754335336589700e-01	2.518508948430007721e-01	1.534851472597370259e-01	8.221106454940335651e-02	2.688966068618969807e-02	7.992261227013494618e-02
1.227826080225710712e+03	2.360403366001085634e-01	1.692960769360007112e-01	2.519518539613528896e-01	1.535642074289379766e-01	8.228123620308791519e-02	2.688966068618969807e-02	7.997662818392538286e-02
1.229277411289807560e+03	2.358159432870646222e-01	1.692168255551359524e-01	2.520526696002383660e-01	1.536431421018271126e-01	8.235121944401675720e-02	2.688966068618969807e-02	8.003053932513064239e-02
1.230728742353903954e+03	2.355920060215284939e-01	1.691376791918861311e-01	2.521533419406701282e-01	1.537219514280148691e-01	8.242101474393559446e-02	2.688966068618969807e-02	8.008434598737816656e-02
1.232180073418000802e+03	2.353685239083948832e-01	1.690586376475218811e-01	2.522538711627955732e-01	1.538006355591645946e-01	8.249062257353927119e-02	2.688966068618969807e-02	8.013804846199719389e-02
1.233631404482097196e+03	2.351454960542674610e-01	1.689797007237618387e-01	2.523542574459458621e-01	1.538791946489033724e-01	8.256004340247140305e-02	2.688966068618969807e-02	8.019164703806344607e-02
1.235082735546193817e+03	2.349229215674554505e-01	1.689008682227717550e-01	2.524545009686833819e-01	1.539576288527362558e-01	8.262927769932403022e-02	2.688966068618969807e-02	8.024514200244257933e-02
1.236534066610290438e+03	2.347007995579698802e-01	1.688221399471634132e-01	2.525546019088464877e-01	1.540359383279636951e-01	8.269832593163743695e-02	2.688966068618969807e-02	8.029853363983252557e-02
1.237985397674387059e+03	2.344791291375202258e-01	1.687435156999937125e-01	2.526545604435929127e-01	1.541141232336021294e-01	8.276718856589990181e-02	2.688966068618969807e-02	8.035182223280454283e-02
1.239436728738483680e+03	2.342579094195109679e-01	1.686649952847635581e-01	2.527543767494406790e-01	1.541921837303073806e-01	8.283586606754761439e-02	2.688966068618969807e-02	8.040500806184321114e-02
1.240888059802580301e+03	2.340371395190380122e-01	1.685865785054169730e-01	2.528540510023076227e-01	1.542701199803008238e-01	8.290435890096464755e-02	2.688966068618969807e-02	8.045809140538534576e-02
1.242339390866676695e+03	2.338168185528853305e-01	1.685082651663400433e-01	2.529535833775485298e-01	1.543479321472986110e-01	8.297266752948297130e-02	2.688966068618969807e-02	8.051107253985786971e-02
1.243790721930773088e+03	2.335969456395216581e-01	1.684300550723598910e-01	2.530529740499913860e-01	1.544256203964433360e-01	8.304079241538252221e-02	2.688966068618969807e-02	8.056395173971464541e-02
1.245242052994869937e+03	2.333775198990969968e-01	1.683519480287437031e-01	2.531522231939710155e-01	1.545031848942381159e-01	8.310873401989135600e-02	2.688966068618969807e-02	8.061672927747226547e-02
1.246693384058966330e+03	2.331585404534394224e-01	1.682739438411977040e-01	2.532513309833621107e-01	1.545806258084833906e-01	8.317649280318578642e-02	2.688966068618969807e-02	8.066940542374503864e-02
1.248144715123063179e+03	2.329400064260517267e-01	1.681960423158662121e-01	2.533502975916099298e-01	1.546579433082159172e-01	8.324406922439075984e-02	2.688966068618969807e-02	8.072198044727885158e-02
1.249596046187159800e+03	2.327219169421080869e-01	1.681182432593306408e-01	2.534491231917601617e-01	1.547351375636501492e-01	8.331146374157999412e-02	2.688966068618969807e-02	8.077445461498433676e-02
1.251047377251256421e+03	2.325042711284509289e-01	1.680405464786084158e-01	2.535478079564868481e-01	1.548122087461216434e-01	8.337867681177651979e-02	2.688966068618969807e-02	8.082682819196901347e-02
1.252498708315352815e+03	2.322870681135875970e-01	1.679629517811520589e-01	2.536463520581193620e-01	1.548891570280327423e-01	8.344570889095291599e-02	2.688966068618969807e-02	8.087910144156873482e-02
1.253950039379449436e+03	2.320703070276872171e-01	1.678854589748481896e-01	2.537447556686677763e-01	1.549659825828002824e-01	8.351256043403187945e-02	2.688966068618969807e-02	8.093127462537813566e-02
1.255401370443546057e+03	2.318539870025774219e-01	1.678080678680165250e-01	2.538430189598473441e-01	1.550426855848049679e-01	8.357923189488669635e-02	2.688966068618969807e-02	8.098334800328048366e-02
1.256852701507642678e+03	2.316381071717412976e-01	1.677307782694088534e-01	2.539411421031016469e-01	1.551192662093431873e-01	8.364572372634176967e-02	2.688966068618969807e-02	8.103532183347662843e-02
1.258304032571739299e+03	2.314226666703141921e-01	1.676535899882080904e-01	2.540391252696244662e-01	1.551957246325801065e-01	8.371203638017324367e-02	2.688966068618969807e-02	8.108719637251327050e-02
1.259755363635835920e+03	2.312076646350805786e-01	1.675765028340272522e-01	2.541369686303805997e-01	1.552720610315047600e-01	8.377817030710965618e-02	2.688966068618969807e-02	8.113897187531056432e-02
1.261206694699932314e+03	2.309931002044708914e-01	1.674995166169084837e-01	2.542346723561257349e-01	1.553482755838868912e-01	8.384412595683257696e-02	2.688966068618969807e-02	8.119064859518888844e-02
1.262658025764028707e+03	2.307789725185585838e-01	1.674226311473220596e-01	2.543322366174252114e-01	1.554243684682351523e-01	8.390990377797737099e-02	2.688966068618969807e-02	8.124222678389506069e-02
1.264109356828125556e+03	2.305652807190569087e-01	1.673458462361654686e-01	2.544296615846720622e-01	1.555003398637572476e-01	8.397550421813390620e-02	2.688966068618969807e-02	8.129370669162788721e-02
1.265560687892221949e+03	2.303520239493160038e-01	1.672691616947622750e-01	2.545269474281035560e-01	1.555761899503212142e-01	8.404092772384744170e-02	2.688966068618969807e-02	8.134508856706296198e-02
1.267012018956318798e+03	2.301392013543196724e-01	1.671925773348613142e-01	2.546240943178175731e-01	1.556519189084184518e-01	8.410617474061937715e-02	2.688966068618969807e-02	8.139637265737706406e-02
1.268463350020415419e+03	2.299268120806824689e-01	1.671160929686356100e-01	2.547211024237875931e-01	1.557275269191278066e-01	8.417124571290822421e-02	2.688966068618969807e-02	8.144755920827176365e-02
1.269914681084511813e+03	2.297148552766468121e-01	1.670397084086813755e-01	2.548179719158769618e-01	1.558030141640814326e-01	8.423614108413039758e-02	2.688966068618969807e-02	8.149864846399650087e-02
1.271366012148608434e+03	2.295033300920796548e-01	1.669634234680170970e-01	2.549147029638527129e-01	1.558783808254315950e-01	8.430086129666125583e-02	2.688966068618969807e-02	8.154964066737123429e-02
1.272817343212705055e+03	2.292922356784698745e-01	1.668872379600825351e-01	2.550112957373979472e-01	1.559536270858188356e-01	8.436540679183604508e-02	2.688966068618969807e-02	8.160053605980829849e-02
1.274268674276801676e+03	2.290815711889250261e-01	1.668111516987377252e-01	2.551077504061243784e-01	1.560287531283414408e-01	8.442977800995091209e-02	2.688966068618969807e-02	8.165133488133403949e-02
1.275720005340898297e+03	2.288713357781685387e-01	1.667351644982620062e-01	2.552040671395834348e-01	1.561037591365259658e-01	8.449397539026395898e-02	2.688966068618969807e-02	8.170203737060961757e-02
1.277171336404994690e+03	2.286615286025367177e-01	1.666592761733530770e-01	2.553002461072769735e-01	1.561786452942988124e-01	8.455799937099627017e-02	2.688966068618969807e-02	8.175264376495161578e-02
1.278622667469091539e+03	2.284521488199758310e-01	1.665834865391259689e-01	2.553962874786676607e-01	1.562534117859590288e-01	8.462185038933307812e-02	2.688966068618969807e-02	8.180315430035191293e-02
1.280073998533187932e+03	2.282431955900391107e-01	1.665077954111121861e-01	2.554921914231879643e-01	1.563280587961520252e-01	8.468552888142487356e-02	2.688966068618969807e-02	8.185356921149723741e-02
1.281525329597284326e+03	2.280346680738840337e-01	1.664322026052585946e-01	2.555879581102495357e-01	1.564025865098444545e-01	8.474903528238852957e-02	2.688966068618969807e-02	8.190388873178830464e-02
1.282976660661381175e+03	2.278265654342691293e-01	1.663567079379265345e-01	2.556835877092510922e-01	1.564769951122997882e-01	8.481237002630850896e-02	2.688966068618969807e-02	8.195411309335830230e-02
1.284427991725477568e+03	2.276188868355513983e-01	1.662813112258908765e-01	2.557790803895867437e-01	1.565512847890550563e-01	8.487553354623811330e-02	2.688966068618969807e-02	8.200424252709120898e-02
1.285879322789574417e+03	2.274116314436832598e-01	1.662060122863389666e-01	2.558744363206527095e-01	1.566254557258983104e-01	8.493852627420067636e-02	2.688966068618969807e-02	8.205427726263951616e-02
1.287330653853671038e+03	2.272047984262096365e-01	1.661308109368697383e-01	2.559696556718544791e-01	1.566995081088471131e-01	8.500134864119082700e-02	2.688966068618969807e-02	8.210421752844160315e-02
1.288781984917767431e+03	2.269983869522652908e-01	1.660557069954927134e-01	2.560647386126131408e-01	1.567734421241276654e-01	8.506400107717580761e-02	2.688966068618969807e-02	8.215406355173873743e-02
1.290233315981864052e+03	2.267923961925718268e-01	1.659807002806270859e-01	2.561596853123710993e-01	1.568472579581549065e-01	8.512648401109672303e-02	2.688966068618969807e-02	8.220381555859168632e-02
