1.001418434226643626e+03	2.771982513231517342e-01	1.831638273891687541e-01	2.341228985241890770e-01	1.399669397783452895e-01	6.875840170292187026e-02	2.684847913527232954e-02	6.994120214655402679e-02
1.002869765290740247e+03	2.768862468305522961e-01	1.830700987413757530e-01	2.342573266154421852e-01	1.400510020076093098e-01	6.886459892398165417e-02	2.684847913527232954e-02	7.002224774536955354e-02
1.004321096354836754e+03	2.765748878902936636e-01	1.829765023187472639e-01	2.343911793412073730e-01	1.401355062838698096e-01	6.897049138298537441e-02	2.684847913527232954e-02	7.010295364722728129e-02
1.005772427418933376e+03	2.762641729639218058e-01	1.828830378423413894e-01	2.345244718781822613e-01	1.402204319347552519e-01	6.907607957877991145e-02	2.684847913527232954e-02	7.018332666635021533e-02
1.007223758483029997e+03	2.759541005250893964e-01	1.827897050337227991e-01	2.346572188714520779e-01	1.403057590198044102e-01	6.918136402288979636e-02	2.684847913527232954e-02	7.026337339137238291e-02
1.008675089547126618e+03	2.756446690592109228e-01	1.826965036149698351e-01	2.347894344531824828e-01	1.403914683048006762e-01	6.928634523898569153e-02	2.684847913527232954e-02	7.034310019318124052e-02
1.010126420611223239e+03	2.753358770631298968e-01	1.826034333086812012e-01	2.349211322606560848e-01	1.404775412370060372e-01	6.939102376237185621e-02	2.684847913527232954e-02	7.042251323248574502e-02
1.011577751675319632e+03	2.750277230447972232e-01	1.825104938379824293e-01	2.350523254536765749e-01	1.405639599212631652e-01	6.949540013949156991e-02	2.684847913527232954e-02	7.050161846711988645e-02
1.013029082739416367e+03	2.747202055229609474e-01	1.824176849265319589e-01	2.351830267313615441e-01	1.406507070969355566e-01	6.959947492745024999e-02	2.684847913527232954e-02	7.058042165909064747e-02
1.014480413803512761e+03	2.744133230268666068e-01	1.823250062985268816e-01	2.353132483483463544e-01	1.407377661156559157e-01	6.970324869355540298e-02	2.684847913527232954e-02	7.065892838137972920e-02
1.015931744867609382e+03	2.741070740959685170e-01	1.822324576787086592e-01	2.354430021304189935e-01	1.408251209198546072e-01	6.980672201487284068e-02	2.684847913527232954e-02	7.073714402450732852e-02
1.017383075931706003e+03	2.738014572796500512e-01	1.821400387923682584e-01	2.355722994896066180e-01	1.409127560220408693e-01	6.990989547779871693e-02	2.684847913527232954e-02	7.081507380286647391e-02
1.018834406995802851e+03	2.734964711369545776e-01	1.820477493653512580e-01	2.357011514387321038e-01	1.410006564848104160e-01	7.001276967764671899e-02	2.684847913527232954e-02	7.089272276083596891e-02
1.020285738059899245e+03	2.731921142363250565e-01	1.819555891240627332e-01	2.358295686054600604e-01	1.410888079015537311e-01	7.011534521824989985e-02	2.684847913527232954e-02	7.097009577867953445e-02
1.021737069123995752e+03	2.728883851553531303e-01	1.818635577954716143e-01	2.359575612458497396e-01	1.411771963778410133e-01	7.021762271157669377e-02	2.684847913527232954e-02	7.104719757823886594e-02
1.023188400188092373e+03	2.725852824805364283e-01	1.817716551071151265e-01	2.360851392574320473e-01	1.412658085134592678e-01	7.031960277736055975e-02	2.684847913527232954e-02	7.112403272842759971e-02
1.024639731252188767e+03	2.722828048070445317e-01	1.816798807871029819e-01	2.362123121918278390e-01	1.413546313850795044e-01	7.042128604274279502e-02	2.684847913527232954e-02	7.120060565053336343e-02
1.026091062316285615e+03	2.719809507384930436e-01	1.815882345641211260e-01	2.363390892669230137e-01	1.414436525295313662e-01	7.052267314192806058e-02	2.684847913527232954e-02	7.127692062333441936e-02
1.027542393380382237e+03	2.716797188867252077e-01	1.814967161674354290e-01	2.364654793786163944e-01	1.415328599276642618e-01	7.062376471585216087e-02	2.684847913527232954e-02	7.135298178803760327e-02
1.028993724444478858e+03	2.713791078716012994e-01	1.814053253268952670e-01	2.365914911121550224e-01	1.416222419887740169e-01	7.072456141186171663e-02	2.684847913527232954e-02	7.142879315304367926e-02
1.030445055508575479e+03	2.710791163207952881e-01	1.813140617729368242e-01	2.367171327530716574e-01	1.417117875355758394e-01	7.082506388340517600e-02	2.684847913527232954e-02	7.150435859854618881e-02
1.031896386572671872e+03	2.707797428695982167e-01	1.812229252365861465e-01	2.368424122977383361e-01	1.418014857897037795e-01	7.092527278973488614e-02	2.684847913527232954e-02	7.157968188096960893e-02
1.033347717636768493e+03	2.704809861607286869e-01	1.811319154494621109e-01	2.369673374635491991e-01	1.418913263577187001e-01	7.102518879561980913e-02	2.684847913527232954e-02	7.165476663725248163e-02
1.034799048700865114e+03	2.701828448441496722e-01	1.810410321437791736e-01	2.370919156987459087e-01	1.419812992176067989e-01	7.112481257106852139e-02	2.684847913527232954e-02	7.172961638898092684e-02
1.036250379764961508e+03	2.698853175768916035e-01	1.809502750523500625e-01	2.372161541918982042e-01	1.420713947057512805e-01	7.122414479106203844e-02	2.684847913527232954e-02	7.180423454637778480e-02
1.037701710829058356e+03	2.695884030228818395e-01	1.808596439085881358e-01	2.373400598810513351e-01	1.421616035043610227e-01	7.132318613529628482e-02	2.684847913527232954e-02	7.187862441215236986e-02
1.039153041893154750e+03	2.692920998527793541e-01	1.807691384465096862e-01	2.374636394625525282e-01	1.422519166293397253e-01	7.142193728793373719e-02	2.684847913527232954e-02	7.195278918521591516e-02
1.040604372957251599e+03	2.689964067438159745e-01	1.806787584007361336e-01	2.375868993995673140e-01	1.423423254185804954e-01	7.152039893736399090e-02	2.684847913527232954e-02	7.202673196426705171e-02
1.042055704021347992e+03	2.687013223796421713e-01	1.805885035064959954e-01	2.377098459302968980e-01	1.424328215206707438e-01	7.161857177597287516e-02	2.684847913527232954e-02	7.210045575125231809e-02
1.043507035085444613e+03	2.684068454501786216e-01	1.804983734996267464e-01	2.378324850759069853e-01	1.425233968839929866e-01	7.171645649991990890e-02	2.684847913527232954e-02	7.217396345470571128e-02
1.044958366149541234e+03	2.681129746514730461e-01	1.804083681165766506e-01	2.379548226481779938e-01	1.426140437462078692e-01	7.181405380892373624e-02	2.684847913527232954e-02	7.224725789297166412e-02
1.046409697213637855e+03	2.678197086855613751e-01	1.803184870944062324e-01	2.380768642568867333e-01	1.427047546241059228e-01	7.191136440605520874e-02	2.684847913527232954e-02	7.232034179731557100e-02
1.047861028277734476e+03	2.675270462603338562e-01	1.802287301707899136e-01	2.381986153169287079e-01	1.427955223038148147e-01	7.200838899753807254e-02	2.684847913527232954e-02	7.239321781492569219e-02
1.049312359341831097e+03	2.672349860894062124e-01	1.801390970840172356e-01	2.383200810551904525e-01	1.428863398313502675e-01	7.210512829255669165e-02	2.684847913527232954e-02	7.246588851181029467e-02
1.050763690405927491e+03	2.669435268919943538e-01	1.800495875729941631e-01	2.384412665171800616e-01	1.429772005034980753e-01	7.220158300307073784e-02	2.684847913527232954e-02	7.253835637559372107e-02
1.052215021470024112e+03	2.666526673927941404e-01	1.799602013772443887e-01	2.385621765734253497e-01	1.430680978590157248e-01	7.229775384363666679e-02	2.684847913527232954e-02	7.261062381821482836e-02
1.053666352534120733e+03	2.663624063218647531e-01	1.798709382369101384e-01	2.386828159256468296e-01	1.431590256701425479e-01	7.239364153123550860e-02	2.684847913527232954e-02	7.268269317853136291e-02
1.055117683598217127e+03	2.660727424145159503e-01	1.797817978927532812e-01	2.388031891127139483e-01	1.432499779344075241e-01	7.248924678510701436e-02	2.684847913527232954e-02	7.275456672483340825e-02
1.056569014662313975e+03	2.657836744111998772e-01	1.796927800861560787e-01	2.389233005163920731e-01	1.433409488667242437e-01	7.258457032658970076e-02	2.684847913527232954e-02	7.282624665726919466e-02
1.058020345726410369e+03	2.654952010574054833e-01	1.796038845591219624e-01	2.390431543668875836e-01	1.434319328917630365e-01	7.267961287896683442e-02	2.684847913527232954e-02	7.289773511018626806e-02
1.059471676790506763e+03	2.652073211035574363e-01	1.795151110542762274e-01	2.391627547481981197e-01	1.435229246365904154e-01	7.277437516731789791e-02	2.684847913527232954e-02	7.296903415439105756e-02
1.060923007854603611e+03	2.649200333049179235e-01	1.794264593148665321e-01	2.392821056032748139e-01	1.436139189235667579e-01	7.286885791837552362e-02	2.684847913527232954e-02	7.304014579932960327e-02
1.062374338918700232e+03	2.646333364214919492e-01	1.793379290847634533e-01	2.394012107390030286e-01	1.437049107634928435e-01	7.296306186038756247e-02	2.684847913527232954e-02	7.311107199519228939e-02
1.063825669982796853e+03	2.643472292179358529e-01	1.792495201084608747e-01	2.395200738310082067e-01	1.437958953489966996e-01	7.305698772298432897e-02	2.684847913527232954e-02	7.318181463494514982e-02
1.065277001046893474e+03	2.640617104634687684e-01	1.791612321310762923e-01	2.396386984282927735e-01	1.438868680481522611e-01	7.315063623705052309e-02	2.684847913527232954e-02	7.325237555629043884e-02
1.066728332110990095e+03	2.637767789317873590e-01	1.790730648983510642e-01	2.397570879577100578e-01	1.439778243983217965e-01	7.324400813460199555e-02	2.684847913527232954e-02	7.332275654355881189e-02
1.068179663175086489e+03	2.634924334009828284e-01	1.789850181566506604e-01	2.398752457282808670e-01	1.440687601002142160e-01	7.333710414866694005e-02	2.684847913527232954e-02	7.339295932953561474e-02
1.069630994239183110e+03	2.632086726534614285e-01	1.788970916529646349e-01	2.399931749353584609e-01	1.441596710121516023e-01	7.342992501317147092e-02	2.684847913527232954e-02	7.346298559722347354e-02
1.071082325303279504e+03	2.629254954758673546e-01	1.788092851349067924e-01	2.401108786646470317e-01	1.442505531445368860e-01	7.352247146282944734e-02	2.684847913527232954e-02	7.353283698154355896e-02
1.072533656367376352e+03	2.626429006590078052e-01	1.787215983507151607e-01	2.402283598960789912e-01	1.443414026545153384e-01	7.361474423303626669e-02	2.684847913527232954e-02	7.360251507097749502e-02
1.073984987431472746e+03	2.623608869977812619e-01	1.786340310492517958e-01	2.403456215075558400e-01	1.444322158408232748e-01	7.370674405976668231e-02	2.684847913527232954e-02	7.367202140915220243e-02
1.075436318495569594e+03	2.620794532911075447e-01	1.785465829800028381e-01	2.404626662785575020e-01	1.445229891388173926e-01	7.379847167947634068e-02	2.684847913527232954e-02	7.374135749636945292e-02
1.076887649559666215e+03	2.617985983418605889e-01	1.784592538930780681e-01	2.405794968936249001e-01	1.446137191156783575e-01	7.388992782900700995e-02	2.684847913527232954e-02	7.381052479108220210e-02
1.078338980623762609e+03	2.615183209568032185e-01	1.783720435392108228e-01	2.406961159457197963e-01	1.447044024657824779e-01	7.398111324549530576e-02	2.684847913527232954e-02	7.387952471131951915e-02
1.079790311687859230e+03	2.612386199465243086e-01	1.782849516697576353e-01	2.408125259394667539e-01	1.447950360062357777e-01	7.407202866628476157e-02	2.684847913527232954e-02	7.394835863606193105e-02
1.081241642751955851e+03	2.609594941253777223e-01	1.781979780366979016e-01	2.409287292942808578e-01	1.448856166725644712e-01	7.416267482884131290e-02	2.684847913527232954e-02	7.401702790656894404e-02
1.082692973816052472e+03	2.606809423114235247e-01	1.781111223926333809e-01	2.410447283473855229e-01	1.449761415145567056e-01	7.425305247067184866e-02	2.684847913527232954e-02	7.408553382766026874e-02
1.084144304880149093e+03	2.604029633263710286e-01	1.780243844907878348e-01	2.411605253567241369e-01	1.450666076922499104e-01	7.434316232924578771e-02	2.684847913527232954e-02	7.415387766895255306e-02
1.085595635944245487e+03	2.601255559955237273e-01	1.779377640850065279e-01	2.412761225037692303e-01	1.451570124720589772e-01	7.443300514191973638e-02	2.684847913527232954e-02	7.422206066605310792e-02
1.087046967008342108e+03	2.598487191477260039e-01	1.778512609297555613e-01	2.413915218962328080e-01	1.452473532230400544e-01	7.452258164586481048e-02	2.684847913527232954e-02	7.429008402171206893e-02
1.088498298072438729e+03	2.595724516153115613e-01	1.777648747801214846e-01	2.415067255706813409e-01	1.453376274132855139e-01	7.461189257799685781e-02	2.684847913527232954e-02	7.435794890693452064e-02
1.089949629136535123e+03	2.592967522340536846e-01	1.776786053918104347e-01	2.416217354950589147e-01	1.454278326064450122e-01	7.470093867490927575e-02	2.684847913527232954e-02	7.442565646205391572e-02
1.091400960200631971e+03	2.590216198431170014e-01	1.775924525211476646e-01	2.417365535711211155e-01	1.455179664583688415e-01	7.478972067280832692e-02	2.684847913527232954e-02	7.449320779776834323e-02
1.092852291264728365e+03	2.587470532850106864e-01	1.775064159250767104e-01	2.418511816367836798e-01	1.456080267138687157e-01	7.487823930745096668e-02	2.684847913527232954e-02	7.456060399614056200e-02
1.094303622328825213e+03	2.584730514055433859e-01	1.774204953611587254e-01	2.419656214683883477e-01	1.456980112035922703e-01	7.496649531408509926e-02	2.684847913527232954e-02	7.462784611156343673e-02
1.095754953392921607e+03	2.581996130537797529e-01	1.773346905875716750e-01	2.420798747828889208e-01	1.457879178410070864e-01	7.505448942739204043e-02	2.684847913527232954e-02	7.469493517169183139e-02
1.097206284457018228e+03	2.579267370819977589e-01	1.772490013631095040e-01	2.421939432399602965e-01	1.458777446194904626e-01	7.514222238143127008e-02	2.684847913527232954e-02	7.476187217834205645e-02
1.098657615521114849e+03	2.576544223456481708e-01	1.771634274471813042e-01	2.423078284440333963e-01	1.459674896095211616e-01	7.522969490958719696e-02	2.684847913527232954e-02	7.482865810836021592e-02
1.100108946585211470e+03	2.573826677033144161e-01	1.770779685998105368e-01	2.424215319462582896e-01	1.460571509559697168e-01	7.531690774451818560e-02	2.684847913527232954e-02	7.489529391446025919e-02
1.101560277649308091e+03	2.571114720166750023e-01	1.769926245816340060e-01	2.425350552463983178e-01	1.461467268754836624e-01	7.540386161810740118e-02	2.684847913527232954e-02	7.496178052603308384e-02
1.103011608713404712e+03	2.568408341504656578e-01	1.769073951539009704e-01	2.426483997946573268e-01	1.462362156539644686e-01	7.549055726141565281e-02	2.684847913527232954e-02	7.502811884992748037e-02
1.104462939777501106e+03	2.565707529724435831e-01	1.768222800784722826e-01	2.427615669934427289e-01	1.463256156441329336e-01	7.557699540463602705e-02	2.684847913527232954e-02	7.509430977120404305e-02
1.105914270841597499e+03	2.563012273533529783e-01	1.767372791178192237e-01	2.428745581990662261e-01	1.464149252631798959e-01	7.566317677705043654e-02	2.684847913527232954e-02	7.516035415386286556e-02
1.107365601905694348e+03	2.560322561668909036e-01	1.766523920350226706e-01	2.429873747233848857e-01	1.465041429904993253e-01	7.574910210698772295e-02	2.684847913527232954e-02	7.522625284154610403e-02
1.108816932969790741e+03	2.557638382896748053e-01	1.765676185937719578e-01	2.431000178353841523e-01	1.465932673655010177e-01	7.583477212178357796e-02	2.684847913527232954e-02	7.529200665821614291e-02
1.110268264033887590e+03	2.554959726012108190e-01	1.764829585583638782e-01	2.432124887627051535e-01	1.466822969854996994e-01	7.592018754774196299e-02	2.684847913527232954e-02	7.535761640881016854e-02
1.111719595097984211e+03	2.552286579838631275e-01	1.763984116937016011e-01	2.433247886931181880e-01	1.467712305036784626e-01	7.600534911009811101e-02	2.684847913527232954e-02	7.542308287987224691e-02
1.113170926162080832e+03	2.549618933228242068e-01	1.763139777652935614e-01	2.434369187759441999e-01	1.468600666271232813e-01	7.609025753298306882e-02	2.684847913527232954e-02	7.548840684016336344e-02
1.114622257226177226e+03	2.546956775060861822e-01	1.762296565392523773e-01	2.435488801234262923e-01	1.469488041149267787e-01	7.617491353938961318e-02	2.684847913527232954e-02	7.555358904125038244e-02
1.116073588290273847e+03	2.544300094244127397e-01	1.761454477822936848e-01	2.436606738120527249e-01	1.470374417763581909e-01	7.625931785113958250e-02	2.684847913527232954e-02	7.561863021807467555e-02
1.117524919354370468e+03	2.541648879713121478e-01	1.760613512617350274e-01	2.437723008838331706e-01	1.471259784690976125e-01	7.634347118885258243e-02	2.684847913527232954e-02	7.568353108950100216e-02
1.118976250418467089e+03	2.539003120430112226e-01	1.759773667454945789e-01	2.438837623475302863e-01	1.472144130975321374e-01	7.642737427191592658e-02	2.684847913527232954e-02	7.574829235884741885e-02
1.120427581482563710e+03	2.536362805384293484e-01	1.758934940020900894e-01	2.439950591798474844e-01	1.473027446111117300e-01	7.651102781845589562e-02	2.684847913527232954e-02	7.581291471439691176e-02
1.121878912546660331e+03	2.533727923591545528e-01	1.758097328006376636e-01	2.441061923265750166e-01	1.473909720027627712e-01	7.659443254531014822e-02	2.684847913527232954e-02	7.587739882989126550e-02
1.123330243610756725e+03	2.531098464094190814e-01	1.757260829108504285e-01	2.442171627036953951e-01	1.474790943073572280e-01	7.667758916800131164e-02	2.684847913527232954e-02	7.594174536500791772e-02
1.124781574674853118e+03	2.528474415960762500e-01	1.756425441030374790e-01	2.443279711984501501e-01	1.475671106002354183e-01	7.676049840071171027e-02	2.684847913527232954e-02	7.600595496582032706e-02
1.126232905738949967e+03	2.525855768285781289e-01	1.755591161481024620e-01	2.444386186703686181e-01	1.476550199957805953e-01	7.684316095625912113e-02	2.684847913527232954e-02	7.607002826524242312e-02
1.127684236803046360e+03	2.523242510189534493e-01	1.754757988175424110e-01	2.445491059522604260e-01	1.477428216460435761e-01	7.692557754607369513e-02	2.684847913527232954e-02	7.613396588345777705e-02
1.129135567867143209e+03	2.520634630817865651e-01	1.753925918834464692e-01	2.446594338511731137e-01	1.478305147394155528e-01	7.700774888017575259e-02	2.684847913527232954e-02	7.619776842833385355e-02
1.130586898931239830e+03	2.518032119341968578e-01	1.753094951184946126e-01	2.447696031493157287e-01	1.479180984993473946e-01	7.708967566715460573e-02	2.684847913527232954e-02	7.626143649582209361e-02
1.132038229995336451e+03	2.515434964958186415e-01	1.752265082959563181e-01	2.448796146049499745e-01	1.480055721831139148e-01	7.717135861414832487e-02	2.684847913527232954e-02	7.632497067034406391e-02
1.133489561059432845e+03	2.512843156887818452e-01	1.751436311896892861e-01	2.449894689532498282e-01	1.480929350806214351e-01	7.725279842682442055e-02	2.684847913527232954e-02	7.638837152516439466e-02
1.134940892123529466e+03	2.510256684376932501e-01	1.750608635741381092e-01	2.450991669071305445e-01	1.481801865132571228e-01	7.733399580936137219e-02	2.684847913527232954e-02	7.645163962275090819e-02
1.136392223187626087e+03	2.507675536696177820e-01	1.749782052243329389e-01	2.452087091580486822e-01	1.482673258327786847e-01	7.741495146443101716e-02	2.684847913527232954e-02	7.651477551512220199e-02
1.137843554251722708e+03	2.505099703140611922e-01	1.748956559158882096e-01	2.453180963767737643e-01	1.483543524202430852e-01	7.749566609318170318e-02	2.684847913527232954e-02	7.657777974418333855e-02
1.139294885315819101e+03	2.502529173029525156e-01	1.748132154250012227e-01	2.454273292141324336e-01	1.484412656849727619e-01	7.757614039522232885e-02	2.684847913527232954e-02	7.664065284205005824e-02
1.140746216379915950e+03	2.499963935706273344e-01	1.747308835284508144e-01	2.455364083017265719e-01	1.485280650635579514e-01	7.765637506860703643e-02	2.684847913527232954e-02	7.670339533136164012e-02
1.142197547444012343e+03	2.497403980538114021e-01	1.746486600035960235e-01	2.456453342526258021e-01	1.486147500188941817e-01	7.773637080982064018e-02	2.684847913527232954e-02	7.676600772558325736e-02
1.143648878508108737e+03	2.494849296916047399e-01	1.745665446283747313e-01	2.457541076620357590e-01	1.487013200392535150e-01	7.781612831376488737e-02	2.684847913527232954e-02	7.682849052929772993e-02
1.145100209572205586e+03	2.492299874254662317e-01	1.744845371813022183e-01	2.458627291079422683e-01	1.487877746373881260e-01	7.789564827374520495e-02	2.684847913527232954e-02	7.689084423848736860e-02
1.146551540636302207e+03	2.489755701991985259e-01	1.744026374414698322e-01	2.459711991517330998e-01	1.488741133496656044e-01	7.797493138145826508e-02	2.684847913527232954e-02	7.695306934080609063e-02
1.148002871700398828e+03	2.487216769589334353e-01	1.743208451885436272e-01	2.460795183387976537e-01	1.489603357352344004e-01	7.805397832698007798e-02	2.684847913527232954e-02	7.701516631584225114e-02
1.149454202764495449e+03	2.484683066531177542e-01	1.742391602027629494e-01	2.461876871991051652e-01	1.490464413752185246e-01	7.813278979875470931e-02	2.684847913527232954e-02	7.707713563537241241e-02
1.150905533828591842e+03	2.482154582324992698e-01	1.741575822649389649e-01	2.462957062477626469e-01	1.491324298719406138e-01	7.821136648358364973e-02	2.684847913527232954e-02	7.713897776360637004e-02
1.152356864892688463e+03	2.479631306501133836e-01	1.740761111564533559e-01	2.464035759855531249e-01	1.492183008481720308e-01	7.828970906661571194e-02	2.684847913527232954e-02	7.720069315742393579e-02
1.153808195956785084e+03	2.477113228612698448e-01	1.739947466592569048e-01	2.465112968994545295e-01	1.493040539464094707e-01	7.836781823133739944e-02	2.684847913527232954e-02	7.726228226660343534e-02
1.155259527020881706e+03	2.474600338235401209e-01	1.739134885558679955e-01	2.466188694631402389e-01	1.493896888281767699e-01	7.844569465956394150e-02	2.684847913527232954e-02	7.732374553404250395e-02
1.156710858084978327e+03	2.472092624967447971e-01	1.738323366293713368e-01	2.467262941374622209e-01	1.494752051733512777e-01	7.852333903143073057e-02	2.684847913527232954e-02	7.738508339597127694e-02
1.158162189149074720e+03	2.469590078429413638e-01	1.737512906634163801e-01	2.468335713709165213e-01	1.495606026795138488e-01	7.860075202538528705e-02	2.684847913527232954e-02	7.744629628215826678e-02
1.159613520213171569e+03	2.467092688264124756e-01	1.736703504422160149e-01	2.469407016000926269e-01	1.496458810613215673e-01	7.867793431817972361e-02	2.684847913527232954e-02	7.750738461610932883e-02
1.161064851277267962e+03	2.464600444136543500e-01	1.735895157505450426e-01	2.470476852501066467e-01	1.497310400499024807e-01	7.875488658486355653e-02	2.684847913527232954e-02	7.756834881525963288e-02
1.162516182341364356e+03	2.462113335733654984e-01	1.735087863737388714e-01	2.471545227350192275e-01	1.498160793922717060e-01	7.883160949877709989e-02	2.684847913527232954e-02	7.762918929115930622e-02
1.163967513405461204e+03	2.459631352764356793e-01	1.734281620976919625e-01	2.472612144582385374e-01	1.499009988507677138e-01	7.890810373154523438e-02	2.684847913527232954e-02	7.768990644965256820e-02
1.165418844469557826e+03	2.457154484959352680e-01	1.733476427088564975e-01	2.473677608129090100e-01	1.499857982025085690e-01	7.898436995307150932e-02	2.684847913527232954e-02	7.775050069105082784e-02
1.166870175533654447e+03	2.454682722071045986e-01	1.732672279942408522e-01	2.474741621822862947e-01	1.500704772388672947e-01	7.906040883153271637e-02	2.684847913527232954e-02	7.781097241029991118e-02
1.168321506597751068e+03	2.452216053873439161e-01	1.731869177414081806e-01	2.475804189400987454e-01	1.501550357649654166e-01	7.913622103337383806e-02	2.684847913527232954e-02	7.787132199714152936e-02
1.169772837661847461e+03	2.449754470162033293e-01	1.731067117384749721e-01	2.476865314508960580e-01	1.502394735991845476e-01	7.921180722330334323e-02	2.684847913527232954e-02	7.793154983626937593e-02
1.171224168725944082e+03	2.447297960753729573e-01	1.730266097741096631e-01	2.477925000703856406e-01	1.503237905726947377e-01	7.928716806428881547e-02	2.684847913527232954e-02	7.799165630747977029e-02
1.172675499790040703e+03	2.444846515486735206e-01	1.729466116375311113e-01	2.478983251457569925e-01	1.504079865289997542e-01	7.936230421755298414e-02	2.684847913527232954e-02	7.805164178581724954e-02
1.174126830854137097e+03	2.442400124220469038e-01	1.728667171185071794e-01	2.480040070159942600e-01	1.504920613234979609e-01	7.943721634257000508e-02	2.684847913527232954e-02	7.811150664171527536e-02
1.175578161918233945e+03	2.439958776835471632e-01	1.727869260073532642e-01	2.481095460121781060e-01	1.505760148230588513e-01	7.951190509706212994e-02	2.684847913527232954e-02	7.817125124113206980e-02
1.177029492982330339e+03	2.437522463233313952e-01	1.727072380949309649e-01	2.482149424577764218e-01	1.506598469056142364e-01	7.958637113699662535e-02	2.684847913527232954e-02	7.823087594568194081e-02
1.178480824046426733e+03	2.435091173336513259e-01	1.726276531726464170e-01	2.483201966689248252e-01	1.507435574597639216e-01	7.966061511658302507e-02	2.684847913527232954e-02	7.829038111276208356e-02
1.179932155110523581e+03	2.432664897088445133e-01	1.725481710324490436e-01	2.484253089546972770e-01	1.508271463843950388e-01	7.973463768827064591e-02	2.684847913527232954e-02	7.834976709567512132e-02
1.181383486174620202e+03	2.430243624453261031e-01	1.724687914668300570e-01	2.485302796173666784e-01	1.509106135883149236e-01	7.980843950274635334e-02	2.684847913527232954e-02	7.840903424374753850e-02
1.182834817238716823e+03	2.427827345415805860e-01	1.723895142688208759e-01	2.486351089526566971e-01	1.509939589898967871e-01	7.988202120893261871e-02	2.684847913527232954e-02	7.846818290244408911e-02
1.184286148302813444e+03	2.425416049981538869e-01	1.723103392319918770e-01	2.487397972499841015e-01	1.510771825167376292e-01	7.995538345398586766e-02	2.684847913527232954e-02	7.852721341347830564e-02
1.185737479366910065e+03	2.423009728176454547e-01	1.722312661504507847e-01	2.488443447926926844e-01	1.511602841053284463e-01	8.002852688329499531e-02	2.684847913527232954e-02	7.858612611491935795e-02
1.187188810431006686e+03	2.420608370047004909e-01	1.721522948188413116e-01	2.489487518582787773e-01	1.512432637007358194e-01	8.010145214048014495e-02	2.684847913527232954e-02	7.864492134129524858e-02
1.188640141495103080e+03	2.418211965660025664e-01	1.720734250323416314e-01	2.490530187186086597e-01	1.513261212562946323e-01	8.017415986739172273e-02	2.684847913527232954e-02	7.870359942369259398e-02
1.190091472559199701e+03	2.415820505102660443e-01	1.719946565866630750e-01	2.491571456401282247e-01	1.514088567333118363e-01	8.024665070410966217e-02	2.684847913527232954e-02	7.876216068985296415e-02
1.191542803623296322e+03	2.413433978482290854e-01	1.719159892780484922e-01	2.492611328840651230e-01	1.514914701007801512e-01	8.031892528894284122e-02	2.684847913527232954e-02	7.882060546426612746e-02
1.192994134687392716e+03	2.411052375926462654e-01	1.718374229032709199e-01	2.493649807066237178e-01	1.515739613351022308e-01	8.039098425842867990e-02	2.684847913527232954e-02	7.887893406826002041e-02
1.194445465751489564e+03	2.408675687582816916e-01	1.717589572596321390e-01	2.494686893591728793e-01	1.516563304198242368e-01	8.046282824733307082e-02	2.684847913527232954e-02	7.893714682008777517e-02
1.195896796815585958e+03	2.406303903619022022e-01	1.716805921449611749e-01	2.495722590884273673e-01	1.517385773453788778e-01	8.053445788865033761e-02	2.684847913527232954e-02	7.899524403501188841e-02
1.197348127879682352e+03	2.403937014222705115e-01	1.716023273576129105e-01	2.496756901366222192e-01	1.518207021088373854e-01	8.060587381360342918e-02	2.684847913527232954e-02	7.905322602538543408e-02
1.198799458943779200e+03	2.401575009601387145e-01	1.715241626964665589e-01	2.497789827416813102e-01	1.519027047136702613e-01	8.067707665164437769e-02	2.684847913527232954e-02	7.911109310073069500e-02
1.200250790007875821e+03	2.399217879982417645e-01	1.714460979609243041e-01	2.498821371373796951e-01	1.519845851695163230e-01	8.074806703045477041e-02	2.684847913527232954e-02	7.916884556781508819e-02
1.201702121071972442e+03	2.396865615612910616e-01	1.713681329509098017e-01	2.499851535535000668e-01	1.520663434919599377e-01	8.081884557594647134e-02	2.684847913527232954e-02	7.922648373072463390e-02
1.203153452136069063e+03	2.394518206759680967e-01	1.712902674668668190e-01	2.500880322159836910e-01	1.521479797023159719e-01	8.088941291226253716e-02	2.684847913527232954e-02	7.928400789093491274e-02
1.204604783200165684e+03	2.392175643709183730e-01	1.712125013097577364e-01	2.501907733470757345e-01	1.522294938274224019e-01	8.095976966177817480e-02	2.684847913527232954e-02	7.934141834737970522e-02
1.206056114264262078e+03	2.389837916767452997e-01	1.711348342810620482e-01	2.502933771654654582e-01	1.523108858994400294e-01	8.102991644510192104e-02	2.684847913527232954e-02	7.939871539651732757e-02
1.207507445328358699e+03	2.387505016260042523e-01	1.710572661827750862e-01	2.503958438864215541e-01	1.523921559556594696e-01	8.109985388107694704e-02	2.684847913527232954e-02	7.945589933239483038e-02
1.208958776392455093e+03	2.385176932531966609e-01	1.709797968174064653e-01	2.504981737219221238e-01	1.524733040383144944e-01	8.116958258678247384e-02	2.684847913527232954e-02	7.951297044670994907e-02
1.210410107456551941e+03	2.382853655947640981e-01	1.709024259879787233e-01	2.506003668807805229e-01	1.525543301944024266e-01	8.123910317753532673e-02	2.684847913527232954e-02	7.956992902887112529e-02
1.211861438520648335e+03	2.380535176890828386e-01	1.708251534980257946e-01	2.507024235687660418e-01	1.526352344755104451e-01	8.130841626689164214e-02	2.684847913527232954e-02	7.962677536605548834e-02
1.213312769584745183e+03	2.378221485764579202e-01	1.707479791515917333e-01	2.508043439887208681e-01	1.527160169376481358e-01	8.137752246664865796e-02	2.684847913527232954e-02	7.968350974326497693e-02
1.214764100648841804e+03	2.375912572991178418e-01	1.706709027532291312e-01	2.509061283406723297e-01	1.527966776410859540e-01	8.144642238684660085e-02	2.684847913527232954e-02	7.974013244338051809e-02
1.216215431712937971e+03	2.373608429012089849e-01	1.705939241079978130e-01	2.510077768219411420e-01	1.528772166501991547e-01	8.151511663577075406e-02	2.684847913527232954e-02	7.979664374721455455e-02
1.217666762777034819e+03	2.371309044287902290e-01	1.705170430214633659e-01	2.511092896272460462e-01	1.529576340333174966e-01	8.158360581995353911e-02	2.684847913527232954e-02	7.985304393356172648e-02
1.219118093841131440e+03	2.369014409298277613e-01	1.704402592996957233e-01	2.512106669488043398e-01	1.530379298625798024e-01	8.165189054417679171e-02	2.684847913527232954e-02	7.990933327924792939e-02
1.220569424905228061e+03	2.366724514541896640e-01	1.703635727492677776e-01	2.513119089764288550e-01	1.531181042137941817e-01	8.171997141147405164e-02	2.684847913527232954e-02	7.996551205917785954e-02
1.222020755969324682e+03	2.364439350536408357e-01	1.702869831772539366e-01	2.514130158976212170e-01	1.531981571663025565e-01	8.178784902313300520e-02	2.684847913527232954e-02	8.002158054638083828e-02
1.223472087033421303e+03	2.362158907818379117e-01	1.702104903912287359e-01	2.515139878976621057e-01	1.532780888028503208e-01	8.185552397869799712e-02	2.684847913527232954e-02	8.007753901205534597e-02
1.224923418097517697e+03	2.359883176943241567e-01	1.701340941992653955e-01	2.516148251596979080e-01	1.533578992094604687e-01	8.192299687597262570e-02	2.684847913527232954e-02	8.013338772561187651e-02
1.226374749161614318e+03	2.357612148485245251e-01	1.700577944099344319e-01	2.517155278648243177e-01	1.534375884753121089e-01	8.199026831102243507e-02	2.684847913527232954e-02	8.018912695471459851e-02
1.227826080225710712e+03	2.355345813037406921e-01	1.699815908323023261e-01	2.518160961921669383e-01	1.535171566926232523e-01	8.205733887817763528e-02	2.684847913527232954e-02	8.024475696532157309e-02
1.229277411289807560e+03	2.353084161211463909e-01	1.699054832759299971e-01	2.519165303189587757e-01	1.535966039565376806e-01	8.212420917003597498e-02	2.684847913527232954e-02	8.030027802172368112e-02
1.230728742353903954e+03	2.350827183637823059e-01	1.698294715508715247e-01	2.520168304206149013e-01	1.536759303650159225e-01	8.219087977746564189e-02	2.684847913527232954e-02	8.035569038658224583e-02
1.232180073418000802e+03	2.348574870965515482e-01	1.697535554676726788e-01	2.521169966708047272e-01	1.537551360187297544e-01	8.225735128960827425e-02	2.684847913527232954e-02	8.041099432096558697e-02
1.233631404482097196e+03	2.346327213862149097e-01	1.696777348373695316e-01	2.522170292415212289e-01	1.538342210209608096e-01	8.232362429388193070e-02	2.684847913527232954e-02	8.046619008438420095e-02
1.235082735546193817e+03	2.344084203013862278e-01	1.696020094714871251e-01	2.523169283031476695e-01	1.539131854775023234e-01	8.238969937598429605e-02	2.684847913527232954e-02	8.052127793482502516e-02
1.236534066610290438e+03	2.341845829125276945e-01	1.695263791820380284e-01	2.524166940245221591e-01	1.539920294965645975e-01	8.245557711989576211e-02	2.684847913527232954e-02	8.057625812878439764e-02
1.237985397674387059e+03	2.339612082919455549e-01	1.694508437815210322e-01	2.525163265729994944e-01	1.540707531886837123e-01	8.252125810788274451e-02	2.684847913527232954e-02	8.063113092130012871e-02
1.239436728738483680e+03	2.337382955137853324e-01	1.693754030829196511e-01	2.526158261145109440e-01	1.541493566666334303e-01	8.258674292050094401e-02	2.684847913527232954e-02	8.068589656598243454e-02
1.240888059802580301e+03	2.335158436540275273e-01	1.693000568997008182e-01	2.527151928136217029e-01	1.542278400453400977e-01	8.265203213659867709e-02	2.684847913527232954e-02	8.074055531504392702e-02
1.242339390866676695e+03	2.332938517904832587e-01	1.692248050458135256e-01	2.528144268335862366e-01	1.543062034418007100e-01	8.271712633332028997e-02	2.684847913527232954e-02	8.079510741932871554e-02
1.243790721930773088e+03	2.330723190027896574e-01	1.691496473356874641e-01	2.529135283364017939e-01	1.543844469750037252e-01	8.278202608610960023e-02	2.684847913527232954e-02	8.084955312834048169e-02
1.245242052994869937e+03	2.328512443724058967e-01	1.690745835842315803e-01	2.530124974828595330e-01	1.544625707658526248e-01	8.284673196871338019e-02	2.684847913527232954e-02	8.090389269026970753e-02
1.246693384058966330e+03	2.326306269826086404e-01	1.689996136068327715e-01	2.531113344325940373e-01	1.545405749370922788e-01	8.291124455318495123e-02	2.684847913527232954e-02	8.095812635202008500e-02
1.248144715123063179e+03	2.324104659184878519e-01	1.689247372193544983e-01	2.532100393441308883e-01	1.546184596132377520e-01	8.297556440988768101e-02	2.684847913527232954e-02	8.101225435923402329e-02
1.249596046187159800e+03	2.321907602669426862e-01	1.688499542381354801e-01	2.533086123749326291e-01	1.546962249205057482e-01	8.303969210749871654e-02	2.684847913527232954e-02	8.106627695631740682e-02
1.251047377251256421e+03	2.319715091166771603e-01	1.687752644799883073e-01	2.534070536814427288e-01	1.547738709867483298e-01	8.310362821301256475e-02	2.684847913527232954e-02	8.112019438646356218e-02
1.252498708315352815e+03	2.317527115581961561e-01	1.687006677621980810e-01	2.535053634191279937e-01	1.548513979413890795e-01	8.316737329174482551e-02	2.684847913527232954e-02	8.117400689167651728e-02
1.253950039379449436e+03	2.315343666838013403e-01	1.686261639025209702e-01	2.536035417425195893e-01	1.549288059153613450e-01	8.323092790733592483e-02	2.684847913527232954e-02	8.122771471279342792e-02
1.255401370443546057e+03	2.313164735875869182e-01	1.685517527191831011e-01	2.537015888052523982e-01	1.550060950410487581e-01	8.329429262175497284e-02	2.684847913527232954e-02	8.128131808950646298e-02
1.256852701507642678e+03	2.310990313654356920e-01	1.684774340308790308e-01	2.537995047601028231e-01	1.550832654522278919e-01	8.335746799530342754e-02	2.684847913527232954e-02	8.133481726038385706e-02
1.258304032571739299e+03	2.308820391150151197e-01	1.684032076567704150e-01	2.538972897590249800e-01	1.551603172840127776e-01	8.342045458661905000e-02	2.684847913527232954e-02	8.138821246289042188e-02
1.259755363635835920e+03	2.306654959357732626e-01	1.683290734164847868e-01	2.539949439531861697e-01	1.552372506728014467e-01	8.348325295267972068e-02	2.684847913527232954e-02	8.144150393340739147e-02
1.261206694699932314e+03	2.304494009289348722e-01	1.682550311301140855e-01	2.540924674930004623e-01	1.553140657562243621e-01	8.354586364880736693e-02	2.684847913527232954e-02	8.149469190725165679e-02
1.262658025764028707e+03	2.302337531974974760e-01	1.681810806182134355e-01	2.541898605281610046e-01	1.553907626730946512e-01	8.360828722867187646e-02	2.684847913527232954e-02	8.154777661869438976e-02
1.264109356828125556e+03	2.300185518462274648e-01	1.681072217017997861e-01	2.542871232076713839e-01	1.554673415633600064e-01	8.367052424429503865e-02	2.684847913527232954e-02	8.160075830097918148e-02
1.265560687892221949e+03	2.298037959816562059e-01	1.680334542023505795e-01	2.543842556798756038e-01	1.555438025680564440e-01	8.373257524605455526e-02	2.684847913527232954e-02	8.165363718633950052e-02
1.267012018956318798e+03	2.295894847120762694e-01	1.679597779418024184e-01	2.544812580924870060e-01	1.556201458292634510e-01	8.379444078268802332e-02	2.684847913527232954e-02	8.170641350601576258e-02
1.268463350020415419e+03	2.293756171475375694e-01	1.678861927425497891e-01	2.545781305926159699e-01	1.556963714900609086e-01	8.385612140129691805e-02	2.684847913527232954e-02	8.175908749027177569e-02
1.269914681084511813e+03	2.291621923998435895e-01	1.678126984274437850e-01	2.546748733267968356e-01	1.557724796944873202e-01	8.391761764735070073e-02	2.684847913527232954e-02	8.181165936841074127e-02
1.271366012148608434e+03	2.289492095825476636e-01	1.677392948197906353e-01	2.547714864410132729e-01	1.558484705874998155e-01	8.397893006469082933e-02	2.684847913527232954e-02	8.186412936879076951e-02
1.272817343212705055e+03	2.287366678109492291e-01	1.676659817433505950e-01	2.548679700807232051e-01	1.559243443149352093e-01	8.404005919553486637e-02	2.684847913527232954e-02	8.191649771883993680e-02
1.274268674276801676e+03	2.285245662020899404e-01	1.675927590223365571e-01	2.549643243908825130e-01	1.560001010234725871e-01	8.410100558048055897e-02	2.684847913527232954e-02	8.196876464507088511e-02
1.275720005340898297e+03	2.283129038747501727e-01	1.675196264814127201e-01	2.550605495159678493e-01	1.560757408605973062e-01	8.416176975850998832e-02	2.684847913527232954e-02	8.202093037309499124e-02
1.277171336404994690e+03	2.281016799494453573e-01	1.674465839456933391e-01	2.551566455999985106e-01	1.561512639745660513e-01	8.422235226699366362e-02	2.684847913527232954e-02	8.207299512763613358e-02
1.278622667469091539e+03	2.278908935484221243e-01	1.673736312407413940e-01	2.552526127865575867e-01	1.562266705143732504e-01	8.428275364169467154e-02	2.684847913527232954e-02	8.212495913254401481e-02
1.280073998533187932e+03	2.276805437956549161e-01	1.673007681925674228e-01	2.553484512188121669e-01	1.563019606297185449e-01	8.434297441677282570e-02	2.684847913527232954e-02	8.217682261080712369e-02
1.281525329597284326e+03	2.274706298168422403e-01	1.672279946276280793e-01	2.554441610395328799e-01	1.563771344709755928e-01	8.440301512478887158e-02	2.684847913527232954e-02	8.222858578456532230e-02
1.282976660661381175e+03	2.272611507394030894e-01	1.671553103728249390e-01	2.555397423911123789e-01	1.564521921891618428e-01	8.446287629670864994e-02	2.684847913527232954e-02	8.228024887512211394e-02
1.284427991725477568e+03	2.270521056924733605e-01	1.670827152555031947e-01	2.556351954155835493e-01	1.565271339359092240e-01	8.452255846190727395e-02	2.684847913527232954e-02	8.233181210295639763e-02
1.285879322789574417e+03	2.268434938069022189e-01	1.670102091034503800e-01	2.557305202546367728e-01	1.566019598634362797e-01	8.458206214817333424e-02	2.684847913527232954e-02	8.238327568773404219e-02
1.287330653853671038e+03	2.266353142152487954e-01	1.669377917448951198e-01	2.558257170496360811e-01	1.566766701245207172e-01	8.464138788171311767e-02	2.684847913527232954e-02	8.243463984831915503e-02
1.288781984917767431e+03	2.264275660517784394e-01	1.668654630085058821e-01	2.559207859416355313e-01	1.567512648724734836e-01	8.470053618715488175e-02	2.684847913527232954e-02	8.248590480278478188e-02
1.290233315981864052e+03	2.262202484524593327e-01	1.667932227233896447e-01	2.560157270713941391e-01	1.568257442611132868e-01	8.475950758755297632e-02	2.684847913527232954e-02	8.253707076842366208e-02
