1.001418434226643626e+03	2.771421770874979984e-01	1.832384896824569287e-01	2.341213962164259144e-01	1.399605590852302517e-01	6.877135504770510999e-02	2.680780436259068075e-02	6.995821851769420952e-02
1.002869765290740247e+03	2.768260726385913806e-01	1.831493335280251489e-01	2.342553976537074256e-01	1.400436391697786054e-01	6.887725497175709033e-02	2.680780436259068075e-02	7.004049767515084512e-02
1.004321096354836754e+03	2.765106347768432338e-01	1.830602996988413556e-01	2.343888218942081769e-01	1.401271791459751115e-01	6.898278478061398156e-02	2.680780436259068075e-02	7.012247534052863662e-02
1.005772427418933376e+03	2.761958618720469771e-01	1.829713878997468457e-01	2.345216837461376880e-01	1.402111593734078065e-01	6.908794560510614358e-02	2.680780436259068075e-02	7.020415714056502110e-02
1.007223758483029997e+03	2.758817523060918542e-01	1.828825978364329030e-01	2.346539975325728222e-01	1.402955608650159613e-01	6.919273858356263240e-02	2.680780436259068075e-02	7.028554851333426723e-02
1.008675089547126618e+03	2.755683044726532915e-01	1.827939292154442952e-01	2.347857771074513544e-01	1.403803652654316003e-01	6.929716486133570552e-02	2.680780436259068075e-02	7.036665471469416566e-02
1.010126420611223239e+03	2.752555167768934163e-01	1.827053817441824934e-01	2.349170358710364337e-01	1.404655548300401124e-01	6.940122559034246630e-02	2.680780436259068075e-02	7.044748082451544879e-02
1.011577751675319632e+03	2.749433876351711770e-01	1.826169551309087258e-01	2.350477867848695390e-01	1.405511124047359728e-01	6.950492192862348095e-02	2.680780436259068075e-02	7.052803175270146163e-02
1.013029082739416367e+03	2.746319154747615676e-01	1.825286490847467247e-01	2.351780423862288860e-01	1.406370214063506208e-01	6.960825503991763252e-02	2.680780436259068075e-02	7.060831224500492553e-02
1.014480413803512761e+03	2.743210987335842899e-01	1.824404633156851974e-01	2.353078148021096327e-01	1.407232658037301243e-01	6.971122609325257347e-02	2.680780436259068075e-02	7.068832688864855329e-02
1.015931744867609382e+03	2.740109358599406297e-01	1.823523975345801296e-01	2.354371157627418998e-01	1.408098300994411189e-01	6.981383626255031893e-02	2.680780436259068075e-02	7.076808011775631568e-02
1.017383075931706003e+03	2.737014253122592722e-01	1.822644514531568394e-01	2.355659566146616479e-01	1.408966993120838174e-01	6.991608672624753662e-02	2.680780436259068075e-02	7.084757621860129917e-02
1.018834406995802851e+03	2.733925655588498871e-01	1.821766247840119202e-01	2.356943483333495126e-01	1.409838589591924374e-01	7.001797866692997807e-02	2.680780436259068075e-02	7.092681933467669120e-02
1.020285738059899245e+03	2.730843550776648199e-01	1.820889172406146839e-01	2.358223015354518337e-01	1.410712950407031208e-01	7.011951327098042697e-02	2.680780436259068075e-02	7.100581347159554135e-02
1.021737069123995752e+03	2.727767923560683316e-01	1.820013285373087986e-01	2.359498264905975362e-01	1.411589940229707740e-01	7.022069172823985905e-02	2.680780436259068075e-02	7.108456250182514091e-02
1.023188400188092373e+03	2.724698758906131113e-01	1.819138583893134264e-01	2.360769331328246845e-01	1.412469428233162905e-01	7.032151523168141127e-02	2.680780436259068075e-02	7.116307016926151641e-02
1.024639731252188767e+03	2.721636041868242262e-01	1.818265065127244173e-01	2.362036310716290888e-01	1.413351287950868063e-01	7.042198497709656335e-02	2.680780436259068075e-02	7.124134009364933851e-02
1.026091062316285615e+03	2.718579757589897339e-01	1.817392726245150025e-01	2.363299296026480922e-01	1.414235397132118932e-01	7.052210216279312938e-02	2.680780436259068075e-02	7.131937577485263080e-02
1.027542393380382237e+03	2.715529891299577891e-01	1.816521564425367663e-01	2.364558377179910020e-01	1.415121637602392290e-01	7.062186798930480958e-02	2.680780436259068075e-02	7.139718059698094144e-02
1.028993724444478858e+03	2.712486428309406894e-01	1.815651576855200067e-01	2.365813641162285152e-01	1.416009895128335638e-01	7.072128365911170556e-02	2.680780436259068075e-02	7.147475783237609848e-02
1.030445055508575479e+03	2.709449354013248601e-01	1.814782760730743183e-01	2.367065172120519922e-01	1.416900059287238278e-01	7.082035037637154917e-02	2.680780436259068075e-02	7.155211064546405930e-02
1.031896386572671872e+03	2.706418653884866687e-01	1.813915113256887590e-01	2.368313051456135132e-01	1.417792023340838092e-01	7.091906934666127038e-02	2.680780436259068075e-02	7.162924209647654472e-02
1.033347717636768493e+03	2.703394313476147337e-01	1.813048631647319331e-01	2.369557357915577367e-01	1.418685684113312195e-01	7.101744177672845992e-02	2.680780436259068075e-02	7.170615514504649624e-02
1.034799048700865114e+03	2.700376318415370069e-01	1.812183313124521022e-01	2.370798167677551638e-01	1.419580941873318791e-01	7.111546887425246322e-02	2.680780436259068075e-02	7.178285265368192225e-02
1.036250379764961508e+03	2.697364654405541295e-01	1.811319154919769636e-01	2.372035554437472160e-01	1.420477700219953676e-01	7.121315184761478623e-02	2.680780436259068075e-02	7.185933739112213003e-02
1.037701710829058356e+03	2.694359307222774502e-01	1.810456154273132612e-01	2.373269589489123421e-01	1.421375865972491215e-01	7.131049190567836926e-02	2.680780436259068075e-02	7.193561203557999328e-02
1.039153041893154750e+03	2.691360262714725948e-01	1.809594308433465915e-01	2.374500341803627013e-01	1.422275349063784888e-01	7.140749025757560375e-02	2.680780436259068075e-02	7.201167917787454353e-02
1.040604372957251599e+03	2.688367506799075879e-01	1.808733614658407651e-01	2.375727878105798607e-01	1.423176062437204459e-01	7.150414811250463409e-02	2.680780436259068075e-02	7.208754132445718832e-02
1.042055704021347992e+03	2.685381025462062476e-01	1.807874070214371409e-01	2.376952262947986672e-01	1.424077921946993452e-01	7.160046667953372246e-02	2.680780436259068075e-02	7.216320090033537249e-02
1.043507035085444613e+03	2.682400804757055779e-01	1.807015672376539317e-01	2.378173558781475350e-01	1.424980846261932887e-01	7.169644716741338519e-02	2.680780436259068075e-02	7.223866025189680518e-02
1.044958366149541234e+03	2.679426830803181003e-01	1.806158418428853718e-01	2.379391826025527013e-01	1.425884756772201889e-01	7.179209078439607872e-02	2.680780436259068075e-02	7.231392164963804103e-02
1.046409697213637855e+03	2.676459089783984058e-01	1.805302305664007734e-01	2.380607123134152181e-01	1.426789577499328610e-01	7.188739873806307412e-02	2.680780436259068075e-02	7.238898729080019134e-02
1.047861028277734476e+03	2.673497567946136466e-01	1.804447331383434439e-01	2.381819506660671215e-01	1.427695235009128483e-01	7.198237223515834005e-02	2.680780436259068075e-02	7.246385930191508173e-02
1.049312359341831097e+03	2.670542251598185812e-01	1.803593492897296036e-01	2.383029031320150481e-01	1.428601658327531831e-01	7.207701248142918404e-02	2.680780436259068075e-02	7.253853974126496518e-02
1.050763690405927491e+03	2.667593127109337270e-01	1.802740787524471644e-01	2.384235750049776559e-01	1.429508778859202300e-01	7.217132068147338875e-02	2.680780436259068075e-02	7.261303060125837150e-02
1.052215021470024112e+03	2.664650180908283428e-01	1.801889212592543421e-01	2.385439714067240646e-01	1.430416530308858125e-01	7.226529803859267631e-02	2.680780436259068075e-02	7.268733381072531308e-02
1.053666352534120733e+03	2.661713399482061315e-01	1.801038765437783795e-01	2.386640972927197291e-01	1.431324848605200484e-01	7.235894575465215417e-02	2.680780436259068075e-02	7.276145123713415042e-02
1.055117683598217127e+03	2.658782769374948840e-01	1.800189443405140477e-01	2.387839574575861545e-01	1.432233671827367327e-01	7.245226502994568663e-02	2.680780436259068075e-02	7.283538468873307359e-02
1.056569014662313975e+03	2.655858277187395644e-01	1.799341243848220639e-01	2.389035565403807848e-01	1.433142940133826648e-01	7.254525706306688693e-02	2.680780436259068075e-02	7.290913591661858650e-02
1.058020345726410369e+03	2.652939909574987265e-01	1.798494164129275930e-01	2.390228990297025569e-01	1.434052595693626753e-01	7.263792305078554945e-02	2.680780436259068075e-02	7.298270661673340876e-02
1.059471676790506763e+03	2.650027653247440385e-01	1.797648201619184427e-01	2.391419892686295345e-01	1.434962582619929428e-01	7.273026418792935544e-02	2.680780436259068075e-02	7.305609843179622365e-02
1.060923007854603611e+03	2.647121494967626942e-01	1.796803353697434269e-01	2.392608314594935615e-01	1.435872846905745792e-01	7.282228166727060248e-02	2.680780436259068075e-02	7.312931295316561775e-02
1.062374338918700232e+03	2.644221421550633777e-01	1.795959617752105053e-01	2.393794296684978173e-01	1.436783336361804886e-01	7.291397667941788840e-02	2.680780436259068075e-02	7.320235172264032142e-02
1.063825669982796853e+03	2.641327419862847248e-01	1.795116991179850352e-01	2.394977878301821073e-01	1.437694000556481444e-01	7.300535041271248582e-02	2.680780436259068075e-02	7.327521623419792907e-02
1.065277001046893474e+03	2.638439476821063945e-01	1.794275471385876342e-01	2.396159097517411851e-01	1.438604790757716800e-01	7.309640405312925471e-02	2.680780436259068075e-02	7.334790793567420863e-02
1.066728332110990095e+03	2.635557579391634708e-01	1.793435055783924870e-01	2.397337991172007188e-01	1.439515659876867137e-01	7.318713878418199592e-02	2.680780436259068075e-02	7.342042823038492927e-02
1.068179663175086489e+03	2.632681714589629185e-01	1.792595741796250974e-01	2.398514594914560871e-01	1.440426562414409695e-01	7.327755578683298188e-02	2.680780436259068075e-02	7.349277847869223335e-02
1.069630994239183110e+03	2.629811869478029251e-01	1.791757526853603733e-01	2.399688943241777561e-01	1.441337454407454755e-01	7.336765623940655345e-02	2.680780436259068075e-02	7.356495999951724596e-02
1.071082325303279504e+03	2.626948031166944086e-01	1.790920408395204888e-01	2.400861069535884795e-01	1.442248293378992630e-01	7.345744131750675532e-02	2.680780436259068075e-02	7.363697407180101739e-02
1.072533656367376352e+03	2.624090186812850778e-01	1.790084383868725815e-01	2.402031006101159882e-01	1.443159038288828189e-01	7.354691219393866275e-02	2.680780436259068075e-02	7.370882193591522802e-02
1.073984987431472746e+03	2.621238323617861021e-01	1.789249450730267532e-01	2.403198784199255811e-01	1.444069649486138252e-01	7.363607003863346934e-02	2.680780436259068075e-02	7.378050479502459846e-02
1.075436318495569594e+03	2.618392428829001695e-01	1.788415606444337391e-01	2.404364434083364754e-01	1.444980088663605222e-01	7.372491601857700250e-02	2.680780436259068075e-02	7.385202381640242064e-02
1.076887649559666215e+03	2.615552489737525965e-01	1.787582848483825759e-01	2.405527985031256366e-01	1.445890318813067843e-01	7.381345129774172231e-02	2.680780436259068075e-02	7.392338013270099983e-02
1.078338980623762609e+03	2.612718493678238829e-01	1.786751174329984093e-01	2.406689465377233050e-01	1.446800304182644936e-01	7.390167703702195390e-02	2.680780436259068075e-02	7.399457484317831235e-02
1.079790311687859230e+03	2.609890428028844855e-01	1.785920581472400237e-01	2.407848902543029967e-01	1.447710010235279399e-01	7.398959439417235329e-02	2.680780436259068075e-02	7.406560901488258575e-02
1.081241642751955851e+03	2.607068280209318689e-01	1.785091067408975940e-01	2.409006323067702793e-01	1.448619403608654432e-01	7.407720452374932929e-02	2.680780436259068075e-02	7.413648368379596731e-02
1.082692973816052472e+03	2.604252037681286658e-01	1.784262629645901044e-01	2.410161752636530985e-01	1.449528452076442042e-01	7.416450857705544908e-02	2.680780436259068075e-02	7.420719985593896006e-02
1.084144304880149093e+03	2.601441687947435577e-01	1.783435265697630723e-01	2.411315216108972093e-01	1.450437124510832732e-01	7.425150770208673034e-02	2.680780436259068075e-02	7.427775850843661154e-02
1.085595635944245487e+03	2.598637218550933770e-01	1.782608973086859949e-01	2.412466737545696238e-01	1.451345390846308092e-01	7.433820304348255636e-02	2.680780436259068075e-02	7.434816059054802362e-02
1.087046967008342108e+03	2.595838617074869292e-01	1.781783749344498236e-01	2.413616340234735758e-01	1.452253222044614378e-01	7.442459574247831111e-02	2.680780436259068075e-02	7.441840702466030744e-02
1.088498298072438729e+03	2.593045871141704817e-01	1.780959592009646042e-01	2.414764046716770529e-01	1.453160590060894874e-01	7.451068693686055400e-02	2.680780436259068075e-02	7.448849870724819078e-02
1.089949629136535123e+03	2.590258968412753049e-01	1.780136498629567299e-01	2.415909878809588129e-01	1.454067467810946923e-01	7.459647776092449833e-02	2.680780436259068075e-02	7.455843650980036041e-02
1.091400960200631971e+03	2.587477896587658810e-01	1.779314466759664981e-01	2.417053857631738523e-01	1.454973829139561692e-01	7.468196934543407106e-02	2.680780436259068075e-02	7.462822127971395492e-02
1.092852291264728365e+03	2.584702643403904987e-01	1.778493493963454741e-01	2.418196003625410762e-01	1.455879648789914216e-01	7.476716281758405414e-02	2.680780436259068075e-02	7.469785384115784632e-02
1.094303622328825213e+03	2.581933196636328476e-01	1.777673577812539929e-01	2.419336336578562230e-01	1.456784902373966517e-01	7.485205930096448801e-02	2.680780436259068075e-02	7.476733499590614007e-02
1.095754953392921607e+03	2.579169544096648892e-01	1.776854715886584390e-01	2.420474875646320412e-01	1.457689566343851606e-01	7.493665991552711514e-02	2.680780436259068075e-02	7.483666552414272588e-02
1.097206284457018228e+03	2.576411673633013932e-01	1.776036905773285823e-01	2.421611639371679947e-01	1.458593617964205613e-01	7.502096577755396067e-02	2.680780436259068075e-02	7.490584618523786486e-02
1.098657615521114849e+03	2.573659573129556954e-01	1.775220145068350519e-01	2.422746645705525781e-01	1.459497035285414468e-01	7.510497799962780052e-02	2.680780436259068075e-02	7.497487771849781213e-02
1.100108946585211470e+03	2.570913230505965652e-01	1.774404431375465885e-01	2.423879912025994898e-01	1.460399797117749310e-01	7.518869769060444741e-02	2.680780436259068075e-02	7.504376084388840462e-02
1.101560277649308091e+03	2.568172633717065723e-01	1.773589762306272966e-01	2.425011455157206341e-01	1.461301883006356217e-01	7.527212595558696595e-02	2.680780436259068075e-02	7.511249626273336366e-02
1.103011608713404712e+03	2.565437770752412860e-01	1.772776135480341186e-01	2.426141291387376442e-01	1.462203273207075549e-01	7.535526389590153917e-02	2.680780436259068075e-02	7.518108465838835297e-02
1.104462939777501106e+03	2.562708629635899737e-01	1.771963548525140320e-01	2.427269436486338972e-01	1.463103948663060649e-01	7.543811260907502814e-02	2.680780436259068075e-02	7.524952669689147222e-02
1.105914270841597499e+03	2.559985198425372421e-01	1.771151999076013284e-01	2.428395905722494363e-01	1.464003890982171485e-01	7.552067318881416913e-02	2.680780436259068075e-02	7.531782302759106040e-02
1.107365601905694348e+03	2.557267465212259006e-01	1.770341484776149221e-01	2.429520713879200766e-01	1.464903082415116298e-01	7.560294672498628354e-02	2.680780436259068075e-02	7.538597428375155840e-02
1.108816932969790741e+03	2.554555418121204347e-01	1.769532003276555743e-01	2.430643875270629695e-01	1.465801505834316565e-01	7.568493430360154206e-02	2.680780436259068075e-02	7.545398108313815244e-02
1.110268264033887590e+03	2.551849045309720343e-01	1.768723552236032559e-01	2.431765403757102650e-01	1.466699144713472791e-01	7.576663700679657498e-02	2.680780436259068075e-02	7.552184402858096168e-02
1.111719595097984211e+03	2.549148334967842322e-01	1.767916129321142615e-01	2.432885312759924534e-01	1.467595983107803925e-01	7.584805591281955361e-02	2.680780436259068075e-02	7.558956370851947770e-02
1.113170926162080832e+03	2.546453275317797638e-01	1.767109732206185446e-01	2.434003615275733556e-01	1.468492005634943753e-01	7.592919209601654840e-02	2.680780436259068075e-02	7.565714069752781101e-02
1.114622257226177226e+03	2.543763854613679820e-01	1.766304358573169697e-01	2.435120323890380134e-01	1.469387197456467065e-01	7.601004662681914992e-02	2.680780436259068075e-02	7.572457555682156338e-02
1.116073588290273847e+03	2.541080061141136603e-01	1.765500006111785369e-01	2.436235450792351986e-01	1.470281544260028661e-01	7.609062057173336668e-02	2.680780436259068075e-02	7.579186883474682557e-02
1.117524919354370468e+03	2.538401883217059618e-01	1.764696672519375231e-01	2.437349007785760691e-01	1.471175032242091896e-01	7.617091499332970250e-02	2.680780436259068075e-02	7.585902106725199434e-02
1.118976250418467089e+03	2.535729309189290737e-01	1.763894355500909006e-01	2.438461006302903855e-01	1.472067648091229530e-01	7.625093095023427470e-02	2.680780436259068075e-02	7.592603277834290842e-02
1.120427581482563710e+03	2.533062327436327865e-01	1.763093052768953395e-01	2.439571457416415678e-01	1.472959378971977207e-01	7.633066949712118132e-02	2.680780436259068075e-02	7.599290448052192781e-02
1.121878912546660331e+03	2.530400926367046277e-01	1.762292762043646266e-01	2.440680371851021990e-01	1.473850212509218160e-01	7.641013168470574268e-02	2.680780436259068075e-02	7.605963667521152549e-02
1.123330243610756725e+03	2.527745094420421057e-01	1.761493481052668064e-01	2.441787759994909490e-01	1.474740136773088905e-01	7.648931855973888083e-02	2.680780436259068075e-02	7.612622985316289115e-02
1.124781574674853118e+03	2.525094820065261758e-01	1.760695207531213780e-01	2.442893631910725283e-01	1.475629140264380634e-01	7.656823116500242887e-02	2.680780436259068075e-02	7.619268449484999095e-02
1.126232905738949967e+03	2.522450091799949834e-01	1.759897939221965468e-01	2.443997997346216144e-01	1.476517211900423288e-01	7.664687053930531457e-02	2.680780436259068075e-02	7.625900107084973567e-02
1.127684236803046360e+03	2.519810898152187728e-01	1.759101673875064775e-01	2.445100865744521679e-01	1.477404341001437860e-01	7.672523771748071542e-02	2.680780436259068075e-02	7.632518004220857633e-02
1.129135567867143209e+03	2.517177227678750184e-01	1.758306409248084345e-01	2.446202246254129686e-01	1.478290517277339733e-01	7.680333373038403244e-02	2.680780436259068075e-02	7.639122186079606858e-02
1.130586898931239830e+03	2.514549068965242218e-01	1.757512143106001179e-01	2.447302147738509293e-01	1.479175730814976386e-01	7.688115960489165512e-02	2.680780436259068075e-02	7.645712696964587773e-02
1.132038229995336451e+03	2.511926410625868744e-01	1.756718873221168320e-01	2.448400578785427661e-01	1.480059972065788376e-01	7.695871636390054504e-02	2.680780436259068075e-02	7.652289580328458518e-02
1.133489561059432845e+03	2.509309241303202542e-01	1.755926597373286269e-01	2.449497547715964729e-01	1.480943231833877216e-01	7.703600502632861058e-02	2.680780436259068075e-02	7.658852878804879583e-02
1.134940892123529466e+03	2.506697549667962210e-01	1.755135313349376891e-01	2.450593062593231786e-01	1.481825501264468770e-01	7.711302660711571999e-02	2.680780436259068075e-02	7.665402634239079638e-02
1.136392223187626087e+03	2.504091324418797337e-01	1.754345018943754553e-01	2.451687131230809169e-01	1.482706771832755233e-01	7.718978211722549165e-02	2.680780436259068075e-02	7.671938887717338895e-02
1.137843554251722708e+03	2.501490554282074785e-01	1.753555711957998642e-01	2.452779761200905573e-01	1.483587035333108761e-01	7.726627256364769492e-02	2.680780436259068075e-02	7.678461679595402489e-02
1.139294885315819101e+03	2.498895228011673575e-01	1.752767390200927200e-01	2.453870959842254507e-01	1.484466283868648429e-01	7.734249894940131709e-02	2.680780436259068075e-02	7.684971049525879394e-02
1.140746216379915950e+03	2.496305334388783104e-01	1.751980051488567780e-01	2.454960734267752076e-01	1.485344509841153848e-01	7.741846227353824106e-02	2.680780436259068075e-02	7.691467036484661568e-02
1.142197547444012343e+03	2.493720862221707746e-01	1.751193693644129412e-01	2.456049091371846904e-01	1.486221705941309923e-01	7.749416353114746414e-02	2.680780436259068075e-02	7.697949678796370265e-02
1.143648878508108737e+03	2.491141800345673951e-01	1.750408314497977902e-01	2.457136037837689135e-01	1.487097865139274944e-01	7.756960371335995530e-02	2.680780436259068075e-02	7.704419014158901680e-02
1.145100209572205586e+03	2.488568137622645393e-01	1.749623911887605576e-01	2.458221580144047680e-01	1.487972980675560108e-01	7.764478380735395646e-02	2.680780436259068075e-02	7.710875079667077470e-02
1.146551540636302207e+03	2.485999862941138394e-01	1.748840483657605471e-01	2.459305724572000418e-01	1.488847046052208245e-01	7.771970479636093609e-02	2.680780436259068075e-02	7.717317911835437638e-02
1.148002871700398828e+03	2.483436965216047065e-01	1.748058027659643299e-01	2.460388477211410685e-01	1.489720055024265633e-01	7.779436765967180645e-02	2.680780436259068075e-02	7.723747546620207682e-02
1.149454202764495449e+03	2.480879433388466504e-01	1.747276541752430246e-01	2.461469843967189208e-01	1.490592001591534432e-01	7.786877337264387633e-02	2.680780436259068075e-02	7.730164019440463608e-02
1.150905533828591842e+03	2.478327256425524872e-01	1.746496023801696329e-01	2.462549830565355091e-01	1.491462879990595736e-01	7.794292290670803980e-02	2.680780436259068075e-02	7.736567365198525337e-02
1.152356864892688463e+03	2.475780423320217416e-01	1.745716471680162363e-01	2.463628442558900566e-01	1.492332684687098510e-01	7.801681722937651997e-02	2.680780436259068075e-02	7.742957618299610434e-02
1.153808195956785084e+03	2.473238923091244379e-01	1.744937883267513590e-01	2.464705685333462015e-01	1.493201410368299731e-01	7.809045730425093201e-02	2.680780436259068075e-02	7.749334812670763406e-02
1.155259527020881706e+03	2.470702744782853344e-01	1.744160256450372204e-01	2.465781564112810298e-01	1.494069051935852377e-01	7.816384409103080411e-02	2.680780436259068075e-02	7.755698981779095280e-02
1.156710858084978327e+03	2.468171877464683250e-01	1.743383589122270982e-01	2.466856083964161783e-01	1.494935604498831005e-01	7.823697854552247311e-02	2.680780436259068075e-02	7.762050158649343168e-02
1.158162189149074720e+03	2.465646310231615346e-01	1.742607879183625252e-01	2.467929249803317293e-01	1.495801063366986039e-01	7.830986161964825776e-02	2.680780436259068075e-02	7.768388375880797003e-02
1.159613520213171569e+03	2.463126032203624971e-01	1.741833124541707079e-01	2.469001066399632849e-01	1.496665424044221204e-01	7.838249426145606213e-02	2.680780436259068075e-02	7.774713665663596229e-02
1.161064851277267962e+03	2.460611032525635844e-01	1.741059323110618895e-01	2.470071538380832210e-01	1.497528682222285801e-01	7.845487741512920110e-02	2.680780436259068075e-02	7.781026059794418637e-02
1.162516182341364356e+03	2.458101300367380171e-01	1.740286472811265750e-01	2.471140670237661485e-01	1.498390833774674025e-01	7.852701202099666988e-02	2.680780436259068075e-02	7.787325589691589112e-02
1.163967513405461204e+03	2.455596824923260146e-01	1.739514571571328105e-01	2.472208466328393583e-01	1.499251874750725799e-01	7.859889901554356628e-02	2.680780436259068075e-02	7.793612286409637435e-02
1.165418844469557826e+03	2.453097595412212228e-01	1.738743617325238522e-01	2.473274930883185840e-01	1.500111801369921893e-01	7.867053933142185984e-02	2.680780436259068075e-02	7.799886180653302359e-02
1.166870175533654447e+03	2.450603601077575855e-01	1.737973608014151128e-01	2.474340068008299143e-01	1.500970610016365558e-01	7.874193389746142469e-02	2.680780436259068075e-02	7.806147302791011100e-02
1.168321506597751068e+03	2.448114831186962992e-01	1.737204541585918305e-01	2.475403881690177166e-01	1.501828297233447906e-01	7.881308363868130829e-02	2.680780436259068075e-02	7.812395682867874502e-02
1.169772837661847461e+03	2.445631275032132401e-01	1.736436415995062932e-01	2.476466375799396824e-01	1.502684859718686206e-01	7.888398947630122227e-02	2.680780436259068075e-02	7.818631350618165943e-02
1.171224168725944082e+03	2.443152921928864463e-01	1.735669229202752850e-01	2.477527554094487994e-01	1.503540294318734261e-01	7.895465232775329689e-02	2.680780436259068075e-02	7.824854335477350598e-02
1.172675499790040703e+03	2.440679761216839050e-01	1.734902979176774496e-01	2.478587420225633053e-01	1.504394598024555163e-01	7.902507310669400209e-02	2.680780436259068075e-02	7.831064666593656742e-02
1.174126830854137097e+03	2.438211782259518678e-01	1.734137663891506809e-01	2.479645977738244300e-01	1.505247767966753913e-01	7.909525272301633214e-02	2.680780436259068075e-02	7.837262372839209901e-02
1.175578161918233945e+03	2.435748974444029158e-01	1.733373281327895143e-01	2.480703230076426458e-01	1.506099801411062145e-01	7.916519208286210141e-02	2.680780436259068075e-02	7.843447482820736782e-02
1.177029492982330339e+03	2.433291327181047181e-01	1.732609829473426566e-01	2.481759180586328439e-01	1.506950695753973279e-01	7.923489208863450373e-02	2.680780436259068075e-02	7.849620024889873704e-02
1.178480824046426733e+03	2.430838829904686527e-01	1.731847306322102653e-01	2.482813832519385755e-01	1.507800448518517855e-01	7.930435363901076895e-02	2.680780436259068075e-02	7.855780027153078104e-02
1.179932155110523581e+03	2.428391472072389257e-01	1.731085709874414513e-01	2.483867189035458278e-01	1.508649057350180955e-01	7.937357762895497215e-02	2.680780436259068075e-02	7.861927517481155647e-02
1.181383486174620202e+03	2.425949243164817193e-01	1.730325038137317251e-01	2.484919253205868650e-01	1.509496520012951759e-01	7.944256494973110649e-02	2.680780436259068075e-02	7.868062523518426499e-02
1.182834817238716823e+03	2.423512132685747000e-01	1.729565289124204430e-01	2.485970028016339373e-01	1.510342834385502708e-01	7.951131648891612835e-02	2.680780436259068075e-02	7.874185072691540499e-02
1.184286148302813444e+03	2.421080130161964994e-01	1.728806460854882543e-01	2.487019516369839145e-01	1.511187998457494686e-01	7.957983313041333551e-02	2.680780436259068075e-02	7.880295192217944000e-02
1.185737479366910065e+03	2.418653225143165553e-01	1.728048551355546303e-01	2.488067721089333995e-01	1.512032010326003206e-01	7.964811575446566205e-02	2.680780436259068075e-02	7.886392909114034455e-02
1.187188810431006686e+03	2.416231407201852310e-01	1.727291558658752557e-01	2.489114644920452923e-01	1.512874868192061739e-01	7.971616523766920925e-02	2.680780436259068075e-02	7.892478250202974999e-02
1.188640141495103080e+03	2.413814665933239068e-01	1.726535480803395584e-01	2.490160290534065013e-01	1.513716570357317992e-01	7.978398245298688740e-02	2.680780436259068075e-02	7.898551242122224536e-02
1.190091472559199701e+03	2.411402990955152925e-01	1.725780315834682666e-01	2.491204660528775205e-01	1.514557115220800665e-01	7.985156826976211319e-02	2.680780436259068075e-02	7.904611911330766683e-02
1.191542803623296322e+03	2.408996371907940193e-01	1.725026061804108279e-01	2.492247757433339039e-01	1.515396501275790841e-01	7.991892355373259038e-02	2.680780436259068075e-02	7.910660284116047269e-02
1.192994134687392716e+03	2.406594798454373130e-01	1.724272716769430225e-01	2.493289583709001889e-01	1.516234727106796909e-01	7.998604916704424306e-02	2.680780436259068075e-02	7.916696386600646784e-02
1.194445465751489564e+03	2.404198260279557797e-01	1.723520278794643257e-01	2.494330141751759100e-01	1.517071791386628565e-01	8.005294596826513509e-02	2.680780436259068075e-02	7.922720244748690521e-02
1.195896796815585958e+03	2.401806747090846073e-01	1.722768745949956881e-01	2.495369433894545907e-01	1.517907692873564918e-01	8.011961481239956995e-02	2.680780436259068075e-02	7.928731884371993666e-02
1.197348127879682352e+03	2.399420248617745444e-01	1.722018116311769265e-01	2.496407462409357680e-01	1.518742430408617783e-01	8.018605655090219053e-02	2.680780436259068075e-02	7.934731331135970456e-02
1.198799458943779200e+03	2.397038754611832412e-01	1.721268387962641977e-01	2.497444229509301061e-01	1.519576002912881862e-01	8.025227203169206514e-02	2.680780436259068075e-02	7.940718610565300484e-02
1.200250790007875821e+03	2.394662254846668115e-01	1.720519558991278342e-01	2.498479737350579044e-01	1.520408409384974013e-01	8.031826209916706483e-02	2.680780436259068075e-02	7.946693748049378503e-02
1.201702121071972442e+03	2.392290739117712006e-01	1.719771627492496791e-01	2.499513988034412215e-01	1.521239648898554675e-01	8.038402759421799104e-02	2.680780436259068075e-02	7.952656768847522761e-02
1.203153452136069063e+03	2.389924197242241921e-01	1.719024591567207827e-01	2.500546983608900042e-01	1.522069720599928955e-01	8.044956935424300848e-02	2.680780436259068075e-02	7.958607698093991822e-02
1.204604783200165684e+03	2.387562619059270252e-01	1.718278449322389601e-01	2.501578726070820546e-01	1.522898623705730148e-01	8.051488821316193922e-02	2.680780436259068075e-02	7.964546560802790443e-02
1.206056114264262078e+03	2.385205994429465126e-01	1.717533198871064315e-01	2.502609217367371963e-01	1.523726357500674311e-01	8.057998500143062626e-02	2.680780436259068075e-02	7.970473381872272833e-02
1.207507445328358699e+03	2.382854313235070742e-01	1.716788838332274081e-01	2.503638459397861671e-01	1.524552921335391442e-01	8.064486054605543575e-02	2.680780436259068075e-02	7.976388186089564125e-02
1.208958776392455093e+03	2.380507565379830492e-01	1.716045365831057601e-01	2.504666454015339050e-01	1.525378314624324938e-01	8.070951567060767606e-02	2.680780436259068075e-02	7.982290998134797255e-02
1.210410107456551941e+03	2.378165740788909799e-01	1.715302779498426022e-01	2.505693203028174221e-01	1.526202536843701274e-01	8.077395119523803069e-02	2.680780436259068075e-02	7.988181842585169445e-02
1.211861438520648335e+03	2.375828829408820342e-01	1.714561077471339900e-01	2.506718708201589041e-01	1.527025587529565742e-01	8.083816793669106049e-02	2.680780436259068075e-02	7.994060743918830758e-02
1.213312769584745183e+03	2.373496821207346785e-01	1.713820257892685051e-01	2.507742971259138143e-01	1.527847466275879806e-01	8.090216670831976153e-02	2.680780436259068075e-02	7.999927726518614446e-02
1.214764100648841804e+03	2.371169706173472114e-01	1.713080318911250344e-01	2.508765993884142786e-01	1.528668172732683961e-01	8.096594832009995635e-02	2.680780436259068075e-02	8.005782814675602155e-02
1.216215431712937971e+03	2.368847474317306856e-01	1.712341258681703005e-01	2.509787777721078639e-01	1.529487706604317210e-01	8.102951357864489335e-02	2.680780436259068075e-02	8.011626032592543412e-02
1.217666762777034819e+03	2.366530115670016088e-01	1.711603075364566962e-01	2.510808324376919143e-01	1.530306067647697332e-01	8.109286328721973525e-02	2.680780436259068075e-02	8.017457404387122455e-02
1.219118093841131440e+03	2.364217620283751153e-01	1.710865767126198422e-01	2.511827635422436700e-01	1.531123255670653327e-01	8.115599824575606136e-02	2.680780436259068075e-02	8.023276954095089064e-02
1.220569424905228061e+03	2.361909978231578333e-01	1.710129332138764224e-01	2.512845712393460551e-01	1.531939270530315866e-01	8.121891925086639763e-02	2.680780436259068075e-02	8.029084705673258937e-02
1.222020755969324682e+03	2.359607179607412786e-01	1.709393768580217965e-01	2.513862556792096359e-01	1.532754112131557711e-01	8.128162709585870505e-02	2.680780436259068075e-02	8.034880683002368351e-02
1.223472087033421303e+03	2.357309214525948327e-01	1.708659074634278074e-01	2.514878170087906373e-01	1.533567780425485472e-01	8.134412257075085417e-02	2.680780436259068075e-02	8.040664909889819190e-02
1.224923418097517697e+03	2.355016073122593590e-01	1.707925248490403947e-01	2.515892553719050739e-01	1.534380275407979666e-01	8.140640646228514132e-02	2.680780436259068075e-02	8.046437410072290741e-02
1.226374749161614318e+03	2.352727745553404304e-01	1.707192288343775122e-01	2.516905709093393284e-01	1.535191597118283346e-01	8.146847955394272145e-02	2.680780436259068075e-02	8.052198207218250192e-02
1.227826080225710712e+03	2.350444221995018901e-01	1.706460192395267139e-01	2.517917637589573987e-01	1.536001745637634863e-01	8.153034262595804105e-02	2.680780436259068075e-02	8.057947324930328503e-02
1.229277411289807560e+03	2.348165492644594954e-01	1.705728958851430166e-01	2.518928340558043155e-01	1.536810721087945864e-01	8.159199645533328493e-02	2.680780436259068075e-02	8.063684786747610245e-02
1.230728742353903954e+03	2.345891547719745340e-01	1.704998585924467069e-01	2.519937819322065065e-01	1.537618523630522316e-01	8.165344181585275363e-02	2.680780436259068075e-02	8.069410616147806858e-02
1.232180073418000802e+03	2.343622377458474959e-01	1.704269071832209548e-01	2.520946075178692181e-01	1.538425153464825224e-01	8.171467947809726851e-02	2.680780436259068075e-02	8.075124836549335550e-02
1.233631404482097196e+03	2.341357972119120223e-01	1.703540414798098146e-01	2.521953109399700521e-01	1.539230610827274359e-01	8.177571020945847979e-02	2.680780436259068075e-02	8.080827471313298260e-02
1.235082735546193817e+03	2.339098321980287165e-01	1.702812613051159218e-01	2.522958923232505035e-01	1.540034895990087527e-01	8.183653477415318844e-02	2.680780436259068075e-02	8.086518543745374599e-02
1.236534066610290438e+03	2.336843417340790652e-01	1.702085664825982725e-01	2.523963517901038345e-01	1.540838009260158958e-01	8.189715393323765413e-02	2.680780436259068075e-02	8.092198077097612074e-02
1.237985397674387059e+03	2.334593248519595821e-01	1.701359568362701136e-01	2.524966894606603951e-01	1.541639950977972962e-01	8.195756844462184776e-02	2.680780436259068075e-02	8.097866094570152495e-02
1.239436728738483680e+03	2.332347805855758405e-01	1.700634321906968061e-01	2.525969054528705016e-01	1.542440721516554203e-01	8.201777906308363453e-02	2.680780436259068075e-02	8.103522619312857056e-02
1.240888059802580301e+03	2.330107079708365059e-01	1.699909923709934934e-01	2.526969998825841501e-01	1.543240321280449912e-01	8.207778654028297094e-02	2.680780436259068075e-02	8.109167674426857875e-02
1.242339390866676695e+03	2.327871060456478403e-01	1.699186372028231862e-01	2.527969728636286217e-01	1.544038750704745389e-01	8.213759162477607401e-02	2.680780436259068075e-02	8.114801282966038753e-02
1.243790721930773088e+03	2.325639738499076514e-01	1.698463665123944866e-01	2.528968245078834776e-01	1.544836010254112268e-01	8.219719506202949333e-02	2.680780436259068075e-02	8.120423467938434059e-02
1.245242052994869937e+03	2.323413104254998807e-01	1.697741801264593953e-01	2.529965549253530011e-01	1.545632100421885924e-01	8.225659759443415542e-02	2.680780436259068075e-02	8.126034252307569317e-02
1.246693384058966330e+03	2.321191148162888573e-01	1.697020778723113965e-01	2.530961642242366416e-01	1.546427021729172291e-01	8.231579996131942190e-02	2.680780436259068075e-02	8.131633658993719926e-02
1.248144715123063179e+03	2.318973860681138588e-01	1.696300595777831266e-01	2.531956525109969602e-01	1.547220774723985781e-01	8.237480289896705055e-02	2.680780436259068075e-02	8.137221710875115754e-02
1.249596046187159800e+03	2.316761232287835037e-01	1.695581250712444588e-01	2.532950198904256878e-01	1.548013359980411618e-01	8.243360714062510086e-02	2.680780436259068075e-02	8.142798430789079112e-02
1.251047377251256421e+03	2.314553253480704786e-01	1.694862741816002827e-01	2.533942664657073962e-01	1.548804778097797041e-01	8.249221341652183959e-02	2.680780436259068075e-02	8.148363841533105834e-02
1.252498708315352815e+03	2.312349914777059867e-01	1.694145067382884229e-01	2.534933923384811716e-01	1.549595029699967486e-01	8.255062245387957687e-02	2.680780436259068075e-02	8.153917965865882522e-02
1.253950039379449436e+03	2.310151206713744743e-01	1.693428225712776680e-01	2.535923976089005660e-01	1.550384115434469134e-01	8.260883497692848854e-02	2.680780436259068075e-02	8.159460826508259379e-02
1.255401370443546057e+03	2.307957119847083849e-01	1.692712215110656615e-01	2.536912823756914959e-01	1.551172035971833674e-01	8.266685170692025797e-02	2.680780436259068075e-02	8.164992446144155036e-02
1.256852701507642678e+03	2.305767644752828582e-01	1.691997033886767365e-01	2.537900467362082524e-01	1.551958792004867471e-01	8.272467336214187061e-02	2.680780436259068075e-02	8.170512847421426694e-02
1.258304032571739299e+03	2.303582772026106784e-01	1.691282680356600288e-01	2.538886907864876807e-01	1.552744384247963794e-01	8.278230065792917258e-02	2.680780436259068075e-02	8.176022052952680585e-02
1.259755363635835920e+03	2.301402492281369450e-01	1.690569152840873113e-01	2.539872146213018600e-01	1.553528813436436673e-01	8.283973430668051252e-02	2.680780436259068075e-02	8.181520085316038027e-02
1.261206694699932314e+03	2.299226796152341323e-01	1.689856449665511351e-01	2.540856183342090069e-01	1.554312080325875589e-01	8.289697501787027245e-02	2.680780436259068075e-02	8.187006967055859841e-02
1.262658025764028707e+03	2.297055674291968719e-01	1.689144569161626364e-01	2.541839020176026032e-01	1.555094185691520692e-01	8.295402349806225983e-02	2.680780436259068075e-02	8.192482720683422204e-02
1.264109356828125556e+03	2.294889117372371501e-01	1.688433509665495935e-01	2.542820657627591907e-01	1.555875130327658840e-01	8.301088045092325229e-02	2.680780436259068075e-02	8.197947368677557800e-02
1.265560687892221949e+03	2.292727116084792016e-01	1.687723269518544289e-01	2.543801096598845013e-01	1.556654915047037957e-01	8.306754657723629254e-02	2.680780436259068075e-02	8.203400933485252566e-02
1.267012018956318798e+03	2.290569661139545687e-01	1.687013847067321826e-01	2.544780337981580320e-01	1.557433540680298045e-01	8.312402257491403879e-02	2.680780436259068075e-02	8.208843437522204967e-02
1.268463350020415419e+03	2.288416743265973274e-01	1.686305240663486249e-01	2.545758382657766217e-01	1.558211008075425508e-01	8.318030913901201806e-02	2.680780436259068075e-02	8.214274903173350573e-02
1.269914681084511813e+03	2.286268353212391191e-01	1.685597448663782305e-01	2.546735231499961394e-01	1.558987318097218022e-01	8.323640696174182396e-02	2.680780436259068075e-02	8.219695352793350562e-02
1.271366012148608434e+03	2.284124481746044044e-01	1.684890469430021520e-01	2.547710885371721190e-01	1.559762471626771618e-01	8.329231673248424506e-02	2.680780436259068075e-02	8.225104808707049686e-02
1.272817343212705055e+03	2.281985119653056615e-01	1.684184301329062772e-01	2.548685345127990609e-01	1.560536469560982187e-01	8.334803913780240714e-02	2.680780436259068075e-02	8.230503293209895377e-02
1.274268674276801676e+03	2.279850257738387509e-01	1.683478942732794525e-01	2.549658611615482351e-01	1.561309312812060590e-01	8.340357486145477672e-02	2.680780436259068075e-02	8.235890828568334654e-02
1.275720005340898297e+03	2.277719886825780304e-01	1.682774392018112908e-01	2.550630685673048181e-01	1.562081002307066646e-01	8.345892458440810902e-02	2.680780436259068075e-02	8.241267437020179110e-02
1.277171336404994690e+03	2.275593997757718590e-01	1.682070647566903665e-01	2.551601568132031983e-01	1.562851538987455047e-01	8.351408898485039589e-02	2.680780436259068075e-02	8.246633140774935200e-02
1.278622667469091539e+03	2.273472581395378223e-01	1.681367707766023289e-01	2.552571259816618920e-01	1.563620923808637098e-01	8.356906873820373061e-02	2.680780436259068075e-02	8.251987962014120659e-02
1.280073998533187932e+03	2.271355628618582367e-01	1.680665571007279591e-01	2.553539761544165176e-01	1.564389157739554670e-01	8.362386451713708924e-02	2.680780436259068075e-02	8.257331922891543441e-02
1.281525329597284326e+03	2.269243130325755697e-01	1.679964235687412544e-01	2.554507074125522692e-01	1.565156241762268585e-01	8.367847699157907049e-02	2.680780436259068075e-02	8.262665045533558461e-02
1.282976660661381175e+03	2.267135077433878876e-01	1.679263700208074861e-01	2.555473198365354470e-01	1.565922176871560878e-01	8.373290682873058000e-02	2.680780436259068075e-02	8.267987352039311844e-02
1.284427991725477568e+03	2.265031460878442759e-01	1.678563962975814228e-01	2.556438135062433226e-01	1.566686964074545663e-01	8.378715469307744523e-02	2.680780436259068075e-02	8.273298864480949089e-02
1.285879322789574417e+03	2.262932271613405100e-01	1.677865022402053596e-01	2.557401885009938924e-01	1.567450604390297486e-01	8.384122124640301654e-02	2.680780436259068075e-02	8.278599604903807974e-02
1.287330653853671038e+03	2.260837500611144468e-01	1.677166876903072590e-01	2.558364448995738560e-01	1.568213098849485787e-01	8.389510714780060163e-02	2.680780436259068075e-02	8.283889595326590638e-02
1.288781984917767431e+03	2.258747138862417514e-01	1.676469524899989461e-01	2.559325827802663711e-01	1.568974448494025176e-01	8.394881305368595559e-02	2.680780436259068075e-02	8.289168857741513463e-02
1.290233315981864052e+03	2.256661177376314831e-01	1.675772964818742217e-01	2.560286022208774770e-01	1.569734654376733762e-01	8.400233961780967373e-02	2.680780436259068075e-02	8.294437414114450013e-02
