1.001418434226643626e+03	2.770896366394017263e-01	1.833096609154478973e-01	2.341238717562348637e-01	1.399706781070350903e-01	6.876310838180105245e-02	2.676721454390551536e-02	6.997582965577617276e-02
1.002869765290740247e+03	2.767695346444155047e-01	1.832249711946282722e-01	2.342580704323132812e-01	1.400545124675099395e-01	6.886611296434458351e-02	2.676721454390551536e-02	7.005958375248523551e-02
1.004321096354836754e+03	2.764501206458496729e-01	1.831403930356253484e-01	2.343917192023759477e-01	1.401388634530164046e-01	6.896860556581985158e-02	2.676721454390551536e-02	7.014308355300953590e-02
1.005772427418933376e+03	2.761313928868027734e-01	1.830559260896468809e-01	2.345248324029335918e-01	1.402237113874801044e-01	6.907058967548029838e-02	2.676721454390551536e-02	7.022633301335320932e-02
1.007223758483029997e+03	2.758133496232868520e-01	1.829715700100030540e-01	2.346574239259386352e-01	1.403090371945587000e-01	6.917206875384722398e-02	2.676721454390551536e-02	7.030933594806230980e-02
1.008675089547126618e+03	2.754959891239360248e-01	1.828873244520896890e-01	2.347895072323541443e-01	1.403948223792345074e-01	6.927304623293135954e-02	2.676721454390551536e-02	7.039209603515106384e-02
1.010126420611223239e+03	2.751793096697224272e-01	1.828031890733716192e-01	2.349210953653067535e-01	1.404810490099753784e-01	6.937352551645459275e-02	2.676721454390551536e-02	7.047461682086608725e-02
1.011577751675319632e+03	2.748633095536807125e-01	1.827191635333660913e-01	2.350522009628373543e-01	1.405676997014470575e-01	6.947350998007180423e-02	2.676721454390551536e-02	7.055690172429390783e-02
1.013029082739416367e+03	2.745479870806407652e-01	1.826352474936263348e-01	2.351828362702611808e-01	1.406547575977593889e-01	6.957300297159270397e-02	2.676721454390551536e-02	7.063895404181659565e-02
1.014480413803512761e+03	2.742333405669678537e-01	1.825514406177253524e-01	2.353130131521497803e-01	1.407422063562298598e-01	6.967200781120362618e-02	2.676721454390551536e-02	7.072077695142055254e-02
1.015931744867609382e+03	2.739193683403101653e-01	1.824677425712396828e-01	2.354427431039461116e-01	1.408300301316488534e-01	6.977052779168907426e-02	2.676721454390551536e-02	7.080237351686306801e-02
1.017383075931706003e+03	2.736060687393539470e-01	1.823841530217334972e-01	2.355720372632246207e-01	1.409182135610307085e-01	6.986856617865308539e-02	2.676721454390551536e-02	7.088374669170105502e-02
1.018834406995802851e+03	2.732934401135852509e-01	1.823006716387425841e-01	2.357009064206066207e-01	1.410067417488355679e-01	6.996612621074027594e-02	2.676721454390551536e-02	7.096489932318666982e-02
1.020285738059899245e+03	2.729814808230587309e-01	1.822172980937586118e-01	2.358293610303419385e-01	1.410956002526475295e-01	7.006321109985647055e-02	2.676721454390551536e-02	7.104583415603372976e-02
1.021737069123995752e+03	2.726701892381729886e-01	1.821340320602135299e-01	2.359574112205670704e-01	1.411847750692951098e-01	7.015982403138892876e-02	2.676721454390551536e-02	7.112655383605935577e-02
1.023188400188092373e+03	2.723595637394525815e-01	1.820508732134639984e-01	2.360850668032498101e-01	1.412742526213999761e-01	7.025596816442597481e-02	2.676721454390551536e-02	7.120706091370468394e-02
1.024639731252188767e+03	2.720496027173357478e-01	1.819678212307761500e-01	2.362123372838296209e-01	1.413640197443408741e-01	7.035164663197612800e-02	2.676721454390551536e-02	7.128735784743849002e-02
1.026091062316285615e+03	2.717403045719686272e-01	1.818848757913101299e-01	2.363392318705639095e-01	1.414540636736201229e-01	7.044686254118653901e-02	2.676721454390551536e-02	7.136744700704765465e-02
1.027542393380382237e+03	2.714316677130051980e-01	1.818020365761051915e-01	2.364657594835883059e-01	1.415443720326196586e-01	7.054161897356077404e-02	2.676721454390551536e-02	7.144733067681788286e-02
1.028993724444478858e+03	2.711236905594126001e-01	1.817193032680645137e-01	2.365919287637004986e-01	1.416349328207351654e-01	7.063591898517582179e-02	2.676721454390551536e-02	7.152701105860839736e-02
1.030445055508575479e+03	2.708163715392825077e-01	1.816366755519404907e-01	2.367177480808757284e-01	1.417257344018761356e-01	7.072976560689832326e-02	2.676721454390551536e-02	7.160649027482382523e-02
1.031896386572671872e+03	2.705097090896474432e-01	1.815541531143198273e-01	2.368432255425222677e-01	1.418167654933207289e-01	7.082316184459995501e-02	2.676721454390551536e-02	7.168577037128674723e-02
1.033347717636768493e+03	2.702037016563024197e-01	1.814717356436090778e-01	2.369683690014848798e-01	1.419080151549146074e-01	7.091611067937195201e-02	2.676721454390551536e-02	7.176485332001400486e-02
1.034799048700865114e+03	2.698983476936316350e-01	1.813894228300200473e-01	2.370931860638041955e-01	1.419994727786026145e-01	7.100861506773860354e-02	2.676721454390551536e-02	7.184374102189987343e-02
1.036250379764961508e+03	2.695936456644397183e-01	1.813072143655554969e-01	2.372176840962391398e-01	1.420911280782834740e-01	7.110067794186993029e-02	2.676721454390551536e-02	7.192243530930919615e-02
1.037701710829058356e+03	2.692895940397884713e-01	1.812251099439947666e-01	2.373418702335599040e-01	1.421829710799773772e-01	7.119230220979320956e-02	2.676721454390551536e-02	7.200093794858318519e-02
1.039153041893154750e+03	2.689861912988373294e-01	1.811431092608798699e-01	2.374657513856187063e-01	1.422749921122966055e-01	7.128349075560354298e-02	2.676721454390551536e-02	7.207925064246090141e-02
1.040604372957251599e+03	2.686834359286888185e-01	1.810612120135012826e-01	2.375893342442046419e-01	1.423671817972099463e-01	7.137424643967334170e-02	2.676721454390551536e-02	7.215737503241899387e-02
1.042055704021347992e+03	2.683813264242380647e-01	1.809794179008842041e-01	2.377126252896898939e-01	1.424595310410918525e-01	7.146457209886060424e-02	2.676721454390551536e-02	7.223531270093244694e-02
1.043507035085444613e+03	2.680798612880267440e-01	1.808977266237747628e-01	2.378356307974730521e-01	1.425520310260474655e-01	7.155447054671620899e-02	2.676721454390551536e-02	7.231306517365883313e-02
1.044958366149541234e+03	2.677790390301010293e-01	1.808161378846263323e-01	2.379583568442264208e-01	1.426446732015049235e-01	7.164394457368990221e-02	2.676721454390551536e-02	7.239063392154845844e-02
1.046409697213637855e+03	2.674788581678733124e-01	1.807346513875860983e-01	2.380808093139527015e-01	1.427374492760667690e-01	7.173299694733517584e-02	2.676721454390551536e-02	7.246802036288303717e-02
1.047861028277734476e+03	2.671793172259878113e-01	1.806532668384815687e-01	2.382029939038575461e-01	1.428303512096124328e-01	7.182163041251286850e-02	2.676721454390551536e-02	7.254522586524489447e-02
1.049312359341831097e+03	2.668804147361901191e-01	1.805719839448073905e-01	2.383249161300430297e-01	1.429233712056438566e-01	7.190984769159354528e-02	2.676721454390551536e-02	7.262225174741920863e-02
1.050763690405927491e+03	2.665821492372000834e-01	1.804908024157120816e-01	2.384465813330278738e-01	1.430165017038671216e-01	7.199765148465862852e-02	2.676721454390551536e-02	7.269909928123140241e-02
1.052215021470024112e+03	2.662845192745883494e-01	1.804097219619851533e-01	2.385679946830997211e-01	1.431097353730022559e-01	7.208504446970018242e-02	2.676721454390551536e-02	7.277576969332159862e-02
1.053666352534120733e+03	2.659875234006561784e-01	1.803287422960440090e-01	2.386891611855045392e-01	1.432030651038146141e-01	7.217202930281946260e-02	2.676721454390551536e-02	7.285226416685845752e-02
1.055117683598217127e+03	2.656911601743187079e-01	1.802478631319211488e-01	2.388100856854781517e-01	1.432964840023608355e-01	7.225860861842411942e-02	2.676721454390551536e-02	7.292858384319428344e-02
1.056569014662313975e+03	2.653954281609913757e-01	1.801670841852515970e-01	2.389307728731248082e-01	1.433899853834423865e-01	7.234478502942399969e-02	2.676721454390551536e-02	7.300472982346312145e-02
1.058020345726410369e+03	2.651003259324791750e-01	1.800864051732602444e-01	2.390512272881471501e-01	1.434835627642610800e-01	7.243056112742572716e-02	2.676721454390551536e-02	7.308070317012395345e-02
1.059471676790506763e+03	2.648058520668694626e-01	1.800058258147492762e-01	2.391714533244328200e-01	1.435772098582693557e-01	7.251593948292572867e-02	2.676721454390551536e-02	7.315650490845065912e-02
1.060923007854603611e+03	2.645120051484270984e-01	1.799253458300859865e-01	2.392914552345014323e-01	1.436709205692102143e-01	7.260092264550206675e-02	2.676721454390551536e-02	7.323213602797049027e-02
1.062374338918700232e+03	2.642187837674928597e-01	1.798449649411904272e-01	2.394112371338165124e-01	1.437646889853399779e-01	7.268551314400475971e-02	2.676721454390551536e-02	7.330759748385275165e-02
1.063825669982796853e+03	2.639261865203844093e-01	1.797646828715232237e-01	2.395308030049662917e-01	1.438585093738292686e-01	7.276971348674474149e-02	2.676721454390551536e-02	7.338289019824928427e-02
1.065277001046893474e+03	2.636342120092999841e-01	1.796844993460737228e-01	2.396501567017178813e-01	1.439523761753358500e-01	7.285352616168139228e-02	2.676721454390551536e-02	7.345801506158837479e-02
1.066728332110990095e+03	2.633428588422246364e-01	1.796044140913478637e-01	2.397693019529480718e-01	1.440462839987443899e-01	7.293695363660866737e-02	2.676721454390551536e-02	7.353297293382361766e-02
1.068179663175086489e+03	2.630521256328389734e-01	1.795244268353564654e-01	2.398882423664549790e-01	1.441402276160680396e-01	7.301999835933974115e-02	2.676721454390551536e-02	7.360776464563907606e-02
1.069630994239183110e+03	2.627620110004305065e-01	1.794445373076035688e-01	2.400069814326539486e-01	1.442342019575065248e-01	7.310266275789034651e-02	2.676721454390551536e-02	7.368239099961240712e-02
1.071082325303279504e+03	2.624725135698071643e-01	1.793647452390746688e-01	2.401255225281614947e-01	1.443282021066564225e-01	7.318494924066049068e-02	2.676721454390551536e-02	7.375685277133710305e-02
1.072533656367376352e+03	2.621836319712131935e-01	1.792850503622254177e-01	2.402438689192703536e-01	1.444222232958682073e-01	7.326686019661489413e-02	2.676721454390551536e-02	7.383115071050531941e-02
1.073984987431472746e+03	2.618953648402472800e-01	1.792054524109700786e-01	2.403620237653193437e-01	1.445162609017461575e-01	7.334839799546183370e-02	2.676721454390551536e-02	7.390528554195259503e-02
1.075436318495569594e+03	2.616077108177830568e-01	1.791259511206703681e-01	2.404799901219610014e-01	1.446103104407865936e-01	7.342956498783068109e-02	2.676721454390551536e-02	7.397925796666560139e-02
1.076887649559666215e+03	2.613206685498912774e-01	1.790465462281241038e-01	2.405977709443301027e-01	1.447043675651496497e-01	7.351036350544787323e-02	2.676721454390551536e-02	7.405306866275426780e-02
1.078338980623762609e+03	2.610342366877642650e-01	1.789672374715542968e-01	2.407153690901165100e-01	1.447984280585613015e-01	7.359079586131142547e-02	2.676721454390551536e-02	7.412671828638940641e-02
1.079790311687859230e+03	2.607484138876425273e-01	1.788880245905980493e-01	2.408327873225446780e-01	1.448924878323409327e-01	7.367086434986408472e-02	2.676721454390551536e-02	7.420020747270694716e-02
1.081241642751955851e+03	2.604631988107430351e-01	1.788089073262957296e-01	2.409500283132628984e-01	1.449865429215507484e-01	7.375057124716491441e-02	2.676721454390551536e-02	7.427353683667992090e-02
1.082692973816052472e+03	2.601785901231893905e-01	1.787298854210801757e-01	2.410670946451453633e-01	1.450805894812635943e-01	7.382991881105946397e-02	2.676721454390551536e-02	7.434670697395930061e-02
1.084144304880149093e+03	2.598945864959438801e-01	1.786509586187659815e-01	2.411839888150092703e-01	1.451746237829450170e-01	7.390890928134852267e-02	2.676721454390551536e-02	7.441971846168463078e-02
1.085595635944245487e+03	2.596111866047415284e-01	1.785721266645389493e-01	2.413007132362496310e-01	1.452686422109464304e-01	7.398754487995530538e-02	2.676721454390551536e-02	7.449257185926548563e-02
1.087046967008342108e+03	2.593283891300252053e-01	1.784933893049455433e-01	2.414172702413946436e-01	1.453626412591056960e-01	7.406582781109131985e-02	2.676721454390551536e-02	7.456526770913482483e-02
1.088498298072438729e+03	2.590461927568833422e-01	1.784147462878826196e-01	2.415336620845836557e-01	1.454566175274519813e-01	7.414376026142065201e-02	2.676721454390551536e-02	7.463780653747499605e-02
1.089949629136535123e+03	2.587645961749881485e-01	1.783361973625869901e-01	2.416498909439700471e-01	1.455505677190116476e-01	7.422134440022293278e-02	2.676721454390551536e-02	7.471018885491748085e-02
1.091400960200631971e+03	2.584835980785365472e-01	1.782577422796252364e-01	2.417659589240518936e-01	1.456444886367118663e-01	7.429858237955468125e-02	2.676721454390551536e-02	7.478241515721707755e-02
1.092852291264728365e+03	2.582031971661914449e-01	1.781793807908836624e-01	2.418818680579319091e-01	1.457383771803792416e-01	7.437547633440941275e-02	2.676721454390551536e-02	7.485448592590161765e-02
1.094303622328825213e+03	2.579233921410257757e-01	1.781011126495582741e-01	2.419976203095091927e-01	1.458322303438302214e-01	7.445202838287612312e-02	2.676721454390551536e-02	7.492640162889772915e-02
1.095754953392921607e+03	2.576441817104668242e-01	1.780229376101447325e-01	2.421132175756049998e-01	1.459260452120506868e-01	7.452824062629645474e-02	2.676721454390551536e-02	7.499816272113367377e-02
1.097206284457018228e+03	2.573655645862426011e-01	1.779448554284286665e-01	2.422286616880238996e-01	1.460198189584618611e-01	7.460411514942036360e-02	2.676721454390551536e-02	7.506976964511999362e-02
1.098657615521114849e+03	2.570875394843293305e-01	1.778668658614757925e-01	2.423439544155532588e-01	1.461135488422698747e-01	7.467965402056046809e-02	2.676721454390551536e-02	7.514122283150861947e-02
1.100108946585211470e+03	2.568101051249004896e-01	1.777889686676224212e-01	2.424590974659020792e-01	1.462072322058962925e-01	7.475485929174480182e-02	2.676721454390551536e-02	7.521252269963127346e-02
1.101560277649308091e+03	2.565332602322766831e-01	1.777111636064656885e-01	2.425740924875814386e-01	1.463008664724874675e-01	7.482973299886828966e-02	2.676721454390551536e-02	7.528366965801773503e-02
1.103011608713404712e+03	2.562570035348772923e-01	1.776334504388542568e-01	2.426889410717281981e-01	1.463944491434999440e-01	7.490427716184279439e-02	2.676721454390551536e-02	7.535466410489480293e-02
1.104462939777501106e+03	2.559813337651727916e-01	1.775558289268787671e-01	2.428036447538738374e-01	1.464879777963596086e-01	7.497849378474577553e-02	2.676721454390551536e-02	7.542550642866653610e-02
1.105914270841597499e+03	2.557062496596387846e-01	1.774782988338626244e-01	2.429182050156597772e-01	1.465814500821923660e-01	7.505238485596744946e-02	2.676721454390551536e-02	7.549619700837628677e-02
1.107365601905694348e+03	2.554317499587107076e-01	1.774008599243527551e-01	2.430326232865014369e-01	1.466748637236243713e-01	7.512595234835668656e-02	2.676721454390551536e-02	7.556673621415140041e-02
1.108816932969790741e+03	2.551578334067399201e-01	1.773235119641104196e-01	2.431469009452016106e-01	1.467682165126490967e-01	7.519919821936546511e-02	2.676721454390551536e-02	7.563712440763091516e-02
1.110268264033887590e+03	2.548844987519506833e-01	1.772462547201021921e-01	2.432610393215157429e-01	1.468615063085598749e-01	7.527212441119197905e-02	2.676721454390551536e-02	7.570736194237698280e-02
1.111719595097984211e+03	2.546117447463984718e-01	1.771690879604909952e-01	2.433750396976697983e-01	1.469547310359452796e-01	7.534473285092237183e-02	2.676721454390551536e-02	7.577744916427055222e-02
1.113170926162080832e+03	2.543395701459288949e-01	1.770920114546272461e-01	2.434889033098326105e-01	1.470478886827458198e-01	7.541702545067112406e-02	2.676721454390551536e-02	7.584738641189180119e-02
1.114622257226177226e+03	2.540679737101378954e-01	1.770150249730399472e-01	2.436026313495439077e-01	1.471409772983698350e-01	7.548900410772003966e-02	2.676721454390551536e-02	7.591717401688587163e-02
1.116073588290273847e+03	2.537969542023328917e-01	1.769381282874279426e-01	2.437162249650992873e-01	1.472339949918669288e-01	7.556067070465596891e-02	2.676721454390551536e-02	7.598681230431442168e-02
1.117524919354370468e+03	2.535265103894946970e-01	1.768613211706514532e-01	2.438296852628936973e-01	1.473269399301569971e-01	7.563202710950715779e-02	2.676721454390551536e-02	7.605630159299342496e-02
1.118976250418467089e+03	2.532566410422404379e-01	1.767846033967233055e-01	2.439430133087243380e-01	1.474198103363132395e-01	7.570307517587826496e-02	2.676721454390551536e-02	7.612564219581779978e-02
1.120427581482563710e+03	2.529873449347872505e-01	1.767079747408005219e-01	2.440562101290547348e-01	1.475126044878976028e-01	7.577381674308411585e-02	2.676721454390551536e-02	7.619483442007317364e-02
1.121878912546660331e+03	2.527186208449170857e-01	1.766314349791758553e-01	2.441692767122403962e-01	1.476053207153466829e-01	7.584425363628206906e-02	2.676721454390551536e-02	7.626387856773532425e-02
1.123330243610756725e+03	2.524504675539420706e-01	1.765549838892695178e-01	2.442822140097180017e-01	1.476979574004069484e-01	7.591438766660317528e-02	2.676721454390551536e-02	7.633277493575774120e-02
1.124781574674853118e+03	2.521828838466707579e-01	1.764786212496208540e-01	2.443950229371587290e-01	1.477905129746174828e-01	7.598422063128197623e-02	2.676721454390551536e-02	7.640152381634764123e-02
1.126232905738949967e+03	2.519158685113751517e-01	1.764023468398802086e-01	2.445077043755870538e-01	1.478829859178389938e-01	7.605375431378509632e-02	2.676721454390551536e-02	7.647012549723089525e-02
1.127684236803046360e+03	2.516494203397586782e-01	1.763261604408007943e-01	2.446202591724658260e-01	1.479753747568273714e-01	7.612299048393848799e-02	2.676721454390551536e-02	7.653858026190621389e-02
1.129135567867143209e+03	2.513835381269246549e-01	1.762500618342305592e-01	2.447326881427488443e-01	1.480676780638507939e-01	7.619193089805346986e-02	2.676721454390551536e-02	7.660688838988902183e-02
1.130586898931239830e+03	2.511182206713453713e-01	1.761740508031043595e-01	2.448449920699020954e-01	1.481598944553487451e-01	7.626057729905150184e-02	2.676721454390551536e-02	7.667505015694528470e-02
1.132038229995336451e+03	2.508534667748323344e-01	1.760981271314359664e-01	2.449571717068937948e-01	1.482520225906317490e-01	7.632893141658773917e-02	2.676721454390551536e-02	7.674306583531576020e-02
1.133489561059432845e+03	2.505892752425067926e-01	1.760222906043102664e-01	2.450692277771554239e-01	1.483440611706206003e-01	7.639699496717332339e-02	2.676721454390551536e-02	7.681093569393092346e-02
1.134940892123529466e+03	2.503256448827710368e-01	1.759465410078754621e-01	2.451811609755134569e-01	1.484360089366239255e-01	7.646476965429646611e-02	2.676721454390551536e-02	7.687865999861691335e-02
1.136392223187626087e+03	2.500625745072803663e-01	1.758708781293355505e-01	2.452929719690934152e-01	1.485278646691527149e-01	7.653225716854233918e-02	2.676721454390551536e-02	7.694623901229286078e-02
1.137843554251722708e+03	2.498000629309156673e-01	1.757953017569424958e-01	2.454046613981966940e-01	1.486196271867708252e-01	7.659945918771174367e-02	2.676721454390551536e-02	7.701367299515979314e-02
1.139294885315819101e+03	2.495381089717566003e-01	1.757198116799887910e-01	2.455162298771512985e-01	1.487112953449804265e-01	7.666637737693858534e-02	2.676721454390551536e-02	7.708096220488157291e-02
1.140746216379915950e+03	2.492767114510553716e-01	1.756444076887999639e-01	2.456276779951368228e-01	1.488028680351409783e-01	7.673301338880618438e-02	2.676721454390551536e-02	7.714810689675796751e-02
1.142197547444012343e+03	2.490158691932110591e-01	1.755690895747272218e-01	2.457390063169850314e-01	1.488943441834212622e-01	7.679936886346244718e-02	2.676721454390551536e-02	7.721510732389033627e-02
1.143648878508108737e+03	2.487555810257445210e-01	1.754938571301399297e-01	2.458502153839563220e-01	1.489857227497828063e-01	7.686544542873377517e-02	2.676721454390551536e-02	7.728196373734004532e-02
1.145100209572205586e+03	2.484958457792738329e-01	1.754187101484185329e-01	2.459613057144929005e-01	1.490770027269943399e-01	7.693124470023794681e-02	2.676721454390551536e-02	7.734867638627983266e-02
1.146551540636302207e+03	2.482366622874903339e-01	1.753436484239472570e-01	2.460722778049496129e-01	1.491681831396758362e-01	7.699676828149573660e-02	2.676721454390551536e-02	7.741524551813860899e-02
1.148002871700398828e+03	2.479780293871351182e-01	1.752686717521069748e-01	2.461831321303025455e-01	1.492592630433715595e-01	7.706201776404154880e-02	2.676721454390551536e-02	7.748167137873972210e-02
1.149454202764495449e+03	2.477199459179758312e-01	1.751937799292680453e-01	2.462938691448369466e-01	1.493502415236510061e-01	7.712699472753278829e-02	2.676721454390551536e-02	7.754795421243287912e-02
1.150905533828591842e+03	2.474624107227844094e-01	1.751189727527833473e-01	2.464044892828140820e-01	1.494411176952372133e-01	7.719170073985819058e-02	2.676721454390551536e-02	7.761409426222024011e-02
1.152356864892688463e+03	2.472054226473148486e-01	1.750442500209814234e-01	2.465149929591185229e-01	1.495318907011611020e-01	7.725613735724508324e-02	2.676721454390551536e-02	7.768009176987657194e-02
1.153808195956785084e+03	2.469489805402816374e-01	1.749696115331593749e-01	2.466253805698857549e-01	1.496225597119414663e-01	7.732030612436545380e-02	2.676721454390551536e-02	7.774594697606385107e-02
1.155259527020881706e+03	2.466930832533387463e-01	1.748950570895762002e-01	2.467356524931112738e-01	1.497131239247896928e-01	7.738420857444106016e-02	2.676721454390551536e-02	7.781166012044055114e-02
1.156710858084978327e+03	2.464377296410587281e-01	1.748205864914459673e-01	2.468458090892414747e-01	1.498035825628383499e-01	7.744784622934737517e-02	2.676721454390551536e-02	7.787723144176565693e-02
1.158162189149074720e+03	2.461829185609125947e-01	1.747461995409309854e-01	2.469558507017466376e-01	1.498939348743931199e-01	7.751122059971651823e-02	2.676721454390551536e-02	7.794266117799773796e-02
1.159613520213171569e+03	2.459286488732498055e-01	1.746718960411353383e-01	2.470657776576770104e-01	1.499841801322071289e-01	7.757433318503913211e-02	2.676721454390551536e-02	7.800794956638917865e-02
1.161064851277267962e+03	2.456749194412788662e-01	1.745976757960981951e-01	2.471755902682023776e-01	1.500743176327771489e-01	7.763718547376519119e-02	2.676721454390551536e-02	7.807309684357584267e-02
1.162516182341364356e+03	2.454217291310482885e-01	1.745235386107872322e-01	2.472852888291351137e-01	1.501643466956609496e-01	7.769977894340383828e-02	2.676721454390551536e-02	7.813810324566218546e-02
1.163967513405461204e+03	2.451690768114278274e-01	1.744494842910922217e-01	2.473948736214380273e-01	1.502542666628152168e-01	7.776211506062211121e-02	2.676721454390551536e-02	7.820296900830220332e-02
1.165418844469557826e+03	2.449169613540901347e-01	1.743755126438185921e-01	2.475043449117168004e-01	1.503440768979532605e-01	7.782419528134276732e-02	2.676721454390551536e-02	7.826769436677608049e-02
1.166870175533654447e+03	2.446653816334928566e-01	1.743016234766810446e-01	2.476137029526978006e-01	1.504337767859219577e-01	7.788602105084102556e-02	2.676721454390551536e-02	7.833227955606301973e-02
1.168321506597751068e+03	2.444143365268609258e-01	1.742278165982972526e-01	2.477229479836915715e-01	1.505233657320974860e-01	7.794759380384032321e-02	2.676721454390551536e-02	7.839672481091020106e-02
1.169772837661847461e+03	2.441638249141693251e-01	1.741540918181815611e-01	2.478320802310426119e-01	1.506128431617991537e-01	7.800891496460712893e-02	2.676721454390551536e-02	7.846103036589799351e-02
1.171224168725944082e+03	2.439138456781261566e-01	1.740804489467388805e-01	2.479410999085655543e-01	1.507022085197206596e-01	7.806998594704479821e-02	2.676721454390551536e-02	7.852519645550171123e-02
1.172675499790040703e+03	2.436643977041560716e-01	1.740068877952584969e-01	2.480500072179684101e-01	1.507914612693784795e-01	7.813080815478638808e-02	2.676721454390551536e-02	7.858922331414992801e-02
1.174126830854137097e+03	2.434154798803838393e-01	1.739334081759079109e-01	2.481588023492631578e-01	1.508806008925767939e-01	7.819138298128656961e-02	2.676721454390551536e-02	7.865311117627953041e-02
1.175578161918233945e+03	2.431670910976183597e-01	1.738600099017269252e-01	2.482674854811641463e-01	1.509696268888881809e-01	7.825171180991262465e-02	2.676721454390551536e-02	7.871686027638759298e-02
1.177029492982330339e+03	2.429192302493369815e-01	1.737866927866215383e-01	2.483760567814743969e-01	1.510585387751501307e-01	7.831179601403444324e-02	2.676721454390551536e-02	7.878047084908031128e-02
1.178480824046426733e+03	2.426718962316701811e-01	1.737134566453581164e-01	2.484845164074606927e-01	1.511473360849762693e-01	7.837163695711366063e-02	2.676721454390551536e-02	7.884394312911889580e-02
1.179932155110523581e+03	2.424250879433862693e-01	1.736403012935574808e-01	2.485928645062171483e-01	1.512360183682822934e-01	7.843123599279183678e-02	2.676721454390551536e-02	7.890727735146280120e-02
1.181383486174620202e+03	2.421788042858766532e-01	1.735672265476889686e-01	2.487011012150180389e-01	1.513245851908261719e-01	7.849059446497773374e-02	2.676721454390551536e-02	7.897047375131024949e-02
1.182834817238716823e+03	2.419330441631411810e-01	1.734942322250648261e-01	2.488092266616602211e-01	1.514130361337617525e-01	7.854971370793376040e-02	2.676721454390551536e-02	7.903353256413603312e-02
1.184286148302813444e+03	2.416878064817739036e-01	1.734213181438343798e-01	2.489172409647951167e-01	1.515013707932059139e-01	7.860859504636140416e-02	2.676721454390551536e-02	7.909645402572709760e-02
1.185737479366910065e+03	2.414430901509488914e-01	1.733484841229782913e-01	2.490251442342509280e-01	1.515895887798182906e-01	7.866723979548589929e-02	2.676721454390551536e-02	7.915923837221552906e-02
1.187188810431006686e+03	2.411988940824064676e-01	1.732757299823031172e-01	2.491329365713451371e-01	1.516776897183937933e-01	7.872564926113999328e-02	2.676721454390551536e-02	7.922188584010933510e-02
1.188640141495103080e+03	2.409552171904396634e-01	1.732030555424355911e-01	2.492406180691877082e-01	1.517656732474669812e-01	7.878382473984683887e-02	2.676721454390551536e-02	7.928439666632111638e-02
1.190091472559199701e+03	2.407120583918807843e-01	1.731304606248170452e-01	2.493481888129752688e-01	1.518535390189283685e-01	7.884176751890201174e-02	2.676721454390551536e-02	7.934677108819448987e-02
1.191542803623296322e+03	2.404694166060883931e-01	1.730579450516980533e-01	2.494556488802763261e-01	1.519412866976518339e-01	7.889947887645477886e-02	2.676721454390551536e-02	7.940900934352865259e-02
1.192994134687392716e+03	2.402272907549342917e-01	1.729855086461328517e-01	2.495629983413082953e-01	1.520289159611332708e-01	7.895696008158842316e-02	2.676721454390551536e-02	7.947111167060090520e-02
1.194445465751489564e+03	2.399856797627910321e-01	1.729131512319741493e-01	2.496702372592058128e-01	1.521164264991398674e-01	7.901421239439983257e-02	2.676721454390551536e-02	7.953307830818734381e-02
1.195896796815585958e+03	2.397445825565192867e-01	1.728408726338675760e-01	2.497773656902813610e-01	1.522038180133697682e-01	7.907123706607815938e-02	2.676721454390551536e-02	7.959490949558188644e-02
1.197348127879682352e+03	2.395039980654556366e-01	1.727686726772464376e-01	2.498843836842779831e-01	1.522910902171216718e-01	7.912803533898285502e-02	2.676721454390551536e-02	7.965660547261346758e-02
1.198799458943779200e+03	2.392639252214006085e-01	1.726965511883265247e-01	2.499912912846143365e-01	1.523782428349742535e-01	7.918460844672073340e-02	2.676721454390551536e-02	7.971816647966163683e-02
1.200250790007875821e+03	2.390243629586066842e-01	1.726245079941008398e-01	2.500980885286225308e-01	1.524652756024751088e-01	7.924095761422231265e-02	2.676721454390551536e-02	7.977959275767065872e-02
1.201702121071972442e+03	2.387853102137667549e-01	1.725525429223344620e-01	2.502047754477788044e-01	1.525521882658386341e-01	7.929708405781740743e-02	2.676721454390551536e-02	7.984088454816211378e-02
1.203153452136069063e+03	2.385467659260025741e-01	1.724806558015593294e-01	2.503113520679273174e-01	1.526389805816530942e-01	7.935298898530986078e-02	2.676721454390551536e-02	7.990204209324601459e-02
1.204604783200165684e+03	2.383087290368534616e-01	1.724088464610693539e-01	2.504178184094972281e-01	1.527256523165959612e-01	7.940867359605160991e-02	2.676721454390551536e-02	7.996306563563060354e-02
1.206056114264262078e+03	2.380711984902652845e-01	1.723371147309152029e-01	2.505241744877131360e-01	1.528122032471578295e-01	7.946413908101594703e-02	2.676721454390551536e-02	8.002395541863084605e-02
1.207507445328358699e+03	2.378341732325793823e-01	1.722654604418994151e-01	2.506304203127993624e-01	1.528986331593743808e-01	7.951938662287003079e-02	2.676721454390551536e-02	8.008471168617570246e-02
1.208958776392455093e+03	2.375976522125218537e-01	1.721938834255713757e-01	2.507365558901781255e-01	1.529849418485661194e-01	7.957441739604662057e-02	2.676721454390551536e-02	8.014533468281420658e-02
1.210410107456551941e+03	2.373616343811929819e-01	1.721223835142224323e-01	2.508425812206615535e-01	1.530711291190858803e-01	7.962923256681518625e-02	2.676721454390551536e-02	8.020582465372030900e-02
1.211861438520648335e+03	2.371261186920567698e-01	1.720509605408810649e-01	2.509484963006380909e-01	1.531571947840734693e-01	7.968383329335217147e-02	2.676721454390551536e-02	8.026618184469680450e-02
1.213312769584745183e+03	2.368911041009306162e-01	1.719796143393080012e-01	2.510543011222533538e-01	1.532431386652176319e-01	7.973822072581064624e-02	2.676721454390551536e-02	8.032640650217813538e-02
1.214764100648841804e+03	2.366565895659751839e-01	1.719083447439914425e-01	2.511599956735854344e-01	1.533289605925250154e-01	7.979239600638916852e-02	2.676721454390551536e-02	8.038649887323218168e-02
1.216215431712937971e+03	2.364225740476844639e-01	1.718371515901422897e-01	2.512655799388147648e-01	1.534146604040956818e-01	7.984636026939995190e-02	2.676721454390551536e-02	8.044645920556121876e-02
1.217666762777034819e+03	2.361890565088759220e-01	1.717660347136895638e-01	2.513710538983893183e-01	1.535002379459052824e-01	7.990011464133640884e-02	2.676721454390551536e-02	8.050628774750184791e-02
1.219118093841131440e+03	2.359560359146807285e-01	1.716949939512756040e-01	2.514764175291843151e-01	1.535856930715934765e-01	7.995366024093997215e-02	2.676721454390551536e-02	8.056598474802423304e-02
1.220569424905228061e+03	2.357235112325343218e-01	1.716240291402514606e-01	2.515816708046574868e-01	1.536710256422585408e-01	8.000699817926616719e-02	2.676721454390551536e-02	8.062555045673037990e-02
1.222020755969324682e+03	2.354914814321668604e-01	1.715531401186723426e-01	2.516868136949994006e-01	1.537562355262578895e-01	8.006012955975015666e-02	2.676721454390551536e-02	8.068498512385176291e-02
1.223472087033421303e+03	2.352599454855940075e-01	1.714823267252930661e-01	2.517918461672793984e-01	1.538413225990143685e-01	8.011305547827143880e-02	2.676721454390551536e-02	8.074428900024613331e-02
1.224923418097517697e+03	2.350289023671078004e-01	1.714115887995634468e-01	2.518967681855870389e-01	1.539262867428282666e-01	8.016577702321807386e-02	2.676721454390551536e-02	8.080346233739374440e-02
1.226374749161614318e+03	2.347983510532674900e-01	1.713409261816239704e-01	2.520015797111693767e-01	1.540111278466945455e-01	8.021829527555018879e-02	2.676721454390551536e-02	8.086250538739278571e-02
1.227826080225710712e+03	2.345682905228907711e-01	1.712703387123012122e-01	2.521062807025638564e-01	1.540958458061254255e-01	8.027061130886273266e-02	2.676721454390551536e-02	8.092141840295433153e-02
1.229277411289807560e+03	2.343387197570448999e-01	1.711998262331035636e-01	2.522108711157273753e-01	1.541804405229781627e-01	8.032272618944780174e-02	2.676721454390551536e-02	8.098020163739659549e-02
1.230728742353903954e+03	2.341096377390380623e-01	1.711293885862167352e-01	2.523153509041611842e-01	1.542649119052876550e-01	8.037464097635614590e-02	2.676721454390551536e-02	8.103885534463868556e-02
1.232180073418000802e+03	2.338810434544107419e-01	1.710590256144995103e-01	2.524197200190322898e-01	1.543492598671039051e-01	8.042635672145820314e-02	2.676721454390551536e-02	8.109737977919381779e-02
1.233631404482097196e+03	2.336529358909273657e-01	1.709887371614794427e-01	2.525239784092910278e-01	1.544334843283341474e-01	8.047787446950441237e-02	2.676721454390551536e-02	8.115577519616203050e-02
1.235082735546193817e+03	2.334253140385679770e-01	1.709185230713485826e-01	2.526281260217849711e-01	1.545175852145894979e-01	8.052919525818495738e-02	2.676721454390551536e-02	8.121404185122246822e-02
1.236534066610290438e+03	2.331981768895199369e-01	1.708483831889591464e-01	2.527321628013693977e-01	1.546015624570359070e-01	8.058032011818894169e-02	2.676721454390551536e-02	8.127218000062515213e-02
1.237985397674387059e+03	2.329715234381697364e-01	1.707783173598195481e-01	2.528360886910143712e-01	1.546854159922494698e-01	8.063125007326295279e-02	2.676721454390551536e-02	8.133018990118238978e-02
1.239436728738483680e+03	2.327453526810951412e-01	1.707083254300900688e-01	2.529399036319087690e-01	1.547691457620757882e-01	8.068198614026894644e-02	2.676721454390551536e-02	8.138807181025978221e-02
1.240888059802580301e+03	2.325196636170571707e-01	1.706384072465787771e-01	2.530436075635606463e-01	1.548527517134933307e-01	8.073252932924170067e-02	2.676721454390551536e-02	8.144582598576692589e-02
1.242339390866676695e+03	2.322944552469922708e-01	1.705685626567374213e-01	2.531472004238948803e-01	1.549362337984807880e-01	8.078288064344563146e-02	2.676721454390551536e-02	8.150345268614761496e-02
1.243790721930773088e+03	2.320697265740045423e-01	1.704987915086574046e-01	2.532506821493477056e-01	1.550195919738879546e-01	8.083304107943098393e-02	2.676721454390551536e-02	8.156095217036991862e-02
1.245242052994869937e+03	2.318454766033581638e-01	1.704290936510657328e-01	2.533540526749585853e-01	1.551028262013105508e-01	8.088301162708956549e-02	2.676721454390551536e-02	8.161832469791584221e-02
1.246693384058966330e+03	2.316217043424699251e-01	1.703594689333211287e-01	2.534573119344585290e-01	1.551859364469682645e-01	8.093279326970981291e-02	2.676721454390551536e-02	8.167557052877071067e-02
1.248144715123063179e+03	2.313984088009016227e-01	1.702899172054098409e-01	2.535604598603565796e-01	1.552689226815865964e-01	8.098238698403142921e-02	2.676721454390551536e-02	8.173268992341234385e-02
1.249596046187159800e+03	2.311755889903527039e-01	1.702204383179419800e-01	2.536634963840227464e-01	1.553517848802816737e-01	8.103179374029934046e-02	2.676721454390551536e-02	8.178968314280000984e-02
1.251047377251256421e+03	2.309532439246529956e-01	1.701510321221474109e-01	2.537664214357692183e-01	1.554345230224485619e-01	8.108101450231729179e-02	2.676721454390551536e-02	8.184655044836303128e-02
1.252498708315352815e+03	2.307313726197555703e-01	1.700816984698720336e-01	2.538692349449283014e-01	1.555171370916525464e-01	8.113005022750070794e-02	2.676721454390551536e-02	8.190329210198940557e-02
1.253950039379449436e+03	2.305099740937295583e-01	1.700124372135738415e-01	2.539719368399284138e-01	1.555996270755235500e-01	8.117890186692917898e-02	2.676721454390551536e-02	8.195990836601405038e-02
1.255401370443546057e+03	2.302890473667531523e-01	1.699432482063192029e-01	2.540745270483674711e-01	1.556819929656534651e-01	8.122757036539839104e-02	2.676721454390551536e-02	8.201639950320692429e-02
1.256852701507642678e+03	2.300685914611065308e-01	1.698741313017790300e-01	2.541770054970841075e-01	1.557642347574963726e-01	8.127605666147150187e-02	2.676721454390551536e-02	8.207276577676106410e-02
1.258304032571739299e+03	2.298486054011651125e-01	1.698050863542250599e-01	2.542793721122265094e-01	1.558463524502715081e-01	8.132436168753005845e-02	2.676721454390551536e-02	8.212900745028042793e-02
1.259755363635835920e+03	2.296290882133926736e-01	1.697361132185261079e-01	2.543816268193189734e-01	1.559283460468689764e-01	8.137248636982438721e-02	2.676721454390551536e-02	8.218512478776761332e-02
1.261206694699932314e+03	2.294100389263345474e-01	1.696672117501444865e-01	2.544837695433268543e-01	1.560102155537579360e-01	8.142043162852344307e-02	2.676721454390551536e-02	8.224111805361149219e-02
1.262658025764028707e+03	2.291914565706110740e-01	1.695983818051322312e-01	2.545858002087188487e-01	1.560919609808976150e-01	8.146819837776432538e-02	2.676721454390551536e-02	8.229698751257469302e-02
1.264109356828125556e+03	2.289733401789109113e-01	1.695296232401275471e-01	2.546877187395278352e-01	1.561735823416503521e-01	8.151578752570108610e-02	2.676721454390551536e-02	8.235273342978111089e-02
1.265560687892221949e+03	2.287556887859845400e-01	1.694609359123511183e-01	2.547895250594092720e-01	1.562550796526975261e-01	8.156319997455323267e-02	2.676721454390551536e-02	8.240835607070315372e-02
1.267012018956318798e+03	2.285385014286377969e-01	1.693923196796026653e-01	2.548912190916982068e-01	1.563364529339573983e-01	8.161043662065367577e-02	2.676721454390551536e-02	8.246385570114915520e-02
1.268463350020415419e+03	2.283217771457254353e-01	1.693237744002573097e-01	2.549928007594639001e-01	1.564177022085054269e-01	8.165749835449623295e-02	2.676721454390551536e-02	8.251923258725059329e-02
1.269914681084511813e+03	2.281055149781448521e-01	1.692552999332621877e-01	2.550942699855633378e-01	1.564988275024966902e-01	8.170438606078264665e-02	2.676721454390551536e-02	8.257448699544923942e-02
1.271366012148608434e+03	2.278897139688297602e-01	1.691868961381327030e-01	2.551956266926925232e-01	1.565798288450903908e-01	8.175110061846917187e-02	2.676721454390551536e-02	8.262961919248441867e-02
1.272817343212705055e+03	2.276743731627439704e-01	1.691185628749494185e-01	2.552968708034362710e-01	1.566607062683765539e-01	8.179764290081270595e-02	2.676721454390551536e-02	8.268462944538013115e-02
1.274268674276801676e+03	2.274594916068753414e-01	1.690503000043543091e-01	2.553980022403162797e-01	1.567414598073045562e-01	8.184401377541639100e-02	2.676721454390551536e-02	8.273951802143218737e-02
1.275720005340898297e+03	2.272450683502295343e-01	1.689821073875475699e-01	2.554990209258379275e-01	1.568220894996137371e-01	8.189021410427493874e-02	2.676721454390551536e-02	8.279428518819535732e-02
1.277171336404994690e+03	2.270311024438240455e-01	1.689139848862841187e-01	2.555999267825352361e-01	1.569025953857657307e-01	8.193624474381935863e-02	2.676721454390551536e-02	8.284893121347053357e-02
1.278622667469091539e+03	2.268175929406822944e-01	1.688459323628703213e-01	2.557007197330145587e-01	1.569829775088787405e-01	8.198210654496126959e-02	2.676721454390551536e-02	8.290345636529186657e-02
1.280073998533187932e+03	2.266045388958276008e-01	1.687779496801605772e-01	2.558013996999962680e-01	1.570632359146636459e-01	8.202780035313692042e-02	2.676721454390551536e-02	8.295786091191399703e-02
1.281525329597284326e+03	2.263919393662773283e-01	1.687100367015541003e-01	2.559019666063561127e-01	1.571433706513616357e-01	8.207332700835061334e-02	2.676721454390551536e-02	8.301214512179916349e-02
1.282976660661381175e+03	2.261797934110371389e-01	1.686421932909916710e-01	2.560024203751641858e-01	1.572233817696836178e-01	8.211868734521782232e-02	2.676721454390551536e-02	8.306630926360457357e-02
1.284427991725477568e+03	2.259681000910951365e-01	1.685744193129522783e-01	2.561027609297228946e-01	1.573032693227512657e-01	8.216388219300785334e-02	2.676721454390551536e-02	8.312035360616958080e-02
1.285879322789574417e+03	2.257568584694162050e-01	1.685067146324499276e-01	2.562029881936040976e-01	1.573830333660396485e-01	8.220891237568604681e-02	2.676721454390551536e-02	8.317427841850305592e-02
1.287330653853671038e+03	2.255460676109363738e-01	1.684390791150305322e-01	2.563031020906843538e-01	1.574626739573212753e-01	8.225377871195566071e-02	2.676721454390551536e-02	8.322808396977077194e-02
1.288781984917767431e+03	2.253357265825570721e-01	1.683715126267685547e-01	2.564031025451792845e-01	1.575421911566117772e-01	8.229848201529933738e-02	2.676721454390551536e-02	8.328177052928285862e-02
1.290233315981864052e+03	2.251258344531397171e-01	1.683040150342640928e-01	2.565029894816767686e-01	1.576215850261168949e-01	8.234302309402014020e-02	2.676721454390551536e-02	8.333533836648127080e-02
