1.001418434226643626e+03	2.768823589405531305e-01	1.836074459570585515e-01	2.341326858304078884e-01	1.400028928318842181e-01	6.873950924207687663e-02	2.656501177457949725e-02	7.007009542303718752e-02
1.002869765290740247e+03	2.765441485414737444e-01	1.835430779574546145e-01	2.342674054190442001e-01	1.400861487124747673e-01	6.883157892342450790e-02	2.656501177457949725e-02	7.016262867114606006e-02
1.004321096354836754e+03	2.762067236375673751e-01	1.834787797503635576e-01	2.344016763781374690e-01	1.401699375929189861e-01	6.892269212128301903e-02	2.656501177457949725e-02	7.025517874474755675e-02
1.005772427418933376e+03	2.758700815831449660e-01	1.834145509146791475e-01	2.345355062438414240e-01	1.402542429476545671e-01	6.901287049230851733e-02	2.656501177457949725e-02	7.034773604338932784e-02
1.007223758483029997e+03	2.755342197630071821e-01	1.833503910382280888e-01	2.346689023773179672e-01	1.403390486495692813e-01	6.910213511424592725e-02	2.656501177457949725e-02	7.044029128264954476e-02
1.008675089547126618e+03	2.751991355917161597e-01	1.832862997175323527e-01	2.348018719688815537e-01	1.404243389601598224e-01	6.919050650175584405e-02	2.656501177457949725e-02	7.053283548497218947e-02
1.010126420611223239e+03	2.748648265128871282e-01	1.832222765575782231e-01	2.349344220420423457e-01	1.405100985199420061e-01	6.927800462180802588e-02	2.656501177457949725e-02	7.062535997076013761e-02
1.011577751675319632e+03	2.745312899984981292e-01	1.831583211715916149e-01	2.350665594574506689e-01	1.405963123391057168e-01	6.936464890865315369e-02	2.656501177457949725e-02	7.071785634971861079e-02
1.013029082739416367e+03	2.741985235482190530e-01	1.830944331808192771e-01	2.351982909167449898e-01	1.406829657884079987e-01	6.945045827838433605e-02	2.656501177457949725e-02	7.081031651244226732e-02
1.014480413803512761e+03	2.738665246887575511e-01	1.830306122143162961e-01	2.353296229663064676e-01	1.407700445902987096e-01	6.953545114309989117e-02	2.656501177457949725e-02	7.090273262223896478e-02
1.015931744867609382e+03	2.735352909732235993e-01	1.829668579087392888e-01	2.354605620009214695e-01	1.408575348102716895e-01	6.961964542467806438e-02	2.656501177457949725e-02	7.099509710718376887e-02
1.017383075931706003e+03	2.732048199805097721e-01	1.829031699081451745e-01	2.355911142673554892e-01	1.409454228484363636e-01	6.970305856817429757e-02	2.656501177457949725e-02	7.108740265239675560e-02
1.018834406995802851e+03	2.728751093146888351e-01	1.828395478637954985e-01	2.357212858678397749e-01	1.410336954313036739e-01	6.978570755485168087e-02	2.656501177457949725e-02	7.117964219253837543e-02
1.020285738059899245e+03	2.725461566044268813e-01	1.827759914339661118e-01	2.358510827634734131e-01	1.411223396037808719e-01	6.986760891485421787e-02	2.656501177457949725e-02	7.127180890451631501e-02
1.021737069123995752e+03	2.722179595024123433e-01	1.827125002837620693e-01	2.359805107775428401e-01	1.412113427213694816e-01	6.994877873953296576e-02	2.656501177457949725e-02	7.136389620039806925e-02
1.023188400188092373e+03	2.718905156848001603e-01	1.826490740849374961e-01	2.361095755987606681e-01	1.413006924425614097e-01	7.002923269343454271e-02	2.656501177457949725e-02	7.145589772052346467e-02
1.024639731252188767e+03	2.715638228506704333e-01	1.825857125157204497e-01	2.362382827844262956e-01	1.413903767214280682e-01	7.010898602596106477e-02	2.656501177457949725e-02	7.154780732681141620e-02
1.026091062316285615e+03	2.712378787215017906e-01	1.825224152606425010e-01	2.363666377635097460e-01	1.414803838003971803e-01	7.018805358271069939e-02	2.656501177457949725e-02	7.163961909625585212e-02
1.027542393380382237e+03	2.709126810406585761e-01	1.824591820103730333e-01	2.364946458396609552e-01	1.415707022032125506e-01	7.026644981650750910e-02	2.656501177457949725e-02	7.173132731460517275e-02
1.028993724444478858e+03	2.705882275728915820e-01	1.823960124615580380e-01	2.366223121941465890e-01	1.416613207280721654e-01	7.034418879812900927e-02	2.656501177457949725e-02	7.182292647022038568e-02
1.030445055508575479e+03	2.702645161038522703e-01	1.823329063166633235e-01	2.367496418887156118e-01	1.417522284409397926e-01	7.042128422673996080e-02	2.656501177457949725e-02	7.191441124810687979e-02
1.031896386572671872e+03	2.699415444396194297e-01	1.822698632838219146e-01	2.368766398683958829e-01	1.418434146690256692e-01	7.049774944004010002e-02	2.656501177457949725e-02	7.200577652411493945e-02
1.033347717636768493e+03	2.696193104062387103e-01	1.822068830766857273e-01	2.370033109642233349e-01	1.419348689944318620e-01	7.057359742413391035e-02	2.656501177457949725e-02	7.209701735930440503e-02
1.034799048700865114e+03	2.692978118492743711e-01	1.821439654142812670e-01	2.371296598959055368e-01	1.420265812479579448e-01	7.064884082312998526e-02	2.656501177457949725e-02	7.218812899446880316e-02
1.036250379764961508e+03	2.689770466333726850e-01	1.820811100208692412e-01	2.372556912744209767e-01	1.421185415030630506e-01	7.072349194847732390e-02	2.656501177457949725e-02	7.227910684481461678e-02
1.037701710829058356e+03	2.686570126418369453e-01	1.820183166258079743e-01	2.373814096045561151e-01	1.422107400699798851e-01	7.079756278804577585e-02	2.656501177457949725e-02	7.236994649479124020e-02
1.039153041893154750e+03	2.683377077762136853e-01	1.819555849634205968e-01	2.375068192873812656e-01	1.423031674899771781e-01	7.087106501495772648e-02	2.656501177457949725e-02	7.246064369306755293e-02
1.040604372957251599e+03	2.680191299558898343e-01	1.818929147728657880e-01	2.376319246226672177e-01	1.423958145297664624e-01	7.094400999617771209e-02	2.656501177457949725e-02	7.255119434765093522e-02
1.042055704021347992e+03	2.677012771177008643e-01	1.818303057980122095e-01	2.377567298112440164e-01	1.424886721760493802e-01	7.101640880086672325e-02	2.656501177457949725e-02	7.264159452114478388e-02
1.043507035085444613e+03	2.673841472155484844e-01	1.817677577873161310e-01	2.378812389573030373e-01	1.425817316302021576e-01	7.108827220850752471e-02	2.656501177457949725e-02	7.273184042614064260e-02
1.044958366149541234e+03	2.670677382200291050e-01	1.817052704937025531e-01	2.380054560706442446e-01	1.426749843030934717e-01	7.115961071680730610e-02	2.656501177457949725e-02	7.282192842074124151e-02
1.046409697213637855e+03	2.667520481180718495e-01	1.816428436744495223e-01	2.381293850688695757e-01	1.427684218100322699e-01	7.123043454938388086e-02	2.656501177457949725e-02	7.291185500421075438e-02
1.047861028277734476e+03	2.664370749125861138e-01	1.815804770910755261e-01	2.382530297795239504e-01	1.428620359658423766e-01	7.130075366324109543e-02	2.656501177457949725e-02	7.300161681274873471e-02
1.049312359341831097e+03	2.661228166221182856e-01	1.815181705092301645e-01	2.383763939421852940e-01	1.429558187800603064e-01	7.137057775603949938e-02	2.656501177457949725e-02	7.309121061538427500e-02
1.050763690405927491e+03	2.658092712805175672e-01	1.814559236985875401e-01	2.384994812105046547e-01	1.430497624522533151e-01	7.143991627316770288e-02	2.656501177457949725e-02	7.318063330998701710e-02
1.052215021470024112e+03	2.654964369366107912e-01	1.813937364327427304e-01	2.386222951541978055e-01	1.431438593674548287e-01	7.150877841461995843e-02	2.656501177457949725e-02	7.326988191939173833e-02
1.053666352534120733e+03	2.651843116538852851e-01	1.813316084891110069e-01	2.387448392609894665e-01	1.432381020917133096e-01	7.157717314168529632e-02	2.656501177457949725e-02	7.335895358763344642e-02
1.055117683598217127e+03	2.648728935101806181e-01	1.812695396488298305e-01	2.388671169385113424e-01	1.433324833677529220e-01	7.164510918345327883e-02	2.656501177457949725e-02	7.344784557628976362e-02
1.056569014662313975e+03	2.645621805973880636e-01	1.812075296966634830e-01	2.389891315161550012e-01	1.434269961107420555e-01	7.171259504314149436e-02	2.656501177457949725e-02	7.353655526092760242e-02
1.058020345726410369e+03	2.642521710211579999e-01	1.811455784209103081e-01	2.391108862468808716e-01	1.435216334041674313e-01	7.177963900424966237e-02	2.656501177457949725e-02	7.362508012765138499e-02
1.059471676790506763e+03	2.639428629006150273e-01	1.810836856133124506e-01	2.392323843089843860e-01	1.436163884958110704e-01	7.184624913654499845e-02	2.656501177457949725e-02	7.371341776974972559e-02
1.060923007854603611e+03	2.636342543680804118e-01	1.810218510689681204e-01	2.393536288078202678e-01	1.437112547938271534e-01	7.191243330188359928e-02	2.656501177457949725e-02	7.380156588443805010e-02
1.062374338918700232e+03	2.633263435688020793e-01	1.809600745862461890e-01	2.394746227774860736e-01	1.438062258629167200e-01	7.197819915987230255e-02	2.656501177457949725e-02	7.388952226969422443e-02
1.063825669982796853e+03	2.630191286606912704e-01	1.808983559667031726e-01	2.395953691824658782e-01	1.439012954205971251e-01	7.204355417337526823e-02	2.656501177457949725e-02	7.397728482118484661e-02
1.065277001046893474e+03	2.627126078140664123e-01	1.808366950150023245e-01	2.397158709192352410e-01	1.439964573335643094e-01	7.210850561386977775e-02	2.656501177457949725e-02	7.406485152927951010e-02
1.066728332110990095e+03	2.624067792114033737e-01	1.807750915388350588e-01	2.398361308178283136e-01	1.440917056141452213e-01	7.217306056665508118e-02	2.656501177457949725e-02	7.415222047615058210e-02
1.068179663175086489e+03	2.621016410470924374e-01	1.807135453488444565e-01	2.399561516433679209e-01	1.441870344168380835e-01	7.223722593591865027e-02	2.656501177457949725e-02	7.423938983295606808e-02
1.069630994239183110e+03	2.617971915272016004e-01	1.806520562585509360e-01	2.400759360975597556e-01	1.442824380349384816e-01	7.230100844966344531e-02	2.656501177457949725e-02	7.432635785710345333e-02
1.071082325303279504e+03	2.614934288692457587e-01	1.805906240842797827e-01	2.401954868201513493e-01	1.443779108972487180e-01	7.236441466450017901e-02	2.656501177457949725e-02	7.441312288959189836e-02
1.072533656367376352e+03	2.611903513019623313e-01	1.805292486450907619e-01	2.403148063903568499e-01	1.444734475648686289e-01	7.242745097030821311e-02	2.656501177457949725e-02	7.449968335243088713e-02
1.073984987431472746e+03	2.608879570650922686e-01	1.804679297627096723e-01	2.404338973282481584e-01	1.445690427280656720e-01	7.249012359476875167e-02	2.656501177457949725e-02	7.458603774613309367e-02
1.075436318495569594e+03	2.605862444091670560e-01	1.804066672614617062e-01	2.405527620961137314e-01	1.446646912032221732e-01	7.255243860777373099e-02	2.656501177457949725e-02	7.467218464727924665e-02
1.076887649559666215e+03	2.602852115953009915e-01	1.803454609682064724e-01	2.406714030997852694e-01	1.447603879298577922e-01	7.261440192571390340e-02	2.656501177457949725e-02	7.475812270615321553e-02
1.078338980623762609e+03	2.599848568949890693e-01	1.802843107122751032e-01	2.407898226899335692e-01	1.448561279677253733e-01	7.267601931564934836e-02	2.656501177457949725e-02	7.484385064444516733e-02
1.079790311687859230e+03	2.596851785899099152e-01	1.802232163254087471e-01	2.409080231633340119e-01	1.449519064939782942e-01	7.273729639936567237e-02	2.656501177457949725e-02	7.492936725302092038e-02
1.081241642751955851e+03	2.593861749717339960e-01	1.801621776416989784e-01	2.410260067641023796e-01	1.450477188004074269e-01	7.279823865731911703e-02	2.656501177457949725e-02	7.501467138975569104e-02
1.082692973816052472e+03	2.590878443419364907e-01	1.801011944975295931e-01	2.411437756849019176e-01	1.451435602907458211e-01	7.285885143247344820e-02	2.656501177457949725e-02	7.509976197743029047e-02
1.084144304880149093e+03	2.587901850116152147e-01	1.800402667315202654e-01	2.412613320681223916e-01	1.452394264780397792e-01	7.291913993403162375e-02	2.656501177457949725e-02	7.518463800168824485e-02
1.085595635944245487e+03	2.584931953013132611e-01	1.799793941844714251e-01	2.413786780070313887e-01	1.453353129820842138e-01	7.297910924106533470e-02	2.656501177457949725e-02	7.526929850905189623e-02
1.087046967008342108e+03	2.581968735408459725e-01	1.799185766993108004e-01	2.414958155468990564e-01	1.454312155269208151e-01	7.303876430604497316e-02	2.656501177457949725e-02	7.535374260499588805e-02
1.088498298072438729e+03	2.579012180691325762e-01	1.798578141210414039e-01	2.416127466860965856e-01	1.455271299383975592e-01	7.309810995827278890e-02	2.656501177457949725e-02	7.543796945207655036e-02
1.089949629136535123e+03	2.576062272340321480e-01	1.797971062966909062e-01	2.417294733771692405e-01	1.456230521417876955e-01	7.315715090722205161e-02	2.656501177457949725e-02	7.552197826811542225e-02
1.091400960200631971e+03	2.573118993921834075e-01	1.797364530752623424e-01	2.418459975278844099e-01	1.457189781594671329e-01	7.321589174578463366e-02	2.656501177457949725e-02	7.560576832443548223e-02
1.092852291264728365e+03	2.570182329088492312e-01	1.796758543076862058e-01	2.419623210022555093e-01	1.458149041086481967e-01	7.327433695342959463e-02	2.656501177457949725e-02	7.568933894414861530e-02
1.094303622328825213e+03	2.567252261577646633e-01	1.796153098467737630e-01	2.420784456215419600e-01	1.459108261991689526e-01	7.333249089927516839e-02	2.656501177457949725e-02	7.577268950049283192e-02
1.095754953392921607e+03	2.564328775209888667e-01	1.795548195471717290e-01	2.421943731652262122e-01	1.460067407313360710e-01	7.339035784507652593e-02	2.656501177457949725e-02	7.585581941521783722e-02
1.097206284457018228e+03	2.561411853887611834e-01	1.794943832653181637e-01	2.423101053719680653e-01	1.461026440938204551e-01	7.344794194813178412e-02	2.656501177457949725e-02	7.593872815701763201e-02
1.098657615521114849e+03	2.558501481593603577e-01	1.794340008593993396e-01	2.424256439405370056e-01	1.461985327616036612e-01	7.350524726410814780e-02	2.656501177457949725e-02	7.602141524000877171e-02
1.100108946585211470e+03	2.555597642389677016e-01	1.793736721893081087e-01	2.425409905307231162e-01	1.462944032939745842e-01	7.356227774979079426e-02	2.656501177457949725e-02	7.610388022225300642e-02
1.101560277649308091e+03	2.552700320415335900e-01	1.793133971166031848e-01	2.426561467642267544e-01	1.463902523325745220e-01	7.361903726575624862e-02	2.656501177457949725e-02	7.618612270432301159e-02
1.103011608713404712e+03	2.549809499886474540e-01	1.792531755044695363e-01	2.427711142255278842e-01	1.464860765994895619e-01	7.367552957897263721e-02	2.656501177457949725e-02	7.626814232791012671e-02
1.104462939777501106e+03	2.546925165094111043e-01	1.791930072176799449e-01	2.428858944627355909e-01	1.465818728953892924e-01	7.373175836532856742e-02	2.656501177457949725e-02	7.634993877447270039e-02
1.105914270841597499e+03	2.544047300403148304e-01	1.791328921225574244e-01	2.430004889884176955e-01	1.466776380977104499e-01	7.378772721209275742e-02	2.656501177457949725e-02	7.643151176392409818e-02
1.107365601905694348e+03	2.541175890251172187e-01	1.790728300869388334e-01	2.431148992804115505e-01	1.467733691588844480e-01	7.384343962030613662e-02	2.656501177457949725e-02	7.651286105335908250e-02
1.108816932969790741e+03	2.538310919147275246e-01	1.790128209801394310e-01	2.432291267826161563e-01	1.468690631046078166e-01	7.389889900710858162e-02	2.656501177457949725e-02	7.659398643581766253e-02
1.110268264033887590e+03	2.535452371670915417e-01	1.789528646729182937e-01	2.433431729057662363e-01	1.469647170321541074e-01	7.395410870800175895e-02	2.656501177457949725e-02	7.667488773908519295e-02
1.111719595097984211e+03	2.532600232470797463e-01	1.788929610374447310e-01	2.434570390281884655e-01	1.470603281087266290e-01	7.400907197904992019e-02	2.656501177457949725e-02	7.675556482452770835e-02
1.113170926162080832e+03	2.529754486263784408e-01	1.788331099472655894e-01	2.435707264965403240e-01	1.471558935698507875e-01	7.406379199902048127e-02	2.656501177457949725e-02	7.683601758596159126e-02
1.114622257226177226e+03	2.526915117833838931e-01	1.787733112772733890e-01	2.436842366265323523e-01	1.472514107178050924e-01	7.411827187146588503e-02	2.656501177457949725e-02	7.691624594855656083e-02
1.116073588290273847e+03	2.524082112030990310e-01	1.787135649036754592e-01	2.437975707036335593e-01	1.473468769200897699e-01	7.417251462674845364e-02	2.656501177457949725e-02	7.699624986777096891e-02
1.117524919354370468e+03	2.521255453770323007e-01	1.786538707039637408e-01	2.439107299837609544e-01	1.474422896079321255e-01	7.422652322400960512e-02	2.656501177457949725e-02	7.707602932831857101e-02
1.118976250418467089e+03	2.518435128030994674e-01	1.785942285568854204e-01	2.440237156939533691e-01	1.475376462748278772e-01	7.428030055308539048e-02	2.656501177457949725e-02	7.715558434316582836e-02
1.120427581482563710e+03	2.515621119855279697e-01	1.785346383424145644e-01	2.441365290330297089e-01	1.476329444751170172e-01	7.433384943636922593e-02	2.656501177457949725e-02	7.723491495255889461e-02
1.121878912546660331e+03	2.512813414347631613e-01	1.784750999417241690e-01	2.442491711722325765e-01	1.477281818225942012e-01	7.438717263062383234e-02	2.656501177457949725e-02	7.731402122307946823e-02
1.123330243610756725e+03	2.510011996673772727e-01	1.784156132371591263e-01	2.443616432558569362e-01	1.478233559891520277e-01	7.444027282874336737e-02	2.656501177457949725e-02	7.739290324672860877e-02
1.124781574674853118e+03	2.507216852059806489e-01	1.783561781122100509e-01	2.444739464018647057e-01	1.479184647034567646e-01	7.449315266146730452e-02	2.656501177457949725e-02	7.747156114003787841e-02
1.126232905738949967e+03	2.504427965791346522e-01	1.782967944514875780e-01	2.445860817024852474e-01	1.480135057496556050e-01	7.454581469904748847e-02	2.656501177457949725e-02	7.754999504320674031e-02
1.127684236803046360e+03	2.501645323212675076e-01	1.782374621406974946e-01	2.446980502248023437e-01	1.481084769661147604e-01	7.459826145286931054e-02	2.656501177457949725e-02	7.762820511926583900e-02
1.129135567867143209e+03	2.498868909725915910e-01	1.781781810666164256e-01	2.448098530113279325e-01	1.482033762441876124e-01	7.465049537702858617e-02	2.656501177457949725e-02	7.770619155326512206e-02
1.130586898931239830e+03	2.496098710790229380e-01	1.781189511170682693e-01	2.449214910805626311e-01	1.482982015270119247e-01	7.470251886986524481e-02	2.656501177457949725e-02	7.778395455148627569e-02
1.132038229995336451e+03	2.493334711921028901e-01	1.780597721809012157e-01	2.450329654275438251e-01	1.483929508083357551e-01	7.475433427545494225e-02	2.656501177457949725e-02	7.786149434067865527e-02
1.133489561059432845e+03	2.490576898689214336e-01	1.780006441479653201e-01	2.451442770243812685e-01	1.484876221313712608e-01	7.480594388505985848e-02	2.656501177457949725e-02	7.793881116731816994e-02
1.134940892123529466e+03	2.487825256720424816e-01	1.779415669090908259e-01	2.452554268207805532e-01	1.485822135876754546e-01	7.485734993853970787e-02	2.656501177457949725e-02	7.801590529688830211e-02
1.136392223187626087e+03	2.485079771694310435e-01	1.778825403560669594e-01	2.453664157445547833e-01	1.486767233160575519e-01	7.490855462572416912e-02	2.656501177457949725e-02	7.809277701318284581e-02
1.137843554251722708e+03	2.482340429343820321e-01	1.778235643816211686e-01	2.454772447021248971e-01	1.487711495015121010e-01	7.495956008774766477e-02	2.656501177457949725e-02	7.816942661762948941e-02
1.139294885315819101e+03	2.479607215454510127e-01	1.777646388793991672e-01	2.455879145790083040e-01	1.488654903741773727e-01	7.501036841834764213e-02	2.656501177457949725e-02	7.824585442863388196e-02
1.140746216379915950e+03	2.476880115863863141e-01	1.777057637439454496e-01	2.456984262402970298e-01	1.489597442083180900e-01	7.506098166512717440e-02	2.656501177457949725e-02	7.832206078094335056e-02
1.142197547444012343e+03	2.474159116460630525e-01	1.776469388706840569e-01	2.458087805311247043e-01	1.490539093213323341e-01	7.511140183078314492e-02	2.656501177457949725e-02	7.839804602503008812e-02
1.143648878508108737e+03	2.471444203184186283e-01	1.775881641559002022e-01	2.459189782771233901e-01	1.491479840727817363e-01	7.516163087430068057e-02	2.656501177457949725e-02	7.847381052649271549e-02
1.145100209572205586e+03	2.468735362023898039e-01	1.775294394967222023e-01	2.460290202848698371e-01	1.492419668634443475e-01	7.521167071211495858e-02	2.656501177457949725e-02	7.854935466547624534e-02
1.146551540636302207e+03	2.466032579018511695e-01	1.774707647911038799e-01	2.461389073423219109e-01	1.493358561343898494e-01	7.526152321924110822e-02	2.656501177457949725e-02	7.862467883610946284e-02
1.148002871700398828e+03	2.463335840255552467e-01	1.774121399378075226e-01	2.462486402192452517e-01	1.494296503660764441e-01	7.531119023037334548e-02	2.656501177457949725e-02	7.869978344595955633e-02
1.149454202764495449e+03	2.460645131870739521e-01	1.773535648363871731e-01	2.463582196676303571e-01	1.495233480774687818e-01	7.536067354095377091e-02	2.656501177457949725e-02	7.877466891550330419e-02
1.150905533828591842e+03	2.457960440047415318e-01	1.772950393871725039e-01	2.464676464221002006e-01	1.496169478251766216e-01	7.540997490821212124e-02	2.656501177457949725e-02	7.884933567761440165e-02
1.152356864892688463e+03	2.455281751015985503e-01	1.772365634912529408e-01	2.465769212003088573e-01	1.497104482026135330e-01	7.545909605217696048e-02	2.656501177457949725e-02	7.892378417706648330e-02
1.153808195956785084e+03	2.452609051053376010e-01	1.771781370504623698e-01	2.466860447033313863e-01	1.498038478391753303e-01	7.550803865665924042e-02	2.656501177457949725e-02	7.899801487005141121e-02
1.155259527020881706e+03	2.449942326482499599e-01	1.771197599673641210e-01	2.467950176160446374e-01	1.498971453994374925e-01	7.555680437020889650e-02	2.656501177457949725e-02	7.907202822371219020e-02
1.156710858084978327e+03	2.447281563671738769e-01	1.770614321452365081e-01	2.469038406074997860e-01	1.499903395823713737e-01	7.560539480704528414e-02	2.656501177457949725e-02	7.914582471569048261e-02
1.158162189149074720e+03	2.444626749034435331e-01	1.770031534880584789e-01	2.470125143312866256e-01	1.500834291205785931e-01	7.565381154796217700e-02	2.656501177457949725e-02	7.921940483368786201e-02
1.159613520213171569e+03	2.441977869028398029e-01	1.769449239004959318e-01	2.471210394258895882e-01	1.501764127795432446e-01	7.570205614120795179e-02	2.656501177457949725e-02	7.929276907504075045e-02
1.161064851277267962e+03	2.439334910155416258e-01	1.768867432878881985e-01	2.472294165150358547e-01	1.502692893569013977e-01	7.575013010334176455e-02	2.656501177457949725e-02	7.936591794630840080e-02
1.162516182341364356e+03	2.436697858960788776e-01	1.768286115562349714e-01	2.473376462080358884e-01	1.503620576817275567e-01	7.579803492006623178e-02	2.656501177457949725e-02	7.943885196287371608e-02
1.163967513405461204e+03	2.434066702032861573e-01	1.767705286121835362e-01	2.474457291001161685e-01	1.504547166138375525e-01	7.584577204703737974e-02	2.656501177457949725e-02	7.951157164855648940e-02
1.165418844469557826e+03	2.431441426002576289e-01	1.767124943630162814e-01	2.475536657727446799e-01	1.505472650431076420e-01	7.589334291065247262e-02	2.656501177457949725e-02	7.958407753523856487e-02
1.166870175533654447e+03	2.428822017543030842e-01	1.766545087166387085e-01	2.476614567939491585e-01	1.506397018888093187e-01	7.594074890881616358e-02	2.656501177457949725e-02	7.965637016250086411e-02
1.168321506597751068e+03	2.426208463369046719e-01	1.765965715815675519e-01	2.477691027186282313e-01	1.507320260989593319e-01	7.598799141168587068e-02	2.656501177457949725e-02	7.972845007727162592e-02
1.169772837661847461e+03	2.423600750236750978e-01	1.765386828669193164e-01	2.478766040888556454e-01	1.508242366496848064e-01	7.603507176239662768e-02	2.656501177457949725e-02	7.980031783348574825e-02
1.171224168725944082e+03	2.420998864943161855e-01	1.764808424823991195e-01	2.479839614341779463e-01	1.509163325446029602e-01	7.608199127776622828e-02	2.656501177457949725e-02	7.987197399175480217e-02
1.172675499790040703e+03	2.418402794325788807e-01	1.764230503382897552e-01	2.480911752719052177e-01	1.510083128142148956e-01	7.612875124898101087e-02	2.656501177457949725e-02	7.994341911904742637e-02
1.174126830854137097e+03	2.415812525262239496e-01	1.763653063454411196e-01	2.481982461073957147e-01	1.511001765153135445e-01	7.617535294226294995e-02	2.656501177457949725e-02	8.001465378837988029e-02
1.175578161918233945e+03	2.413228044669835648e-01	1.763076104152598023e-01	2.483051744343340306e-01	1.511919227304049929e-01	7.622179759951849820e-02	2.656501177457949725e-02	8.008567857851629779e-02
1.177029492982330339e+03	2.410649339505236965e-01	1.762499624596990666e-01	2.484119607350031289e-01	1.512835505671430714e-01	7.626808643896974826e-02	2.656501177457949725e-02	8.015649407367848867e-02
1.178480824046426733e+03	2.408076396764075311e-01	1.761923623912490244e-01	2.485186054805503530e-01	1.513750591577770754e-01	7.631422065576821956e-02	2.656501177457949725e-02	8.022710086326498291e-02
1.179932155110523581e+03	2.405509203480594715e-01	1.761348101229270602e-01	2.486251091312478012e-01	1.514664476586116970e-01	7.636020142259206112e-02	2.656501177457949725e-02	8.029749954157909542e-02
1.181383486174620202e+03	2.402947746727301381e-01	1.760773055682685051e-01	2.487314721367465120e-01	1.515577152494796687e-01	7.640602989022679536e-02	2.656501177457949725e-02	8.036769070756556721e-02
1.182834817238716823e+03	2.400392013614620346e-01	1.760198486413175889e-01	2.488376949363254043e-01	1.516488611332261482e-01	7.645170718813029676e-02	2.656501177457949725e-02	8.043767496455571375e-02
1.184286148302813444e+03	2.397841991290559638e-01	1.759624392566185302e-01	2.489437779591346656e-01	1.517398845352049552e-01	7.649723442498228276e-02	2.656501177457949725e-02	8.050745292002083053e-02
1.185737479366910065e+03	2.395297666940381098e-01	1.759050773292069880e-01	2.490497216244335621e-01	1.518307847027862423e-01	7.654261268921884465e-02	2.656501177457949725e-02	8.057702518533343961e-02
1.187188810431006686e+03	2.392759027786281467e-01	1.758477627746016236e-01	2.491555263418233912e-01	1.519215609048753246e-01	7.658784304955236488e-02	2.656501177457949725e-02	8.064639237553634932e-02
1.188640141495103080e+03	2.390226061087076248e-01	1.757904955087959131e-01	2.492611925114749105e-01	1.520122124314422785e-01	7.663292655547727927e-02	2.656501177457949725e-02	8.071555510911918030e-02
1.190091472559199701e+03	2.387698754137893287e-01	1.757332754482501258e-01	2.493667205243510765e-01	1.521027385930625031e-01	7.667786423776201676e-02	2.656501177457949725e-02	8.078451400780219116e-02
1.191542803623296322e+03	2.385177094269871068e-01	1.756761025098835804e-01	2.494721107624246759e-01	1.521931387204672748e-01	7.672265710892747781e-02	2.656501177457949725e-02	8.085326969632708471e-02
1.192994134687392716e+03	2.382661068849866448e-01	1.756189766110671513e-01	2.495773635988913497e-01	1.522834121641046812e-01	7.676730616371260640e-02	2.656501177457949725e-02	8.092182280225480862e-02
1.194445465751489564e+03	2.380150665280164335e-01	1.755618976696156353e-01	2.496824793983777047e-01	1.523735582937105482e-01	7.681181237952708352e-02	2.656501177457949725e-02	8.099017395576989242e-02
1.195896796815585958e+03	2.377645870998196520e-01	1.755048656037808130e-01	2.497874585171450945e-01	1.524635764978886920e-01	7.685617671689178032e-02	2.656501177457949725e-02	8.105832378949126560e-02
1.197348127879682352e+03	2.375146673476266068e-01	1.754478803322442604e-01	2.498923013032888774e-01	1.525534661837009698e-01	7.690040011986723489e-02	2.656501177457949725e-02	8.112627293828937602e-02
1.198799458943779200e+03	2.372653060221276977e-01	1.753909417741105481e-01	2.499970080969331210e-01	1.526432267762662109e-01	7.694448351647038831e-02	2.656501177457949725e-02	8.119402203910938698e-02
1.200250790007875821e+03	2.370165018774469112e-01	1.753340498489005250e-01	2.501015792304213115e-01	1.527328577183684755e-01	7.698842781907999644e-02	2.656501177457949725e-02	8.126157173080018892e-02
1.201702121071972442e+03	2.367682536711159524e-01	1.752772044765449067e-01	2.502060150285025375e-01	1.528223584700737769e-01	7.703223392483096732e-02	2.656501177457949725e-02	8.132892265394928155e-02
1.203153452136069063e+03	2.365205601640488764e-01	1.752204055773778357e-01	2.503103158085139834e-01	1.529117285083556599e-01	7.707590271599806808e-02	2.656501177457949725e-02	8.139607545072302663e-02
1.204604783200165684e+03	2.362734201205172191e-01	1.751636530721306650e-01	2.504144818805592032e-01	1.530009673267288262e-01	7.711943506036902929e-02	2.656501177457949725e-02	8.146303076471247961e-02
1.206056114264262078e+03	2.360268323081257391e-01	1.751069468819260178e-01	2.505185135476824532e-01	1.530900744348912546e-01	7.716283181160761562e-02	2.656501177457949725e-02	8.152978924078432832e-02
1.207507445328358699e+03	2.357807954977884368e-01	1.750502869282718754e-01	2.506224111060393889e-01	1.531790493583740642e-01	7.720609380960674617e-02	2.656501177457949725e-02	8.159635152493691090e-02
1.208958776392455093e+03	2.355353084637052119e-01	1.749936731330557493e-01	2.507261748450637096e-01	1.532678916381993994e-01	7.724922188083212238e-02	2.656501177457949725e-02	8.166271826416121593e-02
1.210410107456551941e+03	2.352903699833391316e-01	1.749371054185391294e-01	2.508298050476306384e-01	1.533566008305455586e-01	7.729221683865632186e-02	2.656501177457949725e-02	8.172889010630660089e-02
1.211861438520648335e+03	2.350459788373938375e-01	1.748805837073520442e-01	2.509333019902163509e-01	1.534451765064200057e-01	7.733507948368399665e-02	2.656501177457949725e-02	8.179486769995117368e-02
1.213312769584745183e+03	2.348021338097915356e-01	1.748241079224877037e-01	2.510366659430541270e-01	1.535336182513392933e-01	7.737781060406816180e-02	2.656501177457949725e-02	8.186065169427662880e-02
1.214764100648841804e+03	2.345588336876515412e-01	1.747676779872973374e-01	2.511398971702870631e-01	1.536219256650161180e-01	7.742041097581785214e-02	2.656501177457949725e-02	8.192624273894749676e-02
1.216215431712937971e+03	2.343160772612691845e-01	1.747112938254850312e-01	2.512429959301176186e-01	1.537100983610535376e-01	7.746288136309745220e-02	2.656501177457949725e-02	8.199164148399458452e-02
1.217666762777034819e+03	2.340738633240949107e-01	1.746549553611028149e-01	2.513459624749535548e-01	1.537981359666456549e-01	7.750522251851797717e-02	2.656501177457949725e-02	8.205684857970249602e-02
1.219118093841131440e+03	2.338321906727141575e-01	1.745986625185458885e-01	2.514487970515508763e-01	1.538860381222849905e-01	7.754743518342030462e-02	2.656501177457949725e-02	8.212186467650117727e-02
1.220569424905228061e+03	2.335910581068273151e-01	1.745424152225478198e-01	2.515514999011537189e-01	1.539738044814764339e-01	7.758952008815080126e-02	2.656501177457949725e-02	8.218669042486130560e-02
1.222020755969324682e+03	2.333504644292301866e-01	1.744862133981759933e-01	2.516540712596310181e-01	1.540614347104572734e-01	7.763147795232953896e-02	2.656501177457949725e-02	8.225132647519332874e-02
1.223472087033421303e+03	2.331104084457949754e-01	1.744300569708271131e-01	2.517565113576102909e-01	1.541489284879235533e-01	7.767330948511110000e-02	2.656501177457949725e-02	8.231577347775032027e-02
1.224923418097517697e+03	2.328708889654511893e-01	1.743739458662227626e-01	2.518588204206084757e-01	1.542362855047623438e-01	7.771501538543842957e-02	2.656501177457949725e-02	8.238003208253413812e-02
1.226374749161614318e+03	2.326319048001674883e-01	1.743178800104052684e-01	2.519609986691597747e-01	1.543235054637898951e-01	7.775659634228974937e-02	2.656501177457949725e-02	8.244410293920513555e-02
1.227826080225710712e+03	2.323934547649333937e-01	1.742618593297332874e-01	2.520630463189411641e-01	1.544105880794955366e-01	7.779805303491879598e-02	2.656501177457949725e-02	8.250798669699514754e-02
1.229277411289807560e+03	2.321555376777416080e-01	1.742058837508779767e-01	2.521649635808943524e-01	1.544975330777911549e-01	7.783938613308859222e-02	2.656501177457949725e-02	8.257168400462364111e-02
1.230728742353903954e+03	2.319181523595704453e-01	1.741499532008188023e-01	2.522667506613459620e-01	1.545843401957661956e-01	7.788059629729886246e-02	2.656501177457949725e-02	8.263519551021698828e-02
1.232180073418000802e+03	2.316812976343668729e-01	1.740940676068397919e-01	2.523684077621245470e-01	1.546710091814479660e-01	7.792168417900727229e-02	2.656501177457949725e-02	8.269852186123080595e-02
1.233631404482097196e+03	2.314449723290295524e-01	1.740382268965256773e-01	2.524699350806750564e-01	1.547575397935670727e-01	7.796265042084475627e-02	2.656501177457949725e-02	8.276166370437514075e-02
1.235082735546193817e+03	2.312091752733924643e-01	1.739824309977581474e-01	2.525713328101710231e-01	1.548439318013281052e-01	7.800349565682497543e-02	2.656501177457949725e-02	8.282462168554252657e-02
1.236534066610290438e+03	2.309739053002085041e-01	1.739266798387123225e-01	2.526726011396243088e-01	1.549301849841852041e-01	7.804422051254814030e-02	2.656501177457949725e-02	8.288739644973874832e-02
1.237985397674387059e+03	2.307391612451337448e-01	1.738709733478530362e-01	2.527737402539921296e-01	1.550162991316225702e-01	7.808482560539932449e-02	2.656501177457949725e-02	8.294998864101635339e-02
1.239436728738483680e+03	2.305049419467117833e-01	1.738153114539316424e-01	2.528747503342820280e-01	1.551022740429396918e-01	7.812531154474140760e-02	2.656501177457949725e-02	8.301239890241059183e-02
1.240888059802580301e+03	2.302712462463581411e-01	1.737596940859824357e-01	2.529756315576544567e-01	1.551881095270412070e-01	7.816567893210286944e-02	2.656501177457949725e-02	8.307462787587802100e-02
1.242339390866676695e+03	2.300380729883454156e-01	1.737041211733193480e-01	2.530763840975232548e-01	1.552738054022312075e-01	7.820592836136053272e-02	2.656501177457949725e-02	8.313667620223740007e-02
1.243790721930773088e+03	2.298054210197883196e-01	1.736485926455328122e-01	2.531770081236535685e-01	1.553593614960121772e-01	7.824606041891724040e-02	2.656501177457949725e-02	8.319854452111298537e-02
1.245242052994869937e+03	2.295732891906291095e-01	1.735931084324865703e-01	2.532775038022581082e-01	1.554447776448882879e-01	7.828607568387493942e-02	2.656501177457949725e-02	8.326023347088011561e-02
1.246693384058966330e+03	2.293416763536231806e-01	1.735376684643145651e-01	2.533778712960909063e-01	1.555300536941726097e-01	7.832597472820296280e-02	2.656501177457949725e-02	8.332174368861292035e-02
1.248144715123063179e+03	2.291105813643250777e-01	1.734822726714179142e-01	2.534781107645391884e-01	1.556151894977987615e-01	7.836575811690195403e-02	2.656501177457949725e-02	8.338307581003427671e-02
1.249596046187159800e+03	2.288800030810745623e-01	1.734269209844621351e-01	2.535782223637131350e-01	1.557001849181364750e-01	7.840542640816312858e-02	2.656501177457949725e-02	8.344423046946772282e-02
1.251047377251256421e+03	2.286499403649829010e-01	1.733716133343739529e-01	2.536782062465339771e-01	1.557850398258112390e-01	7.844498015352355247e-02	2.656501177457949725e-02	8.350520829979145299e-02
1.252498708315352815e+03	2.284203920799195986e-01	1.733163496523388025e-01	2.537780625628198172e-01	1.558697540995276631e-01	7.848441989801703544e-02	2.656501177457949725e-02	8.356600993239418629e-02
1.253950039379449436e+03	2.281913570924991030e-01	1.732611298697978308e-01	2.538777914593695062e-01	1.559543276258965883e-01	7.852374618032106901e-02	2.656501177457949725e-02	8.362663599713297813e-02
1.255401370443546057e+03	2.279628342720678436e-01	1.732059539184453434e-01	2.539773930800452439e-01	1.560387602992661105e-01	7.856295953289980927e-02	2.656501177457949725e-02	8.368708712229276647e-02
1.256852701507642678e+03	2.277348224906914353e-01	1.731508217302261121e-01	2.540768675658524600e-01	1.561230520215560469e-01	7.860206048214327113e-02	2.656501177457949725e-02	8.374736393454777772e-02
1.258304032571739299e+03	2.275073206231421896e-01	1.730957332373328494e-01	2.541762150550189725e-01	1.562072027020958709e-01	7.864104954850269225e-02	2.656501177457949725e-02	8.380746705892452852e-02
1.259755363635835920e+03	2.272803275468865680e-01	1.730406883722035716e-01	2.542754356830716489e-01	1.562912122574662832e-01	7.867992724662242754e-02	2.656501177457949725e-02	8.386739711876663173e-02
1.261206694699932314e+03	2.270538421420732200e-01	1.729856870675193503e-01	2.543745295829115682e-01	1.563750806113438918e-01	7.871869408546819380e-02	2.656501177457949725e-02	8.392715473570100393e-02
1.262658025764028707e+03	2.268278632915207149e-01	1.729307292562016207e-01	2.544734968848876289e-01	1.564588076943495831e-01	7.875735056845194204e-02	2.656501177457949725e-02	8.398674052960578007e-02
1.264109356828125556e+03	2.266023898807060233e-01	1.728758148714099885e-01	2.545723377168686574e-01	1.565423934438996134e-01	7.879589719355337141e-02	2.656501177457949725e-02	8.404615511857962962e-02
1.265560687892221949e+03	2.263774207977526931e-01	1.728209438465398984e-01	2.546710522043135749e-01	1.566258378040602250e-01	7.883433445343825119e-02	2.656501177457949725e-02	8.410539911891259934e-02
1.267012018956318798e+03	2.261529549334193312e-01	1.727661161152203861e-01	2.547696404703403417e-01	1.567091407254052604e-01	7.887266283557359259e-02	2.656501177457949725e-02	8.416447314505830224e-02
1.268463350020415419e+03	2.259289911810885565e-01	1.727113316113118024e-01	2.548681026357931256e-01	1.567923021648766346e-01	7.891088282233965634e-02	2.656501177457949725e-02	8.422337780960745257e-02
1.269914681084511813e+03	2.257055284367556758e-01	1.726565902689036480e-01	2.549664388193080833e-01	1.568753220856479169e-01	7.894899489113911539e-02	2.656501177457949725e-02	8.428211372326278872e-02
1.271366012148608434e+03	2.254825655990177480e-01	1.726018920223124919e-01	2.550646491373778080e-01	1.569582004569907430e-01	7.898699951450323387e-02	2.656501177457949725e-02	8.434068149481517562e-02
1.272817343212705055e+03	2.252601015690628428e-01	1.725472368060798900e-01	2.551627337044142796e-01	1.570409372541438919e-01	7.902489716019524268e-02	2.656501177457949725e-02	8.439908173112101175e-02
1.274268674276801676e+03	2.250381352506593546e-01	1.724926245549703030e-01	2.552606926328103154e-01	1.571235324581854165e-01	7.906268829131100906e-02	2.656501177457949725e-02	8.445731503708078791e-02
1.275720005340898297e+03	2.248166655501454836e-01	1.724380552039691261e-01	2.553585260329996331e-01	1.572059860559071598e-01	7.910037336637698591e-02	2.656501177457949725e-02	8.451538201561879793e-02
1.277171336404994690e+03	2.245956913764188545e-01	1.723835286882807460e-01	2.554562340135159704e-01	1.572882980396920483e-01	7.913795283944563552e-02	2.656501177457949725e-02	8.457328326766395954e-02
1.278622667469091539e+03	2.243752116409264696e-01	1.723290449433265703e-01	2.555538166810502609e-01	1.573704684073939375e-01	7.917542716018827198e-02	2.656501177457949725e-02	8.463101939213171776e-02
1.280073998533187932e+03	2.241552252576544391e-01	1.722746039047432232e-01	2.556512741405071454e-01	1.574524971622199288e-01	7.921279677398546104e-02	2.656501177457949725e-02	8.468859098590701684e-02
1.281525329597284326e+03	2.239357311431181274e-01	1.722202055083806305e-01	2.557486064950598714e-01	1.575343843126152388e-01	7.925006212201507472e-02	2.656501177457949725e-02	8.474599864382822978e-02
1.282976660661381175e+03	2.237167282163524396e-01	1.721658496903002711e-01	2.558458138462040288e-01	1.576161298721503179e-01	7.928722364133800049e-02	2.656501177457949725e-02	8.480324295867207318e-02
1.284427991725477568e+03	2.234982153989019948e-01	1.721115363867733727e-01	2.559428962938102292e-01	1.576977338594104938e-01	7.932428176498157457e-02	2.656501177457949725e-02	8.486032452113947966e-02
1.285879322789574417e+03	2.232801916148116073e-01	1.720572655342791635e-01	2.560398539361753434e-01	1.577791962978877804e-01	7.936123692202086410e-02	2.656501177457949725e-02	8.491724391984234455e-02
1.287330653853671038e+03	2.230626557906170426e-01	1.720030370695032895e-01	2.561366868700727939e-01	1.578605172158749903e-01	7.939808953765778443e-02	2.656501177457949725e-02	8.497400174129123018e-02
1.288781984917767431e+03	2.228456068553354985e-01	1.719488509293359557e-01	2.562333951908017937e-01	1.579416966463620398e-01	7.943484003329816245e-02	2.656501177457949725e-02	8.503059856988380572e-02
1.290233315981864052e+03	2.226290437404565281e-01	1.718947070508703989e-01	2.563299789922350858e-01	1.580227346269343358e-01	7.947148882662675995e-02	2.656501177457949725e-02	8.508703498789416120e-02
