1.301360187473271253e+03	2.356735113447318286e-01	1.504150667441777889e-01	2.590382279944994925e-01	1.616719013956299245e-01	7.663100711720793878e-02	3.226171456374493651e-02	8.430857083960061060e-02
1.306197957686926657e+03	2.350915149405853610e-01	1.500055005823478504e-01	2.594067544690319416e-01	1.619198490642105026e-01	7.673975373099736763e-02	3.233815212833692637e-02	8.449847508408253605e-02
1.311035727900581833e+03	2.345128463067561175e-01	1.495982632964352188e-01	2.597732519547239494e-01	1.621663204710285244e-01	7.684787887090689662e-02	3.241420403513788767e-02	8.468723506460382189e-02
1.315873498114237009e+03	2.339374859524330219e-01	1.491933420071545890e-01	2.601377271506448707e-01	1.624113294348041858e-01	7.695538648345150168e-02	3.248987154824491824e-02	8.487485742285928725e-02
1.320711268327892412e+03	2.333654145234971278e-01	1.487907238849614511e-01	2.605001871118591272e-01	1.626548892999968576e-01	7.706228046797526654e-02	3.256515594954068754e-02	8.506134876176175974e-02
1.325549038541547588e+03	2.327966128004648194e-01	1.483903961510746883e-01	2.608606392171143318e-01	1.628970129690619495e-01	7.716856467865679248e-02	3.264005853751957009e-02	8.524671564570009130e-02
1.330386808755202765e+03	2.322310616965036212e-01	1.479923460784235978e-01	2.612190911390084858e-01	1.631377129323013930e-01	7.727424292637480319e-02	3.271458062618659568e-02	8.543096460079371846e-02
1.335224578968857941e+03	2.316687422555182008e-01	1.475965609925238564e-01	2.615755508164486209e-01	1.633770012954888218e-01	7.737931898044431156e-02	3.278872354402419254e-02	8.561410211514419721e-02
1.340062349182513572e+03	2.311096356503031524e-01	1.472030282722858741e-01	2.619300264292278579e-01	1.636148898054368972e-01	7.748379657023297951e-02	3.286248863302188017e-02	8.579613463908351834e-02
1.344900119396168748e+03	2.305537231807599508e-01	1.468117353507593092e-01	2.622825263745602320e-01	1.638513898736619623e-01	7.758767938666663588e-02	3.293587724776453340e-02	8.597706858541950825e-02
1.349737889609823924e+03	2.300009862721750786e-01	1.464226697158171608e-01	2.626330592454255708e-01	1.640865125982887140e-01	7.769097108363207105e-02	3.300889075457521388e-02	8.615691032967830176e-02
1.354575659823479100e+03	2.294514064735570513e-01	1.460358189107824889e-01	2.629816338105872009e-01	1.643202687843277887e-01	7.779367527928494896e-02	3.308153053070862770e-02	8.633566621034402533e-02
1.359413430037134731e+03	2.289049654560292857e-01	1.456511705350013730e-01	2.633282589961559172e-01	1.645526689624483008e-01	7.789579555726960924e-02	3.315379796359186476e-02	8.651334252909573252e-02
1.364251200250789907e+03	2.283616450112768981e-01	1.452687122443643841e-01	2.636729438685833649e-01	1.647837234063590506e-01	7.799733546785754534e-02	3.322569445010908895e-02	8.668994555104171662e-02
1.369088970464445310e+03	2.278214270500445726e-01	1.448884317517799003e-01	2.640156976189762528e-01	1.650134421489024006e-01	7.809829852901042924e-02	3.329722139592722341e-02	8.686548150495125575e-02
1.373926740678100487e+03	2.272842936006835013e-01	1.445103168276016536e-01	2.643565295486316469e-01	1.652418349969582145e-01	7.819868822737328917e-02	3.336838021485977190e-02	8.703995658348390174e-02
1.378764510891755890e+03	2.267502268077454808e-01	1.441343553000130895e-01	2.646954490557008599e-01	1.654689115452468717e-01	7.829850801920304471e-02	3.343917232826630614e-02	8.721337694341632640e-02
1.383602281105411066e+03	2.262192089306213072e-01	1.437605350553708694e-01	2.650324656228960629e-01	1.656946811891146787e-01	7.839776133123708968e-02	3.350959916448510018e-02	8.738574870586679477e-02
1.388440051319066470e+03	2.256912223422223862e-01	1.433888440385100160e-01	2.653675888061611809e-01	1.659191531363774785e-01	7.849645156150651670e-02	3.357966215829683021e-02	8.755707795651745950e-02
1.393277821532721646e+03	2.251662495277029774e-01	1.430192702530124760e-01	2.657008282242333541e-01	1.661423364182938178e-01	7.859458208009779956e-02	3.364936275041714719e-02	8.772737074583429606e-02
1.398115591746377049e+03	2.246442730832215740e-01	1.426518017614413769e-01	2.660321935490275735e-01	1.663642398997329241e-01	7.869215622986697189e-02	3.371870238701634576e-02	8.789663308928503949e-02
1.402953361960032225e+03	2.241252757147397523e-01	1.422864266855430604e-01	2.663616944967827083e-01	1.665848722885975575e-01	7.878917732710959132e-02	3.378768251926422828e-02	8.806487096755488686e-02
1.407791132173687402e+03	2.236092402368563548e-01	1.419231332064181950e-01	2.666893408199098592e-01	1.668042421445585510e-01	7.888564866218986116e-02	3.385630460289865140e-02	8.823209032676027075e-02
1.412628902387342805e+03	2.230961495716759224e-01	1.415619095646644676e-01	2.670151422994909707e-01	1.670223578871518066e-01	7.898157350013187972e-02	3.392457009781615213e-02	8.839829707866056485e-02
1.417466672600997981e+03	2.225859867477096299e-01	1.412027440604917139e-01	2.673391087383773512e-01	1.672392278032862889e-01	7.907695508117565386e-02	3.399248046768325870e-02	8.856349710086784677e-02
1.422304442814653157e+03	2.220787348988071674e-01	1.408456250538116517e-01	2.676612499548433055e-01	1.674548600542068166e-01	7.917179662130069406e-02	3.406003717956720273e-02	8.872769623705487052e-02
1.427142213028308333e+03	2.215743772631184327e-01	1.404905409643033287e-01	2.679815757767520790e-01	1.676692626819527854e-01	7.926610131271923099e-02	3.412724170358477638e-02	8.889090029716108232e-02
1.431979983241963964e+03	2.210728971820833388e-01	1.401374802714560053e-01	2.683000960361951459e-01	1.678824436153505129e-01	7.935987232434152383e-02	3.419409551256820390e-02	8.905311505759688773e-02
1.436817753455619140e+03	2.205742780994489338e-01	1.397864315145904424e-01	2.686168205645696472e-01	1.680944106755742351e-01	7.945311280221520334e-02	3.426060008174704186e-02	8.921434626144614244e-02
1.441655523669274316e+03	2.200785035603121109e-01	1.394373832928601786e-01	2.689317591880589497e-01	1.683051715813078941e-01	7.954582586994038418e-02	3.432675688844506051e-02	8.937459961866696390e-02
1.446493293882929493e+03	2.195855572101872155e-01	1.390903242652337390e-01	2.692449217234879066e-01	1.685147339535381095e-01	7.963801462906253126e-02	3.439256741179122501e-02	8.953388080629082202e-02
1.451331064096585123e+03	2.190954227940971333e-01	1.387452431504590522e-01	2.695563179745217863e-01	1.687231053200052289e-01	7.972968215944445380e-02	3.445803313244393679e-02	8.969219546861997849e-02
1.456168834310240300e+03	2.186080841556869436e-01	1.384021287270111034e-01	2.698659577281843913e-01	1.689302931193388257e-01	7.982083151961910650e-02	3.452315553232777889e-02	8.984954921742341338e-02
1.461006604523895703e+03	2.181235252363591393e-01	1.380609698330237944e-01	2.701738507516705523e-01	1.691363047049005974e-01	7.991146574712437722e-02	3.458793609438198108e-02	9.000594763213104477e-02
1.465844374737550879e+03	2.176417300744293570e-01	1.377217553662072047e-01	2.704800067894300164e-01	1.693411473483570906e-01	8.000158785882133250e-02	3.465237630231994548e-02	9.016139626002650509e-02
1.470682144951206283e+03	2.171626828043017599e-01	1.373844742837507238e-01	2.707844355605024123e-01	1.695448282430019604e-01	8.009120085119693366e-02	3.471647764039925005e-02	9.031590061643836320e-02
1.475519915164861459e+03	2.166863676556634033e-01	1.370491156022132229e-01	2.710871467560840853e-01	1.697473545068468592e-01	8.018030770065245894e-02	3.478024159320147746e-02	9.046946618492988923e-02
1.480357685378516862e+03	2.162127689526963936e-01	1.367156683974010689e-01	2.713881500373085398e-01	1.699487331854981076e-01	8.026891136377847791e-02	3.484366964542136291e-02	9.062209841748740391e-02
1.485195455592172038e+03	2.157418711133073375e-01	1.363841218042347037e-01	2.716874550332250005e-01	1.701489712548349409e-01	8.035701477761748868e-02	3.490676328166470582e-02	9.077380273470708749e-02
1.490033225805827215e+03	2.152736586483731673e-01	1.360544650166043978e-01	2.719850713389589947e-01	1.703480756235045135e-01	8.044462085991488376e-02	3.496952398625466363e-02	9.092458452598053964e-02
1.494870996019482618e+03	2.148081161610028433e-01	1.357266872872161245e-01	2.722810085140412450e-01	1.705460531352468445e-01	8.053173250935932725e-02	3.503195324304587271e-02	9.107444914967885441e-02
1.499708766233137567e+03	2.143452283458139318e-01	1.354007779274278844e-01	2.725752760808920483e-01	1.707429105710629447e-01	8.061835260581287632e-02	3.509405253524603557e-02	9.122340193333537683e-02
1.504546536446793198e+03	2.138849799882238389e-01	1.350767263070773716e-01	2.728678835234489286e-01	1.709386546512370875e-01	8.070448401053201271e-02	3.515582334524462033e-02	9.137144817382721051e-02
1.509384306660448374e+03	2.134273559637545337e-01	1.347545218543014234e-01	2.731588402859269071e-01	1.711332920372247990e-01	8.079012956637980636e-02	3.521726715444824934e-02	9.151859313755533742e-02
1.514222076874103550e+03	2.129723412373507596e-01	1.344341540553477821e-01	2.734481557717006184e-01	1.713268293334159476e-01	8.087529209803001606e-02	3.527838544312247859e-02	9.166484206062343321e-02
1.519059847087758726e+03	2.125199208627108483e-01	1.341156124543799455e-01	2.737358393422988367e-01	1.715192730887825923e-01	8.095997441216365442e-02	3.533917969023964850e-02	9.181020014901553061e-02
1.523897617301414357e+03	2.120700799816296334e-01	1.337988866532750232e-01	2.740219003165033085e-01	1.717106297984197227e-01	8.104417929765853068e-02	3.539965137333250106e-02	9.195467257877233680e-02
1.528735387515069533e+03	2.116228038233529118e-01	1.334839663114158748e-01	2.743063479695430074e-01	1.719009059049875499e-01	8.112790952577200732e-02	3.545980196835329945e-02	9.209826449616642652e-02
1.533573157728724709e+03	2.111780777039433676e-01	1.331708411454770313e-01	2.745891915323769306e-01	1.720901078000616202e-01	8.121116785031783081e-02	3.551963294953817962e-02	9.224098101787608917e-02
1.538410927942380113e+03	2.107358870256567929e-01	1.328595009292057594e-01	2.748704401910582740e-01	1.722782418253983594e-01	8.129395700783710599e-02	3.557914578927652560e-02	9.238282723115821826e-02
1.543248698156035516e+03	2.102962172763289395e-01	1.325499354931979068e-01	2.751501030861733255e-01	1.724653142741221223e-01	8.137627971776387192e-02	3.563834195798506327e-02	9.252380819401974377e-02
1.548086468369690692e+03	2.098590540287720296e-01	1.322421347246694467e-01	2.754281893123499136e-01	1.726513313918391357e-01	8.145813868258558466e-02	3.569722292398657543e-02	9.266392893538819009e-02
1.552924238583346096e+03	2.094243829401808699e-01	1.319360885672234140e-01	2.757047079178294724e-01	1.728362993776841883e-01	8.153953658799903415e-02	3.575579015339295369e-02	9.280319445528087408e-02
1.557762008797001272e+03	2.089921897515480409e-01	1.316317870206135110e-01	2.759796679040972811e-01	1.730202243853047606e-01	8.162047610306166767e-02	3.581404510999238594e-02	9.294160972497311768e-02
1.562599779010656675e+03	2.085624602870876365e-01	1.313292201405036885e-01	2.762530782255672723e-01	1.732031125237872560e-01	8.170095988033886092e-02	3.587198925514060999e-02	9.307917968716533652e-02
1.567437549224311852e+03	2.081351804536678840e-01	1.310283780382246743e-01	2.765249477893164665e-01	1.733849698585294696e-01	8.178099055604723389e-02	3.592962404765594198e-02	9.321590925614893497e-02
1.572275319437967255e+03	2.077103362402512587e-01	1.307292508805275033e-01	2.767952854548647590e-01	1.735658024120634024e-01	8.186057075019438634e-02	3.598695094371799630e-02	9.335180331797127140e-02
1.577113089651622431e+03	2.072879137173430641e-01	1.304318288893343003e-01	2.770641000339970073e-01	1.737456161648316677e-01	8.193970306671508053e-02	3.604397139676995127e-02	9.348686673059944385e-02
1.581950859865277607e+03	2.068678990364469505e-01	1.301361023414864815e-01	2.773314002906240860e-01	1.739244170559215430e-01	8.201839009360423205e-02	3.610068685742418709e-02	9.362110432408307648e-02
1.586788630078933011e+03	2.064502784295279558e-01	1.298420615684908463e-01	2.775971949406787487e-01	1.741022109837588872e-01	8.209663440304690307e-02	3.615709877337117129e-02	9.375452090071600963e-02
1.591626400292587959e+03	2.060350382084825682e-01	1.295496969562635881e-01	2.778614926520449058e-01	1.742790038067655034e-01	8.217443855154531185e-02	3.621320858929152897e-02	9.388712123519706021e-02
1.596464170506243590e+03	2.056221647646153672e-01	1.292589989448724164e-01	2.781243020445165470e-01	1.744548013439822243e-01	8.225180508004321933e-02	3.626901774677104839e-02	9.401891007478963003e-02
1.601301940719898766e+03	2.052116445681222145e-01	1.289699580282771540e-01	2.783856316897838634e-01	1.746296093756603274e-01	8.232873651404770676e-02	3.632452768421870481e-02	9.414989213948042612e-02
1.606139710933553943e+03	2.048034641675798573e-01	1.286825647540688067e-01	2.786454901114451821e-01	1.748034336438234471e-01	8.240523536374852465e-02	3.637973983678738366e-02	9.428007212213712629e-02
1.610977481147209119e+03	2.043976101894412756e-01	1.283968097232073835e-01	2.789038857850417719e-01	1.749762798528022578e-01	8.248130412413517965e-02	3.643465563629738613e-02	9.440945468866505930e-02
1.615815251360864750e+03	2.039940693375372482e-01	1.281126835897585525e-01	2.791608271381136874e-01	1.751481536697436225e-01	8.255694527511178715e-02	3.648927651116252308e-02	9.453804447816289980e-02
1.620653021574519926e+03	2.035928283925833859e-01	1.278301770606294074e-01	2.794163225502750425e-01	1.753190607250963429e-01	8.263216128160993934e-02	3.654360388631867212e-02	9.466584610307743342e-02
1.625490791788175102e+03	2.031938742116927155e-01	1.275492808953035129e-01	2.796703803533074351e-01	1.754890066130746495e-01	8.270695459369954705e-02	3.659763918315490916e-02	9.479286414935736427e-02
1.630328562001830505e+03	2.027971937278935655e-01	1.272699859055749505e-01	2.799230088312689713e-01	1.756579968921017643e-01	8.278132764669790533e-02	3.665138381944685331e-02	9.491910317660610941e-02
1.635166332215485909e+03	2.024027739496525591e-01	1.269922829552821708e-01	2.801742162206182774e-01	1.758260370852340604e-01	8.285528286127687159e-02	3.670483920929238503e-02	9.504456771823376060e-02
1.640004102429141085e+03	2.020106019604026304e-01	1.267161629600412343e-01	2.804240107103524449e-01	1.759931326805678486e-01	8.292882264356843391e-02	3.675800676304955689e-02	9.516926228160797752e-02
1.644841872642796488e+03	2.016206649180759536e-01	1.264416168869786916e-01	2.806724004421563556e-01	1.761592891316297038e-01	8.300194938526869737e-02	3.681088788727660682e-02	9.529319134820410375e-02
1.649679642856451665e+03	2.012329500546415351e-01	1.261686357544643533e-01	2.809193935105641082e-01	1.763245118577513593e-01	8.307466546374027427e-02	3.686348398467410165e-02	9.541635937375429755e-02
1.654517413070107068e+03	2.008474446756472187e-01	1.258972106318440032e-01	2.811649979631302143e-01	1.764888062444305572e-01	8.314697324211320351e-02	3.691579645402903731e-02	9.553877078839573267e-02
1.659355183283762244e+03	2.004641361597664928e-01	1.256273326391718903e-01	2.814092218006097323e-01	1.766521776436784652e-01	8.321887506938449586e-02	3.696782669016093759e-02	9.566042999681795278e-02
1.664192953497417420e+03	2.000830119583490441e-01	1.253589929469434705e-01	2.816520729771470610e-01	1.768146313743547970e-01	8.329037328051641653e-02	3.701957608386978460e-02	9.578134137840933759e-02
1.669030723711072824e+03	1.997040595949761410e-01	1.250921827758282590e-01	2.818935594004722267e-01	1.769761727224914427e-01	8.336147019653326884e-02	3.707104602188587839e-02	9.590150928740262537e-02
1.673868493924728000e+03	1.993272666650197089e-01	1.248268933964028354e-01	2.821336889321038877e-01	1.771368069416051350e-01	8.343216812461712317e-02	3.712223788682138953e-02	9.602093805301964435e-02
1.678706264138383403e+03	1.989526208352055126e-01	1.245631161288842659e-01	2.823724693875585001e-01	1.772965392530002626e-01	8.350246935820231087e-02	3.717315305712368123e-02	9.613963197961512830e-02
1.683544034352038352e+03	1.985801098431801137e-01	1.243008423428638431e-01	2.826099085365648689e-01	1.774553748460621083e-01	8.357237617706872457e-02	3.722379290703031751e-02	9.625759534681965768e-02
1.688381804565693983e+03	1.982097214970818255e-01	1.240400634570412025e-01	2.828460141032835828e-01	1.776133188785413985e-01	8.364189084743403613e-02	3.727415880652572983e-02	9.637483240968179599e-02
1.693219574779349159e+03	1.978414436751151084e-01	1.237807709389591032e-01	2.830807937665310026e-01	1.777703764768305827e-01	8.371101562204490143e-02	3.732425212129943104e-02	9.649134739880935174e-02
1.698057344993004335e+03	1.974752643251288242e-01	1.235229563047385848e-01	2.833142551600069670e-01	1.779265527362323684e-01	8.377975274026705499e-02	3.737407421270580454e-02	9.660714452050980783e-02
1.702895115206659511e+03	1.971111714641977652e-01	1.232666111188148172e-01	2.835464058725258862e-01	1.780818527212211233e-01	8.384810442817447473e-02	3.742362643772541991e-02	9.672222795692986264e-02
1.707732885420315142e+03	1.967491531782077918e-01	1.230117269936736035e-01	2.837772534482507769e-01	1.782362814656975047e-01	8.391607289863757535e-02	3.747291014892777800e-02	9.683660186619426347e-02
1.712570655633970318e+03	1.963891976214443835e-01	1.227582955895885758e-01	2.840068053869301834e-01	1.783898439732365393e-01	8.398366035141040242e-02	3.752192669443549233e-02	9.695027038254371010e-02
1.717408425847625494e+03	1.960312930161842715e-01	1.225063086143590996e-01	2.842350691441368760e-01	1.785425452173300676e-01	8.405086897321704942e-02	3.757067741788988613e-02	9.706323761647199511e-02
1.722246196061280898e+03	1.956754276522904568e-01	1.222557578230490105e-01	2.844620521315092132e-01	1.786943901416232217e-01	8.411770093783706159e-02	3.761916365841794230e-02	9.717550765486232534e-02
1.727083966274936301e+03	1.953215898868104761e-01	1.220066350177261560e-01	2.846877617169931707e-01	1.788453836601459346e-01	8.418415840619009050e-02	3.766738675060053027e-02	9.728708456112282466e-02
1.731921736488591478e+03	1.949697681435774432e-01	1.217589320472028114e-01	2.849122052250865900e-01	1.789955306575393423e-01	8.425024352641968806e-02	3.771534802444198586e-02	9.739797237532127339e-02
1.736759506702246881e+03	1.946199509128144767e-01	1.215126408067769004e-01	2.851353899370840939e-01	1.791448359892773567e-01	8.431595843397629575e-02	3.776304880534089164e-02	9.750817511431902895e-02
1.741597276915902057e+03	1.942721267507419303e-01	1.212677532379742851e-01	2.853573230913228898e-01	1.792933044818842414e-01	8.438130525169938723e-02	3.781049041406210620e-02	9.761769677190418326e-02
1.746435047129557461e+03	1.939262842791875108e-01	1.210242613282917490e-01	2.855780118834294057e-01	1.794409409331474414e-01	8.444628608989898644e-02	3.785767416670997310e-02	9.772654131892388740e-02
1.751272817343212637e+03	1.935824121851994761e-01	1.207821571109413405e-01	2.857974634665660929e-01	1.795877501123269993e-01	8.451090304643632534e-02	3.790460137470270247e-02	9.783471270341598247e-02
1.756110587556867813e+03	1.932404992206623595e-01	1.205414326645952716e-01	2.860156849516788946e-01	1.797337367603608904e-01	8.457515820680375218e-02	3.795127334474789754e-02	9.794221485073981159e-02
1.760948357770523216e+03	1.929005342019157465e-01	1.203020801131321899e-01	2.862326834077444926e-01	1.798789055900669454e-01	8.463905364420407085e-02	3.799769137881913589e-02	9.804905166370624092e-02
1.765786127984178393e+03	1.925625060093755780e-01	1.200640916253842977e-01	2.864484658620176649e-01	1.800232612863414960e-01	8.470259141962906135e-02	3.804385677413370248e-02	9.815522702270701449e-02
1.770623898197833569e+03	1.922264035871582566e-01	1.198274594148855399e-01	2.866630393002785326e-01	1.801668085063546365e-01	8.476577358193729261e-02	3.808977082313132895e-02	9.826074478584322092e-02
1.775461668411488745e+03	1.918922159427073060e-01	1.195921757396209706e-01	2.868764106670793623e-01	1.803095518797426799e-01	8.482860216793139396e-02	3.813543481345394587e-02	9.836560878905314942e-02
1.780299438625144376e+03	1.915599321464226401e-01	1.193582329017770505e-01	2.870885868659910911e-01	1.804514960087975628e-01	8.489107920243457728e-02	3.818085002792651061e-02	9.846982284623931325e-02
1.785137208838799552e+03	1.912295413312925796e-01	1.191256232474932480e-01	2.872995747598491856e-01	1.805926454686536120e-01	8.495320669836656235e-02	3.822601774453869561e-02	9.857339074939477919e-02
1.789974979052454728e+03	1.909010326925280054e-01	1.188943391666145710e-01	2.875093811709992231e-01	1.807330048074716755e-01	8.501498665681882227e-02	3.827093923642767292e-02	9.867631626872870598e-02
1.794812749266109904e+03	1.905743954871994272e-01	1.186643730924453050e-01	2.877180128815410853e-01	1.808725785466205882e-01	8.507642106712930141e-02	3.831561577186170381e-02	9.877860315279124448e-02
1.799650519479765535e+03	1.902496190338761051e-01	1.184357175015039454e-01	2.879254766335732074e-01	1.810113711808565840e-01	8.513751190695639792e-02	3.836004861422471351e-02	9.888025512859761890e-02
1.804488289693420711e+03	1.899266927122680304e-01	1.182083649132791847e-01	2.881317791294354391e-01	1.811493871785001264e-01	8.519826114235246051e-02	3.840423902200173351e-02	9.898127590175154200e-02
1.809326059907075887e+03	1.896056059628697388e-01	1.179823078899870786e-01	2.883369270319512401e-01	1.812866309816106303e-01	8.525867072783668843e-02	3.844818824876519714e-02	9.908166915656790863e-02
1.814163830120731291e+03	1.892863482866070091e-01	1.177575390363294755e-01	2.885409269646685426e-01	1.814231070061591566e-01	8.531874260646737929e-02	3.849189754316210965e-02	9.918143855619476756e-02
1.819001600334386467e+03	1.889689092444855334e-01	1.175340509992535004e-01	2.887437855121001151e-01	1.815588196421990264e-01	8.537847870991367716e-02	3.853536814890201612e-02	9.928058774273461340e-02
1.823839370548041643e+03	1.886532784572420574e-01	1.173118364677122466e-01	2.889455092199623154e-01	1.816937732540343797e-01	8.543788095852675180e-02	3.857860130474578819e-02	9.937912033736490125e-02
1.828677140761696819e+03	1.883394456049977406e-01	1.170908881724267298e-01	2.891461045954132336e-01	1.818279721803871540e-01	8.549695126141040880e-02	3.862159824449520884e-02	9.947703994045797860e-02
1.833514910975352450e+03	1.880274004269135713e-01	1.168711988856488831e-01	2.893455781072893362e-01	1.819614207345619239e-01	8.555569151649117243e-02	3.866436019698329951e-02	9.957435013170023996e-02
1.838352681189008081e+03	1.877171327208484730e-01	1.166527614209259822e-01	2.895439361863408889e-01	1.820941232046092151e-01	8.561410361058782725e-02	3.870688838606542448e-02	9.967105447021062936e-02
1.843190451402663257e+03	1.874086323430190493e-01	1.164355686328659573e-01	2.897411852254663800e-01	1.822260838534870420e-01	8.567218941948044619e-02	3.874918403061110295e-02	9.976715649465840718e-02
1.848028221616318433e+03	1.871018892076617979e-01	1.162196134169042189e-01	2.899373315799456674e-01	1.823573069192208906e-01	8.572995080797887746e-02	3.879124834449657749e-02	9.986265972338033425e-02
1.852865991829973609e+03	1.867968932866974352e-01	1.160048887090714687e-01	2.901323815676715157e-01	1.824877966150620368e-01	8.578738962999070405e-02	3.883308253659802783e-02	9.995756765449709258e-02
1.857703762043628785e+03	1.864936346093972463e-01	1.157913874857627728e-01	2.903263414693803002e-01	1.826175571296444200e-01	8.584450772858881473e-02	3.887468781078550623e-02	1.000518837660290677e-01
1.862541532257283961e+03	1.861921032620516558e-01	1.155791027635079127e-01	2.905192175288812684e-01	1.827465926271399366e-01	8.590130693607828105e-02	3.891606536591752513e-02	1.001456115160114652e-01
1.867379302470939592e+03	1.858922893876407689e-01	1.153680275987428588e-01	2.907110159532841354e-01	1.828749072474123438e-01	8.595778907406290137e-02	3.895721639583628326e-02	1.002387543426087324e-01
1.872217072684594768e+03	1.855941831855068558e-01	1.151581550875824533e-01	2.909017429132256249e-01	1.830025051061698604e-01	8.601395595351121748e-02	3.899814208936355081e-02	1.003313156642283849e-01
1.877054842898249490e+03	1.852977749110293060e-01	1.149494783655943264e-01	2.910914045430948449e-01	1.831293902951161567e-01	8.606980937482199001e-02	3.903884363029716531e-02	1.004232988796341236e-01
1.881892613111905121e+03	1.850030548753009429e-01	1.147419906075740764e-01	2.912800069412568305e-01	1.832555668821002626e-01	8.612535112788925751e-02	3.907932219740812424e-02	1.005147073680583147e-01
1.886730383325560297e+03	1.847100134448070585e-01	1.145356850273215460e-01	2.914675561702750883e-01	1.833810389112650596e-01	8.618058299216695139e-02	3.911957896443825355e-02	1.006055444893138306e-01
1.891568153539215928e+03	1.844186410411057242e-01	1.143305548774183333e-01	2.916540582571324758e-01	1.835058104031944970e-01	8.623550673673296973e-02	3.915961510009850072e-02	1.006958135839052526e-01
1.896405923752871104e+03	1.841289281405104894e-01	1.141265934490065526e-01	2.918395191934510802e-01	1.836298853550596688e-01	8.629012412035280688e-02	3.919943176806774121e-02	1.007855179731393935e-01
1.901243693966526507e+03	1.838408652737750226e-01	1.139237940715687597e-01	2.920239449357102113e-01	1.837532677407635595e-01	8.634443689154283619e-02	3.923903012699215404e-02	1.008746609592352239e-01
1.906081464180181683e+03	1.835544430257793624e-01	1.137221501127090584e-01	2.922073414054634499e-01	1.838759615110845957e-01	8.639844678863298211e-02	3.927841133048514538e-02	1.009632458254331455e-01
1.910919234393836859e+03	1.832696520352183889e-01	1.135216549779354683e-01	2.923897144895540867e-01	1.839979705938192822e-01	8.645215553982907308e-02	3.931757652712775108e-02	1.010512758361037100e-01
1.915757004607492036e+03	1.829864829942920712e-01	1.133223021104433487e-01	2.925710700403291176e-01	1.841192988939233111e-01	8.650556486327466710e-02	3.935652686046962889e-02	1.011387542368555603e-01
1.920594774821147894e+03	1.827049266483975476e-01	1.131240849909001811e-01	2.927514138758520179e-01	1.842399502936520050e-01	8.655867646711253027e-02	3.939526346903043236e-02	1.012256842546429003e-01
1.925432545034802843e+03	1.824249737958230366e-01	1.129269971372314774e-01	2.929307517801141292e-01	1.843599286526993175e-01	8.661149204954560199e-02	3.943378748630180231e-02	1.013120690978722427e-01
1.930270315248458019e+03	1.821466152874436917e-01	1.127310321044077829e-01	2.931090895032443244e-01	1.844792378083358331e-01	8.666401329889764082e-02	3.947210004074972606e-02	1.013979119565086295e-01
1.935108085462113195e+03	1.818698420264192595e-01	1.125361834842329434e-01	2.932864327617177302e-01	1.845978815755457969e-01	8.671624189367324598e-02	3.951020225581738932e-02	1.014832160021812008e-01
1.939945855675768371e+03	1.815946449678935148e-01	1.123424449051335650e-01	2.934627872385628944e-01	1.847158637471631726e-01	8.676817950261773993e-02	3.954809524992852071e-02	1.015679843882881100e-01
1.944783625889424002e+03	1.813210151186954167e-01	1.121498100319495705e-01	2.936381585835674546e-01	1.848331880940065064e-01	8.681982778477641272e-02	3.958578013649112493e-02	1.016522202501009553e-01
1.949621396103079178e+03	1.810489435370422895e-01	1.119582725657260469e-01	2.938125524134825861e-01	1.849498583650128203e-01	8.687118838955346090e-02	3.962325802390163909e-02	1.017359267048684873e-01
1.954459166316734354e+03	1.807784213322444489e-01	1.117678262435060493e-01	2.939859743122262836e-01	1.850658782873706998e-01	8.692226295677046854e-02	3.966053001554958879e-02	1.018191068519197912e-01
1.959296936530389530e+03	1.805094396644118249e-01	1.115784648381247940e-01	2.941584298310845891e-01	1.851812515666521608e-01	8.697305311672456907e-02	3.969759720982252854e-02	1.019017637727668846e-01
1.964134706744044706e+03	1.802419897441621954e-01	1.113901821580048218e-01	2.943299244889122090e-01	1.852959818869438224e-01	8.702356049024612128e-02	3.973446070011146108e-02	1.019839005312066504e-01
1.968972476957700337e+03	1.799760628323313350e-01	1.112029720469525085e-01	2.945004637723316887e-01	1.854100729109767753e-01	8.707378668875605243e-02	3.977112157481665217e-02	1.020655201734223111e-01
1.973810247171355968e+03	1.797116502396845505e-01	1.110168283839554626e-01	2.946700531359306985e-01	1.855235282802559227e-01	8.712373331432275714e-02	3.980758091735375759e-02	1.021466257280841533e-01
1.978648017385010689e+03	1.794487433266303000e-01	1.108317450829812978e-01	2.948386980024585435e-01	1.856363516151882109e-01	8.717340195971863548e-02	3.984383980616036658e-02	1.022272202064498647e-01
1.983485787598666320e+03	1.791873335029352532e-01	1.106477160927774039e-01	2.950064037630212854e-01	1.857485465152099169e-01	8.722279420847628417e-02	3.987989931470289906e-02	1.023073066024641486e-01
1.988323557812321269e+03	1.789274122274409629e-01	1.104647353966719259e-01	2.951731757772753095e-01	1.858601165589129911e-01	8.727191163494427140e-02	3.991576051148383597e-02	1.023868878928578252e-01
1.993161328025976900e+03	1.786689710077826176e-01	1.102827970123757828e-01	2.953390193736196156e-01	1.859710653041708461e-01	8.732075580434252304e-02	3.995142446004931736e-02	1.024659670372463638e-01
1.997999098239632076e+03	1.784120014001089327e-01	1.101018949917858952e-01	2.955039398493871095e-01	1.860813962882628958e-01	8.736932827281734815e-02	3.998689221899699719e-02	1.025445469782278463e-01
2.002836868453287707e+03	1.781564950088039556e-01	1.099220234207895081e-01	2.956679424710343396e-01	1.861911130279984006e-01	8.741763058749611737e-02	4.002216484198435620e-02	1.026226306414803474e-01
2.007674638666942428e+03	1.779024434862106208e-01	1.097431764190695686e-01	2.958310324743298469e-01	1.863002190198394248e-01	8.746566428654155290e-02	4.005724337773716032e-02	1.027002209358588020e-01
2.012512408880597604e+03	1.776498385323556084e-01	1.095653481399112839e-01	2.959932150645417370e-01	1.864087177400230444e-01	8.751343089920565754e-02	4.009212887005837028e-02	1.027773207534912747e-01
2.017350179094252780e+03	1.773986718946760077e-01	1.093885327700096777e-01	2.961544954166234200e-01	1.865166126446825556e-01	8.756093194588326911e-02	4.012682235783725931e-02	1.028539329698747451e-01
2.022187949307908411e+03	1.771489353677476453e-01	1.092127245292783821e-01	2.963148786753984631e-01	1.866239071699679897e-01	8.760816893816533724e-02	4.016132487505885695e-02	1.029300604439702116e-01
2.027025719521564042e+03	1.769006207930148011e-01	1.090379176706594150e-01	2.964743699557439438e-01	1.867306047321658780e-01	8.765514337889171448e-02	4.019563745081367739e-02	1.030057060182973799e-01
2.031863489735218764e+03	1.766537200585217293e-01	1.088641064799340530e-01	2.966329743427728594e-01	1.868367087278179905e-01	8.770185676220369764e-02	4.022976110930767679e-02	1.030808725190287822e-01
2.036701259948874394e+03	1.764082250986454825e-01	1.086912852755348297e-01	2.967906968920149824e-01	1.869422225338394083e-01	8.774831057359619435e-02	4.026369686987255059e-02	1.031555627560832855e-01
2.041539030162529116e+03	1.761641278938305410e-01	1.085194484083585181e-01	2.969475426295969389e-01	1.870471495076357904e-01	8.779450628996954276e-02	4.029744574697622511e-02	1.032297795232191423e-01
2.046376800376184747e+03	1.759214204703248574e-01	1.083485902615802937e-01	2.971035165524204547e-01	1.871514929872199751e-01	8.784044537968097033e-02	4.033100875023361287e-02	1.033035255981264999e-01
2.051214570589840150e+03	1.756800948999174550e-01	1.081787052504688817e-01	2.972586236283399352e-01	1.872552562913275820e-01	8.788612930259573353e-02	4.036438688441766620e-02	1.033768037425193548e-01
2.056052340803495554e+03	1.754401432996775811e-01	1.080097878222028018e-01	2.974128687963386586e-01	1.873584427195319757e-01	8.793155951013797988e-02	4.039758114947056278e-02	1.034496167022269514e-01
2.060890111017150957e+03	1.752015578316953592e-01	1.078418324556876112e-01	2.975662569667038015e-01	1.874610555523585353e-01	8.797673744534115214e-02	4.043059254051525192e-02	1.035219672072847374e-01
2.065727881230805451e+03	1.749643307028238559e-01	1.076748336613742446e-01	2.977187930212003564e-01	1.875630980513980084e-01	8.802166454289808706e-02	4.046342204786709806e-02	1.035938579720247221e-01
2.070565651444461309e+03	1.747284541644229250e-01	1.075087859810783808e-01	2.978704818132435483e-01	1.876645734594192816e-01	8.806634222921096156e-02	4.049607065704585035e-02	1.036652916951653902e-01
2.075403421658116713e+03	1.744939205121042169e-01	1.073436839878007948e-01	2.980213281680705872e-01	1.877654850004812637e-01	8.811077192244065603e-02	4.052853934878773018e-02	1.037362710599010057e-01
2.080241191871772116e+03	1.742607220854777983e-01	1.071795222855488616e-01	2.981713368829109756e-01	1.878658358800442130e-01	8.815495503255596499e-02	4.056082909905779632e-02	1.038067987339905129e-01
2.085078962085427065e+03	1.740288512679003530e-01	1.070162955091589346e-01	2.983205127271559842e-01	1.879656292850801214e-01	8.819889296138241908e-02	4.059294087906248349e-02	1.038768773698458686e-01
2.089916732299082469e+03	1.737983004862245218e-01	1.068539983241198199e-01	2.984688604425262404e-01	1.880648683841825985e-01	8.824258710265087124e-02	4.062487565526230054e-02	1.039465096046198050e-01
2.094754502512737417e+03	1.735690622105501846e-01	1.066926254263973056e-01	2.986163847432390384e-01	1.881635563276758683e-01	8.828603884204561103e-02	4.065663438938477842e-02	1.040156980602932740e-01
2.099592272726392821e+03	1.733411289539767142e-01	1.065321715422595933e-01	2.987630903161744289e-01	1.882616962477232647e-01	8.832924955725232619e-02	4.068821803843754997e-02	1.040844453437621553e-01
2.104430042940048224e+03	1.731144932723568952e-01	1.063726314281037699e-01	2.989089818210396432e-01	1.883592912584346746e-01	8.837222061800570350e-02	4.071962755472161022e-02	1.041527540469237012e-01
2.109267813153704083e+03	1.728891477640522312e-01	1.062139998702833626e-01	2.990540638905329063e-01	1.884563444559737844e-01	8.841495338613666877e-02	4.075086388584479163e-02	1.042206267467622877e-01
2.114105583367359031e+03	1.726650850696896389e-01	1.060562716849367260e-01	2.991983411305059737e-01	1.885528589186641624e-01	8.845744921561936314e-02	4.078192797473532971e-02	1.042880660054348457e-01
2.118943353581013525e+03	1.724422978719196697e-01	1.058994417178165254e-01	2.993418181201258355e-01	1.886488377070948685e-01	8.849970945261784183e-02	4.081282075965564360e-02	1.043550743703556272e-01
2.123781123794669384e+03	1.722207788951759244e-01	1.057435048441202341e-01	2.994844994120349768e-01	1.887442838642255649e-01	8.854173543553245374e-02	4.084354317421626940e-02	1.044216543742806647e-01
2.128618894008324787e+03	1.720005209054359385e-01	1.055884559683214624e-01	2.996263895325106952e-01	1.888392004154905712e-01	8.858352849504586013e-02	4.087409614738991837e-02	1.044878085353915936e-01
2.133456664221980191e+03	1.717815167099835671e-01	1.054342900240023695e-01	2.997674929816238065e-01	1.889335903689025598e-01	8.862508995416887303e-02	4.090448060352568777e-02	1.045535393573790994e-01
2.138294434435635139e+03	1.715637591571726184e-01	1.052810019736869634e-01	2.999078142333956309e-01	1.890274567151554452e-01	8.866642112828594657e-02	4.093469746236340356e-02	1.046188493295258787e-01
2.143132204649290543e+03	1.713472411361918746e-01	1.051285868086754699e-01	3.000473577359543675e-01	1.891208024277266364e-01	8.870752332520032146e-02	4.096474763904812966e-02	1.046837409267890318e-01
2.147969974862945492e+03	1.711319555768314182e-01	1.049770395488795194e-01	3.001861279116902481e-01	1.892136304629788157e-01	8.874839784517896124e-02	4.099463204414476036e-02	1.047482166098821083e-01
2.152807745076601350e+03	1.709178954492504288e-01	1.048263552426583617e-01	3.003241291574098026e-01	1.893059437602606365e-01	8.878904598099721102e-02	4.102435158365276557e-02	1.048122788253565696e-01
2.157645515290255844e+03	1.707050537637462839e-01	1.046765289666560239e-01	3.004613658444890700e-01	1.893977452420073371e-01	8.882946901798302597e-02	4.105390715902108162e-02	1.048759300056828908e-01
2.162483285503912157e+03	1.704934235705248269e-01	1.045275558256393705e-01	3.005978423190258098e-01	1.894890378138402998e-01	8.886966823406114435e-02	4.108329966716304377e-02	1.049391725693311489e-01
2.167321055717567106e+03	1.702829979594722154e-01	1.043794309523370795e-01	3.007335629019907697e-01	1.895798243646661663e-01	8.890964489979680252e-02	4.111253000047149914e-02	1.050020089208510837e-01
2.172158825931222509e+03	1.700737700599278812e-01	1.042321495072796450e-01	3.008685318893776217e-01	1.896701077667753421e-01	8.894940027843921404e-02	4.114159904683401675e-02	1.050644414509518398e-01
2.176996596144877003e+03	1.698657330404588772e-01	1.040857066786401441e-01	3.010027535523526754e-01	1.897598908759396685e-01	8.898893562596484064e-02	4.117050768964815310e-02	1.051264725365811531e-01
2.181834366358532861e+03	1.696588801086356124e-01	1.039400976820760436e-01	3.011362321374025930e-01	1.898491765315098445e-01	8.902825219112031618e-02	4.119925680783690508e-02	1.051881045410041210e-01
2.186672136572187810e+03	1.694532045108086693e-01	1.037953177605718813e-01	3.012689718664822713e-01	1.899379675565118775e-01	8.906735121546507927e-02	4.122784727586416287e-02	1.052493398138814873e-01
2.191509906785843214e+03	1.692486995318871201e-01	1.036513621842828220e-01	3.014009769371605585e-01	1.900262667577431730e-01	8.910623393341388088e-02	4.125627996375031553e-02	1.053101806913475103e-01
2.196347676999498617e+03	1.690453584951179533e-01	1.035082262503791706e-01	3.015322515227663036e-01	1.901140769258678476e-01	8.914490157227883405e-02	4.128455573708793291e-02	1.053706294960873868e-01
2.201185447213154021e+03	1.688431747618668322e-01	1.033659052828917041e-01	3.016627997725321864e-01	1.902014008355116526e-01	8.918335535231129707e-02	4.131267545705750305e-02	1.054306885374142327e-01
2.206023217426809424e+03	1.686421417314001858e-01	1.032243946325579614e-01	3.017926258117387128e-01	1.902882412453560657e-01	8.922159648674349297e-02	4.134063998044331528e-02	1.054903601113456185e-01
2.210860987640464373e+03	1.684422528406684938e-01	1.030836896766693933e-01	3.019217337418566016e-01	1.903746008982319382e-01	8.925962618182989305e-02	4.136845015964935035e-02	1.055496465006796336e-01
2.215698757854119776e+03	1.682435015640906806e-01	1.029437858189193589e-01	3.020501276406885038e-01	1.904604825212126151e-01	8.929744563688826742e-02	4.139610684271528840e-02	1.056085499750705758e-01
2.220536528067775180e+03	1.680458814133400924e-01	1.028046784892520382e-01	3.021778115625096683e-01	1.905458888257063055e-01	8.933505604434047176e-02	4.142361087333255865e-02	1.056670727911041552e-01
2.225374298281430583e+03	1.678493859371312236e-01	1.026663631437122193e-01	3.023047895382078298e-01	1.906308225075479812e-01	8.937245858975315094e-02	4.145096309086047925e-02	1.057252171923722950e-01
2.230212068495085077e+03	1.676540087210081909e-01	1.025288352642959311e-01	3.024310655754224308e-01	1.907152862470907206e-01	8.940965445187790128e-02	4.147816433034245964e-02	1.057829854095475586e-01
2.235049838708740936e+03	1.674597433871340968e-01	1.023920903588018683e-01	3.025566436586821228e-01	1.907992827092964416e-01	8.944664480269146067e-02	4.150521542252224444e-02	1.058403796604569930e-01
2.239887608922396339e+03	1.672665835940815304e-01	1.022561239606838424e-01	3.026815277495423784e-01	1.908828145438260238e-01	8.948343080743546840e-02	4.153211719386024070e-02	1.058974021501557089e-01
2.244725379136052197e+03	1.670745230366246226e-01	1.021209316289038854e-01	3.028057217867216599e-01	1.909658843851290144e-01	8.952001362465605849e-02	4.155887046654987288e-02	1.059540550709999890e-01
2.249563149349706237e+03	1.668835554455319614e-01	1.019865089477863251e-01	3.029292296862370337e-01	1.910484948525326965e-01	8.955639440624311998e-02	4.158547605853399332e-02	1.060103406027199380e-01
2.254400919563362095e+03	1.666936745873609238e-01	1.018528515268726509e-01	3.030520553415382845e-01	1.911306485503305175e-01	8.959257429746947388e-02	4.161193478352138986e-02	1.060662609124917860e-01
2.259238689777017044e+03	1.665048742642530055e-01	1.017199550007772541e-01	3.031742026236419196e-01	1.912123480678702137e-01	8.962855443702963387e-02	4.163824745100327268e-02	1.061218181550096784e-01
2.264076459990672902e+03	1.663171483137304008e-01	1.015878150290439180e-01	3.032956753812641737e-01	1.912935959796410457e-01	8.966433595707842819e-02	4.166441486626982355e-02	1.061770144725572018e-01
