1.001418434226643626e+03	2.857838715632238236e-01	1.702907303356982482e-01	2.339754978685746334e-01	1.423050803073188930e-01	6.955381762303280979e-02	2.779465726927884267e-02	7.029634503283427316e-02
1.002869765290740247e+03	2.855206511261754176e-01	1.701320581529743026e-01	2.341515880478959866e-01	1.424140837234232071e-01	6.959914147993484512e-02	2.781842786267119463e-02	7.036404960688653898e-02
1.004321096354836754e+03	2.852578854235301997e-01	1.699736600963369093e-01	2.343273684695841019e-01	1.425228956769397093e-01	6.964438655070367967e-02	2.784216300448081813e-02	7.043164077838603987e-02
1.005772427418933376e+03	2.849955736689402941e-01	1.698155356917102066e-01	2.345028396708617735e-01	1.426315165247250827e-01	6.968955297567223928e-02	2.786586275267016743e-02	7.049911871538161456e-02
1.007223758483029997e+03	2.847337150774221226e-01	1.696576844658412020e-01	2.346780021880222888e-01	1.427399466228092273e-01	6.973464089489909978e-02	2.788952716509951121e-02	7.056648358586788128e-02
1.008675089547126618e+03	2.844723088653540177e-01	1.695001059462983295e-01	2.348528565564309001e-01	1.428481863263982854e-01	6.977965044816919482e-02	2.791315629952716149e-02	7.063373555778337809e-02
1.010126420611223239e+03	2.842113542504738910e-01	1.693427996614699782e-01	2.350274033105265170e-01	1.429562359898779444e-01	6.982458177499459295e-02	2.793675021360967139e-02	7.070087479900866168e-02
1.011577751675319632e+03	2.839508504518766796e-01	1.691857651405631047e-01	2.352016429838232614e-01	1.430640959668164902e-01	6.986943501461513606e-02	2.796030896490205725e-02	7.076790147736447545e-02
1.013029082739416367e+03	2.836907966900121258e-01	1.690290019136017341e-01	2.353755761089121878e-01	1.431717666099679431e-01	6.991421030599929975e-02	2.798383261085800322e-02	7.083481576060990381e-02
1.014480413803512761e+03	2.834311921866822792e-01	1.688725095114255725e-01	2.355492032174626993e-01	1.432792482712751669e-01	6.995890778784479014e-02	2.800732120883007992e-02	7.090161781644059580e-02
1.015931744867609382e+03	2.831720361650391649e-01	1.687162874656885359e-01	2.357225248402242956e-01	1.433865413018729773e-01	7.000352759857934870e-02	2.803077481606994908e-02	7.096830781248691933e-02
1.017383075931706003e+03	2.829133278495822856e-01	1.685603353088572787e-01	2.358955415070281281e-01	1.434936460520911117e-01	7.004806987636143234e-02	2.805419348972858565e-02	7.103488591631228199e-02
1.018834406995802851e+03	2.826550664661565682e-01	1.684046525742098066e-01	2.360682537467885533e-01	1.436005628714573934e-01	7.009253475908092113e-02	2.807757728685646159e-02	7.110135229541132695e-02
1.020285738059899245e+03	2.823972512419497538e-01	1.682492387958340885e-01	2.362406620875047991e-01	1.437072921087006183e-01	7.013692238435985382e-02	2.810092626440378535e-02	7.116770711720817044e-02
1.021737069123995752e+03	2.821398814054898452e-01	1.680940935086264743e-01	2.364127670562624350e-01	1.438138341117537466e-01	7.018123288955310790e-02	2.812424047922068918e-02	7.123395054905473645e-02
1.023188400188092373e+03	2.818829561866432187e-01	1.679392162482904738e-01	2.365845691792350658e-01	1.439201892277566230e-01	7.022546641174913507e-02	2.814751998805744768e-02	7.130008275822906361e-02
1.024639731252188767e+03	2.816264748166119603e-01	1.677846065513351193e-01	2.367560689816858577e-01	1.440263578030592240e-01	7.026962308777064126e-02	2.817076484756467214e-02	7.136610391193355662e-02
1.026091062316285615e+03	2.813704365279314779e-01	1.676302639550737439e-01	2.369272669879691484e-01	1.441323401832244333e-01	7.031370305417526667e-02	2.819397511429352909e-02	7.143201417729343194e-02
1.027542393380382237e+03	2.811148405544683926e-01	1.674761879976224832e-01	2.370981637215319737e-01	1.442381367130309844e-01	7.035770644725632128e-02	2.821715084469593460e-02	7.149781372135501079e-02
1.028993724444478858e+03	2.808596861314178739e-01	1.673223782178987484e-01	2.372687597049156494e-01	1.443437477364764299e-01	7.040163340304345096e-02	2.824029209512476934e-02	7.156350271108410932e-02
1.030445055508575479e+03	2.806049724953016411e-01	1.671688341556200608e-01	2.374390554597574643e-01	1.444491735967800283e-01	7.044548405730328977e-02	2.826339892183407990e-02	7.162908131336442885e-02
1.031896386572671872e+03	2.803506988839655212e-01	1.670155553513023583e-01	2.376090515067920128e-01	1.445544146363855753e-01	7.048925854554022319e-02	2.828647138097926950e-02	7.169454969499595987e-02
1.033347717636768493e+03	2.800968645365769505e-01	1.668625413462588580e-01	2.377787483658529988e-01	1.446594711969642622e-01	7.053295700299702653e-02	2.830950952861732706e-02	7.175990802269345548e-02
1.034799048700865114e+03	2.798434686936228655e-01	1.667097916825984460e-01	2.379481465558746234e-01	1.447643436194176181e-01	7.057657956465551718e-02	2.833251342070700063e-02	7.182515646308479385e-02
1.036250379764961508e+03	2.795905105969072602e-01	1.665573059032244285e-01	2.381172465948932782e-01	1.448690322438801470e-01	7.062012636523727627e-02	2.835548311310901945e-02	7.189029518270950714e-02
1.037701710829058356e+03	2.793379894895487991e-01	1.664050835518329774e-01	2.382860490000489051e-01	1.449735374097223251e-01	7.066359753920431475e-02	2.837841866158628823e-02	7.195532434801728272e-02
1.039153041893154750e+03	2.790859046159788193e-01	1.662531241729118259e-01	2.384545542875868285e-01	1.450778594555532652e-01	7.070699322075971183e-02	2.840132012180407450e-02	7.202024412536635334e-02
1.040604372957251599e+03	2.788342552219387205e-01	1.661014273117389084e-01	2.386227629728590593e-01	1.451819987192235484e-01	7.075031354384829496e-02	2.842418754933023067e-02	7.208505468102212321e-02
1.042055704021347992e+03	2.785830405544777455e-01	1.659499925143809451e-01	2.387906755703259887e-01	1.452859555378279155e-01	7.079355864215730598e-02	2.844702099963538483e-02	7.214975618115562761e-02
1.043507035085444613e+03	2.783322598619507038e-01	1.657988193276919431e-01	2.389582925935578583e-01	1.453897302477081266e-01	7.083672864911708111e-02	2.846982052809313157e-02	7.221434879184210343e-02
1.044958366149541234e+03	2.780819123940156956e-01	1.656479072993120027e-01	2.391256145552363710e-01	1.454933231844555142e-01	7.087982369790167547e-02	2.849258618998022977e-02	7.227883267905953202e-02
1.046409697213637855e+03	2.778319974016317806e-01	1.654972559776657359e-01	2.392926419671561333e-01	1.455967346829137865e-01	7.092284392142952920e-02	2.851531804047681765e-02	7.234320800868726531e-02
1.047861028277734476e+03	2.775825141370566462e-01	1.653468649119611000e-01	2.394593753402262382e-01	1.456999650771817756e-01	7.096578945236413360e-02	2.853801613466658629e-02	7.240747494650454086e-02
1.049312359341831097e+03	2.773334618538445540e-01	1.651967336521877883e-01	2.396258151844718742e-01	1.458030147006159349e-01	7.100866042311465565e-02	2.856068052753699127e-02	7.247163365818914960e-02
1.050763690405927491e+03	2.770848398068437857e-01	1.650468617491160639e-01	2.397919620090357695e-01	1.459058838858331708e-01	7.105145696583661796e-02	2.858331127397944343e-02	7.253568430931604805e-02
1.052215021470024112e+03	2.768366472521945898e-01	1.648972487542952614e-01	2.399578163221797455e-01	1.460085729647133679e-01	7.109417921243246785e-02	2.860590842878949283e-02	7.259962706535598442e-02
1.053666352534120733e+03	2.765888834473266278e-01	1.647478942200524543e-01	2.401233786312862439e-01	1.461110822684020538e-01	7.113682729455232667e-02	2.862847204666704726e-02	7.266346209167416637e-02
1.055117683598217127e+03	2.763415476509570867e-01	1.645987976994910396e-01	2.402886494428598252e-01	1.462134121273130083e-01	7.117940134359454496e-02	2.865100218221654227e-02	7.272718955352890091e-02
1.056569014662313975e+03	2.760946391230881258e-01	1.644499587464895163e-01	2.404536292625287508e-01	1.463155628711308165e-01	7.122190149070635468e-02	2.867349888994714935e-02	7.279080961607033162e-02
1.058020345726410369e+03	2.758481571250046560e-01	1.643013769156998760e-01	2.406183185950464265e-01	1.464175348288135337e-01	7.126432786678450759e-02	2.869596222427294938e-02	7.285432244433907856e-02
1.059471676790506763e+03	2.756021009192722304e-01	1.641530517625465480e-01	2.407827179442929844e-01	1.465193283285951276e-01	7.130668060247591367e-02	2.871839223951315467e-02	7.291772820326501703e-02
1.060923007854603611e+03	2.753564697697348240e-01	1.640049828432247614e-01	2.409468278132767260e-01	1.466209436979881986e-01	7.134895982817826554e-02	2.874078898989227554e-02	7.298102705766593146e-02
1.062374338918700232e+03	2.751112629415123911e-01	1.638571697146993245e-01	2.411106487041357327e-01	1.467223812637862557e-01	7.139116567404062141e-02	2.876315252954031801e-02	7.304421917224632188e-02
1.063825669982796853e+03	2.748664797009986449e-01	1.637096119347033474e-01	2.412741811181392804e-01	1.468236413520664085e-01	7.143329826996409893e-02	2.878548291249297120e-02	7.310730471159614108e-02
1.065277001046893474e+03	2.746221193158590035e-01	1.635623090617367437e-01	2.414374255556894500e-01	1.469247242881918936e-01	7.147535774560244415e-02	2.880778019269180854e-02	7.317028384018954557e-02
1.066728332110990095e+03	2.743781810550282585e-01	1.634152606550649534e-01	2.416003825163224317e-01	1.470256303968144329e-01	7.151734423036261445e-02	2.883004442398446471e-02	7.323315672238368823e-02
1.068179663175086489e+03	2.741346641887082991e-01	1.632684662747175830e-01	2.417630524987102736e-01	1.471263600018768158e-01	7.155925785340547240e-02	2.885227566012482300e-02	7.329592352241755260e-02
1.069630994239183110e+03	2.738915679883660026e-01	1.631219254814871011e-01	2.419254360006621585e-01	1.472269134266152302e-01	7.160109874364636862e-02	2.887447395477320961e-02	7.335858440441074546e-02
1.071082325303279504e+03	2.736488917267308474e-01	1.629756378369273950e-01	2.420875335191260969e-01	1.473272909935618713e-01	7.164286702975569687e-02	2.889663936149658441e-02	7.342113953236228951e-02
1.072533656367376352e+03	2.734066346777929146e-01	1.628296029033525771e-01	2.422493455501902870e-01	1.474274930245471904e-01	7.168456284015956026e-02	2.891877193376871796e-02	7.348358907014948538e-02
1.073984987431472746e+03	2.731647961168005012e-01	1.626838202438355974e-01	2.424108725890845861e-01	1.475275198407024757e-01	7.172618630304036791e-02	2.894087172497038229e-02	7.354593318152682913e-02
1.075436318495569594e+03	2.729233753202579549e-01	1.625382894222067998e-01	2.425721151301821199e-01	1.476273717624621007e-01	7.176773754633741786e-02	2.896293878838953478e-02	7.360817203012477716e-02
1.076887649559666215e+03	2.726823715659236202e-01	1.623930100030527568e-01	2.427330736670006706e-01	1.477270491095659943e-01	7.180921669774746607e-02	2.898497317722151592e-02	7.367030577944867764e-02
1.078338980623762609e+03	2.724417841328073964e-01	1.622479815517148816e-01	2.428937486922041755e-01	1.478265522010619726e-01	7.185062388472536477e-02	2.900697494456920544e-02	7.373233459287767411e-02
1.079790311687859230e+03	2.722016123011687383e-01	1.621032036342880123e-01	2.430541406976042262e-01	1.479258813553082086e-01	7.189195923448467307e-02	2.902894414344323396e-02	7.379425863366360916e-02
1.081241642751955851e+03	2.719618553525143256e-01	1.619586758176192187e-01	2.432142501741615392e-01	1.480250368899753421e-01	7.193322287399817050e-02	2.905088082676215988e-02	7.385607806492988647e-02
1.082692973816052472e+03	2.717225125695960086e-01	1.618143976693064978e-01	2.433740776119874549e-01	1.481240191220490332e-01	7.197441492999850920e-02	2.907278504735263600e-02	7.391779304967049935e-02
1.084144304880149093e+03	2.714835832364085322e-01	1.616703687576972470e-01	2.435336235003453254e-01	1.482228283678321823e-01	7.201553552897881072e-02	2.909465685794962106e-02	7.397940375074889274e-02
1.085595635944245487e+03	2.712450666381873710e-01	1.615265886518871818e-01	2.436928883276520685e-01	1.483214649429472343e-01	7.205658479719316556e-02	2.911649631119653595e-02	7.404091033089697793e-02
1.087046967008342108e+03	2.710069620614067309e-01	1.613830569217189481e-01	2.438518725814796118e-01	1.484199291623384820e-01	7.209756286065731323e-02	2.913830345964545099e-02	7.410231295271405005e-02
1.088498298072438729e+03	2.707692687937769405e-01	1.612397731377808174e-01	2.440105767485563071e-01	1.485182213402742590e-01	7.213846984514914185e-02	2.916007835575728027e-02	7.416361177866581667e-02
1.089949629136535123e+03	2.705319861242428403e-01	1.610967368714052994e-01	2.441690013147684857e-01	1.486163417903493544e-01	7.217930587620928484e-02	2.918182105190195164e-02	7.422480697108337078e-02
1.091400960200631971e+03	2.702951133429812303e-01	1.609539476946678926e-01	2.443271467651618178e-01	1.487142908254871776e-01	7.222007107914174551e-02	2.920353160035857668e-02	7.428589869216220554e-02
1.092852291264728365e+03	2.700586497413987042e-01	1.608114051803858358e-01	2.444850135839428118e-01	1.488120687579419510e-01	7.226076557901439656e-02	2.922521005331564156e-02	7.434688710396121503e-02
1.094303622328825213e+03	2.698225946121298735e-01	1.606691089021167751e-01	2.446426022544803125e-01	1.489096758993010139e-01	7.230138950065957693e-02	2.924685646287119092e-02	7.440777236840173670e-02
1.095754953392921607e+03	2.695869472490348695e-01	1.605270584341573770e-01	2.447999132593069449e-01	1.490071125604869873e-01	7.234194296867467455e-02	2.926847088103300132e-02	7.446855464726662155e-02
1.097206284457018228e+03	2.693517069471972336e-01	1.603852533515421341e-01	2.449569470801204185e-01	1.491043790517600220e-01	7.238242610742265382e-02	2.929005335971875124e-02	7.452923410219923495e-02
1.098657615521114849e+03	2.691168730029219192e-01	1.602436932300420336e-01	2.451137041977851649e-01	1.492014756827198807e-01	7.242283904103266612e-02	2.931160395075620845e-02	7.458981089470252679e-02
1.100108946585211470e+03	2.688824447137330709e-01	1.601023776461633352e-01	2.452701850923336979e-01	1.492984027623082133e-01	7.246318189340053562e-02	2.933312270588340348e-02	7.465028518613818498e-02
1.101560277649308091e+03	2.686484213783718045e-01	1.599613061771461564e-01	2.454263902429679733e-01	1.493951605988106668e-01	7.250345478818941147e-02	2.935460967674880309e-02	7.471065713772559458e-02
1.103011608713404712e+03	2.684148022967942082e-01	1.598204784009633339e-01	2.455823201280609991e-01	1.494917494998590224e-01	7.254365784883022583e-02	2.937606491491148719e-02	7.477092691054108842e-02
1.104462939777501106e+03	2.681815867701692890e-01	1.596798938963189252e-01	2.457379752251581673e-01	1.495881697724334436e-01	7.258379119852234607e-02	2.939748847184132929e-02	7.483109466551690625e-02
1.105914270841597499e+03	2.679487741008765300e-01	1.595395522426471813e-01	2.458933560109786420e-01	1.496844217228643914e-01	7.262385496023401887e-02	2.941888039891916301e-02	7.489116056344041761e-02
1.107365601905694348e+03	2.677163635925041696e-01	1.593994530201111037e-01	2.460484629614169694e-01	1.497805056568349003e-01	7.266384925670300865e-02	2.944024074743696595e-02	7.495112476495324749e-02
1.108816932969790741e+03	2.674843545498467590e-01	1.592595958096012232e-01	2.462032965515442151e-01	1.498764218793826875e-01	7.270377421043708321e-02	2.946156956859802278e-02	7.501098743055037432e-02
1.110268264033887590e+03	2.672527462789032748e-01	1.591199801927342949e-01	2.463578572556097412e-01	1.499721706949020961e-01	7.274362994371456892e-02	2.948286691351710911e-02	7.507074872057931114e-02
1.111719595097984211e+03	2.670215380868748434e-01	1.589806057518520221e-01	2.465121455470423162e-01	1.500677524071463154e-01	7.278341657858493352e-02	2.950413283322065455e-02	7.513040879523925908e-02
1.113170926162080832e+03	2.667907292821628529e-01	1.588414720700198346e-01	2.466661618984517801e-01	1.501631673192293515e-01	7.282313423686927190e-02	2.952536737864692312e-02	7.518996781458030243e-02
1.114622257226177226e+03	2.665603191743666778e-01	1.587025787310256675e-01	2.468199067816302383e-01	1.502584157336281367e-01	7.286278304016088891e-02	2.954657060064618326e-02	7.524942593850257599e-02
1.116073588290273847e+03	2.663303070742814027e-01	1.585639253193785181e-01	2.469733806675536714e-01	1.503534979521845838e-01	7.290236310982578516e-02	2.956774254998087437e-02	7.530878332675546016e-02
1.117524919354370468e+03	2.661006922938963237e-01	1.584255114203073356e-01	2.471265840263832114e-01	1.504484142761075838e-01	7.294187456700325367e-02	2.958888327732578025e-02	7.536804013893678988e-02
1.118976250418467089e+03	2.658714741463922282e-01	1.582873366197597165e-01	2.472795173274666969e-01	1.505431650059749771e-01	7.298131753260631016e-02	2.960999283326820955e-02	7.542719653449211914e-02
1.120427581482563710e+03	2.656426519461397295e-01	1.581494005044006557e-01	2.474321810393398935e-01	1.506377504417356628e-01	7.302069212732234527e-02	2.963107126830814494e-02	7.548625267271386052e-02
1.121878912546660331e+03	2.654142250086968802e-01	1.580117026616112696e-01	2.475845756297281042e-01	1.507321708827114581e-01	7.305999847161356864e-02	2.965211863285843394e-02	7.554520871274057747e-02
1.123330243610756725e+03	2.651861926508073952e-01	1.578742426794875198e-01	2.477367015655473903e-01	1.508264266275992360e-01	7.309923668571756405e-02	2.967313497724493807e-02	7.560406481355622099e-02
1.124781574674853118e+03	2.649585541903983765e-01	1.577370201468390742e-01	2.478885593129060982e-01	1.509205179744728675e-01	7.313840688964780290e-02	2.969412035170672370e-02	7.566282113398939413e-02
1.126232905738949967e+03	2.647313089465783142e-01	1.576000346531878649e-01	2.480401493371061084e-01	1.510144452207850263e-01	7.317750920319415764e-02	2.971507480639621127e-02	7.572147783271258870e-02
1.127684236803046360e+03	2.645044562396349774e-01	1.574632857887670878e-01	2.481914721026445003e-01	1.511082086633694088e-01	7.321654374592342918e-02	2.973599839137936254e-02	7.578003506824150526e-02
1.129135567867143209e+03	2.642779953910334712e-01	1.573267731445197326e-01	2.483425280732146911e-01	1.512018085984424276e-01	7.325551063717986033e-02	2.975689115663581602e-02	7.583849299893430373e-02
1.130586898931239830e+03	2.640519257234139605e-01	1.571904963120974719e-01	2.484933177117079062e-01	1.512952453216052651e-01	7.329440999608569096e-02	2.977775315205908810e-02	7.589685178299090951e-02
1.132038229995336451e+03	2.638262465605898388e-01	1.570544548838593846e-01	2.486438414802146779e-01	1.513885191278458442e-01	7.333324194154157427e-02	2.979858442745671882e-02	7.595511157845233341e-02
1.133489561059432845e+03	2.636009572275455626e-01	1.569186484528707071e-01	2.487940998400259562e-01	1.514816303115405494e-01	7.337200659222720134e-02	2.981938503255044531e-02	7.601327254319992233e-02
1.134940892123529466e+03	2.633760570504346532e-01	1.567830766129016118e-01	2.489440932516348293e-01	1.515745791664563358e-01	7.341070406660171743e-02	2.984015501697636838e-02	7.607133483495479020e-02
1.136392223187626087e+03	2.631515453565776985e-01	1.566477389584259583e-01	2.490938221747376613e-01	1.516673659857525336e-01	7.344933448290427713e-02	2.986089443028510856e-02	7.612929861127704090e-02
1.137843554251722708e+03	2.629274214744601323e-01	1.565126350846201553e-01	2.492432870682355917e-01	1.517599910619826520e-01	7.348789795915455780e-02	2.988160332194198313e-02	7.618716402956519917e-02
1.139294885315819101e+03	2.627036847337303471e-01	1.563777645873617173e-01	2.493924883902358947e-01	1.518524546870964054e-01	7.352639461315321756e-02	2.990228174132715869e-02	7.624493124705550295e-02
1.140746216379915950e+03	2.624803344651976955e-01	1.562431270632283209e-01	2.495414265980532842e-01	1.519447571524414065e-01	7.356482456248240875e-02	2.992292973773582471e-02	7.630260042082126493e-02
1.142197547444012343e+03	2.622573700008302700e-01	1.561087221094963340e-01	2.496901021482114125e-01	1.520368987487651369e-01	7.360318792450634695e-02	2.994354736037835307e-02	7.636017170777227581e-02
1.143648878508108737e+03	2.620347906737532373e-01	1.559745493241397052e-01	2.498385154964440635e-01	1.521288797662167513e-01	7.364148481637169952e-02	2.996413465838045770e-02	7.641764526465415208e-02
1.145100209572205586e+03	2.618125958182463964e-01	1.558406083058287983e-01	2.499866670976966798e-01	1.522207004943488817e-01	7.367971535500816849e-02	2.998469168078335412e-02	7.647502124804773926e-02
1.146551540636302207e+03	2.615907847697424016e-01	1.557068986539290600e-01	2.501345574061277222e-01	1.523123612221195244e-01	7.371787965712892077e-02	3.000521847654393642e-02	7.653229981436847351e-02
1.148002871700398828e+03	2.613693568648246535e-01	1.555734199684998820e-01	2.502821868751098355e-01	1.524038622378937058e-01	7.375597783923112938e-02	3.002571509453492993e-02	7.658948111986582652e-02
1.149454202764495449e+03	2.611483114412255224e-01	1.554401718502933238e-01	2.504295559572314311e-01	1.524952038294454248e-01	7.379401001759641754e-02	3.004618158354504034e-02	7.664656532062269489e-02
1.150905533828591842e+03	2.609276478378240172e-01	1.553071539007529756e-01	2.505766651042981574e-01	1.525863862839594298e-01	7.383197630829138602e-02	3.006661799227913420e-02	7.670355257255480341e-02
1.152356864892688463e+03	2.607073653946438974e-01	1.551743657220126527e-01	2.507235147673337328e-01	1.526774098880329111e-01	7.386987682716809889e-02	3.008702436935839150e-02	7.676044303141016378e-02
1.153808195956785084e+03	2.604874634528517863e-01	1.550418069168953417e-01	2.508701053965818883e-01	1.527682749276773611e-01	7.390771168986454143e-02	3.010740076332045836e-02	7.681723685276849178e-02
1.155259527020881706e+03	2.602679413547550613e-01	1.549094770889118400e-01	2.510164374415072563e-01	1.528589816883202668e-01	7.394548101180510591e-02	3.012774722261961705e-02	7.687393419204065215e-02
1.156710858084978327e+03	2.600487984438000222e-01	1.547773758422596735e-01	2.511625113507970908e-01	1.529495304548068868e-01	7.398318490820110505e-02	3.014806379562693858e-02	7.693053520446814508e-02
1.158162189149074720e+03	2.598300340645695594e-01	1.546455027818217642e-01	2.513083275723623222e-01	1.530399215114020550e-01	7.402082349405120221e-02	3.016835053063044586e-02	7.698704004512249566e-02
1.159613520213171569e+03	2.596116475627814890e-01	1.545138575131654035e-01	2.514538865533391121e-01	1.531301551417918461e-01	7.405839688414192490e-02	3.018860747583526974e-02	7.704344886890475419e-02
1.161064851277267962e+03	2.593936382852865541e-01	1.543824396425408918e-01	2.515991887400900739e-01	1.532202316290852684e-01	7.409590519304812273e-02	3.020883467936380518e-02	7.709976183054501053e-02
1.162516182341364356e+03	2.591760055800662599e-01	1.542512487768805118e-01	2.517442345782056612e-01	1.533101512558160961e-01	7.413334853513346701e-02	3.022903218925587429e-02	7.715597908460182508e-02
1.163967513405461204e+03	2.589587487962310419e-01	1.541202845237971131e-01	2.518890245125054994e-01	1.533999143039444790e-01	7.417072702455092259e-02	3.024920005346886862e-02	7.721210078546175692e-02
1.165418844469557826e+03	2.587418672840182676e-01	1.539895464915831680e-01	2.520335589870396631e-01	1.534895210548586630e-01	7.420804077524313647e-02	3.026933831987792950e-02	7.726812708733882262e-02
1.166870175533654447e+03	2.585253603947902379e-01	1.538590342892094120e-01	2.521778384450900634e-01	1.535789717893767115e-01	7.424528990094300673e-02	3.028944703627607996e-02	7.732405814427402435e-02
1.168321506597751068e+03	2.583092274810323552e-01	1.537287475263237335e-01	2.523218633291718915e-01	1.536682667877481701e-01	7.428247451517412669e-02	3.030952625037439813e-02	7.737989411013490582e-02
1.169772837661847461e+03	2.580934678963509588e-01	1.535986858132500077e-01	2.524656340810346178e-01	1.537574063296556770e-01	7.431959473125122895e-02	3.032957600980215954e-02	7.743563513861496939e-02
1.171224168725944082e+03	2.578780809954714370e-01	1.534688487609868202e-01	2.526091511416636570e-01	1.538463906942167114e-01	7.435665066228065723e-02	3.034959636210700709e-02	7.749128138323331527e-02
1.172675499790040703e+03	2.576630661342364514e-01	1.533392359812064398e-01	2.527524149512815343e-01	1.539352201599851755e-01	7.439364242116081050e-02	3.036958735475509333e-02	7.754683299733410029e-02
1.174126830854137097e+03	2.574484226696037159e-01	1.532098470862534867e-01	2.528954259493491064e-01	1.540238950049531708e-01	7.443057012058264255e-02	3.038954903513123307e-02	7.760229013408612153e-02
1.175578161918233945e+03	2.572341499596443315e-01	1.530806816891438771e-01	2.530381845745672265e-01	1.541124155065524970e-01	7.446743387303010608e-02	3.040948145053907342e-02	7.765765294648235839e-02
1.177029492982330339e+03	2.570202473635405660e-01	1.529517394035636024e-01	2.531806912648776886e-01	1.542007819416563175e-01	7.450423379078058295e-02	3.042938464820122563e-02	7.771292158733951461e-02
1.178480824046426733e+03	2.568067142415840776e-01	1.528230198438674803e-01	2.533229464574646705e-01	1.542889945865807966e-01	7.454096998590536982e-02	3.044925867525942811e-02	7.776809620929760192e-02
1.179932155110523581e+03	2.565935499551739718e-01	1.526945226250781551e-01	2.534649505887562326e-01	1.543770537170867374e-01	7.457764257027012234e-02	3.046910357877471304e-02	7.782317696481949598e-02
1.181383486174620202e+03	2.563807538668148589e-01	1.525662473628848492e-01	2.536067040944252060e-01	1.544649596083811083e-01	7.461425165553529915e-02	3.048891940572753465e-02	7.787816400619052004e-02
1.182834817238716823e+03	2.561683253401149107e-01	1.524381936736421972e-01	2.537482074093909690e-01	1.545527125351187359e-01	7.465079735315661991e-02	3.050870620301793235e-02	7.793305748551802858e-02
1.184286148302813444e+03	2.559562637397839180e-01	1.523103611743689967e-01	2.538894609678204461e-01	1.546403127714038039e-01	7.468727977438556487e-02	3.052846401746567989e-02	7.798785755473100489e-02
1.185737479366910065e+03	2.557445684316314582e-01	1.521827494827472371e-01	2.540304652031294408e-01	1.547277605907914633e-01	7.472369903026968019e-02	3.054819289581044497e-02	7.804256436557964471e-02
1.187188810431006686e+03	2.555332387825649532e-01	1.520553582171208229e-01	2.541712205479840225e-01	1.548150562662894969e-01	7.476005523165321631e-02	3.056789288471193494e-02	7.809717806963499542e-02
1.188640141495103080e+03	2.553222741605874480e-01	1.519281869964944076e-01	2.543117274343018042e-01	1.549022000703597080e-01	7.479634848917741941e-02	3.058756403075002864e-02	7.815169881828852583e-02
1.190091472559199701e+03	2.551116739347963347e-01	1.518012354405322839e-01	2.544519862932532739e-01	1.549891922749196405e-01	7.483257891328101707e-02	3.060720638042496028e-02	7.820612676275175146e-02
1.191542803623296322e+03	2.549014374753809098e-01	1.516745031695572454e-01	2.545919975552629611e-01	1.550760331513440227e-01	7.486874661420071797e-02	3.062681998015744436e-02	7.826046205405590150e-02
1.192994134687392716e+03	2.546915641536205976e-01	1.515479898045494211e-01	2.547317616500108794e-01	1.551627229704663491e-01	7.490485170197157261e-02	3.064640487628883178e-02	7.831470484305148860e-02
1.194445465751489564e+03	2.544820533418832298e-01	1.514216949671450263e-01	2.548712790064338041e-01	1.552492620025803793e-01	7.494089428642745909e-02	3.066596111508126596e-02	7.836885528040798965e-02
1.195896796815585958e+03	2.542729044136229355e-01	1.512956182796354465e-01	2.550105500527263258e-01	1.553356505174417479e-01	7.497687447720148557e-02	3.068548874271781815e-02	7.842291351661347110e-02
1.197348127879682352e+03	2.540641167433783099e-01	1.511697593649658777e-01	2.551495752163422948e-01	1.554218887842693797e-01	7.501279238372644820e-02	3.070498780530264010e-02	7.847687970197424201e-02
1.198799458943779200e+03	2.538556897067705820e-01	1.510441178467343271e-01	2.552883549239962635e-01	1.555079770717470444e-01	7.504864811523528911e-02	3.072445834886112018e-02	7.853075398661450712e-02
1.200250790007875821e+03	2.536476226805017276e-01	1.509186933491903360e-01	2.554268896016645973e-01	1.555939156480248831e-01	7.508444178076147113e-02	3.074390041934001866e-02	7.858453652047604765e-02
1.201702121071972442e+03	2.534399150423524150e-01	1.507934854972340366e-01	2.555651796745867510e-01	1.556797047807209067e-01	7.512017348913944959e-02	3.076331406260762735e-02	7.863822745331783270e-02
1.203153452136069063e+03	2.532325661711805065e-01	1.506684939164148196e-01	2.557032255672664900e-01	1.557653447369223843e-01	7.515584334900511643e-02	3.078269932445390142e-02	7.869182693471576950e-02
1.204604783200165684e+03	2.530255754469187268e-01	1.505437182329303625e-01	2.558410277034732783e-01	1.558508357831874247e-01	7.519145146879614716e-02	3.080205625059061897e-02	7.874533511406235642e-02
1.206056114264262078e+03	2.528189422505731088e-01	1.504191580736253531e-01	2.559785865062436105e-01	1.559361781855464757e-01	7.522699795675252821e-02	3.082138488665151638e-02	7.879875214056633603e-02
1.207507445328358699e+03	2.526126659642209948e-01	1.502948130659904347e-01	2.561159023978820670e-01	1.560213722095036559e-01	7.526248292091691772e-02	3.084068527819244787e-02	7.885207816325243146e-02
1.208958776392455093e+03	2.524067459710090389e-01	1.501706828381612346e-01	2.562529757999627011e-01	1.561064181200383649e-01	7.529790646913510355e-02	3.085995747069151390e-02	7.890531333096099942e-02
1.210410107456551941e+03	2.522011816551518182e-01	1.500467670189168656e-01	2.563898071333302608e-01	1.561913161816066153e-01	7.533326870905639183e-02	3.087920150954921727e-02	7.895845779234775264e-02
1.211861438520648335e+03	2.519959724019293912e-01	1.499230652376791484e-01	2.565263968181015763e-01	1.562760666581425595e-01	7.536856974813407883e-02	3.089841744008860192e-02	7.901151169588349621e-02
1.213312769584745183e+03	2.517911175976857985e-01	1.497995771245113905e-01	2.566627452736667259e-01	1.563606698130598494e-01	7.540380969362578401e-02	3.091760530755540207e-02	7.906447518985383616e-02
1.214764100648841804e+03	2.515866166298271200e-01	1.496763023101172208e-01	2.567988529186902569e-01	1.564451259092531632e-01	7.543898865259397735e-02	3.093676515711818800e-02	7.911734842235886023e-02
1.216215431712937971e+03	2.513824688868195878e-01	1.495532404258394510e-01	2.569347201711125184e-01	1.565294352090995655e-01	7.547410673190631247e-02	3.095589703386849786e-02	7.917013154131284647e-02
1.217666762777034819e+03	2.511786737581878093e-01	1.494303911036591048e-01	2.570703474481507711e-01	1.566135979744598949e-01	7.550916403823608458e-02	3.097500098282099032e-02	7.922282469444411057e-02
1.219118093841131440e+03	2.509752306345129358e-01	1.493077539761941130e-01	2.572057351663005753e-01	1.566976144666803183e-01	7.554416067806261903e-02	3.099407704891359028e-02	7.927542802929460342e-02
1.220569424905228061e+03	2.507721389074306639e-01	1.491853286766983144e-01	2.573408837413371786e-01	1.567814849465935245e-01	7.557909675767168767e-02	3.101312527700761726e-02	7.932794169321973066e-02
1.222020755969324682e+03	2.505693979696296259e-01	1.490631148390604288e-01	2.574757935883163484e-01	1.568652096745202784e-01	7.561397238315593905e-02	3.103214571188794152e-02	7.938036583338810293e-02
1.223472087033421303e+03	2.503670072148493908e-01	1.489411120978028080e-01	2.576104651215760932e-01	1.569487889102707256e-01	7.564878766041531477e-02	3.105113839826312283e-02	7.943270059678127215e-02
1.224923418097517697e+03	2.501649660378786333e-01	1.488193200880803535e-01	2.577448987547374393e-01	1.570322229131458913e-01	7.568354269515741028e-02	3.107010338076555273e-02	7.948494613019344013e-02
1.226374749161614318e+03	2.499632738345534677e-01	1.486977384456794338e-01	2.578790949007060407e-01	1.571155119419389290e-01	7.571823759289791900e-02	3.108904070395158287e-02	7.953710258023130586e-02
1.227826080225710712e+03	2.497619300017554778e-01	1.485763668070168853e-01	2.580130539716732341e-01	1.571986562549365363e-01	7.575287245896103472e-02	3.110795041230168118e-02	7.958917009331378800e-02
1.229277411289807560e+03	2.495609339374099400e-01	1.484552048091387078e-01	2.581467763791174264e-01	1.572816561099203148e-01	7.578744739847985412e-02	3.112683255022056714e-02	7.964114881567178894e-02
1.230728742353903954e+03	2.493602850404840476e-01	1.483342520897191763e-01	2.582802625338051494e-01	1.573645117641681579e-01	7.582196251639677920e-02	3.114568716203735058e-02	7.969303889334798663e-02
1.232180073418000802e+03	2.491599827109849952e-01	1.482135082870596476e-01	2.584135128457922814e-01	1.574472234744555277e-01	7.585641791746390583e-02	3.116451429200567044e-02	7.974484047219664029e-02
1.233631404482097196e+03	2.489600263499582300e-01	1.480929730400873945e-01	2.585465277244253790e-01	1.575297914970568980e-01	7.589081370624345402e-02	3.118331398430384052e-02	7.979655369788332675e-02
1.235082735546193817e+03	2.487604153594857315e-01	1.479726459883547174e-01	2.586793075783430651e-01	1.576122160877470868e-01	7.592514998710814256e-02	3.120208628303498474e-02	7.984817871588480165e-02
1.236534066610290438e+03	2.485611491426839847e-01	1.478525267720375846e-01	2.588118528154770281e-01	1.576944975018024497e-01	7.595942686424159151e-02	3.122083123222716902e-02	7.989971567148873577e-02
1.237985397674387059e+03	2.483622271037024820e-01	1.477326150319347997e-01	2.589441638430530768e-01	1.577766359940023788e-01	7.599364444163871080e-02	3.123954887583355391e-02	7.995116470979352075e-02
1.239436728738483680e+03	2.481636486477216408e-01	1.476129104094668354e-01	2.590762410675926941e-01	1.578586318186305237e-01	7.602780282310611648e-02	3.125823925773251605e-02	8.000252597570813029e-02
1.240888059802580301e+03	2.479654131809511941e-01	1.474934125466746959e-01	2.592080848949142591e-01	1.579404852294760964e-01	7.606190211226254716e-02	3.127690242172780771e-02	8.005379961395184263e-02
1.242339390866676695e+03	2.477675201106283032e-01	1.473741210862188622e-01	2.593396957301339900e-01	1.580221964798352863e-01	7.609594241253916924e-02	3.129553841154866789e-02	8.010498576905417112e-02
1.243790721930773088e+03	2.475699688450158364e-01	1.472550356713781816e-01	2.594710739776674435e-01	1.581037658225123710e-01	7.612992382718004880e-02	3.131414727084998184e-02	8.015608458535458669e-02
1.245242052994869937e+03	2.473727587934005656e-01	1.471361559460489243e-01	2.596022200412304026e-01	1.581851935098212147e-01	7.616384645924255403e-02	3.133272904321240254e-02	8.020709620700237907e-02
1.246693384058966330e+03	2.471758893660912504e-01	1.470174815547435621e-01	2.597331343238404866e-01	1.582664797935864620e-01	7.619771041159763281e-02	3.135128377214249640e-02	8.025802077795651801e-02
1.248144715123063179e+03	2.469793599744171397e-01	1.468990121425897688e-01	2.598638172278179836e-01	1.583476249251448420e-01	7.623151578693034003e-02	3.136981150107288202e-02	8.030885844198541734e-02
1.249596046187159800e+03	2.467831700307259735e-01	1.467807473553293385e-01	2.599942691547874052e-01	1.584286291553463621e-01	7.626526268774011519e-02	3.138831227336234819e-02	8.035960934266682398e-02
1.251047377251256421e+03	2.465873189483822614e-01	1.466626868393170469e-01	2.601244905056783185e-01	1.585094927345556959e-01	7.629895121634124033e-02	3.140678613229602040e-02	8.041027362338767914e-02
1.252498708315352815e+03	2.463918061417655625e-01	1.465448302415197357e-01	2.602544816807270123e-01	1.585902159126534039e-01	7.633258147486321477e-02	3.142523312108545103e-02	8.046085142734391016e-02
1.253950039379449436e+03	2.461966310262686530e-01	1.464271772095151192e-01	2.603842430794771068e-01	1.586707989390372109e-01	7.636615356525107423e-02	3.144365328286881367e-02	8.051134289754030560e-02
1.255401370443546057e+03	2.460017930182958612e-01	1.463097273914907570e-01	2.605137751007812752e-01	1.587512420626232268e-01	7.639966758926583501e-02	3.146204666071098638e-02	8.056174817679040423e-02
1.256852701507642678e+03	2.458072915352611798e-01	1.461924804362429720e-01	2.606430781428020760e-01	1.588315455318471681e-01	7.643312364848489637e-02	3.148041329760369045e-02	8.061206740771630075e-02
1.258304032571739299e+03	2.456131259955866564e-01	1.460754359931758783e-01	2.607721526030135073e-01	1.589117095946657177e-01	7.646652184430233201e-02	3.149875323646567082e-02	8.066230073274853474e-02
1.259755363635835920e+03	2.454192958187004503e-01	1.459585937123002164e-01	2.609009988782018397e-01	1.589917344985576353e-01	7.649986227792933413e-02	3.151706652014277937e-02	8.071244829412599353e-02
1.261206694699932314e+03	2.452258004250352785e-01	1.458419532442323807e-01	2.610296173644670037e-01	1.590716204905250619e-01	7.653314505039460203e-02	3.153535319140812060e-02	8.076251023389571793e-02
1.262658025764028707e+03	2.450326392360266115e-01	1.457255142401932269e-01	2.611580084572238669e-01	1.591513678170947965e-01	7.656637026254466127e-02	3.155361329296221817e-02	8.081248669391281891e-02
1.264109356828125556e+03	2.448398116741108133e-01	1.456092763520072664e-01	2.612861725512030109e-01	1.592309767243193508e-01	7.659953801504429394e-02	3.157184686743308433e-02	8.086237781584038053e-02
1.265560687892221949e+03	2.446473171627235321e-01	1.454932392321013901e-01	2.614141100404524520e-01	1.593104474577782537e-01	7.663264840837684388e-02	3.159005395737640720e-02	8.091218374114927947e-02
1.267012018956318798e+03	2.444551551262979239e-01	1.453774025335039244e-01	2.615418213183384188e-01	1.593897802625793836e-01	7.666570154284468863e-02	3.160823460527566187e-02	8.096190461111812953e-02
1.268463350020415419e+03	2.442633249902629589e-01	1.452617659098435210e-01	2.616693067775467951e-01	1.594689753833599122e-01	7.669869751856951690e-02	3.162638885354224216e-02	8.101154056683314286e-02
1.269914681084511813e+03	2.440718261810415624e-01	1.451463290153481855e-01	2.617965668100840082e-01	1.595480330642877753e-01	7.673163643549277269e-02	3.164451674451559948e-02	8.106109174918806060e-02
1.271366012148608434e+03	2.438806581260491158e-01	1.450310915048442229e-01	2.619236018072785277e-01	1.596269535490627001e-01	7.676451839337594674e-02	3.166261832046336072e-02	8.111055829888401403e-02
1.272817343212705055e+03	2.436898202536914027e-01	1.449160530337551822e-01	2.620504121597818648e-01	1.597057370809174814e-01	7.679734349180102060e-02	3.168069362358147401e-02	8.115994035642946913e-02
1.274268674276801676e+03	2.434993119933632488e-01	1.448012132581007194e-01	2.621769982575696822e-01	1.597843839026190094e-01	7.683011183017077195e-02	3.169874269599433358e-02	8.120923806214008778e-02
1.275720005340898297e+03	2.433091327754464961e-01	1.446865718344957918e-01	2.623033604899430715e-01	1.598628942564696842e-01	7.686282350770921867e-02	3.171676557975490474e-02	8.125845155613867221e-02
1.277171336404994690e+03	2.431192820313085312e-01	1.445721284201493539e-01	2.624294992455297182e-01	1.599412683843083605e-01	7.689547862346189644e-02	3.173476231684486254e-02	8.130758097835508180e-02
1.278622667469091539e+03	2.429297591933003153e-01	1.444578826728635523e-01	2.625554149122850123e-01	1.600195065275117345e-01	7.692807727629626113e-02	3.175273294917470984e-02	8.135662646852612201e-02
1.280073998533187932e+03	2.427405636947549683e-01	1.443438342510325878e-01	2.626811078774933805e-01	1.600976089269952607e-01	7.696061956490204969e-02	3.177067751858392991e-02	8.140558816619551663e-02
1.281525329597284326e+03	2.425516949699858815e-01	1.442299828136416329e-01	2.628065785277690636e-01	1.601755758232145666e-01	7.699310558779165481e-02	3.178859606684109051e-02	8.145446621071378290e-02
1.282976660661381175e+03	2.423631524542850246e-01	1.441163280202659158e-01	2.629318272490577257e-01	1.602534074561664523e-01	7.702553544330047186e-02	3.180648863564397577e-02	8.150326074123816211e-02
1.284427991725477568e+03	2.421749355839212248e-01	1.440028695310696660e-01	2.630568544266371767e-01	1.603311040653900010e-01	7.705790922958725975e-02	3.182435526661973185e-02	8.155197189673263347e-02
1.285879322789574417e+03	2.419870437961385845e-01	1.438896070068050315e-01	2.631816604451189812e-01	1.604086658899678275e-01	7.709022704463448783e-02	3.184219600132498496e-02	8.160059981596771983e-02
1.287330653853671038e+03	2.417994765291546500e-01	1.437765401088110795e-01	2.633062456884494029e-01	1.604860931685272440e-01	7.712248898624871063e-02	3.186001088124597314e-02	8.164914463752055707e-02
1.288781984917767431e+03	2.416122332221588287e-01	1.436636684990128254e-01	2.634306105399103481e-01	1.605633861392412043e-01	7.715469515206094253e-02	3.187779994779865039e-02	8.169760649977474143e-02
1.290233315981864052e+03	2.414253133153107245e-01	1.435509918399202334e-01	2.635547553821208089e-01	1.606405450398296630e-01	7.718684563952693534e-02	3.189556324232885320e-02	8.174598554092032954e-02
