1.301360187473271253e+03	2.358023486755465303e-01	1.501876687989940617e-01	2.590438215275734923e-01	1.617000090775900512e-01	7.660435000386382753e-02	3.234735452723302984e-02	8.431444738878877965e-02
1.306197957686926657e+03	2.352209825768340479e-01	1.497747674690350916e-01	2.594129777035911744e-01	1.619484336916697798e-01	7.671349240803182479e-02	3.242484133694416293e-02	8.450450481348367737e-02
1.311035727900581833e+03	2.346428728311373835e-01	1.493642910473615693e-01	2.597800999830758295e-01	1.621953914283962017e-01	7.682201643849992378e-02	3.250190959786899980e-02	8.469341867324982343e-02
1.315873498114237009e+03	2.340680026145678105e-01	1.489562240805616944e-01	2.601451954687801216e-01	1.624408952571980980e-01	7.692992559930791896e-02	3.257856147043310807e-02	8.488119550874100028e-02
1.320711268327892412e+03	2.334963551504939949e-01	1.485505512423929142e-01	2.605082715956937300e-01	1.626849577090260235e-01	7.703722337998500369e-02	3.265479909628284799e-02	8.506784182571520969e-02
1.325549038541547588e+03	2.329279137106597675e-01	1.481472573322215325e-01	2.608693360987235921e-01	1.629275909083464369e-01	7.714391325512549857e-02	3.273062459935113799e-02	8.525336409516170999e-02
1.330386808755202765e+03	2.323626616162508263e-01	1.477463272734786393e-01	2.612283969830346275e-01	1.631688066025556161e-01	7.724999868400886371e-02	3.280604008683174477e-02	8.543776875342935784e-02
1.335224578968857941e+03	2.318005822389129222e-01	1.473477461121329157e-01	2.615854624968341757e-01	1.634086161890232758e-01	7.735548311026069213e-02	3.288104765006949481e-02	8.562106220235618514e-02
1.340062349182513572e+03	2.312416590017231377e-01	1.469514990151813971e-01	2.619405411064015254e-01	1.636470307399586210e-01	7.746036996155127030e-02	3.295564936537358908e-02	8.580325080940018334e-02
1.344900119396168748e+03	2.306858753801162842e-01	1.465575712691587484e-01	2.622936414731791843e-01	1.638840610252757235e-01	7.756466264932823651e-02	3.302984729476031445e-02	8.598434090777123950e-02
1.349737889609823924e+03	2.301332149027683627e-01	1.461659482786657749e-01	2.626447724327584110e-01	1.641197175336210901e-01	7.766836456858096371e-02	3.310364348663109857e-02	8.616433879656401618e-02
1.354575659823479100e+03	2.295836611524386950e-01	1.457766155649170836e-01	2.629939429756044111e-01	1.643540104917127209e-01	7.777147909763365563e-02	3.317703997639123020e-02	8.634325074089196916e-02
1.359413430037134731e+03	2.290371977667719217e-01	1.453895587643089515e-01	2.633411622293795329e-01	1.645869498821278809e-01	7.787400959796492161e-02	3.325003878701435905e-02	8.652108297202221188e-02
1.364251200250789907e+03	2.284938084390623347e-01	1.450047636270072327e-01	2.636864394427345104e-01	1.648185454596655941e-01	7.797595941405166542e-02	3.332264192955716048e-02	8.669784168751128173e-02
1.369088970464445310e+03	2.279534769189809906e-01	1.446222160155557768e-01	2.640297839704477401e-01	1.650488067663999636e-01	7.807733187323506741e-02	3.339485140362845328e-02	8.687353305134172532e-02
1.373926740678100487e+03	2.274161870132677954e-01	1.442419019035053041e-01	2.643712052598033435e-01	1.652777431455302315e-01	7.817813028560688382e-02	3.346666919781660782e-02	8.704816319405950242e-02
1.378764510891755890e+03	2.268819225863893119e-01	1.438638073740630685e-01	2.647107128381061547e-01	1.655053637541260003e-01	7.827835794391442559e-02	3.353809729007871387e-02	8.722173821291197282e-02
1.383602281105411066e+03	2.263506675611638985e-01	1.434879186187630606e-01	2.650483163012418708e-01	1.657316775748566839e-01	7.837801812348255126e-02	3.360913764809479037e-02	8.739426417198675745e-02
1.388440051319066470e+03	2.258224059193553457e-01	1.431142219361571932e-01	2.653840253031967134e-01	1.659566934267880656e-01	7.847711408215121698e-02	3.367979222958997904e-02	8.756574710235105752e-02
1.393277821532721646e+03	2.252971217022358696e-01	1.427427037305269153e-01	2.657178495464584955e-01	1.661804199753218192e-01	7.857564906022732054e-02	3.375006298262749754e-02	8.773619300219163974e-02
1.398115591746377049e+03	2.247747990111201022e-01	1.423733505106156427e-01	2.660497987732269864e-01	1.664028657413472445e-01	7.867362628044947959e-02	3.381995184587476000e-02	8.790560783695530733e-02
1.402953361960032225e+03	2.242554220078704641e-01	1.420061488883816447e-01	2.663798827573679029e-01	1.666240391096695528e-01	7.877104894796485568e-02	3.388946074884509330e-02	8.807399753948995380e-02
1.407791132173687402e+03	2.237389749153755880e-01	1.416410855777713029e-01	2.667081112970497991e-01	1.668439483367730736e-01	7.886792025031678921e-02	3.395859161211698535e-02	8.824136801018596377e-02
1.412628902387342805e+03	2.232254420180021792e-01	1.412781473935124654e-01	2.670344942080077333e-01	1.670626015579736168e-01	7.896424335744234302e-02	3.402734634753298848e-02	8.840772511711811332e-02
1.417466672600997981e+03	2.227148076620217854e-01	1.409173212499282291e-01	2.673590413173831948e-01	1.672800067940095614e-01	7.906002142167897762e-02	3.409572685837991557e-02	8.857307469618784512e-02
1.422304442814653157e+03	2.222070562560127249e-01	1.405585941597699839e-01	2.676817624580927757e-01	1.674961719571168295e-01	7.915525757777944205e-02	3.416373503955192487e-02	8.873742255126576550e-02
1.427142213028308333e+03	2.217021722712387288e-01	1.402019532330706086e-01	2.680026674636826756e-01	1.677111048566303220e-01	7.924995494293424203e-02	3.423137277769822823e-02	8.890077445433466896e-02
1.431979983241963964e+03	2.212001402420044893e-01	1.398473856760168166e-01	2.683217661636289053e-01	1.679248132041492314e-01	7.934411661680094985e-02	3.429864195135641503e-02	8.906313614563265979e-02
1.436817753455619140e+03	2.207009447659892543e-01	1.394948787898405429e-01	2.686390683790476630e-01	1.681373046183025910e-01	7.943774568153980087e-02	3.436554443107303625e-02	8.922451333379659288e-02
1.441655523669274316e+03	2.202045705045591883e-01	1.391444199697293993e-01	2.689545839187812981e-01	1.683485866291467570e-01	7.953084520185488282e-02	3.443208207951228839e-02	8.938491169600568109e-02
1.446493293882929493e+03	2.197110021830590565e-01	1.387959967037555864e-01	2.692683225758298882e-01	1.685586666822248836e-01	7.962341822504064026e-02	3.449825675155401838e-02	8.954433687812538012e-02
1.451331064096585123e+03	2.192202245910841729e-01	1.384495965718233468e-01	2.695802941240999506e-01	1.687675521423157576e-01	7.971546778103287545e-02	3.456407029438202105e-02	8.970279449485131507e-02
1.456168834310240300e+03	2.187322225827329492e-01	1.381052072446341539e-01	2.698905083154442552e-01	1.689752502968970560e-01	7.980699688246419010e-02	3.462952454756339227e-02	8.986029012985340125e-02
1.461006604523895703e+03	2.182469810768410956e-01	1.377628164826699697e-01	2.701989748769688116e-01	1.691817683593464516e-01	7.989800852472314641e-02	3.469462134311991630e-02	9.001682933592003444e-02
1.465844374737550879e+03	2.177644850571976431e-01	1.374224121351937111e-01	2.705057035085856043e-01	1.693871134719011073e-01	7.998850568601691136e-02	3.475936250559207019e-02	9.017241763510237818e-02
1.470682144951206283e+03	2.172847195727439507e-01	1.370839821392672020e-01	2.708107038807901490e-01	1.695912927083957911e-01	8.007849132743714848e-02	3.482374985209646390e-02	9.032706051885866505e-02
1.475519915164861459e+03	2.168076697377556428e-01	1.367475145187856123e-01	2.711139856326465480e-01	1.697943130767970987e-01	8.016796839302860189e-02	3.488778519237725750e-02	9.048076344819860894e-02
1.480357685378516862e+03	2.163333207320084217e-01	1.364129973835288279e-01	2.714155583699616181e-01	1.699961815215502992e-01	8.025693980986031706e-02	3.495147032885213140e-02	9.063353185382767851e-02
1.485195455592172038e+03	2.158616578009284470e-01	1.360804189282288634e-01	2.717154316636338773e-01	1.701969049257541500e-01	8.034540848809912372e-02	3.501480705665339227e-02	9.078537113629144006e-02
1.490033225805827215e+03	2.153926662557271443e-01	1.357497674316533731e-01	2.720136150481621273e-01	1.703964901131769238e-01	8.043337732108510330e-02	3.507779716366464517e-02	9.093628666611985878e-02
1.494870996019482618e+03	2.149263314735218589e-01	1.354210312557048990e-01	2.723101180203010285e-01	1.705949438501274118e-01	8.052084918540901304e-02	3.514044243055346184e-02	9.108628378397153058e-02
1.499708766233137567e+03	2.144626388974418263e-01	1.350941988445352460e-01	2.726049500378509016e-01	1.707922728471917839e-01	8.060782694099119516e-02	3.520274463080046851e-02	9.123536780077777519e-02
1.504546536446793198e+03	2.140015740367208763e-01	1.347692587236752892e-01	2.728981205185718184e-01	1.709884837608473540e-01	8.069431343116195698e-02	3.526470553072525577e-02	9.138354399788668758e-02
1.509384306660448374e+03	2.135431224667767303e-01	1.344461994991792420e-01	2.731896388392104358e-01	1.711835831949630737e-01	8.078031148274336659e-02	3.532632688950935324e-02	9.153081762720702286e-02
1.514222076874103550e+03	2.130872698292773648e-01	1.341250098567837723e-01	2.734795143346311352e-01	1.713775777021962765e-01	8.086582390613189508e-02	3.538761045921669235e-02	9.167719391135201179e-02
1.519059847087758726e+03	2.126340018321953851e-01	1.338056785610810540e-01	2.737677562970426415e-01	1.715704737852931649e-01	8.095085349538228003e-02	3.544855798481170994e-02	9.182267804378291265e-02
1.523897617301414357e+03	2.121833042498499078e-01	1.334881944547058052e-01	2.740543739753118491e-01	1.717622778983015630e-01	8.103540302829206898e-02	3.550917120417547423e-02	9.196727518895245201e-02
1.528735387515069533e+03	2.117351629229372867e-01	1.331725464575362339e-01	2.743393765743580848e-01	1.719529964477024553e-01	8.111947526648699558e-02	3.556945184811997202e-02	9.211099048244804355e-02
1.533573157728724709e+03	2.112895637585505138e-01	1.328587235659079713e-01	2.746227732546209221e-01	1.721426357934671136e-01	8.120307295550689697e-02	3.562940164040082069e-02	9.225382903113488187e-02
1.538410927942380113e+03	2.108464927301876846e-01	1.325467148518413019e-01	2.749045731315953867e-01	1.723312022500453899e-01	8.128619882489210302e-02	3.568902229772856483e-02	9.239579591329866171e-02
1.543248698156035516e+03	2.104059358777501942e-01	1.322365094622814374e-01	2.751847852754290003e-01	1.725187020872910038e-01	8.136885558827042231e-02	3.574831552977877219e-02	9.253689617878819995e-02
1.548086468369690692e+03	2.099678793075307470e-01	1.319280966183508097e-01	2.754634187105755583e-01	1.727051415313287375e-01	8.145104594344426685e-02	3.580728303920110989e-02	9.267713484915773847e-02
1.552924238583346096e+03	2.095323091921915681e-01	1.316214656146143525e-01	2.757404824155005318e-01	1.728905267653679523e-01	8.153277257247820708e-02	3.586592652162740036e-02	9.281651691780898328e-02
1.557762008797001272e+03	2.090992117707330955e-01	1.313166058183561913e-01	2.760159853224343762e-01	1.730748639304668379e-01	8.161403814178652683e-02	3.592424766567902522e-02	9.295504735013286612e-02
1.562599779010656675e+03	2.086685733484538174e-01	1.310135066688685734e-01	2.762899363171690825e-01	1.732581591262515874e-01	8.169484530222112517e-02	3.598224815297358659e-02	9.309273108365104243e-02
1.567437549224311852e+03	2.082403802969010898e-01	1.307121576767521776e-01	2.765623442388947528e-01	1.734404184115933278e-01	8.177519668915936291e-02	3.603992965813106880e-02	9.322957302815702840e-02
1.572275319437967255e+03	2.078146190538132931e-01	1.304125484232277477e-01	2.768332178800724241e-01	1.736216478052467760e-01	8.185509492259185338e-02	3.609729384877954222e-02	9.336557806585711605e-02
1.577113089651622431e+03	2.073912761230541080e-01	1.301146685594588015e-01	2.771025659863405877e-01	1.738018532864534504e-01	8.193454260721046156e-02	3.615434238556048535e-02	9.350075105151085808e-02
1.581950859865277607e+03	2.069703380745386567e-01	1.298185078058851361e-01	2.773703972564518505e-01	1.739810407955120208e-01	8.201354233249594228e-02	3.621107692213389184e-02	9.363509681257124739e-02
1.586788630078933011e+03	2.065517915441517915e-01	1.295240559515669909e-01	2.776367203422379637e-01	1.741592162343185979e-01	8.209209667280570333e-02	3.626749910518312081e-02	9.376862014932460521e-02
1.591626400292587959e+03	2.061356232336593874e-01	1.292313028535395925e-01	2.779015438485998302e-01	1.743363854668791013e-01	8.217020818746122168e-02	3.632361057441961527e-02	9.390132583503008057e-02
1.596464170506243590e+03	2.057218199106120582e-01	1.289402384361777731e-01	2.781648763335211605e-01	1.745125543197960649e-01	8.224787942083541803e-02	3.637941296258764140e-02	9.403321861605866416e-02
1.601301940719898766e+03	2.053103684082422664e-01	1.286508526905706662e-01	2.784267263081033339e-01	1.746877285827317106e-01	8.232511290243978153e-02	3.643490789546886821e-02	9.416430321203204945e-02
1.606139710933553943e+03	2.049012556253545503e-01	1.283631356739060592e-01	2.786871022366196327e-01	1.748619140088492341e-01	8.240191114701117536e-02	3.649009699188709294e-02	9.429458431596091095e-02
1.610977481147209119e+03	2.044944685262094775e-01	1.280770775088641011e-01	2.789460125365870735e-01	1.750351163152336909e-01	8.247827665459843416e-02	3.654498186371296642e-02	9.442406659438291883e-02
1.615815251360864750e+03	2.040899941404011875e-01	1.277926683830206966e-01	2.792034655788543929e-01	1.752073411832945071e-01	8.255421191064871156e-02	3.659956411586888503e-02	9.455275468750021228e-02
1.620653021574519926e+03	2.036878195627293553e-01	1.275098985482597258e-01	2.794594696877048534e-01	1.753785942591506164e-01	8.262971938609339762e-02	3.665384534633400748e-02	9.468065320931663698e-02
1.625490791788175102e+03	2.032879319530647988e-01	1.272287583201943406e-01	2.797140331409722069e-01	1.755488811539995531e-01	8.270480153743382801e-02	3.670782714614943126e-02	9.480776674777439961e-02
1.630328562001830505e+03	2.028903185362100070e-01	1.269492380775968654e-01	2.799671641701690916e-01	1.757182074444719744e-01	8.277946080682657692e-02	3.676151109942361883e-02	9.493409986489041719e-02
1.635166332215485909e+03	2.024949666017541727e-01	1.266713282618373571e-01	2.802188709606259764e-01	1.758865786729724989e-01	8.285369962216841688e-02	3.681489878333801119e-02	9.505965709689212506e-02
1.640004102429141085e+03	2.021018635039228128e-01	1.263950193763305474e-01	2.804691616516406527e-01	1.760540003480077775e-01	8.292752039718084833e-02	3.686799176815293289e-02	9.518444295435296576e-02
1.644841872642796488e+03	2.017109966614227534e-01	1.261203019859909458e-01	2.807180443366364408e-01	1.762204779445030456e-01	8.300092553149433783e-02	3.692079161721371905e-02	9.530846192232733660e-02
1.649679642856451665e+03	2.013223535572822298e-01	1.258471667166958241e-01	2.809655270633286128e-01	1.763860169041076287e-01	8.307391741073207048e-02	3.697329988695718245e-02	9.543171846048510709e-02
1.654517413070107068e+03	2.009359217386861296e-01	1.255756042547563345e-01	2.812116178338982531e-01	1.765506226354905395e-01	8.314649840659334157e-02	3.702551812691832339e-02	9.555421700324569223e-02
1.659355183283762244e+03	2.005516888168072387e-01	1.253056053463960651e-01	2.814563246051731138e-01	1.767143005146266099e-01	8.321867087693651799e-02	3.707744787973740047e-02	9.567596195991168173e-02
1.664192953497417420e+03	2.001696424666327134e-01	1.250371607972372012e-01	2.816996552888139105e-01	1.768770558850739916e-01	8.329043716586156942e-02	3.712909068116732048e-02	9.579695771480194189e-02
1.669030723711072824e+03	1.997897704267868890e-01	1.247702614717940833e-01	2.819416177515063349e-01	1.770388940582435233e-01	8.336179960379219711e-02	3.718044806008129199e-02	9.591720862738430109e-02
1.673868493924728000e+03	1.994120604993498136e-01	1.245048982929739811e-01	2.821822198151580641e-01	1.771998203136606331e-01	8.343276050755749074e-02	3.723152153848089535e-02	9.603671903240772190e-02
1.678706264138383403e+03	1.990365005496722572e-01	1.242410622415848070e-01	2.824214692570997109e-01	1.773598398992201897e-01	8.350332218047316901e-02	3.728231263150447172e-02	9.615549324003398735e-02
1.683544034352038352e+03	1.986630785061867521e-01	1.239787443558498514e-01	2.826593738102899378e-01	1.775189580314349147e-01	8.357348691242233452e-02	3.733282284743580370e-02	9.627353553596892932e-02
1.688381804565693983e+03	1.982917823602155238e-01	1.237179357309292765e-01	2.828959411635237897e-01	1.776771798956776893e-01	8.364325697993588160e-02	3.738305368771323300e-02	9.639085018159312956e-02
1.693219574779349159e+03	1.979226001657747314e-01	1.234586275184481746e-01	2.831311789616441921e-01	1.778345106464179204e-01	8.371263464627230755e-02	3.743300664693904878e-02	9.650744141409213495e-02
1.698057344993004335e+03	1.975555200393756261e-01	1.232008109260311762e-01	2.833650948057558905e-01	1.779909554074530498e-01	8.378162216149720454e-02	3.748268321288927840e-02	9.662331344658618704e-02
1.702895115206659511e+03	1.971905301598227966e-01	1.229444772168433453e-01	2.835976962534420553e-01	1.781465192721347346e-01	8.385022176256221038e-02	3.753208486652381132e-02	9.673847046825945206e-02
1.707732885420315142e+03	1.968276187680089440e-01	1.226896177091373746e-01	2.838289908189825517e-01	1.783012073035904477e-01	8.391843567338351517e-02	3.758121308199686289e-02	9.685291664448870963e-02
1.712570655633970318e+03	1.964667741667074918e-01	1.224362237758067767e-01	2.840589859735740963e-01	1.784550245349407482e-01	8.398626610491993771e-02	3.763006932666779908e-02	9.696665611697152798e-02
1.717408425847625494e+03	1.961079847203620330e-01	1.221842868439452223e-01	2.842876891455518584e-01	1.786079759695124169e-01	8.405371525525051624e-02	3.767865506111231499e-02	9.707969300385398126e-02
1.722246196061280898e+03	1.957512388548732774e-01	1.219337983944114301e-01	2.845151077206123924e-01	1.787600665810478162e-01	8.412078530965164114e-02	3.772697173913392571e-02	9.719203139985777007e-02
1.727083966274936301e+03	1.953965250573836687e-01	1.216847499614000794e-01	2.847412490420375142e-01	1.789113013139104202e-01	8.418747844067377140e-02	3.777502080777583870e-02	9.730367537640693953e-02
1.731921736488591478e+03	1.950438318760594203e-01	1.214371331320182185e-01	2.849661204109188439e-01	1.790616850832870421e-01	8.425379680821762363e-02	3.782280370733315938e-02	9.741462898175395901e-02
1.736759506702246881e+03	1.946931479198704684e-01	1.211909395458670852e-01	2.851897290863832368e-01	1.792112227753869247e-01	8.431974255960988929e-02	3.787032187136536721e-02	9.752489624110530220e-02
1.741597276915902057e+03	1.943444618583681782e-01	1.209461608946294509e-01	2.854120822858187134e-01	1.793599192476375004e-01	8.438531782967864658e-02	3.791757672670920815e-02	9.763448115674654149e-02
1.746435047129557461e+03	1.939977624214611618e-01	1.207027889216621547e-01	2.856331871851005566e-01	1.795077793288775703e-01	8.445052474082806460e-02	3.796456969349187166e-02	9.774338770816690114e-02
1.751272817343212637e+03	1.936530383991889037e-01	1.204608154215939114e-01	2.858530509188174085e-01	1.796548078195474019e-01	8.451536540311289925e-02	3.801130218514447295e-02	9.785161985218326919e-02
1.756110587556867813e+03	1.933102786414937491e-01	1.202202322399279905e-01	2.860716805804979779e-01	1.798010094918765789e-01	8.457984191431236476e-02	3.805777560841587526e-02	9.795918152306366811e-02
1.760948357770523216e+03	1.929694720579910594e-01	1.199810312726501266e-01	2.862890832228372484e-01	1.799463890900691032e-01	8.464395636000361656e-02	3.810399136338679660e-02	9.806607663265021202e-02
1.765786127984178393e+03	1.926306076177375370e-01	1.197432044658411077e-01	2.865052658579227418e-01	1.800909513304862208e-01	8.470771081363476229e-02	3.814995084348427740e-02	9.817230907048149491e-02
1.770623898197833569e+03	1.922936743489983280e-01	1.195067438152941919e-01	2.867202354574602818e-01	1.802347009018270552e-01	8.477110733659745656e-02	3.819565543549634234e-02	9.827788270391452086e-02
1.775461668411488745e+03	1.919586613390122931e-01	1.192716413661372155e-01	2.869339989529997581e-01	1.803776424653068533e-01	8.483414797829900988e-02	3.824110651958707169e-02	9.838280137824596816e-02
1.780299438625144376e+03	1.916255577337561966e-01	1.190378892124593080e-01	2.871465632361600573e-01	1.805197806548336503e-01	8.489683477623403973e-02	3.828630546931189454e-02	9.848706891683303710e-02
1.785137208838799552e+03	1.912943527377071740e-01	1.188054794969420624e-01	2.873579351588539388e-01	1.806611200771824355e-01	8.495916975605569132e-02	3.833125365163314591e-02	9.859068912121368711e-02
1.789974979052454728e+03	1.909650356136042837e-01	1.185744044104951739e-01	2.875681215335120777e-01	1.808016653121677364e-01	8.502115493164646987e-02	3.837595242693594977e-02	9.869366577122638817e-02
1.794812749266109904e+03	1.906375956822086992e-01	1.183446561918963663e-01	2.877771291333064974e-01	1.809414209128143713e-01	8.508279230518853153e-02	3.842040314904434511e-02	9.879600262512923392e-02
1.799650519479765535e+03	1.903120223220629292e-01	1.181162271274355524e-01	2.879849646923733353e-01	1.810803914055263142e-01	8.514408386723357203e-02	3.846460716523768253e-02	9.889770341971863832e-02
1.804488289693420711e+03	1.899883049692488446e-01	1.178891095505631842e-01	2.881916349060349991e-01	1.812185812902540050e-01	8.520503159677234040e-02	3.850856581626727060e-02	9.899877187044733851e-02
1.809326059907075887e+03	1.896664331171449558e-01	1.176632958415427394e-01	2.883971464310213229e-01	1.813559950406599675e-01	8.526563746130365329e-02	3.855228043637325824e-02	9.909921167154205068e-02
1.814163830120731291e+03	1.893463963161826635e-01	1.174387784271070517e-01	2.886015058856901683e-01	1.814926371042829001e-01	8.532590341690295122e-02	3.859575235330179460e-02	9.919902649612039047e-02
1.819001600334386467e+03	1.890281841736015656e-01	1.172155497801188329e-01	2.888047198502470825e-01	1.816285119027002126e-01	8.538583140829048013e-02	3.863898288832242484e-02	9.929821999630730756e-02
1.823839370548041643e+03	1.887117863532043471e-01	1.169936024192347601e-01	2.890067948669637898e-01	1.817636238316891473e-01	8.544542336889907053e-02	3.868197335624565941e-02	9.939679580335111786e-02
1.828677140761696819e+03	1.883971925751105614e-01	1.167729289085736033e-01	2.892077374403963508e-01	1.818979772613863732e-01	8.550468122094138923e-02	3.872472506544086257e-02	9.949475752773871695e-02
1.833514910975352450e+03	1.880843926155101598e-01	1.165535218573878762e-01	2.894075540376019329e-01	1.820315765364463045e-01	8.556360687547685806e-02	3.876723931785430038e-02	9.959210875931051588e-02
1.838352681189008081e+03	1.877733763064160788e-01	1.163353739197392767e-01	2.896062510883544161e-01	1.821644259761979467e-01	8.562220223247815620e-02	3.880951740902739006e-02	9.968885306737468310e-02
1.843190451402663257e+03	1.874641335354165494e-01	1.161184777941776519e-01	2.898038349853598317e-01	1.822965298748006335e-01	8.568046918089716746e-02	3.885156062811521982e-02	9.978499400082084525e-02
1.848028221616318433e+03	1.871566542454268234e-01	1.159028262234234330e-01	2.900003120844701354e-01	1.824278925013982089e-01	8.573840959873074707e-02	3.889337025790521457e-02	9.988053508823331594e-02
1.852865991829973609e+03	1.868509284344405386e-01	1.156884119940536360e-01	2.901956887048957046e-01	1.825585181002722934e-01	8.579602535308586408e-02	3.893494757483603741e-02	9.997547983800372795e-02
1.857703762043628785e+03	1.865469461552805852e-01	1.154752279361910827e-01	2.903899711294179453e-01	1.826884108909939131e-01	8.585331830024443833e-02	3.897629384901662997e-02	1.000698317384431379e-01
1.862541532257283961e+03	1.862446975153497775e-01	1.152632669231971607e-01	2.905831656045995137e-01	1.828175750685744338e-01	8.591029028572774728e-02	3.901741034424552335e-02	1.001635942578935623e-01
1.867379302470939592e+03	1.859441726763813307e-01	1.150525218713676773e-01	2.907752783409942032e-01	1.829460148036148315e-01	8.596694314436043038e-02	3.905829831803022539e-02	1.002567708448390132e-01
1.872217072684594768e+03	1.856453618541887562e-01	1.148429857396320170e-01	2.909663155133558332e-01	1.830737342424541836e-01	8.602327870033409096e-02	3.909895902160685777e-02	1.003493649280159522e-01
1.877054842898249490e+03	1.853482553184159776e-01	1.146346515292554213e-01	2.911562832608456386e-01	1.832007375073169131e-01	8.607929876727049567e-02	3.913939369995996648e-02	1.004413799165232435e-01
1.881892613111905121e+03	1.850528433922870863e-01	1.144275122835444053e-01	2.913451876872388824e-01	1.833270286964589768e-01	8.613500514828434373e-02	3.917960359184240182e-02	1.005328191999315252e-01
1.886730383325560297e+03	1.847591164523560980e-01	1.142215610875551152e-01	2.915330348611303024e-01	1.834526118843128051e-01	8.619039963604577248e-02	3.921958992979548281e-02	1.006236861483920664e-01
1.891568153539215928e+03	1.844670649282565689e-01	1.140167910678048235e-01	2.917198308161382814e-01	1.835774911216314642e-01	8.624548401284226617e-02	3.925935394016921709e-02	1.007139841127450697e-01
1.896405923752871104e+03	1.841766793024511295e-01	1.138131953919862549e-01	2.919055815511082397e-01	1.837016704356315144e-01	8.630026005064034278e-02	3.929889684314272214e-02	1.008037164246274597e-01
1.901243693966526507e+03	1.838879501099813796e-01	1.136107672686848952e-01	2.920902930303146405e-01	1.838251538301350352e-01	8.635472951114682438e-02	3.933821985274477129e-02	1.008928863965801170e-01
1.906081464180181683e+03	1.836008679382174213e-01	1.134094999470990073e-01	2.922739711836620513e-01	1.839479452857105402e-01	8.640889414586962192e-02	3.937732417687445086e-02	1.009814973221545148e-01
1.910919234393836859e+03	1.833154234266077265e-01	1.132093867167625473e-01	2.924566219068850392e-01	1.840700487598129487e-01	8.646275569617828394e-02	3.941621101732202537e-02	1.010695524760189951e-01
1.915757004607492036e+03	1.830316072664290306e-01	1.130104209072708560e-01	2.926382510617469013e-01	1.841914681869225578e-01	8.651631589336403194e-02	3.945488156978981670e-02	1.011570551140642954e-01
1.920594774821147894e+03	1.827494102005365328e-01	1.128125958880089319e-01	2.928188644762373394e-01	1.843122074786830433e-01	8.656957645869955975e-02	3.949333702391333301e-02	1.012440084735086870e-01
1.925432545034802843e+03	1.824688230231141517e-01	1.126159050678824242e-01	2.929984679447691365e-01	1.844322705240384608e-01	8.662253910349830555e-02	3.953157856328239766e-02	1.013304157730025440e-01
1.930270315248458019e+03	1.821898365794249741e-01	1.124203418950512623e-01	2.931770672283732782e-01	1.845516611893694980e-01	8.667520552917350185e-02	3.956960736546247942e-02	1.014162802127323293e-01
1.935108085462113195e+03	1.819124417655621495e-01	1.122258998566658394e-01	2.933546680548938523e-01	1.846703833186285337e-01	8.672757742729672592e-02	3.960742460201609194e-02	1.015016049745241511e-01
1.939945855675768371e+03	1.816366295281998666e-01	1.120325724786056382e-01	2.935312761191806175e-01	1.847884407334740020e-01	8.677965647965618645e-02	3.964503143852431133e-02	1.015863932219466803e-01
1.944783625889424002e+03	1.813623908643448301e-01	1.118403533252204790e-01	2.937068970832816261e-01	1.849058372334037026e-01	8.683144435831460783e-02	3.968242903460834914e-02	1.016706481004136797e-01
1.949621396103079178e+03	1.810897168210878483e-01	1.116492359990741146e-01	2.938815365766340726e-01	1.850225765958874169e-01	8.688294272566668419e-02	3.971961854395131275e-02	1.017543727372858253e-01
1.954459166316734354e+03	1.808185984953560588e-01	1.114592141406902798e-01	2.940552001962542517e-01	1.851386625764982752e-01	8.693415323449629750e-02	3.975660111431993798e-02	1.018375702419721668e-01
1.959296936530389530e+03	1.805490270336653491e-01	1.112702814283011016e-01	2.942278935069262413e-01	1.852540989090436796e-01	8.698507752803337489e-02	3.979337788758653682e-02	1.019202437060309774e-01
1.964134706744044706e+03	1.802809936318733597e-01	1.110824315775977705e-01	2.943996220413897524e-01	1.853688893056950893e-01	8.703571724001021859e-02	3.982994999975093819e-02	1.020023962032701043e-01
1.968972476957700337e+03	1.800144895349325425e-01	1.108956583414836411e-01	2.945703913005269792e-01	1.854830374571170004e-01	8.708607399471766930e-02	3.986631858096249814e-02	1.020840307898468469e-01
1.973810247171355968e+03	1.797495060366444131e-01	1.107099555098294830e-01	2.947402067535477288e-01	1.855965470325952049e-01	8.713614940706088108e-02	3.990248475554229735e-02	1.021651505043671415e-01
1.978648017385010689e+03	1.794860344794134699e-01	1.105253169092309945e-01	2.949090738381742738e-01	1.857094216801639941e-01	8.718594508261467979e-02	3.993844964200526232e-02	1.022457583679845100e-01
1.983485787598666320e+03	1.792240662540022234e-01	1.103417364027684949e-01	2.950769979608244276e-01	1.858216650267326409e-01	8.723546261767865795e-02	3.997421435308246701e-02	1.023258573844982450e-01
1.988323557812321269e+03	1.789635927992863917e-01	1.101592078897687815e-01	2.952439844967941762e-01	1.859332806782111880e-01	8.728470359933188094e-02	4.000977999574344135e-02	1.024054505404512067e-01
1.993161328025976900e+03	1.787046056020109019e-01	1.099777253055691240e-01	2.954100387904388669e-01	1.860442722196352650e-01	8.733366960548724633e-02	4.004514767121856306e-02	1.024845408052270784e-01
1.997999098239632076e+03	1.784470961965463898e-01	1.097972826212832848e-01	2.955751661553531195e-01	1.861546432152900166e-01	8.738236220494557949e-02	4.008031847502149803e-02	1.025631311311471366e-01
2.002836868453287707e+03	1.781910561646460889e-01	1.096178738435696770e-01	2.957393718745504607e-01	1.862643972088335043e-01	8.743078295744927120e-02	4.011529349697168234e-02	1.026412244535663820e-01
2.007674638666942428e+03	1.779364771352035524e-01	1.094394930144015204e-01	2.959026612006409040e-01	1.863735377234190527e-01	8.747893341373570719e-02	4.015007382121688756e-02	1.027188236909694213e-01
2.012512408880597604e+03	1.776833507840110127e-01	1.092621342108390237e-01	2.960650393560083082e-01	1.864820682618170133e-01	8.752681511559029515e-02	4.018466052625579987e-02	1.027959317450655580e-01
2.017350179094252780e+03	1.774316688335181580e-01	1.090857915448034676e-01	2.962265115329863474e-01	1.865899923065356125e-01	8.757442959589918641e-02	4.021905468496065478e-02	1.028725515008835772e-01
2.022187949307908411e+03	1.771814230525918521e-01	1.089104591628532598e-01	2.963870828940333713e-01	1.866973133199409940e-01	8.762177837870165076e-02	4.025325736459992032e-02	1.029486858268659766e-01
2.027025719521564042e+03	1.769326052562762708e-01	1.087361312459619728e-01	2.965467585719061550e-01	1.868040347443767901e-01	8.766886297924214588e-02	4.028726962686098034e-02	1.030243375749626267e-01
2.031863489735218764e+03	1.766852073055538708e-01	1.085628020092982010e-01	2.967055436698333160e-01	1.869101600022824716e-01	8.771568490402209539e-02	4.032109252787292181e-02	1.030995095807240580e-01
2.036701259948874394e+03	1.764392211071069694e-01	1.083904657020072215e-01	2.968634432616866770e-01	1.870156924963113088e-01	8.776224565085129214e-02	4.035472711822926661e-02	1.031742046633941229e-01
2.041539030162529116e+03	1.761946386130801567e-01	1.082191166069946670e-01	2.970204623921524067e-01	1.871206356094474998e-01	8.780854670889898239e-02	4.038817444301081444e-02	1.032484256260022687e-01
2.046376800376184747e+03	1.759514518208433465e-01	1.080487490407117668e-01	2.971766060769007733e-01	1.872249927051225227e-01	8.785458955874471398e-02	4.042143554180844395e-02	1.033221752554552425e-01
2.051214570589840150e+03	1.757096527727555202e-01	1.078793573529426009e-01	2.973318793027548423e-01	1.873287671273306809e-01	8.790037567242879601e-02	4.045451144874597643e-02	1.033954563226283790e-01
2.056052340803495554e+03	1.754692335559293326e-01	1.077109359265929489e-01	2.974862870278586202e-01	1.874319622007440678e-01	8.794590651350242538e-02	4.048740319250303255e-02	1.034682715824562782e-01
2.060890111017150957e+03	1.752301863019964934e-01	1.075434791774809579e-01	2.976398341818437543e-01	1.875345812308266691e-01	8.799118353707763296e-02	4.052011179633794452e-02	1.035406237740231911e-01
2.065727881230805451e+03	1.749925031868737602e-01	1.073769815541294609e-01	2.977925256659953446e-01	1.876366275039479947e-01	8.803620818987679952e-02	4.055263827811061983e-02	1.036125156206526843e-01
2.070565651444461309e+03	1.747561764305298471e-01	1.072114375375600726e-01	2.979443663534168119e-01	1.877381042874955719e-01	8.808098191028188029e-02	4.058498365030547422e-02	1.036839498299970269e-01
2.075403421658116713e+03	1.745211982967530273e-01	1.070468416410888107e-01	2.980953610891938221e-01	1.878390148299871887e-01	8.812550612838342123e-02	4.061714892005436478e-02	1.037549290941259666e-01
2.080241191871772116e+03	1.742875610929197905e-01	1.068831884101235363e-01	2.982455146905573784e-01	1.879393623611820829e-01	8.816978226602913138e-02	4.064913508915949519e-02	1.038254560896151174e-01
2.085078962085427065e+03	1.740552571697639994e-01	1.067204724219627948e-01	2.983948319470456911e-01	1.880391500921916870e-01	8.821381173687230237e-02	4.068094315411635575e-02	1.038955334776337502e-01
2.089916732299082469e+03	1.738242789211469908e-01	1.065586882855964757e-01	2.985433176206648831e-01	1.881383812155894841e-01	8.825759594641982564e-02	4.071257410613665639e-02	1.039651639040322650e-01
2.094754502512737417e+03	1.735946187838285082e-01	1.063978306415079705e-01	2.986909764460494165e-01	1.882370589055203380e-01	8.830113629208000137e-02	4.074402893117125279e-02	1.040343499994290377e-01
2.099592272726392821e+03	1.733662692372386072e-01	1.062378941614777472e-01	2.988378131306211882e-01	1.883351863178091001e-01	8.834443416320991727e-02	4.077530860993307943e-02	1.041030943792968788e-01
2.104430042940048224e+03	1.731392228032501701e-01	1.060788735483887274e-01	2.989838323547473475e-01	1.884327665900684401e-01	8.838749094116270244e-02	4.080641411792008261e-02	1.041713996440490342e-01
2.109267813153704083e+03	1.729134720459523933e-01	1.059207635360329552e-01	2.991290387718977817e-01	1.885298028418061211e-01	8.843030799933443431e-02	4.083734642543812576e-02	1.042392683791247138e-01
2.114105583367359031e+03	1.726890095714251339e-01	1.057635588889198480e-01	2.992734370088013796e-01	1.886262981745315259e-01	8.847288670321068471e-02	4.086810649762388087e-02	1.043067031550740514e-01
2.118943353581013525e+03	1.724658280275140898e-01	1.056072544020859733e-01	2.994170316656014075e-01	1.887222556718616828e-01	8.851522841041287171e-02	4.089869529446777535e-02	1.043737065276427456e-01
2.123781123794669384e+03	1.722439201036070067e-01	1.054518449009062553e-01	2.995598273160096636e-01	1.888176783996263763e-01	8.855733447074426445e-02	4.092911377083680025e-02	1.044402810378561586e-01
2.128618894008324787e+03	1.720232785304105227e-01	1.052973252409065558e-01	2.997018285074603550e-01	1.889125694059728133e-01	8.859920622623580766e-02	4.095936287649745711e-02	1.045064292121029720e-01
2.133456664221980191e+03	1.718038960797279580e-01	1.051436903075777668e-01	2.998430397612626974e-01	1.890069317214696232e-01	8.864084501119154358e-02	4.098944355613853840e-02	1.045721535622183979e-01
2.138294434435635139e+03	1.715857655642381296e-01	1.049909350161912919e-01	2.999834655727521837e-01	1.891007683592101085e-01	8.868225215223383973e-02	4.101935674939399812e-02	1.046374565855669320e-01
2.143132204649290543e+03	1.713688798372750566e-01	1.048390543116159007e-01	3.001231104114419068e-01	1.891940823149149131e-01	8.872342896834829740e-02	4.104910339086575294e-02	1.047023407651246213e-01
2.147969974862945492e+03	1.711532317926083291e-01	1.046880431681359858e-01	3.002619787211721625e-01	1.892868765670341347e-01	8.876437677092841039e-02	4.107868441014644878e-02	1.047668085695609153e-01
2.152807745076601350e+03	1.709388143642246449e-01	1.045378965892711509e-01	3.004000749202596077e-01	1.893791540768486326e-01	8.880509686381998780e-02	4.110810073184224811e-02	1.048308624533200867e-01
2.157645515290255844e+03	1.707256205261100668e-01	1.043886096075971326e-01	3.005374034016454199e-01	1.894709177885709195e-01	8.884559054336517436e-02	4.113735327559554789e-02	1.048945048567021116e-01
2.162483285503912157e+03	1.705136432920334177e-01	1.042401772845680807e-01	3.006739685330422907e-01	1.895621706294452480e-01	8.888585909844640143e-02	4.116644295610769055e-02	1.049577382059432296e-01
2.167321055717567106e+03	1.703028757153302875e-01	1.040925947103401999e-01	3.008097746570811415e-01	1.896529155098471975e-01	8.892590381052989379e-02	4.119537068316164730e-02	1.050205649132959634e-01
2.172158825931222509e+03	1.700933108886881484e-01	1.039458570035965007e-01	3.009448260914565076e-01	1.897431553233827062e-01	8.896572595370902392e-02	4.122413736164465270e-02	1.050829873771087775e-01
2.176996596144877003e+03	1.698849419439324437e-01	1.037999593113730912e-01	3.010791271290712001e-01	1.898328929469861870e-01	8.900532679474731923e-02	4.125274389157082555e-02	1.051450079819052086e-01
2.181834366358532861e+03	1.696777620518134522e-01	1.036548968088864819e-01	3.012126820381800796e-01	1.899221312410185047e-01	8.904470759312130279e-02	4.128119116810374800e-02	1.052066290984626507e-01
2.186672136572187810e+03	1.694717644217942354e-01	1.035106646993623480e-01	3.013454950625330531e-01	1.900108730493639264e-01	8.908386960106301489e-02	4.130948008157900309e-02	1.052678530838906112e-01
2.191509906785843214e+03	1.692669423018393071e-01	1.033672582138653595e-01	3.014775704215171825e-01	1.900991211995267383e-01	8.912281406360225700e-02	4.133761151752668450e-02	1.053286822817086216e-01
2.196347676999498617e+03	1.690632889782044124e-01	1.032246726111304275e-01	3.016089123102979608e-01	1.901868785027271691e-01	8.916154221860866924e-02	4.136558635669386474e-02	1.053891190219236468e-01
2.201185447213154021e+03	1.688607977752271394e-01	1.030829031773949772e-01	3.017395248999595325e-01	1.902741477539968140e-01	8.920005529683341927e-02	4.139340547506702161e-02	1.054491656211071771e-01
2.206023217426809424e+03	1.686594620551186419e-01	1.029419452262325257e-01	3.018694123376446936e-01	1.903609317322732808e-01	8.923835452195078011e-02	4.142106974389442309e-02	1.055088243824716943e-01
2.210860987640464373e+03	1.684592752177560271e-01	1.028017940983874112e-01	3.019985787466932248e-01	1.904472332004945034e-01	8.927644111059937493e-02	4.144858002970847749e-02	1.055680975959469442e-01
2.215698757854119776e+03	1.682602307004758824e-01	1.026624451616106604e-01	3.021270282267802254e-01	1.905330549056923339e-01	8.931431627242317206e-02	4.147593719434801429e-02	1.056269875382556123e-01
2.220536528067775180e+03	1.680623219778687172e-01	1.025238938104970909e-01	3.022547648540529486e-01	1.906183995790856622e-01	8.935198121011225791e-02	4.150314209498057183e-02	1.056854964729886798e-01
2.225374298281430583e+03	1.678655425615741548e-01	1.023861354663235523e-01	3.023817926812672474e-01	1.907032699361727035e-01	8.938943711944340176e-02	4.153019558412456708e-02	1.057436266506802947e-01
2.230212068495085077e+03	1.676698860000774283e-01	1.022491655768881791e-01	3.025081157379231334e-01	1.907876686768231467e-01	8.942668518932025967e-02	4.155709850967148622e-02	1.058013803088822674e-01
2.235049838708740936e+03	1.674753458785065152e-01	1.021129796163509490e-01	3.026337380303994462e-01	1.908715984853693870e-01	8.946372660181345360e-02	4.158385171490799198e-02	1.058587596722381924e-01
2.239887608922396339e+03	1.672819158184302712e-01	1.019775730850752266e-01	3.027586635420876360e-01	1.909550620306973701e-01	8.950056253220037283e-02	4.161045603853796848e-02	1.059157669525570000e-01
2.244725379136052197e+03	1.670895894776576462e-01	1.018429415094704305e-01	3.028828962335253228e-01	1.910380619663368529e-01	8.953719414900469797e-02	4.163691231470457305e-02	1.059724043488863010e-01
2.249563149349706237e+03	1.668983605500376777e-01	1.017090804418358252e-01	3.030064400425280802e-01	1.911206009305511377e-01	8.957362261403573056e-02	4.166322137301214923e-02	1.060286740475851891e-01
2.254400919563362095e+03	1.667082227652605109e-01	1.015759854602053397e-01	3.031292988843214409e-01	1.912026815464261398e-01	8.960984908242748681e-02	4.168938403854816760e-02	1.060845782223966693e-01
2.259238689777017044e+03	1.665191698886594185e-01	1.014436521681935099e-01	3.032514766516712923e-01	1.912843064219591771e-01	8.964587470267751379e-02	4.171540113190506244e-02	1.061401190345197254e-01
2.264076459990672902e+03	1.663311957210134862e-01	1.013120761948424348e-01	3.033729772150143278e-01	1.913654781501468172e-01	8.968170061668551130e-02	4.174127346920206150e-02	1.061952986326809012e-01
