1.001418434226643626e+03	2.858115767191128365e-01	1.702251651822005440e-01	2.339275893204221801e-01	1.423152943871762166e-01	6.957859523670195667e-02	2.782911648241682273e-02	7.031266267192640140e-02
1.002869765290740247e+03	2.855482645043622147e-01	1.700665800201912048e-01	2.341035101296936871e-01	1.424243620739955585e-01	6.962392919877255504e-02	2.785292664772415563e-02	7.038042742521757877e-02
1.004321096354836754e+03	2.852854072353728232e-01	1.699082688653587025e-01	2.342791215350449041e-01	1.425332383335060349e-01	6.966918435291302725e-02	2.787670093939262350e-02	7.044807873836879397e-02
1.005772427418933376e+03	2.850230041253525859e-01	1.697502312437864647e-01	2.344544240731108176e-01	1.426419235221592086e-01	6.971436083989222821e-02	2.790043941651318068e-02	7.051561677914237880e-02
1.007223758483029997e+03	2.847610543888746681e-01	1.695924666823807048e-01	2.346294182795977401e-01	1.427504179955822183e-01	6.975945880019993051e-02	2.792414213807268772e-02	7.058304171524888704e-02
1.008675089547126618e+03	2.844995572418752006e-01	1.694349747088688407e-01	2.348041046892849204e-01	1.428587221085809156e-01	6.980447837404764322e-02	2.794780916295412296e-02	7.065035371434516542e-02
1.010126420611223239e+03	2.842385119016506700e-01	1.692777548517981345e-01	2.349784838360262640e-01	1.429668362151430283e-01	6.984941970136934741e-02	2.797144054993678380e-02	7.071755294403253567e-02
1.011577751675319632e+03	2.839779175868556993e-01	1.691208066405342214e-01	2.351525562527518320e-01	1.430747606684412698e-01	6.989428292182234270e-02	2.799503635769652957e-02	7.078463957185485156e-02
1.013029082739416367e+03	2.837177735175006044e-01	1.689641296052596942e-01	2.353263224714694235e-01	1.431824958208363918e-01	6.993906817478792726e-02	2.801859664480595841e-02	7.085161376529669486e-02
1.014480413803512761e+03	2.834580789149490632e-01	1.688077232769726044e-01	2.354997830232662126e-01	1.432900420238803485e-01	6.998377559937218884e-02	2.804212146973463632e-02	7.091847569178158506e-02
1.015931744867609382e+03	2.831988330019156175e-01	1.686515871874850470e-01	2.356729384383103865e-01	1.433973996283192665e-01	7.002840533440679582e-02	2.806561089084930877e-02	7.098522551867013364e-02
1.017383075931706003e+03	2.829400350024634525e-01	1.684957208694217168e-01	2.358457892458526717e-01	1.435045689840966088e-01	7.007295751844974663e-02	2.808906496641410538e-02	7.105186341325825383e-02
1.018834406995802851e+03	2.826816841420017323e-01	1.683401238562185209e-01	2.360183359742279718e-01	1.436115504403560061e-01	7.011743228978607745e-02	2.811248375459075161e-02	7.111838954277542590e-02
1.020285738059899245e+03	2.824237796472836570e-01	1.681847956821210799e-01	2.361905791508568941e-01	1.437183443454445042e-01	7.016182978642865331e-02	2.813586731343877337e-02	7.118480407438293467e-02
1.021737069123995752e+03	2.821663207464035761e-01	1.680297358821833398e-01	2.363625193022474424e-01	1.438249510469153392e-01	7.020615014611887583e-02	2.815921570091570528e-02	7.125110717517212089e-02
1.023188400188092373e+03	2.819093066687952120e-01	1.678749439922662123e-01	2.365341569539964883e-01	1.439313708915310464e-01	7.025039350632748814e-02	2.818252897487730918e-02	7.131729901216268819e-02
1.024639731252188767e+03	2.816527366452287739e-01	1.677204195490359373e-01	2.367054926307913809e-01	1.440376042252662914e-01	7.029456000425525486e-02	2.820580719307776152e-02	7.138337975230102384e-02
1.026091062316285615e+03	2.813966099078090144e-01	1.675661620899628612e-01	2.368765268564115845e-01	1.441436513933108676e-01	7.033864977683369768e-02	2.822905041316986843e-02	7.144934956245851954e-02
1.027542393380382237e+03	2.811409256899726206e-01	1.674121711533199941e-01	2.370472601537301494e-01	1.442495127400726385e-01	7.038266296072585859e-02	2.825225869270527046e-02	7.151520860942989222e-02
1.028993724444478858e+03	2.808856832264857717e-01	1.672584462781815662e-01	2.372176930447154053e-01	1.443551886091803682e-01	7.042659969232700767e-02	2.827543208913466111e-02	7.158095705993157420e-02
1.030445055508575479e+03	2.806308817534422517e-01	1.671049870044215568e-01	2.373878260504324600e-01	1.444606793434866088e-01	7.047046010776539249e-02	2.829857065980796380e-02	7.164659508060006177e-02
1.031896386572671872e+03	2.803765205082606737e-01	1.669517928727124456e-01	2.375576596910447258e-01	1.445659852850706140e-01	7.051424434290291809e-02	2.832167446197456084e-02	7.171212283799036080e-02
1.033347717636768493e+03	2.801225987296824260e-01	1.667988634245235469e-01	2.377271944858155572e-01	1.446711067752410873e-01	7.055795253333586869e-02	2.834474355278347041e-02	7.177754049857433538e-02
1.034799048700865114e+03	2.798691156577690631e-01	1.666461982021198163e-01	2.378964309531098054e-01	1.447760441545390686e-01	7.060158481439564315e-02	2.836777798928357200e-02	7.184284822873919507e-02
1.036250379764961508e+03	2.796160705339004182e-01	1.664937967485604631e-01	2.380653696103952888e-01	1.448807977627407373e-01	7.064514132114949052e-02	2.839077782842380077e-02	7.190804619478591286e-02
1.037701710829058356e+03	2.793634626007718835e-01	1.663416586076973958e-01	2.382340109742444589e-01	1.449853679388601879e-01	7.068862218840114842e-02	2.841374312705334526e-02	7.197313456292769862e-02
1.039153041893154750e+03	2.791112911023921894e-01	1.661897833241739453e-01	2.384023555603358990e-01	1.450897550211522335e-01	7.073202755069159242e-02	2.843667394192184519e-02	7.203811349928847252e-02
1.040604372957251599e+03	2.788595552840811287e-01	1.660381704434233940e-01	2.385704038834558505e-01	1.451939593471150980e-01	7.077535754229972997e-02	2.845957032967959960e-02	7.210298316990136624e-02
1.042055704021347992e+03	2.786082543924673360e-01	1.658868195116676714e-01	2.387381564574998505e-01	1.452979812534931636e-01	7.081861229724309426e-02	2.848243234687775766e-02	7.216774374070729359e-02
1.043507035085444613e+03	2.783573876754859011e-01	1.657357300759159102e-01	2.389056137954741199e-01	1.454018210762797747e-01	7.086179194927851033e-02	2.850526004996853033e-02	7.223239537755336837e-02
1.044958366149541234e+03	2.781069543823760926e-01	1.655849016839630872e-01	2.390727764094973395e-01	1.455054791507197909e-01	7.090489663190287228e-02	2.852805349530537077e-02	7.229693824619155829e-02
1.046409697213637855e+03	2.778569537636790265e-01	1.654343338843885791e-01	2.392396448108018714e-01	1.456089558113125015e-01	7.094792647835372612e-02	2.855081273914318249e-02	7.236137251227717226e-02
1.047861028277734476e+03	2.776073850712355573e-01	1.652840262265548033e-01	2.394062195097356183e-01	1.457122513918140405e-01	7.099088162161000526e-02	2.857353783763852406e-02	7.242569834136748652e-02
1.049312359341831097e+03	2.773582475581836682e-01	1.651339782606059126e-01	2.395725010157633283e-01	1.458153662252402172e-01	7.103376219439273831e-02	2.859622884684978258e-02	7.248991589892031517e-02
1.050763690405927491e+03	2.771095404789564731e-01	1.649841895374664358e-01	2.397384898374682327e-01	1.459183006438691255e-01	7.107656832916564582e-02	2.861888582273739226e-02	7.255402535029265021e-02
1.052215021470024112e+03	2.768612630892798299e-01	1.648346596088397231e-01	2.399041864825535997e-01	1.460210549792436696e-01	7.111930015813588968e-02	2.864150882116401134e-02	7.261802686073924595e-02
1.053666352534120733e+03	2.766134146461700638e-01	1.646853880272066972e-01	2.400695914578440948e-01	1.461236295621743120e-01	7.116195781325471148e-02	2.866409789789473722e-02	7.268192059541128680e-02
1.055117683598217127e+03	2.763659944079317476e-01	1.645363743458245487e-01	2.402347052692875295e-01	1.462260247227416543e-01	7.120454142621814031e-02	2.868665310859727646e-02	7.274570671935505495e-02
1.056569014662313975e+03	2.761190016341554809e-01	1.643876181187252372e-01	2.403995284219561934e-01	1.463282407902988247e-01	7.124705112846757560e-02	2.870917450884215294e-02	7.280938539751055649e-02
1.058020345726410369e+03	2.758724355857153365e-01	1.642391189007142427e-01	2.405640614200484639e-01	1.464302780934742532e-01	7.128948705119055040e-02	2.873166215410290908e-02	7.287295679471023080e-02
1.059471676790506763e+03	2.756262955247670843e-01	1.640908762473691218e-01	2.407283047668903053e-01	1.465321369601741419e-01	7.133184932532130040e-02	2.875411609975627933e-02	7.293642107567768762e-02
1.060923007854603611e+03	2.753805807147456375e-01	1.639428897150382036e-01	2.408922589649367951e-01	1.466338177175849911e-01	7.137413808154149941e-02	2.877653640108239139e-02	7.299977840502637483e-02
1.062374338918700232e+03	2.751352904203628325e-01	1.637951588608392295e-01	2.410559245157735953e-01	1.467353206921761244e-01	7.141635345028082837e-02	2.879892311326495355e-02	7.306302894725832942e-02
1.063825669982796853e+03	2.748904239076051526e-01	1.636476832426579098e-01	2.412193019201185340e-01	1.468366462097021874e-01	7.145849556171775252e-02	2.882127629139145594e-02	7.312617286676290074e-02
1.065277001046893474e+03	2.746459804437316743e-01	1.635004624191467582e-01	2.413823916778229384e-01	1.469377945952055897e-01	7.150056454578000709e-02	2.884359599045334746e-02	7.318921032781555702e-02
1.066728332110990095e+03	2.744019592972716248e-01	1.633534959497235928e-01	2.415451942878733826e-01	1.470387661730190587e-01	7.154256053214537447e-02	2.886588226534623006e-02	7.325214149457658086e-02
1.068179663175086489e+03	2.741583597380222725e-01	1.632067833945701485e-01	2.417077102483929929e-01	1.471395612667680541e-01	7.158448365024225324e-02	2.888813517087005303e-02	7.331496653108995898e-02
1.069630994239183110e+03	2.739151810370467621e-01	1.630603243146309944e-01	2.418699400566430291e-01	1.472401801993731829e-01	7.162633402925035198e-02	2.891035476172929691e-02	7.337768560128209161e-02
1.071082325303279504e+03	2.736724224666717276e-01	1.629141182716119240e-01	2.420318842090243006e-01	1.473406232930526694e-01	7.166811179810128607e-02	2.893254109253315734e-02	7.344029886896064063e-02
1.072533656367376352e+03	2.734300833004851272e-01	1.627681648279786786e-01	2.421935432010787759e-01	1.474408908693247144e-01	7.170981708547918831e-02	2.895469421779574282e-02	7.350280649781336384e-02
1.073984987431472746e+03	2.731881628133341899e-01	1.626224635469556978e-01	2.423549175274909706e-01	1.475409832490100215e-01	7.175145001982138893e-02	2.897681419193625513e-02	7.356520865140699084e-02
1.075436318495569594e+03	2.729466602813229725e-01	1.624770139925247603e-01	2.425160076820895572e-01	1.476409007522340444e-01	7.179301072931905392e-02	2.899890106927918362e-02	7.362750549318597404e-02
1.076887649559666215e+03	2.727055749818102504e-01	1.623318157294235398e-01	2.426768141578486415e-01	1.477406436984293747e-01	7.183449934191775410e-02	2.902095490405446829e-02	7.368969718647146172e-02
1.078338980623762609e+03	2.724649061934072969e-01	1.621868683231444952e-01	2.428373374468894563e-01	1.478402124063381562e-01	7.187591598531811732e-02	2.904297575039771484e-02	7.375178389446014615e-02
1.079790311687859230e+03	2.722246531959759408e-01	1.620421713399333163e-01	2.429975780404816099e-01	1.479396071940144441e-01	7.191726078697646685e-02	2.906496366235036127e-02	7.381376578022315338e-02
1.081241642751955851e+03	2.719848152706259570e-01	1.618977243467878135e-01	2.431575364290448904e-01	1.480388283788264259e-01	7.195853387410540425e-02	2.908691869385987214e-02	7.387564300670491912e-02
1.082692973816052472e+03	2.717453916997131236e-01	1.617535269114563634e-01	2.433172131021504314e-01	1.481378762774588631e-01	7.199973537367443388e-02	2.910884089877990855e-02	7.393741573672217571e-02
1.084144304880149093e+03	2.715063817668370016e-01	1.616095786024367986e-01	2.434766085485222942e-01	1.482367512059153125e-01	7.204086541241060127e-02	2.913073033087052940e-02	7.399908413296282794e-02
1.085595635944245487e+03	2.712677847568387146e-01	1.614658789889749646e-01	2.436357232560389385e-01	1.483354534795204294e-01	7.208192411679904821e-02	2.915258704379836488e-02	7.406064835798494006e-02
1.087046967008342108e+03	2.710295999557987834e-01	1.613224276410634705e-01	2.437945577117347495e-01	1.484339834129222713e-01	7.212291161308365117e-02	2.917441109113679334e-02	7.412210857421566712e-02
1.088498298072438729e+03	2.707918266510349614e-01	1.611792241294404127e-01	2.439531124018013697e-01	1.485323413200945741e-01	7.216382802726765966e-02	2.919620252636613567e-02	7.418346494395022805e-02
1.089949629136535123e+03	2.705544641311001808e-01	1.610362680255879586e-01	2.441113878115892533e-01	1.486305275143389171e-01	7.220467348511422356e-02	2.921796140287382521e-02	7.424471762935089258e-02
1.091400960200631971e+03	2.703175116857802762e-01	1.608935589017311263e-01	2.442693844256090541e-01	1.487285423082870539e-01	7.224544811214708706e-02	2.923968777395460211e-02	7.430586679244600978e-02
1.092852291264728365e+03	2.700809686060918202e-01	1.607510963308364238e-01	2.444271027275332075e-01	1.488263860139030781e-01	7.228615203365104658e-02	2.926138169281067639e-02	7.436691259512893948e-02
1.094303622328825213e+03	2.698448341842798470e-01	1.606088798866106004e-01	2.445845432001972353e-01	1.489240589424856709e-01	7.232678537467270019e-02	2.928304321255192216e-02	7.442785519915715020e-02
1.095754953392921607e+03	2.696091077138160208e-01	1.604669091434993144e-01	2.447417063256012992e-01	1.490215614046702386e-01	7.236734826002091947e-02	2.930467238619604772e-02	7.448869476615119223e-02
1.097206284457018228e+03	2.693737884893962486e-01	1.603251836766858285e-01	2.448985925849115342e-01	1.491188937104312717e-01	7.240784081426750174e-02	2.932626926666877937e-02	7.454943145759379552e-02
1.098657615521114849e+03	2.691388758069386267e-01	1.601837030620898439e-01	2.450552024584616850e-01	1.492160561690842324e-01	7.244826316174769743e-02	2.934783390680405224e-02	7.461006543482885667e-02
1.100108946585211470e+03	2.689043689635810530e-01	1.600424668763660019e-01	2.452115364257542729e-01	1.493130490892879692e-01	7.248861542656090395e-02	2.936936635934415257e-02	7.467059685906055067e-02
1.101560277649308091e+03	2.686702672576795625e-01	1.599014746969027456e-01	2.453675949654623711e-01	1.494098727790467707e-01	7.252889773257110984e-02	2.939086667693993279e-02	7.473102589135240115e-02
1.103011608713404712e+03	2.684365699888057732e-01	1.597607261018209601e-01	2.455233785554306880e-01	1.495065275457124754e-01	7.256911020340758856e-02	2.941233491215096765e-02	7.479135269262637831e-02
1.104462939777501106e+03	2.682032764577451656e-01	1.596202206699726955e-01	2.456788876726772597e-01	1.496030136959866363e-01	7.260925296246538430e-02	2.943377111744573810e-02	7.485157742366195521e-02
1.105914270841597499e+03	2.679703859664943622e-01	1.594799579809399181e-01	2.458341227933948381e-01	1.496993315359226029e-01	7.264932613290595032e-02	2.945517534520181169e-02	7.491170024509528902e-02
1.107365601905694348e+03	2.677378978182596292e-01	1.593399376150332614e-01	2.459890843929521953e-01	1.497954813709277133e-01	7.268932983765766243e-02	2.947654764770600219e-02	7.497172131741827728e-02
1.108816932969790741e+03	2.675058113174543784e-01	1.592001591532906657e-01	2.461437729458957058e-01	1.498914635057652378e-01	7.272926419941648513e-02	2.949788807715456387e-02	7.503164080097771138e-02
1.110268264033887590e+03	2.672741257696971684e-01	1.590606221774761297e-01	2.462981889259506507e-01	1.499872782445565711e-01	7.276912934064642957e-02	2.951919668565334415e-02	7.509145885597444392e-02
1.111719595097984211e+03	2.670428404818096513e-01	1.589213262700784612e-01	2.464523328060227170e-01	1.500829258907832864e-01	7.280892538358015031e-02	2.954047352521799175e-02	7.515117564246251436e-02
1.113170926162080832e+03	2.668119547618142962e-01	1.587822710143099725e-01	2.466062050581993570e-01	1.501784067472890782e-01	7.284865245021954205e-02	2.956171864777408856e-02	7.521079132034833026e-02
1.114622257226177226e+03	2.665814679189325576e-01	1.586434559941053424e-01	2.467598061537512877e-01	1.502737211162818998e-01	7.288831066233629474e-02	2.958293210515735433e-02	7.527030604938983460e-02
1.116073588290273847e+03	2.663513792635825439e-01	1.585048807941201454e-01	2.469131365631337949e-01	1.503688692993360998e-01	7.292790014147239319e-02	2.960411394911380625e-02	7.532971998919570089e-02
1.117524919354370468e+03	2.661216881073770746e-01	1.583665449997296859e-01	2.470661967559883154e-01	1.504638515973941992e-01	7.296742100894072769e-02	2.962526423129993591e-02	7.538903329922450047e-02
1.118976250418467089e+03	2.658923937631213485e-01	1.582284481970278045e-01	2.472189872011436584e-01	1.505586683107690837e-01	7.300687338582562136e-02	2.964638300328287929e-02	7.544824613878396702e-02
1.120427581482563710e+03	2.656634955448112234e-01	1.580905899728255459e-01	2.473715083666174486e-01	1.506533197391459467e-01	7.304625739298342690e-02	2.966747031654058328e-02	7.550735866703016386e-02
1.121878912546660331e+03	2.654349927676308285e-01	1.579529699146498822e-01	2.475237607196176248e-01	1.507478061815842596e-01	7.308557315104298457e-02	2.968852622246198961e-02	7.556637104296669294e-02
1.123330243610756725e+03	2.652068847479505664e-01	1.578155876107425193e-01	2.476757447265438561e-01	1.508421279365197709e-01	7.312482078040624667e-02	2.970955077234719091e-02	7.562528342544401483e-02
1.124781574674853118e+03	2.649791708033252258e-01	1.576784426500585923e-01	2.478274608529887624e-01	1.509362853017664763e-01	7.316400040124880488e-02	2.973054401740761118e-02	7.568409597315861603e-02
1.126232905738949967e+03	2.647518502524916495e-01	1.575415346222655000e-01	2.479789095637395246e-01	1.510302785745185616e-01	7.320311213352040380e-02	2.975150600876617230e-02	7.574280884465228736e-02
1.127684236803046360e+03	2.645249224153667367e-01	1.574048631177415170e-01	2.481300913227791338e-01	1.511241080513523183e-01	7.324215609694549600e-02	2.977243679745745705e-02	7.580142219831141615e-02
1.129135567867143209e+03	2.642983866130454995e-01	1.572684277275747111e-01	2.482810065932878063e-01	1.512177740282280858e-01	7.328113241102378328e-02	2.979333643442788962e-02	7.585993619236625074e-02
1.130586898931239830e+03	2.640722421677988985e-01	1.571322280435615559e-01	2.484316558376444550e-01	1.513112768004922504e-01	7.332004119503077177e-02	2.981420497053588817e-02	7.591835098489013722e-02
1.132038229995336451e+03	2.638464884030718438e-01	1.569962636582058202e-01	2.485820395174279662e-01	1.514046166628790491e-01	7.335888256801825769e-02	2.983504245655205570e-02	7.597666673379889490e-02
1.133489561059432845e+03	2.636211246434809752e-01	1.568605341647172635e-01	2.487321580934187260e-01	1.514977939095125403e-01	7.339765664881488239e-02	2.985584894315932228e-02	7.603488359685005304e-02
1.134940892123529466e+03	2.633961502148129408e-01	1.567250391570103873e-01	2.488820120255998414e-01	1.515908088339084359e-01	7.343636355602670140e-02	2.987662448095313242e-02	7.609300173164221248e-02
1.136392223187626087e+03	2.631715644440220658e-01	1.565897782297032137e-01	2.490316017731586395e-01	1.516836617289761269e-01	7.347500340803761465e-02	2.989736912044160116e-02	7.615102129561435174e-02
1.137843554251722708e+03	2.629473666592284098e-01	1.564547509781160917e-01	2.491809277944879719e-01	1.517763528870203493e-01	7.351357632300997702e-02	2.991808291204568065e-02	7.620894244604513312e-02
1.139294885315819101e+03	2.627235561897157123e-01	1.563199569982703929e-01	2.493299905471876576e-01	1.518688825997431269e-01	7.355208241888508414e-02	2.993876590609932317e-02	7.626676534005226438e-02
1.140746216379915950e+03	2.625001323659293950e-01	1.561853958868874015e-01	2.494787904880657603e-01	1.519612511582457137e-01	7.359052181338369969e-02	2.995941815284966156e-02	7.632449013459186027e-02
1.142197547444012343e+03	2.622770945194745629e-01	1.560510672413869815e-01	2.496273280731400590e-01	1.520534588530303155e-01	7.362889462400658280e-02	2.998003970245715147e-02	7.638211698645781811e-02
1.143648878508108737e+03	2.620544419831137839e-01	1.559169706598863558e-01	2.497756037576394084e-01	1.521455059740019489e-01	7.366720096803498763e-02	3.000063060499576217e-02	7.643964605228112386e-02
1.145100209572205586e+03	2.618321740907654238e-01	1.557831057411990239e-01	2.499236179960049875e-01	1.522373928104703289e-01	7.370544096253117683e-02	3.002119091045311536e-02	7.649707748852928313e-02
1.146551540636302207e+03	2.616102901775013145e-01	1.556494720848333457e-01	2.500713712418918266e-01	1.523291196511515344e-01	7.374361472433894893e-02	3.004172066873065858e-02	7.655441145150565507e-02
1.148002871700398828e+03	2.613887895795447558e-01	1.555160692909914877e-01	2.502188639481701116e-01	1.524206867841700341e-01	7.378172237008412404e-02	3.006221992964383874e-02	7.661164809734889725e-02
1.149454202764495449e+03	2.611676716342686833e-01	1.553828969605680899e-01	2.503660965669263772e-01	1.525120944970602133e-01	7.381976401617509898e-02	3.008268874292225128e-02	7.666878758203235500e-02
1.150905533828591842e+03	2.609469356801935591e-01	1.552499546951492393e-01	2.505130695494652837e-01	1.526033430767683718e-01	7.385773977880329133e-02	3.010312715820980672e-02	7.672583006136345085e-02
1.152356864892688463e+03	2.607265810569853737e-01	1.551172420970110266e-01	2.506597833463103941e-01	1.526944328096544179e-01	7.389564977394368073e-02	3.012353522506489023e-02	7.678277569098312938e-02
1.153808195956785084e+03	2.605066071054537025e-01	1.549847587691184914e-01	2.508062384072060058e-01	1.527853639814935882e-01	7.393349411735533616e-02	3.014391299296053164e-02	7.683962462636524660e-02
1.155259527020881706e+03	2.602870131675495413e-01	1.548525043151243730e-01	2.509524351811182052e-01	1.528761368774782248e-01	7.397127292458186010e-02	3.016426051128455813e-02	7.689637702281605647e-02
1.156710858084978327e+03	2.600677985863635300e-01	1.547204783393678895e-01	2.510983741162364780e-01	1.529667517822196066e-01	7.400898631095188807e-02	3.018457782933976069e-02	7.695303303547361418e-02
1.158162189149074720e+03	2.598489627061237872e-01	1.545886804468735998e-01	2.512440556599747632e-01	1.530572089797495872e-01	7.404663439157967153e-02	3.020486499634405034e-02	7.700959281930723488e-02
1.159613520213171569e+03	2.596305048721940789e-01	1.544571102433501542e-01	2.513894802589731192e-01	1.531475087535223434e-01	7.408421728136543871e-02	3.022512206143061764e-02	7.706605652911696636e-02
1.161064851277267962e+03	2.594124244310715977e-01	1.543257673351891290e-01	2.515346483590986670e-01	1.532376513864160683e-01	7.412173509499601909e-02	3.024534907364809927e-02	7.712242431953306165e-02
1.162516182341364356e+03	2.591947207303854084e-01	1.541946513294637777e-01	2.516795604054472557e-01	1.533276371607347754e-01	7.415918794694525973e-02	3.026554608196073068e-02	7.717869634501542397e-02
1.163967513405461204e+03	2.589773931188938949e-01	1.540637618339279202e-01	2.518242168423446836e-01	1.534174663582099085e-01	7.419657595147448326e-02	3.028571313524850567e-02	7.723487275985310707e-02
1.165418844469557826e+03	2.587604409464834276e-01	1.539330984570146943e-01	2.519686181133481417e-01	1.535071392600020623e-01	7.423389922263307072e-02	3.030585028230733599e-02	7.729095371816380178e-02
1.166870175533654447e+03	2.585438635641657545e-01	1.538026608078354174e-01	2.521127646612473239e-01	1.535966561467026203e-01	7.427115787425886406e-02	3.032595757184920748e-02	7.734693937389332252e-02
1.168321506597751068e+03	2.583276603240765579e-01	1.536724484961783099e-01	2.522566569280658144e-01	1.536860172983355310e-01	7.430835201997869344e-02	3.034603505250233618e-02	7.740282988081516324e-02
1.169772837661847461e+03	2.581118305794732892e-01	1.535424611325074684e-01	2.524002953550625317e-01	1.537752229943588622e-01	7.434548177320884910e-02	3.036608277281133833e-02	7.745862539252997003e-02
1.171224168725944082e+03	2.578963736847331711e-01	1.534126983279614498e-01	2.525436803827330601e-01	1.538642735136665496e-01	7.438254724715556709e-02	3.038610078123737263e-02	7.751432606246505541e-02
1.172675499790040703e+03	2.576812889953512542e-01	1.532831596943524388e-01	2.526868124508108160e-01	1.539531691345899789e-01	7.441954855481550113e-02	3.040608912615829981e-02	7.756993204387389873e-02
1.174126830854137097e+03	2.574665758679384742e-01	1.531538448441647216e-01	2.528296919982684909e-01	1.540419101348996511e-01	7.445648580897615276e-02	3.042604785586884575e-02	7.762544348983578535e-02
1.175578161918233945e+03	2.572522336602198201e-01	1.530247533905536861e-01	2.529723194633192729e-01	1.541304967918068203e-01	7.449335912221644040e-02	3.044597701858074712e-02	7.768086055325525152e-02
1.177029492982330339e+03	2.570382617310322249e-01	1.528958849473446568e-01	2.531146952834182895e-01	1.542189293819650753e-01	7.453016860690711565e-02	3.046587666242291451e-02	7.773618338686165419e-02
1.178480824046426733e+03	2.568246594403227334e-01	1.527672391290317289e-01	2.532568198952638849e-01	1.543072081814719776e-01	7.456691437521119348e-02	3.048574683544158503e-02	7.779141214320875464e-02
1.179932155110523581e+03	2.566114261491465598e-01	1.526388155507764632e-01	2.533986937347987856e-01	1.543953334658706988e-01	7.460359653908450739e-02	3.050558758560047157e-02	7.784654697467426054e-02
1.181383486174620202e+03	2.563985612196650887e-01	1.525106138284068880e-01	2.535403172372116543e-01	1.544833055101516306e-01	7.464021521027615347e-02	3.052539896078092924e-02	7.790158803345939575e-02
1.182834817238716823e+03	2.561860640151440438e-01	1.523826335784162767e-01	2.536816908369380341e-01	1.545711245887538832e-01	7.467677050032887898e-02	3.054518100878209075e-02	7.795653547158848395e-02
1.184286148302813444e+03	2.559739338999513780e-01	1.522548744179620106e-01	2.538228149676620693e-01	1.546587909755669232e-01	7.471326252057965134e-02	3.056493377732104333e-02	7.801138944090853233e-02
1.185737479366910065e+03	2.557621702395556085e-01	1.521273359648642742e-01	2.539636900623176707e-01	1.547463049439321559e-01	7.474969138216007447e-02	3.058465731403296750e-02	7.806615009308882913e-02
1.187188810431006686e+03	2.555507724005237624e-01	1.520000178376051392e-01	2.541043165530895154e-01	1.548336667666445066e-01	7.478605719599684676e-02	3.060435166647128280e-02	7.812081757962052730e-02
1.188640141495103080e+03	2.553397397505193789e-01	1.518729196553272875e-01	2.542446948714147115e-01	1.549208767159538924e-01	7.482236007281220513e-02	3.062401688210781778e-02	7.817539205181625594e-02
1.190091472559199701e+03	2.551290716583007323e-01	1.517460410378327351e-01	2.543848254479841309e-01	1.550079350635669151e-01	7.485860012312443856e-02	3.064365300833294878e-02	7.822987366080970395e-02
1.191542803623296322e+03	2.549187674937189452e-01	1.516193816055818877e-01	2.545247087127431862e-01	1.550948420806482486e-01	7.489477745724827662e-02	3.066326009245575607e-02	7.828426255755530083e-02
1.192994134687392716e+03	2.547088266277158786e-01	1.514929409796923476e-01	2.546643450948937737e-01	1.551815980378222493e-01	7.493089218529536133e-02	3.068283818170417648e-02	7.833855889282778651e-02
1.194445465751489564e+03	2.544992484323225224e-01	1.513667187819376370e-01	2.548037350228950504e-01	1.552682032051745098e-01	7.496694441717476065e-02	3.070238732322515263e-02	7.839276281722185047e-02
1.195896796815585958e+03	2.542900322806568858e-01	1.512407146347462261e-01	2.549428789244650995e-01	1.553546578522533583e-01	7.500293426259331542e-02	3.072190756408478551e-02	7.844687448115179873e-02
1.197348127879682352e+03	2.540811775469220546e-01	1.511149281612002571e-01	2.550817772265819294e-01	1.554409622480713571e-01	7.503886183105616670e-02	3.074139895126848029e-02	7.850089403485113748e-02
1.198799458943779200e+03	2.538726836064045811e-01	1.509893589850344886e-01	2.552204303554849174e-01	1.555271166611067735e-01	7.507472723186721375e-02	3.076086153168109544e-02	7.855482162837228166e-02
1.200250790007875821e+03	2.536645498354723194e-01	1.508640067306351029e-01	2.553588387366759749e-01	1.556131213593051621e-01	7.511053057412944711e-02	3.078029535214710580e-02	7.860865741158618025e-02
1.201702121071972442e+03	2.534567756115727044e-01	1.507388710230385953e-01	2.554970027949210465e-01	1.556989766100807249e-01	7.514627196674555920e-02	3.079970045941073098e-02	7.866240153418196934e-02
1.203153452136069063e+03	2.532493603132307536e-01	1.506139514879306640e-01	2.556349229542509427e-01	1.557846826803179485e-01	7.518195151841822188e-02	3.081907690013610188e-02	7.871605414566666681e-02
1.204604783200165684e+03	2.530423033200472904e-01	1.504892477516450167e-01	2.557725996379631161e-01	1.558702398363730202e-01	7.521756933765065545e-02	3.083842472090739251e-02	7.876961539536481149e-02
1.206056114264262078e+03	2.528356040126968907e-01	1.503647594411622879e-01	2.559100332686226609e-01	1.559556483440752150e-01	7.525312553274700333e-02	3.085774396822898308e-02	7.882308543241817178e-02
1.207507445328358699e+03	2.526292617729263834e-01	1.502404861841089012e-01	2.560472242680635890e-01	1.560409084687284231e-01	7.528862021181277620e-02	3.087703468852560570e-02	7.887646440578544027e-02
1.208958776392455093e+03	2.524232759835525752e-01	1.501164276087559868e-01	2.561841730573901632e-01	1.561260204751126757e-01	7.532405348275530987e-02	3.089629692814248318e-02	7.892975246424187297e-02
1.210410107456551941e+03	2.522176460284606403e-01	1.499925833440181044e-01	2.563208800569781176e-01	1.562109846274854774e-01	7.535942545328418174e-02	3.091553073334547819e-02	7.898294975637902560e-02
1.211861438520648335e+03	2.520123712926020665e-01	1.498689530194523556e-01	2.564573456864759349e-01	1.562958011895832777e-01	7.539473623091164090e-02	3.093473615032124938e-02	7.903605643060444830e-02
1.213312769584745183e+03	2.518074511619930456e-01	1.497455362652569955e-01	2.565935703648061228e-01	1.563804704246229138e-01	7.542998592295308002e-02	3.095391322517737978e-02	7.908907263514139419e-02
1.214764100648841804e+03	2.516028850237124193e-01	1.496223327122705449e-01	2.567295545101663801e-01	1.564649925953030263e-01	7.546517463652739621e-02	3.097306200394254680e-02	7.914199851802854180e-02
1.216215431712937971e+03	2.513986722658999029e-01	1.494993419919706523e-01	2.568652985400309841e-01	1.565493679638055302e-01	7.550030247855747667e-02	3.099218253256664363e-02	7.919483422711966203e-02
1.217666762777034819e+03	2.511948122777541981e-01	1.493765637364727894e-01	2.570008028711518455e-01	1.566335967917969196e-01	7.553536955577060119e-02	3.101127485692094579e-02	7.924757991008342384e-02
1.219118093841131440e+03	2.509913044495312717e-01	1.492539975785292516e-01	2.571360679195601739e-01	1.567176793404297941e-01	7.557037597469887236e-02	3.103033902279823952e-02	7.930023571440306118e-02
1.220569424905228061e+03	2.507881481725423023e-01	1.491316431515282148e-01	2.572710941005671992e-01	1.568016158703441909e-01	7.560532184167965963e-02	3.104937507591297094e-02	7.935280178737613710e-02
1.222020755969324682e+03	2.505853428391520143e-01	1.490095000894923749e-01	2.574058818287656702e-01	1.568854066416688897e-01	7.564020726285598795e-02	3.106838306190139870e-02	7.940527827611429390e-02
1.223472087033421303e+03	2.503828878427767912e-01	1.488875680270779212e-01	2.575404315180311876e-01	1.569690519140230223e-01	7.567503234417700952e-02	3.108736302632172932e-02	7.945766532754294786e-02
1.224923418097517697e+03	2.501807825778827876e-01	1.487658465995734258e-01	2.576747435815233689e-01	1.570525519465172937e-01	7.570979719139833697e-02	3.110631501465425941e-02	7.950996308840110882e-02
1.226374749161614318e+03	2.499790264399842921e-01	1.486443354428988728e-01	2.578088184316869036e-01	1.571359069977553147e-01	7.574450191008255673e-02	3.112523907230152834e-02	7.956217170524106097e-02
1.227826080225710712e+03	2.497776188256416452e-01	1.485230341936044363e-01	2.579426564802531074e-01	1.572191173258351005e-01	7.577914660559957605e-02	3.114413524458844659e-02	7.961429132442822409e-02
1.229277411289807560e+03	2.495765591324596300e-01	1.484019424888692873e-01	2.580762581382409215e-01	1.573021831883503474e-01	7.581373138312709481e-02	3.116300357676245539e-02	7.966632209214080662e-02
1.230728742353903954e+03	2.493758467590854455e-01	1.482810599665007334e-01	2.582096238159581891e-01	1.573851048423917931e-01	7.584825634765100799e-02	3.118184411399366196e-02	7.971826415436966684e-02
1.232180073418000802e+03	2.491754811052071528e-01	1.481603862649329695e-01	2.583427539230030434e-01	1.574678825445485764e-01	7.588272160396575261e-02	3.120065690137497141e-02	7.977011765691804923e-02
1.233631404482097196e+03	2.489754615715516206e-01	1.480399210232259954e-01	2.584756488682649067e-01	1.575505165509095418e-01	7.591712725667480732e-02	3.121944198392224631e-02	7.982188274540137629e-02
1.235082735546193817e+03	2.487757875598828883e-01	1.479196638810645337e-01	2.586083090599258227e-01	1.576330071170646552e-01	7.595147341019106713e-02	3.123819940657443159e-02	7.987355956524701261e-02
1.236534066610290438e+03	2.485764584730002502e-01	1.477996144787570021e-01	2.587407349054616779e-01	1.577153544981062805e-01	7.598576016873724581e-02	3.125692921419371412e-02	7.992514826169408448e-02
1.237985397674387059e+03	2.483774737147365352e-01	1.476797724572343762e-01	2.588729268116436444e-01	1.577975589486304842e-01	7.601998763634627843e-02	3.127563145156563723e-02	7.997664897979328558e-02
1.239436728738483680e+03	2.481788326899562191e-01	1.475601374580491065e-01	2.590048851845389022e-01	1.578796207227383397e-01	7.605415591686175147e-02	3.129430616339926724e-02	8.002806186440664105e-02
1.240888059802580301e+03	2.479805348045537594e-01	1.474407091233739808e-01	2.591366104295122486e-01	1.579615400740372877e-01	7.608826511393829151e-02	3.131295339432732527e-02	8.007938706020734099e-02
1.242339390866676695e+03	2.477825794654516245e-01	1.473214870960011802e-01	2.592681029512272084e-01	1.580433172556424404e-01	7.612231533104198145e-02	3.133157318890630177e-02	8.013062471167951839e-02
1.243790721930773088e+03	2.475849660805986563e-01	1.472024710193411134e-01	2.593993631536472000e-01	1.581249525201777750e-01	7.615630667145074917e-02	3.135016559161665078e-02	8.018177496311811037e-02
1.245242052994869937e+03	2.473876940589682383e-01	1.470836605374213346e-01	2.595303914400367562e-01	1.582064461197776051e-01	7.619023923825474220e-02	3.136873064686287321e-02	8.023283795862864998e-02
1.246693384058966330e+03	2.471907628105564914e-01	1.469650552948855160e-01	2.596611882129629678e-01	1.582877983060876903e-01	7.622411313435678570e-02	3.138726839897368337e-02	8.028381384212708582e-02
1.248144715123063179e+03	2.469941717463805531e-01	1.468466549369922824e-01	2.597917538742962051e-01	1.583690093302666524e-01	7.625792846247275714e-02	3.140577889220215468e-02	8.033470275733965715e-02
1.249596046187159800e+03	2.467979202784766901e-01	1.467284591096142399e-01	2.599220888252117279e-01	1.584500794429871406e-01	7.629168532513196099e-02	3.142426217072581685e-02	8.038550484780261629e-02
1.251047377251256421e+03	2.466020078198985777e-01	1.466104674592369206e-01	2.600521934661909063e-01	1.585310088944371365e-01	7.632538382467755900e-02	3.144271827864686397e-02	8.043622025686220089e-02
1.252498708315352815e+03	2.464064337847156616e-01	1.464926796329575620e-01	2.601820681970220539e-01	1.586117979343212303e-01	7.635902406326694480e-02	3.146114725999221706e-02	8.048684912767439803e-02
1.253950039379449436e+03	2.462111975880112158e-01	1.463750952784842185e-01	2.603117134168020375e-01	1.586924468118619536e-01	7.639260614287211870e-02	3.147954915871371134e-02	8.053739160320479151e-02
1.255401370443546057e+03	2.460162986458806489e-01	1.462577140441345958e-01	2.604411295239372204e-01	1.587729557758008059e-01	7.642613016528011782e-02	3.149792401868821423e-02	8.058784782622845089e-02
1.256852701507642678e+03	2.458217363754296725e-01	1.461405355788350791e-01	2.605703169161446286e-01	1.588533250743997260e-01	7.645959623209337697e-02	3.151627188371776411e-02	8.063821793932975102e-02
1.258304032571739299e+03	2.456275101947726913e-01	1.460235595321195678e-01	2.606992759904533385e-01	1.589335549554422578e-01	7.649300444473014493e-02	3.153459279752970912e-02	8.068850208490224718e-02
1.259755363635835920e+03	2.454336195230308881e-01	1.459067855541284486e-01	2.608280071432055869e-01	1.590136456662347431e-01	7.652635490442485922e-02	3.155288680377684590e-02	8.073870040514853630e-02
1.261206694699932314e+03	2.452400637803306138e-01	1.457902132956075680e-01	2.609565107700579922e-01	1.590935974536075992e-01	7.655964771222850684e-02	3.157115394603753761e-02	8.078881304208011815e-02
1.262658025764028707e+03	2.450468423878015556e-01	1.456738424079071226e-01	2.610847872659824986e-01	1.591734105639164565e-01	7.659288296900906845e-02	3.158939426781586651e-02	8.083884013751729825e-02
1.264109356828125556e+03	2.448539547675749606e-01	1.455576725429807983e-01	2.612128370252679299e-01	1.592530852430435462e-01	7.662606077545180971e-02	3.160760781254176588e-02	8.088878183308897962e-02
1.265560687892221949e+03	2.446614003427820261e-01	1.454417033533844661e-01	2.613406604415209333e-01	1.593326217363986719e-01	7.665918123205978096e-02	3.162579462357116566e-02	8.093863827023263513e-02
1.267012018956318798e+03	2.444691785375520399e-01	1.453259344922752105e-01	2.614682579076673674e-01	1.594120202889207083e-01	7.669224443915412248e-02	3.164395474418609661e-02	8.098840959019416863e-02
1.268463350020415419e+03	2.442772887770106871e-01	1.452103656134104415e-01	2.615956298159530236e-01	1.594912811450785173e-01	7.672525049687443921e-02	3.166208821759485675e-02	8.103809593402776235e-02
1.269914681084511813e+03	2.440857304872782740e-01	1.450949963711465618e-01	2.617227765579454024e-01	1.595704045488723355e-01	7.675819950517923096e-02	3.168019508693212249e-02	8.108769744259582135e-02
1.271366012148608434e+03	2.438945030954681181e-01	1.449798264204382181e-01	2.618496985245344355e-01	1.596493907438348570e-01	7.679109156384622548e-02	3.169827539525909427e-02	8.113721425656880704e-02
1.272817343212705055e+03	2.437036060296846884e-01	1.448648554168370794e-01	2.619763961059337620e-01	1.597282399730325375e-01	7.682392677247276702e-02	3.171632918556363534e-02	8.118664651642518160e-02
1.274268674276801676e+03	2.435130387190219681e-01	1.447500830164908658e-01	2.621028696916822831e-01	1.598069524790665941e-01	7.685670523047624658e-02	3.173435650076039671e-02	8.123599436245133865e-02
1.275720005340898297e+03	2.433228005935616778e-01	1.446355088761422381e-01	2.622291196706446059e-01	1.598855285040743923e-01	7.688942703709436555e-02	3.175235738369092814e-02	8.128525793474143668e-02
1.277171336404994690e+03	2.431328910843716107e-01	1.445211326531278817e-01	2.623551464310129311e-01	1.599639682897304183e-01	7.692209229138559368e-02	3.177033187712385853e-02	8.133443737319734357e-02
1.278622667469091539e+03	2.429433096235038836e-01	1.444069540053774248e-01	2.624809503603076077e-01	1.600422720772475826e-01	7.695470109222954380e-02	3.178828002375497230e-02	8.138353281752856716e-02
1.280073998533187932e+03	2.427540556439931885e-01	1.442929725914123273e-01	2.626065318453789099e-01	1.601204401073783590e-01	7.698725353832727714e-02	3.180620186620740364e-02	8.143254440725215815e-02
1.281525329597284326e+03	2.425651285798552104e-01	1.441791880703449935e-01	2.627318912724074806e-01	1.601984726204158105e-01	7.701974972820174736e-02	3.182409744703171284e-02	8.148147228169261291e-02
1.282976660661381175e+03	2.423765278660847955e-01	1.440656001018776333e-01	2.628570290269062748e-01	1.602763698561949501e-01	7.705218976019810595e-02	3.184196680870604590e-02	8.153031657998181803e-02
1.284427991725477568e+03	2.421882529386543137e-01	1.439522083463012359e-01	2.629819454937209477e-01	1.603541320540936843e-01	7.708457373248413236e-02	3.185980999363625943e-02	8.157907744105900860e-02
1.285879322789574417e+03	2.420003032345119376e-01	1.438390124644946533e-01	2.631066410570316871e-01	1.604317594530340896e-01	7.711690174305053935e-02	3.187762704415605247e-02	8.162775500367061565e-02
1.287330653853671038e+03	2.418126781915799217e-01	1.437260121179234351e-01	2.632311161003538791e-01	1.605092522914835507e-01	7.714917388971137546e-02	3.189541800252709142e-02	8.167634940637030772e-02
1.288781984917767431e+03	2.416253772487530482e-01	1.436132069686388846e-01	2.633553710065393849e-01	1.605866108074557597e-01	7.718139027010439968e-02	3.191318291093914877e-02	8.172486078751882432e-02
1.290233315981864052e+03	2.414383998458967118e-01	1.435005966792771703e-01	2.634794061577779845e-01	1.606638352385119650e-01	7.721355098169138675e-02	3.193092181151022113e-02	8.177328928528401764e-02
