1.301360187473271253e+03	2.358474115898684109e-01	1.497743765979290542e-01	2.592551438160042299e-01	1.618513068991436488e-01	7.637302572366154452e-02	3.260256721920043455e-02	8.429616815377605210e-02
1.306197957686926657e+03	2.352566654095851195e-01	1.493583348504712860e-01	2.596308842976069453e-01	1.621028166600148313e-01	7.648113048114855983e-02	3.268624298564908048e-02	8.448392531510756642e-02
1.311035727900581833e+03	2.346691640430369208e-01	1.489448621867304756e-01	2.600044856718546904e-01	1.623528716151449169e-01	7.658872873432934214e-02	3.276934373105845621e-02	8.467054401742865610e-02
1.315873498114237009e+03	2.340848997175381807e-01	1.485339341388494105e-01	2.603759587457202818e-01	1.626014815763074661e-01	7.669582051718618065e-02	3.285187460305610124e-02	8.485603070092583022e-02
1.320711268327892412e+03	2.335038640323761905e-01	1.481255269657388018e-01	2.607453144616944107e-01	1.628486561406520261e-01	7.680240593456791331e-02	3.293384068088369560e-02	8.504039178367041318e-02
1.325549038541547588e+03	2.329260480035928171e-01	1.477196176131572170e-01	2.611125638731745524e-01	1.630944047110144679e-01	7.690848516080404929e-02	3.301524697703080158e-02	8.522363366080956681e-02
1.330386808755202765e+03	2.323514421059792168e-01	1.473161836762031385e-01	2.614777181227986302e-01	1.633387365137857483e-01	7.701405843822262121e-02	3.309609843877488189e-02	8.540576270381920743e-02
1.335224578968857941e+03	2.317800363124557506e-01	1.469152033640716004e-01	2.618407884233782124e-01	1.635816606146339169e-01	7.711912607559187616e-02	3.317639994963691996e-02	8.558678525981514018e-02
1.340062349182513572e+03	2.312118201309996124e-01	1.465166554669372623e-01	2.622017860411257062e-01	1.638231859323384665e-01	7.722368844650309705e-02	3.325615633076076799e-02	8.576670765091856663e-02
1.344900119396168748e+03	2.306467826392717968e-01	1.461205193248335255e-01	2.625607222809068775e-01	1.640633212509652883e-01	7.732774598770966734e-02	3.333537234222366114e-02	8.594553617367267639e-02
1.349737889609823924e+03	2.300849125170857656e-01	1.457267747984064277e-01	2.629176084732808838e-01	1.643020752305836274e-01	7.743129919743550749e-02	3.341405268428424696e-02	8.612327709850703394e-02
1.354575659823479100e+03	2.295261980768509846e-01	1.453354022414282687e-01	2.632724559631183237e-01	1.645394564167012852e-01	7.753434863366369389e-02	3.349220199857393804e-02	8.629993666924695717e-02
1.359413430037134731e+03	2.289706272921166463e-01	1.449463824749639418e-01	2.636252760996120603e-01	1.647754732485741946e-01	7.763689491241518303e-02	3.356982486923670156e-02	8.647552110266476522e-02
1.364251200250789907e+03	2.284181878243327080e-01	1.445596967630889684e-01	2.639760802275170071e-01	1.650101340665271199e-01	7.773893870602552325e-02	3.364692582402172699e-02	8.665003658807050868e-02
1.369088970464445310e+03	2.278688670479381284e-01	1.441753267900646174e-01	2.643248796794755440e-01	1.652434471184058284e-01	7.784048074142672913e-02	3.372350933533313500e-02	8.682348928693953138e-02
1.373926740678100487e+03	2.273226520738797773e-01	1.437932546388812072e-01	2.646716857693003355e-01	1.654754205652671228e-01	7.794152179844016093e-02	3.379957982124021099e-02	8.699588533257472667e-02
1.378764510891755890e+03	2.267795297716579950e-01	1.434134627710864085e-01	2.650165097861021946e-01	1.657060624863992415e-01	7.804206270808525248e-02	3.387514164645136910e-02	8.716723082980105952e-02
1.383602281105411066e+03	2.262394867899903961e-01	1.430359340078198316e-01	2.653593629891644046e-01	1.659353808837552291e-01	7.814210435090845897e-02	3.395019912325473316e-02	8.733753185469055047e-02
1.388440051319066470e+03	2.257025095761781008e-01	1.426606515119807073e-01	2.657002566034748492e-01	1.661633836858708024e-01	7.824164765533567212e-02	3.402475651242780480e-02	8.750679445431563952e-02
1.393277821532721646e+03	2.251685843942550780e-01	1.422875987714596058e-01	2.660392018158397875e-01	1.663900787513302448e-01	7.834069359605119742e-02	3.409881802411861285e-02	8.767502464652911220e-02
1.398115591746377049e+03	2.246376973419946799e-01	1.419167595833691342e-01	2.663762097715092203e-01	1.666154738718360895e-01	7.843924319240534737e-02	3.417238781870014092e-02	8.784222841976904728e-02
1.402953361960032225e+03	2.241098343668440906e-01	1.415481180392133553e-01	2.667112915712553933e-01	1.668395767749309422e-01	7.853729750685271849e-02	3.424547000760011506e-02	8.800841173288707908e-02
1.407791132173687402e+03	2.235849812808525794e-01	1.411816585109379740e-01	2.670444582688495938e-01	1.670623951264151308e-01	7.863485764342241502e-02	3.431806865410755303e-02	8.817358051499846194e-02
1.412628902387342805e+03	2.230631237746550366e-01	1.408173656378083893e-01	2.673757208688914422e-01	1.672839365324969851e-01	7.873192474622162096e-02	3.439018777415767114e-02	8.833774066535260427e-02
1.417466672600997981e+03	2.225442474305693308e-01	1.404552243140649581e-01	2.677050903249477143e-01	1.675042085417096649e-01	7.882849999797289509e-02	3.446183133709639079e-02	8.850089805322283731e-02
1.422304442814653157e+03	2.220283377348615805e-01	1.400952196773081193e-01	2.680325775379653885e-01	1.677232186466229014e-01	7.892458461858625762e-02	3.453300326642565199e-02	8.866305851781386416e-02
1.427142213028308333e+03	2.215153800892303293e-01	1.397373370975693030e-01	2.683581933549258336e-01	1.679409742853756049e-01	7.902017986376594361e-02	3.460370744053056780e-02	8.882422786818620908e-02
1.431979983241963964e+03	2.210053598215581117e-01	1.393815621670255467e-01	2.686819485677108821e-01	1.681574828430513480e-01	7.911528702365235033e-02	3.467394769338939114e-02	8.898441188319612671e-02
1.436817753455619140e+03	2.204982621959749034e-01	1.390278806903187947e-01	2.690038539121572536e-01	1.683727516529164858e-01	7.920990742149884578e-02	3.474372781526720300e-02	8.914361631145029108e-02
1.441655523669274316e+03	2.199940724222757826e-01	1.386762786754435484e-01	2.693239200672749023e-01	1.685867879975379846e-01	7.930404241238353524e-02	3.481305155339405044e-02	8.930184687127402932e-02
1.446493293882929493e+03	2.194927756647328809e-01	1.383267423251675898e-01	2.696421576546108034e-01	1.687995991097961945e-01	7.939769338195562520e-02	3.488192261262824945e-02	8.945910925069253117e-02
1.451331064096585123e+03	2.189943570503382064e-01	1.379792580289541937e-01	2.699585772377408599e-01	1.690111921738052247e-01	7.949086174521596826e-02	3.495034465610557389e-02	8.961540910742379906e-02
1.456168834310240300e+03	2.184988016765124497e-01	1.376338123553548509e-01	2.702731893218738857e-01	1.692215743257533267e-01	7.958354894533158086e-02	3.501832130587483050e-02	8.977075206888295023e-02
1.461006604523895703e+03	2.180060946183132176e-01	1.372903920448439452e-01	2.705860043535540105e-01	1.694307526546722786e-01	7.967575645248323180e-02	3.508585614352045107e-02	8.992514373219671897e-02
1.465844374737550879e+03	2.175162209351722553e-01	1.369489840030690408e-01	2.708970327204505146e-01	1.696387342031456524e-01	7.976748576274596270e-02	3.515295271077253231e-02	9.007858966422788161e-02
1.470682144951206283e+03	2.170291656771917155e-01	1.366095752944910813e-01	2.712062847512229924e-01	1.698455259679628737e-01	7.985873839700174948e-02	3.521961451010482275e-02	9.023109540160861863e-02
1.475519915164861459e+03	2.165449138910257587e-01	1.362721531363908500e-01	2.715137707154540725e-01	1.700511349007262363e-01	7.994951589988356921e-02	3.528584500532108009e-02	9.038266645078238404e-02
1.480357685378516862e+03	2.160634506253736320e-01	1.359367048932200450e-01	2.718195008236395371e-01	1.702555679084166440e-01	8.003981983875044226e-02	3.535164762213011819e-02	9.053330828805360164e-02
1.485195455592172038e+03	2.155847609361072614e-01	1.356032180712753998e-01	2.721234852272308435e-01	1.704588318539231595e-01	8.012965180269254750e-02	3.541702574871003623e-02	9.068302635964473057e-02
1.490033225805827215e+03	2.151088298910568963e-01	1.352716803136767842e-01	2.724257340187213883e-01	1.706609335565410224e-01	8.021901340156592508e-02	3.548198273626188004e-02	9.083182608176018635e-02
1.494870996019482618e+03	2.146356425744747887e-01	1.349420793956304931e-01	2.727262572317716849e-01	1.708618797924417176e-01	8.030790626505583674e-02	3.554652189955301300e-02	9.097971284065653474e-02
1.499708766233137567e+03	2.141651840911974747e-01	1.346144032199607932e-01	2.730250648413694026e-01	1.710616772951188969e-01	8.039633204176825643e-02	3.561064651745059900e-02	9.112669199271869469e-02
1.504546536446793198e+03	2.136974395705247554e-01	1.342886398128931569e-01	2.733221667640179375e-01	1.712603327558127331e-01	8.048429239834868631e-02	3.567435983344537792e-02	9.127276886454155358e-02
1.509384306660448374e+03	2.132323941698330005e-01	1.339647773200745573e-01	2.736175728579507971e-01	1.714578528239155131e-01	8.057178901862763198e-02	3.573766505616607358e-02	9.141794875301670342e-02
1.514222076874103550e+03	2.127700330779393467e-01	1.336428040028155573e-01	2.739112929233682436e-01	1.716542441073606318e-01	8.065882360279208463e-02	3.580056535988457300e-02	9.156223692542390935e-02
1.519059847087758726e+03	2.123103415182314713e-01	1.333227082345417591e-01	2.742033367026928681e-01	1.718495131729970427e-01	8.074539786658209428e-02	3.586306388501220993e-02	9.170563861952694962e-02
1.523897617301414357e+03	2.118533047515782364e-01	1.330044784974412087e-01	2.744937138808414834e-01	1.720436665469505799e-01	8.083151354051204551e-02	3.592516373858730544e-02	9.184815904367354955e-02
1.528735387515069533e+03	2.113989080790340536e-01	1.326881033792965403e-01	2.747824340855108405e-01	1.722367107149740117e-01	8.091717236911574740e-02	3.598686799475422221e-02	9.198980337689900699e-02
1.533573157728724709e+03	2.109471368443502082e-01	1.323735715704902893e-01	2.750695068874752236e-01	1.724286521227865743e-01	8.100237611021471329e-02	3.604817969523407134e-02	9.213057676903337045e-02
1.538410927942380113e+03	2.104979764363044958e-01	1.320608718611728793e-01	2.753549418008941485e-01	1.726194971764047625e-01	8.108712653420906136e-02	3.610910184978728676e-02	9.227048434081175365e-02
1.543248698156035516e+03	2.100514122908610781e-01	1.317499931385841538e-01	2.756387482836284986e-01	1.728092522424644895e-01	8.117142542339031430e-02	3.616963743666829628e-02	9.240953118398757826e-02
1.548086468369690692e+03	2.096074298931705493e-01	1.314409243845182651e-01	2.759209357375628779e-01	1.729979236485363892e-01	8.125527457127541819e-02	3.622978940307233775e-02	9.254772236144861997e-02
1.552924238583346096e+03	2.091660147794201230e-01	1.311336546729239272e-01	2.762015135089346263e-01	1.731855176834340149e-01	8.133867578196153636e-02	3.628956066557473964e-02	9.268506290733551090e-02
1.557762008797001272e+03	2.087271525385437365e-01	1.308281731676318449e-01	2.764804908886665524e-01	1.733720405975162915e-01	8.142163086950086892e-02	3.634895411056269371e-02	9.282155782716250414e-02
1.562599779010656675e+03	2.082908288138001218e-01	1.305244691202012974e-01	2.767578771127037762e-01	1.735574986029843059e-01	8.150414165729499838e-02	3.640797259465974184e-02	9.295721209794033379e-02
1.567437549224311852e+03	2.078570293042272532e-01	1.302225318678791877e-01	2.770336813623527905e-01	1.737418978741731845e-01	8.158620997750802573e-02	3.646661894514312968e-02	9.309203066830101791e-02
1.572275319437967255e+03	2.074257397659813318e-01	1.299223508316645903e-01	2.773079127646227993e-01	1.739252445478391140e-01	8.166783767049827503e-02	3.652489596035408959e-02	9.322601845862442393e-02
1.577113089651622431e+03	2.069969460135665240e-01	1.296239155144723876e-01	2.775805803925682769e-01	1.741075447234421147e-01	8.174902658426770607e-02	3.658280641010130951e-02	9.335918036116631902e-02
1.581950859865277607e+03	2.065706339209633646e-01	1.293272154993901080e-01	2.778516932656320826e-01	1.742888044634248734e-01	8.182977857392863263e-02	3.664035303605762961e-02	9.349152124018797472e-02
1.586788630078933011e+03	2.061467894226612085e-01	1.290322404480227503e-01	2.781212603499888525e-01	1.744690297934876344e-01	8.191009550118724669e-02	3.669753855215013988e-02	9.362304593208695125e-02
1.591626400292587959e+03	2.057253985146011988e-01	1.287389800989197364e-01	2.783892905588881139e-01	1.746482267028594271e-01	8.198997923384343522e-02	3.675436564494377611e-02	9.375375924552914464e-02
1.596464170506243590e+03	2.053064472550354957e-01	1.284474242660794407e-01	2.786557927529970669e-01	1.748264011445661847e-01	8.206943164530643153e-02	3.681083697401855287e-02	9.388366596158176369e-02
1.601301940719898766e+03	2.048899217653074589e-01	1.281575628375267173e-01	2.789207757407417554e-01	1.750035590356953108e-01	8.214845461412574601e-02	3.686695517234055142e-02	9.401277083384736166e-02
1.606139710933553943e+03	2.044758082305583868e-01	1.278693857739589546e-01	2.791842482786478508e-01	1.751797062576573305e-01	8.222705002353708492e-02	3.692272284662682230e-02	9.414107858859853406e-02
1.610977481147209119e+03	2.040640929003648407e-01	1.275828831074565517e-01	2.794462190716790473e-01	1.753548486564444620e-01	8.230521976102254944e-02	3.697814257770416779e-02	9.426859392491344913e-02
1.615815251360864750e+03	2.036547620893113530e-01	1.272980449402540681e-01	2.797066967735742371e-01	1.755289920428863004e-01	8.238296571788508715e-02	3.703321692086213729e-02	9.439532151481191957e-02
1.620653021574519926e+03	2.032478021775024624e-01	1.270148614435684942e-01	2.799656899871830196e-01	1.757021421929026161e-01	8.246028978883632177e-02	3.708794840620014549e-02	9.452126600339202933e-02
1.625490791788175102e+03	2.028431996110179603e-01	1.267333228564811176e-01	2.802232072647984351e-01	1.758743048477537374e-01	8.253719387159766385e-02	3.714233953896891455e-02	9.464643200896723230e-02
1.630328562001830505e+03	2.024409409023146533e-01	1.264534194848699611e-01	2.804792571084882002e-01	1.760454857142877971e-01	8.261367986651428630e-02	3.719639279990630265e-02	9.477082412320382565e-02
1.635166332215485909e+03	2.020410126305785814e-01	1.261751417003897091e-01	2.807338479704232781e-01	1.762156904651856759e-01	8.268974967618146488e-02	3.725011064556772028e-02	9.489444691125860365e-02
1.640004102429141085e+03	2.016434014420303289e-01	1.258984799394963772e-01	2.809869882532041729e-01	1.763849247392033637e-01	8.276540520508290921e-02	3.730349550865105085e-02	9.501730491191687222e-02
1.644841872642796488e+03	2.012480940501867321e-01	1.256234247025141137e-01	2.812386863101845602e-01	1.765531941414117956e-01	8.284064835924094539e-02	3.735654979831633249e-02	9.513940263773060235e-02
1.649679642856451665e+03	2.008550772360818137e-01	1.253499665527415818e-01	2.814889504457928626e-01	1.767205042434340789e-01	8.291548104587793955e-02	3.740927590050021484e-02	9.526074457515665284e-02
1.654517413070107068e+03	2.004643378484491645e-01	1.250780961155956716e-01	2.817377889158507176e-01	1.768868605836805274e-01	8.298990517308874049e-02	3.746167617822533658e-02	9.538133518469502081e-02
1.659355183283762244e+03	2.000758628038689091e-01	1.248078040777904352e-01	2.819852099278890023e-01	1.770522686675811419e-01	8.306392264952389137e-02	3.751375297190462366e-02	9.550117890102720331e-02
1.664192953497417420e+03	1.996896390868807825e-01	1.245390811865489666e-01	2.822312216414616937e-01	1.772167339678156206e-01	8.313753538408311106e-02	3.756550859964070954e-02	9.562028013315432284e-02
1.669030723711072824e+03	1.993056537500663694e-01	1.242719182488465496e-01	2.824758321684561757e-01	1.773802619245413714e-01	8.321074528561892003e-02	3.761694535752047042e-02	9.573864326453539186e-02
1.673868493924728000e+03	1.989238939141015905e-01	1.240063061306831277e-01	2.827190495734014375e-01	1.775428579456189981e-01	8.328355426265002248e-02	3.766806551990483504e-02	9.585627265322521628e-02
1.678706264138383403e+03	1.985443467677823481e-01	1.237422357563834896e-01	2.829608818737737730e-01	1.777045274068353442e-01	8.335596422308413911e-02	3.771887133971386225e-02	9.597317263201225745e-02
1.683544034352038352e+03	1.981669995680242213e-01	1.234796981079234468e-01	2.832013370402993169e-01	1.778652756521246492e-01	8.342797707395005480e-02	3.776936504870728045e-02	9.608934750855625817e-02
1.688381804565693983e+03	1.977918396398385403e-01	1.232186842242807140e-01	2.834404229972541378e-01	1.780251079937872349e-01	8.349959472113864523e-02	3.781954885776047520e-02	9.620480156552554951e-02
1.693219574779349159e+03	1.974188543762860348e-01	1.229591852008087988e-01	2.836781476227616117e-01	1.781840297127060824e-01	8.357081906915243830e-02	3.786942495713604973e-02	9.631953906073417726e-02
1.698057344993004335e+03	1.970480312384100818e-01	1.227011921886329016e-01	2.839145187490874633e-01	1.783420460585611877e-01	8.364165202086382145e-02	3.791899551675102092e-02	9.643356422727868138e-02
1.702895115206659511e+03	1.966793577551500527e-01	1.224446963940662852e-01	2.841495441629316998e-01	1.784991622500417541e-01	8.371209547728117317e-02	3.796826268643973407e-02	9.654688127367450079e-02
1.707732885420315142e+03	1.963128215232369245e-01	1.221896890780462680e-01	2.843832316057180454e-01	1.786553834750563563e-01	8.378215133732300202e-02	3.801722859621255862e-02	9.665949438399207283e-02
1.712570655633970318e+03	1.959484102070720157e-01	1.219361615555883543e-01	2.846155887738812118e-01	1.788107148909408584e-01	8.385182149759989878e-02	3.806589535651046241e-02	9.677140771799248864e-02
1.717408425847625494e+03	1.955861115385899851e-01	1.216841051952578245e-01	2.848466233191510599e-01	1.789651616246644150e-01	8.392110785220377456e-02	3.811426505845550566e-02	9.688262541126278771e-02
1.722246196061280898e+03	1.952259133171073135e-01	1.214335114186576997e-01	2.850763428488345408e-01	1.791187287730332534e-01	8.399001229250445399e-02	3.816233977409733136e-02	9.699315157535083609e-02
1.727083966274936301e+03	1.948678034091570754e-01	1.211843716999320281e-01	2.853047549260950833e-01	1.792714214028925113e-01	8.405853670695329072e-02	3.821012155665574894e-02	9.710299029789967729e-02
1.731921736488591478e+03	1.945117697483112751e-01	1.209366775652838677e-01	2.855318670702295392e-01	1.794232445513261609e-01	8.412668298089359675e-02	3.825761244075947393e-02	9.721214564278149450e-02
1.736759506702246881e+03	1.941578003349913040e-01	1.206904205925070361e-01	2.857576867569424084e-01	1.795742032258548226e-01	8.419445299637770552e-02	3.830481444268104413e-02	9.732062165023107336e-02
1.741597276915902057e+03	1.938058832362675454e-01	1.204455924105308912e-01	2.859822214186181766e-01	1.797243024046315807e-01	8.426184863199047415e-02	3.835172956056798199e-02	9.742842233697877885e-02
1.746435047129557461e+03	1.934560065856489874e-01	1.202021846989774490e-01	2.862054784445905442e-01	1.798735470366360778e-01	8.432887176267904461e-02	3.839835977467037642e-02	9.753555169638294942e-02
1.751272817343212637e+03	1.931081585828633707e-01	1.199601891877301180e-01	2.864274651814101014e-01	1.800219420418665839e-01	8.439552425958862791e-02	3.844470704756481477e-02	9.764201369856184698e-02
1.756110587556867813e+03	1.927623274936287046e-01	1.197195976565135767e-01	2.866481889331090605e-01	1.801694923115300939e-01	8.446180798990426952e-02	3.849077332437476906e-02	9.774781229052506570e-02
1.760948357770523216e+03	1.924185016494167899e-01	1.194804019344840040e-01	2.868676569614639904e-01	1.803162027082307328e-01	8.452772481669820759e-02	3.853656053298754047e-02	9.785295139630433014e-02
1.765786127984178393e+03	1.920766694472093306e-01	1.192425938998292467e-01	2.870858764862563306e-01	1.804620780661562451e-01	8.459327659878286554e-02	3.858207058426775526e-02	9.795743491708387707e-02
1.770623898197833569e+03	1.917368193492472173e-01	1.190061654793783535e-01	2.873028546855304066e-01	1.806071231912628472e-01	8.465846519056922925e-02	3.862730537226752303e-02	9.806126673133008786e-02
1.775461668411488745e+03	1.913989398827736221e-01	1.187711086482201028e-01	2.875185986958496143e-01	1.807513428614579698e-01	8.472329244193044229e-02	3.867226677443331290e-02	9.816445069492066300e-02
1.780299438625144376e+03	1.910630196397711533e-01	1.185374154293297455e-01	2.877331156125501610e-01	1.808947418267815577e-01	8.478776019807042486e-02	3.871695665180954066e-02	9.826699064127322747e-02
1.785137208838799552e+03	1.907290472766937361e-01	1.183050778932039776e-01	2.879464124899927535e-01	1.810373248095855647e-01	8.485187029939750269e-02	3.876137684923899179e-02	9.836889038147328401e-02
1.789974979052454728e+03	1.903970115141939423e-01	1.180740881575033790e-01	2.881584963418122869e-01	1.811790965047116175e-01	8.491562458140280989e-02	3.880552919556015667e-02	9.847015370440162507e-02
1.794812749266109904e+03	1.900669011368452122e-01	1.178444383867020967e-01	2.883693741411653688e-01	1.813200615796672910e-01	8.497902487454328524e-02	3.884941550380138775e-02	9.857078437686114802e-02
1.799650519479765535e+03	1.897387049928607183e-01	1.176161207917444523e-01	2.885790528209759565e-01	1.814602246748003023e-01	8.504207300412922055e-02	3.889303757137216322e-02	9.867078614370297651e-02
1.804488289693420711e+03	1.894124119938081496e-01	1.173891276297079622e-01	2.887875392741786063e-01	1.815995904034715669e-01	8.510477079021615265e-02	3.893639718025125596e-02	9.877016272795212382e-02
1.809326059907075887e+03	1.890880111143211362e-01	1.171634512034726017e-01	2.889948403539602251e-01	1.817381633522262285e-01	8.516712004750114084e-02	3.897949609717205055e-02	9.886891783093243458e-02
1.814163830120731291e+03	1.887654913918079547e-01	1.169390838613960371e-01	2.892009628739997118e-01	1.818759480809633844e-01	8.522912258522288842e-02	3.902233607380497377e-02	9.896705513239088814e-02
1.819001600334386467e+03	1.884448419261570418e-01	1.167160179969943951e-01	2.894059136087053785e-01	1.820129491231042840e-01	8.529078020706620800e-02	3.906491884693708005e-02	9.906457829062143006e-02
1.823839370548041643e+03	1.881260518794406200e-01	1.164942460486284997e-01	2.896096992934509284e-01	1.821491709857586683e-01	8.535209471107012280e-02	3.910724613864893090e-02	9.916149094258804031e-02
1.828677140761696819e+03	1.878091104756155205e-01	1.162737604991950502e-01	2.898123266248095464e-01	1.822846181498899432e-01	8.541306788953989537e-02	3.914931965648867085e-02	9.925779670404721866e-02
1.833514910975352450e+03	1.874940070002226178e-01	1.160545538758229328e-01	2.900138022607855470e-01	1.824192950704787708e-01	8.547370152896258122e-02	3.919114109364343901e-02	9.935349916966991490e-02
1.838352681189008081e+03	1.871807308000843495e-01	1.158366187495739746e-01	2.902141328210451898e-01	1.825532061766851344e-01	8.553399740992632949e-02	3.923271212910820621e-02	9.944860191316269582e-02
1.843190451402663257e+03	1.868692712830006264e-01	1.156199477351482346e-01	2.904133248871448303e-01	1.826863558720089875e-01	8.559395730704290328e-02	3.927403442785194765e-02	9.954310848738839868e-02
1.848028221616318433e+03	1.865596179174435765e-01	1.154045334905935971e-01	2.906113850027578493e-01	1.828187485344496543e-01	8.565358298887383592e-02	3.931510964098133831e-02	9.963702242448614632e-02
1.852865991829973609e+03	1.862517602322514287e-01	1.151903687170193619e-01	2.908083196738996401e-01	1.829503885166635091e-01	8.571287621785952937e-02	3.935593940590189493e-02	9.973034723599065454e-02
1.857703762043628785e+03	1.859456878163210369e-01	1.149774461583138591e-01	2.910041353691510402e-01	1.830812801461206007e-01	8.577183875025178039e-02	3.939652534647670318e-02	9.982308641295102591e-02
1.862541532257283961e+03	1.856413903182999592e-01	1.147657586008656583e-01	2.911988385198799323e-01	1.832114277252598067e-01	8.583047233604922110e-02	3.943686907318268153e-02	9.991524342604878040e-02
1.867379302470939592e+03	1.853388574462779548e-01	1.145552988732885108e-01	2.913924355204612904e-01	1.833408355316425709e-01	8.588877871893578486e-02	3.947697218326456231e-02	1.000068217257154002e-01
1.872217072684594768e+03	1.850380789674778981e-01	1.143460598461496502e-01	2.915849327284953940e-01	1.834695078181055039e-01	8.594675963622204484e-02	3.951683626088640933e-02	1.000978247422491252e-01
1.877054842898249490e+03	1.847390447079464981e-01	1.141380344317014656e-01	2.917763364650250435e-01	1.835974488129115678e-01	8.600441681878938371e-02	3.955646287728096372e-02	1.001882558859311795e-01
1.881892613111905121e+03	1.844417445522446575e-01	1.139312155836162826e-01	2.919666530147501660e-01	1.837246627199000393e-01	8.606175199103686946e-02	3.959585359089665829e-02	1.002781185471413872e-01
1.886730383325560297e+03	1.841461684431381640e-01	1.137255962967243378e-01	2.921558886262420329e-01	1.838511537186352518e-01	8.611876687083075410e-02	3.963500994754248080e-02	1.003674160964730944e-01
1.891568153539215928e+03	1.838523063812879943e-01	1.135211696067545684e-01	2.923440495121548688e-01	1.839769259645540334e-01	8.617546316945655371e-02	3.967393348053058211e-02	1.004561518848475360e-01
1.896405923752871104e+03	1.835601484249410054e-01	1.133179285900783317e-01	2.925311418494367932e-01	1.841019835891120338e-01	8.623184259157364029e-02	3.971262571081683040e-02	1.005443292436275365e-01
1.901243693966526507e+03	1.832696846896208209e-01	1.131158663634559136e-01	2.927171717795387096e-01	1.842263306999288031e-01	8.628790683517220672e-02	3.975108814713918665e-02	1.006319514847305863e-01
1.906081464180181683e+03	1.829809053478191339e-01	1.129149760837855343e-01	2.929021454086218612e-01	1.843499713809316487e-01	8.634365759153260489e-02	3.978932228615406769e-02	1.007190219007413623e-01
1.910919234393836859e+03	1.826938006286873972e-01	1.127152509478550751e-01	2.930860688077642218e-01	1.844729096924984935e-01	8.639909654518691806e-02	3.982732961257066245e-02	1.008055437650234865e-01
1.915757004607492036e+03	1.824083608177289317e-01	1.125166841920961364e-01	2.932689480131648874e-01	1.845951496715994844e-01	8.645422537388279538e-02	3.986511159928321502e-02	1.008915203318308390e-01
1.920594774821147894e+03	1.821245762564916715e-01	1.123192690923407316e-01	2.934507890263476915e-01	1.847166953319373528e-01	8.650904574854934026e-02	3.990266970750139947e-02	1.009769548364181369e-01
1.925432545034802843e+03	1.818424373422617146e-01	1.121229989635799812e-01	2.936315978143627103e-01	1.848375506640869692e-01	8.656355933326520535e-02	3.994000538687875190e-02	1.010618504951509289e-01
1.930270315248458019e+03	1.815619345277573460e-01	1.119278671597253305e-01	2.938113803099872134e-01	1.849577196356336772e-01	8.661776778522858877e-02	3.997712007563918035e-02	1.011462105056149946e-01
1.935108085462113195e+03	1.812830583208239754e-01	1.117338670733718231e-01	2.939901424119242823e-01	1.850772061913103783e-01	8.667167275472920096e-02	4.001401520070162199e-02	1.012300380467251043e-01
1.939945855675768371e+03	1.810057992841297148e-01	1.115409921355634965e-01	2.941678899850010409e-01	1.851960142531338394e-01	8.672527588512221608e-02	4.005069217780288932e-02	1.013133362788331965e-01
1.944783625889424002e+03	1.807301480348622869e-01	1.113492358155609152e-01	2.943446288603648320e-01	1.853141477205398624e-01	8.677857881280390262e-02	4.008715241161867754e-02	1.013961083438359306e-01
1.949621396103079178e+03	1.804560952444262678e-01	1.111585916206106195e-01	2.945203648356785053e-01	1.854316104705173718e-01	8.683158316718918301e-02	4.012339729588283721e-02	1.014783573652816434e-01
1.954459166316734354e+03	1.801836316381417447e-01	1.109690530957166132e-01	2.946951036753140407e-01	1.855484063577415021e-01	8.688429057069087247e-02	4.015942821350489828e-02	1.015600864484767496e-01
1.959296936530389530e+03	1.799127479949437225e-01	1.107806138234136428e-01	2.948688511105454491e-01	1.856645392147057427e-01	8.693670263870058312e-02	4.019524653668584552e-02	1.016412986805914354e-01
1.964134706744044706e+03	1.796434351470827806e-01	1.105932674235424740e-01	2.950416128397397864e-01	1.857800128518531102e-01	8.698882097957123805e-02	4.023085362703228418e-02	1.017219971307648241e-01
1.968972476957700337e+03	1.793756839798266167e-01	1.104070075530268619e-01	2.952133945285470018e-01	1.858948310577063223e-01	8.704064719460122279e-02	4.026625083566888474e-02	1.018021848502096011e-01
1.973810247171355968e+03	1.791094854311628681e-01	1.102218279056523254e-01	2.953842018100892308e-01	1.860089975989970001e-01	8.709218287801998026e-02	4.030143950334923869e-02	1.018818648723159026e-01
1.978648017385010689e+03	1.788448304915030151e-01	1.100377222118466281e-01	2.955540402851479231e-01	1.861225162207939265e-01	8.714342961697518763e-02	4.033642096056510445e-02	1.019610402127547749e-01
1.983485787598666320e+03	1.785817102033873671e-01	1.098546842384620498e-01	2.957229155223503048e-01	1.862353906466304998e-01	8.719438899152127942e-02	4.037119652765409211e-02	1.020397138695809391e-01
1.988323557812321269e+03	1.783201156611914640e-01	1.096727077885591428e-01	2.958908330583547297e-01	1.863476245786310215e-01	8.724506257460942771e-02	4.040576751490579377e-02	1.021178888233349735e-01
1.993161328025976900e+03	1.780600380108334213e-01	1.094917867011921814e-01	2.960577983980342553e-01	1.864592216976364014e-01	8.729545193207886855e-02	4.044013522266640126e-02	1.021955680371450237e-01
1.997999098239632076e+03	1.778014684494827746e-01	1.093119148511962346e-01	2.962238170146597738e-01	1.865701856633286970e-01	8.734555862264946346e-02	4.047430094144182505e-02	1.022727544568277913e-01
2.002836868453287707e+03	1.775443982252703778e-01	1.091330861489758081e-01	2.963888943500814777e-01	1.866805201143549586e-01	8.739538419791560708e-02	4.050826595199937680e-02	1.023494510109890510e-01
2.007674638666942428e+03	1.772888186369997177e-01	1.089552945402948309e-01	2.965530358149092716e-01	1.867902286684501034e-01	8.744493020234134217e-02	4.054203152546795308e-02	1.024256606111235146e-01
2.012512408880597604e+03	1.770347210338595323e-01	1.087785340060683503e-01	2.967162467886922395e-01	1.868993149225589290e-01	8.749419817325664039e-02	4.057559892343685914e-02	1.025013861517142105e-01
2.017350179094252780e+03	1.767820968151375960e-01	1.086027985621555725e-01	2.968785326200969465e-01	1.870077824529573773e-01	8.754318964085489041e-02	4.060896939805321015e-02	1.025766305103312237e-01
2.022187949307908411e+03	1.765309374299359191e-01	1.084280822591544013e-01	2.970398986270842978e-01	1.871156348153729110e-01	8.759190612819142685e-02	4.064214419211793772e-02	1.026513965477299367e-01
2.027025719521564042e+03	1.762812343768874190e-01	1.082543791821973106e-01	2.972003500970857304e-01	1.872228755451040283e-01	8.764034915118322500e-02	4.067512453918051274e-02	1.027256871079485906e-01
2.031863489735218764e+03	1.760329792038735630e-01	1.080816834507487695e-01	2.973598922871781847e-01	1.873295081571390575e-01	8.768852021860955304e-02	4.070791166363230129e-02	1.027995050184054432e-01
2.036701259948874394e+03	1.757861635077438145e-01	1.079099892184038345e-01	2.975185304242576323e-01	1.874355361462740066e-01	8.773642083211373455e-02	4.074050678079861598e-02	1.028728530899953031e-01
2.041539030162529116e+03	1.755407789340360236e-01	1.077392906726882538e-01	2.976762697052122708e-01	1.875409629872297479e-01	8.778405248620578527e-02	4.077291109702948363e-02	1.029457341171853973e-01
2.046376800376184747e+03	1.752968171766985661e-01	1.075695820348598342e-01	2.978331152970938867e-01	1.876457921347684799e-01	8.783141666826613236e-02	4.080512580978918474e-02	1.030181508781109340e-01
2.051214570589840150e+03	1.750542699778135647e-01	1.074008575597110993e-01	2.979890723372887185e-01	1.877500270238091074e-01	8.787851485855011080e-02	4.083715210774454402e-02	1.030901061346698594e-01
2.056052340803495554e+03	1.748131291273216648e-01	1.072331115353732933e-01	2.981441459336870992e-01	1.878536710695423162e-01	8.792534853019345897e-02	4.086899117085195793e-02	1.031616026326172691e-01
2.060890111017150957e+03	1.745733864627481147e-01	1.070663382831216898e-01	2.982983411648518213e-01	1.879567276675443988e-01	8.797191914921864697e-02	4.090064417044331213e-02	1.032326431016591245e-01
2.065727881230805451e+03	1.743350338689302892e-01	1.069005321571819961e-01	2.984516630801859471e-01	1.880592001938906910e-01	8.801822817454198200e-02	4.093211226931061514e-02	1.033032302555455667e-01
2.070565651444461309e+03	1.740980632777465453e-01	1.067356875445382020e-01	2.986041167000993979e-01	1.881610920052682046e-01	8.806427705798158811e-02	4.096339662178959812e-02	1.033733667921635790e-01
2.075403421658116713e+03	1.738624666678464659e-01	1.065717988647414960e-01	2.987557070161743211e-01	1.882624064390873986e-01	8.811006724426617698e-02	4.099449837384205875e-02	1.034430553936291908e-01
2.080241191871772116e+03	1.736282360643827127e-01	1.064088605697205286e-01	2.989064389913298481e-01	1.883631468135932852e-01	8.815560017104447088e-02	4.102541866313715035e-02	1.035122987263791122e-01
2.085078962085427065e+03	1.733953635387438796e-01	1.062468671435927298e-01	2.990563175599856294e-01	1.884633164279759521e-01	8.820087726889548618e-02	4.105615861913156084e-02	1.035810994412618841e-01
2.089916732299082469e+03	1.731638412082891210e-01	1.060858131024769307e-01	2.992053476282244828e-01	1.885629185624801696e-01	8.824589996133941350e-02	4.108671936314862994e-02	1.036494601736283883e-01
2.094754502512737417e+03	1.729336612360840020e-01	1.059256929943070968e-01	2.993535340739539308e-01	1.886619564785144976e-01	8.829066966484924728e-02	4.111710200845633545e-02	1.037173835434220398e-01
2.099592272726392821e+03	1.727048158306377923e-01	1.057665013986471975e-01	2.995008817470671270e-01	1.887604334187595045e-01	8.833518778886301215e-02	4.114730766034430109e-02	1.037848721552682291e-01
2.104430042940048224e+03	1.724772972456421194e-01	1.056082329265073116e-01	2.996473954696023956e-01	1.888583526072754870e-01	8.837945573579671088e-02	4.117733741619976351e-02	1.038519285985634172e-01
2.109267813153704083e+03	1.722510977797109821e-01	1.054508822201607604e-01	2.997930800359021042e-01	1.889557172496094117e-01	8.842347490105781360e-02	4.120719236558248455e-02	1.039185554475636902e-01
2.114105583367359031e+03	1.720262097761224018e-01	1.052944439529624049e-01	2.999379402127705929e-01	1.890525305329011918e-01	8.846724667305932988e-02	4.123687359029869909e-02	1.039847552614726750e-01
2.118943353581013525e+03	1.718026256225610726e-01	1.051389128291680963e-01	3.000819807396311045e-01	1.891487956259892411e-01	8.851077243323450527e-02	4.126638216447409829e-02	1.040505305845291356e-01
2.123781123794669384e+03	1.715803377508628158e-01	1.049842835837551253e-01	3.002252063286818817e-01	1.892445156795156402e-01	8.855405355605207307e-02	4.129571915462583453e-02	1.041158839460939178e-01
2.128618894008324787e+03	1.713593386367601168e-01	1.048305509822438919e-01	3.003676216650510433e-01	1.893396938260303031e-01	8.859709140903199165e-02	4.132488561973356872e-02	1.041808178607364493e-01
2.133456664221980191e+03	1.711396207996291052e-01	1.046777098205205342e-01	3.005092314069510717e-01	1.894343331800946995e-01	8.863988735276170927e-02	4.135388261130958087e-02	1.042453348283207404e-01
2.138294434435635139e+03	1.709211768022380618e-01	1.045257549246606660e-01	3.006500401858319682e-01	1.895284368383848561e-01	8.868244274091290069e-02	4.138271117346799949e-02	1.043094373340909403e-01
2.143132204649290543e+03	1.707039992504973125e-01	1.043746811507542255e-01	3.007900526065339086e-01	1.896220078797938580e-01	8.872475892025880051e-02	4.141137234299310105e-02	1.043731278487562558e-01
2.147969974862945492e+03	1.704880807932102060e-01	1.042244833847313507e-01	3.009292732474383447e-01	1.897150493655336279e-01	8.876683723069181409e-02	4.143986714940673527e-02	1.044364088285754943e-01
2.152807745076601350e+03	1.702734141218256447e-01	1.040751565421891706e-01	3.010677066606191610e-01	1.898075643392359568e-01	8.880867900524172520e-02	4.146819661503485521e-02	1.044992827154411219e-01
2.157645515290255844e+03	1.700599919701922258e-01	1.039266955682198457e-01	3.012053573719921662e-01	1.898995558270532014e-01	8.885028557009425065e-02	4.149636175507322167e-02	1.045617519369627518e-01
2.162483285503912157e+03	1.698478071143132428e-01	1.037790954372394825e-01	3.013422298814642519e-01	1.899910268377582312e-01	8.889165824460996956e-02	4.152436357765224018e-02	1.046238189065502588e-01
2.167321055717567106e+03	1.696368523721035471e-01	1.036323511528181307e-01	3.014783286630812187e-01	1.900819803628436833e-01	8.893279834134382167e-02	4.155220308390098621e-02	1.046854860234962964e-01
2.172158825931222509e+03	1.694271206031473520e-01	1.034864577475107239e-01	3.016136581651752135e-01	1.901724193766207716e-01	8.897370716606475827e-02	4.157988126801039769e-02	1.047467556730584393e-01
2.176996596144877003e+03	1.692186047084576761e-01	1.033414102826890751e-01	3.017482228105110575e-01	1.902623468363174863e-01	8.901438601777590665e-02	4.160739911729568336e-02	1.048076302265407711e-01
2.181834366358532861e+03	1.690112976302370340e-01	1.031972038483748577e-01	3.018820269964317404e-01	1.903517656821760162e-01	8.905483618873503981e-02	4.163475761225788468e-02	1.048681120413750556e-01
2.186672136572187810e+03	1.688051923516393216e-01	1.030538335630735852e-01	3.020150750950031937e-01	1.904406788375499204e-01	8.909505896447540707e-02	4.166195772664475772e-02	1.049282034612014358e-01
2.191509906785843214e+03	1.686002818965333105e-01	1.029112945736095075e-01	3.021473714531581756e-01	1.905290892090004129e-01	8.913505562382685599e-02	4.168900042751079449e-02	1.049879068159486201e-01
2.196347676999498617e+03	1.683965593292672536e-01	1.027695820549615474e-01	3.022789203928392121e-01	1.906169996863922578e-01	8.917482743893724584e-02	4.171588667527655753e-02	1.050472244219136098e-01
2.201185447213154021e+03	1.681940177544348769e-01	1.026286912101001397e-01	3.024097262111410944e-01	1.907044131429890821e-01	8.921437567529426349e-02	4.174261742378720941e-02	1.051061585818410388e-01
2.206023217426809424e+03	1.679926503166427887e-01	1.024886172698251247e-01	3.025397931804520990e-01	1.907913324355479945e-01	8.925370159174740581e-02	4.176919362037039007e-02	1.051647115850019854e-01
2.210860987640464373e+03	1.677924502002789697e-01	1.023493554926044186e-01	3.026691255485947640e-01	1.908777604044138154e-01	8.929280644053026739e-02	4.179561620589332394e-02	1.052228857072722984e-01
2.215698757854119776e+03	1.675934106292828185e-01	1.022109011644138227e-01	3.027977275389656109e-01	1.909636998736126412e-01	8.933169146728317522e-02	4.182188611481922613e-02	1.052806832112105906e-01
2.220536528067775180e+03	1.673955248669163343e-01	1.020732495985776506e-01	3.029256033506743107e-01	1.910491536509449639e-01	8.937035791107592053e-02	4.184800427526304267e-02	1.053381063461356487e-01
2.225374298281430583e+03	1.671987862155367432e-01	1.019363961356102993e-01	3.030527571586819069e-01	1.911341245280780976e-01	8.940880700443089302e-02	4.187397160904645504e-02	1.053951573482034970e-01
2.230212068495085077e+03	1.670031880163701521e-01	1.018003361430587922e-01	3.031791931139381502e-01	1.912186152806383266e-01	8.944703997334632617e-02	4.189978903175228808e-02	1.054518384404838915e-01
2.235049838708740936e+03	1.668087236492867553e-01	1.016650650153461538e-01	3.033049153435184997e-01	1.913026286683019994e-01	8.948505803731977848e-02	4.192545745277817537e-02	1.055081518330365509e-01
2.239887608922396339e+03	1.666153865325772088e-01	1.015305781736158125e-01	3.034299279507597369e-01	1.913861674348868447e-01	8.952286240937193385e-02	4.195097777538961403e-02	1.055640997229867484e-01
2.244725379136052197e+03	1.664231701227302795e-01	1.013968710655768213e-01	3.035542350153953017e-01	1.914692343084420934e-01	8.956045429607040198e-02	4.197635089677240194e-02	1.056196842946006409e-01
2.249563149349706237e+03	1.662320679142117175e-01	1.012639391653499671e-01	3.036778405936896852e-01	1.915518320013383513e-01	8.959783489755389352e-02	4.200157770808437413e-02	1.056749077193600006e-01
2.254400919563362095e+03	1.660420734392444309e-01	1.011317779733148514e-01	3.038007487185718780e-01	1.916339632103570279e-01	8.963500540755649226e-02	4.202665909450661180e-02	1.057297721560366555e-01
2.259238689777017044e+03	1.658531802675900224e-01	1.010003830159578175e-01	3.039229633997685420e-01	1.917156306167791535e-01	8.967196701343208010e-02	4.205159593529393669e-02	1.057842797507664023e-01
2.264076459990672902e+03	1.656653820063312132e-01	1.008697498457207520e-01	3.040444886239360711e-01	1.917968368864735873e-01	8.970872089617898393e-02	4.207638910382487801e-02	1.058384326371225453e-01
