0.00000000 1.00000000 0.00000000 0.00000000 0.00000000 0.00000000 0.00000000 0.00000000 
1.00000000 0.99971316 0.00027281 0.00000108 0.00000124 0.00000159 0.00000666 0.00000348 
2.00000000 0.99885359 0.00109027 0.00000433 0.00000495 0.00000638 0.00002660 0.00001388 
3.00000000 0.99742399 0.00244972 0.00000987 0.00001114 0.00001438 0.00005973 0.00003117 
4.00000000 0.99542870 0.00434683 0.00001782 0.00001985 0.00002563 0.00010591 0.00005525 
5.00000000 0.99287364 0.00677571 0.00002842 0.00003109 0.00004019 0.00016495 0.00008600 
6.00000000 0.98976628 0.00972890 0.00004192 0.00004491 0.00005811 0.00023660 0.00012327 
7.00000000 0.98611561 0.01319748 0.00005865 0.00006135 0.00007949 0.00032055 0.00016687 
8.00000000 0.98193201 0.01717107 0.00007899 0.00008047 0.00010440 0.00041646 0.00021660 
9.00000000 0.97722730 0.02163792 0.00010336 0.00010232 0.00013295 0.00052393 0.00027222 
10.00000000 0.97201459 0.02658496 0.00013222 0.00012698 0.00016526 0.00064253 0.00033346 
11.00000000 0.96630825 0.03199788 0.00016608 0.00015453 0.00020145 0.00077177 0.00040004 
12.00000000 0.96012387 0.03786119 0.00020548 0.00018503 0.00024165 0.00091113 0.00047164 
13.00000000 0.95347812 0.04415828 0.00025099 0.00021859 0.00028601 0.00106006 0.00054795 
14.00000000 0.94638876 0.05087151 0.00030321 0.00025528 0.00033466 0.00121797 0.00062861 
15.00000000 0.93887448 0.05798231 0.00036273 0.00029521 0.00038776 0.00138424 0.00071327 
16.00000000 0.93095490 0.06547122 0.00043019 0.00033846 0.00044545 0.00155822 0.00080156 
17.00000000 0.92265041 0.07331799 0.00050622 0.00038514 0.00050790 0.00173924 0.00089309 
18.00000000 0.91398217 0.08150169 0.00059144 0.00043534 0.00057524 0.00192662 0.00098749 
19.00000000 0.90497195 0.09000074 0.00068649 0.00048917 0.00064764 0.00211965 0.00108435 
20.00000000 0.89564212 0.09879305 0.00079198 0.00054672 0.00072523 0.00231761 0.00118328 
21.00000000 0.88601550 0.10785607 0.00090851 0.00060808 0.00080816 0.00251978 0.00128389 
22.00000000 0.87611531 0.11716690 0.00103667 0.00067334 0.00089657 0.00272542 0.00138579 
23.00000000 0.86596510 0.12670234 0.00117700 0.00074260 0.00099058 0.00293380 0.00148858 
24.00000000 0.85558865 0.13643900 0.00133004 0.00081593 0.00109031 0.00314418 0.00159189 
25.00000000 0.84500987 0.14635340 0.00149627 0.00089340 0.00119587 0.00335584 0.00169535 
26.00000000 0.83425277 0.15642199 0.00167614 0.00097508 0.00130736 0.00356806 0.00179859 
27.00000000 0.82334135 0.16662127 0.00187007 0.00106104 0.00142487 0.00378012 0.00190127 
28.00000000 0.81229953 0.17692787 0.00207842 0.00115130 0.00154847 0.00399134 0.00200306 
29.00000000 0.80115109 0.18731859 0.00230150 0.00124592 0.00167822 0.00420103 0.00210365 
30.00000000 0.78991958 0.19777049 0.00253958 0.00134491 0.00181417 0.00440854 0.00220273 
31.00000000 0.77862828 0.20826095 0.00279288 0.00144828 0.00195635 0.00461324 0.00230002 
32.00000000 0.76730012 0.21876771 0.00306155 0.00155603 0.00210478 0.00481452 0.00239528 
33.00000000 0.75595765 0.22926899 0.00334569 0.00166814 0.00225947 0.00501180 0.00248826 
34.00000000 0.74462292 0.23974347 0.00364536 0.00178458 0.00242039 0.00520452 0.00257875 
35.00000000 0.73331751 0.25017037 0.00396055 0.00190530 0.00258753 0.00539218 0.00266656 
36.00000000 0.72206242 0.26052953 0.00429119 0.00203022 0.00276083 0.00557428 0.00275153 
37.00000000 0.71087804 0.27080137 0.00463717 0.00215927 0.00294025 0.00575039 0.00283350 
38.00000000 0.69978415 0.28096704 0.00499831 0.00229235 0.00312571 0.00592007 0.00291237 
39.00000000 0.68879981 0.29100834 0.00537439 0.00242934 0.00331711 0.00608297 0.00298804 
40.00000000 0.67794340 0.30090783 0.00576513 0.00257010 0.00351437 0.00623874 0.00306044 
41.00000000 0.66723254 0.31064883 0.00617019 0.00271447 0.00371735 0.00638709 0.00312952 
42.00000000 0.65668409 0.32021542 0.00658922 0.00286230 0.00392595 0.00652775 0.00319526 
43.00000000 0.64631412 0.32959252 0.00702179 0.00301339 0.00414000 0.00666052 0.00325767 
44.00000000 0.63613788 0.33876583 0.00746743 0.00316755 0.00435936 0.00678520 0.00331676 
45.00000000 0.62616981 0.34772190 0.00792565 0.00332454 0.00458385 0.00690168 0.00337258 
46.00000000 0.61642353 0.35644810 0.00839591 0.00348414 0.00481331 0.00700983 0.00342519 
47.00000000 0.60691178 0.36493265 0.00887763 0.00364610 0.00504754 0.00710962 0.00347468 
48.00000000 0.59764649 0.37316462 0.00937022 0.00381016 0.00528634 0.00720101 0.00352116 
49.00000000 0.58863873 0.38113392 0.00987305 0.00397605 0.00552950 0.00728402 0.00356474 
50.00000000 0.57989871 0.38883129 0.01038545 0.00414348 0.00577682 0.00735870 0.00360555 
51.00000000 0.57143580 0.39624830 0.01090677 0.00431216 0.00602805 0.00742515 0.00364377 
52.00000000 0.56325854 0.40337736 0.01143631 0.00448179 0.00628298 0.00748348 0.00367953 
53.00000000 0.55537463 0.41021169 0.01197337 0.00465207 0.00654135 0.00753385 0.00371304 
54.00000000 0.54779096 0.41674530 0.01251722 0.00482268 0.00680292 0.00757646 0.00374447 
55.00000000 0.54051359 0.42297299 0.01306715 0.00499330 0.00706744 0.00761151 0.00377401 
56.00000000 0.53354781 0.42889034 0.01362244 0.00516363 0.00733466 0.00763924 0.00380189 
57.00000000 0.52689813 0.43449366 0.01418234 0.00533334 0.00760430 0.00765995 0.00382830 
58.00000000 0.52056827 0.43978001 0.01474613 0.00550212 0.00787610 0.00767391 0.00385346 
59.00000000 0.51456125 0.44474715 0.01531310 0.00566965 0.00814978 0.00768146 0.00387760 
60.00000000 0.50887933 0.44939355 0.01588252 0.00583565 0.00842509 0.00768293 0.00390094 
61.00000000 0.50352410 0.45371831 0.01645369 0.00599980 0.00870172 0.00767868 0.00392370 
62.00000000 0.49849644 0.45772122 0.01702590 0.00616183 0.00897941 0.00766910 0.00394610 
63.00000000 0.49379661 0.46140265 0.01759848 0.00632145 0.00925787 0.00765458 0.00396836 
64.00000000 0.48942420 0.46476360 0.01817076 0.00647839 0.00953682 0.00763553 0.00399070 
65.00000000 0.48537821 0.46780561 0.01874209 0.00663242 0.00981596 0.00761237 0.00401334 
66.00000000 0.48165705 0.47053079 0.01931184 0.00678329 0.01009501 0.00758553 0.00403649 
67.00000000 0.47825857 0.47294177 0.01987940 0.00693079 0.01037368 0.00755545 0.00406034 
68.00000000 0.47518007 0.47504166 0.02044419 0.00707472 0.01065168 0.00752259 0.00408509 
69.00000000 0.47241837 0.47683406 0.02100563 0.00721490 0.01092871 0.00748739 0.00411093 
70.00000000 0.46996976 0.47832302 0.02156319 0.00735118 0.01120449 0.00745032 0.00413804 
71.00000000 0.46783009 0.47951300 0.02211636 0.00748340 0.01147873 0.00741182 0.00416659 
72.00000000 0.46599477 0.48040887 0.02266465 0.00761148 0.01175113 0.00737236 0.00419674 
73.00000000 0.46445878 0.48101588 0.02320759 0.00773531 0.01202141 0.00733240 0.00422863 
74.00000000 0.46321673 0.48133961 0.02374476 0.00785483 0.01228928 0.00729238 0.00426241 
75.00000000 0.46226284 0.48138599 0.02427575 0.00797000 0.01255446 0.00725277 0.00429819 
76.00000000 0.46159100 0.48116126 0.02480018 0.00808080 0.01281665 0.00721400 0.00433610 
77.00000000 0.46119476 0.48067193 0.02531771 0.00818726 0.01307559 0.00717652 0.00437624 
78.00000000 0.46106737 0.47992479 0.02582802 0.00828939 0.01333099 0.00714075 0.00441869 
79.00000000 0.46120181 0.47892687 0.02633081 0.00838728 0.01358258 0.00710712 0.00446354 
80.00000000 0.46159079 0.47768542 0.02682583 0.00848099 0.01383009 0.00707602 0.00451085 
81.00000000 0.46222679 0.47620790 0.02731284 0.00857066 0.01407326 0.00704788 0.00456067 
82.00000000 0.46310206 0.47450196 0.02779164 0.00865640 0.01431183 0.00702306 0.00461306 
83.00000000 0.46420866 0.47257539 0.02826204 0.00873839 0.01454555 0.00700193 0.00466803 
84.00000000 0.46553845 0.47043618 0.02872392 0.00881680 0.01477417 0.00698487 0.00472560 
85.00000000 0.46708314 0.46809242 0.02917713 0.00889185 0.01499746 0.00697221 0.00478579 
86.00000000 0.46883429 0.46555233 0.02962159 0.00896375 0.01521517 0.00696427 0.00484860 
87.00000000 0.47078333 0.46282421 0.03005724 0.00903277 0.01542710 0.00696136 0.00491400 
88.00000000 0.47292157 0.45991649 0.03048401 0.00909915 0.01563304 0.00696377 0.00498197 
89.00000000 0.47524024 0.45683764 0.03090191 0.00916319 0.01583277 0.00697177 0.00505248 
90.00000000 0.47773047 0.45359619 0.03131092 0.00922518 0.01602612 0.00698562 0.00512550 
91.00000000 0.48038333 0.45020073 0.03171109 0.00928545 0.01621290 0.00700555 0.00520096 
92.00000000 0.48318983 0.44665987 0.03210247 0.00934431 0.01639295 0.00703177 0.00527881 
93.00000000 0.48614096 0.44298226 0.03248512 0.00940211 0.01656611 0.00706446 0.00535898 
94.00000000 0.48922767 0.43917654 0.03285914 0.00945918 0.01673226 0.00710380 0.00544141 
95.00000000 0.49244089 0.43525135 0.03322464 0.00951590 0.01689127 0.00714994 0.00552601 
96.00000000 0.49577158 0.43121532 0.03358176 0.00957262 0.01704302 0.00720300 0.00561270 
97.00000000 0.49921068 0.42707705 0.03393064 0.00962971 0.01718744 0.00726308 0.00570139 
98.00000000 0.50274919 0.42284511 0.03427145 0.00968754 0.01732445 0.00733027 0.00579199 
99.00000000 0.50637810 0.41852803 0.03460437 0.00974647 0.01745399 0.00740462 0.00588441 
100.00000000 0.51008850 0.41413428 0.03492960 0.00980688 0.01757603 0.00748617 0.00597854 
101.00000000 0.51387151 0.40967226 0.03524733 0.00986914 0.01769055 0.00757493 0.00607428 
102.00000000 0.51771832 0.40515031 0.03555781 0.00993360 0.01779755 0.00767089 0.00617153 
103.00000000 0.52162021 0.40057668 0.03586124 0.01000062 0.01789705 0.00777401 0.00627020 
104.00000000 0.52556855 0.39595953 0.03615787 0.01007055 0.01798910 0.00788425 0.00637016 
105.00000000 0.52955480 0.39130693 0.03644796 0.01014372 0.01807375 0.00800152 0.00647133 
106.00000000 0.53357054 0.38662684 0.03673175 0.01022046 0.01815110 0.00812572 0.00657359 
107.00000000 0.53760748 0.38192710 0.03700950 0.01030109 0.01822124 0.00825674 0.00667685 
108.00000000 0.54165744 0.37721545 0.03728149 0.01038590 0.01828430 0.00839443 0.00678100 
109.00000000 0.54571237 0.37249947 0.03754798 0.01047517 0.01834044 0.00853862 0.00688595 
110.00000000 0.54976441 0.36778663 0.03780924 0.01056918 0.01838981 0.00868914 0.00699160 
111.00000000 0.55380579 0.36308426 0.03806554 0.01066816 0.01843261 0.00884578 0.00709785 
112.00000000 0.55782897 0.35839951 0.03831716 0.01077236 0.01846905 0.00900832 0.00720463 
113.00000000 0.56182653 0.35373940 0.03856437 0.01088197 0.01849936 0.00917652 0.00731184 
114.00000000 0.56579125 0.34911080 0.03880744 0.01099719 0.01852379 0.00935013 0.00741940 
115.00000000 0.56971610 0.34452037 0.03904663 0.01111819 0.01854261 0.00952887 0.00752723 
116.00000000 0.57359423 0.33997464 0.03928220 0.01124510 0.01855612 0.00971246 0.00763526 
117.00000000 0.57741899 0.33547992 0.03951442 0.01137804 0.01856462 0.00990059 0.00774342 
118.00000000 0.58118394 0.33104237 0.03974354 0.01151713 0.01856843 0.01009294 0.00785165 
119.00000000 0.58488286 0.32666793 0.03996981 0.01166242 0.01856790 0.01028920 0.00795989 
120.00000000 0.58850974 0.32236235 0.04019345 0.01181397 0.01856340 0.01048901 0.00806808 
121.00000000 0.59205878 0.31813119 0.04041471 0.01197182 0.01855528 0.01069203 0.00817618 
122.00000000 0.59552445 0.31397980 0.04063380 0.01213595 0.01854394 0.01089791 0.00828414 
123.00000000 0.59890140 0.30991330 0.04085094 0.01230636 0.01852979 0.01110627 0.00839193 
124.00000000 0.60218457 0.30593662 0.04106634 0.01248301 0.01851322 0.01131675 0.00849950 
125.00000000 0.60536910 0.30205444 0.04128019 0.01266582 0.01849466 0.01152896 0.00860683 
126.00000000 0.60845041 0.29827123 0.04149267 0.01285472 0.01847454 0.01174253 0.00871390 
127.00000000 0.61142415 0.29459124 0.04170395 0.01304960 0.01845330 0.01195708 0.00882068 
128.00000000 0.61428624 0.29101848 0.04191421 0.01325033 0.01843137 0.01217221 0.00892716 
129.00000000 0.61703284 0.28755672 0.04212360 0.01345676 0.01840920 0.01238754 0.00903334 
130.00000000 0.61966037 0.28420950 0.04233225 0.01366874 0.01838725 0.01260269 0.00913919 
131.00000000 0.62216554 0.28098011 0.04254030 0.01388609 0.01836596 0.01281727 0.00924473 
132.00000000 0.62454528 0.27787159 0.04274788 0.01410860 0.01834577 0.01303092 0.00934995 
133.00000000 0.62679682 0.27488677 0.04295509 0.01433607 0.01832714 0.01324325 0.00945486 
134.00000000 0.62891764 0.27202819 0.04316203 0.01456827 0.01831051 0.01345390 0.00955946 
135.00000000 0.63090548 0.26929817 0.04336880 0.01480497 0.01829631 0.01366250 0.00966377 
136.00000000 0.63275835 0.26669877 0.04357548 0.01504591 0.01828498 0.01386872 0.00976779 
137.00000000 0.63447454 0.26423179 0.04378214 0.01529085 0.01827693 0.01407220 0.00987155 
138.00000000 0.63605258 0.26189882 0.04398884 0.01553952 0.01827257 0.01427261 0.00997506 
139.00000000 0.63749129 0.25970114 0.04419565 0.01579165 0.01827231 0.01446963 0.01007833 
140.00000000 0.63878972 0.25763983 0.04440260 0.01604696 0.01827653 0.01466296 0.01018140 
141.00000000 0.63994721 0.25571571 0.04460974 0.01630517 0.01828560 0.01485230 0.01028428 
142.00000000 0.64096333 0.25392934 0.04481709 0.01656601 0.01829987 0.01503736 0.01038699 
143.00000000 0.64183793 0.25228105 0.04502470 0.01682919 0.01831969 0.01521789 0.01048955 
144.00000000 0.64257109 0.25077091 0.04523257 0.01709443 0.01834538 0.01539363 0.01059200 
145.00000000 0.64316314 0.24939878 0.04544072 0.01736145 0.01837722 0.01556433 0.01069435 
146.00000000 0.64361467 0.24816425 0.04564916 0.01762997 0.01841552 0.01572980 0.01079662 
147.00000000 0.64392650 0.24706670 0.04585791 0.01789973 0.01846051 0.01588982 0.01089884 
148.00000000 0.64409966 0.24610527 0.04606695 0.01817045 0.01851245 0.01604420 0.01100102 
149.00000000 0.64413544 0.24527887 0.04627629 0.01844188 0.01857153 0.01619279 0.01110320 
150.00000000 0.64403534 0.24458621 0.04648593 0.01871377 0.01863796 0.01633542 0.01120538 
151.00000000 0.64380108 0.24402576 0.04669585 0.01898586 0.01871189 0.01647198 0.01130758 
152.00000000 0.64343458 0.24359579 0.04690606 0.01925794 0.01879348 0.01660234 0.01140982 
153.00000000 0.64293797 0.24329438 0.04711654 0.01952976 0.01888282 0.01672642 0.01151212 
154.00000000 0.64231358 0.24311938 0.04732728 0.01980113 0.01898003 0.01684413 0.01161448 
155.00000000 0.64156393 0.24306848 0.04753828 0.02007183 0.01908515 0.01695542 0.01171691 
156.00000000 0.64069172 0.24313916 0.04774952 0.02034169 0.01919823 0.01706025 0.01181943 
157.00000000 0.63969983 0.24332875 0.04796100 0.02061051 0.01931929 0.01715859 0.01192204 
158.00000000 0.63859128 0.24363437 0.04817270 0.02087815 0.01944831 0.01725044 0.01202474 
159.00000000 0.63736929 0.24405302 0.04838463 0.02114444 0.01958527 0.01733582 0.01212753 
160.00000000 0.63603721 0.24458152 0.04859676 0.02140924 0.01973010 0.01741475 0.01223042 
161.00000000 0.63459851 0.24521654 0.04880911 0.02167244 0.01988272 0.01748728 0.01233339 
162.00000000 0.63305684 0.24595462 0.04902165 0.02193392 0.02004303 0.01755348 0.01243646 
163.00000000 0.63141592 0.24679217 0.04923441 0.02219358 0.02021090 0.01761341 0.01253960 
164.00000000 0.62967964 0.24772549 0.04944737 0.02245134 0.02038618 0.01766718 0.01264280 
165.00000000 0.62785196 0.24875073 0.04966054 0.02270712 0.02056869 0.01771489 0.01274607 
166.00000000 0.62593695 0.24986398 0.04987392 0.02296085 0.02075826 0.01775666 0.01284938 
167.00000000 0.62393875 0.25106120 0.05008753 0.02321250 0.02095467 0.01779263 0.01295272 
168.00000000 0.62186161 0.25233830 0.05030136 0.02346202 0.02115769 0.01782294 0.01305607 
169.00000000 0.61970983 0.25369108 0.05051545 0.02370938 0.02136708 0.01784776 0.01315941 
170.00000000 0.61748778 0.25511528 0.05072979 0.02395458 0.02158259 0.01786725 0.01326273 
171.00000000 0.61519986 0.25660660 0.05094441 0.02419759 0.02180393 0.01788160 0.01336601 
172.00000000 0.61285054 0.25816068 0.05115932 0.02443843 0.02203083 0.01789100 0.01346921 
173.00000000 0.61044431 0.25977311 0.05137454 0.02467710 0.02226297 0.01789563 0.01357233 
174.00000000 0.60798568 0.26143947 0.05159011 0.02491363 0.02250006 0.01789572 0.01367533 
175.00000000 0.60547919 0.26315530 0.05180603 0.02514803 0.02274176 0.01789148 0.01377820 
176.00000000 0.60292937 0.26491614 0.05202234 0.02538035 0.02298776 0.01788313 0.01388091 
177.00000000 0.60034076 0.26671751 0.05223906 0.02561062 0.02323772 0.01787088 0.01398344 
178.00000000 0.59771789 0.26855496 0.05245623 0.02583889 0.02349129 0.01785499 0.01408575 
179.00000000 0.59506526 0.27042404 0.05267386 0.02606519 0.02374813 0.01783568 0.01418784 
180.00000000 0.59238735 0.27232031 0.05289198 0.02628960 0.02400789 0.01781319 0.01428967 
181.00000000 0.58968862 0.27423938 0.05311064 0.02651216 0.02427022 0.01778777 0.01439122 
182.00000000 0.58697346 0.27617688 0.05332985 0.02673292 0.02453477 0.01775966 0.01449247 
183.00000000 0.58424622 0.27812850 0.05354965 0.02695195 0.02480117 0.01772910 0.01459340 
184.00000000 0.58151122 0.28008998 0.05377006 0.02716932 0.02506909 0.01769634 0.01469400 
185.00000000 0.57877267 0.28205712 0.05399112 0.02738507 0.02533816 0.01766163 0.01479423 
186.00000000 0.57603474 0.28402579 0.05421284 0.02759928 0.02560805 0.01762521 0.01489408 
187.00000000 0.57330152 0.28599191 0.05443527 0.02781201 0.02587841 0.01758733 0.01499355 
188.00000000 0.57057702 0.28795152 0.05465843 0.02802331 0.02614890 0.01754822 0.01509260 
189.00000000 0.56786513 0.28990072 0.05488233 0.02823325 0.02641919 0.01750813 0.01519124 
190.00000000 0.56516970 0.29183571 0.05510701 0.02844188 0.02668896 0.01746729 0.01528944 
191.00000000 0.56249442 0.29375279 0.05533249 0.02864927 0.02695789 0.01742594 0.01538720 
192.00000000 0.55984292 0.29564836 0.05555878 0.02885546 0.02722567 0.01738430 0.01548451 
193.00000000 0.55721870 0.29751893 0.05578591 0.02906050 0.02749201 0.01734259 0.01558137 
194.00000000 0.55462514 0.29936112 0.05601389 0.02926446 0.02775660 0.01730103 0.01567776 
195.00000000 0.55206553 0.30117168 0.05624273 0.02946736 0.02801917 0.01725984 0.01577370 
196.00000000 0.54954301 0.30294745 0.05647245 0.02966926 0.02827945 0.01721921 0.01586917 
197.00000000 0.54706059 0.30468543 0.05670306 0.02987020 0.02853718 0.01717936 0.01596419 
198.00000000 0.54462119 0.30638273 0.05693455 0.03007021 0.02879211 0.01714046 0.01605874 
199.00000000 0.54222756 0.30803660 0.05716695 0.03026933 0.02904401 0.01710272 0.01615285 
200.00000000 0.53988232 0.30964440 0.05740023 0.03046758 0.02929265 0.01706629 0.01624651 
201.00000000 0.53758798 0.31120367 0.05763442 0.03066500 0.02953782 0.01703137 0.01633974 
202.00000000 0.53534689 0.31271203 0.05786950 0.03086161 0.02977932 0.01699811 0.01643255 
203.00000000 0.53316125 0.31416730 0.05810546 0.03105743 0.03001696 0.01696666 0.01652495 
204.00000000 0.53103315 0.31556739 0.05834230 0.03125248 0.03025057 0.01693717 0.01661694 
205.00000000 0.52896451 0.31691039 0.05858000 0.03144677 0.03047999 0.01690979 0.01670856 
206.00000000 0.52695713 0.31819450 0.05881855 0.03164032 0.03070506 0.01688463 0.01679981 
207.00000000 0.52501265 0.31941810 0.05905793 0.03183314 0.03092565 0.01686183 0.01689072 
208.00000000 0.52313256 0.32057967 0.05929812 0.03202523 0.03114163 0.01684149 0.01698130 
209.00000000 0.52131823 0.32167786 0.05953910 0.03221661 0.03135289 0.01682373 0.01707157 
210.00000000 0.51957087 0.32271147 0.05978084 0.03240728 0.03155934 0.01680863 0.01716156 
211.00000000 0.51789156 0.32367943 0.06002332 0.03259725 0.03176087 0.01679629 0.01725128 
212.00000000 0.51628122 0.32458080 0.06026651 0.03278650 0.03195743 0.01678678 0.01734077 
213.00000000 0.51474064 0.32541479 0.06051037 0.03297505 0.03214893 0.01678018 0.01743004 
214.00000000 0.51327048 0.32618076 0.06075487 0.03316290 0.03233533 0.01677655 0.01751911 
215.00000000 0.51187125 0.32687820 0.06099998 0.03335004 0.03251658 0.01677594 0.01760802 
216.00000000 0.51054332 0.32750672 0.06124566 0.03353647 0.03269265 0.01677840 0.01769679 
217.00000000 0.50928695 0.32806607 0.06149186 0.03372219 0.03286352 0.01678396 0.01778544 
218.00000000 0.50810224 0.32855615 0.06173856 0.03390720 0.03302918 0.01679266 0.01787400 
219.00000000 0.50698918 0.32897696 0.06198571 0.03409151 0.03318963 0.01680453 0.01796249 
220.00000000 0.50594762 0.32932865 0.06223326 0.03427510 0.03334487 0.01681956 0.01805094 
221.00000000 0.50497731 0.32961147 0.06248117 0.03445797 0.03349492 0.01683778 0.01813937 
222.00000000 0.50407785 0.32982581 0.06272941 0.03464014 0.03363981 0.01685918 0.01822780 
223.00000000 0.50324874 0.32997216 0.06297791 0.03482160 0.03377957 0.01688376 0.01831627 
224.00000000 0.50248936 0.33005113 0.06322665 0.03500234 0.03391424 0.01691150 0.01840479 
225.00000000 0.50179899 0.33006343 0.06347556 0.03518239 0.03404387 0.01694238 0.01849338 
226.00000000 0.50117678 0.33000991 0.06372462 0.03536173 0.03416852 0.01697638 0.01858207 
227.00000000 0.50062180 0.32989147 0.06397376 0.03554038 0.03428825 0.01701346 0.01867088 
228.00000000 0.50013300 0.32970915 0.06422296 0.03571835 0.03440313 0.01705358 0.01875983 
229.00000000 0.49970925 0.32946407 0.06447215 0.03589564 0.03451325 0.01709671 0.01884893 
230.00000000 0.49934933 0.32915744 0.06472130 0.03607226 0.03461868 0.01714278 0.01893821 
231.00000000 0.49905190 0.32879055 0.06497037 0.03624823 0.03471951 0.01719176 0.01902768 
232.00000000 0.49881558 0.32836479 0.06521931 0.03642357 0.03481583 0.01724357 0.01911736 
233.00000000 0.49863887 0.32788161 0.06546808 0.03659828 0.03490775 0.01729815 0.01920727 
234.00000000 0.49852022 0.32734255 0.06571664 0.03677238 0.03499536 0.01735544 0.01929741 
235.00000000 0.49845801 0.32674920 0.06596495 0.03694590 0.03507878 0.01741536 0.01938780 
236.00000000 0.49845053 0.32610324 0.06621298 0.03711885 0.03515811 0.01747783 0.01947846 
237.00000000 0.49849602 0.32540640 0.06646069 0.03729125 0.03523347 0.01754278 0.01956939 
238.00000000 0.49859267 0.32466045 0.06670804 0.03746314 0.03530498 0.01761012 0.01966060 
239.00000000 0.49873859 0.32386725 0.06695501 0.03763452 0.03537277 0.01767977 0.01975209 
240.00000000 0.49893188 0.32302866 0.06720156 0.03780544 0.03543694 0.01775163 0.01984389 
241.00000000 0.49917055 0.32214664 0.06744766 0.03797592 0.03549764 0.01782561 0.01993599 
242.00000000 0.49945260 0.32122313 0.06769330 0.03814598 0.03555499 0.01790162 0.02002839 
243.00000000 0.49977597 0.32026016 0.06793844 0.03831565 0.03560912 0.01797956 0.02012111 
244.00000000 0.50013858 0.31925975 0.06818306 0.03848497 0.03566017 0.01805933 0.02021414 
245.00000000 0.50053833 0.31822397 0.06842715 0.03865396 0.03570826 0.01814084 0.02030748 
246.00000000 0.50097308 0.31715490 0.06867069 0.03882267 0.03575355 0.01822398 0.02040114 
247.00000000 0.50144067 0.31605466 0.06891365 0.03899111 0.03579615 0.01830865 0.02049511 
248.00000000 0.50193894 0.31492535 0.06915604 0.03915932 0.03583622 0.01839474 0.02058940 
249.00000000 0.50246569 0.31376911 0.06939785 0.03932734 0.03587388 0.01848214 0.02068399 
250.00000000 0.50301873 0.31258808 0.06963905 0.03949519 0.03590928 0.01857077 0.02077890 
251.00000000 0.50359588 0.31138439 0.06987965 0.03966292 0.03594256 0.01866050 0.02087410 
252.00000000 0.50419493 0.31016018 0.07011965 0.03983055 0.03597386 0.01875124 0.02096960 
253.00000000 0.50481369 0.30891759 0.07035904 0.03999811 0.03600331 0.01884287 0.02106540 
254.00000000 0.50544997 0.30765874 0.07059783 0.04016564 0.03603105 0.01893530 0.02116148 
255.00000000 0.50610160 0.30638575 0.07083601 0.04033316 0.03605723 0.01902841 0.02125784 
256.00000000 0.50676641 0.30510071 0.07107360 0.04050072 0.03608198 0.01912211 0.02135447 
257.00000000 0.50744228 0.30380570 0.07131060 0.04066833 0.03610544 0.01921629 0.02145137 
258.00000000 0.50812706 0.30250278 0.07154703 0.04083603 0.03612774 0.01931084 0.02154852 
259.00000000 0.50881867 0.30119399 0.07178289 0.04100385 0.03614902 0.01940567 0.02164591 
260.00000000 0.50951504 0.29988133 0.07201819 0.04117181 0.03616941 0.01950068 0.02174355 
261.00000000 0.51021413 0.29856677 0.07225296 0.04133993 0.03618904 0.01959577 0.02184140 
262.00000000 0.51091393 0.29725225 0.07248720 0.04150825 0.03620805 0.01969084 0.02193948 
263.00000000 0.51161248 0.29593968 0.07272095 0.04167678 0.03622656 0.01978580 0.02203776 
264.00000000 0.51230784 0.29463093 0.07295420 0.04184556 0.03624469 0.01988054 0.02213623 
265.00000000 0.51299813 0.29332782 0.07318700 0.04201458 0.03626258 0.01997499 0.02223489 
266.00000000 0.51368151 0.29203213 0.07341935 0.04218389 0.03628035 0.02006905 0.02233372 
267.00000000 0.51435617 0.29074558 0.07365128 0.04235349 0.03629811 0.02016264 0.02243272 
268.00000000 0.51502038 0.28946988 0.07388282 0.04252339 0.03631598 0.02025567 0.02253187 
269.00000000 0.51567244 0.28820666 0.07411399 0.04269362 0.03633409 0.02034806 0.02263115 
270.00000000 0.51631070 0.28695749 0.07434481 0.04286419 0.03635253 0.02043972 0.02273056 
271.00000000 0.51693357 0.28572392 0.07457531 0.04303510 0.03637142 0.02053059 0.02283010 
272.00000000 0.51753953 0.28450742 0.07480551 0.04320636 0.03639087 0.02062058 0.02292973 
273.00000000 0.51812710 0.28330940 0.07503544 0.04337799 0.03641098 0.02070963 0.02302946 
274.00000000 0.51869487 0.28213123 0.07526514 0.04354998 0.03643184 0.02079766 0.02312928 
275.00000000 0.51924149 0.28097421 0.07549461 0.04372234 0.03645357 0.02088462 0.02322917 
276.00000000 0.51976567 0.27983958 0.07572390 0.04389507 0.03647625 0.02097043 0.02332911 
277.00000000 0.52026618 0.27872851 0.07595302 0.04406818 0.03649997 0.02105503 0.02342911 
278.00000000 0.52074186 0.27764214 0.07618200 0.04424166 0.03652481 0.02113838 0.02352915 
279.00000000 0.52119162 0.27658150 0.07641087 0.04441550 0.03655087 0.02122041 0.02362922 
280.00000000 0.52161443 0.27554760 0.07663965 0.04458971 0.03657823 0.02130107 0.02372930 
281.00000000 0.52200933 0.27454136 0.07686837 0.04476428 0.03660695 0.02138032 0.02382940 
282.00000000 0.52237542 0.27356363 0.07709704 0.04493920 0.03663710 0.02145811 0.02392949 
283.00000000 0.52271187 0.27261522 0.07732570 0.04511447 0.03666877 0.02153440 0.02402957 
284.00000000 0.52301793 0.27169686 0.07755436 0.04529006 0.03670201 0.02160915 0.02412963 
285.00000000 0.52329290 0.27080921 0.07778305 0.04546598 0.03673689 0.02168232 0.02422965 
286.00000000 0.52353616 0.26995287 0.07801179 0.04564220 0.03677345 0.02175388 0.02432964 
287.00000000 0.52374716 0.26912838 0.07824059 0.04581872 0.03681176 0.02182381 0.02442958 
288.00000000 0.52392541 0.26833620 0.07846948 0.04599552 0.03685185 0.02189208 0.02452946 
289.00000000 0.52407048 0.26757676 0.07869847 0.04617258 0.03689379 0.02195866 0.02462927 
290.00000000 0.52418202 0.26685038 0.07892757 0.04634989 0.03693760 0.02202353 0.02472901 
291.00000000 0.52425975 0.26615735 0.07915681 0.04652743 0.03698332 0.02208668 0.02482866 
292.00000000 0.52430344 0.26549788 0.07938619 0.04670518 0.03703098 0.02214810 0.02492823 
293.00000000 0.52431294 0.26487213 0.07961573 0.04688313 0.03708062 0.02220777 0.02502769 
294.00000000 0.52428816 0.26428018 0.07984544 0.04706124 0.03713225 0.02226568 0.02512704 
295.00000000 0.52422905 0.26372208 0.08007533 0.04723951 0.03718590 0.02232184 0.02522629 
296.00000000 0.52413567 0.26319779 0.08030541 0.04741790 0.03724158 0.02237624 0.02532541 
297.00000000 0.52400809 0.26270723 0.08053569 0.04759641 0.03729931 0.02242888 0.02542440 
298.00000000 0.52384647 0.26225025 0.08076617 0.04777500 0.03735909 0.02247977 0.02552326 
299.00000000 0.52365102 0.26182667 0.08099686 0.04795366 0.03742092 0.02252890 0.02562197 
300.00000000 0.52342201 0.26143622 0.08122776 0.04813236 0.03748481 0.02257630 0.02572054 
301.00000000 0.52315975 0.26107860 0.08145888 0.04831108 0.03755075 0.02262198 0.02581895 
302.00000000 0.52286464 0.26075346 0.08169021 0.04848979 0.03761874 0.02266594 0.02591721 
303.00000000 0.52253708 0.26046038 0.08192177 0.04866849 0.03768876 0.02270822 0.02601530 
304.00000000 0.52217757 0.26019892 0.08215354 0.04884713 0.03776080 0.02274882 0.02611322 
305.00000000 0.52178663 0.25996856 0.08238553 0.04902570 0.03783485 0.02278777 0.02621096 
306.00000000 0.52136483 0.25976877 0.08261774 0.04920417 0.03791087 0.02282509 0.02630853 
307.00000000 0.52091280 0.25959894 0.08285016 0.04938253 0.03798884 0.02286082 0.02640591 
308.00000000 0.52043118 0.25945846 0.08308279 0.04956075 0.03806874 0.02289498 0.02650310 
309.00000000 0.51992070 0.25934664 0.08331562 0.04973881 0.03815053 0.02292760 0.02660010 
310.00000000 0.51938208 0.25926278 0.08354865 0.04991669 0.03823419 0.02295872 0.02669690 
311.00000000 0.51881612 0.25920612 0.08378186 0.05009437 0.03831966 0.02298837 0.02679350 
312.00000000 0.51822362 0.25917590 0.08401527 0.05027182 0.03840692 0.02301659 0.02688989 
313.00000000 0.51760543 0.25917129 0.08424885 0.05044903 0.03849591 0.02304342 0.02698608 
314.00000000 0.51696244 0.25919146 0.08448259 0.05062597 0.03858659 0.02306890 0.02708206 
315.00000000 0.51629554 0.25923553 0.08471649 0.05080263 0.03867892 0.02309307 0.02717782 
316.00000000 0.51560568 0.25930261 0.08495055 0.05097898 0.03877283 0.02311598 0.02727337 
317.00000000 0.51489381 0.25939178 0.08518474 0.05115502 0.03886829 0.02313767 0.02736869 
318.00000000 0.51416091 0.25950210 0.08541906 0.05133072 0.03896523 0.02315819 0.02746380 
319.00000000 0.51340799 0.25963259 0.08565349 0.05150606 0.03906359 0.02317759 0.02755869 
320.00000000 0.51263606 0.25978229 0.08588803 0.05168104 0.03916332 0.02319591 0.02765335 
321.00000000 0.51184616 0.25995020 0.08612267 0.05185563 0.03926435 0.02321321 0.02774778 
322.00000000 0.51103934 0.26013530 0.08635739 0.05202982 0.03936663 0.02322954 0.02784199 
323.00000000 0.51021666 0.26033658 0.08659218 0.05220360 0.03947008 0.02324495 0.02793596 
324.00000000 0.50937918 0.26055300 0.08682702 0.05237695 0.03957464 0.02325950 0.02802971 
325.00000000 0.50852800 0.26078352 0.08706191 0.05254986 0.03968025 0.02327323 0.02812323 
326.00000000 0.50766418 0.26102710 0.08729684 0.05272232 0.03978684 0.02328620 0.02821652 
327.00000000 0.50678883 0.26128269 0.08753178 0.05289432 0.03989433 0.02329847 0.02830958 
328.00000000 0.50590301 0.26154924 0.08776674 0.05306585 0.04000266 0.02331009 0.02840240 
329.00000000 0.50500784 0.26182570 0.08800168 0.05323691 0.04011176 0.02332112 0.02849500 
330.00000000 0.50410437 0.26211101 0.08823662 0.05340748 0.04022155 0.02333161 0.02858737 
331.00000000 0.50319371 0.26240414 0.08847152 0.05357755 0.04033197 0.02334161 0.02867951 
332.00000000 0.50227692 0.26270404 0.08870638 0.05374713 0.04044294 0.02335119 0.02877141 
333.00000000 0.50135507 0.26300968 0.08894119 0.05391620 0.04055439 0.02336039 0.02886309 
334.00000000 0.50042921 0.26332004 0.08917593 0.05408476 0.04066624 0.02336928 0.02895455 
335.00000000 0.49950039 0.26363410 0.08941059 0.05425281 0.04077844 0.02337790 0.02904578 
336.00000000 0.49856964 0.26395087 0.08964516 0.05442034 0.04089090 0.02338631 0.02913678 
337.00000000 0.49763798 0.26426934 0.08987963 0.05458736 0.04100355 0.02339457 0.02922756 
338.00000000 0.49670641 0.26458857 0.09011399 0.05475386 0.04111632 0.02340273 0.02931812 
339.00000000 0.49577590 0.26490758 0.09034823 0.05491983 0.04122915 0.02341084 0.02940846 
340.00000000 0.49484743 0.26522544 0.09058233 0.05508530 0.04134196 0.02341895 0.02949859 
341.00000000 0.49392193 0.26554124 0.09081629 0.05525024 0.04145468 0.02342712 0.02958850 
342.00000000 0.49300033 0.26585408 0.09105009 0.05541467 0.04156724 0.02343539 0.02967820 
343.00000000 0.49208352 0.26616308 0.09128372 0.05557859 0.04167959 0.02344381 0.02976769 
344.00000000 0.49117237 0.26646739 0.09151718 0.05574200 0.04179165 0.02345243 0.02985698 
345.00000000 0.49026774 0.26676619 0.09175046 0.05590490 0.04190336 0.02346130 0.02994606 
346.00000000 0.48937044 0.26705867 0.09198354 0.05606730 0.04201465 0.02347046 0.03003494 
347.00000000 0.48848126 0.26734406 0.09221642 0.05622921 0.04212547 0.02347996 0.03012362 
348.00000000 0.48760097 0.26762161 0.09244908 0.05639063 0.04223575 0.02348983 0.03021211 
349.00000000 0.48673031 0.26789061 0.09268153 0.05655157 0.04234544 0.02350013 0.03030040 
350.00000000 0.48586998 0.26815035 0.09291375 0.05671204 0.04245448 0.02351089 0.03038851 
351.00000000 0.48502065 0.26840018 0.09314574 0.05687203 0.04256281 0.02352215 0.03047644 
352.00000000 0.48418297 0.26863947 0.09337748 0.05703157 0.04267039 0.02353394 0.03056418 
353.00000000 0.48335754 0.26886762 0.09360898 0.05719066 0.04277715 0.02354631 0.03065175 
354.00000000 0.48254495 0.26908405 0.09384021 0.05734930 0.04288306 0.02355928 0.03073914 
355.00000000 0.48174574 0.26928824 0.09407119 0.05750751 0.04298806 0.02357289 0.03082636 
356.00000000 0.48096043 0.26947967 0.09430189 0.05766530 0.04309212 0.02358716 0.03091342 
357.00000000 0.48018948 0.26965788 0.09453232 0.05782268 0.04319518 0.02360213 0.03100032 
358.00000000 0.47943336 0.26982242 0.09476247 0.05797966 0.04329720 0.02361783 0.03108706 
359.00000000 0.47869245 0.26997289 0.09499234 0.05813624 0.04339816 0.02363427 0.03117365 
360.00000000 0.47796715 0.27010892 0.09522191 0.05829244 0.04349801 0.02365148 0.03126009 
361.00000000 0.47725780 0.27023016 0.09545119 0.05844827 0.04359672 0.02366948 0.03134638 
362.00000000 0.47656470 0.27033630 0.09568017 0.05860374 0.04369425 0.02368829 0.03143254 
363.00000000 0.47588812 0.27042708 0.09590885 0.05875887 0.04379059 0.02370793 0.03151856 
364.00000000 0.47522831 0.27050226 0.09613722 0.05891365 0.04388571 0.02372841 0.03160444 
365.00000000 0.47458547 0.27056161 0.09636527 0.05906812 0.04397957 0.02374975 0.03169020 
366.00000000 0.47395978 0.27060497 0.09659301 0.05922226 0.04407217 0.02377196 0.03177584 
367.00000000 0.47335138 0.27063220 0.09682044 0.05937611 0.04416347 0.02379505 0.03186136 
368.00000000 0.47276037 0.27064318 0.09704754 0.05952966 0.04425347 0.02381903 0.03194676 
369.00000000 0.47218682 0.27063783 0.09727432 0.05968293 0.04434215 0.02384389 0.03203205 
370.00000000 0.47163078 0.27061610 0.09750077 0.05983594 0.04442950 0.02386966 0.03211724 
371.00000000 0.47109227 0.27057799 0.09772690 0.05998868 0.04451551 0.02389633 0.03220233 
372.00000000 0.47057126 0.27052349 0.09795270 0.06014118 0.04460017 0.02392389 0.03228732 
373.00000000 0.47006769 0.27045264 0.09817816 0.06029344 0.04468348 0.02395236 0.03237222 
374.00000000 0.46958150 0.27036553 0.09840329 0.06044548 0.04476544 0.02398172 0.03245703 
375.00000000 0.46911258 0.27026225 0.09862809 0.06059730 0.04484605 0.02401197 0.03254176 
376.00000000 0.46866078 0.27014292 0.09885255 0.06074891 0.04492531 0.02404312 0.03262641 
377.00000000 0.46822595 0.27000770 0.09907668 0.06090033 0.04500323 0.02407514 0.03271098 
378.00000000 0.46780789 0.26985676 0.09930047 0.06105156 0.04507981 0.02410803 0.03279548 
379.00000000 0.46740639 0.26969031 0.09952392 0.06120262 0.04515506 0.02414177 0.03287992 
380.00000000 0.46702121 0.26950859 0.09974704 0.06135351 0.04522899 0.02417637 0.03296429 
381.00000000 0.46665209 0.26931183 0.09996981 0.06150424 0.04530163 0.02421180 0.03304861 
382.00000000 0.46629872 0.26910032 0.10019226 0.06165482 0.04537298 0.02424804 0.03313287 
383.00000000 0.46596082 0.26887435 0.10041436 0.06180526 0.04544306 0.02428508 0.03321707 
384.00000000 0.46563804 0.26863424 0.10063613 0.06195556 0.04551189 0.02432291 0.03330123 
385.00000000 0.46533003 0.26838033 0.10085756 0.06210574 0.04557949 0.02436150 0.03338535 
386.00000000 0.46503643 0.26811296 0.10107866 0.06225580 0.04564589 0.02440083 0.03346943 
387.00000000 0.46475684 0.26783253 0.10129943 0.06240575 0.04571111 0.02444088 0.03355347 
388.00000000 0.46449086 0.26753941 0.10151987 0.06255559 0.04577517 0.02448163 0.03363747 
389.00000000 0.46423807 0.26723401 0.10173997 0.06270534 0.04583811 0.02452305 0.03372145 
390.00000000 0.46399804 0.26691675 0.10195975 0.06285499 0.04589995 0.02456513 0.03380539 
391.00000000 0.46377031 0.26658807 0.10217921 0.06300455 0.04596072 0.02460783 0.03388932 
392.00000000 0.46355441 0.26624842 0.10239833 0.06315404 0.04602046 0.02465113 0.03397322 
393.00000000 0.46334988 0.26589824 0.10261714 0.06330345 0.04607920 0.02469499 0.03405710 
394.00000000 0.46315623 0.26553803 0.10283563 0.06345278 0.04613696 0.02473940 0.03414096 
395.00000000 0.46297296 0.26516824 0.10305380 0.06360205 0.04619380 0.02478433 0.03422481 
396.00000000 0.46279957 0.26478938 0.10327166 0.06375126 0.04624974 0.02482974 0.03430865 
397.00000000 0.46263555 0.26440193 0.10348921 0.06390040 0.04630482 0.02487560 0.03439248 
398.00000000 0.46248038 0.26400640 0.10370645 0.06404949 0.04635908 0.02492189 0.03447630 
399.00000000 0.46233353 0.26360330 0.10392339 0.06419853 0.04641256 0.02496857 0.03456011 
400.00000000 0.46219449 0.26319313 0.10414003 0.06434753 0.04646529 0.02501562 0.03464392 
401.00000000 0.46206271 0.26277641 0.10435637 0.06449647 0.04651732 0.02506300 0.03472772 
402.00000000 0.46193766 0.26235366 0.10457242 0.06464538 0.04656868 0.02511068 0.03481153 
403.00000000 0.46181881 0.26192540 0.10478818 0.06479424 0.04661942 0.02515863 0.03489533 
404.00000000 0.46170563 0.26149214 0.10500366 0.06494306 0.04666957 0.02520681 0.03497913 
405.00000000 0.46159758 0.26105441 0.10521885 0.06509185 0.04671918 0.02525520 0.03506293 
406.00000000 0.46149412 0.26061273 0.10543377 0.06524060 0.04676828 0.02530376 0.03514673 
407.00000000 0.46139472 0.26016760 0.10564842 0.06538932 0.04681693 0.02535247 0.03523054 
408.00000000 0.46129887 0.25971955 0.10586279 0.06553801 0.04686515 0.02540128 0.03531434 
409.00000000 0.46120602 0.25926907 0.10607691 0.06568667 0.04691300 0.02545018 0.03539815 
410.00000000 0.46111568 0.25881668 0.10629077 0.06583530 0.04696050 0.02549912 0.03548196 
411.00000000 0.46102731 0.25836287 0.10650438 0.06598390 0.04700770 0.02554807 0.03556577 
412.00000000 0.46094043 0.25790813 0.10671773 0.06613248 0.04705464 0.02559702 0.03564958 
413.00000000 0.46085452 0.25745294 0.10693085 0.06628102 0.04710137 0.02564592 0.03573339 
414.00000000 0.46076910 0.25699779 0.10714373 0.06642955 0.04714790 0.02569474 0.03581720 
415.00000000 0.46068369 0.25654313 0.10735637 0.06657804 0.04719430 0.02574346 0.03590100 
416.00000000 0.46059782 0.25608944 0.10756879 0.06672651 0.04724059 0.02579205 0.03598481 
417.00000000 0.46051102 0.25563715 0.10778098 0.06687496 0.04728681 0.02584048 0.03606861 
418.00000000 0.46042285 0.25518670 0.10799296 0.06702338 0.04733299 0.02588872 0.03615241 
419.00000000 0.46033286 0.25473852 0.10820472 0.06717177 0.04737918 0.02593675 0.03623620 
420.00000000 0.46024063 0.25429303 0.10841628 0.06732014 0.04742540 0.02598454 0.03631998 
421.00000000 0.46014575 0.25385063 0.10862764 0.06746848 0.04747169 0.02603206 0.03640375 
422.00000000 0.46004781 0.25341171 0.10883880 0.06761680 0.04751809 0.02607929 0.03648751 
423.00000000 0.45994643 0.25297664 0.10904977 0.06776509 0.04756461 0.02612620 0.03657125 
424.00000000 0.45984123 0.25254579 0.10926056 0.06791335 0.04761131 0.02617278 0.03665498 
425.00000000 0.45973185 0.25211951 0.10947116 0.06806158 0.04765820 0.02621900 0.03673870 
426.00000000 0.45961796 0.25169813 0.10968160 0.06820979 0.04770531 0.02626483 0.03682239 
427.00000000 0.45949921 0.25128198 0.10989186 0.06835797 0.04775267 0.02631027 0.03690605 
428.00000000 0.45937530 0.25087136 0.11010195 0.06850611 0.04780031 0.02635528 0.03698970 
429.00000000 0.45924593 0.25046655 0.11031189 0.06865423 0.04784824 0.02639985 0.03707331 
430.00000000 0.45911081 0.25006784 0.11052167 0.06880231 0.04789651 0.02644396 0.03715689 
431.00000000 0.45896968 0.24967549 0.11073130 0.06895036 0.04794512 0.02648761 0.03724045 
432.00000000 0.45882229 0.24928973 0.11094078 0.06909838 0.04799410 0.02653076 0.03732396 
433.00000000 0.45866841 0.24891080 0.11115013 0.06924636 0.04804347 0.02657340 0.03740744 
434.00000000 0.45850781 0.24853891 0.11135934 0.06939430 0.04809324 0.02661553 0.03749087 
435.00000000 0.45834031 0.24817425 0.11156841 0.06954220 0.04814345 0.02665713 0.03757426 
436.00000000 0.45816570 0.24781700 0.11177736 0.06969006 0.04819409 0.02669818 0.03765760 
437.00000000 0.45798384 0.24746732 0.11198618 0.06983788 0.04824519 0.02673869 0.03774090 
438.00000000 0.45779456 0.24712537 0.11219489 0.06998566 0.04829676 0.02677863 0.03782414 
439.00000000 0.45759773 0.24679127 0.11240348 0.07013339 0.04834881 0.02681800 0.03790732 
