0.00000000 1.00000000 0.00000000 0.00000000 0.00000000 0.00000000 0.00000000 0.00000000 
1.00000000 0.99971328 0.00027269 0.00000108 0.00000123 0.00000159 0.00000665 0.00000347 
2.00000000 0.99885437 0.00108952 0.00000433 0.00000494 0.00000638 0.00002658 0.00001387 
3.00000000 0.99742610 0.00244771 0.00000986 0.00001113 0.00001437 0.00005968 0.00003115 
4.00000000 0.99543245 0.00434326 0.00001781 0.00001983 0.00002561 0.00010583 0.00005521 
5.00000000 0.99287861 0.00677098 0.00002840 0.00003107 0.00004016 0.00016484 0.00008594 
6.00000000 0.98977092 0.00972451 0.00004190 0.00004489 0.00005809 0.00023649 0.00012321 
7.00000000 0.98611684 0.01319632 0.00005864 0.00006134 0.00007948 0.00032052 0.00016686 
8.00000000 0.98192497 0.01717778 0.00007902 0.00008050 0.00010444 0.00041661 0.00021668 
9.00000000 0.97720501 0.02165914 0.00010345 0.00010242 0.00013308 0.00052443 0.00027248 
10.00000000 0.97196768 0.02662959 0.00013243 0.00012719 0.00016555 0.00064356 0.00033400 
11.00000000 0.96622476 0.03207728 0.00016647 0.00015491 0.00020198 0.00077360 0.00040099 
12.00000000 0.95998902 0.03798939 0.00020616 0.00018566 0.00024252 0.00091408 0.00047317 
13.00000000 0.95327418 0.04435210 0.00025208 0.00021955 0.00028736 0.00106448 0.00055024 
14.00000000 0.94609489 0.05115072 0.00030487 0.00025669 0.00033665 0.00122429 0.00063188 
15.00000000 0.93846668 0.05836966 0.00036518 0.00029720 0.00039059 0.00139292 0.00071776 
16.00000000 0.93040591 0.06599251 0.00043369 0.00034120 0.00044938 0.00156978 0.00080753 
17.00000000 0.92192974 0.07400208 0.00051110 0.00038882 0.00051319 0.00175425 0.00090082 
18.00000000 0.91305609 0.08238046 0.00059809 0.00044017 0.00058225 0.00194568 0.00099727 
19.00000000 0.90380356 0.09110906 0.00069537 0.00049539 0.00065675 0.00214337 0.00109649 
20.00000000 0.89419143 0.10016865 0.00080366 0.00055462 0.00073690 0.00234665 0.00119811 
21.00000000 0.88423957 0.10953943 0.00092363 0.00061798 0.00082290 0.00255478 0.00130171 
22.00000000 0.87396842 0.11920107 0.00105599 0.00068561 0.00091497 0.00276703 0.00140692 
23.00000000 0.86339891 0.12913280 0.00120139 0.00075762 0.00101330 0.00298266 0.00151332 
24.00000000 0.85255245 0.13931340 0.00136048 0.00083415 0.00111810 0.00320090 0.00162053 
25.00000000 0.84145082 0.14972131 0.00153387 0.00091531 0.00122957 0.00342098 0.00172814 
26.00000000 0.83011619 0.16033466 0.00172216 0.00100121 0.00134789 0.00364212 0.00183577 
27.00000000 0.81857098 0.17113134 0.00192588 0.00109197 0.00147324 0.00386356 0.00194303 
28.00000000 0.80683791 0.18208903 0.00214555 0.00118766 0.00160581 0.00408450 0.00204954 
29.00000000 0.79493986 0.19318528 0.00238163 0.00128838 0.00174575 0.00430416 0.00215495 
30.00000000 0.78289986 0.20439753 0.00263453 0.00139420 0.00189322 0.00452178 0.00225888 
31.00000000 0.77074103 0.21570323 0.00290460 0.00150517 0.00204838 0.00473659 0.00236101 
32.00000000 0.75848653 0.22707980 0.00319216 0.00162134 0.00221134 0.00494783 0.00246099 
33.00000000 0.74615952 0.23850476 0.00349745 0.00174274 0.00238224 0.00515477 0.00255853 
34.00000000 0.73378307 0.24995573 0.00382065 0.00186936 0.00256117 0.00535667 0.00265334 
35.00000000 0.72138018 0.26141052 0.00416189 0.00200121 0.00274823 0.00555285 0.00274512 
36.00000000 0.70897365 0.27284712 0.00452122 0.00213826 0.00294350 0.00574260 0.00283364 
37.00000000 0.69658611 0.28424383 0.00489863 0.00228044 0.00314704 0.00592528 0.00291867 
38.00000000 0.68423991 0.29557920 0.00529406 0.00242768 0.00335890 0.00610026 0.00299998 
39.00000000 0.67195712 0.30683218 0.00570735 0.00257989 0.00357911 0.00626694 0.00307741 
40.00000000 0.65975948 0.31798209 0.00613829 0.00273695 0.00380768 0.00642474 0.00315078 
41.00000000 0.64766831 0.32900866 0.00658662 0.00289870 0.00404461 0.00657313 0.00321996 
42.00000000 0.63570455 0.33989213 0.00705199 0.00306497 0.00428988 0.00671163 0.00328484 
43.00000000 0.62388867 0.35061322 0.00753398 0.00323556 0.00454346 0.00683977 0.00334535 
44.00000000 0.61224062 0.36115318 0.00803213 0.00341025 0.00480527 0.00695714 0.00340141 
45.00000000 0.60077984 0.37149385 0.00854590 0.00358879 0.00507527 0.00706336 0.00345300 
46.00000000 0.58952519 0.38161765 0.00907470 0.00377089 0.00535334 0.00715811 0.00350011 
47.00000000 0.57849495 0.39150766 0.00961787 0.00395626 0.00563938 0.00724111 0.00354278 
48.00000000 0.56770675 0.40114757 0.01017470 0.00414456 0.00593326 0.00731212 0.00358103 
49.00000000 0.55717757 0.41052180 0.01074443 0.00433545 0.00623484 0.00737096 0.00361496 
50.00000000 0.54692371 0.41961541 0.01132627 0.00452853 0.00654395 0.00741748 0.00364465 
51.00000000 0.53696075 0.42841424 0.01191934 0.00472342 0.00686040 0.00745162 0.00367024 
52.00000000 0.52730357 0.43690482 0.01252275 0.00491969 0.00718399 0.00747332 0.00369186 
53.00000000 0.51796627 0.44507446 0.01313557 0.00511690 0.00751450 0.00748261 0.00370969 
54.00000000 0.50896218 0.45291123 0.01375682 0.00531460 0.00785169 0.00747956 0.00372392 
55.00000000 0.50030388 0.46040398 0.01438552 0.00551230 0.00819529 0.00746429 0.00373476 
56.00000000 0.49200310 0.46754233 0.01502063 0.00570951 0.00854502 0.00743697 0.00374244 
57.00000000 0.48407079 0.47431673 0.01566110 0.00590575 0.00890060 0.00739782 0.00374722 
58.00000000 0.47651708 0.48071839 0.01630587 0.00610049 0.00926169 0.00734711 0.00374936 
59.00000000 0.46935125 0.48673937 0.01695387 0.00629323 0.00962797 0.00728517 0.00374914 
60.00000000 0.46258175 0.49237251 0.01760401 0.00648344 0.00999907 0.00721237 0.00374686 
61.00000000 0.45621618 0.49761145 0.01825520 0.00667060 0.01037463 0.00712912 0.00374281 
62.00000000 0.45026131 0.50245067 0.01890635 0.00685419 0.01075425 0.00703590 0.00373733 
63.00000000 0.44472305 0.50688542 0.01955639 0.00703371 0.01113751 0.00693319 0.00373073 
64.00000000 0.43960647 0.51091177 0.02020423 0.00720864 0.01152399 0.00682157 0.00372334 
65.00000000 0.43491577 0.51452658 0.02084881 0.00737850 0.01191323 0.00670161 0.00371550 
66.00000000 0.43065435 0.51772750 0.02148909 0.00754281 0.01230478 0.00657394 0.00370754 
67.00000000 0.42682474 0.52051293 0.02212404 0.00770112 0.01269814 0.00643922 0.00369981 
68.00000000 0.42342867 0.52288208 0.02275267 0.00785297 0.01309281 0.00629816 0.00369264 
69.00000000 0.42046702 0.52483488 0.02337401 0.00799798 0.01348827 0.00615147 0.00368637 
70.00000000 0.41793990 0.52637202 0.02398712 0.00813574 0.01388399 0.00599991 0.00368132 
71.00000000 0.41584659 0.52749493 0.02459109 0.00826591 0.01427940 0.00584425 0.00367782 
72.00000000 0.41418559 0.52820572 0.02518506 0.00838818 0.01467396 0.00568531 0.00367619 
73.00000000 0.41295465 0.52850724 0.02576819 0.00850226 0.01506706 0.00552389 0.00367671 
74.00000000 0.41215076 0.52840298 0.02633971 0.00860791 0.01545812 0.00536082 0.00367970 
75.00000000 0.41177015 0.52789712 0.02689888 0.00870494 0.01584653 0.00519697 0.00368541 
76.00000000 0.41180836 0.52699449 0.02744501 0.00879318 0.01623167 0.00503316 0.00369413 
77.00000000 0.41226022 0.52570052 0.02797744 0.00887254 0.01661290 0.00487028 0.00370610 
78.00000000 0.41311988 0.52402128 0.02849559 0.00894296 0.01698958 0.00470917 0.00372154 
79.00000000 0.41438083 0.52196339 0.02899891 0.00900443 0.01736108 0.00455070 0.00374066 
80.00000000 0.41603592 0.51953406 0.02948691 0.00905700 0.01772672 0.00439572 0.00376366 
81.00000000 0.41807740 0.51674103 0.02995916 0.00910076 0.01808586 0.00424507 0.00379071 
82.00000000 0.42049692 0.51359257 0.03041526 0.00913585 0.01843783 0.00409960 0.00382196 
83.00000000 0.42328556 0.51009743 0.03085490 0.00916250 0.01878197 0.00396011 0.00385753 
84.00000000 0.42643387 0.50626485 0.03127778 0.00918094 0.01911762 0.00382742 0.00389752 
85.00000000 0.42993188 0.50210452 0.03168368 0.00919150 0.01944411 0.00370229 0.00394201 
86.00000000 0.43376912 0.49762656 0.03207244 0.00919454 0.01976078 0.00358549 0.00399107 
87.00000000 0.43793467 0.49284147 0.03244392 0.00919047 0.02006701 0.00347774 0.00404471 
88.00000000 0.44241718 0.48776016 0.03279806 0.00917977 0.02036214 0.00337973 0.00410296 
89.00000000 0.44720486 0.48239389 0.03313484 0.00916294 0.02064555 0.00329214 0.00416579 
90.00000000 0.45228558 0.47675422 0.03345429 0.00914055 0.02091662 0.00321557 0.00423316 
91.00000000 0.45764682 0.47085307 0.03375647 0.00911321 0.02117478 0.00315064 0.00430501 
92.00000000 0.46327575 0.46470260 0.03404152 0.00908158 0.02141944 0.00309787 0.00438126 
93.00000000 0.46915923 0.45831524 0.03430958 0.00904633 0.02165004 0.00305778 0.00446179 
94.00000000 0.47528386 0.45170366 0.03456088 0.00900820 0.02186608 0.00303083 0.00454649 
95.00000000 0.48163600 0.44488074 0.03479565 0.00896795 0.02206704 0.00301743 0.00463519 
96.00000000 0.48820178 0.43785954 0.03501418 0.00892637 0.02225245 0.00301794 0.00472774 
97.00000000 0.49496715 0.43065327 0.03521679 0.00888427 0.02242190 0.00303268 0.00482393 
98.00000000 0.50191790 0.42327532 0.03540382 0.00884250 0.02257497 0.00306191 0.00492358 
99.00000000 0.50903968 0.41573914 0.03557566 0.00880190 0.02271131 0.00310585 0.00502646 
100.00000000 0.51631805 0.40805831 0.03573272 0.00876334 0.02283061 0.00316465 0.00513233 
101.00000000 0.52373847 0.40024646 0.03587543 0.00872771 0.02293257 0.00323841 0.00524094 
102.00000000 0.53128636 0.39231727 0.03600426 0.00869588 0.02301698 0.00332719 0.00535204 
103.00000000 0.53894711 0.38428445 0.03611969 0.00866872 0.02308366 0.00343099 0.00546536 
104.00000000 0.54670611 0.37616169 0.03622222 0.00864713 0.02313248 0.00354975 0.00558062 
105.00000000 0.55454878 0.36796268 0.03631237 0.00863195 0.02316335 0.00368335 0.00569753 
106.00000000 0.56246057 0.35970105 0.03639066 0.00862403 0.02317625 0.00383164 0.00581580 
107.00000000 0.57042703 0.35139037 0.03645765 0.00862421 0.02317122 0.00399438 0.00593513 
108.00000000 0.57843379 0.34304414 0.03651388 0.00863329 0.02314834 0.00417133 0.00605524 
109.00000000 0.58646659 0.33467573 0.03655991 0.00865205 0.02310776 0.00436214 0.00617582 
110.00000000 0.59451134 0.32629839 0.03659632 0.00868123 0.02304968 0.00456646 0.00629657 
111.00000000 0.60255410 0.31792525 0.03662367 0.00872154 0.02297438 0.00478385 0.00641721 
112.00000000 0.61058111 0.30956924 0.03664252 0.00877364 0.02288217 0.00501387 0.00653745 
113.00000000 0.61857883 0.30124312 0.03665346 0.00883815 0.02277345 0.00525598 0.00665700 
114.00000000 0.62653395 0.29295946 0.03665705 0.00891564 0.02264867 0.00550965 0.00677559 
115.00000000 0.63443338 0.28473061 0.03665385 0.00900663 0.02250832 0.00577426 0.00689295 
116.00000000 0.64226432 0.27656866 0.03664442 0.00911159 0.02235298 0.00604920 0.00700882 
117.00000000 0.65001425 0.26848547 0.03662932 0.00923093 0.02218329 0.00633377 0.00712296 
118.00000000 0.65767094 0.26049264 0.03660909 0.00936499 0.02199991 0.00662729 0.00723514 
119.00000000 0.66522248 0.25260146 0.03658426 0.00951406 0.02180360 0.00692901 0.00734514 
120.00000000 0.67265730 0.24482294 0.03655537 0.00967835 0.02159515 0.00723815 0.00745275 
121.00000000 0.67996416 0.23716778 0.03652291 0.00985804 0.02137541 0.00755394 0.00755777 
122.00000000 0.68713219 0.22964633 0.03648740 0.01005320 0.02114528 0.00787554 0.00766005 
123.00000000 0.69415089 0.22226865 0.03644933 0.01026387 0.02090571 0.00820213 0.00775942 
124.00000000 0.70101016 0.21504439 0.03640916 0.01048999 0.02065770 0.00853285 0.00785575 
125.00000000 0.70770029 0.20798287 0.03636736 0.01073148 0.02040228 0.00886682 0.00794890 
126.00000000 0.71421195 0.20109305 0.03632438 0.01098814 0.02014053 0.00920317 0.00803878 
127.00000000 0.72053628 0.19438346 0.03628065 0.01125974 0.01987356 0.00954101 0.00812531 
128.00000000 0.72666480 0.18786229 0.03623659 0.01154597 0.01960251 0.00987943 0.00820841 
129.00000000 0.73258950 0.18153728 0.03619259 0.01184647 0.01932856 0.01021755 0.00828804 
130.00000000 0.73830280 0.17541579 0.03614905 0.01216082 0.01905290 0.01055446 0.00836417 
131.00000000 0.74379755 0.16950475 0.03610635 0.01248852 0.01877675 0.01088928 0.00843679 
132.00000000 0.74906709 0.16381068 0.03606483 0.01282904 0.01850135 0.01122111 0.00850589 
133.00000000 0.75410521 0.15833963 0.03602485 0.01318179 0.01822793 0.01154909 0.00857152 
134.00000000 0.75890613 0.15309726 0.03598672 0.01354611 0.01795774 0.01187234 0.00863370 
135.00000000 0.76346460 0.14808875 0.03595077 0.01392133 0.01769205 0.01219002 0.00869249 
136.00000000 0.76777578 0.14331887 0.03591731 0.01430670 0.01743209 0.01250129 0.00874796 
137.00000000 0.77183535 0.13879191 0.03588661 0.01470145 0.01717911 0.01280536 0.00880020 
138.00000000 0.77563943 0.13451173 0.03585895 0.01510479 0.01693434 0.01310144 0.00884931 
139.00000000 0.77918463 0.13048173 0.03583460 0.01551587 0.01669900 0.01338876 0.00889541 
140.00000000 0.78246803 0.12670485 0.03581382 0.01593382 0.01647427 0.01366660 0.00893861 
141.00000000 0.78548718 0.12318358 0.03579684 0.01635777 0.01626131 0.01393427 0.00897906 
142.00000000 0.78824010 0.11991997 0.03578389 0.01678681 0.01606127 0.01419108 0.00901689 
143.00000000 0.79072527 0.11691560 0.03577519 0.01722001 0.01587523 0.01443643 0.00905226 
144.00000000 0.79294166 0.11417161 0.03577097 0.01765646 0.01570426 0.01466970 0.00908534 
145.00000000 0.79488866 0.11168869 0.03577141 0.01809522 0.01554938 0.01489035 0.00911629 
146.00000000 0.79656615 0.10946708 0.03577672 0.01853536 0.01541154 0.01509786 0.00914529 
147.00000000 0.79797443 0.10750659 0.03578708 0.01897597 0.01529167 0.01529176 0.00917251 
148.00000000 0.79911426 0.10580659 0.03580268 0.01941611 0.01519061 0.01547163 0.00919813 
149.00000000 0.79998684 0.10436602 0.03582368 0.01985489 0.01510918 0.01563707 0.00922233 
150.00000000 0.80059378 0.10318339 0.03585025 0.02029142 0.01504810 0.01578774 0.00924530 
151.00000000 0.80093714 0.10225682 0.03588256 0.02072484 0.01500806 0.01592336 0.00926722 
152.00000000 0.80101935 0.10158398 0.03592076 0.02115431 0.01498965 0.01604368 0.00928826 
153.00000000 0.80084328 0.10116218 0.03596500 0.02157901 0.01499342 0.01614849 0.00930861 
154.00000000 0.80041219 0.10098831 0.03601543 0.02199818 0.01501981 0.01623765 0.00932844 
155.00000000 0.79972969 0.10105887 0.03607219 0.02241106 0.01506923 0.01631104 0.00934791 
156.00000000 0.79879981 0.10137003 0.03613542 0.02281695 0.01514199 0.01636862 0.00936718 
157.00000000 0.79762690 0.10191755 0.03620524 0.02321518 0.01523832 0.01641038 0.00938642 
158.00000000 0.79621569 0.10269687 0.03628180 0.02360515 0.01535838 0.01643634 0.00940577 
159.00000000 0.79457123 0.10370307 0.03636522 0.02398626 0.01550225 0.01644660 0.00942537 
160.00000000 0.79269890 0.10493092 0.03645561 0.02435799 0.01566995 0.01644128 0.00944536 
161.00000000 0.79060439 0.10637485 0.03655310 0.02471986 0.01586139 0.01642056 0.00946585 
162.00000000 0.78829370 0.10802902 0.03665781 0.02507144 0.01607642 0.01638466 0.00948696 
163.00000000 0.78577311 0.10988726 0.03676983 0.02541235 0.01631482 0.01633384 0.00950878 
164.00000000 0.78304918 0.11194317 0.03688928 0.02574227 0.01657628 0.01626840 0.00953142 
165.00000000 0.78012870 0.11419005 0.03701626 0.02606092 0.01686042 0.01618870 0.00955495 
166.00000000 0.77701874 0.11662098 0.03715086 0.02636807 0.01716680 0.01609510 0.00957944 
167.00000000 0.77372658 0.11922878 0.03729318 0.02666356 0.01749490 0.01598804 0.00960495 
168.00000000 0.77025971 0.12200609 0.03744331 0.02694727 0.01784413 0.01586797 0.00963152 
169.00000000 0.76662585 0.12494531 0.03760133 0.02721912 0.01821383 0.01573537 0.00965919 
170.00000000 0.76283287 0.12803868 0.03776731 0.02747910 0.01860328 0.01559077 0.00968799 
171.00000000 0.75888882 0.13127826 0.03794132 0.02772723 0.01901172 0.01543472 0.00971792 
172.00000000 0.75480191 0.13465594 0.03812343 0.02796360 0.01943831 0.01526780 0.00974900 
173.00000000 0.75058050 0.13816350 0.03831369 0.02818833 0.01988217 0.01509061 0.00978120 
174.00000000 0.74623304 0.14179258 0.03851215 0.02840158 0.02034235 0.01490378 0.00981452 
175.00000000 0.74176812 0.14553471 0.03871886 0.02860356 0.02081788 0.01470795 0.00984893 
176.00000000 0.73719441 0.14938134 0.03893383 0.02879451 0.02130774 0.01450380 0.00988438 
177.00000000 0.73252065 0.15332383 0.03915710 0.02897473 0.02181086 0.01429200 0.00992083 
178.00000000 0.72775566 0.15735350 0.03938868 0.02914453 0.02232614 0.01407325 0.00995824 
179.00000000 0.72290830 0.16146161 0.03962858 0.02930427 0.02285248 0.01384825 0.00999653 
180.00000000 0.71798744 0.16563940 0.03987678 0.02945431 0.02338870 0.01361774 0.01003564 
181.00000000 0.71300199 0.16987810 0.04013327 0.02959508 0.02393365 0.01338241 0.01007549 
182.00000000 0.70796085 0.17416896 0.04039803 0.02972701 0.02448614 0.01314300 0.01011601 
183.00000000 0.70287292 0.17850321 0.04067100 0.02985054 0.02504496 0.01290025 0.01015711 
184.00000000 0.69774706 0.18287216 0.04095215 0.02996615 0.02560891 0.01265486 0.01019871 
185.00000000 0.69259208 0.18726714 0.04124141 0.03007433 0.02617678 0.01240757 0.01024070 
186.00000000 0.68741675 0.19167955 0.04153870 0.03017556 0.02674734 0.01215909 0.01028300 
187.00000000 0.68222975 0.19610089 0.04184393 0.03027038 0.02731940 0.01191013 0.01032552 
188.00000000 0.67703970 0.20052272 0.04215701 0.03035928 0.02789176 0.01166138 0.01036814 
189.00000000 0.67185509 0.20493675 0.04247781 0.03044279 0.02846323 0.01141354 0.01041079 
190.00000000 0.66668432 0.20933477 0.04280622 0.03052143 0.02903263 0.01116728 0.01045336 
191.00000000 0.66153567 0.21370872 0.04314208 0.03059573 0.02959882 0.01092324 0.01049575 
192.00000000 0.65641727 0.21805069 0.04348524 0.03066619 0.03016066 0.01068206 0.01053787 
193.00000000 0.65133710 0.22235294 0.04383555 0.03073334 0.03071707 0.01044437 0.01057964 
194.00000000 0.64630300 0.22660787 0.04419280 0.03079768 0.03126696 0.01021074 0.01062095 
195.00000000 0.64132261 0.23080809 0.04455682 0.03085969 0.03180929 0.00998176 0.01066174 
196.00000000 0.63640341 0.23494640 0.04492739 0.03091987 0.03234307 0.00975796 0.01070191 
197.00000000 0.63155267 0.23901577 0.04530429 0.03097869 0.03286732 0.00953986 0.01074140 
198.00000000 0.62677748 0.24300943 0.04568729 0.03103659 0.03338113 0.00932795 0.01078013 
199.00000000 0.62208470 0.24692081 0.04607615 0.03109401 0.03388361 0.00912269 0.01081804 
200.00000000 0.61748096 0.25074356 0.04647061 0.03115137 0.03437392 0.00892451 0.01085507 
201.00000000 0.61297268 0.25447159 0.04687040 0.03120907 0.03485127 0.00873381 0.01089117 
202.00000000 0.60856603 0.25809905 0.04727524 0.03126750 0.03531493 0.00855096 0.01092630 
203.00000000 0.60426695 0.26162034 0.04768484 0.03132699 0.03576419 0.00837628 0.01096041 
204.00000000 0.60008110 0.26503012 0.04809891 0.03138790 0.03619842 0.00821008 0.01099347 
205.00000000 0.59601389 0.26832333 0.04851714 0.03145054 0.03661701 0.00805263 0.01102546 
206.00000000 0.59207048 0.27149516 0.04893921 0.03151519 0.03701944 0.00790416 0.01105636 
207.00000000 0.58825574 0.27454109 0.04936480 0.03158211 0.03740521 0.00776487 0.01108617 
208.00000000 0.58457428 0.27745689 0.04979358 0.03165157 0.03777389 0.00763492 0.01111488 
209.00000000 0.58103040 0.28023859 0.05022521 0.03172377 0.03812509 0.00751446 0.01114249 
210.00000000 0.57762814 0.28288254 0.05065935 0.03179891 0.03845848 0.00740356 0.01116902 
211.00000000 0.57437125 0.28538536 0.05109565 0.03187716 0.03877379 0.00730231 0.01119449 
212.00000000 0.57126317 0.28774395 0.05153377 0.03195868 0.03907078 0.00721072 0.01121892 
213.00000000 0.56830707 0.28995553 0.05197335 0.03204360 0.03934928 0.00712881 0.01124235 
214.00000000 0.56550581 0.29201761 0.05241405 0.03213202 0.03960916 0.00705654 0.01126481 
215.00000000 0.56286194 0.29392798 0.05285550 0.03222403 0.03985035 0.00699384 0.01128636 
216.00000000 0.56037773 0.29568474 0.05329736 0.03231970 0.04007280 0.00694064 0.01130704 
217.00000000 0.55805514 0.29728627 0.05373926 0.03241908 0.04027654 0.00689679 0.01132691 
218.00000000 0.55589585 0.29873126 0.05418087 0.03252220 0.04046162 0.00686217 0.01134602 
219.00000000 0.55390122 0.30001868 0.05462184 0.03262906 0.04062816 0.00683659 0.01136446 
220.00000000 0.55207231 0.30114778 0.05506182 0.03273966 0.04077628 0.00681985 0.01138229 
221.00000000 0.55040991 0.30211812 0.05550048 0.03285400 0.04090618 0.00681173 0.01139958 
222.00000000 0.54891449 0.30292952 0.05593749 0.03297202 0.04101807 0.00681199 0.01141641 
223.00000000 0.54758625 0.30358209 0.05637253 0.03309369 0.04111222 0.00682035 0.01143286 
224.00000000 0.54642509 0.30407621 0.05680527 0.03321895 0.04118892 0.00683654 0.01144903 
225.00000000 0.54543061 0.30441254 0.05723542 0.03334772 0.04124848 0.00686025 0.01146498 
226.00000000 0.54460217 0.30459199 0.05766268 0.03347993 0.04129127 0.00689115 0.01148081 
227.00000000 0.54393882 0.30461574 0.05808676 0.03361549 0.04131766 0.00692891 0.01149662 
228.00000000 0.54343935 0.30448522 0.05850739 0.03375430 0.04132805 0.00697320 0.01151248 
229.00000000 0.54310229 0.30420212 0.05892431 0.03389626 0.04132289 0.00702363 0.01152849 
230.00000000 0.54292590 0.30376835 0.05933727 0.03404127 0.04130262 0.00707986 0.01154473 
231.00000000 0.54290819 0.30318608 0.05974604 0.03418920 0.04126771 0.00714149 0.01156130 
232.00000000 0.54304691 0.30245768 0.06015038 0.03433995 0.04121865 0.00720815 0.01157828 
233.00000000 0.54333960 0.30158576 0.06055011 0.03449338 0.04115595 0.00727945 0.01159575 
234.00000000 0.54378353 0.30057314 0.06094502 0.03464939 0.04108012 0.00735500 0.01161380 
235.00000000 0.54437576 0.29942285 0.06133495 0.03480784 0.04099168 0.00743439 0.01163252 
236.00000000 0.54511314 0.29813811 0.06171972 0.03496862 0.04089118 0.00751725 0.01165198 
237.00000000 0.54599228 0.29672232 0.06209921 0.03513160 0.04077917 0.00760318 0.01167224 
238.00000000 0.54700962 0.29517907 0.06247328 0.03529665 0.04065618 0.00769179 0.01169340 
239.00000000 0.54816139 0.29351214 0.06284183 0.03546366 0.04052278 0.00778269 0.01171551 
240.00000000 0.54944362 0.29172543 0.06320477 0.03563251 0.04037952 0.00787552 0.01173864 
241.00000000 0.55085219 0.28982304 0.06356201 0.03580308 0.04022695 0.00796988 0.01176284 
242.00000000 0.55238280 0.28780919 0.06391350 0.03597525 0.04006564 0.00806543 0.01178818 
243.00000000 0.55403098 0.28568823 0.06425921 0.03614892 0.03989614 0.00816181 0.01181471 
244.00000000 0.55579213 0.28346465 0.06459911 0.03632398 0.03971900 0.00825867 0.01184246 
245.00000000 0.55766151 0.28114306 0.06493319 0.03650032 0.03953475 0.00835568 0.01187149 
246.00000000 0.55963423 0.27872816 0.06526146 0.03667785 0.03934395 0.00845253 0.01190182 
247.00000000 0.56170530 0.27622478 0.06558396 0.03685647 0.03914711 0.00854890 0.01193349 
248.00000000 0.56386961 0.27363780 0.06590071 0.03703608 0.03894477 0.00864450 0.01196652 
249.00000000 0.56612195 0.27097221 0.06621180 0.03721661 0.03873743 0.00873906 0.01200094 
250.00000000 0.56845703 0.26823306 0.06651727 0.03739796 0.03852560 0.00883232 0.01203675 
251.00000000 0.57086948 0.26542546 0.06681723 0.03758007 0.03830976 0.00892402 0.01207398 
252.00000000 0.57335384 0.26255457 0.06711179 0.03776285 0.03809041 0.00901393 0.01211261 
253.00000000 0.57590462 0.25962560 0.06740104 0.03794624 0.03786800 0.00910185 0.01215265 
254.00000000 0.57851626 0.25664378 0.06768513 0.03813016 0.03764298 0.00918757 0.01219410 
255.00000000 0.58118317 0.25361438 0.06796420 0.03831457 0.03741581 0.00927092 0.01223695 
256.00000000 0.58389973 0.25054268 0.06823840 0.03849939 0.03718691 0.00935173 0.01228117 
257.00000000 0.58666029 0.24743395 0.06850790 0.03868458 0.03695668 0.00942986 0.01232675 
258.00000000 0.58945921 0.24429349 0.06877286 0.03887007 0.03672553 0.00950518 0.01237366 
259.00000000 0.59229084 0.24112656 0.06903349 0.03905584 0.03649384 0.00957757 0.01242187 
260.00000000 0.59514954 0.23793841 0.06928996 0.03924182 0.03626197 0.00964694 0.01247136 
261.00000000 0.59802969 0.23473426 0.06954248 0.03942798 0.03603029 0.00971321 0.01252208 
262.00000000 0.60092570 0.23151931 0.06979126 0.03961427 0.03579914 0.00977633 0.01257399 
263.00000000 0.60383203 0.22829868 0.07003652 0.03980067 0.03556883 0.00983624 0.01262704 
264.00000000 0.60674316 0.22507748 0.07027846 0.03998712 0.03533967 0.00989291 0.01268119 
265.00000000 0.60965366 0.22186072 0.07051733 0.04017360 0.03511197 0.00994632 0.01273639 
266.00000000 0.61255815 0.21865337 0.07075334 0.04036008 0.03488600 0.00999647 0.01279259 
267.00000000 0.61545131 0.21546032 0.07098672 0.04054652 0.03466204 0.01004338 0.01284972 
268.00000000 0.61832792 0.21228637 0.07121771 0.04073289 0.03444032 0.01008706 0.01290772 
269.00000000 0.62118286 0.20913624 0.07144654 0.04091917 0.03422109 0.01012755 0.01296655 
270.00000000 0.62401107 0.20601454 0.07167345 0.04110532 0.03400459 0.01016490 0.01302613 
271.00000000 0.62680764 0.20292579 0.07189866 0.04129132 0.03379102 0.01019916 0.01308641 
272.00000000 0.62956775 0.19987441 0.07212242 0.04147713 0.03358058 0.01023041 0.01314731 
273.00000000 0.63228668 0.19686470 0.07234494 0.04166274 0.03337346 0.01025871 0.01320877 
274.00000000 0.63495989 0.19390082 0.07256646 0.04184811 0.03316984 0.01028415 0.01327073 
275.00000000 0.63758292 0.19098683 0.07278721 0.04203321 0.03296989 0.01030682 0.01333313 
276.00000000 0.64015147 0.18812665 0.07300739 0.04221802 0.03277377 0.01032682 0.01339588 
277.00000000 0.64266140 0.18532406 0.07322724 0.04240251 0.03258160 0.01034425 0.01345893 
278.00000000 0.64510869 0.18258273 0.07344695 0.04258664 0.03239354 0.01035923 0.01352222 
279.00000000 0.64748950 0.17990613 0.07366673 0.04277039 0.03220971 0.01037186 0.01358567 
280.00000000 0.64980014 0.17729764 0.07388677 0.04295373 0.03203023 0.01038226 0.01364923 
281.00000000 0.65203709 0.17476044 0.07410728 0.04313662 0.03185519 0.01039055 0.01371282 
282.00000000 0.65419699 0.17229760 0.07432843 0.04331904 0.03168471 0.01039684 0.01377640 
283.00000000 0.65627665 0.16991198 0.07455040 0.04350094 0.03151887 0.01040125 0.01383990 
284.00000000 0.65827308 0.16760633 0.07477335 0.04368230 0.03135777 0.01040392 0.01390326 
285.00000000 0.66018344 0.16538319 0.07499745 0.04386307 0.03120147 0.01040495 0.01396643 
286.00000000 0.66200510 0.16324496 0.07522284 0.04404323 0.03105005 0.01040446 0.01402935 
287.00000000 0.66373559 0.16119387 0.07544967 0.04422274 0.03090358 0.01040257 0.01409197 
288.00000000 0.66537265 0.15923197 0.07567808 0.04440155 0.03076212 0.01039940 0.01415424 
289.00000000 0.66691418 0.15736113 0.07590817 0.04457963 0.03062571 0.01039505 0.01421612 
290.00000000 0.66835829 0.15558307 0.07614008 0.04475694 0.03049442 0.01038963 0.01427757 
291.00000000 0.66970329 0.15389931 0.07637389 0.04493344 0.03036828 0.01038325 0.01433853 
292.00000000 0.67094766 0.15231121 0.07660972 0.04510908 0.03024734 0.01037600 0.01439898 
293.00000000 0.67209008 0.15081995 0.07684764 0.04528383 0.03013163 0.01036797 0.01445889 
294.00000000 0.67312943 0.14942654 0.07708773 0.04545764 0.03002119 0.01035926 0.01451820 
295.00000000 0.67406478 0.14813179 0.07733007 0.04563047 0.02991604 0.01034995 0.01457691 
296.00000000 0.67489537 0.14693636 0.07757470 0.04580227 0.02981621 0.01034011 0.01463499 
297.00000000 0.67562066 0.14584074 0.07782168 0.04597301 0.02972171 0.01032981 0.01469240 
298.00000000 0.67624028 0.14484521 0.07807104 0.04614263 0.02963258 0.01031912 0.01474913 
299.00000000 0.67675406 0.14394992 0.07832283 0.04631109 0.02954882 0.01030810 0.01480517 
300.00000000 0.67716201 0.14315482 0.07857707 0.04647835 0.02947045 0.01029679 0.01486051 
301.00000000 0.67746433 0.14245971 0.07883376 0.04664436 0.02939747 0.01028525 0.01491512 
302.00000000 0.67766137 0.14186420 0.07909293 0.04680908 0.02932990 0.01027351 0.01496901 
303.00000000 0.67775371 0.14136775 0.07935456 0.04697247 0.02926774 0.01026160 0.01502217 
304.00000000 0.67774206 0.14096967 0.07961866 0.04713447 0.02921098 0.01024955 0.01507460 
305.00000000 0.67762732 0.14066909 0.07988522 0.04729505 0.02915963 0.01023738 0.01512631 
306.00000000 0.67741057 0.14046500 0.08015420 0.04745417 0.02911368 0.01022511 0.01517728 
307.00000000 0.67709302 0.14035621 0.08042559 0.04761178 0.02907313 0.01021273 0.01522754 
308.00000000 0.67667609 0.14034141 0.08069935 0.04776784 0.02903796 0.01020026 0.01527709 
309.00000000 0.67616130 0.14041914 0.08097545 0.04792232 0.02900817 0.01018769 0.01532594 
310.00000000 0.67555036 0.14058778 0.08125385 0.04807517 0.02898373 0.01017501 0.01537411 
311.00000000 0.67484512 0.14084559 0.08153449 0.04822635 0.02896462 0.01016221 0.01542161 
312.00000000 0.67404756 0.14119070 0.08181733 0.04837585 0.02895083 0.01014927 0.01546846 
313.00000000 0.67315981 0.14162109 0.08210232 0.04852361 0.02894232 0.01013617 0.01551467 
314.00000000 0.67218411 0.14213464 0.08238940 0.04866961 0.02893907 0.01012289 0.01556028 
315.00000000 0.67112286 0.14272910 0.08267850 0.04881381 0.02894105 0.01010939 0.01560530 
316.00000000 0.66997853 0.14340211 0.08296956 0.04895620 0.02894820 0.01009564 0.01564975 
317.00000000 0.66875376 0.14415119 0.08326252 0.04909675 0.02896050 0.01008162 0.01569366 
318.00000000 0.66745126 0.14497378 0.08355730 0.04923542 0.02897790 0.01006727 0.01573706 
319.00000000 0.66607385 0.14586720 0.08385385 0.04937221 0.02900034 0.01005257 0.01577997 
320.00000000 0.66462446 0.14682870 0.08415207 0.04950710 0.02902777 0.01003748 0.01582241 
321.00000000 0.66310608 0.14785542 0.08445192 0.04964007 0.02906014 0.01002195 0.01586442 
322.00000000 0.66152181 0.14894444 0.08475330 0.04977111 0.02909736 0.01000595 0.01590603 
323.00000000 0.65987482 0.15009276 0.08505614 0.04990021 0.02913939 0.00998942 0.01594725 
324.00000000 0.65816834 0.15129730 0.08536038 0.05002737 0.02918613 0.00997234 0.01598812 
325.00000000 0.65640568 0.15255493 0.08566594 0.05015259 0.02923752 0.00995466 0.01602867 
326.00000000 0.65459019 0.15386248 0.08597274 0.05027587 0.02929345 0.00993635 0.01606892 
327.00000000 0.65272528 0.15521670 0.08628072 0.05039721 0.02935385 0.00991736 0.01610889 
328.00000000 0.65081439 0.15661431 0.08658979 0.05051663 0.02941862 0.00989765 0.01614861 
329.00000000 0.64886103 0.15805199 0.08689988 0.05063414 0.02948764 0.00987721 0.01618811 
330.00000000 0.64686870 0.15952641 0.08721093 0.05074976 0.02956081 0.00985599 0.01622741 
331.00000000 0.64484096 0.16103418 0.08752286 0.05086350 0.02963802 0.00983396 0.01626652 
332.00000000 0.64278135 0.16257192 0.08783560 0.05097539 0.02971915 0.00981110 0.01630548 
333.00000000 0.64069345 0.16413623 0.08814909 0.05108547 0.02980407 0.00978740 0.01634430 
334.00000000 0.63858084 0.16572369 0.08846326 0.05119376 0.02989264 0.00976282 0.01638300 
335.00000000 0.63644708 0.16733090 0.08877805 0.05130030 0.02998472 0.00973736 0.01642159 
336.00000000 0.63429574 0.16895447 0.08909338 0.05140514 0.03008018 0.00971100 0.01646009 
337.00000000 0.63213037 0.17059099 0.08940921 0.05150831 0.03017886 0.00968374 0.01649851 
338.00000000 0.62995450 0.17223711 0.08972546 0.05160988 0.03028061 0.00965557 0.01653687 
339.00000000 0.62777164 0.17388948 0.09004208 0.05170988 0.03038526 0.00962651 0.01657517 
340.00000000 0.62558524 0.17554477 0.09035901 0.05180838 0.03049264 0.00959654 0.01661341 
341.00000000 0.62339875 0.17719971 0.09067619 0.05190544 0.03060259 0.00956569 0.01665162 
342.00000000 0.62121554 0.17885106 0.09099358 0.05200113 0.03071493 0.00953398 0.01668978 
343.00000000 0.61903897 0.18049563 0.09131112 0.05209550 0.03082947 0.00950141 0.01672790 
344.00000000 0.61687231 0.18213028 0.09162875 0.05218863 0.03094604 0.00946802 0.01676598 
345.00000000 0.61471878 0.18375191 0.09194644 0.05228060 0.03106443 0.00943383 0.01680402 
346.00000000 0.61258156 0.18535751 0.09226412 0.05237147 0.03118446 0.00939888 0.01684201 
347.00000000 0.61046372 0.18694411 0.09258176 0.05246134 0.03130592 0.00936320 0.01687995 
348.00000000 0.60836829 0.18850884 0.09289930 0.05255027 0.03142862 0.00932685 0.01691783 
349.00000000 0.60629820 0.19004887 0.09321671 0.05263836 0.03155236 0.00928986 0.01695565 
350.00000000 0.60425631 0.19156147 0.09353393 0.05272570 0.03167692 0.00925229 0.01699338 
351.00000000 0.60224539 0.19304400 0.09385094 0.05281236 0.03180210 0.00921419 0.01703103 
352.00000000 0.60026812 0.19449389 0.09416769 0.05289844 0.03192769 0.00917562 0.01706856 
353.00000000 0.59832708 0.19590866 0.09448413 0.05298403 0.03205347 0.00913664 0.01710598 
354.00000000 0.59642477 0.19728594 0.09480024 0.05306922 0.03217925 0.00909732 0.01714327 
355.00000000 0.59456356 0.19862344 0.09511597 0.05315411 0.03230480 0.00905772 0.01718040 
356.00000000 0.59274576 0.19991898 0.09543129 0.05323878 0.03242991 0.00901792 0.01721736 
357.00000000 0.59097353 0.20117048 0.09574616 0.05332333 0.03255438 0.00897799 0.01725413 
358.00000000 0.58924895 0.20237597 0.09606055 0.05340784 0.03267799 0.00893801 0.01729069 
359.00000000 0.58757398 0.20353357 0.09637442 0.05349243 0.03280054 0.00889805 0.01732702 
360.00000000 0.58595046 0.20464152 0.09668774 0.05357716 0.03292183 0.00885820 0.01736309 
361.00000000 0.58438013 0.20569818 0.09700048 0.05366214 0.03304164 0.00881853 0.01739890 
362.00000000 0.58286462 0.20670201 0.09731261 0.05374745 0.03315979 0.00877912 0.01743441 
363.00000000 0.58140541 0.20765158 0.09762410 0.05383317 0.03327607 0.00874007 0.01746960 
364.00000000 0.58000389 0.20854559 0.09793491 0.05391940 0.03339030 0.00870145 0.01750446 
365.00000000 0.57866133 0.20938284 0.09824502 0.05400621 0.03350230 0.00866334 0.01753895 
366.00000000 0.57737887 0.21016226 0.09855441 0.05409369 0.03361187 0.00862584 0.01757307 
367.00000000 0.57615753 0.21088289 0.09886303 0.05418190 0.03371884 0.00858902 0.01760679 
368.00000000 0.57499821 0.21154388 0.09917087 0.05427093 0.03382305 0.00855297 0.01764008 
369.00000000 0.57390171 0.21214450 0.09947790 0.05436084 0.03392434 0.00851777 0.01767294 
370.00000000 0.57286867 0.21268415 0.09978410 0.05445170 0.03402254 0.00848349 0.01770534 
371.00000000 0.57189965 0.21316234 0.10008943 0.05454357 0.03411752 0.00845022 0.01773726 
372.00000000 0.57099507 0.21357867 0.10039389 0.05463651 0.03420913 0.00841803 0.01776870 
373.00000000 0.57015524 0.21393289 0.10069743 0.05473058 0.03429723 0.00838700 0.01779962 
374.00000000 0.56938034 0.21422485 0.10100006 0.05482582 0.03438171 0.00835720 0.01783003 
375.00000000 0.56867044 0.21445451 0.10130173 0.05492227 0.03446245 0.00832869 0.01785990 
376.00000000 0.56802551 0.21462193 0.10160244 0.05501999 0.03453935 0.00830155 0.01788923 
377.00000000 0.56744539 0.21472730 0.10190216 0.05511900 0.03461230 0.00827584 0.01791800 
378.00000000 0.56692982 0.21477091 0.10220088 0.05521934 0.03468122 0.00825161 0.01794621 
379.00000000 0.56647841 0.21475314 0.10249859 0.05532103 0.03474603 0.00822893 0.01797386 
380.00000000 0.56609070 0.21467450 0.10279527 0.05542410 0.03480667 0.00820784 0.01800093 
381.00000000 0.56576609 0.21453557 0.10309090 0.05552856 0.03486308 0.00818839 0.01802742 
382.00000000 0.56550390 0.21433705 0.10338547 0.05563441 0.03491520 0.00817063 0.01805333 
383.00000000 0.56530334 0.21407974 0.10367898 0.05574168 0.03496300 0.00815460 0.01807867 
384.00000000 0.56516352 0.21376451 0.10397142 0.05585036 0.03500645 0.00814032 0.01810342 
385.00000000 0.56508346 0.21339233 0.10426277 0.05596045 0.03504553 0.00812784 0.01812761 
386.00000000 0.56506210 0.21296427 0.10455304 0.05607194 0.03508023 0.00811718 0.01815123 
387.00000000 0.56509828 0.21248147 0.10484222 0.05618482 0.03511056 0.00810835 0.01817428 
388.00000000 0.56519076 0.21194515 0.10513031 0.05629908 0.03513652 0.00810138 0.01819679 
389.00000000 0.56533821 0.21135662 0.10541731 0.05641469 0.03515814 0.00809628 0.01821875 
390.00000000 0.56553923 0.21071724 0.10570322 0.05653164 0.03517545 0.00809305 0.01824018 
391.00000000 0.56579234 0.21002846 0.10598804 0.05664988 0.03518848 0.00809170 0.01826109 
392.00000000 0.56609600 0.20929181 0.10627179 0.05676940 0.03519728 0.00809221 0.01828150 
393.00000000 0.56644860 0.20850884 0.10655446 0.05689016 0.03520192 0.00809460 0.01830142 
394.00000000 0.56684845 0.20768121 0.10683607 0.05701212 0.03520245 0.00809883 0.01832088 
395.00000000 0.56729382 0.20681059 0.10711663 0.05713524 0.03519894 0.00810490 0.01833988 
396.00000000 0.56778291 0.20589874 0.10739616 0.05725948 0.03519149 0.00811277 0.01835845 
397.00000000 0.56831388 0.20494744 0.10767466 0.05738479 0.03518018 0.00812243 0.01837660 
398.00000000 0.56888483 0.20395854 0.10795217 0.05751113 0.03516511 0.00813385 0.01839437 
399.00000000 0.56949383 0.20293392 0.10822868 0.05763845 0.03514637 0.00814698 0.01841177 
400.00000000 0.57013890 0.20187547 0.10850424 0.05776669 0.03512409 0.00816179 0.01842882 
401.00000000 0.57081802 0.20078517 0.10877885 0.05789581 0.03509837 0.00817823 0.01844555 
402.00000000 0.57152914 0.19966498 0.10905256 0.05802575 0.03506933 0.00819625 0.01846198 
403.00000000 0.57227020 0.19851691 0.10932537 0.05815646 0.03503711 0.00821581 0.01847814 
404.00000000 0.57303908 0.19734298 0.10959733 0.05828789 0.03500184 0.00823684 0.01849405 
405.00000000 0.57383367 0.19614523 0.10986846 0.05841998 0.03496364 0.00825928 0.01850974 
406.00000000 0.57465183 0.19492572 0.11013880 0.05855268 0.03492266 0.00828309 0.01852522 
407.00000000 0.57549141 0.19368652 0.11040837 0.05868593 0.03487905 0.00830818 0.01854053 
408.00000000 0.57635025 0.19242971 0.11067722 0.05881969 0.03483295 0.00833449 0.01855569 
409.00000000 0.57722619 0.19115735 0.11094539 0.05895390 0.03478451 0.00836194 0.01857073 
410.00000000 0.57811706 0.18987153 0.11121290 0.05908851 0.03473387 0.00839048 0.01858566 
411.00000000 0.57902070 0.18857432 0.11147980 0.05922347 0.03468120 0.00842001 0.01860051 
412.00000000 0.57993495 0.18726778 0.11174613 0.05935873 0.03462665 0.00845046 0.01861530 
413.00000000 0.58085767 0.18595397 0.11201193 0.05949425 0.03457037 0.00848176 0.01863006 
414.00000000 0.58178672 0.18463492 0.11227725 0.05962998 0.03451251 0.00851381 0.01864481 
415.00000000 0.58271998 0.18331266 0.11254213 0.05976588 0.03445324 0.00854655 0.01865957 
416.00000000 0.58365537 0.18198918 0.11280661 0.05990190 0.03439272 0.00857987 0.01867435 
417.00000000 0.58459080 0.18066647 0.11307074 0.06003802 0.03433108 0.00861371 0.01868918 
418.00000000 0.58552422 0.17934648 0.11333456 0.06017418 0.03426850 0.00864798 0.01870407 
419.00000000 0.58645364 0.17803112 0.11359813 0.06031037 0.03420512 0.00868259 0.01871905 
420.00000000 0.58737705 0.17672229 0.11386148 0.06044653 0.03414109 0.00871745 0.01873412 
421.00000000 0.58829251 0.17542182 0.11412466 0.06058266 0.03407656 0.00875248 0.01874930 
422.00000000 0.58919811 0.17413155 0.11438773 0.06071871 0.03401168 0.00878761 0.01876461 
423.00000000 0.59009198 0.17285324 0.11465073 0.06085467 0.03394659 0.00882273 0.01878006 
424.00000000 0.59097231 0.17158862 0.11491370 0.06099051 0.03388144 0.00885778 0.01879565 
425.00000000 0.59183731 0.17033938 0.11517669 0.06112620 0.03381636 0.00889266 0.01881140 
426.00000000 0.59268525 0.16910716 0.11543975 0.06126174 0.03375149 0.00892730 0.01882732 
427.00000000 0.59351445 0.16789354 0.11570292 0.06139711 0.03368695 0.00896161 0.01884341 
428.00000000 0.59432330 0.16670006 0.11596625 0.06153229 0.03362289 0.00899553 0.01885968 
429.00000000 0.59511022 0.16552820 0.11622979 0.06166727 0.03355941 0.00902897 0.01887614 
430.00000000 0.59587371 0.16437940 0.11649357 0.06180205 0.03349664 0.00906186 0.01889278 
431.00000000 0.59661230 0.16325501 0.11675764 0.06193660 0.03343470 0.00909413 0.01890962 
432.00000000 0.59732461 0.16215636 0.11702205 0.06207094 0.03337369 0.00912571 0.01892665 
433.00000000 0.59800931 0.16108469 0.11728682 0.06220505 0.03331372 0.00915653 0.01894387 
434.00000000 0.59866514 0.16004120 0.11755202 0.06233893 0.03325490 0.00918653 0.01896129 
435.00000000 0.59929089 0.15902701 0.11781766 0.06247257 0.03319733 0.00921564 0.01897890 
436.00000000 0.59988543 0.15804320 0.11808379 0.06260599 0.03314108 0.00924381 0.01899670 
437.00000000 0.60044769 0.15709076 0.11835044 0.06273917 0.03308626 0.00927098 0.01901469 
438.00000000 0.60097668 0.15617063 0.11861766 0.06287212 0.03303295 0.00929710 0.01903286 
439.00000000 0.60147147 0.15528368 0.11888546 0.06300484 0.03298122 0.00932212 0.01905121 
