0.00000000 1.00000000 0.00000000 -0.00000000 0.00000000 0.00000000 0.00000000 0.00000000 
1.00000000 0.99968475 0.00022143 0.00001542 0.00001353 0.00004839 0.00001065 0.00000581 
2.00000000 0.99895435 0.00073511 0.00005115 0.00004481 0.00016021 0.00003519 0.00001917 
3.00000000 0.99783933 0.00152059 0.00010567 0.00009242 0.00033029 0.00007238 0.00003933 
4.00000000 0.99636634 0.00256026 0.00017767 0.00015508 0.00055401 0.00012107 0.00006557 
5.00000000 0.99455952 0.00383844 0.00026596 0.00023163 0.00082709 0.00018016 0.00009720 
6.00000000 0.99244137 0.00534065 0.00036943 0.00032095 0.00114545 0.00024861 0.00013354 
7.00000000 0.99003329 0.00705327 0.00048702 0.00042199 0.00150513 0.00032537 0.00017392 
8.00000000 0.98735594 0.00896320 0.00061774 0.00053372 0.00190229 0.00040945 0.00021766 
9.00000000 0.98442946 0.01105775 0.00076058 0.00065512 0.00233313 0.00049986 0.00026410 
10.00000000 0.98127355 0.01332451 0.00091460 0.00078521 0.00279390 0.00059563 0.00031259 
11.00000000 0.97790760 0.01575127 0.00107886 0.00092302 0.00328093 0.00069582 0.00036250 
12.00000000 0.97435061 0.01832599 0.00125243 0.00106761 0.00379060 0.00079952 0.00041323 
13.00000000 0.97062125 0.02103684 0.00143444 0.00121808 0.00431933 0.00090587 0.00046419 
14.00000000 0.96673780 0.02387213 0.00162399 0.00137352 0.00486367 0.00101405 0.00051484 
15.00000000 0.96271811 0.02682034 0.00182026 0.00153310 0.00542025 0.00112327 0.00056467 
16.00000000 0.95857957 0.02987018 0.00202243 0.00169600 0.00598578 0.00123283 0.00061322 
17.00000000 0.95433903 0.03301054 0.00222971 0.00186145 0.00655713 0.00134206 0.00066007 
18.00000000 0.95001281 0.03623058 0.00244136 0.00202871 0.00713130 0.00145037 0.00070487 
19.00000000 0.94561658 0.03951970 0.00265666 0.00219711 0.00770543 0.00155723 0.00074730 
20.00000000 0.94116536 0.04286759 0.00287494 0.00236601 0.00827682 0.00166217 0.00078711 
21.00000000 0.93667348 0.04626425 0.00309556 0.00253484 0.00884296 0.00176481 0.00082409 
22.00000000 0.93215457 0.04970000 0.00331793 0.00270307 0.00940150 0.00186483 0.00085811 
23.00000000 0.92762145 0.05316550 0.00354149 0.00287022 0.00995029 0.00196197 0.00088907 
24.00000000 0.92308622 0.05665180 0.00376574 0.00303589 0.01048737 0.00205605 0.00091694 
25.00000000 0.91856016 0.06015030 0.00399020 0.00319971 0.01101096 0.00214693 0.00094173 
26.00000000 0.91405375 0.06365282 0.00421445 0.00336139 0.01151951 0.00223458 0.00096351 
27.00000000 0.90957668 0.06715155 0.00443811 0.00352067 0.01201164 0.00231897 0.00098239 
28.00000000 0.90513781 0.07063912 0.00466084 0.00367736 0.01248618 0.00240017 0.00099852 
29.00000000 0.90074524 0.07410858 0.00488234 0.00383132 0.01294217 0.00247827 0.00101209 
30.00000000 0.89640625 0.07755340 0.00510234 0.00398246 0.01337882 0.00255341 0.00102332 
31.00000000 0.89212738 0.08096747 0.00532063 0.00413074 0.01379554 0.00262578 0.00103246 
32.00000000 0.88791441 0.08434512 0.00553702 0.00427616 0.01419193 0.00269558 0.00103978 
33.00000000 0.88377238 0.08768112 0.00575136 0.00441878 0.01456773 0.00276306 0.00104557 
34.00000000 0.87970566 0.09097065 0.00596352 0.00455868 0.01492290 0.00282846 0.00105014 
35.00000000 0.87571792 0.09420930 0.00617342 0.00469599 0.01525751 0.00289207 0.00105379 
36.00000000 0.87181221 0.09739311 0.00638100 0.00483087 0.01557181 0.00295415 0.00105685 
37.00000000 0.86799099 0.10051850 0.00658622 0.00496352 0.01586616 0.00301499 0.00105961 
38.00000000 0.86425612 0.10358230 0.00678908 0.00509414 0.01614106 0.00307488 0.00106241 
39.00000000 0.86060895 0.10658173 0.00698958 0.00522300 0.01639714 0.00313407 0.00106552 
40.00000000 0.85705034 0.10951438 0.00718775 0.00535034 0.01663510 0.00319284 0.00106924 
41.00000000 0.85358066 0.11237821 0.00738364 0.00547646 0.01685577 0.00325143 0.00107384 
42.00000000 0.85019990 0.11517153 0.00757731 0.00560164 0.01706001 0.00331005 0.00107956 
43.00000000 0.84690764 0.11789298 0.00776884 0.00572619 0.01724880 0.00336892 0.00108663 
44.00000000 0.84370312 0.12054154 0.00795831 0.00585043 0.01742314 0.00342820 0.00109526 
45.00000000 0.84058526 0.12311648 0.00814582 0.00597466 0.01758409 0.00348806 0.00110563 
46.00000000 0.83755273 0.12561736 0.00833146 0.00609921 0.01773273 0.00354862 0.00111790 
47.00000000 0.83460392 0.12804403 0.00851534 0.00622439 0.01787019 0.00360996 0.00113218 
48.00000000 0.83173703 0.13039657 0.00869758 0.00635052 0.01799758 0.00367215 0.00114857 
49.00000000 0.82895006 0.13267533 0.00887829 0.00647789 0.01811604 0.00373523 0.00116716 
50.00000000 0.82624088 0.13488085 0.00905758 0.00660682 0.01822667 0.00379921 0.00118800 
51.00000000 0.82360721 0.13701392 0.00923556 0.00673758 0.01833058 0.00386406 0.00121109 
52.00000000 0.82104669 0.13907546 0.00941236 0.00687044 0.01842885 0.00392974 0.00123645 
53.00000000 0.81855685 0.14106662 0.00958808 0.00700568 0.01852254 0.00399618 0.00126404 
54.00000000 0.81613519 0.14298867 0.00976284 0.00714354 0.01861264 0.00406329 0.00129383 
55.00000000 0.81377917 0.14484302 0.00993673 0.00728425 0.01870013 0.00413095 0.00132575 
56.00000000 0.81148621 0.14663122 0.01010986 0.00742801 0.01878593 0.00419904 0.00135973 
57.00000000 0.80925374 0.14835490 0.01028233 0.00757504 0.01887091 0.00426741 0.00139567 
58.00000000 0.80707919 0.15001582 0.01045423 0.00772550 0.01895586 0.00433591 0.00143347 
59.00000000 0.80496004 0.15161579 0.01062565 0.00787957 0.01904156 0.00440439 0.00147301 
60.00000000 0.80289377 0.15315668 0.01079667 0.00803737 0.01912867 0.00447266 0.00151417 
61.00000000 0.80087793 0.15464043 0.01096737 0.00819904 0.01921784 0.00454057 0.00155682 
62.00000000 0.79891010 0.15606900 0.01113782 0.00836468 0.01930961 0.00460794 0.00160084 
63.00000000 0.79698794 0.15744440 0.01130808 0.00853438 0.01940450 0.00467460 0.00164610 
64.00000000 0.79510915 0.15876861 0.01147822 0.00870821 0.01950294 0.00474041 0.00169245 
65.00000000 0.79327154 0.16004367 0.01164829 0.00888623 0.01960530 0.00480520 0.00173978 
66.00000000 0.79147294 0.16127157 0.01181834 0.00906848 0.01971188 0.00486883 0.00178796 
67.00000000 0.78971131 0.16245431 0.01198841 0.00925498 0.01982295 0.00493117 0.00183687 
68.00000000 0.78798465 0.16359385 0.01215855 0.00944574 0.01993870 0.00499211 0.00188640 
69.00000000 0.78629107 0.16469213 0.01232878 0.00964076 0.02005926 0.00505154 0.00193645 
70.00000000 0.78462873 0.16575106 0.01249913 0.00984002 0.02018473 0.00510939 0.00198693 
71.00000000 0.78299591 0.16677249 0.01266964 0.01004350 0.02031514 0.00516558 0.00203773 
72.00000000 0.78139092 0.16775823 0.01284032 0.01025115 0.02045050 0.00522007 0.00208880 
73.00000000 0.77981221 0.16871004 0.01301117 0.01046293 0.02059076 0.00527283 0.00214006 
74.00000000 0.77825826 0.16962962 0.01318223 0.01067878 0.02073584 0.00532383 0.00219145 
75.00000000 0.77672765 0.17051860 0.01335348 0.01089864 0.02088561 0.00537310 0.00224293 
76.00000000 0.77521903 0.17137857 0.01352494 0.01112244 0.02103994 0.00542064 0.00229444 
77.00000000 0.77373114 0.17221104 0.01369660 0.01135009 0.02119864 0.00546651 0.00234598 
78.00000000 0.77226277 0.17301747 0.01386846 0.01158152 0.02136154 0.00551074 0.00239750 
79.00000000 0.77081279 0.17379922 0.01404051 0.01181664 0.02152841 0.00555342 0.00244900 
80.00000000 0.76938015 0.17455763 0.01421273 0.01205537 0.02169904 0.00559463 0.00250046 
81.00000000 0.76796384 0.17529393 0.01438513 0.01229760 0.02187317 0.00563445 0.00255188 
82.00000000 0.76656294 0.17600932 0.01455767 0.01254324 0.02205057 0.00567300 0.00260326 
83.00000000 0.76517657 0.17670491 0.01473033 0.01279220 0.02223099 0.00571039 0.00265461 
84.00000000 0.76380393 0.17738176 0.01490310 0.01304439 0.02241416 0.00574674 0.00270592 
85.00000000 0.76244425 0.17804087 0.01507594 0.01329969 0.02259985 0.00578218 0.00275722 
86.00000000 0.76109683 0.17868318 0.01524884 0.01355802 0.02278780 0.00581682 0.00280851 
87.00000000 0.75976102 0.17930957 0.01542175 0.01381929 0.02297777 0.00585082 0.00285979 
88.00000000 0.75843621 0.17992086 0.01559465 0.01408338 0.02316952 0.00588429 0.00291109 
89.00000000 0.75712186 0.18051782 0.01576750 0.01435021 0.02336284 0.00591738 0.00296240 
90.00000000 0.75581743 0.18110119 0.01594026 0.01461969 0.02355749 0.00595020 0.00301374 
91.00000000 0.75452247 0.18167165 0.01611290 0.01489171 0.02375329 0.00598288 0.00306510 
92.00000000 0.75323652 0.18222983 0.01628537 0.01516620 0.02395004 0.00601555 0.00311649 
93.00000000 0.75195920 0.18277632 0.01645764 0.01544306 0.02414757 0.00604831 0.00316790 
94.00000000 0.75069014 0.18331170 0.01662967 0.01572220 0.02434570 0.00608126 0.00321933 
95.00000000 0.74942900 0.18383648 0.01680140 0.01600354 0.02454431 0.00611451 0.00327076 
96.00000000 0.74817547 0.18435116 0.01697280 0.01628699 0.02474325 0.00614815 0.00332218 
97.00000000 0.74692928 0.18485621 0.01714383 0.01657247 0.02494240 0.00618224 0.00337357 
98.00000000 0.74569017 0.18535206 0.01731443 0.01685990 0.02514167 0.00621685 0.00342491 
99.00000000 0.74445791 0.18583914 0.01748457 0.01714919 0.02534097 0.00625205 0.00347618 
100.00000000 0.74323227 0.18631785 0.01765420 0.01744026 0.02554021 0.00628788 0.00352734 
101.00000000 0.74201307 0.18678855 0.01782327 0.01773304 0.02573934 0.00632437 0.00357835 
102.00000000 0.74080012 0.18725163 0.01799175 0.01802745 0.02593831 0.00636155 0.00362919 
103.00000000 0.73959325 0.18770742 0.01815960 0.01832340 0.02613707 0.00639944 0.00367982 
104.00000000 0.73839231 0.18815626 0.01832676 0.01862083 0.02633560 0.00643805 0.00373019 
105.00000000 0.73719715 0.18859848 0.01849320 0.01891965 0.02653388 0.00647736 0.00378027 
106.00000000 0.73600764 0.18903441 0.01865888 0.01921978 0.02673190 0.00651737 0.00383001 
107.00000000 0.73482364 0.18946434 0.01882377 0.01952114 0.02692966 0.00655807 0.00387938 
108.00000000 0.73364503 0.18988859 0.01898783 0.01982367 0.02712715 0.00659941 0.00392832 
109.00000000 0.73247169 0.19030745 0.01915102 0.02012727 0.02732439 0.00664137 0.00397681 
110.00000000 0.73130349 0.19072122 0.01931332 0.02043186 0.02752138 0.00668392 0.00402481 
111.00000000 0.73014033 0.19113019 0.01947469 0.02073737 0.02771815 0.00672701 0.00407226 
112.00000000 0.72898209 0.19153465 0.01963511 0.02104370 0.02791470 0.00677059 0.00411916 
113.00000000 0.72782865 0.19193487 0.01979455 0.02135079 0.02811107 0.00681462 0.00416545 
114.00000000 0.72667991 0.19233114 0.01995300 0.02165853 0.02830727 0.00685903 0.00421112 
115.00000000 0.72553574 0.19272374 0.02011042 0.02196685 0.02850331 0.00690379 0.00425614 
116.00000000 0.72439603 0.19311295 0.02026682 0.02227564 0.02869923 0.00694884 0.00430049 
117.00000000 0.72326067 0.19349902 0.02042216 0.02258484 0.02889503 0.00699413 0.00434415 
118.00000000 0.72212953 0.19388224 0.02057644 0.02289433 0.02909073 0.00703960 0.00438713 
119.00000000 0.72100250 0.19426287 0.02072964 0.02320404 0.02928635 0.00708520 0.00442940 
120.00000000 0.71987946 0.19464116 0.02088177 0.02351386 0.02948189 0.00713090 0.00447096 
121.00000000 0.71876029 0.19501736 0.02103282 0.02382370 0.02967736 0.00717664 0.00451183 
122.00000000 0.71764486 0.19539174 0.02118278 0.02413346 0.02987277 0.00722238 0.00455201 
123.00000000 0.71653306 0.19576453 0.02133165 0.02444305 0.03006811 0.00726808 0.00459151 
124.00000000 0.71542478 0.19613597 0.02147945 0.02475236 0.03026338 0.00731372 0.00463034 
125.00000000 0.71431988 0.19650629 0.02162616 0.02506130 0.03045857 0.00735926 0.00466854 
126.00000000 0.71321826 0.19687571 0.02177181 0.02536976 0.03065367 0.00740467 0.00470611 
127.00000000 0.71211980 0.19724444 0.02191639 0.02567765 0.03084867 0.00744993 0.00474310 
128.00000000 0.71102440 0.19761269 0.02205992 0.02598487 0.03104355 0.00749503 0.00477954 
129.00000000 0.70993195 0.19798065 0.02220241 0.02629130 0.03123828 0.00753995 0.00481545 
130.00000000 0.70884235 0.19834851 0.02234387 0.02659686 0.03143284 0.00758469 0.00485088 
131.00000000 0.70775550 0.19871643 0.02248432 0.02690145 0.03162720 0.00762923 0.00488587 
132.00000000 0.70667133 0.19908458 0.02262377 0.02720496 0.03182134 0.00767358 0.00492045 
133.00000000 0.70558974 0.19945310 0.02276224 0.02750730 0.03201522 0.00771773 0.00495468 
134.00000000 0.70451066 0.19982214 0.02289975 0.02780836 0.03220881 0.00776169 0.00498859 
135.00000000 0.70343404 0.20019181 0.02303632 0.02810807 0.03240207 0.00780547 0.00502223 
136.00000000 0.70235981 0.20056223 0.02317196 0.02840632 0.03259496 0.00784907 0.00505564 
137.00000000 0.70128794 0.20093349 0.02330670 0.02870302 0.03278746 0.00789251 0.00508888 
138.00000000 0.70021838 0.20130568 0.02344055 0.02899810 0.03297952 0.00793580 0.00512198 
139.00000000 0.69915110 0.20167887 0.02357354 0.02929145 0.03317111 0.00797895 0.00515498 
140.00000000 0.69808610 0.20205311 0.02370568 0.02958301 0.03336219 0.00802198 0.00518794 
141.00000000 0.69702337 0.20242845 0.02383700 0.02987268 0.03355272 0.00806490 0.00522088 
142.00000000 0.69596290 0.20280491 0.02396752 0.03016041 0.03374267 0.00810773 0.00525385 
143.00000000 0.69490473 0.20318252 0.02409725 0.03044611 0.03393202 0.00815048 0.00528689 
144.00000000 0.69384887 0.20356128 0.02422621 0.03072972 0.03412072 0.00819317 0.00532003 
145.00000000 0.69279536 0.20394117 0.02435443 0.03101118 0.03430875 0.00823581 0.00535330 
146.00000000 0.69174424 0.20432217 0.02448192 0.03129043 0.03449608 0.00827841 0.00538673 
147.00000000 0.69069558 0.20470426 0.02460871 0.03156742 0.03468270 0.00832099 0.00542035 
148.00000000 0.68964943 0.20508737 0.02473480 0.03184210 0.03486856 0.00836356 0.00545418 
149.00000000 0.68860587 0.20547146 0.02486022 0.03211442 0.03505367 0.00840612 0.00548824 
150.00000000 0.68756498 0.20585645 0.02498498 0.03238435 0.03523800 0.00844868 0.00552256 
151.00000000 0.68652684 0.20624227 0.02510910 0.03265186 0.03542153 0.00849126 0.00555714 
152.00000000 0.68549155 0.20662882 0.02523260 0.03291691 0.03560427 0.00853384 0.00559201 
153.00000000 0.68445921 0.20701601 0.02535549 0.03317948 0.03578620 0.00857644 0.00562717 
154.00000000 0.68342993 0.20740374 0.02547779 0.03343955 0.03596731 0.00861905 0.00566263 
155.00000000 0.68240381 0.20779188 0.02559951 0.03369712 0.03614761 0.00866168 0.00569839 
156.00000000 0.68138097 0.20818031 0.02572066 0.03395218 0.03632710 0.00870432 0.00573447 
157.00000000 0.68036152 0.20856891 0.02584125 0.03420471 0.03650578 0.00874697 0.00577086 
158.00000000 0.67934558 0.20895754 0.02596131 0.03445474 0.03668365 0.00878962 0.00580756 
159.00000000 0.67833327 0.20934607 0.02608083 0.03470226 0.03686074 0.00883226 0.00584456 
160.00000000 0.67732470 0.20973434 0.02619984 0.03494729 0.03703705 0.00887490 0.00588188 
161.00000000 0.67632000 0.21012222 0.02631835 0.03518984 0.03721259 0.00891752 0.00591949 
162.00000000 0.67531928 0.21050954 0.02643636 0.03542994 0.03738738 0.00896011 0.00595739 
163.00000000 0.67432264 0.21089616 0.02655389 0.03566762 0.03756145 0.00900267 0.00599558 
164.00000000 0.67333022 0.21128191 0.02667095 0.03590290 0.03773480 0.00904518 0.00603405 
165.00000000 0.67234210 0.21166665 0.02678754 0.03613583 0.03790746 0.00908763 0.00607279 
166.00000000 0.67135840 0.21205022 0.02690369 0.03636643 0.03807946 0.00913002 0.00611178 
167.00000000 0.67037921 0.21243245 0.02701940 0.03659476 0.03825082 0.00917234 0.00615102 
168.00000000 0.66940463 0.21281319 0.02713467 0.03682087 0.03842156 0.00921457 0.00619051 
169.00000000 0.66843475 0.21319229 0.02724953 0.03704479 0.03859171 0.00925671 0.00623022 
170.00000000 0.66746965 0.21356958 0.02736398 0.03726659 0.03876129 0.00929875 0.00627016 
171.00000000 0.66650940 0.21394492 0.02747803 0.03748631 0.03893034 0.00934068 0.00631030 
172.00000000 0.66555409 0.21431816 0.02759169 0.03770403 0.03909888 0.00938250 0.00635065 
173.00000000 0.66460376 0.21468915 0.02770498 0.03791979 0.03926694 0.00942419 0.00639119 
174.00000000 0.66365847 0.21505775 0.02781789 0.03813365 0.03943454 0.00946577 0.00643192 
175.00000000 0.66271829 0.21542381 0.02793045 0.03834569 0.03960171 0.00950721 0.00647283 
176.00000000 0.66178324 0.21578720 0.02804267 0.03855597 0.03976848 0.00954852 0.00651391 
177.00000000 0.66085338 0.21614780 0.02815455 0.03876455 0.03993487 0.00958969 0.00655516 
178.00000000 0.65992871 0.21650547 0.02826611 0.03897150 0.04010091 0.00963073 0.00659657 
179.00000000 0.65900928 0.21686009 0.02837735 0.03917689 0.04026662 0.00967164 0.00663814 
180.00000000 0.65809510 0.21721155 0.02848829 0.03938078 0.04043202 0.00971241 0.00667986 
181.00000000 0.65718617 0.21755973 0.02859894 0.03958325 0.04059713 0.00975304 0.00672174 
182.00000000 0.65628250 0.21790453 0.02870932 0.03978435 0.04076198 0.00979354 0.00676377 
183.00000000 0.65538410 0.21824586 0.02881942 0.03998417 0.04092658 0.00983392 0.00680595 
184.00000000 0.65449095 0.21858361 0.02892927 0.04018276 0.04109096 0.00987416 0.00684829 
185.00000000 0.65360304 0.21891771 0.02903887 0.04038020 0.04125512 0.00991428 0.00689077 
186.00000000 0.65272036 0.21924806 0.02914825 0.04057654 0.04141909 0.00995429 0.00693341 
187.00000000 0.65184288 0.21957460 0.02925740 0.04077186 0.04158287 0.00999418 0.00697621 
188.00000000 0.65097059 0.21989726 0.02936634 0.04096621 0.04174648 0.01003396 0.00701916 
189.00000000 0.65010345 0.22021596 0.02947508 0.04115965 0.04190993 0.01007364 0.00706228 
190.00000000 0.64924143 0.22053067 0.02958364 0.04135226 0.04207323 0.01011321 0.00710556 
191.00000000 0.64838450 0.22084132 0.02969202 0.04154408 0.04223638 0.01015269 0.00714901 
192.00000000 0.64753262 0.22114788 0.02980024 0.04173517 0.04239938 0.01019208 0.00719264 
193.00000000 0.64668574 0.22145030 0.02990830 0.04192558 0.04256225 0.01023138 0.00723645 
194.00000000 0.64584383 0.22174855 0.03001623 0.04211537 0.04272499 0.01027059 0.00728044 
195.00000000 0.64500685 0.22204261 0.03012403 0.04230459 0.04288759 0.01030973 0.00732461 
196.00000000 0.64417474 0.22233245 0.03023170 0.04249329 0.04305005 0.01034879 0.00736898 
197.00000000 0.64334746 0.22261806 0.03033927 0.04268151 0.04321238 0.01038777 0.00741355 
198.00000000 0.64252496 0.22289943 0.03044675 0.04286930 0.04337457 0.01042667 0.00745832 
199.00000000 0.64170719 0.22317656 0.03055413 0.04305669 0.04353662 0.01046550 0.00750330 
200.00000000 0.64089411 0.22344944 0.03066144 0.04324373 0.04369851 0.01050427 0.00754850 
201.00000000 0.64008567 0.22371809 0.03076869 0.04343045 0.04386025 0.01054295 0.00759390 
202.00000000 0.63928181 0.22398251 0.03087587 0.04361689 0.04402182 0.01058157 0.00763953 
203.00000000 0.63848248 0.22424272 0.03098302 0.04380308 0.04418322 0.01062011 0.00768538 
204.00000000 0.63768764 0.22449873 0.03109012 0.04398904 0.04434444 0.01065857 0.00773146 
205.00000000 0.63689723 0.22475058 0.03119719 0.04417482 0.04450546 0.01069696 0.00777777 
206.00000000 0.63611121 0.22499829 0.03130424 0.04436042 0.04466627 0.01073526 0.00782431 
207.00000000 0.63532952 0.22524188 0.03141128 0.04454588 0.04482686 0.01077348 0.00787108 
208.00000000 0.63455212 0.22548140 0.03151832 0.04473122 0.04498723 0.01081162 0.00791809 
209.00000000 0.63377896 0.22571689 0.03162536 0.04491645 0.04514735 0.01084966 0.00796533 
210.00000000 0.63300999 0.22594838 0.03173241 0.04510159 0.04530721 0.01088762 0.00801281 
211.00000000 0.63224515 0.22617593 0.03183948 0.04528666 0.04546680 0.01092547 0.00806052 
212.00000000 0.63148441 0.22639957 0.03194657 0.04547166 0.04562610 0.01096322 0.00810846 
213.00000000 0.63072772 0.22661936 0.03205369 0.04565662 0.04578510 0.01100087 0.00815664 
214.00000000 0.62997502 0.22683535 0.03216085 0.04584154 0.04594379 0.01103840 0.00820505 
215.00000000 0.62922628 0.22704760 0.03226805 0.04602642 0.04610214 0.01107583 0.00825368 
216.00000000 0.62848144 0.22725616 0.03237530 0.04621128 0.04626015 0.01111314 0.00830254 
217.00000000 0.62774046 0.22746109 0.03248259 0.04639611 0.04641781 0.01115033 0.00835161 
218.00000000 0.62700329 0.22766245 0.03258995 0.04658093 0.04657508 0.01118739 0.00840091 
219.00000000 0.62626989 0.22786030 0.03269736 0.04676573 0.04673197 0.01122434 0.00845041 
220.00000000 0.62554021 0.22805471 0.03280483 0.04695051 0.04688846 0.01126116 0.00850012 
221.00000000 0.62481421 0.22824574 0.03291237 0.04713528 0.04704454 0.01129785 0.00855003 
222.00000000 0.62409184 0.22843344 0.03301997 0.04732002 0.04720018 0.01133442 0.00860013 
223.00000000 0.62337305 0.22861790 0.03312765 0.04750475 0.04735539 0.01137086 0.00865041 
224.00000000 0.62265781 0.22879916 0.03323540 0.04768944 0.04751014 0.01140717 0.00870088 
225.00000000 0.62194607 0.22897731 0.03334321 0.04787411 0.04766443 0.01144336 0.00875151 
226.00000000 0.62123778 0.22915239 0.03345111 0.04805874 0.04781825 0.01147943 0.00880231 
227.00000000 0.62053289 0.22932449 0.03355907 0.04824332 0.04797158 0.01151537 0.00885326 
228.00000000 0.61983138 0.22949367 0.03366711 0.04842786 0.04812442 0.01155120 0.00890437 
229.00000000 0.61913319 0.22965999 0.03377523 0.04861234 0.04827675 0.01158691 0.00895560 
230.00000000 0.61843827 0.22982352 0.03388341 0.04879675 0.04842857 0.01162252 0.00900697 
231.00000000 0.61774659 0.22998432 0.03399167 0.04898108 0.04857986 0.01165802 0.00905845 
232.00000000 0.61705811 0.23014246 0.03409999 0.04916533 0.04873064 0.01169343 0.00911005 
233.00000000 0.61637277 0.23029800 0.03420839 0.04934948 0.04888087 0.01172874 0.00916174 
234.00000000 0.61569055 0.23045101 0.03431684 0.04953353 0.04903057 0.01176397 0.00921353 
235.00000000 0.61501139 0.23060154 0.03442536 0.04971747 0.04917972 0.01179912 0.00926540 
236.00000000 0.61433526 0.23074967 0.03453394 0.04990127 0.04932833 0.01183419 0.00931734 
237.00000000 0.61366212 0.23089544 0.03464258 0.05008494 0.04947638 0.01186921 0.00936934 
238.00000000 0.61299192 0.23103893 0.03475126 0.05026846 0.04962387 0.01190417 0.00942139 
239.00000000 0.61232463 0.23118018 0.03485999 0.05045181 0.04977081 0.01193909 0.00947349 
240.00000000 0.61166021 0.23131926 0.03496877 0.05063500 0.04991718 0.01197396 0.00952562 
241.00000000 0.61099862 0.23145622 0.03507758 0.05081800 0.05006299 0.01200881 0.00957777 
242.00000000 0.61033983 0.23159112 0.03518643 0.05100080 0.05020823 0.01204364 0.00962994 
243.00000000 0.60968380 0.23172401 0.03529530 0.05118340 0.05035292 0.01207846 0.00968212 
244.00000000 0.60903049 0.23185494 0.03540420 0.05136577 0.05049703 0.01211327 0.00973430 
245.00000000 0.60837987 0.23198396 0.03551311 0.05154791 0.05064059 0.01214809 0.00978646 
246.00000000 0.60773191 0.23211113 0.03562204 0.05172981 0.05078358 0.01218292 0.00983861 
247.00000000 0.60708657 0.23223649 0.03573096 0.05191145 0.05092601 0.01221778 0.00989074 
248.00000000 0.60644382 0.23236008 0.03583989 0.05209283 0.05106788 0.01225267 0.00994283 
249.00000000 0.60580364 0.23248196 0.03594881 0.05227392 0.05120920 0.01228760 0.00999488 
250.00000000 0.60516599 0.23260216 0.03605771 0.05245473 0.05134995 0.01232257 0.01004688 
251.00000000 0.60453085 0.23272073 0.03616660 0.05263523 0.05149016 0.01235760 0.01009883 
252.00000000 0.60389819 0.23283771 0.03627545 0.05281541 0.05162982 0.01239268 0.01015073 
253.00000000 0.60326798 0.23295314 0.03638428 0.05299527 0.05176893 0.01242784 0.01020256 
254.00000000 0.60264020 0.23306706 0.03649306 0.05317479 0.05190749 0.01246307 0.01025432 
255.00000000 0.60201482 0.23317950 0.03660179 0.05335397 0.05204552 0.01249838 0.01030602 
256.00000000 0.60139183 0.23329050 0.03671048 0.05353278 0.05218302 0.01253377 0.01035763 
257.00000000 0.60077119 0.23340008 0.03681910 0.05371123 0.05231998 0.01256926 0.01040916 
258.00000000 0.60015290 0.23350830 0.03692766 0.05388929 0.05245642 0.01260483 0.01046061 
259.00000000 0.59953692 0.23361516 0.03703614 0.05406697 0.05259233 0.01264051 0.01051197 
260.00000000 0.59892324 0.23372072 0.03714455 0.05424424 0.05272772 0.01267629 0.01056324 
261.00000000 0.59831185 0.23382498 0.03725287 0.05442110 0.05286260 0.01271217 0.01061443 
262.00000000 0.59770272 0.23392798 0.03736110 0.05459755 0.05299697 0.01274817 0.01066551 
263.00000000 0.59709584 0.23402975 0.03746923 0.05477356 0.05313084 0.01278427 0.01071651 
264.00000000 0.59649119 0.23413031 0.03757727 0.05494913 0.05326421 0.01282049 0.01076740 
265.00000000 0.59588877 0.23422968 0.03768519 0.05512426 0.05339708 0.01285682 0.01081821 
266.00000000 0.59528855 0.23432788 0.03779301 0.05529892 0.05352946 0.01289327 0.01086891 
267.00000000 0.59469052 0.23442494 0.03790071 0.05547313 0.05366135 0.01292983 0.01091952 
268.00000000 0.59409468 0.23452087 0.03800828 0.05564685 0.05379277 0.01296652 0.01097003 
269.00000000 0.59350100 0.23461570 0.03811573 0.05582010 0.05392370 0.01300332 0.01102045 
270.00000000 0.59290948 0.23470944 0.03822305 0.05599285 0.05405417 0.01304024 0.01107077 
271.00000000 0.59232010 0.23480210 0.03833024 0.05616511 0.05418417 0.01307728 0.01112100 
272.00000000 0.59173287 0.23489371 0.03843729 0.05633686 0.05431370 0.01311444 0.01117113 
273.00000000 0.59114775 0.23498428 0.03854420 0.05650810 0.05444278 0.01315171 0.01122117 
274.00000000 0.59056476 0.23507382 0.03865096 0.05667882 0.05457141 0.01318911 0.01127112 
275.00000000 0.58998388 0.23516234 0.03875758 0.05684902 0.05469959 0.01322661 0.01132099 
276.00000000 0.58940509 0.23524987 0.03886404 0.05701868 0.05482732 0.01326423 0.01137076 
277.00000000 0.58882840 0.23533640 0.03897036 0.05718780 0.05495462 0.01330197 0.01142046 
278.00000000 0.58825379 0.23542195 0.03907652 0.05735638 0.05508148 0.01333981 0.01147006 
279.00000000 0.58768126 0.23550653 0.03918252 0.05752442 0.05520792 0.01337777 0.01151959 
280.00000000 0.58711079 0.23559015 0.03928836 0.05769189 0.05533393 0.01341583 0.01156904 
281.00000000 0.58654239 0.23567282 0.03939405 0.05785881 0.05545952 0.01345400 0.01161841 
282.00000000 0.58597605 0.23575454 0.03949957 0.05802516 0.05558470 0.01349227 0.01166770 
283.00000000 0.58541175 0.23583533 0.03960494 0.05819094 0.05570947 0.01353064 0.01171692 
284.00000000 0.58484949 0.23591520 0.03971014 0.05835615 0.05583384 0.01356911 0.01176607 
285.00000000 0.58428927 0.23599414 0.03981518 0.05852079 0.05595780 0.01360768 0.01181515 
286.00000000 0.58373108 0.23607217 0.03992005 0.05868484 0.05608137 0.01364634 0.01186416 
287.00000000 0.58317490 0.23614929 0.04002477 0.05884831 0.05620454 0.01368509 0.01191310 
288.00000000 0.58262075 0.23622551 0.04012932 0.05901119 0.05632733 0.01372393 0.01196198 
289.00000000 0.58206860 0.23630083 0.04023371 0.05917348 0.05644974 0.01376285 0.01201079 
290.00000000 0.58151846 0.23637526 0.04033793 0.05933518 0.05657177 0.01380185 0.01205954 
291.00000000 0.58097031 0.23644881 0.04044200 0.05949629 0.05669343 0.01384093 0.01210823 
292.00000000 0.58042415 0.23652147 0.04054591 0.05965680 0.05681472 0.01388009 0.01215686 
293.00000000 0.57987998 0.23659327 0.04064965 0.05981671 0.05693564 0.01391932 0.01220543 
294.00000000 0.57933778 0.23666419 0.04075324 0.05997603 0.05705621 0.01395862 0.01225394 
295.00000000 0.57879756 0.23673424 0.04085667 0.06013474 0.05717642 0.01399798 0.01230240 
296.00000000 0.57825930 0.23680344 0.04095995 0.06029285 0.05729627 0.01403740 0.01235079 
297.00000000 0.57772299 0.23687178 0.04106307 0.06045036 0.05741578 0.01407688 0.01239914 
298.00000000 0.57718864 0.23693927 0.04116605 0.06060726 0.05753495 0.01411642 0.01244742 
299.00000000 0.57665623 0.23700591 0.04126887 0.06076356 0.05765377 0.01415600 0.01249565 
300.00000000 0.57612576 0.23707171 0.04137154 0.06091926 0.05777227 0.01419563 0.01254383 
301.00000000 0.57559722 0.23713667 0.04147407 0.06107436 0.05789042 0.01423530 0.01259195 
302.00000000 0.57507061 0.23720080 0.04157645 0.06122886 0.05800825 0.01427501 0.01264002 
303.00000000 0.57454591 0.23726410 0.04167870 0.06138275 0.05812576 0.01431475 0.01268803 
304.00000000 0.57402312 0.23732658 0.04178080 0.06153604 0.05824294 0.01435453 0.01273599 
305.00000000 0.57350223 0.23738824 0.04188276 0.06168874 0.05835981 0.01439433 0.01278390 
306.00000000 0.57298323 0.23744908 0.04198460 0.06184084 0.05847636 0.01443415 0.01283175 
307.00000000 0.57246612 0.23750912 0.04208629 0.06199234 0.05859260 0.01447399 0.01287954 
308.00000000 0.57195088 0.23756836 0.04218786 0.06214324 0.05870852 0.01451384 0.01292729 
309.00000000 0.57143752 0.23762680 0.04228930 0.06229356 0.05882415 0.01455370 0.01297497 
310.00000000 0.57092601 0.23768445 0.04239062 0.06244328 0.05893946 0.01459357 0.01302261 
311.00000000 0.57041636 0.23774131 0.04249182 0.06259242 0.05905448 0.01463344 0.01307019 
312.00000000 0.56990854 0.23779739 0.04259289 0.06274096 0.05916920 0.01467330 0.01311771 
313.00000000 0.56940256 0.23785271 0.04269385 0.06288893 0.05928362 0.01471316 0.01316518 
314.00000000 0.56889840 0.23790725 0.04279469 0.06303632 0.05939775 0.01475300 0.01321259 
315.00000000 0.56839606 0.23796103 0.04289542 0.06318313 0.05951158 0.01479284 0.01325995 
316.00000000 0.56789552 0.23801406 0.04299604 0.06332936 0.05962512 0.01483265 0.01330725 
317.00000000 0.56739677 0.23806634 0.04309655 0.06347502 0.05973838 0.01487244 0.01335450 
318.00000000 0.56689981 0.23811788 0.04319696 0.06362011 0.05985134 0.01491220 0.01340170 
319.00000000 0.56640462 0.23816868 0.04329727 0.06376464 0.05996402 0.01495193 0.01344884 
320.00000000 0.56591119 0.23821876 0.04339747 0.06390861 0.06007642 0.01499164 0.01349592 
321.00000000 0.56541951 0.23826811 0.04349758 0.06405202 0.06018853 0.01503130 0.01354295 
322.00000000 0.56492957 0.23831676 0.04359760 0.06419487 0.06030035 0.01507092 0.01358993 
323.00000000 0.56444136 0.23836469 0.04369752 0.06433717 0.06041190 0.01511050 0.01363685 
324.00000000 0.56395487 0.23841193 0.04379736 0.06447892 0.06052316 0.01515004 0.01368372 
325.00000000 0.56347007 0.23845848 0.04389710 0.06462013 0.06063415 0.01518953 0.01373053 
326.00000000 0.56298698 0.23850435 0.04399676 0.06476080 0.06074485 0.01522896 0.01377729 
327.00000000 0.56250556 0.23854954 0.04409634 0.06490093 0.06085528 0.01526834 0.01382401 
328.00000000 0.56202581 0.23859407 0.04419584 0.06504053 0.06096542 0.01530767 0.01387066 
329.00000000 0.56154772 0.23863793 0.04429525 0.06517960 0.06107529 0.01534694 0.01391727 
330.00000000 0.56107127 0.23868114 0.04439459 0.06531814 0.06118488 0.01538614 0.01396383 
331.00000000 0.56059645 0.23872372 0.04449386 0.06545616 0.06129419 0.01542529 0.01401034 
332.00000000 0.56012325 0.23876565 0.04459305 0.06559367 0.06140322 0.01546437 0.01405680 
333.00000000 0.55965165 0.23880696 0.04469217 0.06573065 0.06151197 0.01550339 0.01410321 
334.00000000 0.55918165 0.23884765 0.04479122 0.06586713 0.06162045 0.01554234 0.01414957 
335.00000000 0.55871322 0.23888773 0.04489020 0.06600310 0.06172864 0.01558122 0.01419589 
336.00000000 0.55824637 0.23892721 0.04498912 0.06613856 0.06183655 0.01562003 0.01424216 
337.00000000 0.55778106 0.23896610 0.04508797 0.06627352 0.06194419 0.01565877 0.01428838 
338.00000000 0.55731730 0.23900440 0.04518675 0.06640799 0.06205155 0.01569744 0.01433457 
339.00000000 0.55685507 0.23904212 0.04528548 0.06654196 0.06215862 0.01573604 0.01438070 
340.00000000 0.55639435 0.23907928 0.04538414 0.06667544 0.06226541 0.01577457 0.01442680 
341.00000000 0.55593514 0.23911587 0.04548274 0.06680843 0.06237193 0.01581303 0.01447286 
342.00000000 0.55547742 0.23915192 0.04558129 0.06694094 0.06247816 0.01585141 0.01451887 
343.00000000 0.55502117 0.23918741 0.04567977 0.06707297 0.06258410 0.01588972 0.01456484 
344.00000000 0.55456639 0.23922238 0.04577820 0.06720452 0.06268977 0.01592796 0.01461078 
345.00000000 0.55411307 0.23925681 0.04587658 0.06733559 0.06279515 0.01596612 0.01465668 
346.00000000 0.55366119 0.23929073 0.04597489 0.06746619 0.06290025 0.01600421 0.01470254 
347.00000000 0.55321073 0.23932414 0.04607316 0.06759632 0.06300506 0.01604223 0.01474836 
348.00000000 0.55276170 0.23935704 0.04617136 0.06772599 0.06310958 0.01608018 0.01479415 
349.00000000 0.55231407 0.23938945 0.04626952 0.06785519 0.06321382 0.01611805 0.01483990 
350.00000000 0.55186784 0.23942136 0.04636762 0.06798392 0.06331778 0.01615586 0.01488562 
351.00000000 0.55142299 0.23945280 0.04646566 0.06811220 0.06342144 0.01619359 0.01493131 
352.00000000 0.55097951 0.23948377 0.04656366 0.06824002 0.06352482 0.01623126 0.01497696 
353.00000000 0.55053740 0.23951427 0.04666160 0.06836739 0.06362791 0.01626886 0.01502258 
354.00000000 0.55009663 0.23954432 0.04675948 0.06849430 0.06373071 0.01630638 0.01506818 
355.00000000 0.54965721 0.23957391 0.04685732 0.06862076 0.06383322 0.01634384 0.01511373 
356.00000000 0.54921912 0.23960306 0.04695510 0.06874678 0.06393544 0.01638124 0.01515926 
357.00000000 0.54878236 0.23963178 0.04705282 0.06887235 0.06403737 0.01641857 0.01520476 
358.00000000 0.54834690 0.23966006 0.04715049 0.06899747 0.06413900 0.01645583 0.01525024 
359.00000000 0.54791275 0.23968792 0.04724811 0.06912216 0.06424035 0.01649303 0.01529568 
360.00000000 0.54747989 0.23971537 0.04734568 0.06924640 0.06434140 0.01653017 0.01534109 
361.00000000 0.54704831 0.23974241 0.04744318 0.06937021 0.06444216 0.01656725 0.01538648 
362.00000000 0.54661801 0.23976904 0.04754064 0.06949357 0.06454263 0.01660427 0.01543184 
363.00000000 0.54618898 0.23979527 0.04763803 0.06961651 0.06464281 0.01664123 0.01547717 
364.00000000 0.54576121 0.23982111 0.04773537 0.06973901 0.06474269 0.01667813 0.01552247 
365.00000000 0.54533469 0.23984657 0.04783266 0.06986108 0.06484228 0.01671498 0.01556775 
366.00000000 0.54490941 0.23987164 0.04792988 0.06998272 0.06494157 0.01675177 0.01561300 
367.00000000 0.54448537 0.23989634 0.04802705 0.07010393 0.06504057 0.01678851 0.01565823 
368.00000000 0.54406256 0.23992067 0.04812415 0.07022472 0.06513928 0.01682519 0.01570343 
369.00000000 0.54364098 0.23994463 0.04822119 0.07034508 0.06523769 0.01686183 0.01574860 
370.00000000 0.54322060 0.23996823 0.04831818 0.07046502 0.06533581 0.01689841 0.01579375 
371.00000000 0.54280144 0.23999147 0.04841509 0.07058454 0.06543364 0.01693495 0.01583887 
372.00000000 0.54238347 0.24001436 0.04851195 0.07070364 0.06553117 0.01697144 0.01588396 
373.00000000 0.54196671 0.24003690 0.04860874 0.07082233 0.06562842 0.01700789 0.01592903 
374.00000000 0.54155113 0.24005909 0.04870546 0.07094059 0.06572536 0.01704429 0.01597407 
375.00000000 0.54113674 0.24008094 0.04880212 0.07105844 0.06582202 0.01708065 0.01601908 
376.00000000 0.54072353 0.24010246 0.04889871 0.07117588 0.06591838 0.01711697 0.01606407 
377.00000000 0.54031149 0.24012364 0.04899523 0.07129291 0.06601446 0.01715325 0.01610903 
378.00000000 0.53990061 0.24014448 0.04909167 0.07140953 0.06611024 0.01718950 0.01615396 
379.00000000 0.53949091 0.24016500 0.04918805 0.07152574 0.06620573 0.01722571 0.01619887 
380.00000000 0.53908236 0.24018519 0.04928435 0.07164155 0.06630093 0.01726188 0.01624374 
381.00000000 0.53867496 0.24020506 0.04938058 0.07175695 0.06639584 0.01729802 0.01628859 
382.00000000 0.53826871 0.24022460 0.04947674 0.07187195 0.06649047 0.01733413 0.01633341 
383.00000000 0.53786360 0.24024382 0.04957282 0.07198655 0.06658481 0.01737021 0.01637819 
384.00000000 0.53745964 0.24026273 0.04966881 0.07210075 0.06667886 0.01740626 0.01642295 
385.00000000 0.53705681 0.24028132 0.04976473 0.07221456 0.06677262 0.01744228 0.01646767 
386.00000000 0.53665512 0.24029959 0.04986057 0.07232797 0.06686610 0.01747828 0.01651237 
387.00000000 0.53625455 0.24031755 0.04995633 0.07244099 0.06695930 0.01751426 0.01655703 
388.00000000 0.53585510 0.24033519 0.05005201 0.07255361 0.06705221 0.01755021 0.01660166 
389.00000000 0.53545678 0.24035253 0.05014760 0.07266585 0.06714484 0.01758614 0.01664625 
390.00000000 0.53505958 0.24036955 0.05024311 0.07277771 0.06723720 0.01762205 0.01669081 
391.00000000 0.53466348 0.24038627 0.05033853 0.07288918 0.06732927 0.01765795 0.01673533 
392.00000000 0.53426850 0.24040267 0.05043386 0.07300026 0.06742106 0.01769383 0.01677981 
393.00000000 0.53387463 0.24041877 0.05052910 0.07311097 0.06751258 0.01772969 0.01682426 
394.00000000 0.53348186 0.24043456 0.05062426 0.07322130 0.06760382 0.01776554 0.01686867 
395.00000000 0.53309019 0.24045004 0.05071932 0.07333125 0.06769478 0.01780138 0.01691304 
396.00000000 0.53269962 0.24046522 0.05081429 0.07344083 0.06778547 0.01783720 0.01695737 
397.00000000 0.53231014 0.24048009 0.05090917 0.07355004 0.06787589 0.01787302 0.01700165 
398.00000000 0.53192176 0.24049465 0.05100395 0.07365888 0.06796604 0.01790882 0.01704589 
399.00000000 0.53153447 0.24050891 0.05109864 0.07376735 0.06805592 0.01794462 0.01709009 
400.00000000 0.53114827 0.24052286 0.05119323 0.07387546 0.06814553 0.01798041 0.01713424 
401.00000000 0.53076315 0.24053650 0.05128772 0.07398321 0.06823487 0.01801620 0.01717835 
402.00000000 0.53037911 0.24054984 0.05138212 0.07409060 0.06832394 0.01805198 0.01722241 
403.00000000 0.52999616 0.24056287 0.05147642 0.07419762 0.06841275 0.01808776 0.01726642 
404.00000000 0.52961428 0.24057560 0.05157061 0.07430430 0.06850130 0.01812354 0.01731038 
405.00000000 0.52923347 0.24058802 0.05166471 0.07441061 0.06858958 0.01815932 0.01735429 
406.00000000 0.52885374 0.24060014 0.05175870 0.07451658 0.06867760 0.01819509 0.01739814 
407.00000000 0.52847508 0.24061195 0.05185259 0.07462220 0.06876537 0.01823087 0.01744194 
408.00000000 0.52809749 0.24062345 0.05194638 0.07472747 0.06885287 0.01826664 0.01748569 
409.00000000 0.52772097 0.24063465 0.05204007 0.07483240 0.06894011 0.01830242 0.01752938 
410.00000000 0.52734551 0.24064555 0.05213365 0.07493699 0.06902710 0.01833820 0.01757301 
411.00000000 0.52697111 0.24065614 0.05222712 0.07504123 0.06911383 0.01837398 0.01761659 
412.00000000 0.52659777 0.24066642 0.05232049 0.07514514 0.06920031 0.01840977 0.01766010 
413.00000000 0.52622549 0.24067641 0.05241376 0.07524871 0.06928653 0.01844556 0.01770356 
414.00000000 0.52585427 0.24068609 0.05250691 0.07535194 0.06937250 0.01848135 0.01774695 
415.00000000 0.52548409 0.24069546 0.05259996 0.07545485 0.06945821 0.01851715 0.01779028 
416.00000000 0.52511497 0.24070454 0.05269291 0.07555742 0.06954368 0.01855295 0.01783354 
417.00000000 0.52474690 0.24071331 0.05278574 0.07565966 0.06962889 0.01858876 0.01787674 
418.00000000 0.52437988 0.24072178 0.05287847 0.07576158 0.06971386 0.01862457 0.01791987 
419.00000000 0.52401390 0.24072995 0.05297109 0.07586317 0.06979857 0.01866039 0.01796293 
420.00000000 0.52364896 0.24073782 0.05306360 0.07596444 0.06988304 0.01869622 0.01800592 
421.00000000 0.52328506 0.24074540 0.05315600 0.07606539 0.06996726 0.01873205 0.01804885 
422.00000000 0.52292220 0.24075267 0.05324829 0.07616602 0.07005123 0.01876788 0.01809170 
423.00000000 0.52256038 0.24075966 0.05334047 0.07626633 0.07013496 0.01880372 0.01813449 
424.00000000 0.52219959 0.24076634 0.05343255 0.07636632 0.07021844 0.01883957 0.01817719 
425.00000000 0.52183983 0.24077274 0.05352451 0.07646600 0.07030168 0.01887542 0.01821983 
426.00000000 0.52148110 0.24077884 0.05361637 0.07656536 0.07038467 0.01891128 0.01826239 
427.00000000 0.52112339 0.24078465 0.05370811 0.07666441 0.07046741 0.01894714 0.01830488 
428.00000000 0.52076671 0.24079018 0.05379975 0.07676315 0.07054991 0.01898301 0.01834729 
429.00000000 0.52041105 0.24079541 0.05389128 0.07686158 0.07063217 0.01901888 0.01838962 
430.00000000 0.52005641 0.24080037 0.05398271 0.07695969 0.07071418 0.01905476 0.01843188 
431.00000000 0.51970279 0.24080504 0.05407402 0.07705750 0.07079595 0.01909064 0.01847406 
432.00000000 0.51935018 0.24080943 0.05416523 0.07715501 0.07087748 0.01912652 0.01851616 
433.00000000 0.51899858 0.24081354 0.05425633 0.07725220 0.07095876 0.01916240 0.01855818 
434.00000000 0.51864800 0.24081738 0.05434732 0.07734910 0.07103980 0.01919829 0.01860012 
435.00000000 0.51829841 0.24082094 0.05443821 0.07744568 0.07112060 0.01923418 0.01864198 
436.00000000 0.51794983 0.24082423 0.05452899 0.07754196 0.07120115 0.01927007 0.01868376 
437.00000000 0.51760225 0.24082725 0.05461967 0.07763794 0.07128146 0.01930596 0.01872546 
438.00000000 0.51725567 0.24083000 0.05471024 0.07773362 0.07136153 0.01934185 0.01876708 
439.00000000 0.51691009 0.24083249 0.05480070 0.07782900 0.07144136 0.01937774 0.01880861 
