8.030698554667769713e+02	3.199918062377616335e-01	2.062394419996725903e-01	2.064972002862955347e-01	1.246856075116608703e-01	6.101036274124754799e-02	2.358816304420642551e-02	5.798741848627758655e-02
8.079076256804323748e+02	3.189134329160030479e-01	2.055530017471764448e-01	2.072733398026885832e-01	1.251412072931226138e-01	6.119578788275436415e-02	2.369185958404636597e-02	5.823137108133068923e-02
8.127453958940876646e+02	3.178411431076884619e-01	2.048703816520990040e-01	2.080451286341281347e-01	1.255940020985551187e-01	6.138036609871384830e-02	2.379507302279058531e-02	5.847390569314691450e-02
8.175831661077428407e+02	3.167749025596032775e-01	2.041915604217497959e-01	2.088125910619212655e-01	1.260440135340741008e-01	6.156409636554939502e-02	2.389780281052294661e-02	5.871503355370133459e-02
8.224209363213982442e+02	3.157146772107500832e-01	2.035165168821520265e-01	2.095757512318671967e-01	1.264912629255493248e-01	6.174697782570878757e-02	2.400004852688166629e-02	5.895476570421304130e-02
8.272587065350534203e+02	3.146604331912751240e-01	2.028452299773805811e-01	2.103346331550134118e-01	1.269357713245483632e-01	6.192900978231319353e-02	2.410180987541794481e-02	5.919311300117353208e-02
8.320964767487085965e+02	3.136121368214004335e-01	2.021776787689037180e-01	2.110892607084076111e-01	1.273775595141265204e-01	6.211019169395804590e-02	2.420308667817712076e-02	5.943008612214862457e-02
8.369342469623640000e+02	3.125697546103630153e-01	2.015138424349284252e-01	2.118396576358454464e-01	1.278166480144672656e-01	6.229052316966140340e-02	2.430387887049376139e-02	5.966569557136271879e-02
8.417720171760191761e+02	3.115332532553592992e-01	2.008537002697494411e-01	2.125858475486140375e-01	1.282530570883771981e-01	6.247000396395580718e-02	2.440418649599231452e-02	5.989995168507385864e-02
8.466097873896745796e+02	3.105025996404967570e-01	2.001972316831018561e-01	2.133278539262313256e-01	1.286868067466394316e-01	6.264863397211967166e-02	2.450400970178532103e-02	6.013286463674755167e-02
8.514475576033297557e+02	3.094777608357508480e-01	1.995444161995174048e-01	2.140657001171814844e-01	1.291179167532291172e-01	6.282641322554431695e-02	2.460334873386150686e-02	6.036444444203725723e-02
8.562853278169851592e+02	3.084587040959282378e-01	1.988952334576842285e-01	2.147994093396459747e-01	1.295464066303953776e-01	6.300334188723281936e-02	2.470220393265635389e-02	6.059470096357896796e-02
8.611230980306403353e+02	3.074453968596361775e-01	1.982496632098104394e-01	2.155290046822306849e-01	1.299722956636124860e-01	6.317942024742714824e-02	2.480057572879803066e-02	6.082364391560696193e-02
8.659608682442956251e+02	3.064378067482578238e-01	1.976076853209909334e-01	2.162545091046890189e-01	1.303956029064045341e-01	6.335464871935991837e-02	2.489846463902188958e-02	6.105128286839783813e-02
8.707986384579510286e+02	3.054359015649328324e-01	1.969692797685779206e-01	2.169759454386408493e-01	1.308163471850467274e-01	6.352902783512739959e-02	2.499587126224692840e-02	6.127762725254921883e-02
8.756364086716062047e+02	3.044396492935447784e-01	1.963344266415549821e-01	2.176933363882875283e-01	1.312345471031465816e-01	6.370255824168033487e-02	2.509279627580790831e-02	6.150268636309975251e-02
8.804741788852616082e+02	3.034490180977132967e-01	1.957031061399145400e-01	2.184067045311228750e-01	1.316502210461083511e-01	6.387524069692933348e-02	2.518924043183707467e-02	6.172646936349630853e-02
8.853119490989170117e+02	3.024639763197927711e-01	1.950752985740387691e-01	2.191160723186404147e-01	1.320633871854840213e-01	6.404707606596170277e-02	2.528520455378966206e-02	6.194898528941441412e-02
8.901497193125721878e+02	3.014844924798761872e-01	1.944509843640841174e-01	2.198214620770362060e-01	1.324740634832136110e-01	6.421806531736652668e-02	2.538068953310755604e-02	6.217024305243754739e-02
8.949874895262273640e+02	3.005105352748049241e-01	1.938301440393690178e-01	2.205228960079081424e-01	1.328822676957581161e-01	6.438820951966506279e-02	2.547569632601574124e-02	6.239025144360070552e-02
8.998252597398827675e+02	2.995420735771838761e-01	1.932127582377652919e-01	2.212203961889513404e-01	1.332880173781276767e-01	6.455750983784358521e-02	2.557022595044635901e-02	6.260901913680351483e-02
9.046630299535379436e+02	2.985790764344024018e-01	1.925988077050927727e-01	2.219139845746494200e-01	1.336913298878080747e-01	6.472596752998564795e-02	2.566427948308539972e-02	6.282655469209789956e-02
9.095008001671932334e+02	2.976215130676605480e-01	1.919882732945172865e-01	2.226036829969621211e-01	1.340922223885882003e-01	6.489358394400118746e-02	2.575785805653722088e-02	6.304286655885511792e-02
9.143385703808486369e+02	2.966693528710004912e-01	1.913811359659521039e-01	2.232895131660089239e-01	1.344907118542911506e-01	6.506036051444968882e-02	2.585096285660237747e-02	6.325796307881682845e-02
9.191763405945038130e+02	2.957225654103444179e-01	1.907773767854626656e-01	2.239714966707491151e-01	1.348868150724115700e-01	6.522629875945483435e-02	2.594359511966422283e-02	6.347185248903471078e-02
9.240141108081592165e+02	2.947811204225362913e-01	1.901769769246746122e-01	2.246496549796577480e-01	1.352805486476617858e-01	6.539140027770803942e-02	2.603575613018015850e-02	6.368454292470282496e-02
9.288518810218145063e+02	2.938449878143901683e-01	1.895799176601851987e-01	2.253240094413981043e-01	1.356719290054292093e-01	6.555566674555850237e-02	2.612744721827336622e-02	6.389604242188688665e-02
9.336896512354697961e+02	2.929141376617432901e-01	1.889861803729777912e-01	2.259945812854902425e-01	1.360609723951472227e-01	6.571909991418722896e-02	2.621866975742115358e-02	6.410635892015446868e-02
9.385274214491247449e+02	2.919885402085143911e-01	1.883957465478399429e-01	2.266613916229758274e-01	1.364476948935823830e-01	6.588170160686285248e-02	2.630942516223608654e-02	6.431550026510984841e-02
9.433651916627801484e+02	2.910681658657675586e-01	1.878085977727844413e-01	2.273244614470793235e-01	1.368321124080395523e-01	6.604347371627683483e-02	2.639971488633637356e-02	6.452347421083724777e-02
9.482029618764355519e+02	2.901529852107808116e-01	1.872247157384736571e-01	2.279838116338654685e-01	1.372142406794875646e-01	6.620441820195592519e-02	2.648954042030192760e-02	6.473028842225594937e-02
9.530407320900908417e+02	2.892429689861202857e-01	1.866440822376473352e-01	2.286394629428930847e-01	1.375940952856074817e-01	6.636453708774966986e-02	2.657890328971280677e-02	6.493595047739064707e-02
9.578785023037459041e+02	2.883380880987193584e-01	1.860666791645530782e-01	2.292914360178651689e-01	1.379716916437655483e-01	6.652383245939098855e-02	2.666780505326683121e-02	6.514046786956034785e-02
9.627162725174014213e+02	2.874383136189627153e-01	1.854924885143804103e-01	2.299397513872755705e-01	1.383470450139127617e-01	6.668230646212759682e-02	2.675624730097322934e-02	6.534384800948894734e-02
9.675540427310568248e+02	2.865436167797758005e-01	1.849214923826981161e-01	2.305844294650517823e-01	1.387201705014132480e-01	6.683996129842256773e-02	2.684423165241943063e-02	6.554609822734035196e-02
9.723918129447120009e+02	2.856539689757187639e-01	1.843536729648941330e-01	2.312254905511942904e-01	1.390910830598030001e-01	6.699679922572179813e-02	2.693175975510802428e-02	6.574722577468128382e-02
9.772295831583674044e+02	2.847693417620860146e-01	1.837890125556191911e-01	2.318629548324124268e-01	1.394597974934812523e-01	6.715282255428677016e-02	2.701883328286126471e-02	6.594723782637430809e-02
9.820673533720223531e+02	2.838897068540103819e-01	1.832274935482331446e-01	2.324968423827565578e-01	1.398263284603361023e-01	6.730803364509066467e-02	2.710545393429041744e-02	6.614614148240390012e-02
9.869051235856777566e+02	2.830150361255721614e-01	1.826690984342545787e-01	2.331271731642467759e-01	1.401906904743060733e-01	6.746243490777609209e-02	2.719162343132741286e-02	6.634394376963800855e-02
9.917428937993331601e+02	2.821453016089133237e-01	1.821138098028134422e-01	2.337539670274981218e-01	1.405528979078794483e-01	6.761602879867266436e-02	2.727734351781639990e-02	6.654065164352772344e-02
9.965806640129884499e+02	2.812804754933560525e-01	1.815616103401068160e-01	2.343772437123422536e-01	1.409129649945329577e-01	6.776881781887293676e-02	2.736261595816281283e-02	6.673627198974731167e-02
1.001418434226643626e+03	2.804205301245267790e-01	1.810124828288574572e-01	2.349970228484457857e-01	1.412709058311116816e-01	6.792080451236477689e-02	2.744744253603776177e-02	6.693081162577689536e-02
1.006256204440298802e+03	2.795654380034847120e-01	1.804664101477757299e-01	2.356133239559249914e-01	1.416267343801513034e-01	6.807199146421881453e-02	2.753182505313552311e-02	6.712427730243002155e-02
1.011093974653954206e+03	2.787151717858550870e-01	1.799233752710242273e-01	2.362261664459571475e-01	1.419804644721447962e-01	6.822238129882948754e-02	2.761576532798208292e-02	6.731667570532821887e-02
1.015931744867609382e+03	2.778697042809671891e-01	1.793833612676855593e-01	2.368355696213886030e-01	1.423321098077545144e-01	6.837197667820789360e-02	2.769926519479273819e-02	6.750801345632449768e-02
1.020769515081264785e+03	2.770290084509972606e-01	1.788463513012329975e-01	2.374415526773392959e-01	1.426816839599714670e-01	6.852078030032532352e-02	2.778232650237680984e-02	6.769829711487790336e-02
1.025607285294920075e+03	2.761930574101157387e-01	1.783123286290041742e-01	2.380441347018038278e-01	1.430292003762230202e-01	6.866879489750586651e-02	2.786495111308763886e-02	6.788753317938074627e-02
1.030445055508575479e+03	2.753618244236397672e-01	1.777812766016776402e-01	2.386433346762495689e-01	1.433746723804306678e-01	6.881602323486678274e-02	2.794714090181610669e-02	6.807572808844050694e-02
1.035282825722230655e+03	2.745352829071896483e-01	1.772531786627524197e-01	2.392391714762109045e-01	1.437181131750188134e-01	6.896246810880522771e-02	2.802889775502592426e-02	6.826288822211812324e-02
1.040120595935886058e+03	2.737134064258504029e-01	1.767280183480303135e-01	2.398316638718805682e-01	1.440595358428761463e-01	6.910813234553025985e-02	2.811022356982912154e-02	6.844901990312421414e-02
1.044958366149541234e+03	2.728961686933377706e-01	1.762057792851013660e-01	2.404208305286975045e-01	1.443989533492708033e-01	6.925301879963854934e-02	2.819112025310009303e-02	6.863412939797496060e-02
1.049796136363196410e+03	2.720835435711687067e-01	1.756864451928318027e-01	2.410066900079314567e-01	1.447363785437205119e-01	6.939713035273278874e-02	2.827158972062674205e-02	6.881822291810903158e-02
1.054633906576851814e+03	2.712755050678364310e-01	1.751699998808552150e-01	2.415892607672643355e-01	1.450718241618189630e-01	6.954046991208154282e-02	2.835163389629721462e-02	6.900130662096723433e-02
1.059471676790506763e+03	2.704720273379902507e-01	1.746564272490664649e-01	2.421685611613683675e-01	1.454053028270194947e-01	6.968304040931937171e-02	2.843125471132087675e-02	6.918338661103612397e-02
1.064309447004162394e+03	2.696730846816193239e-01	1.741457112871181157e-01	2.427446094424809686e-01	1.457368270523773379e-01	6.982484479918606157e-02	2.851045410348215792e-02	6.936446894085698811e-02
1.069147217217817570e+03	2.688786515432413649e-01	1.736378360739201376e-01	2.433174237609763146e-01	1.460664092422514493e-01	6.996588605830401930e-02	2.858923401642597673e-02	6.954455961200162184e-02
1.073984987431472746e+03	2.680887025110957333e-01	1.731327857771422229e-01	2.438870221659340254e-01	1.463940616939669315e-01	7.010616718399247105e-02	2.866759639897352441e-02	6.972366457601596179e-02
1.078822757645127922e+03	2.673032123163405216e-01	1.726305446527185983e-01	2.444534226057043236e-01	1.467197965994392894e-01	7.024569119311784016e-02	2.874554320446716729e-02	6.990178973533300866e-02
1.083660527858783553e+03	2.665221558322547479e-01	1.721310970443560850e-01	2.450166429284703073e-01	1.470436260467613554e-01	7.038446112097883345e-02	2.882307639014339284e-02	7.007894094415598185e-02
1.088498298072438729e+03	2.657455080734442698e-01	1.716344273830445466e-01	2.455767008828068920e-01	1.473655620217538265e-01	7.052248002022565299e-02	2.890019791653261269e-02	7.025512400931298307e-02
1.093336068286093905e+03	2.649732441950519712e-01	1.711405201865701942e-01	2.461336141182367543e-01	1.476856164094805524e-01	7.065975095981216758e-02	2.897690974688483731e-02	7.043034469108423734e-02
1.098173838499749309e+03	2.642053394919732234e-01	1.706493600590316129e-01	2.466874001857831955e-01	1.480038009957294898e-01	7.079627702398008648e-02	2.905321384662016074e-02	7.060460870400282751e-02
1.103011608713404712e+03	2.634417693980746211e-01	1.701609316903584801e-01	2.472380765385198687e-01	1.483201274684600446e-01	7.093206131127442748e-02	2.912911218280310466e-02	7.077792171763004625e-02
1.107849378927059888e+03	2.626825094854172704e-01	1.696752198558328373e-01	2.477856605321172856e-01	1.486346074192178290e-01	7.106710693358921083e-02	2.920460672363984350e-02	7.095028935730628150e-02
1.112687149140715292e+03	2.619275354634846287e-01	1.691922094156132483e-01	2.483301694253865766e-01	1.489472523445177221e-01	7.120141701524261568e-02	2.927969943799745012e-02	7.112171720487825421e-02
1.117524919354370468e+03	2.611768231784141747e-01	1.687118853142616226e-01	2.488716203808201133e-01	1.492580736471958713e-01	7.133499469208072485e-02	2.935439229494427038e-02	7.129221079940371852e-02
1.122362689568025871e+03	2.604303486122336864e-01	1.682342325802722860e-01	2.494100304651289124e-01	1.495670826377316909e-01	7.146784311060917771e-02	2.942868726331058712e-02	7.146177563783420728e-02
1.127200459781681047e+03	2.596880878821011263e-01	1.677592363256041885e-01	2.499454166497773189e-01	1.498742905355405219e-01	7.159996542715173218e-02	2.950258631126878237e-02	7.163041717567683597e-02
1.132038229995336451e+03	2.589500172395495237e-01	1.672868817452154711e-01	2.504777958115145253e-01	1.501797084702377605e-01	7.173136480703513895e-02	2.957609140593223107e-02	7.179814082763591454e-02
1.136876000208991627e+03	2.582161130697349094e-01	1.668171541166004745e-01	2.510071847329032324e-01	1.504833474828751183e-01	7.186204442379959256e-02	2.964920451297218054e-02	7.196495196823500529e-02
1.141713770422646803e+03	2.574863518906895243e-01	1.663500387993297192e-01	2.515336001028452562e-01	1.507852185271498224e-01	7.199200745843392646e-02	2.972192759625188335e-02	7.213085593242027360e-02
1.146551540636302207e+03	2.567607103525783030e-01	1.658855212345921870e-01	2.520570585171044153e-01	1.510853324705874190e-01	7.212125709863487222e-02	2.979426261747733506e-02	7.229585801614582530e-02
1.151389310849957155e+03	2.560391652369596871e-01	1.654235869447400753e-01	2.525775764788261712e-01	1.513837000956990142e-01	7.224979653808989710e-02	2.986621153586393670e-02	7.245996347694161344e-02
1.156227081063612786e+03	2.553216934560505469e-01	1.649642215328362971e-01	2.530951703990545476e-01	1.516803321011132577e-01	7.237762897578263466e-02	2.993777630781845056e-02	7.262317753446470570e-02
1.161064851277267962e+03	2.546082720519949882e-01	1.645074106822045079e-01	2.536098565972462193e-01	1.519752391026842342e-01	7.250475761532047814e-02	3.000895888663565950e-02	7.278550537103431473e-02
1.165902621490923138e+03	2.538988781961374341e-01	1.640531401559814639e-01	2.541216513017818812e-01	1.522684316345754019e-01	7.263118566428374001e-02	3.007976122220910875e-02	7.294695213215136864e-02
1.170740391704578315e+03	2.531934891882993699e-01	1.636013957966719889e-01	2.546305706504742306e-01	1.525599201503205493e-01	7.275691633359562815e-02	3.015018526075540981e-02	7.310752292700324617e-02
1.175578161918233945e+03	2.524920824560601962e-01	1.631521635257064118e-01	2.551366306910735626e-01	1.528497150238621594e-01	7.288195283691252524e-02	3.022023294455155815e-02	7.326722282895392624e-02
1.180415932131889122e+03	2.517946355540422454e-01	1.627054293430005294e-01	2.556398473817705352e-01	1.531378265505678737e-01	7.300629839003396071e-02	3.028990621168471675e-02	7.342605687602042630e-02
1.185253702345544298e+03	2.511011261631992397e-01	1.622611793265179014e-01	2.561402365916959356e-01	1.534242649482255305e-01	7.312995621033177573e-02	3.035920699581400040e-02	7.358403007133586249e-02
1.190091472559199701e+03	2.504115320901092456e-01	1.618193996318345873e-01	2.566378141014177827e-01	1.537090403580174403e-01	7.325292951619789827e-02	3.042813722594378545e-02	7.374114738359954790e-02
1.194929242772855105e+03	2.497258312662708202e-01	1.613800764917065478e-01	2.571325956034354876e-01	1.539921628454744007e-01	7.337522152651010376e-02	3.049669882620805253e-02	7.389741374751487846e-02
1.199767012986510281e+03	2.490440017474037926e-01	1.609431962156391560e-01	2.576245967026715156e-01	1.542736424014098662e-01	7.349683546011556712e-02	3.056489371566533178e-02	7.405283406421510339e-02
1.204604783200165684e+03	2.483660217127532932e-01	1.605087451894591510e-01	2.581138329169601620e-01	1.545534889428348824e-01	7.361777453533119298e-02	3.063272380810385873e-02	7.420741320167772992e-02
1.209442553413820860e+03	2.476918694643978069e-01	1.600767098748893669e-01	2.586003196775336632e-01	1.548317123138543971e-01	7.373804196946079359e-02	3.070019101185650356e-02	7.436115599512774232e-02
1.214280323627476264e+03	2.470215234265611126e-01	1.596470768091251546e-01	2.590840723295054215e-01	1.551083222865450584e-01	7.385764097832819841e-02	3.076729722962505756e-02	7.451406724743021848e-02
1.219118093841131440e+03	2.463549621449279137e-01	1.592198326044138856e-01	2.595651061323507869e-01	1.553833285618154147e-01	7.397657477582605945e-02	3.083404435831355733e-02	7.466615172947255186e-02
1.223955864054786844e+03	2.456921642859633270e-01	1.587949639476362307e-01	2.600434362603849525e-01	1.556567407702486305e-01	7.409484657347990832e-02	3.090043428887023769e-02	7.481741418053688975e-02
1.228793634268442020e+03	2.450331086362359800e-01	1.583724575998900208e-01	2.605190778032382415e-01	1.559285684729282973e-01	7.421245958002693766e-02	3.096646890613779027e-02	7.496785930866289860e-02
1.233631404482097196e+03	2.443777741017448546e-01	1.579523003960765504e-01	2.609920457663288951e-01	1.561988211622478695e-01	7.432941700100911819e-02	3.103215008871159156e-02	7.511749179100131457e-02
1.238469174695752372e+03	2.437261397072499614e-01	1.575344792444889064e-01	2.614623550713329192e-01	1.564675082627038916e-01	7.444572203838030477e-02	3.109747970880554629e-02	7.526631627415868164e-02
1.243306944909407548e+03	2.430781845956067055e-01	1.571189811264027958e-01	2.619300205566514883e-01	1.567346391316737086e-01	7.456137789012678985e-02	3.116245963212530695e-02	7.541433737453341613e-02
1.248144715123063179e+03	2.424338880271037222e-01	1.567057930956695933e-01	2.623950569778759068e-01	1.570002230601776905e-01	7.467638774990115191e-02	3.122709171774848066e-02	7.556155967864369716e-02
1.252982485336718355e+03	2.417932293788045139e-01	1.562949022783116093e-01	2.628574790082496837e-01	1.572642692736268832e-01	7.479075480666866338e-02	3.129137781801161894e-02	7.570798774344726645e-02
1.257820255550373531e+03	2.411561881438926969e-01	1.558862958721197456e-01	2.633173012391281653e-01	1.575267869325558956e-01	7.490448224436631330e-02	3.135531977840368134e-02	7.585362609665372013e-02
1.262658025764028707e+03	2.405227439310209103e-01	1.554799611462532316e-01	2.637745381804355027e-01	1.577877851333419068e-01	7.501757324157373730e-02	3.141891943746569910e-02	7.599847923702920949e-02
1.267495795977684338e+03	2.398928764636631683e-01	1.550758854408416931e-01	2.642292042611192326e-01	1.580472729089096029e-01	7.513003097119590190e-02	3.148217862669642347e-02	7.614255163469406396e-02
1.272333566191339514e+03	2.392665655794709856e-01	1.546740561665895519e-01	2.646813138296023604e-01	1.583052592294229288e-01	7.524185860015715488e-02	3.154509917046365713e-02	7.628584773141350306e-02
1.277171336404994690e+03	2.386437912296328068e-01	1.542744608043822574e-01	2.651308811542323896e-01	1.585617530029634903e-01	7.535305928910629447e-02	3.160768288592109149e-02	7.642837194088168695e-02
1.282009106618650094e+03	2.380245334782372935e-01	1.538770869048952106e-01	2.655779204237288527e-01	1.588167630761965210e-01	7.546363619213236618e-02	3.166993158293041066e-02	7.657012864899932769e-02
1.286846876832305497e+03	2.374087725016398309e-01	1.534819220882044366e-01	2.660224457476271787e-01	1.590702982350241657e-01	7.557359245649084012e-02	3.173184706398841926e-02	7.671112221414512489e-02
1.291684647045960673e+03	2.367964885878326986e-01	1.530889540433996721e-01	2.664644711567210056e-01	1.593223672052265227e-01	7.568293122233996084e-02	3.179343112415902034e-02	7.685135696744115064e-02
1.296522417259616077e+03	2.361876621358186823e-01	1.526981705281995894e-01	2.669040106035014959e-01	1.595729786530911687e-01	7.579165562248678378e-02	3.185468555100982174e-02	7.699083721301248906e-02
1.301360187473271253e+03	2.355822736549881280e-01	1.523095593685689919e-01	2.673410779625945977e-01	1.598221411860308860e-01	7.589976878214292622e-02	3.191561212455319707e-02	7.712956722824135247e-02
1.306197957686926657e+03	2.349803037644994652e-01	1.519231084583384794e-01	2.677756870311952531e-01	1.600698633531902060e-01	7.600727381868936650e-02	3.197621261719160030e-02	7.726755126401566032e-02
1.311035727900581833e+03	2.343817331926632275e-01	1.515388057588258619e-01	2.682078515295000520e-01	1.603161536460409875e-01	7.611417384145036102e-02	3.203648879366696040e-02	7.740479354497256659e-02
1.315873498114237009e+03	2.337865427763293757e-01	1.511566392984599327e-01	2.686375851011365556e-01	1.605610204989671996e-01	7.622047195147607646e-02	3.209644241101402423e-02	7.754129826973682471e-02
1.320711268327892412e+03	2.331947134602779803e-01	1.507765971724062681e-01	2.690649013135909540e-01	1.608044722898393786e-01	7.632617124133360409e-02	3.215607521851740480e-02	7.767706961115440623e-02
1.325549038541547588e+03	2.326062262966133720e-01	1.503986675421950248e-01	2.694898136586330040e-01	1.610465173405787875e-01	7.643127479490624543e-02	3.221538895767225158e-02	7.781211171652133163e-02
1.330386808755202765e+03	2.320210624441617631e-01	1.500228386353510690e-01	2.699123355527383028e-01	1.612871639177116123e-01	7.653578568720083297e-02	3.227438536214837644e-02	7.794642870780800481e-02
1.335224578968857941e+03	2.314392031678718376e-01	1.496490987450257715e-01	2.703324803375092289e-01	1.615264202329136645e-01	7.663970698416264216e-02	3.233306615775766168e-02	7.808002468187917600e-02
1.340062349182513572e+03	2.308606298382190058e-01	1.492774362296312718e-01	2.707502612800921082e-01	1.617642944435452590e-01	7.674304174249803323e-02	3.239143306242463216e-02	7.821290371070960257e-02
1.344900119396168748e+03	2.302853239306129340e-01	1.489078395124764920e-01	2.711656915735932150e-01	1.620007946531772935e-01	7.684579300950417080e-02	3.244948778616005280e-02	7.834506984159568532e-02
1.349737889609823924e+03	2.297132670248081265e-01	1.485402970814053147e-01	2.715787843374919408e-01	1.622359289121078629e-01	7.694796382290600145e-02	3.250723203103744047e-02	7.847652709736312182e-02
1.354575659823479100e+03	2.291444408043179504e-01	1.481747974884367325e-01	2.719895526180516887e-01	1.624697052178704082e-01	7.704955721070000374e-02	3.256466749117234438e-02	7.860727947657067394e-02
1.359413430037134731e+03	2.285788270558319346e-01	1.478113293494070501e-01	2.723980093887285459e-01	1.627021315157331227e-01	7.715057619100464115e-02	3.262179585270426341e-02	7.873733095371024393e-02
1.364251200250789907e+03	2.280164076686362340e-01	1.474498813436139200e-01	2.728041675505776809e-01	1.629332156991900593e-01	7.725102377191728209e-02	3.267861879378118617e-02	7.886668547940342555e-02
1.369088970464445310e+03	2.274571646340373399e-01	1.470904422134626799e-01	2.732080399326574094e-01	1.631629656104439940e-01	7.735090295137744820e-02	3.273513798454643492e-02	7.899534698059450244e-02
1.373926740678100487e+03	2.269010800447888998e-01	1.467330007641143574e-01	2.736096392924310949e-01	1.633913890408812963e-01	7.745021671703608557e-02	3.279135508712796576e-02	7.912331936074014360e-02
1.378764510891755890e+03	2.263481360945219512e-01	1.463775458631357551e-01	2.740089783161665515e-01	1.636184937315391108e-01	7.754896804613080341e-02	3.284727175562984075e-02	7.925060649999579598e-02
1.383602281105411066e+03	2.257983150771779579e-01	1.460240664401515620e-01	2.744060696193338367e-01	1.638442873735648508e-01	7.764715990536680268e-02	3.290288963612580941e-02	7.937721225539895453e-02
1.388440051319066470e+03	2.252515993864454280e-01	1.456725514864981863e-01	2.748009257469999911e-01	1.640687776086682814e-01	7.774479525080346676e-02	3.295821036665501358e-02	7.950314046104933752e-02
1.393277821532721646e+03	2.247079715151993062e-01	1.453229900548798637e-01	2.751935591742223353e-01	1.642919720295662744e-01	7.784187702774621187e-02	3.301323557721953794e-02	7.962839492828620303e-02
1.398115591746377049e+03	2.241674140549436145e-01	1.449753712590262644e-01	2.755839823064387684e-01	1.645138781804206529e-01	7.793840817064372206e-02	3.306796688978392434e-02	7.975297944586270948e-02
1.402953361960032225e+03	2.236299096952572285e-01	1.446296842733524046e-01	2.759722074798569014e-01	1.647345035572689576e-01	7.803439160299020794e-02	3.312240591827637221e-02	7.987689778011752839e-02
1.407791132173687402e+03	2.230954412232427908e-01	1.442859183326201666e-01	2.763582469618400816e-01	1.649538556084485519e-01	7.812983023723252263e-02	3.317655426859175000e-02	8.000015367514372311e-02
1.412628902387342805e+03	2.225639915229784827e-01	1.439440627316018739e-01	2.767421129512918077e-01	1.651719417350139829e-01	7.822472697468220437e-02	3.323041353859609859e-02	8.012275085295515742e-02
1.417466672600997981e+03	2.220355435749729045e-01	1.436041068247456975e-01	2.771238175790375902e-01	1.653887692911482354e-01	7.831908470543204326e-02	3.328398531813285544e-02	8.024469301365022567e-02
1.422304442814653157e+03	2.215100804556233427e-01	1.432660400258428390e-01	2.775033729082053702e-01	1.656043455845672141e-01	7.841290630827717212e-02	3.333727118903041103e-02	8.036598383557316816e-02
1.427142213028308333e+03	2.209875853366763954e-01	1.429298518076967117e-01	2.778807909346029947e-01	1.658186778769185077e-01	7.850619465064059832e-02	3.339027272511117111e-02	8.048662697547306899e-02
1.431979983241963964e+03	2.204680414846922898e-01	1.425955317017938706e-01	2.782560835870941940e-01	1.660317733841738808e-01	7.859895258850280175e-02	3.344299149220193029e-02	8.060662606866050850e-02
1.436817753455619140e+03	2.199514322605115590e-01	1.422630692979768297e-01	2.786292627279720602e-01	1.662436392770159088e-01	7.869118296633562104e-02	3.349542904814555716e-02	8.072598472916188428e-02
1.441655523669274316e+03	2.194377411187252991e-01	1.419324542441186832e-01	2.790003401533306948e-01	1.664542826812191734e-01	7.878288861703991453e-02	3.354758694281390757e-02	8.084470654987174765e-02
1.446493293882929493e+03	2.189269516071477850e-01	1.416036762457995868e-01	2.793693275934346909e-01	1.666637106780253230e-01	7.887407236188730131e-02	3.359946671812191060e-02	8.096279510270285029e-02
1.451331064096585123e+03	2.184190473662925847e-01	1.412767250659848761e-01	2.797362367130864502e-01	1.668719303045132218e-01	7.896473701046542726e-02	3.365106990804273696e-02	8.108025393873419251e-02
1.456168834310240300e+03	2.179140121288510312e-01	1.409515905247051559e-01	2.801010791119917798e-01	1.670789485539632413e-01	7.905488536062696414e-02	3.370239803862409844e-02	8.119708658835715631e-02
1.461006604523895703e+03	2.174118297191742211e-01	1.406282624987381935e-01	2.804638663251231567e-01	1.672847723762166117e-01	7.914452019844213371e-02	3.375345262800551194e-02	8.131329656141961237e-02
1.465844374737550879e+03	2.169124840527572318e-01	1.403067309212924774e-01	2.808246098230807730e-01	1.674894086780297497e-01	7.923364429815453469e-02	3.380423518643654174e-02	8.142888734736811185e-02
1.470682144951206283e+03	2.164159591357268098e-01	1.399869857816925245e-01	2.811833210124522475e-01	1.676928643234231187e-01	7.932226042214034212e-02	3.385474721629598560e-02	8.154386241538841285e-02
1.475519915164861459e+03	2.159222390643314726e-01	1.396690171250659918e-01	2.815400112361696183e-01	1.678951461340257023e-01	7.941037132087071237e-02	3.390499021211187958e-02	8.165822521454400851e-02
1.480357685378516862e+03	2.154313080244348588e-01	1.393528150520326192e-01	2.818946917738648361e-01	1.680962608894144839e-01	7.949797973287718589e-02	3.395496566058239102e-02	8.177197917391308690e-02
1.485195455592172038e+03	2.149431502910114367e-01	1.390383697183947276e-01	2.822473738422227596e-01	1.682962153274490669e-01	7.958508838472022617e-02	3.400467504059746793e-02	8.188512770272375618e-02
1.490033225805827215e+03	2.144577502276454883e-01	1.387256713348296311e-01	2.825980685953328742e-01	1.684950161446021055e-01	7.967169999096050670e-02	3.405411982326125853e-02	8.199767419048757666e-02
1.494870996019482618e+03	2.139750922860326476e-01	1.384147101665835766e-01	2.829467871250383459e-01	1.686926699962849330e-01	7.975781725413312595e-02	3.410330147191523859e-02	8.210962200713159409e-02
1.499708766233137567e+03	2.134951610054841575e-01	1.381054765331675427e-01	2.832935404612836883e-01	1.688891834971688599e-01	7.984344286472445928e-02	3.415222144216196326e-02	8.222097450312874922e-02
1.504546536446793198e+03	2.130179410124340700e-01	1.377979608080547314e-01	2.836383395724601519e-01	1.690845632215023930e-01	7.992857950115174470e-02	3.420088118188957527e-02	8.233173500962677471e-02
1.509384306660448374e+03	2.125434170199491379e-01	1.374921534183795313e-01	2.839811953657491728e-01	1.692788157034240126e-01	8.001322982974511111e-02	3.424928213129678489e-02	8.244190683857563484e-02
1.514222076874103550e+03	2.120715738272414275e-01	1.371880448446384237e-01	2.843221186874643203e-01	1.694719474372710089e-01	8.009739650473217398e-02	3.429742572291853003e-02	8.255149328285352195e-02
1.519059847087758726e+03	2.116023963191835944e-01	1.368856256203925537e-01	2.846611203233905818e-01	1.696639648778841547e-01	8.018108216822492085e-02	3.434531338165212888e-02	8.266049761639146509e-02
1.523897617301414357e+03	2.111358694658270196e-01	1.365848863319716611e-01	2.849982109991225920e-01	1.698548744409086042e-01	8.026428945020902539e-02	3.439294652478395303e-02	8.276892309429652317e-02
1.528735387515069533e+03	2.106719783219224706e-01	1.362858176181799830e-01	2.853334013804004199e-01	1.700446825030908493e-01	8.034702096853529873e-02	3.444032656201657938e-02	8.287677295297372904e-02
1.533573157728724709e+03	2.102107080264435934e-01	1.359884101700036818e-01	2.856667020734436901e-01	1.702333954025719576e-01	8.042927932891333342e-02	3.448745489549639998e-02	8.298405041024661810e-02
1.538410927942380113e+03	2.097520438021129585e-01	1.356926547303198005e-01	2.859981236252837622e-01	1.704210194391770627e-01	8.051106712490732620e-02	3.453433291984171760e-02	8.309075866547659117e-02
1.543248698156035516e+03	2.092959709549307989e-01	1.353985420936070772e-01	2.863276765240940214e-01	1.706075608747013028e-01	8.059238693793381592e-02	3.458096202217114667e-02	8.319690089968095892e-02
1.548086468369690692e+03	2.088424748737063852e-01	1.351060631056581751e-01	2.866553711995185605e-01	1.707930259331922329e-01	8.067324133726141988e-02	3.462734358213248598e-02	8.330248027564984836e-02
1.552924238583346096e+03	2.083915410295920645e-01	1.348152086632934954e-01	2.869812180229987519e-01	1.709774208012286301e-01	8.075363288001245754e-02	3.467347897193191059e-02	8.340749993806184648e-02
1.557762008797001272e+03	2.079431549756197151e-01	1.345259697140767374e-01	2.873052273080980434e-01	1.711607516281961061e-01	8.083356411116647544e-02	3.471936955636347605e-02	8.351196301359856133e-02
1.562599779010656675e+03	2.074973023462401700e-01	1.342383372560320975e-01	2.876274093108251440e-01	1.713430245265592788e-01	8.091303756356546528e-02	3.476501669283899726e-02	8.361587261105800362e-02
1.567437549224311852e+03	2.070539688568647230e-01	1.339523023373626887e-01	2.879477742299551557e-01	1.715242455721307790e-01	8.099205575792080281e-02	3.481042173141819795e-02	8.371923182146687181e-02
1.572275319437967255e+03	2.066131403034096869e-01	1.336678560561708751e-01	2.882663322073489853e-01	1.717044208043368714e-01	8.107062120282187978e-02	3.485558601483908919e-02	8.382204371819178268e-02
1.577113089651622431e+03	2.061748025618431457e-01	1.333849895601801339e-01	2.885830933282713118e-01	1.718835562264802164e-01	8.114873639474630418e-02	3.490051087854865314e-02	8.392431135704941925e-02
1.581950859865277607e+03	2.057389415877344530e-01	1.331036940464582485e-01	2.888980676217059451e-01	1.720616578059993851e-01	8.122640381807166854e-02	3.494519765073379053e-02	8.402603777641562410e-02
1.586788630078933011e+03	2.053055434158061188e-01	1.328239607611422790e-01	2.892112650606705193e-01	1.722387314747254317e-01	8.130362594508877550e-02	3.498964765235242774e-02	8.412722599733353512e-02
1.591626400292587959e+03	2.048745941594883047e-01	1.325457809991649749e-01	2.895226955625284093e-01	1.724147831291355237e-01	8.138040523601632048e-02	3.503386219716482508e-02	8.422787902362070811e-02
1.596464170506243590e+03	2.044460800104757614e-01	1.322691461039826599e-01	2.898323689892995936e-01	1.725898186306035753e-01	8.145674413901701771e-02	3.507784259176514874e-02	8.432799984197522636e-02
1.601301940719898766e+03	2.040199872382872093e-01	1.319940474673047259e-01	2.901402951479696291e-01	1.727638438056483261e-01	8.153264509021496131e-02	3.512159013561313298e-02	8.442759142208094980e-02
1.606139710933553943e+03	2.035963021898272995e-01	1.317204765288246260e-01	2.904464837907965724e-01	1.729368644461783955e-01	8.160811051371436031e-02	3.516510612106597128e-02	8.452665671671169556e-02
1.610977481147209119e+03	2.031750112889509630e-01	1.314484247759522273e-01	2.907509446156165134e-01	1.731088863097346719e-01	8.168314282161952267e-02	3.520839183341027689e-02	8.462519866183469686e-02
1.615815251360864750e+03	2.027561010360302007e-01	1.311778837435478851e-01	2.910536872661475538e-01	1.732799151197300658e-01	8.175774441405599113e-02	3.525144855089425155e-02	8.472322017671292393e-02
1.620653021574519926e+03	2.023395580075232625e-01	1.309088450136578208e-01	2.913547213322914553e-01	1.734499565656866804e-01	8.183191767919290038e-02	3.529427754475988888e-02	8.482072416400678050e-02
1.625490791788175102e+03	2.019253688555463222e-01	1.306413002152510827e-01	2.916540563504345096e-01	1.736190163034703193e-01	8.190566499326641658e-02	3.533688007927539981e-02	8.491771350987471767e-02
1.630328562001830505e+03	2.015135203074474857e-01	1.303752410239578663e-01	2.919517018037457445e-01	1.737870999555226059e-01	8.197898872060423170e-02	3.537925741176758954e-02	8.501419108407316794e-02
1.635166332215485909e+03	2.011039991653833237e-01	1.301106591618094166e-01	2.922476671224742417e-01	1.739542131110904666e-01	8.205189121365120963e-02	3.542141079265442166e-02	8.511015974005554929e-02
1.640004102429141085e+03	2.006967923058974312e-01	1.298475463969793187e-01	2.925419616842445669e-01	1.741203613264533656e-01	8.212437481299589281e-02	3.546334146547764493e-02	8.520562231507046447e-02
1.644841872642796488e+03	2.002918866795018182e-01	1.295858945435261478e-01	2.928345948143500355e-01	1.742855501251479589e-01	8.219644184739807735e-02	3.550505066693543377e-02	8.530058163025916462e-02
1.649679642856451665e+03	1.998892693102603535e-01	1.293256954611377574e-01	2.931255757860454780e-01	1.744497849981905546e-01	8.226809463381724863e-02	3.554653962691509128e-02	8.539504049075215264e-02
1.654517413070107068e+03	1.994889272953745685e-01	1.290669410548768159e-01	2.934149138208370089e-01	1.746130714042973264e-01	8.233933547744194670e-02	3.558780956852585636e-02	8.548900168576506475e-02
1.659355183283762244e+03	1.990908478047718477e-01	1.288096232749278147e-01	2.937026180887713500e-01	1.747754147701021388e-01	8.241016667172001986e-02	3.562886170813166914e-02	8.558246798869374727e-02
1.664192953497417420e+03	1.986950180806958954e-01	1.285537341163454916e-01	2.939886977087228237e-01	1.749368204903721802e-01	8.248059049838961376e-02	3.566969725538397112e-02	8.567544215720862555e-02
1.669030723711072824e+03	1.983014254372995055e-01	1.282992656188046976e-01	2.942731617486790130e-01	1.750972939282214591e-01	8.255060922751102093e-02	3.571031741325458864e-02	8.576792693334829576e-02
1.673868493924728000e+03	1.979100572602396912e-01	1.280462098663515957e-01	2.945560192260247012e-01	1.752568404153222181e-01	8.262022511749930742e-02	3.575072337806854683e-02	8.585992504361246447e-02
1.678706264138383403e+03	1.975209010062748960e-01	1.277945589871562759e-01	2.948372791078244792e-01	1.754154652521142110e-01	8.268944041515760568e-02	3.579091633953692536e-02	8.595143919905411101e-02
1.683544034352038352e+03	1.971339442028646471e-01	1.275443051532667571e-01	2.951169503111034098e-01	1.755731737080117594e-01	8.275825735571118447e-02	3.583089748078968628e-02	8.604247209537098373e-02
1.688381804565693983e+03	1.967491744477713744e-01	1.272954405803643496e-01	2.953950417031265818e-01	1.757299710216091160e-01	8.282667816284214335e-02	3.587066797840850196e-02	8.613302641299633300e-02
1.693219574779349159e+03	1.963665794086645600e-01	1.270479575275203221e-01	2.956715621016764439e-01	1.758858624008835247e-01	8.289470504872478718e-02	3.591022900245957605e-02	8.622310481718914454e-02
1.698057344993004335e+03	1.959861468227269699e-01	1.268018482969540950e-01	2.959465202753293056e-01	1.760408530233965041e-01	8.296234021406156955e-02	3.594958171652640200e-02	8.631270995812351243e-02
1.702895115206659511e+03	1.956078644962631063e-01	1.265571052337925717e-01	2.962199249437298398e-01	1.761949480364931597e-01	8.302958584811968856e-02	3.598872727774253544e-02	8.640184447097745690e-02
1.707732885420315142e+03	1.952317203043099636e-01	1.263137207258310246e-01	2.964917847778642535e-01	1.763481525574995823e-01	8.309644412876820985e-02	3.602766683682429721e-02	8.649051097602104832e-02
1.712570655633970318e+03	1.948577021902499207e-01	1.260716872032950353e-01	2.967621084003318477e-01	1.765004716739184409e-01	8.316291722251577256e-02	3.606640153810341393e-02	8.657871207870394825e-02
1.717408425847625494e+03	1.944857981654257995e-01	1.258309971386041282e-01	2.970309043856150244e-01	1.766519104436227727e-01	8.322900728454878105e-02	3.610493251955965849e-02	8.666645036974228444e-02
1.722246196061280898e+03	1.941159963087580320e-01	1.255916430461363753e-01	2.972981812603477936e-01	1.768024738950477737e-01	8.329471645877009611e-02	3.614326091285344211e-02	8.675372842520484573e-02
1.727083966274936301e+03	1.937482847663641317e-01	1.253536174819945559e-01	2.975639475035831705e-01	1.769521670273811464e-01	8.336004687783822586e-02	3.618138784335825364e-02	8.684054880659884679e-02
1.731921736488591478e+03	1.933826517511801346e-01	1.251169130437734534e-01	2.978282115470583524e-01	1.771009948107514220e-01	8.342500066320696073e-02	3.621931443019317520e-02	8.692691406095483242e-02
1.736759506702246881e+03	1.930190855425842344e-01	1.248815223703285821e-01	2.980909817754588964e-01	1.772489621864147546e-01	8.348957992516542470e-02	3.625704178625520357e-02	8.701282672091122106e-02
1.741597276915902057e+03	1.926575744860224981e-01	1.246474381415461075e-01	2.983522665266813978e-01	1.773960740669399683e-01	8.355378676287855688e-02	3.629457101825159238e-02	8.709828930479814046e-02
1.746435047129557461e+03	1.922981069926368303e-01	1.244146530781141124e-01	2.986120740920947814e-01	1.775423353363918821e-01	8.361762326442795379e-02	3.633190322673205547e-02	8.718330431672068059e-02
1.751272817343212637e+03	1.919406715388947970e-01	1.241831599412951126e-01	2.988704127167995939e-01	1.776877508505131376e-01	8.368109150685311415e-02	3.636903950612094955e-02	8.726787424664161907e-02
1.756110587556867813e+03	1.915852566662216705e-01	1.239529515326998205e-01	2.991272905998865750e-01	1.778323254369043871e-01	8.374419355619305838e-02	3.640598094474929020e-02	8.735200157046353608e-02
1.760948357770523216e+03	1.912318509806345823e-01	1.237240206940622145e-01	2.993827158946932299e-01	1.779760638952027907e-01	8.380693146752822564e-02	3.644272862488679571e-02	8.743568875011045738e-02
1.765786127984178393e+03	1.908804431523785650e-01	1.234963603070158289e-01	2.996366967090595690e-01	1.781189709972590407e-01	8.386930728502271781e-02	3.647928362277374353e-02	8.751893823360880342e-02
