8.030698554667769713e+02	3.184905425504652166e-01	2.070507786396322547e-01	2.073458851054238161e-01	1.250089653425131841e-01	6.144415159667392795e-02	2.282522808815158968e-02	5.783444851315110852e-02
8.079076256804323748e+02	3.173998996537060191e-01	2.063003090615141699e-01	2.082663077633661319e-01	1.252917638799934952e-01	6.174568471638376688e-02	2.282522808815162438e-02	5.817080667289590418e-02
8.127453958940876646e+02	3.163163948699715955e-01	2.055540104662746670e-01	2.091987286156673786e-01	1.255743205285671515e-01	6.202564569171163666e-02	2.282522808815165907e-02	5.850567157566698845e-02
8.175831661077428407e+02	3.152399404557812979e-01	2.048118812231276842e-01	2.101271523441848033e-01	1.258566403404197120e-01	6.230006175230533294e-02	2.282522808815169377e-02	5.883909563204055976e-02
8.224209363213982442e+02	3.141704621338443637e-01	2.040739185280957824e-01	2.110488599401698084e-01	1.261387204871976808e-01	6.257173560265125167e-02	2.282522808815172846e-02	5.917107505590052385e-02
8.272587065350534203e+02	3.131078897032059105e-01	2.033401182408346164e-01	2.119634382065026523e-01	1.264205567100931404e-01	6.284117181871393121e-02	2.282522808815176316e-02	5.950159706850905589e-02
8.320964767487085965e+02	3.120521553158601136e-01	2.026104749326284871e-01	2.128708736092294607e-01	1.267021444460741664e-01	6.310847537183741918e-02	2.282522808815179785e-02	5.983064807222967380e-02
8.369342469623640000e+02	3.110031930908285225e-01	2.018849819664532141e-01	2.137712211031971565e-01	1.269834790288059678e-01	6.337368151505143321e-02	2.282522808815183255e-02	6.015821504352298482e-02
8.417720171760191761e+02	3.099609389656905467e-01	2.011636315782628637e-01	2.146645466160895244e-01	1.272645557285445594e-01	6.363681311056225420e-02	2.282522808815186724e-02	6.048428574870947511e-02
8.466097873896745796e+02	3.089253305941324634e-01	2.004464149544003260e-01	2.155509170809140618e-01	1.275453697638121442e-01	6.389789059850049802e-02	2.282522808815190193e-02	6.080884875609971624e-02
8.514475576033297557e+02	3.078963072559706138e-01	1.997333223044905903e-01	2.164303987292711118e-01	1.278259163079412675e-01	6.415693373655864673e-02	2.282522808815193663e-02	6.113189341362691709e-02
8.562853278169851592e+02	3.068738097735552728e-01	1.990243429299345668e-01	2.173030568190234546e-01	1.281061904945103025e-01	6.441396190949735812e-02	2.282522808815197132e-02	6.145340982133812302e-02
8.611230980306403353e+02	3.058577804332457406e-01	1.983194652882405706e-01	2.181689556102907601e-01	1.283861874223787836e-01	6.466899418988888981e-02	2.282522808815200602e-02	6.177338880381434000e-02
8.659608682442956251e+02	3.048481629114956903e-01	1.976186770534373582e-01	2.190281583837214718e-01	1.286659021604553421e-01	6.492204935537790322e-02	2.282522808815204071e-02	6.209182188337124958e-02
8.707986384579510286e+02	3.038449022052465143e-01	1.969219651728026932e-01	2.198807274652795074e-01	1.289453297522305808e-01	6.517314589813930081e-02	2.282522808815207541e-02	6.240870125416032865e-02
8.756364086716062047e+02	3.028479445663690428e-01	1.962293159201276560e-01	2.207267242513659966e-01	1.292244652200890687e-01	6.542230203274324030e-02	2.282522808815211010e-02	6.272401975716385136e-02
8.804741788852616082e+02	3.018572374399132174e-01	1.955407149457236426e-01	2.215662092332380817e-01	1.295033035694106716e-01	6.566953570351653779e-02	2.282522808815214480e-02	6.303777085605670460e-02
8.853119490989170117e+02	3.008727294059392876e-01	1.948561473233677566e-01	2.223992420205758436e-01	1.297818397924715983e-01	6.591486459159937028e-02	2.282522808815217949e-02	6.334994861390499943e-02
8.901497193125721878e+02	2.998943701247195892e-01	1.941755975943691981e-01	2.232258813642034045e-01	1.300600688721537945e-01	6.615830612174082581e-02	2.282522808815221418e-02	6.366054767067202969e-02
8.949874895262273640e+02	2.989221102851101208e-01	1.934990498089297073e-01	2.240461851779940172e-01	1.303379857854714552e-01	6.639987746885014919e-02	2.282522808815224888e-02	6.396956322150337826e-02
8.998252597398827675e+02	2.979559015559052337e-01	1.928264875649596810e-01	2.248602105599932788e-01	1.306155855069229821e-01	6.663959556431425790e-02	2.282522808815228357e-02	6.427699099576331121e-02
9.046630299535379436e+02	2.969956965399984106e-01	1.921578940445028694e-01	2.256680138127926671e-01	1.308928630116761860e-01	6.687747710209196450e-02	2.282522808815231827e-02	6.458282723679660553e-02
9.095008001671932334e+02	2.960414487311830989e-01	1.914932520479127320e-01	2.264696504631846796e-01	1.311698132785942272e-01	6.711353854459395363e-02	2.282522808815235296e-02	6.488706868238994230e-02
9.143385703808486369e+02	2.950931124734377242e-01	1.908325440259154848e-01	2.272651752811298831e-01	1.314464312931094003e-01	6.734779612835742335e-02	2.282522808815238766e-02	6.518971254590869013e-02
9.191763405945038130e+02	2.941506429225475561e-01	1.901757521096866244e-01	2.280546422980637700e-01	1.317227120499514514e-01	6.758026586952387005e-02	2.282522808815242235e-02	6.549075649808529243e-02
9.240141108081592165e+02	2.932139960099255371e-01	1.895228581390599187e-01	2.288381048245710370e-01	1.319986505557373124e-01	6.781096356912801049e-02	2.282522808815245358e-02	6.579019864943666529e-02
9.288518810218145063e+02	2.922831284085021242e-01	1.888738436889814132e-01	2.296156154674527106e-01	1.322742418314278579e-01	6.803990481820569591e-02	2.282522808815248480e-02	6.608803753328863773e-02
9.336896512354697961e+02	2.913579975005612943e-01	1.882286900943134500e-01	2.303872261462114601e-01	1.325494809146577913e-01	6.826710500272792359e-02	2.282522808815251603e-02	6.638427208938642299e-02
9.385274214491247449e+02	2.904385613474086414e-01	1.875873784730882066e-01	2.311529881089780247e-01	1.328243628619447392e-01	6.849257930836814834e-02	2.282522808815254725e-02	6.667890164807058206e-02
9.433651916627801484e+02	2.895247786607620943e-01	1.869498897483036493e-01	2.319129519479019019e-01	1.330988827507819106e-01	6.871634272510945829e-02	2.282522808815257848e-02	6.697192591499931402e-02
9.482029618764355519e+02	2.886166087757651710e-01	1.863162046683497497e-01	2.326671676140273370e-01	1.333730356816203722e-01	6.893841005169817904e-02	2.282522808815260970e-02	6.726334495639751943e-02
9.530407320900908417e+02	2.877140116255252345e-01	1.856863038261474530e-01	2.334156844316752633e-01	1.336468167797453532e-01	6.915879589994979038e-02	2.282522808815264093e-02	6.755315918481515081e-02
9.578785023037459041e+02	2.868169477170879333e-01	1.850601676770776693e-01	2.341585511123513985e-01	1.339202211970512424e-01	6.937751469891312306e-02	2.282522808815267215e-02	6.784136934537679520e-02
9.627162725174014213e+02	2.859253781087627844e-01	1.844377765557733417e-01	2.348958157681979297e-01	1.341932441137198007e-01	6.959458069889848386e-02	2.282522808815270338e-02	6.812797650250575210e-02
9.675540427310568248e+02	2.850392643887196820e-01	1.838191106918431461e-01	2.356275259250082965e-01	1.344658807398057820e-01	6.981000797537482983e-02	2.282522808815273460e-02	6.841298202710625886e-02
9.723918129447120009e+02	2.841585686547825063e-01	1.832041502245909947e-01	2.363537285348208949e-01	1.347381263167340970e-01	7.002381043274127914e-02	2.282522808815276583e-02	6.869638758418815383e-02
9.772295831583674044e+02	2.832832534953480530e-01	1.825928752167922386e-01	2.370744699881089101e-01	1.350099761187122105e-01	7.023600180797773262e-02	2.282522808815279705e-02	6.897819512091867000e-02
9.820673533720223531e+02	2.824132819713648379e-01	1.819852656675834124e-01	2.377897961255815706e-01	1.352814254540615491e-01	7.044659567417935198e-02	2.282522808815282828e-02	6.925840685508702355e-02
9.869051235856777566e+02	2.815486175993090479e-01	1.813813015245188676e-01	2.384997522496118683e-01	1.355524696664715256e-01	7.065560544397918308e-02	2.282522808815285950e-02	6.953702526396715600e-02
9.917428937993331601e+02	2.806892243350989635e-01	1.807809626948450599e-01	2.392043831353050376e-01	1.358231041361794011e-01	7.086304437286350399e-02	2.282522808815289073e-02	6.981405307356566836e-02
9.965806640129884499e+02	2.798350665588924535e-01	1.801842290560394522e-01	2.399037330412216174e-01	1.360933242810792865e-01	7.106892556238357528e-02	2.282522808815292195e-02	7.008949324824116645e-02
1.001418434226643626e+03	2.789861090607164695e-01	1.795910804656587478e-01	2.405978457197681109e-01	1.363631255577633095e-01	7.127326196326808083e-02	2.282522808815295318e-02	7.036334898068279109e-02
1.006256204440298802e+03	2.781423170268781386e-01	1.790014967705381987e-01	2.412867644272679302e-01	1.366325034624980284e-01	7.147606637843977040e-02	2.282522808815298440e-02	7.063562368223545718e-02
1.011093974653954206e+03	2.773036560271128770e-01	1.784154578153814286e-01	2.419705319337244753e-01	1.369014535321385617e-01	7.167735146593996742e-02	2.282522808815301563e-02	7.090632097356007468e-02
1.015931744867609382e+03	2.764700920024260600e-01	1.778329434507778251e-01	2.426491905322879505e-01	1.371699713449835711e-01	7.187712974176441172e-02	2.282522808815304685e-02	7.117544467561744137e-02
1.020769515081264785e+03	2.756415912535866153e-01	1.772539335406819461e-01	2.433227820484371862e-01	1.374380525215733451e-01	7.207541358261358722e-02	2.282522808815307808e-02	7.144299880096455224e-02
1.025607285294920075e+03	2.748181204302352354e-01	1.766784079693878851e-01	2.439913478488864862e-01	1.377056927254335372e-01	7.227221522856094871e-02	2.282522808815310930e-02	7.170898754535304231e-02
1.030445055508575479e+03	2.739996465205714604e-01	1.761063466480295436e-01	2.446549288502282149e-01	1.379728876637668633e-01	7.246754678564176766e-02	2.282522808815314053e-02	7.197341527961921559e-02
1.035282825722230655e+03	2.731861368415843816e-01	1.755377295206351218e-01	2.453135655273205873e-01	1.382396330880951985e-01	7.266142022836569181e-02	2.282522808815317175e-02	7.223628654185607068e-02
1.040120595935886058e+03	2.723775590297966009e-01	1.749725365697636370e-01	2.459672979214295452e-01	1.385059247948540184e-01	7.285384740215575250e-02	2.282522808815320298e-02	7.249760602985742819e-02
1.044958366149541234e+03	2.715738810324906938e-01	1.744107478217483964e-01	2.466161656481347941e-01	1.387717586259412383e-01	7.304484002571642876e-02	2.282522808815323420e-02	7.275737859382534756e-02
1.049796136363196410e+03	2.707750710993901966e-01	1.738523433515719308e-01	2.472602079050070789e-01	1.390371304692226972e-01	7.323440969333347428e-02	2.282522808815326543e-02	7.301560922933149345e-02
1.054633906576851814e+03	2.699810977747683083e-01	1.732973032873946773e-01	2.478994634790661900e-01	1.393020362589957040e-01	7.342256787710770005e-02	2.282522808815329318e-02	7.327230307052430558e-02
1.059471676790506763e+03	2.691919298899599355e-01	1.727456078147586727e-01	2.485339707540265564e-01	1.395664719764130035e-01	7.360932592912536321e-02	2.282522808815332094e-02	7.352746538357329831e-02
1.064309447004162394e+03	2.684075365562531568e-01	1.721972371804862123e-01	2.491637677173390297e-01	1.398304336498684686e-01	7.379469508356713281e-02	2.282522808815334869e-02	7.378110156034274614e-02
1.069147217217817570e+03	2.676278871581382335e-01	1.716521716962922384e-01	2.497888919670348817e-01	1.400939173553463757e-01	7.397868645875811666e-02	2.282522808815337645e-02	7.403321711228681712e-02
1.073984987431472746e+03	2.668529513468929637e-01	1.711103917421280263e-01	2.504093807183801479e-01	1.403569192167358759e-01	7.416131105916068389e-02	2.282522808815340420e-02	7.428381766455889601e-02
1.078822757645127922e+03	2.660826990344856147e-01	1.705718777692726562e-01	2.510252708103462016e-01	1.406194354061120200e-01	7.434257977731235922e-02	2.282522808815343196e-02	7.453290895032765873e-02
1.083660527858783553e+03	2.653171003877761724e-01	1.700366103031880904e-01	2.516365987119034697e-01	1.408814621439850312e-01	7.452250339571055149e-02	2.282522808815345972e-02	7.478049680529312571e-02
1.088498298072438729e+03	2.645561258229996437e-01	1.695045699461521227e-01	2.522434005281438685e-01	1.411429956995188806e-01	7.470109258864607304e-02	2.282522808815348747e-02	7.502658716239582470e-02
1.093336068286093905e+03	2.637997460005138683e-01	1.689757373796832163e-01	2.528457120062386210e-01	1.414040323907209962e-01	7.487835792398706003e-02	2.282522808815351523e-02	7.527118604671263757e-02
1.098173838499749309e+03	2.630479318197975758e-01	1.684500933667700262e-01	2.534435685412365635e-01	1.416645685846039393e-01	7.505430986491518075e-02	2.282522808815354298e-02	7.551429957053301667e-02
1.103011608713404712e+03	2.623006544146839758e-01	1.679276187539179288e-01	2.540370051817086861e-01	1.419246006973205743e-01	7.522895877161561717e-02	2.282522808815357074e-02	7.575593392860950626e-02
1.107849378927059888e+03	2.615578851488158940e-01	1.674082944730234945e-01	2.546260566352440691e-01	1.421841251942735640e-01	7.540231490292252647e-02	2.282522808815359849e-02	7.599609539357672638e-02
1.112687149140715292e+03	2.608195956113101843e-01	1.668921015430882282e-01	2.552107572738021579e-01	1.424431385902009961e-01	7.557438841792132878e-02	2.282522808815362625e-02	7.623479031153322649e-02
1.117524919354370468e+03	2.600857576126198722e-01	1.663790210717812912e-01	2.557911411389266476e-01	1.427016374492383333e-01	7.574518937750948644e-02	2.282522808815365400e-02	7.647202509778047719e-02
1.122362689568025871e+03	2.593563431805809838e-01	1.658690342568606702e-01	2.563672419468249752e-01	1.429596183849584645e-01	7.591472774591692674e-02	2.282522808815368176e-02	7.670780623271407361e-02
1.127200459781681047e+03	2.586313245566356778e-01	1.653621223874618407e-01	2.569390930933184714e-01	1.432170780603904958e-01	7.608301339218773163e-02	2.282522808815370952e-02	7.694214025786176581e-02
1.132038229995336451e+03	2.579106741922201351e-01	1.648582668452622801e-01	2.575067276586673892e-01	1.434740131880183900e-01	7.625005609162405218e-02	2.282522808815373727e-02	7.717503377206354209e-02
1.136876000208991627e+03	2.571943647453083792e-01	1.643574491055294073e-01	2.580701784122748643e-01	1.437304205297602333e-01	7.641586552719384362e-02	2.282522808815376503e-02	7.740649342778894992e-02
1.141713770422646803e+03	2.564823690771028120e-01	1.638596507380598033e-01	2.586294778172734676e-01	1.439862968969291557e-01	7.658045129090343406e-02	2.282522808815379278e-02	7.763652592758693571e-02
1.146551540636302207e+03	2.557746602488640275e-01	1.633648534080160974e-01	2.591846580349989604e-01	1.442416391501765427e-01	7.674382288513595385e-02	2.282522808815382054e-02	7.786513802066395706e-02
1.151389310849957155e+03	2.550712115188706330e-01	1.628730388766685133e-01	2.597357509293543587e-01	1.444964441994188720e-01	7.690598972395711053e-02	2.282522808815384829e-02	7.809233649958595425e-02
1.156227081063612786e+03	2.543719963395033590e-01	1.623841890020469303e-01	2.602827880710681385e-01	1.447507090037481181e-01	7.706696113438891993e-02	2.282522808815387605e-02	7.831812819709992046e-02
1.161064851277267962e+03	2.536769883544449100e-01	1.618982857395091790e-01	2.608258007418498003e-01	1.450044305713271697e-01	7.722674635765286455e-02	2.282522808815390380e-02	7.854251998307132387e-02
1.165902621490923138e+03	2.529861613959902833e-01	1.614153111422312048e-01	2.613648199384463466e-01	1.452576059592709523e-01	7.738535455038313138e-02	2.282522808815393156e-02	7.876551876153319032e-02
1.170740391704578315e+03	2.522994894824608370e-01	1.609352473616239565e-01	2.618998763766026694e-01	1.455102322735132292e-01	7.754279478581102558e-02	2.282522808815395932e-02	7.898713146784336336e-02
1.175578161918233945e+03	2.516169468157160027e-01	1.604580766476817189e-01	2.624310004949290676e-01	1.457623066686608293e-01	7.769907605492146208e-02	2.282522808815398707e-02	7.920736506594602822e-02
1.180415932131889122e+03	2.509385077787580909e-01	1.599837813492666072e-01	2.629582224586785033e-01	1.460138263478349407e-01	7.785420726758254806e-02	2.282522808815401483e-02	7.942622654573436303e-02
1.185253702345544298e+03	2.502641469334245805e-01	1.595123439143332766e-01	2.634815721634372054e-01	1.462647885625007194e-01	7.800819725364879775e-02	2.282522808815404258e-02	7.964372292051047353e-02
1.190091472559199701e+03	2.495938390181624833e-01	1.590437468900976481e-01	2.640010792387303407e-01	1.465151906122855174e-01	7.816105476403917285e-02	2.282522808815407034e-02	7.985986122453982150e-02
1.194929242772855105e+03	2.489275589458815330e-01	1.585779729231538149e-01	2.645167730515461391e-01	1.467650298447864821e-01	7.831278847179043434e-02	2.282522808815409809e-02	8.007464851069651113e-02
1.199767012986510281e+03	2.482652818018805385e-01	1.581150047595418773e-01	2.650286827097810827e-01	1.470143036553677729e-01	7.846340697308674950e-02	2.282522808815412585e-02	8.028809184819681033e-02
1.204604783200165684e+03	2.476069828418442920e-01	1.576548252447708132e-01	2.655368370656076560e-01	1.472630094869481487e-01	7.861291878826630330e-02	2.282522808815415361e-02	8.050019832041757639e-02
1.209442553413820860e+03	2.469526374899057852e-01	1.571974173237986605e-01	2.660412647187683777e-01	1.475111448297794781e-01	7.876133236280545569e-02	2.282522808815418136e-02	8.071097502279696301e-02
1.214280323627476264e+03	2.463022213367713764e-01	1.567427640409735923e-01	2.665419940197973903e-01	1.477587072212164787e-01	7.890865606828133261e-02	2.282522808815420912e-02	8.092042906081449438e-02
1.219118093841131440e+03	2.456557101379048813e-01	1.562908485399378822e-01	2.670390530731723278e-01	1.480056942454781310e-01	7.905489820331337847e-02	2.282522808815423687e-02	8.112856754804803616e-02
1.223955864054786844e+03	2.450130798117677866e-01	1.558416540634980363e-01	2.675324697403980712e-01	1.482521035334013748e-01	7.920006699448456366e-02	2.282522808815426463e-02	8.133539760430477661e-02
1.228793634268442020e+03	2.443743064381121155e-01	1.553951639534628948e-01	2.680222716430251673e-01	1.484979327621874512e-01	7.934417059724288568e-02	2.282522808815429238e-02	8.154092635382399756e-02
1.233631404482097196e+03	2.437393662563238639e-01	1.549513616504521463e-01	2.685084861656045208e-01	1.487431796551411944e-01	7.948721709678360781e-02	2.282522808815432014e-02	8.174516092354912333e-02
1.238469174695752372e+03	2.431082356638137876e-01	1.545102306936773640e-01	2.689911404585796917e-01	1.489878419814038291e-01	7.962921450891313757e-02	2.282522808815434789e-02	8.194810844146660500e-02
1.243306944909407548e+03	2.424808912144531536e-01	1.540717547206975624e-01	2.694702614411200181e-01	1.492319175556793831e-01	7.977017078089462809e-02	2.282522808815437565e-02	8.214977603500957237e-02
1.248144715123063179e+03	2.418573096170525683e-01	1.536359174671509675e-01	2.699458758038948414e-01	1.494754042379555503e-01	7.991009379227637099e-02	2.282522808815440341e-02	8.235017082952389433e-02
1.252982485336718355e+03	2.412374677338809392e-01	1.532027027664649432e-01	2.704180100117917207e-01	1.497182999332188624e-01	8.004899135570299473e-02	2.282522808815443116e-02	8.254929994679469085e-02
1.257820255550373531e+03	2.406213425792231020e-01	1.527720945495455174e-01	2.708866903065793585e-01	1.499606025911646712e-01	8.018687121771031490e-02	2.282522808815445892e-02	8.274717050363110393e-02
1.262658025764028707e+03	2.400089113179741107e-01	1.523440768444480897e-01	2.713519427095178460e-01	1.502023102059022730e-01	8.032374105950418341e-02	2.282522808815448667e-02	8.294378961050750954e-02
1.267495795977684338e+03	2.394001512642677243e-01	1.519186337760308203e-01	2.718137930239167277e-01	1.504434208156558150e-01	8.045960849772376688e-02	2.282522808815451443e-02	8.313916437025913042e-02
1.272333566191339514e+03	2.387950398801382823e-01	1.514957495655918085e-01	2.722722668376431621e-01	1.506839325024605103e-01	8.059448108518985077e-02	2.282522808815454218e-02	8.333330187683027357e-02
1.277171336404994690e+03	2.381935547742137782e-01	1.510754085304918115e-01	2.727273895255812319e-01	1.509238433918551336e-01	8.072836631163844701e-02	2.282522808815456994e-02	8.352620921407342969e-02
1.282009106618650094e+03	2.375956737004385477e-01	1.506575950837629185e-01	2.731791862520438485e-01	1.511631516525708818e-01	8.086127160444012141e-02	2.282522808815459769e-02	8.371789345459738907e-02
1.286846876832305497e+03	2.370013745568242680e-01	1.502422937337051234e-01	2.736276819731389698e-01	1.514018554962166530e-01	8.099320432930566527e-02	2.282522808815462545e-02	8.390836165866293050e-02
1.291684647045960673e+03	2.364106353842282682e-01	1.498294890834711290e-01	2.740729014390906326e-01	1.516399531769612452e-01	8.112417179097813902e-02	2.282522808815465321e-02	8.409762087312415424e-02
1.296522417259616077e+03	2.358234343651570142e-01	1.494191658306407988e-01	2.745148691965167975e-01	1.518774429912126134e-01	8.125418123391210667e-02	2.282522808815468096e-02	8.428567813041426549e-02
1.301360187473271253e+03	2.352397498225944072e-01	1.490113087667858383e-01	2.749536095906650046e-01	1.521143232772943221e-01	8.138323984294001945e-02	2.282522808815470872e-02	8.447254044757394886e-02
1.306197957686926657e+03	2.346595602188532026e-01	1.486059027770260388e-01	2.753891467676069515e-01	1.523505924151197788e-01	8.151135474392630365e-02	2.282522808815473647e-02	8.465821482532115416e-02
1.311035727900581833e+03	2.340828441544488270e-01	1.482029328395772227e-01	2.758215046763931588e-01	1.525862488258638849e-01	8.163853300440952754e-02	2.282522808815476423e-02	8.484270824716076687e-02
1.315873498114237009e+03	2.335095803669942627e-01	1.478023840252921661e-01	2.762507070711684998e-01	1.528212909716328283e-01	8.176478163423289702e-02	2.282522808815479198e-02	8.502602767853270627e-02
1.320711268327892412e+03	2.329397477301152208e-01	1.474042414971949433e-01	2.766767775132505935e-01	1.530557173551318484e-01	8.189010758616332986e-02	2.282522808815481627e-02	8.520818006599732708e-02
1.325549038541547588e+03	2.323733252523847992e-01	1.470084905100094430e-01	2.770997393731709502e-01	1.532895265193315870e-01	8.201451775649970521e-02	2.282522808815484056e-02	8.538917233645673677e-02
1.330386808755202765e+03	2.318102920762765695e-01	1.466151164096826109e-01	2.775196158326804774e-01	1.535227170471326064e-01	8.213801898567013593e-02	2.282522808815486484e-02	8.556901139641075182e-02
1.335224578968857941e+03	2.312506274771354009e-01	1.462241046329030014e-01	2.779364298867203487e-01	1.537552875610288250e-01	8.226061805881901279e-02	2.282522808815488913e-02	8.574770413124649382e-02
1.340062349182513572e+03	2.306943108621651306e-01	1.458354407066152214e-01	2.783502043453590646e-01	1.539872367227696770e-01	8.238232170638376539e-02	2.282522808815491341e-02	8.592525740456016803e-02
1.344900119396168748e+03	2.301413217694325553e-01	1.454491102475306830e-01	2.787609618356963193e-01	1.542185632330212997e-01	8.250313660466182530e-02	2.282522808815493770e-02	8.610167805751027525e-02
1.349737889609823924e+03	2.295916398668870206e-01	1.450650989616351916e-01	2.791687248037350022e-01	1.544492658310269440e-01	8.262306937636793025e-02	2.282522808815496199e-02	8.627697290820078579e-02
1.354575659823479100e+03	2.290452449513950273e-01	1.446833926436938700e-01	2.795735155162217822e-01	1.546793432942665525e-01	8.274212659118201918e-02	2.282522808815498627e-02	8.645114875109360941e-02
1.359413430037134731e+03	2.285021169477887693e-01	1.443039771767535007e-01	2.799753560624575477e-01	1.549087944381157544e-01	8.286031476628810677e-02	2.282522808815501056e-02	8.662421235644909845e-02
1.364251200250789907e+03	2.279622359079290228e-01	1.439268385316432586e-01	2.803742683560779270e-01	1.551376181155047218e-01	8.297764036690409573e-02	2.282522808815503484e-02	8.679617046979372363e-02
1.369088970464445310e+03	2.274255820097806358e-01	1.435519627664736120e-01	2.807702741368051091e-01	1.553658132165763039e-01	8.309410980680315140e-02	2.282522808815505913e-02	8.696702981141388178e-02
1.373926740678100487e+03	2.268921355565012843e-01	1.431793360261338632e-01	2.811633949721715764e-01	1.555933786683442732e-01	8.320972944882649991e-02	2.282522808815508342e-02	8.713679707587509982e-02
1.378764510891755890e+03	2.263618769755421645e-01	1.428089445417891346e-01	2.815536522592161361e-01	1.558203134343515428e-01	8.332450560538802453e-02	2.282522808815510770e-02	8.730547893156553885e-02
1.383602281105411066e+03	2.258347868177605078e-01	1.424407746303761879e-01	2.819410672261535855e-01	1.560466165143281625e-01	8.343844453897084068e-02	2.282522808815513199e-02	8.747308202026315982e-02
1.388440051319066470e+03	2.253108457565435319e-01	1.420748126940992173e-01	2.823256609340182299e-01	1.562722869438497586e-01	8.355155246261616875e-02	2.282522808815515628e-02	8.763961295672549612e-02
1.393277821532721646e+03	2.247900345869433547e-01	1.417110452199252801e-01	2.827074542782817002e-01	1.564973237939961126e-01	8.366383554040444925e-02	2.282522808815518056e-02	8.780507832830147796e-02
1.398115591746377049e+03	2.242723342248224283e-01	1.413494587790797841e-01	2.830864679904466219e-01	1.567217261710100451e-01	8.377529988792907500e-02	2.282522808815520485e-02	8.796948469456436492e-02
1.402953361960032225e+03	2.237577257060092695e-01	1.409900400265425291e-01	2.834627226396154165e-01	1.569454932159569938e-01	8.388595157276299008e-02	2.282522808815522913e-02	8.813283858696506490e-02
1.407791132173687402e+03	2.232461901854639053e-01	1.406327757005439716e-01	2.838362386340361199e-01	1.571686241043848409e-01	8.399579661491807236e-02	2.282522808815525342e-02	8.829514650850528446e-02
1.412628902387342805e+03	2.227377089364532547e-01	1.402776526220622655e-01	2.842070362226247759e-01	1.573911180459845460e-01	8.410484098729775759e-02	2.282522808815527771e-02	8.845641493342949746e-02
1.417466672600997981e+03	2.222322633497353095e-01	1.399246576943211917e-01	2.845751354964656810e-01	1.576129742842515835e-01	8.421309061614280778e-02	2.282522808815530199e-02	8.861665030693541278e-02
1.422304442814653157e+03	2.217298349327525842e-01	1.395737779022890868e-01	2.849405563902897009e-01	1.578341920961479350e-01	8.432055138147064033e-02	2.282522808815532628e-02	8.877585904490199742e-02
1.427142213028308333e+03	2.212304053088340883e-01	1.392250003121789370e-01	2.853033186839308843e-01	1.580547707917651645e-01	8.442722911750821790e-02	2.282522808815535056e-02	8.893404753363459703e-02
1.431979983241963964e+03	2.207339562164059021e-01	1.388783120709496943e-01	2.856634420037627020e-01	1.582747097139883263e-01	8.453312961311860996e-02	2.282522808815537485e-02	8.909122212962658494e-02
1.436817753455619140e+03	2.202404695082097741e-01	1.385337004058093124e-01	2.860209458241134151e-01	1.584940082381609827e-01	8.463825861222160074e-02	2.282522808815539914e-02	8.924738915933669303e-02
1.441655523669274316e+03	2.197499271505297391e-01	1.381911526237189769e-01	2.863758494686619027e-01	1.587126657717512213e-01	8.474262181420813556e-02	2.282522808815542342e-02	8.940255491898174700e-02
1.446493293882929493e+03	2.192623112224266202e-01	1.378506561108991391e-01	2.867281721118138393e-01	1.589306817540188377e-01	8.484622487434914651e-02	2.282522808815544771e-02	8.955672567434409814e-02
1.451331064096585123e+03	2.187776039149797180e-01	1.375121983323374653e-01	2.870779327800588865e-01	1.591480556556837123e-01	8.494907340419857733e-02	2.282522808815547199e-02	8.970990766059325217e-02
1.456168834310240300e+03	2.182957875305361894e-01	1.371757668312983958e-01	2.874251503533094554e-01	1.593647869785954907e-01	8.505117297199080162e-02	2.282522808815549628e-02	8.986210708212122311e-02
1.461006604523895703e+03	2.178168444819672533e-01	1.368413492288348410e-01	2.877698435662210397e-01	1.595808752554045695e-01	8.515252910303279521e-02	2.282522808815552057e-02	9.001333011239100179e-02
1.465844374737550879e+03	2.173407572919316133e-01	1.365089332233018204e-01	2.881120310094951176e-01	1.597963200492343305e-01	8.525314728009077136e-02	2.282522808815554485e-02	9.016358289379783342e-02
1.470682144951206283e+03	2.168675085921455137e-01	1.361785065898721558e-01	2.884517311311643462e-01	1.600111209533549572e-01	8.535303294377177830e-02	2.282522808815556914e-02	9.031287153754267993e-02
1.475519915164861459e+03	2.163970811226594848e-01	1.358500571800543844e-01	2.887889622378613241e-01	1.602252775908585836e-01	8.545219149290020355e-02	2.282522808815559343e-02	9.046120212351742296e-02
1.480357685378516862e+03	2.159294577311415275e-01	1.355235729212129203e-01	2.891237424960700908e-01	1.604387896143360526e-01	8.555062828488921300e-02	2.282522808815561771e-02	9.060858070020152977e-02
1.485195455592172038e+03	2.154646213721666814e-01	1.351990418160903817e-01	2.894560899333619708e-01	1.606516567055550904e-01	8.564834863610748528e-02	2.282522808815564200e-02	9.075501328456966887e-02
1.490033225805827215e+03	2.150025551065126717e-01	1.348764519423324149e-01	2.897860224396151541e-01	1.608638785751402012e-01	8.574535782224108893e-02	2.282522808815566628e-02	9.090050586200970617e-02
1.494870996019482618e+03	2.145432421004618007e-01	1.345557914520146836e-01	2.901135577682188993e-01	1.610754549622540610e-01	8.584166107865071060e-02	2.282522808815569057e-02	9.104506438625101228e-02
1.499708766233137567e+03	2.140866656251085853e-01	1.342370485711723849e-01	2.904387135372625828e-01	1.612863856342806601e-01	8.593726360072442838e-02	2.282522808815571486e-02	9.118869477930244272e-02
1.504546536446793198e+03	2.136328090556732506e-01	1.339202115993322340e-01	2.907615072307097592e-01	1.614966703865100550e-01	8.603217054422593324e-02	2.282522808815573914e-02	9.133140293139978272e-02
1.509384306660448374e+03	2.131816558708209408e-01	1.336052689090469481e-01	2.910819561995575677e-01	1.617063090418249249e-01	8.612638702563843451e-02	2.282522808815576343e-02	9.147319470096214322e-02
1.514222076874103550e+03	2.127331896519865373e-01	1.332922089454320613e-01	2.914000776629820377e-01	1.619153014503888210e-01	8.621991812250433262e-02	2.282522808815578771e-02	9.161407591455708599e-02
1.519059847087758726e+03	2.122873940827050276e-01	1.329810202257055984e-01	2.917158887094691844e-01	1.621236474893361645e-01	8.631276887376064522e-02	2.282522808815581200e-02	9.175405236687418642e-02
1.523897617301414357e+03	2.118442529479469538e-01	1.326716913387298857e-01	2.920294062979327254e-01	1.623313470624642152e-01	8.640494428007036709e-02	2.282522808815583629e-02	9.189312982070653446e-02
1.528735387515069533e+03	2.114037501334595781e-01	1.323642109445563875e-01	2.923406472588181981e-01	1.625384000999265666e-01	8.649644930414984723e-02	2.282522808815586057e-02	9.203131400694003483e-02
1.533573157728724709e+03	2.109658696251127952e-01	1.320585677739728736e-01	2.926496282951936978e-01	1.627448065579288339e-01	8.658728887109221062e-02	2.282522808815588486e-02	9.216861062455017350e-02
1.538410927942380113e+03	2.105305955082505398e-01	1.317547506280531411e-01	2.929563659838281264e-01	1.629505664184259517e-01	8.667746786868693598e-02	2.282522808815590568e-02	9.230502534060584796e-02
1.543248698156035516e+03	2.100979119670469408e-01	1.314527483777096495e-01	2.932608767762565627e-01	1.631556796888214977e-01	8.676699114773565868e-02	2.282522808815592649e-02	9.244056379028017800e-02
1.548086468369690692e+03	2.096678032838676653e-01	1.311525499632485159e-01	2.935631769998333085e-01	1.633601464016689320e-01	8.685586352236430996e-02	2.282522808815594731e-02	9.257523157686775583e-02
1.552924238583346096e+03	2.092402538386357036e-01	1.308541443939272575e-01	2.938632828587728896e-01	1.635639666143746673e-01	8.694408977033149521e-02	2.282522808815596813e-02	9.270903427180840484e-02
1.557762008797001272e+03	2.088152481082026224e-01	1.305575207475152821e-01	2.941612104351787882e-01	1.637671404089031946e-01	8.703167463333355558e-02	2.282522808815598894e-02	9.284197741471691967e-02
1.562599779010656675e+03	2.083927706657237588e-01	1.302626681698568212e-01	2.944569756900610180e-01	1.639696678914840944e-01	8.711862281730591018e-02	2.282522808815600976e-02	9.297406651341874606e-02
1.567437549224311852e+03	2.079728061800386607e-01	1.299695758744367213e-01	2.947505944643416531e-01	1.641715491923211034e-01	8.720493899272109550e-02	2.282522808815603058e-02	9.310530704399107294e-02
1.572275319437967255e+03	2.075553394150558006e-01	1.296782331419488454e-01	2.950420824798496988e-01	1.643727844653030123e-01	8.729062779488341861e-02	2.282522808815605139e-02	9.323570445080955893e-02
1.577113089651622431e+03	2.071403552291420092e-01	1.293886293198669712e-01	2.953314553403042497e-01	1.645733738877166730e-01	8.737569382422033515e-02	2.282522808815607221e-02	9.336526414659999940e-02
1.581950859865277607e+03	2.067278385745161540e-01	1.291007538220186601e-01	2.956187285322875447e-01	1.647733176599621707e-01	8.746014164657052448e-02	2.282522808815609303e-02	9.349399151249508655e-02
1.586788630078933011e+03	2.063177744966473992e-01	1.288145961281614571e-01	2.959039174262068084e-01	1.649726160052696622e-01	8.754397579346889779e-02	2.282522808815611384e-02	9.362189189809583256e-02
1.591626400292587959e+03	2.059101481336577666e-01	1.285301457835619776e-01	2.961870372772458793e-01	1.651712691694184609e-01	8.762720076242841438e-02	2.282522808815613466e-02	9.374897062153757232e-02
1.596464170506243590e+03	2.055049447157288323e-01	1.282473923985775477e-01	2.964681032263064009e-01	1.653692774204580940e-01	8.770982101721888635e-02	2.282522808815615548e-02	9.387523296956028218e-02
1.601301940719898766e+03	2.051021495645130310e-01	1.279663256482404809e-01	2.967471303009392436e-01	1.655666410484314677e-01	8.779184098814270254e-02	2.282522808815617629e-02	9.400068419758311755e-02
1.606139710933553943e+03	2.047017480925486244e-01	1.276869352718449646e-01	2.970241334162657676e-01	1.657633603651000875e-01	8.787326507230763806e-02	2.282522808815619711e-02	9.412532952978289180e-02
1.610977481147209119e+03	2.043037258026793312e-01	1.274092110725367488e-01	2.972991273758894826e-01	1.659594357036711376e-01	8.795409763389683278e-02	2.282522808815621793e-02	9.424917415917637153e-02
1.615815251360864750e+03	2.039080682874777617e-01	1.271331429169052230e-01	2.975721268727979374e-01	1.661548674185268359e-01	8.803434300443585547e-02	2.282522808815623874e-02	9.437222324770624948e-02
1.620653021574519926e+03	2.035147612286728469e-01	1.268587207345782675e-01	2.978431464902555614e-01	1.663496558849556772e-01	8.811400548305689528e-02	2.282522808815625956e-02	9.449448192633058685e-02
1.625490791788175102e+03	2.031237903965814606e-01	1.265859345178195761e-01	2.981122007026868470e-01	1.665438014988859516e-01	8.819308933676039963e-02	2.282522808815628038e-02	9.461595529511557245e-02
1.630328562001830505e+03	2.027351416495438985e-01	1.263147743211286977e-01	2.983793038765509276e-01	1.667373046766209843e-01	8.827159880067375619e-02	2.282522808815630119e-02	9.473664842333148761e-02
1.635166332215485909e+03	2.023488009333632154e-01	1.260452302608436881e-01	2.986444702712066634e-01	1.669301658545768730e-01	8.834953807830754624e-02	2.282522808815632201e-02	9.485656634955171029e-02
1.640004102429141085e+03	2.019647542807485874e-01	1.257772925147461474e-01	2.989077140397694565e-01	1.671223854890218630e-01	8.842691134180899470e-02	2.282522808815634283e-02	9.497571408175457808e-02
1.644841872642796488e+03	2.015829878107623652e-01	1.255109513216689232e-01	2.991690492299591830e-01	1.673139640558180818e-01	8.850372273221299158e-02	2.282522808815636364e-02	9.509409659742802667e-02
1.649679642856451665e+03	2.012034877282710132e-01	1.252461969811064224e-01	2.994284897849395222e-01	1.675049020501651886e-01	8.857997635969051820e-02	2.282522808815638446e-02	9.521171884367689298e-02
1.654517413070107068e+03	2.008262403233996296e-01	1.249830198528273512e-01	2.996860495441491801e-01	1.676951999863461606e-01	8.865567630379453390e-02	2.282522808815640528e-02	9.532858573733263285e-02
1.659355183283762244e+03	2.004512319709905455e-01	1.247214103564901200e-01	2.999417422441246206e-01	1.678848583974751063e-01	8.873082661370351731e-02	2.282522808815642609e-02	9.544470216506553695e-02
1.664192953497417420e+03	2.000784491300652002e-01	1.244613589712605384e-01	3.001955815193148580e-01	1.680738778352471041e-01	8.880543130846255129e-02	2.282522808815644691e-02	9.556007298349912527e-02
1.669030723711072824e+03	1.997078783432899296e-01	1.242028562354322435e-01	3.004475809028883670e-01	1.682622588696901789e-01	8.887949437722192370e-02	2.282522808815646773e-02	9.567470301932672061e-02
1.673868493924728000e+03	1.993395062364453074e-01	1.239458927460494464e-01	3.006977538275317774e-01	1.684500020889191374e-01	8.895301977947364658e-02	2.282522808815648854e-02	9.578859706943003427e-02
1.678706264138383403e+03	1.989733195178989833e-01	1.236904591585322039e-01	3.009461136262411851e-01	1.686371080988917637e-01	8.902601144528540789e-02	2.282522808815650936e-02	9.590175990099972236e-02
1.683544034352038352e+03	1.986093049780822406e-01	1.234365461863041746e-01	3.011926735331057481e-01	1.688235775231667901e-01	8.909847327553244156e-02	2.282522808815653018e-02	9.601419625165776017e-02
1.688381804565693983e+03	1.982474494889698846e-01	1.231841446004227625e-01	3.014374466840837874e-01	1.690094110026640339e-01	8.917040914212706615e-02	2.282522808815655099e-02	9.612591082958157895e-02
1.693219574779349159e+03	1.978877400035637391e-01	1.229332452292117572e-01	3.016804461177713392e-01	1.691946091954264209e-01	8.924182288824605847e-02	2.282522808815657181e-02	9.623690831362975706e-02
1.698057344993004335e+03	1.975301635553795843e-01	1.226838389578962935e-01	3.019216847761636013e-01	1.693791727763843125e-01	8.931271832855589010e-02	2.282522808815659263e-02	9.634719335346932090e-02
1.702895115206659511e+03	1.971747072579374538e-01	1.224359167282403071e-01	3.021611755054092741e-01	1.695631024371215823e-01	8.938309924943575735e-02	2.282522808815661344e-02	9.645677056970455854e-02
1.707732885420315142e+03	1.968213583042554560e-01	1.221894695381863100e-01	3.023989310565576294e-01	1.697463988856437733e-01	8.945296940919861273e-02	2.282522808815663426e-02	9.656564455400704072e-02
1.712570655633970318e+03	1.964701039663467874e-01	1.219444884414975505e-01	3.026349640862988077e-01	1.699290628461484209e-01	8.952233253831008708e-02	2.282522808815665508e-02	9.667381986924714066e-02
1.717408425847625494e+03	1.961209315947202436e-01	1.217009645474025070e-01	3.028692871576970091e-01	1.701110950587971515e-01	8.959119233960527451e-02	2.282522808815667589e-02	9.678130104962653912e-02
1.722246196061280898e+03	1.957738286178839771e-01	1.214588890202418087e-01	3.031019127409171898e-01	1.702924962794899189e-01	8.965955248850362991e-02	2.282522808815669671e-02	9.688809260081211738e-02
1.727083966274936301e+03	1.954287825418526137e-01	1.212182530791173912e-01	3.033328532139448752e-01	1.704732672796412385e-01	8.972741663322186811e-02	2.282522808815671753e-02	9.699419900007064110e-02
1.731921736488591478e+03	1.950857809496573947e-01	1.209790479975439426e-01	3.035621208632994783e-01	1.706534088459581988e-01	8.979478839498486464e-02	2.282522808815673834e-02	9.709962469640470717e-02
1.736759506702246881e+03	1.947448115008598712e-01	1.207412651031027628e-01	3.037897278847412341e-01	1.708329217802208033e-01	8.986167136823458579e-02	2.282522808815675916e-02	9.720437411068930111e-02
1.741597276915902057e+03	1.944058619310686242e-01	1.205048957770977758e-01	3.040156863839713064e-01	1.710118068990638951e-01	8.992806912083728399e-02	2.282522808815677998e-02	9.730845163580956192e-02
1.746435047129557461e+03	1.940689200514591761e-01	1.202699314542138992e-01	3.042400083773263431e-01	1.711900650337613017e-01	8.999398519428859766e-02	2.282522808815680079e-02	9.741186163679901866e-02
1.751272817343212637e+03	1.937339737482970947e-01	1.200363636221776359e-01	3.044627057924659819e-01	1.713676970300118396e-01	9.005942310391698569e-02	2.282522808815682161e-02	9.751460845097874308e-02
1.756110587556867813e+03	1.934010109824642609e-01	1.198041838214198296e-01	3.046837904690545829e-01	1.715447037477272063e-01	9.012438633908526064e-02	2.282522808815684243e-02	9.761669638809712668e-02
1.760948357770523216e+03	1.930700197889880787e-01	1.195733836447407661e-01	3.049032741594370766e-01	1.717210860608218426e-01	9.018887836339020692e-02	2.282522808815686324e-02	9.771812973047025452e-02
1.765786127984178393e+03	1.927409882765740989e-01	1.193439547369773979e-01	3.051211685293084286e-01	1.718968448570046825e-01	9.025290261486074161e-02	2.282522808815688406e-02	9.781891273312282031e-02
