8.030698554667769713e+02	3.185165558557880860e-01	2.070765313098398008e-01	2.073785581872205075e-01	1.250348818427065301e-01	6.146341420075330381e-02	2.266986513022180641e-02	5.786019347313620803e-02
8.079076256804323748e+02	3.174262140984751568e-01	2.063256884032092786e-01	2.083054004933406478e-01	1.253177495426288923e-01	6.175887729267871828e-02	2.266986514181773202e-02	5.819620502751582380e-02
8.127453958940876646e+02	3.163429852667505315e-01	2.055790357928517498e-01	2.092391369583772032e-01	1.256003769635976042e-01	6.203784404024860477e-02	2.266986515341365763e-02	5.853075582442693325e-02
8.175831661077428407e+02	3.152667864385903518e-01	2.048365708238664706e-01	2.101679846871049029e-01	1.258827667120164806e-01	6.231214636468589141e-02	2.266986516500958324e-02	5.886387980839262457e-02
8.224209363213982442e+02	3.141975451420338517e-01	2.040982896509994371e-01	2.110899567018197920e-01	1.261649155577357906e-01	6.258385804679367226e-02	2.266986517660550884e-02	5.919556972367829434e-02
8.272587065350534203e+02	3.131351923997518494e-01	2.033641871404576473e-01	2.120047671006761725e-01	1.264468191952080045e-01	6.285335704000330481e-02	2.266986518820143792e-02	5.952581193536797544e-02
8.320964767487085965e+02	3.120796614320792139e-01	2.026342569261922744e-01	2.129124245684644035e-01	1.267284730762229250e-01	6.312072634563753448e-02	2.266986519979736700e-02	5.985459245127273953e-02
8.369342469623640000e+02	3.110308873484088354e-01	2.019084914885747872e-01	2.138129880203698541e-01	1.270098725598005351e-01	6.338599743028533462e-02	2.266986521139329608e-02	6.018189794083383254e-02
8.417720171760191761e+02	3.099888070151874397e-01	2.011868822327834982e-01	2.147065241709715799e-01	1.272910129431895077e-01	6.364919252886025447e-02	2.266986522298922516e-02	6.050771588568506359e-02
8.466097873896745796e+02	3.089533589591765828e-01	2.004694195632084897e-01	2.155931001877151310e-01	1.275718894719709284e-01	6.391033200275174353e-02	2.266986523458515077e-02	6.083203458025856353e-02
8.514475576033297557e+02	3.079244832811507404e-01	1.997560929534692165e-01	2.164727824395013545e-01	1.278524973463063819e-01	6.416943562583440896e-02	2.266986524618107984e-02	6.115484310722350131e-02
8.562853278169851592e+02	3.069021215754614840e-01	1.990468910121947765e-01	2.173456363033902661e-01	1.281328317263013550e-01	6.442652281513282231e-02	2.266986525777700545e-02	6.147613130940904336e-02
8.611230980306403353e+02	3.058862168544347893e-01	1.983418015448008553e-01	2.182117261542584064e-01	1.284128877370096511e-01	6.468161267784720836e-02	2.266986526937293453e-02	6.179588976194295286e-02
8.659608682442956251e+02	3.048767134771954157e-01	1.976408116114996560e-01	2.190711153853835691e-01	1.286926604731800927e-01	6.493472402621447426e-02	2.266986528096886361e-02	6.211410974522478534e-02
8.707986384579510286e+02	3.038735570826351373e-01	1.969439075817674412e-01	2.199238664335798343e-01	1.289721450037715211e-01	6.518587538653523861e-02	2.266986529256478922e-02	6.243078321881300602e-02
8.756364086716062047e+02	3.028766945262761356e-01	1.962510751854815994e-01	2.207700408043344609e-01	1.292513363762493317e-01	6.543508500695222052e-02	2.266986530416071483e-02	6.274590279621260203e-02
8.804741788852616082e+02	3.018860738207982397e-01	1.955622995609267445e-01	2.216096990961900493e-01	1.295302296206740089e-01	6.568237086478682929e-02	2.266986531575664390e-02	6.305946172053462917e-02
8.853119490989170117e+02	3.009016440800124093e-01	1.948775652998575303e-01	2.224429010242732208e-01	1.298088197535906263e-01	6.592775067358336294e-02	2.266986532735257298e-02	6.337145384099752976e-02
8.901497193125721878e+02	2.999233554660774015e-01	1.941968564897938176e-01	2.232697054429815531e-01	1.300871017817290531e-01	6.617124188989630118e-02	2.266986533894849859e-02	6.368187359024074512e-02
8.949874895262273640e+02	2.989511591397664425e-01	1.935201567537148115e-01	2.240901703678620516e-01	1.303650707055226399e-01	6.641286171983498687e-02	2.266986535054442767e-02	6.399071596242203452e-02
8.998252597398827675e+02	2.979850072136047134e-01	1.928474492873077650e-01	2.249043529967128530e-01	1.306427215224539307e-01	6.665262712537675660e-02	2.266986536214035328e-02	6.429797649207105725e-02
9.046630299535379436e+02	2.970248527077064549e-01	1.921787168939176338e-01	2.257123097299411352e-01	1.309200492302350916e-01	6.689055483045808215e-02	2.266986537373627889e-02	6.460365123367281526e-02
9.095008001671932334e+02	2.960706495081527057e-01	1.915139420173360418e-01	2.265140961902078476e-01	1.311970488298301596e-01	6.712666132685306264e-02	2.266986538533220449e-02	6.490773674195536580e-02
9.143385703808486369e+02	2.951223523277599070e-01	1.908531067725590114e-01	2.273097672413888493e-01	1.314737153283266347e-01	6.736096287984770503e-02	2.266986539692813010e-02	6.521023005285724039e-02
9.191763405945038130e+02	2.941799166690962086e-01	1.901961929746350810e-01	2.280993770068799331e-01	1.317500437416623538e-01	6.759347553371880535e-02	2.266986540852405918e-02	6.551112866515106103e-02
9.240141108081592165e+02	2.932432987896151366e-01	1.895431821657190541e-01	2.288829788872733251e-01	1.320260290972148642e-01	6.782421511702485528e-02	2.266986542011998479e-02	6.581043052270041382e-02
9.288518810218145063e+02	2.923124556687787812e-01	1.888940556404387627e-01	2.296606255774307492e-01	1.323016664362587358e-01	6.805319724771685674e-02	2.266986543171591387e-02	6.610813399732796969e-02
9.336896512354697961e+02	2.913873449770552071e-01	1.882487944696763504e-01	2.304323690829772897e-01	1.325769508162970012e-01	6.828043733807638571e-02	2.266986544331183948e-02	6.640423787227377195e-02
9.385274214491247449e+02	2.904679250466778440e-01	1.876073795228594132e-01	2.311982607362400299e-01	1.328518773132720265e-01	6.850595059948753895e-02	2.266986545490776855e-02	6.669874132622333196e-02
9.433651916627801484e+02	2.895541548440636603e-01	1.869697914888515666e-01	2.319583512116527857e-01	1.331264410236611961e-01	6.872975204704950825e-02	2.266986546650369416e-02	6.699164391788563211e-02
9.482029618764355519e+02	2.886459939437915345e-01	1.863360108955268990e-01	2.327126905406490254e-01	1.334006370664623520e-01	6.895185650403629074e-02	2.266986547809962324e-02	6.728294557110230112e-02
9.530407320900908417e+02	2.877434025040495613e-01	1.857060181281073863e-01	2.334613281260627393e-01	1.336744605850741230e-01	6.917227860620919766e-02	2.266986548969554885e-02	6.757264656046950424e-02
9.578785023037459041e+02	2.868463412434636428e-01	1.850797934463377925e-01	2.342043127560568261e-01	1.339479067490751685e-01	6.939103280598830914e-02	2.266986550129147793e-02	6.786074749745500678e-02
9.627162725174014213e+02	2.859547714192262058e-01	1.844573170005681662e-01	2.349416926175977305e-01	1.342209707559073040e-01	6.960813337648803778e-02	2.266986551288740354e-02	6.814724931699342458e-02
9.675540427310568248e+02	2.850686548064496062e-01	1.838385688468098800e-01	2.356735153094937085e-01	1.344936478324663398e-01	6.982359441542242140e-02	2.266986552448332914e-02	6.843215326454309133e-02
9.723918129447120009e+02	2.841879536786696137e-01	1.832235289608271922e-01	2.363998278550138998e-01	1.347659332366046292e-01	7.003742984888494671e-02	2.266986553607925475e-02	6.871546088358890247e-02
9.772295831583674044e+02	2.833126307894335283e-01	1.826121772513222830e-01	2.371206767141044169e-01	1.350378222585494059e-01	7.024965343500781667e-02	2.266986554767518383e-02	6.899717400357581465e-02
9.820673533720223531e+02	2.824426493549078709e-01	1.820044935722688051e-01	2.378361077952168556e-01	1.353093102222402699e-01	7.046027876750532437e-02	2.266986555927110944e-02	6.927729472825829016e-02
9.869051235856777566e+02	2.815779730374455836e-01	1.814004577344453806e-01	2.385461664667641590e-01	1.355803924865894572e-01	7.066931927910560796e-02	2.266986557086703505e-02	6.955582542445136462e-02
9.917428937993331601e+02	2.807185659300567293e-01	1.808000495162175314e-01	2.392508975682179073e-01	1.358510644466683071e-01	7.087678824487528284e-02	2.266986558246296066e-02	6.983276871116990414e-02
9.965806640129884499e+02	2.798643925417297895e-01	1.802032486736130368e-01	2.399503454208609665e-01	1.361213215348228422e-01	7.108269878544062892e-02	2.266986559405888974e-02	7.010812744914245165e-02
1.001418434226643626e+03	2.790154177835525440e-01	1.796100349497345705e-01	2.406445538382080140e-01	1.363911592217218194e-01	7.128706387010956547e-02	2.266986560565481881e-02	7.038190473068736686e-02
1.006256204440298802e+03	2.781716069555865145e-01	1.790203880835485040e-01	2.413335661361065976e-01	1.366605730173399424e-01	7.148989631989799420e-02	2.266986561725074789e-02	7.065410386993847824e-02
1.011093974653954206e+03	2.773329257344503418e-01	1.784342878180889269e-01	2.420174251425310508e-01	1.369295584718791259e-01	7.169120881046397997e-02	2.266986562884667350e-02	7.092472839340874247e-02
1.015931744867609382e+03	2.764993401615706836e-01	1.778517139081115805e-01	2.426961732070801459e-01	1.371981111766304717e-01	7.189101387495325235e-02	2.266986564044259911e-02	7.119378203088022605e-02
1.020769515081264785e+03	2.756708166320610554e-01	1.772726461272316478e-01	2.433698522101895578e-01	1.374662267647794311e-01	7.208932390675945601e-02	2.266986565203852472e-02	7.146126870660933494e-02
1.025607285294920075e+03	2.748473218841925858e-01	1.766970642745763764e-01	2.440385035720701312e-01	1.377339009121567037e-01	7.228615116220191150e-02	2.266986566363445380e-02	7.172719253083684188e-02
1.030445055508575479e+03	2.740288229894211058e-01	1.761249481809827322e-01	2.447021682613811921e-01	1.380011293379372617e-01	7.248150776312434207e-02	2.266986567523037940e-02	7.199155779159209512e-02
1.035282825722230655e+03	2.732152873429386508e-01	1.755562777147669506e-01	2.453608868036490920e-01	1.382679078052893584e-01	7.267540569941707829e-02	2.266986568682630848e-02	7.225436894678163857e-02
1.040120595935886058e+03	2.724066826547189013e-01	1.749910327870930760e-01	2.460146992894405304e-01	1.385342321219762141e-01	7.286785683146559944e-02	2.266986569842223756e-02	7.251563061655258435e-02
1.044958366149541234e+03	2.716029769410265859e-01	1.744291933569641628e-01	2.466636453822985409e-01	1.388000981409119317e-01	7.305887289252833983e-02	2.266986571001816664e-02	7.277534757592143966e-02
1.049796136363196410e+03	2.708041385163654224e-01	1.738707394358597613e-01	2.473077643264507131e-01	1.390655017606740318e-01	7.324846549104574445e-02	2.266986572161409572e-02	7.303352474765938129e-02
1.054633906576851814e+03	2.700101359858373962e-01	1.733156510920413618e-01	2.479470949542970093e-01	1.393304389259741594e-01	7.343664611288366895e-02	2.266986573321002132e-02	7.329016719542556790e-02
1.059471676790506763e+03	2.692209382378906724e-01	1.727639084545455062e-01	2.485816756936856387e-01	1.395949056280887945e-01	7.362342612351288618e-02	2.266986574480595040e-02	7.354528011713969138e-02
1.064309447004162394e+03	2.684365144374326606e-01	1.722154917168849109e-01	2.492115445749841784e-01	1.398588979052520775e-01	7.380881677012735009e-02	2.266986575640187948e-02	7.379886883858614854e-02
1.069147217217817570e+03	2.676568340192876927e-01	1.716703811404743651e-01	2.498367392379528540e-01	1.401224118430116905e-01	7.399282918370315987e-02	2.266986576799780509e-02	7.405093880724174238e-02
1.073984987431472746e+03	2.668818666819783303e-01	1.711285570577992243e-01	2.504572969384279424e-01	1.403854435745501283e-01	7.417547438100040302e-02	2.266986577959373070e-02	7.430149558631954365e-02
1.078822757645127922e+03	2.661115823818133164e-01	1.705899998753420133e-01	2.510732545548205463e-01	1.406479892809725518e-01	7.435676326650983436e-02	2.266986579118965631e-02	7.455054484902151613e-02
1.083660527858783553e+03	2.653459513272617976e-01	1.700546900762819891e-01	2.516846485944386758e-01	1.409100451915622776e-01	7.453670663434620869e-02	2.266986580278558538e-02	7.479809237299299418e-02
1.088498298072438729e+03	2.645849439736001063e-01	1.695226082229822351e-01	2.522915151996371619e-01	1.411716075840061535e-01	7.471531517009040446e-02	2.266986581438151446e-02	7.504414403497212949e-02
1.093336068286093905e+03	2.638285310178127840e-01	1.689937349592767202e-01	2.528938901538027029e-01	1.414326727845905129e-01	7.489259945258169848e-02	2.266986582597744007e-02	7.528870580562792292e-02
1.098173838499749309e+03	2.630766833937353555e-01	1.684680510125704800e-01	2.534918088871791486e-01	1.416932371683690406e-01	7.506856995566218993e-02	2.266986583757336915e-02	7.553178374458026367e-02
1.103011608713404712e+03	2.623293722674232553e-01	1.679455371957641607e-01	2.540853064825379648e-01	1.419532971593042425e-01	7.524323704987490036e-02	2.266986584916929476e-02	7.577338399559603588e-02
1.107849378927059888e+03	2.615865690327349724e-01	1.674261744090138893e-01	2.546744176807003712e-01	1.422128492303829372e-01	7.541661100411714558e-02	2.266986586076522384e-02	7.601351278195532524e-02
1.112687149140715292e+03	2.608482453071165885e-01	1.669099436413370163e-01	2.552591768859147070e-01	1.424718899037077380e-01	7.558870198725065048e-02	2.266986587236114944e-02	7.625217640198204971e-02
1.117524919354370468e+03	2.601143729275762762e-01	1.663968259720730314e-01	2.558396181710952400e-01	1.427304157505649707e-01	7.575952006966990560e-02	2.266986588395707505e-02	7.648938122473349088e-02
1.122362689568025871e+03	2.593849239468379309e-01	1.658868025722093076e-01	2.564157752829260839e-01	1.429884233914703595e-01	7.592907522483008376e-02	2.266986589555300066e-02	7.672513368584331361e-02
1.127200459781681047e+03	2.586598706296638905e-01	1.653798547055795320e-01	2.569876816468352199e-01	1.432459094961934798e-01	7.609737733073604349e-02	2.266986590714892627e-02	7.695944028351303645e-02
1.132038229995336451e+03	2.579391854493368053e-01	1.648759637299433423e-01	2.575553703718429510e-01	1.435028707837618933e-01	7.626443617139344600e-02	2.266986591874485535e-02	7.719230757464687342e-02
1.136876000208991627e+03	2.572228410842917756e-01	1.643751110979546903e-01	2.581188742552885662e-01	1.437593040224456886e-01	7.643026143822344298e-02	2.266986593034078443e-02	7.742374217112532597e-02
1.141713770422646803e+03	2.565108104148901003e-01	1.638772783580255965e-01	2.586782257874394864e-01	1.440152060297237580e-01	7.659486273144214263e-02	2.266986594193671004e-02	7.765375073621255675e-02
1.146551540636302207e+03	2.558030665203269716e-01	1.633824471550925084e-01	2.592334571559869461e-01	1.442705736722322274e-01	7.675824956140574196e-02	2.266986595353263911e-02	7.788233998109338196e-02
1.151389310849957155e+03	2.550995826756652374e-01	1.628905992312911222e-01	2.597846002504313745e-01	1.445254038656960949e-01	7.692043134992278264e-02	2.266986596512856472e-02	7.810951666153531647e-02
1.156227081063612786e+03	2.544003323489878454e-01	1.624017164265457447e-01	2.603316866663615836e-01	1.447796935748448255e-01	7.708141743153440473e-02	2.266986597672449033e-02	7.833528757467161929e-02
1.161064851277267962e+03	2.537052891986635306e-01	1.619157806790785803e-01	2.608747477096307610e-01	1.450334398133125147e-01	7.724121705476363897e-02	2.266986598832041941e-02	7.855965955590117622e-02
1.165902621490923138e+03	2.530144270707175846e-01	1.614327740258442445e-01	2.614138144004329867e-01	1.452866396435234519e-01	7.739983938333477864e-02	2.266986599991634502e-02	7.878263947590136151e-02
1.170740391704578315e+03	2.523277199963036010e-01	1.609526786028941947e-01	2.619489174772829387e-01	1.455392901765638902e-01	7.755729349736376066e-02	2.266986601151227063e-02	7.900423423775009002e-02
1.175578161918233945e+03	2.516451421892694773e-01	1.604754766456760184e-01	2.624800874009027285e-01	1.457913885720405200e-01	7.771358839452051359e-02	2.266986602310819623e-02	7.922445077415334047e-02
1.180415932131889122e+03	2.509666680438127906e-01	1.600011504892712155e-01	2.630073543580176976e-01	1.460429320379261764e-01	7.786873299116404967e-02	2.266986603470412531e-02	7.944329604477474993e-02
1.185253702345544298e+03	2.502922721322208277e-01	1.595296825685763864e-01	2.635307482650648403e-01	1.462939178303938048e-01	7.802273612345141107e-02	2.266986604630005092e-02	7.966077703366362950e-02
1.190091472559199701e+03	2.496219292026900793e-01	1.590610554184307412e-01	2.640502987718162942e-01	1.465443432536386870e-01	7.817560654842090062e-02	2.266986605789598000e-02	7.987690074677833429e-02
1.194929242772855105e+03	2.489556141772215625e-01	1.585952516736940932e-01	2.645660352649210623e-01	1.467942056596901190e-01	7.832735294505079049e-02	2.266986606949190908e-02	8.009167420960160155e-02
1.199767012986510281e+03	2.482933021495870307e-01	1.581322540692784162e-01	2.650779868713661891e-01	1.470435024482127095e-01	7.847798391529407780e-02	2.266986608108783469e-02	8.030510446484495635e-02
1.204604783200165684e+03	2.476349683833630744e-01	1.576720454401360494e-01	2.655861824618617195e-01	1.472922310662977685e-01	7.862750798508993944e-02	2.266986609268376376e-02	8.051719857023896532e-02
1.209442553413820860e+03	2.469805883100287258e-01	1.572146087212077659e-01	2.660906506541501626e-01	1.475403890082454816e-01	7.877593360535287137e-02	2.266986610427969284e-02	8.072796359640664610e-02
1.214280323627476264e+03	2.463301375271235161e-01	1.567599269473331225e-01	2.665914198162436799e-01	1.477879738153383971e-01	7.892326915293994272e-02	2.266986611587561845e-02	8.093740662481715975e-02
1.219118093841131440e+03	2.456835917964627358e-01	1.563079832531258373e-01	2.670885180695910521e-01	1.480349830756063356e-01	7.906952293159695555e-02	2.266986612747154406e-02	8.114553474581709391e-02
1.223955864054786844e+03	2.450409270424066532e-01	1.558587608728167206e-01	2.675819732921763672e-01	1.482814144235835574e-01	7.921470317288413499e-02	2.266986613906747314e-02	8.135235505673669987e-02
1.228793634268442020e+03	2.444021193501811351e-01	1.554122431400663529e-01	2.680718131215515943e-01	1.485272655400586006e-01	7.935881803708194626e-02	2.266986615066339875e-02	8.155787466006864106e-02
1.233631404482097196e+03	2.437671449642467847e-01	1.549684134877495345e-01	2.685580649578050982e-01	1.487725341518166267e-01	7.950187561407770498e-02	2.266986616225932435e-02	8.176210066171668567e-02
1.238469174695752372e+03	2.431359802867139874e-01	1.545272554477137295e-01	2.690407559664677595e-01	1.490172180313755201e-01	7.964388392423338292e-02	2.266986617385524996e-02	8.196504016931213665e-02
1.243306944909407548e+03	2.425086018758016715e-01	1.540887526505132499e-01	2.695199130813591415e-01	1.492613149967155495e-01	7.978485091923541439e-02	2.266986618545117557e-02	8.216670029059557068e-02
1.248144715123063179e+03	2.418849864443373965e-01	1.536528888251210145e-01	2.699955630073745394e-01	1.495048229110030602e-01	7.992478448292683613e-02	2.266986619704710118e-02	8.236708813186184586e-02
1.252982485336718355e+03	2.412651108582966886e-01	1.532196477986194350e-01	2.704677322232157954e-01	1.497477396823085338e-01	8.006369243212232978e-02	2.266986620864302679e-02	8.256621079646607464e-02
1.257820255550373531e+03	2.406489521353795680e-01	1.527890134958722057e-01	2.709364469840662704e-01	1.499900632633196229e-01	8.020158251740680533e-02	2.266986622023895240e-02	8.276407538338853564e-02
1.262658025764028707e+03	2.400364874436226592e-01	1.523609699391780814e-01	2.714017333242128016e-01	1.502317916510490237e-01	8.033846242391781689e-02	2.266986623183488148e-02	8.296068898585676199e-02
1.267495795977684338e+03	2.394276941000445802e-01	1.519355012479086109e-01	2.718636170596155366e-01	1.504729228865378521e-01	8.047433977211228273e-02	2.266986624343080708e-02	8.315605869002244688e-02
1.272333566191339514e+03	2.388225495693236111e-01	1.515125916381301896e-01	2.723221237904269176e-01	1.507134550545548013e-01	8.060922211851821728e-02	2.266986625502673269e-02	8.335019157369170928e-02
1.277171336404994690e+03	2.382210314625053948e-01	1.510922254222128169e-01	2.727772789034620948e-01	1.509533862832909412e-01	8.074311695647157228e-02	2.266986626662266177e-02	8.354309470510679070e-02
1.282009106618650094e+03	2.376231175357397807e-01	1.506743870084255033e-01	2.732291075746212106e-01	1.511927147440511598e-01	8.087603171683886705e-02	2.266986627821859085e-02	8.373477514177722625e-02
1.286846876832305497e+03	2.370287856890449241e-01	1.502590609005203248e-01	2.736776347712658874e-01	1.514314386509418853e-01	8.100797376872584388e-02	2.266986628981451646e-02	8.392523992935911614e-02
1.291684647045960673e+03	2.364380139650977541e-01	1.498462316973054320e-01	2.741228852545500860e-01	1.516695562605554493e-01	8.113895042017264803e-02	2.266986630141044207e-02	8.411449610058074899e-02
1.296522417259616077e+03	2.358507805480492547e-01	1.494358840922083154e-01	2.745648835817079969e-01	1.519070658716518418e-01	8.126896891883589324e-02	2.266986631300637114e-02	8.430255067421292547e-02
1.301360187473271253e+03	2.352670637623636429e-01	1.490280028728303841e-01	2.750036541082985786e-01	1.521439658248372462e-01	8.139803645265794585e-02	2.266986632460229675e-02	8.448941065408253903e-02
1.306197957686926657e+03	2.346868420716799186e-01	1.486225729204927737e-01	2.754392209904097388e-01	1.523802545022403532e-01	8.152616015052374654e-02	2.266986633619822236e-02	8.467508302812797039e-02
1.311035727900581833e+03	2.341100940776952855e-01	1.482195792097754095e-01	2.758716081868212711e-01	1.526159303271862056e-01	8.165334708290568344e-02	2.266986634779414797e-02	8.485957476749476924e-02
1.315873498114237009e+03	2.335367985190692774e-01	1.478190068080489916e-01	2.763008394611295437e-01	1.528509917638679327e-01	8.177960426249669679e-02	2.266986635939007705e-02	8.504289282567033259e-02
1.320711268327892412e+03	2.329669342703473423e-01	1.474208408750010413e-01	2.767269383838338315e-01	1.530854373170165428e-01	8.190493864483186504e-02	2.266986637098600266e-02	8.522504413765623343e-02
1.325549038541547588e+03	2.324004803409034925e-01	1.470250666621566726e-01	2.771499283343857867e-01	1.533192655315690767e-01	8.202935712889908304e-02	2.266986638258192480e-02	8.540603561917686770e-02
1.330386808755202765e+03	2.318374158739008872e-01	1.466316695123944525e-01	2.775698325032027736e-01	1.535524749923350141e-01	8.215286655773877678e-02	2.266986639417785387e-02	8.558587416592319808e-02
1.335224578968857941e+03	2.312777201452696496e-01	1.462406348594579852e-01	2.779866738936463966e-01	1.537850643236615134e-01	8.227547371903323747e-02	2.266986640577377948e-02	8.576456665283045677e-02
1.340062349182513572e+03	2.307213725627014211e-01	1.458519482274638068e-01	2.784004753239667229e-01	1.540170321890973748e-01	8.239718534568561681e-02	2.266986641736970856e-02	8.594211993338847499e-02
1.344900119396168748e+03	2.301683526646593481e-01	1.454655952304060029e-01	2.788112594292136426e-01	1.542483772910557271e-01	8.251800811638906885e-02	2.266986642896563417e-02	8.611854083898375090e-02
1.349737889609823924e+03	2.296186401194037496e-01	1.450815615716579410e-01	2.792190486631156432e-01	1.544790983704762144e-01	8.263794865618620533e-02	2.266986644056155978e-02	8.629383617827195152e-02
1.354575659823479100e+03	2.290722147240320250e-01	1.446998330434715596e-01	2.796238652999273877e-01	1.547091942064860726e-01	8.275701353701896135e-02	2.266986645215748539e-02	8.646801273657986342e-02
1.359413430037134731e+03	2.285290564035325767e-01	1.443203955264748262e-01	2.800257314362464278e-01	1.549386636160607900e-01	8.287520927826949602e-02	2.266986646375341447e-02	8.664107727533583436e-02
1.364251200250789907e+03	2.279891452098523341e-01	1.439432349891672791e-01	2.804246689928003300e-01	1.551675054536843512e-01	8.299254234729203095e-02	2.266986647534934007e-02	8.681303653152773470e-02
1.369088970464445310e+03	2.274524613209771562e-01	1.435683374874143492e-01	2.808206997162046581e-01	1.553957186110088429e-01	8.310901915993595956e-02	2.266986648694526568e-02	8.698389721718727263e-02
1.373926740678100487e+03	2.269189850400245012e-01	1.431956891639407925e-01	2.812138451806924233e-01	1.556233020165141145e-01	8.322464608106050488e-02	2.266986649854119129e-02	8.715366601890005283e-02
1.378764510891755890e+03	2.263886967943484763e-01	1.428252762478231519e-01	2.816041267898163891e-01	1.558502546351672180e-01	8.333942942504110607e-02	2.266986651013712037e-02	8.732234959734022639e-02
1.383602281105411066e+03	2.258615771346559054e-01	1.424570850539819966e-01	2.819915657781240648e-01	1.560765754680819850e-01	8.345337545626768661e-02	2.266986652173304945e-02	8.748995458682905235e-02
1.388440051319066470e+03	2.253376067341340550e-01	1.420911019826739119e-01	2.823761832128066640e-01	1.563022635521785220e-01	8.356649038963517850e-02	2.266986653332897506e-02	8.765648759491644071e-02
1.393277821532721646e+03	2.248167663875888234e-01	1.417273135189834610e-01	2.827579999953225842e-01	1.565273179598431763e-01	8.367878039102621957e-02	2.266986654492490066e-02	8.782195520198464445e-02
1.398115591746377049e+03	2.242990370105932274e-01	1.413657062323154801e-01	2.831370368629957945e-01	1.567517377985885030e-01	8.379025157778653699e-02	2.266986655652082627e-02	8.798636396087348988e-02
1.402953361960032225e+03	2.237843996386461309e-01	1.410062667758879285e-01	2.835133143905899655e-01	1.569755222107140358e-01	8.390091001919297575e-02	2.266986656811675535e-02	8.814972039652614610e-02
1.407791132173687402e+03	2.232728354263406878e-01	1.406489818862252661e-01	2.838868529918588401e-01	1.571986703729672807e-01	8.401076173691435223e-02	2.266986657971268443e-02	8.831203100565487851e-02
1.412628902387342805e+03	2.227643256465419996e-01	1.402938383826527469e-01	2.842576729210735675e-01	1.574211814962054035e-01	8.411981270546549372e-02	2.266986659130861351e-02	8.847330225642616175e-02
1.417466672600997981e+03	2.222588516895739330e-01	1.399408231667917946e-01	2.846257942745274994e-01	1.576430548250577768e-01	8.422806885265446408e-02	2.266986660290453912e-02	8.863354058816411141e-02
1.422304442814653157e+03	2.217563950624147906e-01	1.395899232220562669e-01	2.849912369920185595e-01	1.578642896375889448e-01	8.433553606002312797e-02	2.266986661450046472e-02	8.879275241107201233e-02
1.427142213028308333e+03	2.212569373879015311e-01	1.392411256131504127e-01	2.853540208583106863e-01	1.580848852449627528e-01	8.444222016328138680e-02	2.266986662609639033e-02	8.895094410597105539e-02
1.431979983241963964e+03	2.207604604039423435e-01	1.388944174855680502e-01	2.857141655045737361e-01	1.583048409911071153e-01	8.454812695273501710e-02	2.266986663769231941e-02	8.910812202405567206e-02
1.436817753455619140e+03	2.202669459627371318e-01	1.385497860650932167e-01	2.860716904098032920e-01	1.585241562523801162e-01	8.465326217370738870e-02	2.266986664928824849e-02	8.926429248666493954e-02
1.441655523669274316e+03	2.197763760300059654e-01	1.382072186573026495e-01	2.864266149022200447e-01	1.587428304372367760e-01	8.475763152695528491e-02	2.266986666088417757e-02	8.941946178506951504e-02
1.446493293882929493e+03	2.192887326842250795e-01	1.378667026470699886e-01	2.867789581606499660e-01	1.589608629858972055e-01	8.486124066907868579e-02	2.266986667248010318e-02	8.957363618027343322e-02
1.451331064096585123e+03	2.188039981158704239e-01	1.375282254980718655e-01	2.871287392158851093e-01	1.591782533700158708e-01	8.496409521292497269e-02	2.266986668407602878e-02	8.972682190283029491e-02
1.456168834310240300e+03	2.183221546266682911e-01	1.371917747522958531e-01	2.874759769520257580e-01	1.593950010923519400e-01	8.506620072798747045e-02	2.266986669567195439e-02	8.987902515267331971e-02
1.461006604523895703e+03	2.178431846288531037e-01	1.368573380295505515e-01	2.878206901078045332e-01	1.596111056864412403e-01	8.516756274079856359e-02	2.266986670726788000e-02	9.003025209895880454e-02
1.465844374737550879e+03	2.173670706444319201e-01	1.365249030269777286e-01	2.881628972778924047e-01	1.598265667162691028e-01	8.526818673531744164e-02	2.266986671886380561e-02	9.018050887992236364e-02
1.470682144951206283e+03	2.168937953044559053e-01	1.361944575185666251e-01	2.885026169141872154e-01	1.600413837759450952e-01	8.536807815331261262e-02	2.266986673045973122e-02	9.032980160274764470e-02
1.475519915164861459e+03	2.164233413482980761e-01	1.358659893546705633e-01	2.888398673270854977e-01	1.602555564893788087e-01	8.546724239473933726e-02	2.266986674205565683e-02	9.047813634344695211e-02
1.480357685378516862e+03	2.159556916229377344e-01	1.355394864615258044e-01	2.891746666867370807e-01	1.604690845099572827e-01	8.556568481811208104e-02	2.266986675365158244e-02	9.062551914675341658e-02
1.485195455592172038e+03	2.154908290822508121e-01	1.352149368407727370e-01	2.895070330242838219e-01	1.606819675202239284e-01	8.566341074087205354e-02	2.266986676524750804e-02	9.077195602602422531e-02
1.490033225805827215e+03	2.150287367863067123e-01	1.348923285689793694e-01	2.898369842330821844e-01	1.608942052315589788e-01	8.576042543974995991e-02	2.266986677684343712e-02	9.091745296315451030e-02
1.494870996019482618e+03	2.145693979006709218e-01	1.345716497971675141e-01	2.901645380699101606e-01	1.611057973838616875e-01	8.585673415112411722e-02	2.266986678843936273e-02	9.106201590850154792e-02
1.499708766233137567e+03	2.141127956957134260e-01	1.342528887503411927e-01	2.904897121561587081e-01	1.613167437452338870e-01	8.595234207137400495e-02	2.266986680003528487e-02	9.120565078081883936e-02
1.504546536446793198e+03	2.136589135459232291e-01	1.339360337270175949e-01	2.908125239790089189e-01	1.615270441116655464e-01	8.604725435722922200e-02	2.266986681163121048e-02	9.134836346719968359e-02
1.509384306660448374e+03	2.132077349292280655e-01	1.336210730987607009e-01	2.911329908925935350e-01	1.617366983067217434e-01	8.614147612611430804e-02	2.266986682322713609e-02	9.149015982302996508e-02
1.514222076874103550e+03	2.127592434263200771e-01	1.333079953097172365e-01	2.914511301191449189e-01	1.619457061812315246e-01	8.623501245648897140e-02	2.266986683482306170e-02	9.163104567194976791e-02
1.519059847087758726e+03	2.123134227199865998e-01	1.329967888761554307e-01	2.917669587501284800e-01	1.621540676129784864e-01	8.632786838818433395e-02	2.266986684641898384e-02	9.177102680582330252e-02
1.523897617301414357e+03	2.118702565944464711e-01	1.326874423860062435e-01	2.920804937473626128e-01	1.623617825063932152e-01	8.642004892273497108e-02	2.266986685801490944e-02	9.191010898471727031e-02
1.528735387515069533e+03	2.114297289346914466e-01	1.323799444984073148e-01	2.923917519441250334e-01	1.625688507922473380e-01	8.651155902370695483e-02	2.266986686961083505e-02	9.204829793688686090e-02
1.533573157728724709e+03	2.109918237258330553e-01	1.320742839432493543e-01	2.927007500462457945e-01	1.627752724273495988e-01	8.660240361702192802e-02	2.266986688120676413e-02	9.218559935876935452e-02
1.538410927942380113e+03	2.105565250524541188e-01	1.317704495207255022e-01	2.930075046331875321e-01	1.629810473942438498e-01	8.669258759127732028e-02	2.266986689280269321e-02	9.232201891498496849e-02
1.543248698156035516e+03	2.101238170979655984e-01	1.314684301008830214e-01	2.933120321591128343e-01	1.631861757009085701e-01	8.678211579806272002e-02	2.266986690439861882e-02	9.245756223834469822e-02
1.548086468369690692e+03	2.096936841439681065e-01	1.311682146231777923e-01	2.936143489539394524e-01	1.633906573804587148e-01	8.687099305227263812e-02	2.266986691599454443e-02	9.259223492986483339e-02
1.552924238583346096e+03	2.092661105696185242e-01	1.308697920960316952e-01	2.939144712243828006e-01	1.635944924908491749e-01	8.695922413241558013e-02	2.266986692759047350e-02	9.272604255878789947e-02
1.557762008797001272e+03	2.088410808510012262e-01	1.305731515963922118e-01	2.942124150549869088e-01	1.637976811145803735e-01	8.704681378091941313e-02	2.266986693918639911e-02	9.285899066260973334e-02
1.562599779010656675e+03	2.084185795605038027e-01	1.302782822692950537e-01	2.945081964091434967e-01	1.640002233584056113e-01	8.713376670443340188e-02	2.266986695078232819e-02	9.299108474711259564e-02
1.567437549224311852e+03	2.079985913661978048e-01	1.299851733274294818e-01	2.948018311300996674e-01	1.642021193530404932e-01	8.722008757412678948e-02	2.266986696237825380e-02	9.312233028640387600e-02
1.572275319437967255e+03	2.075811010312238469e-01	1.296938140507060966e-01	2.950933349419538332e-01	1.644033692528742985e-01	8.730578102598390844e-02	2.266986697397417941e-02	9.325273272296023819e-02
1.577113089651622431e+03	2.071660934131811793e-01	1.294041937858274871e-01	2.953827234506411492e-01	1.646039732356834318e-01	8.739085166109603064e-02	2.266986698557010849e-02	9.338229746767712225e-02
1.581950859865277607e+03	2.067535534635216998e-01	1.291163019458615169e-01	2.956700121449075680e-01	1.648039315023465956e-01	8.747530404594999753e-02	2.266986699716603409e-02	9.351102989992318704e-02
1.586788630078933011e+03	2.063434662269484354e-01	1.288301280098172186e-01	2.959552163972734573e-01	1.650032442765623775e-01	8.755914271271360294e-02	2.266986700876195970e-02	9.363893536759954062e-02
1.591626400292587959e+03	2.059358168408184642e-01	1.285456615222234922e-01	2.962383514649868932e-01	1.652019118045684742e-01	8.764237215951789506e-02	2.266986702035788878e-02	9.376601918720364748e-02
1.596464170506243590e+03	2.055305905345496675e-01	1.282628920927103289e-01	2.965194324909659063e-01	1.653999343548631096e-01	8.772499685073639752e-02	2.266986703195381439e-02	9.389228664389759338e-02
1.601301940719898766e+03	2.051277726290322845e-01	1.279818093955928104e-01	2.967984745047316242e-01	1.655973122179285051e-01	8.780702121726124965e-02	2.266986704354974000e-02	9.401774299158070780e-02
1.606139710933553943e+03	2.047273485360441569e-01	1.277024031694576900e-01	2.970754924233305894e-01	1.657940457059563499e-01	8.788844965677651555e-02	2.266986705514566908e-02	9.414239345296598893e-02
1.610977481147209119e+03	2.043293037576703608e-01	1.274246632167526649e-01	2.973505010522480285e-01	1.659901351525752689e-01	8.796928653402841247e-02	2.266986706674159469e-02	9.426624321966071973e-02
1.615815251360864750e+03	2.039336238857270001e-01	1.271485794033782035e-01	2.976235150863107415e-01	1.661855809125803440e-01	8.804953618109279123e-02	2.266986707833752029e-02	9.438929745225055346e-02
1.620653021574519926e+03	2.035402946011885816e-01	1.268741416582821468e-01	2.978945491105812193e-01	1.663803833616648020e-01	8.812920289763981341e-02	2.266986708993344590e-02	9.451156128038722126e-02
1.625490791788175102e+03	2.031493016736199697e-01	1.266013399730568090e-01	2.981636176012422146e-01	1.665745428961535601e-01	8.820829095119578356e-02	2.266986710152937498e-02	9.463303980287963990e-02
1.630328562001830505e+03	2.027606309606118651e-01	1.263301644015386027e-01	2.984307349264721521e-01	1.667680599327389934e-01	8.828680457740230303e-02	2.266986711312529712e-02	9.475373808778826679e-02
1.635166332215485909e+03	2.023742684072203646e-01	1.260606050594105798e-01	2.986959153473115469e-01	1.669609349082186167e-01	8.836474798027277311e-02	2.266986712472122273e-02	9.487366117252248043e-02
1.640004102429141085e+03	2.019902000454102398e-01	1.257926521238071360e-01	2.989591730185208740e-01	1.671531682792350149e-01	8.844212533244624752e-02	2.266986713631715181e-02	9.499281406394094462e-02
1.644841872642796488e+03	2.016084119935023233e-01	1.255262958329216305e-01	2.992205219894294999e-01	1.673447605220176049e-01	8.851894077543870365e-02	2.266986714791307742e-02	9.511120173845485914e-02
1.649679642856451665e+03	2.012288904556243929e-01	1.252615264856163368e-01	2.994799762047759550e-01	1.675357121321265075e-01	8.859519841989182964e-02	2.266986715950900302e-02	9.522882914213370853e-02
1.654517413070107068e+03	2.008516217211658850e-01	1.249983344410351277e-01	2.997375495055403238e-01	1.677260236241986946e-01	8.867090234581914698e-02	2.266986717110492863e-02	9.534570119081367534e-02
1.659355183283762244e+03	2.004765921642364668e-01	1.247367101182184773e-01	2.999932556297678077e-01	1.679156955316958300e-01	8.874605660284987096e-02	2.266986718270085424e-02	9.546182277020850981e-02
1.664192953497417420e+03	2.001037882431280779e-01	1.244766439957211701e-01	3.002471082133844615e-01	1.681047284066544134e-01	8.882066521047030094e-02	2.266986719429677985e-02	9.557719873602264771e-02
1.669030723711072824e+03	1.997331964997807185e-01	1.242181266112324517e-01	3.004991207910048256e-01	1.682931228194379791e-01	8.889473215826271257e-02	2.266986720589270893e-02	9.569183391406652084e-02
1.673868493924728000e+03	1.993648035592519019e-01	1.239611485611986363e-01	3.007493067967318967e-01	1.684808793584910702e-01	8.896826140614198797e-02	2.266986721748863454e-02	9.580573310037390766e-02
1.678706264138383403e+03	1.989985961291894923e-01	1.237057005004481847e-01	3.009976795649488834e-01	1.686679986300956002e-01	8.904125688458998378e-02	2.266986722908456015e-02	9.591890106132139326e-02
1.683544034352038352e+03	1.986345609993083183e-01	1.234517731418193487e-01	3.012442523311038012e-01	1.688544812581290466e-01	8.911372249488755393e-02	2.266986724068048575e-02	9.603134253374959184e-02
1.688381804565693983e+03	1.982726850408701447e-01	1.231993572557901345e-01	3.014890382324862395e-01	1.690403278838247259e-01	8.918566210934442129e-02	2.266986725227641483e-02	9.614306222508607613e-02
1.693219574779349159e+03	1.979129552061672792e-01	1.229484436701108047e-01	3.017320503089969130e-01	1.692255391655340391e-01	8.925707957152663463e-02	2.266986726387234044e-02	9.625406481347019427e-02
1.698057344993004335e+03	1.975553585280093727e-01	1.226990232694387117e-01	3.019733015039096080e-01	1.694101157784908829e-01	8.932797869648219369e-02	2.266986727546826605e-02	9.636435494787921885e-02
1.702895115206659511e+03	1.971998821192139095e-01	1.224510869949755748e-01	3.022128046646263555e-01	1.695940584145778918e-01	8.939836327096417623e-02	2.266986728706419166e-02	9.647393724825618910e-02
1.707732885420315142e+03	1.968465131720999184e-01	1.222046258441071842e-01	3.024505725434251668e-01	1.697773677820948734e-01	8.946823705365206103e-02	2.266986729866012074e-02	9.658281630563902986e-02
1.712570655633970318e+03	1.964952389579850689e-01	1.219596308700454379e-01	3.026866177982009964e-01	1.699600446055290481e-01	8.953760377537070547e-02	2.266986731025604634e-02	9.669099668229108602e-02
1.717408425847625494e+03	1.961460468266863766e-01	1.217160931814727093e-01	3.029209529931996547e-01	1.701420896253274806e-01	8.960646713930754681e-02	2.266986732185197542e-02	9.679848291183276721e-02
1.722246196061280898e+03	1.957989242060237112e-01	1.214740039421886159e-01	3.031535905997448932e-01	1.703235035976713718e-01	8.967483082122755522e-02	2.266986733344790450e-02	9.690527949937449703e-02
1.727083966274936301e+03	1.954538586013269963e-01	1.212333543707590916e-01	3.033845429969593277e-01	1.705042872942523768e-01	8.974269846968629949e-02	2.266986734504383011e-02	9.701139092165070310e-02
1.731921736488591478e+03	1.951108375949465179e-01	1.209941357401678186e-01	3.036138224724778678e-01	1.706844415020509209e-01	8.981007370624108366e-02	2.266986735663975572e-02	9.711682162715473687e-02
1.736759506702246881e+03	1.947698488457665078e-01	1.207563393774698096e-01	3.038414412231553174e-01	1.708639670231164309e-01	8.987696012566009918e-02	2.266986736823568133e-02	9.722157603627490374e-02
1.741597276915902057e+03	1.944308800887218913e-01	1.205199566634475028e-01	3.040674113557673142e-01	1.710428646743495651e-01	8.994336129612964803e-02	2.266986737983160693e-02	9.732565854143124251e-02
1.746435047129557461e+03	1.940939191343181713e-01	1.202849790322688961e-01	3.042917448877051623e-01	1.712211352872864134e-01	9.000928075945952012e-02	2.266986739142753254e-02	9.742907350721312365e-02
1.751272817343212637e+03	1.937589538681546986e-01	1.200513979711481383e-01	3.045144537476638380e-01	1.713987797078845021e-01	9.007472203128655264e-02	2.266986740302345815e-02	9.753182527051770800e-02
1.756110587556867813e+03	1.934259722504506340e-01	1.198192050200082015e-01	3.047355497763245546e-01	1.715757987963109354e-01	9.013968860127626048e-02	2.266986741461938723e-02	9.763391814068897445e-02
1.760948357770523216e+03	1.930949623155745198e-01	1.195883917711458577e-01	3.049550447270307219e-01	1.717521934267323691e-01	9.020418393332278739e-02	2.266986742621531631e-02	9.773535639965746924e-02
1.765786127984178393e+03	1.927659121715765977e-01	1.193589498688988060e-01	3.051729502664581872e-01	1.719279644871067603e-01	9.026821146574692811e-02	2.266986743781124192e-02	9.783614430208059654e-02
