0.00000000 1.00000000 0.00000000 -0.00000000 0.00000000 0.00000000 0.00000000 0.00000000 
1.00000000 0.99941998 0.00040730 0.00002838 0.00002491 0.00008909 0.00001962 0.00001072 
2.00000000 0.99849181 0.00105979 0.00007379 0.00006469 0.00023131 0.00005087 0.00002774 
3.00000000 0.99722861 0.00194920 0.00013556 0.00011868 0.00042420 0.00009310 0.00005065 
4.00000000 0.99564449 0.00306671 0.00021299 0.00018613 0.00066509 0.00014559 0.00007899 
5.00000000 0.99375445 0.00440299 0.00030535 0.00026629 0.00095110 0.00020758 0.00011224 
6.00000000 0.99157421 0.00594831 0.00041185 0.00035834 0.00127920 0.00027824 0.00014985 
7.00000000 0.98912012 0.00769255 0.00053170 0.00046143 0.00164625 0.00035673 0.00019123 
8.00000000 0.98640898 0.00962534 0.00066406 0.00057470 0.00204896 0.00044217 0.00023579 
9.00000000 0.98345798 0.01173605 0.00080809 0.00069728 0.00248402 0.00053366 0.00028292 
10.00000000 0.98028450 0.01401389 0.00096295 0.00082827 0.00294804 0.00063032 0.00033202 
11.00000000 0.97690605 0.01644798 0.00112780 0.00096679 0.00343762 0.00073127 0.00038249 
12.00000000 0.97334014 0.01902735 0.00130178 0.00111197 0.00394936 0.00083565 0.00043375 
13.00000000 0.96960414 0.02174108 0.00148407 0.00126295 0.00447991 0.00094262 0.00048523 
14.00000000 0.96571524 0.02457827 0.00167383 0.00141888 0.00502595 0.00105141 0.00053641 
15.00000000 0.96169030 0.02752813 0.00187029 0.00157896 0.00558427 0.00116124 0.00058680 
16.00000000 0.95754581 0.03058002 0.00207265 0.00174241 0.00615173 0.00127143 0.00063595 
17.00000000 0.95329780 0.03372345 0.00228017 0.00190849 0.00672531 0.00138133 0.00068344 
18.00000000 0.94896176 0.03694820 0.00249214 0.00207651 0.00730211 0.00149035 0.00072893 
19.00000000 0.94455258 0.04024426 0.00270787 0.00224580 0.00787941 0.00159796 0.00077212 
20.00000000 0.94008454 0.04360191 0.00292670 0.00241577 0.00845462 0.00170372 0.00081274 
21.00000000 0.93557123 0.04701174 0.00314803 0.00258587 0.00902531 0.00180722 0.00085060 
22.00000000 0.93102550 0.05046467 0.00337128 0.00275558 0.00958924 0.00190814 0.00088557 
23.00000000 0.92645951 0.05395196 0.00359593 0.00292446 0.01014437 0.00200622 0.00091755 
24.00000000 0.92188463 0.05746523 0.00382146 0.00309212 0.01068881 0.00210124 0.00094651 
25.00000000 0.91731146 0.06099648 0.00404743 0.00325822 0.01122088 0.00219308 0.00097245 
26.00000000 0.91274984 0.06453809 0.00427343 0.00342246 0.01173910 0.00228164 0.00099544 
27.00000000 0.90820883 0.06808283 0.00449906 0.00358462 0.01224217 0.00236690 0.00101558 
28.00000000 0.90369674 0.07162388 0.00472400 0.00374451 0.01272898 0.00244887 0.00103302 
29.00000000 0.89922111 0.07515480 0.00494794 0.00390200 0.01319861 0.00252763 0.00104793 
30.00000000 0.89478876 0.07866955 0.00517061 0.00405699 0.01365030 0.00260327 0.00106051 
31.00000000 0.89040579 0.08216251 0.00539178 0.00420946 0.01408351 0.00267593 0.00107102 
32.00000000 0.88607761 0.08562843 0.00561124 0.00435941 0.01449784 0.00274577 0.00107971 
33.00000000 0.88180896 0.08906246 0.00582882 0.00450687 0.01489304 0.00281300 0.00108684 
34.00000000 0.87760396 0.09246012 0.00604439 0.00465194 0.01526905 0.00287782 0.00109273 
35.00000000 0.87346613 0.09581731 0.00625783 0.00479472 0.01562592 0.00294045 0.00109765 
36.00000000 0.86939839 0.09913030 0.00646904 0.00493537 0.01596385 0.00300113 0.00110192 
37.00000000 0.86540317 0.10239570 0.00667796 0.00507406 0.01628317 0.00306010 0.00110584 
38.00000000 0.86148238 0.10561049 0.00688455 0.00521099 0.01658430 0.00311759 0.00110970 
39.00000000 0.85763744 0.10877196 0.00708878 0.00534640 0.01686780 0.00317384 0.00111379 
40.00000000 0.85386938 0.11187772 0.00729064 0.00548051 0.01713429 0.00322908 0.00111839 
41.00000000 0.85017880 0.11492569 0.00749014 0.00561360 0.01738449 0.00328351 0.00112376 
42.00000000 0.84656596 0.11791409 0.00768731 0.00574594 0.01761919 0.00333735 0.00113015 
43.00000000 0.84303078 0.12084141 0.00788219 0.00587780 0.01783924 0.00339078 0.00113780 
44.00000000 0.83957289 0.12370641 0.00807481 0.00600949 0.01804553 0.00344397 0.00114690 
45.00000000 0.83619164 0.12650811 0.00826526 0.00614129 0.01823901 0.00349705 0.00115765 
46.00000000 0.83288614 0.12924576 0.00845358 0.00627351 0.01842064 0.00355017 0.00117020 
47.00000000 0.82965531 0.13191883 0.00863986 0.00640644 0.01859143 0.00360342 0.00118470 
48.00000000 0.82649786 0.13452702 0.00882419 0.00654039 0.01875238 0.00365690 0.00120127 
49.00000000 0.82341237 0.13707021 0.00900665 0.00667564 0.01890450 0.00371065 0.00121998 
50.00000000 0.82039725 0.13954846 0.00918733 0.00681249 0.01904882 0.00376472 0.00124093 
51.00000000 0.81745083 0.14196202 0.00936634 0.00695122 0.01918633 0.00381913 0.00126414 
52.00000000 0.81457131 0.14431128 0.00954378 0.00709210 0.01931801 0.00387387 0.00128964 
53.00000000 0.81175684 0.14659678 0.00971975 0.00723540 0.01944485 0.00392894 0.00131744 
54.00000000 0.80900550 0.14881920 0.00989435 0.00738136 0.01956778 0.00398428 0.00134753 
55.00000000 0.80631531 0.15097933 0.01006770 0.00753023 0.01968770 0.00403986 0.00137986 
56.00000000 0.80368430 0.15307807 0.01023990 0.00768225 0.01980550 0.00409559 0.00141439 
57.00000000 0.80111043 0.15511643 0.01041105 0.00783762 0.01992200 0.00415141 0.00145106 
58.00000000 0.79859169 0.15709549 0.01058126 0.00799655 0.02003800 0.00420722 0.00148979 
59.00000000 0.79612606 0.15901641 0.01075063 0.00815923 0.02015426 0.00426292 0.00153049 
60.00000000 0.79371152 0.16088043 0.01091927 0.00832583 0.02027146 0.00431842 0.00157306 
61.00000000 0.79134609 0.16268883 0.01108728 0.00849652 0.02039028 0.00437359 0.00161741 
62.00000000 0.78902780 0.16444295 0.01125475 0.00867144 0.02051130 0.00442834 0.00166342 
63.00000000 0.78675471 0.16614417 0.01142178 0.00885073 0.02063509 0.00448254 0.00171098 
64.00000000 0.78452492 0.16779390 0.01158846 0.00903450 0.02076216 0.00453610 0.00175997 
65.00000000 0.78233658 0.16939357 0.01175488 0.00922286 0.02089296 0.00458889 0.00181028 
66.00000000 0.78018786 0.17094463 0.01192112 0.00941590 0.02102789 0.00464082 0.00186179 
67.00000000 0.77807701 0.17244854 0.01208726 0.00961371 0.02116732 0.00469178 0.00191438 
68.00000000 0.77600229 0.17390678 0.01225338 0.00981634 0.02131157 0.00474169 0.00196795 
69.00000000 0.77396205 0.17532080 0.01241954 0.01002386 0.02146089 0.00479046 0.00202240 
70.00000000 0.77195467 0.17669208 0.01258582 0.01023630 0.02161551 0.00483802 0.00207760 
71.00000000 0.76997858 0.17802206 0.01275227 0.01045371 0.02177561 0.00488430 0.00213348 
72.00000000 0.76803228 0.17931218 0.01291896 0.01067609 0.02194133 0.00492924 0.00218993 
73.00000000 0.76611432 0.18056386 0.01308592 0.01090346 0.02211277 0.00497281 0.00224687 
74.00000000 0.76422329 0.18177849 0.01325321 0.01113582 0.02229000 0.00501497 0.00230423 
75.00000000 0.76235787 0.18295745 0.01342086 0.01137316 0.02247304 0.00505569 0.00236192 
76.00000000 0.76051676 0.18410209 0.01358892 0.01161547 0.02266189 0.00509497 0.00241990 
77.00000000 0.75869873 0.18521373 0.01375740 0.01186272 0.02285653 0.00513280 0.00247808 
78.00000000 0.75690261 0.18629364 0.01392633 0.01211488 0.02305690 0.00516920 0.00253644 
79.00000000 0.75512727 0.18734307 0.01409573 0.01237191 0.02326290 0.00520420 0.00259492 
80.00000000 0.75337166 0.18836326 0.01426561 0.01263375 0.02347444 0.00523781 0.00265347 
81.00000000 0.75163474 0.18935537 0.01443598 0.01290036 0.02369139 0.00527008 0.00271208 
82.00000000 0.74991556 0.19032055 0.01460684 0.01317168 0.02391360 0.00530106 0.00277071 
83.00000000 0.74821321 0.19125992 0.01477818 0.01344763 0.02414090 0.00533081 0.00282933 
84.00000000 0.74652683 0.19217454 0.01495000 0.01372816 0.02437313 0.00535940 0.00288794 
85.00000000 0.74485559 0.19306546 0.01512228 0.01401318 0.02461009 0.00538689 0.00294651 
86.00000000 0.74319874 0.19393367 0.01529501 0.01430261 0.02485158 0.00541336 0.00300503 
87.00000000 0.74155556 0.19478013 0.01546816 0.01459637 0.02509739 0.00543890 0.00306350 
88.00000000 0.73992537 0.19560577 0.01564170 0.01489437 0.02534730 0.00546359 0.00312191 
89.00000000 0.73830754 0.19641147 0.01581560 0.01519651 0.02560110 0.00548752 0.00318025 
90.00000000 0.73670150 0.19719811 0.01598983 0.01550271 0.02585855 0.00551077 0.00323853 
91.00000000 0.73510669 0.19796648 0.01616435 0.01581285 0.02611943 0.00553346 0.00329675 
92.00000000 0.73352261 0.19871739 0.01633911 0.01612683 0.02638350 0.00555566 0.00335489 
93.00000000 0.73194880 0.19945159 0.01651408 0.01644456 0.02665054 0.00557746 0.00341297 
94.00000000 0.73038483 0.20016980 0.01668920 0.01676592 0.02692030 0.00559897 0.00347098 
95.00000000 0.72883030 0.20087272 0.01686443 0.01709079 0.02719256 0.00562027 0.00352893 
96.00000000 0.72728487 0.20156101 0.01703970 0.01741907 0.02746708 0.00564146 0.00358681 
97.00000000 0.72574821 0.20223530 0.01721498 0.01775063 0.02774366 0.00566260 0.00364462 
98.00000000 0.72422003 0.20289621 0.01739021 0.01808537 0.02802205 0.00568379 0.00370235 
99.00000000 0.72270006 0.20354431 0.01756532 0.01842315 0.02830205 0.00570510 0.00376002 
100.00000000 0.72118808 0.20418016 0.01774026 0.01876386 0.02858343 0.00572661 0.00381760 
101.00000000 0.71968387 0.20480430 0.01791497 0.01910737 0.02886600 0.00574838 0.00387511 
102.00000000 0.71818726 0.20541722 0.01808940 0.01945356 0.02914956 0.00577048 0.00393252 
103.00000000 0.71669809 0.20601943 0.01826349 0.01980230 0.02943389 0.00579297 0.00398984 
104.00000000 0.71521622 0.20661139 0.01843717 0.02015346 0.02971882 0.00581589 0.00404705 
105.00000000 0.71374154 0.20719353 0.01861040 0.02050691 0.03000416 0.00583930 0.00410415 
106.00000000 0.71227397 0.20776629 0.01878312 0.02086253 0.03028974 0.00586324 0.00416112 
107.00000000 0.71081341 0.20833006 0.01895527 0.02122018 0.03057538 0.00588774 0.00421796 
108.00000000 0.70935981 0.20888525 0.01912679 0.02157974 0.03086092 0.00591283 0.00427466 
109.00000000 0.70791314 0.20943221 0.01929764 0.02194106 0.03114621 0.00593854 0.00433120 
110.00000000 0.70647334 0.20997131 0.01946777 0.02230403 0.03143109 0.00596489 0.00438757 
111.00000000 0.70504042 0.21050288 0.01963712 0.02266850 0.03171543 0.00599189 0.00444377 
112.00000000 0.70361436 0.21102724 0.01980564 0.02303435 0.03199909 0.00601955 0.00449977 
113.00000000 0.70219516 0.21154471 0.01997330 0.02340144 0.03228194 0.00604787 0.00455558 
114.00000000 0.70078283 0.21205557 0.02014005 0.02376965 0.03256386 0.00607687 0.00461118 
115.00000000 0.69937740 0.21256010 0.02030585 0.02413884 0.03284473 0.00610653 0.00466655 
116.00000000 0.69797889 0.21305857 0.02047067 0.02450888 0.03312446 0.00613684 0.00472170 
117.00000000 0.69658732 0.21355124 0.02063445 0.02487965 0.03340293 0.00616779 0.00477661 
118.00000000 0.69520275 0.21403833 0.02079719 0.02525101 0.03368006 0.00619938 0.00483129 
119.00000000 0.69382520 0.21452009 0.02095883 0.02562285 0.03395575 0.00623158 0.00488571 
120.00000000 0.69245472 0.21499671 0.02111936 0.02599504 0.03422992 0.00626437 0.00493988 
121.00000000 0.69109136 0.21546842 0.02127875 0.02636745 0.03450250 0.00629773 0.00499379 
122.00000000 0.68973516 0.21593540 0.02143698 0.02673996 0.03477342 0.00633163 0.00504745 
123.00000000 0.68838616 0.21639783 0.02159403 0.02711246 0.03504261 0.00636606 0.00510085 
124.00000000 0.68704443 0.21685589 0.02174987 0.02748482 0.03531002 0.00640098 0.00515399 
125.00000000 0.68571000 0.21730972 0.02190451 0.02785694 0.03557559 0.00643637 0.00520689 
126.00000000 0.68438292 0.21775949 0.02205792 0.02822869 0.03583927 0.00647219 0.00525953 
127.00000000 0.68306324 0.21820532 0.02221009 0.02859997 0.03610102 0.00650843 0.00531193 
128.00000000 0.68175100 0.21864736 0.02236103 0.02897067 0.03636081 0.00654504 0.00536409 
129.00000000 0.68044626 0.21908571 0.02251071 0.02934069 0.03661861 0.00658201 0.00541602 
130.00000000 0.67914904 0.21952049 0.02265915 0.02970992 0.03687437 0.00661929 0.00546774 
131.00000000 0.67785939 0.21995180 0.02280634 0.03007826 0.03712809 0.00665688 0.00551924 
132.00000000 0.67657734 0.22037973 0.02295228 0.03044562 0.03737973 0.00669473 0.00557055 
133.00000000 0.67530294 0.22080436 0.02309698 0.03081191 0.03762929 0.00673283 0.00562168 
134.00000000 0.67403621 0.22122577 0.02324044 0.03117704 0.03787676 0.00677114 0.00567263 
135.00000000 0.67277719 0.22164403 0.02338268 0.03154091 0.03812212 0.00680965 0.00572343 
136.00000000 0.67152589 0.22205918 0.02352369 0.03190345 0.03836537 0.00684833 0.00577409 
137.00000000 0.67028235 0.22247129 0.02366350 0.03226458 0.03860651 0.00688716 0.00582462 
138.00000000 0.66904659 0.22288039 0.02380211 0.03262422 0.03884554 0.00692612 0.00587504 
139.00000000 0.66781862 0.22328651 0.02393954 0.03298229 0.03908247 0.00696520 0.00592536 
140.00000000 0.66659847 0.22368970 0.02407581 0.03333873 0.03931731 0.00700437 0.00597561 
141.00000000 0.66538615 0.22408996 0.02421092 0.03369348 0.03955007 0.00704363 0.00602580 
142.00000000 0.66418166 0.22448732 0.02434491 0.03404646 0.03978076 0.00708295 0.00607594 
143.00000000 0.66298503 0.22488178 0.02447779 0.03439763 0.04000939 0.00712233 0.00612605 
144.00000000 0.66179626 0.22527334 0.02460958 0.03474693 0.04023599 0.00716176 0.00617614 
145.00000000 0.66061535 0.22566201 0.02474031 0.03509429 0.04046057 0.00720123 0.00622624 
146.00000000 0.65944231 0.22604778 0.02486998 0.03543969 0.04068316 0.00724073 0.00627636 
147.00000000 0.65827714 0.22643063 0.02499864 0.03578306 0.04090378 0.00728025 0.00632650 
148.00000000 0.65711984 0.22681054 0.02512629 0.03612438 0.04112245 0.00731980 0.00637670 
149.00000000 0.65597040 0.22718750 0.02525298 0.03646360 0.04133921 0.00735936 0.00642695 
150.00000000 0.65482883 0.22756148 0.02537871 0.03680069 0.04155408 0.00739894 0.00647728 
151.00000000 0.65369512 0.22793245 0.02550352 0.03713561 0.04176708 0.00743853 0.00652769 
152.00000000 0.65256926 0.22830038 0.02562743 0.03746835 0.04197826 0.00747813 0.00657820 
153.00000000 0.65145125 0.22866523 0.02575046 0.03779886 0.04218763 0.00751775 0.00662881 
154.00000000 0.65034106 0.22902697 0.02587266 0.03812714 0.04239524 0.00755739 0.00667954 
155.00000000 0.64923870 0.22938554 0.02599403 0.03845317 0.04260111 0.00759704 0.00673040 
156.00000000 0.64814416 0.22974092 0.02611461 0.03877692 0.04280528 0.00763672 0.00678139 
157.00000000 0.64705741 0.23009306 0.02623443 0.03909839 0.04300778 0.00767642 0.00683252 
158.00000000 0.64597845 0.23044190 0.02635351 0.03941756 0.04320865 0.00771614 0.00688379 
159.00000000 0.64490725 0.23078741 0.02647188 0.03973443 0.04340792 0.00775590 0.00693522 
160.00000000 0.64384381 0.23112952 0.02658956 0.04004899 0.04360562 0.00779569 0.00698681 
161.00000000 0.64278810 0.23146820 0.02670659 0.04036124 0.04380179 0.00783552 0.00703856 
162.00000000 0.64174010 0.23180339 0.02682299 0.04067119 0.04399647 0.00787539 0.00709048 
163.00000000 0.64069981 0.23213505 0.02693878 0.04097882 0.04418968 0.00791530 0.00714256 
164.00000000 0.63966718 0.23246311 0.02705400 0.04128416 0.04438147 0.00795527 0.00719481 
165.00000000 0.63864222 0.23278753 0.02716867 0.04158720 0.04457186 0.00799529 0.00724724 
166.00000000 0.63762488 0.23310826 0.02728281 0.04188796 0.04476089 0.00803537 0.00729984 
167.00000000 0.63661514 0.23342525 0.02739645 0.04218644 0.04494860 0.00807550 0.00735261 
168.00000000 0.63561299 0.23373846 0.02750963 0.04248266 0.04513502 0.00811570 0.00740555 
169.00000000 0.63461839 0.23404782 0.02762235 0.04277663 0.04532018 0.00815596 0.00745866 
170.00000000 0.63363132 0.23435330 0.02773465 0.04306838 0.04550412 0.00819629 0.00751194 
171.00000000 0.63265175 0.23465485 0.02784656 0.04335791 0.04568686 0.00823668 0.00756539 
172.00000000 0.63167965 0.23495243 0.02795809 0.04364524 0.04586844 0.00827714 0.00761901 
173.00000000 0.63071498 0.23524599 0.02806927 0.04393041 0.04604889 0.00831767 0.00767279 
174.00000000 0.62975772 0.23553550 0.02818012 0.04421343 0.04622824 0.00835827 0.00772673 
175.00000000 0.62880783 0.23582091 0.02829067 0.04449431 0.04640652 0.00839893 0.00778083 
176.00000000 0.62786528 0.23610218 0.02840093 0.04477310 0.04658377 0.00843965 0.00783509 
177.00000000 0.62693002 0.23637929 0.02851094 0.04504981 0.04676001 0.00848044 0.00788949 
178.00000000 0.62600203 0.23665220 0.02862071 0.04532447 0.04693526 0.00852129 0.00794405 
179.00000000 0.62508126 0.23692087 0.02873025 0.04559710 0.04710957 0.00856220 0.00799875 
180.00000000 0.62416767 0.23718529 0.02883960 0.04586774 0.04728294 0.00860316 0.00805359 
181.00000000 0.62326123 0.23744543 0.02894877 0.04613641 0.04745543 0.00864417 0.00810857 
182.00000000 0.62236188 0.23770126 0.02905778 0.04640314 0.04762703 0.00868522 0.00816369 
183.00000000 0.62146958 0.23795276 0.02916665 0.04666797 0.04779780 0.00872632 0.00821893 
184.00000000 0.62058429 0.23819992 0.02927540 0.04693091 0.04796774 0.00876745 0.00827431 
185.00000000 0.61970595 0.23844272 0.02938403 0.04719201 0.04813688 0.00880861 0.00832980 
186.00000000 0.61883453 0.23868114 0.02949258 0.04745129 0.04830525 0.00884979 0.00838542 
187.00000000 0.61796996 0.23891519 0.02960105 0.04770879 0.04847287 0.00889099 0.00844115 
188.00000000 0.61711219 0.23914485 0.02970947 0.04796452 0.04863976 0.00893221 0.00849700 
189.00000000 0.61626118 0.23937012 0.02981784 0.04821854 0.04880594 0.00897343 0.00855295 
190.00000000 0.61541686 0.23959099 0.02992618 0.04847086 0.04897144 0.00901465 0.00860901 
191.00000000 0.61457918 0.23980748 0.03003450 0.04872152 0.04913628 0.00905586 0.00866518 
192.00000000 0.61374809 0.24001958 0.03014282 0.04897055 0.04930047 0.00909706 0.00872144 
193.00000000 0.61292351 0.24022730 0.03025115 0.04921798 0.04946403 0.00913824 0.00877780 
194.00000000 0.61210540 0.24043065 0.03035949 0.04946384 0.04962698 0.00917939 0.00883425 
195.00000000 0.61129368 0.24062964 0.03046786 0.04970816 0.04978935 0.00922051 0.00889080 
196.00000000 0.61048830 0.24082430 0.03057628 0.04995097 0.04995114 0.00926159 0.00894743 
197.00000000 0.60968919 0.24101463 0.03068474 0.05019231 0.05011237 0.00930262 0.00900414 
198.00000000 0.60889628 0.24120066 0.03079326 0.05043219 0.05027306 0.00934361 0.00906094 
199.00000000 0.60810951 0.24138241 0.03090185 0.05067065 0.05043323 0.00938454 0.00911782 
200.00000000 0.60732881 0.24155990 0.03101051 0.05090772 0.05059288 0.00942540 0.00917477 
201.00000000 0.60655411 0.24173317 0.03111925 0.05114343 0.05075204 0.00946621 0.00923180 
202.00000000 0.60578534 0.24190225 0.03122808 0.05137779 0.05091071 0.00950694 0.00928890 
203.00000000 0.60502242 0.24206717 0.03133700 0.05161085 0.05106891 0.00954759 0.00934606 
204.00000000 0.60426530 0.24222795 0.03144601 0.05184262 0.05122665 0.00958817 0.00940330 
205.00000000 0.60351388 0.24238465 0.03155513 0.05207314 0.05138394 0.00962867 0.00946059 
206.00000000 0.60276811 0.24253730 0.03166435 0.05230242 0.05154079 0.00966908 0.00951795 
207.00000000 0.60202790 0.24268594 0.03177368 0.05253049 0.05169721 0.00970940 0.00957537 
208.00000000 0.60129319 0.24283062 0.03188313 0.05275738 0.05185322 0.00974963 0.00963284 
209.00000000 0.60056389 0.24297138 0.03199268 0.05298310 0.05200881 0.00978977 0.00969037 
210.00000000 0.59983993 0.24310826 0.03210235 0.05320768 0.05216400 0.00982982 0.00974795 
211.00000000 0.59912123 0.24324132 0.03221214 0.05343115 0.05231880 0.00986978 0.00980558 
212.00000000 0.59840772 0.24337061 0.03232204 0.05365352 0.05247321 0.00990965 0.00986325 
213.00000000 0.59769932 0.24349618 0.03243206 0.05387481 0.05262724 0.00994942 0.00992097 
214.00000000 0.59699596 0.24361807 0.03254220 0.05409504 0.05278090 0.00998910 0.00997874 
215.00000000 0.59629755 0.24373636 0.03265245 0.05431423 0.05293418 0.01002868 0.01003654 
216.00000000 0.59560402 0.24385109 0.03276282 0.05453241 0.05308710 0.01006818 0.01009438 
217.00000000 0.59491530 0.24396232 0.03287330 0.05474958 0.05323966 0.01010759 0.01015226 
218.00000000 0.59423130 0.24407010 0.03298389 0.05496576 0.05339187 0.01014691 0.01021016 
219.00000000 0.59355195 0.24417451 0.03309459 0.05518097 0.05354372 0.01018615 0.01026810 
220.00000000 0.59287717 0.24427559 0.03320540 0.05539523 0.05369522 0.01022531 0.01032607 
221.00000000 0.59220689 0.24437342 0.03331631 0.05560855 0.05384637 0.01026439 0.01038406 
222.00000000 0.59154103 0.24446804 0.03342732 0.05582094 0.05399718 0.01030341 0.01044208 
223.00000000 0.59087952 0.24455953 0.03353843 0.05603241 0.05414765 0.01034235 0.01050012 
224.00000000 0.59022228 0.24464794 0.03364963 0.05624299 0.05429777 0.01038122 0.01055817 
225.00000000 0.58956923 0.24473334 0.03376092 0.05645268 0.05444755 0.01042004 0.01061625 
226.00000000 0.58892031 0.24481579 0.03387229 0.05666149 0.05459698 0.01045880 0.01067433 
227.00000000 0.58827544 0.24489536 0.03398374 0.05686943 0.05474608 0.01049750 0.01073243 
228.00000000 0.58763455 0.24497212 0.03409527 0.05707652 0.05489483 0.01053617 0.01079054 
229.00000000 0.58699757 0.24504612 0.03420687 0.05728277 0.05504324 0.01057479 0.01084865 
230.00000000 0.58636442 0.24511742 0.03431853 0.05748817 0.05519131 0.01061337 0.01090677 
231.00000000 0.58573504 0.24518610 0.03443025 0.05769275 0.05533903 0.01065193 0.01096489 
232.00000000 0.58510936 0.24525222 0.03454203 0.05789651 0.05548640 0.01069046 0.01102301 
233.00000000 0.58448730 0.24531585 0.03465386 0.05809946 0.05563343 0.01072897 0.01108113 
234.00000000 0.58386882 0.24537704 0.03476573 0.05830160 0.05578011 0.01076747 0.01113925 
235.00000000 0.58325383 0.24543585 0.03487764 0.05850294 0.05592643 0.01080596 0.01119735 
236.00000000 0.58264227 0.24549237 0.03498958 0.05870349 0.05607240 0.01084445 0.01125545 
237.00000000 0.58203408 0.24554663 0.03510155 0.05890325 0.05621801 0.01088294 0.01131354 
238.00000000 0.58142920 0.24559872 0.03521355 0.05910223 0.05636326 0.01092143 0.01137161 
239.00000000 0.58082757 0.24564868 0.03532556 0.05930044 0.05650815 0.01095994 0.01142966 
240.00000000 0.58022912 0.24569658 0.03543758 0.05949787 0.05665267 0.01099847 0.01148770 
241.00000000 0.57963380 0.24574249 0.03554960 0.05969454 0.05679683 0.01103702 0.01154572 
242.00000000 0.57904155 0.24578645 0.03566162 0.05989044 0.05694061 0.01107560 0.01160372 
243.00000000 0.57845231 0.24582854 0.03577364 0.06008559 0.05708401 0.01111422 0.01166169 
244.00000000 0.57786603 0.24586880 0.03588565 0.06027998 0.05722704 0.01115287 0.01171963 
245.00000000 0.57728265 0.24590730 0.03599764 0.06047361 0.05736969 0.01119156 0.01177755 
246.00000000 0.57670212 0.24594408 0.03610961 0.06066650 0.05751194 0.01123030 0.01183544 
247.00000000 0.57612439 0.24597922 0.03622155 0.06085864 0.05765381 0.01126909 0.01189329 
248.00000000 0.57554941 0.24601276 0.03633346 0.06105004 0.05779529 0.01130794 0.01195111 
249.00000000 0.57497713 0.24604475 0.03644533 0.06124069 0.05793637 0.01134684 0.01200889 
250.00000000 0.57440749 0.24607525 0.03655717 0.06143060 0.05807706 0.01138580 0.01206664 
251.00000000 0.57384046 0.24610431 0.03666895 0.06161978 0.05821734 0.01142483 0.01212434 
252.00000000 0.57327599 0.24613198 0.03678068 0.06180821 0.05835721 0.01146392 0.01218200 
253.00000000 0.57271403 0.24615831 0.03689236 0.06199591 0.05849668 0.01150309 0.01223962 
254.00000000 0.57215455 0.24618334 0.03700398 0.06218288 0.05863573 0.01154232 0.01229720 
255.00000000 0.57159749 0.24620714 0.03711553 0.06236912 0.05877436 0.01158164 0.01235472 
256.00000000 0.57104282 0.24622974 0.03722702 0.06255462 0.05891258 0.01162103 0.01241220 
257.00000000 0.57049050 0.24625118 0.03733843 0.06273939 0.05905038 0.01166049 0.01246963 
258.00000000 0.56994048 0.24627152 0.03744976 0.06292343 0.05918775 0.01170004 0.01252701 
259.00000000 0.56939274 0.24629080 0.03756102 0.06310675 0.05932469 0.01173967 0.01258433 
260.00000000 0.56884724 0.24630905 0.03767220 0.06328933 0.05946120 0.01177938 0.01264160 
261.00000000 0.56830394 0.24632632 0.03778328 0.06347119 0.05959728 0.01181918 0.01269881 
262.00000000 0.56776280 0.24634265 0.03789428 0.06365232 0.05973293 0.01185906 0.01275596 
263.00000000 0.56722380 0.24635807 0.03800519 0.06383273 0.05986814 0.01189903 0.01281305 
264.00000000 0.56668689 0.24637263 0.03811600 0.06401241 0.06000290 0.01193908 0.01287009 
265.00000000 0.56615206 0.24638636 0.03822671 0.06419136 0.06013723 0.01197921 0.01292706 
266.00000000 0.56561927 0.24639930 0.03833733 0.06436959 0.06027111 0.01201943 0.01298396 
267.00000000 0.56508849 0.24641148 0.03844784 0.06454710 0.06040454 0.01205974 0.01304081 
268.00000000 0.56455970 0.24642294 0.03855824 0.06472388 0.06053753 0.01210013 0.01309758 
269.00000000 0.56403286 0.24643370 0.03866854 0.06489994 0.06067006 0.01214061 0.01315429 
270.00000000 0.56350794 0.24644380 0.03877873 0.06507528 0.06080215 0.01218117 0.01321093 
271.00000000 0.56298494 0.24645326 0.03888881 0.06524990 0.06093378 0.01222181 0.01326750 
272.00000000 0.56246381 0.24646213 0.03899878 0.06542379 0.06106496 0.01226253 0.01332400 
273.00000000 0.56194454 0.24647042 0.03910864 0.06559696 0.06119568 0.01230333 0.01338043 
274.00000000 0.56142710 0.24647816 0.03921838 0.06576941 0.06132595 0.01234422 0.01343679 
275.00000000 0.56091147 0.24648538 0.03932800 0.06594115 0.06145576 0.01238518 0.01349307 
276.00000000 0.56039763 0.24649210 0.03943751 0.06611216 0.06158511 0.01242621 0.01354928 
277.00000000 0.55988556 0.24649835 0.03954690 0.06628245 0.06171400 0.01246733 0.01360542 
278.00000000 0.55937523 0.24650415 0.03965617 0.06645203 0.06184243 0.01250851 0.01366148 
279.00000000 0.55886664 0.24650952 0.03976533 0.06662088 0.06197041 0.01254977 0.01371746 
280.00000000 0.55835975 0.24651448 0.03987436 0.06678902 0.06209792 0.01259109 0.01377336 
281.00000000 0.55785456 0.24651907 0.03998327 0.06695645 0.06222498 0.01263249 0.01382919 
282.00000000 0.55735104 0.24652328 0.04009207 0.06712316 0.06235158 0.01267395 0.01388493 
283.00000000 0.55684918 0.24652715 0.04020074 0.06728915 0.06247771 0.01271547 0.01394060 
284.00000000 0.55634896 0.24653068 0.04030929 0.06745443 0.06260339 0.01275705 0.01399619 
285.00000000 0.55585037 0.24653391 0.04041773 0.06761900 0.06272861 0.01279870 0.01405170 
286.00000000 0.55535339 0.24653684 0.04052604 0.06778285 0.06285336 0.01284040 0.01410713 
287.00000000 0.55485800 0.24653949 0.04063423 0.06794599 0.06297766 0.01288215 0.01416247 
288.00000000 0.55436420 0.24654187 0.04074230 0.06810843 0.06310151 0.01292396 0.01421774 
289.00000000 0.55387196 0.24654400 0.04085026 0.06827015 0.06322489 0.01296582 0.01427292 
290.00000000 0.55338128 0.24654589 0.04095809 0.06843117 0.06334782 0.01300773 0.01432802 
291.00000000 0.55289215 0.24654755 0.04106581 0.06859148 0.06347029 0.01304968 0.01438304 
292.00000000 0.55240454 0.24654900 0.04117340 0.06875108 0.06359231 0.01309168 0.01443798 
293.00000000 0.55191846 0.24655025 0.04128088 0.06890998 0.06371388 0.01313371 0.01449283 
294.00000000 0.55143388 0.24655130 0.04138825 0.06906818 0.06383499 0.01317579 0.01454760 
295.00000000 0.55095080 0.24655217 0.04149550 0.06922568 0.06395566 0.01321791 0.01460229 
296.00000000 0.55046921 0.24655287 0.04160263 0.06938247 0.06407587 0.01326005 0.01465689 
297.00000000 0.54998909 0.24655340 0.04170965 0.06953857 0.06419564 0.01330223 0.01471141 
298.00000000 0.54951044 0.24655378 0.04181656 0.06969397 0.06431496 0.01334444 0.01476585 
299.00000000 0.54903325 0.24655401 0.04192336 0.06984868 0.06443383 0.01338668 0.01482020 
300.00000000 0.54855750 0.24655409 0.04203004 0.07000269 0.06455226 0.01342894 0.01487447 
301.00000000 0.54808319 0.24655404 0.04213662 0.07015601 0.06467025 0.01347123 0.01492866 
302.00000000 0.54761032 0.24655386 0.04224308 0.07030864 0.06478780 0.01351354 0.01498277 
303.00000000 0.54713887 0.24655355 0.04234944 0.07046058 0.06490491 0.01355586 0.01503679 
304.00000000 0.54666883 0.24655313 0.04245569 0.07061184 0.06502158 0.01359821 0.01509073 
305.00000000 0.54620020 0.24655259 0.04256184 0.07076241 0.06513782 0.01364056 0.01514458 
306.00000000 0.54573297 0.24655194 0.04266788 0.07091230 0.06525363 0.01368293 0.01519836 
307.00000000 0.54526713 0.24655119 0.04277382 0.07106151 0.06536900 0.01372531 0.01525205 
308.00000000 0.54480268 0.24655033 0.04287966 0.07121004 0.06548395 0.01376770 0.01530565 
309.00000000 0.54433960 0.24654938 0.04298539 0.07135789 0.06559847 0.01381009 0.01535918 
310.00000000 0.54387790 0.24654833 0.04309103 0.07150507 0.06571256 0.01385249 0.01541262 
311.00000000 0.54341757 0.24654718 0.04319656 0.07165158 0.06582623 0.01389488 0.01546599 
312.00000000 0.54295860 0.24654594 0.04330200 0.07179742 0.06593948 0.01393728 0.01551927 
313.00000000 0.54250098 0.24654461 0.04340735 0.07194259 0.06605232 0.01397968 0.01557247 
314.00000000 0.54204471 0.24654320 0.04351260 0.07208710 0.06616473 0.01402208 0.01562558 
315.00000000 0.54158979 0.24654169 0.04361775 0.07223095 0.06627673 0.01406447 0.01567862 
316.00000000 0.54113621 0.24654010 0.04372281 0.07237413 0.06638832 0.01410685 0.01573158 
317.00000000 0.54068396 0.24653842 0.04382778 0.07251666 0.06649951 0.01414922 0.01578445 
318.00000000 0.54023304 0.24653665 0.04393266 0.07265853 0.06661028 0.01419159 0.01583725 
319.00000000 0.53978345 0.24653480 0.04403745 0.07279975 0.06672065 0.01423394 0.01588996 
320.00000000 0.53933517 0.24653287 0.04414215 0.07294033 0.06683061 0.01427628 0.01594260 
321.00000000 0.53888821 0.24653085 0.04424676 0.07308025 0.06694018 0.01431860 0.01599515 
322.00000000 0.53844257 0.24652874 0.04435129 0.07321953 0.06704934 0.01436091 0.01604762 
323.00000000 0.53799823 0.24652654 0.04445572 0.07335817 0.06715811 0.01440320 0.01610002 
324.00000000 0.53755519 0.24652426 0.04456008 0.07349618 0.06726649 0.01444547 0.01615233 
325.00000000 0.53711346 0.24652189 0.04466435 0.07363354 0.06737447 0.01448773 0.01620457 
326.00000000 0.53667302 0.24651942 0.04476854 0.07377028 0.06748206 0.01452996 0.01625673 
327.00000000 0.53623388 0.24651687 0.04487264 0.07390638 0.06758927 0.01457216 0.01630880 
328.00000000 0.53579602 0.24651423 0.04497666 0.07404186 0.06769609 0.01461435 0.01636080 
329.00000000 0.53535945 0.24651149 0.04508061 0.07417671 0.06780253 0.01465651 0.01641272 
330.00000000 0.53492416 0.24650865 0.04518447 0.07431094 0.06790858 0.01469864 0.01646456 
331.00000000 0.53449015 0.24650572 0.04528825 0.07444455 0.06801426 0.01474075 0.01651632 
332.00000000 0.53405742 0.24650269 0.04539195 0.07457755 0.06811956 0.01478282 0.01656800 
333.00000000 0.53362596 0.24649956 0.04549558 0.07470994 0.06822449 0.01482487 0.01661960 
334.00000000 0.53319577 0.24649633 0.04559912 0.07484172 0.06832905 0.01486690 0.01667112 
335.00000000 0.53276685 0.24649299 0.04570259 0.07497289 0.06843323 0.01490889 0.01672256 
336.00000000 0.53233920 0.24648954 0.04580598 0.07510346 0.06853705 0.01495085 0.01677393 
337.00000000 0.53191280 0.24648599 0.04590930 0.07523343 0.06864050 0.01499277 0.01682521 
338.00000000 0.53148767 0.24648232 0.04601254 0.07536280 0.06874358 0.01503467 0.01687642 
339.00000000 0.53106379 0.24647854 0.04611570 0.07549158 0.06884631 0.01507653 0.01692754 
340.00000000 0.53064117 0.24647465 0.04621879 0.07561977 0.06894867 0.01511836 0.01697859 
341.00000000 0.53021979 0.24647064 0.04632180 0.07574738 0.06905068 0.01516016 0.01702955 
342.00000000 0.52979967 0.24646651 0.04642474 0.07587440 0.06915233 0.01520192 0.01708044 
343.00000000 0.52938079 0.24646225 0.04652760 0.07600084 0.06925362 0.01524365 0.01713124 
344.00000000 0.52896316 0.24645787 0.04663039 0.07612670 0.06935456 0.01528534 0.01718197 
345.00000000 0.52854677 0.24645337 0.04673311 0.07625199 0.06945515 0.01532700 0.01723261 
346.00000000 0.52813162 0.24644873 0.04683575 0.07637670 0.06955540 0.01536862 0.01728318 
347.00000000 0.52771771 0.24644397 0.04693831 0.07650085 0.06965529 0.01541021 0.01733366 
348.00000000 0.52730503 0.24643907 0.04704080 0.07662444 0.06975484 0.01545176 0.01738406 
349.00000000 0.52689358 0.24643403 0.04714322 0.07674746 0.06985405 0.01549328 0.01743438 
350.00000000 0.52648337 0.24642886 0.04724556 0.07686993 0.06995291 0.01553476 0.01748462 
351.00000000 0.52607438 0.24642354 0.04734783 0.07699184 0.07005143 0.01557621 0.01753478 
352.00000000 0.52566662 0.24641808 0.04745002 0.07711320 0.07014962 0.01561761 0.01758485 
353.00000000 0.52526008 0.24641248 0.04755213 0.07723401 0.07024746 0.01565899 0.01763484 
354.00000000 0.52485477 0.24640673 0.04765418 0.07735428 0.07034497 0.01570033 0.01768475 
355.00000000 0.52445068 0.24640083 0.04775614 0.07747400 0.07044215 0.01574163 0.01773458 
356.00000000 0.52404780 0.24639477 0.04785803 0.07759319 0.07053899 0.01578290 0.01778432 
357.00000000 0.52364614 0.24638857 0.04795985 0.07771183 0.07063551 0.01582413 0.01783398 
358.00000000 0.52324569 0.24638220 0.04806159 0.07782995 0.07073169 0.01586533 0.01788355 
359.00000000 0.52284645 0.24637568 0.04816325 0.07794754 0.07082754 0.01590649 0.01793304 
360.00000000 0.52244843 0.24636900 0.04826484 0.07806460 0.07092307 0.01594762 0.01798244 
361.00000000 0.52205161 0.24636216 0.04836634 0.07818114 0.07101827 0.01598872 0.01803176 
362.00000000 0.52165599 0.24635516 0.04846777 0.07829715 0.07111315 0.01602978 0.01808099 
363.00000000 0.52126158 0.24634799 0.04856913 0.07841265 0.07120770 0.01607081 0.01813014 
364.00000000 0.52086837 0.24634065 0.04867040 0.07852764 0.07130194 0.01611181 0.01817920 
365.00000000 0.52047636 0.24633314 0.04877160 0.07864211 0.07139585 0.01615277 0.01822817 
366.00000000 0.52008554 0.24632546 0.04887271 0.07875608 0.07148944 0.01619370 0.01827706 
367.00000000 0.51969592 0.24631761 0.04897375 0.07886954 0.07158271 0.01623461 0.01832586 
368.00000000 0.51930749 0.24630959 0.04907470 0.07898250 0.07167567 0.01627548 0.01837457 
369.00000000 0.51892025 0.24630139 0.04917558 0.07909496 0.07176831 0.01631632 0.01842319 
370.00000000 0.51853420 0.24629301 0.04927637 0.07920693 0.07186064 0.01635713 0.01847172 
371.00000000 0.51814934 0.24628445 0.04937709 0.07931840 0.07195265 0.01639791 0.01852017 
372.00000000 0.51776566 0.24627572 0.04947772 0.07942938 0.07204435 0.01643866 0.01856852 
373.00000000 0.51738316 0.24626680 0.04957826 0.07953987 0.07213574 0.01647938 0.01861679 
374.00000000 0.51700184 0.24625770 0.04967873 0.07964988 0.07222682 0.01652008 0.01866496 
375.00000000 0.51662169 0.24624842 0.04977911 0.07975941 0.07231758 0.01656074 0.01871305 
376.00000000 0.51624272 0.24623895 0.04987940 0.07986845 0.07240804 0.01660139 0.01876104 
377.00000000 0.51586492 0.24622930 0.04997961 0.07997703 0.07249819 0.01664200 0.01880894 
378.00000000 0.51548830 0.24621946 0.05007974 0.08008512 0.07258804 0.01668259 0.01885675 
379.00000000 0.51511284 0.24620944 0.05017978 0.08019275 0.07267758 0.01672315 0.01890447 
380.00000000 0.51473854 0.24619922 0.05027973 0.08029990 0.07276681 0.01676369 0.01895209 
381.00000000 0.51436541 0.24618882 0.05037960 0.08040659 0.07285574 0.01680421 0.01899963 
382.00000000 0.51399344 0.24617823 0.05047938 0.08051282 0.07294437 0.01684470 0.01904706 
383.00000000 0.51362263 0.24616744 0.05057907 0.08061859 0.07303270 0.01688517 0.01909441 
384.00000000 0.51325297 0.24615647 0.05067867 0.08072390 0.07312072 0.01692561 0.01914166 
385.00000000 0.51288446 0.24614530 0.05077818 0.08082875 0.07320845 0.01696604 0.01918882 
386.00000000 0.51251711 0.24613394 0.05087761 0.08093315 0.07329587 0.01700644 0.01923588 
387.00000000 0.51215091 0.24612239 0.05097694 0.08103710 0.07338299 0.01704682 0.01928285 
388.00000000 0.51178585 0.24611065 0.05107618 0.08114060 0.07346982 0.01708718 0.01932973 
389.00000000 0.51142193 0.24609871 0.05117534 0.08124365 0.07355635 0.01712752 0.01937650 
390.00000000 0.51105916 0.24608658 0.05127440 0.08134626 0.07364258 0.01716784 0.01942319 
391.00000000 0.51069752 0.24607426 0.05137337 0.08144843 0.07372852 0.01720814 0.01946977 
392.00000000 0.51033702 0.24606174 0.05147224 0.08155016 0.07381416 0.01724842 0.01951626 
393.00000000 0.50997765 0.24604903 0.05157103 0.08165145 0.07389950 0.01728868 0.01956266 
394.00000000 0.50961941 0.24603613 0.05166972 0.08175231 0.07398456 0.01732893 0.01960895 
395.00000000 0.50926230 0.24602303 0.05176832 0.08185273 0.07406932 0.01736915 0.01965515 
396.00000000 0.50890631 0.24600974 0.05186682 0.08195273 0.07415378 0.01740936 0.01970126 
397.00000000 0.50855145 0.24599625 0.05196524 0.08205229 0.07423796 0.01744956 0.01974726 
398.00000000 0.50819770 0.24598257 0.05206355 0.08215143 0.07432184 0.01748973 0.01979317 
399.00000000 0.50784507 0.24596870 0.05216177 0.08225015 0.07440544 0.01752989 0.01983898 
400.00000000 0.50749355 0.24595464 0.05225990 0.08234844 0.07448874 0.01757004 0.01988469 
401.00000000 0.50714315 0.24594038 0.05235793 0.08244632 0.07457176 0.01761016 0.01993030 
402.00000000 0.50679385 0.24592593 0.05245587 0.08254377 0.07465448 0.01765027 0.01997581 
403.00000000 0.50644566 0.24591130 0.05255371 0.08264081 0.07473692 0.01769037 0.02002123 
404.00000000 0.50609857 0.24589647 0.05265146 0.08273744 0.07481907 0.01773045 0.02006655 
405.00000000 0.50575258 0.24588145 0.05274911 0.08283365 0.07490094 0.01777052 0.02011176 
406.00000000 0.50540768 0.24586624 0.05284666 0.08292946 0.07498251 0.01781057 0.02015688 
407.00000000 0.50506388 0.24585084 0.05294412 0.08302485 0.07506381 0.01785060 0.02020190 
408.00000000 0.50472116 0.24583526 0.05304148 0.08311984 0.07514481 0.01789063 0.02024682 
409.00000000 0.50437954 0.24581949 0.05313875 0.08321442 0.07522554 0.01793063 0.02029164 
410.00000000 0.50403900 0.24580353 0.05323592 0.08330860 0.07530598 0.01797062 0.02033636 
411.00000000 0.50369954 0.24578738 0.05333299 0.08340238 0.07538613 0.01801060 0.02038098 
412.00000000 0.50336115 0.24577105 0.05342996 0.08349576 0.07546601 0.01805057 0.02042550 
413.00000000 0.50302384 0.24575454 0.05352684 0.08358874 0.07554560 0.01809052 0.02046992 
414.00000000 0.50268761 0.24573785 0.05362362 0.08368133 0.07562491 0.01813045 0.02051423 
415.00000000 0.50235244 0.24572097 0.05372031 0.08377352 0.07570394 0.01817037 0.02055845 
416.00000000 0.50201833 0.24570392 0.05381690 0.08386531 0.07578269 0.01821028 0.02060257 
417.00000000 0.50168529 0.24568668 0.05391339 0.08395672 0.07586116 0.01825017 0.02064659 
418.00000000 0.50135330 0.24566927 0.05400978 0.08404774 0.07593935 0.01829005 0.02069051 
419.00000000 0.50102238 0.24565167 0.05410608 0.08413836 0.07601727 0.01832991 0.02073432 
420.00000000 0.50069250 0.24563391 0.05420228 0.08422861 0.07609490 0.01836976 0.02077804 
421.00000000 0.50036367 0.24561597 0.05429839 0.08431846 0.07617226 0.01840960 0.02082165 
422.00000000 0.50003589 0.24559785 0.05439440 0.08440794 0.07624934 0.01844942 0.02086517 
423.00000000 0.49970914 0.24557956 0.05449031 0.08449703 0.07632614 0.01848922 0.02090858 
424.00000000 0.49938344 0.24556111 0.05458613 0.08458574 0.07640267 0.01852901 0.02095190 
425.00000000 0.49905877 0.24554248 0.05468185 0.08467407 0.07647893 0.01856879 0.02099511 
426.00000000 0.49873514 0.24552368 0.05477748 0.08476202 0.07655491 0.01860855 0.02103822 
427.00000000 0.49841253 0.24550472 0.05487301 0.08484960 0.07663061 0.01864829 0.02108123 
428.00000000 0.49809095 0.24548559 0.05496845 0.08493680 0.07670605 0.01868802 0.02112414 
429.00000000 0.49777039 0.24546630 0.05506379 0.08502363 0.07678121 0.01872773 0.02116695 
430.00000000 0.49745084 0.24544685 0.05515904 0.08511009 0.07685609 0.01876743 0.02120966 
431.00000000 0.49713232 0.24542724 0.05525419 0.08519617 0.07693071 0.01880711 0.02125227 
432.00000000 0.49681480 0.24540746 0.05534925 0.08528189 0.07700505 0.01884677 0.02129477 
433.00000000 0.49649829 0.24538753 0.05544421 0.08536724 0.07707913 0.01888642 0.02133718 
434.00000000 0.49618278 0.24536744 0.05553908 0.08545222 0.07715293 0.01892605 0.02137948 
435.00000000 0.49586828 0.24534720 0.05563386 0.08553684 0.07722647 0.01896566 0.02142169 
436.00000000 0.49555477 0.24532681 0.05572855 0.08562109 0.07729974 0.01900525 0.02146379 
437.00000000 0.49524225 0.24530626 0.05582314 0.08570498 0.07737273 0.01904483 0.02150580 
438.00000000 0.49493073 0.24528556 0.05591764 0.08578851 0.07744547 0.01908439 0.02154770 
439.00000000 0.49462019 0.24526472 0.05601205 0.08587168 0.07751793 0.01912392 0.02158950 
