0.00000000 1.00000000 0.00000000 -0.00000000 0.00000000 0.00000000 0.00000000 0.00000000 
1.00000000 0.99990392 0.00006745 0.00000470 0.00000413 0.00001477 0.00000325 0.00000178 
2.00000000 0.99980786 0.00013488 0.00000940 0.00000826 0.00002953 0.00000651 0.00000356 
3.00000000 0.99971183 0.00020230 0.00001410 0.00001238 0.00004429 0.00000976 0.00000533 
4.00000000 0.99961583 0.00026969 0.00001880 0.00001651 0.00005905 0.00001301 0.00000711 
5.00000000 0.99951985 0.00033707 0.00002350 0.00002063 0.00007380 0.00001626 0.00000889 
6.00000000 0.99942390 0.00040443 0.00002819 0.00002476 0.00008855 0.00001951 0.00001066 
7.00000000 0.99932797 0.00047177 0.00003289 0.00002888 0.00010329 0.00002276 0.00001244 
8.00000000 0.99923207 0.00053909 0.00003758 0.00003300 0.00011803 0.00002601 0.00001421 
9.00000000 0.99913619 0.00060640 0.00004227 0.00003712 0.00013277 0.00002926 0.00001599 
10.00000000 0.99904034 0.00067368 0.00004696 0.00004124 0.00014750 0.00003250 0.00001776 
11.00000000 0.99894452 0.00074095 0.00005165 0.00004536 0.00016223 0.00003575 0.00001954 
12.00000000 0.99884872 0.00080820 0.00005634 0.00004948 0.00017695 0.00003900 0.00002131 
13.00000000 0.99875294 0.00087543 0.00006103 0.00005360 0.00019167 0.00004224 0.00002308 
14.00000000 0.99865719 0.00094265 0.00006571 0.00005771 0.00020639 0.00004548 0.00002486 
15.00000000 0.99856147 0.00100984 0.00007040 0.00006183 0.00022111 0.00004873 0.00002663 
16.00000000 0.99846577 0.00107702 0.00007508 0.00006594 0.00023582 0.00005197 0.00002840 
17.00000000 0.99837009 0.00114418 0.00007976 0.00007006 0.00025052 0.00005521 0.00003017 
18.00000000 0.99827444 0.00121132 0.00008444 0.00007417 0.00026522 0.00005845 0.00003194 
19.00000000 0.99817882 0.00127844 0.00008912 0.00007828 0.00027992 0.00006169 0.00003372 
20.00000000 0.99808321 0.00134555 0.00009380 0.00008240 0.00029462 0.00006494 0.00003549 
21.00000000 0.99798763 0.00141263 0.00009848 0.00008651 0.00030931 0.00006818 0.00003726 
22.00000000 0.99789208 0.00147970 0.00010316 0.00009062 0.00032400 0.00007142 0.00003903 
23.00000000 0.99779655 0.00154675 0.00010783 0.00009473 0.00033868 0.00007466 0.00004080 
24.00000000 0.99770104 0.00161378 0.00011251 0.00009884 0.00035336 0.00007790 0.00004257 
25.00000000 0.99760555 0.00168079 0.00011718 0.00010295 0.00036804 0.00008113 0.00004434 
26.00000000 0.99751009 0.00174779 0.00012186 0.00010707 0.00038272 0.00008437 0.00004611 
27.00000000 0.99741465 0.00181476 0.00012653 0.00011118 0.00039739 0.00008761 0.00004788 
28.00000000 0.99731923 0.00188172 0.00013120 0.00011529 0.00041206 0.00009085 0.00004966 
29.00000000 0.99722384 0.00194866 0.00013587 0.00011940 0.00042672 0.00009409 0.00005143 
30.00000000 0.99712846 0.00201558 0.00014054 0.00012351 0.00044139 0.00009733 0.00005320 
31.00000000 0.99703311 0.00208248 0.00014520 0.00012762 0.00045604 0.00010057 0.00005497 
32.00000000 0.99693778 0.00214936 0.00014987 0.00013173 0.00047070 0.00010380 0.00005674 
33.00000000 0.99684247 0.00221623 0.00015454 0.00013585 0.00048535 0.00010704 0.00005852 
34.00000000 0.99674718 0.00228308 0.00015920 0.00013996 0.00050000 0.00011028 0.00006029 
35.00000000 0.99665192 0.00234990 0.00016387 0.00014407 0.00051465 0.00011352 0.00006206 
36.00000000 0.99655667 0.00241671 0.00016853 0.00014819 0.00052930 0.00011676 0.00006384 
37.00000000 0.99646145 0.00248351 0.00017320 0.00015230 0.00054394 0.00012000 0.00006561 
38.00000000 0.99636624 0.00255028 0.00017786 0.00015642 0.00055858 0.00012324 0.00006739 
39.00000000 0.99627106 0.00261703 0.00018252 0.00016054 0.00057322 0.00012648 0.00006916 
40.00000000 0.99617589 0.00268377 0.00018718 0.00016466 0.00058785 0.00012972 0.00007094 
41.00000000 0.99608074 0.00275049 0.00019184 0.00016878 0.00060248 0.00013296 0.00007271 
42.00000000 0.99598561 0.00281718 0.00019650 0.00017290 0.00061711 0.00013620 0.00007449 
43.00000000 0.99589051 0.00288387 0.00020116 0.00017702 0.00063174 0.00013944 0.00007627 
44.00000000 0.99579542 0.00295053 0.00020582 0.00018114 0.00064636 0.00014268 0.00007805 
45.00000000 0.99570035 0.00301717 0.00021048 0.00018527 0.00066099 0.00014592 0.00007983 
46.00000000 0.99560529 0.00308380 0.00021513 0.00018939 0.00067561 0.00014916 0.00008161 
47.00000000 0.99551026 0.00315040 0.00021979 0.00019352 0.00069023 0.00015240 0.00008340 
48.00000000 0.99541524 0.00321699 0.00022445 0.00019765 0.00070484 0.00015565 0.00008518 
49.00000000 0.99532024 0.00328356 0.00022910 0.00020178 0.00071946 0.00015889 0.00008697 
50.00000000 0.99522526 0.00335011 0.00023376 0.00020592 0.00073407 0.00016213 0.00008875 
51.00000000 0.99513029 0.00341664 0.00023841 0.00021005 0.00074868 0.00016537 0.00009054 
52.00000000 0.99503534 0.00348316 0.00024307 0.00021419 0.00076329 0.00016862 0.00009233 
53.00000000 0.99494041 0.00354965 0.00024772 0.00021833 0.00077790 0.00017186 0.00009412 
54.00000000 0.99484549 0.00361613 0.00025238 0.00022248 0.00079250 0.00017510 0.00009592 
55.00000000 0.99475059 0.00368259 0.00025703 0.00022662 0.00080711 0.00017835 0.00009771 
56.00000000 0.99465571 0.00374903 0.00026169 0.00023077 0.00082171 0.00018159 0.00009951 
57.00000000 0.99456084 0.00381546 0.00026634 0.00023492 0.00083631 0.00018484 0.00010130 
58.00000000 0.99446599 0.00388186 0.00027099 0.00023907 0.00085091 0.00018808 0.00010310 
59.00000000 0.99437115 0.00394825 0.00027565 0.00024322 0.00086550 0.00019133 0.00010491 
60.00000000 0.99427632 0.00401461 0.00028030 0.00024738 0.00088010 0.00019457 0.00010671 
61.00000000 0.99418152 0.00408096 0.00028495 0.00025154 0.00089470 0.00019782 0.00010851 
62.00000000 0.99408672 0.00414729 0.00028960 0.00025571 0.00090929 0.00020106 0.00011032 
63.00000000 0.99399194 0.00421361 0.00029426 0.00025987 0.00092388 0.00020431 0.00011213 
64.00000000 0.99389718 0.00427990 0.00029891 0.00026404 0.00093847 0.00020755 0.00011394 
65.00000000 0.99380242 0.00434618 0.00030356 0.00026822 0.00095306 0.00021080 0.00011576 
66.00000000 0.99370769 0.00441244 0.00030821 0.00027239 0.00096765 0.00021404 0.00011757 
67.00000000 0.99361296 0.00447868 0.00031287 0.00027657 0.00098224 0.00021729 0.00011939 
68.00000000 0.99351825 0.00454490 0.00031752 0.00028076 0.00099683 0.00022053 0.00012121 
69.00000000 0.99342355 0.00461110 0.00032217 0.00028494 0.00101141 0.00022378 0.00012304 
70.00000000 0.99332887 0.00467729 0.00032682 0.00028913 0.00102600 0.00022703 0.00012486 
71.00000000 0.99323419 0.00474346 0.00033148 0.00029333 0.00104058 0.00023027 0.00012669 
72.00000000 0.99313953 0.00480961 0.00033613 0.00029753 0.00105517 0.00023352 0.00012852 
73.00000000 0.99304489 0.00487574 0.00034078 0.00030173 0.00106975 0.00023676 0.00013035 
74.00000000 0.99295025 0.00494185 0.00034543 0.00030593 0.00108433 0.00024001 0.00013219 
75.00000000 0.99285563 0.00500795 0.00035009 0.00031014 0.00109892 0.00024325 0.00013403 
76.00000000 0.99276102 0.00507402 0.00035474 0.00031436 0.00111350 0.00024649 0.00013587 
77.00000000 0.99266641 0.00514008 0.00035939 0.00031858 0.00112808 0.00024974 0.00013771 
78.00000000 0.99257183 0.00520613 0.00036404 0.00032280 0.00114266 0.00025298 0.00013956 
79.00000000 0.99247725 0.00527215 0.00036870 0.00032703 0.00115724 0.00025623 0.00014141 
80.00000000 0.99238268 0.00533815 0.00037335 0.00033126 0.00117182 0.00025947 0.00014326 
81.00000000 0.99228812 0.00540414 0.00037800 0.00033550 0.00118640 0.00026271 0.00014512 
82.00000000 0.99219358 0.00547011 0.00038266 0.00033974 0.00120098 0.00026596 0.00014698 
83.00000000 0.99209904 0.00553606 0.00038731 0.00034398 0.00121556 0.00026920 0.00014884 
84.00000000 0.99200452 0.00560200 0.00039197 0.00034823 0.00123014 0.00027244 0.00015070 
85.00000000 0.99191000 0.00566791 0.00039662 0.00035249 0.00124472 0.00027568 0.00015257 
86.00000000 0.99181550 0.00573381 0.00040127 0.00035675 0.00125930 0.00027893 0.00015444 
87.00000000 0.99172100 0.00579969 0.00040593 0.00036102 0.00127388 0.00028217 0.00015631 
88.00000000 0.99162652 0.00586556 0.00041058 0.00036529 0.00128846 0.00028541 0.00015819 
89.00000000 0.99153204 0.00593140 0.00041524 0.00036956 0.00130304 0.00028865 0.00016007 
90.00000000 0.99143758 0.00599723 0.00041989 0.00037384 0.00131762 0.00029189 0.00016195 
91.00000000 0.99134312 0.00606304 0.00042455 0.00037813 0.00133220 0.00029513 0.00016383 
92.00000000 0.99124867 0.00612883 0.00042920 0.00038242 0.00134678 0.00029837 0.00016572 
93.00000000 0.99115423 0.00619460 0.00043386 0.00038672 0.00136136 0.00030161 0.00016761 
94.00000000 0.99105980 0.00626036 0.00043851 0.00039102 0.00137594 0.00030486 0.00016951 
95.00000000 0.99096538 0.00632610 0.00044317 0.00039533 0.00139053 0.00030810 0.00017140 
96.00000000 0.99087096 0.00639182 0.00044782 0.00039965 0.00140511 0.00031134 0.00017330 
97.00000000 0.99077656 0.00645752 0.00045248 0.00040397 0.00141969 0.00031458 0.00017520 
98.00000000 0.99068216 0.00652321 0.00045714 0.00040829 0.00143428 0.00031782 0.00017711 
99.00000000 0.99058777 0.00658888 0.00046179 0.00041263 0.00144886 0.00032105 0.00017902 
100.00000000 0.99049339 0.00665453 0.00046645 0.00041696 0.00146345 0.00032429 0.00018093 
101.00000000 0.99039902 0.00672016 0.00047110 0.00042131 0.00147803 0.00032753 0.00018284 
102.00000000 0.99030465 0.00678578 0.00047576 0.00042566 0.00149262 0.00033077 0.00018476 
103.00000000 0.99021029 0.00685138 0.00048042 0.00043002 0.00150721 0.00033401 0.00018668 
104.00000000 0.99011594 0.00691696 0.00048507 0.00043438 0.00152179 0.00033725 0.00018860 
105.00000000 0.99002159 0.00698252 0.00048973 0.00043875 0.00153638 0.00034049 0.00019053 
106.00000000 0.98992726 0.00704807 0.00049439 0.00044312 0.00155097 0.00034373 0.00019246 
107.00000000 0.98983293 0.00711360 0.00049904 0.00044750 0.00156556 0.00034697 0.00019439 
108.00000000 0.98973860 0.00717912 0.00050370 0.00045189 0.00158016 0.00035021 0.00019632 
109.00000000 0.98964429 0.00724461 0.00050836 0.00045628 0.00159475 0.00035346 0.00019826 
110.00000000 0.98954998 0.00731009 0.00051301 0.00046068 0.00160934 0.00035670 0.00020020 
111.00000000 0.98945567 0.00737556 0.00051767 0.00046509 0.00162394 0.00035994 0.00020214 
112.00000000 0.98936138 0.00744100 0.00052232 0.00046950 0.00163853 0.00036318 0.00020408 
113.00000000 0.98926709 0.00750643 0.00052698 0.00047392 0.00165313 0.00036642 0.00020603 
114.00000000 0.98917280 0.00757185 0.00053164 0.00047835 0.00166773 0.00036966 0.00020798 
115.00000000 0.98907852 0.00763725 0.00053629 0.00048278 0.00168233 0.00037291 0.00020993 
116.00000000 0.98898425 0.00770263 0.00054095 0.00048722 0.00169693 0.00037615 0.00021188 
117.00000000 0.98888999 0.00776799 0.00054560 0.00049166 0.00171153 0.00037939 0.00021384 
118.00000000 0.98879573 0.00783334 0.00055026 0.00049611 0.00172614 0.00038264 0.00021579 
119.00000000 0.98870148 0.00789867 0.00055491 0.00050057 0.00174074 0.00038588 0.00021775 
120.00000000 0.98860723 0.00796399 0.00055956 0.00050503 0.00175535 0.00038912 0.00021971 
121.00000000 0.98851299 0.00802929 0.00056422 0.00050950 0.00176995 0.00039237 0.00022168 
122.00000000 0.98841875 0.00809458 0.00056887 0.00051397 0.00178456 0.00039561 0.00022364 
123.00000000 0.98832452 0.00815985 0.00057352 0.00051846 0.00179917 0.00039886 0.00022561 
124.00000000 0.98823030 0.00822511 0.00057818 0.00052294 0.00181379 0.00040211 0.00022758 
125.00000000 0.98813608 0.00829035 0.00058283 0.00052744 0.00182840 0.00040535 0.00022955 
126.00000000 0.98804187 0.00835557 0.00058748 0.00053194 0.00184301 0.00040860 0.00023153 
127.00000000 0.98794766 0.00842078 0.00059213 0.00053644 0.00185763 0.00041185 0.00023350 
128.00000000 0.98785346 0.00848598 0.00059678 0.00054095 0.00187225 0.00041510 0.00023548 
129.00000000 0.98775927 0.00855116 0.00060143 0.00054547 0.00188686 0.00041835 0.00023746 
130.00000000 0.98766508 0.00861632 0.00060608 0.00054999 0.00190148 0.00042160 0.00023944 
131.00000000 0.98757090 0.00868147 0.00061073 0.00055452 0.00191611 0.00042485 0.00024142 
132.00000000 0.98747672 0.00874661 0.00061538 0.00055905 0.00193073 0.00042810 0.00024340 
133.00000000 0.98738255 0.00881174 0.00062003 0.00056359 0.00194535 0.00043135 0.00024539 
134.00000000 0.98728839 0.00887685 0.00062468 0.00056814 0.00195998 0.00043460 0.00024738 
135.00000000 0.98719423 0.00894194 0.00062932 0.00057269 0.00197461 0.00043785 0.00024936 
136.00000000 0.98710007 0.00900702 0.00063397 0.00057725 0.00198924 0.00044110 0.00025135 
137.00000000 0.98700593 0.00907209 0.00063861 0.00058181 0.00200387 0.00044435 0.00025334 
138.00000000 0.98691178 0.00913715 0.00064326 0.00058637 0.00201850 0.00044761 0.00025533 
139.00000000 0.98681765 0.00920219 0.00064790 0.00059094 0.00203313 0.00045086 0.00025733 
140.00000000 0.98672352 0.00926722 0.00065255 0.00059552 0.00204776 0.00045411 0.00025932 
141.00000000 0.98662940 0.00933224 0.00065719 0.00060010 0.00206240 0.00045736 0.00026132 
142.00000000 0.98653528 0.00939724 0.00066183 0.00060468 0.00207704 0.00046062 0.00026331 
143.00000000 0.98644117 0.00946223 0.00066647 0.00060927 0.00209168 0.00046387 0.00026531 
144.00000000 0.98634707 0.00952721 0.00067111 0.00061387 0.00210632 0.00046712 0.00026731 
145.00000000 0.98625297 0.00959218 0.00067575 0.00061846 0.00212096 0.00047038 0.00026931 
146.00000000 0.98615888 0.00965713 0.00068038 0.00062307 0.00213560 0.00047363 0.00027131 
147.00000000 0.98606479 0.00972207 0.00068502 0.00062767 0.00215025 0.00047688 0.00027331 
148.00000000 0.98597071 0.00978701 0.00068966 0.00063228 0.00216489 0.00048014 0.00027531 
149.00000000 0.98587664 0.00985192 0.00069429 0.00063690 0.00217954 0.00048339 0.00027731 
150.00000000 0.98578258 0.00991683 0.00069893 0.00064151 0.00219419 0.00048664 0.00027932 
151.00000000 0.98568852 0.00998173 0.00070356 0.00064614 0.00220883 0.00048990 0.00028132 
152.00000000 0.98559447 0.01004661 0.00070819 0.00065076 0.00222349 0.00049315 0.00028333 
153.00000000 0.98550043 0.01011149 0.00071282 0.00065539 0.00223814 0.00049640 0.00028533 
154.00000000 0.98540639 0.01017635 0.00071745 0.00066002 0.00225279 0.00049965 0.00028734 
155.00000000 0.98531236 0.01024120 0.00072208 0.00066465 0.00226744 0.00050291 0.00028935 
156.00000000 0.98521834 0.01030604 0.00072671 0.00066929 0.00228210 0.00050616 0.00029136 
157.00000000 0.98512433 0.01037087 0.00073134 0.00067393 0.00229676 0.00050941 0.00029337 
158.00000000 0.98503032 0.01043569 0.00073596 0.00067857 0.00231141 0.00051266 0.00029538 
159.00000000 0.98493632 0.01050050 0.00074059 0.00068322 0.00232607 0.00051591 0.00029739 
160.00000000 0.98484233 0.01056530 0.00074521 0.00068787 0.00234073 0.00051916 0.00029940 
161.00000000 0.98474835 0.01063009 0.00074983 0.00069252 0.00235539 0.00052241 0.00030141 
162.00000000 0.98465437 0.01069487 0.00075446 0.00069717 0.00237006 0.00052566 0.00030342 
163.00000000 0.98456040 0.01075964 0.00075908 0.00070183 0.00238472 0.00052891 0.00030544 
164.00000000 0.98446644 0.01082439 0.00076370 0.00070648 0.00239938 0.00053215 0.00030745 
165.00000000 0.98437249 0.01088914 0.00076831 0.00071114 0.00241405 0.00053540 0.00030946 
166.00000000 0.98427855 0.01095388 0.00077293 0.00071580 0.00242871 0.00053865 0.00031148 
167.00000000 0.98418461 0.01101861 0.00077755 0.00072047 0.00244338 0.00054189 0.00031349 
168.00000000 0.98409069 0.01108333 0.00078216 0.00072513 0.00245805 0.00054514 0.00031551 
169.00000000 0.98399677 0.01114803 0.00078678 0.00072980 0.00247271 0.00054838 0.00031752 
170.00000000 0.98390286 0.01121273 0.00079139 0.00073446 0.00248738 0.00055163 0.00031954 
171.00000000 0.98380896 0.01127742 0.00079600 0.00073913 0.00250205 0.00055487 0.00032156 
172.00000000 0.98371507 0.01134210 0.00080062 0.00074380 0.00251672 0.00055811 0.00032358 
173.00000000 0.98362119 0.01140677 0.00080523 0.00074847 0.00253140 0.00056135 0.00032559 
174.00000000 0.98352732 0.01147143 0.00080983 0.00075314 0.00254607 0.00056460 0.00032761 
175.00000000 0.98343345 0.01153608 0.00081444 0.00075782 0.00256074 0.00056784 0.00032963 
176.00000000 0.98333960 0.01160072 0.00081905 0.00076249 0.00257541 0.00057108 0.00033165 
177.00000000 0.98324575 0.01166535 0.00082366 0.00076717 0.00259009 0.00057432 0.00033367 
178.00000000 0.98315192 0.01172997 0.00082826 0.00077184 0.00260476 0.00057756 0.00033569 
179.00000000 0.98305809 0.01179458 0.00083287 0.00077652 0.00261944 0.00058079 0.00033771 
180.00000000 0.98296428 0.01185918 0.00083747 0.00078120 0.00263411 0.00058403 0.00033973 
181.00000000 0.98287047 0.01192377 0.00084207 0.00078588 0.00264879 0.00058727 0.00034176 
182.00000000 0.98277667 0.01198835 0.00084667 0.00079056 0.00266346 0.00059051 0.00034378 
183.00000000 0.98268289 0.01205292 0.00085127 0.00079524 0.00267814 0.00059374 0.00034580 
184.00000000 0.98258911 0.01211748 0.00085587 0.00079992 0.00269282 0.00059698 0.00034783 
185.00000000 0.98249534 0.01218203 0.00086047 0.00080460 0.00270749 0.00060021 0.00034985 
186.00000000 0.98240159 0.01224657 0.00086507 0.00080928 0.00272217 0.00060345 0.00035187 
187.00000000 0.98230784 0.01231109 0.00086967 0.00081396 0.00273685 0.00060668 0.00035390 
188.00000000 0.98221411 0.01237561 0.00087427 0.00081864 0.00275153 0.00060992 0.00035593 
189.00000000 0.98212038 0.01244012 0.00087886 0.00082333 0.00276620 0.00061315 0.00035795 
190.00000000 0.98202667 0.01250462 0.00088346 0.00082801 0.00278088 0.00061639 0.00035998 
191.00000000 0.98193297 0.01256910 0.00088805 0.00083269 0.00279556 0.00061962 0.00036201 
192.00000000 0.98183927 0.01263358 0.00089265 0.00083738 0.00281024 0.00062285 0.00036403 
193.00000000 0.98174559 0.01269804 0.00089724 0.00084206 0.00282492 0.00062609 0.00036606 
194.00000000 0.98165192 0.01276249 0.00090183 0.00084675 0.00283960 0.00062932 0.00036809 
195.00000000 0.98155826 0.01282693 0.00090642 0.00085143 0.00285427 0.00063255 0.00037012 
196.00000000 0.98146461 0.01289136 0.00091102 0.00085612 0.00286895 0.00063578 0.00037215 
197.00000000 0.98137098 0.01295578 0.00091561 0.00086080 0.00288363 0.00063902 0.00037419 
198.00000000 0.98127735 0.01302019 0.00092020 0.00086549 0.00289831 0.00064225 0.00037622 
199.00000000 0.98118374 0.01308458 0.00092479 0.00087018 0.00291299 0.00064548 0.00037825 
200.00000000 0.98109013 0.01314896 0.00092938 0.00087486 0.00292767 0.00064871 0.00038028 
201.00000000 0.98099654 0.01321333 0.00093397 0.00087955 0.00294234 0.00065195 0.00038232 
202.00000000 0.98090296 0.01327769 0.00093856 0.00088424 0.00295702 0.00065518 0.00038435 
203.00000000 0.98080940 0.01334203 0.00094314 0.00088893 0.00297170 0.00065841 0.00038639 
204.00000000 0.98071584 0.01340637 0.00094773 0.00089362 0.00298637 0.00066164 0.00038843 
205.00000000 0.98062230 0.01347068 0.00095232 0.00089830 0.00300105 0.00066487 0.00039046 
206.00000000 0.98052877 0.01353499 0.00095691 0.00090299 0.00301573 0.00066811 0.00039250 
207.00000000 0.98043525 0.01359928 0.00096150 0.00090768 0.00303040 0.00067134 0.00039454 
208.00000000 0.98034174 0.01366356 0.00096609 0.00091238 0.00304508 0.00067457 0.00039658 
209.00000000 0.98024825 0.01372783 0.00097067 0.00091707 0.00305975 0.00067781 0.00039862 
210.00000000 0.98015477 0.01379208 0.00097526 0.00092176 0.00307443 0.00068104 0.00040067 
211.00000000 0.98006130 0.01385632 0.00097985 0.00092645 0.00308910 0.00068427 0.00040271 
212.00000000 0.97996784 0.01392054 0.00098444 0.00093115 0.00310377 0.00068750 0.00040476 
213.00000000 0.97987440 0.01398475 0.00098902 0.00093584 0.00311845 0.00069074 0.00040680 
214.00000000 0.97978097 0.01404895 0.00099361 0.00094054 0.00313312 0.00069397 0.00040885 
215.00000000 0.97968755 0.01411313 0.00099820 0.00094523 0.00314779 0.00069721 0.00041090 
216.00000000 0.97959415 0.01417729 0.00100279 0.00094993 0.00316246 0.00070044 0.00041295 
217.00000000 0.97950076 0.01424145 0.00100738 0.00095463 0.00317713 0.00070367 0.00041500 
218.00000000 0.97940738 0.01430558 0.00101196 0.00095932 0.00319179 0.00070691 0.00041705 
219.00000000 0.97931401 0.01436970 0.00101655 0.00096402 0.00320646 0.00071014 0.00041910 
220.00000000 0.97922066 0.01443381 0.00102114 0.00096872 0.00322113 0.00071338 0.00042116 
221.00000000 0.97912733 0.01449790 0.00102573 0.00097343 0.00323579 0.00071661 0.00042321 
222.00000000 0.97903400 0.01456197 0.00103032 0.00097813 0.00325046 0.00071985 0.00042527 
223.00000000 0.97894069 0.01462603 0.00103491 0.00098283 0.00326512 0.00072308 0.00042733 
224.00000000 0.97884740 0.01469007 0.00103950 0.00098754 0.00327978 0.00072632 0.00042939 
225.00000000 0.97875412 0.01475409 0.00104409 0.00099224 0.00329444 0.00072956 0.00043145 
226.00000000 0.97866085 0.01481810 0.00104868 0.00099695 0.00330910 0.00073279 0.00043351 
227.00000000 0.97856760 0.01488210 0.00105328 0.00100166 0.00332376 0.00073603 0.00043558 
228.00000000 0.97847436 0.01494607 0.00105787 0.00100637 0.00333842 0.00073926 0.00043765 
229.00000000 0.97838114 0.01501003 0.00106246 0.00101108 0.00335308 0.00074250 0.00043972 
230.00000000 0.97828793 0.01507397 0.00106706 0.00101579 0.00336773 0.00074574 0.00044179 
231.00000000 0.97819473 0.01513790 0.00107165 0.00102051 0.00338238 0.00074897 0.00044386 
232.00000000 0.97810155 0.01520180 0.00107625 0.00102522 0.00339704 0.00075221 0.00044593 
233.00000000 0.97800839 0.01526569 0.00108084 0.00102994 0.00341169 0.00075545 0.00044801 
234.00000000 0.97791524 0.01532957 0.00108544 0.00103466 0.00342634 0.00075868 0.00045008 
235.00000000 0.97782210 0.01539342 0.00109004 0.00103938 0.00344098 0.00076192 0.00045216 
236.00000000 0.97772898 0.01545726 0.00109463 0.00104410 0.00345563 0.00076516 0.00045424 
237.00000000 0.97763588 0.01552108 0.00109923 0.00104882 0.00347027 0.00076839 0.00045632 
238.00000000 0.97754279 0.01558488 0.00110383 0.00105355 0.00348491 0.00077163 0.00045841 
239.00000000 0.97744971 0.01564866 0.00110843 0.00105828 0.00349956 0.00077487 0.00046050 
240.00000000 0.97735665 0.01571242 0.00111304 0.00106300 0.00351419 0.00077810 0.00046258 
241.00000000 0.97726361 0.01577617 0.00111764 0.00106773 0.00352883 0.00078134 0.00046467 
242.00000000 0.97717058 0.01583990 0.00112224 0.00107247 0.00354347 0.00078458 0.00046677 
243.00000000 0.97707757 0.01590360 0.00112685 0.00107720 0.00355810 0.00078781 0.00046886 
244.00000000 0.97698458 0.01596729 0.00113145 0.00108194 0.00357273 0.00079105 0.00047096 
245.00000000 0.97689160 0.01603096 0.00113606 0.00108667 0.00358736 0.00079429 0.00047306 
246.00000000 0.97679863 0.01609462 0.00114067 0.00109141 0.00360199 0.00079753 0.00047516 
247.00000000 0.97670568 0.01615825 0.00114527 0.00109616 0.00361661 0.00080076 0.00047726 
248.00000000 0.97661275 0.01622186 0.00114988 0.00110090 0.00363124 0.00080400 0.00047936 
249.00000000 0.97651983 0.01628546 0.00115449 0.00110565 0.00364586 0.00080724 0.00048147 
250.00000000 0.97642693 0.01634903 0.00115911 0.00111040 0.00366048 0.00081048 0.00048358 
251.00000000 0.97633405 0.01641259 0.00116372 0.00111515 0.00367510 0.00081372 0.00048569 
252.00000000 0.97624118 0.01647612 0.00116833 0.00111990 0.00368971 0.00081695 0.00048780 
253.00000000 0.97614833 0.01653964 0.00117295 0.00112465 0.00370432 0.00082019 0.00048992 
254.00000000 0.97605550 0.01660313 0.00117756 0.00112941 0.00371893 0.00082343 0.00049203 
255.00000000 0.97596268 0.01666661 0.00118218 0.00113417 0.00373354 0.00082667 0.00049415 
256.00000000 0.97586987 0.01673006 0.00118680 0.00113894 0.00374815 0.00082991 0.00049627 
257.00000000 0.97577709 0.01679350 0.00119142 0.00114370 0.00376275 0.00083315 0.00049840 
258.00000000 0.97568432 0.01685691 0.00119604 0.00114847 0.00377735 0.00083639 0.00050052 
259.00000000 0.97559157 0.01692031 0.00120066 0.00115324 0.00379195 0.00083963 0.00050265 
260.00000000 0.97549883 0.01698368 0.00120528 0.00115801 0.00380655 0.00084287 0.00050478 
261.00000000 0.97540611 0.01704704 0.00120990 0.00116279 0.00382114 0.00084611 0.00050691 
262.00000000 0.97531341 0.01711037 0.00121453 0.00116756 0.00383573 0.00084935 0.00050904 
263.00000000 0.97522072 0.01717369 0.00121915 0.00117234 0.00385032 0.00085260 0.00051118 
264.00000000 0.97512805 0.01723698 0.00122378 0.00117713 0.00386491 0.00085584 0.00051331 
265.00000000 0.97503540 0.01730025 0.00122841 0.00118191 0.00387949 0.00085908 0.00051545 
266.00000000 0.97494276 0.01736350 0.00123304 0.00118670 0.00389408 0.00086233 0.00051759 
267.00000000 0.97485014 0.01742673 0.00123767 0.00119150 0.00390865 0.00086557 0.00051974 
268.00000000 0.97475754 0.01748994 0.00124230 0.00119629 0.00392323 0.00086882 0.00052188 
269.00000000 0.97466495 0.01755313 0.00124693 0.00120109 0.00393780 0.00087207 0.00052403 
270.00000000 0.97457238 0.01761630 0.00125156 0.00120589 0.00395238 0.00087531 0.00052617 
271.00000000 0.97447983 0.01767945 0.00125620 0.00121070 0.00396694 0.00087856 0.00052833 
272.00000000 0.97438729 0.01774257 0.00126083 0.00121550 0.00398151 0.00088181 0.00053048 
273.00000000 0.97429478 0.01780568 0.00126547 0.00122031 0.00399607 0.00088506 0.00053263 
274.00000000 0.97420227 0.01786876 0.00127010 0.00122513 0.00401064 0.00088831 0.00053479 
275.00000000 0.97410979 0.01793182 0.00127474 0.00122994 0.00402519 0.00089157 0.00053694 
276.00000000 0.97401732 0.01799486 0.00127938 0.00123477 0.00403975 0.00089482 0.00053910 
277.00000000 0.97392487 0.01805788 0.00128402 0.00123959 0.00405430 0.00089808 0.00054126 
278.00000000 0.97383244 0.01812088 0.00128866 0.00124442 0.00406885 0.00090133 0.00054342 
279.00000000 0.97374002 0.01818386 0.00129330 0.00124925 0.00408340 0.00090459 0.00054559 
280.00000000 0.97364762 0.01824681 0.00129794 0.00125408 0.00409794 0.00090785 0.00054775 
281.00000000 0.97355524 0.01830974 0.00130258 0.00125892 0.00411249 0.00091111 0.00054992 
282.00000000 0.97346287 0.01837266 0.00130723 0.00126376 0.00412703 0.00091437 0.00055209 
283.00000000 0.97337053 0.01843555 0.00131187 0.00126861 0.00414156 0.00091763 0.00055426 
284.00000000 0.97327819 0.01849841 0.00131652 0.00127345 0.00415610 0.00092090 0.00055643 
285.00000000 0.97318588 0.01856126 0.00132116 0.00127831 0.00417063 0.00092416 0.00055860 
286.00000000 0.97309358 0.01862409 0.00132581 0.00128316 0.00418516 0.00092743 0.00056077 
287.00000000 0.97300131 0.01868689 0.00133046 0.00128802 0.00419968 0.00093070 0.00056295 
288.00000000 0.97290904 0.01874967 0.00133510 0.00129288 0.00421420 0.00093397 0.00056512 
289.00000000 0.97281680 0.01881243 0.00133975 0.00129775 0.00422872 0.00093724 0.00056730 
290.00000000 0.97272457 0.01887517 0.00134440 0.00130262 0.00424324 0.00094051 0.00056948 
291.00000000 0.97263236 0.01893789 0.00134905 0.00130750 0.00425775 0.00094378 0.00057166 
292.00000000 0.97254017 0.01900059 0.00135370 0.00131237 0.00427227 0.00094706 0.00057384 
293.00000000 0.97244800 0.01906326 0.00135835 0.00131726 0.00428677 0.00095034 0.00057602 
294.00000000 0.97235584 0.01912591 0.00136300 0.00132214 0.00430128 0.00095362 0.00057820 
295.00000000 0.97226370 0.01918855 0.00136765 0.00132703 0.00431578 0.00095690 0.00058039 
296.00000000 0.97217158 0.01925116 0.00137231 0.00133192 0.00433028 0.00096018 0.00058257 
297.00000000 0.97207948 0.01931374 0.00137696 0.00133682 0.00434478 0.00096346 0.00058476 
298.00000000 0.97198740 0.01937631 0.00138161 0.00134172 0.00435927 0.00096674 0.00058695 
299.00000000 0.97189533 0.01943886 0.00138626 0.00134662 0.00437376 0.00097003 0.00058913 
300.00000000 0.97180328 0.01950138 0.00139092 0.00135153 0.00438825 0.00097332 0.00059132 
301.00000000 0.97171125 0.01956388 0.00139557 0.00135644 0.00440274 0.00097661 0.00059351 
302.00000000 0.97161924 0.01962636 0.00140022 0.00136136 0.00441722 0.00097990 0.00059570 
303.00000000 0.97152724 0.01968882 0.00140488 0.00136628 0.00443170 0.00098319 0.00059789 
304.00000000 0.97143527 0.01975126 0.00140953 0.00137120 0.00444618 0.00098648 0.00060008 
305.00000000 0.97134331 0.01981368 0.00141419 0.00137612 0.00446065 0.00098977 0.00060227 
306.00000000 0.97125137 0.01987608 0.00141884 0.00138105 0.00447512 0.00099307 0.00060447 
307.00000000 0.97115945 0.01993845 0.00142350 0.00138599 0.00448959 0.00099636 0.00060666 
308.00000000 0.97106755 0.02000081 0.00142815 0.00139092 0.00450405 0.00099966 0.00060885 
309.00000000 0.97097567 0.02006314 0.00143281 0.00139586 0.00451851 0.00100296 0.00061105 
310.00000000 0.97088381 0.02012546 0.00143746 0.00140081 0.00453297 0.00100625 0.00061324 
311.00000000 0.97079196 0.02018775 0.00144212 0.00140575 0.00454743 0.00100955 0.00061544 
312.00000000 0.97070014 0.02025002 0.00144677 0.00141070 0.00456188 0.00101285 0.00061763 
313.00000000 0.97060833 0.02031227 0.00145143 0.00141566 0.00457633 0.00101615 0.00061983 
314.00000000 0.97051654 0.02037450 0.00145608 0.00142061 0.00459077 0.00101946 0.00062203 
315.00000000 0.97042477 0.02043672 0.00146074 0.00142557 0.00460522 0.00102276 0.00062423 
316.00000000 0.97033302 0.02049891 0.00146539 0.00143053 0.00461966 0.00102606 0.00062642 
317.00000000 0.97024130 0.02056108 0.00147005 0.00143550 0.00463409 0.00102936 0.00062862 
318.00000000 0.97014959 0.02062323 0.00147470 0.00144047 0.00464853 0.00103267 0.00063082 
319.00000000 0.97005789 0.02068536 0.00147936 0.00144544 0.00466296 0.00103597 0.00063302 
320.00000000 0.96996622 0.02074747 0.00148401 0.00145041 0.00467739 0.00103928 0.00063522 
321.00000000 0.96987457 0.02080956 0.00148867 0.00145539 0.00469181 0.00104258 0.00063742 
322.00000000 0.96978294 0.02087163 0.00149332 0.00146037 0.00470623 0.00104589 0.00063962 
323.00000000 0.96969133 0.02093368 0.00149797 0.00146535 0.00472065 0.00104919 0.00064182 
324.00000000 0.96959974 0.02099571 0.00150263 0.00147034 0.00473506 0.00105250 0.00064402 
325.00000000 0.96950816 0.02105773 0.00150728 0.00147532 0.00474948 0.00105580 0.00064622 
326.00000000 0.96941661 0.02111972 0.00151193 0.00148031 0.00476389 0.00105911 0.00064843 
327.00000000 0.96932508 0.02118170 0.00151658 0.00148531 0.00477829 0.00106242 0.00065063 
328.00000000 0.96923356 0.02124365 0.00152124 0.00149030 0.00479269 0.00106572 0.00065283 
329.00000000 0.96914207 0.02130559 0.00152589 0.00149530 0.00480709 0.00106903 0.00065503 
330.00000000 0.96905060 0.02136751 0.00153054 0.00150030 0.00482149 0.00107233 0.00065724 
331.00000000 0.96895915 0.02142941 0.00153519 0.00150530 0.00483588 0.00107564 0.00065944 
332.00000000 0.96886771 0.02149129 0.00153984 0.00151030 0.00485027 0.00107894 0.00066164 
333.00000000 0.96877630 0.02155315 0.00154449 0.00151531 0.00486466 0.00108225 0.00066385 
334.00000000 0.96868491 0.02161500 0.00154914 0.00152031 0.00487904 0.00108555 0.00066605 
335.00000000 0.96859353 0.02167682 0.00155379 0.00152532 0.00489342 0.00108885 0.00066826 
336.00000000 0.96850218 0.02173863 0.00155844 0.00153033 0.00490780 0.00109216 0.00067046 
337.00000000 0.96841085 0.02180042 0.00156309 0.00153534 0.00492217 0.00109546 0.00067267 
338.00000000 0.96831953 0.02186220 0.00156774 0.00154036 0.00493654 0.00109876 0.00067487 
339.00000000 0.96822824 0.02192395 0.00157238 0.00154537 0.00495091 0.00110206 0.00067708 
340.00000000 0.96813697 0.02198569 0.00157703 0.00155039 0.00496528 0.00110536 0.00067928 
341.00000000 0.96804571 0.02204741 0.00158168 0.00155541 0.00497964 0.00110867 0.00068149 
342.00000000 0.96795448 0.02210911 0.00158632 0.00156043 0.00499400 0.00111197 0.00068370 
343.00000000 0.96786326 0.02217080 0.00159097 0.00156545 0.00500835 0.00111526 0.00068590 
344.00000000 0.96777207 0.02223247 0.00159561 0.00157047 0.00502271 0.00111856 0.00068811 
345.00000000 0.96768089 0.02229412 0.00160025 0.00157550 0.00503706 0.00112186 0.00069032 
346.00000000 0.96758974 0.02235576 0.00160490 0.00158052 0.00505140 0.00112516 0.00069253 
347.00000000 0.96749860 0.02241738 0.00160954 0.00158554 0.00506575 0.00112846 0.00069474 
348.00000000 0.96740748 0.02247898 0.00161418 0.00159057 0.00508009 0.00113175 0.00069695 
349.00000000 0.96731638 0.02254056 0.00161882 0.00159560 0.00509443 0.00113505 0.00069915 
350.00000000 0.96722531 0.02260213 0.00162346 0.00160063 0.00510876 0.00113834 0.00070136 
351.00000000 0.96713425 0.02266369 0.00162810 0.00160566 0.00512310 0.00114164 0.00070357 
352.00000000 0.96704320 0.02272522 0.00163274 0.00161069 0.00513743 0.00114493 0.00070579 
353.00000000 0.96695218 0.02278675 0.00163738 0.00161572 0.00515176 0.00114822 0.00070800 
354.00000000 0.96686118 0.02284825 0.00164202 0.00162075 0.00516608 0.00115151 0.00071021 
355.00000000 0.96677019 0.02290974 0.00164666 0.00162578 0.00518040 0.00115481 0.00071242 
356.00000000 0.96667923 0.02297121 0.00165129 0.00163081 0.00519472 0.00115810 0.00071463 
357.00000000 0.96658828 0.02303267 0.00165593 0.00163585 0.00520904 0.00116139 0.00071685 
358.00000000 0.96649735 0.02309412 0.00166056 0.00164088 0.00522336 0.00116468 0.00071906 
359.00000000 0.96640643 0.02315554 0.00166520 0.00164592 0.00523767 0.00116796 0.00072127 
360.00000000 0.96631554 0.02321696 0.00166983 0.00165095 0.00525198 0.00117125 0.00072349 
361.00000000 0.96622466 0.02327836 0.00167446 0.00165599 0.00526629 0.00117454 0.00072570 
362.00000000 0.96613380 0.02333974 0.00167910 0.00166102 0.00528059 0.00117783 0.00072792 
363.00000000 0.96604296 0.02340111 0.00168373 0.00166606 0.00529490 0.00118111 0.00073014 
364.00000000 0.96595213 0.02346246 0.00168836 0.00167110 0.00530920 0.00118440 0.00073235 
365.00000000 0.96586133 0.02352380 0.00169299 0.00167613 0.00532350 0.00118768 0.00073457 
366.00000000 0.96577053 0.02358512 0.00169762 0.00168117 0.00533780 0.00119097 0.00073679 
367.00000000 0.96567976 0.02364643 0.00170225 0.00168621 0.00535209 0.00119425 0.00073901 
368.00000000 0.96558900 0.02370773 0.00170687 0.00169125 0.00536639 0.00119754 0.00074123 
369.00000000 0.96549826 0.02376901 0.00171150 0.00169628 0.00538068 0.00120082 0.00074345 
370.00000000 0.96540753 0.02383028 0.00171613 0.00170132 0.00539497 0.00120410 0.00074567 
371.00000000 0.96531682 0.02389153 0.00172075 0.00170636 0.00540926 0.00120738 0.00074789 
372.00000000 0.96522613 0.02395277 0.00172538 0.00171140 0.00542354 0.00121067 0.00075011 
373.00000000 0.96513545 0.02401400 0.00173000 0.00171644 0.00543783 0.00121395 0.00075233 
374.00000000 0.96504479 0.02407521 0.00173462 0.00172148 0.00545211 0.00121723 0.00075456 
375.00000000 0.96495414 0.02413641 0.00173925 0.00172652 0.00546640 0.00122051 0.00075678 
376.00000000 0.96486351 0.02419760 0.00174387 0.00173156 0.00548068 0.00122379 0.00075901 
377.00000000 0.96477289 0.02425877 0.00174849 0.00173660 0.00549496 0.00122707 0.00076123 
378.00000000 0.96468228 0.02431993 0.00175311 0.00174164 0.00550924 0.00123035 0.00076346 
379.00000000 0.96459169 0.02438108 0.00175773 0.00174668 0.00552351 0.00123362 0.00076569 
380.00000000 0.96450112 0.02444221 0.00176234 0.00175172 0.00553779 0.00123690 0.00076792 
381.00000000 0.96441056 0.02450333 0.00176696 0.00175676 0.00555206 0.00124018 0.00077015 
382.00000000 0.96432001 0.02456444 0.00177158 0.00176180 0.00556634 0.00124346 0.00077238 
383.00000000 0.96422948 0.02462554 0.00177620 0.00176684 0.00558061 0.00124673 0.00077461 
384.00000000 0.96413896 0.02468662 0.00178081 0.00177188 0.00559488 0.00125001 0.00077684 
385.00000000 0.96404845 0.02474769 0.00178542 0.00177692 0.00560915 0.00125329 0.00077908 
386.00000000 0.96395795 0.02480875 0.00179004 0.00178196 0.00562342 0.00125656 0.00078131 
387.00000000 0.96386747 0.02486980 0.00179465 0.00178700 0.00563769 0.00125984 0.00078355 
388.00000000 0.96377700 0.02493083 0.00179926 0.00179204 0.00565196 0.00126311 0.00078579 
389.00000000 0.96368655 0.02499186 0.00180387 0.00179708 0.00566623 0.00126638 0.00078802 
390.00000000 0.96359611 0.02505287 0.00180849 0.00180212 0.00568050 0.00126966 0.00079026 
391.00000000 0.96350567 0.02511386 0.00181310 0.00180716 0.00569477 0.00127293 0.00079250 
392.00000000 0.96341525 0.02517485 0.00181770 0.00181220 0.00570904 0.00127620 0.00079475 
393.00000000 0.96332485 0.02523583 0.00182231 0.00181724 0.00572330 0.00127947 0.00079699 
394.00000000 0.96323445 0.02529679 0.00182692 0.00182229 0.00573757 0.00128275 0.00079924 
395.00000000 0.96314407 0.02535774 0.00183153 0.00182733 0.00575184 0.00128602 0.00080148 
396.00000000 0.96305369 0.02541868 0.00183613 0.00183237 0.00576611 0.00128929 0.00080373 
397.00000000 0.96296333 0.02547961 0.00184074 0.00183741 0.00578037 0.00129256 0.00080598 
398.00000000 0.96287298 0.02554053 0.00184534 0.00184246 0.00579464 0.00129583 0.00080823 
399.00000000 0.96278264 0.02560143 0.00184995 0.00184750 0.00580891 0.00129909 0.00081048 
400.00000000 0.96269231 0.02566233 0.00185455 0.00185254 0.00582318 0.00130236 0.00081273 
401.00000000 0.96260199 0.02572321 0.00185915 0.00185759 0.00583744 0.00130563 0.00081499 
402.00000000 0.96251168 0.02578409 0.00186375 0.00186263 0.00585171 0.00130890 0.00081724 
403.00000000 0.96242138 0.02584495 0.00186835 0.00186768 0.00586598 0.00131216 0.00081950 
404.00000000 0.96233109 0.02590580 0.00187295 0.00187272 0.00588025 0.00131543 0.00082176 
405.00000000 0.96224081 0.02596664 0.00187755 0.00187777 0.00589452 0.00131869 0.00082402 
406.00000000 0.96215054 0.02602746 0.00188215 0.00188282 0.00590879 0.00132196 0.00082629 
407.00000000 0.96206027 0.02608828 0.00188675 0.00188786 0.00592306 0.00132522 0.00082855 
408.00000000 0.96197002 0.02614909 0.00189134 0.00189291 0.00593733 0.00132848 0.00083082 
409.00000000 0.96187978 0.02620988 0.00189594 0.00189796 0.00595161 0.00133174 0.00083309 
410.00000000 0.96178954 0.02627066 0.00190054 0.00190301 0.00596588 0.00133501 0.00083536 
411.00000000 0.96169932 0.02633144 0.00190513 0.00190806 0.00598016 0.00133827 0.00083763 
412.00000000 0.96160910 0.02639220 0.00190972 0.00191312 0.00599443 0.00134153 0.00083990 
413.00000000 0.96151889 0.02645295 0.00191432 0.00191817 0.00600871 0.00134479 0.00084218 
414.00000000 0.96142869 0.02651369 0.00191891 0.00192322 0.00602299 0.00134804 0.00084446 
415.00000000 0.96133850 0.02657442 0.00192350 0.00192828 0.00603727 0.00135130 0.00084674 
416.00000000 0.96124831 0.02663513 0.00192809 0.00193334 0.00605155 0.00135456 0.00084902 
417.00000000 0.96115814 0.02669584 0.00193268 0.00193839 0.00606583 0.00135782 0.00085130 
418.00000000 0.96106797 0.02675654 0.00193727 0.00194345 0.00608011 0.00136107 0.00085359 
419.00000000 0.96097781 0.02681722 0.00194186 0.00194852 0.00609439 0.00136433 0.00085588 
420.00000000 0.96088765 0.02687789 0.00194645 0.00195358 0.00610868 0.00136758 0.00085817 
421.00000000 0.96079750 0.02693855 0.00195104 0.00195864 0.00612297 0.00137084 0.00086046 
422.00000000 0.96070736 0.02699920 0.00195562 0.00196371 0.00613726 0.00137409 0.00086275 
423.00000000 0.96061723 0.02705984 0.00196021 0.00196878 0.00615155 0.00137734 0.00086505 
424.00000000 0.96052710 0.02712047 0.00196479 0.00197385 0.00616584 0.00138060 0.00086735 
425.00000000 0.96043698 0.02718109 0.00196938 0.00197892 0.00618013 0.00138385 0.00086965 
426.00000000 0.96034687 0.02724169 0.00197396 0.00198400 0.00619443 0.00138710 0.00087195 
427.00000000 0.96025676 0.02730228 0.00197854 0.00198907 0.00620873 0.00139035 0.00087426 
428.00000000 0.96016666 0.02736286 0.00198313 0.00199415 0.00622303 0.00139360 0.00087657 
429.00000000 0.96007657 0.02742343 0.00198771 0.00199924 0.00623733 0.00139685 0.00087888 
430.00000000 0.95998648 0.02748399 0.00199229 0.00200432 0.00625163 0.00140010 0.00088119 
431.00000000 0.95989639 0.02754454 0.00199687 0.00200941 0.00626594 0.00140335 0.00088350 
432.00000000 0.95980632 0.02760507 0.00200145 0.00201450 0.00628025 0.00140660 0.00088582 
433.00000000 0.95971625 0.02766559 0.00200602 0.00201959 0.00629456 0.00140985 0.00088814 
434.00000000 0.95962618 0.02772610 0.00201060 0.00202469 0.00630887 0.00141310 0.00089046 
435.00000000 0.95953612 0.02778660 0.00201518 0.00202979 0.00632318 0.00141635 0.00089278 
436.00000000 0.95944606 0.02784709 0.00201975 0.00203489 0.00633750 0.00141960 0.00089511 
437.00000000 0.95935601 0.02790756 0.00202433 0.00204000 0.00635182 0.00142284 0.00089744 
438.00000000 0.95926597 0.02796802 0.00202890 0.00204511 0.00636614 0.00142609 0.00089977 
439.00000000 0.95917593 0.02802847 0.00203348 0.00205022 0.00638046 0.00142934 0.00090210 
