0.00000000 1.00000000 0.00000000 -0.00000000 0.00000000 0.00000000 0.00000000 0.00000000 
1.00000000 0.99941998 0.00040730 0.00002838 0.00002491 0.00008909 0.00001962 0.00001072 
2.00000000 0.99849181 0.00105979 0.00007379 0.00006469 0.00023131 0.00005087 0.00002774 
3.00000000 0.99722861 0.00194920 0.00013556 0.00011868 0.00042420 0.00009310 0.00005065 
4.00000000 0.99564449 0.00306671 0.00021299 0.00018613 0.00066509 0.00014559 0.00007899 
5.00000000 0.99375445 0.00440299 0.00030535 0.00026629 0.00095110 0.00020758 0.00011224 
6.00000000 0.99157421 0.00594831 0.00041185 0.00035834 0.00127920 0.00027824 0.00014985 
7.00000000 0.98912012 0.00769255 0.00053170 0.00046143 0.00164625 0.00035673 0.00019123 
8.00000000 0.98640898 0.00962534 0.00066406 0.00057470 0.00204896 0.00044217 0.00023579 
9.00000000 0.98345798 0.01173605 0.00080809 0.00069728 0.00248402 0.00053366 0.00028292 
10.00000000 0.98028450 0.01401389 0.00096295 0.00082827 0.00294804 0.00063032 0.00033202 
11.00000000 0.97690605 0.01644798 0.00112780 0.00096679 0.00343762 0.00073127 0.00038249 
12.00000000 0.97334014 0.01902735 0.00130178 0.00111197 0.00394936 0.00083565 0.00043375 
13.00000000 0.96960414 0.02174108 0.00148407 0.00126295 0.00447991 0.00094262 0.00048523 
14.00000000 0.96571524 0.02457827 0.00167383 0.00141888 0.00502595 0.00105141 0.00053641 
15.00000000 0.96169030 0.02752813 0.00187029 0.00157896 0.00558427 0.00116124 0.00058680 
16.00000000 0.95754582 0.03058001 0.00207265 0.00174241 0.00615173 0.00127143 0.00063595 
17.00000000 0.95329781 0.03372345 0.00228017 0.00190849 0.00672530 0.00138133 0.00068344 
18.00000000 0.94896177 0.03694819 0.00249214 0.00207651 0.00730211 0.00149035 0.00072893 
19.00000000 0.94455261 0.04024424 0.00270786 0.00224580 0.00787941 0.00159796 0.00077212 
20.00000000 0.94008458 0.04360188 0.00292670 0.00241577 0.00845461 0.00170372 0.00081274 
21.00000000 0.93557129 0.04701170 0.00314803 0.00258586 0.00902530 0.00180722 0.00085060 
22.00000000 0.93102560 0.05046460 0.00337128 0.00275558 0.00958923 0.00190814 0.00088557 
23.00000000 0.92645965 0.05395186 0.00359592 0.00292446 0.01014435 0.00200621 0.00091755 
24.00000000 0.92188482 0.05746509 0.00382145 0.00309212 0.01068878 0.00210124 0.00094651 
25.00000000 0.91731173 0.06099628 0.00404742 0.00325821 0.01122084 0.00219307 0.00097245 
26.00000000 0.91275021 0.06453781 0.00427341 0.00342245 0.01173904 0.00228164 0.00099544 
27.00000000 0.90820934 0.06808245 0.00449905 0.00358460 0.01224209 0.00236689 0.00101558 
28.00000000 0.90369743 0.07162336 0.00472398 0.00374448 0.01272887 0.00244887 0.00103301 
29.00000000 0.89922203 0.07515411 0.00494791 0.00390196 0.01319845 0.00252763 0.00104791 
30.00000000 0.89478996 0.07866865 0.00517058 0.00405694 0.01365011 0.00260326 0.00106050 
31.00000000 0.89040734 0.08216134 0.00539174 0.00420940 0.01408326 0.00267593 0.00107100 
32.00000000 0.88607958 0.08562693 0.00561119 0.00435933 0.01449751 0.00274578 0.00107968 
33.00000000 0.88181146 0.08906055 0.00582877 0.00450677 0.01489263 0.00281301 0.00108682 
34.00000000 0.87760709 0.09245772 0.00604433 0.00465181 0.01526853 0.00287783 0.00109270 
35.00000000 0.87347000 0.09581432 0.00625776 0.00479456 0.01562527 0.00294048 0.00109762 
36.00000000 0.86940316 0.09912660 0.00646896 0.00493517 0.01596304 0.00300118 0.00110188 
37.00000000 0.86540898 0.10239118 0.00667788 0.00507382 0.01628218 0.00306017 0.00110579 
38.00000000 0.86148940 0.10560500 0.00688447 0.00521071 0.01658311 0.00311769 0.00110964 
39.00000000 0.85764586 0.10876533 0.00708869 0.00534606 0.01686636 0.00317398 0.00111372 
40.00000000 0.85387941 0.11186977 0.00729056 0.00548011 0.01713257 0.00322926 0.00111831 
41.00000000 0.85019068 0.11491624 0.00749007 0.00561313 0.01738245 0.00328376 0.00112368 
42.00000000 0.84657993 0.11790291 0.00768725 0.00574538 0.01761679 0.00333767 0.00113006 
43.00000000 0.84304711 0.12082828 0.00788215 0.00587715 0.01783642 0.00339119 0.00113770 
44.00000000 0.83959185 0.12369108 0.00807481 0.00600873 0.01804224 0.00344448 0.00114680 
45.00000000 0.83621354 0.12649031 0.00826530 0.00614041 0.01823520 0.00349770 0.00115754 
46.00000000 0.83291130 0.12922520 0.00845369 0.00627250 0.01841626 0.00355096 0.00117009 
47.00000000 0.82968406 0.13189522 0.00864005 0.00640529 0.01858641 0.00360439 0.00118459 
48.00000000 0.82653056 0.13450002 0.00882447 0.00653908 0.01874666 0.00365806 0.00120115 
49.00000000 0.82344937 0.13703949 0.00900705 0.00667416 0.01889801 0.00371204 0.00121987 
50.00000000 0.82043893 0.13951368 0.00918788 0.00681083 0.01904149 0.00376638 0.00124082 
51.00000000 0.81749756 0.14192280 0.00936707 0.00694935 0.01917809 0.00382108 0.00126404 
52.00000000 0.81462350 0.14426726 0.00954471 0.00709001 0.01930880 0.00387616 0.00128956 
53.00000000 0.81181488 0.14654757 0.00972092 0.00723307 0.01943458 0.00393160 0.00131738 
54.00000000 0.80906979 0.14876441 0.00989580 0.00737878 0.01955638 0.00398735 0.00134748 
55.00000000 0.80638627 0.15091856 0.01006946 0.00752739 0.01967511 0.00404338 0.00137984 
56.00000000 0.80376232 0.15301092 0.01024202 0.00767912 0.01979163 0.00409960 0.00141440 
57.00000000 0.80119592 0.15504249 0.01041357 0.00783418 0.01990678 0.00415595 0.00145110 
58.00000000 0.79868505 0.15701436 0.01058423 0.00799279 0.02002136 0.00421233 0.00148987 
59.00000000 0.79622769 0.15892770 0.01075411 0.00815513 0.02013612 0.00426865 0.00153061 
60.00000000 0.79382180 0.16078374 0.01092331 0.00832137 0.02025176 0.00432479 0.00157323 
61.00000000 0.79146540 0.16258377 0.01109192 0.00849168 0.02036894 0.00438066 0.00161763 
62.00000000 0.78915650 0.16432915 0.01126006 0.00866621 0.02048826 0.00443614 0.00166369 
63.00000000 0.78689316 0.16602127 0.01142781 0.00884508 0.02061028 0.00449111 0.00171130 
64.00000000 0.78467346 0.16766154 0.01159526 0.00902841 0.02073551 0.00454546 0.00176035 
65.00000000 0.78249554 0.16925143 0.01176252 0.00921631 0.02086442 0.00459907 0.00181072 
66.00000000 0.78035755 0.17079238 0.01192965 0.00940888 0.02099740 0.00465185 0.00186229 
67.00000000 0.77825772 0.17228590 0.01209674 0.00960619 0.02113482 0.00470368 0.00191495 
68.00000000 0.77619430 0.17373347 0.01226386 0.00980830 0.02127700 0.00475448 0.00196858 
69.00000000 0.77416563 0.17513657 0.01243108 0.01001528 0.02142420 0.00480415 0.00202308 
70.00000000 0.77217005 0.17649670 0.01259847 0.01022716 0.02157665 0.00485262 0.00207835 
71.00000000 0.77020599 0.17781533 0.01276609 0.01044397 0.02173453 0.00489981 0.00213427 
72.00000000 0.76827193 0.17909392 0.01293398 0.01066574 0.02189798 0.00494567 0.00219077 
73.00000000 0.76636641 0.18033392 0.01310219 0.01089247 0.02206711 0.00499014 0.00224776 
74.00000000 0.76448800 0.18153675 0.01327078 0.01112416 0.02224197 0.00503319 0.00230515 
75.00000000 0.76263535 0.18270381 0.01343977 0.01136081 0.02242260 0.00507479 0.00236287 
76.00000000 0.76080717 0.18383647 0.01360919 0.01160239 0.02260899 0.00511493 0.00242086 
77.00000000 0.75900221 0.18493607 0.01377906 0.01184887 0.02280111 0.00515360 0.00247906 
78.00000000 0.75721929 0.18600392 0.01394942 0.01210023 0.02299891 0.00519081 0.00253741 
79.00000000 0.75545727 0.18704130 0.01412027 0.01235642 0.02320229 0.00522658 0.00259588 
80.00000000 0.75371508 0.18804943 0.01429161 0.01261739 0.02341115 0.00526093 0.00265441 
81.00000000 0.75199169 0.18902953 0.01446345 0.01288309 0.02362535 0.00529391 0.00271298 
82.00000000 0.75028614 0.18998276 0.01463580 0.01315344 0.02384474 0.00532556 0.00277155 
83.00000000 0.74859752 0.19091025 0.01480863 0.01342839 0.02406916 0.00535595 0.00283011 
84.00000000 0.74692495 0.19181307 0.01498193 0.01370787 0.02429843 0.00538512 0.00288863 
85.00000000 0.74526763 0.19269228 0.01515570 0.01399178 0.02453234 0.00541317 0.00294710 
86.00000000 0.74362480 0.19354889 0.01532990 0.01428005 0.02477070 0.00544016 0.00300552 
87.00000000 0.74199573 0.19438386 0.01550451 0.01457259 0.02501328 0.00546617 0.00306386 
88.00000000 0.74037976 0.19519814 0.01567950 0.01486930 0.02525987 0.00549131 0.00312212 
89.00000000 0.73877628 0.19599260 0.01585483 0.01517010 0.02551023 0.00551565 0.00318030 
90.00000000 0.73718470 0.19676812 0.01603046 0.01547489 0.02576414 0.00553929 0.00323841 
91.00000000 0.73560449 0.19752550 0.01620636 0.01578355 0.02602134 0.00556233 0.00329643 
92.00000000 0.73403517 0.19826553 0.01638248 0.01609598 0.02628162 0.00558486 0.00335436 
93.00000000 0.73247627 0.19898895 0.01655877 0.01641208 0.02654472 0.00560699 0.00341221 
94.00000000 0.73092738 0.19969650 0.01673519 0.01673173 0.02681041 0.00562881 0.00346998 
95.00000000 0.72938814 0.20038884 0.01691168 0.01705482 0.02707845 0.00565041 0.00352766 
96.00000000 0.72785820 0.20106663 0.01708818 0.01738124 0.02734861 0.00567188 0.00358526 
97.00000000 0.72633726 0.20173049 0.01726465 0.01771085 0.02762066 0.00569332 0.00364276 
98.00000000 0.72482504 0.20238101 0.01744103 0.01804355 0.02789437 0.00571482 0.00370018 
99.00000000 0.72332130 0.20301877 0.01761726 0.01837920 0.02816951 0.00573644 0.00375751 
100.00000000 0.72182583 0.20364428 0.01779329 0.01871769 0.02844589 0.00575828 0.00381473 
101.00000000 0.72033845 0.20425807 0.01796905 0.01905890 0.02872327 0.00578040 0.00387186 
102.00000000 0.71885898 0.20486063 0.01814449 0.01940268 0.02900147 0.00580288 0.00392887 
103.00000000 0.71738730 0.20545242 0.01831956 0.01974892 0.02928028 0.00582576 0.00398576 
104.00000000 0.71592329 0.20603388 0.01849419 0.02009749 0.02955952 0.00584912 0.00404252 
105.00000000 0.71446686 0.20660544 0.01866833 0.02044826 0.02983899 0.00587299 0.00409914 
106.00000000 0.71301793 0.20716749 0.01884192 0.02080109 0.03011854 0.00589742 0.00415561 
107.00000000 0.71157644 0.20772043 0.01901491 0.02115586 0.03039798 0.00592246 0.00421192 
108.00000000 0.71014236 0.20826462 0.01918725 0.02151243 0.03067716 0.00594812 0.00426805 
109.00000000 0.70871565 0.20880041 0.01935889 0.02187067 0.03095593 0.00597444 0.00432400 
110.00000000 0.70729630 0.20932812 0.01952978 0.02223046 0.03123415 0.00600144 0.00437975 
111.00000000 0.70588430 0.20984809 0.01969986 0.02259166 0.03151168 0.00602912 0.00443528 
112.00000000 0.70447967 0.21036061 0.01986910 0.02295414 0.03178839 0.00605750 0.00449059 
113.00000000 0.70308241 0.21086598 0.02003745 0.02331777 0.03206416 0.00608657 0.00454565 
114.00000000 0.70169254 0.21136446 0.02020487 0.02368242 0.03233888 0.00611635 0.00460047 
115.00000000 0.70031009 0.21185634 0.02037132 0.02404796 0.03261244 0.00614681 0.00465503 
116.00000000 0.69893510 0.21234184 0.02053677 0.02441427 0.03288475 0.00617796 0.00470931 
117.00000000 0.69756760 0.21282123 0.02070117 0.02478121 0.03315571 0.00620977 0.00476331 
118.00000000 0.69620762 0.21329473 0.02086451 0.02514866 0.03342524 0.00624222 0.00481702 
119.00000000 0.69485521 0.21376255 0.02102674 0.02551650 0.03369326 0.00627530 0.00487044 
120.00000000 0.69351041 0.21422492 0.02118785 0.02588460 0.03395970 0.00630897 0.00492355 
121.00000000 0.69217325 0.21468202 0.02134781 0.02625284 0.03422450 0.00634322 0.00497636 
122.00000000 0.69084377 0.21513406 0.02150660 0.02662111 0.03448759 0.00637801 0.00502886 
123.00000000 0.68952203 0.21558121 0.02166420 0.02698928 0.03474893 0.00641331 0.00508105 
124.00000000 0.68820804 0.21602364 0.02182059 0.02735725 0.03500846 0.00644909 0.00513293 
125.00000000 0.68690184 0.21646151 0.02197577 0.02772489 0.03526614 0.00648533 0.00518451 
126.00000000 0.68560348 0.21689500 0.02212972 0.02809210 0.03552194 0.00652198 0.00523578 
127.00000000 0.68431296 0.21732423 0.02228244 0.02845877 0.03577583 0.00655901 0.00528676 
128.00000000 0.68303033 0.21774936 0.02243391 0.02882479 0.03602777 0.00659639 0.00533745 
129.00000000 0.68175559 0.21817051 0.02258414 0.02919006 0.03627774 0.00663410 0.00538786 
130.00000000 0.68048878 0.21858780 0.02273313 0.02955448 0.03652573 0.00667208 0.00543801 
131.00000000 0.67922989 0.21900135 0.02288087 0.02991795 0.03677171 0.00671033 0.00548789 
132.00000000 0.67797895 0.21941128 0.02302737 0.03028038 0.03701568 0.00674881 0.00553754 
133.00000000 0.67673595 0.21981768 0.02317264 0.03064167 0.03725764 0.00678748 0.00558695 
134.00000000 0.67550090 0.22022064 0.02331667 0.03100174 0.03749756 0.00682633 0.00563615 
135.00000000 0.67427380 0.22062026 0.02345949 0.03136051 0.03773546 0.00686533 0.00568515 
136.00000000 0.67305463 0.22101661 0.02360111 0.03171788 0.03797134 0.00690445 0.00573398 
137.00000000 0.67184340 0.22140977 0.02374152 0.03207379 0.03820519 0.00694368 0.00578264 
138.00000000 0.67064009 0.22179980 0.02388076 0.03242815 0.03843703 0.00698300 0.00583116 
139.00000000 0.66944468 0.22218677 0.02401884 0.03278090 0.03866687 0.00702239 0.00587955 
140.00000000 0.66825716 0.22257072 0.02415577 0.03313196 0.03889472 0.00706184 0.00592784 
141.00000000 0.66707750 0.22295170 0.02429157 0.03348127 0.03912059 0.00710133 0.00597605 
142.00000000 0.66590568 0.22332976 0.02442626 0.03382876 0.03934450 0.00714085 0.00602419 
143.00000000 0.66474167 0.22370494 0.02455987 0.03417438 0.03956646 0.00718039 0.00607229 
144.00000000 0.66358545 0.22407725 0.02469241 0.03451808 0.03978650 0.00721996 0.00612035 
145.00000000 0.66243698 0.22444673 0.02482391 0.03485980 0.04000464 0.00725953 0.00616842 
146.00000000 0.66129624 0.22481339 0.02495439 0.03519949 0.04022089 0.00729911 0.00621649 
147.00000000 0.66016320 0.22517724 0.02508387 0.03553710 0.04043529 0.00733870 0.00626459 
148.00000000 0.65903781 0.22553830 0.02521239 0.03587261 0.04064786 0.00737829 0.00631274 
149.00000000 0.65792005 0.22589657 0.02533996 0.03620595 0.04085863 0.00741788 0.00636096 
150.00000000 0.65680988 0.22625205 0.02546661 0.03653711 0.04106761 0.00745748 0.00640925 
151.00000000 0.65570727 0.22660473 0.02559237 0.03686605 0.04127485 0.00749709 0.00645764 
152.00000000 0.65461217 0.22695461 0.02571726 0.03719274 0.04148037 0.00753671 0.00650614 
153.00000000 0.65352457 0.22730166 0.02584132 0.03751716 0.04168419 0.00757635 0.00655476 
154.00000000 0.65244441 0.22764588 0.02596456 0.03783927 0.04188636 0.00761600 0.00660352 
155.00000000 0.65137167 0.22798724 0.02608702 0.03815908 0.04208689 0.00765569 0.00665242 
156.00000000 0.65030631 0.22832572 0.02620871 0.03847654 0.04228583 0.00769540 0.00670148 
157.00000000 0.64924830 0.22866129 0.02632968 0.03879166 0.04248321 0.00773515 0.00675071 
158.00000000 0.64819760 0.22899393 0.02644994 0.03910443 0.04267905 0.00777495 0.00680011 
159.00000000 0.64715419 0.22932359 0.02656953 0.03941483 0.04287338 0.00781479 0.00684969 
160.00000000 0.64611802 0.22965026 0.02668846 0.03972285 0.04306626 0.00785468 0.00689946 
161.00000000 0.64508907 0.22997389 0.02680677 0.04002851 0.04325769 0.00789464 0.00694943 
162.00000000 0.64406731 0.23029444 0.02692448 0.04033179 0.04344773 0.00793466 0.00699959 
163.00000000 0.64305270 0.23061187 0.02704162 0.04063271 0.04363639 0.00797474 0.00704996 
164.00000000 0.64204522 0.23092615 0.02715821 0.04093126 0.04382372 0.00801490 0.00710053 
165.00000000 0.64104483 0.23123724 0.02727429 0.04122745 0.04400975 0.00805514 0.00715131 
166.00000000 0.64005151 0.23154508 0.02738986 0.04152129 0.04419450 0.00809545 0.00720229 
167.00000000 0.63906523 0.23184965 0.02750496 0.04181280 0.04437802 0.00813585 0.00725349 
168.00000000 0.63808596 0.23215089 0.02761961 0.04210199 0.04456034 0.00817633 0.00730489 
169.00000000 0.63711367 0.23244876 0.02773384 0.04238887 0.04474148 0.00821689 0.00735650 
170.00000000 0.63614833 0.23274322 0.02784767 0.04267346 0.04492148 0.00825753 0.00740831 
171.00000000 0.63518992 0.23303422 0.02796112 0.04295578 0.04510037 0.00829826 0.00746033 
172.00000000 0.63423840 0.23332173 0.02807421 0.04323585 0.04527819 0.00833907 0.00751254 
173.00000000 0.63329375 0.23360569 0.02818697 0.04351370 0.04545496 0.00837996 0.00756496 
174.00000000 0.63235595 0.23388608 0.02829941 0.04378935 0.04563071 0.00842093 0.00761757 
175.00000000 0.63142495 0.23416285 0.02841156 0.04406282 0.04580548 0.00846198 0.00767037 
176.00000000 0.63050073 0.23443595 0.02852344 0.04433414 0.04597930 0.00850309 0.00772335 
177.00000000 0.62958326 0.23470536 0.02863507 0.04460334 0.04615218 0.00854427 0.00777652 
178.00000000 0.62867250 0.23497103 0.02874646 0.04487045 0.04632417 0.00858552 0.00782987 
179.00000000 0.62776844 0.23523294 0.02885763 0.04513550 0.04649530 0.00862682 0.00788338 
180.00000000 0.62687102 0.23549104 0.02896861 0.04539851 0.04666557 0.00866817 0.00793707 
181.00000000 0.62598022 0.23574531 0.02907941 0.04565953 0.04683504 0.00870956 0.00799093 
182.00000000 0.62509601 0.23599572 0.02919004 0.04591858 0.04700371 0.00875100 0.00804494 
183.00000000 0.62421834 0.23624223 0.02930053 0.04617570 0.04717163 0.00879246 0.00809911 
184.00000000 0.62334717 0.23648484 0.02941088 0.04643092 0.04733880 0.00883395 0.00815343 
185.00000000 0.62248248 0.23672350 0.02952112 0.04668428 0.04750527 0.00887546 0.00820789 
186.00000000 0.62162421 0.23695821 0.02963126 0.04693581 0.04767104 0.00891698 0.00826250 
187.00000000 0.62077233 0.23718894 0.02974131 0.04718554 0.04783615 0.00895850 0.00831724 
188.00000000 0.61992679 0.23741567 0.02985129 0.04743351 0.04800061 0.00900001 0.00837212 
189.00000000 0.61908754 0.23763840 0.02996121 0.04767975 0.04816445 0.00904152 0.00842712 
190.00000000 0.61825454 0.23785711 0.03007108 0.04792431 0.04832770 0.00908301 0.00848225 
191.00000000 0.61742775 0.23807180 0.03018091 0.04816721 0.04849036 0.00912447 0.00853750 
192.00000000 0.61660710 0.23828246 0.03029072 0.04840850 0.04865246 0.00916590 0.00859287 
193.00000000 0.61579255 0.23848908 0.03040051 0.04864820 0.04881402 0.00920729 0.00864835 
194.00000000 0.61498405 0.23869167 0.03051030 0.04888635 0.04897505 0.00924863 0.00870394 
195.00000000 0.61418154 0.23889023 0.03062010 0.04912299 0.04913558 0.00928993 0.00875963 
196.00000000 0.61338496 0.23908476 0.03072991 0.04935815 0.04929562 0.00933116 0.00881543 
197.00000000 0.61259426 0.23927528 0.03083974 0.04959187 0.04945519 0.00937233 0.00887133 
198.00000000 0.61180938 0.23946178 0.03094961 0.04982417 0.04961430 0.00941344 0.00892733 
199.00000000 0.61103025 0.23964429 0.03105952 0.05005509 0.04977296 0.00945447 0.00898342 
200.00000000 0.61025682 0.23982282 0.03116947 0.05028467 0.04993120 0.00949543 0.00903960 
201.00000000 0.60948903 0.23999738 0.03127947 0.05051293 0.05008901 0.00953631 0.00909587 
202.00000000 0.60872680 0.24016801 0.03138953 0.05073990 0.05024643 0.00957710 0.00915222 
203.00000000 0.60797008 0.24033471 0.03149966 0.05096563 0.05040344 0.00961781 0.00920866 
204.00000000 0.60721880 0.24049753 0.03160986 0.05119013 0.05056008 0.00965842 0.00926518 
205.00000000 0.60647288 0.24065647 0.03172013 0.05141344 0.05071634 0.00969895 0.00932179 
206.00000000 0.60573227 0.24081159 0.03183048 0.05163558 0.05087224 0.00973938 0.00937846 
207.00000000 0.60499689 0.24096290 0.03194091 0.05185658 0.05102779 0.00977972 0.00943522 
208.00000000 0.60426668 0.24111044 0.03205142 0.05207647 0.05118299 0.00981996 0.00949204 
209.00000000 0.60354156 0.24125425 0.03216202 0.05229528 0.05133785 0.00986010 0.00954894 
210.00000000 0.60282146 0.24139437 0.03227272 0.05251302 0.05149238 0.00990015 0.00960590 
211.00000000 0.60210631 0.24153084 0.03238350 0.05272973 0.05164658 0.00994011 0.00966294 
212.00000000 0.60139604 0.24166370 0.03249437 0.05294543 0.05180046 0.00997997 0.00972003 
213.00000000 0.60069058 0.24179300 0.03260534 0.05316014 0.05195403 0.01001974 0.00977719 
214.00000000 0.59998985 0.24191877 0.03271640 0.05337387 0.05210728 0.01005941 0.00983441 
215.00000000 0.59929379 0.24204108 0.03282755 0.05358666 0.05226022 0.01009899 0.00989169 
216.00000000 0.59860231 0.24215997 0.03293880 0.05379853 0.05241287 0.01013849 0.00994903 
217.00000000 0.59791536 0.24227550 0.03305014 0.05400948 0.05256520 0.01017790 0.01000642 
218.00000000 0.59723284 0.24238770 0.03316158 0.05421955 0.05271724 0.01021723 0.01006386 
219.00000000 0.59655471 0.24249664 0.03327310 0.05442874 0.05286898 0.01025648 0.01012135 
220.00000000 0.59588087 0.24260238 0.03338471 0.05463708 0.05302042 0.01029565 0.01017889 
221.00000000 0.59521126 0.24270496 0.03349641 0.05484458 0.05317157 0.01033474 0.01023648 
222.00000000 0.59454581 0.24280445 0.03360819 0.05505125 0.05332242 0.01037377 0.01029411 
223.00000000 0.59388444 0.24290090 0.03372006 0.05525711 0.05347297 0.01041273 0.01035178 
224.00000000 0.59322710 0.24299438 0.03383200 0.05546217 0.05362322 0.01045163 0.01040949 
225.00000000 0.59257370 0.24308493 0.03394402 0.05566645 0.05377318 0.01049048 0.01046724 
226.00000000 0.59192418 0.24317263 0.03405611 0.05586995 0.05392283 0.01052927 0.01052503 
227.00000000 0.59127846 0.24325753 0.03416828 0.05607269 0.05407219 0.01056801 0.01058284 
228.00000000 0.59063649 0.24333969 0.03428050 0.05627468 0.05422124 0.01060670 0.01064069 
229.00000000 0.58999819 0.24341918 0.03439279 0.05647593 0.05436998 0.01064536 0.01069856 
230.00000000 0.58936351 0.24349606 0.03450514 0.05667645 0.05451841 0.01068398 0.01075646 
231.00000000 0.58873236 0.24357038 0.03461753 0.05687624 0.05466654 0.01072257 0.01081438 
232.00000000 0.58810470 0.24364221 0.03472998 0.05707532 0.05481434 0.01076114 0.01087232 
233.00000000 0.58748045 0.24371162 0.03484247 0.05727368 0.05496183 0.01079968 0.01093027 
234.00000000 0.58685955 0.24377866 0.03495500 0.05747135 0.05510900 0.01083821 0.01098824 
235.00000000 0.58624194 0.24384339 0.03506756 0.05766831 0.05525584 0.01087672 0.01104622 
236.00000000 0.58562757 0.24390589 0.03518015 0.05786459 0.05540236 0.01091523 0.01110421 
237.00000000 0.58501637 0.24396620 0.03529277 0.05806018 0.05554854 0.01095373 0.01116221 
238.00000000 0.58440828 0.24402439 0.03540541 0.05825509 0.05569438 0.01099224 0.01122021 
239.00000000 0.58380325 0.24408052 0.03551806 0.05844933 0.05583989 0.01103075 0.01127821 
240.00000000 0.58320122 0.24413466 0.03563072 0.05864289 0.05598504 0.01106928 0.01133620 
241.00000000 0.58260213 0.24418685 0.03574338 0.05883578 0.05612985 0.01110782 0.01139419 
242.00000000 0.58200594 0.24423716 0.03585604 0.05902800 0.05627431 0.01114638 0.01145218 
243.00000000 0.58141258 0.24428564 0.03596869 0.05921956 0.05641840 0.01118496 0.01151015 
244.00000000 0.58082202 0.24433236 0.03608134 0.05941046 0.05656213 0.01122358 0.01156811 
245.00000000 0.58023419 0.24437737 0.03619396 0.05960070 0.05670550 0.01126222 0.01162605 
246.00000000 0.57964906 0.24442073 0.03630657 0.05979028 0.05684849 0.01130090 0.01168397 
247.00000000 0.57906656 0.24446249 0.03641914 0.05997921 0.05699111 0.01133962 0.01174187 
248.00000000 0.57848666 0.24450270 0.03653169 0.06016748 0.05713335 0.01137838 0.01179975 
249.00000000 0.57790931 0.24454142 0.03664420 0.06035509 0.05727520 0.01141719 0.01185759 
250.00000000 0.57733446 0.24457870 0.03675666 0.06054205 0.05741666 0.01145605 0.01191541 
251.00000000 0.57676208 0.24461459 0.03686908 0.06072836 0.05755773 0.01149496 0.01197319 
252.00000000 0.57619211 0.24464914 0.03698145 0.06091402 0.05769841 0.01153392 0.01203094 
253.00000000 0.57562453 0.24468241 0.03709377 0.06109902 0.05783868 0.01157295 0.01208865 
254.00000000 0.57505929 0.24471443 0.03720602 0.06128337 0.05797855 0.01161204 0.01214632 
255.00000000 0.57449635 0.24474525 0.03731820 0.06146706 0.05811801 0.01165119 0.01220394 
256.00000000 0.57393567 0.24477493 0.03743032 0.06165010 0.05825705 0.01169040 0.01226152 
257.00000000 0.57337723 0.24480350 0.03754237 0.06183249 0.05839568 0.01172969 0.01231905 
258.00000000 0.57282097 0.24483101 0.03765434 0.06201422 0.05853389 0.01176905 0.01237652 
259.00000000 0.57226688 0.24485750 0.03776622 0.06219530 0.05867168 0.01180847 0.01243395 
260.00000000 0.57171492 0.24488301 0.03787802 0.06237572 0.05880904 0.01184798 0.01249132 
261.00000000 0.57116505 0.24490758 0.03798974 0.06255549 0.05894597 0.01188755 0.01254862 
262.00000000 0.57061725 0.24493125 0.03810136 0.06273460 0.05908247 0.01192721 0.01260587 
263.00000000 0.57007148 0.24495406 0.03821288 0.06291305 0.05921853 0.01196694 0.01266306 
264.00000000 0.56952772 0.24497605 0.03832431 0.06309084 0.05935416 0.01200675 0.01272018 
265.00000000 0.56898594 0.24499724 0.03843563 0.06326798 0.05948934 0.01204664 0.01277724 
266.00000000 0.56844611 0.24501767 0.03854685 0.06344445 0.05962408 0.01208661 0.01283422 
267.00000000 0.56790821 0.24503739 0.03865796 0.06362026 0.05975838 0.01212666 0.01289114 
268.00000000 0.56737221 0.24505641 0.03876896 0.06379541 0.05989223 0.01216680 0.01294798 
269.00000000 0.56683810 0.24507477 0.03887985 0.06396989 0.06002563 0.01220701 0.01300475 
270.00000000 0.56630584 0.24509249 0.03899063 0.06414371 0.06015858 0.01224730 0.01306145 
271.00000000 0.56577541 0.24510962 0.03910128 0.06431686 0.06029108 0.01228768 0.01311806 
272.00000000 0.56524680 0.24512616 0.03921182 0.06448935 0.06042313 0.01232813 0.01317460 
273.00000000 0.56471998 0.24514216 0.03932224 0.06466117 0.06055472 0.01236867 0.01323106 
274.00000000 0.56419494 0.24515763 0.03943253 0.06483233 0.06068585 0.01240929 0.01328744 
275.00000000 0.56367165 0.24517261 0.03954270 0.06500281 0.06081652 0.01244998 0.01334373 
276.00000000 0.56315009 0.24518710 0.03965274 0.06517263 0.06094674 0.01249075 0.01339994 
277.00000000 0.56263026 0.24520114 0.03976266 0.06534177 0.06107650 0.01253160 0.01345607 
278.00000000 0.56211213 0.24521474 0.03987245 0.06551025 0.06120579 0.01257253 0.01351211 
279.00000000 0.56159569 0.24522793 0.03998210 0.06567805 0.06133463 0.01261352 0.01356807 
280.00000000 0.56108092 0.24524073 0.04009163 0.06584519 0.06146301 0.01265460 0.01362394 
281.00000000 0.56056781 0.24525314 0.04020103 0.06601165 0.06159092 0.01269574 0.01367972 
282.00000000 0.56005634 0.24526520 0.04031029 0.06617743 0.06171837 0.01273695 0.01373541 
283.00000000 0.55954650 0.24527692 0.04041943 0.06634255 0.06184537 0.01277823 0.01379101 
284.00000000 0.55903828 0.24528830 0.04052843 0.06650699 0.06197190 0.01281958 0.01384652 
285.00000000 0.55853167 0.24529938 0.04063729 0.06667076 0.06209797 0.01286099 0.01390195 
286.00000000 0.55802665 0.24531016 0.04074602 0.06683386 0.06222357 0.01290246 0.01395728 
287.00000000 0.55752321 0.24532065 0.04085462 0.06699628 0.06234872 0.01294400 0.01401252 
288.00000000 0.55702134 0.24533086 0.04096309 0.06715803 0.06247341 0.01298559 0.01406767 
289.00000000 0.55652104 0.24534082 0.04107142 0.06731911 0.06259764 0.01302724 0.01412273 
290.00000000 0.55602228 0.24535053 0.04117962 0.06747951 0.06272142 0.01306894 0.01417770 
291.00000000 0.55552507 0.24535999 0.04128769 0.06763924 0.06284473 0.01311069 0.01423258 
292.00000000 0.55502939 0.24536923 0.04139563 0.06779830 0.06296759 0.01315249 0.01428737 
293.00000000 0.55453524 0.24537824 0.04150343 0.06795669 0.06309000 0.01319434 0.01434206 
294.00000000 0.55404260 0.24538704 0.04161110 0.06811441 0.06321195 0.01323624 0.01439667 
295.00000000 0.55355147 0.24539563 0.04171864 0.06827146 0.06333345 0.01327817 0.01445118 
296.00000000 0.55306184 0.24540403 0.04182605 0.06842783 0.06345450 0.01332015 0.01450560 
297.00000000 0.55257370 0.24541223 0.04193333 0.06858354 0.06357510 0.01336216 0.01455994 
298.00000000 0.55208704 0.24542024 0.04204049 0.06873859 0.06369525 0.01340421 0.01461418 
299.00000000 0.55160187 0.24542808 0.04214751 0.06889296 0.06381495 0.01344629 0.01466834 
300.00000000 0.55111816 0.24543574 0.04225441 0.06904667 0.06393421 0.01348840 0.01472240 
301.00000000 0.55063593 0.24544322 0.04236119 0.06919972 0.06405303 0.01353054 0.01477638 
302.00000000 0.55015515 0.24545054 0.04246784 0.06935210 0.06417141 0.01357270 0.01483026 
303.00000000 0.54967582 0.24545770 0.04257436 0.06950382 0.06428935 0.01361489 0.01488406 
304.00000000 0.54919794 0.24546469 0.04268077 0.06965488 0.06440685 0.01365709 0.01493778 
305.00000000 0.54872151 0.24547153 0.04278705 0.06980529 0.06452391 0.01369932 0.01499140 
306.00000000 0.54824651 0.24547821 0.04289321 0.06995503 0.06464055 0.01374156 0.01504494 
307.00000000 0.54777294 0.24548473 0.04299926 0.07010412 0.06475675 0.01378381 0.01509839 
308.00000000 0.54730080 0.24549110 0.04310518 0.07025256 0.06487252 0.01382607 0.01515176 
309.00000000 0.54683007 0.24549733 0.04321100 0.07040035 0.06498787 0.01386834 0.01520504 
310.00000000 0.54636077 0.24550340 0.04331669 0.07054749 0.06510279 0.01391062 0.01525823 
311.00000000 0.54589288 0.24550932 0.04342227 0.07069398 0.06521730 0.01395291 0.01531134 
312.00000000 0.54542639 0.24551510 0.04352774 0.07083983 0.06533138 0.01399519 0.01536437 
313.00000000 0.54496131 0.24552072 0.04363310 0.07098503 0.06544504 0.01403748 0.01541732 
314.00000000 0.54449762 0.24552620 0.04373835 0.07112959 0.06555829 0.01407976 0.01547018 
315.00000000 0.54403533 0.24553153 0.04384350 0.07127352 0.06567113 0.01412204 0.01552296 
316.00000000 0.54357443 0.24553671 0.04394853 0.07141681 0.06578356 0.01416431 0.01557565 
317.00000000 0.54311491 0.24554174 0.04405346 0.07155947 0.06589558 0.01420658 0.01562827 
318.00000000 0.54265678 0.24554662 0.04415828 0.07170149 0.06600719 0.01424883 0.01568080 
319.00000000 0.54220002 0.24555134 0.04426300 0.07184289 0.06611840 0.01429108 0.01573326 
320.00000000 0.54174464 0.24555592 0.04436762 0.07198366 0.06622921 0.01433331 0.01578563 
321.00000000 0.54129063 0.24556034 0.04447214 0.07212381 0.06633963 0.01437553 0.01583792 
322.00000000 0.54083798 0.24556460 0.04457656 0.07226335 0.06644964 0.01441773 0.01589013 
323.00000000 0.54038670 0.24556871 0.04468088 0.07240226 0.06655927 0.01445991 0.01594227 
324.00000000 0.53993677 0.24557266 0.04478511 0.07254056 0.06666850 0.01450208 0.01599432 
325.00000000 0.53948821 0.24557644 0.04488924 0.07267825 0.06677735 0.01454422 0.01604629 
326.00000000 0.53904099 0.24558007 0.04499327 0.07281533 0.06688581 0.01458635 0.01609819 
327.00000000 0.53859512 0.24558353 0.04509721 0.07295180 0.06699388 0.01462844 0.01615001 
328.00000000 0.53815060 0.24558682 0.04520106 0.07308768 0.06710158 0.01467052 0.01620175 
329.00000000 0.53770741 0.24558995 0.04530482 0.07322295 0.06720889 0.01471257 0.01625341 
330.00000000 0.53726557 0.24559291 0.04540848 0.07335763 0.06731583 0.01475459 0.01630499 
331.00000000 0.53682506 0.24559570 0.04551206 0.07349171 0.06742240 0.01479658 0.01635649 
332.00000000 0.53638588 0.24559831 0.04561555 0.07362521 0.06752859 0.01483855 0.01640792 
333.00000000 0.53594803 0.24560074 0.04571895 0.07375812 0.06763441 0.01488048 0.01645927 
334.00000000 0.53551151 0.24560300 0.04582227 0.07389044 0.06773986 0.01492239 0.01651054 
335.00000000 0.53507630 0.24560508 0.04592549 0.07402218 0.06784495 0.01496426 0.01656173 
336.00000000 0.53464242 0.24560698 0.04602864 0.07415335 0.06794967 0.01500610 0.01661285 
337.00000000 0.53420985 0.24560869 0.04613170 0.07428394 0.06805404 0.01504791 0.01666388 
338.00000000 0.53377859 0.24561022 0.04623467 0.07441396 0.06815804 0.01508968 0.01671484 
339.00000000 0.53334864 0.24561156 0.04633757 0.07454342 0.06826168 0.01513142 0.01676572 
340.00000000 0.53291999 0.24561271 0.04644038 0.07467230 0.06836497 0.01517312 0.01681653 
341.00000000 0.53249265 0.24561366 0.04654311 0.07480063 0.06846791 0.01521479 0.01686725 
342.00000000 0.53206661 0.24561443 0.04664575 0.07492840 0.06857049 0.01525642 0.01691790 
343.00000000 0.53164186 0.24561500 0.04674832 0.07505561 0.06867272 0.01529802 0.01696847 
344.00000000 0.53121841 0.24561537 0.04685081 0.07518227 0.06877461 0.01533958 0.01701896 
345.00000000 0.53079624 0.24561554 0.04695322 0.07530838 0.06887615 0.01538110 0.01706937 
346.00000000 0.53037537 0.24561552 0.04705554 0.07543395 0.06897734 0.01542259 0.01711970 
347.00000000 0.52995578 0.24561529 0.04715779 0.07555897 0.06907819 0.01546403 0.01716995 
348.00000000 0.52953746 0.24561486 0.04725996 0.07568345 0.06917870 0.01550544 0.01722013 
349.00000000 0.52912043 0.24561422 0.04736206 0.07580739 0.06927886 0.01554682 0.01727022 
350.00000000 0.52870467 0.24561338 0.04746407 0.07593080 0.06937869 0.01558815 0.01732024 
351.00000000 0.52829018 0.24561233 0.04756601 0.07605368 0.06947818 0.01562944 0.01737018 
352.00000000 0.52787697 0.24561107 0.04766786 0.07617604 0.06957733 0.01567070 0.01742003 
353.00000000 0.52746502 0.24560960 0.04776964 0.07629786 0.06967615 0.01571192 0.01746981 
354.00000000 0.52705433 0.24560792 0.04787135 0.07641917 0.06977464 0.01575310 0.01751950 
355.00000000 0.52664490 0.24560602 0.04797297 0.07653995 0.06987279 0.01579424 0.01756912 
356.00000000 0.52623672 0.24560392 0.04807452 0.07666022 0.06997062 0.01583535 0.01761865 
357.00000000 0.52582981 0.24560159 0.04817599 0.07677998 0.07006811 0.01587642 0.01766811 
358.00000000 0.52542414 0.24559906 0.04827738 0.07689922 0.07016528 0.01591745 0.01771748 
359.00000000 0.52501972 0.24559631 0.04837869 0.07701796 0.07026212 0.01595844 0.01776677 
360.00000000 0.52461655 0.24559334 0.04847993 0.07713619 0.07035863 0.01599940 0.01781598 
361.00000000 0.52421461 0.24559015 0.04858108 0.07725391 0.07045481 0.01604032 0.01786511 
362.00000000 0.52381392 0.24558675 0.04868216 0.07737114 0.07055068 0.01608120 0.01791415 
363.00000000 0.52341446 0.24558312 0.04878316 0.07748787 0.07064622 0.01612205 0.01796311 
364.00000000 0.52301624 0.24557928 0.04888409 0.07760411 0.07074144 0.01616286 0.01801199 
365.00000000 0.52261925 0.24557522 0.04898493 0.07771985 0.07083633 0.01620363 0.01806079 
366.00000000 0.52222348 0.24557093 0.04908569 0.07783510 0.07093091 0.01624438 0.01810950 
367.00000000 0.52182894 0.24556643 0.04918637 0.07794987 0.07102517 0.01628508 0.01815813 
368.00000000 0.52143562 0.24556171 0.04928698 0.07806415 0.07111911 0.01632575 0.01820668 
369.00000000 0.52104352 0.24555676 0.04938750 0.07817795 0.07121273 0.01636639 0.01825514 
370.00000000 0.52065263 0.24555160 0.04948794 0.07829127 0.07130603 0.01640700 0.01830352 
371.00000000 0.52026296 0.24554621 0.04958830 0.07840411 0.07139902 0.01644757 0.01835181 
372.00000000 0.51987450 0.24554060 0.04968858 0.07851648 0.07149170 0.01648812 0.01840002 
373.00000000 0.51948724 0.24553477 0.04978878 0.07862838 0.07158406 0.01652863 0.01844815 
374.00000000 0.51910118 0.24552872 0.04988889 0.07873980 0.07167611 0.01656911 0.01849619 
375.00000000 0.51871633 0.24552245 0.04998893 0.07885076 0.07176784 0.01660956 0.01854414 
376.00000000 0.51833268 0.24551596 0.05008887 0.07896125 0.07185927 0.01664998 0.01859201 
377.00000000 0.51795022 0.24550924 0.05018874 0.07907127 0.07195038 0.01669037 0.01863979 
378.00000000 0.51756895 0.24550231 0.05028852 0.07918084 0.07204118 0.01673073 0.01868748 
379.00000000 0.51718887 0.24549515 0.05038821 0.07928995 0.07213167 0.01677106 0.01873509 
380.00000000 0.51680997 0.24548777 0.05048782 0.07939860 0.07222185 0.01681137 0.01878261 
381.00000000 0.51643226 0.24548018 0.05058735 0.07950679 0.07231173 0.01685165 0.01883005 
382.00000000 0.51605573 0.24547236 0.05068679 0.07961453 0.07240130 0.01689190 0.01887739 
383.00000000 0.51568038 0.24546433 0.05078614 0.07972183 0.07249056 0.01693213 0.01892465 
384.00000000 0.51530620 0.24545607 0.05088540 0.07982867 0.07257951 0.01697233 0.01897182 
385.00000000 0.51493319 0.24544760 0.05098458 0.07993506 0.07266816 0.01701251 0.01901891 
386.00000000 0.51456134 0.24543891 0.05108366 0.08004102 0.07275650 0.01705266 0.01906590 
387.00000000 0.51419067 0.24543000 0.05118266 0.08014652 0.07284454 0.01709279 0.01911281 
388.00000000 0.51382115 0.24542088 0.05128157 0.08025159 0.07293228 0.01713290 0.01915962 
389.00000000 0.51345279 0.24541154 0.05138039 0.08035622 0.07301972 0.01717299 0.01920635 
390.00000000 0.51308559 0.24540198 0.05147912 0.08046042 0.07310685 0.01721305 0.01925299 
391.00000000 0.51271954 0.24539221 0.05157776 0.08056418 0.07319368 0.01725310 0.01929954 
392.00000000 0.51235464 0.24538223 0.05167631 0.08066750 0.07328021 0.01729312 0.01934599 
393.00000000 0.51199089 0.24537203 0.05177477 0.08077040 0.07336644 0.01733312 0.01939236 
394.00000000 0.51162828 0.24536162 0.05187313 0.08087286 0.07345237 0.01737310 0.01943864 
395.00000000 0.51126681 0.24535099 0.05197140 0.08097490 0.07353801 0.01741307 0.01948482 
396.00000000 0.51090648 0.24534016 0.05206958 0.08107651 0.07362334 0.01745301 0.01953092 
397.00000000 0.51054728 0.24532912 0.05216767 0.08117770 0.07370838 0.01749294 0.01957692 
398.00000000 0.51018921 0.24531786 0.05226566 0.08127847 0.07379312 0.01753285 0.01962283 
399.00000000 0.50983227 0.24530640 0.05236356 0.08137882 0.07387757 0.01757274 0.01966865 
400.00000000 0.50947645 0.24529473 0.05246136 0.08147875 0.07396172 0.01761261 0.01971438 
401.00000000 0.50912176 0.24528286 0.05255907 0.08157826 0.07404557 0.01765247 0.01976001 
402.00000000 0.50876818 0.24527078 0.05265669 0.08167736 0.07412914 0.01769231 0.01980555 
403.00000000 0.50841572 0.24525849 0.05275420 0.08177604 0.07421241 0.01773214 0.01985100 
404.00000000 0.50806437 0.24524600 0.05285163 0.08187431 0.07429539 0.01777195 0.01989635 
405.00000000 0.50771413 0.24523331 0.05294896 0.08197218 0.07437807 0.01781174 0.01994161 
406.00000000 0.50736500 0.24522042 0.05304619 0.08206963 0.07446047 0.01785152 0.01998677 
407.00000000 0.50701697 0.24520732 0.05314332 0.08216668 0.07454257 0.01789129 0.02003185 
408.00000000 0.50667003 0.24519403 0.05324036 0.08226333 0.07462439 0.01793104 0.02007682 
409.00000000 0.50632419 0.24518054 0.05333730 0.08235957 0.07470592 0.01797078 0.02012170 
410.00000000 0.50597945 0.24516685 0.05343415 0.08245541 0.07478716 0.01801050 0.02016649 
411.00000000 0.50563579 0.24515297 0.05353089 0.08255085 0.07486811 0.01805021 0.02021118 
412.00000000 0.50529322 0.24513889 0.05362755 0.08264589 0.07494878 0.01808990 0.02025577 
413.00000000 0.50495173 0.24512462 0.05372410 0.08274053 0.07502916 0.01812959 0.02030027 
414.00000000 0.50461133 0.24511016 0.05382055 0.08283478 0.07510925 0.01816925 0.02034467 
415.00000000 0.50427199 0.24509551 0.05391691 0.08292864 0.07518906 0.01820891 0.02038898 
416.00000000 0.50393373 0.24508066 0.05401317 0.08302210 0.07526859 0.01824855 0.02043319 
417.00000000 0.50359654 0.24506563 0.05410934 0.08311517 0.07534784 0.01828818 0.02047730 
418.00000000 0.50326042 0.24505042 0.05420540 0.08320785 0.07542680 0.01832780 0.02052131 
419.00000000 0.50292536 0.24503501 0.05430137 0.08330015 0.07550548 0.01836740 0.02056523 
420.00000000 0.50259136 0.24501943 0.05439724 0.08339206 0.07558388 0.01840699 0.02060905 
421.00000000 0.50225841 0.24500366 0.05449301 0.08348358 0.07566200 0.01844657 0.02065277 
422.00000000 0.50192652 0.24498771 0.05458869 0.08357472 0.07573985 0.01848613 0.02069639 
423.00000000 0.50159567 0.24497158 0.05468426 0.08366548 0.07581741 0.01852568 0.02073991 
424.00000000 0.50126587 0.24495527 0.05477974 0.08375586 0.07589470 0.01856522 0.02078334 
425.00000000 0.50093711 0.24493879 0.05487513 0.08384586 0.07597170 0.01860474 0.02082667 
426.00000000 0.50060939 0.24492213 0.05497041 0.08393548 0.07604844 0.01864425 0.02086990 
427.00000000 0.50028271 0.24490530 0.05506560 0.08402472 0.07612489 0.01868375 0.02091302 
428.00000000 0.49995706 0.24488829 0.05516069 0.08411359 0.07620108 0.01872324 0.02095605 
429.00000000 0.49963243 0.24487112 0.05525569 0.08420209 0.07627698 0.01876270 0.02099899 
430.00000000 0.49930883 0.24485377 0.05535059 0.08429021 0.07635262 0.01880216 0.02104182 
431.00000000 0.49898626 0.24483626 0.05544539 0.08437796 0.07642798 0.01884160 0.02108455 
432.00000000 0.49866469 0.24481858 0.05554010 0.08446535 0.07650307 0.01888103 0.02112718 
433.00000000 0.49834415 0.24480074 0.05563471 0.08455236 0.07657789 0.01892044 0.02116971 
434.00000000 0.49802461 0.24478274 0.05572922 0.08463901 0.07665244 0.01895984 0.02121215 
435.00000000 0.49770608 0.24476457 0.05582365 0.08472529 0.07672672 0.01899922 0.02125448 
436.00000000 0.49738856 0.24474625 0.05591797 0.08481120 0.07680073 0.01903858 0.02129671 
437.00000000 0.49707203 0.24472777 0.05601220 0.08489676 0.07687447 0.01907793 0.02133884 
438.00000000 0.49675650 0.24470913 0.05610634 0.08498195 0.07694794 0.01911727 0.02138087 
439.00000000 0.49644196 0.24469034 0.05620038 0.08506678 0.07702115 0.01915658 0.02142281 
