0.00000000 1.00000000 0.00000000 0.00000000 0.00000000 0.00000000 0.00000000 0.00000000 
1.00000000 0.99971355 0.00027243 0.00000107 0.00000123 0.00000159 0.00000665 0.00000347 
2.00000000 0.99885655 0.00108745 0.00000432 0.00000493 0.00000636 0.00002653 0.00001385 
3.00000000 0.99743332 0.00244084 0.00000983 0.00001110 0.00001433 0.00005951 0.00003106 
4.00000000 0.99544926 0.00432728 0.00001774 0.00001976 0.00002552 0.00010544 0.00005500 
5.00000000 0.99291083 0.00674035 0.00002827 0.00003093 0.00003998 0.00016410 0.00008555 
6.00000000 0.98982552 0.00967261 0.00004167 0.00004464 0.00005777 0.00023523 0.00012256 
7.00000000 0.98620186 0.01311552 0.00005826 0.00006096 0.00007898 0.00031857 0.00016584 
8.00000000 0.98204938 0.01705959 0.00007843 0.00007993 0.00010370 0.00041376 0.00021521 
9.00000000 0.97737857 0.02149429 0.00010259 0.00010162 0.00013204 0.00052046 0.00027043 
10.00000000 0.97220089 0.02640815 0.00013121 0.00012610 0.00016412 0.00063826 0.00033127 
11.00000000 0.96652870 0.03178879 0.00016479 0.00015346 0.00020007 0.00076673 0.00039745 
12.00000000 0.96037527 0.03762291 0.00020389 0.00018378 0.00024005 0.00090538 0.00046871 
13.00000000 0.95375469 0.04389638 0.00024908 0.00021717 0.00028421 0.00105372 0.00054474 
14.00000000 0.94668191 0.05059425 0.00030097 0.00025372 0.00033272 0.00121122 0.00062522 
15.00000000 0.93917262 0.05770077 0.00036018 0.00029355 0.00038574 0.00137730 0.00070982 
16.00000000 0.93124330 0.06519950 0.00042738 0.00033676 0.00044347 0.00155138 0.00079821 
17.00000000 0.92291108 0.07307328 0.00050321 0.00038348 0.00050608 0.00173285 0.00089003 
18.00000000 0.91419379 0.08130431 0.00058835 0.00043382 0.00057376 0.00192105 0.00098491 
19.00000000 0.90510987 0.08987422 0.00068347 0.00048790 0.00064672 0.00211534 0.00108249 
20.00000000 0.89567831 0.09876406 0.00078924 0.00054585 0.00072513 0.00231502 0.00118238 
21.00000000 0.88591866 0.10795439 0.00090633 0.00060779 0.00080921 0.00251940 0.00128422 
22.00000000 0.87585095 0.11742533 0.00103538 0.00067384 0.00089913 0.00272777 0.00138760 
23.00000000 0.86549561 0.12715660 0.00117703 0.00074411 0.00099509 0.00293940 0.00149216 
24.00000000 0.85487350 0.13712754 0.00133188 0.00081872 0.00109728 0.00315356 0.00159751 
25.00000000 0.84400581 0.14731722 0.00150053 0.00089779 0.00120588 0.00336951 0.00170327 
26.00000000 0.83291401 0.15770445 0.00168352 0.00098140 0.00132107 0.00358649 0.00180906 
27.00000000 0.82161983 0.16826784 0.00188137 0.00106966 0.00144303 0.00380376 0.00191452 
28.00000000 0.81014518 0.17898585 0.00209455 0.00116265 0.00157190 0.00402058 0.00201928 
29.00000000 0.79851215 0.18983685 0.00232351 0.00126045 0.00170786 0.00423619 0.00212300 
30.00000000 0.78674290 0.20079914 0.00256861 0.00136312 0.00185103 0.00444986 0.00222534 
31.00000000 0.77485965 0.21185104 0.00283021 0.00147071 0.00200156 0.00466085 0.00232597 
32.00000000 0.76288465 0.22297090 0.00310858 0.00158326 0.00215958 0.00486845 0.00242458 
33.00000000 0.75084009 0.23413716 0.00340395 0.00170079 0.00232518 0.00507196 0.00252087 
34.00000000 0.73874807 0.24532842 0.00371648 0.00182331 0.00249847 0.00527067 0.00261457 
35.00000000 0.72663058 0.25652344 0.00404630 0.00195079 0.00267954 0.00546393 0.00270542 
36.00000000 0.71450942 0.26770123 0.00439344 0.00208321 0.00286845 0.00565108 0.00279318 
37.00000000 0.70240617 0.27884105 0.00475789 0.00222051 0.00306526 0.00583150 0.00287762 
38.00000000 0.69034217 0.28992247 0.00513958 0.00236262 0.00327001 0.00600460 0.00295855 
39.00000000 0.67833845 0.30092542 0.00553836 0.00250944 0.00348274 0.00616980 0.00303579 
40.00000000 0.66641569 0.31183022 0.00595403 0.00266086 0.00370345 0.00632656 0.00310919 
41.00000000 0.65459422 0.32261759 0.00638633 0.00281672 0.00393213 0.00647439 0.00317863 
42.00000000 0.64289392 0.33326873 0.00683492 0.00297688 0.00416877 0.00661281 0.00324399 
43.00000000 0.63133425 0.34376531 0.00729941 0.00314112 0.00441332 0.00674139 0.00330519 
44.00000000 0.61993417 0.35408955 0.00777936 0.00330925 0.00466574 0.00685975 0.00336218 
45.00000000 0.60871214 0.36422418 0.00827426 0.00348102 0.00492595 0.00696752 0.00341494 
46.00000000 0.59768606 0.37415254 0.00878354 0.00365616 0.00519386 0.00706441 0.00346344 
47.00000000 0.58687326 0.38385856 0.00930657 0.00383440 0.00546936 0.00715014 0.00350772 
48.00000000 0.57629047 0.39332677 0.00984270 0.00401542 0.00575234 0.00722449 0.00354780 
49.00000000 0.56595380 0.40254239 0.01039120 0.00419889 0.00604265 0.00728730 0.00358377 
50.00000000 0.55587868 0.41149128 0.01095131 0.00438445 0.00634014 0.00733842 0.00361572 
51.00000000 0.54607991 0.42015998 0.01152221 0.00457173 0.00664463 0.00737779 0.00364374 
52.00000000 0.53657156 0.42853575 0.01210307 0.00476034 0.00695592 0.00740538 0.00366799 
53.00000000 0.52736701 0.43660653 0.01269300 0.00494986 0.00727381 0.00742118 0.00368861 
54.00000000 0.51847891 0.44436101 0.01329108 0.00513986 0.00759807 0.00742528 0.00370578 
55.00000000 0.50991916 0.45178861 0.01389638 0.00532991 0.00792844 0.00741779 0.00371971 
56.00000000 0.50169891 0.45887949 0.01450793 0.00551955 0.00826468 0.00739886 0.00373059 
57.00000000 0.49382853 0.46562455 0.01512474 0.00570830 0.00860649 0.00736871 0.00373867 
58.00000000 0.48631765 0.47201547 0.01574582 0.00589571 0.00895357 0.00732759 0.00374419 
59.00000000 0.47917509 0.47804466 0.01637015 0.00608128 0.00930561 0.00727580 0.00374741 
60.00000000 0.47240888 0.48370530 0.01699671 0.00626454 0.00966228 0.00721370 0.00374860 
61.00000000 0.46602627 0.48899134 0.01762448 0.00644500 0.01002321 0.00714166 0.00374804 
62.00000000 0.46003371 0.49389746 0.01825243 0.00662219 0.01038805 0.00706014 0.00374603 
63.00000000 0.45443685 0.49841912 0.01887955 0.00679563 0.01075639 0.00696959 0.00374287 
64.00000000 0.44924056 0.50255251 0.01950482 0.00696485 0.01112785 0.00687055 0.00373886 
65.00000000 0.44444890 0.50629458 0.02012725 0.00712941 0.01150199 0.00676355 0.00373431 
66.00000000 0.44006517 0.50964301 0.02074586 0.00728885 0.01187838 0.00664918 0.00372954 
67.00000000 0.43609186 0.51259619 0.02135968 0.00744277 0.01225657 0.00652807 0.00372485 
68.00000000 0.43253070 0.51515326 0.02196778 0.00759075 0.01263608 0.00640087 0.00372057 
69.00000000 0.42938264 0.51731403 0.02256924 0.00773241 0.01301642 0.00626825 0.00371700 
70.00000000 0.42664791 0.51907904 0.02316319 0.00786741 0.01339710 0.00613091 0.00371445 
71.00000000 0.42432594 0.52044949 0.02374876 0.00799542 0.01377759 0.00598959 0.00371321 
72.00000000 0.42241549 0.52142724 0.02432514 0.00811615 0.01415737 0.00584504 0.00371358 
73.00000000 0.42091455 0.52201482 0.02489155 0.00822933 0.01453590 0.00569801 0.00371583 
74.00000000 0.41982043 0.52221540 0.02544726 0.00833476 0.01491261 0.00554929 0.00372025 
75.00000000 0.41912975 0.52203275 0.02599157 0.00843224 0.01528694 0.00539966 0.00372709 
76.00000000 0.41883845 0.52147125 0.02652382 0.00852163 0.01565831 0.00524993 0.00373660 
77.00000000 0.41894184 0.52053587 0.02704341 0.00860285 0.01602613 0.00510089 0.00374900 
78.00000000 0.41943458 0.51923214 0.02754977 0.00867582 0.01638981 0.00495335 0.00376452 
79.00000000 0.42031069 0.51756615 0.02804238 0.00874055 0.01674875 0.00480812 0.00378335 
80.00000000 0.42156365 0.51554450 0.02852079 0.00879708 0.01710232 0.00466598 0.00380568 
81.00000000 0.42318633 0.51317429 0.02898457 0.00884548 0.01744993 0.00452774 0.00383165 
82.00000000 0.42517106 0.51046314 0.02943335 0.00888591 0.01779096 0.00439417 0.00386142 
83.00000000 0.42750963 0.50741909 0.02986681 0.00891854 0.01812478 0.00426603 0.00389511 
84.00000000 0.43019334 0.50405067 0.03028469 0.00894361 0.01845078 0.00414408 0.00393282 
85.00000000 0.43321301 0.50036680 0.03068677 0.00896140 0.01876836 0.00402905 0.00397462 
86.00000000 0.43655898 0.49637680 0.03107287 0.00897224 0.01907690 0.00392164 0.00402057 
87.00000000 0.44022118 0.49209039 0.03144287 0.00897651 0.01937580 0.00382253 0.00407072 
88.00000000 0.44418912 0.48751763 0.03179669 0.00897464 0.01966448 0.00373237 0.00412507 
89.00000000 0.44845193 0.48266892 0.03213431 0.00896710 0.01994234 0.00365180 0.00418361 
90.00000000 0.45299837 0.47755496 0.03245573 0.00895439 0.02020882 0.00358139 0.00424633 
91.00000000 0.45781689 0.47218676 0.03276103 0.00893707 0.02046338 0.00352171 0.00431316 
92.00000000 0.46289561 0.46657558 0.03305029 0.00891574 0.02070548 0.00347326 0.00438404 
93.00000000 0.46822239 0.46073293 0.03332367 0.00889102 0.02093460 0.00343653 0.00445887 
94.00000000 0.47378480 0.45467053 0.03358134 0.00886357 0.02115026 0.00341195 0.00453756 
95.00000000 0.47957021 0.44840033 0.03382351 0.00883409 0.02135199 0.00339991 0.00461996 
96.00000000 0.48556578 0.44193442 0.03405045 0.00880329 0.02153937 0.00340077 0.00470593 
97.00000000 0.49175848 0.43528507 0.03426243 0.00877192 0.02171198 0.00341482 0.00479531 
98.00000000 0.49813512 0.42846467 0.03445978 0.00874074 0.02186945 0.00344232 0.00488791 
99.00000000 0.50468241 0.42148575 0.03464284 0.00871052 0.02201145 0.00348348 0.00498356 
100.00000000 0.51138693 0.41436088 0.03481198 0.00868206 0.02213767 0.00353846 0.00508202 
101.00000000 0.51823518 0.40710275 0.03496760 0.00865615 0.02224786 0.00360737 0.00518310 
102.00000000 0.52521361 0.39972406 0.03511011 0.00863360 0.02234179 0.00369026 0.00528656 
103.00000000 0.53230865 0.39223757 0.03523996 0.00861521 0.02241930 0.00378716 0.00539215 
104.00000000 0.53950671 0.38465602 0.03535761 0.00860176 0.02248026 0.00389802 0.00549963 
105.00000000 0.54679420 0.37699215 0.03546352 0.00859406 0.02252458 0.00402275 0.00560875 
106.00000000 0.55415761 0.36925866 0.03555818 0.00859287 0.02255223 0.00416121 0.00571924 
107.00000000 0.56158344 0.36146822 0.03564209 0.00859895 0.02256322 0.00431323 0.00583085 
108.00000000 0.56905832 0.35363339 0.03571575 0.00861304 0.02255764 0.00447856 0.00594330 
109.00000000 0.57656893 0.34576668 0.03577968 0.00863584 0.02253560 0.00465692 0.00605633 
110.00000000 0.58410214 0.33788047 0.03583440 0.00866805 0.02249728 0.00484799 0.00616968 
111.00000000 0.59164490 0.32998700 0.03588043 0.00871029 0.02244291 0.00505140 0.00628308 
112.00000000 0.59918435 0.32209841 0.03591829 0.00876319 0.02237277 0.00526672 0.00639627 
113.00000000 0.60670784 0.31422663 0.03594850 0.00882731 0.02228721 0.00549351 0.00650899 
114.00000000 0.61420287 0.30638345 0.03597160 0.00890318 0.02218662 0.00573127 0.00662100 
115.00000000 0.62165720 0.29858045 0.03598809 0.00899129 0.02207145 0.00597946 0.00673206 
116.00000000 0.62905880 0.29082900 0.03599850 0.00909206 0.02194220 0.00623752 0.00684193 
117.00000000 0.63639591 0.28314025 0.03600332 0.00920587 0.02179944 0.00650483 0.00695038 
118.00000000 0.64365702 0.27552512 0.03600306 0.00933305 0.02164378 0.00678076 0.00705722 
119.00000000 0.65083092 0.26799426 0.03599822 0.00947386 0.02147587 0.00706465 0.00716222 
120.00000000 0.65790669 0.26055806 0.03598926 0.00962854 0.02129643 0.00735580 0.00726522 
121.00000000 0.66487372 0.25322664 0.03597668 0.00979722 0.02110622 0.00765349 0.00736602 
122.00000000 0.67172173 0.24600982 0.03596092 0.00998001 0.02090605 0.00795699 0.00746448 
123.00000000 0.67844076 0.23891711 0.03594244 0.01017694 0.02069676 0.00826554 0.00756044 
124.00000000 0.68502122 0.23195771 0.03592168 0.01038799 0.02047926 0.00857836 0.00765378 
125.00000000 0.69145387 0.22514051 0.03589905 0.01061308 0.02025446 0.00889465 0.00774437 
126.00000000 0.69772981 0.21847404 0.03587497 0.01085207 0.02002334 0.00921363 0.00783213 
127.00000000 0.70384057 0.21196650 0.03584984 0.01110475 0.01978689 0.00953448 0.00791697 
128.00000000 0.70977802 0.20562572 0.03582404 0.01137086 0.01954615 0.00985638 0.00799881 
129.00000000 0.71553446 0.19945919 0.03579794 0.01165010 0.01930218 0.01017851 0.00807762 
130.00000000 0.72110255 0.19347401 0.03577190 0.01194209 0.01905604 0.01050007 0.00815335 
131.00000000 0.72647538 0.18767691 0.03574625 0.01224640 0.01880884 0.01082022 0.00822600 
132.00000000 0.73164647 0.18207422 0.03572133 0.01256257 0.01856169 0.01113817 0.00829555 
133.00000000 0.73660971 0.17667192 0.03569744 0.01289008 0.01831572 0.01145311 0.00836202 
134.00000000 0.74135947 0.17147555 0.03567490 0.01322836 0.01807205 0.01176424 0.00842544 
135.00000000 0.74589048 0.16649028 0.03565399 0.01357679 0.01783182 0.01207079 0.00848585 
136.00000000 0.75019795 0.16172086 0.03563497 0.01393475 0.01759616 0.01237200 0.00854331 
137.00000000 0.75427750 0.15717164 0.03561813 0.01430153 0.01736620 0.01266712 0.00859789 
138.00000000 0.75812516 0.15284656 0.03560370 0.01467644 0.01714305 0.01295542 0.00864967 
139.00000000 0.76173742 0.14874915 0.03559193 0.01505871 0.01692782 0.01323622 0.00869874 
140.00000000 0.76511119 0.14488253 0.03558305 0.01544759 0.01672160 0.01350882 0.00874521 
141.00000000 0.76824381 0.14124941 0.03557728 0.01584229 0.01652544 0.01377258 0.00878920 
142.00000000 0.77113304 0.13785206 0.03557481 0.01624200 0.01634038 0.01402688 0.00883083 
143.00000000 0.77377707 0.13469238 0.03557586 0.01664589 0.01616743 0.01427114 0.00887022 
144.00000000 0.77617453 0.13177183 0.03558062 0.01705315 0.01600756 0.01450478 0.00890753 
145.00000000 0.77832443 0.12909147 0.03558926 0.01746294 0.01586171 0.01472731 0.00894289 
146.00000000 0.78022624 0.12665196 0.03560196 0.01787442 0.01573076 0.01493821 0.00897646 
147.00000000 0.78187980 0.12445355 0.03561889 0.01828676 0.01561556 0.01513705 0.00900838 
148.00000000 0.78328540 0.12249610 0.03564021 0.01869915 0.01551691 0.01532342 0.00903882 
149.00000000 0.78444369 0.12077906 0.03566607 0.01911076 0.01543556 0.01549694 0.00906793 
150.00000000 0.78535573 0.11930150 0.03569663 0.01952079 0.01537220 0.01565727 0.00909588 
151.00000000 0.78602297 0.11806212 0.03573203 0.01992847 0.01532746 0.01580414 0.00912282 
152.00000000 0.78644723 0.11705923 0.03577240 0.02033303 0.01530192 0.01593728 0.00914891 
153.00000000 0.78663071 0.11629076 0.03581788 0.02073374 0.01529610 0.01605649 0.00917431 
154.00000000 0.78657596 0.11575431 0.03586861 0.02112989 0.01531045 0.01616161 0.00919917 
155.00000000 0.78628590 0.11544709 0.03592471 0.02152080 0.01534535 0.01625251 0.00922365 
156.00000000 0.78576378 0.11536599 0.03598630 0.02190582 0.01540112 0.01632911 0.00924788 
157.00000000 0.78501321 0.11550755 0.03605350 0.02228435 0.01547802 0.01639138 0.00927200 
158.00000000 0.78403808 0.11586799 0.03612642 0.02265581 0.01557622 0.01643931 0.00929616 
159.00000000 0.78284265 0.11644321 0.03620519 0.02301968 0.01569585 0.01647295 0.00932047 
160.00000000 0.78143143 0.11722880 0.03628991 0.02337545 0.01583694 0.01649240 0.00934506 
161.00000000 0.77980927 0.11822007 0.03638069 0.02372268 0.01599948 0.01649777 0.00937004 
162.00000000 0.77798126 0.11941202 0.03647764 0.02406096 0.01618337 0.01648924 0.00939551 
163.00000000 0.77595279 0.12079940 0.03658085 0.02438994 0.01638845 0.01646701 0.00942156 
164.00000000 0.77372948 0.12237669 0.03669042 0.02470929 0.01661450 0.01643133 0.00944829 
165.00000000 0.77131723 0.12413812 0.03680645 0.02501876 0.01686121 0.01638247 0.00947576 
166.00000000 0.76872214 0.12607769 0.03692904 0.02531811 0.01712824 0.01632075 0.00950404 
167.00000000 0.76595054 0.12818917 0.03705826 0.02560717 0.01741515 0.01624652 0.00953319 
168.00000000 0.76300896 0.13046613 0.03719421 0.02588580 0.01772147 0.01616017 0.00956326 
169.00000000 0.75990415 0.13290194 0.03733695 0.02615392 0.01804665 0.01606211 0.00959428 
170.00000000 0.75664300 0.13548978 0.03748658 0.02641150 0.01839009 0.01595277 0.00962629 
171.00000000 0.75323259 0.13822266 0.03764316 0.02665852 0.01875115 0.01583264 0.00965929 
172.00000000 0.74968016 0.14109346 0.03780676 0.02689503 0.01912911 0.01570220 0.00969329 
173.00000000 0.74599306 0.14409490 0.03797743 0.02712111 0.01952322 0.01556197 0.00972830 
174.00000000 0.74217880 0.14721957 0.03815524 0.02733690 0.01993269 0.01541250 0.00976431 
175.00000000 0.73824498 0.15045995 0.03834022 0.02754254 0.02035667 0.01525434 0.00980129 
176.00000000 0.73419930 0.15380844 0.03853243 0.02773824 0.02079429 0.01508808 0.00983922 
177.00000000 0.73004955 0.15725733 0.03873189 0.02792422 0.02124463 0.01491431 0.00987807 
178.00000000 0.72580359 0.16079887 0.03893864 0.02810075 0.02170673 0.01473364 0.00991778 
179.00000000 0.72146933 0.16442522 0.03915269 0.02826812 0.02217964 0.01454668 0.00995833 
180.00000000 0.71705473 0.16812853 0.03937405 0.02842665 0.02266234 0.01435406 0.00999964 
181.00000000 0.71256778 0.17190091 0.03960273 0.02857667 0.02315382 0.01415643 0.01004166 
182.00000000 0.70801649 0.17573447 0.03983872 0.02871856 0.02365303 0.01395441 0.01008432 
183.00000000 0.70340886 0.17962129 0.04008201 0.02885269 0.02415894 0.01374866 0.01012756 
184.00000000 0.69875289 0.18355351 0.04033256 0.02897947 0.02467047 0.01353981 0.01017130 
185.00000000 0.69405656 0.18752326 0.04059034 0.02909932 0.02518656 0.01332851 0.01021545 
186.00000000 0.68932780 0.19152273 0.04085531 0.02921267 0.02570614 0.01311540 0.01025996 
187.00000000 0.68457451 0.19554416 0.04112740 0.02931995 0.02622815 0.01290111 0.01030472 
188.00000000 0.67980452 0.19957987 0.04140655 0.02942160 0.02675153 0.01268627 0.01034966 
189.00000000 0.67502559 0.20362225 0.04169268 0.02951809 0.02727521 0.01247149 0.01039469 
190.00000000 0.67024538 0.20766377 0.04198569 0.02960986 0.02779817 0.01225738 0.01043974 
191.00000000 0.66547149 0.21169702 0.04228549 0.02969737 0.02831936 0.01204453 0.01048472 
192.00000000 0.66071139 0.21571472 0.04259196 0.02978108 0.02883780 0.01183352 0.01052954 
193.00000000 0.65597241 0.21970968 0.04290498 0.02986142 0.02935247 0.01162491 0.01057413 
194.00000000 0.65126180 0.22367488 0.04322440 0.02993884 0.02986244 0.01141924 0.01061840 
195.00000000 0.64658664 0.22760343 0.04355008 0.03001378 0.03036675 0.01121703 0.01066229 
196.00000000 0.64195385 0.23148861 0.04388185 0.03008667 0.03086450 0.01101880 0.01070573 
197.00000000 0.63737023 0.23532386 0.04421955 0.03015791 0.03135482 0.01082500 0.01074863 
198.00000000 0.63284238 0.23910279 0.04456298 0.03022791 0.03183687 0.01063612 0.01079095 
199.00000000 0.62837674 0.24281923 0.04491197 0.03029705 0.03230983 0.01045256 0.01083262 
200.00000000 0.62397955 0.24646716 0.04526629 0.03036572 0.03277295 0.01027475 0.01087358 
201.00000000 0.61965687 0.25004078 0.04562573 0.03043427 0.03322549 0.01010307 0.01091379 
202.00000000 0.61541456 0.25353451 0.04599008 0.03050303 0.03366676 0.00993786 0.01095321 
203.00000000 0.61125827 0.25694297 0.04635909 0.03057232 0.03409612 0.00977945 0.01099179 
204.00000000 0.60719341 0.26026100 0.04673251 0.03064246 0.03451296 0.00962814 0.01102950 
205.00000000 0.60322522 0.26348370 0.04711010 0.03071373 0.03491673 0.00948420 0.01106633 
206.00000000 0.59935867 0.26660635 0.04749160 0.03078638 0.03530691 0.00934786 0.01110223 
207.00000000 0.59559852 0.26962451 0.04787672 0.03086066 0.03568303 0.00921934 0.01113721 
208.00000000 0.59194928 0.27253398 0.04826521 0.03093679 0.03604466 0.00909882 0.01117126 
209.00000000 0.58841522 0.27533078 0.04865677 0.03101499 0.03639143 0.00898645 0.01120437 
210.00000000 0.58500038 0.27801120 0.04905112 0.03109542 0.03672300 0.00888235 0.01123654 
211.00000000 0.58170852 0.28057178 0.04944796 0.03117826 0.03703907 0.00878661 0.01126779 
212.00000000 0.57854318 0.28300930 0.04984701 0.03126365 0.03733942 0.00869930 0.01129814 
213.00000000 0.57550762 0.28532083 0.05024795 0.03135171 0.03762383 0.00862045 0.01132761 
214.00000000 0.57260486 0.28750367 0.05065048 0.03144255 0.03789215 0.00855008 0.01135622 
215.00000000 0.56983764 0.28955537 0.05105431 0.03153626 0.03814426 0.00848815 0.01138400 
216.00000000 0.56720846 0.29147377 0.05145912 0.03163290 0.03838010 0.00843464 0.01141100 
217.00000000 0.56471955 0.29325695 0.05186462 0.03173253 0.03859963 0.00838947 0.01143726 
218.00000000 0.56237286 0.29490326 0.05227049 0.03183518 0.03880285 0.00835253 0.01146283 
219.00000000 0.56017011 0.29641128 0.05267643 0.03194089 0.03898983 0.00832372 0.01148775 
220.00000000 0.55811273 0.29777989 0.05308214 0.03204964 0.03916063 0.00830289 0.01151209 
221.00000000 0.55620190 0.29900818 0.05348733 0.03216144 0.03931537 0.00828987 0.01153590 
222.00000000 0.55443855 0.30009553 0.05389170 0.03227627 0.03945421 0.00828449 0.01155924 
223.00000000 0.55282334 0.30104155 0.05429497 0.03239409 0.03957734 0.00828654 0.01158218 
224.00000000 0.55135666 0.30184609 0.05469684 0.03251487 0.03968497 0.00829579 0.01160479 
225.00000000 0.55003868 0.30250925 0.05509705 0.03263855 0.03977733 0.00831201 0.01162713 
226.00000000 0.54886929 0.30303138 0.05549533 0.03276506 0.03985471 0.00833494 0.01164929 
227.00000000 0.54784814 0.30341305 0.05589142 0.03289435 0.03991741 0.00836431 0.01167132 
228.00000000 0.54697465 0.30365507 0.05628506 0.03302634 0.03996573 0.00839985 0.01169330 
229.00000000 0.54624798 0.30375848 0.05667601 0.03316093 0.04000003 0.00844126 0.01171531 
230.00000000 0.54566706 0.30372451 0.05706405 0.03329805 0.04002066 0.00848824 0.01173742 
231.00000000 0.54523060 0.30355465 0.05744895 0.03343761 0.04002801 0.00854048 0.01175971 
232.00000000 0.54493708 0.30325057 0.05783049 0.03357950 0.04002247 0.00859765 0.01178224 
233.00000000 0.54478474 0.30281415 0.05820849 0.03372363 0.04000446 0.00865943 0.01180509 
234.00000000 0.54477163 0.30224748 0.05858276 0.03386990 0.03997440 0.00872550 0.01182832 
235.00000000 0.54489559 0.30155281 0.05895312 0.03401821 0.03993273 0.00879553 0.01185202 
236.00000000 0.54515423 0.30073260 0.05931941 0.03416846 0.03987989 0.00886917 0.01187623 
237.00000000 0.54554500 0.29978949 0.05968150 0.03432054 0.03981634 0.00894610 0.01190104 
238.00000000 0.54606514 0.29872627 0.06003924 0.03447435 0.03974253 0.00902598 0.01192649 
239.00000000 0.54671170 0.29754592 0.06039252 0.03462979 0.03965894 0.00910848 0.01195266 
240.00000000 0.54748158 0.29625154 0.06074123 0.03478677 0.03956602 0.00919327 0.01197959 
241.00000000 0.54837148 0.29484642 0.06108529 0.03494518 0.03946426 0.00928003 0.01200733 
242.00000000 0.54937797 0.29333397 0.06142462 0.03510494 0.03935411 0.00936844 0.01203595 
243.00000000 0.55049745 0.29171771 0.06175916 0.03526595 0.03923606 0.00945819 0.01206547 
244.00000000 0.55172618 0.29000134 0.06208887 0.03542812 0.03911057 0.00954897 0.01209595 
245.00000000 0.55306028 0.28818862 0.06241371 0.03559138 0.03897811 0.00964050 0.01212741 
246.00000000 0.55449575 0.28628346 0.06273367 0.03575562 0.03883913 0.00973247 0.01215991 
247.00000000 0.55602845 0.28428985 0.06304874 0.03592079 0.03869409 0.00982463 0.01219345 
248.00000000 0.55765416 0.28221188 0.06335893 0.03608680 0.03854345 0.00991669 0.01222808 
249.00000000 0.55936854 0.28005374 0.06366428 0.03625359 0.03838764 0.01000841 0.01226380 
250.00000000 0.56116713 0.27781967 0.06396482 0.03642109 0.03822710 0.01009954 0.01230065 
251.00000000 0.56304543 0.27551400 0.06426059 0.03658923 0.03806226 0.01018986 0.01233862 
252.00000000 0.56499884 0.27314111 0.06455167 0.03675796 0.03789354 0.01027914 0.01237773 
253.00000000 0.56702269 0.27070544 0.06483814 0.03692722 0.03772134 0.01036720 0.01241798 
254.00000000 0.56911224 0.26821148 0.06512007 0.03709697 0.03754606 0.01045382 0.01245937 
255.00000000 0.57126272 0.26566373 0.06539757 0.03726715 0.03736809 0.01053884 0.01250190 
256.00000000 0.57346931 0.26306676 0.06567075 0.03743771 0.03718780 0.01062211 0.01254555 
257.00000000 0.57572716 0.26042514 0.06593973 0.03760863 0.03700556 0.01070346 0.01259032 
258.00000000 0.57803137 0.25774345 0.06620463 0.03777986 0.03682173 0.01078277 0.01263620 
259.00000000 0.58037706 0.25502628 0.06646561 0.03795136 0.03663664 0.01085991 0.01268315 
260.00000000 0.58275931 0.25227822 0.06672279 0.03812311 0.03645062 0.01093478 0.01273116 
261.00000000 0.58517323 0.24950387 0.06697635 0.03829507 0.03626399 0.01100730 0.01278020 
262.00000000 0.58761390 0.24670778 0.06722643 0.03846722 0.03607705 0.01107738 0.01283024 
263.00000000 0.59007645 0.24389450 0.06747321 0.03863953 0.03589011 0.01114495 0.01288125 
264.00000000 0.59255603 0.24106855 0.06771686 0.03881197 0.03570343 0.01120997 0.01293319 
265.00000000 0.59504780 0.23823441 0.06795756 0.03898453 0.03551728 0.01127239 0.01298603 
266.00000000 0.59754697 0.23539650 0.06819548 0.03915719 0.03533194 0.01133220 0.01303972 
267.00000000 0.60004883 0.23255922 0.06843082 0.03932992 0.03514763 0.01138937 0.01309423 
268.00000000 0.60254866 0.22972689 0.06866376 0.03950270 0.03496459 0.01144389 0.01314950 
269.00000000 0.60504187 0.22690378 0.06889449 0.03967552 0.03478304 0.01149579 0.01320550 
270.00000000 0.60752389 0.22409409 0.06912320 0.03984836 0.03460321 0.01154507 0.01326217 
271.00000000 0.60999025 0.22130194 0.06935009 0.04002121 0.03442527 0.01159177 0.01331946 
272.00000000 0.61243656 0.21853138 0.06957534 0.04019404 0.03424944 0.01163590 0.01337734 
273.00000000 0.61485851 0.21578636 0.06979915 0.04036684 0.03407588 0.01167753 0.01343573 
274.00000000 0.61725190 0.21307074 0.07002170 0.04053959 0.03390477 0.01171670 0.01349460 
275.00000000 0.61961261 0.21038831 0.07024318 0.04071228 0.03373626 0.01175348 0.01355389 
276.00000000 0.62193665 0.20774272 0.07046378 0.04088488 0.03357051 0.01178791 0.01361355 
277.00000000 0.62422013 0.20513755 0.07068368 0.04105738 0.03340766 0.01182008 0.01367353 
278.00000000 0.62645927 0.20257625 0.07090305 0.04122976 0.03324784 0.01185006 0.01373377 
279.00000000 0.62865044 0.20006215 0.07112208 0.04140199 0.03309118 0.01187793 0.01379423 
280.00000000 0.63079010 0.19759849 0.07134093 0.04157406 0.03293780 0.01190377 0.01385485 
281.00000000 0.63287487 0.19518836 0.07155976 0.04174594 0.03278781 0.01192767 0.01391559 
282.00000000 0.63490149 0.19283475 0.07177873 0.04191762 0.03264131 0.01194972 0.01397639 
283.00000000 0.63686686 0.19054048 0.07199800 0.04208906 0.03249839 0.01197000 0.01403721 
284.00000000 0.63876799 0.18830829 0.07221771 0.04226023 0.03235916 0.01198861 0.01409800 
285.00000000 0.64060207 0.18614075 0.07243801 0.04243113 0.03222369 0.01200564 0.01415871 
286.00000000 0.64236641 0.18404030 0.07265903 0.04260170 0.03209207 0.01202117 0.01421931 
287.00000000 0.64405850 0.18200925 0.07288089 0.04277194 0.03196437 0.01203530 0.01427975 
288.00000000 0.64567597 0.18004977 0.07310371 0.04294179 0.03184065 0.01204812 0.01433999 
289.00000000 0.64721659 0.17816386 0.07332761 0.04311124 0.03172098 0.01205972 0.01440000 
290.00000000 0.64867833 0.17635340 0.07355270 0.04328025 0.03160542 0.01207017 0.01445973 
291.00000000 0.65005927 0.17462012 0.07377906 0.04344879 0.03149403 0.01207957 0.01451915 
292.00000000 0.65135770 0.17296559 0.07400680 0.04361682 0.03138685 0.01208799 0.01457824 
293.00000000 0.65257204 0.17139126 0.07423599 0.04378430 0.03128395 0.01209551 0.01463696 
294.00000000 0.65370088 0.16989839 0.07446670 0.04395120 0.03118535 0.01210219 0.01469529 
295.00000000 0.65474297 0.16848812 0.07469901 0.04411748 0.03109110 0.01210812 0.01475320 
296.00000000 0.65569724 0.16716144 0.07493298 0.04428309 0.03100124 0.01211334 0.01481067 
297.00000000 0.65656276 0.16591916 0.07516865 0.04444801 0.03091581 0.01211793 0.01486767 
298.00000000 0.65733878 0.16476198 0.07540608 0.04461219 0.03083483 0.01212194 0.01492421 
299.00000000 0.65802471 0.16369043 0.07564529 0.04477558 0.03075833 0.01212541 0.01498024 
300.00000000 0.65862011 0.16270489 0.07588633 0.04493815 0.03068635 0.01212840 0.01503578 
301.00000000 0.65912470 0.16180559 0.07612922 0.04509985 0.03061890 0.01213093 0.01509080 
302.00000000 0.65953838 0.16099264 0.07637398 0.04526064 0.03055601 0.01213306 0.01514529 
303.00000000 0.65986117 0.16026597 0.07662061 0.04542049 0.03049770 0.01213480 0.01519926 
304.00000000 0.66009329 0.15962538 0.07686912 0.04557934 0.03044398 0.01213619 0.01525270 
305.00000000 0.66023507 0.15907055 0.07711952 0.04573715 0.03039486 0.01213725 0.01530560 
306.00000000 0.66028700 0.15860100 0.07737180 0.04589388 0.03035037 0.01213798 0.01535797 
307.00000000 0.66024974 0.15821610 0.07762594 0.04604950 0.03031049 0.01213841 0.01540982 
308.00000000 0.66012407 0.15791512 0.07788194 0.04620395 0.03027526 0.01213853 0.01546114 
309.00000000 0.65991092 0.15769717 0.07813976 0.04635719 0.03024465 0.01213836 0.01551194 
310.00000000 0.65961135 0.15756125 0.07839940 0.04650920 0.03021869 0.01213788 0.01556223 
311.00000000 0.65922656 0.15750622 0.07866081 0.04665992 0.03019736 0.01213710 0.01561203 
312.00000000 0.65875788 0.15753083 0.07892398 0.04680931 0.03018066 0.01213600 0.01566134 
313.00000000 0.65820677 0.15763370 0.07918885 0.04695735 0.03016858 0.01213457 0.01571018 
314.00000000 0.65757479 0.15781335 0.07945539 0.04710400 0.03016111 0.01213280 0.01575856 
315.00000000 0.65686365 0.15806817 0.07972357 0.04724921 0.03015824 0.01213067 0.01580650 
316.00000000 0.65607515 0.15839646 0.07999333 0.04739297 0.03015994 0.01212814 0.01585401 
317.00000000 0.65521121 0.15879640 0.08026464 0.04753523 0.03016621 0.01212521 0.01590111 
318.00000000 0.65427385 0.15926610 0.08053743 0.04767597 0.03017700 0.01212185 0.01594782 
319.00000000 0.65326518 0.15980353 0.08081167 0.04781515 0.03019230 0.01211802 0.01599415 
320.00000000 0.65218742 0.16040660 0.08108730 0.04795277 0.03021206 0.01211370 0.01604013 
321.00000000 0.65104288 0.16107315 0.08136428 0.04808879 0.03023626 0.01210887 0.01608578 
322.00000000 0.64983394 0.16180089 0.08164254 0.04822319 0.03026485 0.01210348 0.01613112 
323.00000000 0.64856306 0.16258750 0.08192203 0.04835595 0.03029778 0.01209751 0.01617616 
324.00000000 0.64723279 0.16343057 0.08220270 0.04848707 0.03033501 0.01209093 0.01622093 
325.00000000 0.64584573 0.16432761 0.08248450 0.04861652 0.03037648 0.01208372 0.01626544 
326.00000000 0.64440455 0.16527610 0.08276737 0.04874431 0.03042212 0.01207583 0.01630972 
327.00000000 0.64291199 0.16627344 0.08305125 0.04887041 0.03047188 0.01206725 0.01635378 
328.00000000 0.64137081 0.16731699 0.08333610 0.04899484 0.03052568 0.01205794 0.01639764 
329.00000000 0.63978384 0.16840406 0.08362186 0.04911758 0.03058345 0.01204788 0.01644132 
330.00000000 0.63815396 0.16953191 0.08390848 0.04923865 0.03064512 0.01203705 0.01648484 
331.00000000 0.63648407 0.17069778 0.08419590 0.04935805 0.03071058 0.01202542 0.01652821 
332.00000000 0.63477709 0.17189887 0.08448407 0.04947579 0.03077975 0.01201298 0.01657145 
333.00000000 0.63303598 0.17313236 0.08477295 0.04959188 0.03085255 0.01199971 0.01661457 
334.00000000 0.63126372 0.17439542 0.08506249 0.04970635 0.03092886 0.01198559 0.01665758 
335.00000000 0.62946330 0.17568517 0.08535263 0.04981921 0.03100857 0.01197062 0.01670050 
336.00000000 0.62763772 0.17699877 0.08564333 0.04993048 0.03109158 0.01195478 0.01674333 
337.00000000 0.62578998 0.17833333 0.08593454 0.05004019 0.03117778 0.01193808 0.01678609 
338.00000000 0.62392307 0.17968600 0.08622623 0.05014839 0.03126703 0.01192051 0.01682879 
339.00000000 0.62203998 0.18105390 0.08651834 0.05025509 0.03135921 0.01190207 0.01687142 
340.00000000 0.62014370 0.18243418 0.08681083 0.05036033 0.03145418 0.01188277 0.01691400 
341.00000000 0.61823718 0.18382402 0.08710367 0.05046417 0.03155182 0.01186261 0.01695653 
342.00000000 0.61632336 0.18522058 0.08739682 0.05056664 0.03165198 0.01184162 0.01699900 
343.00000000 0.61440516 0.18662108 0.08769022 0.05066779 0.03175451 0.01181981 0.01704143 
344.00000000 0.61248544 0.18802276 0.08798386 0.05076768 0.03185926 0.01179720 0.01708381 
345.00000000 0.61056706 0.18942289 0.08827768 0.05086635 0.03196608 0.01177381 0.01712613 
346.00000000 0.60865281 0.19081878 0.08857167 0.05096386 0.03207480 0.01174968 0.01716840 
347.00000000 0.60674546 0.19220779 0.08886577 0.05106028 0.03218527 0.01172483 0.01721060 
348.00000000 0.60484770 0.19358731 0.08915996 0.05115566 0.03229733 0.01169930 0.01725274 
349.00000000 0.60296219 0.19495481 0.08945422 0.05125007 0.03241079 0.01167313 0.01729480 
350.00000000 0.60109152 0.19630778 0.08974849 0.05134357 0.03252550 0.01164636 0.01733677 
351.00000000 0.59923824 0.19764379 0.09004276 0.05143624 0.03264127 0.01161904 0.01737865 
352.00000000 0.59740480 0.19896048 0.09033700 0.05152814 0.03275794 0.01159122 0.01742043 
353.00000000 0.59559362 0.20025552 0.09063117 0.05161935 0.03287532 0.01156294 0.01746208 
354.00000000 0.59380702 0.20152669 0.09092525 0.05170994 0.03299324 0.01153427 0.01750360 
355.00000000 0.59204725 0.20277182 0.09121921 0.05179998 0.03311151 0.01150526 0.01754497 
356.00000000 0.59031650 0.20398882 0.09151302 0.05188955 0.03322995 0.01147598 0.01758618 
357.00000000 0.58861687 0.20517567 0.09180666 0.05197872 0.03334839 0.01144648 0.01762721 
358.00000000 0.58695037 0.20633044 0.09210010 0.05206757 0.03346665 0.01141682 0.01766805 
359.00000000 0.58531894 0.20745127 0.09239331 0.05215618 0.03358454 0.01138708 0.01770867 
360.00000000 0.58372442 0.20853640 0.09268627 0.05224462 0.03370189 0.01135733 0.01774907 
361.00000000 0.58216856 0.20958415 0.09297896 0.05233296 0.03381851 0.01132763 0.01778922 
362.00000000 0.58065303 0.21059293 0.09327135 0.05242129 0.03393424 0.01129805 0.01782911 
363.00000000 0.57917941 0.21156122 0.09356341 0.05250968 0.03404890 0.01126866 0.01786871 
364.00000000 0.57774917 0.21248762 0.09385512 0.05259819 0.03416233 0.01123955 0.01790802 
365.00000000 0.57636370 0.21337082 0.09414646 0.05268690 0.03427434 0.01121077 0.01794701 
366.00000000 0.57502428 0.21420957 0.09443740 0.05277589 0.03438479 0.01118241 0.01798566 
367.00000000 0.57373211 0.21500275 0.09472793 0.05286521 0.03449351 0.01115452 0.01802397 
368.00000000 0.57248828 0.21574933 0.09501801 0.05295494 0.03460034 0.01112720 0.01806190 
369.00000000 0.57129378 0.21644836 0.09530763 0.05304513 0.03470514 0.01110051 0.01809945 
370.00000000 0.57014952 0.21709900 0.09559676 0.05313586 0.03480775 0.01107452 0.01813660 
371.00000000 0.56905628 0.21770049 0.09588538 0.05322716 0.03490805 0.01104929 0.01817334 
372.00000000 0.56801478 0.21825219 0.09617347 0.05331911 0.03500589 0.01102491 0.01820965 
373.00000000 0.56702560 0.21875353 0.09646101 0.05341176 0.03510115 0.01100143 0.01824553 
374.00000000 0.56608926 0.21920405 0.09674797 0.05350514 0.03519371 0.01097892 0.01828095 
375.00000000 0.56520616 0.21960338 0.09703435 0.05359932 0.03528344 0.01095745 0.01831590 
376.00000000 0.56437661 0.21995126 0.09732011 0.05369432 0.03537024 0.01093707 0.01835039 
377.00000000 0.56360082 0.22024749 0.09760524 0.05379019 0.03545402 0.01091784 0.01838439 
378.00000000 0.56287891 0.22049199 0.09788972 0.05388697 0.03553467 0.01089983 0.01841791 
379.00000000 0.56221090 0.22068477 0.09817353 0.05398468 0.03561211 0.01088307 0.01845094 
380.00000000 0.56159673 0.22082590 0.09845665 0.05408336 0.03568626 0.01086763 0.01848347 
381.00000000 0.56103624 0.22091558 0.09873908 0.05418302 0.03575705 0.01085356 0.01851549 
382.00000000 0.56052917 0.22095406 0.09902078 0.05428368 0.03582441 0.01084088 0.01854702 
383.00000000 0.56007519 0.22094170 0.09930176 0.05438536 0.03588830 0.01082965 0.01857804 
384.00000000 0.55967388 0.22087893 0.09958199 0.05448808 0.03594866 0.01081990 0.01860856 
385.00000000 0.55932473 0.22076627 0.09986146 0.05459184 0.03600546 0.01081167 0.01863858 
386.00000000 0.55902715 0.22060430 0.10014016 0.05469664 0.03605866 0.01080498 0.01866811 
387.00000000 0.55878048 0.22039371 0.10041808 0.05480249 0.03610824 0.01079986 0.01869715 
388.00000000 0.55858397 0.22013522 0.10069521 0.05490938 0.03615419 0.01079633 0.01872570 
389.00000000 0.55843680 0.21982966 0.10097154 0.05501731 0.03619651 0.01079441 0.01875378 
390.00000000 0.55833807 0.21947791 0.10124707 0.05512627 0.03623518 0.01079411 0.01878139 
391.00000000 0.55828683 0.21908093 0.10152178 0.05523624 0.03627023 0.01079545 0.01880854 
392.00000000 0.55828204 0.21863972 0.10179569 0.05534721 0.03630167 0.01079842 0.01883525 
393.00000000 0.55832260 0.21815537 0.10206877 0.05545916 0.03632952 0.01080304 0.01886153 
394.00000000 0.55840737 0.21762901 0.10234104 0.05557207 0.03635382 0.01080929 0.01888740 
395.00000000 0.55853512 0.21706184 0.10261249 0.05568592 0.03637460 0.01081717 0.01891285 
396.00000000 0.55870459 0.21645509 0.10288313 0.05580067 0.03639192 0.01082667 0.01893793 
397.00000000 0.55891445 0.21581007 0.10315295 0.05591630 0.03640582 0.01083778 0.01896263 
398.00000000 0.55916332 0.21512811 0.10342197 0.05603278 0.03641636 0.01085048 0.01898698 
399.00000000 0.55944978 0.21441061 0.10369019 0.05615008 0.03642362 0.01086474 0.01901099 
400.00000000 0.55977237 0.21365898 0.10395761 0.05626816 0.03642765 0.01088054 0.01903469 
401.00000000 0.56012958 0.21287469 0.10422425 0.05638698 0.03642854 0.01089785 0.01905809 
402.00000000 0.56051987 0.21205925 0.10449012 0.05650652 0.03642638 0.01091664 0.01908122 
403.00000000 0.56094166 0.21121418 0.10475523 0.05662674 0.03642124 0.01093687 0.01910409 
404.00000000 0.56139334 0.21034104 0.10501959 0.05674759 0.03641322 0.01095849 0.01912672 
405.00000000 0.56187327 0.20944142 0.10528323 0.05686904 0.03640243 0.01098147 0.01914914 
406.00000000 0.56237978 0.20851693 0.10554616 0.05699105 0.03638895 0.01100576 0.01917137 
407.00000000 0.56291120 0.20756919 0.10580839 0.05711358 0.03637289 0.01103132 0.01919342 
408.00000000 0.56346582 0.20659985 0.10606996 0.05723660 0.03635437 0.01105808 0.01921532 
409.00000000 0.56404193 0.20561058 0.10633087 0.05736006 0.03633349 0.01108600 0.01923708 
410.00000000 0.56463778 0.20460302 0.10659116 0.05748393 0.03631037 0.01111501 0.01925874 
411.00000000 0.56525164 0.20357887 0.10685084 0.05760816 0.03628512 0.01114506 0.01928030 
412.00000000 0.56588177 0.20253980 0.10710995 0.05773274 0.03625786 0.01117609 0.01930179 
413.00000000 0.56652641 0.20148750 0.10736851 0.05785761 0.03622871 0.01120804 0.01932322 
414.00000000 0.56718381 0.20042364 0.10762655 0.05798275 0.03619780 0.01124083 0.01934462 
415.00000000 0.56785223 0.19934990 0.10788410 0.05810812 0.03616524 0.01127441 0.01936600 
416.00000000 0.56852993 0.19826795 0.10814118 0.05823369 0.03613116 0.01130870 0.01938738 
417.00000000 0.56921516 0.19717946 0.10839783 0.05835944 0.03609568 0.01134364 0.01940878 
418.00000000 0.56990622 0.19608608 0.10865408 0.05848532 0.03605893 0.01137916 0.01943021 
419.00000000 0.57060138 0.19498943 0.10890997 0.05861133 0.03602103 0.01141518 0.01945169 
420.00000000 0.57129896 0.19389113 0.10916551 0.05873742 0.03598209 0.01145164 0.01947323 
421.00000000 0.57199729 0.19279279 0.10942076 0.05886359 0.03594226 0.01148847 0.01949484 
422.00000000 0.57269472 0.19169598 0.10967574 0.05898980 0.03590164 0.01152559 0.01951654 
423.00000000 0.57338961 0.19060225 0.10993049 0.05911603 0.03586035 0.01156292 0.01953834 
424.00000000 0.57408038 0.18951312 0.11018504 0.05924228 0.03581852 0.01160041 0.01956024 
425.00000000 0.57476544 0.18843011 0.11043943 0.05936852 0.03577626 0.01163798 0.01958227 
426.00000000 0.57544326 0.18735466 0.11069369 0.05949474 0.03573369 0.01167556 0.01960441 
427.00000000 0.57611233 0.18628822 0.11094785 0.05962092 0.03569092 0.01171307 0.01962669 
428.00000000 0.57677118 0.18523219 0.11120196 0.05974705 0.03564806 0.01175046 0.01964911 
429.00000000 0.57741837 0.18418792 0.11145604 0.05987313 0.03560522 0.01178764 0.01967167 
430.00000000 0.57805251 0.18315675 0.11171014 0.05999915 0.03556250 0.01182456 0.01969438 
431.00000000 0.57867225 0.18213996 0.11196428 0.06012510 0.03552001 0.01186116 0.01971724 
432.00000000 0.57927628 0.18113880 0.11221850 0.06025097 0.03547785 0.01189735 0.01974026 
433.00000000 0.57986331 0.18015447 0.11247283 0.06037676 0.03543611 0.01193309 0.01976343 
434.00000000 0.58043214 0.17918812 0.11272731 0.06050247 0.03539489 0.01196832 0.01978676 
435.00000000 0.58098158 0.17824088 0.11298196 0.06062809 0.03535427 0.01200297 0.01981024 
436.00000000 0.58151052 0.17731381 0.11323682 0.06075363 0.03531436 0.01203699 0.01983388 
437.00000000 0.58201786 0.17640792 0.11349192 0.06087909 0.03527522 0.01207032 0.01985767 
438.00000000 0.58250259 0.17552419 0.11374729 0.06100446 0.03523695 0.01210291 0.01988161 
439.00000000 0.58296373 0.17466355 0.11400295 0.06112975 0.03519961 0.01213471 0.01990570 
