4.208860085880095880e+02	4.263503805791385437e-01	2.749453685117438373e-01	1.305215885519129260e-01	7.826514202649433039e-02	4.239681643532996341e-02	1.476973186117525212e-02	3.275097203403284224e-02
4.353993192289755143e+02	4.212946774191672072e-01	2.717273477339228194e-01	1.342171452875120519e-01	8.052465619177516520e-02	4.335982880326756661e-02	1.504101626494837307e-02	3.383532829923451002e-02
4.499126298699413837e+02	4.163275736242801339e-01	2.685625916833204729e-01	1.378384478064317853e-01	8.272397854799506955e-02	4.429622711577884536e-02	1.532085827249335744e-02	3.493032294952809480e-02
4.644259405109071963e+02	4.114474280877540857e-01	2.654501248073348751e-01	1.413861675941924800e-01	8.486867524157720721e-02	4.520764798194531336e-02	1.560829645448818907e-02	3.603165983253556887e-02
4.789392511518730657e+02	4.066526333442915808e-01	2.623890083778381288e-01	1.448611706733007598e-01	8.696339801235850042e-02	4.609556894571594649e-02	1.590244776552099046e-02	3.713577288080181088e-02
4.934525617928388783e+02	4.019416150292127177e-01	2.593783360845225983e-01	1.482644766170992667e-01	8.901204135585333299e-02	4.696132633220917452e-02	1.620250064283262903e-02	3.823970393809791868e-02
5.079658724338048046e+02	3.973128312808780205e-01	2.564172303610146031e-01	1.515972245242002692e-01	9.101787286869357507e-02	4.780613093308130890e-02	1.650770879081529113e-02	3.934100124114453534e-02
5.224791830747705035e+02	3.927647721024268290e-01	2.535048393189499594e-01	1.548606448060290131e-01	9.298364133377272356e-02	4.863108181162423965e-02	1.681738557531727712e-02	4.043763505170756140e-02
5.369924937157364866e+02	3.882959586957956399e-01	2.506403341864150702e-01	1.580560358296657086e-01	9.491166632850966955e-02	4.943717846926299481e-02	1.713089896103842796e-02	4.152792752914009206e-02
5.515058043567023560e+02	3.839049427784184676e-01	2.478229071647635728e-01	1.611847446162525399e-01	9.680391249765607498e-02	5.022533158187749563e-02	1.744766693331579674e-02	4.261049442754362426e-02
5.660191149976681118e+02	3.795903058909101402e-01	2.450517696324418793e-01	1.642481509270151130e-01	9.866205109896490633e-02	5.099637248598520856e-02	1.776715335256866257e-02	4.368419661194166553e-02
5.805324256386339812e+02	3.753506587023141550e-01	2.423261506365949614e-01	1.672476541788432414e-01	1.004875109873509392e-01	5.175106157054757544e-02	1.808886419574169679e-02	4.474809972843497158e-02
5.950457362795999643e+02	3.711846403180918963e-01	2.396452956233044995e-01	1.701846627230433617e-01	1.022815208355731531e-01	5.249009570937553104e-02	1.841234414438066430e-02	4.580144064605836535e-02
6.095590469205657200e+02	3.670909175948823822e-01	2.370084653656797657e-01	1.730605850973610527e-01	1.040451440842207892e-01	5.321411485128116348e-02	1.873717348360246296e-02	4.684359952279984474e-02
6.240723575615315895e+02	3.630681844651296730e-01	2.344149350559689704e-01	1.758768229252125059e-01	1.057793078603145726e-01	5.392370786980836550e-02	1.906296528027164733e-02	4.787407654312163946e-02
6.385856682024975726e+02	3.591151612739180154e-01	2.318639935336281599e-01	1.786347651893659128e-01	1.074848268933617096e-01	5.461941776120037700e-02	1.938936281224653418e-02	4.889247253610656124e-02
6.530989788434633283e+02	3.552305941297411729e-01	2.293549426260718671e-01	1.813357836518330601e-01	1.091624232829354474e-01	5.530174626790990838e-02	1.971603722367601050e-02	4.989847281765975862e-02
6.676122894844290840e+02	3.514132542704390683e-01	2.268870965828054254e-01	1.839812292289289275e-01	1.108127428267327436e-01	5.597115799516044765e-02	2.004268538407030439e-02	5.089183371169031522e-02
6.821256001253949535e+02	3.476619374451379585e-01	2.244597815869381063e-01	1.865724291615488972e-01	1.124363684975670657e-01	5.662808407959865620e-02	2.036902793128431838e-02	5.187237129775222610e-02
6.966389107663608229e+02	3.439754633127133365e-01	2.220723353308149683e-01	1.891106848467107859e-01	1.140338315577030526e-01	5.727292546174632404e-02	2.069480748068257964e-02	5.283995200945619530e-02
7.111522214073266923e+02	3.403526748570429028e-01	2.197241066447773727e-01	1.915972702181574783e-01	1.156056207158675381e-01	5.790605580760289917e-02	2.101978698463707190e-02	5.379448477174191001e-02
7.256655320482924481e+02	3.367924378191195500e-01	2.174144551699495331e-01	1.940334305820156091e-01	1.171521896632974347e-01	5.852782411922849426e-02	2.134374822817404829e-02	5.473591441804244451e-02
7.401788426892584312e+02	3.332936401459376530e-01	2.151427510675119614e-01	1.964203818287448278e-01	1.186739632679189999e-01	5.913855706933464351e-02	2.166649044806093563e-02	5.566421617231817609e-02
7.546921533302243006e+02	3.298551914559483267e-01	2.129083747582222186e-01	1.987593099553743858e-01	1.201713426582074473e-01	5.973856109072660237e-02	2.198782906393282124e-02	5.657939101741540910e-02
7.692054639711900563e+02	3.264760225207876121e-01	2.107107166870200166e-01	2.010513708427208168e-01	1.216447093888045616e-01	6.032812424779063903e-02	2.230759451121990325e-02	5.748146180148366868e-02
7.837187746121558121e+02	3.231550847629134360e-01	2.085491771084467538e-01	2.032976902412461095e-01	1.230944288472018561e-01	6.090751791403031801e-02	2.262563116667091340e-02	5.837046995931782084e-02
7.982320852531219089e+02	3.198913497687385643e-01	2.064231658893511401e-01	2.054993639267375105e-01	1.245208530335950164e-01	6.147699827686513296e-02	2.294179635818754254e-02	5.924647274635225919e-02
8.127453958940876646e+02	3.166838088168131282e-01	2.043321023259656866e-01	2.076574579933007092e-01	1.259243228234335765e-01	6.203680768845908772e-02	2.325595945150535013e-02	6.010954090034959646e-02
8.272587065350534203e+02	3.135314724205874870e-01	2.022754149729485695e-01	2.097730092564563942e-01	1.273051698034470824e-01	6.258717587920084591e-02	2.356800100698861963e-02	6.095975666019810141e-02
8.417720171760191761e+02	3.104333698852738133e-01	2.002525414824070371e-01	2.118470257435800252e-01	1.286637177563717538e-01	6.312832104857164783e-02	2.387781200046090041e-02	6.179721208316180797e-02
8.562853278169851592e+02	3.073885488783206221e-01	1.982629284512677226e-01	2.138804872526626211e-01	1.300002838566913510e-01	6.366045084647807550e-02	2.418529310257796702e-02	6.262200761182860898e-02
8.707986384579510286e+02	3.043960750130127457e-01	1.963060312756481351e-01	2.158743459635141804e-01	1.313151796289916962e-01	6.418376325666531879e-02	2.449035401177389673e-02	6.343425085022084964e-02
8.853119490989170117e+02	3.014550314447181911e-01	1.943813140111242677e-01	2.178295270881726031e-01	1.326087117116381553e-01	6.469844739253780008e-02	2.479291283628051734e-02	6.423405551535525670e-02
8.998252597398827675e+02	2.985645184793074280e-01	1.924882492379855481e-01	2.197469295495037001e-01	1.338811824611103596e-01	6.520468421457563390e-02	2.509289552114178298e-02	6.502154053620236296e-02
9.143385703808486369e+02	2.957236531932865842e-01	1.906263179307333411e-01	2.216274266788484659e-01	1.351328904262089625e-01	6.570264717752946626e-02	2.539023531652304100e-02	6.579682927669687487e-02
9.288518810218145063e+02	2.929315690651954629e-01	1.887950093312143474e-01	2.234718669251462286e-01	1.363641307162761218e-01	6.619250281468561092e-02	2.568487228395523875e-02	6.656004886335370463e-02
9.433651916627801484e+02	2.901874156178368969e-01	1.869938208248909384e-01	2.252810745692874483e-01	1.375751952833615954e-01	6.667441126570489152e-02	2.597675283746015903e-02	6.731132960128480280e-02
9.578785023037459041e+02	2.874903580709194939e-01	1.852222578198441105e-01	2.270558504385637999e-01	1.387663731347790752e-01	6.714852675383885250e-02	2.626582931677839960e-02	6.805080446510299030e-02
9.723918129447120009e+02	2.848395770037114860e-01	1.834798336281788511e-01	2.287969726170213658e-01	1.399379504896045012e-01	6.761499801770645690e-02	2.655205959017025233e-02	6.877860865343377039e-02
9.869051235856777566e+02	2.822342680273182136e-01	1.817660693495658231e-01	2.305051971483119411e-01	1.410902108902722107e-01	6.807396870226271879e-02	2.683540668448367375e-02	6.949487919761203336e-02
1.001418434226643626e+03	2.796736414662129300e-01	1.800804937567031805e-01	2.321812587283008100e-01	1.422234352784401135e-01	6.852557771310056889e-02	2.711583844038597743e-02	7.019975461668305494e-02
1.015931744867609382e+03	2.771569220486652663e-01	1.784226431825255976e-01	2.338258713852474358e-01	1.433379020426507611e-01	6.896995953779049005e-02	2.739332719083874615e-02	7.089337461210830360e-02
1.030445055508575479e+03	2.746833486057282947e-01	1.767920614090209841e-01	2.354397291458443509e-01	1.444338870439556832e-01	6.940724453757453338e-02	2.766784946106081583e-02	7.157587979664184474e-02
1.044958366149541234e+03	2.722521737784587836e-01	1.751882995575444191e-01	2.370235066857920847e-01	1.455116636245438189e-01	6.983755921238438136e-02	2.793938568837394179e-02	7.224741145272906007e-02
1.059471676790506763e+03	2.698626637330602263e-01	1.736109159805413471e-01	2.385778599639176434e-01	1.465715026034852264e-01	7.026102644184492596e-02	2.820791996046142711e-02	7.290811131651567245e-02
1.073984987431472746e+03	2.675140978836534900e-01	1.720594761546108409e-01	2.401034268391198379e-01	1.476136722629318720e-01	7.067776570464856523e-02	2.847343977069286339e-02	7.355812138416902013e-02
1.088498298072438729e+03	2.652057686223909250e-01	1.705335525748544190e-01	2.416008276696546830e-01	1.486384383274829690e-01	7.108789327844020067e-02	2.873593578927986433e-02	7.419758373772337989e-02
1.103011608713404712e+03	2.629369810566455912e-01	1.690327246504693404e-01	2.430706658944652987e-01	1.496460639388978442e-01	7.149152242213217823e-02	2.899540164912893514e-02	7.482664038808722884e-02
1.117524919354370468e+03	2.607070527530171433e-01	1.675565786015532077e-01	2.445135285964196437e-01	1.506368096279090407e-01	7.188876354237264121e-02	2.925183374534973818e-02	7.544543313320505040e-02
1.132038229995336451e+03	2.585153134879090708e-01	1.661047073570962040e-01	2.459299870474512262e-01	1.516109332845321234e-01	7.227972434571447446e-02	2.950523104746084410e-02	7.605410342966249793e-02
1.146551540636302207e+03	2.563611050044434236e-01	1.646767104541425331e-01	2.473205972357054583e-01	1.525686901279775520e-01	7.266450997787486654e-02	2.975559492341126738e-02	7.665279227627125325e-02
1.161064851277267962e+03	2.542437807754891477e-01	1.632721939381073795e-01	2.486859003748820574e-01	1.535103326770300147e-01	7.304322315133483789e-02	3.000292897460564434e-02	7.724164010837723804e-02
1.175578161918233945e+03	2.521627057725902565e-01	1.618907702642400359e-01	2.500264233960363680e-01	1.544361107215646844e-01	7.341596426240157292e-02	3.024723888118422549e-02	7.782078670180905822e-02
1.190091472559199701e+03	2.501172562405911126e-01	1.605320582002263963e-01	2.513426794221592098e-01	1.553462712957094927e-01	7.378283149874377556e-02	3.048853225686670720e-02	7.839037108552955602e-02
1.204604783200165684e+03	2.481068194777631963e-01	1.591956827299256250e-01	2.526351682258995979e-01	1.562410586530322276e-01	7.414392093830846076e-02	3.072681851272172568e-02	7.895053146217538564e-02
1.219118093841131440e+03	2.461307936212490666e-01	1.578812749582386432e-01	2.539043766708317662e-01	1.571207142440242122e-01	7.449932664043729114e-02	3.096210872927210658e-02	7.950140513577311219e-02
1.233631404482097196e+03	2.441885874376446830e-01	1.565884720171053790e-01	2.551507791366926514e-01	1.579854766960679668e-01	7.484914072991823153e-02	3.119441553639014375e-02	8.004312844600712518e-02
1.248144715123063179e+03	2.422796201185514753e-01	1.553169169726302534e-01	2.563748379290367585e-01	1.588355817960054317e-01	7.519345347463608775e-02	3.142375300047755421e-02	8.057583670848855739e-02
1.262658025764028707e+03	2.404033210809357890e-01	1.540662587333340161e-01	2.575770036737691226e-01	1.596712624753691967e-01	7.553235335741891043e-02	3.165013651846189380e-02	8.109966416053711324e-02
1.277171336404994690e+03	2.385591297721407489e-01	1.528361519595318463e-01	2.587577156970247705e-01	1.604927487982940604e-01	7.586592714261862491e-02	3.187358271817512800e-02	8.161474391204082135e-02
1.291684647045960673e+03	2.367464954794021303e-01	1.516262569738361377e-01	2.599174023908679687e-01	1.613002679520924576e-01	7.619425993791155427e-02	3.209410936471116665e-02	8.212120790100464751e-02
1.306197957686926657e+03	2.349648771437265471e-01	1.504362396727831619e-01	2.610564815652853810e-01	1.620940442404489590e-01	7.651743525175598581e-02	3.231173527238807158e-02	8.261918685343785929e-02
1.320711268327892412e+03	2.332137431779960635e-01	1.492657714395821955e-01	2.621753607869456437e-01	1.628742990791693102e-01	7.683553504690220082e-02	3.252648022196659439e-02	8.310881024726392285e-02
1.335224578968857941e+03	2.314925712891688914e-01	1.481145290579851670e-01	2.632744377051912665e-01	1.636412509944026594e-01	7.714863979031090502e-02	3.273836488280129631e-02	8.359020627996570363e-02
1.349737889609823924e+03	2.298008483044517714e-01	1.469821946272746593e-01	2.643541003657259303e-01	1.643951156232444644e-01	7.745682849980202456e-02	3.294741073962260264e-02	8.406350183970436041e-02
1.364251200250789907e+03	2.281380700013243279e-01	1.458684554783675758e-01	2.654147275124487670e-01	1.651361057166195745e-01	7.776017878772426006e-02	3.315364002366878726e-02	8.452882247967248575e-02
1.378764510891755890e+03	2.265037409413006853e-01	1.447730040910312488e-01	2.664566888778801546e-01	1.658644311443386032e-01	7.805876690190791112e-02	3.335707564790578450e-02	8.498629239546130754e-02
1.393277821532721646e+03	2.248973743073188758e-01	1.436955380122082460e-01	2.674803454626121235e-01	1.665802989022182878e-01	7.835266776413840617e-02	3.355774114609036407e-02	8.543603440523937775e-02
1.407791132173687402e+03	2.233184917446517648e-01	1.426357597754456252e-01	2.684860498042056509e-01	1.672839131211543706e-01	7.864195500636483871e-02	3.375566061544830326e-02	8.587816993255509290e-02
1.422304442814653157e+03	2.217666232052388497e-01	1.415933768214238664e-01	2.694741462359465101e-01	1.679754750780357020e-01	7.892670100483753504e-02	3.395085866275410202e-02	8.631281899158907422e-02
1.436817753455619140e+03	2.202413067953409576e-01	1.405681014195803158e-01	2.704449711358571928e-01	1.686551832083888480e-01	7.920697691235042970e-02	3.414336035361275473e-02	8.674010017469507838e-02
1.451331064096585123e+03	2.187420886264250242e-01	1.395596505908212048e-01	2.713988531663520387e-01	1.693232331206450947e-01	7.948285268874694109e-02	3.433319116475690158e-02	8.716013064207837890e-02
1.465844374737550879e+03	2.172685226691883353e-01	1.385677460313162468e-01	2.723361135049090498e-01	1.699798176119227955e-01	7.975439712983346807e-02	3.452037693918446476e-02	8.757302611347114740e-02
1.480357685378516862e+03	2.158201706106359641e-01	1.375921140373690121e-01	2.732570660661203243e-01	1.706251266852228943e-01	8.002167789483091709e-02	3.470494384397299764e-02	8.797890086167337031e-02
1.494870996019482618e+03	2.143966017141285818e-01	1.366324854313559489e-01	2.741620177154687754e-01	1.712593475679367594e-01	8.028476153248237379e-02	3.488691833061730724e-02	8.837786770783574719e-02
1.509384306660448374e+03	2.129973926823199304e-01	1.356885954887266654e-01	2.750512684751685311e-01	1.718826647315709333e-01	8.054371350592429146e-02	3.506632709774615275e-02	8.877003801836898245e-02
1.523897617301414357e+03	2.116221275229071275e-01	1.347601838660574536e-01	2.759251117223924243e-01	1.724952599125958719e-01	8.079859821641847961e-02	3.524319705608301018e-02	8.915552170337105731e-02
1.538410927942380113e+03	2.102703974171196977e-01	1.338469945301500319e-01	2.767838343801987122e-01	1.730973121343299115e-01	8.104947902603309995e-02	3.541755529552387954e-02	8.953442721647004998e-02
1.552924238583346096e+03	2.089418005908752207e-01	1.329487756881666816e-01	2.776277171014564504e-01	1.736889977297744747e-01	8.129641827935307763e-02	3.558942905421288994e-02	8.990686155598652529e-02
1.567437549224311852e+03	2.076359421885329848e-01	1.320652797187930327e-01	2.784570344460586822e-01	1.742704903653191362e-01	8.153947732429278616e-02	3.575884568950367381e-02	9.027293026732495507e-02
1.581950859865277607e+03	2.063524341491789205e-01	1.311962631044193972e-01	2.792720550516997746e-01	1.748419610652399980e-01	8.177871653207727243e-02	3.592583265070090071e-02	9.063273744650894581e-02
1.596464170506243590e+03	2.050908950853775614e-01	1.303414863643311272e-01	2.800730417984829135e-01	1.754035782369184060e-01	8.201419531645243177e-02	3.609041745348294528e-02	9.098638574477982410e-02
1.610977481147209119e+03	2.038509501643289978e-01	1.295007139888983971e-01	2.808602519676132170e-01	1.759555076967105336e-01	8.224597215217907542e-02	3.625262765591220210e-02	9.133397637418280701e-02
1.625490791788175102e+03	2.026322309913710928e-01	1.286737143747554435e-01	2.816339373944207747e-01	1.764979126964024980e-01	8.247410459286097506e-02	3.641249083594506192e-02	9.167560911406935631e-02
1.640004102429141085e+03	2.014343754957690080e-01	1.278602597609595215e-01	2.823943446159485893e-01	1.770309539501886964e-01	8.269864928815236216e-02	3.657003457035874067e-02	9.201138231844825655e-02
1.654517413070107068e+03	2.002570278187361386e-01	1.270601261661187531e-01	2.831417150133301308e-01	1.775547896621148813e-01	8.291966200038679291e-02	3.672528641501679458e-02	9.234139292412162081e-02
1.669030723711072824e+03	1.990998382036324732e-01	1.262730933264790967e-01	2.838762849491719975e-01	1.780695755539304925e-01	8.313719762066505703e-02	3.687827388639971365e-02	9.266573645954617744e-02
1.683544034352038352e+03	1.979624628882883097e-01	1.254989446349595028e-01	2.845982859001479626e-01	1.785754648932981470e-01	8.335131018443722728e-02	3.702902444433100321e-02	9.298450705436285546e-02
1.698057344993004335e+03	1.968445639994024221e-01	1.247374670811247366e-01	2.853079445850017493e-01	1.790726085223110498e-01	8.356205288661025521e-02	3.717756547583331295e-02	9.329779744954146137e-02
1.712570655633970318e+03	1.957458094489661904e-01	1.239884511920851390e-01	2.860054830881487153e-01	1.795611548862719453e-01	8.376947809621042296e-02	3.732392428005262136e-02	9.360569900809001531e-02
1.727083966274936301e+03	1.946658728326661758e-01	1.232516909743124056e-01	2.866911189790555259e-01	1.800412500626904222e-01	8.397363737062711608e-02	3.746812805419207082e-02	9.390830172628131245e-02
1.741597276915902057e+03	1.936044333302190945e-01	1.225269838563605856e-01	2.873650654275734517e-01	1.805130377904575478e-01	8.417458146946242559e-02	3.761020388040022672e-02	9.420569424535171765e-02
1.756110587556867813e+03	1.925611756075953640e-01	1.218141306324811574e-01	2.880275313153885519e-01	1.809766594991592814e-01	8.437236036800886685e-02	3.775017871356161486e-02	9.449796386363022715e-02
1.770623898197833569e+03	1.915357897210874238e-01	1.211129354071213138e-01	2.886787213437491673e-01	1.814322543384934150e-01	8.456702327037574074e-02	3.788807936994022241e-02	9.478519654905771807e-02
1.785137208838799552e+03	1.905279710231819190e-01	1.204232055402943563e-01	2.893188361376214379e-01	1.818799592077554039e-01	8.475861862228319110e-02	3.802393251662936069e-02	9.506747695205923498e-02
1.799650519479765535e+03	1.895374200701946399e-01	1.197447515938111356e-01	2.899480723464176180e-01	1.823199087853627498e-01	8.494719412354113930e-02	3.815776466176380721e-02	9.534488841873377252e-02
1.814163830120731291e+03	1.885638425316294164e-01	1.190773872783613407e-01	2.905666227414364644e-01	1.827522355583875713e-01	8.513279674022919408e-02	3.828960214545253787e-02	9.561751300432835832e-02
1.828677140761696819e+03	1.876069491012225809e-01	1.184209294014338110e-01	2.911746763101478175e-01	1.831770698520704954e-01	8.531547271659227494e-02	3.841947113139260878e-02	9.588543148696522522e-02
1.843190451402663257e+03	1.866664554096364725e-01	1.177751978160644780e-01	2.917724183474485478e-01	1.835945398592900568e-01	8.549526758666553539e-02	3.854739759912691882e-02	9.614872338159272114e-02
1.857703762043628785e+03	1.857420819387657906e-01	1.171400153704011821e-01	2.923600305440100522e-01	1.840047716699638458e-01	8.567222618564128422e-02	3.867340733691045779e-02	9.640746695413209000e-02
1.872217072684594768e+03	1.848335539376217973e-01	1.165152078580740796e-01	2.929376910718345384e-01	1.844078893003588959e-01	8.584639266098927080e-02	3.879752593515160830e-02	9.666173923579449156e-02
1.886730383325560297e+03	1.839406013397611728e-01	1.159006039693607770e-01	2.935055746671293986e-01	1.848040147222914931e-01	8.601781048334135316e-02	3.891977878039690891e-02	9.691161603754350207e-02
1.901243693966526507e+03	1.830629586822258570e-01	1.152960352431353919e-01	2.940638527106068101e-01	1.851932678921963116e-01	8.618652245715047178e-02	3.904019104982923288e-02	9.715717196468050265e-02
1.915757004607492036e+03	1.822003650259625407e-01	1.147013360195902193e-01	2.946126933053085373e-01	1.855757667800478627e-01	8.635257073113307424e-02	3.915878770625100952e-02	9.739848043153125079e-02
1.930270315248458019e+03	1.813525638776902482e-01	1.141163433937195520e-01	2.951522613520538574e-01	1.859516273981176582e-01	8.651599680850372009e-02	3.927559349352563456e-02	9.763561367621374776e-02
1.944783625889424002e+03	1.805193031131861470e-01	1.135408971695547470e-01	2.956827186226018700e-01	1.863209638295519888e-01	8.667684155700980386e-02	3.939063293245145814e-02	9.786864277546829249e-02
1.959296936530389530e+03	1.797003349019597462e-01	1.129748398151397548e-01	2.962042238306179520e-01	1.866838882567562752e-01	8.683514521877394587e-02	3.950393031704437646e-02	9.809763765953227743e-02
1.973810247171355968e+03	1.788954156332874246e-01	1.124180164182364411e-01	2.967169327005272361e-01	1.870405109895733053e-01	8.699094741995078151e-02	3.961550971120603171e-02	9.832266712704312850e-02
1.988323557812321269e+03	1.781043058435788640e-01	1.118702746427493316e-01	2.972209980343375468e-01	1.873909404932436462e-01	8.714428718020503228e-02	3.972539494575594993e-02	9.854379885995394328e-02
2.002836868453287707e+03	1.773267701450485512e-01	1.113314646858590551e-01	2.977165697765081220e-01	1.877352834161374051e-01	8.729520292201639609e-02	3.983360961580709181e-02	9.876109943844765815e-02
2.017350179094252780e+03	1.765625771556658119e-01	1.108014392358541711e-01	2.982037950769380608e-01	1.880736446172474319e-01	8.744373247981752917e-02	3.994017707846534565e-02	9.897463435583585267e-02
2.031863489735218764e+03	1.758114994303578149e-01	1.102800534306511149e-01	2.986828183521453850e-01	1.884061271934352189e-01	8.758991310896993565e-02	4.004512045083443578e-02	9.918446803343021478e-02
2.046376800376184747e+03	1.750733133934401220e-01	1.097671648169919328e-01	2.991537813447043836e-01	1.887328325064212553e-01	8.773378149458306574e-02	4.014846260830882974e-02	9.939066383537457916e-02
2.060890111017150957e+03	1.743477992722505532e-01	1.092626333103097064e-01	2.996168231810050764e-01	1.890538602095125087e-01	8.787537376018128565e-02	4.025022618313792849e-02	9.959328408342706107e-02
2.075403421658116713e+03	1.736347410319626638e-01	1.087663211552517273e-01	3.000720804273979692e-01	1.893693082740607603e-01	8.801472547622300746e-02	4.035043356324591324e-02	9.979239007168197451e-02
2.089916732299082469e+03	1.729339263115551584e-01	1.082780928868502524e-01	3.005196871447821660e-01	1.896792730156454942e-01	8.815187166847636424e-02	4.044910689129224690e-02	9.998804208122231973e-02
2.104430042940048224e+03	1.722451463609149802e-01	1.077978152923312477e-01	3.009597749416933476e-01	1.899838491199763169e-01	8.828684682625512203e-02	4.054626806395874444e-02	1.001802993946943054e-01
2.118943353581013525e+03	1.715681959790517075e-01	1.073253573735512556e-01	3.013924730259466833e-01	1.902831296685103812e-01	8.841968491051868662e-02	4.064193873144972963e-02	1.003692203107956482e-01
2.133456664221980191e+03	1.709028734534018268e-01	1.068605903100527388e-01	3.018179082548855807e-01	1.905772061637806825e-01	8.855041936183989659e-02	4.073614029719258706e-02	1.005548621586706687e-01
2.147969974862945492e+03	1.702489805002017353e-01	1.064033874227284793e-01	3.022362051842867325e-01	1.908661685544316977e-01	8.867908310824348939e-02	4.082889391772669824e-02	1.007372813122051347e-01
2.162483285503912157e+03	1.696063222059087383e-01	1.059536241380854421e-01	3.026474861159675900e-01	1.911501052599594852e-01	8.880570857291882059e-02	4.092022050276917372e-02	1.009165332042146340e-01
2.176996596144877003e+03	1.689747069696503345e-01	1.055111779530990418e-01	3.030518711441433921e-01	1.914291031951536881e-01	8.893032768180968162e-02	4.101014071544671624e-02	1.010926723405210226e-01
2.191509906785843214e+03	1.683539464466818347e-01	1.050759284006482774e-01	3.034494782005756619e-01	1.917032477942393898e-01	8.905297187108408841e-02	4.109867497268319958e-02	1.012657523139113558e-01
2.206023217426809424e+03	1.677438554928333825e-01	1.046477570155230630e-01	3.038404230985553567e-01	1.919726230347172102e-01	8.917367209448673337e-02	4.118584344573323480e-02	1.014358258179748201e-01
2.220536528067775180e+03	1.671442521099273659e-01	1.042265473009944127e-01	3.042248195757591978e-01	1.922373114609002009e-01	8.929245883057675137e-02	4.127166606085252987e-02	1.016029446608133352e-01
2.235049838708740936e+03	1.665549573921481785e-01	1.038121846959386557e-01	3.046027793360187030e-01	1.924973942071470101e-01	8.940936208985333922e-02	4.135616250009619549e-02	1.017671597786216214e-01
2.249563149349706237e+03	1.659757954733466767e-01	1.034045565425072838e-01	3.049744120900375055e-01	1.927529510207904584e-01	8.952441142177137989e-02	4.143935220223673305e-02	1.019285212491336384e-01
2.264076459990672902e+03	1.654065934752609601e-01	1.030035520543333277e-01	3.053398255950925955e-01	1.930040602847614972e-01	8.963763592164963878e-02	4.152125436379381501e-02	1.020870783049318137e-01
2.278589770631638203e+03	1.648471814566374871e-01	1.026090622852658674e-01	3.056991256937533485e-01	1.932507990399083553e-01	8.974906423747355810e-02	4.160188794016839164e-02	1.022428793466165636e-01
2.293103081272604413e+03	1.642973923632351507e-01	1.022209800986245420e-01	3.060524163516502028e-01	1.934932430070117060e-01	8.985872457659466184e-02	4.168127164687401159e-02	1.023959719558332898e-01
2.307616391913570169e+03	1.637570619786960224e-01	1.018392001369653327e-01	3.063997996943239599e-01	1.937314666084958559e-01	8.996664471232873606e-02	4.175942396085867425e-02	1.025464029081549627e-01
2.322129702554535925e+03	1.632260288762669431e-01	1.014636187923496219e-01	3.067413760431861869e-01	1.939655429898372030e-01	9.007285199045469981e-02	4.183636312191084394e-02	1.026942181858180453e-01
2.336643013195502135e+03	1.627041343713563071e-01	1.010941341771085522e-01	3.070772439506175844e-01	1.941955440406711031e-01	9.017737333561587354e-02	4.191210713414358913e-02	1.028394629903104374e-01
2.351156323836467891e+03	1.621912224749105513e-01	1.007306460950944393e-01	3.074075002342339102e-01	1.944215404155979210e-01	9.028023525762568502e-02	4.198667376755117753e-02	1.029821817548096374e-01
2.365669634477433647e+03	1.616871398475955290e-01	1.003730560134116490e-01	3.077322400103434386e-01	1.946436015546904319e-01	9.038146385767928392e-02	4.206008055963260384e-02	1.031224181564703302e-01
2.380182945118399402e+03	1.611917357547680285e-01	1.000212670346189853e-01	3.080515567266224330e-01	1.948617957037034887e-01	9.048108483447298012e-02	4.213234481707708173e-02	1.032602151285602204e-01
2.394696255759364703e+03	1.607048620222232549e-01	9.967518386939604180e-02	3.083655421940327823e-01	1.950761899339882866e-01	9.057912349023296283e-02	4.220348361750650423e-02	1.033956148724433366e-01
2.409209566400331823e+03	1.602263729927037583e-01	9.933471280966599259e-02	3.086742866180046674e-01	1.952868501621130293e-01	9.067560473665485510e-02	4.227351381127038288e-02	1.035286588694104282e-01
2.423722877041296670e+03	1.597561254831565691e-01	9.899976170216728821e-02	3.089778786289067436e-01	1.954938411691919953e-01	9.077055310075585193e-02	4.234245202328881102e-02	1.036593878923557921e-01
2.438236187682262880e+03	1.592939787427249398e-01	9.867023992246713726e-02	3.092764053118250978e-01	1.956972266199251964e-01	9.086399273064056648e-02	4.241031465493944747e-02	1.037878420173006383e-01
2.452749498323228636e+03	1.588397944114610105e-01	9.834605834940929325e-02	3.095699522356718525e-01	1.958970690813513493e-01	9.095594740118229105e-02	4.247711788598450278e-02	1.039140606347627033e-01
2.467262808964194392e+03	1.583934364797471850e-01	9.802712933998930511e-02	3.098586034816432355e-01	1.960934300413159637e-01	9.104644051962094975e-02	4.254287767653410629e-02	1.040380824609722504e-01
2.481776119605160602e+03	1.579547712484130895e-01	9.771336670465001484e-02	3.101424416710458765e-01	1.962863699266577111e-01	9.113549513107904732e-02	4.260760976904257730e-02	1.041599455489346515e-01
2.496289430246126358e+03	1.575236672895356238e-01	9.740468568299064100e-02	3.104215479925099830e-01	1.964759481211152403e-01	9.122313392399711285e-02	4.267132969033422818e-02	1.042796872993400764e-01
2.510802740887092114e+03	1.570999954079104755e-01	9.710100291988231491e-02	3.106960022286069933e-01	1.966622229829572965e-01	9.130937923548970714e-02	4.273405275365566719e-02	1.043973444713204857e-01
2.525316051528057415e+03	1.566836286031823844e-01	9.680223644198375499e-02	3.109658827818881366e-01	1.968452518623391434e-01	9.139425305662324250e-02	4.279579406075156162e-02	1.045129531930546751e-01
2.539829362169024080e+03	1.562744420326230566e-01	9.650830563465016831e-02	3.112312667003616085e-01	1.970250911183877296e-01	9.147777703761705848e-02	4.285656850396114825e-02	1.046265489722220526e-01
2.554342672809989381e+03	1.558723129745452907e-01	9.621913121922917589e-02	3.114922297024221298e-01	1.972017961360188754e-01	9.155997249296873863e-02	4.291639076833279193e-02	1.047381667063057298e-01
2.568855983450955591e+03	1.554771207923415499e-01	9.593463523073715582e-02	3.117488462012500405e-01	1.973754213424889215e-01	9.164086040650479270e-02	4.297527533375416348e-02	1.048478406927461082e-01
2.583369294091921347e+03	1.550887468991364870e-01	9.565474099590967616e-02	3.120011893286926963e-01	1.975460202236845597e-01	9.172046143635806392e-02	4.303323647709563632e-02	1.049556046389454877e-01
2.597882604732887103e+03	1.547070747230422372e-01	9.537937311162016096e-02	3.122493309586443777e-01	1.977136453401531768e-01	9.179879591987265275e-02	4.309028827436472281e-02	1.050614916721251679e-01
2.612395915373853313e+03	1.543319896730064311e-01	9.510845742366021149e-02	3.124933417299357585e-01	1.978783483428770973e-01	9.187588387843778626e-02	4.314644460286947564e-02	1.051655343490356664e-01
2.626909226014819069e+03	1.539633791052417433e-01	9.484192100587603147e-02	3.127332910687482537e-01	1.980401799887948344e-01	9.195174502225135493e-02	4.320171914338876568e-02	1.052677646655214849e-01
2.641422536655784825e+03	1.536011322902274823e-01	9.457969213965466970e-02	3.129692472105641832e-01	1.981991901560724023e-01	9.202639875501440747e-02	4.325612538234777787e-02	1.053682140659415456e-01
2.655935847296750580e+03	1.532451403802728707e-01	9.432170029375462617e-02	3.132012772216666296e-01	1.983554278591276587e-01	9.209986417855742236e-02	4.330967661399676844e-02	1.054669134524464924e-01
2.670449157937716336e+03	1.528952963776324114e-01	9.406787610447461812e-02	3.134294470201988703e-01	1.985089412634112038e-01	9.217216009739956362e-02	4.336238594259159140e-02	1.055638931941141889e-01
2.684962468578682547e+03	1.525514951031632926e-01	9.381815135615541312e-02	3.136538213967963729e-01	1.986597776999465548e-01	9.224330502324169789e-02	4.341426628457435016e-02	1.056591831359447731e-01
2.699475779219648302e+03	1.522136331655160879e-01	9.357245896200885871e-02	3.138744640348009041e-01	1.988079836796330657e-01	9.231331717939421366e-02	4.346533037075274442e-02	1.057528126077165592e-01
2.713989089860614058e+03	1.518816089308488715e-01	9.333073294526858521e-02	3.140914375300686845e-01	1.989536049073145907e-01	9.238221450514058630e-02	4.351559074847678038e-02	1.058448104327043282e-01
2.728502400501579814e+03	1.515553224930558385e-01	9.309290842065730265e-02	3.143048034103816391e-01	1.990966862956171646e-01	9.245001466003763269e-02	4.356505978381148420e-02	1.059352049362612819e-01
2.743015711142545115e+03	1.512346756445017981e-01	9.285892157616514042e-02	3.145146221544727339e-01	1.992372719785586999e-01	9.251673502815326022e-02	4.361374966370445277e-02	1.060240239542663138e-01
2.757529021783511780e+03	1.509195718472531311e-01	9.262870965513400612e-02	3.147209532106735597e-01	1.993754053249339464e-01	9.258239272224273730e-02	4.366167239814713191e-02	1.061112948414378448e-01
2.772042332424477081e+03	1.506099162047975504e-01	9.240221093864267599e-02	3.149238550151950422e-01	1.995111289514781838e-01	9.264700458786419290e-02	4.370883982232869058e-02	1.061970444795160146e-01
2.786555643065443292e+03	1.503056154342433115e-01	9.217936472818774596e-02	3.151233850100488287e-01	1.996444847358119223e-01	9.271058720743440007e-02	4.375526359878158245e-02	1.062812992853145733e-01
2.801068953706408593e+03	1.500065778389900462e-01	9.196011132865543336e-02	3.153195996606188434e-01	1.997755138291707755e-01	9.277315690422549554e-02	4.380095521951776760e-02	1.063640852186440305e-01
2.815582264347374803e+03	1.497127132818631412e-01	9.174439203157937206e-02	3.155125544728909492e-01	1.999042566689227529e-01	9.283472974630360697e-02	4.384592600815482438e-02	1.064454277901076967e-01
2.830095574988341014e+03	1.494239331587035591e-01	9.153214909867940507e-02	3.157023040103493217e-01	2.000307529908766646e-01	9.289532155041012318e-02	4.389018712203108380e-02	1.065253520687721167e-01
2.844608885629306769e+03	1.491401503724051059e-01	9.132332574567710026e-02	3.158889019105465268e-01	2.001550418413844123e-01	9.295494788578648193e-02	4.393374955430901646e-02	1.066038826897136166e-01
2.859122196270272525e+03	1.488612793073918195e-01	9.111786612638290983e-02	3.160724009013559099e-01	2.002771615892400547e-01	9.301362407794309950e-02	4.397662413606625437e-02	1.066810438614421985e-01
2.873635506911238281e+03	1.485872358045276509e-01	9.091571531705062992e-02	3.162528528169128994e-01	2.003971499373792264e-01	9.307136521237351079e-02	4.401882153837343575e-02	1.067568593732048654e-01
2.888148817552204036e+03	1.483179371364510002e-01	9.071681930099460833e-02	3.164303086132530529e-01	2.005150439343813817e-01	9.312818613821415015e-02	4.406035227435847051e-02	1.068313526021695409e-01
2.902662128193170247e+03	1.480533019833271957e-01	9.052112495346539833e-02	3.166048183836527863e-01	2.006308799857780545e-01	9.318410147185082759e-02	4.410122670125646988e-02	1.069045465204914586e-01
2.917175438834136003e+03	1.477932504090110899e-01	9.032858002677936204e-02	3.167764313736807780e-01	2.007446938651701873e-01	9.323912560047244169e-02	4.414145502244497254e-02	1.069764637022634218e-01
2.931688749475101758e+03	1.475377038376133598e-01	9.013913313569793528e-02	3.169451959959653231e-01	2.008565207251572227e-01	9.329327268557274788e-02	4.418104728946389143e-02	1.070471263303516690e-01
2.946202060116067514e+03	1.472865850304636570e-01	8.995273374305264025e-02	3.171111598446853530e-01	2.009663951080810917e-01	9.334655666640084837e-02	4.422001340401975067e-02	1.071165562031187735e-01
2.960715370757033725e+03	1.470398180634629182e-01	8.976933214561133578e-02	3.172743697097893945e-01	2.010743509565878773e-01	9.339899126336123625e-02	4.425836311997387307e-02	1.071847747410354101e-01
2.975228681397999480e+03	1.467973283048193689e-01	8.958887946018187498e-02	3.174348715909505181e-01	2.011804216240100085e-01	9.345058998136393513e-02	4.429610604531405982e-02	1.072518029931822520e-01
2.989741992038964781e+03	1.465590423931610597e-01	8.941132760994915940e-02	3.175927107112613834e-01	2.012846398845715701e-01	9.350136611312551138e-02	4.433325164410947816e-02	1.073176616436438552e-01
3.004255302679930992e+03	1.463248882160182729e-01	8.923662931104153762e-02	3.177479315306759866e-01	2.013870379434201940e-01	9.355133274242166674e-02	4.436980923844845159e-02	1.073823710177958662e-01
3.018768613320896748e+03	1.460947948886702763e-01	8.906473805932284271e-02	3.179005777592032733e-01	2.014876474464874778e-01	9.360050274729203590e-02	4.440578801035879875e-02	1.074459510884872987e-01
3.033281923961862958e+03	1.458686927333493200e-01	8.889560811740619684e-02	3.180506923698577793e-01	2.015864994901809537e-01	9.364888880319781339e-02	4.444119700371058912e-02	1.075084214821192402e-01
3.047795234602828714e+03	1.456465132587965450e-01	8.872919450188578028e-02	3.181983176113730716e-01	2.016836246309107183e-01	9.369650338613295937e-02	4.447604512610100341e-02	1.075698014846217382e-01
3.062308545243794470e+03	1.454281891401633109e-01	8.856545297078295687e-02	3.183434950206820435e-01	2.017790528944527484e-01	9.374335877568959474e-02	4.451034115072109026e-02	1.076301100473301131e-01
3.076821855884760225e+03	1.452136541992524732e-01	8.840434001120324459e-02	3.184862654351693911e-01	2.018728137851517890e-01	9.378946705807814088e-02	4.454409371820431535e-02	1.076893657927624898e-01
3.091335166525725526e+03	1.450028433850932552e-01	8.824581282720037056e-02	3.186266690047020456e-01	2.019649362949666460e-01	9.383484012910296712e-02	4.457731133845666688e-02	1.077475870202998232e-01
3.105848477166692192e+03	1.447956927548448014e-01	8.808982932784405195e-02	3.187647452034403917e-01	2.020554489123600472e-01	9.387948969709404567e-02	4.461000239246824123e-02	1.078047917117701260e-01
3.120361787807657493e+03	1.445921394550221950e-01	8.793634811548803332e-02	3.189005328414359908e-01	2.021443796310358476e-01	9.392342728579533562e-02	4.464217513410616983e-02	1.078609975369380913e-01
3.134875098448624158e+03	1.443921217030397774e-01	8.778532847423506369e-02	3.190340700760197490e-01	2.022317559585260771e-01	9.396666423721031225e-02	4.467383769188876252e-02	1.079162218589018590e-01
3.149388409089589004e+03	1.441955787690664126e-01	8.763673035859533000e-02	3.191653944229854156e-01	2.023176049246299957e-01	9.400921171440550228e-02	4.470499807074087423e-02	1.079704817393980915e-01
3.163901719730555214e+03	1.440024509581870338e-01	8.749051438233529376e-02	3.192945427675711878e-01	2.024019530897082364e-01	9.405108070427238565e-02	4.473566415373030764e-02	1.080237939440171213e-01
3.178415030371521425e+03	1.438126795928659774e-01	8.734664180751354479e-02	3.194215513752454161e-01	2.024848265528336744e-01	9.409228202024834398e-02	4.476584370378532129e-02	1.080761749473291983e-01
3.192928341012487181e+03	1.436262069957062182e-01	8.720507453370060502e-02	3.195464559022987983e-01	2.025662509598019079e-01	9.413282630499716919e-02	4.479554436539315287e-02	1.081276409379235692e-01
3.207441651653452936e+03	1.434429764724999556e-01	8.706577508737964322e-02	3.196692914062473356e-01	2.026462515110034335e-01	9.417272403304985384e-02	4.482477366627954374e-02	1.081782078233616134e-01
3.221954962294418237e+03	1.432629322955655815e-01	8.692870661152481138e-02	3.197900923560503816e-01	2.027248529691600132e-01	9.421198551340591310e-02	4.485353901906928564e-02	1.082278912350453648e-01
3.236468272935384903e+03	1.430860196873660339e-01	8.679383285535445525e-02	3.199088926421466694e-01	2.028020796669273151e-01	9.425062089209612637e-02	4.488184772292776875e-02	1.082767065330029060e-01
3.250981583576350204e+03	1.429121848044039023e-01	8.666111816425617342e-02	3.200257255863125372e-01	2.028779555143661040e-01	9.428864015470705962e-02	4.490970696518353789e-02	1.083246688105918704e-01
3.265494894217316414e+03	1.427413747213884809e-01	8.653052746988075528e-02	3.201406239513454044e-01	2.029525040062843122e-01	9.432605312886789550e-02	4.493712382293194724e-02	1.083717928991224516e-01
3.280008204858282170e+03	1.425735374156702484e-01	8.640202628040219435e-02	3.202536199505757741e-01	2.030257482294519633e-01	9.436286948670005725e-02	4.496410526461992047e-02	1.084180933724010754e-01
3.294521515499247926e+03	1.424086217519383579e-01	8.627558067094104333e-02	3.203647452572119247e-01	2.030977108696913613e-01	9.439909874723043104e-02	4.499065815161182313e-02	1.084635845511962571e-01
3.309034826140214136e+03	1.422465774671764771e-01	8.615115727414814073e-02	3.204740310135198444e-01	2.031684142188441844e-01	9.443475027876828409e-02	4.501678923973660013e-02	1.085082805076276191e-01
