4.208860085880095880e+02	4.263503805791385437e-01	2.749453685117438373e-01	1.305215885519129260e-01	7.826514202649433039e-02	4.239681643532996341e-02	1.476973186117525212e-02	3.275097203403284224e-02
4.353993192289755143e+02	4.212746519773303278e-01	2.717374594081222727e-01	1.342178641556998342e-01	8.051855233420429636e-02	4.336957946911871448e-02	1.503844045055367437e-02	3.384345220479848676e-02
4.499126298699413837e+02	4.162894894100963583e-01	2.685812719300218476e-01	1.378399978357369993e-01	8.271511743140250172e-02	4.431471901711918349e-02	1.531594081888866012e-02	3.494346355656212377e-02
4.644259405109071963e+02	4.113931602945299915e-01	2.654759239163942963e-01	1.413886607526604888e-01	8.485960115077106902e-02	4.523395423174614294e-02	1.560124926713732894e-02	3.604745038658837414e-02
4.789392511518730657e+02	4.065839682236262465e-01	2.624205634948736376e-01	1.448647140945836242e-01	8.695601765969447616e-02	4.612883963583588182e-02	1.589346245859274073e-02	3.715243443262108980e-02
4.934525617928388783e+02	4.018602525664706215e-01	2.594143654496437468e-01	1.482691698778563494e-01	8.900775619359214963e-02	4.700078318497870333e-02	1.619175037677140702e-02	3.825592235051456652e-02
5.079658724338048046e+02	3.972203879647850377e-01	2.564565281906476257e-01	1.516031582105645259e-01	9.101768521655688449e-02	4.785106219931065108e-02	1.649534997374647524e-02	3.935582824421626075e-02
5.224791830747705035e+02	3.926627837503676166e-01	2.535462712241314254e-01	1.548678999895408137e-01	9.298823938344395745e-02	4.868083743303802668e-02	1.680355943403765220e-02	4.045040878526796196e-02
5.369924937157364866e+02	3.881858833034948497e-01	2.506828330409826555e-01	1.580646841656218049e-01	9.492149212531503233e-02	4.949116551400845748e-02	1.711573298802732471e-02	4.153820886237728771e-02
5.515058043567023560e+02	3.837881633686474059e-01	2.478654693530867037e-01	1.611948488495505982e-01	9.681921621822107971e-02	5.028300995477734403e-02	1.743127621659993146e-02	4.261801603894429386e-02
5.660191149976681118e+02	3.794681333408524981e-01	2.450934516194344659e-01	1.642597656465347999e-01	9.868293430894070628e-02	5.105725091009327005e-02	1.774964179545269680e-02	4.368882237851891281e-02
5.805324256386339812e+02	3.752243345333955982e-01	2.423660658133356127e-01	1.672608267045866404e-01	1.005139610481194518e-01	5.181469383290119440e-02	1.807032563343236031e-02	4.474979243405646789e-02
5.950457362795999643e+02	3.710553394355570744e-01	2.396826113901342203e-01	1.701994340433694852e-01	1.023134382109496532e-01	5.255607716129657991e-02	1.839286336442766748e-02	4.580023639409267627e-02
6.095590469205657200e+02	3.669597509672960500e-01	2.370424004215453406e-01	1.730769907988552181e-01	1.040823639594425365e-01	5.328207915189742128e-02	1.871682715688809812e-02	4.683958754390268181e-02
6.240723575615315895e+02	3.629362017363800264e-01	2.344447568683496741e-01	1.758948940767496583e-01	1.058216172112454168e-01	5.399332396044419224e-02	1.904182280902902771e-02	4.786738333762931979e-02
6.385856682024975726e+02	3.589833533022823153e-01	2.318890159678780594e-01	1.786545291561264237e-01	1.075319779217971256e-01	5.469038705775921411e-02	1.936748710129422221e-02	4.888324949268988556e-02
6.530989788434633283e+02	3.550998954502097571e-01	2.293745237166405770e-01	1.813572648254901942e-01	1.092141439543346387e-01	5.537380005821445489e-02	1.969348538073964136e-02	4.988688661419794085e-02
6.676122894844290840e+02	3.512845454778321108e-01	2.269006364317323332e-01	1.840044496678065467e-01	1.108687451016319853e-01	5.604405502833084002e-02	2.001950935473173140e-02	5.087805893776157357e-02
6.821256001253949535e+02	3.475360474966434632e-01	2.244667203773856312e-01	1.865974091399179580e-01	1.124963547308263923e-01	5.670160833485813484e-02	2.034527507376451480e-02	5.185658484643101279e-02
6.966389107663608229e+02	3.438531717493600870e-01	2.220721514453241618e-01	1.891374433160845359e-01	1.140974994453070740e-01	5.734688408448832680e-02	2.067052108533271731e-02	5.282232887393024934e-02
7.111522214073266923e+02	3.402347139443359647e-01	2.197163148794846477e-01	1.916258251858704853e-01	1.156726670929304063e-01	5.798027720108781674e-02	2.099500674268752268e-02	5.377519495343027756e-02
7.256655320482924481e+02	3.366794946076337447e-01	2.173986050372646583e-01	1.940637994138545153e-01	1.172223133957100982e-01	5.860215618086806605e-02	2.131851065397704845e-02	5.471512071051894133e-02
7.401788426892584312e+02	3.331863584531133959e-01	2.151184251807848891e-01	1.964525814831876438e-01	1.187468674308780198e-01	5.921286556114100513e-02	2.164082925876163396e-02	5.564207263196046388e-02
7.546921533302243006e+02	3.297541737706825571e-01	2.128751872927646116e-01	1.987933571572840785e-01	1.202467361553722497e-01	5.981272813413190254e-02	2.196177552021651505e-02	5.655604196937511624e-02
7.692054639711900563e+02	3.263818318326770496e-01	2.106683119125344339e-01	2.010872822042750196e-01	1.217223081341695934e-01	6.040204693366774125e-02	2.228117772251199044e-02	5.745704125999119560e-02
7.837187746121558121e+02	3.230682463182057429e-01	2.084972279884817203e-01	2.033354823375794207e-01	1.231739566064262853e-01	6.098110701935554462e-02	2.259887836391008889e-02	5.834510136586820717e-02
7.982320852531219089e+02	3.198123527551869905e-01	2.063613727438672607e-01	2.055390533333125158e-01	1.246020420012744490e-01	6.155017708005269123e-02	2.291473313705257725e-02	5.922026894908042488e-02
8.127453958940876646e+02	3.166131079797251391e-01	2.042601915534880130e-01	2.076990612914685341e-01	1.260069139966329410e-01	6.210951087595961706e-02	2.322860998875090136e-02	6.008260431380176708e-02
8.272587065350534203e+02	3.134694896124141650e-01	2.021931378291054737e-01	2.098165430130660702e-01	1.273889131989364709e-01	6.265934853649030023e-02	2.354038825233562005e-02	6.093217955747880915e-02
8.417720171760191761e+02	3.103804955511144104e-01	2.001596729119316243e-01	2.118925064698802263e-01	1.287483725087687214e-01	6.319991772915990735e-02	2.384995784629150711e-02	6.176907698268051250e-02
8.562853278169851592e+02	3.073451434797169202e-01	1.981592659707716308e-01	2.139279313471330046e-01	1.300856182265893168e-01	6.373143471303890917e-02	2.415721853350331905e-02	6.259338772907369064e-02
8.707986384579510286e+02	3.043624703923925034e-01	1.961913939046795174e-01	2.159237696426818676e-01	1.314009709437226892e-01	6.425410528883092331e-02	2.446207923597416498e-02	6.340521059154517747e-02
8.853119490989170117e+02	3.014315321328102648e-01	1.942555412491950850e-01	2.178809463089239340e-01	1.326947462562387547e-01	6.476812565631226426e-02	2.476445740036032489e-02	6.420465099598612890e-02
8.998252597398827675e+02	2.985514029478107956e-01	1.923512000854069592e-01	2.198003599258978868e-01	1.339672553330585880e-01	6.527368318870439834e-02	2.506427841009928673e-02	6.499182010884888006e-02
9.143385703808486369e+02	2.957211750550158280e-01	1.904778699512327256e-01	2.216828833959786360e-01	1.352188053643577359e-01	6.577095713251632225e-02	2.536147504029703098e-02	6.576683406042854729e-02
9.288518810218145063e+02	2.929399582238678690e-01	1.886350577544268214e-01	2.235293646521808453e-01	1.364496999119477749e-01	6.626011924047782442e-02	2.565598695189088424e-02	6.652981326503476511e-02
9.433651916627801484e+02	2.902068793695990467e-01	1.868222776869280788e-01	2.253406273734532284e-01	1.376602391796493408e-01	6.674133434437055923e-02	2.594776022191978837e-02	6.728088182390669358e-02
9.578785023037459041e+02	2.875210821596408395e-01	1.850390511402391358e-01	2.271174717015052857e-01	1.388507202186088640e-01	6.721476087384192777e-02	2.623674690701829557e-02	6.802016699897239782e-02
9.723918129447120009e+02	2.848817266320016195e-01	1.832849066215984646e-01	2.288606749546838459e-01	1.400214370799562902e-01	6.768055132664425877e-02	2.652290463750726218e-02	6.874779874743491836e-02
9.869051235856777566e+02	2.822879888251521585e-01	1.815593796707609120e-01	2.305709923352443902e-01	1.411726809250715420e-01	6.813885269517004628e-02	2.680619623968593171e-02	6.946390930874161984e-02
1.001418434226643626e+03	2.797390604189747276e-01	1.798620127772472821e-01	2.322491576270589164e-01	1.423047401019494618e-01	6.858980685364549079e-02	2.708658938413962408e-02	7.016863283681105956e-02
1.015931744867609382e+03	2.772341483863492995e-01	1.781923552979609582e-01	2.338958838813907370e-01	1.434179001946727927e-01	6.903355090989092557e-02	2.736405625806657624e-02	7.086210507149524884e-02
1.030445055508575479e+03	2.747724746549650710e-01	1.765499633750989839e-01	2.355118640888630432e-01	1.445124440517688569e-01	6.947021752515207538e-02	2.763857325979909504e-02	7.154446304417945435e-02
1.044958366149541234e+03	2.723532757789622893e-01	1.749343998543093359e-01	2.370977718361656494e-01	1.455886517981979933e-01	6.989993520514557745e-02	2.791012071384943102e-02	7.221584481319626159e-02
1.059471676790506763e+03	2.699758026200266281e-01	1.733452342030651072e-01	2.386542619463953296e-01	1.466468008348678076e-01	7.032282856513957792e-02	2.817868260495170335e-02	7.287638922538035302e-02
1.073984987431472746e+03	2.676393200375727366e-01	1.717820424292423043e-01	2.401819711022198656e-01	1.476871658288554101e-01	7.073901857160215523e-02	2.844424632969890995e-02	7.352623570063522573e-02
1.088498298072438729e+03	2.653431065876699080e-01	1.702444069998990950e-01	2.416815184513030346e-01	1.487100186969304016e-01	7.114862276269312558e-02	2.870680246449020673e-02	7.416552403684072148e-02
1.103011608713404712e+03	2.630864542303795184e-01	1.687319167602649717e-01	2.431535061936336561e-01	1.497156285844806478e-01	7.155175544964413603e-02	2.896634454860898614e-02	7.479439423281454558e-02
1.117524919354370468e+03	2.608686680451848816e-01	1.672441668529540681e-01	2.445985201505725681e-01	1.507042618415365964e-01	7.194852790086556094e-02	2.922286888134826427e-02	7.541298632736445628e-02
1.132038229995336451e+03	2.586890659542119830e-01	1.657807586374239195e-01	2.460171303155752054e-01	1.516761819972537728e-01	7.233904851043455875e-02	2.947637433218709690e-02	7.602144025273990802e-02
1.146551540636302207e+03	2.565469784529513242e-01	1.643412996097032841e-01	2.474098913866625560e-01	1.526316497339343103e-01	7.272342295245227961e-02	2.972686216310132037e-02	7.661989570102134550e-02
1.161064851277267962e+03	2.544417483482046549e-01	1.629254033224169507e-01	2.487773432808113028e-01	1.535709228614393074e-01	7.310175432261065143e-02	2.997433586216428913e-02	7.720849200217928809e-02
1.175578161918233945e+03	2.523727305029921930e-01	1.615326893051355628e-01	2.501200116305105081e-01	1.544942562926542307e-01	7.347414326817550134e-02	3.021880098765945821e-02	7.778736801269901802e-02
1.190091472559199701e+03	2.503392915881689773e-01	1.601627829850812701e-01	2.514384082627961758e-01	1.554019020205144597e-01	7.384068810747342060e-02	3.046026502198699235e-02	7.835666201380514506e-02
1.204604783200165684e+03	2.483408098405092967e-01	1.588153156082187656e-01	2.527330316611249295e-01	1.562941090969703906e-01	7.420148493986275517e-02	3.069873723470162297e-02	7.891651161843861451e-02
1.219118093841131440e+03	2.463766748270300455e-01	1.574899241607623235e-01	2.540043674104863758e-01	1.571711236141671297e-01	7.455662774707248752e-02	3.093422855406958993e-02	7.946705368623839527e-02
1.233631404482097196e+03	2.444462872153328470e-01	1.561862512911282030e-01	2.552528886261847818e-01	1.580331886880300130e-01	7.490620848670642706e-02	3.116675144657840221e-02	8.000842424586565582e-02
1.248144715123063179e+03	2.425490585497564189e-01	1.549039452323613952e-01	2.564790563667421197e-01	1.588805444443772419e-01	7.525031717863225889e-02	3.139631980387554838e-02	8.054075842408128794e-02
1.262658025764028707e+03	2.406844110331380904e-01	1.536426597250646342e-01	2.576833200313906058e-01	1.597134280076266954e-01	7.558904198490501436e-02	3.162294883665094092e-02	8.106419038105025510e-02
1.277171336404994690e+03	2.388517773139937628e-01	1.524020539408557362e-01	2.588661177426326288e-01	1.605320734921190373e-01	7.592246928381171656e-02	3.184665497501339149e-02	8.157885325139996313e-02
1.291684647045960673e+03	2.370506002789332933e-01	1.511817924063791063e-01	2.600278767143519576e-01	1.613367119960439078e-01	7.625068373856710990e-02	3.206745577494399951e-02	8.208487909060677157e-02
1.306197957686926657e+03	2.352803328501366920e-01	1.499815449278949497e-01	2.611690136059613976e-01	1.621275715979295096e-01	7.657376836113978513e-02	3.228536983043930886e-02	8.258239882632449624e-02
1.320711268327892412e+03	2.335404377877236259e-01	1.488009865164683643e-01	2.622899348630708949e-01	1.629048773556326379e-01	7.689180457164154769e-02	3.250041669098452379e-02	8.307154221430444740e-02
1.335224578968857941e+03	2.318303874968568323e-01	1.476397973137795749e-01	2.633910370451562621e-01	1.636688513077516893e-01	7.720487225367220208e-02	3.271261678402249962e-02	8.355243779858691211e-02
1.349737889609823924e+03	2.301496638394259775e-01	1.464976625185744341e-01	2.644727071407017016e-01	1.644197124773715546e-01	7.751304980597403804e-02	3.292199134210747197e-02	8.402521287567077390e-02
1.364251200250789907e+03	2.284977579501658862e-01	1.453742723137728399e-01	2.655353228702819757e-01	1.651576768780419757e-01	7.781641419071712307e-02	3.312856233445395093e-02	8.448999346239220720e-02
1.378764510891755890e+03	2.268741700570683917e-01	1.442693217942520034e-01	2.665792529780410813e-01	1.658829575218835894e-01	7.811504097870607122e-02	3.333235240261110677e-02	8.494690426726374255e-02
1.393277821532721646e+03	2.252784093059541637e-01	1.431825108953190262e-01	2.676048575120125173e-01	1.665957644297131890e-01	7.840900439177167502e-02	3.353338480001114702e-02	8.539606866504426130e-02
1.407791132173687402e+03	2.237099935890748958e-01	1.421135443218866368e-01	2.686124880937164616e-01	1.672963046430776535e-01	7.869837734258611217e-02	3.373168333515718514e-02	8.583760867432710384e-02
1.422304442814653157e+03	2.221684493776230895e-01	1.410621314783643276e-01	2.696024881774555237e-01	1.679847822380852729e-01	7.898323147211815110e-02	3.392727231823158829e-02	8.627164493794815814e-02
1.436817753455619140e+03	2.206533115580308901e-01	1.400279863992756890e-01	2.705751932997201292e-01	1.686613983409242234e-01	7.926363718492487886e-02	3.412017651092030812e-02	8.669829670602990923e-02
1.451331064096585123e+03	2.191641232719442334e-01	1.390108276806117649e-01	2.715309313191008878e-01	1.693263511449595027e-01	7.953966368245811436e-02	3.431042107926207674e-02	8.711768182148937889e-02
1.465844374737550879e+03	2.177004357597634998e-01	1.380103784119289523e-01	2.724700226470913589e-01	1.699798359293019923e-01	7.981137899454739115e-02	3.449803154934367316e-02	8.752991670784909806e-02
1.480357685378516862e+03	2.162618082076459836e-01	1.370263661091986329e-01	2.733927804701537512e-01	1.706220450787462040e-01	8.007885000920651752e-02	3.468303376567393598e-02	8.793511635920084335e-02
1.494870996019482618e+03	2.148478075978696722e-01	1.360585226484152532e-01	2.742995109634060458e-01	1.712531681049765109e-01	8.034214250089749543e-02	3.486545385208004305e-02	8.833339433218084791e-02
1.509384306660448374e+03	2.134580085624619150e-01	1.351065841999677664e-01	2.751905134962744914e-01	1.718733916689453856e-01	8.060132115737322911e-02	3.504531817497908569e-02	8.872486273982396754e-02
1.523897617301414357e+03	2.120919932399998320e-01	1.341702911637788764e-01	2.760660808304465363e-01	1.724828996043307472e-01	8.085644960520974034e-02	3.522265330888755402e-02	8.910963224717260989e-02
1.538410927942380113e+03	2.107493511354936455e-01	1.332493881052155549e-01	2.769264993104418870e-01	1.730818729419832669e-01	8.110759043412844871e-02	3.539748600403971879e-02	8.948781206852329806e-02
1.552924238583346096e+03	2.094296789832668926e-01	1.323436236917735209e-01	2.777720490471114467e-01	1.736704899352793097e-01	8.135480522020031857e-02	3.556984315599372171e-02	8.985950996620063747e-02
1.567437549224311852e+03	2.081325806127506950e-01	1.314527506305370741e-01	2.786030040943580088e-01	1.742489260862974954e-01	8.159815454801543078e-02	3.573975177711190970e-02	9.022483225075519919e-02
1.581950859865277607e+03	2.068576668171129007e-01	1.305765256064155277e-01	2.794196326193641999e-01	1.748173541727428559e-01	8.183769803189420988e-02	3.590723896980847762e-02	9.058388378248755091e-02
1.596464170506243590e+03	2.056045552246455188e-01	1.297147092211566599e-01	2.802221970665985107e-01	1.753759442755445375e-01	8.207349433620982071e-02	3.607233190146420798e-02	9.093676797420648106e-02
1.610977481147209119e+03	2.043728701728363129e-01	1.288670659331362656e-01	2.810109543158614831e-01	1.759248638070579351e-01	8.230560119488522508e-02	3.623505778091400120e-02	9.128358679513448593e-02
1.625490791788175102e+03	2.031622425850535818e-01	1.280333639979235050e-01	2.817861558346225204e-01	1.764642775398057861e-01	8.253407543012300507e-02	3.639544383641836467e-02	9.162444077587887648e-02
1.640004102429141085e+03	2.019723098497761271e-01	1.272133754096196334e-01	2.825480478248863503e-01	1.769943476356959089e-01	8.275897297042081324e-02	3.655351729503555913e-02	9.195942901439127515e-02
1.654517413070107068e+03	2.008027157023013765e-01	1.264068758429686967e-01	2.832968713648194026e-01	1.775152336756566918e-01	8.298034886792110543e-02	3.670930536331561828e-02	9.228864918284271357e-02
1.669030723711072824e+03	1.996531101088683258e-01	1.256136445962371118e-01	2.840328625453567568e-01	1.780270926896356243e-01	8.319825731513952327e-02	3.686283520924240470e-02	9.261219753534585819e-02
1.683544034352038352e+03	1.985231491531340153e-01	1.248334645348589678e-01	2.847562526019983276e-01	1.785300791869084136e-01	8.341275166111256079e-02	3.701413394535389700e-02	9.293016891645938804e-02
1.698057344993004335e+03	1.974124949249435046e-01	1.240661220358437455e-01	2.854672680419980124e-01	1.790243451866497526e-01	8.362388442700180446e-02	3.716322861297499669e-02	9.324265677041379541e-02
1.712570655633970318e+03	1.963208154113363635e-01	1.233114069329422635e-01	2.861661307671363175e-01	1.795100402487198876e-01	8.383170732118903901e-02	3.731014616750093910e-02	9.354975315100078070e-02
1.727083966274936301e+03	1.952477843897337806e-01	1.225691124625664513e-01	2.868530581922630884e-01	1.799873115046236316e-01	8.403627125389348529e-02	3.745491346467287597e-02	9.385154873207221526e-02
1.741597276915902057e+03	1.941930813232534137e-01	1.218390352104584407e-01	2.875282633597839310e-01	1.804563036886016048e-01	8.423762635134017518e-02	3.759755724779051400e-02	9.414813281859742145e-02
1.756110587556867813e+03	1.931563912580990527e-01	1.211209750591036860e-01	2.881919550502611838e-01	1.809171591688152891e-01	8.443582196950588648e-02	3.773810413580978157e-02	9.443959335823060020e-02
1.770623898197833569e+03	1.921374047229758575e-01	1.204147351358829388e-01	2.888443378892892599e-01	1.813700179785908972e-01	8.463090670746700739e-02	3.787658061227647255e-02	9.472601695334301186e-02
1.785137208838799552e+03	1.911358176304822354e-01	1.197201217619575236e-01	2.894856124507981798e-01	1.818150178476888035e-01	8.482292842037197911e-02	3.801301301504941832e-02	9.500748887347723604e-02
1.799650519479765535e+03	1.901513311804313155e-01	1.190369444018817835e-01	2.901159753569333422e-01	1.822522942335672858e-01	8.501193423205895272e-02	3.814742752676956311e-02	9.528409306818308444e-02
1.814163830120731291e+03	1.891836517650568039e-01	1.183650156139369747e-01	2.907356193746508111e-01	1.826819803526121555e-01	8.519797054733763142e-02	3.827985016603339258e-02	9.555591218019751643e-02
1.828677140761696819e+03	1.882324908760590609e-01	1.177041510011800213e-01	2.913447335091634560e-01	1.831042072113049923e-01	8.538108306395325586e-02	3.841030677923178149e-02	9.582302755893272461e-02
1.843190451402663257e+03	1.872975650134482972e-01	1.170541691632008552e-01	2.919435030943657861e-01	1.835191036373054474e-01	8.556131678424874765e-02	3.853882303301719298e-02	9.608551927423900074e-02
1.857703762043628785e+03	1.863785955961444751e-01	1.164148916485815421e-01	2.925321098803598807e-01	1.839267963104237735e-01	8.573871602654040136e-02	3.866542440736446540e-02	9.634346613041082363e-02
1.872217072684594768e+03	1.854753088742927269e-01	1.157861429080504767e-01	2.931107321181999348e-01	1.843274097934627931e-01	8.591332443622078097e-02	3.879013618919197048e-02	9.659694568040662344e-02
1.886730383325560297e+03	1.845874358432561535e-01	1.151677502483247212e-01	2.936795446419671052e-01	1.847210665629087645e-01	8.608518499660196277e-02	3.891298346651208412e-02	9.684603424025449436e-02
1.901243693966526507e+03	1.837147121592479226e-01	1.145595437866334110e-01	2.942387189482810750e-01	1.851078870394529396e-01	8.625434003951117090e-02	3.903399112308129221e-02	9.709080690361747423e-02
1.915757004607492036e+03	1.828568780565661689e-01	1.139613564059150236e-01	2.947884232733509191e-01	1.854879896183268817e-01	8.642083125564976875e-02	3.915318383352207887e-02	9.733133755649445162e-02
1.930270315248458019e+03	1.820136782663960284e-01	1.133730237106812394e-01	2.953288226676626382e-01	1.858614906994355831e-01	8.658469970472623678e-02	3.927058605889011816e-02	9.756769889203338597e-02
1.944783625889424002e+03	1.811848619371444757e-01	1.127943839835402196e-01	2.958600790683963977e-01	1.862285047172745622e-01	8.674598582537254576e-02	3.938622204266169213e-02	9.779996242543531615e-02
1.959296936530389530e+03	1.803701825562741556e-01	1.122252781423717094e-01	2.963823513696622891e-01	1.865891441706168108e-01	8.690472944485300166e-02	3.950011580711773607e-02	9.802819850892954823e-02
1.973810247171355968e+03	1.795693978736039031e-01	1.116655496981464463e-01	2.968957954906399355e-01	1.869435196519583786e-01	8.706096978857398583e-02	3.961229115010198726e-02	9.825247634680062125e-02
1.988323557812321269e+03	1.787822698260442544e-01	1.111150447133827102e-01	2.974005644417029859e-01	1.872917398767110220e-01	8.721474548940234828e-02	3.972277164213208756e-02	9.847286401044988424e-02
2.002836868453287707e+03	1.780085644637368347e-01	1.105736117612320657e-01	2.978968083886057716e-01	1.876339117121322009e-01	8.736609459679976764e-02	3.983158062384346831e-02	9.868942845347518367e-02
2.017350179094252780e+03	1.772480518775683134e-01	1.100411018851868983e-01	2.983846747148070078e-01	1.879701402059829329e-01	8.751505458577989172e-02	3.993874120374702602e-02	9.890223552675318774e-02
2.031863489735218764e+03	1.765005061280291443e-01	1.095173685594021812e-01	2.988643080820004849e-01	1.883005286149058988e-01	8.766166236569471193e-02	4.004427625628254744e-02	9.911134999351033092e-02
2.046376800376184747e+03	1.757657051753891420e-01	1.090022676496237020e-01	2.993358504889209737e-01	1.886251784325156944e-01	8.780595428885609732e-02	4.014820842015072444e-02	9.931683554436894490e-02
2.060890111017150957e+03	1.750434308111624704e-01	1.084956573747153374e-01	2.997994413284901238e-01	1.889441894171952074e-01	8.794796615899812264e-02	4.025056009690775732e-02	9.951875481235626653e-02
2.075403421658116713e+03	1.743334685908346504e-01	1.079973982687775086e-01	3.002552174433636978e-01	1.892576596195920113e-01	8.808773323958553336e-02	4.035135344980704530e-02	9.971716938786477635e-02
2.089916732299082469e+03	1.736356077678260224e-01	1.075073531438495433e-01	3.007033131799398684e-01	1.895656854098096145e-01	8.822529026197326041e-02	4.045061040287352416e-02	9.991213983355334838e-02
2.104430042940048224e+03	1.729496412286660179e-01	1.070253870531879675e-01	3.011438604408843700e-01	1.898683615042890127e-01	8.836067143342163366e-02	4.054835264019693297e-02	1.001037256991792190e-01
2.118943353581013525e+03	1.722753654293532055e-01	1.065513672551133967e-01	3.015769887362275137e-01	1.901657809923767706e-01	8.849391044497179060e-02	4.064460160543088146e-02	1.002919855363516438e-01
2.133456664221980191e+03	1.716125803328773791e-01	1.060851631774184234e-01	3.020028252330836382e-01	1.904580353625759670e-01	8.862504047918531858e-02	4.073937850148546397e-02	1.004769769131989982e-01
2.147969974862945492e+03	1.709610893478797078e-01	1.056266463823290203e-01	3.024214948040436779e-01	1.907452145284776190e-01	8.875409421775216912e-02	4.083270429040165850e-02	1.006587564289413012e-01
2.162483285503912157e+03	1.703206992684285492e-01	1.051756905320118257e-01	3.028331200742867546e-01	1.910274068543697801e-01	8.888110384897050797e-02	4.092459969339647813e-02	1.008373797283611817e-01
2.176996596144877003e+03	1.696912202148878335e-01	1.047321713546200544e-01	3.032378214674573691e-01	1.913046991805229247e-01	8.900610107510201208e-02	4.101508519106830675e-02	1.010129015161665977e-01
2.191509906785843214e+03	1.690724655758567285e-01	1.042959666108704414e-01	3.036357172503502677e-01	1.915771768481498438e-01	8.912911711960590233e-02	4.110418102375253818e-02	1.011853755712394110e-01
2.206023217426809424e+03	1.684642519511590497e-01	1.038669560611440307e-01	3.040269235764456734e-01	1.918449237240390792e-01	8.925018273425498749e-02	4.119190719201805406e-02	1.013548547607642375e-01
2.220536528067775180e+03	1.678663990958619012e-01	1.034450214331034124e-01	3.044115545283334057e-01	1.921080222248615632e-01	8.936932820613661954e-02	4.127828345729555454e-02	1.015213910542326209e-01
2.235049838708740936e+03	1.672787298653026222e-01	1.030300463898191216e-01	3.047897221590648020e-01	1.923665533411497430e-01	8.948658336454141937e-02	4.136332934262942906e-02	1.016850355373179193e-01
2.249563149349706237e+03	1.667010701611051637e-01	1.026219164983980664e-01	3.051615365324677476e-01	1.926205966609497167e-01	8.960197758774253451e-02	4.144706413354491692e-02	1.018458384256168414e-01
2.264076459990672902e+03	1.661332488781658290e-01	1.022205191991067963e-01	3.055271057624610598e-01	1.928702303931461304e-01	8.971553980966801012e-02	4.152950687902317445e-02	1.020038490782539387e-01
2.278589770631638203e+03	1.655750978525896699e-01	1.018257437749825328e-01	3.058865360514002041e-01	1.931155313904611981e-01	8.982729852646871571e-02	4.161067639257696321e-02	1.021591160113456687e-01
2.293103081272604413e+03	1.650264518105594158e-01	1.014374813219248717e-01	3.062399317274871469e-01	1.933565751721282033e-01	8.993728180298410368e-02	4.169059125342007566e-02	1.023116869113211008e-01
2.307616391913570169e+03	1.644871483181186145e-01	1.010556247192614249e-01	3.065873952812747660e-01	1.935934359462408438e-01	9.004551727910838077e-02	4.176926980772413533e-02	1.024616086480967664e-01
2.322129702554535925e+03	1.639570277318513070e-01	1.006800686007801038e-01	3.069290274012954067e-01	1.938261866317797233e-01	9.015203217605871622e-02	4.184673016995660300e-02	1.026089272881030440e-01
2.336643013195502135e+03	1.634359331504414981e-01	1.003107093262217420e-01	3.072649270088411155e-01	1.940548988803179054e-01	9.025685330254804017e-02	4.192299022429422928e-02	1.027536881071604014e-01
2.351156323836467891e+03	1.629237103670949927e-01	9.994744495322570310e-02	3.075951912919233644e-01	1.942796430974066957e-01	9.036000706086413925e-02	4.199806762610638899e-02	1.028959356032035921e-01
2.365669634477433647e+03	1.624202078228077772e-01	9.959017520972231197e-02	3.079199157384377439e-01	1.945004884636442333e-01	9.046151945285714480e-02	4.207197980350319000e-02	1.030357135088523918e-01
2.380182945118399402e+03	1.619252765604645983e-01	9.923880146676514191e-02	3.082391941685583836e-01	1.947175029554288617e-01	9.056141608583688496e-02	4.214474395894337450e-02	1.031730648038275827e-01
2.394696255759364703e+03	1.614387701797515839e-01	9.889322671179677504e-02	3.085531187663863029e-01	1.949307533653990843e-01	9.065972217838240421e-02	4.221637707089739150e-02	1.033080317272112997e-01
2.409209566400331823e+03	1.609605447928686428e-01	9.855335552234144314e-02	3.088617801108743954e-01	1.951403053225634066e-01	9.075646256606476059e-02	4.228689589556117873e-02	1.034406557895510004e-01
2.423722877041296670e+03	1.604904589810254578e-01	9.821909404011830436e-02	3.091652672060511975e-01	1.953462233121218139e-01	9.085166170708518230e-02	4.235631696861653223e-02	1.035709777848062840e-01
2.438236187682262880e+03	1.600283737517071703e-01	9.789034994556883307e-02	3.094636675105643109e-01	1.955485706949820768e-01	9.094534368782988820e-02	4.242465660703413632e-02	1.036990378021383497e-01
2.452749498323228636e+03	1.595741524966948766e-01	9.756703243279223059e-02	3.097570669665639653e-01	1.957474097269732149e-01	9.103753222834319592e-02	4.249193091091537505e-02	1.038248752375418998e-01
2.467262808964194392e+03	1.591276609508271433e-01	9.724905218488254233e-02	3.100455500279462595e-01	1.959428015777596455e-01	9.112825068772037462e-02	4.255815576536959438e-02	1.039485288053192680e-01
2.481776119605160602e+03	1.586887671514886355e-01	9.693632134966145841e-02	3.103291996879745107e-01	1.961348063494580962e-01	9.121752206942169983e-02	4.262334684242330418e-02	1.040700365493971297e-01
2.496289430246126358e+03	1.582573413988125066e-01	9.662875351580076100e-02	3.106080975062974758e-01	1.963234830949611431e-01	9.130536902650888964e-02	4.268751960295825987e-02	1.041894358544857846e-01
2.510802740887092114e+03	1.578332562165830621e-01	9.632626368932842298e-02	3.108823236353809305e-01	1.965088898359699521e-01	9.139181386680553243e-02	4.275068929867537754e-02	1.043067634570815777e-01
2.525316051528057415e+03	1.574163863138260955e-01	9.602876827051236297e-02	3.111519568463695928e-01	1.966910835807395841e-01	9.147687855798260215e-02	4.281287097408167930e-02	1.044220554563128622e-01
2.539829362169024080e+03	1.570066085470740169e-01	9.573618503111638867e-02	3.114170745543960450e-01	1.968701203415401113e-01	9.156058473257036590e-02	4.287407946849761120e-02	1.045353473246302539e-01
2.554342672809989381e+03	1.566038018832935641e-01	9.544843309202216686e-02	3.116777528433508082e-01	1.970460551518365133e-01	9.164295369289789106e-02	4.293432941808222186e-02	1.046466739183416761e-01
2.568855983450955591e+03	1.562078473634635756e-01	9.516543290121193266e-02	3.119340664901297799e-01	1.972189420831912121e-01	9.172400641596135940e-02	4.299363525787377321e-02	1.047560694879931670e-01
2.583369294091921347e+03	1.558186280667916424e-01	9.488710621210603990e-02	3.121860889883727452e-01	1.973888342618921043e-01	9.180376355822225665e-02	4.305201122384356982e-02	1.048635676885964346e-01
2.597882604732887103e+03	1.554360290755569807e-01	9.461337606225013463e-02	3.124338925717065618e-01	1.975557838853095605e-01	9.188224546033671447e-02	4.310947135496089738e-02	1.049692015897038810e-01
2.612395915373853313e+03	1.550599374405690900e-01	9.434416675234619243e-02	3.126775482365069525e-01	1.977198422379859710e-01	9.195947215181685119e-02	4.316602949526707894e-02	1.050730036853324972e-01
2.626909226014819069e+03	1.546902421472304556e-01	9.407940382562239579e-02	3.129171257641910620e-01	1.978810597074611155e-01	9.203546335562542979e-02	4.322169929595669896e-02	1.051750059037374202e-01
2.641422536655784825e+03	1.543268340821924156e-01	9.381901404753628659e-02	3.131526937430536006e-01	1.980394857998366287e-01	9.211023849270463804e-02	4.327649421746428138e-02	1.052752396170366783e-01
2.655935847296750580e+03	1.539696060005934231e-01	9.356292538580618379e-02	3.133843195896585110e-01	1.981951691550833117e-01	9.218381668644017035e-02	4.333042753155475629e-02	1.053737356506881245e-01
2.670449157937716336e+03	1.536184524938694895e-01	9.331106699076555100e-02	3.136120695697970917e-01	1.983481575620946458e-01	9.225621676706151353e-02	4.338351232341603608e-02	1.054705242928200559e-01
2.684962468578682547e+03	1.532732699581259850e-01	9.306336917603527659e-02	3.138360088190249586e-01	1.984984979734896737e-01	9.232745727597935215e-02	4.343576149375238254e-02	1.055656353034166994e-01
2.699475779219648302e+03	1.529339565630610243e-01	9.281976339950905042e-02	3.140562013627867244e-01	1.986462365201691060e-01	9.239755647006120398e-02	4.348718776087701077e-02	1.056590979233601874e-01
2.713989089860614058e+03	1.526004122214304204e-01	9.258018224464664714e-02	3.142727101361406650e-01	1.987914185256277610e-01	9.246653232584592375e-02	4.353780366280270847e-02	1.057509408833302161e-01
2.728502400501579814e+03	1.522725385590445180e-01	9.234455940207032809e-02	3.144855970030919767e-01	1.989340885200269193e-01	9.253440254369825479e-02	4.358762155932922183e-02	1.058411924125630676e-01
2.743015711142545115e+03	1.519502388852871921e-01	9.211282965145975443e-02	3.146949227755452827e-01	1.990742902540301451e-01	9.260118455190424758e-02	4.363665363412623510e-02	1.059298802474714640e-01
2.757529021783511780e+03	1.516334181641479650e-01	9.188492884374041547e-02	3.149007472318847145e-01	1.992120667124056554e-01	9.266689551070811381e-02	4.368491189681083381e-02	1.060170316401265883e-01
2.772042332424477081e+03	1.513219829857578025e-01	9.166079388356114521e-02	3.151031291351918950e-01	1.993474601273988178e-01	9.273155231629184869e-02	4.373240818501853561e-02	1.061026733666041999e-01
2.786555643065443292e+03	1.510158415384195985e-01	9.144036271205598088e-02	3.153021262511093159e-01	1.994805119918783565e-01	9.279517160469805126e-02	4.377915416646679242e-02	1.061868317351960800e-01
2.801068953706408593e+03	1.507149035811248261e-01	9.122357428988593642e-02	3.154977953653585465e-01	1.996112630722591819e-01	9.285776975569690062e-02	4.382516134101017979e-02	1.062695325944885971e-01
2.815582264347374803e+03	1.504190804165473072e-01	9.101036858055620848e-02	3.156901923009206579e-01	1.997397534212054793e-01	9.291936289659810666e-02	4.387044104268642691e-02	1.063508013413099473e-01
2.830095574988341014e+03	1.501282848645058010e-01	9.080068653400448497e-02	3.158793719348877427e-01	1.998660223901174426e-01	9.297996690600859870e-02	4.391500444175239215e-02	1.064306629285477201e-01
2.844608885629306769e+03	1.498424312358871135e-01	9.059447007045592914e-02	3.160653882149919713e-01	1.999901086414045959e-01	9.303959741753665968e-02	4.395886254670945681e-02	1.065091418728383726e-01
2.859122196270272525e+03	1.495614353070215674e-01	9.039166206454057884e-02	3.162482941758213428e-01	2.001120501605493374e-01	9.309826982344329704e-02	4.400202620631747663e-02	1.065862622621304157e-01
2.873635506911238281e+03	1.492852142945026439e-01	9.019220632966926110e-02	3.164281419547272378e-01	2.002318842679637056e-01	9.315599927824171067e-02	4.404450611159676371e-02	1.066620477631226582e-01
2.888148817552204036e+03	1.490136868304429429e-01	8.999604760266341485e-02	3.166049828074326555e-01	2.003496476306426688e-01	9.321280070224527425e-02	4.408631279781748125e-02	1.067365216285795365e-01
2.902662128193170247e+03	1.487467729381590775e-01	8.980313152863510229e-02	3.167788671233467968e-01	2.004653762736170741e-01	9.326868878506507088e-02	4.412745664647590299e-02	1.068097067045249149e-01
2.917175438834136003e+03	1.484843940082775371e-01	8.961340464611317058e-02	3.169498444405930981e-01	2.005791055912094778e-01	9.332367798905752410e-02	4.416794788725702386e-02	1.068816254373160801e-01
2.931688749475101758e+03	1.482264727752542754e-01	8.942681437241141451e-02	3.171179634607567133e-01	2.006908703580959352e-01	9.337778255272283223e-02	4.420779659998312627e-02	1.069522998805996633e-01
2.946202060116067514e+03	1.479729332943005848e-01	8.924330898923509003e-02	3.172832720633579351e-01	2.008007047401766110e-01	9.343101649405484432e-02	4.424701271654774698e-02	1.070217517021511133e-01
2.960715370757033725e+03	1.477237009187083450e-01	8.906283762852186536e-02	3.174458173200576661e-01	2.009086423052588444e-01	9.348339361384321033e-02	4.428560602283478087e-02	1.070900021905992205e-01
2.975228681397999480e+03	1.474787022775673473e-01	8.888535025851339311e-02	3.176056455086002095e-01	2.010147160335548633e-01	9.353492749892823588e-02	4.432358616062225670e-02	1.071570722620376614e-01
2.989741992038964781e+03	1.472378652538678112e-01	8.871079767005381200e-02	3.177628021264996550e-01	2.011189583279980597e-01	9.358563152540927410e-02	4.436096262947052810e-02	1.072229824665247994e-01
3.004255302679930992e+03	1.470011189629818193e-01	8.853913146311162552e-02	3.179173319044752422e-01	2.012214010243798812e-01	9.363551886180709882e-02	4.439774478859451201e-02	1.072877529944736980e-01
3.018768613320896748e+03	1.467683937315160114e-01	8.837030403352126584e-02	3.180692788196409215e-01	2.013220754013108627e-01	9.368460247218114711e-02	4.443394185871977348e-02	1.073514036829338048e-01
3.033281923961862958e+03	1.465396210765302354e-01	8.820426855994079052e-02	3.182186861084541074e-01	2.014210121900084915e-01	9.373289511920210315e-02	4.446956292392209575e-02	1.074139540217659838e-01
3.047795234602828714e+03	1.463147336851146063e-01	8.804097899102224234e-02	3.183655962794292860e-01	2.015182415839145424e-01	9.378040936718023968e-02	4.450461693345045266e-02	1.074754231597124243e-01
3.062308545243794470e+03	1.460936653943196439e-01	8.788039003279138339e-02	3.185100511256208078e-01	2.016137932481452122e-01	9.382715758505059955e-02	4.453911270353307778e-02	1.075358299103630483e-01
3.076821855884760225e+03	1.458763511714326055e-01	8.772245713623320895e-02	3.186520917368801387e-01	2.017076963287760538e-01	9.387315194931508677e-02	4.457305891916647084e-02	1.075951927580201667e-01
3.091335166525725526e+03	1.456627270945942410e-01	8.756713648507996606e-02	3.187917585118920094e-01	2.017999794619652898e-01	9.391840444694242451e-02	4.460646413588720272e-02	1.076535298634624799e-01
3.105848477166692192e+03	1.454527303337501409e-01	8.741438498379860977e-02	3.189290911699939057e-01	2.018906707829175862e-01	9.396292687822634104e-02	4.463933678152641471e-02	1.077108590696106150e-01
3.120361787807657493e+03	1.452462991319305452e-01	8.726416024577410280e-02	3.190641287627831724e-01	2.019797979346911465e-01	9.400673085960270514e-02	4.467168515794675554e-02	1.077671979070951719e-01
3.134875098448624158e+03	1.450433727868530864e-01	8.711642058168587999e-02	3.191969096855168941e-01	2.020673880768507624e-01	9.404982782642599959e-02	4.470351744276187395e-02	1.078225635997291376e-01
3.149388409089589004e+03	1.448438916328427528e-01	8.697112498807380021e-02	3.193274716883077180e-01	2.021534678939694296e-01	9.409222903570582663e-02	4.473484169103814079e-02	1.078769730698860008e-01
3.163901719730555214e+03	1.446477970230634902e-01	8.682823313609096261e-02	3.194558518871201680e-01	2.022380636039810831e-01	9.413394556880395891e-02	4.476566583697873941e-02	1.079304429437852320e-01
3.178415030371521425e+03	1.444550313120561702e-01	8.668770536044011210e-02	3.195820867745716720e-01	2.023212009663869493e-01	9.417498833409242154e-02	4.479599769558992306e-02	1.079829895566863512e-01
3.192928341012487181e+03	1.442655378385774290e-01	8.654950264849088637e-02	3.197062122305414644e-01	2.024029052903177639e-01	9.421536806957314658e-02	4.482584496432946708e-02	1.080346289579933589e-01
3.207441651653452936e+03	1.440792609087340193e-01	8.641358662957455972e-02	3.198282635325921941e-01	2.024832014424548798e-01	9.425509534545978285e-02	4.485521522473731593e-02	1.080853769162706673e-01
3.221954962294418237e+03	1.438961457794079579e-01	8.627991956445399402e-02	3.199482753662068468e-01	2.025621138548119315e-01	9.429418056672209114e-02	4.488411594404830007e-02	1.081352489241722004e-01
3.236468272935384903e+03	1.437161386419670006e-01	8.614846433496539668e-02	3.200662818348452565e-01	2.026396665323800805e-01	9.433263397559349395e-02	4.491255447678707546e-02	1.081842602032849626e-01
3.250981583576350204e+03	1.435391866062556143e-01	8.601918443382941537e-02	3.201823164698236468e-01	2.027158830606387852e-01	9.437046565404227927e-02	4.494053806634512593e-02	1.082324257088883718e-01
3.265494894217316414e+03	1.433652376848615906e-01	8.589204395462883557e-02	3.202964122400203673e-01	2.027907866129344538e-01	9.440768552620690257e-02	4.496807384654001594e-02	1.082797601346309757e-01
3.280008204858282170e+03	1.431942407776535531e-01	8.576700758194991114e-02	3.204086015614117100e-01	2.028643999577294244e-01	9.444430336079595589e-02	4.499516884315678950e-02	1.083262779171257767e-01
3.294521515499247926e+03	1.430261456565845302e-01	8.564404058168501033e-02	3.205189163064400271e-01	2.029367454657233505e-01	9.448032877345315106e-02	4.502182997547161253e-02	1.083719932404654113e-01
3.309034826140214136e+03	1.428609029507570127e-01	8.552310879149369049e-02	3.206273878132189781e-01	2.030078451168490505e-01	9.451577122908796924e-02	4.504806405775770017e-02	1.084169200406586292e-01
