4.208860085880095880e+02	4.263503805791385437e-01	2.749453685117438373e-01	1.305215885519129260e-01	7.826514202649433039e-02	4.239681643532996341e-02	1.476973186117525212e-02	3.275097203403284224e-02
4.353993192289755143e+02	4.212897867707097732e-01	2.717266364079712893e-01	1.342091008523883244e-01	8.051500171508454984e-02	4.336681168666585429e-02	1.504966144293591775e-02	3.384300112407189615e-02
4.499126298699413837e+02	4.163182169542702371e-01	2.685607875595426020e-01	1.378233259073940176e-01	8.270840832258051500e-02	4.431050326670193246e-02	1.533666748086283740e-02	3.494209050847552067e-02
4.644259405109071963e+02	4.114340204955725389e-01	2.654468879501707956e-01	1.413649865002353512e-01	8.485001376697406950e-02	4.522933669158204356e-02	1.562994629464698609e-02	3.604480830064578367e-02
4.789392511518730657e+02	4.066355796262277056e-01	2.623840343297205169e-01	1.448349698497641003e-01	8.694375278298820120e-02	4.612463429513932039e-02	1.592875559210010436e-02	3.714827352388765103e-02
4.934525617928388783e+02	4.019213090507811059e-01	2.593713509162152708e-01	1.482342935943337381e-01	8.899296004986249897e-02	4.699760766316823241e-02	1.623240954669420005e-02	3.825006917877254997e-02
5.079658724338048046e+02	3.972896554811612413e-01	2.564079866183992529e-01	1.515640773523344309e-01	9.100046833396636947e-02	4.784936867689989354e-02	1.654027431735324155e-02	3.934816921971311110e-02
5.224791830747705035e+02	3.927390971155879096e-01	2.534931126944025559e-01	1.548255189761843509e-01	9.296869070831724480e-02	4.868093933629470682e-02	1.685176396572420077e-02	4.044087720331657893e-02
5.369924937157364866e+02	3.882681430759902796e-01	2.506259207756992291e-01	1.580198747563995032e-01	9.489968941806971314e-02	4.949326051103393465e-02	1.716633673123092035e-02	4.152677473140396758e-02
5.515058043567023560e+02	3.838753328154573818e-01	2.478056211969907330e-01	1.611484429498862003e-01	9.679523354736535579e-02	5.028719974759492811e-02	1.748349162865374395e-02	4.260467811387923937e-02
5.660191149976681118e+02	3.795592355051362610e-01	2.450314415822447134e-01	1.642125501054531866e-01	9.865684729582796519e-02	5.106355824405001131e-02	1.780276533686715387e-02	4.367360193024832221e-02
5.805324256386339812e+02	3.753184494082434375e-01	2.423026256451731031e-01	1.672135397426990355e-01	1.004858503817427501e-01	5.182307708982883399e-02	1.812372935078105859e-02	4.473272838135941565e-02
5.950457362795999643e+02	3.711516012473992099e-01	2.396184321691869623e-01	1.701527630104026079e-01	1.022833918445844592e-01	5.256644285528221106e-02	1.844598737153263154e-02	4.578138150143947621e-02
6.095590469205657200e+02	3.670573455702904608e-01	2.369781341375306050e-01	1.730315710094289805e-01	1.040504783145151657e-01	5.329429260518904476e-02	1.876917291261874857e-02	4.681900545025458049e-02
6.240723575615315895e+02	3.630343641176625447e-01	2.343810179890500889e-01	1.758513085147299926e-01	1.057879976444307396e-01	5.400721840110933591e-02	1.909294710199150799e-02	4.784514623085336232e-02
6.385856682024975726e+02	3.590813651968195463e-01	2.318263829790358499e-01	1.786133088727472895e-01	1.074967386557843102e-01	5.470577134949310139e-02	1.941699666220050163e-02	4.885943628374701114e-02
6.530989788434633283e+02	3.551970830631236975e-01	2.293135406279210586e-01	1.813188898856651632e-01	1.091774076283007489e-01	5.539046524553051937e-02	1.974103205249085752e-02	4.986158149679551649e-02
6.676122894844290840e+02	3.513802773114253486e-01	2.268418142434205365e-01	1.839693505235583948e-01	1.108306420620786686e-01	5.606177985671813996e-02	2.006478575838449574e-02	5.085135024424194267e-02
6.821256001253949535e+02	3.476297322788895472e-01	2.244105385040439105e-01	1.865659683304137784e-01	1.124570221553189420e-01	5.672016388489245498e-02	2.038801071571021487e-02	5.182856413055868250e-02
6.966389107663608229e+02	3.439442564603070740e-01	2.220190590938875830e-01	1.891099974110165560e-01	1.140570803693882890e-01	5.736603764093372443e-02	2.071047885732752933e-02	5.279309016696680928e-02
7.111522214073266923e+02	3.403226819366671485e-01	2.196667323802609373e-01	1.916026669034033014e-01	1.156313093929141056e-01	5.799979546237624128e-02	2.103197977192963752e-02	5.374483415227616911e-02
7.256655320482924481e+02	3.367638638175166621e-01	2.173529251270868712e-01	1.940451798565139829e-01	1.171801687662597513e-01	5.862180790069646680e-02	2.135231946532865563e-02	5.468373506642520282e-02
7.401788426892584312e+02	3.332666796974252943e-01	2.150770142381761840e-01	1.964387124452685041e-01	1.187040903854910817e-01	5.923242370201850515e-02	2.167131921553618057e-02	5.560976031591172153e-02
7.546921533302243006e+02	3.298300291267130535e-01	2.128383865254483975e-01	1.987844134659155770e-01	1.202034830695113687e-01	5.983197160231917833e-02	2.198881451376688209e-02	5.652290169615301063e-02
7.692054639711900563e+02	3.264528330964609482e-01	2.106364384979842463e-01	2.010834040634643383e-01	1.216787363443172787e-01	6.042076195588214071e-02	2.230465408422304535e-02	5.742317195749548076e-02
7.837187746121558121e+02	3.231340335377250184e-01	2.084705761684788328e-01	2.033367776505741742e-01	1.231302235733944400e-01	6.099908821369905837e-02	2.261869897617371783e-02	5.831060187978218123e-02
7.982320852531219089e+02	3.198725928347883052e-01	2.063402148742341513e-01	2.055455999836650061e-01	1.245583045423560853e-01	6.156722826670912863e-02	2.293082172243143466e-02	5.918523777564330124e-02
8.127453958940876646e+02	3.166674933522216628e-01	2.042447791103086385e-01	2.077109093674035512e-01	1.259633275883856873e-01	6.212544566717440736e-02	2.324090555886005119e-02	6.004713935547340009e-02
8.272587065350534203e+02	3.135177369754769683e-01	2.021837023728405569e-01	2.098337169632778776e-01	1.273456313503314452e-01	6.267399074007980186e-02	2.354884370002528760e-02	6.089637789779547838e-02
8.417720171760191761e+02	3.104223446646985907e-01	2.001564270108973087e-01	2.119150071818207415e-01	1.287055462029609021e-01	6.321310159520052152e-02	2.385453866653096042e-02	6.173303467771835279e-02
8.562853278169851592e+02	3.073803560214124486e-01	1.981624040854828295e-01	2.139557381412972026e-01	1.300433954285367955e-01	6.374300504937507883e-02	2.415790165997356437e-02	6.255719961374937854e-02
8.707986384579510286e+02	3.043908288677350527e-01	1.962010932345677749e-01	2.159568421784209546e-01	1.313594961701983754e-01	6.426391746754150924e-02	2.445885198180026976e-02	6.336897009956332649e-02
8.853119490989170117e+02	3.014528388377323842e-01	1.942719625432040575e-01	2.179192263989899736e-01	1.326541602043575518e-01	6.477604553022303646e-02	2.475731649267434373e-02	6.416844999264592619e-02
8.998252597398827675e+02	2.985654789805532450e-01	1.923744884179472703e-01	2.198437732582985138e-01	1.339276945632207894e-01	6.527958693437382887e-02	2.505322910924112634e-02	6.495574873619247569e-02
9.143385703808486369e+02	2.957278593749596562e-01	1.905081554649472875e-01	2.217313411628453468e-01	1.351804020334356204e-01	6.577473103380392094e-02	2.534653033544988568e-02	6.573098059438546581e-02
9.288518810218145063e+02	2.929391067548787753e-01	1.886724563711798808e-01	2.235827650862654004e-01	1.364125815525757124e-01	6.626165942478565163e-02	2.563716682582493564e-02	6.649426398431687590e-02
9.433651916627801484e+02	2.901983641456039598e-01	1.868668917883878899e-01	2.253988571936015872e-01	1.376245285215887681e-01	6.674054648189241268e-02	2.592509097829576864e-02	6.724572089045685597e-02
9.578785023037459041e+02	2.875047905102819379e-01	1.850909702193772044e-01	2.271804074690410291e-01	1.388165350483232807e-01	6.721155984862739463e-02	2.621026055439271488e-02	6.798547634978370502e-02
9.723918129447120009e+02	2.848575604063275923e-01	1.833442079063800911e-01	2.289281843430897578e-01	1.399888901347307590e-01	6.767486088695820468e-02	2.649263832479377759e-02	6.871365799754709791e-02
9.869051235856777566e+02	2.822558636514190811e-01	1.816261287212507514e-01	2.306429353158819529e-01	1.411418798182303980e-01	6.813060508947710314e-02	2.677219173837148275e-02	6.943039566519648709e-02
1.001418434226643626e+03	2.796989049987361753e-01	1.799362640573042571e-01	2.323253875739259844e-01	1.422757872759564390e-01	6.857894245755102869e-02	2.704889261303744519e-02	7.013582102331587798e-02
1.015931744867609382e+03	2.771859038211140214e-01	1.782741527226458234e-01	2.339762485981057294e-01	1.433908928991310117e-01	6.902001784850612942e-02	2.732271684681800150e-02	7.083006726350650484e-02
1.030445055508575479e+03	2.747160938037961908e-01	1.766393408348694294e-01	2.355962067611881705e-01	1.444874743435675124e-01	6.945397129460428864e-02	2.759364414771842480e-02	7.151326881408318070e-02
1.044958366149541234e+03	2.722887226454829279e-01	1.750313817170282560e-01	2.371859319134558552e-01	1.455658065612766283e-01	6.988093829631020215e-02	2.786165778104638183e-02	7.218556108522684867e-02
1.059471676790506763e+03	2.699030517673800533e-01	1.734498357948017211e-01	2.387460759553906298e-01	1.466261618172816639e-01	7.030105009211486122e-02	2.812674433296898785e-02	7.284708023988915870e-02
1.073984987431472746e+03	2.675583560299651942e-01	1.718942704947996336e-01	2.402772733965949370e-01	1.476688096950289630e-01	7.071443390697107478e-02	2.838889348917266950e-02	7.349796298729448230e-02
1.088498298072438729e+03	2.652539234572020010e-01	1.703642601439583903e-01	2.417801419003561270e-01	1.486940170931747296e-01	7.112121318120671887e-02	2.864809782758168805e-02	7.413834639634724055e-02
1.103011608713404712e+03	2.629890549679386180e-01	1.688593858699948269e-01	2.432552828134413869e-01	1.497020482160286436e-01	7.152150778161071865e-02	2.890435262417097653e-02	7.476836772664169350e-02
1.117524919354370468e+03	2.607630641142422712e-01	1.673792355028928813e-01	2.447032816808646372e-01	1.506931645595137870e-01	7.191543419623150357e-02	2.915765567098168448e-02	7.538816427510008911e-02
1.132038229995336451e+03	2.585752768264283907e-01	1.659234034774047517e-01	2.461247087454946081e-01	1.516676248941544736e-01	7.230310571428805178e-02	2.940800710551483288e-02	7.599787323654168258e-02
1.146551540636302207e+03	2.564250311645551728e-01	1.644914907365545853e-01	2.475201194324789522e-01	1.526256852463125091e-01	7.268463259246661645e-02	2.965540925073992251e-02	7.659763157671892198e-02
1.161064851277267962e+03	2.543116770761617573e-01	1.630831046361367609e-01	2.488900548185480066e-01	1.535675988786515678e-01	7.306012220876201280e-02	2.989986646501174850e-02	7.718757591655481254e-02
1.175578161918233945e+03	2.522345761600392477e-01	1.616978588502044623e-01	2.502350420863327374e-01	1.544936162706089799e-01	7.342967920491810796e-02	3.014138500124052475e-02	7.776784242648264456e-02
1.190091472559199701e+03	2.501931014358316219e-01	1.603353732775467666e-01	2.515555949638921263e-01	1.554039850994888283e-01	7.379340561842799573e-02	3.037997287470820679e-02	7.833856672993108616e-02
1.204604783200165684e+03	2.481866371192727183e-01	1.589952739491548861e-01	2.528522141496915565e-01	1.562989502226530270e-01	7.415140100496910025e-02	3.061563973896769264e-02	7.889988381511765791e-02
1.219118093841131440e+03	2.462145784028724749e-01	1.576771929366786174e-01	2.541253877233125014e-01	1.571787536611740643e-01	7.450376255207083465e-02	3.084839676930212216e-02	7.945192795441603784e-02
1.233631404482097196e+03	2.442763312418749777e-01	1.563807682618758577e-01	2.553755915422048495e-01	1.580436345852206104e-01	7.485058518474196898e-02	3.107825655325861455e-02	7.999483263064983973e-02
1.248144715123063179e+03	2.423713121453170416e-01	1.551056438070585741e-01	2.566032896248147122e-01	1.588938293013701930e-01	7.519196166372121848e-02	3.130523298780522184e-02	8.052873046973972604e-02
1.262658025764028707e+03	2.404989479720235912e-01	1.538514692265382788e-01	2.578089345204402916e-01	1.597295712419824210e-01	7.552798267695623458e-02	3.152934118269148933e-02	8.105375317919431832e-02
1.277171336404994690e+03	2.386586757313834128e-01	1.526178998590745628e-01	2.589929676661787417e-01	1.605510909567138544e-01	7.585873692486355679e-02	3.175059736962219936e-02	8.157003149199031078e-02
1.291684647045960673e+03	2.368499423887538979e-01	1.514045966413300470e-01	2.601558197313375564e-01	1.613586161062164070e-01	7.618431119987403854e-02	3.196901881688100217e-02	8.207769511543372420e-02
1.306197957686926657e+03	2.350722046753514483e-01	1.502112260223348039e-01	2.612979109496878505e-01	1.621523714580273279e-01	7.650479046072458655e-02	3.218462374906536083e-02	8.257687268463528851e-02
1.320711268327892412e+03	2.333249289024885709e-01	1.490374598789628857e-01	2.624196514399395053e-01	1.629325788846331668e-01	7.682025790191733539e-02	3.239743127161744812e-02	8.306769172026771952e-02
1.335224578968857941e+03	2.316075907800252964e-01	1.478829754324229584e-01	2.635214415148174893e-01	1.636994573636690598e-01	7.713079501873121302e-02	3.260746129985697683e-02	8.355027859030361714e-02
1.349737889609823924e+03	2.299196752389071063e-01	1.467474551657647341e-01	2.646036719791169389e-01	1.644532229801994871e-01	7.743648166813790756e-02	3.281473449224147493e-02	8.402475847545885779e-02
1.364251200250789907e+03	2.282606762576673554e-01	1.456305867424022571e-01	2.656667244171108111e-01	1.651940889310135052e-01	7.773739612594415815e-02	3.301927218759800886e-02	8.449125533809033473e-02
1.378764510891755890e+03	2.266300966927767002e-01	1.445320629256545697e-01	2.667109714696773159e-01	1.659222655308585093e-01	7.803361514045509262e-02	3.322109634608716444e-02	8.494989189431703669e-02
1.393277821532721646e+03	2.250274481127267356e-01	1.434515814993031491e-01	2.677367771015094489e-01	1.666379602205310118e-01	7.832521398292835446e-02	3.342022949367585288e-02	8.540078958915181540e-02
1.407791132173687402e+03	2.234522506357392857e-01	1.423888451891657525e-01	2.687444968587613392e-01	1.673413775767366996e-01	7.861226649506587727e-02	3.361669466990999805e-02	8.584406857444737415e-02
1.422304442814653157e+03	2.219040327709975724e-01	1.413435615856850347e-01	2.697344781174768058e-01	1.680327193236309802e-01	7.889484513376976427e-02	3.381051537879173341e-02	8.627984768947440097e-02
1.436817753455619140e+03	2.203823312632985088e-01	1.403154430675297715e-01	2.707070603231392369e-01	1.687121843459484516e-01	7.917302101336945452e-02	3.400171554257828271e-02	8.670824444396253716e-02
1.451331064096585123e+03	2.188866909410304984e-01	1.393042067262061645e-01	2.716625752216706990e-01	1.693799687036305623e-01	7.944686394551023212e-02	3.419031945833127251e-02	8.712937500344676567e-02
1.465844374737550879e+03	2.174166645673835663e-01	1.383095742916761184e-01	2.726013470822002405e-01	1.700362656478602297e-01	7.971644247687767471e-02	3.437635175705618107e-02	8.754335417677214237e-02
1.480357685378516862e+03	2.159718126947025307e-01	1.373312720589784375e-01	2.735236929119121418e-01	1.706812656384145144e-01	7.998182392491752501e-02	3.455983736528159267e-02	8.795029540561935533e-02
1.494870996019482618e+03	2.145517035218980073e-01	1.363690308158488906e-01	2.744299226632737065e-01	1.713151563622476448e-01	8.024307441169821475e-02	3.474080146893745308e-02	8.835031075592218730e-02
1.509384306660448374e+03	2.131559127548316168e-01	1.354225857713342585e-01	2.753203394339343024e-01	1.719381227532190415e-01	8.050025889605051665e-02	3.491926947939997389e-02	8.874351091105635303e-02
1.523897617301414357e+03	2.117840234695967383e-01	1.344916764853949231e-01	2.761952396595771519e-01	1.725503470128836592e-01	8.075344120410817006e-02	3.509526700157939577e-02	8.913000516668595496e-02
1.538410927942380113e+03	2.104356259786169525e-01	1.335760467994908385e-01	2.770549132999948205e-01	1.731520086322651253e-01	8.100268405836331953e-02	3.526881980393395399e-02	8.950990142716101772e-02
1.552924238583346096e+03	2.091103176994888457e-01	1.326754447681437188e-01	2.778996440186519146e-01	1.737432844145340993e-01	8.124804910534121072e-02	3.543995379030081411e-02	8.988330620336545951e-02
1.567437549224311852e+03	2.078077030264977587e-01	1.317896225914699515e-01	2.787297093559870653e-01	1.743243484985187441e-01	8.148959694199038595e-02	3.560869497344111567e-02	9.025032461192099287e-02
1.581950859865277607e+03	2.065273932047370087e-01	1.309183365486768780e-01	2.795453808966988918e-01	1.748953723829760887e-01	8.172738714087694756e-02	3.577506945020256235e-02	9.061106037565759552e-02
1.596464170506243590e+03	2.052690062067648591e-01	1.300613469325148930e-01	2.803469244312499775e-01	1.754565249515570025e-01	8.196147827426406018e-02	3.593910337820867273e-02	9.096561582526643819e-02
1.610977481147209119e+03	2.040321666117342614e-01	1.292184179846782854e-01	2.811346001118160132e-01	1.760079724984003890e-01	8.219192793715202061e-02	3.610082295398919089e-02	9.131409190205572179e-02
1.625490791788175102e+03	2.028165054869341399e-01	1.283893178321466599e-01	2.819086626028962650e-01	1.765498787542952031e-01	8.241879276934784004e-02	3.626025439247129722e-02	9.165658816173435919e-02
1.640004102429141085e+03	2.016216602716815742e-01	1.275738184244590012e-01	2.826693612267968114e-01	1.770824049133519762e-01	8.264212847662801009e-02	3.641742390775576377e-02	9.199320277915268296e-02
1.654517413070107068e+03	2.004472746635075908e-01	1.267716954719115552e-01	2.834169401041847225e-01	1.776057096601287300e-01	8.286198985105332204e-02	3.657235769510672890e-02	9.232403255393320518e-02
1.669030723711072824e+03	1.992929985065802212e-01	1.259827283846715329e-01	2.841516382899091364e-01	1.781199491971591498e-01	8.307843079048982116e-02	3.672508191408798556e-02	9.264917291692799373e-02
1.683544034352038352e+03	1.981584876823109242e-01	1.252067002127973394e-01	2.848736899042733639e-01	1.786252772728327831e-01	8.329150431738607807e-02	3.687562267278222256e-02	9.296871793744304613e-02
1.698057344993004335e+03	1.970434040020917765e-01	1.244433975871564457e-01	2.855833242599367661e-01	1.791218452095812153e-01	8.350126259685282382e-02	3.702400601303369732e-02	9.328276033117301191e-02
1.712570655633970318e+03	1.959474151021129984e-01	1.236926106612318277e-01	2.862807659846169361e-01	1.796098019323253969e-01	8.370775695408784467e-02	3.717025789665780872e-02	9.359139146879287552e-02
1.727083966274936301e+03	1.948701943402114389e-01	1.229541330538074934e-01	2.869662351397575528e-01	1.800892939971429629e-01	8.391103789118546652e-02	3.731440419256459862e-02	9.389470138515614017e-02
1.741597276915902057e+03	1.938114206947029738e-01	1.222277617925236620e-01	2.876399473353181135e-01	1.805604656201158786e-01	8.411115510336734935e-02	3.745647066474581954e-02	9.419277878905177315e-02
1.756110587556867813e+03	1.927707786651522703e-01	1.215132972582922410e-01	2.883021138408377593e-01	1.810234587063217215e-01	8.430815749466820386e-02	3.759648296107838406e-02	9.448571107347490672e-02
1.770623898197833569e+03	1.917479581750357043e-01	1.208105431305625393e-01	2.889529416929175754e-01	1.814784128789337370e-01	8.450209319310793277e-02	3.773446660289934279e-02	9.477358432636860675e-02
1.785137208838799552e+03	1.907426544762540477e-01	1.201193063334277389e-01	2.895926337992603128e-01	1.819254655083971384e-01	8.469300956537915981e-02	3.787044697531026516e-02	9.505648334179672698e-02
1.799650519479765535e+03	1.897545680554529324e-01	1.194393969825622848e-01	2.902213890394013673e-01	1.823647517416510933e-01	8.488095323107702761e-02	3.800444931817099914e-02	9.533449163150965744e-02
1.814163830120731291e+03	1.887834045421106222e-01	1.187706283329800355e-01	2.908394023622580815e-01	1.827964045313677233e-01	8.506597007649638331e-02	3.813649871774518751e-02	9.560769143686730087e-02
1.828677140761696819e+03	1.878288746183535141e-01	1.181128167276036395e-01	2.914468648806202711e-01	1.832205546651812789e-01	8.524810526801936128e-02	3.826662009896179828e-02	9.587616374108551276e-02
1.843190451402663257e+03	1.868906939304611214e-01	1.174657815466347288e-01	2.920439639626993267e-01	1.836373307948823141e-01	8.542740326511505389e-02	3.839483821825903642e-02	9.613998828177389155e-02
1.857703762043628785e+03	1.859685830020232356e-01	1.168293451577152448e-01	2.926308833208480231e-01	1.840468594655538248e-01	8.560390783297119888e-02	3.852117765697869733e-02	9.639924356373520686e-02
1.872217072684594768e+03	1.850622671487135718e-01	1.162033328668697491e-01	2.932078030975595606e-01	1.844492651446270892e-01	8.577766205477668771e-02	3.864566281528081931e-02	9.665400687199789120e-02
1.886730383325560297e+03	1.841714763946443179e-01	1.155875728702186883e-01	2.937748999488480339e-01	1.848446702508372563e-01	8.594870834367202006e-02	3.876831790655009546e-02	9.690435428505496385e-02
1.901243693966526507e+03	1.832959453902678615e-01	1.149818962064526467e-01	2.943323471251103607e-01	1.852331951830591683e-01	8.611708845438399706e-02	3.888916695226705272e-02	9.715036068828433735e-02
1.915757004607492036e+03	1.824354133317925286e-01	1.143861367100574428e-01	2.948803145495637601e-01	1.856149583490067645e-01	8.628284349455972446e-02	3.900823377731837960e-02	9.739209978752681740e-02
1.930270315248458019e+03	1.815896238820800812e-01	1.138001309652803411e-01	2.954189688943502090e-01	1.859900761937790525e-01	8.644601393581391457e-02	3.912554200572229690e-02	9.762964412279952209e-02
1.944783625889424002e+03	1.807583250929935548e-01	1.132237182608270831e-01	2.959484736543945838e-01	1.863586632282376587e-01	8.660663962450269870e-02	3.924111505674596906e-02	9.786306508212387623e-02
1.959296936530389530e+03	1.799412693291654319e-01	1.126567405452801734e-01	2.964689892190996989e-01	1.867208320572022462e-01	8.676475979223610691e-02	3.935497614139327194e-02	9.809243291544847421e-02
1.973810247171355968e+03	1.791382131931560373e-01	1.120990423832281258e-01	2.969806729419587898e-01	1.870766934074508669e-01	8.692041306614069207e-02	3.946714825924243358e-02	9.831781674864845111e-02
1.988323557812321269e+03	1.783489174519732046e-01	1.115504709120962168e-01	2.974836792081616554e-01	1.874263561555133406e-01	8.707363747888306749e-02	3.957765419561396630e-02	9.853928459758393155e-02
2.002836868453287707e+03	1.775731469649261540e-01	1.110108757996686180e-01	2.979781595002672923e-01	1.877699273552468351e-01	8.722447047846443313e-02	3.968651651905049510e-02	9.875690338220155517e-02
2.017350179094252780e+03	1.768106706127847427e-01	1.104801092022925230e-01	2.984642624620147400e-01	1.881075122651835740e-01	8.737294893779526395e-02	3.979375757909105887e-02	9.897073894066350797e-02
2.031863489735218764e+03	1.760612612282188572e-01	1.099580257237541964e-01	2.989421339603378636e-01	1.884392143756417892e-01	8.751910916405929164e-02	3.989939950432317556e-02	9.918085604349023698e-02
2.046376800376184747e+03	1.753246955274909147e-01	1.094444823748176865e-01	2.994119171456499084e-01	1.887651354355916189e-01	8.766298690787492631e-02	4.000346420069707948e-02	9.938731840770330395e-02
2.060890111017150957e+03	1.746007540433771876e-01	1.089393385334164188e-01	2.998737525104588353e-01	1.890853754792679864e-01	8.780461737226176455e-02	4.010597335008725395e-02	9.959018871095590142e-02
2.075403421658116713e+03	1.738892210592922760e-01	1.084424559054883719e-01	3.003277779463738306e-01	1.894000328525244914e-01	8.794403522141965024e-02	4.020694840908702050e-02	9.978952860563965188e-02
2.089916732299082469e+03	1.731898845445937196e-01	1.079536984864452875e-01	3.007741287995580604e-01	1.897092042389214028e-01	8.808127458932722698e-02	4.030641060802298697e-02	9.998539873295655966e-02
2.104430042940048224e+03	1.725025360910424910e-01	1.074729325232667981e-01	3.012129379246843985e-01	1.900129846855426463e-01	8.821636908816614386e-02	4.040438095017647585e-02	1.001778587369462903e-01
2.118943353581013525e+03	1.718269708503971094e-01	1.070000264772099502e-01	3.016443357374443135e-01	1.903114676285370954e-01	8.834935181657740944e-02	4.050088021120008125e-02	1.003669672784592570e-01
2.133456664221980191e+03	1.711629874731188106e-01	1.065348509871253402e-01	3.020684502656615922e-01	1.906047449183795039e-01	8.848025536775536160e-02	4.059592893871783598e-02	1.005527820490667440e-01
2.147969974862945492e+03	1.705103880481660394e-01	1.060772788333705086e-01	3.024854071990579207e-01	1.908929068448476374e-01	8.860911183738481856e-02	4.068954745209817786e-02	1.007353597849001553e-01
2.162483285503912157e+03	1.698689780438570884e-01	1.056271849023117382e-01	3.028953299377166730e-01	1.911760421617119954e-01	8.873595283142646228e-02	4.078175584238950824e-02	1.009147562804117854e-01
2.176996596144877003e+03	1.692385662497803700e-01	1.051844461514054446e-01	3.032983396392897602e-01	1.914542381111357661e-01	8.886080947375539496e-02	4.087257397240855183e-02	1.010910264020499910e-01
2.191509906785843214e+03	1.686189647197314789e-01	1.047489415748501795e-01	3.036945552649885083e-01	1.917275804477824586e-01	8.898371241365737871e-02	4.096202147697237256e-02	1.012642241018428535e-01
2.206023217426809424e+03	1.680099887156580873e-01	1.043205521698007954e-01	3.040840936244010306e-01	1.919961534626291044e-01	8.910469183318713016e-02	4.105011776326515649e-02	1.014344024308838910e-01
2.220536528067775180e+03	1.674114566525928827e-01	1.038991609031359592e-01	3.044670694191732307e-01	1.922600400064840565e-01	8.922377745439283303e-02	4.113688201133158112e-02	1.016016135527146730e-01
2.235049838708740936e+03	1.668231900445556193e-01	1.034846526787706888e-01	3.048435952855925724e-01	1.925193215132073588e-01	8.934099854641072702e-02	4.122233317468886743e-02	1.017659087565994380e-01
2.249563149349706237e+03	1.662450134514062705e-01	1.030769143055052794e-01	3.052137818361092547e-01	1.927740780226339934e-01	8.945638393243351971e-02	4.130648998104996528e-02	1.019273384706868846e-01
2.264076459990672902e+03	1.656767544266310732e-01	1.026758344654026683e-01	3.055777376998307093e-01	1.930243882031983660e-01	8.956996199655607727e-02	4.138937093315089855e-02	1.020859522750553472e-01
2.278589770631638203e+03	1.651182434660436460e-01	1.022813036826856620e-01	3.059355695620206150e-01	1.932703293742606132e-01	8.968176069050191879e-02	4.147099430967549766e-02	1.022417989146371664e-01
2.293103081272604413e+03	1.645693139573843056e-01	1.018932142931461560e-01	3.062873822026362935e-01	1.935119775281344823e-01	8.979180754023352584e-02	4.155137816627108016e-02	1.023949263120192549e-01
2.307616391913570169e+03	1.640298021308007614e-01	1.015114604140582161e-01	3.066332785339335731e-01	1.937494073518172821e-01	8.990012965244954801e-02	4.163054033664918829e-02	1.025453815801164459e-01
2.322129702554535925e+03	1.634995470101935355e-01	1.011359379145872067e-01	3.069733596371696516e-01	1.939826922484221838e-01	9.000675372097195759e-02	4.170849843376546462e-02	1.026932110347150567e-01
2.336643013195502135e+03	1.629783903654099808e-01	1.007665443866870708e-01	3.073077247984303817e-01	1.942119043583142857e-01	9.011170603302576243e-02	4.178526985107339914e-02	1.028384602068841275e-01
2.351156323836467891e+03	1.624661766652715500e-01	1.004031791164781556e-01	3.076364715436118447e-01	1.944371145799506373e-01	9.021501247541396928e-02	4.186087176384663960e-02	1.029811738552521699e-01
2.365669634477433647e+03	1.619627530314184105e-01	1.000457430560978134e-01	3.079596956725796364e-01	1.946583925904261658e-01	9.031669854059036495e-02	4.193532113056510496e-02	1.031213959781474981e-01
2.380182945118399402e+03	1.614679691929566674e-01	9.969413879601643491e-02	3.082774912925320132e-01	1.948758068657266973e-01	9.041678933263254392e-02	4.200863469436017655e-02	1.032591698256004470e-01
2.394696255759364703e+03	1.609816774418935115e-01	9.934827053781157546e-02	3.085899508505914879e-01	1.950894247006902948e-01	9.051530957311736125e-02	4.208082898451463716e-02	1.033945379112060498e-01
2.409209566400331823e+03	1.605037325893455269e-01	9.900804406739246999e-02	3.088971651656473028e-01	1.952993122286791894e-01	9.061228360690130879e-02	4.215192031801309053e-02	1.035275420238460226e-01
2.423722877041296670e+03	1.600339919225061969e-01	9.867336672866817981e-02	3.091992234594710953e-01	1.955055344409637741e-01	9.070773540780771582e-02	4.222192480113905189e-02	1.036582232392689040e-01
2.438236187682262880e+03	1.595723151623588409e-01	9.834414739765207081e-02	3.094962133871277943e-01	1.957081552058208551e-01	9.080168858422285605e-02	4.229085833111484449e-02	1.037866219315276561e-01
2.452749498323228636e+03	1.591185644221214113e-01	9.802029645699561478e-02	3.097882210667018965e-01	1.959072372873480739e-01	9.089416638460305620e-02	4.235873659778086053e-02	1.039127777842740463e-01
2.467262808964194392e+03	1.586726041664098252e-01	9.770172577094456134e-02	3.100753311083588315e-01	1.961028423639971652e-01	9.098519170289459668e-02	4.242557508531069610e-02	1.040367298019092418e-01
2.481776119605160602e+03	1.582343011711067338e-01	9.738834866071074958e-02	3.103576266427616193e-01	1.962950310468278559e-01	9.107478708386816668e-02	4.249138907395912795e-02	1.041585163205905884e-01
2.496289430246126358e+03	1.578035244839233742e-01	9.708007988025288415e-02	3.106351893488596971e-01	1.964838628974852341e-01	9.116297472836987215e-02	4.255619364183979569e-02	1.042781750190939771e-01
2.510802740887092114e+03	1.573801453856414068e-01	9.677683559245943423e-02	3.109080994810688447e-01	1.966693964459028943e-01	9.124977649849018435e-02	4.262000366672981377e-02	1.043957429295321870e-01
2.525316051528057415e+03	1.569640373520232723e-01	9.647853334572743800e-02	3.111764358958590271e-01	1.968516892077346037e-01	9.133521392265270267e-02	4.268283382789855168e-02	1.045112564479291073e-01
2.539829362169024080e+03	1.565550760163784139e-01	9.618509205093050962e-02	3.114402760777665868e-01	1.970307977015169076e-01	9.141930820062410534e-02	4.274469860795808429e-02	1.046247513446500327e-01
2.554342672809989381e+03	1.561531391327740381e-01	9.589643195876991488e-02	3.116996961648464959e-01	1.972067774655657801e-01	9.150208020844706469e-02	4.280561229473282825e-02	1.047362627746885322e-01
2.568855983450955591e+03	1.557581065398788156e-01	9.561247463750226216e-02	3.119547709735800978e-01	1.973796830746097353e-01	9.158355050329733404e-02	4.286558898314614396e-02	1.048458252878101821e-01
2.583369294091921347e+03	1.553698601254282219e-01	9.533314295103796632e-02	3.122055740232538290e-01	1.975495681561624250e-01	9.166373932826660242e-02	4.292464257712169662e-02	1.049534728385538157e-01
2.597882604732887103e+03	1.549882837913003353e-01	9.505836103740411547e-02	3.124521775598217421e-01	1.977164854066376098e-01	9.174266661707240755e-02	4.298278679149750148e-02	1.050592387960908175e-01
2.612395915373853313e+03	1.546132634191915711e-01	9.478805428756591211e-02	3.126946525792672071e-01	1.978804866072092217e-01	9.182035199869653663e-02	4.304003515395078694e-02	1.051631559539433075e-01
2.626909226014819069e+03	1.542446868368813895e-01	9.452214932460091534e-02	3.129330688504756708e-01	1.980416226394197121e-01	9.189681480195312224e-02	4.309640100693180875e-02	1.052652565395619105e-01
2.641422536655784825e+03	1.538824437850758176e-01	9.426057398322004732e-02	3.131674949376324069e-01	1.981999435005396271e-01	9.197207405998766849e-02	4.315189750960488069e-02	1.053655722237640674e-01
2.655935847296750580e+03	1.535264258848194063e-01	9.400325728962991012e-02	3.133979982221570260e-01	1.983554983186811005e-01	9.204614851470838133e-02	4.320653763979501877e-02	1.054641341300336516e-01
2.670449157937716336e+03	1.531765266054656849e-01	9.375012944173059803e-02	3.136246449241867906e-01	1.985083353676687368e-01	9.211905662115084381e-02	4.326033419593863089e-02	1.055609728436831679e-01
2.684962468578682547e+03	1.528326412331962036e-01	9.350112178964374576e-02	3.138475001236206152e-01	1.986585020816706570e-01	9.219081655177717438e-02	4.331329979903680849e-02	1.056561184208792414e-01
2.699475779219648302e+03	1.524946668400786187e-01	9.325616681656499762e-02	3.140666277807344087e-01	1.988060450695925963e-01	9.226144620071094482e-02	4.336544689460988811e-02	1.057496003975329502e-01
2.713989089860614058e+03	1.521625022536542970e-01	9.301519811993591569e-02	3.142820907563793620e-01	1.989510101292386313e-01	9.233096318790874613e-02	4.341678775465195039e-02	1.058414477980555296e-01
2.728502400501579814e+03	1.518360480270461166e-01	9.277815039292977572e-02	3.144939508317725063e-01	1.990934422612409549e-01	9.239938486326963740e-02	4.346733447958400082e-02	1.059316891439813363e-01
2.743015711142545115e+03	1.515152064095775242e-01	9.254495940624629657e-02	3.147022687278909769e-01	1.992333856827623317e-01	9.246672831068342147e-02	4.351709900020485355e-02	1.060203524624587779e-01
2.757529021783511780e+03	1.511998813178939138e-01	9.231556199020989062e-02	3.149071041244785873e-01	1.993708838409737893e-01	9.253301035201877411e-02	4.356609307963843492e-02	1.061074652946107505e-01
2.772042332424477081e+03	1.508899783075770551e-01	9.208989601716678630e-02	3.151085156786748165e-01	1.995059794263109587e-01	9.259824755105215688e-02	4.361432831527661813e-02	1.061930547037657629e-01
2.786555643065443292e+03	1.505854045452447720e-01	9.186790038417573523e-02	3.153065610432752575e-01	1.996387143855120339e-01	9.266245621733862348e-02	4.366181614071665273e-02	1.062771472835611075e-01
2.801068953706408593e+03	1.502860687811269913e-01	9.164951499598761320e-02	3.155012968846324095e-01	1.997691299344402649e-01	9.272565241002519998e-02	4.370856782769216853e-02	1.063597691659195210e-01
2.815582264347374803e+03	1.499918813221095548e-01	9.143468074830911341e-02	3.156927789002055840e-01	1.998972665706941210e-01	9.278785194160807381e-02	4.375459448799710882e-02	1.064409460289005432e-01
2.830095574988341014e+03	1.497027540052385253e-01	9.122333951134574404e-02	3.158810618357676403e-01	2.000231640860081483e-01	9.284907038163427162e-02	4.379990707540164230e-02	1.065207031044280994e-01
2.844608885629306769e+03	1.494186001716762136e-01	9.101543411361949498e-02	3.160661995022772119e-01	2.001468615784474103e-01	9.290932306034857535e-02	4.384451638755938740e-02	1.065990651858957083e-01
2.859122196270272525e+03	1.491393346411013510e-01	9.081090832605673291e-02	3.162482447924243600e-01	2.002683974643986176e-01	9.296862507228698114e-02	4.388843306790526921e-02	1.066760566356506623e-01
2.873635506911238281e+03	1.488648736865458289e-01	9.060970684634166161e-02	3.164272496968564830e-01	2.003878094903609186e-01	9.302699127981697846e-02	4.393166760754334960e-02	1.067517013923587471e-01
2.888148817552204036e+03	1.485951350096603729e-01	9.041177528353096238e-02	3.166032653200926417e-01	2.005051347445391263e-01	9.308443631662594031e-02	4.397423034712404782e-02	1.068260229782508480e-01
2.902662128193170247e+03	1.483300377164017414e-01	9.021706014292542319e-02	3.167763418961329625e-01	2.006204096682425997e-01	9.314097459115812383e-02	4.401613147871016180e-02	1.068990445062528855e-01
2.917175438834136003e+03	1.480695022931340366e-01	9.002550881119407433e-02	3.169465288037703332e-01	2.007336700670922791e-01	9.319662029000119752e-02	4.405738104763122498e-02	1.069707886870007313e-01
2.931688749475101758e+03	1.478134505831372736e-01	8.983706954174662529e-02	3.171138745816107773e-01	2.008449511220392059e-01	9.325138738122300264e-02	4.409798895432564397e-02	1.070412778357413414e-01
2.946202060116067514e+03	1.475618057635158242e-01	8.965169144035030346e-02	3.172784269428093884e-01	2.009542874001971069e-01	9.330528961765929830e-02	4.413796495617022808e-02	1.071105338791217276e-01
2.960715370757033725e+03	1.473144923225001846e-01	8.946932445098669529e-02	3.174402327895278209e-01	2.010617128654918484e-01	9.335834054015337835e-02	4.417731866929670154e-02	1.071785783618671994e-01
2.975228681397999480e+03	1.470714360371351559e-01	8.928991934194481506e-02	3.175993382271199983e-01	2.011672608891307557e-01	9.341055348074799036e-02	4.421605957039475426e-02	1.072454324533503173e-01
2.989741992038964781e+03	1.468325639513476111e-01	8.911342769214634918e-02	3.177557885780514235e-01	2.012709642598943527e-01	9.346194156583058354e-02	4.425419699850129812e-02	1.073111169540521825e-01
3.004255302679930992e+03	1.465978043543876286e-01	8.893980187769921775e-02	3.179096283955580859e-01	2.013728551942535472e-01	9.351251771923237144e-02	4.429174015677568577e-02	1.073756523019172571e-01
3.018768613320896748e+03	1.463670867596364722e-01	8.876899505867565099e-02	3.180609014770509613e-01	2.014729653463147585e-01	9.356229466528186156e-02	4.432869811426048967e-02	1.074390585786035440e-01
3.033281923961862958e+03	1.461403418837749213e-01	8.860096116611103356e-02	3.182096508772714327e-01	2.015713258175956535e-01	9.361128493181379573e-02	4.436507980762759151e-02	1.075013555156292822e-01
3.047795234602828714e+03	1.459175016263061508e-01	8.843565488921978357e-02	3.183559189212023521e-01	2.016679671666344043e-01	9.365950085313387574e-02	4.440089404290938069e-02	1.075625625004177077e-01
3.062308545243794470e+03	1.456984990494267496e-01	8.827303166282468583e-02	3.184997472167409582e-01	2.017629194184349106e-01	9.370695457294002384e-02	4.443614949721479829e-02	1.076226985822414939e-01
3.076821855884760225e+03	1.454832683582399366e-01	8.811304765499598790e-02	3.186411766671382040e-01	2.018562120737505128e-01	9.375365804720080243e-02	4.447085472043001142e-02	1.076817824780680749e-01
3.091335166525725526e+03	1.452717448813054812e-01	8.795565975489705313e-02	3.187802474832092670e-01	2.019478741182090809e-01	9.379962304699165920e-02	4.450501813690359992e-02	1.077398325783073679e-01
3.105848477166692192e+03	1.450638650515199690e-01	8.780082556083268486e-02	3.189169991953199057e-01	2.020379340312817296e-01	9.384486116128959443e-02	4.453864804711600567e-02	1.077968669524635298e-01
3.120361787807657493e+03	1.448595663873223083e-01	8.764850336849705492e-02	3.190514706651544907e-01	2.021264197950977115e-01	9.388938379972684711e-02	4.457175262933317506e-02	1.078529033546918037e-01
3.134875098448624158e+03	1.446587874742187030e-01	8.749865215941782237e-02	3.191837000972683192e-01	2.022133589031081813e-01	9.393320219530407189e-02	4.460433994124420043e-02	1.079079592292620932e-01
3.149388409089589004e+03	1.444614679466214024e-01	8.735123158959298695e-02	3.193137250504304858e-01	2.022987783686009955e-01	9.397632740706385324e-02	4.463641792158292571e-02	1.079620517159306653e-01
3.163901719730555214e+03	1.442675484699963151e-01	8.720620197831746578e-02	3.194415824487606970e-01	2.023827047330692408e-01	9.401877032272493162e-02	4.466799439173334968e-02	1.080151976552213150e-01
3.178415030371521425e+03	1.440769707233138242e-01	8.706352429719618757e-02	3.195673085926638013e-01	2.024651640744355996e-01	9.406054166127773841e-02	4.469907705731879927e-02	1.080674135936173369e-01
3.192928341012487181e+03	1.438896773817979757e-01	8.692316015934038742e-02	3.196909391695675340e-01	2.025461820151351344e-01	9.410165197554178074e-02	4.472967350977481021e-02	1.081187157886656786e-01
3.207441651653452936e+03	1.437056120999684883e-01	8.678507180874421578e-02	3.198125092644660272e-01	2.026257837300587394e-01	9.414211165468559794e-02	4.475979122790555570e-02	1.081691202139946767e-01
3.221954962294418237e+03	1.435247194949711425e-01	8.664922210983863615e-02	3.199320533702736391e-01	2.027039939543595903e-01	9.418193092670952560e-02	4.478943757942400322e-02	1.082186425642466948e-01
3.236468272935384903e+03	1.433469451301911113e-01	8.651557453721954449e-02	3.200496053979933198e-01	2.027808369911246189e-01	9.422111986089205804e-02	4.481861982247551529e-02	1.082672982599269529e-01
3.250981583576350204e+03	1.431722354991449009e-01	8.638409316554719608e-02	3.201651986867022348e-01	2.028563367189136213e-01	9.425968837020021196e-02	4.484734510714508127e-02	1.083151024521698397e-01
3.265494894217316414e+03	1.430005380096457113e-01	8.625474265961416420e-02	3.202788660133586429e-01	2.029305165991679982e-01	9.429764621366440447e-02	4.487562047694806239e-02	1.083620700274240678e-01
3.280008204858282170e+03	1.428318009682378043e-01	8.612748826457894413e-02	3.203906396024343017e-01	2.030033996834911814e-01	9.433500299871841466e-02	4.490345287030449856e-02	1.084082156120579205e-01
3.294521515499247926e+03	1.426659735648952709e-01	8.600229579636235744e-02	3.205005511353745673e-01	2.030750086208032157e-01	9.437176818350485885e-02	4.493084912199696995e-02	1.084535535768857972e-01
3.309034826140214136e+03	1.425030058579806747e-01	8.587913163220423085e-02	3.206086317598906832e-01	2.031453656643711636e-01	9.440795107914669304e-02	4.495781596461208285e-02	1.084980980416175161e-01
