4.208860085880095880e+02	4.263503805791385437e-01	2.749453685117438373e-01	1.305215885519129260e-01	7.826514202649433039e-02	4.239681643532996341e-02	1.476973186117525212e-02	3.275097203403284224e-02
4.353993192289755143e+02	4.212975302781582498e-01	2.717195388838434256e-01	1.342051499173178286e-01	8.051404875129340721e-02	4.337068358385179345e-02	1.505426200040749403e-02	3.383878658495552416e-02
4.499126298699413837e+02	4.163328760710846010e-01	2.685473394533202107e-01	1.378158813558533757e-01	8.270561987987394559e-02	4.431807398433750683e-02	1.534546306364092429e-02	3.493474619171722112e-02
4.644259405109071963e+02	4.114547903914231863e-01	2.654278120339283453e-01	1.413544279102525447e-01	8.484484523449453697e-02	4.524038893347263196e-02	1.564256163703766495e-02	3.603517385921883170e-02
4.789392511518730657e+02	4.066616815292702358e-01	2.623600276513733953e-01	1.448216215108419358e-01	8.693591222134987306e-02	4.613891645553870602e-02	1.594484249485443941e-02	3.713699813659914611e-02
4.934525617928388783e+02	4.019519924319813198e-01	2.593430836931520100e-01	1.482184414137449890e-01	8.898234154163643661e-02	4.701484238241615543e-02	1.625164408350190937e-02	3.823765445339496333e-02
5.079658724338048046e+02	3.973241995771781832e-01	2.563761015094149220e-01	1.515459814073329137e-01	9.098710013941491148e-02	4.786926019165108070e-02	1.656235439751199690e-02	3.933500277732379646e-02
5.224791830747705035e+02	3.927768119110701117e-01	2.534582243895356357e-01	1.548054226667140154e-01	9.295269518595392078e-02	4.870317976014994915e-02	1.687640720837688818e-02	4.042725887802724183e-02
5.369924937157364866e+02	3.883083698459643962e-01	2.505886158516509865e-01	1.579980113209674963e-01	9.488125226702347204e-02	4.951753516893100254e-02	1.719327861171363742e-02	4.151293693357680642e-02
5.515058043567023560e+02	3.839174443116067370e-01	2.477664581929231724e-01	1.611250399521413357e-01	9.677458041186631776e-02	5.031319167556607547e-02	1.751248386211102029e-02	4.259080159361313539e-02
5.660191149976681118e+02	3.796026358556477964e-01	2.449909512570100922e-01	1.641878323738192313e-01	9.863422616274386545e-02	5.109095195496556052e-02	1.783357446841539809e-02	4.365982792722584299e-02
5.805324256386339812e+02	3.753625737890912695e-01	2.422613113825074216e-01	1.671877311445561787e-01	1.004615185173886593e-01	5.185156169554996225e-02	1.815613552518120441e-02	4.471916794555309133e-02
5.950457362795999643e+02	3.711959153730621797e-01	2.395767705021903948e-01	1.701260873612136237e-01	1.022576062711955253e-01	5.259571462624341998e-02	1.847978325861030294e-02	4.576812260731230597e-02
6.095590469205657200e+02	3.671013450436480530e-01	2.369365753679341380e-01	1.730042523521396203e-01	1.040234890313763844e-01	5.332405703980741540e-02	1.880416276758433564e-02	4.680611839733779533e-02
6.240723575615315895e+02	3.630775736719214497e-01	2.343399868804005026e-01	1.758235709526910218e-01	1.057600429631144340e-01	5.403719186954485110e-02	1.912894594239903864e-02	4.783268771975637129e-02
6.385856682024975726e+02	3.591233378565643064e-01	2.317862795060843806e-01	1.785853760978286520e-01	1.074680421509159600e-01	5.473568236912712548e-02	1.945382954557673197e-02	4.884745247373044330e-02
6.530989788434633283e+02	3.552373992467807717e-01	2.292747407672317272e-01	1.812909845101450257e-01	1.091481763109840575e-01	5.542005543904504616e-02	1.977853344069458244e-02	4.985011028494638202e-02
6.676122894844290840e+02	3.514185438934195327e-01	2.268046707925746586e-01	1.839416932981258468e-01	1.108010654676215012e-01	5.609080463780351244e-02	2.010279895654875498e-02	5.084042295373381731e-02
6.821256001253949535e+02	3.476655816264299648e-01	2.243753819188535614e-01	1.865387773098935165e-01	1.124272721043190898e-01	5.674839291133901287e-02	2.042638737520161354e-02	5.181820675379083391e-02
6.966389107663608229e+02	3.439773454569554079e-01	2.219861983347830581e-01	1.890834871131210904e-01	1.140273112148915136e-01	5.739325507012813660e-02	2.074907853355053428e-02	5.278332427639787633e-02
7.111522214073266923e+02	3.403526910025218566e-01	2.196364557605225698e-01	1.915770474930669209e-01	1.156016586089453207e-01	5.802580003998188130e-02	2.107066952902963974e-02	5.373567756575941406e-02
7.256655320482924481e+02	3.367904959339209081e-01	2.173255011568823447e-01	1.940206563784521721e-01	1.171507577667331157e-01	5.864641290950541042e-02	2.139097352092458881e-02	5.467520233340907032e-02
7.401788426892584312e+02	3.332896594425042158e-01	2.150526924594681755e-01	1.964154841197615353e-01	1.186750254890933248e-01	5.925545679458087134e-02	2.170981861955820560e-02	5.560186307486129909e-02
7.546921533302243006e+02	3.298491017267180525e-01	2.128173983337790509e-01	1.987626730569705125e-01	1.201748565470479452e-01	5.985327453794451330e-02	2.202704685630190937e-02	5.651564894106557435e-02
7.692054639711900563e+02	3.264677634968004560e-01	2.106189979479455576e-01	2.010633373240942878e-01	1.216506275013640170e-01	6.044019025993213612e-02	2.234251322799436779e-02	5.741657024169676687e-02
7.837187746121558121e+02	3.231446054966492509e-01	2.084568807603580376e-01	2.033185628466432637e-01	1.231026998338322770e-01	6.101651077471820228e-02	2.265608480991242180e-02	5.830465547771421925e-02
7.982320852531219089e+02	3.198786080419478428e-01	2.063304463199001626e-01	2.055294074953425976e-01	1.245314225082290172e-01	6.158252688483889514e-02	2.296763993194757270e-02	5.917994881762160542e-02
8.127453958940876646e+02	3.166687705737022407e-01	2.042391040768920252e-01	2.076969013655577123e-01	1.259371340591085853e-01	6.213851456543996454e-02	2.327706741310005614e-02	6.004250794602710578e-02
8.272587065350534203e+02	3.135141112264059338e-01	2.021822732031688941e-01	2.098220471569594847e-01	1.273201642900650410e-01	6.268473604850019476e-02	2.358426584981759139e-02	6.089240222491057453e-02
8.417720171760191761e+02	3.104136664101052601e-01	2.001593824199903726e-01	2.119058206322260440e-01	1.286808356493485128e-01	6.322144081623076728e-02	2.388914295408162830e-02	6.172971111784525400e-02
8.562853278169851592e+02	3.073664904056879199e-01	1.981698698326981034e-01	2.139491711371462046e-01	1.300194643392669491e-01	6.374886651192045173e-02	2.419161493748464217e-02	6.255452283562359939e-02
8.707986384579510286e+02	3.043716549727649157e-01	1.962131827712244314e-01	2.159530221674771655e-01	1.313363612062644903e-01	6.426723977567176671e-02	2.449160593785173687e-02	6.336693316857344715e-02
8.853119490989170117e+02	3.014282489695559453e-01	1.942887776357083984e-01	2.179182719704109705e-01	1.326318324506219892e-01	6.477677701173983893e-02	2.478904748524095661e-02	6.416704447654986154e-02
8.998252597398827675e+02	2.985353779842284672e-01	1.923961197466041995e-01	2.198457941705989627e-01	1.339061801881111513e-01	6.527768509353326642e-02	2.508387800441305715e-02	6.495496481233886676e-02
9.143385703808486369e+02	2.956921639771746269e-01	1.905346831987706768e-01	2.217364384124375365e-01	1.351597028904260034e-01	6.577016201175350796e-02	2.537604235109488376e-02	6.573080715817078423e-02
9.288518810218145063e+02	2.928977449337430983e-01	1.887039507191209109e-01	2.235910310117872890e-01	1.363926957266307083e-01	6.625439747062902840e-02	2.566549137957344767e-02	6.649468875834357862e-02
9.433651916627801484e+02	2.901512745269718696e-01	1.869034135274814101e-01	2.254103756115273804e-01	1.376054508240489305e-01	6.673057343673462205e-02	2.595218153935230365e-02	6.724673053371148235e-02
9.578785023037459041e+02	2.874519217898954815e-01	1.851325712003724089e-01	2.271952538363761487e-01	1.387982574638441657e-01	6.719886464446837848e-02	2.623607449877962683e-02	6.798705656609180248e-02
9.723918129447120009e+02	2.847988707970249278e-01	1.833909315374686044e-01	2.289464259432703874e-01	1.399714022239007538e-01	6.765943906188345847e-02	2.651713679371997534e-02	6.871579364255990530e-02
9.869051235856777566e+02	2.821913203546229099e-01	1.816780104305427967e-01	2.306646314643155393e-01	1.411251690794192437e-01	6.811245832023474223e-02	2.679533949949072097e-02	6.943307085120201116e-02
1.001418434226643626e+03	2.796284836994171741e-01	1.799933317347275075e-01	2.323505898399222391e-01	1.422598394698139368e-01	6.855807811029591969e-02	2.707065792442049298e-02	7.013901922123072508e-02
1.015931744867609382e+03	2.771095882054147586e-01	1.783364271419581037e-01	2.340050010402464076e-01	1.433756923389841731e-01	6.899644854822871431e-02	2.734307132351227257e-02	7.083377140148344742e-02
1.030445055508575479e+03	2.746338750985004573e-01	1.767068360564840179e-01	2.356285461734707876e-01	1.444730041547702681e-01	6.942771451353843548e-02	2.761256263080849940e-02	7.151746137225538369e-02
1.044958366149541234e+03	2.722005991785165779e-01	1.751041054723535551e-01	2.372218880798147300e-01	1.455520489123591776e-01	6.985201596142574798e-02	2.787911820916115502e-02	7.219022418619687465e-02
1.059471676790506763e+03	2.698090285485410522e-01	1.735277898527932960e-01	2.387856719104509418e-01	1.466130981255370502e-01	7.026948821164247239e-02	2.814272761620660590e-02	7.285219573465641363e-02
1.073984987431472746e+03	2.674584443510925613e-01	1.719774510114160104e-01	2.403205256907492149e-01	1.476564208089658214e-01	7.068026221577514145e-02	2.840338338543426169e-02	7.350351253639487992e-02
1.088498298072438729e+03	2.651481405110076572e-01	1.704526579952011234e-01	2.418270608674669142e-01	1.486822834540657279e-01	7.108446480471368456e-02	2.866108082132002091e-02	7.414431154605277685e-02
1.103011608713404712e+03	2.628774234847468527e-01	1.689529869692006914e-01	2.433058728396730042e-01	1.496909500005903781e-01	7.148221891791153859e-02	2.891581780757100997e-02	7.477472998013449945e-02
1.117524919354370468e+03	2.606456120158988088e-01	1.674780211029299748e-01	2.447575414733268173e-01	1.506826818055746198e-01	7.187364381590580220e-02	2.916759462759776003e-02	7.539490515859427477e-02
1.132038229995336451e+03	2.584520368966641835e-01	1.660273504584083015e-01	2.461826315995455927e-01	1.516577376109973230e-01	7.225885527744124737e-02	2.941641379639392540e-02	7.600497436037745302e-02
1.146551540636302207e+03	2.562960407351103642e-01	1.646005718798197737e-01	2.475816934966854621e-01	1.526163735112236464e-01	7.263796578242842639e-02	2.966227990306291931e-02	7.660507469149739623e-02
1.161064851277267962e+03	2.541769777279988540e-01	1.631972888847667835e-01	2.489552633564340312e-01	1.535588429210621719e-01	7.301108468186209843e-02	2.990519946328527509e-02	7.719534296441879495e-02
1.175578161918233945e+03	2.520942134389968503e-01	1.618171115570927743e-01	2.503038637341716277e-01	1.544853965450846411e-01	7.337831835573248307e-02	3.014518078107093768e-02	7.777591558767869839e-02
1.190091472559199701e+03	2.500471245820930499e-01	1.604596564412527349e-01	2.516280039839059457e-01	1.553962823487013423e-01	7.373977035987494544e-02	3.038223381918718144e-02	7.834692846481287887e-02
1.204604783200165684e+03	2.480350988100464560e-01	1.591245464382116115e-01	2.529281806781195630e-01	1.562917455313592996e-01	7.409554156262594671e-02	3.061637007769577035e-02	7.890851690176940714e-02
1.219118093841131440e+03	2.460575345077042897e-01	1.578114107028523450e-01	2.542048780129006480e-01	1.571720285021276919e-01	7.444573027208066518e-02	3.084760248007274025e-02	7.946081552208970888e-02
1.233631404482097196e+03	2.441138405900332708e-01	1.565198845428760199e-01	2.554585681987443513e-01	1.580373708578512171e-01	7.479043235468278705e-02	3.107594526642083049e-02	8.000395818921955671e-02
1.248144715123063179e+03	2.422034363047150529e-01	1.552496093191783333e-01	2.566897118374305564e-01	1.588880093639849500e-01	7.512974134581663910e-02	3.130141389331866225e-02	8.053807793538377002e-02
1.262658025764028707e+03	2.403257510391633989e-01	1.540002323476857837e-01	2.578987582853911609e-01	1.597241779381694260e-01	7.546374855301728191e-02	3.152402493988207266e-02	8.106330689651887467e-02
1.277171336404994690e+03	2.384802241318269567e-01	1.527714068026367056e-01	2.590861460039862729e-01	1.605461076365619910e-01	7.579254315236404194e-02	3.174379601964225084e-02	8.157977625280979361e-02
1.291684647045960673e+03	2.366663046876472110e-01	1.515627916212921866e-01	2.602523028971119312e-01	1.613540266429056291e-01	7.611621227857708061e-02	3.196074569787224484e-02	8.208761617442167369e-02
1.306197957686926657e+03	2.348834513975471550e-01	1.503740514100615766e-01	2.613976466365595108e-01	1.621481602602898864e-01	7.643484110929477104e-02	3.217489341401835734e-02	8.258695577205667215e-02
1.320711268327892412e+03	2.331311323618308617e-01	1.492048563520282645e-01	2.625225849755451479e-01	1.629287309055374722e-01	7.674851294397093404e-02	3.238625940891615845e-02	8.307792305199909744e-02
1.335224578968857941e+03	2.314088249173797129e-01	1.480548821158608752e-01	2.636275160508225190e-01	1.636959581061346036e-01	7.705730927779617934e-02	3.259486465649245185e-02	8.356064487534167751e-02
1.349737889609823924e+03	2.297160154685358446e-01	1.469238097660953979e-01	2.647128286737850944e-01	1.644500584996110570e-01	7.736130987101468015e-02	3.280073079967420202e-02	8.403524692111176420e-02
1.364251200250789907e+03	2.280521993215669507e-01	1.458113256747734510e-01	2.657789026109576569e-01	1.651912458352682300e-01	7.766059281397906522e-02	3.300388009024417951e-02	8.450185365303854168e-02
1.378764510891755890e+03	2.264168805226119130e-01	1.447171214344222245e-01	2.668261088542666082e-01	1.659197309781468288e-01	7.795523458825778795e-02	3.320433533240024077e-02	8.496058828972255506e-02
1.393277821532721646e+03	2.248095716990101134e-01	1.436408937723610002e-01	2.678548098814703682e-01	1.666357219151234081e-01	7.824531012408551811e-02	3.340211982979099381e-02	8.541157277798679115e-02
1.407791132173687402e+03	2.232297939039213919e-01	1.425823444663199546e-01	2.688653599071204603e-01	1.673394237630229375e-01	7.853089285442348133e-02	3.359725733581553353e-02	8.585492776920435054e-02
1.422304442814653157e+03	2.216770764641467495e-01	1.415411802613560088e-01	2.698581051244144935e-01	1.680310387786338455e-01	7.881205476587614667e-02	3.378977200698882882e-02	8.629077259841205771e-02
1.436817753455619140e+03	2.201509568310639764e-01	1.405171127880508741e-01	2.708333839382895958e-01	1.687107663705132432e-01	7.908886644669121946e-02	3.397968835918692421e-02	8.671922526603234593e-02
1.451331064096585123e+03	2.186509804345953545e-01	1.395098584819764176e-01	2.717915271900961938e-01	1.693788031124724147e-01	7.936139713205207780e-02	3.416703122659835168e-02	8.714040242203734132e-02
1.465844374737550879e+03	2.171767005401277484e-01	1.385191385044122481e-01	2.727328583741799317e-01	1.700353427586334676e-01	7.962971474685587303e-02	3.435182572321895944e-02	8.755441935239992313e-02
1.480357685378516862e+03	2.157276781083078687e-01	1.375446786643003128e-01	2.736576938466881437e-01	1.706805762599526433e-01	7.989388594615520756e-02	3.453409720673802225e-02	8.796138996768591845e-02
1.494870996019482618e+03	2.143034816576393775e-01	1.365862093414215717e-01	2.745663430269074112e-01	1.713146917821080362e-01	8.015397615342786941e-02	3.471387124467293500e-02	8.836142679365090180e-02
1.509384306660448374e+03	2.129036871298100042e-01	1.356434654107793458e-01	2.754591085914271931e-01	1.719378747246533834e-01	8.041004959682633568e-02	3.489117358261875634e-02	8.875464096371314671e-02
1.523897617301414357e+03	2.115278777576800884e-01	1.347161861681745731e-01	2.763362866614139657e-01	1.725503077413434172e-01	8.066216934354700219e-02	3.506603011448746615e-02	8.914114221318171494e-02
1.538410927942380113e+03	2.101756439358664075e-01	1.338041152569569570e-01	2.771981669832704331e-01	1.731521707615401862e-01	8.091039733244888288e-02	3.523846685461932277e-02	8.952103887512613545e-02
1.552924238583346096e+03	2.088465830938568968e-01	1.329070005959378520e-01	2.780450331029425404e-01	1.737436410126134700e-01	8.115479440504100306e-02	3.540850991165622047e-02	8.989443787778039763e-02
1.567437549224311852e+03	2.075402995715947274e-01	1.320245943084488727e-01	2.788771625341292526e-01	1.743248930432526322e-01	8.139542033494934214e-02	3.557618546407361609e-02	9.026144474337999268e-02
1.581950859865277607e+03	2.062564044974720123e-01	1.311566526525314025e-01	2.796948269206376847e-01	1.748960987476108619e-01	8.163233385596546654e-02	3.574151973727404674e-02	9.062216358833700969e-02
1.596464170506243590e+03	2.049945156686751868e-01	1.303029359522418495e-01	2.804982921931188922e-01	1.754574273902072268e-01	8.186559268877134643e-02	3.590453898215104078e-02	9.097669712466292802e-02
1.610977481147209119e+03	2.037542574338266355e-01	1.294632085300574109e-01	2.812878187204092550e-01	1.760090456315147878e-01	8.209525356642782823e-02	3.606526945503799736e-02	9.132514666255454883e-02
1.625490791788175102e+03	2.025352605778683313e-01	1.286372386403674684e-01	2.820636614556928379e-01	1.765511175541678301e-01	8.232137225870798936e-02	3.622373739896146694e-02	9.166761211406253274e-02
1.640004102429141085e+03	2.013371622091353064e-01	1.278247984040354890e-01	2.828260700776931147e-01	1.770838046897239559e-01	8.254400359534999621e-02	3.637996902612351813e-02	9.200419199776707635e-02
1.654517413070107068e+03	2.001596056485685782e-01	1.270256637440166647e-01	2.835752891270922893e-01	1.776072660459207808e-01	8.276320148829918733e-02	3.653399050154196304e-02	9.233498344438897942e-02
1.669030723711072824e+03	1.990022403210184865e-01	1.262396143220163303e-01	2.843115581383691692e-01	1.781216581343701977e-01	8.297901895300359432e-02	3.668582792778180696e-02	9.266008220326882316e-02
1.683544034352038352e+03	1.978647216485909799e-01	1.254664334761741440e-01	2.850351117672391132e-01	1.786271349986362778e-01	8.319150812882271373e-02	3.683550733071512540e-02	9.297958264965017205e-02
1.698057344993004335e+03	1.967467109459908881e-01	1.247059081597600150e-01	2.857461799138701353e-01	1.791238482426459611e-01	8.340072029860462477e-02	3.698305464625017275e-02	9.329357779270670836e-02
1.712570655633970318e+03	1.956478753178181040e-01	1.239578288808665940e-01	2.864449878420451956e-01	1.796119470593851575e-01	8.360670590748289777e-02	3.712849570797423226e-02	9.360215928425640042e-02
1.727083966274936301e+03	1.945678875577726286e-01	1.232219896430840483e-01	2.871317562944292190e-01	1.800915782598349335e-01	8.380951458094089424e-02	3.727185623565777706e-02	9.390541742810903925e-02
1.741597276915902057e+03	1.935064260497274535e-01	1.224981878871428675e-01	2.878067016040980475e-01	1.805628863021055686e-01	8.400919514218768702e-02	3.741316182457073147e-02	9.420344118999618432e-02
1.756110587556867813e+03	1.924631746706278734e-01	1.217862244335103511e-01	2.884700358024742672e-01	1.810260133207291788e-01	8.420579562888648451e-02	3.755243793556434923e-02	9.449631820803598703e-02
1.770623898197833569e+03	1.914378226951785611e-01	1.210859034259266359e-01	2.891219667238136282e-01	1.814810991560732445e-01	8.439936330927397257e-02	3.768970988587499321e-02	9.478413480368755306e-02
1.785137208838799552e+03	1.904300647022789950e-01	1.203970322758662337e-01	2.897626981063759488e-01	1.819282813838407342e-01	8.458994469770574065e-02	3.782500284060861390e-02	9.506697599315230840e-02
1.799650519479765535e+03	1.894396004831713221e-01	1.197194216079114082e-01	2.903924296904120683e-01	1.823676953446235205e-01	8.477758556966097370e-02	3.795834180486708925e-02	9.534492549918220650e-02
1.814163830120731291e+03	1.884661349512631590e-01	1.190528852060233067e-01	2.910113573130890807e-01	1.827994741734795259e-01	8.496233097623694108e-02	3.808975161647979585e-02	9.561806576325683482e-02
1.828677140761696819e+03	1.875093780535909971e-01	1.183972399606975923e-01	2.916196730004743665e-01	1.832237488295040684e-01	8.514422525816178755e-02	3.821925693930587620e-02	9.588647795809394914e-02
1.843190451402663257e+03	1.865690446838897953e-01	1.177523058169908099e-01	2.922175650566916083e-01	1.836406481253697320e-01	8.532331205935241025e-02	3.834688225707465203e-02	9.615024200045960145e-02
1.857703762043628785e+03	1.856448545972352870e-01	1.171179057234042753e-01	2.928052181503579821e-01	1.840502987568093662e-01	8.549963434004190233e-02	3.847265186773343726e-02	9.640943656424638686e-02
1.872217072684594768e+03	1.847365323262267489e-01	1.164938655816124408e-01	2.933828133984063835e-01	1.844528253320195654e-01	8.567323438949973891e-02	3.859658987827380150e-02	9.666413909378994418e-02
1.886730383325560297e+03	1.838438070986789241e-01	1.158800141970224296e-01	2.939505284473934998e-01	1.848483504009628131e-01	8.584415383836628555e-02	3.871872020000882708e-02	9.691442581739584394e-02
1.901243693966526507e+03	1.829664127567919574e-01	1.152761832301519990e-01	2.945085375523884275e-01	1.852369944845488337e-01	8.601243367062157141e-02	3.883906654427566468e-02	9.716037176105023210e-02
1.915757004607492036e+03	1.821040876777698658e-01	1.146822071488131645e-01	2.950570116535336518e-01	1.856188761036762225e-01	8.617811423520700675e-02	3.895765241853890726e-02	9.740205076228991565e-02
1.930270315248458019e+03	1.812565746958581803e-01	1.140979231810889671e-01	2.955961184503662076e-01	1.859941118081176181e-01	8.634123525731765558e-02	3.907450112287176591e-02	9.763953548420831186e-02
1.944783625889424002e+03	1.804236210257727790e-01	1.135231712690907280e-01	2.961260224739823976e-01	1.863628162052325954e-01	8.650183584938135606e-02	3.918963574679338452e-02	9.787289742957550054e-02
1.959296936530389530e+03	1.796049781874916040e-01	1.129577940234836597e-01	2.966468851571265608e-01	1.867251019884934304e-01	8.665995452173978764e-02	3.930307916644158045e-02	9.810220695505214583e-02
1.973810247171355968e+03	1.788004019323828908e-01	1.124016366787687210e-01	2.971588649022808837e-01	1.870810799658107759e-01	8.681562919304594561e-02	3.941485404206179072e-02	9.832753328547778893e-02
1.988323557812321269e+03	1.780096521706435730e-01	1.118545470493086252e-01	2.976621171478290862e-01	1.874308590876466174e-01	8.696889720039129024e-02	3.952498281579378686e-02	9.854894452821585937e-02
2.002836868453287707e+03	1.772324929000218263e-01	1.113163754860862081e-01	2.981567944323654795e-01	1.877745464749032422e-01	8.711979530917500492e-02	3.963348770973875584e-02	9.876650768753833520e-02
2.017350179094252780e+03	1.764686921357991878e-01	1.107869748341835381e-01	2.986430464572156773e-01	1.881122474465782013e-01	8.726835972272713182e-02	3.974039072429058628e-02	9.898028867903452266e-02
2.031863489735218764e+03	1.757180218420076878e-01	1.102662003909700567e-01	2.991210201472342955e-01	1.884440655471754933e-01	8.741462609169659004e-02	3.984571363671558786e-02	9.919035234402917567e-02
2.046376800376184747e+03	1.749802578638579853e-01	1.097539098649886330e-01	2.995908597099409265e-01	1.887701025738646177e-01	8.755862952321423476e-02	3.994947799996622501e-02	9.939676246399620219e-02
2.060890111017150957e+03	1.742551798613557190e-01	1.092499633355281524e-01	3.000527066930541720e-01	1.890904586033799462e-01	8.770040458984060261e-02	4.005170514171493834e-02	9.959958177495528697e-02
2.075403421658116713e+03	1.735425712440827051e-01	1.087542232128715924e-01	3.005067000404795241e-01	1.894052320186530858e-01	8.783998533830764122e-02	4.015241616359489785e-02	9.979887198183938490e-02
2.089916732299082469e+03	1.728422191071214697e-01	1.082665541992086922e-01	3.009529761468063280e-01	1.897145195351722380e-01	8.797740529806248599e-02	4.025163194063546140e-02	9.999469377282217686e-02
2.104430042940048224e+03	1.721539141681010243e-01	1.077868232502024459e-01	3.013916689103652846e-01	1.900184162270630306e-01	8.811269748962172188e-02	4.034937312088044542e-02	1.001871068335948578e-01
2.118943353581013525e+03	1.714774507053428987e-01	1.073148995371989156e-01	3.018229097848964537e-01	1.903170155528859098e-01	8.824589443274334644e-02	4.044566012517825104e-02	1.003761698615830977e-01
2.133456664221980191e+03	1.708126264970865338e-01	1.068506544100696343e-01	3.022468278298754418e-01	1.906104093811454014e-01	8.837702815442359527e-02	4.054051314713334048e-02	1.005619405800949467e-01
2.147969974862945492e+03	1.701592427617741599e-01	1.063939613606765811e-01	3.026635497595440705e-01	1.908986880155079946e-01	8.850613019672530501e-02	4.063395215320909221e-02	1.007444757523917461e-01
2.162483285503912157e+03	1.695171040993750378e-01	1.059446959869494997e-01	3.030731999906884910e-01	1.911819402197249551e-01	8.863323162444403103e-02	4.072599688297270926e-02	1.009238311956742740e-01
2.176996596144877003e+03	1.688860184337298287e-01	1.055027359575653745e-01	3.034759006892075450e-01	1.914602532422578496e-01	8.875836303261794291e-02	4.081666684947331258e-02	1.011000617949771863e-01
2.191509906785843214e+03	1.682657969558964406e-01	1.050679609772204176e-01	3.038717718155113379e-01	1.917337128406039204e-01	8.888155455388685455e-02	4.090598133974474720e-02	1.012732215169653005e-01
2.206023217426809424e+03	1.676562540684783942e-01	1.046402527524846748e-01	3.042609311687891616e-01	1.920024033053198131e-01	8.900283586570588434e-02	4.099395941542519073e-02	1.014433634236259485e-01
2.220536528067775180e+03	1.670572073309180838e-01	1.042194949582298802e-01	3.046434944301826819e-01	1.922664074837420745e-01	8.912223619741861669e-02	4.108061991348607028e-02	1.016105396858516807e-01
2.235049838708740936e+03	1.664684774057367811e-01	1.038055732046208463e-01	3.050195752049018605e-01	1.925258068034034764e-01	8.923978433719439995e-02	4.116598144706311996e-02	1.017748015969086595e-01
2.249563149349706237e+03	1.658898880057043390e-01	1.033983750046613553e-01	3.053892850633159739e-01	1.927806812951443072e-01	8.935550863883430506e-02	4.125006240638284805e-02	1.019361995857860220e-01
2.264076459990672902e+03	1.653212658419217218e-01	1.029977897422852950e-01	3.057527335810534819e-01	1.930311096159183781e-01	8.946943702845003288e-02	4.133288095977805804e-02	1.020947832304222591e-01
2.278589770631638203e+03	1.647624405727993735e-01	1.026037086409839622e-01	3.061100283781419407e-01	1.932771690712935253e-01	8.958159701101946204e-02	4.141445505478635186e-02	1.022506012708046946e-01
2.293103081272604413e+03	1.642132447539153828e-01	1.022160247329608335e-01	3.064612751572180493e-01	1.935189356376470216e-01	8.969201567682297260e-02	4.149480241932594626e-02	1.024037016219390417e-01
2.307616391913570169e+03	1.636735137887378178e-01	1.018346328288048386e-01	3.068065777408375272e-01	1.937564839840561493e-01	8.980071970776390411e-02	4.157394056294334839e-02	1.025541313866856902e-01
2.322129702554535925e+03	1.631430858801951045e-01	1.014594294876737524e-01	3.071460381079109681e-01	1.939898874938848494e-01	8.990773538357656192e-02	4.165188677812778351e-02	1.027019368684602835e-01
2.336643013195502135e+03	1.626218019830793504e-01	1.010903129879790752e-01	3.074797564292947039e-01	1.942192182860673633e-01	9.001308858792510248e-02	4.172865814168758708e-02	1.028471635837961001e-01
2.351156323836467891e+03	1.621095057572679854e-01	1.007271832985642129e-01	3.078078311025608804e-01	1.944445472360899207e-01	9.011680481439623969e-02	4.180427151618389126e-02	1.029898562747662283e-01
2.365669634477433647e+03	1.616060435217485935e-01	1.003699420503675332e-01	3.081303587859713367e-01	1.946659439966720029e-01	9.021890917238885310e-02	4.187874355141733146e-02	1.031300589212637286e-01
2.380182945118399402e+03	1.611112642094328917e-01	1.000184925085624565e-01	3.084474344316804895e-01	1.948834770181487874e-01	9.031942639290307939e-02	4.195209068596363750e-02	1.032678147531380514e-01
2.394696255759364703e+03	1.606250193227456435e-01	9.967273954516650547e-02	3.087591513181883740e-01	1.950972135685561382e-01	9.041838083423174577e-02	4.202432914875424419e-02	1.034031662621867492e-01
2.409209566400331823e+03	1.601471628899745758e-01	9.933258961211141602e-02	3.090656010820669874e-01	1.953072197534207188e-01	9.051579648755644913e-02	4.209547496069827172e-02	1.035361552140009744e-01
2.423722877041296670e+03	1.596775514223683634e-01	9.899795071476685804e-02	3.093668737489804754e-01	1.955135605352563422e-01	9.061169698245093163e-02	4.216554393634230208e-02	1.036668226596641623e-01
2.438236187682262880e+03	1.592160438719684989e-01	9.866873238590984085e-02	3.096630577640198112e-01	1.957162997527695514e-01	9.070610559229386194e-02	4.223455168556480149e-02	1.037952089473030970e-01
2.452749498323228636e+03	1.587625015901629189e-01	9.834484566013267093e-02	3.099542400213715077e-01	1.959155001397762663e-01	9.079904523959332618e-02	4.230251361530198290e-02	1.039213537334908455e-01
2.467262808964194392e+03	1.583167882869481180e-01	9.802620304868188417e-02	3.102405058933390691e-01	1.961112233438319363e-01	9.089053850122502665e-02	4.236944493130222894e-02	1.040452959945012967e-01
2.481776119605160602e+03	1.578787699908875408e-01	9.771271851472111691e-02	3.105219392587355021e-01	1.963035299445778925e-01	9.098060761358635340e-02	4.243536063990621665e-02	1.041670740374149307e-01
2.496289430246126358e+03	1.574483150097537310e-01	9.740430744901061588e-02	3.107986225306643147e-01	1.964924794718062862e-01	9.106927447766824391e-02	4.250027554985023187e-02	1.042867255110761365e-01
2.510802740887092114e+03	1.570252938918424990e-01	9.710088664599660080e-02	3.110706366837058812e-01	1.966781304232463057e-01	9.115656066404637103e-02	4.256420427409008528e-02	1.044042874169018031e-01
2.525316051528057415e+03	1.566095793879471731e-01	9.680237428030338820e-02	3.113380612805254910e-01	1.968605402820745587e-01	9.124248741779397709e-02	4.262716123164334708e-02	1.045197961195416109e-01
2.539829362169024080e+03	1.562010464139814425e-01	9.650868988362179546e-02	3.116009744979183482e-01	1.970397655341522836e-01	9.132707566331757509e-02	4.268916064944765221e-02	1.046332873573904698e-01
2.554342672809989381e+03	1.557995720142392460e-01	9.621975432198678901e-02	3.118594531523075641e-01	1.972158616849922497e-01	9.141034600911736308e-02	4.275021656423299427e-02	1.047447962529533816e-01
2.568855983450955591e+03	1.554050353252809102e-01	9.593548977343821504e-02	3.121135727247085212e-01	1.973888832764585655e-01	9.149231875247394730e-02	4.281034282440607935e-02	1.048543573230633769e-01
2.583369294091921347e+03	1.550173175404344073e-01	9.565581970605784023e-02	3.123634073851745963e-01	1.975588839032019206e-01	9.157301388406281772e-02	4.286955309194474123e-02	1.049620044889533060e-01
2.597882604732887103e+03	1.546363018749009888e-01	9.538066885637672132e-02	3.126090300167374547e-01	1.977259162288335370e-01	9.165245109249811617e-02	4.292786084430081500e-02	1.050677710861819825e-01
2.612395915373853313e+03	1.542618735314549017e-01	9.510996320814624205e-02	3.128505122388550164e-01	1.978900320018410486e-01	9.173064976880694610e-02	4.298527937630969298e-02	1.051716898744158440e-01
2.626909226014819069e+03	1.538939196667264975e-01	9.484362997146709995e-02	3.130879244303795272e-01	1.980512820712489186e-01	9.180762901083577843e-02	4.304182180210509162e-02	1.052737930470667854e-01
2.641422536655784825e+03	1.535323293580591053e-01	9.458159756226994230e-02	3.133213357520590048e-01	1.982097164020269198e-01	9.188340762759007740e-02	4.309750105703743367e-02	1.053741122407872849e-01
2.655935847296750580e+03	1.531769935709292596e-01	9.432379558214180892e-02	3.135508141685819927e-01	1.983653840902496190e-01	9.195800414350864538e-02	4.315232989959454785e-02	1.054726785448238530e-01
2.670449157937716336e+03	1.528278051269208460e-01	9.407015479849263617e-02	3.137764264701792816e-01	1.985183333780100867e-01	9.203143680267365789e-02	4.320632091332338859e-02	1.055695225102298712e-01
2.684962468578682547e+03	1.524846586722433672e-01	9.382060712505592426e-02	3.139982382937916428e-01	1.986686116680907999e-01	9.210372357295763812e-02	4.325948650875143658e-02	1.056646741589390009e-01
2.699475779219648302e+03	1.521474506467851984e-01	9.357508560271801668e-02	3.142163141438155116e-01	1.988162655383952371e-01	9.217488215010875841e-02	4.331183892530669072e-02	1.057581629927004663e-01
2.713989089860614058e+03	1.518160792536921988e-01	9.333352438067049617e-02	3.144307174124365556e-01	1.989613407561429126e-01	9.224492996177516280e-02	4.336339023323521058e-02	1.058500180018773495e-01
2.728502400501579814e+03	1.514904444294631891e-01	9.309585869788009060e-02	3.146415103995611195e-01	1.991038822918315687e-01	9.231388417146968450e-02	4.341415233551506464e-02	1.059402676741092036e-01
2.743015711142545115e+03	1.511704478145527442e-01	9.286202486487099561e-02	3.148487543323551519e-01	1.992439343329689139e-01	9.238176168247599906e-02	4.346413696976578894e-02	1.060289400028404244e-01
2.757529021783511780e+03	1.508559927244731147e-01	9.263196024581385468e-02	3.150525093844001034e-01	1.993815402975779305e-01	9.244857914169699042e-02	4.351335571015242654e-02	1.061160624957155907e-01
2.772042332424477081e+03	1.505469841213863957e-01	9.240560324091690036e-02	3.152528346944750703e-01	1.995167428474783067e-01	9.251435294344664828e-02	4.356181996928336353e-02	1.062016621828433816e-01
2.786555643065443292e+03	1.502433285861785872e-01	9.218289326911341397e-02	3.154497883849732287e-01	1.996495839013473494e-01	9.257909923318613510e-02	4.360954100010104584e-02	1.062857656249302785e-01
2.801068953706408593e+03	1.499449342910074146e-01	9.196377075104116006e-02	3.156434275799623879e-01	1.997801046475635167e-01	9.264283391120507749e-02	4.365652989776493131e-02	1.063683989212855507e-01
2.815582264347374803e+03	1.496517109723154437e-01	9.174817709230832785e-02	3.158338084228963227e-01	1.999083455568356482e-01	9.270557263624917832e-02	4.370279760152594173e-02	1.064495877176992039e-01
2.830095574988341014e+03	1.493635699043010523e-01	9.153605466704142768e-02	3.160209860939862114e-01	2.000343463946210321e-01	9.276733082909466299e-02	4.374835489659177623e-02	1.065293572141939454e-01
2.844608885629306769e+03	1.490804238728387632e-01	9.132734680171038233e-02	3.162050148272394501e-01	2.001581462333353878e-01	9.282812367607067017e-02	4.379321241598242015e-02	1.066077321726531385e-01
2.859122196270272525e+03	1.488021871498417525e-01	9.112199775922590061e-02	3.163859479271729502e-01	2.002797834643578745e-01	9.288796613253039181e-02	4.383738064237538423e-02	1.066847369243259652e-01
2.873635506911238281e+03	1.485287754680589267e-01	9.091995272330484490e-02	3.165638377852094676e-01	2.003992958098339550e-01	9.294687292627172581e-02	4.388086990994004982e-02	1.067603953772112840e-01
2.888148817552204036e+03	1.482601059962988244e-01	9.072115778309870759e-02	3.167387358957624577e-01	2.005167203342794746e-01	9.300485856090823233e-02	4.392369040616067588e-02	1.068347310233219716e-01
2.902662128193170247e+03	1.479960973150732384e-01	9.052555991808107494e-02	3.169106928720175631e-01	2.006320934559887859e-01	9.306193731919119860e-02	4.396585217364758907e-02	1.069077669458309843e-01
2.917175438834136003e+03	1.477366693926535635e-01	9.033310698318944287e-02	3.170797584614170050e-01	2.007454509582497215e-01	9.311812326628361725e-02	4.400736511193614753e-02	1.069795258261009019e-01
2.931688749475101758e+03	1.474817435615327077e-01	9.014374769421718003e-02	3.172459815608535405e-01	2.008568280003688589e-01	9.317343025298673032e-02	4.404823897927308968e-02	1.070500299505983272e-01
2.946202060116067514e+03	1.472312424952853249e-01	8.995743161345155781e-02	3.174094102315795918e-01	2.009662591285092947e-01	9.322787191891987457e-02	4.408848339438988656e-02	1.071193012176948900e-01
2.960715370757033725e+03	1.469850901858201220e-01	8.977410913555328165e-02	3.175700917138391532e-01	2.010737782863445677e-01	9.328146169565446066e-02	4.412810783826275063e-02	1.071873611443561330e-01
2.975228681397999480e+03	1.467432119210173025e-01	8.959373147367385992e-02	3.177280724412269164e-01	2.011794188255309201e-01	9.333421280980253032e-02	4.416712165585905125e-02	1.072542308727199856e-01
2.989741992038964781e+03	1.465055342627443191e-01	8.941625064580656368e-02	3.178833980547812188e-01	2.012832135160014524e-01	9.338613828606089073e-02	4.420553405786976225e-02	1.073199311765663383e-01
3.004255302679930992e+03	1.462719850252443554e-01	8.924161946136703605e-02	3.180361134168167014e-01	2.013851945560841961e-01	9.343725095021122862e-02	4.424335412242781651e-02	1.073844824676792875e-01
3.018768613320896748e+03	1.460424932538899045e-01	8.906979150799973488e-02	3.181862626245012260e-01	2.014853935824474362e-01	9.348756343207698105e-02	4.428059079681196525e-02	1.074479048021033945e-01
3.033281923961862958e+03	1.458169892042964488e-01	8.890072113860626735e-02	3.183338890231835472e-01	2.015838416798749477e-01	9.353708816843760154e-02	4.431725289913610033e-02	1.075102178862957364e-01
3.047795234602828714e+03	1.455954043217894678e-01	8.873436345859200824e-02	3.184790352194761254e-01	2.016805693908736985e-01	9.358583740590072086e-02	4.435334912002367874e-02	1.075714410831750262e-01
3.062308545243794470e+03	1.453776712212189182e-01	8.857067431332719953e-02	3.186217430940981865e-01	2.017756067251167129e-01	9.363382320373300760e-02	4.438888802426722846e-02	1.076315934180694656e-01
3.076821855884760225e+03	1.451637236671153297e-01	8.840961027581892284e-02	3.187620538144848581e-01	2.018689831687239533e-01	9.368105743665024188e-02	4.442387805247267896e-02	1.076906935845647478e-01
3.091335166525725526e+03	1.449534965541816045e-01	8.825112863459039225e-02	3.189000078471659894e-01	2.019607276933836071e-01	9.372755179756711574e-02	4.445832752268841920e-02	1.077487599502536808e-01
3.105848477166692192e+03	1.447469258881149690e-01	8.809518738176405628e-02	3.190356449699198738e-01	2.020508687653165547e-01	9.377331780030752351e-02	4.449224463201893048e-02	1.078058105623889290e-01
3.120361787807657493e+03	1.445439487667533607e-01	8.794174520134498407e-02	3.191690042837071473e-01	2.021394343540863781e-01	9.381836678227568893e-02	4.452563745822297331e-02	1.078618631534403738e-01
3.134875098448624158e+03	1.443445033615408657e-01	8.779076145770133011e-02	3.193001242243877491e-01	2.022264519412575456e-01	9.386270990708885098e-02	4.455851396129611314e-02	1.079169351465584792e-01
3.149388409089589004e+03	1.441485288993067382e-01	8.764219618423826907e-02	3.194290425742268846e-01	2.023119485289043840e-01	9.390635816717207707e-02	4.459088198503759898e-02	1.079710436609450513e-01
3.163901719730555214e+03	1.439559656443523405e-01	8.749601007226237570e-02	3.195557964731932654e-01	2.023959506479729997e-01	9.394932238631556465e-02	4.462274925860152536e-02	1.080242055171329735e-01
3.178415030371521425e+03	1.437667548808417017e-01	8.735216446003310486e-02	3.196804224300539565e-01	2.024784843664987621e-01	9.399161322219513892e-02	4.465412339803218056e-02	1.080764372421762071e-01
3.192928341012487181e+03	1.435808388954894210e-01	8.721062132199822181e-02	3.198029563332702163e-01	2.025595752976817876e-01	9.403324116885641848e-02	4.468501190778357418e-02	1.081277550747514332e-01
3.207441651653452936e+03	1.433981609605418650e-01	8.707134325820999055e-02	3.199234334616975484e-01	2.026392486078226474e-01	9.407421655916313463e-02	4.471542218222312320e-02	1.081781749701728190e-01
3.221954962294418237e+03	1.432186653170458568e-01	8.693429348391928935e-02	3.200418884950946286e-01	2.027175290241206851e-01	9.411454956721009013e-02	4.474536150711946880e-02	1.082277126053211302e-01
3.236468272935384903e+03	1.430422971584007219e-01	8.679943581934435048e-02	3.201583555244443824e-01	2.027944408423371092e-01	9.415425021070142342e-02	4.477483706111440309e-02	1.082763833834888140e-01
3.250981583576350204e+03	1.428690026141883340e-01	8.666673467961133470e-02	3.202728680620908763e-01	2.028700079343254692e-01	9.419332835329431719e-02	4.480385591717894744e-02	1.083242024391419533e-01
3.265494894217316414e+03	1.426987287342768307e-01	8.653615506486396491e-02	3.203854590516957979e-01	2.029442537554312642e-01	9.423179370690906720e-02	4.483242504405354767e-02	1.083711846426008291e-01
3.280008204858282170e+03	1.425314234731930585e-01	8.640766255053887457e-02	3.204961608780177995e-01	2.030172013517633212e-01	9.426965583400565007e-02	4.486055130767244853e-02	1.084173446046402256e-01
3.294521515499247926e+03	1.423670356747595844e-01	8.628122327780451961e-02	3.206050053765182040e-01	2.030888733673387181e-01	9.430692414982741467e-02	4.488824147257224062e-02	1.084626966810107035e-01
3.309034826140214136e+03	1.422055150569913884e-01	8.615680394416035115e-02	3.207120238427967895e-01	2.031592920511036682e-01	9.434360792461231326e-02	4.491550220328464210e-02	1.085072549768822531e-01
