4.208860085880095880e+02	4.263503805791385437e-01	2.749453685117438373e-01	1.305215885519129260e-01	7.826514202649433039e-02	4.239681643532996341e-02	1.476973186117525212e-02	3.275097203403284224e-02
4.353993192289755143e+02	4.212966288797663772e-01	2.717142593396771888e-01	1.342032276986541151e-01	8.051206823972149873e-02	4.337968449447750924e-02	1.505562075284549474e-02	3.383851059468550443e-02
4.499126298699413837e+02	4.163310647966827482e-01	2.685370063486675063e-01	1.378122090434113767e-01	8.270205389255078088e-02	4.433504716248778260e-02	1.534845599059970166e-02	3.493416276542776755e-02
4.644259405109071963e+02	4.114520561375623053e-01	2.654126484441495237e-01	1.413491331173376553e-01	8.484010811680305075e-02	4.526437122853958772e-02	1.564741929373694024e-02	3.603426366169861644e-02
4.789392511518730657e+02	4.066580090382010959e-01	2.623402517714213400e-01	1.448148046084009322e-01	8.693041660987482766e-02	4.616900791369402124e-02	1.595175469223057002e-02	3.713575536600485782e-02
4.934525617928388783e+02	4.019473662331467523e-01	2.593189073198708394e-01	1.482101883496228234e-01	8.897648371651842303e-02	4.705020384179964960e-02	1.626076371794189096e-02	3.823608682092729388e-02
5.079658724338048046e+02	3.973186054929158106e-01	2.563477289009189475e-01	1.515363730279307430e-01	9.098125022836826836e-02	4.790911080159338670e-02	1.657380100446234628e-02	3.933313054363817007e-02
5.224791830747705035e+02	3.927702382047157936e-01	2.534258514364404746e-01	1.547945413054118424e-01	9.294719102895872276e-02	4.874679445348988754e-02	1.689027025584551034e-02	4.042511331496537880e-02
5.369924937157364866e+02	3.883008080772071269e-01	2.505524295051783090e-01	1.579859452653986363e-01	9.487639601158458225e-02	4.956424211267019403e-02	1.720962054900202626e-02	4.151055847878669380e-02
5.515058043567023560e+02	3.839088899528654286e-01	2.477266361035958819e-01	1.611118862792011996e-01	9.677063711574014626e-02	5.036236972157123043e-02	1.753134293845066277e-02	4.258823788840294250e-02
5.660191149976681118e+02	3.795930887140366861e-01	2.449476615850237349e-01	1.641736985417317496e-01	9.863142384489463621e-02	5.114202810919733083e-02	1.785496733553281964e-02	4.365713186941049678e-02
5.805324256386339812e+02	3.753520382708950831e-01	2.422147127471077355e-01	1.671727356509764562e-01	1.004600492272968854e-01	5.190400862136891613e-02	1.818005963717966508e-02	4.471639584500271963e-02
5.950457362795999643e+02	3.711844006212893787e-01	2.395270120426737093e-01	1.701103597116059851e-01	1.022576278484593204e-01	5.264904819471263181e-02	1.850621908193219797e-02	4.576533249915424456e-02
6.095590469205657200e+02	3.670888649739527110e-01	2.368837968933596994e-01	1.729879325305930249e-01	1.040251273074169619e-01	5.337783393756475453e-02	1.883307581320707580e-02	4.680336854373318145e-02
6.240723575615315895e+02	3.630641469278012567e-01	2.342843190888856675e-01	1.758068085455194718e-01	1.057633942192125198e-01	5.409100727274003539e-02	1.916028863181936867e-02	4.783003531384904389e-02
6.385856682024975726e+02	3.591089877010967824e-01	2.317278442577482556e-01	1.785683291868065126e-01	1.074731756953688500e-01	5.478916769009069959e-02	1.948754292155477352e-02	4.884495254716147983e-02
6.530989788434633283e+02	3.552221534051345775e-01	2.292136513975509826e-01	1.812738184254525098e-01	1.091551370757695427e-01	5.547287615075857659e-02	1.981454873316041559e-02	4.984781481200074860e-02
6.676122894844290840e+02	3.514024343578624476e-01	2.267410324551898115e-01	1.839245792997417639e-01	1.108098765538916841e-01	5.614265817985255452e-02	2.014103901352194345e-02	5.083838013976711007e-02
6.821256001253949535e+02	3.476486444334659920e-01	2.243092919487812975e-01	1.865218912492207226e-01	1.124379372281658213e-01	5.679900667983276558e-02	2.046676796803865647e-02	5.181646049232203205e-02
6.966389107663608229e+02	3.439596204444877459e-01	2.219177466246043395e-01	1.890670081132115599e-01	1.140398170215947277e-01	5.744238449304366056e-02	2.079150954531743326e-02	5.278191375756779991e-02
7.111522214073266923e+02	3.403342215534979065e-01	2.195657251434735835e-01	1.915611566752414008e-01	1.156159768365018908e-01	5.807322673851733619e-02	2.111505603429727693e-02	5.373463701829785111e-02
7.256655320482924481e+02	3.367713287117174992e-01	2.172525677919149023e-01	1.940055356548189558e-01	1.171668472487948226e-01	5.869194294529007927e-02	2.143721676480395827e-02	5.467456088248697638e-02
7.401788426892584312e+02	3.332698441223189700e-01	2.149776262143024419e-01	1.964013150646810590e-01	1.186928339942504712e-01	5.929891900197317711e-02	2.175781690333085036e-02	5.560164469897012351e-02
7.546921533302243006e+02	3.298286907264078027e-01	2.127402631627713370e-01	1.987496358655179707e-01	1.201943224562603413e-01	5.989451894013926581e-02	2.207669633655868352e-02	5.651587251217171648e-02
7.692054639711900563e+02	3.264468117099232347e-01	2.105398522622633217e-01	2.010516098617451397e-01	1.216716813287189725e-01	6.047908656718120612e-02	2.239370863577250931e-02	5.741724963422267097e-02
7.837187746121558121e+02	3.231231700299023180e-01	2.083757777885121842e-01	2.033083197915090401e-01	1.231252655980583227e-01	6.105294696263314363e-02	2.270872009591726887e-02	5.830579973329479138e-02
7.982320852531219089e+02	3.198567479587215434e-01	2.062474344571488261e-01	2.055208195721212605e-01	1.245554189637938791e-01	6.161640785047926838e-02	2.302160884356055717e-02	5.918156235400177934e-02
8.127453958940876646e+02	3.166465466450838484e-01	2.041542272224150800e-01	2.076901346687819172e-01	1.259624757964987740e-01	6.216976085868705648e-02	2.333226400850878582e-02	6.004459079985156877e-02
8.272587065350534203e+02	3.134915856906465015e-01	2.020955710842317621e-01	2.098172625600004115e-01	1.273467627151511350e-01	6.271328267606493534e-02	2.364058495425641615e-02	6.089495031947585180e-02
8.417720171760191761e+02	3.103909027412968813e-01	2.000708909025777915e-01	2.119031732777416632e-01	1.287085998517147889e-01	6.324723611553847991e-02	2.394648056284176887e-02	6.173271654811565701e-02
8.562853278169851592e+02	3.073435530921826975e-01	1.980796212183138783e-01	2.139488100041704310e-01	1.300483018591272466e-01	6.377187109204762727e-02	2.424986857004115051e-02	6.255797416394395793e-02
8.707986384579510286e+02	3.043486093056870789e-01	1.961212060797293266e-01	2.159550897100668554e-01	1.313661787091714162e-01	6.428742552247487807e-02	2.455067494715980694e-02	6.337081572553762698e-02
8.853119490989170117e+02	3.014051608416122852e-01	1.941950988742109641e-01	2.179229038226500048e-01	1.326625363186648143e-01	6.479412615430879541e-02	2.484883332597579222e-02	6.417134066240431922e-02
8.998252597398827675e+02	2.985123136989034642e-01	1.923007621645330956e-01	2.198531189127633234e-01	1.339376770357265933e-01	6.529218932911712292e-02	2.514428446366508835e-02	6.495965439511822148e-02
9.143385703808486369e+02	2.956691900682993368e-01	1.904376675293497634e-01	2.217465773932192352e-01	1.351919000123513737e-01	6.578182168634039151e-02	2.543697574478494261e-02	6.573586756548181753e-02
9.288518810218145063e+02	2.928749279953486440e-01	1.886052954075388977e-01	2.236040982216343787e-01	1.364255014849302394e-01	6.626322081241174666e-02	2.572686071761993987e-02	6.650009536034304225e-02
9.433651916627801484e+02	2.901286810532756610e-01	1.868031349461042878e-01	2.254264776023622574e-01	1.376387749805574046e-01	6.673657583975568797e-02	2.601389866240394477e-02	6.725245691536761716e-02
9.578785023037459041e+02	2.874296180252193245e-01	1.850306838513881003e-01	2.272144896831890248e-01	1.388320114638099401e-01	6.720206799980989187e-02	2.629805418912204568e-02	6.799307478728838783e-02
9.723918129447120009e+02	2.847769225954048244e-01	1.832874482433853036e-01	2.289688872433381928e-01	1.400054994360774574e-01	6.765987113384752671e-02	2.657929686277217887e-02	6.872207448500122773e-02
9.869051235856777566e+02	2.821697930488396566e-01	1.815729425129826158e-01	2.306904023700592221e-01	1.411595249973569832e-01	6.811015216504515135e-02	2.685760085412694162e-02	6.943958405141610613e-02
1.001418434226643626e+03	2.796074419791555465e-01	1.798866891819720093e-01	2.323797471216805521e-01	1.422943718786398304e-01	6.855307153494176464e-02	2.713294461418432404e-02	7.014573368925261510e-02
1.015931744867609382e+03	2.770890960042426965e-01	1.782282187657092953e-01	2.340376141755073636e-01	1.434103214515352054e-01	6.898878360716315106e-02	2.740531057063199868e-02	7.084065542503685531e-02
1.030445055508575479e+03	2.746139954893464519e-01	1.765970696383073746e-01	2.356646774593581239e-01	1.445076527205537142e-01	6.941743704103962853e-02	2.767468484477503612e-02	7.152448280644616019e-02
1.044958366149541234e+03	2.721813942773192441e-01	1.749927879002675657e-01	2.372615927658747181e-01	1.455866423024601564e-01	6.983917513752217754e-02	2.794105698749221878e-02	7.219735062889032218e-02
1.059471676790506763e+03	2.697905594257384854e-01	1.734149272484654947e-01	2.388289983490219648e-01	1.466475643962713848e-01	7.025413615959892610e-02	2.820441973289225523e-02	7.285939468783786399e-02
1.073984987431472746e+03	2.674407709506200770e-01	1.718630488484174934e-01	2.403675155024211085e-01	1.476906907467856189e-01	7.066245362922972395e-02	2.846476876843910195e-02	7.351075155391323390e-02
1.088498298072438729e+03	2.651313215764733444e-01	1.703367212087620042e-01	2.418777491193508378e-01	1.487162906039618537e-01	7.106425660264836797e-02	2.872210252040572134e-02	7.415155836822419355e-02
1.103011608713404712e+03	2.628615164924577030e-01	1.688355200578976201e-01	2.433602882344014229e-01	1.497246306800003590e-01	7.145966992572899690e-02	2.897642195359900058e-02	7.478195265574126560e-02
1.117524919354370468e+03	2.606306731144149569e-01	1.673590282227245818e-01	2.448157065468910820e-01	1.507159751055918429e-01	7.184881447097368756e-02	2.922773038437518831e-02	7.540207215485501824e-02
1.132038229995336451e+03	2.584381208525653451e-01	1.659068355094416025e-01	2.462445629262530467e-01	1.516905853864866371e-01	7.223180735755067861e-02	2.947603330603634428e-02	7.601205466149262013e-02
1.146551540636302207e+03	2.562832008846656628e-01	1.644785385863534177e-01	2.476474018996798754e-01	1.526487203612778287e-01	7.260876215569617154e-02	2.972133822576363688e-02	7.661203788638966394e-02
1.161064851277267962e+03	2.541652659344378340e-01	1.630737408686484258e-01	2.490247541223744587e-01	1.535906361610805404e-01	7.297978907668629944e-02	2.996365451230398672e-02	7.720215932429469463e-02
1.175578161918233945e+03	2.520836800550898538e-01	1.616920524051073949e-01	2.503771368308037037e-01	1.545165861716180089e-01	7.334499514948841781e-02	3.020299325368250645e-02	7.778255613403636803e-02
1.190091472559199701e+03	2.500378184177561858e-01	1.603330897667073762e-01	2.517050542793880519e-01	1.554268209980848303e-01	7.370448438511165157e-02	3.043936712426490235e-02	7.835336502851324159e-02
1.204604783200165684e+03	2.480270671046963804e-01	1.589964759370862402e-01	2.530089981610864069e-01	1.563215884330446115e-01	7.405835792959505892e-02	3.067279026054195099e-02	7.891472217377562548e-02
1.219118093841131440e+03	2.460508229070968444e-01	1.576818402048351386e-01	2.542894480123534251e-01	1.572011334275285055e-01	7.440671420649695722e-02	3.090327814505246240e-02	7.946676309646293068e-02
1.233631404482097196e+03	2.441084931273300451e-01	1.563888180575872533e-01	2.555468716029600240e-01	1.580656980654271127e-01	7.474964904968008084e-02	3.113084749790210465e-02	8.000962259893963646e-02
1.248144715123063179e+03	2.421994953855305943e-01	1.551170510778726308e-01	2.567817253111722153e-01	1.589155215412102751e-01	7.508725582712488800e-02	3.135551617537357671e-02	8.054343468154198660e-02
1.262658025764028707e+03	2.403232574303558189e-01	1.538661868407096012e-01	2.579944544847877497e-01	1.597508401409637180e-01	7.541962555644472765e-02	3.157730307515867890e-02	8.106833247140583787e-02
1.277171336404994690e+03	2.384792169538035578e-01	1.526358788129039135e-01	2.591854937885262333e-01	1.605718872266946040e-01	7.574684701272452192e-02	3.179622804777554324e-02	8.158444815739775147e-02
1.291684647045960673e+03	2.366668214099663659e-01	1.514257862540282495e-01	2.603552675382657111e-01	1.613788932238311158e-01	7.606900682925506196e-02	3.201231181376447410e-02	8.209191293071517459e-02
1.306197957686926657e+03	2.348855278376063005e-01	1.502355741190545546e-01	2.615041900226109384e-01	1.621720856118193665e-01	7.638618959169095335e-02	3.222557588628375408e-02	8.259085693076018142e-02
1.320711268327892412e+03	2.331348026864399625e-01	1.490649129626123170e-01	2.626326658122706270e-01	1.629516889177062278e-01	7.669847792611854398e-02	3.243604249875313428e-02	8.308140919592520157e-02
1.335224578968857941e+03	2.314141216470277096e-01	1.479134788448469850e-01	2.637410900577091266e-01	1.637179247125844228e-01	7.700595258148301703e-02	3.264373453721628598e-02	8.356369761895841852e-02
1.349737889609823924e+03	2.297229694841662340e-01	1.467809532388527627e-01	2.648298487755287867e-01	1.644710116107701292e-01	7.730869250678844284e-02	3.284867547711642355e-02	8.403784890660320750e-02
1.364251200250789907e+03	2.280608398736872766e-01	1.456670229396541671e-01	2.658993191240258125e-01	1.652111652715770596e-01	7.760677492345299799e-02	3.305088932419968789e-02	8.450398854322896391e-02
1.378764510891755890e+03	2.264272352425694135e-01	1.445713799747120887e-01	2.669498696683500483e-01	1.659385984035502137e-01	7.790027539317211092e-02	3.325040055928039917e-02	8.496224075819167054e-02
1.393277821532721646e+03	2.248216666122742347e-01	1.434937215159292900e-01	2.679818606356852428e-01	1.666535207710208855e-01	7.818926788161505159e-02	3.344723408662009928e-02	8.541272849668117562e-02
1.407791132173687402e+03	2.232436534452206245e-01	1.424337497931313090e-01	2.689956441608540860e-01	1.673561392028463657e-01	7.847382481825566913e-02	3.364141518568895123e-02	8.585557339382897390e-02
1.422304442814653157e+03	2.216927234943153469e-01	1.413911720089995327e-01	2.699915645227376482e-01	1.680466576031992565e-01	7.875401715261508284e-02	3.383296946609362643e-02	8.629089575186550676e-02
1.436817753455619140e+03	2.201684126554611654e-01	1.403657002554321853e-01	2.709699583718851446e-01	1.687252769642745842e-01	7.902991440717280214e-02	3.402192282547007729e-02	8.671881452012999980e-02
1.451331064096585123e+03	2.186702648229656154e-01	1.393570514313107189e-01	2.719311549496776781e-01	1.693921953807869529e-01	7.930158472718358553e-02	3.420830141015304693e-02	8.713944727774831922e-02
1.465844374737550879e+03	2.171978317477782361e-01	1.383649471616486548e-01	2.728754762993939598e-01	1.700476080661334766e-01	7.956909492761891911e-02	3.439213157844657476e-02	8.755291021880615143e-02
1.480357685378516862e+03	2.157506728984850686e-01	1.373891137181001421e-01	2.738032374695151816e-01	1.706917073701028909e-01	7.983251053743602166e-02	3.457343986633130972e-02	8.795931813985537195e-02
1.494870996019482618e+03	2.143283553249931694e-01	1.364292819408065571e-01	2.747147467095911177e-01	1.713246827980167142e-01	8.009189584136165718e-02	3.475225295545530252e-02	8.835878442960148904e-02
1.509384306660448374e+03	2.129304535248391916e-01	1.354851871615588843e-01	2.756103056589780387e-01	1.719467210311920458e-01	8.034731391936407452e-02	3.492859764326484984e-02	8.875142106062899883e-02
1.523897617301414357e+03	2.115565493120592500e-01	1.345565691282544496e-01	2.764902095287460893e-01	1.725580059486214179e-01	8.059882668397332084e-02	3.510250081514140058e-02	8.913733858303014845e-02
1.538410927942380113e+03	2.102062316885590365e-01	1.336431719306269417e-01	2.773547472770422351e-01	1.731587186497695052e-01	8.084649491559854628e-02	3.527398941841917296e-02	8.951664611981056952e-02
1.552924238583346096e+03	2.088790967179253721e-01	1.327447439272283758e-01	2.782042017781820031e-01	1.737490374783920988e-01	8.109037829597946778e-02	3.544309043816629146e-02	8.988945136395241897e-02
1.567437549224311852e+03	2.075747474016222949e-01	1.318610376736429335e-01	2.790388499857325844e-01	1.743291380472863361e-01	8.133053543989923750e-02	3.560983087461971203e-02	9.025586057702288112e-02
1.581950859865277607e+03	2.062927935575170624e-01	1.309918098519116947e-01	2.798589630898399849e-01	1.748991932638873648e-01	8.156702392527651058e-02	3.577423772217133702e-02	9.061597858922207371e-02
1.596464170506243590e+03	2.050328517006823337e-01	1.301368212011487502e-01	2.806648066690392573e-01	1.754593733566301439e-01	8.179990032174563885e-02	3.593633794980923696e-02	9.096990880077070185e-02
1.610977481147209119e+03	2.037945449264238484e-01	1.292958364493285717e-01	2.814566408367799033e-01	1.760098459019997785e-01	8.202922021782639572e-02	3.609615848292405116e-02	9.131775318454347923e-02
1.625490791788175102e+03	2.025775027954831997e-01	1.284686242462254602e-01	2.822347203828864393e-01	1.765507758521985826e-01	8.225503824677640741e-02	3.625372618639625955e-02	9.165961228985967935e-02
1.640004102429141085e+03	2.013813612213678772e-01	1.276549570974856163e-01	2.829992949101650113e-01	1.770823255633611204e-01	8.247740811121376248e-02	3.640906784888545134e-02	9.199558524734720300e-02
1.654517413070107068e+03	2.002057623597618963e-01	1.268546112998131525e-01	2.837506089663585640e-01	1.776046548242536660e-01	8.269638260658961071e-02	3.656221016824767051e-02	9.232576977480148883e-02
1.669030723711072824e+03	1.990503544999712160e-01	1.260673668772515077e-01	2.844889021716431321e-01	1.781179208853975182e-01	8.291201364358610770e-02	3.671317973801156015e-02	9.265026218396502089e-02
1.683544034352038352e+03	1.979147919583607029e-01	1.252930075185415548e-01	2.852144093418504389e-01	1.786222784885593551e-01	8.312435226950842804e-02	3.686200303484822582e-02	9.296915738815735020e-02
1.698057344993004335e+03	1.967987349737396197e-01	1.245313205155389596e-01	2.859273606075926621e-01	1.791178798965553653e-01	8.333344868873550360e-02	3.700870640697408176e-02	9.328254891068984977e-02
1.712570655633970318e+03	1.957018496046543932e-01	1.237820967026725116e-01	2.866279815294583977e-01	1.796048749233194186e-01	8.353935228228902277e-02	3.715331606342948262e-02	9.359052889400286401e-02
1.727083966274936301e+03	1.946238076285482510e-01	1.230451303974261501e-01	2.873164932094410817e-01	1.800834109641881453e-01	8.374211162657607677e-02	3.729585806417955868e-02	9.389318810946678528e-02
1.741597276915902057e+03	1.935642864427492837e-01	1.223202193418276296e-01	2.879931123987536923e-01	1.805536330263592393e-01	8.394177451135709234e-02	3.743635831098696132e-02	9.419061596779211565e-02
1.756110587556867813e+03	1.925229689672482980e-01	1.216071646449266158e-01	2.886580516021770570e-01	1.810156837594819323e-01	8.413838795698659612e-02	3.757484253900946619e-02	9.448290052999611111e-02
1.770623898197833569e+03	1.914995435492299891e-01	1.209057707262457676e-01	2.893115191790819329e-01	1.814697034863412828e-01	8.433199823097144165e-02	3.771133630907797657e-02	9.477012851887763045e-02
1.785137208838799552e+03	1.904937038693216289e-01	1.202158452601882616e-01	2.899537194412601937e-01	1.819158302336006394e-01	8.452265086388781323e-02	3.784586500061357106e-02	9.505238533095392017e-02
1.799650519479765535e+03	1.895051488495239911e-01	1.195371991213856899e-01	2.905848527476920795e-01	1.823541997625685862e-01	8.471039066469521206e-02	3.797845380514433544e-02	9.532975504881613382e-02
1.814163830120731291e+03	1.885335825627910411e-01	1.188696463309704410e-01	2.912051155963731319e-01	1.827849455999595030e-01	8.489526173548347932e-02	3.810912772038550084e-02	9.560232045386297950e-02
1.828677140761696819e+03	1.875787141442248340e-01	1.182130040037569774e-01	2.918147007133169990e-01	1.832081990686190986e-01	8.507730748568576029e-02	3.823791154484835336e-02	9.587016303937402617e-02
1.843190451402663257e+03	1.866402577038539790e-01	1.175670922963165110e-01	2.924137971388471313e-01	1.836240893181871892e-01	8.525657064578857913e-02	3.836482987294558000e-02	9.613336302388705845e-02
1.857703762043628785e+03	1.857179322409635291e-01	1.169317343559302252e-01	2.930025903112827290e-01	1.840327433556737668e-01	8.543309328056770957e-02	3.848990709056263060e-02	9.639199936484550701e-02
1.872217072684594768e+03	1.848114615599465160e-01	1.163067562704058061e-01	2.935812621481216911e-01	1.844342860759243530e-01	8.560691680187675068e-02	3.861316737106657015e-02	9.664614977248441041e-02
1.886730383325560297e+03	1.839205741876468181e-01	1.156919870187429755e-01	2.941499911248184329e-01	1.848288402919539553e-01	8.577808198101334602e-02	3.873463467172547081e-02	9.689589072392505720e-02
1.901243693966526507e+03	1.830450032921644432e-01	1.150872584226334955e-01	2.947089523512485543e-01	1.852165267651292857e-01	8.594662896068641644e-02	3.885433273051312753e-02	9.714129747745064991e-02
1.915757004607492036e+03	1.821844866030949694e-01	1.144924050987814884e-01	2.952583176459502856e-01	1.855974642351811976e-01	8.611259726660597247e-02	3.897228506327534564e-02	9.738244408693669252e-02
1.930270315248458019e+03	1.813387663331751110e-01	1.139072644120301819e-01	2.957982556082269787e-01	1.859717694500304108e-01	8.627602581871603171e-02	3.908851496123542241e-02	9.761940341641178742e-02
1.944783625889424002e+03	1.805075891013080691e-01	1.133316764292814222e-01	2.963289316881921320e-01	1.863395571954113983e-01	8.643695294208919577e-02	3.920304548881783924e-02	9.785224715472590207e-02
1.959296936530389530e+03	1.796907058569415516e-01	1.127654838741944804e-01	2.968505082548341667e-01	1.867009403242797794e-01	8.659541637750092780e-02	3.931589948177034027e-02	9.808104583030465007e-02
1.973810247171355968e+03	1.788878718057733408e-01	1.122085320826508165e-01	2.973631446621761154e-01	1.870560297859903687e-01	8.675145329169965669e-02	3.942709954556587043e-02	9.830586882596974163e-02
1.988323557812321269e+03	1.780988463367589869e-01	1.116606689589720591e-01	2.978669973135987248e-01	1.874049346552344730e-01	8.690510028738822335e-02	3.953666805406672730e-02	9.852678439380672948e-02
2.002836868453287707e+03	1.773233929503968964e-01	1.111217449328780194e-01	2.983622197243975260e-01	1.877477621607248903e-01	8.705639341293121281e-02	3.964462714843455110e-02	9.874385967006282794e-02
2.017350179094252780e+03	1.765612791882675281e-01	1.105916129171725243e-01	2.988489625826362128e-01	1.880846177136193953e-01	8.720536817180128686e-02	3.975099873627063046e-02	9.895716069005831839e-02
2.031863489735218764e+03	1.758122765638022167e-01	1.100701282661444708e-01	2.993273738083594426e-01	1.884156049356738027e-01	8.735205953177745120e-02	3.985580449097182038e-02	9.916675240309666406e-02
2.046376800376184747e+03	1.750761604942595306e-01	1.095571487346720663e-01	2.997975986112237368e-01	1.887408256871163648e-01	8.749650193390670627e-02	3.995906585128841670e-02	9.937269868735901235e-02
2.060890111017150957e+03	1.743527102338864876e-01	1.090525344380181283e-01	3.002597795466031561e-01	1.890603800942365631e-01	8.763872930124029514e-02	4.006080402107095595e-02	9.957506236477019212e-02
2.075403421658116713e+03	1.736417088082427007e-01	1.085561478123049928e-01	3.007140565702233204e-01	1.893743665766821904e-01	8.777877504735483172e-02	4.016103996919376251e-02	9.977390521582397975e-02
2.089916732299082469e+03	1.729429429496657789e-01	1.080678535756570552e-01	3.011605670913765076e-01	1.896828818744585310e-01	8.791667208466788508e-02	4.025979442964380817e-02	9.996928799435625401e-02
2.104430042940048224e+03	1.722562030338574413e-01	1.075875186900000641e-01	3.015994460247661824e-01	1.899860210746251443e-01	8.805245283255719313e-02	4.035708790176394112e-02	1.001612704422558120e-01
2.118943353581013525e+03	1.715812830175696413e-01	1.071150123235055235e-01	3.020308258410292490e-01	1.902838776376859498e-01	8.818614922529188771e-02	4.045294065064034689e-02	1.003499113041031732e-01
2.133456664221980191e+03	1.709179803773702988e-01	1.066502058136696157e-01	3.024548366159805490e-01	1.905765434236685874e-01	8.831779271978387746e-02	4.054737270762465845e-02	1.005352683417281845e-01
2.147969974862945492e+03	1.702660960494696563e-01	1.061929726310155975e-01	3.028716060786233455e-01	1.908641087178902795e-01	8.844741430316660491e-02	4.064040387098159790e-02	1.007173983486786689e-01
2.162483285503912157e+03	1.696254343705873024e-01	1.057431883434091363e-01	3.032812596579676501e-01	1.911466622564074180e-01	8.857504450020853293e-02	4.073205370665367725e-02	1.008963571645921098e-01
2.176996596144877003e+03	1.689958030198413785e-01	1.053007305809762345e-01	3.036839205286950838e-01	1.914242912511466554e-01	8.870071338056764731e-02	4.082234154913485374e-02	1.010721996894639457e-01
2.191509906785843214e+03	1.683770129616417310e-01	1.048654790016133459e-01	3.040797096557098511e-01	1.916970814147161972e-01	8.882445056589345633e-02	4.091128650244558324e-02	1.012449798978055926e-01
2.206023217426809424e+03	1.677688783895681934e-01	1.044373152570797769e-01	3.044687458376110212e-01	1.919651169848956285e-01	8.894628523678213550e-02	4.099890744120218006e-02	1.014147508526868080e-01
2.220536528067775180e+03	1.671712166712171488e-01	1.040161229596622411e-01	3.048511457491216436e-01	1.922284807488036373e-01	8.906624613959042425e-02	4.108522301177367636e-02	1.015815647196569582e-01
2.235049838708740936e+03	1.665838482939984155e-01	1.036017876494020468e-01	3.052270239825082276e-01	1.924872540667432463e-01	8.918436159311349254e-02	4.117025163351990119e-02	1.017454727805403719e-01
2.249563149349706237e+03	1.660065968118658308e-01	1.031941967618752037e-01	3.055964930880225583e-01	1.927415168957243852e-01	8.930065949513152357e-02	4.125401150010469392e-02	1.019065254471014925e-01
2.264076459990672902e+03	1.654392887929645450e-01	1.027932395965161644e-01	3.059596636133967706e-01	1.929913478126638327e-01	8.941516732882967555e-02	4.133652058087878417e-02	1.020647722745759295e-01
2.278589770631638203e+03	1.648817537681789569e-01	1.023988072854758041e-01	3.063166441424209352e-01	1.932368240372633605e-01	8.952791216909590510e-02	4.141779662232687037e-02	1.022202619750638419e-01
2.293103081272604413e+03	1.643338241805651634e-01	1.020107927630046069e-01	3.066675413326321875e-01	1.934780214545664956e-01	8.963892068870057961e-02	4.149785714957397731e-02	1.023730424307826292e-01
2.307616391913570169e+03	1.637953353356522423e-01	1.016290907353522427e-01	3.070124599521418807e-01	1.937150146371951487e-01	8.974821916436176439e-02	4.157671946794632561e-02	1.025231607071760143e-01
2.322129702554535925e+03	1.632661253525971301e-01	1.012535976511745456e-01	3.073515029156269063e-01	1.939478768672674713e-01	8.985583348270001491e-02	4.165440066458228618e-02	1.026706630658772157e-01
2.336643013195502135e+03	1.627460351161776897e-01	1.008842116724393417e-01	3.076847713195111078e-01	1.941766801579981050e-01	8.996178914608601862e-02	4.173091761008929090e-02	1.028155949775239747e-01
2.351156323836467891e+03	1.622349082296095923e-01	1.005208326458228024e-01	3.080123644763598234e-01	1.944014952749827663e-01	9.006611127838426434e-02	4.180628696024257102e-02	1.029580011344236740e-01
2.365669634477433647e+03	1.617325909681720519e-01	1.001633620745877029e-01	3.083343799485113168e-01	1.946223917571690831e-01	9.016882463059616715e-02	4.188052515772223289e-02	1.030979254630669806e-01
2.380182945118399402e+03	1.612389322336286734e-01	9.981170309093555237e-02	3.086509135809670790e-01	1.948394379375154029e-01	9.026995358640527156e-02	4.195364843388496578e-02	1.032354111364885974e-01
2.394696255759364703e+03	1.607537835094289824e-01	9.946576042882455948e-02	3.089620595335627051e-01	1.950527009633403197e-01	9.036952216762751677e-02	4.202567281056723142e-02	1.033705005864741927e-01
2.409209566400331823e+03	1.602769988166774240e-01	9.912544039724544009e-02	3.092679103124395534e-01	1.952622468163646152e-01	9.046755403956913133e-02	4.209661410191668784e-02	1.035032355156126488e-01
2.423722877041296670e+03	1.598084346708558146e-01	9.879065085394730938e-02	3.095685568008368360e-01	1.954681403324487476e-01	9.056407251629491895e-02	4.216648791624900972e-02	1.036336569091928228e-01
2.438236187682262880e+03	1.593479500392867287e-01	9.846130117960597006e-02	3.098640882892240711e-01	1.956704452210279721e-01	9.065910056580880894e-02	4.223530965792732933e-02	1.037618050469445857e-01
2.452749498323228636e+03	1.588954062993244154e-01	9.813730225242713046e-02	3.101545925047907715e-01	1.958692240842480337e-01	9.075266081514965499e-02	4.230309452926167557e-02	1.038877195146238053e-01
2.467262808964194392e+03	1.584506671972606973e-01	9.781856642317716954e-02	3.104401556403124096e-01	1.960645384358042642e-01	9.084477555540383664e-02	4.236985753242594743e-02	1.040114392154411066e-01
2.481776119605160602e+03	1.580135988079334197e-01	9.750500749063421846e-02	3.107208623824089244e-01	1.962564487194869700e-01	9.093546674663713358e-02	4.243561347139018086e-02	1.041330023813345773e-01
2.496289430246126358e+03	1.575840694950252363e-01	9.719654067745216175e-02	3.109967959392120340e-01	1.964450143274358296e-01	9.102475602274769095e-02	4.250037695386586767e-02	1.042524465840865971e-01
2.510802740887092114e+03	1.571619498720407404e-01	9.689308260643089699e-02	3.112680380674572866e-01	1.966302936181069383e-01	9.111266469624203224e-02	4.256416239326237666e-02	1.043698087462850560e-01
2.525316051528057415e+03	1.567471127639501194e-01	9.659455127718576117e-02	3.115346690990168366e-01	1.968123439339547476e-01	9.119921376293582682e-02	4.262698401065242310e-02	1.044851251521295987e-01
2.539829362169024080e+03	1.563394331694877015e-01	9.630086604320933774e-02	3.117967679668857683e-01	1.969912216188330067e-01	9.128442390658127181e-02	4.268885583674495582e-02	1.045984314580832575e-01
2.554342672809989381e+03	1.559387882240943768e-01	9.601194758931907991e-02	3.120544122306381229e-01	1.971669820351171498e-01	9.136831550342258690e-02	4.274979171386360938e-02	1.047097627033704015e-01
2.568855983450955591e+03	1.555450571634922341e-01	9.572771790948403359e-02	3.123076781013649494e-01	1.973396795805517911e-01	9.145090862668142639e-02	4.280980529792920153e-02	1.048191533203217118e-01
2.583369294091921347e+03	1.551581212878810068e-01	9.544810028502442867e-02	3.125566404661080933e-01	1.975093677048265772e-01	9.153222305097348521e-02	4.286891006044482588e-02	1.049266371445669171e-01
2.597882604732887103e+03	1.547778639267452239e-01	9.517301926317765781e-02	3.128013729118023778e-01	1.976760989258836421e-01	9.161227825665790858e-02	4.292711929048201314e-02	1.050322474250764693e-01
2.612395915373853313e+03	1.544041704042617424e-01	9.490240063602450871e-02	3.130419477487384472e-01	1.978399248459598581e-01	9.169109343412081004e-02	4.298444609666671884e-02	1.051360168340531448e-01
2.626909226014819069e+03	1.540369280052970580e-01	9.463617141976943259e-02	3.132784360335580387e-01	1.980008961673676848e-01	9.176868748799436870e-02	4.304090340916394419e-02	1.052379774766746823e-01
2.641422536655784825e+03	1.536760259419845120e-01	9.437425983436900645e-02	3.135109075917932309e-01	1.981590627080175304e-01	9.184507904131271327e-02	4.309650398165969232e-02	1.053381609006884545e-01
2.655935847296750580e+03	1.533213553208713220e-01	9.411659528350251047e-02	3.137394310399610475e-01	1.983144734166853163e-01	9.192028643960570289e-02	4.315126039333934405e-02	1.054365981058598967e-01
2.670449157937716336e+03	1.529728091106253574e-01	9.386310833487890304e-02	3.139640738072236315e-01	1.984671763880284101e-01	9.199432775493214531e-02	4.320518505086125977e-02	1.055333195532753982e-01
2.684962468578682547e+03	1.526302821102925311e-01	9.361373070087458670e-02	3.141849021566248124e-01	1.986172188773535907e-01	9.206722078985329905e-02	4.325829019032480932e-02	1.056283551745014482e-01
2.699475779219648302e+03	1.522936709180950643e-01	9.336839521949601151e-02	3.144019812059128949e-01	1.987646473151402360e-01	9.213898308134789439e-02	4.331058787923181691e-02	1.057217343806011872e-01
2.713989089860614058e+03	1.519628739007609086e-01	9.312703583566214749e-02	3.146153749479594919e-01	1.989095073213221487e-01	9.220963190466970050e-02	4.336209001844068545e-02	1.058134860710099323e-01
2.728502400501579814e+03	1.516377911633764730e-01	9.288958758280085881e-02	3.148251462707839510e-01	1.990518437193316004e-01	9.227918427714881799e-02	4.341280834411236078e-02	1.059036386422709669e-01
2.743015711142545115e+03	1.513183245197519400e-01	9.265598656475423911e-02	3.150313569771920341e-01	1.991917005499086180e-01	9.234765696193748818e-02	4.346275442964740027e-02	1.059922199966333162e-01
2.757529021783511780e+03	1.510043774632919555e-01	9.242616993798746794e-02	3.152340678040383981e-01	1.993291210846792616e-01	9.241506647170157074e-02	4.351193968761352809e-02	1.060792575505128399e-01
2.772042332424477081e+03	1.506958551383621170e-01	9.220007589409617843e-02	3.154333384411209251e-01	1.994641478395059175e-01	9.248142907225860576e-02	4.356037537166300433e-02	1.061647782428182529e-01
2.786555643065443292e+03	1.503926643121430151e-01	9.197764364260715975e-02	3.156292275497153965e-01	1.995968225876132152e-01	9.254676078616325130e-02	4.360807257843924561e-02	1.062488085431436829e-01
2.801068953706408593e+03	1.500947133469635875e-01	9.175881339406748161e-02	3.158217927807587810e-01	1.997271863724926211e-01	9.261107739624109547e-02	4.365504224947207995e-02	1.063313744598293059e-01
2.815582264347374803e+03	1.498019121731053727e-01	9.154352634341721140e-02	3.160110907926884649e-01	1.998552795205892074e-01	9.267439444907173141e-02	4.370129517306130251e-02	1.064125015478916692e-01
2.830095574988341014e+03	1.495141722620697555e-01	9.133172465364083892e-02	3.161971772689456395e-01	1.999811416537737863e-01	9.273672725842183051e-02	4.374684198614783165e-02	1.064922149168253118e-01
2.844608885629306769e+03	1.492314066003003203e-01	9.112335143969270412e-02	3.163801069351498407e-01	2.001048117016035743e-01	9.279809090862904675e-02	4.379169317617222223e-02	1.065705392382772926e-01
2.859122196270272525e+03	1.489535296633524020e-01	9.091835075269182054e-02	3.165599335759519128e-01	2.002263279133747742e-01	9.285850025793769558e-02	4.383585908292007838e-02	1.066474987535963037e-01
2.873635506911238281e+03	1.486804573905023130e-01	9.071666756438152845e-02	3.167367100515722234e-01	2.003457278699702082e-01	9.291796994178674884e-02	4.387934990035394917e-02	1.067231172812579953e-01
2.888148817552204036e+03	1.484121071597885588e-01	9.051824775184952321e-02	3.169104883140314577e-01	2.004630484955049752e-01	9.297651437605093661e-02	4.392217567843144377e-02	1.067974182241680503e-01
2.902662128193170247e+03	1.481483977634779625e-01	9.032303808250372046e-02	3.170813194230796550e-01	2.005783260687734881e-01	9.303414776023602450e-02	4.396434632490919814e-02	1.068704245768448968e-01
2.917175438834136003e+03	1.478892493839492617e-01	9.013098619929980904e-02	3.172492535618305909e-01	2.006915962345010851e-01	9.309088408062834996e-02	4.400587160713244350e-02	1.069421589324833360e-01
2.931688749475101758e+03	1.476345835699868214e-01	8.994204060621618924e-02	3.174143400521078906e-01	2.008028940144029328e-01	9.314673711339994944e-02	4.404676115380994073e-02	1.070126434899010964e-01
2.946202060116067514e+03	1.473843232134781078e-01	8.975615065397203607e-02	3.175766273695079245e-01	2.009122538180535267e-01	9.320172042766954046e-02	4.408702445677396137e-02	1.070819000603697169e-01
2.960715370757033725e+03	1.471383925265073167e-01	8.957326652598433803e-02	3.177361631581864798e-01	2.010197094535697560e-01	9.325584738852017719e-02	4.412667087272523908e-02	1.071499500743314515e-01
2.975228681397999480e+03	1.468967170188388849e-01	8.939333922456015047e-02	3.178929942453744273e-01	2.011252941381105053e-01	9.330913115997427343e-02	4.416570962496253749e-02	1.072168145880039031e-01
2.989741992038964781e+03	1.466592234757841395e-01	8.921632055731976152e-02	3.180471666556279331e-01	2.012290405081957612e-01	9.336158470792645103e-02	4.420414980509680680e-02	1.072825142898738843e-01
3.004255302679930992e+03	1.464258399364442853e-01	8.904216312384699572e-02	3.181987256248187124e-01	2.013309806298477500e-01	9.341322080303501862e-02	4.424200037474972091e-02	1.073470695070821573e-01
3.018768613320896748e+03	1.461964956723239839e-01	8.887082030256292231e-02	3.183477156138700415e-01	2.014311460085578542e-01	9.346405202357263575e-02	4.427927016723644943e-02	1.074105002117007601e-01
3.033281923961862958e+03	1.459711211663081432e-01	8.870224623781901296e-02	3.184941803222428036e-01	2.015295675990811386e-01	9.351409075823660655e-02	4.431596788923255342e-02	1.074728260269043473e-01
3.047795234602828714e+03	1.457496480919969195e-01	8.853639582720615464e-02	3.186381627011776740e-01	2.016262758150619838e-01	9.356334920891969109e-02	4.435210212242494954e-02	1.075340662330372538e-01
3.062308545243794470e+03	1.455320092933920229e-01	8.837322470907588157e-02	3.187797049666972193e-01	2.017213005384932978e-01	9.361183939344165650e-02	4.438768132514679665e-02	1.075942397735777656e-01
3.076821855884760225e+03	1.453181387649286338e-01	8.821268925027016261e-02	3.189188486123737953e-01	2.018146711290120798e-01	9.365957314824244206e-02	4.442271383399626350e-02	1.076533652610012909e-01
3.091335166525725526e+03	1.451079716318469659e-01	8.805474653405631624e-02	3.190556344218671847e-01	2.019064164330340860e-01	9.370656213103722987e-02	4.445720786543913561e-02	1.077114609825437636e-01
3.105848477166692192e+03	1.449014441308978385e-01	8.789935434826347260e-02	3.191901024812366927e-01	2.019965647927302044e-01	9.375281782343414250e-02	4.449117151739518522e-02	1.077685449058671113e-01
3.120361787807657493e+03	1.446984935913765979e-01	8.774647117361734916e-02	3.193222921910323642e-01	2.020851440548472044e-01	9.379835153351495647e-02	4.452461277080828339e-02	1.078246346846279541e-01
3.134875098448624158e+03	1.444990584164793090e-01	8.759605617226980112e-02	3.194522422781691517e-01	2.021721815793753596e-01	9.384317439837953911e-02	4.455753949120026119e-02	1.078797476639512948e-01
3.149388409089589004e+03	1.443030780649764699e-01	8.744806917652013512e-02	3.195799908075890872e-01	2.022577042480655229e-01	9.388729738665425872e-02	4.458995943020845759e-02	1.079339008858107296e-01
3.163901719730555214e+03	1.441104930331984224e-01	8.730247067772452241e-02	3.197055751937148971e-01	2.023417384727983770e-01	9.393073130096507573e-02	4.462188022710699559e-02	1.079871110943163848e-01
3.178415030371521425e+03	1.439212448373271558e-01	8.715922181539080549e-02	3.198290322116990603e-01	2.024243102038079389e-01	9.397348678037574510e-02	4.465330941031177281e-02	1.080393947409122174e-01
3.192928341012487181e+03	1.437352759959893977e-01	8.701828436645529796e-02	3.199503980084726917e-01	2.025054449377622079e-01	9.401557430279162964e-02	4.468425439886920814e-02	1.080907679894842210e-01
3.207441651653452936e+03	1.435525300131459125e-01	8.687962073473858016e-02	3.200697081135982502e-01	2.025851677257029526e-01	9.405700418732949875e-02	4.471472250392873743e-02	1.081412467213806877e-01
3.221954962294418237e+03	1.433729513612718720e-01	8.674319394057722343e-02	3.201869974499289562e-01	2.026635031808472487e-01	9.409778659665393730e-02	4.474472093019910696e-02	1.081908465403462472e-01
3.236468272935384903e+03	1.431964854648233865e-01	8.660896761062862603e-02	3.203023003440793604e-01	2.027404754862531522e-01	9.413793153928071145e-02	4.477425677738854776e-02	1.082395827773707936e-01
3.250981583576350204e+03	1.430230786839852275e-01	8.647690596784578243e-02	3.204156505367106167e-01	2.028161084023515914e-01	9.417744887184760494e-02	4.480333704162878239e-02	1.082874704954549239e-01
3.265494894217316414e+03	1.428526782986953569e-01	8.634697382161952983e-02	3.205270811926334562e-01	2.028904252743470582e-01	9.421634830135310057e-02	4.483196861688303059e-02	1.083345244942929969e-01
3.280008204858282170e+03	1.426852324929409610e-01	8.621913655808496890e-02	3.206366249107328037e-01	2.029634490394888469e-01	9.425463938736351743e-02	4.486015829633797219e-02	1.083807593148754245e-01
3.294521515499247926e+03	1.425206903393219926e-01	8.609336013058961623e-02	3.207443137337173678e-01	2.030352022342156448e-01	9.429233154418867335e-02	4.488791277377982003e-02	1.084261892440113312e-01
3.309034826140214136e+03	1.423590017838770316e-01	8.596961105032061012e-02	3.208501791576971462e-01	2.031057070011751675e-01	9.432943404302704393e-02	4.491523864495453738e-02	1.084708283187729438e-01
