4.208860085880095880e+02	4.263503805791385437e-01	2.749453685117438373e-01	1.305215885519129260e-01	7.826514202649433039e-02	4.239681643532996341e-02	1.476973186117525212e-02	3.275097203403284224e-02
4.353993192289755143e+02	4.212671515498119246e-01	2.717286384968270463e-01	1.342350647364736749e-01	8.044589873745430775e-02	4.335960871329123945e-02	1.507352455736425505e-02	3.389011320860520898e-02
4.499126298699413837e+02	4.162744310170174433e-01	2.685636320413131162e-01	1.378672238093102409e-01	8.259072203506405419e-02	4.429876168272148945e-02	1.538153205701856159e-02	3.502369735738284501e-02
4.644259405109071963e+02	4.113704917078613299e-01	2.654495594243739265e-01	1.414203454790705083e-01	8.470019283741178628e-02	4.521523664263354947e-02	1.569321650433402882e-02	3.615095740414271674e-02
4.789392511518730657e+02	4.065536452135203871e-01	2.623856409532867029e-01	1.448966253758929013e-01	8.677488307472559781e-02	4.610994012302328804e-02	1.600807572220013658e-02	3.727118953717882543e-02
4.934525617928388783e+02	4.018222408192637651e-01	2.593711069448711437e-01	1.482981787316391964e-01	8.881535580944363573e-02	4.698372740400157122e-02	1.632564098376852735e-02	3.838374930683997183e-02
5.079658724338048046e+02	3.971746643825841971e-01	2.564051976999046079e-01	1.516270438926310971e-01	9.082216535568038429e-02	4.783740579962448419e-02	1.664547492507538820e-02	3.948804794432764220e-02
5.224791830747705035e+02	3.926093372570356177e-01	2.534871634709924271e-01	1.548851856719413445e-01	9.279585739803034028e-02	4.867173772249750591e-02	1.696716958957493471e-02	4.058354888975562041e-02
5.369924937157364866e+02	3.881247152595063143e-01	2.506162644243429272e-01	1.580744985480682374e-01	9.473696910965483109e-02	4.948744354411128282e-02	1.729034459604774851e-02	4.166976451809649429e-02
5.515058043567023560e+02	3.837192876787761109e-01	2.477917705958753158e-01	1.611968097166014136e-01	9.664602926960186302e-02	5.028520426482723654e-02	1.761464542191314500e-02	4.274625305223276467e-02
5.660191149976681118e+02	3.793915763233252081e-01	2.450129618420663902e-01	1.642538820012623413e-01	9.852355837931253690e-02	5.106566400646565113e-02	1.793974179450171652e-02	4.381261565289400195e-02
5.805324256386339812e+02	3.751401346064701103e-01	2.422791277859190073e-01	1.672474166304827314e-01	1.003700687782714540e-01	5.182943233955130541e-02	1.826532618333586225e-02	4.486849367579740649e-02
5.950457362795999643e+02	3.709635466670059833e-01	2.395895677584168881e-01	1.701790558854628932e-01	1.021860647587621157e-01	5.257708645643725115e-02	1.859111238692431195e-02	4.591356608681842338e-02
6.095590469205657200e+02	3.668604265236329320e-01	2.369435907358095339e-01	1.730503856254361206e-01	1.039720426796913455e-01	5.330917320075178462e-02	1.891683420800418375e-02	4.694754702650195261e-02
6.240723575615315895e+02	3.628294172615353919e-01	2.343405152730530794e-01	1.758629376956493406e-01	1.057284910794500932e-01	5.402621096289261099e-02	1.924224421156279022e-02	4.797018351568451550e-02
6.385856682024975726e+02	3.588691902495716457e-01	2.317796694337147800e-01	1.786181922233612551e-01	1.074558907877809083e-01	5.472869145062178586e-02	1.956711256034330756e-02	4.898125329443420856e-02
6.530989788434633283e+02	3.549784443866121908e-01	2.292603907166324562e-01	1.813175798069514844e-01	1.091547150366249247e-01	5.541708134319155848e-02	1.989122592288543670e-02	4.998056278692990934e-02
6.676122894844290840e+02	3.511559053756443949e-01	2.267820259796040072e-01	1.839624836030331889e-01	1.108254295699242914e-01	5.609182383685155926e-02	2.021438644947586016e-02	5.096794518529464829e-02
6.821256001253949535e+02	3.474003250243342111e-01	2.243439313603660390e-01	1.865542413162641910e-01	1.124684927523578737e-01	5.675334008904856647e-02	2.053641081168541480e-02	5.194325864577164359e-02
6.966389107663608229e+02	3.437104805708040556e-01	2.219454721951071852e-01	1.890941470963596882e-01	1.140843556769909062e-01	5.740203056812871046e-02	2.085712930145183081e-02	5.290638459098564311e-02
7.111522214073266923e+02	3.400851740334530082e-01	2.195860229347474102e-01	1.915834533466224954e-01	1.156734622718210703e-01	5.803827631488538141e-02	2.117638498592989971e-02	5.385722611236879592e-02
7.256655320482924481e+02	3.365232315837078936e-01	2.172649670592007032e-01	1.940233724481260913e-01	1.172362494052058279e-01	5.866244012186223877e-02	2.149403291457667453e-02	5.479570646714869431e-02
7.401788426892584312e+02	3.330235029406495295e-01	2.149816969898270813e-01	1.964150784035094133e-01	1.187731469901577019e-01	5.927486763591699459e-02	2.180993937516840717e-02	5.572176766459900621e-02
7.546921533302243006e+02	3.295848607865178859e-01	2.127356140002673313e-01	1.987597084041713980e-01	1.202845780874958054e-01	5.987588838917586032e-02	2.212398119566015564e-02	5.663536913653968025e-02
7.692054639711900563e+02	3.262062002021484663e-01	2.105261281258423989e-01	2.010583643244899521e-01	1.217709590078440707e-01	6.046581676315921500e-02	2.243604508899868510e-02	5.753648648734541182e-02
7.837187746121558121e+02	3.228864381214440193e-01	2.083526580716889010e-01	2.033121141465291659e-01	1.232326994124678665e-01	6.104495289053346596e-02	2.274602703818600496e-02	5.842511031897882484e-02
7.982320852531219089e+02	3.196245128040317018e-01	2.062146311197920745e-01	2.055219933185464254e-01	1.246702024129423547e-01	6.161358349864157202e-02	2.305383171906522088e-02	5.930124512680896159e-02
8.127453958940876646e+02	3.164193833252993415e-01	2.041114830350674314e-01	2.076890060504617830e-01	1.260838646696473553e-01	6.217198269868259852e-02	2.335937195846305575e-02	6.016490826220677324e-02
8.272587065350534203e+02	3.132700290830471856e-01	2.020426579706333658e-01	2.098141265493099206e-01	1.274740764890849587e-01	6.272041272414852209e-02	2.366256822547564351e-02	6.101612895812870418e-02
8.417720171760191761e+02	3.101754493200302165e-01	2.000076083724083020e-01	2.118983001975578984e-01	1.288412219200168740e-01	6.325912462188225394e-02	2.396334815382607231e-02	6.185494741410673541e-02
8.562853278169851592e+02	3.071346626617032505e-01	1.980057948831573378e-01	2.139424446770387678e-01	1.301856788484205829e-01	6.378835889889324096e-02	2.426164609335507150e-02	6.268141393726014976e-02
8.707986384579510286e+02	3.041467066685173970e-01	1.960366862461060400e-01	2.159474510411260317e-01	1.315078190912631340e-01	6.430834612785552018e-02	2.455740268883016553e-02	6.349558813613011277e-02
8.853119490989170117e+02	3.012106374021480959e-01	1.940997592082312484e-01	2.179141847376501184e-01	1.328080084890941037e-01	6.481930751401572544e-02	2.485056448437454601e-02	6.429753816431456326e-02
8.998252597398827675e+02	2.983255290050677022e-01	1.921944984233314169e-01	2.198434865849429876e-01	1.340866069974584185e-01	6.532145542605488631e-02	2.514108355192531605e-02	6.508734001104765632e-02
9.143385703808486369e+02	2.954904732929046762e-01	1.903203963549731925e-01	2.217361737032836622e-01	1.353439687771320898e-01	6.581499389327695460e-02	2.542891714223185703e-02	6.586507683602599306e-02
9.288518810218145063e+02	2.927045793590594136e-01	1.884769531794037445e-01	2.235930404039106478e-01	1.365804422831839171e-01	6.630011907133734339e-02	2.571402735700000289e-02	6.663083834593333532e-02
9.433651916627801484e+02	2.899669731910748394e-01	1.866636766885127197e-01	2.254148590376643391e-01	1.377963703528671535e-01	6.677701967857684051e-02	2.599638084087588230e-02	6.738472021025662673e-02
9.578785023037459041e+02	2.872767972982822049e-01	1.848800821929224292e-01	2.272023808052239524e-01	1.389920902923461044e-01	6.724587740488711940e-02	2.627594849204630684e-02	6.812682351412036041e-02
9.723918129447120009e+02	2.846332103502691169e-01	1.831256924252786245e-01	2.289563365308093790e-01	1.401679339622626530e-01	6.770686729490618672e-02	2.655270519030982976e-02	6.885725424599280220e-02
9.869051235856777566e+02	2.820353868257376440e-01	1.814000374438100582e-01	2.306774374011285600e-01	1.413242278621493209e-01	6.816015810722103607e-02	2.682662954154496279e-02	6.957612281823695455e-02
1.001418434226643626e+03	2.794825166713429399e-01	1.797026545362198635e-01	2.323663756712642525e-01	1.424612932136949950e-01	6.860591265114371340e-02	2.709770363756981715e-02	7.028354361859298627e-02
1.015931744867609382e+03	2.769738049701202520e-01	1.780330881239668706e-01	2.340238253391127565e-01	1.435794460428705399e-01	6.904428810252194459e-02	2.736591283045065187e-02	7.097963459078554527e-02
1.030445055508575479e+03	2.745084716191313334e-01	1.763908896669918180e-01	2.356504427899078213e-01	1.446789972609220376e-01	6.947543629994876180e-02	2.763124552037608123e-02	7.166451684255072119e-02
1.044958366149541234e+03	2.720857510159754300e-01	1.747756175689378633e-01	2.372468674122886756e-01	1.457602527442395102e-01	6.989950402264455409e-02	2.789369295626914144e-02	7.233831427947343129e-02
1.059471676790506763e+03	2.697048917538292234e-01	1.731868370829127146e-01	2.388137221872989047e-01	1.468235134131096742e-01	7.031663325120078578e-02	2.815324904836122993e-02	7.300115326311608366e-02
1.073984987431472746e+03	2.673651563246960960e-01	1.716241202178341585e-01	2.403516142516356202e-01	1.478690753093614974e-01	7.072696141229531386e-02	2.840991019200045722e-02	7.365316229200549736e-02
1.088498298072438729e+03	2.650658208305587404e-01	1.700870456453995039e-01	2.418611354364021970e-01	1.488972296729137168e-01	7.113062160841641945e-02	2.866367510201243279e-02	7.429447170412561974e-02
1.103011608713404712e+03	2.628061747021460115e-01	1.685751986077145825e-01	2.433428627825570956e-01	1.499082630172338115e-01	7.152774283356345963e-02	2.891454465697388884e-02	7.492521339963985338e-02
1.117524919354370468e+03	2.605855204250364654e-01	1.670881708256154730e-01	2.447973590341909478e-01	1.509024572037180045e-01	7.191845017582851329e-02	2.916252175279952785e-02	7.554552058263973302e-02
1.132038229995336451e+03	2.584031732728356290e-01	1.656255604077138954e-01	2.462251731107089059e-01	1.518800895150025643e-01	7.230286500770391478e-02	2.940761116507952314e-02	7.615552752078423582e-02
1.146551540636302207e+03	2.562584610471745905e-01	1.641869717601933953e-01	2.476268405589410471e-01	1.528414327272163697e-01	7.268110516490422501e-02	2.964981941964016030e-02	7.675536932175895666e-02
1.161064851277267962e+03	2.541507238242906586e-01	1.627720154973820998e-01	2.490028839861527510e-01	1.537867551811851752e-01	7.305328511444024453e-02	2.988915467083268565e-02	7.734518172554515070e-02
1.175578161918233945e+03	2.520793137079614388e-01	1.613803083531244742e-01	2.503538134748784505e-01	1.547163208525984546e-01	7.341951611263355937e-02	3.012562658708602820e-02	7.792510091154636331e-02
1.190091472559199701e+03	2.500435945885733369e-01	1.600114730929730333e-01	2.516801269804558316e-01	1.556303894211491234e-01	7.377990635371517447e-02	3.035924624328771929e-02	7.849526331967457415e-02
1.204604783200165684e+03	2.480429419081159881e-01	1.586651384272182996e-01	2.529823107120939274e-01	1.565292163386574620e-01	7.413456110960964240e-02	3.059002601958419471e-02	7.905580548454925471e-02
1.219118093841131440e+03	2.460767424309041329e-01	1.573409389247736878e-01	2.542608394982661113e-01	1.574130528961900366e-01	7.448358286146669616e-02	3.081797950621676177e-02	7.960686388201126951e-02
1.233631404482097196e+03	2.441443940198355922e-01	1.560385149279303607e-01	2.555161771371800561e-01	1.582821462901846388e-01	7.482707142346567419e-02	3.104312141403312020e-02	8.014857478719930595e-02
1.248144715123063179e+03	2.422453054180040699e-01	1.547575124679941849e-01	2.567487767330378645e-01	1.591367396875927320e-01	7.516512405938377550e-02	3.126546749033632527e-02	8.068107414347983064e-02
1.262658025764028707e+03	2.403788960354928950e-01	1.534975831818172209e-01	2.579590810187649685e-01	1.599770722900504816e-01	7.549783559238709696e-02	3.148503443975386035e-02	8.120449744156225946e-02
1.277171336404994690e+03	2.385445957411828077e-01	1.522583842292327405e-01	2.591475226658513931e-01	1.608033793970896907e-01	7.582529850847349873e-02	3.170183984982878622e-02	8.171897960816985884e-02
1.291684647045960673e+03	2.367418446594151127e-01	1.510395782114027918e-01	2.603145245819158404e-01	1.616158924684001352e-01	7.614760305396861551e-02	3.191590212105314267e-02	8.222465490367313057e-02
1.306197957686926657e+03	2.349700929713575415e-01	1.498408330900846130e-01	2.614605001965743525e-01	1.624148391851546191e-01	7.646483732745019968e-02	3.212724040108079493e-02	8.272165682812666898e-02
1.320711268327892412e+03	2.332288007209268876e-01	1.486618221078225832e-01	2.625858537361638323e-01	1.632004435104081885e-01	7.677708736645133536e-02	3.233587452287293995e-02	8.321011803518313377e-02
1.335224578968857941e+03	2.315174376251288024e-01	1.475022237090697907e-01	2.636909804878436181e-01	1.639729257485828817e-01	7.708443722927089958e-02	3.254182494654427049e-02	8.369017025338863769e-02
1.349737889609823924e+03	2.298354828886804702e-01	1.463617214622425777e-01	2.647762670535736551e-01	1.647325026040496743e-01	7.738696907219798360e-02	3.274511270469217944e-02	8.416194421439232576e-02
1.364251200250789907e+03	2.281824250227880990e-01	1.452400039827111966e-01	2.658420915944388341e-01	1.654793872388186649e-01	7.768476322243723919e-02	3.294575935100414743e-02	8.462556958763071957e-02
1.378764510891755890e+03	2.265577616679555206e-01	1.441367648567275506e-01	2.668888240657692479e-01	1.662137893293491875e-01	7.797789824700374073e-02	3.314378691195110638e-02	8.508117492107263036e-02
1.393277821532721646e+03	2.249609994207062702e-01	1.430517025662906561e-01	2.679168264434812485e-01	1.669359151224912852e-01	7.826645101783848146e-02	3.333921784138596522e-02	8.552888758763513288e-02
1.407791132173687402e+03	2.233916536641051831e-01	1.419845204149502715e-01	2.689264529420435923e-01	1.676459674905693698e-01	7.855049677337945513e-02	3.353207497787754482e-02	8.596883373690364372e-02
1.422304442814653157e+03	2.218492484019708721e-01	1.409349264545466940e-01	2.699180502244520885e-01	1.683441459856200584e-01	7.883010917680835505e-02	3.372238150462009143e-02	8.640113825181089391e-02
1.436817753455619140e+03	2.203333160966741699e-01	1.399026334128859461e-01	2.708919576045771827e-01	1.690306468927949002e-01	7.910536037117846253e-02	3.391016091176833613e-02	8.682592470995004197e-02
1.451331064096585123e+03	2.188433975104222551e-01	1.388873586223474399e-01	2.718485072422304749e-01	1.697056632829394285e-01	7.937632103161638975e-02	3.409543696105697685e-02	8.724331534921603293e-02
1.465844374737550879e+03	2.173790415499310680e-01	1.378888239494212575e-01	2.727880243312795772e-01	1.703693850643595298e-01	7.964306041477778320e-02	3.427823365257173793e-02	8.765343103748814146e-02
1.480357685378516862e+03	2.159398051143940900e-01	1.369067557251714973e-01	2.737108272811215048e-01	1.710219990337862039e-01	7.990564640572586641e-02	3.445857519354737775e-02	8.805639124608255486e-02
1.494870996019482618e+03	2.145252529466568914e-01	1.359408846766214096e-01	2.746172278918140308e-01	1.716636889265498456e-01	8.016414556239048750e-02	3.463648596907505095e-02	8.845231402672143473e-02
1.509384306660448374e+03	2.131349574875117114e-01	1.349909458590560218e-01	2.755075315231437227e-01	1.722946354659747603e-01	8.041862315775555325e-02	3.481199051460868998e-02	8.884131599177869099e-02
1.523897617301414357e+03	2.117684987330291924e-01	1.340566785892369217e-01	2.763820372579005036e-01	1.729150164120047684e-01	8.066914321991326686e-02	3.498511349016655142e-02	8.922351229757796709e-02
1.538410927942380113e+03	2.104254640948471922e-01	1.331378263795233718e-01	2.772410380596115886e-01	1.735250066090708310e-01	8.091576857011471835e-02	3.515587965613002630e-02	8.959901663053142229e-02
1.552924238583346096e+03	2.091054482633394884e-01	1.322341368728947864e-01	2.780848209249771052e-01	1.741247780332109973e-01	8.115856085893806415e-02	3.532431385054791984e-02	8.996794119592073369e-02
1.567437549224311852e+03	2.078080530735902653e-01	1.313453617788673533e-01	2.789136670312367672e-01	1.747144998384535797e-01	8.139758060068806589e-02	3.549044096785943653e-02	9.033039670913363406e-02
1.581950859865277607e+03	2.065328873741025251e-01	1.304712568102987247e-01	2.797278518786855961e-01	1.752943384024738815e-01	8.163288720613313953e-02	3.565428593895454690e-02	9.068649238918069511e-02
1.596464170506243590e+03	2.052795668981713950e-01	1.296115816210738070e-01	2.805276454285464127e-01	1.758644573715348325e-01	8.186453901367980734e-02	3.581587371249492918e-02	9.103633595432790437e-02
1.610977481147209119e+03	2.040477141378555792e-01	1.287660997446644640e-01	2.813133122363962180e-01	1.764250177047216872e-01	8.209259331907778345e-02	3.597522923742330070e-02	9.138003361969010419e-02
1.625490791788175102e+03	2.028369582204821997e-01	1.279345785335556096e-01	2.820851115813334253e-01	1.769761777174814199e-01	8.231710640374308163e-02	3.613237744659317241e-02	9.171769009664026973e-02
1.640004102429141085e+03	2.016469347876230500e-01	1.271167890995303085e-01	2.828432975910648572e-01	1.775180931244763061e-01	8.253813356178113514e-02	3.628734324145491130e-02	9.204940859389859620e-02
1.654517413070107068e+03	2.004772858764818644e-01	1.263125062548059174e-01	2.835881193630818142e-01	1.780509170817619613e-01	8.275572912578664508e-02	3.644015147773792263e-02	9.237529082017303939e-02
1.669030723711072824e+03	1.993276598036342329e-01	1.255215084540131365e-01	2.843198210820859217e-01	1.785748002282998848e-01	8.296994649149203038e-02	3.659082695207204611e-02	9.269543698823189126e-02
1.683544034352038352e+03	1.981977110510642626e-01	1.247435777370098919e-01	2.850386421338190202e-01	1.790898907268137497e-01	8.318083814133196696e-02	3.673939438949467423e-02	9.300994582029555036e-02
1.698057344993004335e+03	1.970871001544430290e-01	1.239784996725218774e-01	2.857448172154422594e-01	1.795963343039995719e-01	8.338845566698704914e-02	3.688587843179323700e-02	9.331891455464208507e-02
1.712570655633970318e+03	1.959954935935963316e-01	1.232260633026008578e-01	2.864385764426037317e-01	1.800942742900991378e-01	8.359284979096578971e-02	3.703030362663545239e-02	9.362243895332775234e-02
1.727083966274936301e+03	1.949225636851104060e-01	1.224860610878927558e-01	2.871201454533269803e-01	1.805838516578461284e-01	8.379407038728049761e-02	3.717269441744260050e-02	9.392061331092969867e-02
1.741597276915902057e+03	1.938679884770264650e-01	1.217582888537062369e-01	2.877897455088454515e-01	1.810652050607940711e-01	8.399216650126897776e-02	3.731307513396369541e-02	9.421353046422420441e-02
1.756110587556867813e+03	1.928314516455757743e-01	1.210425457368735219e-01	2.884475935915037925e-01	1.815384708710357786e-01	8.418718636861076410e-02	3.745146998351064904e-02	9.450128180271885614e-02
1.770623898197833569e+03	1.918126423939088554e-01	1.203386341333942955e-01	2.890939024998393503e-01	1.820037832163229896e-01	8.437917743358375189e-02	3.758790304281702660e-02	9.478395727996290210e-02
1.785137208838799552e+03	1.908112553527738509e-01	1.196463596468540641e-01	2.897288809409528931e-01	1.824612740165953151e-01	8.456818636660388966e-02	3.772239825048494255e-02	9.506164542556418129e-02
1.799650519479765535e+03	1.898269904831000610e-01	1.189655310376078051e-01	2.903527336202721965e-01	1.829110730199275947e-01	8.475425908108834283e-02	3.785497939998686695e-02	9.533443335784630435e-02
1.814163830120731291e+03	1.888595529804443784e-01	1.182959601727200522e-01	2.909656613288068572e-01	1.833533078379039616e-01	8.493744074967957136e-02	3.798567013319079089e-02	9.560240679708353895e-02
1.828677140761696819e+03	1.879086531812594052e-01	1.176374619766524798e-01	2.915678610279892058e-01	1.837881039804278582e-01	8.511777581986597341e-02	3.811449393437912198e-02	9.586565007925512694e-02
1.843190451402663257e+03	1.869740064709430605e-01	1.169898543826898701e-01	2.921595259321900229e-01	1.842155848899761639e-01	8.529530802903197151e-02	3.824147412473330454e-02	9.612424617026479878e-02
1.857703762043628785e+03	1.860553331936310728e-01	1.163529582850954813e-01	2.927408455889953798e-01	1.846358719753060096e-01	8.547008041896891894e-02	3.836663385725784525e-02	9.637827668057448449e-02
1.872217072684594768e+03	1.851523585636942748e-01	1.157265974919868129e-01	2.933120059573263716e-01	1.850490846446225524e-01	8.564213534987577536e-02	3.848999611211868788e-02	9.662782188020470342e-02
1.886730383325560297e+03	1.842648125789041469e-01	1.151105986789227598e-01	2.938731894834787362e-01	1.854553403382161181e-01	8.581151451387722395e-02	3.861158369237255306e-02	9.687296071405757103e-02
1.901243693966526507e+03	1.833924299352308607e-01	1.145047913431931491e-01	2.944245751751579099e-01	1.858547545605765960e-01	8.597825894808469593e-02	3.873141922006494153e-02	9.711377081752094187e-02
1.915757004607492036e+03	1.825349499432391831e-01	1.139090077588016253e-01	2.949663386735791870e-01	1.862474409119933283e-01	8.614240904722457459e-02	3.884952513267598412e-02	9.735032853231521954e-02
1.930270315248458019e+03	1.816921164460482685e-01	1.133230829321331262e-01	2.954986523237019269e-01	1.866335111196481544e-01	8.630400457585619967e-02	3.896592367989420297e-02	9.758270892254719553e-02
1.944783625889424002e+03	1.808636777388226147e-01	1.127468545582967913e-01	2.960216852426621470e-01	1.870130750682097442e-01	8.646308468020091897e-02	3.908063692069962958e-02	9.781098579093726320e-02
1.959296936530389530e+03	1.800493864897620699e-01	1.121801629781355170e-01	2.965356033864651741e-01	1.873862408299364068e-01	8.661968789960221293e-02	3.919368672073857141e-02	9.803523169518919833e-02
1.973810247171355968e+03	1.792489996625598603e-01	1.116228511358934583e-01	2.970405696149975294e-01	1.877531146942955642e-01	8.677385217763564085e-02	3.930509474997342240e-02	9.825551796447370978e-02
1.988323557812321269e+03	1.784622784402979945e-01	1.110747645375324971e-01	2.975367437554151673e-01	1.881138011971070223e-01	8.692561487288615052e-02	3.941488248059173138e-02	9.847191471599865686e-02
2.002836868453287707e+03	1.776889881507509317e-01	1.105357512096890871e-01	2.980242826639612486e-01	1.884684031492173117e-01	8.707501276940940449e-02	3.952307118515969303e-02	9.868449087164156419e-02
2.017350179094252780e+03	1.769288981930681737e-01	1.100056616592626768e-01	2.985033402862660168e-01	1.888170216647126753e-01	8.722208208689262443e-02	3.962968193500605862e-02	9.889331417462100815e-02
2.031863489735218764e+03	1.761817819658080819e-01	1.094843488336271764e-01	2.989740677161778493e-01	1.891597561886778078e-01	8.736685849052955311e-02	3.973473559882304690e-02	9.909845120618566983e-02
2.046376800376184747e+03	1.754474167962953857e-01	1.089716680814569044e-01	2.994366132531729452e-01	1.894967045245071480e-01	8.750937710062334229e-02	3.983825284147193835e-02	9.929996740230151442e-02
2.060890111017150957e+03	1.747255838712754306e-01	1.084674771141584948e-01	2.998911224583892254e-01	1.898279628607761615e-01	8.764967250193009263e-02	3.994025412298130018e-02	9.949792707031848704e-02
2.075403421658116713e+03	1.740160681688397160e-01	1.079716359679002841e-01	3.003377382093278536e-01	1.901536257976789990e-01	8.778777875275549369e-02	4.004075969772672577e-02	9.969239340560018259e-02
2.089916732299082469e+03	1.733186583915967138e-01	1.074840069662309772e-01	3.007766007532637342e-01	1.904737863730396608e-01	8.792372939381566666e-02	4.013978961378149302e-02	9.988342850810100204e-02
2.104430042940048224e+03	1.726331469010634334e-01	1.070044546832792515e-01	3.012078477594058445e-01	1.907885360879032766e-01	8.805755745687315894e-02	4.023736371242810084e-02	1.000710933988762236e-01
2.118943353581013525e+03	1.719593296532533899e-01	1.065328459075258610e-01	3.016316143698444807e-01	1.910979649317139650e-01	8.818929547315805528e-02	4.033350162782125409e-02	1.002554480365122208e-01
2.133456664221980191e+03	1.712970061354376905e-01	1.060690496061405669e-01	3.020480332493234443e-01	1.914021614070857691e-01	8.831897548158391953e-02	4.042822278679326919e-02	1.004365513334645466e-01
2.147969974862945492e+03	1.706459793040555339e-01	1.056129368898753584e-01	3.024572346338714746e-01	1.917012125541733003e-01	8.844662903676715759e-02	4.052154640879346292e-02	1.006144611722929599e-01
2.162483285503912157e+03	1.700060555237521420e-01	1.051643809785063888e-01	3.028593463783271211e-01	1.919952039746479766e-01	8.857228721685865558e-02	4.061349150595360002e-02	1.007892344217833774e-01
2.176996596144877003e+03	1.693770445075219733e-01	1.047232571668163942e-01	3.032544940027899760e-01	1.922842198552865423e-01	8.869598063119525644e-02	4.070407688327159351e-02	1.009609269529474912e-01
2.191509906785843214e+03	1.687587592579353757e-01	1.042894427911101457e-01	3.036428007380290728e-01	1.925683429911775324e-01	8.881773942777888842e-02	4.079332113890653255e-02	1.011295936548917140e-01
2.206023217426809424e+03	1.681510160094282225e-01	1.038628171962547170e-01	3.040243875698782072e-01	1.928476548085520659e-01	8.893759330059002044e-02	4.088124266457809908e-02	1.012952884505479295e-01
2.220536528067775180e+03	1.675536341716334088e-01	1.034432617032375185e-01	3.043993732826479892e-01	1.931222353872446285e-01	8.905557149674241113e-02	4.096785964606398933e-02	1.014580643122592468e-01
2.235049838708740936e+03	1.669664362737345864e-01	1.030306595772340211e-01	3.047678745015817148e-01	1.933921634827899527e-01	8.917170282348521604e-02	4.105319006378922719e-02	1.016179732772145433e-01
2.249563149349706237e+03	1.663892479098221244e-01	1.026248959961779256e-01	3.051300057343814265e-01	1.936575165481615457e-01	8.928601565505843440e-02	4.113725169350170713e-02	1.017750664627261881e-01
2.264076459990672902e+03	1.658218976852325610e-01	1.022258580198263794e-01	3.054858794118310295e-01	1.939183707551574709e-01	8.939853793940724658e-02	4.122006210702841567e-02	1.019293940813462834e-01
2.278589770631638203e+03	1.652642171638520896e-01	1.018334345593128742e-01	3.058356059275403327e-01	1.941748010154394910e-01	8.950929720476048790e-02	4.130163867310722436e-02	1.020810054558168589e-01
2.293103081272604413e+03	1.647160408163664547e-01	1.014475163471807440e-01	3.061792936768341078e-01	1.944268810012303450e-01	8.961832056607824115e-02	4.138199855828934848e-02	1.022299490338501593e-01
2.307616391913570169e+03	1.641772059694387997e-01	1.010679959078898127e-01	3.065170490948087578e-01	1.946746831656751275e-01	8.972563473137321055e-02	4.146115872790790552e-02	1.023762724027357796e-01
2.322129702554535925e+03	1.636475527557979537e-01	1.006947675287895444e-01	3.068489766935799112e-01	1.949182787628718494e-01	8.983126600791034588e-02	4.153913594710811896e-02	1.025200223037716352e-01
2.336643013195502135e+03	1.631269240652201968e-01	1.003277272315513807e-01	3.071751790987409247e-01	1.951577378675766472e-01	8.993524030828888016e-02	4.161594678193506619e-02	1.026612446465162837e-01
2.351156323836467891e+03	1.626151654963873538e-01	9.996677274405363356e-02	3.074957570850536670e-01	1.953931293945884440e-01	9.003758315641073595e-02	4.169160760047501552e-02	1.027999845228605297e-01
2.365669634477433647e+03	1.621121253096049764e-01	9.961180347271203495e-02	3.078108096113914005e-01	1.956245211178187504e-01	9.013831969333899186e-02	4.176613457404670243e-02	1.029362862209165508e-01
2.380182945118399402e+03	1.616176543803643229e-01	9.926272047524921371e-02	3.081204338549528021e-01	1.958519796890509923e-01	9.023747468305011454e-02	4.183954367843891603e-02	1.030701932387230318e-01
2.394696255759364703e+03	1.611316061537324540e-01	9.891942643389652068e-02	3.084247252447658849e-01	1.960755706563948320e-01	9.033507251808317595e-02	4.191185069519116901e-02	1.032017482977654055e-01
2.409209566400331823e+03	1.606538365995548445e-01	9.858182562902169377e-02	3.087237774944993074e-01	1.962953584824399800e-01	9.043113722508920593e-02	4.198307121291421778e-02	1.033309933563102134e-01
2.423722877041296670e+03	1.601842041684556628e-01	9.824982391317585440e-02	3.090176826345988892e-01	1.965114065621145767e-01	9.052569247028385835e-02	4.205322062864746274e-02	1.034579696225531725e-01
2.438236187682262880e+03	1.597225697486203966e-01	9.792332868555345127e-02	3.093065310437659310e-01	1.967237772402526397e-01	9.061876156480616618e-02	4.212231414925041162e-02	1.035827175675805151e-01
2.452749498323228636e+03	1.592687966233468644e-01	9.760224886685903156e-02	3.095904114797929374e-01	1.969325318288755178e-01	9.071036746998596689e-02	4.219036679282549274e-02	1.037052769381437284e-01
2.467262808964194392e+03	1.588227504293498737e-01	9.728649487457437239e-02	3.098694111097736181e-01	1.971377306241914040e-01	9.080053280252282921e-02	4.225739339016966467e-02	1.038256867692476659e-01
2.481776119605160602e+03	1.583842991158060376e-01	9.697597859862011616e-02	3.101436155397011007e-01	1.973394329233182365e-01	9.088927983957878487e-02	4.232340858625251168e-02	1.039439853965525851e-01
2.496289430246126358e+03	1.579533129041246209e-01	9.667061337740570637e-02	3.104131088434696761e-01	1.975376970407335397e-01	9.097663052378715531e-02	4.238842684171837544e-02	1.040602104685902918e-01
2.510802740887092114e+03	1.575296642484314835e-01	9.637031397426172596e-02	3.106779735912940654e-01	1.977325803244562030e-01	9.106260646817979088e-02	4.245246243441051087e-02	1.041743989587956554e-01
2.525316051528057415e+03	1.571132277967528523e-01	9.607499655424883711e-02	3.109382908775600307e-01	1.979241391719641918e-01	9.114722896103477634e-02	4.251552946091513574e-02	1.042865871773536457e-01
2.539829362169024080e+03	1.567038803528856550e-01	9.578457866133739673e-02	3.111941403481202073e-01	1.981124290458525783e-01	9.123051897064662907e-02	4.257764183812346587e-02	1.043968107828635444e-01
2.554342672809989381e+03	1.563015008389428695e-01	9.549897919595215501e-02	3.114456002270465929e-01	1.982975044892361094e-01	9.131249715002090483e-02	4.263881330480988330e-02	1.045051047938209687e-01
2.568855983450955591e+03	1.559059702585601781e-01	9.521811839287631918e-02	3.116927473428542372e-01	1.984794191409000319e-01	9.139318384149501540e-02	4.269905742322452347e-02	1.046115035999192200e-01
2.583369294091921347e+03	1.555171716607529064e-01	9.494191779950955645e-02	3.119356571542064582e-01	1.986582257502037818e-01	9.147259908128702044e-02	4.275838758069860912e-02	1.047160409731711789e-01
2.597882604732887103e+03	1.551349901044110080e-01	9.467030025447423225e-02	3.121744037751148504e-01	1.988339761917411186e-01	9.155076260397408683e-02	4.281681699126096974e-02	1.048187500788532872e-01
2.612395915373853313e+03	1.547593126234201866e-01	9.440318986656481837e-02	3.124090599996444673e-01	1.990067214797607842e-01	9.162769384690210017e-02	4.287435869726428234e-02	1.049196634862729904e-01
2.626909226014819069e+03	1.543900281923983875e-01	9.414051199403485060e-02	3.126396973261358903e-01	1.991765117823513509e-01	9.170341195452814953e-02	4.293102557101965283e-02	1.050188131793614171e-01
2.641422536655784825e+03	1.540270276930357785e-01	9.388219322421631485e-02	3.128663859809548420e-01	1.993433964353945320e-01	9.177793578269716201e-02	4.298683031643817098e-02	1.051162305670928915e-01
2.655935847296750580e+03	1.536702038810280335e-01	9.362816135346635482e-02	3.130891949417800579e-01	1.995074239562898977e-01	9.185128390285408895e-02	4.304178547067823851e-02	1.052119464937330551e-01
2.670449157937716336e+03	1.533194513535910408e-01	9.337834536743608305e-02	3.133081919604389642e-01	1.996686420574556586e-01	9.192347460619315624e-02	4.309590340579739359e-02	1.053059912489174160e-01
2.684962468578682547e+03	1.529746665175479581e-01	9.313267542165652724e-02	3.135234435853020973e-01	1.998270976596080994e-01	9.199452590774524763e-02	4.314919633040767422e-02	1.053983945775621434e-01
2.699475779219648302e+03	1.526357475579769862e-01	9.289108282243681292e-02	3.137350151832445921e-01	1.999828369048242127e-01	9.206445555040487783e-02	4.320167629133329218e-02	1.054891856896090080e-01
2.713989089860614058e+03	1.523025944074103688e-01	9.265350000806958641e-02	3.139429709611856745e-01	2.001359051693901991e-01	9.213328100889772720e-02	4.325335517526969487e-02	1.055783932696064964e-01
2.728502400501579814e+03	1.519751087155747082e-01	9.241986053033905690e-02	3.141473739872141513e-01	2.002863470764398857e-01	9.220101949368997296e-02	4.330424471044307805e-02	1.056660454861289705e-01
2.743015711142545115e+03	1.516531938196623852e-01	9.219009903632667535e-02	3.143482862113086695e-01	2.004342065083860869e-01	9.226768795484062424e-02	4.335435646826944073e-02	1.057521700010359694e-01
2.757529021783511780e+03	1.513367547151250048e-01	9.196415125051000949e-02	3.145457684856626801e-01	2.005795266191486292e-01	9.233330308579772161e-02	4.340370186501227301e-02	1.058367939785735540e-01
2.772042332424477081e+03	1.510256980269792104e-01	9.174195395715013801e-02	3.147398805846211012e-01	2.007223498461817301e-01	9.239788132713956659e-02	4.345229216343822476e-02	1.059199440943199705e-01
2.786555643065443292e+03	1.507199319816156791e-01	9.152344498296290098e-02	3.149306812242376741e-01	2.008627179223045900e-01	9.246143887026191110e-02	4.350013847446983911e-02	1.060016465439774097e-01
2.801068953706408593e+03	1.504193663791024427e-01	9.130856318006980166e-02	3.151182280814605052e-01	2.010006718873381948e-01	9.252399166101206440e-02	4.354725175883475408e-02	1.060819270520122759e-01
2.815582264347374803e+03	1.501239125659732943e-01	9.109724840922396594e-02	3.153025778129543988e-01	2.011362520995512160e-01	9.258555540327087496e-02	4.359364282871062979e-02	1.061608108801457007e-01
2.830095574988341014e+03	1.498334834084930900e-01	9.088944152330689918e-02	3.154837860735664190e-01	2.012694982469183380e-01	9.264614556248339239e-02	4.363932234936523241e-02	1.062383228356967441e-01
2.844608885629306769e+03	1.495479932663907330e-01	9.068508435109169652e-02	3.156619075344431757e-01	2.014004493581940669e-01	9.270577736913920841e-02	4.368430084079102244e-02	1.063144872797801427e-01
2.859122196270272525e+03	1.492673579670524553e-01	9.048411968126868210e-02	3.158369959008063832e-01	2.015291438138048785e-01	9.276446582220317094e-02	4.372858867933373389e-02	1.063893281353608111e-01
2.873635506911238281e+03	1.489914947801659340e-01	9.028649124672913362e-02	3.160091039293933535e-01	2.016556193565627597e-01	9.282222569249734545e-02	4.377219609931434774e-02	1.064628688951672203e-01
2.888148817552204036e+03	1.487203223928082463e-01	9.009214370910315073e-02	3.161782834455710289e-01	2.017799131022029735e-01	9.287907152603505634e-02	4.381513319464405004e-02	1.065351326294656648e-01
2.902662128193170247e+03	1.484537608849692547e-01	8.990102264354754569e-02	3.163445853601275504e-01	2.019020615497488236e-01	9.293501764730772996e-02	4.385740992043166142e-02	1.066061419936975979e-01
2.917175438834136003e+03	1.481917317055025940e-01	8.971307452377992597e-02	3.165080596857507422e-01	2.020221005917065549e-01	9.299007816252517766e-02	4.389903609458305211e-02	1.066759192359820890e-01
2.931688749475101758e+03	1.479341576484969334e-01	8.952824670735498591e-02	3.166687555531974008e-01	2.021400655240927491e-01	9.304426696281029030e-02	4.394002139939229279e-02	1.067444862044855114e-01
2.946202060116067514e+03	1.476809628300597144e-01	8.934648742117914932e-02	3.168267212271614341e-01	2.022559910562969354e-01	9.309759772734857441e-02	4.398037538312390277e-02	1.068118643546604324e-01
2.960715370757033725e+03	1.474320726655062586e-01	8.916774574725978841e-02	3.169820041218460727e-01	2.023699113207826916e-01	9.315008392649343216e-02	4.402010746158609156e-02	1.068780747563558703e-01
2.975228681397999480e+03	1.471874138469469462e-01	8.899197160868545231e-02	3.171346508162457001e-01	2.024818598826290117e-01	9.320173882482771233e-02	4.405922691969450800e-02	1.069431381008009163e-01
2.989741992038964781e+03	1.469469143212653039e-01	8.881911575583321949e-02	3.172847070691443561e-01	2.025918697489151876e-01	9.325257548418226794e-02	4.409774291302618471e-02	1.070070747074637479e-01
3.004255302679930992e+03	1.467105032684803134e-01	8.864912975279970464e-02	3.174322178338352951e-01	2.026999733779513424e-01	9.330260676661208952e-02	4.413566446936347670e-02	1.070699045307880182e-01
3.018768613320896748e+03	1.464781110804857789e-01	8.848196596405204228e-02	3.175772272725679857e-01	2.028062026883574176e-01	9.335184533733069390e-02	4.417300049022761937e-02	1.071316471668086606e-01
3.033281923961862958e+03	1.462496693401603431e-01	8.831757754129548887e-02	3.177197787707274346e-01	2.029105890679929747e-01	9.340030366760329605e-02	4.420975975240166306e-02	1.071923218596490118e-01
3.047795234602828714e+03	1.460251108008413234e-01	8.815591841055417377e-02	3.178599149507511656e-01	2.030131633827399473e-01	9.344799403759956880e-02	4.424595090944266618e-02	1.072519475079013601e-01
3.062308545243794470e+03	1.458043693661562890e-01	8.799694325946148810e-02	3.179976776857895149e-01	2.031139559851414533e-01	9.349492853920615687e-02	4.428158249318274453e-02	1.073105426708925864e-01
3.076821855884760225e+03	1.455873800702055798e-01	8.784060752475685019e-02	3.181331081131136829e-01	2.032129967228980816e-01	9.354111907880001409e-02	4.431666291521892120e-02	1.073681255748371310e-01
3.091335166525725526e+03	1.453740790580900222e-01	8.768686737998560021e-02	3.182662466472765406e-01	2.033103149472248183e-01	9.358657737998277160e-02	4.435120046839153424e-02	1.074247141188789390e-01
3.105848477166692192e+03	1.451644035667773724e-01	8.753567972339869330e-02	3.183971329930317395e-01	2.034059395210703614e-01	9.363131498627672022e-02	4.438520332825100778e-02	1.074803258810243245e-01
3.120361787807657493e+03	1.449582919063016062e-01	8.738700216604902704e-02	3.185258061580146238e-01	2.034998988272012088e-01	9.367534326378312848e-02	4.441867955451288957e-02	1.075349781239676450e-01
3.134875098448624158e+03	1.447556834412893345e-01	8.724079302008137804e-02	3.186523044651908276e-01	2.035922207761527714e-01	9.371867340380324318e-02	4.445163709250091882e-02	1.075886878008116693e-01
3.149388409089589004e+03	1.445565185728072966e-01	8.709701128721257513e-02	3.187766655650758341e-01	2.036829328140496442e-01	9.376131642542254174e-02	4.448408377457815227e-02	1.076414715606841543e-01
3.163901719730555214e+03	1.443607387205254888e-01	8.695561664739925867e-02	3.188989264477308239e-01	2.037720619302971492e-01	9.380328317805873561e-02	4.451602732156581532e-02	1.076933457542528783e-01
3.178415030371521425e+03	1.441682863051902408e-01	8.681656944768989526e-02	3.190191234545393106e-01	2.038596346651462832e-01	9.384458434397405235e-02	4.454747534414998239e-02	1.077443264391403643e-01
3.192928341012487181e+03	1.439791047314017414e-01	8.667983069125814732e-02	3.191372922897675046e-01	2.039456771171340999e-01	9.388523044075226809e-02	4.457843534427581578e-02	1.077944293852405172e-01
3.207441651653452936e+03	1.437931383706908262e-01	8.654536202661496092e-02	3.192534680319139562e-01	2.040302149504015505e-01	9.392523182374087898e-02	4.460891471652941864e-02	1.078436700799385445e-01
3.221954962294418237e+03	1.436103325448894186e-01	8.641312573699612420e-02	3.193676851448514209e-01	2.041132734018909767e-01	9.396459868845906394e-02	4.463892074950712857e-02	1.078920637332359822e-01
3.236468272935384903e+03	1.434306335097900176e-01	8.628308472992271549e-02	3.194799774887660537e-01	2.041948772884248087e-01	9.400334107297173003e-02	4.466846062717223786e-02	1.079396252827824754e-01
3.250981583576350204e+03	1.432539884390883478e-01	8.615520252693179004e-02	3.195903783308967627e-01	2.042750510136678299e-01	9.404146886023023733e-02	4.469754143019910586e-02	1.079863693988159928e-01
3.265494894217316414e+03	1.430803454086050919e-01	8.602944325347411381e-02	3.196989203560787196e-01	2.043538185749745884e-01	9.407899178038006682e-02	4.472617013730451063e-02	1.080323104890129476e-01
3.280008204858282170e+03	1.429096533807808767e-01	8.590577162897682084e-02	3.198056356770957454e-01	2.044312035701241759e-01	9.411591941303609765e-02	4.475435362656631638e-02	1.080774627032500268e-01
3.294521515499247926e+03	1.427418621894405715e-01	8.578415295706795507e-02	3.199105558448435138e-01	2.045072292039437634e-01	9.415226118952577106e-02	4.478209867672938715e-02	1.081218399382791739e-01
3.309034826140214136e+03	1.425769225248214589e-01	8.566455311596039846e-02	3.200137118583086249e-01	2.045819182948232229e-01	9.418802639510058528e-02	4.480941196849869829e-02	1.081654558423171264e-01
