4.208860085880095880e+02	4.263503805791385437e-01	2.749453685117438373e-01	1.305215885519129260e-01	7.826514202649433039e-02	4.239681643532996341e-02	1.476973186117525212e-02	3.275097203403284224e-02
4.353993192289755143e+02	4.212699285305768759e-01	2.717134574579285755e-01	1.342364424949891721e-01	8.045776682337375807e-02	4.334532202187081629e-02	1.506722072301486595e-02	3.390986194807367460e-02
4.499126298699413837e+02	4.162794101736485564e-01	2.685341516910119686e-01	1.378702042710664155e-01	8.261408847862544702e-02	4.427159791681471723e-02	1.536915544210141864e-02	3.506139202655919607e-02
4.644259405109071963e+02	4.113771350790900727e-01	2.654066249636906627e-01	1.414250667673955519e-01	8.473470011963843418e-02	4.517653840072287375e-02	1.567500311465607962e-02	3.620493155463413298e-02
4.789392511518730657e+02	4.065614496496632313e-01	2.623300625173524137e-01	1.449031504969687245e-01	8.682018547299054367e-02	4.606098324519750792e-02	1.598426571876454538e-02	3.733990289889093511e-02
4.934525617928388783e+02	4.018307360657207283e-01	2.593036609963740857e-01	1.483065060609529140e-01	8.887111899942687354e-02	4.692572161581171769e-02	1.629647789017104123e-02	3.846577837137059308e-02
5.079658724338048046e+02	3.971834112719090926e-01	2.563266283592923189e-01	1.516371165583750846e-01	9.088806602759354203e-02	4.777149567872751579e-02	1.661120484730410629e-02	3.958207725662633847e-02
5.224791830747705035e+02	3.926179260030441820e-01	2.533981837870469267e-01	1.548968999397324076e-01	9.287158288650357307e-02	4.859900393424153309e-02	1.692804045493559797e-02	4.068836299432373321e-02
5.369924937157364866e+02	3.881327638472945041e-01	2.505175575884955319e-01	1.580877113019033831e-01	9.482221703671415980e-02	4.940890429863183803e-02	1.724660541666418745e-02	4.178424051012437357e-02
5.515058043567023560e+02	3.837264403449058281e-01	2.476839911033934249e-01	1.612113451223529392e-01	9.674050720019558569e-02	5.020181695396512545e-02	1.756654558714337150e-02	4.286935368787168910e-02
5.660191149976681118e+02	3.793975021207923182e-01	2.448967366030294357e-01	1.642695374311705647e-01	9.862698348887455335e-02	5.097832698394985651e-02	1.788753039564647263e-02	4.394338297636479762e-02
5.805324256386339812e+02	3.751445260494049583e-01	2.421550571887028658e-01	1.672639679199567631e-01	1.004821675318361696e-01	5.173898681247526832e-02	1.820925137318169310e-02	4.500604312427025633e-02
5.950457362795999643e+02	3.709661184503720288e-01	2.394582266882225308e-01	1.701962619869913929e-01	1.023065726011705423e-01	5.248431846014849772e-02	1.853142077594337883e-02	4.605708103697961353e-02
6.095590469205657200e+02	3.668609143134829442e-01	2.368055295506026892e-01	1.730679927184800293e-01	1.041007037364514859e-01	5.321481563292238676e-02	1.885377029841465990e-02	4.709627374947385897e-02
6.240723575615315895e+02	3.628275765516608131e-01	2.341962607391257500e-01	1.758806828059908400e-01	1.058650578678366899e-01	5.393094565578583632e-02	1.917604986992524699e-02	4.812342650950291595e-02
6.385856682024975726e+02	3.588647952806391928e-01	2.316297256229354062e-01	1.786358064004659463e-01	1.076001239377799984e-01	5.463315126345912043e-02	1.949802652891963195e-02	4.913837096562879286e-02
6.530989788434633283e+02	3.549712871241241241e-01	2.291052398673173451e-01	1.813347909034250804e-01	1.093063830213481247e-01	5.532185225909018456e-02	1.981948336960797155e-02	5.014096345491524109e-02
6.676122894844290840e+02	3.511457945432852057e-01	2.266221293228200262e-01	1.839790186961780538e-01	1.109843084451351963e-01	5.599744705107849441e-02	2.014021855605737515e-02	5.113108338527379976e-02
6.821256001253949535e+02	3.473870851894780842e-01	2.241797299133602150e-01	1.865698288080317457e-01	1.126343659047703977e-01	5.666031407735357128e-02	2.046004439913775078e-02	5.210863170769641783e-02
6.966389107663608229e+02	3.436939512791588047e-01	2.217773875234532455e-01	1.891085185246170475e-01	1.142570135810148796e-01	5.731081312570061870e-02	2.077878649206568382e-02	5.307352947381788200e-02
7.111522214073266923e+02	3.400652089900002562e-01	2.194144578847009308e-01	1.915963449375798766e-01	1.158527022544454249e-01	5.794928655804996998e-02	2.109628290059463104e-02	5.402571647445715552e-02
7.256655320482924481e+02	3.364996978772739622e-01	2.170903064616642730e-01	1.940345264369733036e-01	1.174218754187235925e-01	5.857606044602592377e-02	2.141238340418156333e-02	5.496514995498568562e-02
7.401788426892584312e+02	3.329962803096072066e-01	2.148043083372425666e-01	1.964242441477659085e-01	1.189649693924503676e-01	5.919144562447906793e-02	2.172694878472096469e-02	5.589180340356224991e-02
7.546921533302243006e+02	3.295538409232695032e-01	2.125558480976741382e-01	1.987666433119401055e-01	1.204824134296068328e-01	5.979573866920082775e-02	2.203985015967848196e-02	5.680566540845842505e-02
7.692054639711900563e+02	3.261712860941864967e-01	2.103443197172680246e-01	2.010628346176984715e-01	1.219746298285831337e-01	6.038922280453555558e-02	2.235096835668003504e-02	5.770673858087660424e-02
7.837187746121558121e+02	3.228475434269187372e-01	2.081691264429710864e-01	2.033138954773277274e-01	1.234420340397983928e-01	6.097216874616054327e-02	2.266019332681902532e-02	5.859503853983281246e-02
7.982320852531219089e+02	3.195815612598814082e-01	2.060296806788686486e-01	2.055208712552909212e-01	1.248850347719153570e-01	6.154483548389522857e-02	2.296742359413597376e-02	5.947059295584074951e-02
8.127453958940876646e+02	3.163723081861175568e-01	2.039254038707120908e-01	2.076847764481268288e-01	1.263040340966545272e-01	6.210747100902418161e-02	2.327256573890245164e-02	6.033344065029063591e-02
8.272587065350534203e+02	3.132187725889705177e-01	2.018557263905612353e-01	2.098065958177389723e-01	1.276994275522129463e-01	6.266031299027167989e-02	2.357553391250568828e-02	6.118363074756724695e-02
8.417720171760191761e+02	3.101199621920352478e-01	1.998200874216244094e-01	2.118872854796492733e-01	1.290716042452940138e-01	6.320358940224658773e-02	2.387624938188275675e-02	6.202122187709600831e-02
8.562853278169851592e+02	3.070749036227976569e-01	1.978179348433745655e-01	2.139277739477798423e-01	1.304209469517550180e-01	6.373751910988229019e-02	2.417464010159460150e-02	6.284628142264439554e-02
8.707986384579510286e+02	3.040826419894008814e-01	1.958487251170145382e-01	2.159289631373074447e-01	1.317478322158801285e-01	6.426231241212594647e-02	2.447064031176133733e-02	6.365888481633812102e-02
8.853119490989170117e+02	3.011422404700048183e-01	1.939119231713605507e-01	2.178917293271142586e-01	1.330526304482867739e-01	6.477817154788192977e-02	2.476419016020185368e-02	6.445911487497825443e-02
8.998252597398827675e+02	2.982527799142311031e-01	1.920070022892085837e-01	2.198169240833300619e-01	1.343357060224741051e-01	6.528529116698461587e-02	2.505523534723366058e-02	6.524706117636631941e-02
9.143385703808486369e+02	2.954133584562111392e-01	1.901334439942435617e-01	2.217053751454326482e-01	1.355974173700230656e-01	6.578385876876446936e-02	2.534372679169363124e-02	6.602281947345993440e-02
9.288518810218145063e+02	2.926230911387768252e-01	1.882907379385485025e-01	2.235578872763400449e-01	1.368381170744574216e-01	6.627405511057612997e-02	2.562962031683761049e-02	6.678649114429197065e-02
9.433651916627801484e+02	2.898811095483579958e-01	1.864783817907650076e-01	2.253752430778936944e-01	1.380581519637762156e-01	6.675605458847738705e-02	2.591287635486709540e-02	6.753818267569113021e-02
9.578785023037459041e+02	2.871865614601691874e-01	1.846958811249552190e-01	2.271582037730953130e-01	1.392578632016681639e-01	6.723002559208288154e-02	2.619345966891520328e-02	6.827800517894255794e-02
9.723918129447120009e+02	2.845386104932900451e-01	1.829427493102096791e-01	2.289075099564222560e-01	1.404375863774189881e-01	6.769613083546281718e-02	2.647133909140194849e-02	6.900607393562276093e-02
9.869051235856777566e+02	2.819364357752618955e-01	1.812185074010433661e-01	2.306238823135079441e-01	1.415976515945229497e-01	6.815452766581706068e-02	2.674648727774146806e-02	6.972250797193380034e-02
1.001418434226643626e+03	2.793792316158406619e-01	1.795226840286185122e-01	2.323080223114340759e-01	1.427383835580105786e-01	6.860536835152425406e-02	2.701888047445103261e-02	7.042742965994933102e-02
1.015931744867609382e+03	2.768662071895638954e-01	1.778548152928303983e-01	2.339606128608420488e-01	1.438601016605041416e-01	6.904880035104639380e-02	2.728849830077446220e-02	7.112096434426706804e-02
1.030445055508575479e+03	2.743965862268051836e-01	1.762144446552880994e-01	2.355823189510311833e-01	1.449631200670133679e-01	6.948496656405842020e-02	2.755532354299067635e-02	7.180323999264154322e-02
1.044958366149541234e+03	2.719696067130046302e-01	1.746011228332208509e-01	2.371737882591710145e-01	1.460477477984838957e-01	6.991400556607033079e-02	2.781934196063246684e-02	7.247438686924528861e-02
1.059471676790506763e+03	2.695845205957791424e-01	1.730144076943373743e-01	2.387356517347160034e-01	1.471142888141110383e-01	7.033605182771553166e-02	2.808054210389094099e-02	7.313453722927847067e-02
1.073984987431472746e+03	2.672405934996282539e-01	1.714538641526625884e-01	2.402685241600719113e-01	1.481630420924317515e-01	7.075123591979159965e-02	2.833891514152810098e-02	7.378382503371426482e-02
1.088498298072438729e+03	2.649371044479665871e-01	1.699190640653748807e-01	2.417730046885235573e-01	1.491943017112080938e-01	7.115968470505992793e-02	2.859445469866373976e-02	7.442238568303170820e-02
1.103011608713404712e+03	2.626733455922241056e-01	1.684095861306634800e-01	2.432496773603967377e-01	1.502083569261149776e-01	7.156152151773616243e-02	2.884715670384361413e-02	7.505035576884935833e-02
1.117524919354370468e+03	2.604486219477691322e-01	1.669250157866247752e-01	2.446991115983892795e-01	1.512054922482459762e-01	7.195686633153514089e-02	2.909701924483377306e-02	7.566787284243038647e-02
1.132038229995336451e+03	2.582622511364174311e-01	1.654649451112130409e-01	2.461218626829698997e-01	1.521859875204502055e-01	7.234583591707045847e-02	2.934404243262139084e-02	7.627507519908599543e-02
1.146551540636302207e+03	2.561135631353047559e-01	1.640289727232605022e-01	2.475184722087074018e-01	1.531501179925143785e-01	7.272854398935067743e-02	2.958822827313534881e-02	7.687210167755544055e-02
1.161064851277267962e+03	2.540019000319064246e-01	1.626167036845782010e-01	2.488894685223591308e-01	1.540981543952028299e-01	7.310510134605983923e-02	2.982958054623062807e-02	7.745909147349150370e-02
1.175578161918233945e+03	2.519266157850005294e-01	1.612277494031494063e-01	2.502353671435124660e-01	1.550303630131700805e-01	7.347561599725997705e-02	3.006810469150928561e-02	7.803618396622685749e-02
1.190091472559199701e+03	2.498870759913769946e-01	1.598617275374238922e-01	2.515566711685416346e-01	1.559470057567589607e-01	7.384019328710747510e-02	3.030380770057754594e-02	7.860351855804215138e-02
1.204604783200165684e+03	2.478826576581062979e-01	1.585182619017209971e-01	2.528538716586093971e-01	1.568483402326982801e-01	7.419893600813173840e-02	3.053669801536350314e-02	7.916123452519846504e-02
1.219118093841131440e+03	2.459127489801876121e-01	1.571969823727476512e-01	2.541274480124124380e-01	1.577346198137139499e-01	7.455194450858580735e-02	3.076678543214333983e-02	7.970947088003788039e-02
1.233631404482097196e+03	2.439767491234046681e-01	1.558975247972359257e-01	2.553778683243406178e-01	1.586060937070668808e-01	7.489931679334145553e-02	3.099408101094570586e-02	8.024836624349335201e-02
1.248144715123063179e+03	2.420740680122248356e-01	1.546195309007042384e-01	2.566055897286898535e-01	1.594630070220319495e-01	7.524114861876760041e-02	3.121859699002427213e-02	8.077805872738588744e-02
1.262658025764028707e+03	2.402041261225842106e-01	1.533626481973437150e-01	2.578110587305413315e-01	1.603056008363313023e-01	7.557753358199954807e-02	3.144034670510750112e-02	8.129868582592100767e-02
1.277171336404994690e+03	2.383663542794072221e-01	1.521265299010319816e-01	2.589947115238941944e-01	1.611341122615359001e-01	7.590856320497769982e-02	3.165934451315244313e-02	8.181038431582926540e-02
1.291684647045960673e+03	2.365601934587164279e-01	1.509108348374739450e-01	2.601569742976102551e-01	1.619487745074488505e-01	7.623432701360705055e-02	3.187560572034601331e-02	8.231329016462614334e-02
1.306197957686926657e+03	2.347850945941936662e-01	1.497152273574688941e-01	2.612982635297083078e-01	1.627498169454844323e-01	7.655491261236445355e-02	3.208914651411275826e-02	8.280753844649613171e-02
1.320711268327892412e+03	2.330405183880595033e-01	1.485393772513026733e-01	2.624189862705176846e-01	1.635374651710557736e-01	7.687040575465711734e-02	3.229998389890259558e-02	8.329326326533334490e-02
1.335224578968857941e+03	2.313259351261431618e-01	1.473829596642620421e-01	2.635195404151807197e-01	1.643119410649853396e-01	7.718089040921466415e-02	3.250813563554569990e-02	8.377059768449700294e-02
1.349737889609823924e+03	2.296408244970205292e-01	1.462456550132681388e-01	2.646003149659718612e-01	1.650734628539511362e-01	7.748644882277723467e-02	3.271362018397442478e-02	8.423967366286537473e-02
1.364251200250789907e+03	2.279846754151024224e-01	1.451271489046248309e-01	2.656616902848769057e-01	1.658222451699821742e-01	7.778716157932366593e-02	3.291645664912404984e-02	8.470062199679470605e-02
1.378764510891755890e+03	2.263569858475602270e-01	1.440271320528776211e-01	2.667040383368599610e-01	1.665584991090164335e-01	7.808310765606681081e-02	3.311666472983527953e-02	8.515357226761241516e-02
1.393277821532721646e+03	2.247572626449799993e-01	1.429453002007774753e-01	2.677277229242231993e-01	1.672824322885344828e-01	7.837436447642726067e-02	3.331426467059201563e-02	8.559865279429433593e-02
1.407791132173687402e+03	2.231850213756407242e-01	1.418813540403436046e-01	2.687330999124469266e-01	1.679942489042817733e-01	7.866100796018206387e-02	3.350927721593758429e-02	8.603599059099607815e-02
1.422304442814653157e+03	2.216397861633163935e-01	1.408349991350189567e-01	2.697205174478803369e-01	1.686941497860926231e-01	7.894311257097143264e-02	3.370172356742182768e-02	8.646571132912717061e-02
1.436817753455619140e+03	2.201210895285050650e-01	1.398059458429114221e-01	2.706903161676352254e-01	1.693823324528285768e-01	7.922075136133381601e-02	3.389162534294009460e-02	8.688793930367456897e-02
1.451331064096585123e+03	2.186284722329918662e-01	1.387939092411129005e-01	2.716428294020195588e-01	1.700589911664442400e-01	7.949399601542797567e-02	3.407900453833331150e-02	8.730279740349891626e-02
1.465844374737550879e+03	2.171614831276566238e-01	1.377986090510891770e-01	2.725783833698318670e-01	1.707243169851928588e-01	7.976291688958980775e-02	3.426388349112575310e-02	8.771040708534273700e-02
1.480357685378516862e+03	2.157196790034397182e-01	1.368197695651313106e-01	2.734972973668224339e-01	1.713784978159843819e-01	8.002758305086163371e-02	3.444628484628430021e-02	8.811088835130499730e-02
1.494870996019482618e+03	2.143026244453829221e-01	1.358571195738609017e-01	2.743998839476139429e-01	1.720217184659084131e-01	8.028806231362221879e-02	3.462623152388972364e-02	8.850435972955059127e-02
1.509384306660448374e+03	2.129098916896653981e-01	1.349103922947796352e-01	2.752864491013592430e-01	1.726541606929340722e-01	8.054442127443704746e-02	3.480374668861666021e-02	8.889093825803674742e-02
1.523897617301414357e+03	2.115410604835572528e-01	1.339793253018540797e-01	2.761572924214020230e-01	1.732760032557992547e-01	8.079672534524026672e-02	3.497885372092491424e-02	8.927073947105100549e-02
1.538410927942380113e+03	2.101957179482163707e-01	1.330636604561263314e-01	2.770127072691945802e-01	1.738874219631011964e-01	8.104503878495238067e-02	3.515157618987028998e-02	8.964387738836759878e-02
1.552924238583346096e+03	2.088734584442566711e-01	1.321631438373405132e-01	2.778529809327126010e-01	1.744885897216001680e-01	8.128942472963039678e-02	3.532193782744815630e-02	9.001046450684027644e-02
1.567437549224311852e+03	2.075738834400179533e-01	1.312775256765753296e-01	2.786783947795981042e-01	1.750796765837482338e-01	8.152994522124087928e-02	3.548996250438803818e-02	9.037061179426034152e-02
1.581950859865277607e+03	2.062966013824706624e-01	1.304065602898724641e-01	2.794892244052501473e-01	1.756608497944543712e-01	8.176666123514034212e-02	3.565567420732199122e-02	9.072442868531888083e-02
1.596464170506243590e+03	2.050412275706906262e-01	1.295500060128504383e-01	2.802857397760727953e-01	1.762322738370981356e-01	8.199963270634152979e-02	3.581909701725389389e-02	9.107202307952154408e-02
1.610977481147209119e+03	2.038073840318410657e-01	1.287076251362934687e-01	2.810682053680785275e-01	1.767941104788022799e-01	8.222891855463920763e-02	3.598025508926074728e-02	9.141350134091355550e-02
1.625490791788175102e+03	2.025946993996017020e-01	1.278791838427047189e-01	2.818368803010399826e-01	1.773465188149767890e-01	8.245457670866378208e-02	3.613917263336100666e-02	9.174896829948087085e-02
1.640004102429141085e+03	2.014028087949854828e-01	1.270644521438130670e-01	2.825920184683690661e-01	1.778896553131440461e-01	8.267666412892708816e-02	3.629587389648845225e-02	9.207852725410164973e-02
1.654517413070107068e+03	2.002313537094877749e-01	1.262632038190227290e-01	2.833338686628980030e-01	1.784236738560574242e-01	8.289523682991982445e-02	3.645038314551356240e-02	9.240227997692958273e-02
1.669030723711072824e+03	1.990799818905113483e-01	1.254752163547946942e-01	2.840626746987272022e-01	1.789487257841232415e-01	8.311034990131672961e-02	3.660272465125750940e-02	9.272032671909816171e-02
1.683544034352038352e+03	1.979483472290158030e-01	1.247002708849491021e-01	2.847786755292972538e-01	1.794649599371371251e-01	8.332205752834158374e-02	3.675292267344675706e-02	9.303276621764136611e-02
1.698057344993004335e+03	1.968361096493385087e-01	1.239381521318772827e-01	2.854821053618349924e-01	1.799725226953453883e-01	8.353041301134074559e-02	3.690100144655941022e-02	9.333969570353267686e-02
1.712570655633970318e+03	1.957429350011383185e-01	1.231886483486526879e-01	2.861731937683178462e-01	1.804715580198417713e-01	8.373546878461095300e-02	3.704698516651665219e-02	9.364121091075076897e-02
1.727083966274936301e+03	1.946684949534129572e-01	1.224515512620293206e-01	2.868521657930924174e-01	1.809622074923097623e-01	8.393727643452382481e-02	3.719089797817547866e-02	9.393740608628528554e-02
1.741597276915902057e+03	1.936124668905437607e-01	1.217266560163167699e-01	2.875192420572775798e-01	1.814446103541209332e-01	8.413588671698699062e-02	3.733276396358117810e-02	9.422837400100185501e-02
1.756110587556867813e+03	1.925745338103219406e-01	1.210137611181205802e-01	2.881746388600776032e-01	1.819189035447990321e-01	8.433134957427920742e-02	3.747260713094015261e-02	9.451420596129059271e-02
1.770623898197833569e+03	1.915543842239126326e-01	1.203126683819368548e-01	2.888185682771229890e-01	1.823852217398597986e-01	8.452371415129406040e-02	3.761045140427581729e-02	9.479499182142689384e-02
1.785137208838799552e+03	1.905517120577134849e-01	1.196231828765900590e-01	2.894512382559535357e-01	1.828436973880364080e-01	8.471302881122516615e-02	3.774632061373243974e-02	9.507081999657790439e-02
1.799650519479765535e+03	1.895662165570666524e-01	1.189451128725028950e-01	2.900728527087507724e-01	1.832944607478999288e-01	8.489934115072310383e-02	3.788023848649339775e-02	9.534177747639220601e-02
1.814163830120731291e+03	1.885976021917834533e-01	1.182782697897871577e-01	2.906836116024240080e-01	1.837376399238846436e-01	8.508269801455289882e-02	3.801222863828222776e-02	9.560794983911462264e-02
1.828677140761696819e+03	1.876455785634428830e-01	1.176224681471445960e-01	2.912837110461481416e-01	1.841733609017271178e-01	8.526314550977863449e-02	3.814231456541657822e-02	9.586942126617113702e-02
1.843190451402663257e+03	1.867098603144253244e-01	1.169775255115668433e-01	2.918733433764483243e-01	1.846017475833287014e-01	8.544072901950026944e-02	3.827051963738655610e-02	9.612627455717302760e-02
1.857703762043628785e+03	1.857901670386451487e-01	1.163432624488235784e-01	2.924526972399206781e-01	1.850229218210502902e-01	8.561549321616615527e-02	3.839686708993059194e-02	9.637859114529262472e-02
1.872217072684594768e+03	1.848862231939452094e-01	1.157195024747277867e-01	2.930219576736754483e-01	1.854370034514484233e-01	8.578748207448320950e-02	3.852138001858326777e-02	9.662645111296574996e-02
1.886730383325560297e+03	1.839977580161190340e-01	1.151060720071676591e-01	2.935813061835851334e-01	1.858441103284615425e-01	8.595673888394536610e-02	3.864408137267093951e-02	9.686993320787948281e-02
1.901243693966526507e+03	1.831245054345260748e-01	1.145028003188942184e-01	2.941309208204158643e-01	1.862443583560552118e-01	8.612330626099942710e-02	3.876499394973215856e-02	9.710911485920621644e-02
1.915757004607492036e+03	1.822662039892673225e-01	1.139095194910541148e-01	2.946709762539173605e-01	1.866378615203345970e-01	8.628722616086674513e-02	3.888414039034115977e-02	9.734407219404789258e-02
1.930270315248458019e+03	1.814225967498880876e-01	1.133260643674570134e-01	2.952016438449433511e-01	1.870247319211331138e-01	8.644853988903737629e-02	3.900154317331366166e-02	9.757488005405655362e-02
1.944783625889424002e+03	1.805934312355775839e-01	1.127522725095670003e-01	2.957230917156709049e-01	1.874050798030854059e-01	8.660728811245275993e-02	3.911722461127552924e-02	9.780161201219995937e-02
1.959296936530389530e+03	1.797784593368336181e-01	1.121879841522077648e-01	2.962354848179851730e-01	1.877790135861924781e-01	8.676351087039189947e-02	3.923120684657551566e-02	9.802434038964265295e-02
1.973810247171355968e+03	1.789774372385634638e-01	1.116330421599711492e-01	2.967389850000914375e-01	1.881466398958879516e-01	8.691724758507485271e-02	3.934351184752455516e-02	9.824313627271570593e-02
1.988323557812321269e+03	1.781901253445908329e-01	1.110872919843189088e-01	2.972337510714156972e-01	1.885080635926124626e-01	8.706853707199697923e-02	3.945416140494475976e-02	9.845806952994952399e-02
2.002836868453287707e+03	1.774162882035413558e-01	1.105505816213674386e-01	2.977199388658506307e-01	1.888633878009048084e-01	8.721741755000608776e-02	3.956317712901227801e-02	9.866920882914653745e-02
2.017350179094252780e+03	1.766556944360785641e-01	1.100227615703456840e-01	2.981977013034031732e-01	1.892127139380172518e-01	8.736392665113398848e-02	3.967058044637872261e-02	9.887662165447182183e-02
2.031863489735218764e+03	1.759081166634632321e-01	1.095036847927160217e-01	2.986671884502950514e-01	1.895561417420625061e-01	8.750810143019367715e-02	3.977639259755699069e-02	9.908037432354170615e-02
2.046376800376184747e+03	1.751733314374100958e-01	1.089932066719486448e-01	2.991285475775686820e-01	1.898937692997003657e-01	8.764997837415203219e-02	3.988063463455780028e-02	9.928053200449157845e-02
2.060890111017150957e+03	1.744511191712160292e-01	1.084911849739392670e-01	2.995819232182457825e-01	1.902256930733707552e-01	8.778959341128785010e-02	3.998332741876377272e-02	9.947715873300577716e-02
2.075403421658116713e+03	1.737412640721345547e-01	1.079974798080610143e-01	3.000274572230857140e-01	1.905520079280811629e-01	8.792698192014419822e-02	4.008449161902900154e-02	9.967031742929363669e-02
2.089916732299082469e+03	1.730435540749724055e-01	1.075119535888406502e-01	3.004652888149881296e-01	1.908728071577549812e-01	8.806217873828368903e-02	4.018414770999222119e-02	9.986006991499718488e-02
2.104430042940048224e+03	1.723577807768841008e-01	1.070344709982499476e-01	3.008955546420830629e-01	1.911881825111483579e-01	8.819521817085447524e-02	4.028231597059251518e-02	1.000464769300168644e-01
2.118943353581013525e+03	1.716837393733410821e-01	1.065648989486027570e-01	3.013183888295485890e-01	1.914982242173422777e-01	8.832613399897472350e-02	4.037901648277691935e-02	1.002295981492430238e-01
2.133456664221980191e+03	1.710212285952530942e-01	1.061031065460487088e-01	3.017339230301966935e-01	1.918030210108166156e-01	8.845495948794251939e-02	4.047426913038990742e-02	1.004094921991818268e-01
2.147969974862945492e+03	1.703700506472187737e-01	1.056489650546544867e-01	3.021422864738645409e-01	1.921026601561132141e-01	8.858172739527800377e-02	4.056809359823513456e-02	1.005862166744652120e-01
2.162483285503912157e+03	1.697300111468844352e-01	1.052023478610635138e-01	3.025436060156471152e-01	1.923972274720943954e-01	8.870646997860395788e-02	4.066050937130034210e-02	1.007598281542355784e-01
2.176996596144877003e+03	1.691009190653892658e-01	1.047631304397254187e-01	3.029380061830074244e-01	1.926868073558034855e-01	8.882921900337069354e-02	4.075153573413680536e-02	1.009303822183962862e-01
2.191509906785843214e+03	1.684825866688763885e-01	1.043311903186864426e-01	3.033256092217959665e-01	1.929714828059339304e-01	8.895000575043113256e-02	4.084119177038499776e-02	1.010979334637205768e-01
2.206023217426809424e+03	1.678748294610493130e-01	1.039064070459321670e-01	3.037065351412137071e-01	1.932513354459130528e-01	8.906886102347102985e-02	4.092949636243865819e-02	1.012625355198114308e-01
2.220536528067775180e+03	1.672774661267541485e-01	1.034886621562740583e-01	3.040809017577482676e-01	1.935264455466071121e-01	8.918581515629955825e-02	4.101646819123987153e-02	1.014242410649064119e-01
2.235049838708740936e+03	1.666903184765678170e-01	1.030778391387712906e-01	3.044488247381128554e-01	1.937968920486533297e-01	8.930089802000480692e-02	4.110212573619792531e-02	1.015831018415214310e-01
2.249563149349706237e+03	1.661132113923734221e-01	1.026738234046797593e-01	3.048104176412181898e-01	1.940627525844254575e-01	8.941413902997882857e-02	4.118648727522527392e-02	1.017391686719285038e-01
2.264076459990672902e+03	1.655459727739043152e-01	1.022765022559199571e-01	3.051657919592035695e-01	1.943241034996383565e-01	8.952556715281621835e-02	4.126957088488416442e-02	1.018924914734629650e-01
2.278589770631638203e+03	1.649884334862382895e-01	1.018857648540556354e-01	3.055150571575538931e-01	1.945810198745975550e-01	8.963521091309041566e-02	4.135139444063769265e-02	1.020431192736560577e-01
2.293103081272604413e+03	1.644404273082245016e-01	1.015015021897752445e-01	3.058583207143292237e-01	1.948335755450999740e-01	8.974309840001137850e-02	4.143197561719966920e-02	1.021911002251894990e-01
2.307616391913570169e+03	1.639017908818252989e-01	1.011236070528684222e-01	3.061956881585303214e-01	1.950818431229910110e-01	8.984925727396818329e-02	4.151133188897750820e-02	1.023364816206688427e-01
2.322129702554535925e+03	1.633723636623563014e-01	1.007519740026895927e-01	3.065272631076241816e-01	1.953258940163835056e-01	8.995371477295996399e-02	4.158948053060294164e-02	1.024793099072131286e-01
2.336643013195502135e+03	1.628519878696075840e-01	1.003864993391012511e-01	3.068531473042532820e-01	1.955657984495447477e-01	9.005649771891850730e-02	4.166643861754558420e-02	1.026196307008586245e-01
2.351156323836467891e+03	1.623405084398301945e-01	1.000270810738890653e-01	3.071734406521497429e-01	1.958016254824561930e-01	9.015763252392523797e-02	4.174222302680446334e-02	1.027574888007746767e-01
2.365669634477433647e+03	1.618377729785712982e-01	9.967361890264174462e-02	3.074882412512757734e-01	1.960334430300515185e-01	9.025714519632584143e-02	4.181685043767294219e-02	1.028929282032903791e-01
2.380182945118399402e+03	1.613436317143428222e-01	9.932601417708797342e-02	3.077976454322118305e-01	1.962613178811384307e-01	9.035506134674499423e-02	4.189033733257274683e-02	1.030259921157307412e-01
2.394696255759364703e+03	1.608579374531079464e-01	9.898416987788347110e-02	3.081017477898105872e-01	1.964853157170091402e-01	9.045140619400394988e-02	4.196269999795285838e-02	1.031567229700615651e-01
2.409209566400331823e+03	1.603805455335705621e-01	9.864799058784090580e-02	3.084006412161381383e-01	1.967055011297446088e-01	9.054620457094340880e-02	4.203395452524943260e-02	1.032851624363424342e-01
2.423722877041296670e+03	1.599113137832529064e-01	9.831738246559557082e-02	3.086944169327189846e-01	1.969219376402177313e-01	9.063948093015394836e-02	4.210411681190288219e-02	1.034113514359874808e-01
2.438236187682262880e+03	1.594501024753468277e-01	9.799225321970017610e-02	3.089831645221035594e-01	1.971346877158000332e-01	9.073125934961648320e-02	4.217320256242859666e-02	1.035353301548338628e-01
2.452749498323228636e+03	1.589967742863246658e-01	9.767251208314164934e-02	3.092669719587755051e-01	1.973438127877771564e-01	9.082156353825464323e-02	4.224122728953782352e-02	1.036571380560180888e-01
2.467262808964194392e+03	1.585511942542958963e-01	9.735806978827327152e-02	3.095459256394156311e-01	1.975493732684775738e-01	9.091041684140124812e-02	4.230820631530553266e-02	1.037768138926604550e-01
2.481776119605160602e+03	1.581132297380957730e-01	9.704883854215576311e-02	3.098201104125375971e-01	1.977514285681192807e-01	9.099784224618080730e-02	4.237415477238209299e-02	1.038943957203582735e-01
2.496289430246126358e+03	1.576827503770930061e-01	9.674473200230045145e-02	3.100896096075127506e-01	1.979500371113792068e-01	9.108386238680989122e-02	4.243908760524588153e-02	1.040099209094884763e-01
2.510802740887092114e+03	1.572596280517029044e-01	9.644566525280844071e-02	3.103545050629972768e-01	1.981452563536896527e-01	9.116849954981719184e-02	4.250301957149390381e-02	1.041234261573204256e-01
2.525316051528057415e+03	1.568437368445937119e-01	9.615155478089908170e-02	3.106148771547777021e-01	1.983371427972664136e-01	9.125177567918486832e-02	4.256596524316786506e-02	1.042349474999401809e-01
2.539829362169024080e+03	1.564349530025732626e-01	9.586231845382184313e-02	3.108708048230487409e-01	1.985257520068729742e-01	9.133371238141302362e-02	4.262793900811302772e-02	1.043445203239869723e-01
2.554342672809989381e+03	1.560331548991437112e-01	9.557787549614531197e-02	3.111223655991362524e-01	1.987111386253248013e-01	9.141433093050860270e-02	4.268895507136752365e-02	1.044521793782036134e-01
2.568855983450955591e+03	1.556382229977124887e-01	9.529814646741714690e-02	3.113696356316797420e-01	1.988933563887384792e-01	9.149365227290043312e-02	4.274902745657970654e-02	1.045579587848018133e-01
2.583369294091921347e+03	1.552500398154472161e-01	9.502305324018930910e-02	3.116126897122865613e-01	1.990724581415294070e-01	9.157169703228176805e-02	4.280817000745140710e-02	1.046618920506441341e-01
2.597882604732887103e+03	1.548684898877636384e-01	9.475251897840226978e-02	3.118516013006706888e-01	1.992484958511624160e-01	9.164848551438167790e-02	4.286639638920496792e-02	1.047640120782441092e-01
2.612395915373853313e+03	1.544934597334344517e-01	9.448646811612307350e-02	3.120864425492880234e-01	1.994215206226593595e-01	9.172403771166670605e-02	4.292372009007201783e-02	1.048643511765861708e-01
2.626909226014819069e+03	1.541248378203083635e-01	9.422482633663081808e-02	3.123172843274798494e-01	1.995915827128674214e-01	9.179837330797403772e-02	4.298015442280214010e-02	1.049629410717670824e-01
2.641422536655784825e+03	1.537625145316285358e-01	9.396752055184448560e-02	3.125441962451364075e-01	1.997587315444925571e-01	9.187151168307734761e-02	4.303571252618958870e-02	1.050598129174608319e-01
2.655935847296750580e+03	1.534063821329391120e-01	9.371447888208746246e-02	3.127672466758903980e-01	1.999230157199012037e-01	9.194347191718665879e-02	4.309040736661629012e-02	1.051549973052085807e-01
2.670449157937716336e+03	1.530563347395700047e-01	9.346563063618314182e-02	3.129865027798530708e-01	2.000844830346948100e-01	9.201427279538325343e-02	4.314425173960954873e-02	1.052485242745359734e-01
2.684962468578682547e+03	1.527122682846888402e-01	9.322090629187654298e-02	3.132020305259010651e-01	2.002431804910602686e-01	9.208393281199082903e-02	4.319725827141285279e-02	1.053404233228993764e-01
2.699475779219648302e+03	1.523740804879109012e-01	9.298023747657647997e-02	3.134138947135265973e-01	2.003991543109003848e-01	9.215247017488381598e-02	4.324943942056827528e-02	1.054307234154633760e-01
2.713989089860614058e+03	1.520416708244561321e-01	9.274355694841321385e-02	3.136221589942579935e-01	2.005524499487477963e-01	9.221990280973418885e-02	4.330080747950909581e-02	1.055194529947113963e-01
2.728502400501579814e+03	1.517149404948440750e-01	9.251079857760631520e-02	3.138268858926633320e-01	2.007031121044657862e-01	9.228624836419743738e-02	4.335137457616122098e-02	1.056066399898916153e-01
2.743015711142545115e+03	1.513937923951169384e-01	9.228189732813801838e-02	3.140281368269434714e-01	2.008511847357398461e-01	9.235152421203896012e-02	4.340115267555224449e-02	1.056923118263002198e-01
2.757529021783511780e+03	1.510781310875816130e-01	9.205678923972676619e-02	3.142259721291258967e-01	2.009967110703628768e-01	9.241574745720164408e-02	4.345015358142674533e-02	1.057764954344042052e-01
2.772042332424477081e+03	1.507678627720610287e-01	9.183541141009637920e-02	3.144204510648662132e-01	2.011397336183180229e-01	9.247893493781562946e-02	4.349838893786684563e-02	1.058592172588057184e-01
2.786555643065443292e+03	1.504628952576460843e-01	9.161770197753579814e-02	3.146116318528675571e-01	2.012802941836619730e-01	9.254110323015123096e-02	4.354587023091681386e-02	1.059405032670504149e-01
2.801068953706408593e+03	1.501631379349395445e-01	9.140360010374498634e-02	3.147995716839250835e-01	2.014184338762123327e-01	9.260226865251565409e-02	4.359260879021067958e-02	1.060203789582815775e-01
2.815582264347374803e+03	1.498685017487824123e-01	9.119304595696206550e-02	3.149843267396042479e-01	2.015541931230420136e-01	9.266244726909465823e-02	4.363861579060190898e-02	1.060988693717425518e-01
2.830095574988341014e+03	1.495788991714549210e-01	9.098598069536720234e-02	3.151659522105603184e-01	2.016876116797840512e-01	9.272165489373968006e-02	4.368390225379413516e-02	1.061759990951295224e-01
2.844608885629306769e+03	1.492942441763436545e-01	9.078234645075891618e-02	3.153445023145071135e-01	2.018187286417497950e-01	9.277990709370155520e-02	4.372847904997209656e-02	1.062517922727967135e-01
2.859122196270272525e+03	1.490144522120661619e-01	9.058208631249813070e-02	3.155200303138422924e-01	2.019475824548636056e-01	9.283721919331128225e-02	4.377235689943190233e-02	1.063262726138164971e-01
2.873635506911238281e+03	1.487394401770453234e-01	9.038514431171576491e-02	3.156925885329366910e-01	2.020742109264171693e-01	9.289360627760887001e-02	4.381554637420981280e-02	1.063994633998962547e-01
2.888148817552204036e+03	1.484691263945256412e-01	9.019146540577960280e-02	3.158622283750945892e-01	2.021986512356460930e-01	9.294908319592083690e-02	4.385805789970880636e-02	1.064713874931544207e-01
2.902662128193170247e+03	1.482034305880230995e-01	9.000099546301607023e-02	3.160290003391916236e-01	2.023209399441321110e-01	9.300366456538726456e-02	4.389990175632214886e-02	1.065420673437577626e-01
2.917175438834136003e+03	1.479422738572015728e-01	8.981368124768292216e-02	3.161929540359977309e-01	2.024411130060334019e-01	9.305736477443894705e-02	4.394108808105333386e-02	1.066115249974221024e-01
2.931688749475101758e+03	1.476855786541680926e-01	8.962947040518871866e-02	3.163541382041915040e-01	2.025592057781461230e-01	9.311019798622537091e-02	4.398162686913171388e-02	1.066797821027785087e-01
2.946202060116067514e+03	1.474332687601791203e-01	8.944831144755498176e-02	3.165126007260712915e-01	2.026752530297996624e-01	9.316217814199440062e-02	4.402152797562319114e-02	1.067468599186073563e-01
2.960715370757033725e+03	1.471852692627514392e-01	8.927015373911721674e-02	3.166683886429710326e-01	2.027892889525886866e-01	9.321331896442407172e-02	4.406080111703541968e-02	1.068127793209420889e-01
2.975228681397999480e+03	1.469415065331696746e-01	8.909494748246082896e-02	3.168215481703859360e-01	2.029013471699442350e-01	9.326363396090733837e-02	4.409945587291695668e-02	1.068775608100449304e-01
2.989741992038964781e+03	1.467019082043843348e-01	8.892264370458803635e-02	3.169721247128136632e-01	2.030114607465470233e-01	9.331313642679030240e-02	4.413750168744982882e-02	1.069412245172566972e-01
3.004255302679930992e+03	1.464664031492925456e-01	8.875319424331215568e-02	3.171201628783178461e-01	2.031196621975850380e-01	9.336183944856468742e-02	4.417494787103500714e-02	1.070037902117225853e-01
3.018768613320896748e+03	1.462349214593957336e-01	8.858655173387551540e-02	3.172657064928185444e-01	2.032259834978583368e-01	9.340975590701507125e-02	4.421180360187043634e-02	1.070652773069962344e-01
3.033281923961862958e+03	1.460073944238269028e-01	8.842266959578723440e-02	3.174087986141158613e-01	2.033304560907334135e-01	9.345689848032154301e-02	4.424807792752100122e-02	1.071257048675239021e-01
3.047795234602828714e+03	1.457837545087413977e-01	8.826150201987741084e-02	3.175494815456521014e-01	2.034331108969496815e-01	9.350327964711833972e-02	4.428377976648016634e-02	1.071850916150107885e-01
3.062308545243794470e+03	1.455639353370647149e-01	8.810300395556412700e-02	3.176877968500169680e-01	2.035339783232804900e-01	9.354891168950912883e-02	4.431891790972284501e-02	1.072434559346716332e-01
3.076821855884760225e+03	1.453478716685910332e-01	8.794713109832980047e-02	3.178237853622022380e-01	2.036330882710508383e-01	9.359380669603942215e-02	4.435350102224915048e-02	1.073008158813674312e-01
3.091335166525725526e+03	1.451354993804263305e-01	8.779383987740341233e-02	3.179574872026097454e-01	2.037304701445147304e-01	9.363797656462684305e-02	4.438753764461868950e-02	1.073571891856301974e-01
3.105848477166692192e+03	1.449267554477700892e-01	8.764308744364543435e-02	3.180889417898182248e-01	2.038261528590936955e-01	9.368143300544956587e-02	4.442103619447506507e-02	1.074125932595778321e-01
3.120361787807657493e+03	1.447215779250297651e-01	8.749483165763187464e-02	3.182181878531138985e-01	2.039201648494795571e-01	9.372418754379374661e-02	4.445400496806028307e-02	1.074670452027208234e-01
3.134875098448624158e+03	1.445199059272618825e-01	8.734903107793438870e-02	3.183452634447887508e-01	2.040125340776029472e-01	9.376625152286034715e-02	4.448645214171881995e-02	1.075205618076628261e-01
3.149388409089589004e+03	1.443216796119344836e-01	8.720564494959315294e-02	3.184702059522122042e-01	2.041032880404703154e-01	9.380763610653189422e-02	4.451838577339109482e-02	1.075731595656968242e-01
3.163901719730555214e+03	1.441268401610048822e-01	8.706463319277940593e-02	3.185930521096796419e-01	2.041924537778714854e-01	9.384835228209975622e-02	4.454981380409601954e-02	1.076248546722988059e-01
3.178415030371521425e+03	1.439353297633074735e-01	8.692595639164454879e-02	3.187138380100429380e-01	2.042800578799595368e-01	9.388841086295235394e-02	4.458074405940252311e-02	1.076756630325206576e-01
3.192928341012487181e+03	1.437470915972462460e-01	8.678957578335262657e-02	3.188325991161265471e-01	2.043661264947057299e-01	9.392782249122497151e-02	4.461118425088977241e-02	1.077256002662841522e-01
3.207441651653452936e+03	1.435620698137862750e-01	8.665545324729341525e-02	3.189493702719342072e-01	2.044506853352309195e-01	9.396659764041162544e-02	4.464114197759587455e-02	1.077746817135777774e-01
3.221954962294418237e+03	1.433802095197395376e-01	8.652355129447299176e-02	3.190641857136493620e-01	2.045337596870159258e-01	9.400474661793938036e-02	4.467062472745496338e-02	1.078229224395580027e-01
3.236468272935384903e+03	1.432014567613394684e-01	8.639383305707888649e-02	3.191770790804342450e-01	2.046153744149925569e-01	9.404227956770570829e-02	4.469963987872242056e-02	1.078703372395568433e-01
3.250981583576350204e+03	1.430257585080993155e-01	8.626626227821707071e-02	3.192880834250312327e-01	2.046955539705176130e-01	9.407920647257941860e-02	4.472819470138818254e-02	1.079169406439973306e-01
3.265494894217316414e+03	1.428530626369496626e-01	8.614080330181783651e-02	3.193972312241694644e-01	2.047743223982314009e-01	9.411553715686551969e-02	4.475629635857784894e-02	1.079627469232184861e-01
3.280008204858282170e+03	1.426833179166496213e-01	8.601742106270791888e-02	3.195045543887820583e-01	2.048517033428028378e-01	9.415128128873456737e-02	4.478395190794164094e-02	1.080077700922115330e-01
3.294521515499247926e+03	1.425164739924678070e-01	8.589608107684602867e-02	3.196100842740364212e-01	2.049277200555630618e-01	9.418644838261702734e-02	4.481116830303095988e-02	1.080520239152689271e-01
3.309034826140214136e+03	1.423524813711272707e-01	8.577674943171918753e-02	3.197138516891813720e-01	2.050023954010293803e-01	9.422104780156285997e-02	4.483795239466253219e-02	1.080955219105476511e-01
