4.208860085880095880e+02	4.263503805791385437e-01	2.749453685117438373e-01	1.305215885519129260e-01	7.826514202649433039e-02	4.239681643532996341e-02	1.476973186117525212e-02	3.275097203403284224e-02
4.353993192289755143e+02	4.212683179545782530e-01	2.717126358953529386e-01	1.342379193069786203e-01	8.045694740434385095e-02	4.333412895377715401e-02	1.508158484036453695e-02	3.390846564443233957e-02
4.499126298699413837e+02	4.162762000220679992e-01	2.685324890170059930e-01	1.378723317089835532e-01	8.261240589704325898e-02	4.425132896488585127e-02	1.539619121696393644e-02	3.505905317287705270e-02
4.644259405109071963e+02	4.113723407293559675e-01	2.654041049192741308e-01	1.414271678992732040e-01	8.473211508365385836e-02	4.514906218514916358e-02	1.571316442273278102e-02	3.620204476038855340e-02
4.789392511518730657e+02	4.065550904656304310e-01	2.623266717932563608e-01	1.449046795631574458e-01	8.681666283150414609e-02	4.602794463259347879e-02	1.603214079825157276e-02	3.733680991543424088e-02
4.934525617928388783e+02	4.018228350299454243e-01	2.592993889273508268e-01	1.483070322461926271e-01	8.886662744961520977e-02	4.688856422362581294e-02	1.635277835324481371e-02	3.846277376985282603e-02
5.079658724338048046e+02	3.971739946397578325e-01	2.563214666495188809e-01	1.516363094425081104e-01	9.088257783991665617e-02	4.773148228043080921e-02	1.667475559407622168e-02	3.957941355361915131e-02
5.224791830747705035e+02	3.926070229776377207e-01	2.533921262635600025e-01	1.548945164677076325e-01	9.286507364627284711e-02	4.855723495395824346e-02	1.699777041472634587e-02	4.068625527596486657e-02
5.369924937157364866e+02	3.881204062743190963e-01	2.505105999798858396e-01	1.580835841281789944e-01	9.481466540134048104e-02	4.936633456725849495e-02	1.732153904776733214e-02	4.178287060107739592e-02
5.515058043567023560e+02	3.837126624263531016e-01	2.476761308412479268e-01	1.612053721979836429e-01	9.673189467127822627e-02	5.015927088365555730e-02	1.764579507204297806e-02	4.286887390726614594e-02
5.660191149976681118e+02	3.793823401467195100e-01	2.448879726438498161e-01	1.642616727138753452e-01	9.861729419833023536e-02	5.093651230399465907e-02	1.797028847394477671e-02	4.394391951911326422e-02
5.805324256386339812e+02	3.751280181468387154e-01	2.421453898542448580e-01	1.672542130984092379e-01	1.004713880413053151e-01	5.169850699696281610e-02	1.829478475934698603e-02	4.500769910271974067e-02
5.950457362795999643e+02	3.709483043485093390e-01	2.394476575223975501e-01	1.701846591205469494e-01	1.022946917139741785e-01	5.244568396625581830e-02	1.861906411342663381e-02	4.605993921471718267e-02
6.095590469205657200e+02	3.668418351243739606e-01	2.367940611912620619e-01	1.730546177026400789e-01	1.040877123214071776e-01	5.317845405815234405e-02	1.894292060574787051e-02	4.710039899624409582e-02
6.240723575615315895e+02	3.628072745655884779e-01	2.341838968032097512e-01	1.758656395821793228e-01	1.058509486942754152e-01	5.389721091285570170e-02	1.926616143813542764e-02	4.812886800358349981e-02
6.385856682024975726e+02	3.588433137754404867e-01	2.316164706036166476e-01	1.786192218362297746e-01	1.075848915211383983e-01	5.460233186277412692e-02	1.958860623299877451e-02	4.914516416762938072e-02
6.530989788434633283e+02	3.549486701877281880e-01	2.290910990419022242e-01	1.813168102760328582e-01	1.092900234787411856e-01	5.529417878073204784e-02	1.991008635989808401e-02	5.014913187479300843e-02
6.676122894844290840e+02	3.511220869087723906e-01	2.266071086702919068e-01	1.839598017188383561e-01	1.109668193603446790e-01	5.597309888093617014e-02	2.023044429826520094e-02	5.114064016237893084e-02
6.821256001253949535e+02	3.473623320819931859e-01	2.241638360405588948e-01	1.865495461436383340e-01	1.126157462021123434e-01	5.663942547536099381e-02	2.054953303430828368e-02	5.211958102185558495e-02
6.966389107663608229e+02	3.436681982740386609e-01	2.217606275989842113e-01	1.890873487371036998e-01	1.142372634075770194e-01	5.729347868806820843e-02	2.086721549023761932e-02	5.308586780381822912e-02
7.111522214073266923e+02	3.400385018815043625e-01	2.193968395797581961e-01	1.915744718356742760e-01	1.158318228702113206e-01	5.793556612983275650e-02	2.118336398405309615e-02	5.403943371879367519e-02
7.256655320482924481e+02	3.364720825573332963e-01	2.170718378970324935e-01	1.940121367694227772e-01	1.173998690941254891e-01	5.856598353531446838e-02	2.149785971823087519e-02	5.498023042836826246e-02
7.401788426892584312e+02	3.329678026560315418e-01	2.147849980358176314e-01	1.964015256130022813e-01	1.189418393129161727e-01	5.918501536488793985e-02	2.181059229573863514e-02	5.590822672143350158e-02
7.546921533302243006e+02	3.295245466968793613e-01	2.125357049419085154e-01	1.987437828486908475e-01	1.204581636066897887e-01	5.979293537312421053e-02	2.212145926189527240e-02	5.682340727063965591e-02
7.692054639711900563e+02	3.261412208443602578e-01	2.103233529110079270e-01	2.010400169462709108e-01	1.219492650172843001e-01	6.039000714580536333e-02	2.243036567067291029e-02	5.772577146442596507e-02
7.837187746121558121e+02	3.228167524050687409e-01	2.081473454772066189e-01	2.032913018642170666e-01	1.234155596617125955e-01	6.097648460724690300e-02	2.273722367411619080e-02	5.861533231025953250e-02
7.982320852531219089e+02	3.195500893403955822e-01	2.060070953009681405e-01	2.054986784764197549e-01	1.248574568438514526e-01	6.155261249960282399e-02	2.304195213362687095e-02	5.949211540496308903e-02
8.127453958940876646e+02	3.163401997943254829e-01	2.039020240567559483e-01	2.076631559284372874e-01	1.262753591643989148e-01	6.211862683573355498e-02	2.334447625193061815e-02	6.035615796824587292e-02
8.272587065350534203e+02	3.131860716357141028e-01	2.018315623204312570e-01	2.097857129270493393e-01	1.276696626291239367e-01	6.267475532712797615e-02	2.364472722460799273e-02	6.120750793577303672e-02
8.417720171760191761e+02	3.100867120144438771e-01	1.997951494565408936e-01	2.118672989666749717e-01	1.290407567554311685e-01	6.322121778828626582e-02	2.394264191013305981e-02	6.204622310831742898e-02
8.562853278169851592e+02	3.070411469308883534e-01	1.977922335056058745e-01	2.139088354960230753e-01	1.303890246772639316e-01	6.375822651889119508e-02	2.423816251742111696e-02	6.287237035373416383e-02
8.707986384579510286e+02	3.040484208181419845e-01	1.958222710715139259e-01	2.159112170281569099e-01	1.317148432483685738e-01	6.428598666502031989e-02	2.453123630994186177e-02	6.368602485868413154e-02
8.853119490989170117e+02	3.011075961365006770e-01	1.938847272091113183e-01	2.178753121969784490e-01	1.330185831439426314e-01	6.480469656058078509e-02	2.482181532550607056e-02	6.448726942720772737e-02
8.998252597398827675e+02	2.982177529797021553e-01	1.919790753120823590e-01	2.198019647629736451e-01	1.343006089606898490e-01	6.531454805008178599e-02	2.510985611088283401e-02	6.527619382341504073e-02
9.143385703808486369e+02	2.953779886924602915e-01	1.901047970011987276e-01	2.216919945709026618e-01	1.355612793153038453e-01	6.581572679379672774e-02	2.539531947045046284e-02	6.605289415571494183e-02
9.288518810218145063e+02	2.925874174988500886e-01	1.882613820130140947e-01	2.235461984619721565e-01	1.368009469414034895e-01	6.630841255630762210e-02	2.567817022812797847e-02	6.681747230015226691e-02
9.433651916627801484e+02	2.898451701411211556e-01	1.864483280890740224e-01	2.253653511428866107e-01	1.380199587849414433e-01	6.679277947936813897e-02	2.595837700187516792e-02	6.757003536056120641e-02
9.578785023037459041e+02	2.871503935285381059e-01	1.846651408657056792e-01	2.271502060140450086e-01	1.392186560981081289e-01	6.726899633996893946e-02	2.623591199008814753e-02	6.831069516337374969e-02
9.723918129447120009e+02	2.845022503958658522e-01	1.829113337644464321e-01	2.289014959590241205e-01	1.403973745317526889e-01	6.773722679443869299e-02	2.651075076925425364e-02	6.903956778504576064e-02
9.869051235856777566e+02	2.818999189711354769e-01	1.811864278831659680e-01	2.306199340973727197e-01	1.415564442263422817e-01	6.819762960936755214e-02	2.678287210226463350e-02	6.975677311017926263e-02
1.001418434226643626e+03	2.793425926523439573e-01	1.794899518879317923e-01	2.323062145026301151e-01	1.426961899014813906e-01	6.865035888009463072e-02	2.705225775681588743e-02	7.046243441853013156e-02
1.015931744867609382e+03	2.768294796927577850e-01	1.778214419056638462e-01	2.339610128873782502e-01	1.438169309440118504e-01	6.909556423745985554e-02	2.731889233336302208e-02	7.115667799919329906e-02
1.030445055508575479e+03	2.743598028945050116e-01	1.761804414176198763e-01	2.355849872570367765e-01	1.449189814947146049e-01	6.953339104348045530e-02	2.758276310211525695e-02	7.183963279035594784e-02
1.044958366149541234e+03	2.719327993101556817e-01	1.745665011537496925e-01	2.371787785340185584e-01	1.460026505336339542e-01	6.996398057657499114e-02	2.784385984859395757e-02	7.251143004310113549e-02
1.059471676790506763e+03	2.695477199520049383e-01	1.729791789879526476e-01	2.387430111537735267e-01	1.470682419640443606e-01	7.038747020692295853e-02	2.810217472729803490e-02	7.317220300783147668e-02
1.073984987431472746e+03	2.672038295087852400e-01	1.714180398342694811e-01	2.402782936341670839e-01	1.481160546950805179e-01	7.080399356251432241e-02	2.835770212304684901e-02	7.382208664196450443e-02
1.088498298072438729e+03	2.649004060695469009e-01	1.698826555440367814e-01	2.417852191195593581e-01	1.491463827230500305e-01	7.121368068641215077e-02	2.861043851959406414e-02	7.446121733762876838e-02
1.103011608713404712e+03	2.626367408544589277e-01	1.683726048040290746e-01	2.432643659008781323e-01	1.501595152114491849e-01	7.161665818572188202e-02	2.886038237512781116e-02	7.508973266816307279e-02
1.117524919354370468e+03	2.604121379522923441e-01	1.668874730356114111e-01	2.447162979129080540e-01	1.511557365697004662e-01	7.201304937273270146e-02	2.910753400429348658e-02	7.570777115228964627e-02
1.132038229995336451e+03	2.582259140643589079e-01	1.654268522949219056e-01	2.461415652099522844e-01	1.521353265306319702e-01	7.240297439867039719e-02	2.935189546639509206e-02	7.631547203489758013e-02
1.146551540636302207e+03	2.560773982546888927e-01	1.639903411741023831e-01	2.475407044209605167e-01	1.530985602267170287e-01	7.278655038047586456e-02	2.959347045944963131e-02	7.691297508343379608e-02
1.161064851277267962e+03	2.539659317062407107e-01	1.625775447035921473e-01	2.489142391851581204e-01	1.540457082650933951e-01	7.316389152100020998e-02	2.983226421978672424e-02	7.750042039895686796e-02
1.175578161918233945e+03	2.518908674829441474e-01	1.611880742554983315e-01	2.502626805691549605e-01	1.549770368013801136e-01	7.353510922298506225e-02	3.006828342690208780e-02	7.807794824096341013e-02
1.190091472559199701e+03	2.498515702973881647e-01	1.598215474480543796e-01	2.515865274664607076e-01	1.558928076123108908e-01	7.390031219717611843e-02	3.030153611328936444e-02	7.864569886514842512e-02
1.204604783200165684e+03	2.478474162839713335e-01	1.584775880511760660e-01	2.528862669802824925e-01	1.567932781672016496e-01	7.425960656489788425e-02	3.053203157898944781e-02	7.920381237330925694e-02
1.219118093841131440e+03	2.458777927773421745e-01	1.571558258931229357e-01	2.541623747904342978e-01	1.576787016982704182e-01	7.461309595539900030e-02	3.075978031061064877e-02	7.975242857464863444e-02
1.233631404482097196e+03	2.439420980959630947e-01	1.558558967682716900e-01	2.554153155051438473e-01	1.585493272698270950e-01	7.496088159826051756e-02	3.098479390458613522e-02	8.029168685777571257e-02
1.248144715123063179e+03	2.420397413306385748e-01	1.545774423460062053e-01	2.566455429984985659e-01	1.594053998463505484e-01	7.530306241114212429e-02	3.120708499444769385e-02	8.082172607274433485e-02
1.262658025764028707e+03	2.401701421378552859e-01	1.533201100807278505e-01	2.578535007342351859e-01	1.602471603594702587e-01	7.563973508312638039e-02	3.142666718190666869e-02	8.134268442250640330e-02
1.277171336404994690e+03	2.383327305377882233e-01	1.520835531229880466e-01	2.590396220765378565e-01	1.610748457738693240e-01	7.597099415390602684e-02	3.164355497154414110e-02	8.185469936319442197e-02
1.291684647045960673e+03	2.365269467168325257e-01	1.508674302317447313e-01	2.602043305884755853e-01	1.618886891521256755e-01	7.629693208904538004e-02	3.185776370892293152e-02	8.235790751268118326e-02
1.306197957686926657e+03	2.347522408345266987e-01	1.496714056877418153e-01	2.613480403186761447e-01	1.626889197185079905e-01	7.661763935153409477e-02	3.206930952194406159e-02	8.285244456689722092e-02
1.320711268327892412e+03	2.330080728347380392e-01	1.484951492080113233e-01	2.624711560768009933e-01	1.634757629217425678e-01	7.693320446983888117e-02	3.227820926527975171e-02	8.333844522341647687e-02
1.335224578968857941e+03	2.312939122609869169e-01	1.473383358614957783e-01	2.635740736983574473e-01	1.642494404967671240e-01	7.724371410264715965e-02	3.248448046772396680e-02	8.381604311184966127e-02
1.349737889609823924e+03	2.296092380757903395e-01	1.462006459857881080e-01	2.646571802993546441e-01	1.650101705254875817e-01	7.754925310048582654e-02	3.268814128230990157e-02	8.428537073061172225e-02
1.364251200250789907e+03	2.279535384839110890e-01	1.450817651049852997e-01	2.657208545212842443e-01	1.657581674965530050e-01	7.784990456438775630e-02	3.288921043905189412e-02	8.474655938965490465e-02
1.378764510891755890e+03	2.263263107594024881e-01	1.439813838486514452e-01	2.667654667668805102e-01	1.664936423641645569e-01	7.814574990176867408e-02	3.308770720017682049e-02	8.519973915878364945e-02
1.393277821532721646e+03	2.247270610763429932e-01	1.428991978718849032e-01	2.677913794270923020e-01	1.672168026059333845e-01	7.843686887966835886e-02	3.328365131771691965e-02	8.564503882118931766e-02
1.407791132173687402e+03	2.231553043431593331e-01	1.418349077764838317e-01	2.687989470996741126e-01	1.679278522798023088e-01	7.872333967550078360e-02	3.347706299334317348e-02	8.608258583186466362e-02
1.422304442814653157e+03	2.216105640404403831e-01	1.407882190332038208e-01	2.697885167997854383e-01	1.686269920800462507e-01	7.900523892545004145e-02	3.366796284032429198e-02	8.651250628057803593e-02
1.436817753455619140e+03	2.200923720621475177e-01	1.397588419051006003e-01	2.707604281629646392e-01	1.693144193923657725e-01	7.928264177064098250e-02	3.385637184750281414e-02	8.693492485910588041e-02
1.451331064096585123e+03	2.186002685601311779e-01	1.387464913719505255e-01	2.717150136408266747e-01	1.699903283480881377e-01	7.955562190120603339e-02	3.404231134518520552e-02	8.734996483244042431e-02
1.465844374737550879e+03	2.171338017918661711e-01	1.377508870557406784e-01	2.726525986898140075e-01	1.706549098774898798e-01	7.982425159836310791e-02	3.422580297284846806e-02	8.775774801370588019e-02
1.480357685378516862e+03	2.156925279713214905e-01	1.367717531472207315e-01	2.735735019533146462e-01	1.713083517622548679e-01	8.008860177461270269e-02	3.440686864857081528e-02	8.815839474253291119e-02
1.494870996019482618e+03	2.142760111228838027e-01	1.358088183335078858e-01	2.744780354374447562e-01	1.719508386870814975e-01	8.034874201215617961e-02	3.458553054009873978e-02	8.855202386665529668e-02
1.509384306660448374e+03	2.128838229382561953e-01	1.348618157267352791e-01	2.753665046807772243e-01	1.725825522904525511e-01	8.060474059963179672e-02	3.476181103746747020e-02	8.893875272650771102e-02
1.523897617301414357e+03	2.115155426362567426e-01	1.339304827937355113e-01	2.762392089182839072e-01	1.732036712145809121e-01	8.085666456725897067e-02	3.493573272709614430e-02	8.931869714261600479e-02
1.538410927942380113e+03	2.101707568254438940e-01	1.330145612867489613e-01	2.770964412397464716e-01	1.738143711545445391e-01	8.110457972047664665e-02	3.510731836728297334e-02	8.969197140558471393e-02
1.552924238583346096e+03	2.088490593694987962e-01	1.321137971751472628e-01	2.779384887428752449e-01	1.744148249066229672e-01	8.134855067215665536e-02	3.527659086502979435e-02	9.005868826849752762e-02
1.567437549224311852e+03	2.075500512552957422e-01	1.312279405781621999e-01	2.787656326813665597e-01	1.750052024158487152e-01	8.158864087346802407e-02	3.544357325412880733e-02	9.041895894155818625e-02
1.581950859865277607e+03	2.062733404635960499e-01	1.303567456986093054e-01	2.795781486081150846e-01	1.755856708227857554e-01	8.182491264346451743e-02	3.560828867444802009e-02	9.077289308880952257e-02
1.596464170506243590e+03	2.050185418423008388e-01	1.294999707575960335e-01	2.803763065137879207e-01	1.761563945095474260e-01	8.205742719746293712e-02	3.577076035235499107e-02	9.112059882677810141e-02
1.610977481147209119e+03	2.037852769822021959e-01	1.286573779302039033e-01	2.811603709609567514e-01	1.767175351450658294e-01	8.228624467427636535e-02	3.593101158222171410e-02	9.146218272490153067e-02
1.625490791788175102e+03	2.025731740951726700e-01	1.278287332821336775e-01	2.819306012139737860e-01	1.772692517296249604e-01	8.251142416236274812e-02	3.608906570895637628e-02	9.179774980760407876e-02
1.640004102429141085e+03	2.013818678947358332e-01	1.270138067073031118e-01	2.826872513647697427e-01	1.778117006386689680e-01	8.273302372494564794e-02	3.624494611151047457e-02	9.212740355789449109e-02
1.654517413070107068e+03	2.002109994789622316e-01	1.262123718663861194e-01	2.834305704547412375e-01	1.783450356658974056e-01	8.295110042416103946e-02	3.639867618731255916e-02	9.245124592236764194e-02
1.669030723711072824e+03	1.990602162156367427e-01	1.254242061262823282e-01	2.841608025928882286e-01	1.788694080656588192e-01	8.316571034428076048e-02	3.655027933758212000e-02	9.276937731749934635e-02
1.683544034352038352e+03	1.979291716296447956e-01	1.246490905005060573e-01	2.848781870703535057e-01	1.793849665946538052e-01	8.337690861406056586e-02	3.669977895347977664e-02	9.308189663712987394e-02
1.698057344993004335e+03	1.968175252925275509e-01	1.238868095904836764e-01	2.855829584715096625e-01	1.798918575529587782e-01	8.358474942825776244e-02	3.684719840305195060e-02	9.338890126103903400e-02
1.712570655633970318e+03	1.957249427141560250e-01	1.231371515277480400e-01	2.862753467817305553e-01	1.803902248243811623e-01	8.378928606836123782e-02	3.699256101893041992e-02	9.369048706452094699e-02
1.727083966274936301e+03	1.946510952364770841e-01	1.223999079170189491e-01	2.869555774919792523e-01	1.808802099161569699e-01	8.399057092257383728e-02	3.713589008674921671e-02	9.398674842887315417e-02
1.741597276915902057e+03	1.935956599292848745e-01	1.216748737801584546e-01	2.876238717003362644e-01	1.813619519980010364e-01	8.418865550508512763e-02	3.727720883424312515e-02	9.427777825271964340e-02
1.756110587556867813e+03	1.925583194879728621e-01	1.209618475009896638e-01	2.882804462105884591e-01	1.818355879405205988e-01	8.438359047467035301e-02	3.741654042099383515e-02	9.456366796409276798e-02
1.770623898197833569e+03	1.915387621332231005e-01	1.202606307709682409e-01	2.889255136279905156e-01	1.823012523530022355e-01	8.457542565264937473e-02	3.755390792879165912e-02	9.484450753320351757e-02
1.785137208838799552e+03	1.905366815125898450e-01	1.195710285356950259e-01	2.895592824523074427e-01	1.827590776205823830e-01	8.476421004023729222e-02	3.768933435258217668e-02	9.512038548583445774e-02
1.799650519479765535e+03	1.895517766039372665e-01	1.188928489422590162e-01	2.901819571682413001e-01	1.832091939408113102e-01	8.494999183531708187e-02	3.782284259196878190e-02	9.539138891729384562e-02
1.814163830120731291e+03	1.885837516206906039e-01	1.182259032873993893e-01	2.907937383333392134e-01	1.836517293596203193e-01	8.513281844866242565e-02	3.795445544324361348e-02	9.565760350687309288e-02
1.828677140761696819e+03	1.876323159188621470e-01	1.175700059664756686e-01	2.913948226634768823e-01	1.840868098067016401e-01	8.531273651963770799e-02	3.808419559192052772e-02	9.591911353275409113e-02
1.843190451402663257e+03	1.866971839058144400e-01	1.169249744232350313e-01	2.919854031160065699e-01	1.845145591303108956e-01	8.548979193140035515e-02	3.821208560574537033e-02	9.617600188731598165e-02
1.857703762043628785e+03	1.857780749507239315e-01	1.162906291003656806e-01	2.925656689706542801e-01	1.849350991315010240e-01	8.566402982562945634e-02	3.833814792815982975e-02	9.642835009279446257e-02
1.872217072684594768e+03	1.848747132967088480e-01	1.156667933908257090e-01	2.931358059082476153e-01	1.853485495977969799e-01	8.583549461680324566e-02	3.846240487219628607e-02	9.667623831724997396e-02
1.886730383325560297e+03	1.839868279745875412e-01	1.150532935899363784e-01	2.936959960873515851e-01	1.857550283363202659e-01	8.600423000604666413e-02	3.858487861478249181e-02	9.691974539080377982e-02
1.901243693966526507e+03	1.831141527182321704e-01	1.144499588482292274e-01	2.942464182188862520e-01	1.861546512063722292e-01	8.617027899456920770e-02	3.870559119143552468e-02	9.715894882210410199e-02
1.915757004607492036e+03	1.822564258814858562e-01	1.138566211250363752e-01	2.947872476387971563e-01	1.865475321514847851e-01	8.633368389671199072e-02	3.882456449132593718e-02	9.739392481498665433e-02
1.930270315248458019e+03	1.814133903566104156e-01	1.132731151428133659e-01	2.953186563788456342e-01	1.869337832309471981e-01	8.649448635262196872e-02	3.894182025269350006e-02	9.762474828529671411e-02
1.944783625889424002e+03	1.805847934942338417e-01	1.126992783421841976e-01	2.958408132355836995e-01	1.873135146508173310e-01	8.665272734057029302e-02	3.905738005859731715e-02	9.785149287784208894e-02
1.959296936530389530e+03	1.797703870247668034e-01	1.121349508376980469e-01	2.963538838375754381e-01	1.876868347944259385e-01	8.680844718893075684e-02	3.917126533298345703e-02	9.807423098344830725e-02
1.973810247171355968e+03	1.789699269812584370e-01	1.115799753742874600e-01	2.968580307109234262e-01	1.880538502523816935e-01	8.696168558783355651e-02	3.928349733705447516e-02	9.829303375608970661e-02
1.988323557812321269e+03	1.781831736236625940e-01	1.110341972844177683e-01	2.973534133431565696e-01	1.884146658520858275e-01	8.711248160050848177e-02	3.939409716592576910e-02	9.850797113007173089e-02
2.002836868453287707e+03	1.774098913644861220e-01	1.104974644459176814e-01	2.978401882455341543e-01	1.887693846867634917e-01	8.726087367433130182e-02	3.950308574555434077e-02	9.871911183724173255e-02
2.017350179094252780e+03	1.766498486957915059e-01	1.099696272404809549e-01	2.983185090138166240e-01	1.891181081440202194e-01	8.740689965158586483e-02	3.961048382992654604e-02	9.892652342420714395e-02
2.031863489735218764e+03	1.759028181175272820e-01	1.094505385128293484e-01	2.987885263875538766e-01	1.894609359339310128e-01	8.755059677995415124e-02	3.971631199849173094e-02	9.913027226954151949e-02
2.046376800376184747e+03	1.751685760671596315e-01	1.089400535305269924e-01	2.992503883079372651e-01	1.897979661166695475e-01	8.769200172274557725e-02	3.982059065382951429e-02	9.933042360096042134e-02
2.060890111017150957e+03	1.744469028505797603e-01	1.084380299444365342e-01	2.997042399742617103e-01	1.901292951296850442e-01	8.783115056887649819e-02	3.992334001953896233e-02	9.952704151245046760e-02
2.075403421658116713e+03	1.737375825742618896e-01	1.079443277498074311e-01	3.001502238990407245e-01	1.904550178144342742e-01	8.796807884260993138e-02	4.002458013833842809e-02	9.972018898133633291e-02
2.089916732299082469e+03	1.730404030786472092e-01	1.074588092479868973e-01	3.005884799618170344e-01	1.907752274426755823e-01	8.810282151306533804e-02	4.012433087036555018e-02	9.990992788527139346e-02
2.104430042940048224e+03	1.723551558727306476e-01	1.069813390087441807e-01	3.010191454617079376e-01	1.910900157423322809e-01	8.823541300350747074e-02	4.022261189166719680e-02	1.000963190191393321e-01
2.118943353581013525e+03	1.716816360698261712e-01	1.065117838331989392e-01	3.014423551687242520e-01	1.913994729229324676e-01	8.836588720042298783e-02	4.031944269286971000e-02	1.002794221118545048e-01
2.133456664221980191e+03	1.710196423244884079e-01	1.060500127173444329e-01	3.018582413739003267e-01	1.917036877006318973e-01	8.849427746239313386e-02	4.041484257802027691e-02	1.004592958430505362e-01
2.147969974862945492e+03	1.703689767705684477e-01	1.055958968161566647e-01	3.022669339382692555e-01	1.920027473228269332e-01	8.862061662877000756e-02	4.050883066359076828e-02	1.006359978596468863e-01
2.162483285503912157e+03	1.697294449603815591e-01	1.051493094082803226e-01	3.026685603407189840e-01	1.922967375923639310e-01	8.874493702816403651e-02	4.060142587763556493e-02	1.008095847922846344e-01
2.176996596144877003e+03	1.691008558049657551e-01	1.047101258612829627e-01	3.030632457247603440e-01	1.925857428913519964e-01	8.886727048674937512e-02	4.069264695909555196e-02	1.009801122716230265e-01
2.191509906785843214e+03	1.684830215154105859e-01	1.042782235974684807e-01	3.034511129442403199e-01	1.928698462045853323e-01	8.898764833639399852e-02	4.078251245724068275e-02	1.011476349444895978e-01
2.206023217426809424e+03	1.678757575452356210e-01	1.038534820602415171e-01	3.038322826080290251e-01	1.931491291425815049e-01	8.910610142262065381e-02	4.087104073124387532e-02	1.013122064898768770e-01
2.220536528067775180e+03	1.672788825337986618e-01	1.034357826810139852e-01	3.042068731237105861e-01	1.934236719642419000e-01	8.922266011240463646e-02	4.095824994987943418e-02	1.014738796347798566e-01
2.235049838708740936e+03	1.666922182507143690e-01	1.030250088466457131e-01	3.045750007403060788e-01	1.936935535991406721e-01	8.933735430181405368e-02	4.104415809133939858e-02	1.016327061698688028e-01
2.249563149349706237e+03	1.661155895412641248e-01	1.026210458674106790e-01	3.049367795900544409e-01	1.939588516694480125e-01	8.945021342349777915e-02	4.112878294316164168e-02	1.017887369649924101e-01
2.264076459990672902e+03	1.655488242727786719e-01	1.022237809454806939e-01	3.052923217292786151e-01	1.942196425114938174e-01	8.956126645402637254e-02	4.121214210226367691e-02	1.019420219845073167e-01
2.278589770631638203e+03	1.649917532819748511e-01	1.018331031439187462e-01	3.056417371783608505e-01	1.944760011969775826e-01	8.967054192109048805e-02	4.129425297507664794e-02	1.020926103024299564e-01
2.293103081272604413e+03	1.644442103232293673e-01	1.014489033561736253e-01	3.059851339608524179e-01	1.947280015538302433e-01	8.977806791056172631e-02	4.137513277777393750e-02	1.022405501174078191e-01
2.307616391913570169e+03	1.639060320177711805e-01	1.010710742760684289e-01	3.063226181417397775e-01	1.949757161867336219e-01	8.988387207341989871e-02	4.145479853658935732e-02	1.023858887675069135e-01
2.322129702554535925e+03	1.633770578037761212e-01	1.006995103682749582e-01	3.066542938648902927e-01	1.952192164973033939e-01	8.998798163255106175e-02	4.153326708821999252e-02	1.025286727448133928e-01
2.336643013195502135e+03	1.628571298873465745e-01	1.003341078392665786e-01	3.069802633896997479e-01	1.954585727039402365e-01	9.009042338942015171e-02	4.161055508030896827e-02	1.026689477098470388e-01
2.351156323836467891e+03	1.623460931943600805e-01	9.997476460874173132e-02	3.073006271269609346e-01	1.956938538613555434e-01	9.019122373062199438e-02	4.168667897200368372e-02	1.028067585057853006e-01
2.365669634477433647e+03	1.618437953231705306e-01	9.962138028151115710e-02	3.076154836739752874e-01	1.959251278797765061e-01	9.029040863431429809e-02	4.176165503458531547e-02	1.029421491724961807e-01
2.380182945118399402e+03	1.613500864981463889e-01	9.927385611984111680e-02	3.079249298489256104e-01	1.961524615438354768e-01	9.038800367653587742e-02	4.183549935216547555e-02	1.030751629603793157e-01
2.394696255759364703e+03	1.608648195240306167e-01	9.893209501624557201e-02	3.082290607245296021e-01	1.963759205311496892e-01	9.048403403741336892e-02	4.190822782244610356e-02	1.032058423440143646e-01
2.409209566400331823e+03	1.603878497411068416e-01	9.859600146672026222e-02	3.085279696609919409e-01	1.965955694305952794e-01	9.057852450725978333e-02	4.197985615753900557e-02	1.033342290356162319e-01
2.423722877041296670e+03	1.599190349811572820e-01	9.826548154441180905e-02	3.088217483382728612e-01	1.968114717602815200e-01	9.067149949256733676e-02	4.205039988484143149e-02	1.034603639982971113e-01
2.438236187682262880e+03	1.594582355241979110e-01	9.794044287371457547e-02	3.091104867876898199e-01	1.970236899852297052e-01	9.076298302189780842e-02	4.211987434796438112e-02	1.035842874591352547e-01
2.452749498323228636e+03	1.590053140559764822e-01	9.762079460478889636e-02	3.093942734228689040e-01	1.972322855347613257e-01	9.085299875167285322e-02	4.218829470771036372e-02	1.037060389220506723e-01
2.467262808964194392e+03	1.585601356262195116e-01	9.730644738849379694e-02	3.096731950700623015e-01	1.974373188196008599e-01	9.094156997186693403e-02	4.225567594309761338e-02	1.038256571804884593e-01
2.481776119605160602e+03	1.581225676076148390e-01	9.699731335172764868e-02	3.099473369978464343e-01	1.976388492486974013e-01	9.102871961160526049e-02	4.232203285242783913e-02	1.039431803299100537e-01
2.496289430246126358e+03	1.576924796555159436e-01	9.669330607317032367e-02	3.102167829462163517e-01	1.978369352457697017e-01	9.111447024466902411e-02	4.238738005439468548e-02	1.040586457800934395e-01
2.510802740887092114e+03	1.572697436683553052e-01	9.639434055942025514e-02	3.104816151550906511e-01	1.980316342655793760e-01	9.119884409491034460e-02	4.245173198923025276e-02	1.041720902672432503e-01
2.525316051528057415e+03	1.568542337487536797e-01	9.610033322152046475e-02	3.107419143922409699e-01	1.982230028099366825e-01	9.128186304157884234e-02	4.251510291988718632e-02	1.042835498659117066e-01
2.539829362169024080e+03	1.564458261653127180e-01	9.581120185186696447e-02	3.109977599806593163e-01	1.984110964434429025e-01	9.136354862456207149e-02	4.257750693325389885e-02	1.043930600007317161e-01
2.554342672809989381e+03	1.560443993150788800e-01	9.552686560149363515e-02	3.112492298253772272e-01	1.985959698089740932e-01	9.144392204954163161e-02	4.263895794140055290e-02	1.045006554579635538e-01
2.568855983450955591e+03	1.556498336866659615e-01	9.524724495772762811e-02	3.114964004397485775e-01	1.987776766429103503e-01	9.152300419306698409e-02	4.269946968285374261e-02	1.046063703968563158e-01
2.583369294091921347e+03	1.552620118240247704e-01	9.497226172220910034e-02	3.117393469712091414e-01	1.989562697901141874e-01	9.160081560754868013e-02	4.275905572389764042e-02	1.047102383608260190e-01
2.597882604732887103e+03	1.548808182908482933e-01	9.470183898926967658e-02	3.119781432265245069e-01	1.991318012186630015e-01	9.167737652617274913e-02	4.281772945989965884e-02	1.048122922884516112e-01
2.612395915373853313e+03	1.545061396356005590e-01	9.443590112466383746e-02	3.122128616965383907e-01	1.993043220343389543e-01	9.175270686773802364e-02	4.287550411665877470e-02	1.049125645242909716e-01
2.626909226014819069e+03	1.541378643571584273e-01	9.417437374464740496e-02	3.124435735804323433e-01	1.994738824948805167e-01	9.182682624141788597e-02	4.293239275177460762e-02	1.050110868295183186e-01
2.641422536655784825e+03	1.537758828710548420e-01	9.391718369539794886e-02	3.126703488095081140e-01	1.996405320239997283e-01	9.189975395144803216e-02	4.298840825603554572e-02	1.051078903923852309e-01
2.655935847296750580e+03	1.534200874763134159e-01	9.366425903277106335e-02	3.128932560705035559e-01	1.998043192251685307e-01	9.197150900174171084e-02	4.304356335482430879e-02	1.052030058385068634e-01
2.670449157937716336e+03	1.530703723228628577e-01	9.341552900238754564e-02	3.131123628284516736e-01	1.999652918951784486e-01	9.204211010043400476e-02	4.309787060953932519e-02	1.052964632409754964e-01
2.684962468578682547e+03	1.527266333795216924e-01	9.317092402004609197e-02	3.133277353490942496e-01	2.001234970374771438e-01	9.211157566435637656e-02	4.315134241903039597e-02	1.053882921303033737e-01
2.699475779219648302e+03	1.523887684025426181e-01	9.293037565245602927e-02	3.135394387208583211e-01	2.002789808752852840e-01	9.217992382344292190e-02	4.320399102104730688e-02	1.054785215041968705e-01
2.713989089860614058e+03	1.520566769047065336e-01	9.269381659828516973e-02	3.137475368764066630e-01	2.004317888644975287e-01	9.224717242506953740e-02	4.325582849369988964e-02	1.055671798371640296e-01
2.728502400501579814e+03	1.517302601249567451e-01	9.246118066951761194e-02	3.139520926137702728e-01	2.005819657063714345e-01	9.231333903832736332e-02	4.330686675692836662e-02	1.056542950899575783e-01
2.743015711142545115e+03	1.514094209985631934e-01	9.223240277311650637e-02	3.141531676170727927e-01	2.007295553600070837e-01	9.237844095823163904e-02	4.335711757398262589e-02	1.057398947188555871e-01
2.757529021783511780e+03	1.510940641278077090e-01	9.200741889298681697e-02	3.143508224768551407e-01	2.008746010546214322e-01	9.244249520986710933e-02	4.340659255290933716e-02	1.058240056847818689e-01
2.772042332424477081e+03	1.507840957531809412e-01	9.178616607223334667e-02	3.145451167100093981e-01	2.010171453016204313e-01	9.250551855247124422e-02	4.345530314804570138e-02	1.059066544622683237e-01
2.786555643065443292e+03	1.504794237250816624e-01	9.156858239570904445e-02	3.147361087793298373e-01	2.011572299064726399e-01	9.256752748345617454e-02	4.350326066151882082e-02	1.059878670482612972e-01
2.801068953706408593e+03	1.501799574760095679e-01	9.135460697284918108e-02	3.149238561126894709e-01	2.012948959803867455e-01	9.262853824237066158e-02	4.355047624474962104e-02	1.060676689707742704e-01
2.815582264347374803e+03	1.498856079932430196e-01	9.114417992078649444e-02	3.151084151218503937e-01	2.014301839517972925e-01	9.268856681480285020e-02	4.359696089996045049e-02	1.061460852973890034e-01
2.830095574988341014e+03	1.495962877919930212e-01	9.093724234774300252e-02	3.152898412209149126e-01	2.015631335776609245e-01	9.274762893622505444e-02	4.364272548168526139e-02	1.062231406436072723e-01
2.844608885629306769e+03	1.493119108890247348e-01	9.073373633669376548e-02	3.154681888444257343e-01	2.016937839545665245e-01	9.280574009578139438e-02	4.368778069828171268e-02	1.062988591810555272e-01
2.859122196270272525e+03	1.490323927767387702e-01	9.053360492929840575e-02	3.156435114651218177e-01	2.018221735296623909e-01	9.286291554001931126e-02	4.373213711344414029e-02	1.063732646455445296e-01
2.873635506911238281e+03	1.487576503977034725e-01	9.033679211009587595e-02	3.158158616113579398e-01	2.019483401114033627e-01	9.291917027656584893e-02	4.377580514771674952e-02	1.064463803449861024e-01
2.888148817552204036e+03	1.484876021196308571e-01	9.014324279095832504e-02	3.159852908841941366e-01	2.020723208801208093e-01	9.297451907774959001e-02	4.381879508000625922e-02	1.065182291671694509e-01
2.902662128193170247e+03	1.482221677107877778e-01	8.995290279579980230e-02	3.161518499741621802e-01	2.021941523984183975e-01	9.302897648416921794e-02	4.386111704909319287e-02	1.065888335873989290e-01
2.917175438834136003e+03	1.479612683158351982e-01	8.976571884553570524e-02	3.163155886777159198e-01	2.023138706213966631e-01	9.308255680820934352e-02	4.390278105514123369e-02	1.066582156759954408e-01
2.931688749475101758e+03	1.477048264320874882e-01	8.958163854328879405e-02	3.164765559133718154e-01	2.024315109067088558e-01	9.313527413750478934e-02	4.394379696120391532e-02	1.067263971056638949e-01
2.946202060116067514e+03	1.474527658861845836e-01	8.940061035983787319e-02	3.166347997375457690e-01	2.025471080244511113e-01	9.318714233835362348e-02	4.398417449472812740e-02	1.067933991587284165e-01
2.960715370757033725e+03	1.472050118111698780e-01	8.922258361930529569e-02	3.167903673600926395e-01	2.026606961668897533e-01	9.323817505908028880e-02	4.402392324905377019e-02	1.068592427342378859e-01
2.975228681397999480e+03	1.469614906239662955e-01	8.904750848507908545e-02	3.169433051595545447e-01	2.027723089580277527e-01	9.328838573334923001e-02	4.406305268490902372e-02	1.069239483549435099e-01
2.989741992038964781e+03	1.467221300032439113e-01	8.887533594596616626e-02	3.170936586981240035e-01	2.028819794630140061e-01	9.333778758342990700e-02	4.410157213190078057e-02	1.069875361741507019e-01
3.004255302679930992e+03	1.464868588676718764e-01	8.870601780257286739e-02	3.172414727363267462e-01	2.029897401973970172e-01	9.338639362341386030e-02	4.413949078999963860e-02	1.070500259824474776e-01
3.018768613320896748e+03	1.462556073545483448e-01	8.853950665390883379e-02	3.173867912474312991e-01	2.030956231362261999e-01	9.343421666238475864e-02	4.417681773101907183e-02	1.071114372143110033e-01
3.033281923961862958e+03	1.460283067988011330e-01	8.837575588421106576e-02	3.175296574315894516e-01	2.031996597230030233e-01	9.348126930754181718e-02	4.421356190008830095e-02	1.071717889545947267e-01
3.047795234602828714e+03	1.458048897123533083e-01	8.821471964998402193e-02	3.176701137297137656e-01	2.033018808784844700e-01	9.352756396727750221e-02	4.424973211711843296e-02	1.072310999448979479e-01
3.062308545243794470e+03	1.455852897638466315e-01	8.805635286725280175e-02	3.178082018370972373e-01	2.034023170093413602e-01	9.357311285421023028e-02	4.428533707826152327e-02	1.072893885898196925e-01
3.076821855884760225e+03	1.453694417587168553e-01	8.790061119902542464e-02	3.179439627167797711e-01	2.035009980166737065e-01	9.361792798817256123e-02	4.432038535736214369e-02	1.073466729630990352e-01
3.091335166525725526e+03	1.451572816196149696e-01	8.774745104296119425e-02	3.180774366126672414e-01	2.035979533043857370e-01	9.366202119915560675e-02	4.435488540740109564e-02	1.074029708136437083e-01
3.105848477166692192e+03	1.449487463671676191e-01	8.759682951924158134e-02	3.182086630624074153e-01	2.036932117874226122e-01	9.370540413021034853e-02	4.438884556193103958e-02	1.074582995714489092e-01
3.120361787807657493e+03	1.447437741010716983e-01	8.744870445864037778e-02	3.183376809100277871e-01	2.037868018998713338e-01	9.374808824030646248e-02	4.442227403650357564e-02	1.075126763534082763e-01
3.134875098448624158e+03	1.445423039815162403e-01	8.730303439078991590e-02	3.184645283183400455e-01	2.038787516029277325e-01	9.379008480714924600e-02	4.445517893008760213e-02	1.075661179690188124e-01
3.149388409089589004e+03	1.443442762109265476e-01	8.715977853264003650e-02	3.185892427811152228e-01	2.039690883927323117e-01	9.383140492995521720e-02	4.448756822647865344e-02	1.076186409259816262e-01
3.163901719730555214e+03	1.441496320160249034e-01	8.701889677710678006e-02	3.187118611350351349e-01	2.040578393080765274e-01	9.387205953218707988e-02	4.451944979569892602e-02	1.076702614357002985e-01
3.178415030371521425e+03	1.439583136302017841e-01	8.688034968190766483e-02	3.188324195714232201e-01	2.041450309379818362e-01	9.391205936424856793e-02	4.455083139538780490e-02	1.077209954186787305e-01
3.192928341012487181e+03	1.437702642761928828e-01	8.674409845858054025e-02	3.189509536477598273e-01	2.042306894291538999e-01	9.395141500613973795e-02	4.458172067218257872e-02	1.077708585098201555e-01
3.207441651653452936e+03	1.435854281490557549e-01	8.661010496168285167e-02	3.190674982989858965e-01	2.043148404933133599e-01	9.399013687007334861e-02	4.461212516308929454e-02	1.078198660636291162e-01
3.221954962294418237e+03	1.434037503994416707e-01	8.647833167816867950e-02	3.191820878485991941e-01	2.043975094144057925e-01	9.402823520305275684e-02	4.464205229684337778e-02	1.078680331593181163e-01
3.236468272935384903e+03	1.432251771171569876e-01	8.634874171694034706e-02	3.192947560195470436e-01	2.044787210556927026e-01	9.406572008941199714e-02	4.467150939525996872e-02	1.079153746058205826e-01
3.250981583576350204e+03	1.430496553150089611e-01	8.622129879857190482e-02	3.194055359449195497e-01	2.045584998667250576e-01	9.410260145331850179e-02	4.470050367457372581e-02	1.079619049467119146e-01
3.265494894217316414e+03	1.428771329129314704e-01	8.609596724520167388e-02	3.195144601784470906e-01	2.046368698902021610e-01	9.413888906123901723e-02	4.472904224676801932e-02	1.080076384650401483e-01
3.280008204858282170e+03	1.427075587223853026e-01	8.597271197059103143e-02	3.196215607048059071e-01	2.047138547687168408e-01	9.417459252436927164e-02	4.475713212089328652e-02	1.080525891880679823e-01
3.294521515499247926e+03	1.425408824310282208e-01	8.585149847034674597e-02	3.197268689497353988e-01	2.047894777513893372e-01	9.420972130102779618e-02	4.478478020437452745e-02	1.080967708919275683e-01
3.309034826140214136e+03	1.423770545876505700e-01	8.573229281230421162e-02	3.198304157899709566e-01	2.048637617003917222e-01	9.424428469901453831e-02	4.481199330430768457e-02	1.081401971061899114e-01
