4.208860085880095880e+02	4.263503805791385437e-01	2.749453685117438373e-01	1.305215885519129260e-01	7.826514202649433039e-02	4.239681643532996341e-02	1.476973186117525212e-02	3.275097203403284224e-02
4.353993192289755143e+02	4.212638493952873264e-01	2.717136105625415632e-01	1.342367696246088149e-01	8.046647193264065689e-02	4.334009484356949465e-02	1.507190692841919172e-02	3.390729671276069418e-02
4.499126298699413837e+02	4.162675847700438858e-01	2.685343266143095375e-01	1.378706037892371561e-01	8.263041036355611713e-02	4.426205582678146427e-02	1.537800305659523664e-02	3.505701557930429590e-02
4.644259405109071963e+02	4.113598839131114016e-01	2.654066975919955329e-01	1.414253389067817168e-01	8.475763854998426272e-02	4.516350037919490690e-02	1.568753543224279609e-02	3.619940522651710069e-02
4.789392511518730657e+02	4.065390813250660540e-01	2.623299155935003846e-01	1.449031432831709154e-01	8.684882213489121539e-02	4.604518346719527200e-02	1.600005005712869591e-02	3.733380413887515265e-02
4.934525617928388783e+02	4.018035477189128568e-01	2.593031838220160035e-01	1.483061088914117143e-01	8.890461169928176588e-02	4.690781718375402337e-02	1.631512185977399346e-02	3.845960882467725633e-02
5.079658724338048046e+02	3.971516889846054554e-01	2.563257165137257654e-01	1.516362544695076531e-01	9.092564326373150929e-02	4.775207367196761948e-02	1.663235292844376240e-02	3.957627016784590751e-02
5.224791830747705035e+02	3.925819451944107530e-01	2.533967388612102245e-01	1.548955284971137714e-01	9.291253876690261371e-02	4.857858783527232299e-02	1.695137085732029147e-02	4.068328998759775106e-02
5.369924937157364866e+02	3.880927896471128014e-01	2.505154869328870548e-01	1.580858120540531153e-01	9.486590652224380360e-02	4.938795985052274462e-02	1.727182719817464338e-02	4.178021779483354764e-02
5.515058043567023560e+02	3.836827279491589193e-01	2.476812075887969422e-01	1.612089215639512241e-01	9.678634165401167611e-02	5.018075749885420739e-02	1.759339601040161780e-02	4.286664773465316547e-02
5.660191149976681118e+02	3.793502971309539173e-01	2.448931583930323286e-01	1.642666114263426347e-01	9.867442651369054407e-02	5.095751832808318588e-02	1.791577250279201283e-02	4.394221570493310469e-02
5.805324256386339812e+02	3.750940647966050090e-01	2.421506075230917265e-01	1.672605765406731393e-01	1.005307310778307678e-01	5.171875165932780793e-02	1.823867176088683068e-02	4.500659664141248850e-02
5.950457362795999643e+02	3.709126283055101947e-01	2.394528336764276122e-01	1.701924547256616904e-01	1.023558133282710808e-01	5.246494044954432001e-02	1.856182755419406860e-02	4.605950196021876136e-02
6.095590469205657200e+02	3.668046139842717768e-01	2.367991259744421928e-01	1.730638290375063615e-01	1.041502196156593174e-01	5.319654302076743529e-02	1.888499121795216701e-02	4.710067714922842874e-02
6.240723575615315895e+02	3.627686763674942139e-01	2.341887838641728004e-01	1.758762299904178816e-01	1.059144850071368771e-01	5.391399466600791529e-02	1.920793060449790118e-02	4.812989950010009010e-02
6.385856682024975726e+02	3.588034974661061804e-01	2.316211170178947287e-01	1.786311376829469999e-01	1.076491336190061460e-01	5.461770914099178809e-02	1.953042909964267798e-02	4.914697597323926248e-02
6.530989788434633283e+02	3.549077860619164748e-01	2.290954452308584244e-01	1.813299838335402925e-01	1.093546789351561160e-01	5.530808005021826956e-02	1.985228469978194549e-02	5.015174118835632328e-02
6.676122894844290840e+02	3.510802770271840290e-01	2.266110983173652282e-01	1.839741537287149509e-01	1.110316241119800179e-01	5.598548213516198885e-02	2.017330914575964085e-02	5.114405553366199730e-02
6.821256001253949535e+02	3.473197306680451679e-01	2.241674160053751530e-01	1.865649880871882438e-01	1.126804622704790926e-01	5.665027247184532821e-02	2.049332710978519698e-02	5.212380338710969480e-02
6.966389107663608229e+02	3.436249320907037164e-01	2.217637478298287446e-01	1.891037848432344792e-01	1.143016767762096708e-01	5.730279158445420601e-02	2.081217543195611891e-02	5.309089144344093791e-02
7.111522214073266923e+02	3.399946905893468929e-01	2.193994530248556674e-01	1.915918008524719329e-01	1.158957415076949521e-01	5.794336448116173960e-02	2.112970240317619749e-02	5.404524714112049488e-02
7.256655320482924481e+02	3.364278390548039455e-01	2.170739004150317453e-01	1.940302535232059922e-01	1.174631211138898179e-01	5.857230161785517697e-02	2.144576709147922450e-02	5.498681718356188131e-02
7.401788426892584312e+02	3.329232334030169382e-01	2.147864683058375579e-01	1.964203223763740791e-01	1.190042712612549569e-01	5.918989979502955329e-02	2.176023870897218424e-02	5.591556614934253822e-02
7.546921533302243006e+02	3.294797520224405085e-01	2.125365443734620885e-01	1.987631505370527907e-01	1.205196388709665056e-01	5.979644299271320157e-02	2.207299601680124887e-02	5.683147518639147799e-02
7.692054639711900563e+02	3.260962952395348169e-01	2.103235255540865378e-01	2.010598461604022058e-01	1.220096623467595287e-01	6.039220314792288768e-02	2.238392676571979503e-02	5.773454078540202900e-02
7.837187746121558121e+02	3.227717848015581037e-01	2.081468179327753687e-01	2.033114837948314380e-01	1.234747717938760314e-01	6.097744087880802716e-02	2.269292717000098020e-02	5.862477362797789693e-02
7.982320852531219089e+02	3.195051633759065091e-01	2.060058366320932643e-01	2.055191056850807496e-01	1.249153892295632035e-01	6.155240615933103843e-02	2.299990141258909798e-02	5.950219750526400397e-02
8.127453958940876646e+02	3.162953940652883378e-01	2.039000057005600219e-01	2.076837230178243676e-01	1.263319287855433903e-01	6.211733894804285366e-02	2.330476117952498885e-02	6.036684830304391708e-02
8.272587065350534203e+02	3.131414599380552555e-01	2.018287580010474924e-01	2.098063171123072390e-01	1.277247969028545704e-01	6.267246977424700827e-02	2.360742522181177513e-02	6.121877304950457815e-02
8.417720171760191761e+02	3.100423635730487071e-01	1.997915350992165995e-01	2.118878405584387614e-01	1.290943925194381614e-01	6.321802028460025979e-02	2.390781894300901891e-02	6.205802902207638999e-02
8.562853278169851592e+02	3.069971266183517677e-01	1.977877871520856701e-01	2.139292183046770657e-01	1.304411072508314673e-01	6.375420375297161102e-02	2.420587401095675162e-02	6.288468290995356813e-02
8.707986384579510286e+02	3.040047893633678333e-01	1.958169727968151752e-01	2.159313486979486107e-01	1.317653255643016219e-01	6.428122555617241107e-02	2.450152799213611843e-02	6.369881002908614476e-02
8.853119490989170117e+02	3.010644103236765901e-01	1.938785590397886782e-01	2.178951044777613921e-01	1.330674249467406201e-01	6.479928361797737679e-02	2.479472400727163531e-02	6.450049358661155696e-02
8.998252597398827675e+02	2.981750658381457919e-01	1.919720211460637926e-01	2.198213337265840228e-01	1.343477760666234033e-01	6.530856882367817862e-02	2.508541040687105664e-02	6.528982399186156194e-02
9.143385703808486369e+02	2.953358496778020759e-01	1.900968425292618169e-01	2.217108607784800955e-01	1.356067429303145500e-01	6.580926540724642282e-02	2.537354046548410610e-02	6.606689821123866435e-02
9.288518810218145063e+02	2.925458726659910247e-01	1.882525146419603557e-01	2.235644870879046897e-01	1.368446830329940467e-01	6.630155131303112903e-02	2.565907209354022570e-02	6.683181916440628090e-02
9.433651916627801484e+02	2.898042623093774472e-01	1.864385368666476028e-01	2.253829920604914216e-01	1.380619475044575495e-01	6.678559853377470656e-02	2.594196756569933787e-02	6.758469515937966243e-02
9.578785023037459041e+02	2.871101624393611051e-01	1.846544164072935756e-01	2.271671338475805269e-01	1.392588812500335504e-01	6.726157342660193938e-02	2.622219326471822431e-02	6.832563936423879936e-02
9.723918129447120009e+02	2.844627328635021546e-01	1.828996681815886760e-01	2.289176501061637170e-01	1.404358230868457402e-01	6.772963700851618307e-02	2.649971943989914633e-02	6.905476931331211432e-02
9.869051235856777566e+02	2.818611490265716113e-01	1.811738147138961530e-01	2.306352587258487796e-01	1.415931058756378924e-01	6.818994523282566333e-02	2.677451997924696139e-02	6.977220644580060804e-02
1.001418434226643626e+03	2.793046016808606313e-01	1.794763860289616819e-01	2.323206585243766664e-01	1.427310566483658283e-01	6.864264924782038924e-02	2.704657219451666456e-02	7.047807567492581082e-02
1.015931744867609382e+03	2.767922965653984435e-01	1.778069195464195007e-01	2.339745299131559819e-01	1.438499967317506123e-01	6.908789563892470120e-02	2.731585661838511342e-02	7.117250498579343054e-02
1.030445055508575479e+03	2.743234540937482535e-01	1.761649599761307972e-01	2.355975355342139199e-01	1.449502418669766646e-01	6.952582665546289120e-02	2.758235681302916020e-02	7.185562506026611784e-02
1.044958366149541234e+03	2.718973090500642065e-01	1.745500592143878760e-01	2.371903208699001897e-01	1.460321023257087625e-01	6.995658042309350899e-02	2.784605918943753450e-02	7.252756892723574711e-02
1.059471676790506763e+03	2.695131102931075384e-01	1.729617762410136927e-01	2.387535148266188845e-01	1.470958830225921887e-01	7.038029114289279242e-02	2.810695283682601228e-02	7.318847163677670575e-02
1.073984987431472746e+03	2.671701204679353681e-01	1.713996770173840389e-01	2.402877302938054294e-01	1.481418836243923454e-01	7.079708927799779894e-02	2.836502936156478846e-02	7.383846995674805957e-02
1.088498298072438729e+03	2.648676157249876262e-01	1.698633343853972744e-01	2.417935646793090976e-01	1.491703986559210493e-01	7.120710172865513110e-02	2.862028273506367002e-02	7.447770209049398016e-02
1.103011608713404712e+03	2.626048854463117754e-01	1.683523279674132012e-01	2.432716004222878758e-01	1.501817176028893419e-01	7.161045199646126624e-02	2.887270915009517921e-02	7.510630741436913338e-02
1.117524919354370468e+03	2.603812319786754648e-01	1.668662440671813407e-01	2.447224054846708630e-01	1.511761250118194566e-01	7.200726033852494767e-02	2.912230688506758924e-02	7.572442623388810079e-02
1.132038229995336451e+03	2.581959703733297529e-01	1.654046755717758499e-01	2.461465338221931198e-01	1.521539005871410943e-01	7.239764391223055262e-02	2.936907617579005009e-02	7.633219955736737783e-02
1.146551540636302207e+03	2.560484281321955269e-01	1.639672218545529525e-01	2.475445258359613987e-01	1.531153192855909950e-01	7.278171691123407061e-02	2.961301909429993676e-02	7.692976888599295515e-02
1.161064851277267962e+03	2.539379449602572891e-01	1.625534886791440703e-01	2.489169088054626888e-01	1.540606514080283540e-01	7.315959069327843123e-02	2.985413943434876011e-02	7.751727601930810674e-02
1.175578161918233945e+03	2.518638725239563114e-01	1.611630881044969488e-01	2.502641973038848833e-01	1.549901626887731365e-01	7.353137390037460530e-02	3.009244260316759623e-02	7.809486287517423964e-02
1.190091472559199701e+03	2.498255742153852321e-01	1.597956383909742151e-01	2.515868935965762665e-01	1.559041143825680709e-01	7.389717257185622612e-02	3.032793551915581587e-02	7.866267132331193623e-02
1.204604783200165684e+03	2.478224249220961350e-01	1.584507639075185548e-01	2.528854880234319702e-01	1.568027633492605488e-01	7.425709025078067183e-02	3.056062651515847189e-02	7.922084303158144492e-02
1.219118093841131440e+03	2.458538108023396729e-01	1.571280950398908915e-01	2.541604593659567146e-01	1.576863621362955825e-01	7.461122808411663199e-02	3.079052524701776650e-02	7.976951932421055824e-02
1.233631404482097196e+03	2.439191290655632893e-01	1.558272680999875648e-01	2.554122751997168206e-01	1.585551590591059712e-01	7.495968491712749759e-02	3.101764260710284521e-02	8.030884105122387817e-02
1.248144715123063179e+03	2.420177877580020342e-01	1.545479252362405853e-01	2.566413922328609210e-01	1.594093982794816400e-01	7.530255738233207485e-02	3.124199064253977212e-02	8.083894846837082204e-02
1.262658025764028707e+03	2.401492055532039316e-01	1.532897143451039945e-01	2.578482566313547997e-01	1.602493198819961162e-01	7.563993998339776925e-02	3.146358247788013512e-02	8.135998112689117601e-02
1.277171336404994690e+03	2.383128115473377717e-01	1.520522889836283809e-01	2.590333043315439787e-01	1.610751599485636121e-01	7.597192517429687819e-02	3.168243224196204411e-02	8.187207777249531915e-02
1.291684647045960673e+03	2.365080450591374728e-01	1.508353082831242475e-01	2.601969613406297510e-01	1.618871506311974073e-01	7.629860343403421785e-02	3.189855499873200245e-02	8.237537625297290667e-02
1.306197957686926657e+03	2.347343554343439276e-01	1.496384368639140094e-01	2.613396440256134934e-01	1.626855202230355346e-01	7.662006333723316021e-02	3.211196668180953118e-02	8.287001343387841168e-02
1.320711268327892412e+03	2.329912018545099994e-01	1.484613447511718698e-01	2.624617593912376701e-01	1.634704932276973832e-01	7.693639162084760230e-02	3.232268403258926198e-02	8.335612512177430211e-02
1.335224578968857941e+03	2.312780531500406855e-01	1.473037072918491897e-01	2.635637053474267910e-01	1.642422904270313955e-01	7.724767324724941819e-02	3.253072454168721289e-02	8.383384599454336839e-02
1.349737889609823924e+03	2.295943876173446585e-01	1.461652050726827967e-01	2.646458709667064979e-01	1.650011289473106990e-01	7.755399146392372156e-02	3.273610639354904844e-02	8.430330953831056962e-02
1.364251200250789907e+03	2.279396928399795574e-01	1.450455238392828472e-01	2.657086367320541376e-01	1.657472223239316311e-01	7.785542785998887660e-02	3.293884841404879499e-02	8.476464799054216070e-02
1.378764510891755890e+03	2.263134655136767037e-01	1.439443544162956334e-01	2.667523747756143093e-01	1.664807805646661976e-01	7.815206241974333168e-02	3.313897002091625854e-02	8.521799228891553668e-02
1.393277821532721646e+03	2.247152112751361897e-01	1.428613926286372293e-01	2.677774491086900577e-01	1.672020102115183426e-01	7.844397357342801358e-02	3.333649117684071156e-02	8.566347202557747509e-02
1.407791132173687402e+03	2.231444445344877847e-01	1.417963392237915621e-01	2.687842158433997319e-01	1.679111144012304102e-01	7.873123824538018345e-02	3.353143234510710946e-02	8.610121540643123073e-02
1.422304442814653157e+03	2.216006883113158521e-01	1.407488997951678866e-01	2.697730234063728805e-01	1.686082929244847040e-01	7.901393189974272036e-02	3.372381444762927866e-02	8.653134921511472510e-02
1.436817753455619140e+03	2.200834740741517970e-01	1.397187847065104460e-01	2.707442127448362323e-01	1.692937422838426686e-01	7.929212858388251517e-02	3.391365882525222003e-02	8.695399878135216809e-02
1.451331064096585123e+03	2.185923415833400663e-01	1.387057090173540730e-01	2.716981175254279401e-01	1.699676557504619656e-01	7.956590096966043024e-02	3.410098720020287438e-02	8.736928795338069764e-02
1.465844374737550879e+03	2.171268387371879383e-01	1.377093924095173505e-01	2.726350643260584405e-01	1.706302234196305778e-01	7.983532039268671776e-02	3.428582164057541321e-02	8.777733907417155368e-02
1.480357685378516862e+03	2.156865214213121995e-01	1.367295591146268918e-01	2.735553728211220781e-01	1.712816322651541934e-01	8.010045688968650546e-02	3.446818452674373090e-02	8.817827296118249669e-02
1.494870996019482618e+03	2.142709533610988870e-01	1.357659378426633034e-01	2.744593559603484278e-01	1.719220661926324500e-01	8.036137923409145123e-02	3.464809851959948367e-02	8.857220888939407177e-02
1.509384306660448374e+03	2.128797059771959932e-01	1.348182617115216142e-01	2.753473201415688743e-01	1.725517060916576528e-01	8.061815496996679875e-02	3.482558653051990444e-02	8.895926457739725124e-02
1.523897617301414357e+03	2.115123582439608907e-01	1.338862681775762620e-01	2.762195653776588489e-01	1.731707298869676892e-01	8.087085044437486436e-02	3.500067169297493147e-02	8.933955617631467172e-02
1.538410927942380113e+03	2.101684965507875924e-01	1.329696989672424223e-01	2.770763854579053609e-01	1.737793125885840617e-01	8.111953083827035116e-02	3.517337733568794145e-02	8.971319826135043529e-02
1.552924238583346096e+03	2.088477145662414325e-01	1.320683000095244086e-01	2.779180681040362422e-01	1.743776263409643479e-01	8.136426019601566972e-02	3.534372695726944319e-02	9.008030382577660033e-02
1.567437549224311852e+03	2.075496131049315574e-01	1.311818213695411239e-01	2.787448951211358716e-01	1.749658404711968984e-01	8.160510145359951839e-02	3.551174420224716133e-02	9.044098427717607580e-02
1.581950859865277607e+03	2.062737999970528924e-01	1.303100171830195164e-01	2.795571425436619295e-01	1.755441215362646690e-01	8.184211646563605003e-02	3.567745283842035930e-02	9.079534943577276251e-02
1.596464170506243590e+03	2.050198899605330527e-01	1.294526455917459629e-01	2.803550807767676289e-01	1.761126333694039980e-01	8.207536603121691476e-02	3.584087673547010217e-02	9.114350753469056821e-02
1.610977481147209119e+03	2.037875044757206933e-01	1.286094686799653941e-01	2.811389747331222710e-01	1.766715371255825617e-01	8.230490991868406880e-02	3.600203984476069846e-02	9.148556522199263741e-02
1.625490791788175102e+03	2.025762716625542637e-01	1.277802524117184479e-01	2.819090839654158631e-01	1.772209913261204584e-01	8.253080688938657650e-02	3.616096618027137000e-02	9.182162756436135220e-02
1.640004102429141085e+03	2.013858261601521316e-01	1.269647665691062965e-01	2.826656627947236600e-01	1.777611519024767106e-01	8.275311472048064998e-02	3.631767980060016110e-02	9.215179805228877752e-02
1.654517413070107068e+03	2.002158090087669540e-01	1.261627846914726014e-01	2.834089604348972169e-01	1.782921722392228625e-01	8.297189022682824322e-02	3.647220479198540199e-02	9.247617860665517664e-02
1.669030723711072824e+03	1.990658675340487294e-01	1.253740840154924929e-01	2.841392211131425483e-01	1.788142032162246264e-01	8.318718928204615892e-02	3.662456525229283028e-02	9.279486958658104967e-02
1.683544034352038352e+03	1.979356552335632957e-01	1.245984454161579436e-01	2.848566841869367705e-01	1.793273932500514256e-01	8.339906683875404625e-02	3.677478527591933333e-02	9.310796979844562782e-02
1.698057344993004335e+03	1.968248316655136498e-01	1.238356533486490718e-01	2.855615842574278918e-01	1.798318883346329000e-01	8.360757694806673912e-02	3.692288893956682111e-02	9.341557650597143159e-02
1.712570655633970318e+03	1.957330623396142943e-01	1.230854957910808151e-01	2.862541512794557486e-01	1.803278320811810831e-01	8.381277277837338724e-02	3.706890028884213956e-02	9.371778544128105126e-02
1.727083966274936301e+03	1.946600186100697349e-01	1.223477641881143690e-01	2.869346106683262065e-01	1.808153657573955131e-01	8.401470663344304257e-02	3.721284332564133573e-02	9.401469081683835882e-02
1.741597276915902057e+03	1.936053775706092495e-01	1.216222533954227775e-01	2.876031834034625256e-01	1.812946283259689317e-01	8.421342996989421292e-02	3.735474199627868835e-02	9.430638533819220293e-02
1.756110587556867813e+03	1.925688219515322985e-01	1.209087616250000691e-01	2.882600861290548488e-01	1.817657564824094740e-01	8.440899341406295220e-02	3.749462018032312383e-02	9.459296021744580119e-02
1.770623898197833569e+03	1.915500400187202523e-01	1.202070903913033950e-01	2.889055312518205576e-01	1.822288846921954752e-01	8.460144677830222504e-02	3.763250168010631724e-02	9.487450518738033134e-02
1.785137208838799552e+03	1.905487254745703296e-01	1.195170444582173558e-01	2.895397270359851838e-01	1.826841452272778832e-01	8.479083907674324350e-02	3.776841021086885242e-02	9.515110851616570553e-02
1.799650519479765535e+03	1.895645773608103102e-01	1.188384317868303452e-01	2.901628776955863520e-01	1.831316682019453190e-01	8.497721854054735013e-02	3.790236939151256368e-02	9.542285702259629965e-02
1.814163830120731291e+03	1.885972999631527480e-01	1.181710634840118235e-01	2.907751834842013383e-01	1.835715816080655538e-01	8.516063263267520389e-02	3.803440273592853527e-02	9.568983609179333716e-02
1.828677140761696819e+03	1.876466027177492724e-01	1.175147537517805679e-01	2.913768407821906714e-01	1.840040113497174723e-01	8.534112806219869285e-02	3.816453364487215616e-02	9.595212969131974856e-02
1.843190451402663257e+03	1.867122001194058134e-01	1.168693198374529535e-01	2.919680421815498694e-01	1.844290812772264310e-01	8.551875079817886083e-02	3.829278539835782175e-02	9.620982038765679700e-02
1.857703762043628785e+03	1.857938116315218657e-01	1.162345819845610612e-01	2.925489765684544108e-01	1.848469132206161381e-01	8.569354608313219102e-02	3.841918114854738636e-02	9.646298936299554927e-02
1.872217072684594768e+03	1.848911615977164857e-01	1.156103633845303874e-01	2.931198292035796515e-01	1.852576270224890465e-01	8.586555844610589683e-02	3.854374391310777526e-02	9.671171643229940773e-02
1.886730383325560297e+03	1.840039791551059400e-01	1.149964901291064823e-01	2.936807818002759585e-01	1.856613405703474995e-01	8.603483171538169050e-02	3.866649656901432336e-02	9.695608006059676376e-02
1.901243693966526507e+03	1.831319981491982551e-01	1.143927911635205796e-01	2.942320126006728875e-01	1.860581698283669816e-01	8.620140903082623707e-02	3.878746184677769188e-02	9.719615738046605280e-02
1.915757004607492036e+03	1.822749570503708061e-01	1.137990982403838253e-01	2.947736964497842949e-01	1.864482288686327982e-01	8.636533285590548836e-02	3.890666232507327543e-02	9.743202420967811417e-02
1.930270315248458019e+03	1.814325988718984428e-01	1.132152458743002632e-01	2.953060048676836580e-01	1.868316299018512594e-01	8.652664498937893967e-02	3.902412042575297696e-02	9.766375506896306236e-02
1.944783625889424002e+03	1.806046710894996243e-01	1.126410712971881306e-01	2.958291061198148886e-01	1.872084833075453036e-01	8.668538657668882486e-02	3.913985840922044879e-02	9.789142319987141627e-02
1.959296936530389530e+03	1.797909255623698910e-01	1.120764144143000518e-01	2.963431652855014198e-01	1.875788976637453309e-01	8.684159812105855802e-02	3.925389837015156452e-02	9.811510058270175860e-02
1.973810247171355968e+03	1.789911184556722545e-01	1.115211177609316956e-01	2.968483443247145193e-01	1.879429797761850984e-01	8.699531949431353606e-02	3.936626223354296183e-02	9.833485795446854361e-02
1.988323557812321269e+03	1.782050101644544748e-01	1.109750264598095559e-01	2.973448021431569499e-01	1.883008347070118105e-01	8.714658994743695875e-02	3.947697175107233586e-02	9.855076482688653050e-02
2.002836868453287707e+03	1.774323652389647732e-01	1.104379881791479612e-01	2.978326946557188770e-01	1.886525658030204500e-01	8.729544812087233763e-02	3.958604849775484991e-02	9.876288950434934655e-02
2.017350179094252780e+03	1.766729523113376443e-01	1.099098530913656807e-01	2.983121748483578139e-01	1.889982747234207894e-01	8.744193205458371254e-02	3.969351386888090444e-02	9.897129910188201540e-02
2.031863489735218764e+03	1.759265440236223721e-01	1.093904738324526782e-01	2.987833928384533433e-01	1.893380614671464623e-01	8.758607919788395646e-02	3.979938907722121999e-02	9.917605956304859083e-02
2.046376800376184747e+03	1.751929169571272149e-01	1.088797054619776439e-01	2.992464959336854080e-01	1.896720243997141730e-01	8.772792641904096633e-02	3.990369515048567545e-02	9.937723567779756240e-02
2.060890111017150957e+03	1.744718515630535038e-01	1.083774054237268830e-01	2.997016286894829684e-01	1.900002602796417861e-01	8.786751001467087152e-02	4.000645292902340472e-02	9.957489110022917089e-02
2.075403421658116713e+03	1.737631320943936464e-01	1.078834335069652900e-01	3.001489329650873783e-01	1.903228642844333740e-01	8.800486571892690568e-02	4.010768306375179365e-02	9.976908836627022825e-02
2.089916732299082469e+03	1.730665465390684443e-01	1.073976518083105125e-01	3.005885479782731684e-01	1.906399300361387994e-01	8.814002871249201898e-02	4.020740601430290023e-02	9.995988891124286957e-02
2.104430042940048224e+03	1.723818865542792733e-01	1.069199246942109799e-01	3.010206103587676485e-01	1.909515496264960199e-01	8.827303363138304382e-02	4.030564204737635547e-02	1.001473530873153994e-01
2.118943353581013525e+03	1.717089474020512541e-01	1.064501187640190943e-01	3.014452542004092961e-01	1.912578136416635266e-01	8.840391457557342236e-02	4.040241123528821171e-02	1.003315401808239082e-01
2.133456664221980191e+03	1.710475278859442394e-01	1.059881028136506198e-01	3.018626111120820132e-01	1.915588111865499377e-01	8.853270511744139315e-02	4.049773345470573938e-02	1.005125084294547916e-01
2.147969974862945492e+03	1.703974302889088022e-01	1.055337477998216644e-01	3.022728102674621664e-01	1.918546299087483253e-01	8.865943831005003439e-02	4.059162838555876313e-02	1.006903150392789298e-01
2.162483285503912157e+03	1.697584603122656022e-01	1.050869268048544442e-01	3.026759784536136588e-01	1.921453560220819923e-01	8.878414669526527025e-02	4.068411551011836408e-02	1.008650162016293678e-01
2.176996596144877003e+03	1.691304270157852341e-01	1.046475150020435008e-01	3.030722401184643422e-01	1.924310743297685811e-01	8.890686231171732179e-02	4.077521411223448272e-02	1.010366671098151814e-01
2.191509906785843214e+03	1.685131427588489883e-01	1.042153896215738812e-01	3.034617174171964638e-01	1.927118682472093725e-01	8.902761670261125082e-02	4.086494327672399868e-02	1.012053219756647165e-01
2.206023217426809424e+03	1.679064231426679876e-01	1.037904299169829098e-01	3.038445302575822904e-01	1.929878198244099341e-01	8.914644092339144010e-02	4.095332188890168229e-02	1.013710340458924691e-01
2.220536528067775180e+03	1.673100869535421309e-01	1.033725171321573932e-01	3.042207963442948304e-01	1.932590097680386976e-01	8.926336554926504741e-02	4.104036863424637138e-02	1.015338556182842217e-01
2.235049838708740936e+03	1.667239561071378606e-01	1.029615344688581957e-01	3.045906312222227408e-01	1.935255174631298203e-01	8.937842068258870787e-02	4.112610199819538570e-02	1.016938380576959955e-01
2.249563149349706237e+03	1.661478555937657420e-01	1.025573670547640093e-01	3.049541483188171198e-01	1.937874209944359383e-01	8.949163596012298105e-02	4.121054026606028181e-02	1.018510318118625579e-01
2.264076459990672902e+03	1.655816134246390070e-01	1.021599019120266461e-01	3.053114589854971639e-01	1.940447971674374439e-01	8.960304056015856722e-02	4.129370152305759933e-02	1.020054864270121958e-01
2.278589770631638203e+03	1.650250605790941905e-01	1.017690279263298164e-01	3.056626725381405008e-01	1.942977215290132842e-01	8.971266320951792883e-02	4.137560365444835353e-02	1.021572505632845768e-01
2.293103081272604413e+03	1.644780309527560935e-01	1.013846358164438716e-01	3.060078962966827354e-01	1.945462683877797749e-01	8.982053219043635572e-02	4.145626434578044556e-02	1.023063720099494089e-01
2.307616391913570169e+03	1.639403613066288401e-01	1.010066181042688221e-01	3.063472356238511884e-01	1.947905108341025648e-01	8.992667534732552703e-02	4.153570108322829357e-02	1.024528977004234703e-01
2.322129702554535925e+03	1.634118912170960114e-01	1.006348690853581251e-01	3.066807939630550317e-01	1.950305207597872181e-01	9.003112009342313649e-02	4.161393115402447357e-02	1.025968737270847447e-01
2.336643013195502135e+03	1.628924630268125950e-01	1.002692847999159115e-01	3.070086728754548577e-01	1.952663688774538553e-01	9.013389341733148152e-02	4.169097164697814495e-02	1.027383453558818466e-01
2.351156323836467891e+03	1.623819217964721229e-01	9.990976300426025747e-02	3.073309720762332775e-01	1.954981247396012367e-01	9.023502188944806934e-02	4.176683945307548690e-02	1.028773570407382487e-01
2.365669634477433647e+03	1.618801152574326496e-01	9.955620314274542249e-02	3.076477894700866966e-01	1.957258567573651742e-01	9.033453166829114034e-02	4.184155126615740627e-02	1.030139524377502586e-01
2.380182945118399402e+03	1.613868937651856128e-01	9.920850632013576698e-02	3.079592211859596418e-01	1.959496322189763218e-01	9.043244850672255142e-02	4.191512358367019409e-02	1.031481744191786870e-01
2.394696255759364703e+03	1.609021102536519476e-01	9.886657527442464788e-02	3.082653616110400119e-01	1.961695173079225363e-01	9.052879775807079477e-02	4.198757270748486314e-02	1.032800650872339326e-01
2.409209566400331823e+03	1.604256201902900247e-01	9.853031435009099170e-02	3.085663034240351821e-01	1.963855771208204704e-01	9.062360438215634473e-02	4.205891474478105213e-02	1.034096657876547032e-01
2.423722877041296670e+03	1.599572815320002839e-01	9.819962947178713375e-02	3.088621376277457808e-01	1.965978756850010334e-01	9.071689295122188634e-02	4.212916560899183233e-02	1.035370171230808184e-01
2.438236187682262880e+03	1.594969546818122141e-01	9.787442811845081803e-02	3.091529535809565132e-01	1.968064759758136884e-01	9.080868765576939616e-02	4.219834102080554511e-02	1.036621589662206216e-01
2.452749498323228636e+03	1.590445024463388035e-01	9.755461929783516839e-02	3.094388390296592961e-01	1.970114399336538036e-01	9.089901231030640683e-02	4.226645650922133263e-02	1.037851304728139440e-01
2.467262808964194392e+03	1.585997899939846356e-01	9.724011352144970588e-02	3.097198801376269683e-01	1.972128284807179721e-01	9.098789035900321787e-02	4.233352741265494074e-02	1.039059700943913561e-01
2.481776119605160602e+03	1.581626848138935337e-01	9.693082277990622275e-02	3.099961615163519535e-01	1.974107015374911844e-01	9.107534488126317607e-02	4.239956888009156072e-02	1.040247155908311655e-01
2.496289430246126358e+03	1.577330566756225128e-01	9.662666051866314332e-02	3.102677662543666948e-01	1.976051180389706285e-01	9.116139859720781558e-02	4.246459587228280930e-02	1.041414040427152549e-01
2.510802740887092114e+03	1.573107775895283833e-01	9.632754161416196004e-02	3.105347759459597956e-01	1.977961359506301142e-01	9.124607387307852313e-02	4.252862316298480078e-02	1.042560718634852474e-01
2.525316051528057415e+03	1.568957217678541294e-01	9.603338235034983295e-02	3.107972707193036865e-01	1.979838122841294512e-01	9.132939272655654639e-02	4.259166534023460515e-02	1.043687548114005659e-01
2.539829362169024080e+03	1.564877655865023476e-01	9.574410039558207963e-02	3.110553292640060863e-01	1.981682031127727228e-01	9.141137683200296904e-02	4.265373680766248315e-02	1.044794880013001637e-01
2.554342672809989381e+03	1.560867875474828970e-01	9.545961477989875488e-02	3.113090288581010223e-01	1.983493635867195071e-01	9.149204752562001275e-02	4.271485178583728920e-02	1.045883059161694106e-01
2.568855983450955591e+03	1.556926682420231023e-01	9.517984587266918595e-02	3.115584453944909571e-01	1.985273479479531256e-01	9.157142581053544228e-02	4.277502431364269692e-02	1.046952424185143699e-01
2.583369294091921347e+03	1.553052903143276875e-01	9.490471536059892632e-02	3.118036534068539534e-01	1.987022095450097225e-01	9.164953236181137830e-02	4.283426824968197127e-02	1.048003307615452129e-01
2.597882604732887103e+03	1.549245384259771985e-01	9.463414622609320204e-02	3.120447260950279245e-01	1.988740008474719212e-01	9.172638753137883627e-02	4.289259727370901137e-02	1.049036036001707584e-01
2.612395915373853313e+03	1.545502992209530913e-01	9.436806272597131340e-02	3.122817353498839599e-01	1.990427734602309706e-01	9.180201135289951797e-02	4.295002488808367935e-02	1.050050930018063128e-01
2.626909226014819069e+03	1.541824612912781611e-01	9.410639037052646871e-02	3.125147517777011053e-01	1.992085781375208531e-01	9.187642354655596588e-02	4.300656441924936152e-02	1.051048304569969921e-01
2.641422536655784825e+03	1.538209151432612942e-01	9.384905590292538791e-02	3.127438447240531438e-01	1.993714647967280984e-01	9.194964352377149597e-02	4.306222901923082574e-02	1.052028468898586616e-01
2.655935847296750580e+03	1.534655531643352722e-01	9.359598727894263837e-02	3.129690822972197028e-01	1.995314825319810803e-01	9.202169039186085253e-02	4.311703166715072366e-02	1.052991726683386448e-01
2.670449157937716336e+03	1.531162695904775273e-01	9.334711364702399927e-02	3.131905313911310107e-01	1.996886796275218201e-01	9.209258295861323662e-02	4.317098517076274622e-02	1.053938376142986855e-01
2.684962468578682547e+03	1.527729604742025238e-01	9.310236532867384451e-02	3.134082577078577958e-01	1.998431035708642389e-01	9.216233973680816594e-02	4.322410216800010030e-02	1.054868710134223703e-01
2.699475779219648302e+03	1.524355236531163005e-01	9.286167379916147879e-02	3.136223257796568742e-01	1.999948010657417730e-01	9.223097894866595647e-02	4.327639512853744680e-02	1.055783016249492029e-01
2.713989089860614058e+03	1.521038587190224334e-01	9.262497166854113950e-02	3.138327989905809190e-01	2.001438180448481263e-01	9.229851853023335329e-02	4.332787635536500259e-02	1.056681576912380516e-01
2.728502400501579814e+03	1.517778669875698150e-01	9.239219266298075162e-02	3.140397395976634587e-01	2.002901996823741870e-01	9.236497613570567033e-02	4.337855798637329369e-02	1.057564669471619256e-01
2.743015711142545115e+03	1.514574514684322859e-01	9.216327160639456451e-02	3.142432087516877082e-01	2.004339904063442701e-01	9.243036914168624441e-02	4.342845199594724120e-02	1.058432566293367599e-01
2.757529021783511780e+03	1.511425168360109594e-01	9.193814440237482732e-02	3.144432665175490027e-01	2.005752339107552407e-01	9.249471465138435489e-02	4.347757019656819932e-02	1.059285534851865246e-01
2.772042332424477081e+03	1.508329694006494137e-01	9.171674801641763186e-02	3.146399718942188284e-01	2.007139731675209871e-01	9.255802949875238661e-02	4.352592424042288355e-02	1.060123837818470471e-01
2.786555643065443292e+03	1.505287170803528418e-01	9.149902045843834320e-02	3.148333828343199969e-01	2.008502504382259357e-01	9.262033025256333207e-02	4.357352562101780846e-02	1.060947733149108785e-01
2.801068953706408593e+03	1.502296693730021393e-01	9.128490076557191357e-02	3.150235562633211250e-01	2.009841072856904665e-01	9.268163322042928531e-02	4.362038567479829126e-02	1.061757474170158810e-01
2.815582264347374803e+03	1.499357373290538809e-01	9.107432898525352760e-02	3.152105480983583008e-01	2.011155845853508373e-01	9.274195445276219030e-02	4.366651558277090395e-02	1.062553309662794820e-01
2.830095574988341014e+03	1.496468335247176373e-01	9.086724615857516563e-02	3.153944132666922640e-01	2.012447225364569492e-01	9.280130974667726018e-02	4.371192637212829163e-02	1.063335483945815341e-01
2.844608885629306769e+03	1.493628720356022510e-01	9.066359430391358887e-02	3.155752057238089825e-01	2.013715606730907826e-01	9.285971464984034418e-02	4.375662891787550357e-02	1.064104236956976562e-01
2.859122196270272525e+03	1.490837684108224093e-01	9.046331640082540260e-02	3.157529784711710086e-01	2.014961378750080301e-01	9.291718446425961675e-02	4.380063394445686542e-02	1.064859804332857623e-01
2.873635506911238281e+03	1.488094396475574399e-01	9.026635637420500624e-02	3.159277835736271078e-01	2.016184923783062022e-01	9.297373425002276870e-02	4.384395202738255309e-02	1.065602417487280656e-01
2.888148817552204036e+03	1.485398041660543900e-01	9.007265907870101729e-02	3.160996721764873230e-01	2.017386617859212861e-01	9.302937882898029698e-02	4.388659359485402867e-02	1.066332303688308086e-01
2.902662128193170247e+03	1.482747817850673389e-01	8.988217028338731096e-02	3.162686945222706880e-01	2.018566830779565391e-01	9.308413278837571192e-02	4.392856892938753338e-02	1.067049686133841463e-01
2.917175438834136003e+03	1.480142936977251467e-01	8.969483665668433192e-02	3.164348999671321438e-01	2.019725926218449708e-01	9.313801048442335584e-02	4.396988816943496470e-02	1.067754784025844311e-01
2.931688749475101758e+03	1.477582624478202267e-01	8.951060575152672283e-02	3.165983369969758709e-01	2.020864261823492602e-01	9.319102604583462401e-02	4.401056131100133939e-02	1.068447812643213007e-01
2.946202060116067514e+03	1.475066119065105985e-01	8.932942599077343948e-02	3.167590532432610906e-01	2.021982189314008860e-01	9.324319337729336521e-02	4.405059820925828068e-02	1.069128983413316913e-01
2.960715370757033725e+03	1.472592672494280885e-01	8.915124665285623085e-02	3.169170954985068844e-01	2.023080054577812148e-01	9.329452616288105848e-02	4.409000858015280772e-02	1.069798503982231086e-01
2.975228681397999480e+03	1.470161549341854057e-01	8.897601785766284799e-02	3.170725097315022500e-01	2.024158197766471323e-01	9.334503786945248793e-02	4.412880200201088621e-02	1.070456578283683902e-01
2.989741992038964781e+03	1.467772026782750427e-01	8.880369055265111000e-02	3.172253411022276093e-01	2.025216953389036845e-01	9.339474174996265088e-02	4.416698791713513650e-02	1.071103406606741526e-01
3.004255302679930992e+03	1.465423394373529531e-01	8.863421649919003831e-02	3.173756339764935430e-01	2.026256650404259785e-01	9.344365084674566280e-02	4.420457563339619256e-02	1.071739185662250460e-01
3.018768613320896748e+03	1.463114953839002863e-01	8.846754825912465925e-02	3.175234319403024696e-01	2.027277612311328414e-01	9.349177799474593653e-02	4.424157432581718452e-02	1.072364108648060921e-01
3.033281923961862958e+03	1.460846018862565487e-01	8.830363918156046432e-02	3.176687778139391516e-01	2.028280157239145121e-01	9.353913582470282928e-02	4.427799303815088683e-02	1.072978365313050492e-01
3.047795234602828714e+03	1.458615914880174447e-01	8.814244338986440552e-02	3.178117136657955810e-01	2.029264598034168643e-01	9.358573676628899329e-02	4.431384068444906010e-02	1.073582142019971486e-01
3.062308545243794470e+03	1.456423978877911807e-01	8.798391576887856780e-02	3.179522808259349631e-01	2.030231242346839660e-01	9.363159305120316578e-02	4.434912605062359819e-02	1.074175621807140213e-01
3.076821855884760225e+03	1.454269559193067107e-01	8.782801195234342384e-02	3.180905198994014582e-01	2.031180392716617489e-01	9.367671671621811968e-02	4.438385779599900161e-02	1.074758984448990345e-01
3.091335166525725526e+03	1.452152015318675382e-01	8.767468831052696587e-02	3.182264707792791802e-01	2.032112346655646773e-01	9.372111960618421944e-02	4.441804445485592751e-02	1.075332406515510097e-01
3.105848477166692192e+03	1.450070717711456902e-01	8.752390193805664742e-02	3.183601726595066128e-01	2.033027396731075520e-01	9.376481337698935881e-02	4.445169443796533754e-02	1.075896061430583195e-01
3.120361787807657493e+03	1.448025047603088422e-01	8.737561064195056848e-02	3.184916640474512728e-01	2.033925830646048649e-01	9.380780949847569716e-02	4.448481603411301444e-02	1.076450119529252097e-01
3.134875098448624158e+03	1.446014396814757907e-01	8.722977292984514242e-02	3.186209827762487845e-01	2.034807931319392860e-01	9.385011925731395754e-02	4.451741741161402421e-02	1.076994748113925260e-01
3.149388409089589004e+03	1.444038167574933917e-01	8.708634799841555307e-02	3.187481660169115272e-01	2.035673976964019471e-01	9.389175375983563332e-02	4.454950661981695037e-02	1.077530111509545502e-01
3.163901719730555214e+03	1.442095772340302451e-01	8.694529572198610168e-02	3.188732502902116850e-01	2.036524241164061333e-01	9.393272393482395011e-02	4.458109159059756715e-02	1.078056371117738776e-01
3.178415030371521425e+03	1.440186633619810752e-01	8.680657664132755691e-02	3.189962714783426967e-01	2.037358992950765446e-01	9.397304053626386044e-02	4.461218013984168118e-02	1.078573685469961657e-01
3.192928341012487181e+03	1.438310183801764230e-01	8.667015195263810812e-02	3.191172648363634901e-01	2.038178496877160462e-01	9.401271414605190391e-02	4.464277996891698880e-02	1.079082210279666831e-01
3.207441651653452936e+03	1.436465864983921259e-01	8.653598349670528489e-02	3.192362650034302751e-01	2.038983013091518193e-01	9.405175517666618246e-02	4.467289866613364385e-02	1.079582098493502840e-01
3.221954962294418237e+03	1.434653128806537281e-01	8.640403374824563720e-02	3.193533060138200042e-01	2.039772797409629690e-01	9.409017387379725594e-02	4.470254370819331385e-02	1.080073500341567350e-01
3.236468272935384903e+03	1.432871436288301881e-01	8.627426580541951162e-02	3.194684213077487733e-01	2.040548101385912805e-01	9.412798031894023532e-02	4.473172246162671756e-02	1.080556563386729924e-01
3.250981583576350204e+03	1.431120257665119966e-01	8.614664337951791206e-02	3.195816437419903289e-01	2.041309172383370951e-01	9.416518443194890620e-02	4.476044218421919990e-02	1.081031432573042739e-01
3.265494894217316414e+03	1.429399072231688772e-01	8.602113078481880837e-02	3.196930056002981746e-01	2.042056253642419994e-01	9.420179597355203549e-02	4.478871002642446225e-02	1.081498250273254108e-01
3.280008204858282170e+03	1.427707368185817949e-01	8.589769292861000605e-02	3.198025386036346118e-01	2.042789584348603249e-01	9.423782454783263818e-02	4.481653303276603856e-02	1.081957156335443815e-01
3.294521515499247926e+03	1.426044642475447488e-01	8.577629530137591274e-02	3.199102739202113743e-01	2.043509399699210138e-01	9.427327960467066226e-02	4.484391814322665620e-02	1.082408288128794832e-01
3.309034826140214136e+03	1.424410400648314645e-01	8.565690396714564780e-02	3.200162421753448005e-01	2.044215930968817097e-01	9.430817044214948042e-02	4.487087219462511378e-02	1.082851780588516971e-01
