4.208860085880095880e+02	4.263503805791385437e-01	2.749453685117438373e-01	1.305215885519129260e-01	7.826514202649433039e-02	4.239681643532996341e-02	1.476973186117525212e-02	3.275097203403284224e-02
4.353993192289755143e+02	4.212562112640881318e-01	2.717146646757785944e-01	1.342385295889254038e-01	8.046630295681959921e-02	4.335657825266531901e-02	1.505944514251846521e-02	3.390826811903220606e-02
4.499126298699413837e+02	4.162528983383511072e-01	2.685362235522829599e-01	1.378745508035156553e-01	8.263008287488786408e-02	4.429223374153475057e-02	1.535497063904547703e-02	3.505904005020980818e-02
4.644259405109071963e+02	4.113387030545299639e-01	2.654092381632057740e-01	1.414317842893725308e-01	8.475717566730293917e-02	4.520491116976919216e-02	1.565563716013438147e-02	3.620255049551288073e-02
4.789392511518730657e+02	4.065119261469710699e-01	2.623329122523677115e-01	1.449122991626491663e-01	8.684825757000333435e-02	4.609565914703899620e-02	1.596082103456138851e-02	3.733812468623601971e-02
4.934525617928388783e+02	4.017709066122522876e-01	2.593064602227358462e-01	1.483181028815223901e-01	8.890398788383656326e-02	4.696545304004057231e-02	1.626994274622609038e-02	3.846514661321391582e-02
5.079658724338048046e+02	3.971140205423335789e-01	2.563291070703612728e-01	1.516511426398696183e-01	9.092500965190741802e-02	4.781520084955392935e-02	1.658246382232036673e-02	3.958305542348147105e-02
5.224791830747705035e+02	3.925396800075479087e-01	2.534000883151193984e-01	1.549133068183121686e-01	9.291195030088193751e-02	4.864574859545925389e-02	1.689788395396142964e-02	4.069134200854557237e-02
5.369924937157364866e+02	3.880463319867759053e-01	2.505186499284016155e-01	1.581064264779490636e-01	9.486542224830633863e-02	4.945788525179515421e-02	1.721573833095450465e-02	4.178954577564508027e-02
5.515058043567023560e+02	3.836324573423066098e-01	2.476840482579109604e-01	1.612322768839614950e-01	9.678602347788392568e-02	5.025234727028761450e-02	1.753559517385636438e-02	4.287725159362070632e-02
5.660191149976681118e+02	3.792965698370326932e-01	2.448955499497169064e-01	1.642925790479269066e-01	9.867433808454384447e-02	5.102982272744595316e-02	1.785705344788929630e-02	4.395408690527203427e-02
5.805324256386339812e+02	3.750372151917685803e-01	2.421524318677281129e-01	1.672890012791599657e-01	1.005309367910309226e-01	5.179095512728139339e-02	1.817974074451741973e-02	4.501971899834123630e-02
5.950457362795999643e+02	3.708529701806075884e-01	2.394539810107411126e-01	1.702231607367169219e-01	1.023563774376484298e-01	5.253634688893009386e-02	1.850331131765303727e-02	4.607385242753039845e-02
6.095590469205657200e+02	3.667424417623584287e-01	2.367994944272230617e-01	1.730966249748739638e-01	1.041512054466920273e-01	5.326656254593137296e-02	1.882744426251957079e-02	4.711622658022907029e-02
6.240723575615315895e+02	3.627042662462129363e-01	2.341882791279853993e-01	1.759109134759342108e-01	1.059159542630258577e-01	5.398213168160220787e-02	1.915184182616766831e-02	4.814661337889915294e-02
6.385856682024975726e+02	3.587371084899060869e-01	2.316196519969029310e-01	1.786674991651444055e-01	1.076511457721684994e-01	5.468355162284160159e-02	1.947622783952981246e-02	4.916481511333410659e-02
6.530989788434633283e+02	3.548396611287285562e-01	2.290929396998303280e-01	1.813678099033252389e-01	1.093572906971781999e-01	5.537128991277488060e-02	1.980034626171345291e-02	5.017066239627683555e-02
6.676122894844290840e+02	3.510106438338473911e-01	2.266074785918646695e-01	1.840132299535462423e-01	1.110348889755524426e-01	5.604578658089227894e-02	2.012395982797941449e-02	5.116401223614504973e-02
6.821256001253949535e+02	3.472488025984781790e-01	2.241626146230989158e-01	1.866051014188195856e-01	1.126844301172874735e-01	5.670745622773355754e-02	2.044684879353690990e-02	5.214474622087279104e-02
6.966389107663608229e+02	3.435529090505355376e-01	2.217577032430071149e-01	1.891447256483538841e-01	1.143063935451767849e-01	5.735668993970766821e-02	2.076880976591445604e-02	5.311276880713196313e-02
7.111522214073266923e+02	3.399217597904665156e-01	2.193921093035979542e-01	1.916333646104083910e-01	1.159012489183654238e-01	5.799385704830048449e-02	2.108965461924179260e-02	5.406800570944685080e-02
7.256655320482924481e+02	3.363541757530459919e-01	2.170652069614684709e-01	1.940722422302263439e-01	1.174694564401180114e-01	5.861930674670439573e-02	2.140920948430631576e-02	5.501040238395792786e-02
7.401788426892584312e+02	3.328490015919803868e-01	2.147763795788850960e-01	1.964625456919094626e-01	1.190114671507031124e-01	5.923336957578970857e-02	2.172731380873232920e-02	5.593992260182738957e-02
7.546921533302243006e+02	3.294051050862317753e-01	2.125250196240146550e-01	1.988054267034311817e-01	1.205277232062435117e-01	5.983635879032091209e-02	2.204381948207648906e-02	5.685654710750890489e-02
7.692054639711900563e+02	3.260213765670354480e-01	2.103105285704225114e-01	2.011020027242775010e-01	1.220186581443330059e-01	6.042857161539193916e-02	2.235859002104126012e-02	5.776027235732577453e-02
7.837187746121558121e+02	3.226967283646397511e-01	2.081323167959502618e-01	2.033533581554569647e-01	1.234846971371736934e-01	6.101029040220604799e-02	2.267149981038341783e-02	5.865110933401729287e-02
7.982320852531219089e+02	3.194300942738533822e-01	2.059898034810810352e-01	2.055605454918396358e-01	1.249262572329430943e-01	6.158178369155087317e-02	2.298243339543916408e-02	5.952908243312022424e-02
8.127453958940876646e+02	3.162204290375325022e-01	2.038824165068948147e-01	2.077245864369727246e-01	1.263437475860597625e-01	6.214330719261106084e-02	2.329128482250401172e-02	6.039422841725258090e-02
8.272587065350534203e+02	3.130667078471904285e-01	2.018095923527112867e-01	2.098464729806799323e-01	1.277375696769764146e-01	6.269510468411365611e-02	2.359795702359641575e-02	6.124659543455933386e-02
8.417720171760191761e+02	3.099679258599558063e-01	1.997707759935139771e-01	2.119271684398880973e-01	1.291081175220926969e-01	6.323740884421032160e-02	2.390236124240158883e-02	6.208624209776492792e-02
8.562853278169851592e+02	3.069230977311475650e-01	1.977654207972433520e-01	2.139676084632386732e-01	1.304557778743454521e-01	6.377044201495968290e-02	2.420441649843770721e-02	6.291323662045496257e-02
8.707986384579510286e+02	3.039312571617744374e-01	1.957929884220430128e-01	2.159687020001369584e-01	1.317809304150006078e-01	6.429441690677947796e-02	2.450404908671274459e-02	6.372765600738017344e-02
8.853119490989170117e+02	3.009914564603042297e-01	1.938529487135380314e-01	2.179313322349706039e-01	1.330839479371413447e-01	6.480953724778612535e-02	2.480119211034825799e-02	6.452958529573883661e-02
8.998252597398827675e+02	2.981027661180830068e-01	1.919447796022207553e-01	2.198563574872924309e-01	1.343651965213165933e-01	6.531599838252680201e-02	2.509578504383763384e-02	6.531911684455023182e-02
9.143385703808486369e+02	2.952642743978168283e-01	1.900679670010141376e-01	2.217446120788136021e-01	1.356250357037878662e-01	6.581398782423128480e-02	2.538777332478248105e-02	6.609634966938128520e-02
9.288518810218145063e+02	2.924750869345605353e-01	1.882220047030796484e-01	2.235969071680918019e-01	1.368638186377855726e-01	6.630368576436572459e-02	2.567710797211299537e-02	6.686138881983115512e-02
9.433651916627801484e+02	2.897343263486869547e-01	1.864063942799323026e-01	2.254140315538289419e-01	1.380818922481623634e-01	6.678526554295431683e-02	2.596374522894741646e-02	6.761434479731516511e-02
9.578785023037459041e+02	2.870411318703365300e-01	1.846206449799213389e-01	2.271967524477128131e-01	1.392795973798079401e-01	6.725889408284650706e-02	2.624764622838312786e-02	6.835533301081918311e-02
9.723918129447120009e+02	2.843946589748754805e-01	1.828642736271320623e-01	2.289458162177506750e-01	1.404572689401678842e-01	6.772473229084235991e-02	2.652877668063884087e-02	6.908447326842011293e-02
9.869051235856777566e+02	2.817940790289125141e-01	1.811368045207600586e-01	2.306619491030482694e-01	1.416152360361895568e-01	6.818293542834732990e-02	2.680710658008391908e-02	6.980188930248575063e-02
1.001418434226643626e+03	2.792385789464488233e-01	1.794377693350062419e-01	2.323458579009890779e-01	1.427538221059982959e-01	6.863365345400616879e-02	2.708260993079867826e-02	7.050770832658015408e-02
1.015931744867609382e+03	2.767273608547572428e-01	1.777667070195373955e-01	2.339982306277640645e-01	1.438733450455894347e-01	6.907703134056292216e-02	2.735526448940880581e-02	7.120206062220757470e-02
1.030445055508575479e+03	2.742596417696072097e-01	1.761231637005542805e-01	2.356197371531941198e-01	1.449741173308047859e-01	6.951320936800878258e-02	2.762505152402855782e-02	7.188507915362973844e-02
1.044958366149541234e+03	2.718346532794704840e-01	1.745066925825057846e-01	2.372110298107749371e-01	1.460564461348464738e-01	6.994232339490952244e-02	2.789195558823200777e-02	7.255689920908821311e-02
1.059471676790506763e+03	2.694516412383624049e-01	1.729168538504853303e-01	2.387727439838600030e-01	1.471206334415657568e-01	7.036450510964874228e-02	2.815596430904965600e-02	7.321765806685548439e-02
1.073984987431472746e+03	2.671098654669892269e-01	1.713532145733428491e-01	2.403054986688793748e-01	1.481669761547501629e-01	7.077988226318071563e-02	2.841706818805967566e-02	7.386749468462536217e-02
1.088498298072438729e+03	2.648085994618885608e-01	1.698153486075424379e-01	2.418098970164733186e-01	1.491957662036198784e-01	7.118857888475658979e-02	2.867526041470975021e-02	7.450654941083681426e-02
1.103011608713404712e+03	2.625471301122662693e-01	1.683028365017946171e-01	2.432865268513982049e-01	1.502072906447310396e-01	7.159071548196706269e-02	2.893053669106680076e-02	7.513496371660331741e-02
1.117524919354370468e+03	2.603247574242459894e-01	1.668152654024885329e-01	2.447359611720405503e-01	1.512018317604721385e-01	7.198640922633656181e-02	2.918289506724885962e-02	7.575287994699471394e-02
1.132038229995336451e+03	2.581407942522621624e-01	1.653522289599475836e-01	2.461587586303514430e-01	1.521796671543287072e-01	7.237577412560237955e-02	2.943233578684583893e-02	7.636044109048915896e-02
1.146551540636302207e+03	2.559945660373403875e-01	1.639133272355305371e-01	2.475554639929898326e-01	1.531410698430812900e-01	7.275892118372082051e-02	2.967886114168454686e-02	7.695779056547984165e-02
1.161064851277267962e+03	2.538854105520201299e-01	1.624981666095968724e-01	2.489266085844384913e-01	1.540863083460914107e-01	7.313595854955795561e-02	2.992247533533824722e-02	7.754507202278419775e-02
1.175578161918233945e+03	2.518126776516869669e-01	1.611063596903544448e-01	2.502727107128323580e-01	1.550156467718218911e-01	7.350699165514497369e-02	3.016318435482272589e-02	7.812242916316397556e-02
1.190091472559199701e+03	2.497757290320931634e-01	1.597375252236049592e-01	2.515942760792128641e-01	1.559293449017284672e-01	7.387212334430758032e-02	3.040099584995930096e-02	7.869000556892100096e-02
1.204604783200165684e+03	2.477739379928536045e-01	1.583912880034013537e-01	2.528917981708985740e-01	1.568276582716519596e-01	7.423145399241354303e-02	3.063591901992092706e-02	7.924794454868737403e-02
1.219118093841131440e+03	2.458066892067157783e-01	1.570672787836294715e-01	2.541657586396363633e-01	1.577108382508326800e-01	7.458508161792266888e-02	3.086796450651054652e-02	7.979638899457983103e-02
1.233631404482097196e+03	2.438733784944107641e-01	1.557651341905250120e-01	2.554166276651733125e-01	1.585791321186613145e-01	7.493310198636927988e-02	3.109714429375157879e-02	8.033548125093609160e-02
1.248144715123063179e+03	2.419734126049008782e-01	1.544844966361350602e-01	2.566448643048659939e-01	1.594327831392740868e-01	7.527560870735607035e-02	3.132347161339871927e-02	8.086536299389658622e-02
1.262658025764028707e+03	2.401062090008481420e-01	1.532250142327325759e-01	2.578509168299183418e-01	1.602720306340936762e-01	7.561269332509307217e-02	3.154696085600366268e-02	8.138617512113786867e-02
1.277171336404994690e+03	2.382711956491350980e-01	1.519863407081902262e-01	2.590352230488190965e-01	1.610971100524110355e-01	7.594444540297221047e-02	3.176762748719472174e-02	8.189805765110493019e-02
1.291684647045960673e+03	2.364678108162776293e-01	1.507681353223195853e-01	2.601982106185225518e-01	1.619082530400980935e-01	7.627095260262958809e-02	3.198548796885204715e-02	8.240114963112780966e-02
1.306197957686926657e+03	2.346955028685751843e-01	1.495700627841798913e-01	2.613402973438991861e-01	1.627056875065359121e-01	7.659230075791167991e-02	3.220055968488119008e-02	8.289558905384418475e-02
1.320711268327892412e+03	2.329537300768517172e-01	1.483917931703600257e-01	2.624618914659568869e-01	1.634896376898383186e-01	7.690857394412864423e-02	3.241286087130733351e-02	8.338151278138425382e-02
1.335224578968857941e+03	2.312419604256460981e-01	1.472330018442357669e-01	2.635633919393151614e-01	1.642603242204454528e-01	7.721985454294819085e-02	3.262241055043059446e-02	8.385905647680592934e-02
1.349737889609823924e+03	2.295596714267167104e-01	1.460933693762042351e-01	2.646451886993935743e-01	1.650179641831582000e-01	7.752622330325512068e-02	3.282922846879984813e-02	8.432835454229953287e-02
1.364251200250789907e+03	2.279063499367313672e-01	1.449725814648957500e-01	2.657076629197551165e-01	1.657627711776804291e-01	7.782775939827682454e-02	3.303333503877806110e-02	8.478954006370967300e-02
1.378764510891755890e+03	2.262814919790177015e-01	1.438703288593629059e-01	2.667511872600284994e-01	1.664949553777312907e-01	7.812454047925104783e-02	3.323475128348682417e-02	8.524274476094906294e-02
1.393277821532721646e+03	2.246846025692554039e-01	1.427863072822461998e-01	2.677761261048112740e-01	1.672147235887872785e-01	7.841664272589096707e-02	3.343349878493133420e-02	8.568809894390498616e-02
1.407791132173687402e+03	2.231151955449960089e-01	1.417202173539140464e-01	2.687828357939426316e-01	1.679222793045092588e-01	7.870414089388266810e-02	3.362959963511976541e-02	8.612573147346308522e-02
1.422304442814653157e+03	2.215727933989005416e-01	1.406717645175750431e-01	2.697716648445135368e-01	1.686178227619077596e-01	7.898710835963208832e-02	3.382307639000261407e-02	8.655576972729588092e-02
1.436817753455619140e+03	2.200569271155895512e-01	1.396406589653593211e-01	2.707429541649676308e-01	1.693015509952955910e-01	7.926561716246136036e-02	3.401395202606876528e-02	8.697833957008520300e-02
1.451331064096585123e+03	2.185671360120044204e-01	1.386266155653655407e-01	2.716970372616304696e-01	1.699736578890749250e-01	7.953973804443935369e-02	3.420224989944507799e-02	8.739356532786761445e-02
1.465844374737550879e+03	2.171029675811824988e-01	1.376293537896691455e-01	2.726342404379887285e-01	1.706343342294030507e-01	7.980954048801681966e-02	3.438799370735591554e-02	8.780156976621127096e-02
1.480357685378516862e+03	2.156639773393526915e-01	1.366485976432874616e-01	2.735548829870268484e-01	1.712837677547783544e-01	8.007509275162366658e-02	3.457120745180792404e-02	8.820247407195049016e-02
1.494870996019482618e+03	2.142497286762611031e-01	1.356840755940963428e-01	2.744592773769156113e-01	1.719221432055860754e-01	8.033646190337345727e-02	3.475191540537359708e-02	8.859639783822129133e-02
1.509384306660448374e+03	2.128597927086405273e-01	1.347355205036928627e-01	2.753477294303312561e-01	1.725496423726411710e-01	8.059371385300960478e-02	3.493014207895490941e-02	8.898345905255709842e-02
1.523897617301414357e+03	2.114937481367396288e-01	1.338026695591981730e-01	2.762205384976746947e-01	1.731664441447633984e-01	8.084691338221700052e-02	3.510591219141564329e-02	8.936377408781880083e-02
1.538410927942380113e+03	2.101511811038319910e-01	1.328852642059939471e-01	2.770779976244446829e-01	1.737727245554175903e-01	8.109612417341394153e-02	3.527925064097760938e-02	8.973745769574754949e-02
1.552924238583346096e+03	2.088316850586271756e-01	1.319830500813861940e-01	2.779203937130084734e-01	1.743686568284512350e-01	8.134140883712998038e-02	3.545018247828228553e-02	9.010462300294198867e-02
1.567437549224311852e+03	2.075348606205090485e-01	1.310957769491887803e-01	2.787480076790036509e-01	1.749544114229586722e-01	8.158282893806770297e-02	3.561873288102547497e-02	9.046538150907396103e-02
1.581950859865277607e+03	2.062603154475293465e-01	1.302231986352204163e-01	2.795611146025917537e-01	1.755301560773001868e-01	8.182044501993891716e-02	3.578492713007781767e-02	9.081984308716888055e-02
1.596464170506243590e+03	2.050076641070867345e-01	1.293650729637064178e-01	2.803599838747755091e-01	1.760960558523027852e-01	8.205431662915890767e-02	3.594879058700933133e-02	9.116811598578762610e-02
1.610977481147209119e+03	2.037765279492243786e-01	1.285211616945782509e-01	2.811448793389818568e-01	1.766522731736680785e-01	8.228450233747623688e-02	3.611034867294091871e-02	9.151030683295760526e-02
1.625490791788175102e+03	2.025665349824807837e-01	1.276912304616628357e-01	2.819160594281028831e-01	1.771989678736109464e-01	8.251105976360956218e-02	3.626962684865023268e-02	9.184652064171010266e-02
1.640004102429141085e+03	2.013773197522314429e-01	1.268750487117530357e-01	2.826737772971787965e-01	1.777362972317519940e-01	8.273404559395786118e-02	3.642665059586363413e-02	9.217686081709060286e-02
1.654517413070107068e+03	2.002085232214604327e-01	1.260723896445513637e-01	2.834182809518979163e-01	1.782644160152853929e-01	8.295351560244532130e-02	3.658144539966978748e-02	9.250142916451715991e-02
1.669030723711072824e+03	1.990597926539036389e-01	1.252830301534783031e-01	2.841498133730805398e-01	1.787834765184425634e-01	8.316952466955772338e-02	3.673403673199424763e-02	9.282032589937030953e-02
1.683544034352038352e+03	1.979307814995064640e-01	1.245067507673364299e-01	2.848686126373070615e-01	1.792936286012713487e-01	8.338212680062288829e-02	3.688445003607786210e-02	9.313364965770519477e-02
1.698057344993004335e+03	1.968211492821413666e-01	1.237433355928219264e-01	2.855749120338420544e-01	1.797950197277487783e-01	8.359137514338375874e-02	3.703271071190494812e-02	9.344149750798444454e-02
1.712570655633970318e+03	1.957305614895318846e-01	1.229925722578741887e-01	2.862689401779990872e-01	1.802877950032457099e-01	8.379732200490934424e-02	3.717884410253047278e-02	9.374396496373661736e-02
1.727083966274936301e+03	1.946586894653320188e-01	1.222542518558549368e-01	2.869509211210858335e-01	1.807720972113597002e-01	8.400001886788530103e-02	3.732287548125807347e-02	9.404114599705143407e-02
1.741597276915902057e+03	1.936052103033104876e-01	1.215281688905475721e-01	2.876210744570613098e-01	1.812480668501321723e-01	8.419951640632279688e-02	3.746483003962369773e-02	9.433313305282922667e-02
1.756110587556867813e+03	1.925698067435921423e-01	1.208141212219676491e-01	2.882796154260312549e-01	1.817158421676653146e-01	8.439586450072164570e-02	3.760473287614196636e-02	9.462001706370730403e-02
1.770623898197833569e+03	1.915521670709090518e-01	1.201119100129754425e-01	2.889267550147025521e-01	1.821755591971530586e-01	8.458911225272082446e-02	3.774260898577488227e-02	9.490188746559147237e-02
1.785137208838799552e+03	1.905519850148159611e-01	1.194213396766813789e-01	2.895627000539117701e-01	1.826273517913402367e-01	8.477930799926751415e-02	3.787848325008458250e-02	9.517883221372580582e-02
1.799650519479765535e+03	1.895689596518265463e-01	1.187422178246348298e-01	2.901876533133375680e-01	1.830713516564230481e-01	8.496649932633301705e-02	3.801238042803416206e-02	9.545093779923814747e-02
1.814163830120731291e+03	1.886027953094264742e-01	1.180743552157873660e-01	2.908018135935016568e-01	1.835076883854036833e-01	8.515073308220226511e-02	3.814432514740224295e-02	9.571828926610360944e-02
1.828677140761696819e+03	1.876532014719228814e-01	1.174175657062208888e-01	2.914053758151597950e-01	1.839364894909109871e-01	8.533205539036149700e-02	3.827434189677917514e-02	9.598097022847211501e-02
1.843190451402663257e+03	1.867198926880889176e-01	1.167716661996315575e-01	2.919985311061765731e-01	1.843578804374992330e-01	8.551051166200708542e-02	3.840245501811422046e-02	9.623906288830967604e-02
1.857703762043628785e+03	1.858025884805648564e-01	1.161364765985600928e-01	2.925814668859776924e-01	1.847719846734359461e-01	8.568614660819653950e-02	3.852868869978481881e-02	9.649264805330734496e-02
1.872217072684594768e+03	1.849010132569768317e-01	1.155118197563591437e-01	2.931543669476654457e-01	1.851789236619892642e-01	8.585900425166174965e-02	3.865306697016063914e-02	9.674180515501432098e-02
1.886730383325560297e+03	1.840148962227367568e-01	1.148975214298886410e-01	2.937174115378821115e-01	1.855788169122255249e-01	8.602912793830246041e-02	3.877561369163644300e-02	9.698661226715547812e-02
1.901243693966526507e+03	1.831439712954874288e-01	1.142934102329295903e-01	2.942707774345009741e-01	1.859717820093268192e-01	8.619656034837719361e-02	3.889635255510927314e-02	9.722714612409608104e-02
1.915757004607492036e+03	1.822879770211567607e-01	1.136993175903074638e-01	2.948146380222212426e-01	1.863579346444380336e-01	8.636134350740745647e-02	3.901530707487676358e-02	9.746348213941964655e-02
1.930270315248458019e+03	1.814466564915882818e-01	1.131150776927156293e-01	2.953491633661399218e-01	1.867373886440521491e-01	8.652351879680991731e-02	3.913250058393442227e-02	9.769569442458705955e-02
1.944783625889424002e+03	1.806197572637136817e-01	1.125405274522299909e-01	2.958745202833711341e-01	1.871102559989434588e-01	8.668312696427012132e-02	3.924795622965125685e-02	9.792385580764775832e-02
1.959296936530389530e+03	1.798070312802357018e-01	1.119755064585054305e-01	2.963908724127795602e-01	1.874766468926563068e-01	8.684020813387077764e-02	3.936169696980366950e-02	9.814803785197599717e-02
1.973810247171355968e+03	1.790082347917892891e-01	1.114198569356452673e-01	2.968983802828920049e-01	1.878366697295582310e-01	8.699480181598615025e-02	3.947374556894914926e-02	9.836831087500738646e-02
1.988323557812321269e+03	1.782231282805508965e-01	1.108734236997346995e-01	2.973972013780486479e-01	1.881904311624650050e-01	8.714694691695386297e-02	3.958412459512174880e-02	9.858474396695263153e-02
2.002836868453287707e+03	1.774514763852656218e-01	1.103360541170290143e-01	2.978874902028529892e-01	1.885380361198454868e-01	8.729668174853413842e-02	3.969285641683263643e-02	9.879740500946759818e-02
2.017350179094252780e+03	1.766930478276632632e-01	1.098075980627879616e-01	2.983693983449763332e-01	1.888795878326135769e-01	8.744404403716632412e-02	3.979996320035959073e-02	9.900636069426042851e-02
2.031863489735218764e+03	1.759476153402345922e-01	1.092879078807475202e-01	2.988430745363712671e-01	1.892151878605145277e-01	8.758907093303143487e-02	3.990546690731031770e-02	9.921167654161779093e-02
2.046376800376184747e+03	1.752149555953406157e-01	1.087768383432199115e-01	2.993086647129458155e-01	1.895449361181124615e-01	8.773179901892910748e-02	4.000938929244511610e-02	9.941341691883444354e-02
2.060890111017150957e+03	1.744948491356274056e-01	1.082742466118136182e-01	2.997663120727473984e-01	1.898689309003861181e-01	8.787226431897669776e-02	4.011175190174525590e-02	9.961164505853105366e-02
2.075403421658116713e+03	1.737870803057202373e-01	1.077799921987644544e-01	3.002161571327050527e-01	1.901872689079388279e-01	8.801050230713788891e-02	4.021257607071399010e-02	9.980642307684704784e-02
2.089916732299082469e+03	1.730914371851715317e-01	1.072939369288694322e-01	3.006583377839750493e-01	1.905000452718299264e-01	8.814654791558745872e-02	4.031188292289786951e-02	9.999781199149625210e-02
2.104430042940048224e+03	1.724077115226372026e-01	1.068159449020145979e-01	3.010929893459335926e-01	1.908073535780327734e-01	8.828043554291858941e-02	4.040969336861670314e-02	1.001858717396740955e-01
2.118943353581013525e+03	1.717356986712572087e-01	1.063458824562888150e-01	3.015202446188590679e-01	1.911092858915263981e-01	8.841219906219850710e-02	4.050602810389082598e-02	1.003706611958067735e-01
2.133456664221980191e+03	1.710751975252161050e-01	1.058836181316749336e-01	3.019402339353441378e-01	1.914059327800257670e-01	8.854187182887834906e-02	4.060090760955527983e-02	1.005522381891330169e-01
2.147969974862945492e+03	1.704260104574606971e-01	1.054290226343101294e-01	3.023530852104763800e-01	1.916973833373571412e-01	8.866948668856185212e-02	4.069435215055072774e-02	1.007306595211106687e-01
2.162483285503912157e+03	1.697879432585513160e-01	1.049819688013074598e-01	3.027589239908247132e-01	1.919837252064834354e-01	8.879507598463834417e-02	4.078638177538148474e-02	1.009059809826407944e-01
2.176996596144877003e+03	1.691608050766252591e-01	1.045423315661302421e-01	3.031578735022679161e-01	1.922650446021855197e-01	8.891867156578410480e-02	4.087701631573167210e-02	1.010782573711028892e-01
2.191509906785843214e+03	1.685444083584498043e-01	1.041099879245115517e-01	3.035500546966988789e-01	1.925414263334043474e-01	8.904030479333654990e-02	4.096627538623074521e-02	1.012475425071957397e-01
2.206023217426809424e+03	1.679385687915444236e-01	1.036848169009108034e-01	3.039355862976385603e-01	1.928129538252495168e-01	8.916000654854533414e-02	4.105417838436017236e-02	1.014138892515788620e-01
2.220536528067775180e+03	1.673431052473504099e-01	1.032666995154995770e-01	3.043145848447912916e-01	1.930797091406788457e-01	8.927780723970382692e-02	4.114074449049346521e-02	1.015773495213102423e-01
2.235049838708740936e+03	1.667578397254287637e-01	1.028555187516690395e-01	3.046871647375716807e-01	1.933417730018544278e-01	8.939373680916486153e-02	4.122599266806208085e-02	1.017379743060768532e-01
2.249563149349706237e+03	1.661825972986651634e-01	1.024511595240512191e-01	3.050534382776333153e-01	1.935992248111795266e-01	8.950782474024378266e-02	4.130994166384006905e-02	1.018958136842146034e-01
2.264076459990672902e+03	1.656172060594639506e-01	1.020535086470466396e-01	3.054135157104273524e-01	1.938521426720215268e-01	8.962010006401210926e-02	4.139261000834081744e-02	1.020509168385152349e-01
2.278589770631638203e+03	1.650614970669111170e-01	1.016624548038508324e-01	3.057675052658185844e-01	1.941006034091250776e-01	8.973059136598458829e-02	4.147401601631933027e-02	1.022033320718181287e-01
2.293103081272604413e+03	1.645153042948881705e-01	1.012778885159723169e-01	3.061155131977850163e-01	1.943446825887203966e-01	8.983932679270262289e-02	4.155417778737405254e-02	1.023531068223851870e-01
2.307616391913570169e+03	1.639784645811187824e-01	1.008997021132346933e-01	3.064576438232269884e-01	1.945844545383310642e-01	8.994633405821650385e-02	4.163311320664236925e-02	1.025002876790574585e-01
2.322129702554535925e+03	1.634508175771300920e-01	1.005277897042558544e-01	3.067939995599101022e-01	1.948199923662856103e-01	9.005164045046906707e-02	4.171083994558419383e-02	1.026449203961929540e-01
2.336643013195502135e+03	1.629322056991118761e-01	1.001620471473968765e-01	3.071246809635656549e-01	1.950513679809373069e-01	9.015527283758303922e-02	4.178737546284850418e-02	1.027870499083846367e-01
2.351156323836467891e+03	1.624224740796557098e-01	9.980237202217377701e-02	3.074497867641713955e-01	1.952786521095963013e-01	9.025725767405430588e-02	4.186273700521762203e-02	1.029267203449587831e-01
2.365669634477433647e+03	1.619214705203584626e-01	9.944866360112518400e-02	3.077694139014345298e-01	1.955019143171783103e-01	9.035762100685326703e-02	4.193694160862463521e-02	1.030639750442534502e-01
2.380182945118399402e+03	1.614290454452728951e-01	9.910082282212888394e-02	3.080836575594990689e-01	1.957212230245737872e-01	9.045638848143619515e-02	4.201000609923932066e-02	1.031988565676775632e-01
2.394696255759364703e+03	1.609450518551902298e-01	9.875875226116065386e-02	3.083926112008968379e-01	1.959366455267419760e-01	9.055358534766859424e-02	4.208194709461818284e-02	1.033314067135512881e-01
2.409209566400331823e+03	1.604693452827383182e-01	9.842235610548859259e-02	3.086963665997625728e-01	1.961482480105331550e-01	9.064923646566218352e-02	4.215278100491463148e-02	1.034616665307282884e-01
2.423722877041296670e+03	1.600017837482807237e-01	9.809154012729637273e-02	3.089950138743333130e-01	1.963560955722435386e-01	9.074336631152758736e-02	4.222252403414521182e-02	1.035896763320010017e-01
2.438236187682262880e+03	1.595422277166014535e-01	9.776621165772890476e-02	3.092886415187487970e-01	1.965602522349062242e-01	9.083599898304386966e-02	4.229119218150826504e-02	1.037154757072902000e-01
2.452749498323228636e+03	1.590905400543607684e-01	9.744627956135396007e-02	3.095773364341721234e-01	1.967607809653222906e-01	9.092715820524699399e-02	4.235880124275139685e-02	1.038391035366201948e-01
2.467262808964194392e+03	1.586465859883074148e-01	9.713165421103339692e-02	3.098611839592478323e-01	1.969577436908353796e-01	9.101686733593829237e-02	4.242536681158432660e-02	1.039605980028811411e-01
2.481776119605160602e+03	1.582102330642338184e-01	9.682224746319778586e-02	3.101402678999136131e-01	1.971512013158536469e-01	9.110514937111470479e-02	4.249090428113398710e-02	1.040799966043802621e-01
2.496289430246126358e+03	1.577813511066598340e-01	9.651797263351814815e-02	3.104146705585827393e-01	1.973412137381226339e-01	9.119202695032191386e-02	4.255542884543874610e-02	1.041973361671837822e-01
2.510802740887092114e+03	1.573598121792320337e-01	9.621874447296885347e-02	3.106844727627126601e-01	1.975278398647523082e-01	9.127752236193181767e-02	4.261895550097874463e-02	1.043126528572513867e-01
2.525316051528057415e+03	1.569454905458247951e-01	9.592447914427551514e-02	3.109497538927742943e-01	1.977111376280022703e-01	9.136165754834571495e-02	4.268149904823971552e-02	1.044259821923654713e-01
2.539829362169024080e+03	1.565382626323307547e-01	9.563509419874202666e-02	3.112105919096382345e-01	1.978911640008280404e-01	9.144445411112407662e-02	4.274307409330754121e-02	1.045373590538570957e-01
2.554342672809989381e+03	1.561380069891278033e-01	9.535050855345092446e-02	3.114670633813905187e-01	1.980679750121920324e-01	9.152593331604456928e-02	4.280369504949096959e-02	1.046468176981309450e-01
2.568855983450955591e+03	1.557446042542096065e-01	9.507064246883122072e-02	3.117192435095934577e-01	1.982416257621425482e-01	9.160611609808903821e-02	4.286337613897023280e-02	1.047543917679917003e-01
2.583369294091921347e+03	1.553579371169684364e-01	9.479541752658809939e-02	3.119672061550034514e-01	1.984121704366640371e-01	9.168502306636076848e-02	4.292213139446910547e-02	1.048601143037739686e-01
2.597882604732887103e+03	1.549778902826175475e-01	9.452475660798879964e-02	3.122110238627601730e-01	1.985796623223016755e-01	9.176267450893305089e-02	4.297997466094839736e-02	1.049640177542782438e-01
2.612395915373853313e+03	1.546043504372417166e-01	9.425858387249913539e-02	3.124507678870587779e-01	1.987441538205639568e-01	9.183909039763002435e-02	4.303691959731865274e-02	1.050661339875155614e-01
2.626909226014819069e+03	1.542372062134644561e-01	9.399682473676533589e-02	3.126865082153180708e-01	1.989056964621057633e-01	9.191429039274090496e-02	4.309297967817020403e-02	1.051664943012630554e-01
2.641422536655784825e+03	1.538763481567205771e-01	9.373940585393562841e-02	3.129183135918560121e-01	1.990643409206954706e-01	9.198829384766846196e-02	4.314816819551862276e-02	1.052651294334330523e-01
2.655935847296750580e+03	1.535216686921230533e-01	9.348625509331649763e-02	3.131462515410842751e-01	1.992201370269691407e-01	9.206111981351264295e-02	4.320249826056381248e-02	1.053620695722584100e-01
2.670449157937716336e+03	1.531730620919133368e-01	9.323730152035815399e-02	3.133703883902337339e-01	1.993731337819744931e-01	9.213278704359051385e-02	4.325598280546109203e-02	1.054573443662964599e-01
2.684962468578682547e+03	1.528304244434847969e-01	9.299247537696420096e-02	3.135907892916207085e-01	1.995233793705080694e-01	9.220331399789304105e-02	4.330863458510259001e-02	1.055509829342543698e-01
2.699475779219648302e+03	1.524936536179683222e-01	9.275170806212039432e-02	3.138075182444652889e-01	1.996709211742480894e-01	9.227271884747988151e-02	4.336046617890744470e-02	1.056430138746383141e-01
2.713989089860614058e+03	1.521626492393704233e-01	9.251493211283759455e-02	3.140206381162718996e-01	1.998158057846862179e-01	9.234101947881290240e-02	4.341148999261935926e-02	1.057334652752293241e-01
2.728502400501579814e+03	1.518373126542535145e-01	9.228208118540369431e-02	3.142302106637818171e-01	1.999580790158610455e-01	9.240823349802930464e-02	4.346171826011014511e-02	1.058223647223882624e-01
2.743015711142545115e+03	1.515175469019485743e-01	9.205309003693998293e-02	3.144362965535077992e-01	2.000977859168958928e-01	9.247437823515500255e-02	4.351116304518787281e-02	1.059097393101926105e-01
2.757529021783511780e+03	1.512032566852908599e-01	9.182789450725704905e-02	3.146389553818601525e-01	2.002349707843440463e-01	9.253947074825932817e-02	4.355983624340849930e-02	1.059956156494077789e-01
2.772042332424477081e+03	1.508943483418687392e-01	9.160643150100533649e-02	3.148382456948731201e-01	2.003696771743439242e-01	9.260352782755161549e-02	4.360774958388966005e-02	1.060800198762953811e-01
2.786555643065443292e+03	1.505907298157767304e-01	9.138863897011595405e-02	3.150342250075408024e-01	2.005019479145868921e-01	9.266656599942055261e-02	4.365491463112562698e-02	1.061629776612612180e-01
2.801068953706408593e+03	1.502923106298637568e-01	9.117445589652700688e-02	3.152269498227715516e-01	2.006318251161008093e-01	9.272860153041685705e-02	4.370134278680225942e-02	1.062445142173455981e-01
2.815582264347374803e+03	1.499990018584671514e-01	9.096382227519106412e-02	3.154164756499686639e-01	2.007593501848511652e-01	9.278965043118031497e-02	4.374704529161101835e-02	1.063246543085584611e-01
2.830095574988341014e+03	1.497107161006244191e-01	9.075667909735904426e-02	3.156028570232465857e-01	2.008845638331631933e-01	9.284972846031158689e-02	4.379203322706105156e-02	1.064034222580619443e-01
2.844608885629306769e+03	1.494273674537535401e-01	9.055296833413656321e-02	3.157861475192894063e-01	2.010075060909672084e-01	9.290885112818975111e-02	4.383631751728846171e-02	1.064808419562029429e-01
2.859122196270272525e+03	1.491488714877937105e-01	9.035263292030799864e-02	3.159663997748605180e-01	2.011282163168695292e-01	9.296703370073604311e-02	4.387990893086188282e-02	1.065569368683982332e-01
2.873635506911238281e+03	1.488751452197983327e-01	9.015561673842432955e-02	3.161436655039706611e-01	2.012467332090518701e-01	9.302429120312467881e-02	4.392281808258358122e-02	1.066317300428744619e-01
2.888148817552204036e+03	1.486061070889719005e-01	8.996186460315032385e-02	3.163179955147116251e-01	2.013630948160015643e-01	9.308063842344131700e-02	4.396505543528528293e-02	1.067052441182659295e-01
2.902662128193170247e+03	1.483416769321429518e-01	8.977132224586727161e-02	3.164894397257632663e-01	2.014773385470745859e-01	9.313608991628982703e-02	4.400663130161806824e-02	1.067775013310719723e-01
2.917175438834136003e+03	1.480817759596654848e-01	8.958393629952675352e-02	3.166580471825802823e-01	2.015895011828947869e-01	9.319066000634804170e-02	4.404755584583552874e-02	1.068485235229771207e-01
2.931688749475101758e+03	1.478263267317407315e-01	8.939965428375191980e-02	3.168238660732660139e-01	2.016996188855905703e-01	9.324436279187327259e-02	4.408783908556972164e-02	1.069183321480357968e-01
2.946202060116067514e+03	1.475752531351521568e-01	8.921842459018194949e-02	3.169869437441401594e-01	2.018077272088724117e-01	9.329721214815787922e-02	4.412749089359913057e-02	1.069869482797243254e-01
2.960715370757033725e+03	1.473284803604063553e-01	8.904019646805604038e-02	3.171473267150062836e-01	2.019138611079526191e-01	9.334922173093587738e-02	4.416652099960819561e-02	1.070543926178625649e-01
2.975228681397999480e+03	1.470859348792722676e-01	8.886492001003302998e-02	3.173050606941260621e-01	2.020180549493104383e-01	9.340040497974105849e-02	4.420493899193780885e-02	1.071206854954072224e-01
2.989741992038964781e+03	1.468475444227117788e-01	8.869254613824287259e-02	3.174601905929062551e-01	2.021203425203041415e-01	9.345077512121717500e-02	4.424275431932628289e-02	1.071858468851194651e-01
3.004255302679930992e+03	1.466132379591948975e-01	8.852302659056626721e-02	3.176127605403040732e-01	2.022207570386325426e-01	9.350034517238084431e-02	4.427997629264034118e-02	1.072498964061089355e-01
3.018768613320896748e+03	1.463829456733925782e-01	8.835631390713882816e-02	3.177628138969579297e-01	2.023193311616486301e-01	9.354912794383792030e-02	4.431661408659564455e-02	1.073128533302564191e-01
3.033281923961862958e+03	1.461565989452401626e-01	8.819236141707618992e-02	3.179103932690479084e-01	2.024160969955262901e-01	9.359713604295355482e-02	4.435267674146649297e-02	1.073747365885173027e-01
3.047795234602828714e+03	1.459341303293654468e-01	8.803112322541645218e-02	3.180555405218928322e-01	2.025110861042837274e-01	9.364438187697701754e-02	4.438817316478423092e-02	1.074355647771081806e-01
3.062308545243794470e+03	1.457154735348743790e-01	8.787255420027648145e-02	3.181982967932885931e-01	2.026043295186645277e-01	9.369087765612131580e-02	4.442311213302411327e-02	1.074953561635784982e-01
3.076821855884760225e+03	1.455005634054883645e-01	8.771660996021875267e-02	3.183387025065932407e-01	2.026958577448790821e-01	9.373663539659873867e-02	4.445750229328015307e-02	1.075541286927695350e-01
3.091335166525725526e+03	1.452893359000267948e-01	8.756324686182523354e-02	3.184767973835646582e-01	2.027857007732083994e-01	9.378166692361235290e-02	4.449135216492772910e-02	1.076118999926626990e-01
3.105848477166692192e+03	1.450817280732286385e-01	8.741242198747502246e-02	3.186126204569549314e-01	2.028738880864719152e-01	9.382598387430446385e-02	4.452467014127368256e-02	1.076686873801191852e-01
3.120361787807657493e+03	1.448776780569074052e-01	8.726409313332243733e-02	3.187462100828674094e-01	2.029604486683617426e-01	9.386959770066226338e-02	4.455746449119349362e-02	1.077245078665130806e-01
3.134875098448624158e+03	1.446771250414331245e-01	8.711821879747236319e-02	3.188776039528803952e-01	2.030454110116453881e-01	9.391251967238138654e-02	4.458974336075546829e-02	1.077793781632597342e-01
3.149388409089589004e+03	1.444800092575357908e-01	8.697475816834972229e-02	3.190068391059430741e-01	2.031288031262383220e-01	9.395476087968790413e-02	4.462151477483158185e-02	1.078333146872414855e-01
3.163901719730555214e+03	1.442862719584249442e-01	8.683367111325981935e-02	3.191339519400474556e-01	2.032106525471490954e-01	9.399633223611916777e-02	4.465278663869474279e-02	1.078863335661326417e-01
3.178415030371521425e+03	1.440958554022189197e-01	8.669491816713661980e-02	3.192589782236818219e-01	2.032909863422983077e-01	9.403724448126420110e-02	4.468356673960246356e-02	1.079384506436255053e-01
3.192928341012487181e+03	1.439087028346792974e-01	8.655846052147578296e-02	3.193819531070693496e-01	2.033698311202135345e-01	9.407750818346401200e-02	4.471386274836651464e-02	1.079896814845593411e-01
3.207441651653452936e+03	1.437247584722444460e-01	8.642426001344964692e-02	3.195029111331963989e-01	2.034472130376022148e-01	9.411713374247240860e-02	4.474368222090858299e-02	1.080400413799541409e-01
3.221954962294418237e+03	1.435439674853572489e-01	8.629227911520107042e-02	3.196218862486350232e-01	2.035231578068039948e-01	9.415613139207787419e-02	4.477303259980173339e-02	1.080895453519509358e-01
3.236468272935384903e+03	1.433662759820816535e-01	8.616248092331325881e-02	3.197389118141634734e-01	2.035976907031246119e-01	9.419451120268697297e-02	4.480192121579749248e-02	1.081382081586603761e-01
3.250981583576350204e+03	1.431916309920032715e-01	8.603482914845290985e-02	3.198540206151890830e-01	2.036708365720530378e-01	9.423228308386966123e-02	4.483035528933856234e-02	1.081860442989213827e-01
3.265494894217316414e+03	1.430199804504083128e-01	8.590928810518359826e-02	3.199672448719769191e-01	2.037426198363633256e-01	9.426945678686725338e-02	4.485834193205688603e-02	1.082330680169715231e-01
3.280008204858282170e+03	1.428512731827370486e-01	8.578582270194688719e-02	3.200786162496890297e-01	2.038130645031036581e-01	9.430604190706329271e-02	4.488588814825716228e-02	1.082792933070307329e-01
3.294521515499247926e+03	1.426854588893059217e-01	8.566439843120819686e-02	3.201881658682366738e-01	2.038821941704733465e-01	9.434204788641799289e-02	4.491300083638554569e-02	1.083247339178001201e-01
3.309034826140214136e+03	1.425224881302941671e-01	8.554498135976514039e-02	3.202959243119506971e-01	2.039500320345901951e-01	9.437748401586659730e-02	4.493968679048364334e-02	1.083694033568773363e-01
