4.208860085880095880e+02	4.263503805791385437e-01	2.749453685117438373e-01	1.305215885519129260e-01	7.826514202649433039e-02	4.239681643532996341e-02	1.476973186117525212e-02	3.275097203403284224e-02
4.353993192289755143e+02	4.212550336808387197e-01	2.717093208617093469e-01	1.342496725000929259e-01	8.045907111966398018e-02	4.336129053189317212e-02	1.505568588300591065e-02	3.390992542262363102e-02
4.499126298699413837e+02	4.162505542038150153e-01	2.685257863488880736e-01	1.378957624347300626e-01	8.261645588781377225e-02	4.430099047580478289e-02	1.534813440728101386e-02	3.506231624149493131e-02
4.644259405109071963e+02	4.113351999629585309e-01	2.653939496486159566e-01	1.414620389921595334e-01	8.473794069598571121e-02	4.521713332517954265e-02	1.564633788181171714e-02	3.620739949311675698e-02
4.789392511518730657e+02	4.065072687203876711e-01	2.623130064432371844e-01	1.449506209379940180e-01	8.682415378686197949e-02	4.611084578015057361e-02	1.594961051985824621e-02	3.734449381133806561e-02
4.934525617928388783e+02	4.017650969257304250e-01	2.592821633410785642e-01	1.483635659574223942e-01	8.887570802715132057e-02	4.698317180410217786e-02	1.625731635534285666e-02	3.847297758900004166e-02
5.079658724338048046e+02	3.971070585120904384e-01	2.563006377940134084e-01	1.517028715990714482e-01	9.089320160548167160e-02	4.783507957665780741e-02	1.656886560627032420e-02	3.959228530624271658e-02
5.224791830747705035e+02	3.925315637446509243e-01	2.533676580135432177e-01	1.549704763460809931e-01	9.287721868519768775e-02	4.866746783815360106e-02	1.688371132090098897e-02	4.070190405130039851e-02
5.369924937157364866e+02	3.880370581190532575e-01	2.504824628853545843e-01	1.581682607911816529e-01	9.482833001521867589e-02	4.948117167991909066e-02	1.720134628340916697e-02	4.180137022569148375e-02
5.515058043567023560e+02	3.836220213068611273e-01	2.476443018823324682e-01	1.612980488953711378e-01	9.674709350188803736e-02	5.027696782977218726e-02	1.752130015775451785e-02	4.289026642584842230e-02
5.660191149976681118e+02	3.792849661455843235e-01	2.448524349760347052e-01	1.643616093122920452e-01	9.863405474453604271e-02	5.105557947767010857e-02	1.784313685031264224e-02	4.396821849339799249e-02
5.805324256386339812e+02	3.750244376708851690e-01	2.421061325466493386e-01	1.673606567626521047e-01	1.004897475372849430e-01	5.181768068239960695e-02	1.816645207347008378e-02	4.503489272648664860e-02
5.950457362795999643e+02	3.708390121887351065e-01	2.394046752914719411e-01	1.702968534450246263e-01	1.023146943394459135e-01	5.256390039650233464e-02	1.849087109390182976e-02	4.608999324474618436e-02
6.095590469205657200e+02	3.667272963854216195e-01	2.367473541319529695e-01	1.731718104711456041e-01	1.041094067166906945e-01	5.329482614327912815e-02	1.881604665062999379e-02	4.713325950070798576e-02
6.240723575615315895e+02	3.626879264734285679e-01	2.341334701193758527e-01	1.759870893154076021e-01	1.058743857550268619e-01	5.401100737667071522e-02	1.914165702922191944e-02	4.816446393069650361e-02
6.385856682024975726e+02	3.587195673713320376e-01	2.315623343392343714e-01	1.787442032696591465e-01	1.076101224494619563e-01	5.471295855204305614e-02	1.946740427963571801e-02	4.918340973846169889e-02
6.530989788434633283e+02	3.548209119159609348e-01	2.290332678143850442e-01	1.814446188956698458e-01	1.093170980691091504e-01	5.540116193338821826e-02	1.979301256627072000e-02	5.018992880504401927e-02
6.676122894844290840e+02	3.509906801051764780e-01	2.265456014070550417e-01	1.840897574687301586e-01	1.109957845003633481e-01	5.607607016016290247e-02	2.011822663973865041e-02	5.118387971860128421e-02
6.821256001253949535e+02	3.472276183697183272e-01	2.240986757197906964e-01	1.866809964068401051e-01	1.126466445696622243e-01	5.673810859490606429e-02	2.044281042074654400e-02	5.216514591816399926e-02
6.966389107663608229e+02	3.435304988726567976e-01	2.216918409954331537e-01	1.892196706808094708e-01	1.142701323472402053e-01	5.738767747088493326e-02	2.076654568728174971e-02	5.313363394552165359e-02
7.111522214073266923e+02	3.398981188350755356e-01	2.193244570162111162e-01	1.917070742013619877e-01	1.158666934331845644e-01	5.802515385729799247e-02	2.108923085701993119e-02	5.408927179967681215e-02
7.256655320482924481e+02	3.363292998866859729e-01	2.169958930020396692e-01	1.941444611800129394e-01	1.174367652270109086e-01	5.865089345799891218e-02	2.141067985754437769e-02	5.503200738853521179e-02
7.401788426892584312e+02	3.328228874401518711e-01	2.147055275081153347e-01	1.965330474610861577e-01	1.189807771818899712e-01	5.926523225828204261e-02	2.173072107757515609e-02	5.596180707272745136e-02
7.546921533302243006e+02	3.293777500879707110e-01	2.124527483218973112e-01	1.988740118227607656e-01	1.204991510445785202e-01	5.986848803297550869e-02	2.204919639296449782e-02	5.687865429668068767e-02
7.692054639711900563e+02	3.259927790208239640e-01	2.102369523595623291e-01	2.011684972454964304e-01	1.219923010820333081e-01	6.046096172791028817e-02	2.236596026172504165e-02	5.778254830227665118e-02
7.837187746121558121e+02	3.226668874663707887e-01	2.080575455620207459e-01	2.034176121465871567e-01	1.234606342956186820e-01	6.104293872576212893e-02	2.268087888282425274e-02	5.867350292064434092e-02
7.982320852531219089e+02	3.193990101475163157e-01	2.059139427905784525e-01	2.056224315799435320e-01	1.249045506237544401e-01	6.161469000628821968e-02	2.299382941390537907e-02	5.955154543784178106e-02
8.127453958940876646e+02	3.161881027592410298e-01	2.038055677223275797e-01	2.077839984005066809e-01	1.263244431337919305e-01	6.217647321009342476e-02	2.330469924348618077e-02	6.041671553038127640e-02
8.272587065350534203e+02	3.130331414631277731e-01	2.017318527453461352e-01	2.099033243929599446e-01	1.277206982038505689e-01	6.272853361425342889e-02	2.361338531354445144e-02	6.126906426674579714e-02
8.417720171760191761e+02	3.099331223987707995e-01	1.996922388537847592e-01	2.119813913646306780e-01	1.290936956952965231e-01	6.327110502738729492e-02	2.391979348872707092e-02	6.210865317123098056e-02
8.562853278169851592e+02	3.068870612112972185e-01	1.976861755429149548e-01	2.140191522026693161e-01	1.304438091164971947e-01	6.380441061110284084e-02	2.422383796871942566e-02	6.293555334662721823e-02
8.707986384579510286e+02	3.038939925942721887e-01	1.957131207042114851e-01	2.160175318957572865e-01	1.317714057784410142e-01	6.432866363412939603e-02	2.452544074058708029e-02	6.374984465242974907e-02
8.853119490989170117e+02	3.009529698473002446e-01	1.937725405205375506e-01	2.179774285207369267e-01	1.330768469427709155e-01	6.484406816489785008e-02	2.482453106815360119e-02	6.455161493543108697e-02
8.998252597398827675e+02	2.980630644476710556e-01	1.918639093614991353e-01	2.198997141946738010e-01	1.343604879627414150e-01	6.535081970782287419e-02	2.512104501570956716e-02	6.534095930971028920e-02
9.143385703808486369e+02	2.952233656354341096e-01	1.899867096790314736e-01	2.217852359929597950e-01	1.356226784175737776e-01	6.584910578808256254e-02	2.541492500355970602e-02	6.611797948318672014e-02
9.288518810218145063e+02	2.924329800113200650e-01	1.881404319032774775e-01	2.236348168341464882e-01	1.368637622406503607e-01	6.633910648927138221e-02	2.570611939310945421e-02	6.688278312805297221e-02
9.433651916627801484e+02	2.896910311469558796e-01	1.863245743388153297e-01	2.254492563322641474e-01	1.380840778419586135e-01	6.682099494792134720e-02	2.599458209937076728e-02	6.763548329254218117e-02
9.578785023037459041e+02	2.869966592068529665e-01	1.845386430612890039e-01	2.272293316174328059e-01	1.392839582251660657e-01	6.729493780853790241e-02	2.628027222893061787e-02	6.837619785161892783e-02
9.723918129447120009e+02	2.843490205816722183e-01	1.827821518144927271e-01	2.289757981256130559e-01	1.404637310996816324e-01	6.776109564248088135e-02	2.656315374157613637e-02	6.910504899431166304e-02
9.869051235856777566e+02	2.817472875322973302e-01	1.810546219079574859e-01	2.306893903583740191e-01	1.416237189880329983e-01	6.821962333373164655e-02	2.684319513390836728e-02	6.982216274552646706e-02
1.001418434226643626e+03	2.791906478442726658e-01	1.793555821150847052e-01	2.323708226135769161e-01	1.427642393288668654e-01	6.867067043432457940e-02	2.712036914340363800e-02	7.052766852029902778e-02
1.015931744867609382e+03	2.766783044921826140e-01	1.776845685718697054e-01	2.340207896878866434e-01	1.438856045758578617e-01	6.911438149198115277e-02	2.739465247149809948e-02	7.122169870855236951e-02
1.030445055508575479e+03	2.742094753135744800e-01	1.760411246762545179e-01	2.356399675520298165e-01	1.449881222927912883e-01	6.955089635226595346e-02	2.766602552437837093e-02	7.190438828853402964e-02
1.044958366149541234e+03	2.717833926920441567e-01	1.744248009881471939e-01	2.372290139997197123e-01	1.460720952450660359e-01	6.998035043738466687e-02	2.793447217025983934e-02	7.257587446720688285e-02
1.059471676790506763e+03	2.693993032491245332e-01	1.728351551301425537e-01	2.387885692711637087e-01	1.471378214878476809e-01	7.040287500356190442e-02	2.819997951202492942e-02	7.323629634596318105e-02
1.073984987431472746e+03	2.670564675446355229e-01	1.712717516889759040e-01	2.403192566520615525e-01	1.481855944510844791e-01	7.081859737877101157e-02	2.846253767417735239e-02	7.388579461012262373e-02
1.088498298072438729e+03	2.647541597851696404e-01	1.697341621177402282e-01	2.418216830489909874e-01	1.492157030215845448e-01	7.122764118243640752e-02	2.872213960314517686e-02	7.452451124076148181e-02
1.103011608713404712e+03	2.624916675404049826e-01	1.682219646388936896e-01	2.432964395420625370e-01	1.502284316223385097e-01	7.163012652859079843e-02	2.897878088003650807e-02	7.515258924750146952e-02
1.117524919354370468e+03	2.602682914669517400e-01	1.667347441480833692e-01	2.447441019157087505e-01	1.512240602892589159e-01	7.202617021384373486e-02	2.923245954501696095e-02	7.577017242096498184e-02
1.132038229995336451e+03	2.580833450394535156e-01	1.652720921188083614e-01	2.461652311684538741e-01	1.522028647454951311e-01	7.241588589140252052e-02	2.948317593253819632e-02	7.637740510367689584e-02
1.146551540636302207e+03	2.559361542886766094e-01	1.638336065079432358e-01	2.475603740024897581e-01	1.531651164734720294e-01	7.279938423228170252e-02	2.973093251670246712e-02	7.697443197826268901e-02
1.161064851277267962e+03	2.538260575463356927e-01	1.624188916621416845e-01	2.489300632938616920e-01	1.541110827847894105e-01	7.317677307474113046e-02	2.997573376609930992e-02	7.756139787185947765e-02
1.175578161918233945e+03	2.517524051964145082e-01	1.610275582251375071e-01	2.502748185440453743e-01	1.550410268881100839e-01	7.354815756290516982e-02	3.021758600749780560e-02	7.813844757571801469e-02
1.190091472559199701e+03	2.497145594327512541e-01	1.596592230459591699e-01	2.515951463136723021e-01	1.559552079551548009e-01	7.391364027543528836e-02	3.045649729782151649e-02	7.870572567903413863e-02
1.204604783200165684e+03	2.477118940226719079e-01	1.583135090880716245e-01	2.528915406391378795e-01	1.568538811849146120e-01	7.427332134505545969e-02	3.069247730387359221e-02	7.926337641610334273e-02
1.219118093841131440e+03	2.457437940764612139e-01	1.569900453394585393e-01	2.541644834328012914e-01	1.577372978661825409e-01	7.462729856966250630e-02	3.092553718931671108e-02	7.981154352594563295e-02
1.233631404482097196e+03	2.438096558224734367e-01	1.556884667236554665e-01	2.554144448674621204e-01	1.586057054384997778e-01	7.497566751569276211e-02	3.115568950844709722e-02	8.035037012359780295e-02
1.248144715123063179e+03	2.419088863876929230e-01	1.544084140117441828e-01	2.566418837457754010e-01	1.594593475516042913e-01	7.531852161436042303e-02	3.138294810633362325e-02	8.087999858231764705e-02
1.262658025764028707e+03	2.400409035835632809e-01	1.531495337353162567e-01	2.578472478552409353e-01	1.602984641234643237e-01	7.565595225133182888e-02	3.160732802492261656e-02	8.140057042598931869e-02
1.277171336404994690e+03	2.382051356969119016e-01	1.519114781004129999e-01	2.590309743093803241e-01	1.611232913969722347e-01	7.598804885035334578e-02	3.182884541473612189e-02	8.191222623106164669e-02
1.291684647045960673e+03	2.364010212858052573e-01	1.506939049024476063e-01	2.601934898756911307e-01	1.619340619953696658e-01	7.631489895130759427e-02	3.204751745181683154e-02	8.241510553739045397e-02
1.306197957686926657e+03	2.346280089801759672e-01	1.494964774421145282e-01	2.613352112909443914e-01	1.627310049764693067e-01	7.663658828313366089e-02	3.226336225959614001e-02	8.290934676739455944e-02
1.320711268327892412e+03	2.328855572870712765e-01	1.483188644422894220e-01	2.624565455643685929e-01	1.635143458857343524e-01	7.695320083201145911e-02	3.247639883538359223e-02	8.339508715296985175e-02
1.335224578968857941e+03	2.311731344003778998e-01	1.471607399659225213e-01	2.635578902692429226e-01	1.642843068082721347e-01	7.726481890517719608e-02	3.268664698119608941e-02	8.387246266963975516e-02
1.349737889609823924e+03	2.294902180148852000e-01	1.460217833349271022e-01	2.646396338233992229e-01	1.650411064197939148e-01	7.757152319070721724e-02	3.289412723866380617e-02	8.434160797745214599e-02
1.364251200250789907e+03	2.278362951445538076e-01	1.449016790500639307e-01	2.657021557591111582e-01	1.657849600365901566e-01	7.787339281357982812e-02	3.309886082776723748e-02	8.480265636816246289e-02
1.378764510891755890e+03	2.262108619448628399e-01	1.438001167118217460e-01	2.667458269828316686e-01	1.665160796645660246e-01	7.817050538829989348e-02	3.330086958917575363e-02	8.525573971827067610e-02
1.393277821532721646e+03	2.246134235391141765e-01	1.427167909422929204e-01	2.677710100252153613e-01	1.672346740473789894e-01	7.846293706834732429e-02	3.350017592997292515e-02	8.570098844750689837e-02
1.407791132173687402e+03	2.230434938485768293e-01	1.416514013080426293e-01	2.687780592818483916e-01	1.679409487137178691e-01	7.875076259269014889e-02	3.369680277256802137e-02	8.613853148238470592e-02
1.422304442814653157e+03	2.215005954263596644e-01	1.406036522439695347e-01	2.697673212450865665e-01	1.686351060237588628e-01	7.903405532958304724e-02	3.389077350660562454e-02	8.656849622446532999e-02
1.436817753455619140e+03	2.199842592949049491e-01	1.395732529781550935e-01	2.707391347273862547e-01	1.693173452148327152e-01	7.931288731785454682e-02	3.408211194369756281e-02	8.699100852299762598e-02
1.451331064096585123e+03	2.184940247869994190e-01	1.385599174576978010e-01	2.716938310764956954e-01	1.699878624463335708e-01	7.958732930586993881e-02	3.427084227481243944e-02	8.740619265161989060e-02
1.465844374737550879e+03	2.170294393902042485e-01	1.375633642755287600e-01	2.726317343828573159e-01	1.706468508438990228e-01	7.985745078834191601e-02	3.445698903016839593e-02	8.781417128882913758e-02
1.480357685378516862e+03	2.155900585946078085e-01	1.365833165982035247e-01	2.735531616795561227e-01	1.712945005428876122e-01	8.012332004114736117e-02	3.464057704148445355e-02	8.821506550194195551e-02
1.494870996019482618e+03	2.141754457438104498e-01	1.356195020946655005e-01	2.744584231351347992e-01	1.719309987311790910e-01	8.038500415429587764e-02	3.482163140645478522e-02	8.860899473428836270e-02
1.509384306660448374e+03	2.127851718890529931e-01	1.346716528659754608e-01	2.753478222395797093e-01	1.725565296913208202e-01	8.064256906318455209e-02	3.500017745531865815e-02	8.899607679539667249e-02
1.523897617301414357e+03	2.114188156464038570e-01	1.337395053760009889e-01	2.762216559837714636e-01	1.731712748420410619e-01	8.089607957826228102e-02	3.517624071940667063e-02	8.937642785394257772e-02
1.538410927942380113e+03	2.100759630569234704e-01	1.328228003830596304e-01	2.770802150326762137e-01	1.737754127791503178e-01	8.114559941321798642e-02	3.534984690155103249e-02	8.975016243325031895e-02
1.552924238583346096e+03	2.087562074497272824e-01	1.319212828725095099e-01	2.779237838925447401e-01	1.743691193158482255e-01	8.139119121179717864e-02	3.552102184825482734e-02	9.011739340914727558e-02
1.567437549224311852e+03	2.074591493078719040e-01	1.310347019902796395e-01	2.787526410723720205e-01	1.749525675224541110e-01	8.163291657334419138e-02	3.568979152352102363e-02	9.047823200998615645e-02
1.581950859865277607e+03	2.061843961369906886e-01	1.301628109773335373e-01	2.795670592398591947e-01	1.755259277655771277e-01	8.187083607715887890e-02	3.585618198424848219e-02	9.083278781866116480e-02
1.596464170506243590e+03	2.049315623366089745e-01	1.293053671050577169e-01	2.803673053721082997e-01	1.760893677467408325e-01	8.210500930575037604e-02	3.602021935710739836e-02	9.118116877645551788e-02
1.610977481147209119e+03	2.037002690740707944e-01	1.284621316115679701e-01	2.811536409012697635e-01	1.766430525404764917e-01	8.233549486706349951e-02	3.618192981681198767e-02	9.152348118856873382e-02
1.625490791788175102e+03	2.024901441610112707e-01	1.276328696389248674e-01	2.819263218553523798e-01	1.771871446318979693e-01	8.256235041574827571e-02	3.634133956571295593e-02	9.185982973118153594e-02
1.640004102429141085e+03	2.013008219323118575e-01	1.268173501712505369e-01	2.826855989943961034e-01	1.777218039537706296e-01	8.278563267353691857e-02	3.649847481463694421e-02	9.219031745992627147e-02
1.654517413070107068e+03	2.001319431274765359e-01	1.260153459737382298e-01	2.834317179421976807e-01	1.782471879230854428e-01	8.300539744878812631e-02	3.665336176490439912e-02	9.251504581963886087e-02
1.669030723711072824e+03	1.989831547743707296e-01	1.252266335325457614e-01	2.841649193137717466e-01	1.787634514771490324e-01	8.322169965525370861e-02	3.680602659146110789e-02	9.283411465527718898e-02
1.683544034352038352e+03	1.978541100752646831e-01	1.244509929955645022e-01	2.848854388387210279e-01	1.792707471091997684e-01	8.343459333011864210e-02	3.695649542706264806e-02	9.314762222389803836e-02
1.698057344993004335e+03	1.967444682951269841e-01	1.236882081140547596e-01	2.855935074806802421e-01	1.797692249035591772e-01	8.364413165136150297e-02	3.710479434745426325e-02	9.345566520759233942e-02
1.712570655633970318e+03	1.956538946521142741e-01	1.229380661851385420e-01	2.862893515529927879e-01	1.802590325703274654e-01	8.385036695447881105e-02	3.725094935749208996e-02	9.375833872728532581e-02
1.727083966274936301e+03	1.945820602102052710e-01	1.222003579951405905e-01	2.869731928307697189e-01	1.807403154796313471e-01	8.405335074861354505e-02	3.739498637815462379e-02	9.405573635731422077e-02
1.741597276915902057e+03	1.935286417739291998e-01	1.214748777637685156e-01	2.876452486594756053e-01	1.812132166954321388e-01	8.425313373212491019e-02	3.753693123439633128e-02	9.434795014070258834e-02
1.756110587556867813e+03	1.924933217851398926e-01	1.207614230891227852e-01	2.883057320601777329e-01	1.816778770089013395e-01	8.444976580763392804e-02	3.767680964379788860e-02	9.463507060505574331e-02
1.770623898197833569e+03	1.914757882217884288e-01	1.200597948935269998e-01	2.889548518315893655e-01	1.821344349713706623e-01	8.464329609657665621e-02	3.781464720597008805e-02	9.491718677900709555e-02
1.785137208838799552e+03	1.904757344986490186e-01	1.193697973701692699e-01	2.895928126490325827e-01	1.825830269268629014e-01	8.483377295329436185e-02	3.795046939267095881e-02	9.519438620915018912e-02
1.799650519479765535e+03	1.894928593699533870e-01	1.186912379305451459e-01	2.902198151604389320e-01	1.830237870442102122e-01	8.502124397868814076e-02	3.808430153859773681e-02	9.546675497739580407e-02
1.814163830120731291e+03	1.885268668338910547e-01	1.180239271526926231e-01	2.908360560795016925e-01	1.834568473487653006e-01	8.520575603346323967e-02	3.821616883281746951e-02	9.573437771869793000e-02
1.828677140761696819e+03	1.875774660389337989e-01	1.173676787302097430e-01	2.914417282760895511e-01	1.838823377537114057e-01	8.538735525098632706e-02	3.834609631080211634e-02	9.599733763909640283e-02
1.843190451402663257e+03	1.866443711919437143e-01	1.167223094220451868e-01	2.920370208640230003e-01	1.843003860909761815e-01	8.556608704977773650e-02	3.847410884703571926e-02	9.625571653402784089e-02
1.857703762043628785e+03	1.857273014680257683e-01	1.160876390030525090e-01	2.926221192863145970e-01	1.847111181417549486e-01	8.574199614565845839e-02	3.860023114816307083e-02	9.650959480686005509e-02
1.872217072684594768e+03	1.848259809220866023e-01	1.154634902152984199e-01	2.931972053979661208e-01	1.851146576666478638e-01	8.591512656357085109e-02	3.872448774665097904e-02	9.675905148760860497e-02
1.886730383325560297e+03	1.839401384020624419e-01	1.148496887201154448e-01	2.937624575464140020e-01	1.855111264354157297e-01	8.608552164909027971e-02	3.884690299493462340e-02	9.700416425179697599e-02
1.901243693966526507e+03	1.830695074637803399e-01	1.142460630508897734e-01	2.943180506497080628e-01	1.859006442563592154e-01	8.625322407964372551e-02	3.896750106002321717e-02	9.724500943942521181e-02
1.915757004607492036e+03	1.822138262874173908e-01	1.136524445665745842e-01	2.948641562725073384e-01	1.862833290053255431e-01	8.641827587545032607e-02	3.908630591854028030e-02	9.748166207401408323e-02
1.930270315248458019e+03	1.813728375955241390e-01	1.130686674059196706e-01	2.954009426999706367e-01	1.866592966543470233e-01	8.658071841019782111e-02	3.920334135217540261e-02	9.771419588169487358e-02
1.944783625889424002e+03	1.805462885725786781e-01	1.124945684424076275e-01	2.959285750096178891e-01	1.870286612999153553e-01	8.674059242146765769e-02	3.931863094352541083e-02	9.794268331031698305e-02
1.959296936530389530e+03	1.797339307860396085e-01	1.119299872398875351e-01	2.964472151412338996e-01	1.873915351908958526e-01	8.689793802092084241e-02	3.943219807230406715e-02	9.816719554854780316e-02
1.973810247171355968e+03	1.789355201088660974e-01	1.113747660088968278e-01	2.969570219648837717e-01	1.877480287560851224e-01	8.705279470425554555e-02	3.954406591190055137e-02	9.838780254494168542e-02
1.988323557812321269e+03	1.781508166434746798e-01	1.108287495636618297e-01	2.974581513471056815e-01	1.880982506314161362e-01	8.720520136094705999e-02	3.965425742626801225e-02	9.860457302695620208e-02
2.002836868453287707e+03	1.773795846471029058e-01	1.102917852797681147e-01	2.979507562153439482e-01	1.884423076868143587e-01	8.735519628377963475e-02	3.976279536712433449e-02	9.881757451989631180e-02
2.017350179094252780e+03	1.766215924585508579e-01	1.097637230524911578e-01	2.984349866206834068e-01	1.887803050527082360e-01	8.750281717817914862e-02	3.986970227144837758e-02	9.902687336576845856e-02
2.031863489735218764e+03	1.758766124262724495e-01	1.092444152557786180e-01	2.989109897989418174e-01	1.891123461461978461e-01	8.764810117135510281e-02	3.997500045925561629e-02	9.923253474202818614e-02
2.046376800376184747e+03	1.751444208377883893e-01	1.087337167018749690e-01	2.993789102301771532e-01	1.894385326968849315e-01	8.779108482125974611e-02	4.007871203163809737e-02	9.943462268020636374e-02
2.060890111017150957e+03	1.744247978503947472e-01	1.082314846015794280e-01	2.998388896966613926e-01	1.897589647723676443e-01	8.793180412537154877e-02	4.018085886905425896e-02	9.963320008440061659e-02
2.075403421658116713e+03	1.737175274231403665e-01	1.077375785251287466e-01	3.002910673393725527e-01	1.900737408034034182e-01	8.807029452930997815e-02	4.028146262985504711e-02	9.982832874961956870e-02
2.089916732299082469e+03	1.730223972500477825e-01	1.072518603636955503e-01	3.007355797130529806e-01	1.903829576087432141e-01	8.820659093528782080e-02	4.038054474903327723e-02	1.000200693799691148e-01
2.104430042940048224e+03	1.723391986945525534e-01	1.067741942914938458e-01	3.011725608398815313e-01	1.906867104196401930e-01	8.834072771040706040e-02	4.047812643718404213e-02	1.002084816066704798e-01
2.118943353581013525e+03	1.716677267251371097e-01	1.063044467284829653e-01	3.016021422618036518e-01	1.909850929040362300e-01	8.847273869480393182e-02	4.057422867966440500e-02	1.003936240059014329e-01
2.133456664221980191e+03	1.710077798521347503e-01	1.058424863036612623e-01	3.020244530915623948e-01	1.912781971904292388e-01	8.860265720964814740e-02	4.066887223594136541e-02	1.005755541164525813e-01
2.147969974862945492e+03	1.703591600656813032e-01	1.053881838189412307e-01	3.024396200624721032e-01	1.915661138914242778e-01	8.873051606500156896e-02	4.076207763911752352e-02	1.007543284571917885e-01
2.162483285503912157e+03	1.697216727747911658e-01	1.049414122135975680e-01	3.028477675769737365e-01	1.918489321269720160e-01	8.885634756754048902e-02	4.085386519562440866e-02	1.009300025443304188e-01
2.176996596144877003e+03	1.690951267475363506e-01	1.045020465292799128e-01	3.032490177540104193e-01	1.921267395472970041e-01	8.898018352814614229e-02	4.094425498507411193e-02	1.011026309084859659e-01
2.191509906785843214e+03	1.684793340523061955e-01	1.040699638755818029e-01	3.036434904752589592e-01	1.923996223555191620e-01	8.910205526936727793e-02	4.103326686026000092e-02	1.012722671115365153e-01
2.206023217426809424e+03	1.678741100001274189e-01	1.036450433961581402e-01	3.040313034302535300e-01	1.926676653299713715e-01	8.922199363275866435e-02	4.112092044729812046e-02	1.014389637632626823e-01
2.220536528067775180e+03	1.672792730880232059e-01	1.032271662353826253e-01	3.044125721604338253e-01	1.929309518462162809e-01	8.934002898609917642e-02	4.120723514590101527e-02	1.016027725377737917e-01
2.235049838708740936e+03	1.666946449433918676e-01	1.028162155055375726e-01	3.047874101021511573e-01	1.931895638987649877e-01	8.945619123049269872e-02	4.129223012977630003e-02	1.017637441897153716e-01
2.249563149349706237e+03	1.661200502693848391e-01	1.024120762545278895e-01	3.051559286286633088e-01	1.934435821225008734e-01	8.957050980735498102e-02	4.137592434714253836e-02	1.019219285702554628e-01
2.264076459990672902e+03	1.655553167912653112e-01	1.020146354341117528e-01	3.055182370911477818e-01	1.936930858138115885e-01	8.968301370528976302e-02	4.145833652135555436e-02	1.020773746428480927e-01
2.278589770631638203e+03	1.650002752037280640e-01	1.016237818686400035e-01	3.058744428587629738e-01	1.939381529514316860e-01	8.979373146685648566e-02	4.153948515163838340e-02	1.022301304987721926e-01
2.293103081272604413e+03	1.644547591191627967e-01	1.012394062242968212e-01	3.062246513577842055e-01	1.941788602169992883e-01	8.990269119523278118e-02	4.161938851390867278e-02	1.023802433724452371e-01
2.307616391913570169e+03	1.639186050168426334e-01	1.008614009788340177e-01	3.065689661098418006e-01	1.944152830153294542e-01	9.000992056077378178e-02	4.169806466169745374e-02	1.025277596565107030e-01
2.322129702554535925e+03	1.633916521930200150e-01	1.004896603917916353e-01	3.069074887692870290e-01	1.946474954944071856e-01	9.011544680747114733e-02	4.177553142715355328e-02	1.026727249166992512e-01
2.336643013195502135e+03	1.628737427119132941e-01	1.001240804751974411e-01	3.072403191597105621e-01	1.948755705651030179e-01	9.021929675931364412e-02	4.185180642212830981e-02	1.028151839064635337e-01
2.351156323836467891e+03	1.623647213575667159e-01	9.976455896473805651e-02	3.075675553096370307e-01	1.950995799206140802e-01	9.032149682655166156e-02	4.192690703933530522e-02	1.029551805813869736e-01
2.365669634477433647e+03	1.618644355865675455e-01	9.941099529139457713e-02	3.078892934874191689e-01	1.953195940556332610e-01	9.042207301186780399e-02	4.200085045358029762e-02	1.030927581133671694e-01
2.380182945118399402e+03	1.613727354816043291e-01	9.906329055353559065e-02	3.082056282353534127e-01	1.955356822852498677e-01	9.052105091645529233e-02	4.207365362305664352e-02	1.032279589045746460e-01
2.394696255759364703e+03	1.608894737058501889e-01	9.872134748946068128e-02	3.085166524030388824e-01	1.957479127635840255e-01	9.061845574600610465e-02	4.214533329070180995e-02	1.033608246011881310e-01
2.409209566400331823e+03	1.604145054581559149e-01	9.838507045038737131e-02	3.088224571799995100e-01	1.959563525021579822e-01	9.071431231661084005e-02	4.221590598561068830e-02	1.034913961069075516e-01
2.423722877041296670e+03	1.599476884290379486e-01	9.805436537387482443e-02	3.091231321275901278e-01	1.961610673880072597e-01	9.080864506057176322e-02	4.228538802450179657e-02	1.036197135962462212e-01
2.438236187682262880e+03	1.594888827574457990e-01	9.772913975767766326e-02	3.094187652102055042e-01	1.963621222015340950e-01	9.090147803213075028e-02	4.235379551323244229e-02	1.037458165276038125e-01
2.452749498323228636e+03	1.590379509882952069e-01	9.740930263402287903e-02	3.097094428258104215e-01	1.965595806341065011e-01	9.099283491311374594e-02	4.242114434835934228e-02	1.038697436561219628e-01
2.467262808964194392e+03	1.585947580307522919e-01	9.709476454430396308e-02	3.099952498358097830e-01	1.967535053054053074e-01	9.108273901849318899e-02	4.248745021874118094e-02	1.039915330463243165e-01
2.481776119605160602e+03	1.581591711172548875e-01	9.678543751418508534e-02	3.102762695942751781e-01	1.969439577805221220e-01	9.117121330186980788e-02	4.255272860717981137e-02	1.041112220845431813e-01
2.496289430246126358e+03	1.577310597632576861e-01	9.648123502910950500e-02	3.105525839765447826e-01	1.971309985868111014e-01	9.125828036087522965e-02	4.261699479209708069e-02	1.042288474911346741e-01
2.510802740887092114e+03	1.573102957276874825e-01	9.618207201020562147e-02	3.108242734072136360e-01	1.973146872304972765e-01	9.134396244249681773e-02	4.268026384924421962e-02	1.043444453324850335e-01
2.525316051528057415e+03	1.568967529740957767e-01	9.588786479058455936e-02	3.110914168875288377e-01	1.974950822130440709e-01	9.142828144832583492e-02	4.274255065344102766e-02	1.044580510328099732e-01
2.539829362169024080e+03	1.564903076324957731e-01	9.559853109202327837e-02	3.113540920222059860e-01	1.976722410472828706e-01	9.151125893973025005e-02	4.280386988034223100e-02	1.045696993857497675e-01
2.554342672809989381e+03	1.560908379618711206e-01	9.531399000202704641e-02	3.116123750456801789e-01	1.978462202733075326e-01	9.159291614295353434e-02	4.286423600822843183e-02	1.046794245657624162e-01
2.568855983450955591e+03	1.556982243133444299e-01	9.503416195126528077e-02	3.118663408478072885e-01	1.980170754741361339e-01	9.167327395414041902e-02	4.292366331981917887e-02	1.047872601393175368e-01
2.583369294091921347e+03	1.553123490939931350e-01	9.475896869137521994e-02	3.121160629990284985e-01	1.981848612911432383e-01	9.175235294429079369e-02	4.298216590410600113e-02	1.048932390758933741e-01
2.597882604732887103e+03	1.549330967313011509e-01	9.448833327312725072e-02	3.123616137750109822e-01	1.983496314392649007e-01	9.183017336414299459e-02	4.303975765820314270e-02	1.049973937587798251e-01
2.612395915373853313e+03	1.545603536382345600e-01	9.422218002494647804e-02	3.126030641807787114e-01	1.985114387219795162e-01	9.190675514898727361e-02	4.309645228921398646e-02	1.050997559956898114e-01
2.626909226014819069e+03	1.541940081789301142e-01	9.396043453178476446e-02	3.128404839743449406e-01	1.986703350460667372e-01	9.198211792341065562e-02	4.315226331611114741e-02	1.052003570291819429e-01
2.641422536655784825e+03	1.538339506349855335e-01	9.370302361433788252e-02	3.130739416898594696e-01	1.988263714361476753e-01	9.205628100597425256e-02	4.320720407162843141e-02	1.052992275468970923e-01
2.655935847296750580e+03	1.534800731723402201e-01	9.344987530860209002e-02	3.133035046602810625e-01	1.989795980490086102e-01	9.212926341382381146e-02	4.326128770416294567e-02	1.053963976916115902e-01
2.670449157937716336e+03	1.531322698087363710e-01	9.320091884576499341e-02	3.135292390395882922e-01	1.991300641877108424e-01	9.220108386723459282e-02	4.331452717968551497e-02	1.054918970711097581e-01
2.684962468578682547e+03	1.527904363817493283e-01	9.295608463242523156e-02	3.137512098245377468e-01	1.992778183154898797e-01	9.227176079409155074e-02	4.336693528365806460e-02	1.055857547678786534e-01
2.699475779219648302e+03	1.524544705173775383e-01	9.271530423113581720e-02	3.139694808759821987e-01	1.994229080694456535e-01	9.234131233430557806e-02	4.341852462295624909e-02	1.056779993486275243e-01
2.713989089860614058e+03	1.521242715991813210e-01	9.247851034126608472e-02	3.141841149397580635e-01	1.995653802740272043e-01	9.240975634416680184e-02	4.346930762779606383e-02	1.057686588736350547e-01
2.728502400501579814e+03	1.517997407379613195e-01	9.224563678017697055e-02	3.143951736671527497e-01	1.997052809543138907e-01	9.247711040063580357e-02	4.351929655366301025e-02	1.058577609059268565e-01
2.743015711142545115e+03	1.514807807419661922e-01	9.201661846470490791e-02	3.146027176349613930e-01	1.998426553490959823e-01	9.254339180557358269e-02	4.356850348324253774e-02	1.059453325202860396e-01
2.757529021783511780e+03	1.511672960876206395e-01	9.179139139294908989e-02	3.148068063651425774e-01	1.999775479237568820e-01	9.260861758991115189e-02	4.361694032835063128e-02	1.060314003120996357e-01
2.772042332424477081e+03	1.508591928907641044e-01	9.156989262635761850e-02	3.150074983440825926e-01	2.001100023829599228e-01	9.267280451775955497e-02	4.366461883186332354e-02	1.061159904060434978e-01
2.786555643065443292e+03	1.505563788783910173e-01	9.135206027210744650e-02	3.152048510414768301e-01	2.002400616831417068e-01	9.273596909046102899e-02	4.371155056964410451e-02	1.061991284646084249e-01
2.801068953706408593e+03	1.502587633608837292e-01	9.113783346577362943e-02	3.153989209288375339e-01	2.003677680448150145e-01	9.279812755058229612e-02	4.375774695246818086e-02	1.062808396964701613e-01
2.815582264347374803e+03	1.499662572047292253e-01	9.092715235428305842e-02	3.155897634976358446e-01	2.004931629646833080e-01	9.285929588585055405e-02	4.380321922794264133e-02	1.063611488647059344e-01
2.830095574988341014e+03	1.496787728057110411e-01	9.071995807914837173e-02	3.157774332770865167e-01	2.006162872275698283e-01	9.291948983303305321e-02	4.384797848242164703e-02	1.064400802948600872e-01
2.844608885629306769e+03	1.493962240625677507e-01	9.051619275997731251e-02	3.159619838515843049e-01	2.007371809181628941e-01	9.297872488176106565e-02	4.389203564291570270e-02	1.065176578828615356e-01
2.859122196270272525e+03	1.491185263511098924e-01	9.031579947825316146e-02	3.161434678777981788e-01	2.008558834325807063e-01	9.303701627829877308e-02	4.393540147899434312e-02	1.065939051027955525e-01
2.873635506911238281e+03	1.488455964987872304e-01	9.011872226138205322e-02	3.163219371014320269e-01	2.009724334897575182e-01	9.309437902925800368e-02	4.397808660468133929e-02	1.066688450145324152e-01
2.888148817552204036e+03	1.485773527596979393e-01	8.992490606700261069e-02	3.164974423736595655e-01	2.010868691426536681e-01	9.315082790525941459e-02	4.402010148034177228e-02	1.067425002712155124e-01
2.902662128193170247e+03	1.483137147900323582e-01	8.973429676755390050e-02	3.166700336672396698e-01	2.011992277892919179e-01	9.320637744454099427e-02	4.406145641456035711e-02	1.068148931266112572e-01
2.917175438834136003e+03	1.480546036239431540e-01	8.954684113509742138e-02	3.168397600923196777e-01	2.013095461836222344e-01	9.326104195651431505e-02	4.410216156601026033e-02	1.068860454423234685e-01
2.931688749475101758e+03	1.477999416498346763e-01	8.936248682638908702e-02	3.170066699119333808e-01	2.014178604462175670e-01	9.331483552526941005e-02	4.414222694531193952e-02	1.069559786948744567e-01
2.946202060116067514e+03	1.475496525870639564e-01	8.918118236819709554e-02	3.171708105572007552e-01	2.015242060748028696e-01	9.336777201302896845e-02	4.418166241688140095e-02	1.070247139826554367e-01
2.960715370757033725e+03	1.473036614630458541e-01	8.900287714286182761e-02	3.173322286422352589e-01	2.016286179546194490e-01	9.341986506355243192e-02	4.422047770076732026e-02	1.070922720327483479e-01
2.975228681397999480e+03	1.470618945907555819e-01	8.882752137409372084e-02	3.174909699787651918e-01	2.017311303686271096e-01	9.347112810549063067e-02	4.425868237447664472e-02	1.071586732076216381e-01
2.989741992038964781e+03	1.468242795466211115e-01	8.865506611300537354e-02	3.176470795904756117e-01	2.018317770075463147e-01	9.352157435569175004e-02	4.429628587478813551e-02	1.072239375117022692e-01
3.004255302679930992e+03	1.465907451487991620e-01	8.848546322437401968e-02	3.178006017270764150e-01	2.019305909797423360e-01	9.357121682245904404e-02	4.433329749955342014e-02	1.072880845978261694e-01
3.018768613320896748e+03	1.463612214358274710e-01	8.831866537313068366e-02	3.179515798781026303e-01	2.020276048209539432e-01	9.362006830876125341e-02	4.436972640948529112e-02	1.073511337735693211e-01
3.033281923961862958e+03	1.461356396456467144e-01	8.815462601107239282e-02	3.181000567864523676e-01	2.021228505038686063e-01	9.366814141539593630e-02	4.440558162993268887e-02	1.074131040074618737e-01
3.047795234602828714e+03	1.459139321949861623e-01	8.799329936379361727e-02	3.182460744616684156e-01	2.022163594475462622e-01	9.371544854410678027e-02	4.444087205264223711e-02	1.074740139350871676e-01
3.062308545243794470e+03	1.456960326591060506e-01	8.783464041783357878e-02	3.183896741929679863e-01	2.023081625266939243e-01	9.376200190065514528e-02	4.447560643750587267e-02	1.075338818650680289e-01
3.076821855884760225e+03	1.454818757518904215e-01	8.767860490803590368e-02	3.185308965620275989e-01	2.023982900807933805e-01	9.380781349784662881e-02	4.450979341429432690e-02	1.075927257849423335e-01
3.091335166525725526e+03	1.452713973062846609e-01	8.752514930511705316e-02	3.186697814555258801e-01	2.024867719230836194e-01	9.385289515851320818e-02	4.454344148437625051e-02	1.076505633669299494e-01
3.105848477166692192e+03	1.450645342550713479e-01	8.737423080344025594e-02	3.188063680774514408e-01	2.025736373494005094e-01	9.389725851845155680e-02	4.457655902242264184e-02	1.077074119735929869e-01
3.120361787807657493e+03	1.448612246119784230e-01	8.722580730899140433e-02	3.189406949611793274e-01	2.026589151468755623e-01	9.394091502931807558e-02	4.460915427809641898e-02	1.077632886633914794e-01
3.134875098448624158e+03	1.446614074531143435e-01	8.707983742755397161e-02	3.190727999813220972e-01	2.027426336024957809e-01	9.398387596148126411e-02	4.464123537772695521e-02	1.078182101961363271e-01
3.149388409089589004e+03	1.444650228987236773e-01	8.693628045307934260e-02	3.192027203653581835e-01	2.028248205115265601e-01	9.402615240683195874e-02	4.467281032596932822e-02	1.078721930383416128e-01
3.163901719730555214e+03	1.442720120952582508e-01	8.679509635624947650e-02	3.193304927050448216e-01	2.029055031857998070e-01	9.406775528155213173e-02	4.470388700744817867e-02	1.079252533684779553e-01
3.178415030371521425e+03	1.440823171977579364e-01	8.665624577322898758e-02	3.194561529676170353e-01	2.029847084618691955e-01	9.410869532884257038e-02	4.473447318838599113e-02	1.079774070821288706e-01
3.192928341012487181e+03	1.438958813525357261e-01	8.651968999460316057e-02	3.195797365067797324e-01	2.030624627090340528e-01	9.414898312161015803e-02	4.476457651821572070e-02	1.080286697970520848e-01
3.207441651653452936e+03	1.437126486801616754e-01	8.638539095449924987e-02	3.197012780734949655e-01	2.031387918372345447e-01	9.418862906511538124e-02	4.479420453117755746e-02	1.080790568581473238e-01
3.221954962294418237e+03	1.435325642587408079e-01	8.625331121988773220e-02	3.198208118265700173e-01	2.032137213048193503e-01	9.422764339958022983e-02	4.482336464789987707e-02	1.081285833423326764e-01
3.236468272935384903e+03	1.433555741074794831e-01	8.612341398006083393e-02	3.199383713430495324e-01	2.032872761261882988e-01	9.426603620275758599e-02	4.485206417696410014e-02	1.081772640633308774e-01
3.250981583576350204e+03	1.431816251705353704e-01	8.599566303628530806e-02	3.200539896284156915e-01	2.033594808793110220e-01	9.430381739246207484e-02	4.488031031645361990e-02	1.082251135763676181e-01
3.265494894217316414e+03	1.430106653011459228e-01	8.587002279162647689e-02	3.201676991266008687e-01	2.034303597131245644e-01	9.434099672906325063e-02	4.490811015548647894e-02	1.082721461827831910e-01
3.280008204858282170e+03	1.428426432460306872e-01	8.574645824094109803e-02	3.202795317298156030e-01	2.034999363548104789e-01	9.437758381794146556e-02	4.493547067573198245e-02	1.083183759345594105e-01
3.294521515499247926e+03	1.426775086300625939e-01	8.562493496103590340e-02	3.203895187881966033e-01	2.035682341169543774e-01	9.441358811190712907e-02	4.496239875291107441e-02	1.083638166387630997e-01
3.309034826140214136e+03	1.425152119412033402e-01	8.550541910098932719e-02	3.204976911192773392e-01	2.036352759045886862e-01	9.444901891358348234e-02	4.498890115828049763e-02	1.084084818619080876e-01
