4.208860085880095880e+02	4.263503805791385437e-01	2.749453685117438373e-01	1.305215885519129260e-01	7.826514202649433039e-02	4.239681643532996341e-02	1.476973186117525212e-02	3.275097203403284224e-02
4.353993192289755143e+02	4.212577486717241637e-01	2.717028856007653870e-01	1.342533107216011268e-01	8.045922336831584643e-02	4.335686389612788266e-02	1.505962477468657246e-02	3.391034296660686703e-02
4.499126298699413837e+02	4.162556615010755134e-01	2.685133067096339143e-01	1.379024639787133077e-01	8.261679109487926609e-02	4.429303723462350850e-02	1.535549683574558705e-02	3.506324264515669337e-02
4.644259405109071963e+02	4.113423963421743990e-01	2.653757995074402243e-01	1.414712988951237482e-01	8.473848822730672969e-02	4.520644680070971810e-02	1.565666244113511976e-02	3.620890778593797987e-02
4.789392511518730657e+02	4.065162693518746817e-01	2.622895433510952778e-01	1.449619967208826410e-01	8.682494152542652444e-02	4.609812351500380823e-02	1.596248452823347333e-02	3.734664100731158176e-02
4.934525617928388783e+02	4.017756343721981538e-01	2.592537291772329389e-01	1.483766709187900046e-01	8.887676226012959646e-02	4.696902542982668571e-02	1.627237112084743698e-02	3.847580672080318925e-02
5.079658724338048046e+02	3.971188817850946906e-01	2.562675593937370211e-01	1.517173687807722438e-01	9.089454693462088730e-02	4.782004372235999778e-02	1.658577213774440132e-02	3.959582724549886440e-02
5.224791830747705035e+02	3.925444374159346439e-01	2.533302477707904399e-01	1.549860731064823804e-01	9.287887795817958980e-02	4.865200817031699321e-02	1.690217644262994798e-02	4.070617913549411798e-02
5.369924937157364866e+02	3.880507614831618102e-01	2.504410193313736377e-01	1.581847039270543875e-01	9.483032427578239054e-02	4.946569215592660357e-02	1.722110911611800244e-02	4.180638971041131940e-02
5.515058043567023560e+02	3.836363475916828025e-01	2.475991102411632394e-01	1.613151202591757427e-01	9.674944195670449887e-02	5.026181723990755246e-02	1.754212893188379641e-02	4.289603377931048428e-02
5.660191149976681118e+02	3.792997217677119837e-01	2.448037676978050137e-01	1.643791218766310069e-01	9.863677474499023268e-02	5.104105734336244343e-02	1.786482602068943659e-02	4.397473054863806213e-02
5.805324256386339812e+02	3.750394415329211251e-01	2.420542498195516756e-01	1.673784510882357635e-01	1.004928545744787072e-01	5.180404257211589092e-02	1.818881970734102446e-02	4.504214070518409302e-02
5.950457362795999643e+02	3.708540950158689675e-01	2.393498255332730806e-01	1.703147945126493867e-01	1.023182020508788537e-01	5.255136271492463762e-02	1.851375650688611915e-02	4.609796366534729684e-02
6.095590469205657200e+02	3.667423000988015436e-01	2.366897744618582655e-01	1.731897848419454988e-01	1.041133269032105124e-01	5.328357044417294380e-02	1.883930826750204388e-02	4.714193498233752722e-02
6.240723575615315895e+02	3.627027035980234237e-01	2.340733868110406735e-01	1.760050025870507628e-01	1.058787284067634615e-01	5.400118424510745585e-02	1.916517044856828542e-02	4.817382390327430708e-02
6.385856682024975726e+02	3.587339804761436879e-01	2.314999632556855036e-01	1.787619777992515979e-01	1.076148957795737549e-01	5.470469109733851198e-02	1.949106052336907133e-02	4.919343106846626318e-02
6.530989788434633283e+02	3.548348330845975673e-01	2.289688148255871192e-01	1.814621917629288261e-01	1.093223085542746331e-01	5.539454893021888982e-02	1.981671649674300942e-02	5.020058634547837351e-02
6.676122894844290840e+02	3.510039904349340767e-01	2.264792627908286671e-01	1.841070786555283056e-01	1.110014369270480444e-01	5.607118887178610261e-02	2.014189552879270054e-02	5.119514679091060477e-02
6.821256001253949535e+02	3.472402074974469399e-01	2.240306385467616124e-01	1.866980271715193151e-01	1.126527420852800471e-01	5.673501730920404995e-02	2.046637265649504586e-02	5.217699473312152614e-02
6.966389107663608229e+02	3.435422645258064955e-01	2.216222834986656953e-01	1.892363821077463482e-01	1.142766765154105552e-01	5.738641777704703295e-02	2.078993960571872204e-02	5.314603596943368036e-02
7.111522214073266923e+02	3.399089664064242622e-01	2.192535489461528986e-01	1.917234459081524345e-01	1.158736842923620003e-01	5.802575268832051159e-02	2.111240368676422022e-02	5.410219807165218137e-02
7.256655320482924481e+02	3.363391420313547875e-01	2.169237959673798455e-01	1.941604801663511237e-01	1.174442013518339212e-01	5.865336492179470951e-02	2.143358676709920807e-02	5.504542879401497224e-02
7.401788426892584312e+02	3.328316436936046840e-01	2.146323953031345766e-01	1.965487070849597784e-01	1.189886557466595107e-01	5.926957927802745801e-02	2.175332431547196549e-02	5.597569457797064302e-02
7.546921533302243006e+02	3.293853465037831496e-01	2.123787272408634574e-01	1.988893108909837726e-01	1.205074678883356620e-01	5.987470381536115493e-02	2.207146451205268742e-02	5.689297914844870796e-02
7.692054639711900563e+02	3.259991478270861109e-01	2.101621814987041648e-01	2.011834392068671262e-01	1.220010507747596590e-01	6.046903107618472467e-02	2.238786741968031013e-02	5.779728219654650667e-02
7.837187746121558121e+02	3.226719667396615865e-01	2.079821571095893940e-01	2.034322043771067956e-01	1.234698102051326185e-01	6.105283921284700849e-02	2.270240421168411016e-02	5.868861814380712388e-02
7.982320852531219089e+02	3.194027435034579865e-01	2.058380623054851533e-01	2.056366847505669837e-01	1.249141449829223038e-01	6.162639302178439527e-02	2.301495645210860017e-02	5.956701498350323865e-02
8.127453958940876646e+02	3.161904390587040869e-01	2.037293144018265389e-01	2.077979259188353633e-01	1.263344471077145481e-01	6.218994489367556111e-02	2.332541542449928160e-02	6.043251319457335069e-02
8.272587065350534203e+02	3.130340345332172647e-01	2.016553396822111099e-01	2.099169419111358570e-01	1.277311019567243522e-01	6.274373568675310764e-02	2.363368150570862442e-02	6.128516472407844612e-02
8.417720171760191761e+02	3.099325307677796015e-01	1.996155732834092034e-01	2.119947163464580564e-01	1.291044884566830142e-01	6.328799552978002507e-02	2.393966358145850279e-02	6.212503203426034820e-02
8.562853278169851592e+02	3.068849478568628220e-01	1.976094590807478402e-01	2.140322035436830750e-01	1.304549792467673275e-01	6.382294456063203336e-02	2.424327850064920964e-02	6.295218721048641275e-02
8.707986384579510286e+02	3.038903247040210531e-01	1.956364495739228992e-01	2.160303295905857679e-01	1.317829408331895880e-01	6.434879360591076736e-02	2.454445056563837532e-02	6.376671112656023821e-02
8.853119490989170117e+02	3.009477185913079778e-01	1.936960057732920459e-01	2.179899933726720807e-01	1.330887337360233957e-01	6.486574480654204444e-02	2.484311105592702448e-02	6.456869266406418950e-02
8.998252597398827675e+02	2.980562047621076460e-01	1.917875970866980972e-01	2.199120675628736810e-01	1.343727126288001006e-01	6.537399219388516369e-02	2.513919778288662560e-02	6.535822798257739930e-02
9.143385703808486369e+02	2.952148760168026298e-01	1.899107012068712019e-01	2.217973995731714054e-01	1.356352264713719113e-01	6.587372222048781811e-02	2.543265467334153429e-02	6.613541983778221944e-02
9.288518810218145063e+02	2.924228423207312355e-01	1.880648039994539111e-01	2.236468124692535808e-01	1.368766186365035498e-01	6.636511424926533342e-02	2.572343137998715779e-02	6.690037694463393803e-02
9.433651916627801484e+02	2.896792304239159677e-01	1.862493993916932711e-01	2.254611058493411202e-01	1.380972270306211336e-01	6.684834100455797068e-02	2.601148291677682356e-02	6.765321338292243358e-02
9.578785023037459041e+02	2.869831834920719138e-01	1.844639892618391286e-01	2.272410566883267535e-01	1.392973842091161651e-01	6.732356898822372537e-02	2.629676931755051475e-02	6.839404804270050875e-02
9.723918129447120009e+02	2.843338607484287017e-01	1.827080833292874240e-01	2.289874201483818594e-01	1.404774174865753844e-01	6.779095886365382739e-02	2.657925531630786486e-02	6.912300410719364463e-02
9.869051235856777566e+02	2.817304371259246043e-01	1.809811990455039987e-01	2.307009303571851133e-01	1.416376490422793510e-01	6.825066581035171831e-02	2.685891004764651493e-02	6.984020857093747869e-02
1.001418434226643626e+03	2.791721029293529610e-01	1.792828614857616965e-01	2.323823011549210615e-01	1.427783960212895831e-01	6.870283985149128192e-02	2.713570676599638340e-02	7.054579179101583275e-02
1.015931744867609382e+03	2.766580635070637340e-01	1.776126032417227052e-01	2.340322268111851844e-01	1.438999706314204041e-01	6.914762615666493473e-02	2.740962258238107546e-02	7.123988706939071713e-02
1.030445055508575479e+03	2.741875389318415568e-01	1.759699643148943393e-01	2.356513827129167737e-01	1.450026802363710565e-01	6.958516532184456926e-02	2.768063821753059470e-02	7.192263026442978491e-02
1.044958366149541234e+03	2.717597636906022296e-01	1.743544920109852681e-01	2.372404260244618257e-01	1.460868274452733206e-01	7.001559362840763245e-02	2.794873777025493403e-02	7.259415942984351333e-02
1.059471676790506763e+03	2.693739863825657666e-01	1.727657408351867263e-01	2.387999963208462528e-01	1.471527101988923114e-01	7.043904328292405204e-02	2.821390850006716064e-02	7.325461447934650261e-02
1.073984987431472746e+03	2.670294694255835322e-01	1.712032723884014951e-01	2.403307161953148197e-01	1.482006218527005814e-01	7.085564263925749062e-02	2.847614062311727007e-02	7.390413687545364929e-02
1.088498298072438729e+03	2.647254887703099913e-01	1.696666552644412185e-01	2.418331918421652016e-01	1.492308512570298673e-01	7.126551640440369206e-02	2.873542712056531209e-02	7.454286934091353123e-02
1.103011608713404712e+03	2.624613336219271398e-01	1.681554649482112085e-01	2.433080136158784768e-01	1.502436828344904662e-01	7.166878582936984932e-02	2.899176355858421733e-02	7.517095559136746652e-02
1.117524919354370468e+03	2.602363061691420620e-01	1.666692837148992523e-01	2.447557565675184121e-01	1.512393966548341295e-01	7.206556888628998236e-02	2.924514791924012411e-02	7.578854008790489316e-02
1.132038229995336451e+03	2.580497213201929929e-01	1.652077005301842427e-01	2.461769809593418734e-01	1.522182685074239261e-01	7.245598043287211631e-02	2.949558044155075123e-02	7.639576780826298763e-02
1.146551540636302207e+03	2.559009064456113092e-01	1.637703109514782318e-01	2.475722327585323790e-01	1.531805699714622881e-01	7.284013236518173395e-02	2.974306347207135090e-02	7.699278403549161820e-02
1.161064851277267962e+03	2.537892011274980875e-01	1.623567170302140095e-01	2.489420441109382320e-01	1.541265684841182648e-01	7.321813375968315440e-02	2.998760132440302442e-02	7.757973416297407609e-02
1.175578161918233945e+03	2.517139569150871337e-01	1.609665272151887816e-01	2.502869337956657447e-01	1.550565274066837695e-01	7.359009100538431436e-02	3.022920014705983427e-02	7.815676351475923933e-02
1.190091472559199701e+03	2.496745370863745206e-01	1.595993562569732738e-01	2.516074076613473154e-01	1.559707060888801122e-01	7.395610792686072021e-02	3.046786779917006263e-02	7.872401718022283001e-02
1.204604783200165684e+03	2.476703164156078274e-01	1.582548251133940598e-01	2.529039590448736718e-01	1.568693599314262832e-01	7.431628589887086245e-02	3.070361373352261183e-02	7.928163986213350445e-02
1.219118093841131440e+03	2.457006809464347963e-01	1.569325608560957486e-01	2.541770691733500898e-01	1.577527404469732386e-01	7.467072395321724954e-02	3.093644888650285210e-02	7.982977573725480447e-02
1.233631404482097196e+03	2.437650277705225577e-01	1.556321965781883032e-01	2.554272075500057526e-01	1.586210953195001383e-01	7.501951887845323408e-02	3.116638557449286778e-02	8.036856832866590139e-02
1.248144715123063179e+03	2.418627648114657913e-01	1.543533713029837939e-01	2.566548323247569430e-01	1.594746684622618815e-01	7.536276531298775894e-02	3.139343739633965874e-02	8.089816038903295536e-02
1.262658025764028707e+03	2.399933106138106842e-01	1.530957298938255828e-01	2.578603906500967491e-01	1.603137000743699581e-01	7.570055583209490957e-02	3.161761914152120406e-02	8.141869379410970886e-02
1.277171336404994690e+03	2.381560941370297058e-01	1.518589229650119665e-01	2.590443190229554382e-01	1.611384266960839140e-01	7.603298102929421931e-02	3.183894670366483465e-02	8.193030944578870434e-02
1.291684647045960673e+03	2.363505545542884390e-01	1.506426067938156643e-01	2.602070436131493358e-01	1.619490812628833487e-01	7.636012959253021815e-02	3.205743699909515548e-02	8.243314718406662134e-02
1.306197957686926657e+03	2.345761410558536431e-01	1.494464432335988746e-01	2.613489805790089604e-01	1.627458931583868895e-01	7.668208837554528479e-02	3.227310789010985614e-02	8.292734570732519794e-02
1.320711268327892412e+03	2.328323126569977752e-01	1.482700996280235939e-01	2.624705363707536820e-01	1.635290882661778467e-01	7.699894246480824822e-02	3.248597811270135388e-02	8.341304250036626899e-02
1.335224578968857941e+03	2.311185380102611653e-01	1.471132487263552835e-01	2.635721080221524737e-01	1.642988890205936969e-01	7.731077524233209708e-02	3.269606720846054276e-02	8.389037376967359294e-02
1.349737889609823924e+03	2.294342952219391996e-01	1.459755685998581631e-01	2.646540834309901169e-01	1.650555144565307442e-01	7.761766844468805104e-02	3.290339546041576996e-02	8.435947438540683518e-02
1.364251200250789907e+03	2.277790716726677545e-01	1.448567425592786617e-01	2.657168416288325785e-01	1.657991802583121954e-01	7.791970221849832401e-02	3.310798383257606420e-02	8.482047782966327387e-02
1.378764510891755890e+03	2.261523638419844773e-01	1.437564590734135561e-01	2.667607530405645133e-01	1.665300988076643951e-01	7.821695517266782915e-02	3.330985391296217152e-02	8.527351615057190970e-02
1.393277821532721646e+03	2.245536771367493689e-01	1.426744116887583014e-01	2.677861797341502537e-01	1.672484792308420731e-01	7.850950442759468961e-02	3.350902785992273397e-02	8.571871992181148703e-02
1.407791132173687402e+03	2.229825257233123414e-01	1.416102989502311393e-01	2.687934756610489972e-01	1.679545274449407988e-01	7.879742566158036421e-02	3.370552835154564525e-02	8.615621820716959367e-02
1.422304442814653157e+03	2.214384323633203921e-01	1.405638243229671291e-01	2.697829868876964188e-01	1.686484462034320009e-01	7.908079315464280890e-02	3.389937853798637851e-02	8.658613852978376546e-02
1.436817753455619140e+03	2.199209282530608656e-01	1.395346961151762710e-01	2.707550518184437260e-01	1.693304351409530006e-01	7.935967982992050973e-02	3.409060199654633666e-02	8.700860684572826742e-02
1.451331064096585123e+03	2.184295528662412167e-01	1.385226274020593951e-01	2.717100014103300265e-01	1.700006908173820608e-01	7.963415729284036015e-02	3.427922268934433664e-02	8.742374752163152574e-02
1.465844374737550879e+03	2.169638538001107397e-01	1.375273359507752091e-01	2.726481593800443304e-01	1.706594067612266785e-01	7.990429586820901875e-02	3.446526492343410936e-02	8.783168331602880796e-02
1.480357685378516862e+03	2.155233866248315033e-01	1.365485441464505678e-01	2.735698424034179177e-01	1.713067735123505464e-01	8.017016463537494919e-02	3.464875331322966878e-02	8.823253536417378917e-02
1.494870996019482618e+03	2.141077147360108124e-01	1.355859789192271070e-01	2.744753603077720316e-01	1.719429786640630509e-01	8.043183146159715857e-02	3.482971274510859860e-02	8.862642316605018333e-02
1.509384306660448374e+03	2.127164092103101256e-01	1.346393716723360001e-01	2.753650162574303173e-01	1.725682069045937073e-01	8.068936303374607544e-02	3.500816834407142336e-02	8.901346457734131412e-02
1.523897617301414357e+03	2.113490486640486887e-01	1.337084582111923714e-01	2.762391069326911031e-01	1.731826400579714043e-01	8.094282488845236379e-02	3.518414544234223229e-02	8.939377580313086213e-02
1.538410927942380113e+03	2.100052191147229741e-01	1.327929786735010664e-01	2.770979227025405778e-01	1.737864571243278033e-01	8.119228144081085119e-02	3.535766954980280180e-02	8.976747139412290244e-02
1.552924238583346096e+03	2.086845138453661264e-01	1.318926774603651209e-01	2.779417477913759815e-01	1.743798343196420464e-01	8.143779601173820049e-02	3.552876632615864505e-02	9.013466424518289111e-02
1.567437549224311852e+03	2.073865332716742504e-01	1.310073031683871569e-01	2.787708604399926626e-01	1.749629451149430359e-01	8.167943085407594617e-02	3.569746155474156496e-02	9.049546559601441553e-02
1.581950859865277607e+03	2.061108848118288761e-01	1.301366085227553260e-01	2.795855330610799716e-01	1.755359602749844150e-01	8.191724717752327245e-02	3.586378111785876177e-02	9.084998503379834722e-02
1.596464170506243590e+03	2.048571827589475702e-01	1.292803503113038599e-01	2.803860323894572515e-01	1.760990478964059580e-01	8.215130517247758168e-02	3.602775097360388229e-02	9.119833049763283184e-02
1.610977481147209119e+03	2.036250481560969716e-01	1.284382893195383235e-01	2.811726196272711920e-01	1.766523734453942229e-01	8.238166403285523964e-02	3.618939713405013026e-02	9.154060828462283472e-02
1.625490791788175102e+03	2.024141086738045769e-01	1.276101902666165744e-01	2.819455505843652676e-01	1.771960997948546501e-01	8.260838197795920823e-02	3.634874564475040759e-02	9.187692305747821586e-02
1.640004102429141085e+03	2.012239984900082990e-01	1.267958217422745781e-01	2.827050758140223219e-01	1.777303872611058488e-01	8.283151627345557155e-02	3.650582256547352245e-02	9.220737785348884219e-02
1.654517413070107068e+03	2.000543581723841224e-01	1.259949561446877531e-01	2.834514407442709216e-01	1.782553936401067851e-01	8.305112325151607633e-02	3.666065395210964251e-02	9.253207409475364131e-02
1.669030723711072824e+03	1.989048345629949588e-01	1.252073696192571584e-01	2.841848858049395021e-01	1.787712742432260304e-01	8.326725833017983858e-02	3.681326583968202310e-02	9.285111159954945181e-02
1.683544034352038352e+03	1.977750806652048554e-01	1.244328419983106448e-01	2.849056465506296099e-01	1.792781819325623971e-01	8.347997603198331618e-02	3.696368422640544660e-02	9.316458859473267240e-02
1.698057344993004335e+03	1.966647555328052688e-01	1.236711567417084351e-01	2.856139537797767192e-01	1.797762671558250092e-01	8.368933000190398319e-02	3.711193505873528614e-02	9.347260172907427556e-02
1.712570655633970318e+03	1.955735241613012210e-01	1.229221008783427382e-01	2.863100336499543874e-01	1.802656779807806087e-01	8.389537302466006097e-02	3.725804421735411098e-02	9.377524608743582901e-02
1.727083966274936301e+03	1.945010573813072685e-01	1.221854649485211719e-01	2.869941077895737935e-01	1.807465601292755908e-01	8.409815704140519155e-02	3.740203750404588745e-02	9.407261520570001090e-02
1.741597276915902057e+03	1.934470317540043227e-01	1.214610429472231801e-01	2.876663934061214900e-01	1.812190570108393461e-01	8.429773316585455201e-02	3.754394062941029953e-02	9.436480108637568254e-02
1.756110587556867813e+03	1.924111294686105533e-01	1.207486322682192192e-01	2.883271033910726477e-01	1.816833097558752386e-01	8.449415169987581353e-02	3.768377920137264137e-02	9.465189421480273146e-02
1.770623898197833569e+03	1.913930382418199683e-01	1.200480336490420408e-01	2.889764464216102446e-01	1.821394572484454910e-01	8.468746214857647558e-02	3.782157871444696839e-02	9.493398357588768433e-02
1.785137208838799552e+03	1.903924512191648988e-01	1.193590511167996471e-01	2.896146270592747651e-01	1.825876361586554475e-01	8.487771323491621889e-02	3.795736453971249730e-02	9.521115667130540527e-02
1.799650519479765535e+03	1.894090668782590636e-01	1.186814919348192221e-01	2.902418458456635930e-01	1.830279809746425124e-01	8.506495291387143609e-02	3.809116191546561142e-02	9.548349953710744131e-02
1.814163830120731291e+03	1.884425889338792459e-01	1.180151665501117803e-01	2.908582993952929518e-01	1.834606240341750405e-01	8.524922838617683685e-02	3.822299593851156280e-02	9.575109676168147566e-02
1.828677140761696819e+03	1.874927262448455034e-01	1.173598885416467369e-01	2.914641804857311946e-01	1.838856955558654804e-01	8.543058611166735872e-02	3.835289155606211309e-02	9.601403150401051356e-02
1.843190451402663257e+03	1.865591927226600832e-01	1.167154745694261031e-01	2.920596781451061386e-01	1.843033236700030164e-01	8.560907182224201939e-02	3.848087355820713901e-02	9.627238551218438023e-02
1.857703762043628785e+03	1.856417072418668490e-01	1.160817443243479241e-01	2.926449777370858651e-01	1.847136344490093451e-01	8.578473053446968033e-02	3.860696657092980988e-02	9.652623914211931611e-02
1.872217072684594768e+03	1.847399935520942504e-01	1.154585204788483171e-01	2.932202610434264667e-01	1.851167519375222781e-01	8.595760656185555404e-02	3.873119504963665194e-02	9.677567137644529915e-02
1.886730383325560297e+03	1.838537801917454473e-01	1.148456286383119779e-01	2.937857063441766114e-01	1.855127981821106664e-01	8.612774352678563561e-02	3.885358327317536831e-02	9.702075984352313831e-02
1.901243693966526507e+03	1.829828004033006439e-01	1.142428972932407888e-01	2.943414884956254696e-01	1.859018932606249785e-01	8.629518437216544824e-02	3.897415533831451867e-02	9.726158083655696285e-02
1.915757004607492036e+03	1.821267920501971616e-01	1.136501577721701350e-01	2.948877790060763227e-01	1.862841553111866111e-01	8.645997137276796585e-02	3.909293515466080032e-02	9.749820933276982793e-02
1.930270315248458019e+03	1.812854975352543307e-01	1.130672441953229357e-01	2.954247461095224625e-01	1.866597005608200688e-01	8.662214614630485421e-02	3.920994643999068524e-02	9.773071901261344563e-02
1.944783625889424002e+03	1.804586637206104516e-01	1.124939934289911486e-01	2.959525548373032611e-01	1.870286433537309556e-01	8.678174966423413128e-02	3.932521271597447243e-02	9.795918227898438302e-02
1.959296936530389530e+03	1.796460418491406807e-01	1.119302450406346738e-01	2.964713670878091900e-01	1.873910961792334406e-01	8.693882226231637589e-02	3.943875730427207071e-02	9.818367027642231626e-02
1.973810247171355968e+03	1.788473874673249531e-01	1.113758412546878018e-01	2.969813416943070106e-01	1.877471696993301686e-01	8.709340365093085068e-02	3.955060332298060422e-02	9.840425291026740073e-02
1.988323557812321269e+03	1.780624603495360725e-01	1.108306269090629931e-01	2.974826344909481945e-01	1.880969727759481958e-01	8.724553292516223912e-02	3.966077368341527909e-02	9.862099886575573238e-02
2.002836868453287707e+03	1.772910244237188016e-01	1.102944494123426072e-01	2.979753983770262460e-01	1.884406124978335040e-01	8.739524857466784979e-02	3.976929108720566458e-02	9.883397562703399863e-02
2.017350179094252780e+03	1.765328476984316386e-01	1.097671587016483125e-01	2.984597833795400446e-01	1.887781942071076746e-01	8.754258849333455828e-02	3.987617802369056857e-02	9.904324949607587469e-02
2.031863489735218764e+03	1.757877021912237214e-01	1.092486072011789738e-01	2.989359367141228851e-01	1.891098215254892745e-01	8.768758998873414645e-02	3.998145676759552736e-02	9.924888561148409449e-02
2.046376800376184747e+03	1.750553638583196847e-01	1.087386497814070846e-01	2.994040028443916701e-01	1.894355963801832021e-01	8.783028979138522707e-02	4.008514937697765790e-02	9.945094796716413832e-02
2.060890111017150957e+03	1.743356125255862143e-01	1.082371437189244140e-01	2.998641235397685456e-01	1.897556190294405476e-01	8.797072406382910881e-02	4.018727769142357159e-02	9.964949943085625594e-02
2.075403421658116713e+03	1.736282318207549025e-01	1.077439486569274490e-01	3.003164379318263855e-01	1.900699880877923797e-01	8.810892840952694316e-02	4.028786333048655494e-02	9.984460176251398755e-02
2.089916732299082469e+03	1.729330091068758124e-01	1.072589265663333458e-01	3.007610825692061951e-01	1.903788005509597092e-01	8.824493788158470353e-02	4.038692769235004837e-02	1.000363156325187741e-01
2.104430042940048224e+03	1.722497354169780781e-01	1.067819417075170502e-01	3.011981914711524544e-01	1.906821518204427357e-01	8.837878699131218596e-02	4.048449195270514833e-02	1.002247006397209983e-01
2.118943353581013525e+03	1.715782053899129467e-01	1.063128605926604853e-01	3.016278961797118630e-01	1.909801357277922385e-01	8.851050971662187405e-02	4.058057706383021851e-02	1.004098153292989348e-01
2.133456664221980191e+03	1.709182172073565875e-01	1.058515519487050194e-01	3.020503258106380651e-01	1.912728445585656911e-01	8.864013951027334415e-02	4.067520375386173004e-02	1.005917172104280471e-01
2.147969974862945492e+03	1.702695725319494646e-01	1.053978866808979176e-01	3.024656071030425997e-01	1.915603690759709599e-01	8.876770930796806791e-02	4.076839252624546439e-02	1.007704627737540243e-01
2.162483285503912157e+03	1.696320764465505115e-01	1.049517378369241721e-01	3.028738644678321545e-01	1.918427985442002492e-01	8.889325153629976106e-02	4.086016365935818406e-02	1.009461075086634380e-01
2.176996596144877003e+03	1.690055373945840989e-01	1.045129805716149274e-01	3.032752200349702609e-01	1.921202207514571825e-01	8.901679812056459418e-02	4.095053720629017457e-02	1.011187059203472599e-01
2.191509906785843214e+03	1.683897671214586722e-01	1.040814921122238668e-01	3.036697936995986224e-01	1.923927220326797360e-01	8.913838049243572037e-02	4.103953299477953315e-02	1.012883115466523820e-01
2.206023217426809424e+03	1.677845806170365217e-01	1.036571517242629581e-01	3.040577031670542163e-01	1.926603872919614435e-01	8.925802959750619991e-02	4.112717062728955819e-02	1.014549769747176422e-01
2.220536528067775180e+03	1.671897960591341714e-01	1.032398406778892302e-01	3.044390639968150847e-01	1.929233000246740048e-01	8.937577590270386063e-02	4.121346948122107945e-02	1.016187538573910670e-01
2.235049838708740936e+03	1.666052347580340987e-01	1.028294422148341852e-01	3.048139896454066800e-01	1.931815423392938547e-01	8.949164940358214637e-02	4.129844870925181155e-02	1.017796929294256664e-01
2.249563149349706237e+03	1.660307211019877438e-01	1.024258415158675745e-01	3.051825915083009044e-01	1.934351949789352432e-01	8.960567963148992343e-02	4.138212723979541735e-02	1.019378440234516847e-01
2.264076459990672902e+03	1.654660825036915472e-01	1.020289256687875040e-01	3.055449789608361555e-01	1.936843373425927439e-01	8.971789566062378374e-02	4.146452377757311319e-02	1.020932560857236021e-01
2.278589770631638203e+03	1.649111493477169732e-01	1.016385836369287643e-01	3.059012593981890737e-01	1.939290475060959085e-01	8.982832611496573139e-02	4.154565680429118946e-02	1.022459771916407745e-01
2.293103081272604413e+03	1.643657549388772288e-01	1.012547062281814042e-01	3.062515382744233072e-01	1.941694022427787047e-01	8.993699917510920849e-02	4.162554457941795155e-02	1.023960545610406447e-01
2.307616391913570169e+03	1.638297354515118320e-01	1.008771860645118895e-01	3.065959191406436579e-01	1.944054770438663760e-01	9.004394258497618042e-02	4.170420514105410009e-02	1.025435345732644554e-01
2.322129702554535925e+03	1.633029298796729034e-01	1.005059175519789350e-01	3.069345036822805906e-01	1.946373461385825510e-01	9.014918365842788939e-02	4.178165630689073540e-02	1.026884627819948798e-01
2.336643013195502135e+03	1.627851799881954720e-01	1.001407968512364188e-01	3.072673917555298617e-01	1.948650825139794651e-01	9.025274928577176059e-02	4.185791567524946993e-02	1.028308839298661265e-01
2.351156323836467891e+03	1.622763302646353101e-01	9.978172184851596960e-02	3.075946814229706394e-01	1.950887579344934841e-01	9.035466594016684783e-02	4.193300062619942370e-02	1.029708419628468791e-01
2.365669634477433647e+03	1.617762278720585312e-01	9.942859212708164696e-02	3.079164689883861494e-01	1.953084429612294559e-01	9.045495968392998354e-02	4.200692832274617594e-02	1.031083800443966664e-01
2.380182945118399402e+03	1.612847226026664915e-01	9.908130893914937620e-02	3.082328490308075541e-01	1.955242069709756669e-01	9.055365617474483986e-02	4.207971571208789230e-02	1.032435405693968300e-01
2.394696255759364703e+03	1.608016668322407305e-01	9.873977517826411365e-02	3.085439144378033238e-01	1.957361181749530665e-01	9.065078067177599619e-02	4.215137952693413098e-02	1.033763651778572407e-01
2.409209566400331823e+03	1.603269154753929615e-01	9.840389535212723526e-02	3.088497564380349170e-01	1.959442436373006191e-01	9.074635804168976194e-02	4.222193628688309525e-02	1.035068947684000262e-01
2.423722877041296670e+03	1.598603259416044309e-01	9.807357555586761200e-02	3.091504646330974215e-01	1.961486492933001147e-01	9.084041276458393321e-02	4.229140229985321742e-02	1.036351695115219074e-01
2.438236187682262880e+03	1.594017580920410460e-01	9.774872344574883631e-02	3.094461270286656407e-01	1.963493999673429080e-01	9.093296893982794060e-02	4.235979366356519560e-02	1.037612288626370699e-01
2.452749498323228636e+03	1.589510741971291996e-01	9.742924821330622986e-02	3.097368300649634421e-01	1.965465593906413067e-01	9.102405029181544205e-02	4.242712626707092344e-02	1.038851115749021420e-01
2.467262808964194392e+03	1.585081388948785530e-01	9.711506055990673514e-02	3.100226586465744116e-01	1.967401902186871610e-01	9.111368017563076238e-02	4.249341579232557287e-02	1.040068557118254272e-01
2.481776119605160602e+03	1.580728191499383428e-01	9.680607267172484931e-02	3.103036961716114650e-01	1.969303540484608483e-01	9.120188158263081712e-02	4.255867771579980446e-02	1.041264986596625863e-01
2.496289430246126358e+03	1.576449842133729740e-01	9.650219819512827202e-02	3.105800245602610699e-01	1.971171114353928167e-01	9.128867714594410265e-02	4.262292731012867070e-02	1.042440771396007798e-01
2.510802740887092114e+03	1.572245055831447968e-01	9.620335221246680002e-02	3.108517242827200100e-01	1.973005219100806840e-01	9.137408914588829312e-02	4.268617964579440871e-02	1.043596272197337971e-01
2.525316051528057415e+03	1.568112569652900801e-01	9.590945121825782127e-02	3.111188743865383466e-01	1.974806439947643932e-01	9.145813951530759600e-02	4.274844959284013896e-02	1.044731843268303928e-01
2.539829362169024080e+03	1.564051142357764657e-01	9.562041309576244097e-02	3.113815525233855630e-01	1.976575352195624469e-01	9.154084984483160103e-02	4.280975182261181206e-02	1.045847832578984254e-01
2.554342672809989381e+03	1.560059554030288620e-01	9.533615709394577253e-02	3.116398349752528274e-01	1.978312521384716083e-01	9.162224138805664941e-02	4.287010080952580876e-02	1.046944581915472544e-01
2.568855983450955591e+03	1.556136605711118392e-01	9.505660380481556482e-02	3.118937966801067496e-01	1.980018503451327350e-01	9.170233506665108336e-02	4.292951083285972969e-02	1.048022426991510464e-01
2.583369294091921347e+03	1.552281119035567036e-01	9.478167514113282344e-02	3.121435112570082326e-01	1.981693844883655742e-01	9.178115147538580543e-02	4.298799597856409194e-02	1.049081697558155030e-01
2.597882604732887103e+03	1.548491935878213710e-01	9.451129431448876406e-02	3.123890510307089641e-01	1.983339082874751302e-01	9.185871088709099408e-02	4.304557014109266361e-02	1.050122717511507986e-01
2.612395915373853313e+03	1.544767918003719931e-01	9.424538581374210244e-02	3.126304870557390925e-01	1.984954745473322957e-01	9.193503325754054378e-02	4.310224702524936141e-02	1.051145804998532968e-01
2.626909226014819069e+03	1.541107946723743183e-01	9.398387538381100526e-02	3.128678891399984119e-01	1.986541351732312166e-01	9.201013823026499283e-02	4.315804014804974775e-02	1.052151272520989722e-01
2.641422536655784825e+03	1.537510922559847948e-01	9.372669000481390067e-02	3.131013258678632116e-01	1.988099411855261955e-01	9.208404514129435448e-02	4.321296284059516352e-02	1.053139427037510234e-01
2.655935847296750580e+03	1.533975764912298978e-01	9.347375787155375038e-02	3.133308646228200600e-01	1.989629427340507961e-01	9.215677302383171177e-02	4.326702824995780350e-02	1.054110570063846175e-01
2.670449157937716336e+03	1.530501411734631612e-01	9.322500837334009305e-02	3.135565716096386790e-01	1.991131891123216202e-01	9.222834061285878349e-02	4.332024934107490260e-02	1.055064997771314461e-01
2.684962468578682547e+03	1.527086819213899493e-01	9.298037207414351635e-02	3.137785118760941794e-01	1.992607287715293385e-01	9.229876634967421056e-02	4.337263889865054789e-02	1.056003001083469089e-01
2.699475779219648302e+03	1.523730961456495336e-01	9.273978069307724226e-02	3.139967493342499805e-01	1.994056093343197500e-01	9.236806838636602013e-02	4.342420952906350662e-02	1.056924865771026179e-01
2.713989089860614058e+03	1.520432830179440642e-01	9.250316708520048281e-02	3.142113467813112959e-01	1.995478776083672301e-01	9.243626459021879460e-02	4.347497366227966176e-02	1.057830872545071077e-01
2.728502400501579814e+03	1.517191434407056116e-01	9.227046522263840367e-02	3.144223659200595100e-01	1.996875795997434255e-01	9.250337254805669762e-02	4.352494355376761853e-02	1.058721297148573215e-01
2.743015711142545115e+03	1.514005800172907312e-01	9.204161017601368566e-02	3.146298673788773814e-01	1.998247605260834170e-01	9.256940957052328667e-02	4.357413128641626082e-02	1.059596410446238535e-01
2.757529021783511780e+03	1.510874970226936120e-01	9.181653809618452178e-02	3.148339107313740115e-01	1.999594648295519028e-01	9.263439269629900052e-02	4.362254877245299450e-02	1.060456478512724898e-01
2.772042332424477081e+03	1.507798003747685689e-01	9.159518619628406744e-02	3.150345545156199023e-01	2.000917361896124291e-01	9.269833869625718203e-02	4.367020775536146343e-02	1.061301762719248365e-01
2.786555643065443292e+03	1.504773976059525509e-01	9.137749273405673667e-02	3.152318562529996537e-01	2.002216175356013594e-01	9.276126407755959369e-02	4.371711981179776663e-02	1.062132519818607401e-01
2.801068953706408593e+03	1.501801978354789235e-01	9.116339699448623712e-02	3.154258724666921254e-01	2.003491510591098590e-01	9.282318508769214771e-02	4.376329635350393460e-02	1.062949002028651807e-01
2.815582264347374803e+03	1.498881117420738651e-01	9.095283927271068103e-02	3.156166586997861123e-01	2.004743782261757534e-01	9.288411771844184983e-02	4.380874862921792234e-02	1.063751457114222587e-01
2.830095574988341014e+03	1.496010515371266059e-01	9.074576085722027563e-02	3.158042695330398608e-01	2.005973397892881205e-01	9.294407770981566452e-02	4.385348772657897409e-02	1.064540128467589414e-01
2.844608885629306769e+03	1.493189309383253782e-01	9.054210401333284697e-02	3.159887586022923633e-01	2.007180757992069187e-01	9.300308055390218986e-02	4.389752457402765207e-02	1.065315255187411214e-01
2.859122196270272525e+03	1.490416651437503903e-01	9.034181196694278382e-02	3.161701786155342031e-01	2.008366256165999841e-01	9.306114149867679430e-02	4.394086994269955082e-02	1.066077072156246947e-01
2.873635506911238281e+03	1.487691708064163565e-01	9.014482888853875275e-02	3.163485813696459426e-01	2.009530279234998940e-01	9.311827555175128390e-02	4.398353444831207965e-02	1.066825810116640710e-01
2.888148817552204036e+03	1.485013660092558974e-01	8.995109987748620139e-02	3.165240177668104393e-01	2.010673207345832214e-01	9.317449748406850252e-02	4.402552855304346646e-02	1.067561695745806033e-01
2.902662128193170247e+03	1.482381702405366763e-01	8.976057094656986202e-02	3.166965378306076384e-01	2.011795414082742095e-01	9.322982183354296126e-02	4.406686256740331709e-02	1.068284951728936810e-01
2.917175438834136003e+03	1.479795043697041401e-01	8.957318900679248075e-02	3.168661907217975027e-01	2.012897266576754440e-01	9.328426290864798298e-02	4.410754665209414005e-02	1.068995796831165856e-01
2.931688749475101758e+03	1.477252906236426466e-01	8.938890185242515107e-02	3.170330247537992419e-01	2.013979125613279686e-01	9.333783479195024990e-02	4.414759081986313616e-02	1.069694445968198959e-01
2.946202060116067514e+03	1.474754525633474589e-01	8.920765814630558788e-02	3.171970874078716696e-01	2.015041345738027567e-01	9.339055134359247612e-02	4.418700493734378787e-02	1.070381110275645531e-01
2.960715370757033725e+03	1.472299150610002216e-01	8.902940740537994280e-02	3.173584253480033479e-01	2.016084275361262612e-01	9.344242620472480165e-02	4.422579872688663094e-02	1.071055997177070562e-01
2.975228681397999480e+03	1.469886042774414259e-01	8.885409998648427510e-02	3.175170844355167388e-01	2.017108256860421500e-01	9.349347280088571299e-02	4.426398176837877119e-02	1.071719310450792162e-01
2.989741992038964781e+03	1.467514476400318957e-01	8.868168707236191717e-02	3.176731097433939666e-01	2.018113626681112549e-01	9.354370434533312850e-02	4.430156350105163288e-02	1.072371250295444944e-01
3.004255302679930992e+03	1.465183738208974407e-01	8.851212065791271011e-02	3.178265455703292441e-01	2.019100715436523696e-01	9.359313384232639810e-02	4.433855322527652937e-02	1.073012013394335634e-01
3.018768613320896748e+03	1.462893127155492357e-01	8.834535353667033464e-02	3.179774354545146231e-01	2.020069848005257573e-01	9.364177409035977229e-02	4.437496010434768129e-02	1.073641792978609066e-01
3.033281923961862958e+03	1.460641954218737104e-01	8.818133928750400419e-02	3.181258221871633984e-01	2.021021343627617262e-01	9.368963768534820102e-02	4.441079316625223122e-02	1.074260778889249979e-01
3.047795234602828714e+03	1.458429542194853712e-01	8.802003226154098137e-02	3.182717478257785504e-01	2.021955516000366326e-01	9.373673702376582317e-02	4.444606130542699818e-02	1.074869157637939332e-01
3.062308545243794470e+03	1.456255225494360039e-01	8.786138756930608751e-02	3.184152537071698319e-01	2.022872673369978669e-01	9.378308430573806254e-02	4.448077328450155549e-02	1.075467112466788888e-01
3.076821855884760225e+03	1.454118349942744581e-01	8.770536106807468035e-02	3.185563804602258298e-01	2.023773118624405953e-01	9.382869153808789942e-02	4.451493773602742399e-02	1.076054823406973060e-01
3.091335166525725526e+03	1.452018272584504055e-01	8.755190934943582470e-02	3.186951680184460511e-01	2.024657149383381483e-01	9.387357053733678958e-02	4.454856316419308210e-02	1.076632467336279125e-01
3.105848477166692192e+03	1.449954361490561339e-01	8.740098972706192293e-02	3.188316556322373096e-01	2.025525058087277175e-01	9.391773293266109102e-02	4.458165794652443892e-02	1.077200218035596069e-01
3.120361787807657493e+03	1.447925995569009361e-01	8.725256022468148853e-02	3.189658818809800733e-01	2.026377132084543065e-01	9.396119016880437325e-02	4.461423033557074952e-02	1.077758246244362728e-01
3.134875098448624158e+03	1.445932564379115437e-01	8.710657956425187087e-02	3.190978846848695483e-01	2.027213653717739594e-01	9.400395350894648339e-02	4.464628846057554917e-02	1.078306719714992590e-01
3.149388409089589004e+03	1.443973467948534983e-01	8.696300715432847550e-02	3.192277013165350508e-01	2.028034900408191843e-01	9.404603403752971602e-02	4.467784032913255099e-02	1.078845803266296755e-01
3.163901719730555214e+03	1.442048116593675489e-01	8.682180307862726043e-02	3.193553684124440517e-01	2.028841144739279845e-01	9.408744266304272519e-02	4.470889382882629187e-02	1.079375658835922264e-01
3.178415030371521425e+03	1.440155930743157175e-01	8.668292808477745526e-02	3.194809219840933356e-01	2.029632654538387204e-01	9.412819012076298342e-02	4.473945672885736025e-02	1.079896445531825511e-01
3.192928341012487181e+03	1.438296340764314840e-01	8.654634357326115857e-02	3.196043974289930478e-01	2.030409692957525769e-01	9.416828697545799598e-02	4.476953668165212230e-02	1.080408319682797519e-01
3.207441651653452936e+03	1.436468786792690355e-01	8.641201158653706582e-02	3.197258295414470153e-01	2.031172518552659678e-01	9.420774362404624180e-02	4.479914122445675939e-02	1.080911434888060380e-01
3.221954962294418237e+03	1.434672718564460880e-01	8.627989479834484443e-02	3.198452525231343380e-01	2.031921385361742938e-01	9.424657029821793819e-02	4.482827778091551946e-02	1.081405942065951087e-01
3.236468272935384903e+03	1.432907595251752542e-01	8.614995650318757470e-02	3.199626999934950811e-01	2.032656542981491343e-01	9.428477706701667016e-02	4.485695366263318246e-02	1.081891989501711504e-01
3.250981583576350204e+03	1.431172885300792674e-01	8.602216060598909253e-02	3.200782049999250645e-01	2.033378236642910397e-01	9.432237383938209263e-02	4.488517607072151777e-02	1.082369722894399450e-01
3.265494894217316414e+03	1.429468066272844007e-01	8.589647161192352776e-02	3.201918000277827470e-01	2.034086707285592543e-01	9.435937036665435762e-02	4.491295209732980298e-02	1.082839285402938806e-01
3.280008204858282170e+03	1.427792624687880263e-01	8.577285461641390163e-02	3.203035170102128681e-01	2.034782191630805648e-01	9.439577624504080777e-02	4.494028872715923745e-02	1.083300817691325024e-01
3.294521515499247926e+03	1.426146055870950169e-01	8.565127529529732719e-02	3.204133873377897346e-01	2.035464922253388542e-01	9.443160091804544964e-02	4.496719283896134095e-02	1.083754457973001573e-01
3.309034826140214136e+03	1.424527863801184902e-01	8.553169989515384264e-02	3.205214418679839805e-01	2.036135127652474730e-01	9.446685367886173412e-02	4.499367120702014999e-02	1.084200342054422311e-01
