4.208860085880095880e+02	4.263503805791385437e-01	2.749453685117438373e-01	1.305215885519129260e-01	7.826514202649433039e-02	4.239681643532996341e-02	1.476973186117525212e-02	3.275097203403284224e-02
4.353993192289755143e+02	4.212546900648899695e-01	2.716940024815749921e-01	1.342600184893447957e-01	8.047086077806127336e-02	4.335864616757637707e-02	1.505371756446238427e-02	3.390806445391791879e-02
4.499126298699413837e+02	4.162495759195370404e-01	2.684959802647922666e-01	1.379154434760324344e-01	8.263852593710553640e-02	4.429614447509752639e-02	1.534456294169783512e-02	3.505976698556515642e-02
4.644259405109071963e+02	4.113333139876663158e-01	2.653504497111733307e-01	1.414900948268873193e-01	8.476896293159083551e-02	4.521052536028623975e-02	1.564149960588772856e-02	3.620515357633609377e-02
4.789392511518730657e+02	4.065042193326558473e-01	2.622565715046410451e-01	1.449861426446597823e-01	8.686296151281235056e-02	4.610290739708111651e-02	1.594381552403774729e-02	3.734338208393997438e-02
4.934525617928388783e+02	4.017606449962528026e-01	2.592135189673257512e-01	1.484056960685423976e-01	8.892127833825305694e-02	4.697432237025865598e-02	1.625085076322639252e-02	3.847368849596875806e-02
5.079658724338048046e+02	3.971009808144467246e-01	2.562204778707765085e-01	1.517508037703583779e-01	9.094463935002025656e-02	4.782572309910501640e-02	1.656199358554640705e-02	3.959538150957450653e-02
5.224791830747705035e+02	3.925236522863973510e-01	2.532766462535599450e-01	1.550234546589334961e-01	9.293374196470710613e-02	4.865799052400014701e-02	1.687667686123419872e-02	4.070783745099555012e-02
5.369924937157364866e+02	3.880271194933864187e-01	2.503812342445737027e-01	1.582255787580472139e-01	9.488925708932022252e-02	4.947194012678862718e-02	1.719437477213651283e-02	4.181049551557509264e-02
5.515058043567023560e+02	3.836098760649610528e-01	2.475334638914788721e-01	1.613590482276219540e-01	9.681183097680128025e-02	5.026832774890688249e-02	1.751459978022384262e-02	4.290285330983396178e-02
5.660191149976681118e+02	3.792704481896179702e-01	2.447325689937260296e-01	1.644256785015985878e-01	9.870208693364171393e-02	5.104785486501006025e-02	1.783689983817773883e-02	4.398446267805580095e-02
5.805324256386339812e+02	3.750073936675487052e-01	2.419777949397118599e-01	1.674272295193088012e-01	1.005606268911388712e-01	5.181117336422797620e-02	1.816085582117717492e-02	4.505492579671459968e-02
5.950457362795999643e+02	3.708193010031243242e-01	2.392683985476579678e-01	1.703654070301379164e-01	1.023880328509626930e-01	5.255888988611621265e-02	1.848607916090913919e-02	4.611389152091973503e-02
6.095590469205657200e+02	3.667047885349457581e-01	2.366036479098538037e-01	1.732418639539168026e-01	1.041848682148888983e-01	5.329156975380228145e-02	1.881220966454953333e-02	4.716105196787089004e-02
6.240723575615315895e+02	3.626625036014223813e-01	2.339828222399488178e-01	1.760582017818227152e-01	1.059516790078032927e-01	5.400974054270790692e-02	1.913891350301950151e-02	4.819613932310334858e-02
6.385856682024975726e+02	3.586911217399700313e-01	2.314052117230187278e-01	1.788159720046414436e-01	1.076889950023867670e-01	5.471389531951337259e-02	1.946588135423512819e-02	4.921892285606244144e-02
6.530989788434633283e+02	3.547893459180386788e-01	2.288701173681650380e-01	1.815166775570743740e-01	1.093973307532483674e-01	5.540449558267819541e-02	1.979282668834921738e-02	5.022920613227405129e-02
6.676122894844290840e+02	3.509559057942905902e-01	2.263768508634377286e-01	1.841617742683914483e-01	1.110771865476788550e-01	5.608197393280849041e-02	2.011948418314482220e-02	5.122682441007602588e-02
6.821256001253949535e+02	3.471895570083536886e-01	2.239247344328991751e-01	1.867526723111567755e-01	1.127290492796487603e-01	5.674673649843305079e-02	2.044560825879337268e-02	5.221164221054308552e-02
6.966389107663608229e+02	3.434890804976716283e-01	2.215131006956704007e-01	1.892907376410105369e-01	1.143533932531662495e-01	5.739916514028792216e-02	2.077097172214551271e-02	5.318355104987564780e-02
7.111522214073266923e+02	3.398532818400611943e-01	2.191412925268227951e-01	1.917772934215945801e-01	1.159506809206406613e-01	5.803961945498754826e-02	2.109536451158956771e-02	5.414246732413156155e-02
7.256655320482924481e+02	3.362809906206727373e-01	2.168086629199979798e-01	1.942136214296804886e-01	1.175213635614629770e-01	5.866843859695473895e-02	2.141859253429961168e-02	5.508833033675941682e-02
7.401788426892584312e+02	3.327710598221274574e-01	2.145145748516536777e-01	1.966009634364088432e-01	1.190658819056132772e-01	5.928594293567175655e-02	2.174047658840931943e-02	5.602110045994363602e-02
7.546921533302243006e+02	3.293223652366788490e-01	2.122584011468495457e-01	1.989405225612930206e-01	1.205846667067332623e-01	5.989243556368039484e-02	2.206085136329704807e-02	5.694075742129581230e-02
7.692054639711900563e+02	3.259338048993131731e-01	2.100395243464991124e-01	2.012334645962916280e-01	1.220781392687590866e-01	6.048820366928346626e-02	2.237956451175688102e-02	5.784729870792456458e-02
7.837187746121558121e+02	3.226042985407696628e-01	2.078573365760252867e-01	2.034809192978187520e-01	1.235467119298919864e-01	6.107351978656772040e-02	2.269647578836650817e-02	5.874073808038799555e-02
7.982320852531219089e+02	3.193327870595188411e-01	2.057112394153672863e-01	2.056839816450556635e-01	1.249907885073905794e-01	6.164864293416522090e-02	2.301145624884989860e-02	5.962110418948045332e-02
8.127453958940876646e+02	3.161182320117952860e-01	2.036006437702948257e-01	2.078437130633525309e-01	1.264107647063976991e-01	6.221381965308305645e-02	2.332438750567588162e-02	6.048843928922863905e-02
8.272587065350534203e+02	3.129596151188321906e-01	2.015249697449935651e-01	2.099611426118787594e-01	1.278070284957634750e-01	6.276928495295018562e-02	2.363516103553698830e-02	6.134279803987285895e-02
8.417720171760191761e+02	3.098559377904939183e-01	1.994836465158915939e-01	2.120372681349973754e-01	1.291799604535945056e-01	6.331526317514285518e-02	2.394367753471979623e-02	6.218424639498798534e-02
8.562853278169851592e+02	3.068062206645508772e-01	1.974761122067032748e-01	2.140730573771113254e-01	1.305299340850448742e-01	6.385196878044900604e-02	2.424984631871224608e-02	6.301286056725649565e-02
8.707986384579510286e+02	3.038095031608800123e-01	1.955018137646707677e-01	2.160694490609615659e-01	1.318573161146663342e-01	6.437960706820808343e-02	2.455358476269766180e-02	6.382872606774370183e-02
8.853119490989170117e+02	3.008648430499184512e-01	1.935602068379881913e-01	2.180273539295545238e-01	1.331624667554524855e-01	6.489837483320778921e-02	2.485481777986266183e-02	6.463193681384404865e-02
8.998252597398827675e+02	2.979713160347331469e-01	1.916507556543967650e-01	2.199476557520614606e-01	1.344457399565418265e-01	6.540846096602824511e-02	2.515347733469891489e-02	6.542259430136782017e-02
9.143385703808486369e+02	2.951280153461050548e-01	1.897729329009422150e-01	2.218312122941731579e-01	1.357074836313889310e-01	6.591004700198890842e-02	2.544950198870933947e-02	6.620080683652050657e-02
9.288518810218145063e+02	2.923340513500603532e-01	1.879262196048885614e-01	2.236788562535063640e-01	1.369480398680687216e-01	6.640330762337012804e-02	2.574283647613968828e-02	6.696668882379432086e-02
9.433651916627801484e+02	2.895885511673111368e-01	1.861101050157836501e-01	2.254913961607548645e-01	1.381677451232444787e-01	6.688841111914378690e-02	2.603343130754856571e-02	6.772036010604171041e-02
9.578785023037459041e+02	2.868906583040979896e-01	1.843240864886745989e-01	2.272696172473531451e-01	1.393669304012084276e-01	6.736551980605211265e-02	2.632124239920432748e-02	6.846194535323754660e-02
9.723918129447120009e+02	2.842395322939543778e-01	1.825676693684721574e-01	2.290142822804809020e-01	1.405459214192890938e-01	6.783479041451571934e-02	2.660623072645743742e-02	6.919157349665852608e-02
9.869051235856777566e+02	2.816343483499368361e-01	1.808403668754633709e-01	2.307261323662843366e-01	1.417050387608147222e-01	6.829637444252828482e-02	2.688836199938348173e-02	6.990937720541723355e-02
1.001418434226643626e+03	2.790742970268916823e-01	1.791416999919745734e-01	2.324058877222237030e-01	1.428445980167254714e-01	6.875041848040226722e-02	2.716760635912586833e-02	7.061549240248464476e-02
1.015931744867609382e+03	2.765585838933494744e-01	1.774711973501853501e-01	2.340542484194819417e-01	1.439649099168374968e-01	6.919706450896481731e-02	2.744393809348986621e-02	7.131005781751931227e-02
1.030445055508575479e+03	2.740864292126600765e-01	1.758283951210958818e-01	2.356718950963838932e-01	1.450662804516791859e-01	6.963645017356315248e-02	2.771733537045176915e-02	7.199321457399422697e-02
1.044958366149541234e+03	2.716570676330032352e-01	1.742128369046500314e-01	2.372594896437844048e-01	1.461490109857442876e-01	7.006870903602091527e-02	2.798777998834978825e-02	7.266510580827555132e-02
1.059471676790506763e+03	2.692697478859244486e-01	1.726240736210163662e-01	2.388176758633845653e-01	1.472133983629357601e-01	7.049397080649065506e-02	2.825525714161735563e-02	7.332587631845913223e-02
1.073984987431472746e+03	2.669237324930680555e-01	1.710616634030295014e-01	2.403470800999316093e-01	1.482597350049099094e-01	7.091236155696899190e-02	2.851975520100590369e-02	7.397567224091433635e-02
1.088498298072438729e+03	2.646182974807934629e-01	1.695251714897942630e-01	2.418483118482486482e-01	1.492883090029703819e-01	7.132400391807951212e-02	2.878126550732332256e-02	7.461464075261875495e-02
1.103011608713404712e+03	2.623527321023756964e-01	1.680141701214548644e-01	2.433219643360292617e-01	1.502994042041068123e-01	7.172901726058193705e-02	2.903978217778700049e-02	7.524292979749276633e-02
1.117524919354370468e+03	2.601263385675089967e-01	1.665282384351306211e-01	2.447686150833146002e-01	1.512933002917217773e-01	7.212751786293390699e-02	2.929530192415704878e-02	7.586068783506137725e-02
1.132038229995336451e+03	2.579384317788429026e-01	1.650669623620202864e-01	2.461888264395534764e-01	1.522702728615435708e-01	7.251961906611076314e-02	2.954782388187668710e-02	7.646806360988067652e-02
1.146551540636302207e+03	2.557883390752955233e-01	1.636299345256758409e-01	2.475831460991244903e-01	1.532305934931789959e-01	7.290543141678028360e-02	2.979734944950309522e-02	7.706520594027013726e-02
1.161064851277267962e+03	2.536753999819009175e-01	1.622167541414466507e-01	2.489521075961779739e-01	1.541745298177206180e-01	7.328506279982995031e-02	3.004388213776380476e-02	7.765226352498841300e-02
1.175578161918233945e+03	2.515989659659570998e-01	1.608270269170947731e-01	2.502962307796314234e-01	1.551023455817870100e-01	7.365861856115493711e-02	3.028742742762164861e-02	7.822938476658136686e-02
1.190091472559199701e+03	2.495584001992555701e-01	1.594603649545807689e-01	2.516160222691276038e-01	1.560143007083402977e-01	7.402620162153331074e-02	3.052799263677495600e-02	7.879671761021579679e-02
1.204604783200165684e+03	2.475530773261803152e-01	1.581163866530199136e-01	2.529119758927395045e-01	1.569106513545952264e-01	7.438791258234134229e-02	3.076558679406036015e-02	7.935440939689172857e-02
1.219118093841131440e+03	2.455823832374765536e-01	1.567947166128076109e-01	2.541845731071808445e-01	1.577916499673052697e-01	7.474384982379454756e-02	3.100022052126284039e-02	7.990260673000074143e-02
1.233631404482097196e+03	2.436457148494973191e-01	1.554949855409128445e-01	2.554342834012551244e-01	1.586575453356851295e-01	7.509410959633913696e-02	3.123190592187206210e-02	8.044145535426681926e-02
1.248144715123063179e+03	2.417424798887450321e-01	1.542168301573371147e-01	2.566615646832496322e-01	1.595085826422056041e-01	7.543878610576341959e-02	3.146065647635587492e-02	8.097110004617179280e-02
1.262658025764028707e+03	2.398720966815335587e-01	1.529598931027370823e-01	2.578668636529560243e-01	1.603450035114742100e-01	7.577797159254844039e-02	3.168648694355118839e-02	8.149168451502798727e-02
1.277171336404994690e+03	2.380339939486046108e-01	1.517238228472074513e-01	2.590506161589729017e-01	1.611670460573954577e-01	7.611175640593113856e-02	3.190941326779953013e-02	8.200335131391736643e-02
1.291684647045960673e+03	2.362276106045384516e-01	1.505082736002209820e-01	2.602132475419212110e-01	1.619749449287856691e-01	7.644022907311236181e-02	3.212945249147973470e-02	8.250624175977004648e-02
1.306197957686926657e+03	2.344523955618070254e-01	1.493129052217216646e-01	2.613551729641775401e-01	1.627689313536009874e-01	7.676347636400376873e-02	3.234662267261340096e-02	8.300049586190406947e-02
1.320711268327892412e+03	2.327078075393238243e-01	1.481373831343666403e-01	2.624767977267077335e-01	1.635492331819207723e-01	7.708158335187381693e-02	3.256094280724024237e-02	8.348625225839548247e-02
1.335224578968857941e+03	2.309933148753508247e-01	1.469813782369122079e-01	2.635785175735579910e-01	1.643160749278155253e-01	7.739463347022138007e-02	3.277243275628035496e-02	8.396364815969022122e-02
1.349737889609823924e+03	2.293083953446292400e-01	1.458445668187387800e-01	2.646607189845387453e-01	1.650696778102146989e-01	7.770270856617757238e-02	3.298111317661883701e-02	8.443281929891063853e-02
1.364251200250789907e+03	2.276525359796060521e-01	1.447266304755089605e-01	2.657237794566132960e-01	1.658102597928781952e-01	7.800588895071007556e-02	3.318700545616543734e-02	8.489389988834655787e-02
1.378764510891755890e+03	2.260252328956337542e-01	1.436272560259528319e-01	2.667680677744820872e-01	1.665380356235647286e-01	7.830425344588104464e-02	3.339013165265762584e-02	8.534702258165653699e-02
1.393277821532721646e+03	2.244259911200259527e-01	1.425461354297742900e-01	2.677939442708324180e-01	1.672532168724796542e-01	7.859787942938809002e-02	3.359051443599034986e-02	8.579231844133777818e-02
1.407791132173687402e+03	2.228543244248558930e-01	1.414829657066712931e-01	2.688017610767028387e-01	1.679560119700770904e-01	7.888684287659823713e-02	3.378817703386937515e-02	8.622991691105379164e-02
1.422304442814653157e+03	2.213097551633898818e-01	1.404374488564631429e-01	2.697918623623911660e-01	1.686466262442815889e-01	7.917121840026730695e-02	3.398314318059782874e-02	8.665994579243763152e-02
1.436817753455619140e+03	2.197918141100516087e-01	1.394092917803174125e-01	2.707645845693180675e-01	1.693252619571880280e-01	7.945107928812028542e-02	3.417543706881757959e-02	8.708253122601559981e-02
1.451331064096585123e+03	2.183000403038177772e-01	1.383982062030688076e-01	2.717202566332376779e-01	1.699921183412915482e-01	7.972649753845423293e-02	3.436508330403781342e-02	8.749779767592072433e-02
1.465844374737550879e+03	2.168339808949489855e-01	1.374039085966216600e-01	2.726592001991710590e-01	1.706473916352927722e-01	7.999754389391131038e-02	3.455210686179370494e-02	8.790586791808907563e-02
1.480357685378516862e+03	2.153931909949637624e-01	1.364261201044280614e-01	2.735817298284201060e-01	1.712912751195182215e-01	8.026428787355713301e-02	3.473653304728758356e-02	8.830686303165366513e-02
1.494870996019482618e+03	2.139772335297672468e-01	1.354645664670331151e-01	2.744881531980038480e-01	1.719239591509910681e-01	8.052679780338885263e-02	3.491838745737380761e-02	8.870090239327063641e-02
1.509384306660448374e+03	2.125856790958486620e-01	1.345189779486780646e-01	2.753787712928443820e-01	1.725456311981820590e-01	8.078514084538676587e-02	3.509769594475706245e-02	8.908810367413155795e-02
1.523897617301414357e+03	2.112181058194663452e-01	1.335890892649529149e-01	2.762538785910135797e-01	1.731564758754671751e-01	8.103938302521386527e-02	3.527448458428137507e-02	8.946858283943338874e-02
1.538410927942380113e+03	2.098740992187402010e-01	1.326746395114886679e-01	2.771137632423379404e-01	1.737566749773140906e-01	8.128958925865949203e-02	3.544877964119457631e-02	8.984245415009368962e-02
1.552924238583346096e+03	2.085532520685761948e-01	1.317753720936803152e-01	2.779587072406462522e-01	1.743464075122167778e-01	8.153582337691514526e-02	3.562060754127961693e-02	9.020983016651443198e-02
1.567437549224311852e+03	2.072551642683488904e-01	1.308910346574305439e-01	2.787889865899296771e-01	1.749258497363941067e-01	8.177814815076347998e-02	3.578999484275049991e-02	9.057082175421148074e-02
1.581950859865277607e+03	2.059794427122716154e-01	1.300213790209046316e-01	2.796048714646745537e-01	1.754951751872658450e-01	8.201662531375492060e-02	3.595696820981653802e-02	9.092553809114067853e-02
1.596464170506243590e+03	2.047257011623851986e-01	1.291661611072865701e-01	2.804066263646120549e-01	1.760545547167169378e-01	8.225131558444052915e-02	3.612155438782421735e-02	9.127408667656321251e-02
1.610977481147209119e+03	2.034935601241004144e-01	1.283251408785263947e-01	2.811945102641225658e-01	1.766041565241592282e-01	8.248227868772398108e-02	3.628378017989106197e-02	9.161657334130510200e-02
1.625490791788175102e+03	2.022826467242291038e-01	1.274980822700682304e-01	2.819687767565173808e-01	1.771441461893966951e-01	8.270957337539072696e-02	3.644367242495089032e-02	9.195310225927570691e-02
1.640004102429141085e+03	2.010925945914436852e-01	1.266847531265493376e-01	2.827296741934122171e-01	1.776746867053002610e-01	8.293325744586797776e-02	3.660125797713432300e-02	9.228377596012089790e-02
1.654517413070107068e+03	1.999230437391045778e-01	1.258849251384594470e-01	2.834774458193973778e-01	1.781959385102952764e-01	8.315338776326443304e-02	3.675656368641270350e-02	9.260869534289489780e-02
1.669030723711072824e+03	1.987736404503988585e-01	1.250983737797496942e-01	2.842123299021987459e-01	1.787080595206641254e-01	8.337002027573531260e-02	3.690961638043767368e-02	9.292795969064439332e-02
1.683544034352038352e+03	1.976440371657340878e-01	1.243248782463811097e-01	2.849345598585154016e-01	1.792112051626653657e-01	8.358321003321469989e-02	3.706044284751226076e-02	9.324166668580594064e-02
1.698057344993004335e+03	1.965338923723335962e-01	1.235642213958018376e-01	2.856443643757120565e-01	1.797055284044694889e-01	8.379301120455345808e-02	3.720906982063313523e-02	9.354991242632536286e-02
1.712570655633970318e+03	1.954428704959814411e-01	1.228161896873422587e-01	2.863419675295343914e-01	1.801911797879103827e-01	8.399947709409884278e-02	3.735552396254672447e-02	9.385279144241488736e-02
1.727083966274936301e+03	1.943706417948664056e-01	1.220805731235175967e-01	2.870275888980097223e-01	1.806683074600515249e-01	8.420266015774843793e-02	3.749983185176523903e-02	9.415039671387007147e-02
1.741597276915902057e+03	1.933168822554761357e-01	1.213571651922272510e-01	2.877014436716858192e-01	1.811370572045645500e-01	8.440261201850898787e-02	3.764201996949147894e-02	9.444281968787482384e-02
1.756110587556867813e+03	1.922812734904945642e-01	1.206457628098398516e-01	2.883637427603565895e-01	1.815975724729175511e-01	8.459938348158828336e-02	3.778211468740409751e-02	9.473015029722815783e-02
1.770623898197833569e+03	1.912635026386564074e-01	1.199461662651536142e-01	2.890146928964130169e-01	1.820499944153704530e-01	8.479302454904620590e-02	3.792014225625763707e-02	9.501247697893176747e-02
1.785137208838799552e+03	1.902632622665144657e-01	1.192581791642210731e-01	2.896544967349548028e-01	1.824944619117736533e-01	8.498358443402892481e-02	3.805612879525397535e-02	9.528988669308220694e-02
1.799650519479765535e+03	1.892802502720765112e-01	1.185816083760273809e-01	2.902833529507897747e-01	1.829311116021663519e-01	8.517111157460879878e-02	3.819010028214439578e-02	9.556246494201595110e-02
1.814163830120731291e+03	1.883141697902702694e-01	1.179162639790114625e-01	2.909014563324429092e-01	1.833600779171709327e-01	8.535565364725043735e-02	3.832208254402331982e-02	9.583029578965987505e-02
1.828677140761696819e+03	1.873647291001954152e-01	1.172619592084193640e-01	2.915089978732925413e-01	1.837814931081788727e-01	8.553725757992237944e-02	3.845210124877711938e-02	9.609346188104347930e-02
1.843190451402663257e+03	1.864316415341238375e-01	1.166185104044789866e-01	2.921061648599438954e-01	1.841954872773244323e-01	8.571596956487208263e-02	3.858018189715315543e-02	9.635204446193283701e-02
1.857703762043628785e+03	1.855146253882091478e-01	1.159857369613855466e-01	2.926931409579464627e-01	1.846021884072415187e-01	8.589183507108084925e-02	3.870634981541614533e-02	9.660612339854961206e-02
1.872217072684594768e+03	1.846134038348690998e-01	1.153634612770871176e-01	2.932701062949575888e-01	1.850017223905995878e-01	8.606489885641388504e-02	3.883063014856055067e-02	9.685577719734149438e-02
1.886730383325560297e+03	1.837277048368040622e-01	1.147515087038596671e-01	2.938372375414481930e-01	1.853942130594145588e-01	8.623520497948013175e-02	3.895304785404944681e-02	9.710108302477329922e-02
1.901243693966526507e+03	1.828572610626170158e-01	1.141497074996608990e-01	2.943947079890440466e-01	1.857797822141299404e-01	8.640279681121484923e-02	3.907362769605182001e-02	9.734211672711080843e-02
1.915757004607492036e+03	1.820018098040004084e-01	1.135578887802527193e-01	2.949426876265908160e-01	1.861585496524646166e-01	8.656771704619756203e-02	3.919239424015162621e-02	9.757895285017167963e-02
1.930270315248458019e+03	1.811610928944573651e-01	1.129758864720813577e-01	2.954813432140274698e-01	1.865306331980229049e-01	8.673000771371683348e-02	3.930937184850343685e-02	9.781166465902009499e-02
1.944783625889424002e+03	1.803348566295242261e-01	1.124035372659052678e-01	2.960108383541496524e-01	1.868961487286629752e-01	8.688971018859258100e-02	3.942458467541071210e-02	9.804032415758409669e-02
1.959296936530389530e+03	1.795228516884634640e-01	1.118406805711601171e-01	2.965313335623394608e-01	1.872552102046200484e-01	8.704686520176610487e-02	3.953805666330399704e-02	9.826500210817636083e-02
1.973810247171355968e+03	1.787248330573961430e-01	1.112871584710507650e-01	2.970429863343367893e-01	1.876079296963802656e-01	8.720151285066715663e-02	3.964981153909744038e-02	9.848576805090100694e-02
1.988323557812321269e+03	1.779405599538443072e-01	1.107428156783600570e-01	2.975459512121219618e-01	1.879544174123023992e-01	8.735369260936678981e-02	3.975987281090336001e-02	9.870269032293076117e-02
2.002836868453287707e+03	1.771697957526542355e-01	1.102074994919641227e-01	2.980403798479780431e-01	1.882947817259833789e-01	8.750344333852427825e-02	3.986826376508524616e-02	9.891583607764038721e-02
2.017350179094252780e+03	1.764123079132721705e-01	1.096810597540444077e-01	2.985264210667977203e-01	1.886291292033650535e-01	8.765080329513565138e-02	3.997500746363090440e-02	9.912527130358371463e-02
2.031863489735218764e+03	1.756678679083451544e-01	1.091633488079863240e-01	2.990042209266967621e-01	1.889575646295791334e-01	8.779581014209128509e-02	4.008012674182823837e-02	9.933106084330271812e-02
2.046376800376184747e+03	1.749362511536200204e-01	1.086542214569546222e-01	2.994739227779930624e-01	1.892801910355271233e-01	8.793850095754900120e-02	4.018364420622703992e-02	9.953326841195879460e-02
2.060890111017150957e+03	1.742172369391145337e-01	1.081535349231357440e-01	2.999356673206086121e-01	1.895971097241933578e-01	8.807891224412925379e-02	4.028558223287108386e-02	9.973195661577707871e-02
2.075403421658116713e+03	1.735106083615348682e-01	1.076611488076375800e-01	3.003895926599490784e-01	1.899084202966885293e-01	8.821707993793825864e-02	4.038596296578549072e-02	9.992718697029588648e-02
2.089916732299082469e+03	1.728161522579149401e-01	1.071769250510366950e-01	3.008358343613126706e-01	1.902142206780211842e-01	8.835303941742470024e-02	4.048480831570517441e-02	1.001190199184143342e-01
2.104430042940048224e+03	1.721336591404528105e-01	1.067007278945638904e-01	3.012745255028789204e-01	1.905146071425959653e-01	8.848682551207520675e-02	4.058213995903088567e-02	1.003075148482320822e-01
2.118943353581013525e+03	1.714629231325211223e-01	1.062324238419183192e-01	3.017057967273245600e-01	1.908096743394361583e-01	8.861847251095374134e-02	4.067797933700001423e-02	1.004927301106758458e-01
2.133456664221980191e+03	1.708037419058278106e-01	1.057718816217011054e-01	3.021297762921134056e-01	1.910995153171297090e-01	8.874801417108946211e-02	4.077234765505996505e-02	1.006747230369083451e-01
2.147969974862945492e+03	1.701559166187049388e-01	1.053189721504590864e-01	3.025465901185036555e-01	1.913842215484965192e-01	8.887548372571739408e-02	4.086526588243254848e-02	1.008535499555156950e-01
2.162483285503912157e+03	1.695192518555035666e-01	1.048735684963294917e-01	3.029563618393152358e-01	1.916638829549766332e-01	8.900091389237636819e-02	4.095675475185835829e-02	1.010292662094701838e-01
2.176996596144877003e+03	1.688935555670729449e-01	1.044355458432767308e-01	3.033592128454973835e-01	1.919385879307380915e-01	8.912433688086793260e-02	4.104683475951077104e-02	1.012019261728659691e-01
2.191509906785843214e+03	1.682786390123030829e-01	1.040047814559121042e-01	3.037552623315362132e-01	1.922084233665034558e-01	8.924578440108014987e-02	4.113552616506954002e-02	1.013715832674253470e-01
2.206023217426809424e+03	1.676743167007105073e-01	1.035811546448876935e-01	3.041446273397380717e-01	1.924734746730948354e-01	8.936528767067973555e-02	4.122284899194461616e-02	1.015382899787743987e-01
2.220536528067775180e+03	1.670804063360466774e-01	1.031645467328557719e-01	3.045274228034269837e-01	1.927338258046965569e-01	8.948287742267589662e-02	4.130882302764128655e-02	1.017020978724866576e-01
2.235049838708740936e+03	1.664967287609097346e-01	1.027548410209849633e-01	3.049037615890878850e-01	1.929895592818357264e-01	8.959858391285926982e-02	4.139346782425799148e-02	1.018630576098943086e-01
2.249563149349706237e+03	1.659231079023402167e-01	1.023519227560247269e-01	3.052737545374906158e-01	1.932407562140802115e-01	8.971243692711874940e-02	4.147680269910884732e-02	1.020212189636665323e-01
2.264076459990672902e+03	1.653593707183823591e-01	1.019556790979095767e-01	3.056375105038261486e-01	1.934874963224542943e-01	8.982446578863931275e-02	4.155884673546313135e-02	1.021766308331550493e-01
2.278589770631638203e+03	1.648053471455924457e-01	1.015659990878949037e-01	3.059951363968849147e-01	1.937298579615724381e-01	8.993469936498346695e-02	4.163961878339449835e-02	1.023293412595071977e-01
2.293103081272604413e+03	1.642608700474761374e-01	1.011827736172159625e-01	3.063467372173072079e-01	1.939679181414912523e-01	9.004316607505910564e-02	4.171913746073285800e-02	1.024793974405473346e-01
2.307616391913570169e+03	1.637257751638376280e-01	1.008058953962621546e-01	3.066924160949338063e-01	1.942017525492803487e-01	9.014989389597621861e-02	4.179742115411250875e-02	1.026268457454272004e-01
2.322129702554535925e+03	1.631999010610232781e-01	1.004352589242582111e-01	3.070322743252838493e-01	1.944314355703129216e-01	9.025491036979479964e-02	4.187448802011011634e-02	1.027717317290467308e-01
2.336643013195502135e+03	1.626830890830430754e-01	1.000707604594447270e-01	3.073664114051859464e-01	1.946570403092765800e-01	9.035824261016647818e-02	4.195035598646666697e-02	1.029141001462463983e-01
2.351156323836467891e+03	1.621751833035533774e-01	9.971229798974999559e-02	3.076949250675883318e-01	1.948786386109059299e-01	9.045991730887184556e-02	4.202504275338771883e-02	1.030539949657726800e-01
2.365669634477433647e+03	1.616760304786850899e-01	9.935977120394551276e-02	3.080179113155711024e-01	1.950963010804371289e-01	9.055996074225586279e-02	4.209856579491660922e-02	1.031914593840185662e-01
2.380182945118399402e+03	1.611854800007013477e-01	9.901308146327743309e-02	3.083354644555852397e-01	1.953100971037866340e-01	9.065839877756312615e-02	4.217094236037548932e-02	1.033265358385406368e-01
2.394696255759364703e+03	1.607033838524695724e-01	9.867213177356669307e-02	3.086476771299394573e-01	1.955200948674545025e-01	9.075525687917515572e-02	4.224218947586939887e-02	1.034592660213551063e-01
2.409209566400331823e+03	1.602295965627327790e-01	9.833682675776998783e-02	3.089546403485575743e-01	1.957263613781545508e-01	9.085056011475155235e-02	4.231232394584875239e-02	1.035896908920146409e-01
2.423722877041296670e+03	1.597639751621652282e-01	9.800707262899481520e-02	3.092564435200266804e-01	1.959289624821721199e-01	9.094433316127682743e-02	4.238136235472583779e-02	1.037178506904683356e-01
2.438236187682262880e+03	1.593063791401981844e-01	9.768277716396078780e-02	3.095531744819560727e-01	1.961279628844516676e-01	9.103660031101465377e-02	4.244932106854128195e-02	1.038437849497072657e-01
2.452749498323228636e+03	1.588566704026017073e-01	9.736384967690060732e-02	3.098449195306665627e-01	1.963234261674153547e-01	9.112738547737123107e-02	4.251621623667649341e-02	1.039675325081978879e-01
2.467262808964194392e+03	1.584147132298084348e-01	9.705020099389337351e-02	3.101317634502293585e-01	1.965154148095150655e-01	9.121671220066951413e-02	4.258206379360831434e-02	1.040891315221058183e-01
2.481776119605160602e+03	1.579803742359658925e-01	9.674174342762338619e-02	3.104137895408705661e-01	1.967039902035190857e-01	9.130460365383578913e-02	4.264687946070241931e-02	1.042086194773126778e-01
2.496289430246126358e+03	1.575535223287041764e-01	9.643839075255768167e-02	3.106910796467614588e-01	1.968892126745359628e-01	9.139108264800012427e-02	4.271067874804206771e-02	1.043260332012283936e-01
2.510802740887092114e+03	1.571340286696058242e-01	9.614005818053546204e-02	3.109637141832085061e-01	1.970711414977769915e-01	9.147617163801224915e-02	4.277347695628900409e-02	1.044414088744018004e-01
2.525316051528057415e+03	1.567217666353650785e-01	9.584666233676295000e-02	3.112317721632616996e-01	1.972498349160600739e-01	9.155989272787432021e-02	4.283528917857354346e-02	1.045547820419322066e-01
2.539829362169024080e+03	1.563166117796244425e-01	9.555812123620689713e-02	3.114953312237546679e-01	1.974253501570565339e-01	9.164226767609194579e-02	4.289613030241089253e-02	1.046661876246845202e-01
2.554342672809989381e+03	1.559184417954758706e-01	9.527435426038062538e-02	3.117544676507933987e-01	1.975977434502833863e-01	9.172331790094477577e-02	4.295601501164107022e-02	1.047756599303108077e-01
2.568855983450955591e+03	1.555271364786146582e-01	9.499528213451588488e-02	3.120092564047071138e-01	1.977670700438433626e-01	9.180306448567812638e-02	4.301495778838980433e-02	1.048832326640810886e-01
2.583369294091921347e+03	1.551425776911344590e-01	9.472082690511463010e-02	3.122597711444754509e-01	1.979333842209147487e-01	9.188152818361676466e-02	4.307297291504801756e-02	1.049889389395260025e-01
2.597882604732887103e+03	1.547646493259517975e-01	9.445091191787428897e-02	3.125060842516461657e-01	1.980967393159938639e-01	9.195872942320230947e-02	4.313007447626750201e-02	1.050928112888941945e-01
2.612395915373853313e+03	1.543932372718489487e-01	9.418546179598061285e-02	3.127482668537554522e-01	1.982571877308918484e-01	9.203468831295530395e-02	4.318627636097072814e-02	1.051948816734272624e-01
2.626909226014819069e+03	1.540282293791234436e-01	9.392440241876198748e-02	3.129863888472650402e-01	1.984147809504890336e-01	9.210942464636316662e-02	4.324159226437257475e-02	1.052951814934549590e-01
2.641422536655784825e+03	1.536695154258343465e-01	9.366766090069948703e-02	3.132205189200265028e-01	1.985695695582488096e-01	9.218295790669538137e-02	4.329603569001214125e-02	1.053937415983135367e-01
2.655935847296750580e+03	1.533169870846339267e-01	9.341516557078681504e-02	3.134507245732865988e-01	1.987216032514935726e-01	9.225530727174674483e-02	4.334961995179269223e-02	1.054905922960898690e-01
2.670449157937716336e+03	1.529705378901744239e-01	9.316684595223417853e-02	3.136770721432435849e-01	1.988709308564455824e-01	9.232649161851017028e-02	4.340235817602809687e-02	1.055857633631942100e-01
2.684962468578682547e+03	1.526300632070798358e-01	9.292263274251086336e-02	3.138996268221667107e-01	1.990176003430348395e-01	9.239652952777974160e-02	4.345426330349397293e-02	1.056792840537643663e-01
2.699475779219648302e+03	1.522954601984724821e-01	9.268245779372073778e-02	3.141184526790888887e-01	1.991616588394770349e-01	9.246543928868536377e-02	4.350534809148209198e-02	1.057711831089037657e-01
2.713989089860614058e+03	1.519666277950447175e-01	9.244625409330514687e-02	3.143336126800837516e-01	1.993031526466237380e-01	9.253323890316000888e-02	4.355562511585647084e-02	1.058614887657565728e-01
2.728502400501579814e+03	1.516434666646656049e-01	9.221395574506807691e-02	3.145451687081365355e-01	1.994421272520878752e-01	9.259994609034045976e-02	4.360510677310985156e-02	1.059502287664220166e-01
2.743015711142545115e+03	1.513258791825139726e-01	9.198549795051810807e-02	3.147531815826189461e-01	1.995786273441465253e-01	9.266557829090264764e-02	4.365380528241916136e-02	1.060374303667110385e-01
2.757529021783511780e+03	1.510137694017276433e-01	9.176081699052193730e-02	3.149577110783776113e-01	1.997126968254243629e-01	9.273015267133248585e-02	4.370173268769879382e-02	1.061231203447475929e-01
2.772042332424477081e+03	1.507070430245600889e-01	9.153985020726443378e-02	3.151588159444446702e-01	1.998443788263600529e-01	9.279368612813339301e-02	4.374890085965048997e-02	1.062073250094173471e-01
2.786555643065443292e+03	1.504056073740356603e-01	9.132253598651021709e-02	3.153565539223804892e-01	1.999737157184579839e-01	9.285619529197103317e-02	4.379532149780872297e-02	1.062900702086663624e-01
2.801068953706408593e+03	1.501093713660943962e-01	9.110881374016156775e-02	3.155509817642564441e-01	2.001007491273286143e-01	9.291769653175660504e-02	4.384100613258063578e-02	1.063713813376522266e-01
2.815582264347374803e+03	1.498182454822178655e-01	9.089862388910800728e-02	3.157421552502858719e-01	2.002255199455196255e-01	9.297820595866941595e-02	4.388596612727940077e-02	1.064512833467502889e-01
2.830095574988341014e+03	1.495321417425277410e-01	9.069190784636264879e-02	3.159301292061125199e-01	2.003480683451405453e-01	9.303773943011950376e-02	4.393021268015023795e-02	1.065298007494173138e-01
2.844608885629306769e+03	1.492509736793483088e-01	9.048860800048048880e-02	3.161149575197628181e-01	2.004684337902838953e-01	9.309631255365150015e-02	4.397375682638817590e-02	1.066069576299152055e-01
2.859122196270272525e+03	1.489746563112253341e-01	9.028866769925417146e-02	3.162966931582716912e-01	2.005866550492451938e-01	9.315394069079027672e-02	4.401660944014672977e-02	1.066827776508970649e-01
2.873635506911238281e+03	1.487031061173929580e-01	9.009203123368232646e-02	3.164753881839867389e-01	2.007027702065442287e-01	9.321063896082938671e-02	4.405878123653679534e-02	1.067572840608580625e-01
2.888148817552204036e+03	1.484362410126809084e-01	8.989864382220637273e-02	3.166510937705606654e-01	2.008168166747509586e-01	9.326642224456314911e-02	4.410028277361500992e-02	1.068304997014535157e-01
2.902662128193170247e+03	1.481739803228540597e-01	8.970845159521097234e-02	3.168238602186371766e-01	2.009288312061180692e-01	9.332130518796312446e-02	4.414112445436093463e-02	1.069024470146863609e-01
2.917175438834136003e+03	1.479162447603771524e-01	8.952140157978387414e-02	3.169937369712380604e-01	2.010388499040229038e-01	9.337530220579980111e-02	4.418131652864247527e-02	1.069731480499664655e-01
2.931688749475101758e+03	1.476629564005969564e-01	8.933744168473095604e-02	3.171607726288578899e-01	2.011469082342217385e-01	9.342842748521029694e-02	4.422086909516894510e-02	1.070426244710439567e-01
2.946202060116067514e+03	1.474140386583346340e-01	8.915652068584213608e-02	3.173250149642726226e-01	2.012530410359184840e-01	9.348069498921288134e-02	4.425979210343118642e-02	1.071108975628188437e-01
2.960715370757033725e+03	1.471694162648813364e-01	8.897858821140378072e-02	3.174865109370684224e-01	2.013572825326508109e-01	9.353211846016902531e-02	4.429809535562837658e-02	1.071779882380290150e-01
2.975228681397999480e+03	1.469290152453897602e-01	8.880359472795402997e-02	3.176453067078972570e-01	2.014596663429960854e-01	9.358271142319374292e-02	4.433578850858094916e-02	1.072439170438189010e-01
2.989741992038964781e+03	1.466927628966546715e-01	8.863149152627639027e-02	3.178014476524646525e-01	2.015602254910997815e-01	9.363248718951509841e-02	4.437288107562926964e-02	1.073087041681909104e-01
3.004255302679930992e+03	1.464605877652760957e-01	8.846223070762807006e-02	3.179549783752552150e-01	2.016589924170287262e-01	9.368145885978337861e-02	4.440938242851762141e-02	1.073723694463415840e-01
3.018768613320896748e+03	1.462324196261981513e-01	8.829576517019882553e-02	3.181059427230029657e-01	2.017559989869518455e-01	9.372963932733088810e-02	4.444530179926318297e-02	1.074349323668847833e-01
3.033281923961862958e+03	1.460081894616168385e-01	8.813204859579687467e-02	3.182543837979098234e-01	2.018512765031511003e-01	9.377704128138282524e-02	4.448064828200969795e-02	1.074964120779635796e-01
3.047795234602828714e+03	1.457878294402507879e-01	8.797103543675756365e-02	3.184003439706190597e-01	2.019448557138644462e-01	9.382367721022023821e-02	4.451543083486542846e-02	1.075568273932532154e-01
3.062308545243794470e+03	1.455712728969685010e-01	8.781268090307164931e-02	3.185438648929488359e-01	2.020367668229642588e-01	9.386955940429553280e-02	4.454965828172519765e-02	1.076161967978567779e-01
3.076821855884760225e+03	1.453584543127656170e-01	8.765694094972896477e-02	3.186849875103902052e-01	2.021270394994726938e-01	9.391469995930121217e-02	4.458333931407627848e-02	1.076745384540957889e-01
3.091335166525725526e+03	1.451493092950866814e-01	8.750377226427429045e-02	3.188237520743749109e-01	2.022157028869171480e-01	9.395911077919262555e-02	4.461648249278782341e-02	1.077318702071972806e-01
3.105848477166692192e+03	1.449437745584848392e-01	8.735313225457176645e-02	3.189601981543176423e-01	2.023027856125277912e-01	9.400280357916547536e-02	4.464909624988369630e-02	1.077882095908795357e-01
3.120361787807657493e+03	1.447417879056141499e-01	8.720497903677425222e-02	3.190943646494376895e-01	2.023883157962796664e-01	9.404578988858829092e-02	4.468118889029853991e-02	1.078435738328381022e-01
3.134875098448624158e+03	1.445432882085481985e-01	8.705927142349421943e-02	3.192262898003645488e-01	2.024723210597818290e-01	9.408808105389113163e-02	4.471276859361682232e-02	1.078979798601339829e-01
3.149388409089589004e+03	1.443482153904200038e-01	8.691596891217311105e-02	3.193560112005308094e-01	2.025548285350156907e-01	9.412968824141061674e-02	4.474384341579482754e-02	1.079514443044856664e-01
3.163901719730555214e+03	1.441565104073769255e-01	8.677503167364536418e-02	3.194835658073588158e-01	2.026358648729250922e-01	9.417062244019226702e-02	4.477442129086538214e-02	1.080039835074668858e-01
3.178415030371521425e+03	1.439681152308459611e-01	8.663642054089419620e-02	3.196089899532432166e-01	2.027154562518599934e-01	9.421089446475054696e-02	4.480451003262524157e-02	1.080556135256116185e-01
3.192928341012487181e+03	1.437829728301030785e-01	8.650009699799586504e-02	3.197323193563345600e-01	2.027936283858766398e-01	9.425051495778734301e-02	4.483411733630510154e-02	1.081063501354281864e-01
3.207441651653452936e+03	1.436010271551423356e-01	8.636602316924910094e-02	3.198535891311281576e-01	2.028704065328957862e-01	9.428949439286944678e-02	4.486325078022202623e-02	1.081562088383239972e-01
3.221954962294418237e+03	1.434222231198389597e-01	8.623416180848679502e-02	3.199728337988609894e-01	2.029458155027217825e-01	9.432784307706551519e-02	4.489191782741436959e-02	1.082052048654424670e-01
3.236468272935384903e+03	1.432465065854012787e-01	8.610447628856685021e-02	3.200900872977221479e-01	2.030198796649242965e-01	9.436557115354339553e-02	4.492012582725907199e-02	1.082533531824139278e-01
3.250981583576350204e+03	1.430738243441070645e-01	8.597693059103904412e-02	3.202053829928788731e-01	2.030926229565850061e-01	9.440268860412792673e-02	4.494788201707130421e-02	1.083006684940218262e-01
3.265494894217316414e+03	1.429041241033188747e-01	8.585148929598516998e-02	3.203187536863229545e-01	2.031640688899113978e-01	9.443920525182025738e-02	4.497519352368643808e-02	1.083471652487859455e-01
3.280008204858282170e+03	1.427373544697737029e-01	8.572811757202944416e-02	3.204302316265407735e-01	2.032342405597198087e-01	9.447513076327893056e-02	4.500206736502437160e-02	1.083928576434640551e-01
3.294521515499247926e+03	1.425734649341423577e-01	8.560678116651623815e-02	3.205398485180099288e-01	2.033031606507896827e-01	9.451047465126334590e-02	4.502851045163616672e-02	1.084377596274734568e-01
3.309034826140214136e+03	1.424124058558536854e-01	8.548744639585245664e-02	3.206476355305267201e-01	2.033708514450910942e-01	9.454524627704027906e-02	4.505452958823303461e-02	1.084818849072338859e-01
