4.208860085880095880e+02	4.263503805791385437e-01	2.749453685117438373e-01	1.305215885519129260e-01	7.826514202649433039e-02	4.239681643532996341e-02	1.476973186117525212e-02	3.275097203403284224e-02
4.353993192289755143e+02	4.212467146502353321e-01	2.716936271749730292e-01	1.342366911919798400e-01	8.050487367918128523e-02	4.334729919606322701e-02	1.505128367135097171e-02	3.391951043604395089e-02
4.499126298699413837e+02	4.162339322963934940e-01	2.684951470339611013e-01	1.378723205649683425e-01	8.270273119531634798e-02	4.427447724894638392e-02	1.533973027938131777e-02	3.508166138086064867e-02
4.644259405109071963e+02	4.113103090729038902e-01	2.653490762448958429e-01	1.414303640659569095e-01	8.485981635365534570e-02	4.517955575307791571e-02	1.563431379684956934e-02	3.623656471248816457e-02
4.789392511518730657e+02	4.064741592023347616e-01	2.622545760537667858e-01	1.449126773935844881e-01	8.697717976907842763e-02	4.606363490318546305e-02	1.593433254385345083e-02	3.738344013402425392e-02
4.934525617928388783e+02	4.017238343463244155e-01	2.592108205909318674e-01	1.483210821448706085e-01	8.905582415735360802e-02	4.692772047276872610e-02	1.623913658137949093e-02	3.852158170619894573e-02
5.079658724338048046e+02	3.970577224384024273e-01	2.562169966713730429e-01	1.516573639242453919e-01	9.109670737982465683e-02	4.777273326340731457e-02	1.654812364161130714e-02	3.965035268096343130e-02
5.224791830747705035e+02	3.924742465736254515e-01	2.532723036002049177e-01	1.549232708980068929e-01	9.310074528239865865e-02	4.859951757516487586e-02	1.686073541771585665e-02	4.076918065271094294e-02
5.369924937157364866e+02	3.879718639511609557e-01	2.503759529830410502e-01	1.581205127336172689e-01	9.506881434233085959e-02	4.940884880084723402e-02	1.717645417854716042e-02	4.187755301028301541e-02
5.515058043567023560e+02	3.835490648662679414e-01	2.475271685408687861e-01	1.612507598705112399e-01	9.700175413547325320e-02	5.020144023599522332e-02	1.749479967719769907e-02	4.297501267351347409e-02
5.660191149976681118e+02	3.792043717484098186e-01	2.447251859291137421e-01	1.643156430755242925e-01	9.890036963586806840e-02	5.097794918677429898e-02	1.781532632545610589e-02	4.406115409868128358e-02
5.805324256386339812e+02	3.749363382424973912e-01	2.419692525606128852e-01	1.673167532417459968e-01	1.007654333588255957e-01	5.173898244923830908e-02	1.813762060903399351e-02	4.513561953787335185e-02
5.950457362795999643e+02	3.707435483304964974e-01	2.392586274322404394e-01	1.702556413946481328e-01	1.025976873579252657e-01	5.248510122568403324e-02	1.846129872093931271e-02	4.619809553789375883e-02
6.095590469205657200e+02	3.666246154908523458e-01	2.365925809549593029e-01	1.731338188738007766e-01	1.043978450857191986e-01	5.321682553687727413e-02	1.878600439262846991e-02	4.724830966499000279e-02
6.240723575615315895e+02	3.625781818933819234e-01	2.339703947870930834e-01	1.759527576624361767e-01	1.061665931272949281e-01	5.393463818273255828e-02	1.911140690459210006e-02	4.828602744229656268e-02
6.385856682024975726e+02	3.586029176274643238e-01	2.313913616706351761e-01	1.787138908406110116e-01	1.079045928152684714e-01	5.463898829848785887e-02	1.943719925984423169e-02	4.931104948751622447e-02
6.530989788434633283e+02	3.546975199615264862e-01	2.288547852704298502e-01	1.814186131407988234e-01	1.096124817342275792e-01	5.533029454846333239e-02	1.976309650541326415e-02	5.032320883896793801e-02
6.676122894844290840e+02	3.508607126319709391e-01	2.263599800160773778e-01	1.840682815874673528e-01	1.112908751221266535e-01	5.600894799506591498e-02	2.008883418839520554e-02	5.132236845872380215e-02
6.821256001253949535e+02	3.470912451598311410e-01	2.239062709464303969e-01	1.866642162045972775e-01	1.129403671756473992e-01	5.667531467674343654e-02	2.041416693444254166e-02	5.230841890213501488e-02
6.966389107663608229e+02	3.433878921935660800e-01	2.214929935565619623e-01	1.892077007772162978e-01	1.145615322660818308e-01	5.732973792505371979e-02	2.073886713774117374e-02	5.328127614360608083e-02
7.111522214073266923e+02	3.397494528765220290e-01	2.191194936470977628e-01	1.916999836548893277e-01	1.161549260718642146e-01	5.797254044784971166e-02	2.106272375258743529e-02	5.424087954901666425e-02
7.256655320482924481e+02	3.361747502376948304e-01	2.167851271758160780e-01	1.941422785867476797e-01	1.177210866334754275e-01	5.860402620275271396e-02	2.138554117762921786e-02	5.518718998571115614e-02
7.401788426892584312e+02	3.326626306045243342e-01	2.144892601114286590e-01	1.965357655790868907e-01	1.192605353360646492e-01	5.922448208255536028e-02	2.170713822469141560e-02	5.612018806147578420e-02
7.546921533302243006e+02	3.292119630365406557e-01	2.122312682894640368e-01	1.988815917678317946e-01	1.207737778247789801e-01	5.983417943193321265e-02	2.202734716487563665e-02	5.703987248440282182e-02
7.692054639711900563e+02	3.258216387787655210e-01	2.100105372701827067e-01	2.011808722992836918e-01	1.222613048574587163e-01	6.043337541281967873e-02	2.234601284531680457e-02	5.794625853599995324e-02
7.837187746121558121e+02	3.224905707338466820e-01	2.078264621984608762e-01	2.034346912135423235e-01	1.237235930990448901e-01	6.102231423398846166e-02	2.266299187060253489e-02	5.883937665034123798e-02
7.982320852531219089e+02	3.192176929519722761e-01	2.056784476655845184e-01	2.056441023258522571e-01	1.251611058617539407e-01	6.160122825876790387e-02	2.297815184342242786e-02	5.971927109247369275e-02
8.127453958940876646e+02	3.160019601376768406e-01	2.035659075729024658e-01	2.078101301018728253e-01	1.265742937948012570e-01	6.217033900336233626e-02	2.329137065951986454e-02	6.058599872969135797e-02
8.272587065350534203e+02	3.128423471727099225e-01	2.014882649972908057e-01	2.099337705235262697e-01	1.279635955271998526e-01	6.272985803695882434e-02	2.360253585247430730e-02	6.143962788966697564e-02
8.417720171760191761e+02	3.097378486541902398e-01	1.994449520583858604e-01	2.120159919426490291e-01	1.293294382669217812e-01	6.327998779363713799e-02	2.391154398425266239e-02	6.228023729979027118e-02
8.562853278169851592e+02	3.066874784473218596e-01	1.974354097875469227e-01	2.140577359201692731e-01	1.306722383594855208e-01	6.382092230506218600e-02	2.421830007783859137e-02	6.310791510240258695e-02
8.707986384579510286e+02	3.036902692519920510e-01	1.954590879985131369e-01	2.160599180489658211e-01	1.319924018088247941e-01	6.435284786200835827e-02	2.452271708858260596e-02	6.392275794094021135e-02
8.853119490989170117e+02	3.007452721826144315e-01	1.935154451597218550e-01	2.180234287589384867e-01	1.332903247630976007e-01	6.487594361193320391e-02	2.482471541121739414e-02	6.472487011230396159e-02
8.998252597398827675e+02	2.978515563606219940e-01	1.916039482682589945e-01	2.199491341031440950e-01	1.345663939679128673e-01	6.539038209907237220e-02	2.512422241975519402e-02	6.551436278106145816e-02
9.143385703808486369e+02	2.950082085190473546e-01	1.897240727254138060e-01	2.218378765241325601e-01	1.358209871892811504e-01	6.589632975286072170e-02	2.542117203773004014e-02	6.629135325136129020e-02
9.288518810218145063e+02	2.922143326186666945e-01	1.878753022138128226e-01	2.236904755998582739e-01	1.370544736084363113e-01	6.639394732988704306e-02	2.571550433647025111e-02	6.705596429269544689e-02
9.433651916627801484e+02	2.894690494752099608e-01	1.860571285761093985e-01	2.255077287687481113e-01	1.382672141905274543e-01	6.688339031405443613e-02	2.600716515928773453e-02	6.780832351588962637e-02
9.578785023037459041e+02	2.867714963971731423e-01	1.842690516952075475e-01	2.272904120336839973e-01	1.394595620290404459e-01	6.736480927913902905e-02	2.629610576965287633e-02	6.854856279592964896e-02
9.723918129447120009e+02	2.841208268337927501e-01	1.825105793759992656e-01	2.290392806448081353e-01	1.406318626676798245e-01	6.783835021751027927e-02	2.658228252158865990e-02	6.927681773844776569e-02
9.869051235856777566e+02	2.815162100327697758e-01	1.807812272285967137e-01	2.307550697611855384e-01	1.417844544013205643e-01	6.830415483839112623e-02	2.686565655066723568e-02	6.999322718689578171e-02
1.001418434226643626e+03	2.789568307073520548e-01	1.790805185530409127e-01	2.324384950914651082e-01	1.429176685575269945e-01	6.876236083869137483e-02	2.714619348412755998e-02	7.069793276762265100e-02
1.015931744867609382e+03	2.764418887124074353e-01	1.774079842254704942e-01	2.340902535137699692e-01	1.440318297600307329e-01	6.921310214913835301e-02	2.742386316875583888e-02	7.139107847025376319e-02
1.030445055508575479e+03	2.739705987291378708e-01	1.757631625857342950e-01	2.357110236751210341e-01	1.451272561754615165e-01	6.965650915815213562e-02	2.769863941528204199e-02	7.207281026093775855e-02
1.044958366149541234e+03	2.715421899581064724e-01	1.741455993264318380e-01	2.373014665707581239e-01	1.462042597445340208e-01	7.009270891566363182e-02	2.797049975814721798e-02	7.274327572618531634e-02
1.059471676790506763e+03	2.691559058202649957e-01	1.725548473833682650e-01	2.388622261037723349e-01	1.472631463988082756e-01	7.052182531885126116e-02	2.823942522958855852e-02	7.340262374517285415e-02
1.073984987431472746e+03	2.668110036656864414e-01	1.709904668274080941e-01	2.403939296255010183e-01	1.483042162640619555e-01	7.094397928157199218e-02	2.850540014707305531e-02	7.405100418852392230e-02
1.088498298072438729e+03	2.645067544897222178e-01	1.694520247577154803e-01	2.418971884571675113e-01	1.493277638512393590e-01	7.135928888908325829e-02	2.876841191318696075e-02	7.468856764171175056e-02
1.103011608713404712e+03	2.622424426563184086e-01	1.679390951963667111e-01	2.433725983932701065e-01	1.503340782358728311e-01	7.176786953949108872e-02	2.902845082715791239e-02	7.531546515134944497e-02
1.117524919354370468e+03	2.600173656282390722e-01	1.664512589843225865e-01	2.448207401872409816e-01	1.513234432268086294e-01	7.216983407321607424e-02	2.928550990724992226e-02	7.593184799274924068e-02
1.132038229995336451e+03	2.578308337039556530e-01	1.649881036787479993e-01	2.462421800199060817e-01	1.522961375250090899e-01	7.256529289163821117e-02	2.953958472332947685e-02	7.653786745723994978e-02
1.146551540636302207e+03	2.556821697609755195e-01	1.635492234516660315e-01	2.476374699512833566e-01	1.532524348731483244e-01	7.295435406596635641e-02	2.979067323895382563e-02	7.713367465783300958e-02
1.161064851277267962e+03	2.535707090053917478e-01	1.621342189899349362e-01	2.490071483562583399e-01	1.541926041966661665e-01	7.333712343727266658e-02	3.003877566238084135e-02	7.771942035192175302e-02
1.175578161918233945e+03	2.514957987274474838e-01	1.607426973965353778e-01	2.503517403446750555e-01	1.551169097368977345e-01	7.371370470853921830e-02	3.028389430594408821e-02	7.829525477978745152e-02
1.190091472559199701e+03	2.494567980629182891e-01	1.593742720931568269e-01	2.516717581663759917e-01	1.560256111768507647e-01	7.408419952947938036e-02	3.052603345327725703e-02	7.886132751776789296e-02
1.204604783200165684e+03	2.474530777601237352e-01	1.580285627240705371e-01	2.529677016017178870e-01	1.569189637601618448e-01	7.444870757482086043e-02	3.076519923390913513e-02	7.941778734502237536e-02
1.219118093841131440e+03	2.454840199523894428e-01	1.567051950612783351e-01	2.542400583380824974e-01	1.577972184037234327e-01	7.480732661666919525e-02	3.100139950478437642e-02	7.996478212289907794e-02
1.233631404482097196e+03	2.435490179357879259e-01	1.554038009109248719e-01	2.554893043328906321e-01	1.586606218044382399e-01	7.516015259150964078e-02	3.123464373829653792e-02	8.050245868597849519e-02
1.248144715123063179e+03	2.416474759519944004e-01	1.541240180209624278e-01	2.567159041636173922e-01	1.595094165405236408e-01	7.550727966234981048e-02	3.146494291644850311e-02	8.103096274393016551e-02
1.262658025764028707e+03	2.397788089761014596e-01	1.528654899900562802e-01	2.579203113652930868e-01	1.603438411677581277e-01	7.584880027645655998e-02	3.169230943078187035e-02	8.155043879337896262e-02
1.277171336404994690e+03	2.379424425092419026e-01	1.516278661777197279e-01	2.591029687559627814e-01	1.611641303110325774e-01	7.618480521909579140e-02	3.191675698774106007e-02	8.206103003903247872e-02
1.291684647045960673e+03	2.361378123758770819e-01	1.504108016156666949e-01	2.602643087505628339e-01	1.619705147515428934e-01	7.651538366364381283e-02	3.213830051916040376e-02	8.256287832337270982e-02
1.306197957686926657e+03	2.343643645256125174e-01	1.492139569203711214e-01	2.614047536636583402e-01	1.627632215099350799e-01	7.684062321840302856e-02	3.235695609758289237e-02	8.305612406426347849e-02
1.320711268327892412e+03	2.326215548394095223e-01	1.480369982068212853e-01	2.625247160014734793e-01	1.635424739256912952e-01	7.716060997042220593e-02	3.257274085613853787e-02	8.354090619987013244e-02
1.335224578968857941e+03	2.309088489400659416e-01	1.468795970034578180e-01	2.636245987436294791e-01	1.643084917330232542e-01	7.747542852659246304e-02	3.278567291272763140e-02	8.401736214032989869e-02
1.349737889609823924e+03	2.292257220068448231e-01	1.457414301682838920e-01	2.647047956149924386e-01	1.650614911335204216e-01	7.778516205226365665e-02	3.299577129827064442e-02	8.448562772565061663e-02
1.364251200250789907e+03	2.275716585941344461e-01	1.446221798061362862e-01	2.657656913480187511e-01	1.658016848657808961e-01	7.808989230760249312e-02	3.320305588880140962e-02	8.494583718935226624e-02
1.378764510891755890e+03	2.259461524540274102e-01	1.435215331871056432e-01	2.668076619359712187e-01	1.665292822722366506e-01	7.838969968189184179e-02	3.340754734119417979e-02	8.539812312739962497e-02
1.393277821532721646e+03	2.243487063627112865e-01	1.424391826660947047e-01	2.678310748773653494e-01	1.672444893633684426e-01	7.868466322595218942e-02	3.360926703232813839e-02	8.584261647200640277e-02
1.407791132173687402e+03	2.227788319505671633e-01	1.413748256035029793e-01	2.688362894119915580e-01	1.679475088794908366e-01	7.897486068284823024e-02	3.380823700150489136e-02	8.627944646992087574e-02
1.422304442814653157e+03	2.212360495358762780e-01	1.403281642870261303e-01	2.698236567488453974e-01	1.686385403502744240e-01	7.926036851702816799e-02	3.400447989594546777e-02	8.670874066483064135e-02
1.436817753455619140e+03	2.197198879620383682e-01	1.392989058545590630e-01	2.707935202862858382e-01	1.693177801521597026e-01	7.954126194202948419e-02	3.419801891920389025e-02	8.713062488355013957e-02
1.451331064096585123e+03	2.182298844382097591e-01	1.382867622181907508e-01	2.717462158247270221e-01	1.699854215638050559e-01	7.981761494687177050e-02	3.438887778234389625e-02	8.754522322567831472e-02
1.465844374737550879e+03	2.167655843832714813e-01	1.372914499892794460e-01	2.726820717721584741e-01	1.706416548197002836e-01	8.008950032124602381e-02	3.457708065773433537e-02	8.795265805643651125e-02
1.480357685378516862e+03	2.153265412730415163e-01	1.363126904045970922e-01	2.736014093427762139e-01	1.712866671620677239e-01	8.035698967959938044e-02	3.476265213532717113e-02	8.835305000241744366e-02
1.494870996019482618e+03	2.139123164906479302e-01	1.353502092535308898e-01	2.745045427489944401e-01	1.719206428911627949e-01	8.062015348420507876e-02	3.494561718128975925e-02	8.874651794999566246e-02
1.509384306660448374e+03	2.125224791799831259e-01	1.344037368063309146e-01	2.753917793870980235e-01	1.725437634140779275e-01	8.087906106729851607e-02	3.512600109887038108e-02	8.913317904616772924e-02
1.523897617301414357e+03	2.111566061021613316e-01	1.334730077433920747e-01	2.762634200167841669e-01	1.731562072921452589e-01	8.113378065235338221e-02	3.530382949138273496e-02	8.951314870160773096e-02
1.538410927942380113e+03	2.098142814949045809e-01	1.325577610855589727e-01	2.771197589348317614e-01	1.737581502870265415e-01	8.138437937456430293e-02	3.547912822720156872e-02	8.988654059573895905e-02
1.552924238583346096e+03	2.084950969347853234e-01	1.316577401254425406e-01	2.779610841431260360e-01	1.743497654055713719e-01	8.163092330059648627e-02	3.565192340666741011e-02	9.025346668363752600e-02
1.567437549224311852e+03	2.071986512022549742e-01	1.307726923597361535e-01	2.787876775112578809e-01	1.749312229435191213e-01	8.187347744765738344e-02	3.582224133080404854e-02	9.061403720459713929e-02
1.581950859865277607e+03	2.059245501493912889e-01	1.299023694225208414e-01	2.795998149339063987e-01	1.755026905281134308e-01	8.211210580193999131e-02	3.599010847175759115e-02	9.096836069219713106e-02
1.596464170506243590e+03	2.046724065702988926e-01	1.290465270195471914e-01	2.803977664832061900e-01	1.760643331596932482e-01	8.234687133648299628e-02	3.615555144487083566e-02	9.131654398572731923e-02
1.610977481147209119e+03	2.034418400740995170e-01	1.282049248634833660e-01	2.811817965562899979e-01	1.766163132523193013e-01	8.257783602848881022e-02	3.631859698231115763e-02	9.165869224283447469e-02
1.625490791788175102e+03	2.022324769604505745e-01	1.273773266101174140e-01	2.819521640181918420e-01	1.771587906734898854e-01	8.280506087613680177e-02	3.647927190817473048e-02	9.199490895326536966e-02
1.640004102429141085e+03	2.010439500975324811e-01	1.265634997955024377e-01	2.827091223402858899e-01	1.776919227829961423e-01	8.302860591492541853e-02	3.663760311499351247e-02	9.232529595359077745e-02
1.654517413070107068e+03	1.998758988024472161e-01	1.257632157740339596e-01	2.834529197344294871e-01	1.782158644709625761e-01	8.324853023357411952e-02	3.679361754157575715e-02	9.264995344280353706e-02
1.669030723711072824e+03	1.987279687239719983e-01	1.249762496574474413e-01	2.841837992829724935e-01	1.787307681951154914e-01	8.346489198951312360e-02	3.694734215211386424e-02	9.296897999869224716e-02
1.683544034352038352e+03	1.975998117276138166e-01	1.242023802547254085e-01	2.849019990647862488e-01	1.792367840173180460e-01	8.367774842398634227e-02	3.709880391649721110e-02	9.328247259489953758e-02
1.698057344993004335e+03	1.964910857829124391e-01	1.234413900129026354e-01	2.856077522774613797e-01	1.797340596394078893e-01	8.388715587679068664e-02	3.724802979177058160e-02	9.359052661858104083e-02
1.712570655633970318e+03	1.954014548529405537e-01	1.226930649587583966e-01	2.863012873558145599e-01	1.802227404383707488e-01	8.409316980067298164e-02	3.739504670468172393e-02	9.389323588858769498e-02
1.727083966274936301e+03	1.943305887859512748e-01	1.219571946413848113e-01	2.869828280868421677e-01	1.807029695008798287e-01	8.429584477540355558e-02	3.753988153526469779e-02	9.419069267410035140e-02
1.741597276915902057e+03	1.932781632091254698e-01	1.212335720756201607e-01	2.876525937212480177e-01	1.811748876572298883e-01	8.449523452154422687e-02	3.768256110140801030e-02	9.448298771365090665e-02
1.756110587556867813e+03	1.922438594243713050e-01	1.205219936863362457e-01	2.883107990816723976e-01	1.816386335146908948e-01	8.469139191392657806e-02	3.782311214435934987e-02	9.477021023446985382e-02
1.770623898197833569e+03	1.912273643061312145e-01	1.198222592535690412e-01	2.889576546677397051e-01	1.820943434903058988e-01	8.488436899485510279e-02	3.796156131512087861e-02	9.505244797210483931e-02
1.785137208838799552e+03	1.902283702011514366e-01	1.191341718584816717e-01	2.895933667580394277e-01	1.825421518431544210e-01	8.507421698704878410e-02	3.809793516169153460e-02	9.532978719025936298e-02
1.799650519479765535e+03	1.892465748301718209e-01	1.184575378301490345e-01	2.902181375091514859e-01	1.829821907061017772e-01	8.526098630633288655e-02	3.823226011711469696e-02	9.560231270080496446e-02
1.814163830120731291e+03	1.882816811914934108e-01	1.177921666931534272e-01	2.908321650518181367e-01	1.834145901170529946e-01	8.544472657409271643e-02	3.836456248829179377e-02	9.587010788392417993e-02
1.828677140761696819e+03	1.873333974663836110e-01	1.171378711159804797e-01	2.914356435843658555e-01	1.838394780497283054e-01	8.562548662949899525e-02	3.849486844552423015e-02	9.613325470834516162e-02
1.843190451402663257e+03	1.864014369262791682e-01	1.164944668602049538e-01	2.920287634634717855e-01	1.842569804439760650e-01	8.580331454151461645e-02	3.862320401274786652e-02	9.639183375163218326e-02
1.857703762043628785e+03	1.854855178417483541e-01	1.158617727304558920e-01	2.926117112923681263e-01	1.846672212356377241e-01	8.597825762069119526e-02	3.874959505842593549e-02	9.664592422049936293e-02
1.872217072684594768e+03	1.845853633931750504e-01	1.152396105251507208e-01	2.931846700065731115e-01	1.850703223859783142e-01	8.615036243076341915e-02	3.887406728706808978e-02	9.689560397111782186e-02
1.886730383325560297e+03	1.837007015831280399e-01	1.146278049879880662e-01	2.937478189572335086e-01	1.854664039106948270e-01	8.631967480004830440e-02	3.899664623134457136e-02	9.714094952938920335e-02
1.901243693966526507e+03	1.828312651503798958e-01	1.140261837601890399e-01	2.943013339921604632e-01	1.858555839085138939e-01	8.648623983265624204e-02	3.911735724476619880e-02	9.738203611116083569e-02
1.915757004607492036e+03	1.819767914855408841e-01	1.134345773334768243e-01	2.948453875346369601e-01	1.862379785893896189e-01	8.665010191951985630e-02	3.923622549490206335e-02	9.761893764236026505e-02
1.930270315248458019e+03	1.811370225482744345e-01	1.128528190037845491e-01	2.953801486600724502e-01	1.866137023023112795e-01	8.681130474924644846e-02	3.935327595710831627e-02	9.785172677902892469e-02
1.944783625889424002e+03	1.803117047860604283e-01	1.122807448256814833e-01	2.959057831705765307e-01	1.869828675627298320e-01	8.696989131879911961e-02	3.946853340874257460e-02	9.808047492723648286e-02
1.959296936530389530e+03	1.795005890544748572e-01	1.117181935675075344e-01	2.964224536675208466e-01	1.873455850796121036e-01	8.712590394401176219e-02	3.958202242383970781e-02	9.830525226285960483e-02
1.973810247171355968e+03	1.787034305389545996e-01	1.111650066672065923e-01	2.969303196221568242e-01	1.877019637821301656e-01	8.727938426994209797e-02	3.969376736822591983e-02	9.852612775121019628e-02
1.988323557812321269e+03	1.779199886780164219e-01	1.106210281888485719e-01	2.974295374443520212e-01	1.880521108459934088e-01	8.743037328106707806e-02	3.980379239504906741e-02	9.874316916649983344e-02
2.002836868453287707e+03	1.771500270879006189e-01	1.100861047798309400e-01	2.979202605495071543e-01	1.883961317194301210e-01	8.757891131132475304e-02	3.991212144070424572e-02	9.895644311112859748e-02
2.017350179094252780e+03	1.763933134886102316e-01	1.095600856287499147e-01	2.984026394237132007e-01	1.887341301488248135e-01	8.772503805400584664e-02	4.001877822113466404e-02	9.916601503478779389e-02
2.031863489735218764e+03	1.756496196313174774e-01	1.090428224239320676e-01	2.988768216872048633e-01	1.890662082040175662e-01	8.786879257149880773e-02	4.012378622848860460e-02	9.937194925336710616e-02
2.046376800376184747e+03	1.749187212271099690e-01	1.085341693126169738e-01	2.993429521561651319e-01	1.893924663032705569e-01	8.801021330489128269e-02	4.022716872811438887e-02	9.957430896765817607e-02
2.060890111017150957e+03	1.742003978770491901e-01	1.080339828607815716e-01	2.998011729029338990e-01	1.897130032379075182e-01	8.814933808343117239e-02	4.032894875587596240e-02	9.977315628184717233e-02
2.075403421658116713e+03	1.734944330035154969e-01	1.075421220135972383e-01	3.002516233146702573e-01	1.900279161966307029e-01	8.828620413384991039e-02	4.042914911577245168e-02	9.996855222179040767e-02
2.089916732299082469e+03	1.728006137828133337e-01	1.070584480565103525e-01	3.006944401505183273e-01	1.903373007895202140e-01	8.842084808955080755e-02	4.052779237784606692e-02	1.001605567530673563e-01
2.104430042940048224e+03	1.721187310790120717e-01	1.065828245769375182e-01	3.011297575973222451e-01	1.906412510717199749e-01	8.855330599966471095e-02	4.062490087636316111e-02	1.003492287988067139e-01
2.118943353581013525e+03	1.714485793789973511e-01	1.061151174265664993e-01	3.015577073239362749e-01	1.909398595668149734e-01	8.868361333797553092e-02	4.072049670825415163e-02	1.005346262572816007e-01
2.133456664221980191e+03	1.707899567287095854e-01	1.056551946842541889e-01	3.019784185341723437e-01	1.912332172899030014e-01	8.881180501171800912e-02	4.081460173179855128e-02	1.007168060192706882e-01
2.147969974862945492e+03	1.701426646705454238e-01	1.052029266195128460e-01	3.023920180184281326e-01	1.915214137703656339e-01	8.893791537024932359e-02	4.090723756554213997e-02	1.008958239851828337e-01
2.162483285503912157e+03	1.695065081819001340e-01	1.047581856565760333e-01	3.027986302040345801e-01	1.918045370743413636e-01	8.906197821359737588e-02	4.099842558743366921e-02	1.010717350819431565e-01
2.176996596144877003e+03	1.688812956148278144e-01	1.043208463390358359e-01	3.031983772043625458e-01	1.920826738269047484e-01	8.918402680088691192e-02	4.108818693416935175e-02	1.012445932796390835e-01
2.191509906785843214e+03	1.682668386367979219e-01	1.038907852950429894e-01	3.035913788667252700e-01	1.923559092339549581e-01	8.930409385864584992e-02	4.117654250073370104e-02	1.014144516079255737e-01
2.206023217426809424e+03	1.676629521725266636e-01	1.034678812030614820e-01	3.039777528191131561e-01	1.926243271038168003e-01	8.942221158899352207e-02	4.126351294012597232e-02	1.015813621721887161e-01
2.220536528067775180e+03	1.670694543468622117e-01	1.030520147581696494e-01	3.043576145157952384e-01	1.928880098685575306e-01	8.953841167771230125e-02	4.134911866326178992e-02	1.017453761694676329e-01
2.235049838708740936e+03	1.664861664287037302e-01	1.026430686388994651e-01	3.047310772818208058e-01	1.931470386050224697e-01	8.965272530220468050e-02	4.143337983904026717e-02	1.019065439041349913e-01
2.249563149349706237e+03	1.659129127759335631e-01	1.022409274746062247e-01	3.050982523564535476e-01	1.934014930555924272e-01	8.976518313933701254e-02	4.151631639456708489e-02	1.020649148033365844e-01
2.264076459990672902e+03	1.653495207813436285e-01	1.018454778133604660e-01	3.054592489355694718e-01	1.936514516486657345e-01	8.987581537317179681e-02	4.159794801552470223e-02	1.022205374321907140e-01
2.278589770631638203e+03	1.647958208195366148e-01	1.014566080903546580e-01	3.058141742130480178e-01	1.938969915188678561e-01	8.998465170258970747e-02	4.167829414668102611e-02	1.023734595087486265e-01
2.293103081272604413e+03	1.642516461947831630e-01	1.010742085968166643e-01	3.061631334211863953e-01	1.941381885269912455e-01	9.009172134880319427e-02	4.175737399252857363e-02	1.025237279187171946e-01
2.307616391913570169e+03	1.637168330898172430e-01	1.006981714494224051e-01	3.065062298701640153e-01	1.943751172796682747e-01	9.019705306276279422e-02	4.183520651804620294e-02	1.026713887299454953e-01
2.322129702554535925e+03	1.631912205155509610e-01	1.003283905602003478e-01	3.068435649865846049e-01	1.946078511487798757e-01	9.030067513245759736e-02	4.191181044957612706e-02	1.028164872066768820e-01
2.336643013195502135e+03	1.626746502616921719e-01	9.996476160692027713e-02	3.071752383511222040e-01	1.948364622906024191e-01	9.040261539011137937e-02	4.198720427580909104e-02	1.029590678235687562e-01
2.351156323836467891e+03	1.621669668482472737e-01	9.960718200395902999e-02	3.075013477352959712e-01	1.950610216646957440e-01	9.050290121927563602e-02	4.206140624887101664e-02	1.030991742794816757e-01
2.365669634477433647e+03	1.616680174778922230e-01	9.925555087363589768e-02	3.078219891373977224e-01	1.952815990525345879e-01	9.060155956182076864e-02	4.213443438550468212e-02	1.032368495110404516e-01
2.380182945118399402e+03	1.611776519891959802e-01	9.890976901801074028e-02	3.081372568175969606e-01	1.954982630758862194e-01	9.069861692482676652e-02	4.220630646834037936e-02	1.033721357059693008e-01
2.394696255759364703e+03	1.606957228106796198e-01	9.856973889113751497e-02	3.084472433322448803e-01	1.957110812149364665e-01	9.079409938737473262e-02	4.227704004724965048e-02	1.035050743162035103e-01
2.409209566400331823e+03	1.602220849156957283e-01	9.823536457176645920e-02	3.087520395673996609e-01	1.959201198261672217e-01	9.088803260724030719e-02	4.234665244077664981e-02	1.036357060707803340e-01
2.423722877041296670e+03	1.597565957781125756e-01	9.790655173648783738e-02	3.090517347715950880e-01	1.961254441599872278e-01	9.098044182749034925e-02	4.241516073764173278e-02	1.037640709885115364e-01
2.438236187682262880e+03	1.592991153287880990e-01	9.758320763331074232e-02	3.093464165878714311e-01	1.963271183781192530e-01	9.107135188298409734e-02	4.248258179831235909e-02	1.038902083904403167e-01
2.452749498323228636e+03	1.588495059128186004e-01	9.726524105567006806e-02	3.096361710850902282e-01	1.965252055707456535e-01	9.116078720677982250e-02	4.254893225663643891e-02	1.040141569120855147e-01
2.467262808964194392e+03	1.584076322475480025e-01	9.695256231685507597e-02	3.099210827885508501e-01	1.967197677734148775e-01	9.124877183644830581e-02	4.261422852153358420e-02	1.041359545154756372e-01
2.481776119605160602e+03	1.579733613813233406e-01	9.664508322485304559e-02	3.102012347099283862e-01	1.969108659837116304e-01	9.133532942029429225e-02	4.267848677873989360e-02	1.042556385009758141e-01
2.496289430246126358e+03	1.575465626529824192e-01	9.634271705760172333e-02	3.104767083765498925e-01	1.970985601776927831e-01	9.142048322348694800e-02	4.274172299260221158e-02	1.043732455189103903e-01
2.510802740887092114e+03	1.571271076520606158e-01	9.604537853864397734e-02	3.107475838600275986e-01	1.972829093260916600e-01	9.150425613410052839e-02	4.280395290791782353e-02	1.044888115809840951e-01
2.525316051528057415e+03	1.567148701797027033e-01	9.575298381317869090e-02	3.110139398042648939e-01	1.974639714102929267e-01	9.158667066906646392e-02	4.286519205181592296e-02	1.046023720715047178e-01
2.539829362169024080e+03	1.563097262102670915e-01	9.546545042450139962e-02	3.112758534528519694e-01	1.976418034380806876e-01	9.166774898003768324e-02	4.292545573567727729e-02	1.047139617584102178e-01
2.554342672809989381e+03	1.559115538536098577e-01	9.518269729082896868e-02	3.115334006758668228e-01	1.978164614591621517e-01	9.174751285916663002e-02	4.298475905708862288e-02	1.048236148041032656e-01
2.568855983450955591e+03	1.555202333180356056e-01	9.490464468250200958e-02	3.117866559960970063e-01	1.979880005804691701e-01	9.182598374479777892e-02	4.304311690182872907e-02	1.049313647760960200e-01
2.583369294091921347e+03	1.551356468739029659e-01	9.463121419955930480e-02	3.120356926146969356e-01	1.981564749812400328e-01	9.190318272707583003e-02	4.310054394588287707e-02	1.050372446574683039e-01
2.597882604732887103e+03	1.547576788178730289e-01	9.436232874967830087e-02	3.122805824362952509e-01	1.983219379278841066e-01	9.197913055347066436e-02	4.315705465748306130e-02	1.051412868571418441e-01
2.612395915373853313e+03	1.543862154377883544e-01	9.409791252647596582e-02	3.125213960935657176e-01	1.984844417886313939e-01	9.205384763422010119e-02	4.321266329917094334e-02	1.052435232199737669e-01
2.626909226014819069e+03	1.540211449781715980e-01	9.383789098816446017e-02	3.127582029712760447e-01	1.986440380479696510e-01	9.212735404769140102e-02	4.326738392988109527e-02	1.053439850366720554e-01
2.641422536655784825e+03	1.536623576063318730e-01	9.358219083655572312e-02	3.129910712298267783e-01	1.988007773208712303e-01	9.219966954566273520e-02	4.332123040704197875e-02	1.054427030535359661e-01
2.655935847296750580e+03	1.533097453790681353e-01	9.333073999640995044e-02	3.132200678282939799e-01	1.989547093668122268e-01	9.227081355852548294e-02	4.337421638869223134e-02	1.055397074820243197e-01
2.670449157937716336e+03	1.529632022099583211e-01	9.308346759512195479e-02	3.134452585469869601e-01	1.991058831035860122e-01	9.234080520040841011e-02	4.342635533561022693e-02	1.056350280081543996e-01
2.684962468578682547e+03	1.526226238372240251e-01	9.284030394274063458e-02	3.136667080095340010e-01	1.992543466209137915e-01	9.240966327422485416e-02	4.347766051345450244e-02	1.057286938017343997e-01
2.699475779219648302e+03	1.522879077921597268e-01	9.260118051231588931e-02	3.138844797045072244e-01	1.994001471938541825e-01	9.247740627664369217e-02	4.352814499491333700e-02	1.058207335254321424e-01
2.713989089860614058e+03	1.519589533681167670e-01	9.236602992056787420e-02	3.140986360065974314e-01	1.995433312960145922e-01	9.254405240298534119e-02	4.357782166186128375e-02	1.059111753436829118e-01
2.728502400501579814e+03	1.516356615900316396e-01	9.213478590887359820e-02	3.143092381973510152e-01	1.996839446125661943e-01	9.260961955204351226e-02	4.362670320752111419e-02	1.060000469314391208e-01
2.743015711142545115e+03	1.513179351844889386e-01	9.190738332456575843e-02	3.145163464854784374e-01	1.998220320530653682e-01	9.267412533083389803e-02	4.367480213862931504e-02	1.060873754827644788e-01
2.757529021783511780e+03	1.510056785503092192e-01	9.168375810253870384e-02	3.147200200267452619e-01	1.999576377640834013e-01	9.273758705927065416e-02	4.372213077760353506e-02	1.061731877192754886e-01
2.772042332424477081e+03	1.506987977296521952e-01	9.146384724715682368e-02	3.149203169434550698e-01	2.000908051416471767e-01	9.280002177477165992e-02	4.376870126471049671e-02	1.062575098984327587e-01
2.786555643065443292e+03	1.503972003796262558e-01	9.124758881446053127e-02	3.151172943435351925e-01	2.002215768434928711e-01	9.286144623679352950e-02	4.381452556023293643e-02	1.063403678216848086e-01
2.801068953706408593e+03	1.501007957443946661e-01	9.103492189466477758e-02	3.153110083392333118e-01	2.003499948011349951e-01	9.292187693129720649e-02	4.385961544663414396e-02	1.064217868424669894e-01
2.815582264347374803e+03	1.498094946277699901e-01	9.082578659494600082e-02	3.155015140654348627e-01	2.004761002317531071e-01	9.298133007514522430e-02	4.390398253071893520e-02	1.065017918740580605e-01
2.830095574988341014e+03	1.495232093662876016e-01	9.062012402251225229e-02	3.156888656976101215e-01	2.005999336498983099e-01	9.303982162043140935e-02	4.394763824578967054e-02	1.065804073972968086e-01
2.844608885629306769e+03	1.492418538027500130e-01	9.041787626795239063e-02	3.158731164693996396e-01	2.007215348790221399e-01	9.309736725874416530e-02	4.399059385379640308e-02	1.066576574681614570e-01
2.859122196270272525e+03	1.489653432602330851e-01	9.021898638885973709e-02	3.160543186898459589e-01	2.008409430628296521e-01	9.315398242536386542e-02	4.403286044747990735e-02	1.067335657252139330e-01
2.873635506911238281e+03	1.486935945165463180e-01	9.002339839372570929e-02	3.162325237602810479e-01	2.009581966764590333e-01	9.320968230339567173e-02	4.407444895250661743e-02	1.068081553969117414e-01
2.888148817552204036e+03	1.484265257791387849e-01	8.983105722609924237e-02	3.164077821908753418e-01	2.010733335374901842e-01	9.326448182783837748e-02	4.411537012959462767e-02	1.068814493087896222e-01
2.902662128193170247e+03	1.481640566604427722e-01	8.964190874900759831e-02	3.165801436168583782e-01	2.011863908167842718e-01	9.331839568959024445e-02	4.415563457662969454e-02	1.069534698905132974e-01
2.917175438834136003e+03	1.479061081536474087e-01	8.945589972963433056e-02	3.167496568144170244e-01	2.012974050491563582e-01	9.337143833939275106e-02	4.419525273077059419e-02	1.070242391828077899e-01
2.931688749475101758e+03	1.476526026088944565e-01	8.927297782425044903e-02	3.169163697162796223e-01	2.014064121438834953e-01	9.342362399171313947e-02	4.423423487054286424e-02	1.070937788442622718e-01
2.946202060116067514e+03	1.474034637098888267e-01	8.909309156339444147e-02	3.170803294269919914e-01	2.015134473950502547e-01	9.347496662856634442e-02	4.427259111792040958e-02	1.071621101580140095e-01
2.960715370757033725e+03	1.471586164509164352e-01	8.891619033729732113e-02	3.172415822378935046e-01	2.016185454917341080e-01	9.352548000327756683e-02	4.431033144039408372e-02	1.072292540383132653e-01
2.975228681397999480e+03	1.469179871142619886e-01	8.874222438154870385e-02	3.174001736417992325e-01	2.017217405280321285e-01	9.357517764418606110e-02	4.434746565302676025e-02	1.072952310369714723e-01
2.989741992038964781e+03	1.466815032480196790e-01	8.857114476299984829e-02	3.175561483473946511e-01	2.018230660129320675e-01	9.362407285829098258e-02	4.438400342049424185e-02	1.073600613496948353e-01
3.004255302679930992e+03	1.464490936442900959e-01	8.840290336590010678e-02	3.177095502933501292e-01	2.019225548800291370e-01	9.367217873484016966e-02	4.441995425911145906e-02	1.074237648223052149e-01
3.018768613320896748e+03	1.462206883177556149e-01	8.823745287826276207e-02	3.178604226621603024e-01	2.020202394970909143e-01	9.371950814886272074e-02	4.445532753884343796e-02	1.074863609568505740e-01
3.033281923961862958e+03	1.459962184846287092e-01	8.807474677845666955e-02	3.180088078937151619e-01	2.021161516754722554e-01	9.376607376464606014e-02	4.449013248530066245e-02	1.075478689176068287e-01
3.047795234602828714e+03	1.457756165419655803e-01	8.791473932201987473e-02	3.181547476986087419e-01	2.022103226793825481e-01	9.381188803915831154e-02	4.452437818171819939e-02	1.076083075369731606e-01
3.062308545243794470e+03	1.455588160473393067e-01	8.775738552869187525e-02	3.182982830711903466e-01	2.023027832350069444e-01	9.385696322541683956e-02	4.455807357091842030e-02	1.076676953212626631e-01
3.076821855884760225e+03	1.453457516988656273e-01	8.760264116966068326e-02	3.184394543023655322e-01	2.023935635394839561e-01	9.390131137580369491e-02	4.459122745725675740e-02	1.077260504563901933e-01
3.091335166525725526e+03	1.451363593155754750e-01	8.745046275502130206e-02	3.185783009921501208e-01	2.024826932697411375e-01	9.394494434532868476e-02	4.462384850855027896e-02	1.077833908134594315e-01
3.105848477166692192e+03	1.449305758181279880e-01	8.730080752144230016e-02	3.187148620619847939e-01	2.025702015911908238e-01	9.398787379484094262e-02	4.465594525798873005e-02	1.078397339542508382e-01
3.120361787807657493e+03	1.447283392098580590e-01	8.715363342003681901e-02	3.188491757668137083e-01	2.026561171662882299e-01	9.403011119418951125e-02	4.468752610602774039e-02	1.078950971366123418e-01
3.134875098448624158e+03	1.445295885581522610e-01	8.700889910443501685e-02	3.189812797069330741e-01	2.027404681629533800e-01	9.407166782533406268e-02	4.471859932226403267e-02	1.079494973197545199e-01
3.149388409089589004e+03	1.443342639761477364e-01	8.686656391905428487e-02	3.191112108396148006e-01	2.028232822628590892e-01	9.411255478540613006e-02	4.474917304729227052e-02	1.080029511694521049e-01
3.163901719730555214e+03	1.441423066047480273e-01	8.672658788756434922e-02	3.192390054905087093e-01	2.029045866695866895e-01	9.415278298972178106e-02	4.477925529454349074e-02	1.080554750631533140e-01
3.178415030371521425e+03	1.439536585949505731e-01	8.658893170154391417e-02	3.193646993648299737e-01	2.029844081166518044e-01	9.419236317474634357e-02	4.480885395210484207e-02	1.081070850949989309e-01
3.192928341012487181e+03	1.437682630904799086e-01	8.645355670932557135e-02	3.194883275583345617e-01	2.030627728754013928e-01	9.423130590101194692e-02	4.483797678452048491e-02	1.081577970807525019e-01
3.207441651653452936e+03	1.435860642107217588e-01	8.632042490502629672e-02	3.196099245680881773e-01	2.031397067627844499e-01	9.426962155598868354e-02	4.486663143457360337e-02	1.082076265626434469e-01
3.221954962294418237e+03	1.434070070339523439e-01	8.618949891776001015e-02	3.197295243030324752e-01	2.032152351489978359e-01	9.430732035690982118e-02	4.489482542504925205e-02	1.082565888141247129e-01
3.236468272935384903e+03	1.432310375808577008e-01	8.606074200102957483e-02	3.198471600943534887e-01	2.032893829650093964e-01	9.434441235355192634e-02	4.492256616047813483e-02	1.083046988445462017e-01
3.250981583576350204e+03	1.430581027983383324e-01	8.593411802229519725e-02	3.199628647056554365e-01	2.033621747099598198e-01	9.438090743097064805e-02	4.494986092886107260e-02	1.083519714037459586e-01
3.265494894217316414e+03	1.428881505435935784e-01	8.580959145271625788e-02	3.200766703429445137e-01	2.034336344584451450e-01	9.441681531219260626e-02	4.497671690337418787e-02	1.083984209865601622e-01
3.280008204858282170e+03	1.427211295684812087e-01	8.568712735706375538e-02	3.201886086644271101e-01	2.035037858676816691e-01	9.445214556086424518e-02	4.500314114405472299e-02	1.084440618372537884e-01
3.294521515499247926e+03	1.425569895041473856e-01	8.556669138380063044e-02	3.202987107901247299e-01	2.035726521845550585e-01	9.448690758385822064e-02	4.502914059946751951e-02	1.084889079538729345e-01
3.309034826140214136e+03	1.423956808459221346e-01	8.544824975532719358e-02	3.204070073113113870e-01	2.036402562525550519e-01	9.452111063383790424e-02	4.505472210835201330e-02	1.085329730925207875e-01
