4.208860085880095880e+02	4.263503805791385437e-01	2.749453685117438373e-01	1.305215885519129260e-01	7.826514202649433039e-02	4.239681643532996341e-02	1.476973186117525212e-02	3.275097203403284224e-02
4.353993192289755143e+02	4.212492231598234382e-01	2.716897061012534809e-01	1.342390893903382398e-01	8.050535663402531850e-02	4.335085950433667512e-02	1.504694544272473268e-02	3.391881976732581683e-02
4.499126298699413837e+02	4.162387626663962004e-01	2.684875732224398792e-01	1.378771138029061538e-01	8.270331490878744807e-02	4.428090714556597030e-02	1.533165437040646256e-02	3.508067388332550968e-02
4.644259405109071963e+02	4.113172810222435749e-01	2.653381042459223016e-01	1.414375006029152115e-01	8.486020288977506876e-02	4.518826772395823088e-02	1.562304023761308669e-02	3.623560327740016351e-02
4.789392511518730657e+02	4.064830987778235150e-01	2.622404474738472824e-01	1.449220662571338303e-01	8.697714387975805095e-02	4.607413080942232564e-02	1.592034690058337018e-02	3.738276590125917676e-02
4.934525617928388783e+02	4.017345738629489738e-01	2.591937648669435657e-01	1.483326012041417952e-01	8.905520296027952254e-02	4.693957946711978940e-02	1.622287536550107503e-02	3.852140227289276714e-02
5.079658724338048046e+02	3.970701004033507231e-01	2.561972317833368651e-01	1.516708668433387475e-01	9.109539116759482469e-02	4.778560124114070162e-02	1.652997914591428086e-02	3.965082941515134934e-02
5.224791830747705035e+02	3.924881075968696953e-01	2.532500367281340092e-01	1.549385931072652101e-01	9.309866935448370129e-02	4.861309797184015097e-02	1.684106004370499940e-02	4.077043519752977102e-02
5.369924937157364866e+02	3.879870586450289149e-01	2.503513811128816879e-01	1.581374765402620564e-01	9.506595176109075562e-02	4.942289457195356284e-02	1.715556431169548354e-02	4.187967305691494418e-02
5.515058043567023560e+02	3.835654497361015713e-01	2.475004790240890873e-01	1.612691788156889461e-01	9.699810931629185284e-02	5.021574687310213086e-02	1.747297916031825479e-02	4.297805707423553445e-02
5.660191149976681118e+02	3.792218090761167448e-01	2.446965570000831924e-01	1.643353256320587430e-01	9.889597268954315734e-02	5.099234864225778152e-02	1.779282957465699866e-02	4.406515738511072866e-02
5.805324256386339812e+02	3.749546959645472244e-01	2.419388538155358981e-01	1.673375059356475014e-01	1.007603351117343227e-01	5.175333785699996747e-02	1.811467541163479938e-02	4.514059590372761221e-02
5.950457362795999643e+02	3.707626999116914734e-01	2.392266202730640723e-01	1.702772714235099849e-01	1.025919549822319060e-01	5.249930231882353471e-02	1.843810875022853027e-02	4.620404234027783441e-02
6.095590469205657200e+02	3.666444397950089362e-01	2.365591190013625056e-01	1.731561362864639242e-01	1.043915582780573503e-01	5.323078467522029955e-02	1.876275147036314539e-02	4.725521049335108803e-02
6.240723575615315895e+02	3.625985630518916980e-01	2.339356242593803592e-01	1.759755771565868487e-01	1.061598407799886068e-01	5.394828691364476903e-02	1.908825303862219519e-02	4.829385479971284173e-02
6.385856682024975726e+02	3.586237449065561300e-01	2.313554217460989104e-01	1.787370332281691399e-01	1.078974701293000937e-01	5.465227438368588236e-02	1.941428848113221570e-02	4.931976712488488068e-02
6.530989788434633283e+02	3.547186876289261659e-01	2.288178084155109704e-01	1.814419065249542606e-01	1.096050877278578889e-01	5.534317939771248723e-02	1.974055652596695687e-02	5.033277377889847082e-02
6.676122894844290840e+02	3.508821198235441696e-01	2.263220922964395698e-01	1.840915622899264026e-01	1.112833104933585449e-01	5.602140445486050030e-02	2.006677789919742230e-02	5.133273274250062246e-02
6.821256001253949535e+02	3.471127957467006753e-01	2.238675923168689241e-01	1.866873294769351155e-01	1.129327324806379818e-01	5.668732512841340165e-02	2.039269376030746275e-02	5.231953108996366397e-02
6.966389107663608229e+02	3.434094946501135004e-01	2.214536381324913039e-01	1.892305013261144642e-01	1.145539263791758161e-01	5.734129265233177397e-02	2.071806426412257929e-02	5.329308259547773513e-02
7.111522214073266923e+02	3.397710201496123017e-01	2.190795699592017476e-01	1.917223360074081506e-01	1.161474448961765799e-01	5.798363623885508661e-02	2.104266723767855146e-02	5.425332551089465799e-02
7.256655320482924481e+02	3.361961996174027689e-01	2.167447384092979212e-01	1.941640573185835494e-01	1.177138220339183916e-01	5.861466515568004160e-02	2.136629696160301239e-02	5.520022050334133512e-02
7.401788426892584312e+02	3.326838835965886809e-01	2.144485043311651629e-01	1.965568554259431999e-01	1.192535742694180584e-01	5.923467058816948849e-02	2.168876304661085733e-02	5.613374874193155506e-02
7.546921533302243006e+02	3.292329452367283027e-01	2.121902386522482586e-01	1.989018876375450995e-01	1.207672016438665202e-01	5.984392730932426574e-02	2.200988939663589550e-02	5.705391012347856006e-02
7.692054639711900563e+02	3.258422797492903089e-01	2.099693222251291513e-01	2.012002792001542084e-01	1.222551887687354233e-01	6.044269517782187989e-02	2.232951325094812908e-02	5.796072162774775632e-02
7.837187746121558121e+02	3.225108038819538558e-01	2.077851456765472948e-01	2.034531241123855860e-01	1.237180057549433082e-01	6.103122048225851498e-02	2.264748429834785581e-02	5.885421579339042419e-02
7.982320852531219089e+02	3.192374554107736961e-01	2.056371092592151062e-01	2.056614859475856261e-01	1.251561090709938651e-01	6.160973714779702931e-02	2.296366385719386671e-02	5.973443930626753939e-02
8.127453958940876646e+02	3.160211926492987322e-01	2.035246227062936231e-01	2.078263986809502917e-01	1.265699423355574615e-01	6.217846781969713077e-02	2.327792411562122285e-02	6.060145169240823554e-02
8.272587065350534203e+02	3.128609939737941326e-01	2.014471050884065195e-01	2.099488675162120566e-01	1.279599370495578259e-01	6.273762483666316114e-02	2.359014742684141519e-02	6.145532410835150006e-02
8.417720171760191761e+02	3.097558573637760881e-01	1.994039846730826793e-01	2.120298697079566752e-01	1.293265132724463196e-01	6.328741110556942995e-02	2.390022565490070028e-02	6.229613822209471852e-02
8.562853278169851592e+02	3.067047999571199113e-01	1.973946987865255465e-01	2.140703553762665079e-01	1.306700802469942524e-01	6.382802088789496509e-02	2.420805956670666476e-02	6.312398517831868672e-02
8.707986384579510286e+02	3.037068576190514180e-01	1.954186936776192429e-01	2.160712483109428483e-01	1.319910369766076064e-01	6.435964050710339668e-02	2.451355826652382858e-02	6.393896464197812435e-02
8.853119490989170117e+02	3.007610845243757769e-01	1.934754243840873800e-01	2.180334467630421769e-01	1.332897727588661374e-01	6.488244898522420312e-02	2.481663866949049974e-02	6.474118391474034673e-02
8.998252597398827675e+02	2.978665527523395307e-01	1.915643546007293752e-01	2.199578242218808155e-01	1.345666676787087013e-01	6.539661861601789306e-02	2.511722501102586075e-02	6.553075711912430268e-02
9.143385703808486369e+02	2.950223518935604083e-01	1.896849565496650514e-01	2.218452301760279466e-01	1.358220930644269686e-01	6.590231548132637063e-02	2.541524838928128222e-02	6.630780444553838193e-02
9.288518810218145063e+02	2.922275886684925217e-01	1.878367108525248741e-01	2.236964908571198729e-01	1.370564119093896638e-01	6.639969991651260839e-02	2.571064633804708011e-02	6.707245145773985118e-02
9.433651916627801484e+02	2.894813865569287881e-01	1.860191064045277065e-01	2.255124099656028169e-01	1.382699792621960022e-01	6.688892693027050085e-02	2.600336242775757103e-02	6.782482845254306225e-02
9.578785023037459041e+02	2.867828854380721770e-01	1.842316402503943740e-01	2.272937693777440094e-01	1.394631425877515540e-01	6.737014658352952212e-02	2.629334589244667134e-02	6.856506986988801511e-02
9.723918129447120009e+02	2.841312412407350774e-01	1.824738174620475217e-01	2.290413298334526282e-01	1.406362421015681929e-01	6.784350433168112593e-02	2.658055128069493345e-02	6.929331374964678436e-02
9.869051235856777566e+02	2.815256256032503401e-01	1.807451510180546339e-01	2.307558316046240121e-01	1.417896110794132913e-01	6.830914133390955656e-02	2.686493812877972787e-02	7.000970123179467430e-02
1.001418434226643626e+03	2.789652255427041427e-01	1.790451616847726635e-01	2.324379951438669822e-01	1.429235761442695929e-01	6.876719473301280694e-02	2.714647065439440565e-02	7.071437609680557290e-02
1.015931744867609382e+03	2.764492431331209699e-01	1.773733778991571086e-01	2.340885217135981466e-01	1.440384575324156757e-01	6.921779790874406368e-02	2.742511746944183496e-02	7.140748434334832917e-02
1.030445055508575479e+03	2.739768951922519347e-01	1.757293356532003969e-01	2.357080939955917831e-01	1.451345693402969761e-01	6.966108070738695479e-02	2.770085131053404842e-02	7.208917380056394097e-02
1.044958366149541234e+03	2.715474129766372591e-01	1.741125783799679083e-01	2.372973766811617979e-01	1.462122197537275847e-01	7.009716964999404554e-02	2.797364878594407051e-02	7.275959377239329950e-02
1.059471676790506763e+03	2.691600418846312182e-01	1.725226568412011330e-01	2.388570170422244510e-01	1.472717112608430412e-01	7.052618812146438376e-02	2.824349013785974749e-02	7.341889471160199798e-02
1.073984987431472746e+03	2.668140411670942846e-01	1.709591290164606814e-01	2.403876454835515986e-01	1.483133408501134121e-01	7.094825654240904944e-02	2.851035901888350141e-02	7.406722792131348321e-02
1.088498298072438729e+03	2.645086836454733636e-01	1.694215599937826666e-01	2.418898760765720024e-01	1.493374001946236040e-01	7.136349252555063138e-02	2.877424228180723922e-02	7.470474528201656583e-02
1.103011608713404712e+03	2.622432554370041080e-01	1.679095218618245622e-01	2.433643070751175530e-01	1.503441758237331338e-01	7.177201101822137941e-02	2.903512978176936432e-02	7.533159900215592730e-02
1.117524919354370468e+03	2.600170556867847371e-01	1.664225936034771369e-01	2.448115214135430096e-01	1.513339492831392019e-01	7.217392443236177180e-02	2.929301418997130521e-02	7.594794139054888982e-02
1.132038229995336451e+03	2.578293963064805516e-01	1.649603609909212065e-01	2.462320871876695627e-01	1.523069972842870934e-01	7.256934276327658973e-02	2.954789081819520977e-02	7.655392464899579696e-02
1.146551540636302207e+03	2.556796017194337134e-01	1.635224164821085513e-01	2.476265581190216503e-01	1.532635918439960165e-01	7.295837369827516683e-02	2.979975745342295160e-02	7.714970068356791222e-02
1.161064851277267962e+03	2.535670086119605204e-01	1.621083591186476269e-01	2.489954740028372249e-01	1.542040004150999899e-01	7.334112271620606138e-02	3.004861420190988244e-02	7.773542093316462842e-02
1.175578161918233945e+03	2.514909656906305080e-01	1.607177944250756940e-01	2.503393611403395558e-01	1.551284860088394946e-01	7.371769317879255101e-02	3.029446334211539568e-02	7.831123621403268675e-02
1.190091472559199701e+03	2.494508334453313658e-01	1.593503343094994362e-01	2.516587327557627263e-01	1.560373073096802954e-01	7.408818641458148058e-02	3.053730918593680621e-02	7.887729657903373715e-02
1.204604783200165684e+03	2.474459839179321274e-01	1.580055969655873860e-01	2.529540893986219063e-01	1.569307187831817940e-01	7.445270179623506013e-02	3.077715794773359589e-02	7.943375119053394662e-02
1.219118093841131440e+03	2.454758004763659407e-01	1.566832067758974767e-01	2.542259193317187860e-01	1.578089707774869288e-01	7.481133681182003392e-02	3.101401762066632178e-02	7.998074820587031120e-02
1.233631404482097196e+03	2.435396775939619451e-01	1.553827942165242060e-01	2.554746989053666706e-01	1.586723096189588400e-01	7.516418713068145907e-02	3.124789785990835997e-02	8.051843467442428015e-02
1.248144715123063179e+03	2.416370206338629145e-01	1.541039957630501722e-01	2.567008929183131061e-01	1.595209777024479414e-01	7.551134666442876897e-02	3.147880987231993499e-02	8.104695644540296784e-02
1.262658025764028707e+03	2.397672456383726780e-01	1.528464537977868853e-01	2.579049549658306018e-01	1.603552135766316278e-01	7.585290762350754834e-02	3.170676631220244873e-02	8.156645808549399523e-02
1.277171336404994690e+03	2.379297791230842452e-01	1.516098165182905300e-01	2.590873277754357495e-01	1.611752520248348197e-01	7.618896056978244347e-02	3.193178118277740368e-02	8.207708280562059366e-02
1.291684647045960673e+03	2.361240578756453878e-01	1.503937378471388864e-01	2.602484435306864907e-01	1.619813241417036864e-01	7.651959446551312438e-02	3.215386974305833867e-02	8.257897239607984996e-02
1.306197957686926657e+03	2.343495287590247889e-01	1.491978773429549210e-01	2.613887241834970121e-01	1.627736574060757446e-01	7.684489671906691299e-02	3.237304841980646886e-02	8.307226716939981881e-02
1.320711268327892412e+03	2.326056485191475565e-01	1.480219001126641676e-01	2.625085817553965417e-01	1.635524757503604154e-01	7.716495322767635834e-02	3.258933472428113959e-02	8.355710591029948120e-02
1.335224578968857941e+03	2.308918835967736782e-01	1.468654767249721327e-01	2.636084186281470454e-01	1.643179996267170595e-01	7.747984841751935636e-02	3.280274717351513297e-02	8.403362583218122739e-02
1.349737889609823924e+03	2.292077099434988163e-01	1.457282831250487354e-01	2.646886278241222801e-01	1.650704460702950294e-01	7.778966528137115644e-02	3.301330521586220978e-02	8.450196253962731496e-02
1.364251200250789907e+03	2.275526128417609539e-01	1.446100005504070141e-01	2.657495932768368929e-01	1.658100287597765732e-01	7.809448541405254740e-02	3.322102916058045780e-02	8.496224999641105446e-02
1.378764510891755890e+03	2.259260867287414543e-01	1.435103154479628884e-01	2.667916900920023759e-01	1.665369580754434975e-01	7.839438904587597845e-02	3.342594011122984599e-02	8.541462049856946015e-02
1.393277821532721646e+03	2.243276350240527017e-01	1.424289193922637642e-01	2.678152847994737518e-01	1.672514411549697599e-01	7.868945507427134445e-02	3.362805990267615092e-02	8.585920465211799302e-02
1.407791132173687402e+03	2.227567699611096019e-01	1.413655090048731577e-01	2.688207355964379319e-01	1.679536819471246223e-01	7.897976109375469400e-02	3.382741104150625150e-02	8.629613135501920662e-02
1.422304442814653157e+03	2.212130124220847982e-01	1.403197858748989058e-01	2.698083925821818663e-01	1.686438812635550344e-01	7.926538342438706197e-02	3.402401664967158457e-02	8.672552778304615240e-02
1.436817753455619140e+03	2.196958917763523478e-01	1.392914564806528033e-01	2.707785979847667224e-01	1.693222368288016810e-01	7.954639713885595931e-02	3.421790041118756565e-02	8.714751937920825475e-02
1.451331064096585123e+03	2.182049457223271538e-01	1.382802321124291522e-01	2.717316863799220106e-01	1.699889433286888574e-01	7.982287608829878589e-02	3.440908652172698645e-02	8.756222984643231844e-02
1.465844374737550879e+03	2.167397201326113909e-01	1.372858287963902302e-01	2.726679849024613023e-01	1.706441924572168201e-01	8.009489292697571927e-02	3.459759964095499019e-02	8.796978114321477027e-02
1.480357685378516862e+03	2.152997689023618266e-01	1.363079672195464109e-01	2.735878134505101422e-01	1.712881729620736593e-01	8.036251913588898788e-02	3.478346484746192707e-02	8.837029348198223444e-02
1.494870996019482618e+03	2.138846538007955489e-01	1.353463726558189750e-01	2.744914848828249321e-01	1.719210706888726903e-01	8.062582504543609752e-02	3.496670759615880253e-02	8.876388532991810743e-02
1.509384306660448374e+03	2.124939443257538862e-01	1.344007748931734525e-01	2.753793052094711258e-01	1.725430686242129807e-01	8.088487985717535134e-02	3.514735367800762844e-02	8.915067341203071483e-02
1.523897617301414357e+03	2.111272175612472768e-01	1.334709081618116466e-01	2.762515737761177537e-01	1.731543469376509436e-01	8.113975166477532808e-02	3.532542918196623222e-02	8.953077271625600742e-02
1.538410927942380113e+03	2.097840580379065067e-01	1.325565110634104038e-01	2.771085834421956884e-01	1.737550830226628484e-01	8.139050747421201770e-02	3.550096045903376740e-02	8.990429650040392129e-02
1.552924238583346096e+03	2.084640575962683207e-01	1.316573265013952498e-01	2.779506207531567408e-01	1.743454515366720525e-01	8.163721322327174845e-02	3.567397408828942851e-02	9.027135630077158523e-02
1.567437549224311852e+03	2.071668152528253759e-01	1.307731016122369583e-01	2.787779661070607928e-01	1.749256244402059290e-01	8.187993380041222458e-02	3.584449684482289566e-02	9.063206194226099133e-02
1.581950859865277607e+03	2.058919370687732620e-01	1.299035876977594206e-01	2.795908939157094042e-01	1.754957710352433586e-01	8.211873306302880371e-02	3.601255566946026665e-02	9.098652154985069351e-02
1.596464170506243590e+03	2.046390360213892201e-01	1.290485401584469949e-01	2.803896727605352246e-01	1.760560580028066036e-01	8.235367385516888239e-02	3.617817764019475718e-02	9.133484156128342246e-02
1.610977481147209119e+03	2.034077318779793364e-01	1.282077184277397031e-01	2.811745655434482183e-01	1.766066494398471631e-01	8.258481802473284505e-02	3.634138994523602312e-02	9.167712674084184388e-02
1.625490791788175102e+03	2.021976510723330067e-01	1.273808859073043420e-01	2.819458296328298252e-01	1.771477068954694645e-01	8.281222644019670120e-02	3.650221985759659338e-02	9.201348019409508194e-02
1.640004102429141085e+03	2.010084265836251660e-01	1.265678099032704895e-01	2.827037170048616321e-01	1.776793894065335777e-01	8.303595900688792719e-02	3.666069471113831552e-02	9.234400338350789994e-02
1.654517413070107068e+03	1.998396978177089667e-01	1.257682615634190537e-01	2.834484743803631912e-01	1.782018535326722608e-01	8.325607468284314250e-02	3.681684187800544905e-02	9.266879614481286775e-02
1.669030723711072824e+03	1.986911104907433945e-01	1.249820158153125693e-01	2.841803433573104609e-01	1.787152533907556684e-01	8.347263149427368301e-02	3.697068874737520494e-02	9.298795670405395064e-02
1.683544034352038352e+03	1.975623165151011162e-01	1.242088513053552778e-01	2.848995605391954622e-01	1.792197406888332012e-01	8.368568655066249695e-02	3.712226270545978396e-02	9.330158169521753087e-02
1.698057344993004335e+03	1.964529738875047393e-01	1.234485503387718480e-01	2.856063576593849129e-01	1.797154647595788080e-01	8.389529605951381863e-02	3.727159111669749864e-02	9.360976617837324376e-02
1.712570655633970318e+03	1.953627465793401907e-01	1.227008988204932038e-01	2.863009617016252784e-01	1.802025725932638045e-01	8.410151534077481283e-02	3.741870130607362344e-02	9.391260365825389311e-02
1.727083966274936301e+03	1.942913044290982272e-01	1.219656861969382750e-01	2.869835950168388439e-01	1.806812088702784980e-01	8.430439884094710623e-02	3.756362054251484450e-02	9.421018610320903985e-02
1.741597276915902057e+03	1.932383230368954485e-01	1.212427053986803310e-01	2.876544754363467016e-01	1.811515159932220453e-01	8.450400014690392925e-02	3.770637602330363658e-02	9.450260396447267286e-02
1.756110587556867813e+03	1.922034836610290731e-01	1.205317527839867564e-01	2.883138163816514332e-01	1.816136341185776437e-01	8.470037199942764827e-02	3.784699485946191322e-02	9.478994619569024171e-02
1.770623898197833569e+03	1.911864731165194009e-01	1.198326280832210100e-01	2.889618269709044451e-01	1.820677011879885121e-01	8.489356630648084434e-02	3.798550406205561392e-02	9.507230027265479999e-02
1.785137208838799552e+03	1.901869836755963883e-01	1.191451343440959321e-01	2.895987121221797467e-01	1.825138529591484038e-01	8.508363415622306747e-02	3.812193052937440374e-02	9.534975221320660110e-02
1.799650519479765535e+03	1.892047129700878128e-01	1.184690778777671150e-01	2.902246726536691912e-01	1.829522230363190838e-01	8.527062582978447991e-02	3.825630103494276346e-02	9.562238659725405543e-02
1.814163830120731291e+03	1.882393638956666448e-01	1.178042682057555968e-01	2.908399053809113122e-01	1.833829429004855682e-01	8.545459081380618604e-02	3.838864221632107970e-02	9.589028658687810680e-02
1.828677140761696819e+03	1.872906445179180757e-01	1.171505180076889557e-01	2.914446032111594476e-01	1.838061419391592288e-01	8.563557781275674130e-02	3.851898056465721115e-02	9.615353394648490370e-02
1.843190451402663257e+03	1.863582679801862041e-01	1.165076430698499116e-01	2.920389552349919593e-01	1.842219474758370334e-01	8.581363476103327781e-02	3.864734241495104694e-02	9.641220906297516546e-02
1.857703762043628785e+03	1.854419524131624974e-01	1.158754622345218310e-01	2.926231468152624138e-01	1.846304847991251386e-01	8.598880883485487958e-02	3.877375393699627332e-02	9.666639096590147473e-02
1.872217072684594768e+03	1.845414208461785832e-01	1.152537973501205210e-01	2.931973596734841481e-01	1.850318771915333005e-01	8.616114646395550691e-02	3.889824112696536884e-02	9.691615734758705913e-02
1.886730383325560297e+03	1.836564011201669844e-01	1.146424732221015125e-01	2.937617719737384836e-01	1.854262459579465450e-01	8.633069334308295095e-02	3.902082979960549980e-02	9.716158458318251145e-02
1.901243693966526507e+03	1.827866258022549095e-01	1.140413175646325106e-01	2.943165584041944061e-01	1.858137104537793405e-01	8.649749444330988302e-02	3.914154558101450021e-02	9.740274775063892387e-02
1.915757004607492036e+03	1.819318321019560147e-01	1.134501609530207539e-01	2.948618902563223676e-01	1.861943881128172162e-01	8.666159402316260529e-02	3.926041390196757797e-02	9.763972065057792415e-02
1.930270315248458019e+03	1.810917617889271636e-01	1.128688367768845152e-01	2.953979355018819808e-01	1.865683944747499323e-01	8.682303563957274872e-02	3.937745999176683886e-02	9.787257582604129424e-02
1.944783625889424002e+03	1.802661611122574614e-01	1.122971811940588621e-01	2.959248588677598768e-01	1.869358432124004210e-01	8.698186215865655324e-02	3.949270887258704565e-02	9.810138458210423962e-02
1.959296936530389530e+03	1.794547807212574231e-01	1.117350330852255463e-01	2.964428219087321681e-01	1.872968461586521360e-01	8.713811576632636557e-02	3.960618535429223652e-02	9.832621700533847320e-02
1.973810247171355968e+03	1.786573755877177150e-01	1.111822340092566141e-01	2.969519830782213488e-01	1.876515133330787510e-01	8.729183797873840689e-02	3.971791402969912510e-02	9.854714198311236018e-02
1.988323557812321269e+03	1.778737049296064965e-01	1.106386281592619814e-01	2.974524977971158002e-01	1.879999529682782611e-01	8.744306965258064057e-02	3.982791927026425177e-02	9.876422722271686883e-02
2.002836868453287707e+03	1.771035321361768555e-01	1.101040623193311752e-01	2.979445185207170166e-01	1.883422715359139854e-01	8.759185099520455653e-02	3.993622522217302878e-02	9.897753927030765453e-02
2.017350179094252780e+03	1.763466246944546123e-01	1.095783858219592233e-01	2.984281948038773891e-01	1.886785737724651080e-01	8.773822157460395288e-02	4.004285580280976531e-02	9.918714352965420089e-02
2.031863489735218764e+03	1.756027541170790407e-01	1.090614505061469897e-01	2.989036733643883337e-01	1.890089627046881715e-01	8.788222032924429550e-02	4.014783469758884116e-02	9.939310428068856562e-02
2.046376800376184747e+03	1.748716958714688352e-01	1.085531106761666309e-01	2.993710981446768837e-01	1.893335396747917176e-01	8.802388557774523670e-02	4.025118535712808587e-02	9.959548469784686164e-02
2.060890111017150957e+03	1.741532293102867612e-01	1.080532230609822092e-01	2.998306103718662574e-01	1.896524043653255442e-01	8.816325502841952655e-02	4.035293099474628054e-02	9.979434686819776967e-02
2.075403421658116713e+03	1.734471376031766765e-01	1.075616467743163857e-01	3.002823486162537470e-01	1.899656548237862452e-01	8.830036578867064834e-02	4.045309458426760152e-02	9.998975180935307239e-02
2.089916732299082469e+03	1.727532076697477770e-01	1.070782432753537156e-01	3.007264488482576659e-01	1.902733874869404762e-01	8.843525437425206470e-02	4.055169885811665126e-02	1.001817594871560468e-01
2.104430042940048224e+03	1.720712301137809763e-01	1.066028763300712473e-01	3.011630444938822593e-01	1.905756972048672504e-01	8.856795671839019779e-02	4.064876630568841492e-02	1.003704288331440236e-01
2.118943353581013525e+03	1.714009991586331050e-01	1.061354119731874740e-01	3.015922664887485949e-01	1.908726772647205971e-01	8.869850818077369692e-02	4.074431917197827990e-02	1.005558177617826010e-01
2.133456664221980191e+03	1.707423125838153644e-01	1.056757184707203673e-01	3.020142433307370089e-01	1.911644194142139153e-01	8.882694355641093664e-02	4.083837945645794887e-02	1.007379831874687659e-01
2.147969974862945492e+03	1.700949716627229713e-01	1.052236662831457087e-01	3.024291011312848498e-01	1.914510138848272980e-01	8.895329708435825711e-02	4.093096891218371558e-02	1.009169810413015067e-01
2.162483285503912157e+03	1.694587811014929279e-01	1.047791280291468230e-01	3.028369636653825969e-01	1.917325494147387455e-01	8.907760245632050100e-02	4.102210904512426648e-02	1.010928662876184742e-01
2.176996596144877003e+03	1.688335489789683508e-01	1.043419784499469011e-01	3.032379524203081544e-01	1.920091132714809856e-01	8.919989282512623407e-02	4.111182111369565684e-02	1.012656929402979411e-01
2.191509906785843214e+03	1.682190866877474322e-01	1.039120943742154052e-01	3.036321866431399563e-01	1.922807912743247083e-01	8.932020081307921744e-02	4.120012612849189432e-02	1.014355140788255338e-01
2.206023217426809424e+03	1.676152088762960235e-01	1.034893546835398137e-01	3.040197833870849076e-01	1.925476678163895450e-01	8.943855852018824104e-02	4.128704485219984038e-02	1.016023818641257487e-01
2.220536528067775180e+03	1.670217333921029390e-01	1.030736402784544203e-01	3.044008575566590769e-01	1.928098258864842374e-01	8.955499753227681714e-02	4.137259779968800039e-02	1.017663475541585455e-01
2.235049838708740936e+03	1.664384812258583868e-01	1.026648340450177499e-01	3.047755219517559455e-01	1.930673470906769107e-01	8.966954892897460727e-02	4.145680523825890501e-02	1.019274615192815037e-01
2.249563149349706237e+03	1.658652764566352356e-01	1.022628208219303336e-01	3.051438873106350202e-01	1.933203116735971172e-01	8.978224329159231742e-02	4.153968718805561150e-02	1.020857732573783733e-01
2.264076459990672902e+03	1.653019461980539673e-01	1.018674873681846976e-01	3.055060623518648932e-01	1.935687985394706212e-01	8.989311071088146310e-02	4.162126342261304734e-02	1.022413314087552982e-01
2.278589770631638203e+03	1.647483205454127464e-01	1.014787223312395292e-01	3.058621538152510588e-01	1.938128852728886464e-01	9.000218079468073895e-02	4.170155346954550896e-02	1.023941837708057523e-01
2.293103081272604413e+03	1.642042325237636768e-01	1.010964162157100416e-01	3.062122665017789624e-01	1.940526481593127794e-01	9.010948267545061674e-02	4.178057661136198170e-02	1.025443773124459085e-01
2.307616391913570169e+03	1.636695180369177050e-01	1.007204613525666398e-01	3.065565033126019800e-01	1.942881622053168056e-01	9.021504501769751772e-02	4.185835188640136401e-02	1.026919581883220522e-01
2.322129702554535925e+03	1.631440158173598498e-01	1.003507518688342010e-01	3.068949652871015843e-01	1.945195011585673650e-01	9.031889602528918315e-02	4.193489808988005302e-02	1.028369717527917865e-01
2.336643013195502135e+03	1.626275673770582741e-01	9.998718365778420936e-02	3.072277516400480635e-01	1.947467375275448442e-01	9.042106344866249201e-02	4.201023377504468914e-02	1.029794625736813601e-01
2.351156323836467891e+03	1.621200169591496543e-01	9.962965434961233713e-02	3.075549597978867178e-01	1.949699426010056968e-01	9.052157459192548827e-02	4.208437725442324556e-02	1.031194744458207441e-01
2.365669634477433647e+03	1.616212114904846120e-01	9.927806328259378144e-02	3.078766854341754566e-01	1.951891864671881638e-01	9.062045631985476968e-02	4.215734660116793320e-02	1.032570504043591741e-01
2.380182945118399402e+03	1.611310005350169439e-01	9.893231147470908649e-02	3.081930225041982774e-01	1.954045380327631143e-01	9.071773506478955640e-02	4.222915965048382875e-02	1.033922327378630074e-01
2.394696255759364703e+03	1.606492362480206604e-01	9.859230159573331709e-02	3.085040632787781067e-01	1.956160650415315894e-01	9.081343683342420203e-02	4.229983400113709879e-02	1.035250630011988887e-01
2.409209566400331823e+03	1.601757733311195697e-01	9.825793793978107593e-02	3.088098983773113204e-01	1.958238340928704357e-01	9.090758721349991023e-02	4.236938701703749088e-02	1.036555820282040602e-01
2.423722877041296670e+03	1.597104689881140016e-01	9.792912639830064769e-02	3.091106168000464227e-01	1.960279106599287779e-01	9.100021138039750268e-02	4.243783582888960293e-02	1.037838299441469214e-01
2.438236187682262880e+03	1.592531828815899886e-01	9.760577443350994253e-02	3.094063059596279808e-01	1.962283591075758282e-01	9.109133410363219607e-02	4.250519733590785165e-02	1.039098461779800892e-01
2.452749498323228636e+03	1.588037770902960832e-01	9.728779105226757762e-02	3.096970517119258526e-01	1.964252427101031151e-01	9.118097975325188675e-02	4.257148820759040775e-02	1.040336694743888707e-01
2.467262808964194392e+03	1.583621160672737394e-01	9.697508678037221330e-02	3.099829383861703591e-01	1.966186236686824074e-01	9.126917230614008114e-02	4.263672488554744178e-02	1.041553379056374962e-01
2.481776119605160602e+03	1.579280665987271848e-01	9.666757363728330221e-02	3.102640488144115527e-01	1.968085631285813319e-01	9.135593535222476247e-02	4.270092358537935784e-02	1.042748888832162601e-01
2.496289430246126358e+03	1.575014977636192970e-01	9.636516511125689521e-02	3.105404643603215109e-01	1.969951211961387672e-01	9.144129210059438739e-02	4.276410029860090029e-02	1.043923591692919040e-01
2.510802740887092114e+03	1.570822808939797144e-01	9.606777613488978740e-02	3.108122649473582522e-01	1.971783569555020377e-01	9.152526538552244184e-02	4.282627079460710195e-02	1.045077848879643473e-01
2.525316051528057415e+03	1.566702895359123882e-01	9.577532306106550930e-02	3.110795290863067053e-01	1.973583284851278818e-01	9.160787767240148594e-02	4.288745062267749347e-02	1.046212015363322534e-01
2.539829362169024080e+03	1.562653994112894185e-01	9.548772363929604323e-02	3.113423339022155512e-01	1.975350928740494116e-01	9.168915106358799250e-02	4.294765511401487518e-02	1.047326439953704252e-01
2.554342672809989381e+03	1.558674883801191013e-01	9.520489699245276993e-02	3.116007551607446469e-01	1.977087062379108140e-01	9.176910730415933914e-02	4.300689938381543898e-02	1.048421465406215863e-01
2.568855983450955591e+03	1.554764364035749746e-01	9.492676359388063645e-02	3.118548672939393529e-01	1.978792237347723748e-01	9.184776778758380056e-02	4.306519833336690251e-02	1.049497428527055992e-01
2.583369294091921347e+03	1.550921255076745664e-01	9.465324524488938351e-02	3.121047434254464181e-01	1.980466995806879071e-01	9.192515356130495641e-02	4.312256665217172741e-02	1.050554660276486613e-01
2.597882604732887103e+03	1.547144397475954669e-01	9.438426505261579558e-02	3.123504553951865770e-01	1.982111870650562491e-01	9.200128533224161131e-02	4.317901882009254205e-02	1.051593485870352951e-01
2.612395915373853313e+03	1.543432651726175941e-01	9.411974740825121422e-02	3.125920737834976260e-01	1.983727385657498565e-01	9.207618347220423993e-02	4.323456910951697929e-02	1.052614224879860061e-01
2.626909226014819069e+03	1.539784897916794681e-01	9.385961796562827808e-02	3.128296679347620790e-01	1.985314055640218511e-01	9.214986802322921999e-02	4.328923158753943123e-02	1.053617191329632025e-01
2.641422536655784825e+03	1.536200035395382801e-01	9.360380362016136602e-02	3.130633059805321139e-01	1.986872386591946316e-01	9.222235870283188031e-02	4.334302011815725775e-02	1.054602693794080559e-01
2.655935847296750580e+03	1.532676982435219881e-01	9.335223248813485919e-02	3.132930548621651878e-01	1.988402875831315753e-01	9.229367490917961270e-02	4.339594836447910331e-02	1.055571035492112453e-01
2.670449157937716336e+03	1.529214675908632526e-01	9.310483388633390700e-02	3.135189803529829233e-01	1.989906012144944947e-01	9.236383572618586668e-02	4.344802979094316425e-02	1.056522514380199007e-01
2.684962468578682547e+03	1.525812070966043599e-01	9.286153831201188202e-02	3.137411470799646440e-01	1.991382275927890411e-01	9.243285992852635913e-02	4.349927766554336633e-02	1.057457423243837874e-01
2.699475779219648302e+03	1.522468140720630303e-01	9.262227742318947243e-02	3.139596185449877730e-01	1.992832139322003038e-01	9.250076598657847038e-02	4.354970506206141262e-02	1.058376049787429912e-01
2.713989089860614058e+03	1.519181875938487858e-01	9.238698401927969428e-02	3.141744571456262514e-01	1.994256066352209922e-01	9.256757207128483989e-02	4.359932486230296000e-02	1.059278676722599788e-01
2.728502400501579814e+03	1.515952284734201072e-01	9.215559202203395250e-02	3.143857241955183013e-01	1.995654513060743929e-01	9.263329605894224383e-02	4.364814975833609945e-02	1.060165581854984190e-01
2.743015711142545115e+03	1.512778392271725836e-01	9.192803645680364122e-02	3.145934799443137475e-01	1.997027927639346001e-01	9.269795553591687887e-02	4.369619225473052315e-02	1.061037038169514585e-01
2.757529021783511780e+03	1.509659240470486719e-01	9.170425343411243990e-02	3.147977835972115002e-01	1.998376750559462400e-01	9.276156780328696783e-02	4.374346467079582440e-02	1.061893313914218234e-01
2.772042332424477081e+03	1.506593887716592972e-01	9.148418013153405970e-02	3.149986933340969131e-01	1.999701414700457980e-01	9.282414988141360346e-02	4.378997914281746590e-02	1.062734672682563303e-01
2.786555643065443292e+03	1.503581408579086898e-01	9.126775477587070751e-02	3.151962663282891763e-01	2.001002345475874356e-01	9.288571851444116234e-02	4.383574762628906357e-02	1.063561373494371909e-01
2.801068953706408593e+03	1.500620893531129096e-01	9.105491662562724409e-02	3.153905587649082354e-01	2.002279960957749350e-01	9.294629017472791355e-02	4.388078189813966051e-02	1.064373670875326111e-01
2.815582264347374803e+03	1.497711448676034840e-01	9.084560595377627612e-02	3.155816258588693413e-01	2.003534671999027128e-01	9.300588106720800163e-02	4.392509355895472117e-02	1.065171814935089584e-01
2.830095574988341014e+03	1.494852195478077461e-01	9.063976403080946376e-02	3.157695218725158348e-01	2.004766882354078461e-01	9.306450713368583094e-02	4.396869403518983282e-02	1.065956051444069408e-01
2.844608885629306769e+03	1.492042270497965784e-01	9.043733310807043624e-02	3.159543001328973255e-01	2.005976988797355531e-01	9.312218405706357283e-02	4.401159458137591379e-02	1.066726621908840739e-01
2.859122196270272525e+03	1.489280825132923980e-01	9.023825640136468040e-02	3.161360130487022024e-01	2.007165381240204882e-01	9.317892726550301707e-02	4.405380628231501255e-02	1.067483763646257244e-01
2.873635506911238281e+03	1.486567025361279493e-01	9.004247807484179467e-02	3.163147121268525819e-01	2.008332442845859322e-01	9.323475193652251691e-02	4.409534005526564299e-02	1.068227709856270496e-01
2.888148817552204036e+03	1.483900051491489347e-01	8.984994322514590348e-02	3.164904479887700739e-01	2.009478550142637931e-01	9.328967300103002680e-02	4.413620665211689942e-02	1.068958689693478986e-01
2.902662128193170247e+03	1.481279097915517984e-01	8.966059786582966651e-02	3.166632703863186959e-01	2.010604073135367209e-01	9.334370514729317669e-02	4.417641666155044944e-02	1.069676928337430916e-01
2.917175438834136003e+03	1.478703372866494725e-01	8.947438891202759426e-02	3.168332282174339265e-01	2.011709375415057510e-01	9.339686282484722935e-02	4.421598051118966199e-02	1.070382647061699916e-01
2.931688749475101758e+03	1.476172098180573711e-01	8.929126416538452071e-02	3.170003695414443379e-01	2.012794814266847809e-01	9.344916024834185042e-02	4.425490846973507975e-02	1.071076063301756309e-01
2.946202060116067514e+03	1.473684509062919146e-01	8.911117229923495864e-02	3.171647415940929693e-01	2.013860740776247937e-01	9.350061140132766291e-02	4.429321064908573607e-02	1.071757390721654879e-01
2.960715370757033725e+03	1.471239853857747859e-01	8.893406284402931294e-02	3.173263908022649904e-01	2.014907499933698276e-01	9.355123003998318254e-02	4.433089700644551184e-02	1.072426839279558841e-01
2.975228681397999480e+03	1.468837393822351178e-01	8.875988617300283046e-02	3.174853627984290938e-01	2.015935430737469392e-01	9.360102969678343876e-02	4.436797734641403923e-02	1.073084615292120431e-01
2.989741992038964781e+03	1.466476402905032284e-01	8.858859348808334477e-02	3.176417024347982232e-01	2.016944866294923810e-01	9.365002368411072531e-02	4.440446132306168081e-02	1.073730921497739604e-01
3.004255302679930992e+03	1.464156167526884655e-01	8.842013680603388881e-02	3.177954537972164650e-01	2.017936133922163811e-01	9.369822509780854902e-02	4.444035844198797325e-02	1.074365957118717380e-01
3.018768613320896748e+03	1.461875986367349722e-01	8.825446894482634475e-02	3.179466602187782653e-01	2.018909555242085763e-01	9.374564682067958177e-02	4.447567806236316784e-02	1.074989917922325039e-01
3.033281923961862958e+03	1.459635170153477379e-01	8.809154351024227336e-02	3.180953642931853564e-01	2.019865446280862398e-01	9.379230152592843428e-02	4.451042939895241690e-02	1.075602996280808910e-01
3.047795234602828714e+03	1.457433041452836919e-01	8.793131488269717577e-02	3.182416078878479437e-01	2.020804117562875479e-01	9.383820168054995969e-02	4.454462152412225207e-02	1.076205381230347924e-01
3.062308545243794470e+03	1.455268934470002884e-01	8.777373820428470419e-02	3.183854321567347601e-01	2.021725874204122753e-01	9.388335954866415534e-02	4.457826336982900067e-02	1.076797258528981310e-01
3.076821855884760225e+03	1.453142194846561153e-01	8.761876936603683885e-02	3.185268775529791485e-01	2.022631016004115267e-01	9.392778719479809302e-02	4.461136372958878632e-02	1.077378810713527230e-01
3.091335166525725526e+03	1.451052179464566994e-01	8.746636499539681142e-02	3.186659838412446710e-01	2.023519837536292554e-01	9.397149648711605741e-02	4.464393126042892623e-02	1.077950217155507623e-01
3.105848477166692192e+03	1.448998256253399841e-01	8.731648244390108338e-02	3.188027901098565708e-01	2.024392628236970915e-01	9.401449910059832271e-02	4.467597448482035771e-02	1.078511654116098284e-01
3.120361787807657493e+03	1.446979803999950687e-01	8.716907977506706262e-02	3.189373347827035854e-01	2.025249672492850095e-01	9.405680652016960852e-02	4.470750179259092710e-02	1.079063294800119421e-01
3.134875098448624158e+03	1.444996212162088789e-01	8.702411575248285291e-02	3.190696556309159937e-01	2.026091249727097199e-01	9.409843004377779763e-02	4.473852144281938170e-02	1.079605309409086139e-01
3.149388409089589004e+03	1.443046880685344702e-01	8.688154982809623283e-02	3.191997897843231180e-01	2.026917634484027841e-01	9.413938078542365140e-02	4.476904156570976623e-02	1.080137865193332297e-01
3.163901719730555214e+03	1.441131219822756326e-01	8.674134213069897847e-02	3.193277737426965524e-01	2.027729096512407292e-01	9.417966967814248025e-02	4.479907016444618223e-02	1.080661126503226210e-01
3.178415030371521425e+03	1.439248649957825532e-01	8.660345345460374045e-02	3.194536433867827818e-01	2.028525900847388541e-01	9.421930747693815777e-02	4.482861511702773694e-02	1.081175254839493866e-01
3.192928341012487181e+03	1.437398601430522338e-01	8.646784524851003351e-02	3.195774339891295224e-01	2.029308307891107832e-01	9.425830476167058880e-02	4.485768417808354974e-02	1.081680408902663953e-01
3.207441651653452936e+03	1.435580514366293359e-01	8.633447960455641057e-02	3.196991802247111658e-01	2.030076573491962355e-01	9.429667193989695051e-02	4.488628498066777467e-02	1.082176744641652200e-01
3.221954962294418237e+03	1.433793838508015950e-01	8.620331924755549047e-02	3.198189161813559389e-01	2.030830949022580934e-01	9.433441924966767811e-02	4.491442503803452779e-02	1.082664415301497762e-01
3.236468272935384903e+03	1.432038033050847259e-01	8.607432752440906387e-02	3.199366753699804944e-01	2.031571681456514344e-01	9.437155676227780565e-02	4.494211174539264331e-02	1.083143571470268629e-01
3.250981583576350204e+03	1.430312566479920999e-01	8.594746839370011326e-02	3.200524907346348757e-01	2.032299013443663316e-01	9.440809438497432815e-02	4.496935238164030679e-02	1.083614361125149333e-01
3.265494894217316414e+03	1.428616916410837545e-01	8.582270641545880485e-02	3.201663946623624080e-01	2.033013183384456968e-01	9.444404186362018172e-02	4.499615411107944080e-02	1.084076929677726259e-01
3.280008204858282170e+03	1.426950569432903493e-01	8.570000674109980177e-02	3.202784189928776781e-01	2.033714425502810008e-01	9.447940878531572995e-02	4.502252398510991210e-02	1.084531420018484266e-01
3.294521515499247926e+03	1.425313020955068233e-01	8.557933510352774831e-02	3.203885950280669359e-01	2.034402969917870063e-01	9.451420458097815891e-02	4.504846894390351214e-02	1.084977972560527137e-01
3.309034826140214136e+03	1.423703775054513954e-01	8.546065780740826068e-02	3.204969535413144666e-01	2.035079042714575126e-01	9.454843852787964131e-02	4.507399581805777294e-02	1.085416725282538075e-01
