4.208860085880095880e+02	4.263503805791385437e-01	2.749453685117438373e-01	1.305215885519129260e-01	7.826514202649433039e-02	4.239681643532996341e-02	1.476973186117525212e-02	3.275097203403284224e-02
4.353993192289755143e+02	4.212453888042017036e-01	2.716917030024337265e-01	1.342442933728069110e-01	8.050106872159790150e-02	4.335122337346581506e-02	1.504765496292840600e-02	3.391866776239324532e-02
4.499126298699413837e+02	4.162313694140357123e-01	2.684913724507488331e-01	1.378867724090065416e-01	8.269543537514692511e-02	4.428172114533371340e-02	1.533303573134654763e-02	3.508029347420944105e-02
4.644259405109071963e+02	4.113065900053151647e-01	2.653435230493924046e-01	1.414509370555815937e-01	8.484935119589623320e-02	4.518959777580337095e-02	1.562505946327084894e-02	3.623494145456807730e-02
4.789392511518730657e+02	4.064693575018984983e-01	2.622473142115998579e-01	1.449386703991073777e-01	8.696387007906175581e-02	4.607602540313422007e-02	1.592297313602429251e-02	3.738178926900165289e-02
4.934525617928388783e+02	4.017180168752728653e-01	2.592019183447966668e-01	1.483518239912849646e-01	8.903999445101903887e-02	4.694207222157920079e-02	1.622608037934437572e-02	3.852009373653066809e-02
5.079658724338048046e+02	3.970509499303140344e-01	2.562065206327562294e-01	1.516922152593953299e-01	9.107867883274485543e-02	4.778871315542217169e-02	1.653373690683310540e-02	3.964918528236206774e-02
5.224791830747705035e+02	3.924665741517385786e-01	2.532603188255012627e-01	1.549616254687423145e-01	9.308083314212961534e-02	4.861683940075906679e-02	1.684534636140385191e-02	4.076846264955311799e-02
5.369924937157364866e+02	3.879633416070139007e-01	2.503625230362687137e-01	1.581617981624324765e-01	9.504732575389714111e-02	4.942726695658168634e-02	1.716035653392544019e-02	4.187738794970841810e-02
5.515058043567023560e+02	3.835397379018480324e-01	2.475123555449311175e-01	1.612944380128602251e-01	9.697898633456852879e-02	5.022074425357546390e-02	1.747825591848297874e-02	4.297548203356148233e-02
5.660191149976681118e+02	3.791942811847009431e-01	2.447090506073290317e-01	1.643612100272433263e-01	9.887660846869364417e-02	5.099795897732504329e-02	1.779857057144610538e-02	4.406232016308973126e-02
5.805324256386339812e+02	3.749255211970525803e-01	2.419518542700275499e-01	1.673637390566066196e-01	1.007409520914421264e-01	5.175954417217663861e-02	1.812086124490725272e-02	4.513752796761507508e-02
5.950457362795999643e+02	3.707320383664264862e-01	2.392400241900596580e-01	1.703036095638453817e-01	1.025727457415888666e-01	5.250608370269603531e-02	1.844472076806757954e-02	4.620077766714381085e-02
6.095590469205657200e+02	3.666124429394110873e-01	2.365728294592653880e-01	1.731823656120063670e-01	1.043726886479447863e-01	5.323811714136163914e-02	1.876977165284523380e-02	4.725178454699337227e-02
6.240723575615315895e+02	3.625653741521377982e-01	2.339495504328768238e-01	1.760015110387874171e-01	1.061414526613644604e-01	5.395614414373321038e-02	1.909566390239337760e-02	4.829030366853480361e-02
6.385856682024975726e+02	3.585894994358784227e-01	2.313694785620355188e-01	1.787625097875477354e-01	1.078796840436066357e-01	5.466062836574033662e-02	1.942207300337445153e-02	4.931612680164482176e-02
6.530989788434633283e+02	3.546835136556021340e-01	2.288319162299621845e-01	1.814667863689079785e-01	1.095880051235254976e-01	5.535200097185367235e-02	1.974869808476983901e-02	5.032907956520663723e-02
6.676122894844290840e+02	3.508461383795031252e-01	2.263361765915271329e-01	1.841157264303564245e-01	1.112670158303274981e-01	5.603066377765746064e-02	2.007526022773430119e-02	5.132901876272196601e-02
6.821256001253949535e+02	3.470761211776577371e-01	2.238815834159976759e-01	1.867106774142204273e-01	1.129172951129358421e-01	5.669699206566587713e-02	2.040150091255421225e-02	5.231582990079620965e-02
6.966389107663608229e+02	3.433722349481102554e-01	2.214674709327613400e-01	1.892529492869510221e-01	1.145394022538602091e-01	5.735133710905530868e-02	2.072718059015676503e-02	5.328942487893309488e-02
7.111522214073266923e+02	3.397332772688136382e-01	2.190931836798452326e-01	1.917438153249501898e-01	1.161338780853690689e-01	5.799402843426539750e-02	2.105207736686125902e-02	5.424973983972318503e-02
7.256655320482924481e+02	3.361580697739651735e-01	2.167580763550713552e-01	1.941845129441727991e-01	1.177012461152028983e-01	5.862537585010476476e-02	2.137598579217861103e-02	5.519673316913233097e-02
7.401788426892584312e+02	3.326454575533843161e-01	2.144615136697038682e-01	1.965762445624990584e-01	1.192420135685467869e-01	5.924567126803799433e-02	2.169871574046511320e-02	5.613038363719076440e-02
7.546921533302243006e+02	3.291943085736777075e-01	2.122028702044599646e-01	1.989201784854173205e-01	1.207566723524970548e-01	5.985519033569123432e-02	2.202009137813320042e-02	5.705068866995142984e-02
7.692054639711900563e+02	3.258035131200228696e-01	2.099815302677698614e-01	2.012174498069158046e-01	1.222456999488064910e-01	6.045419390325882519e-02	2.233995020892681413e-02	5.795766274412718355e-02
7.837187746121558121e+02	3.224719832574867717e-01	2.077968877561829908e-01	2.034691613186690173e-01	1.237095602402739636e-01	6.104292934039234203e-02	2.265814219049124348e-02	5.885133589633144424e-02
7.982320852531219089e+02	3.191986523108678586e-01	2.056483460168284649e-01	2.056763844216453196e-01	1.251487042757552237e-01	6.162163171927884098e-02	2.297452891611601739e-02	5.973175233933601669e-02
8.127453958940876646e+02	3.159824743621200693e-01	2.035353177118480184e-01	2.078401600351721112e-01	1.265635709784095619e-01	6.219052487794201473e-02	2.328898285611217395e-02	6.059896917822372303e-02
8.272587065350534203e+02	3.128224237644814387e-01	2.014572246847278203e-01	2.099614994992884676e-01	1.279545878014606564e-01	6.274982237630705173e-02	2.360138665380896381e-02	6.145305521975324980e-02
8.417720171760191761e+02	3.097174946724863265e-01	1.994134978284633208e-01	2.120413854669080111e-01	1.293221713354374969e-01	6.329972835623720595e-02	2.391163247162590710e-02	6.229408986866940418e-02
8.562853278169851592e+02	3.066667005870958307e-01	1.974035769554982056e-01	2.140807727829172613e-01	1.306667278705704593e-01	6.384043831556072968e-02	2.421962138309982984e-02	6.312216210508536651e-02
8.707986384579510286e+02	3.036690739152294594e-01	1.954269106693850566e-01	2.160805893478583151e-01	1.319886539177478335e-01	6.437213980504466471e-02	2.452526280712759299e-02	6.393736953743471563e-02
8.853119490989170117e+02	3.007236655430270411e-01	1.934829562381199242e-01	2.180417369642990433e-01	1.332883366911878364e-01	6.489501305632384975e-02	2.482847398102867170e-02	6.473981752584136162e-02
8.998252597398827675e+02	2.978295444222119337e-01	1.915711794691083714e-01	2.199650921643867552e-01	1.345661545557472472e-01	6.540923154794690830e-02	2.512917946934088015e-02	6.552961837108564613e-02
9.143385703808486369e+02	2.949857971689663350e-01	1.896910545857250219e-01	2.218515070174210679e-01	1.358224774415732472e-01	6.591496251594486377e-02	2.542731070554132833e-02	6.630689056465584319e-02
9.288518810218145063e+02	2.921915276747644730e-01	1.878420641054318330e-01	2.237018099165735685e-01	1.370576672286024367e-01	6.641236741465252058e-02	2.572280556413615235e-02	6.707175809566676139e-02
9.433651916627801484e+02	2.894458567286429806e-01	1.860236987194243130e-01	2.255168063441322646e-01	1.382720781032268087e-01	6.690160233290966263e-02	2.601560796078933660e-02	6.782434981070246949e-02
9.578785023037459041e+02	2.867479216504202344e-01	1.842354571737772062e-01	2.272972796148641783e-01	1.394660568892714114e-01	6.738281837023019083e-02	2.630566747836590724e-02	6.856479882289874539e-02
9.723918129447120009e+02	2.840968759344029149e-01	1.824768461520645257e-01	2.290439915972715401e-01	1.406399433552699696e-01	6.785616197704563701e-02	2.659293901694977785e-02	6.929324196682348780e-02
9.869051235856777566e+02	2.814918889031463589e-01	1.807473801594305374e-01	2.307576834126719434e-01	1.417940704998744139e-01	6.832177526269921086e-02	2.687738246606389755e-02	7.000981929594150832e-02
1.001418434226643626e+03	2.789321453708589749e-01	1.790465814080903217e-01	2.324390761121640225e-01	1.429287648170971814e-01	6.877979627448201072e-02	2.715896239747171009e-02	7.071467361966363163e-02
1.015931744867609382e+03	2.764168453160649186e-01	1.773739797042408750e-01	2.340888713316493230e-01	1.440443465429566416e-01	6.923035925065906815e-02	2.743764777707603103e-02	7.140795007718096776e-02
1.030445055508575479e+03	2.739452035631598226e-01	1.757291123363646790e-01	2.357077519251723485e-01	1.451411298849773213e-01	6.967359485012573905e-02	2.771341169455550715e-02	7.208979574547240421e-02
1.044958366149541234e+03	2.715164494725144650e-01	1.741115239649091706e-01	2.372963825769160706e-01	1.462194232358867974e-01	7.010963036105978541e-02	2.798623110949147522e-02	7.276035927905008527e-02
1.059471676790506763e+03	2.691298266388002514e-01	1.725207665133269008e-01	2.388554103922508332e-01	1.472795293727489907e-01	7.053858989068916008e-02	2.825608661284010475e-02	7.341979057917157048e-02
1.073984987431472746e+03	2.667845925972277543e-01	1.709563990604620332e-01	2.403854654682845982e-01	1.483217456426784986e-01	7.096059453807525286e-02	2.852296220269739599e-02	7.406824049040228175e-02
1.088498298072438729e+03	2.644800185374043822e-01	1.694179877342694984e-01	2.418871614444001727e-01	1.493463641361944816e-01	7.137576255161477701e-02	2.878684507338895998e-02	7.470586052255553944e-02
1.103011608713404712e+03	2.622153890245345065e-01	1.679051056068544268e-01	2.433610960332961426e-01	1.503536718491893520e-01	7.178420947278778275e-02	2.904772541699298175e-02	7.533280259617268493e-02
1.117524919354370468e+03	2.599900017276975395e-01	1.664173325908194778e-01	2.448078515330690819e-01	1.513439508344143758e-01	7.218604826752132719e-02	2.930559623647461046e-02	7.594921880983147855e-02
1.132038229995336451e+03	2.578031671549542714e-01	1.649542553369087450e-01	2.462279953208910965e-01	1.523174783433133006e-01	7.258138944639767887e-02	2.956045316967351178e-02	7.655526122768929742e-02
1.146551540636302207e+03	2.556542083950424371e-01	1.635154671329370202e-01	2.476220803288459449e-01	1.532745269589713688e-01	7.297034117480984128e-02	2.981229432344414607e-02	7.715108168577722303e-02
1.161064851277267962e+03	2.535424608654356371e-01	1.621005678039936504e-01	2.489906455024925580e-01	1.542153647208870382e-01	7.335300937405365984e-02	3.006112011730132511e-02	7.773683161566409539e-02
1.175578161918233945e+03	2.514672720665503403e-01	1.607091636139107438e-01	2.503342162427252271e-01	1.551402552422189718e-01	7.372949781424531501e-02	3.030693313597173852e-02	7.831266188420563101e-02
1.190091472559199701e+03	2.494280013418942732e-01	1.593408671679854838e-01	2.516533048314981702e-01	1.560494578201091220e-01	7.409990819986166100e-02	3.054973799029628984e-02	7.887872264818300561e-02
1.204604783200165684e+03	2.474240196439619621e-01	1.579952973169465036e-01	2.529484108419760013e-01	1.569432275396359933e-01	7.446434024862005896e-02	3.078954118596846992e-02	7.943516322271908237e-02
1.219118093841131440e+03	2.454547093056891338e-01	1.566720790621545789e-01	2.542200215336650193e-01	1.578218153719084527e-01	7.482289176434152311e-02	3.102635099963093127e-02	7.998213196243846024e-02
1.233631404482097196e+03	2.435194638172889503e-01	1.553708434620282297e-01	2.554686122330698805e-01	1.586854682667694083e-01	7.517565870437555031e-02	3.126017736188631962e-02	8.051977615440975011e-02
1.248144715123063179e+03	2.416176876082987146e-01	1.540912275396838782e-01	2.566946467004098120e-01	1.595344292405422582e-01	7.552273524210685596e-02	3.149103174680955436e-02	8.104824192197701560e-02
1.262658025764028707e+03	2.397487958346746495e-01	1.528328741917819589e-01	2.578985774829156141e-01	1.603689374592177086e-01	7.586421382501137844e-02	3.171892706757718089e-02	8.156767413864962624e-02
1.277171336404994690e+03	2.379122141707789850e-01	1.515954320985686832e-01	2.590808462552163238e-01	1.611892283174467255e-01	7.620018522868221567e-02	3.194387757785582121e-02	8.207821635127941773e-02
1.291684647045960673e+03	2.361073786061102242e-01	1.503785556351043273e-01	2.602418841473089772e-01	1.619955335136765429e-01	7.653073860720387145e-02	3.216589877861582986e-02	8.258001071180839925e-02
1.306197957686926657e+03	2.343337352466339785e-01	1.491819047836683287e-01	2.613821120605920867e-01	1.627880811217384815e-01	7.685596154021519244e-02	3.238500733005846705e-02	8.307319791692152622e-02
1.320711268327892412e+03	2.325907401205772329e-01	1.480051450473319485e-01	2.625019409724271835e-01	1.635670956591720460e-01	7.717594007696751413e-02	3.260122096836549910e-02	8.355791715498664396e-02
1.335224578968857941e+03	2.308778589885550903e-01	1.468479473646883693e-01	2.636017722296777888e-01	1.643327981525457560e-01	7.749075877765400355e-02	3.281455842699902009e-02	8.403430605970810263e-02
1.349737889609823924e+03	2.291945671579044830e-01	1.457099880257310409e-01	2.646819978316610755e-01	1.650854062000145783e-01	7.780050075225866668e-02	3.302503936229683051e-02	8.450250066996151110e-02
1.364251200250789907e+03	2.275403493011034506e-01	1.445909485888706159e-01	2.657430007029308316e-01	1.658251340313333655e-01	7.810524769714925764e-02	3.323268428312475820e-02	8.496263539531587194e-02
1.378764510891755890e+03	2.259146992781605467e-01	1.434905157990803148e-01	2.667851549562965108e-01	1.665521925655280011e-01	7.840507992961553985e-02	3.343751448436239893e-02	8.541484298678483911e-02
1.393277821532721646e+03	2.243171199628626045e-01	1.424083815071601755e-01	2.678088261464667830e-01	1.672667894664086607e-01	7.870007642053518382e-02	3.363955198401268054e-02	8.585925451238213268e-02
1.407791132173687402e+03	2.227471230727736951e-01	1.413442425901103860e-01	2.688143715146930068e-01	1.679691291960945243e-01	7.899031482533132309e-02	3.383881946373818589e-02	8.629599933708712034e-02
1.422304442814653157e+03	2.212042290028824743e-01	1.402978008726036563e-01	2.698021402247722800e-01	1.686594130667050939e-01	7.927587151336988602e-02	3.403534021263959763e-02	8.672520510685527428e-02
1.436817753455619140e+03	2.196879666627983840e-01	1.392687630495465234e-01	2.707724735907562907e-01	1.693378392903594487e-01	7.955682159593017999e-02	3.422913807410226522e-02	8.714699773633516333e-02
1.451331064096585123e+03	2.181978733174013696e-01	1.382568406097198221e-01	2.717257052966984276e-01	1.700046030276134990e-01	7.983323895286953409e-02	3.442023739554752465e-02	8.756150139997811999e-02
1.465844374737550879e+03	2.167334944308530742e-01	1.372617497604877168e-01	2.726621616087577804e-01	1.706598964344535896e-01	8.010519625809089939e-02	3.460866298093481785e-02	8.796883852625045352e-02
1.480357685378516862e+03	2.152943835138806938e-01	1.362832113535654976e-01	2.735821615799667317e-01	1.713039087079550327e-01	8.037276500391175860e-02	3.479444004586972061e-02	8.836912979467886897e-02
1.494870996019482618e+03	2.138801019742482268e-01	1.353209508118358717e-01	2.744860172479549054e-01	1.719368261307041845e-01	8.063601552442348219e-02	3.497759417518121056e-02	8.876249413548045752e-02
1.509384306660448374e+03	2.124902189703322397e-01	1.343746980572030902e-01	2.753740338259113019e-01	1.725588321140745507e-01	8.089501701792124744e-02	3.515815128283945878e-02	8.914904873154654019e-02
1.523897617301414357e+03	2.111243112677228806e-01	1.334441874394749206e-01	2.762465098870539593e-01	1.731701072404390751e-01	8.114983756847771179e-02	3.533613757409253403e-02	8.952890902256731287e-02
1.538410927942380113e+03	2.097819630987731720e-01	1.325291576662618043e-01	2.771037375428662131e-01	1.737708293043938312e-01	8.140054416672587445e-02	3.551157950970728477e-02	8.990218871110029764e-02
1.552924238583346096e+03	2.084627660250219505e-01	1.316293517338830155e-01	2.779460026153453556e-01	1.743611733530612273e-01	8.164720272991093930e-02	3.568450377220606928e-02	9.026899977039992695e-02
1.567437549224311852e+03	2.071663188024193969e-01	1.307445168592689944e-01	2.787735848035031161e-01	1.749413117255347316e-01	8.188987812126508059e-02	3.585493723399683225e-02	9.062945245384031179e-02
1.581950859865277607e+03	2.058922272492850758e-01	1.298744044128495589e-01	2.795867578443426149e-01	1.755114140915222387e-01	8.212863416875411382e-02	3.602290692729977900e-02	9.098365530577511018e-02
1.596464170506243590e+03	2.046401041169319257e-01	1.290187698524173920e-01	2.803857896685299500e-01	1.760716474892388694e-01	8.236353368324024482e-02	3.618844001577897068e-02	9.133171517369120807e-02
1.610977481147209119e+03	2.034095689628909187e-01	1.281773726579561457e-01	2.811709425509689719e-01	1.766221763625960284e-01	8.259463847610118425e-02	3.635156376779218046e-02	9.167373722152317994e-02
1.625490791788175102e+03	2.022002480266736624e-01	1.273499762674227542e-01	2.819424732564776437e-01	1.771631625977289626e-01	8.282200937634229265e-02	3.651230553117695149e-02	9.200982494400636313e-02
1.640004102429141085e+03	2.010117741080124087e-01	1.265363480134730489e-01	2.827006331807565553e-01	1.776947655589013741e-01	8.304570624723450756e-02	3.667069270949509935e-02	9.234008018195563605e-02
1.654517413070107068e+03	1.998437864475179904e-01	1.257362590611203479e-01	2.834456684868321696e-01	1.782171421238217257e-01	8.326578800250861168e-02	3.682675273966199564e-02	9.266460313836583085e-02
1.669030723711072824e+03	1.986959306096992561e-01	1.249494843463162391e-01	2.841778202371493811e-01	1.787304467184023249e-01	8.348231262213282045e-02	3.698051307089084139e-02	9.298349239523782950e-02
1.683544034352038352e+03	1.975678583682879685e-01	1.241758025154429679e-01	2.848973245214806993e-01	1.792348313509902757e-01	8.369533716769882170e-02	3.713200114488575398e-02	9.329684493104219156e-02
1.698057344993004335e+03	1.964592275938162880e-01	1.234149958657067975e-01	2.856044125808116507e-01	1.797304456460952771e-01	8.390491779743874945e-02	3.728124437722078743e-02	9.360475613873914247e-02
1.712570655633970318e+03	1.953697021433941361e-01	1.226668502864216997e-01	2.862993109273554992e-01	1.802174368776379154e-01	8.411110978089399171e-02	3.742827013984539181e-02	9.390731984427999612e-02
1.727083966274936301e+03	1.942989517526365062e-01	1.219311552011729666e-01	2.869822414608444450e-01	1.806959500017391584e-01	8.431396751325431760e-02	3.757310574465977382e-02	9.420462832552153887e-02
1.741597276915902057e+03	1.932466519296912599e-01	1.212077035108498763e-01	2.876534215812363571e-01	1.811661276890697281e-01	8.451354452938476813e-02	3.771577842810636128e-02	9.449677233149034183e-02
1.756110587556867813e+03	1.922124838513201983e-01	1.204962915375371035e-01	2.883130642979735425e-01	1.816281103567766175e-01	8.470989351755583985e-02	3.785631533672656479e-02	9.478384110193885381e-02
1.770623898197833569e+03	1.911961342609873882e-01	1.197967189692542983e-01	2.889613783359191723e-01	1.820820362000015458e-01	8.490306633289131100e-02	3.799474351363425068e-02	9.506592238714077492e-02
1.785137208838799552e+03	1.901972953689090862e-01	1.191087888055332861e-01	2.895985682380976534e-01	1.825280412230054217e-01	8.509311401054683865e-02	3.813108988585999642e-02	9.534310246787645882e-02
1.799650519479765535e+03	1.892156647540229053e-01	1.184323073038224261e-01	2.902248344653543533e-01	1.829662592699109747e-01	8.528008677863134490e-02	3.826538125252238604e-02	9.561546617556436478e-02
1.814163830120731291e+03	1.882509452678325368e-01	1.177670839267078579e-01	2.908403734930494755e-01	1.833968220550742934e-01	8.546403407088211390e-02	3.839764427378480199e-02	9.588309691249762012e-02
1.828677140761696819e+03	1.873028449400881423e-01	1.171129312899411440e-01	2.914453779048931659e-01	1.838198591930956804e-01	8.564500453910378619e-02	3.852790546055812060e-02	9.614607667214868092e-02
1.843190451402663257e+03	1.863710768862612277e-01	1.164696651112629988e-01	2.920400364840260443e-01	1.842354982284780118e-01	8.582304606538046499e-02	3.865619116491186141e-02	9.640448605950813210e-02
1.857703762043628785e+03	1.854553592167760279e-01	1.158371041600128881e-01	2.926245343014443612e-01	1.846438646649412041e-01	8.599820577406951105e-02	3.878252757115790289e-02	9.665840431142688760e-02
1.872217072684594768e+03	1.845554149479588513e-01	1.152150702075142585e-01	2.931990528018651454e-01	1.850450819943992020e-01	8.617053004358495027e-02	3.890694068757286767e-02	9.690790931693352150e-02
1.886730383325560297e+03	1.836709719146687458e-01	1.146033879782252241e-01	2.937637698871225500e-01	1.854392717256064804e-01	8.634006451797744675e-02	3.902945633872680758e-02	9.715307763750148651e-02
1.901243693966526507e+03	1.828017626845737098e-01	1.140018851016446899e-01	2.943188599971828801e-01	1.858265534124791118e-01	8.650685411831800231e-02	3.915010015838737284e-02	9.739398452724296051e-02
1.915757004607492036e+03	1.819475244740372810e-01	1.134103920649637554e-01	2.948644941888617921e-01	1.862070446820960901e-01	8.667094305389129449e-02	3.926889758297019695e-02	9.763070395300837978e-02
1.930270315248458019e+03	1.811079990655817262e-01	1.128287421664525142e-01	2.954008402123246557e-01	1.865808612623848783e-01	8.683237483320438432e-02	3.938587384550765180e-02	9.786330861437296524e-02
1.944783625889424002e+03	1.802829327268944681e-01	1.122567714695723862e-01	2.959280625854476265e-01	1.869481170094957623e-01	8.699119227481624805e-02	3.950105397010930663e-02	9.809186996349304744e-02
1.959296936530389530e+03	1.794720761313455537e-01	1.116943187578040425e-01	2.964463226661117612e-01	1.873089239348683932e-01	8.714743751799308713e-02	3.961446276688904145e-02	9.831645822481703545e-02
1.973810247171355968e+03	1.786751842799849110e-01	1.111412254901812946e-01	2.969557787225032275e-01	1.876633922319938252e-01	8.730115203319399608e-02	3.972612482733447331e-02	9.853714241463723544e-02
1.988323557812321269e+03	1.778920164249881974e-01	1.105973357575211202e-01	2.974565860014863339e-01	1.880116303028754876e-01	8.745237663239123493e-02	3.983606452009605392e-02	9.875399036047054213e-02
2.002836868453287707e+03	1.771223359945220122e-01	1.100624962393404599e-01	2.979488967951155476e-01	1.883537447841908963e-01	8.760115147922944989e-02	3.994430598717382819e-02	9.896706872025684554e-02
2.017350179094252780e+03	1.763659105189986642e-01	1.095365561614499161e-01	2.984328605053486738e-01	1.886898405731576300e-01	8.774751609902720073e-02	4.005087314048121072e-02	9.917644300136578550e-02
2.031863489735218764e+03	1.756225115586927399e-01	1.090193672542152381e-01	2.989086237070223695e-01	1.890200208531049864e-01	8.789150938862463902e-02	4.015578965876590717e-02	9.938217757940319419e-02
2.046376800376184747e+03	1.748919146326910756e-01	1.085107837114770712e-01	2.993763302091468903e-01	1.893443871187540650e-01	8.803316962608072338e-02	4.025907898486919684e-02	9.958433571681006569e-02
2.060890111017150957e+03	1.741738991491497413e-01	1.080106621501196879e-01	2.998361211145765259e-01	1.896630392012074728e-01	8.817253448022285833e-02	4.036076432330554936e-02	9.978297958124730804e-02
2.075403421658116713e+03	1.734682483368310268e-01	1.075188615702795947e-01	3.002881348781084037e-01	1.899760752926513141e-01	8.830964102005220417e-02	4.046086863814556817e-02	9.997817026376104588e-02
2.089916732299082469e+03	1.727747491778950095e-01	1.070352433161847611e-01	3.007325073630621737e-01	1.902835919707704382e-01	8.844452572400741952e-02	4.055941465118591271e-02	1.001699677967234775e-01
2.104430042940048224e+03	1.720931923419208032e-01	1.065596710376156137e-01	3.011693718963884825e-01	1.905856842228788317e-01	8.857722448908940394e-02	4.065642484039071192e-02	1.003584311715454008e-01
2.118943353581013525e+03	1.714233721211322059e-01	1.060920106519787770e-01	3.015988593223545289e-01	1.908824454697670148e-01	8.870777263984978844e-02	4.075192143858968885e-02	1.005436183561572161e-01
2.133456664221980191e+03	1.707650863668044861e-01	1.056321303069847201e-01	3.020210980548527768e-01	1.911739675892672186e-01	8.883620493724549150e-02	4.084592643241889698e-02	1.007255863122555745e-01
2.147969974862945492e+03	1.701181364268286311e-01	1.051799003439205654e-01	3.024362141283754579e-01	1.914603409395385369e-01	8.896255558736164415e-02	4.093846156149068272e-02	1.009043910123136739e-01
2.162483285503912157e+03	1.694823270844100227e-01	1.047351932615094156e-01	3.028443312476978844e-01	1.917416543820729125e-01	8.908685825000524361e-02	4.102954831778012068e-02	1.010800874563536206e-01
2.176996596144877003e+03	1.688574664978796380e-01	1.042978836803475778e-01	3.032455708363113733e-01	1.920179953044236221e-01	8.920914604717157526e-02	4.111920794521569528e-02	1.012527296884797312e-01
2.191509906785843214e+03	1.682433661415955184e-01	1.038678483079112508e-01	3.036400520836441963e-01	1.922894496426578448e-01	8.932945157138551251e-02	4.120746143946270312e-02	1.014223708131721663e-01
2.206023217426809424e+03	1.676398407479133268e-01	1.034449659041243169e-01	3.040278919911087452e-01	1.925561019035342547e-01	8.944780689391960971e-02	4.129432954788827409e-02	1.015890630113407134e-01
2.220536528067775180e+03	1.670467082502053169e-01	1.030291172474788464e-01	3.044092054170104977e-01	1.928180351864073605e-01	8.956424357289105576e-02	4.137983276969758178e-02	1.017528575561386373e-01
2.235049838708740936e+03	1.664637897269072297e-01	1.026201851017001787e-01	3.047841051203544760e-01	1.930753312048599513e-01	8.967879266123914006e-02	4.146399135623114740e-02	1.019138048285371800e-01
2.249563149349706237e+03	1.658909093465731344e-01	1.022180541829485617e-01	3.051527018035821714e-01	1.933280703080650920e-01	8.979148471458517355e-02	4.154682531141375146e-02	1.020719543326614742e-01
2.264076459990672902e+03	1.653278943139186719e-01	1.018226111275490342e-01	3.055151041542712997e-01	1.935763315018791120e-01	8.990234979897662737e-02	4.162835439234586349e-02	1.022273547108887987e-01
2.278589770631638203e+03	1.647745748168342184e-01	1.014337444602420452e-01	3.058714188858298044e-01	1.938201924696669742e-01	9.001141749851700180e-02	4.170859811002895073e-02	1.023800537587103848e-01
2.293103081272604413e+03	1.642307839743484543e-01	1.010513445629466628e-01	3.062217507772141967e-01	1.940597295928619959e-01	9.011871692288329905e-02	4.178757573021642940e-02	1.025300984393584108e-01
2.307616391913570169e+03	1.636963577855248542e-01	1.006753036440287408e-01	3.065662027117005972e-01	1.942950179712606418e-01	9.022427671473258470e-02	4.186530627438238283e-02	1.026775348981996405e-01
2.322129702554535925e+03	1.631711350792731663e-01	1.003055157080664367e-01	3.069048757147374018e-01	1.945261314430548893e-01	9.032812505699919225e-02	4.194180852080069827e-02	1.028224084768976782e-01
2.336643013195502135e+03	1.626549574650580643e-01	9.994187652610553307e-02	3.072378689909052718e-01	1.947531426046031078e-01	9.043028968008420820e-02	4.201710100572739887e-02	1.029647637273458510e-01
2.351156323836467891e+03	1.621476692844883993e-01	9.958428360639702548e-02	3.075652799600117060e-01	1.949761228299415894e-01	9.053079786893852843e-02	4.209120202467949573e-02	1.031046444253727601e-01
2.365669634477433647e+03	1.616491175637701505e-01	9.923263616560967781e-02	3.078872042923435637e-01	1.951951422900380650e-01	9.062967647004133154e-02	4.216412963380388595e-02	1.032420935842228299e-01
2.380182945118399402e+03	1.611591519670066974e-01	9.888683510051035630e-02	3.082037359431039625e-01	1.954102699717891467e-01	9.072695189827494067e-02	4.223590165133021823e-02	1.033771534678142034e-01
2.394696255759364703e+03	1.606776247503305111e-01	9.854678296010473126e-02	3.085149671860545895e-01	1.956215736967635010e-01	9.082265014369793332e-02	4.230653565910190428e-02	1.035098656037764381e-01
2.409209566400331823e+03	1.602043907168507753e-01	9.821238391823154668e-02	3.088209886463871845e-01	1.958291201396923364e-01	9.091679677821754013e-02	4.237604900417968334e-02	1.036402707962705422e-01
2.423722877041296670e+03	1.597393071724013680e-01	9.788354374660329649e-02	3.091218893328460671e-01	1.960329748467093958e-01	9.100941696216290067e-02	4.244445880051257031e-02	1.037684091385940449e-01
2.438236187682262880e+03	1.592822338820742423e-01	9.756016978828638275e-02	3.094177566691216352e-01	1.962332022533419817e-01	9.110053545076052250e-02	4.251178193067113587e-02	1.038943200255736804e-01
2.452749498323228636e+03	1.588330330275238844e-01	9.724217093161410808e-02	3.097086765245366524e-01	1.964298657022551797e-01	9.119017660051305374e-02	4.257803504763833791e-02	1.040180421657484200e-01
2.467262808964194392e+03	1.583915691650278901e-01	9.692945758452554961e-02	3.099947332440427528e-01	1.966230274607511652e-01	9.127836437548300652e-02	4.264323457665343542e-02	1.041396135933457812e-01
2.481776119605160602e+03	1.579577091842902792e-01	9.662194164932397245e-02	3.102760096775485921e-01	1.968127487380256779e-01	9.136512235348244471e-02	4.270739671710466201e-02	1.042590716800539663e-01
2.496289430246126358e+03	1.575313222679729508e-01	9.631953649784792681e-02	3.105525872085959649e-01	1.969990897021832998e-01	9.145047373216999564e-02	4.277053744446663447e-02	1.043764531465928708e-01
2.510802740887092114e+03	1.571122798519427322e-01	9.602215694704879789e-02	3.108245457824023172e-01	1.971821094970142019e-01	9.153444133505644897e-02	4.283267251227848571e-02	1.044917940740867079e-01
2.525316051528057415e+03	1.567004555862198667e-01	9.572971923496845226e-02	3.110919639332867526e-01	1.973618662585339412e-01	9.161704761742021919e-02	4.289381745415919711e-02	1.046051299152412212e-01
2.539829362169024080e+03	1.562957252966157840e-01	9.544214099711051391e-02	3.113549188114961841e-01	1.975384171312886128e-01	9.169831467213378218e-02	4.295398758585657756e-02	1.047164955053282442e-01
2.554342672809989381e+03	1.558979669470468288e-01	9.515934124319921916e-02	3.116134862094469549e-01	1.977118182844274097e-01	9.177826423540229317e-02	4.301319800732653770e-02	1.048259250729804970e-01
2.568855983450955591e+03	1.555070606025118207e-01	9.488124033431978577e-02	3.118677405873981345e-01	1.978821249275449778e-01	9.185691769241573212e-02	4.307146360483962017e-02	1.049334522507996553e-01
2.583369294091921347e+03	1.551228883927213975e-01	9.460775996043413461e-02	3.121177550985711480e-01	1.980493913262953709e-01	9.193429608291558974e-02	4.312879905311164247e-02	1.050391100857804294e-01
2.597882604732887103e+03	1.547453344763669580e-01	9.433882311826614908e-02	3.123636016137299465e-01	1.982136708177801576e-01	9.201042010667724591e-02	4.318521881745582269e-02	1.051429310495534120e-01
2.612395915373853313e+03	1.543742850060174088e-01	9.407435408955056033e-02	3.126053507452362656e-01	1.983750158257126528e-01	9.208531012890933121e-02	4.324073715595355694e-02	1.052449470484499022e-01
2.626909226014819069e+03	1.540096280936326389e-01	9.381427841963974057e-02	3.128430718705930147e-01	1.985334778753606588e-01	9.215898618557112620e-02	4.329536812164137827e-02	1.053451894333911343e-01
2.641422536655784825e+03	1.536512537766822895e-01	9.355852289646260367e-02	3.130768331554891759e-01	1.986891076082699104e-01	9.223146798860898388e-02	4.334912556471168243e-02	1.054436890096050600e-01
2.655935847296750580e+03	1.532990539848584632e-01	9.330701552983020064e-02	3.133067015763591479e-01	1.988419547967704981e-01	9.230277493111314902e-02	4.340202313472497908e-02	1.055404760461733094e-01
2.670449157937716336e+03	1.529529225073723020e-01	9.305968553108226460e-02	3.135327429424681900e-01	1.989920683582686589e-01	9.237292609239583507e-02	4.345407428283144802e-02	1.056355802854110765e-01
2.684962468578682547e+03	1.526127549608231049e-01	9.281646329306947329e-02	3.137550219175366806e-01	1.991394963693260134e-01	9.244194024299179357e-02	4.350529226399983684e-02	1.057290309520828864e-01
2.699475779219648302e+03	1.522784487576301360e-01	9.257728037046586422e-02	3.139736020409142903e-01	1.992842860795286108e-01	9.250983584958236139e-02	4.355569013925173621e-02	1.058208567624567692e-01
2.713989089860614058e+03	1.519499030750165736e-01	9.234206946040630914e-02	3.141885457483153399e-01	1.994264839251483623e-01	9.257663107984405448e-02	4.360528077789944251e-02	1.059110859331996030e-01
2.728502400501579814e+03	1.516270188245360528e-01	9.211076438344373285e-02	3.143999143921262784e-01	1.995661355425988326e-01	9.264234380722276285e-02	4.365407685978568708e-02	1.059997461901163313e-01
2.743015711142545115e+03	1.513096986221314222e-01	9.188330006482083034e-02	3.146077682612957727e-01	1.997032857816878060e-01	9.270699161563467072e-02	4.370209087752358057e-02	1.060868647767356371e-01
2.757529021783511780e+03	1.509978467587167195e-01	9.165961251605146687e-02	3.148121666008175112e-01	1.998379787186691237e-01	9.277059180409477634e-02	4.374933513873531521e-02	1.061724684627448345e-01
2.772042332424477081e+03	1.506913691712725434e-01	9.143963881680669537e-02	3.150131676308162709e-01	1.999702576690959577e-01	9.283316139127403832e-02	4.379582176828814011e-02	1.062565835522761848e-01
2.786555643065443292e+03	1.503901734144458269e-01	9.122331709710036762e-02	3.152108285652455155e-01	2.001001652004777975e-01	9.289471711998635584e-02	4.384156271052624954e-02	1.063392358920477176e-01
2.801068953706408593e+03	1.500941686326448532e-01	9.101058651976957903e-02	3.154052056302076856e-01	2.002277431447437583e-01	9.295527546160609056e-02	4.388656973149736296e-02	1.064204508793605286e-01
2.815582264347374803e+03	1.498032655326206053e-01	9.080138726324529785e-02	3.155963540819043400e-01	2.003530326105141257e-01	9.301485262041730984e-02	4.393085442117272005e-02	1.065002534699554526e-01
2.830095574988341014e+03	1.495173763565257607e-01	9.059566050460825248e-02	3.157843282242265293e-01	2.004760739951829684e-01	9.307346453789558383e-02	4.397442819565948458e-02	1.065786681857312929e-01
2.844608885629306769e+03	1.492364148554430059e-01	9.039334840292573281e-02	3.159691814259926734e-01	2.005969069968136231e-01	9.313112689692343293e-02	4.401730229940435668e-02	1.066557191223270890e-01
2.859122196270272525e+03	1.489602962633738703e-01	9.019439408286447635e-02	3.161509661378432146e-01	2.007155706258497152e-01	9.318785512594029985e-02	4.405948780738755399e-02	1.067314299565708530e-01
2.873635506911238281e+03	1.486889372716803104e-01	8.999874161857537858e-02	3.163297339087994264e-01	2.008321032166439923e-01	9.324366440302789272e-02	4.410099562730610684e-02	1.068058239537969384e-01
2.888148817552204036e+03	1.484222560039704930e-01	8.980633601784554498e-02	3.165055354024945977e-01	2.009465424388071353e-01	9.329856965993196805e-02	4.414183650174568346e-02	1.068789239750346093e-01
2.902662128193170247e+03	1.481601719914213688e-01	8.961712320651328556e-02	3.166784204130850267e-01	2.010589253083789052e-01	9.335258558602149703e-02	4.418202101034011259e-02	1.069507524840698498e-01
2.917175438834136003e+03	1.479026061485299026e-01	8.943105001314181901e-02	3.168484378808480995e-01	2.011692881988239590e-01	9.340572663218586758e-02	4.422155957191784698e-02	1.070213315543826343e-01
2.931688749475101758e+03	1.476494807492854389e-01	8.924806415394749559e-02	3.170156359074743913e-01	2.012776668518547196e-01	9.345800701467130156e-02	4.426046244663467411e-02	1.070906828759621010e-01
2.946202060116067514e+03	1.474007194037559310e-01	8.906811421797833361e-02	3.171800617710620052e-01	2.013840963880831614e-01	9.350944071885722297e-02	4.429873973809201476e-02	1.071588277620014601e-01
2.960715370757033725e+03	1.471562470350803453e-01	8.889114965253885892e-02	3.173417619408180901e-01	2.014886113175042015e-01	9.356004150297349276e-02	4.433640139544017811e-02	1.072257871554749969e-01
2.975228681397999480e+03	1.469159898568602463e-01	8.871712074885718113e-02	3.175007820914754197e-01	2.015912455498128641e-01	9.360982290175928755e-02	4.437345721546608751e-02	1.072915816355991397e-01
2.989741992038964781e+03	1.466798753509434283e-01	8.854597862799030994e-02	3.176571671174300837e-01	2.016920324045572144e-01	9.365879823006463545e-02	4.440991684466483874e-02	1.073562314241797433e-01
3.004255302679930992e+03	1.464478322455927961e-01	8.837767522696390876e-02	3.178109611466065076e-01	2.017910046211295327e-01	9.370698058639533035e-02	4.444578978129477831e-02	1.074197563918474485e-01
3.018768613320896748e+03	1.462197904940336080e-01	8.821216328514258631e-02	3.179622075540556314e-01	2.018881943685976732e-01	9.375438285640204372e-02	4.448108537741546353e-02	1.074821760641833102e-01
3.033281923961862958e+03	1.459956812533721726e-01	8.804939633082695116e-02	3.181109489752926844e-01	2.019836332553793246e-01	9.380101771631450813e-02	4.451581284090825458e-02	1.075435096277364416e-01
3.047795234602828714e+03	1.457754368638798648e-01	8.788932866807373789e-02	3.182572273193796653e-01	2.020773523387605075e-01	9.384689763632166060e-02	4.454998123747912209e-02	1.076037759359357859e-01
3.062308545243794470e+03	1.455589908286357148e-01	8.773191536373529942e-02	3.184010837817587425e-01	2.021693821342612774e-01	9.389203488389832875e-02	4.458359949264328881e-02	1.076629935148976924e-01
3.076821855884760225e+03	1.453462777935213002e-01	8.757711223471496831e-02	3.185425588568414068e-01	2.022597526248503530e-01	9.393644152707948669e-02	4.461667639369149008e-02	1.077211805691313667e-01
3.091335166525725526e+03	1.451372335275618874e-01	8.742487583543460949e-02	3.186816923503591470e-01	2.023484932700107264e-01	9.398012943768267735e-02	4.464922059163747847e-02	1.077783549871438040e-01
3.105848477166692192e+03	1.449317949036076081e-01	8.727516344551099203e-02	3.188185233914805905e-01	2.024356330146588057e-01	9.402311029447947555e-02	4.468124060314661999e-02	1.078345343469462314e-01
3.120361787807657493e+03	1.447298998793485336e-01	8.712793305763742724e-02	3.189530904447001602e-01	2.025212002979185910e-01	9.406539558631675513e-02	4.471274481244526949e-02	1.078897359214635587e-01
3.134875098448624158e+03	1.445314874786582937e-01	8.698314336566737026e-02	3.190854313215030769e-01	2.026052230617534644e-01	9.410699661518846793e-02	4.474374147321082823e-02	1.079439766838487663e-01
3.149388409089589004e+03	1.443364977732599364e-01	8.684075375289676546e-02	3.192155831918114806e-01	2.026877287594573696e-01	9.414792449925873941e-02	4.477423871044221293e-02	1.079972733127038259e-01
3.163901719730555214e+03	1.441448718647084515e-01	8.670072428054156899e-02	3.193435825952166129e-01	2.027687443640073528e-01	9.418819017583683617e-02	4.480424452231066695e-02	1.080496421972088616e-01
3.178415030371521425e+03	1.439565518666849619e-01	8.656301567640750649e-02	3.194694654520011667e-01	2.028482963762797686e-01	9.422780440430504612e-02	4.483376678199074705e-02	1.081010994421611887e-01
3.192928341012487181e+03	1.437714808875963091e-01	8.642758932374883241e-02	3.195932670739562997e-01	2.029264108331320371e-01	9.426677776899983208e-02	4.486281323947140243e-02	1.081516608729257284e-01
3.207441651653452936e+03	1.435896030134750923e-01	8.629440725031284343e-02	3.197150221749980870e-01	2.030031133153515632e-01	9.430512068204729981e-02	4.489139152334702121e-02	1.082013420402985898e-01
3.221954962294418237e+03	1.434108632911753334e-01	8.616343211756717635e-02	3.198347648815865751e-01	2.030784289554744826e-01	9.434284338615331333e-02	4.491950914258844435e-02	1.082501582252851924e-01
3.236468272935384903e+03	1.432352077118576039e-01	8.603462721010697589e-02	3.199525287429529352e-01	2.031523824454753990e-01	9.437995595734934018e-02	4.494717348829378734e-02	1.082981244437945106e-01
3.250981583576350204e+03	1.430625831947593407e-01	8.590795642523869902e-02	3.200683467411373218e-01	2.032249980443307236e-01	9.441646830769435950e-02	4.497439183541918767e-02	1.083452554512509408e-01
3.265494894217316414e+03	1.428929375712452987e-01	8.578338426273793282e-02	3.201822513008421023e-01	2.032962995854569466e-01	9.445239018793372132e-02	4.500117134448930467e-02	1.083915657471252875e-01
3.280008204858282170e+03	1.427262195691328672e-01	8.566087581477803414e-02	3.202942742991043423e-01	2.033663104840261193e-01	9.448773119011547039e-02	4.502751906328765485e-02	1.084370695793861750e-01
3.294521515499247926e+03	1.425623787972876977e-01	8.554039675602703729e-02	3.204044470747905993e-01	2.034350537441600992e-01	9.452250075016489783e-02	4.505344192852681062e-02	1.084817809488734935e-01
3.309034826140214136e+03	1.424013657304850633e-01	8.542191333390995733e-02	3.205128004379185214e-01	2.035025519660056126e-01	9.455670815041798682e-02	4.507894676749836516e-02	1.085257136135952122e-01
