4.208860085880095880e+02	4.263503805791385437e-01	2.749453685117438373e-01	1.305215885519129260e-01	7.826514202649433039e-02	4.239681643532996341e-02	1.476973186117525212e-02	3.275097203403284224e-02
4.353993192289755143e+02	4.212416617922333240e-01	2.716938661849682135e-01	1.342540141840841694e-01	8.049234110713397727e-02	4.334860264522211876e-02	1.505164232169310147e-02	3.391787176449270053e-02
4.499126298699413837e+02	4.162241897437131133e-01	2.684954731919329540e-01	1.379046190021738227e-01	8.267924914018416616e-02	4.427730997902760285e-02	1.534050124566926736e-02	3.507865769712674442e-02
4.644259405109071963e+02	4.112962182581658688e-01	2.653493507621487169e-01	1.414754954516048713e-01	8.482684792576489219e-02	4.518409230661071113e-02	1.563554937803390138e-02	3.623244591749873872e-02
4.789392511518730657e+02	4.064560410089178011e-01	2.622546723705495575e-01	1.449686893642868346e-01	8.693607517578312571e-02	4.607000522400993975e-02	1.593608296420223960e-02	3.737843389207821249e-02
4.934525617928388783e+02	4.017019902384796337e-01	2.592106235768949496e-01	1.483861985561963359e-01	8.900782743136548270e-02	4.693601588173171302e-02	1.624144942633441377e-02	3.851589488882518897e-02
5.079658724338048046e+02	3.970324355408736405e-01	2.562164018691315825e-01	1.517299718755832916e-01	9.104296277217510669e-02	4.778301178782864284e-02	1.655104341881582716e-02	3.964417273541965409e-02
5.224791830747705035e+02	3.924457827018026368e-01	2.532712165102717905e-01	1.550019086365829746e-01	9.304230333222035521e-02	4.861180869462325416e-02	1.686430322651404426e-02	4.076267689781266218e-02
5.369924937157364866e+02	3.879404725929369580e-01	2.503742883884033654e-01	1.582038583810846388e-01	9.500663763576681908e-02	4.942315766625352685e-02	1.718070747307190796e-02	4.187087786231049463e-02
5.515058043567023560e+02	3.835149801168825090e-01	2.475248498694936072e-01	1.613376209188387145e-01	9.693672276603372551e-02	5.021775141379495461e-02	1.749977210981163225e-02	4.296830280497258153e-02
5.660191149976681118e+02	3.791678131996533141e-01	2.447221446526990640e-01	1.644049466020796602e-01	9.883328637848727560e-02	5.099622997541804204e-02	1.782104765879290870e-02	4.405453153269743571e-02
5.805324256386339812e+02	3.748975118277136920e-01	2.419654276279283867e-01	1.674075367964979744e-01	1.006970285697322970e-01	5.175918581074839125e-02	1.814411668622608817e-02	4.512919268098086051e-02
5.950457362795999643e+02	3.707026471268722867e-01	2.392539647354424981e-01	1.703470445152947543e-01	1.025286236122470440e-01	5.250716837119934893e-02	1.846859148482290006e-02	4.619196015394889943e-02
6.095590469205657200e+02	3.665818204805131875e-01	2.365870328273059209e-01	1.732250751873715411e-01	1.043287215644994187e-01	5.324068820144781111e-02	1.879411194580069694e-02	4.724254979288916578e-02
6.240723575615315895e+02	3.625336626848316701e-01	2.339639195305304731e-01	1.760431875345143948e-01	1.060979497653239262e-01	5.396022062133574992e-02	1.912034360316867271e-02	4.828071626012279266e-02
6.385856682024975726e+02	3.585568331389126784e-01	2.313839231117755801e-01	1.788028945357793553e-01	1.078369142208238790e-01	5.466620903222577793e-02	1.944697583463934551e-02	4.930625012567104587e-02
6.530989788434633283e+02	3.546500190676432629e-01	2.288463523434903779e-01	1.815056644602345837e-01	1.095462008914899199e-01	5.535906788715066335e-02	1.977372020504624545e-02	5.031897514477264022e-02
6.676122894844290840e+02	3.508119347755945805e-01	2.263505263714007676e-01	1.841529219518033000e-01	1.112263768866913749e-01	5.603918535991238292e-02	2.010030893952860845e-02	5.131874571489670328e-02
6.821256001253949535e+02	3.470413209301390633e-01	2.238957745832602653e-01	1.867460491522270338e-01	1.128779915731979028e-01	5.670692574455118290e-02	2.042649351498207824e-02	5.230544450147014968e-02
6.966389107663608229e+02	3.433369438721884936e-01	2.214814364787975332e-01	1.892863868501634683e-01	1.145015776039245980e-01	5.736263161327186805e-02	2.075204335938626160e-02	5.327898022209551915e-02
7.111522214073266923e+02	3.396975949530500749e-01	2.191068615408044984e-01	1.917752356461829844e-01	1.160976518726598294e-01	5.800662575793786441e-02	2.107674464961832236e-02	5.423928557957409524e-02
7.256655320482924481e+02	3.361220898960003423e-01	2.167714091073208726e-01	1.942138571249594770e-01	1.176667164001318211e-01	5.863921293758671272e-02	2.140039919925907849e-02	5.518631533456931637e-02
7.401788426892584312e+02	3.326092681812693463e-01	2.144744482448779355e-01	1.966034750272889486e-01	1.192092591563932574e-01	5.926068145204801962e-02	2.172282342870443181e-02	5.612004450924567428e-02
7.546921533302243006e+02	3.291579924532163082e-01	2.122153576227738259e-01	1.989452764157405296e-01	1.207257548241526396e-01	5.987130455962584585e-02	2.204384741062010225e-02	5.704046671369839699e-02
7.692054639711900563e+02	3.257671479485565458e-01	2.099935253883581654e-01	2.012404128287633154e-01	1.222166655073547575e-01	6.047134175491530872e-02	2.236331398443006102e-02	5.794759258744937302e-02
7.837187746121558121e+02	3.224356419445756350e-01	2.078083490433099145e-01	2.034900014189605366e-01	1.236824413890081492e-01	6.106103992113277867e-02	2.268107793411617071e-02	5.884144834872438029e-02
7.982320852531219089e+02	3.191624032263319921e-01	2.056592353208969159e-01	2.056951260720143448e-01	1.251235213419739367e-01	6.164063436982883393e-02	2.299700522413533968e-02	5.972207444464619486e-02
8.127453958940876646e+02	3.159463815719171231e-01	2.035456000642099916e-01	2.078568385034139931e-01	1.265403334961671677e-01	6.221034977950408440e-02	2.331097228873679067e-02	6.058952429587833449e-02
8.272587065350534203e+02	3.127865472548973513e-01	2.014668681053674304e-01	2.099761593307195306e-01	1.279332957653754876e-01	6.277040104344207283e-02	2.362286537039143264e-02	6.144386312963420055e-02
8.417720171760191761e+02	3.096818905631167906e-01	1.994224731456889221e-01	2.120540791195932306e-01	1.293028163366716221e-01	6.332099403599619758e-02	2.393257990343255343e-02	6.228516689532812706e-02
8.562853278169851592e+02	3.066314213330936234e-01	1.974118576368402156e-01	2.140915594022619606e-01	1.306492941251833351e-01	6.386232630560410850e-02	2.424001993935644486e-02	6.311352125748768971e-02
8.707986384579510286e+02	3.036341684992849843e-01	1.954344726629512197e-01	2.160895336674437395e-01	1.319731191967863926e-01	6.439458770194218806e-02	2.454509761054704184e-02	6.392902066087180479e-02
8.853119490989170117e+02	3.006891796575423825e-01	1.934897778237125721e-01	2.180489083210874479e-01	1.332746731611013924e-01	6.491796094386269311e-02	2.484773262947361991e-02	6.473176746304717954e-02
8.998252597398827675e+02	2.977955206421184498e-01	1.915772411184565871e-01	2.199705636175453283e-01	1.345543295370046077e-01	6.543262213406751682e-02	2.514785182066824748e-02	6.552187112996663010e-02
9.143385703808486369e+02	2.949522751156236633e-01	1.896963388312283560e-01	2.218553545610250921e-01	1.358124540927025670e-01	6.593874122585688391e-02	2.544538868302259615e-02	6.629944749036825735e-02
9.288518810218145063e+02	2.921585441713667186e-01	1.878465554168556595e-01	2.237041117773632404e-01	1.370494051622725418e-01	6.643648244674008052e-02	2.574028298015466204e-02	6.706461804507450608e-02
9.433651916627801484e+02	2.894134459475454224e-01	1.860273833880241312e-01	2.255176423563209909e-01	1.382655339404322559e-01	6.692600468320253349e-02	2.603248035678692660e-02	6.781750932751512417e-02
9.578785023037459041e+02	2.867161152527835655e-01	1.842383232033666107e-01	2.272967306647402375e-01	1.394611847571745888e-01	6.740746183048221263e-02	2.632193197925044095e-02	6.855825231202967995e-02
9.723918129447120009e+02	2.840657032025394879e-01	1.824788831565739844e-01	2.290421391310072385e-01	1.406366953337836179e-01	6.788100311081367300e-02	2.660859419838646281e-02	6.928698186672291315e-02
9.869051235856777566e+02	2.814613768659374182e-01	1.807485792665360358e-01	2.307546090013619933e-01	1.417923970216365959e-01	6.834677336324404551e-02	2.689242823325954310e-02	7.000383624785171122e-02
1.001418434226643626e+03	2.789023189225975918e-01	1.790469351685198551e-01	2.324348610686649275e-01	1.429286150250949350e-01	6.880491330780917625e-02	2.717339987422548453e-02	7.070895663291533462e-02
1.015931744867609382e+03	2.763877273290636372e-01	1.773734820063932183e-01	2.340835963742885495e-01	1.440456686096901751e-01	6.925555978657428613e-02	2.745147920401496897e-02	7.140248668980242464e-02
1.030445055508575479e+03	2.739168149944481989e-01	1.757277583259004572e-01	2.357014968838470614e-01	1.451438712967222933e-01	6.969884598378939256e-02	2.772664033560083910e-02	7.208457217951899643e-02
1.044958366149541234e+03	2.714888094649369754e-01	1.741093099689971502e-01	2.372892261375091350e-01	1.462235310453056381e-01	7.013490162718218068e-02	2.799886116571418532e-02	7.275536059018196389e-02
1.059471676790506763e+03	2.691029526168105535e-01	1.725176899692504873e-01	2.388474298756621261e-01	1.472849504228200823e-01	7.056385317220709164e-02	2.826812314296311274e-02	7.341500080011371943e-02
1.073984987431472746e+03	2.667585003576616876e-01	1.709524584483105292e-01	2.403767366407111861e-01	1.483284267646543253e-01	7.098582397088624985e-02	2.853441104958894664e-02	7.406364276801422064e-02
1.088498298072438729e+03	2.644547223355004362e-01	1.694131825134577995e-01	2.418777583558041622e-01	1.493542523240618536e-01	7.140093442671399671e-02	2.879771279596841926e-02	7.470143724832044307e-02
1.103011608713404712e+03	2.621909016554573868e-01	1.678994361562322346e-01	2.433510908812748508e-01	1.503627144128885373e-01	7.180930213694941555e-02	2.905801922703771939e-02	7.532853552998695912e-02
1.117524919354370468e+03	2.599663346038076361e-01	1.664108001521470148e-01	2.447973145495945246e-01	1.513540955338740501e-01	7.221104202348962997e-02	2.931532393987583418e-02	7.594508919703843453e-02
1.132038229995336451e+03	2.577803303790535128e-01	1.649468619614910259e-01	2.462169946796134989e-01	1.523286735051761209e-01	7.260626645339773866e-02	2.956962311174107447e-02	7.655124990935412155e-02
1.146551540636302207e+03	2.556322108298157425e-01	1.635072156312230018e-01	2.476106820708647294e-01	1.532867215777173608e-01	7.299508535005325149e-02	2.982091533790610233e-02	7.714716920224691521e-02
1.161064851277267962e+03	2.535213101992948026e-01	1.620914616979594325e-01	2.489789134786863645e-01	1.542285085459095539e-01	7.337760629579713478e-02	3.006920147868414120e-02	7.773299830349564288e-02
1.175578161918233945e+03	2.514469748760769230e-01	1.606992070920578441e-01	2.503222120709057141e-01	1.551542988522671973e-01	7.375393462685797541e-02	3.031448451508237871e-02	7.830888796657894946e-02
1.190091472559199701e+03	2.494085631510681023e-01	1.593300650427966481e-01	2.516410878668084994e-01	1.560643526863832731e-01	7.412417352126864090e-02	3.055676941255833570e-02	7.887498831894350360e-02
1.204604783200165684e+03	2.474054449803502476e-01	1.579836549846521943e-01	2.529360381590978202e-01	1.569589260787040419e-01	7.448842408041349283e-02	3.079606299239158809e-02	7.943144872421765978e-02
1.219118093841131440e+03	2.454370017537637338e-01	1.566596024646726426e-01	2.542075479195283205e-01	1.578382709895057578e-01	7.484678540478403863e-02	3.103237381021682617e-02	7.997841765735577702e-02
1.233631404482097196e+03	2.435026260690282829e-01	1.553575390509482901e-01	2.554560901888784374e-01	1.587026353934451461e-01	7.519935466446484029e-02	3.126571204129517667e-02	8.051604259176692313e-02
1.248144715123063179e+03	2.416017215112236660e-01	1.540771022421770220e-01	2.566821264519034695e-01	1.595522633600263696e-01	7.554622716482105316e-02	3.149608937212931142e-02	8.104446989754619801e-02
1.262658025764028707e+03	2.397337024374585623e-01	1.528179353783231109e-01	2.578861069978894416e-01	1.603873951303008416e-01	7.588749640781383698e-02	3.172351889805402614e-02	8.156384474998731871e-02
1.277171336404994690e+03	2.378979937665646471e-01	1.515796875523672538e-01	2.590684712674063972e-01	1.612082671900907371e-01	7.622325414932876186e-02	3.194801502645838731e-02	8.207431104761093998e-02
1.291684647045960673e+03	2.360940307736588695e-01	1.503620135231450161e-01	2.602296481858379917e-01	1.620151123400052351e-01	7.655359045286588837e-02	3.216959338531787116e-02	8.257601133899626633e-02
1.306197957686926657e+03	2.343212588894243165e-01	1.491645736292706859e-01	2.613700564842414975e-01	1.628081597624958798e-01	7.687859373990682532e-02	3.238827073673566925e-02	8.306908675775229178e-02
1.320711268327892412e+03	2.325791335039663621e-01	1.479870337041421791e-01	2.624901050080725717e-01	1.635876350861791562e-01	7.719835083724441160e-02	3.260406489521161522e-02	8.355367696501084240e-02
1.335224578968857941e+03	2.308671197751061832e-01	1.468290649920240276e-01	2.635901930142864891e-01	1.643537604476351943e-01	7.751294702153370408e-02	3.281699465037479779e-02	8.402992009886672831e-02
1.349737889609823924e+03	2.291846924409802755e-01	1.456903440652026760e-01	2.646707104573080005e-01	1.651067545508751455e-01	7.782246606129858413e-02	3.302707969393249565e-02	8.449795273022993325e-02
1.364251200250789907e+03	2.275313356368191542e-01	1.445705527422101455e-01	2.657320382643410528e-01	1.658468327246542529e-01	7.812699025660659047e-02	3.323434055060343201e-02	8.495790982459240637e-02
1.378764510891755890e+03	2.259065427157842532e-01	1.434693780071100433e-01	2.667745486004707289e-01	1.665742069777932655e-01	7.842660047660482414e-02	3.343879851281737758e-02	8.540992470924654856e-02
1.393277821532721646e+03	2.243098160737460878e-01	1.423865119298404758e-01	2.677986051239898413e-01	1.672890860526571877e-01	7.872137619509163298e-02	3.364047557897641844e-02	8.585412904552527924e-02
1.407791132173687402e+03	2.227406669778921322e-01	1.413216515876082047e-01	2.688045632323652900e-01	1.679916754769288367e-01	7.901139552428325386e-02	3.383939439508556329e-02	8.629065280566367013e-02
1.422304442814653157e+03	2.211986153990565807e-01	1.402744989873268011e-01	2.697927702992396481e-01	1.686821776138026641e-01	7.929673524691922826e-02	3.403557819957162001e-02	8.671962425391040175e-02
1.436817753455619140e+03	2.196831898476686029e-01	1.392447609890930804e-01	2.707635659028490016e-01	1.693607917107142202e-01	7.957747084683822192e-02	3.422905077112003286e-02	8.714116993154383262e-02
1.451331064096585123e+03	2.181939272132195073e-01	1.382321492306942123e-01	2.717172820462180893e-01	1.700277139467109844e-01	7.985367653814302857e-02	3.441983637936934376e-02	8.755541464547189623e-02
1.465844374737550879e+03	2.167303726071531378e-01	1.372363800531384292e-01	2.726542433694803536e-01	1.706831374785614530e-01	8.012542529306349026e-02	3.460795973831207184e-02	8.796248146011806379e-02
1.480357685378516862e+03	2.152920792090872171e-01	1.362571744272021435e-01	2.735747673546544689e-01	1.713272524856908063e-01	8.039278886861590812e-02	3.479344596225961844e-02	8.836249169231673306e-02
1.494870996019482618e+03	2.138786081162765695e-01	1.352942578809852858e-01	2.744791645231931532e-01	1.719602462140244203e-01	8.065583783214895497e-02	3.497632052423672866e-02	8.875556490896177597e-02
1.509384306660448374e+03	2.124895281962327076e-01	1.343473604284671774e-01	2.753677386266068505e-01	1.725823030188134710e-01	8.091464158585792710e-02	3.515660921667880523e-02	8.914181892716990796e-02
1.523897617301414357e+03	2.111244159424173761e-01	1.334162164990546628e-01	2.762407868304522784e-01	1.731936044065100488e-01	8.116926839034192820e-02	3.533433811431230254e-02	8.952136981673827765e-02
1.538410927942380113e+03	2.097828553329298962e-01	1.325005648681143733e-01	2.770985998919595072e-01	1.737943290757539005e-01	8.141978538727230597e-02	3.550953353910511756e-02	8.989433190469171830e-02
1.552924238583346096e+03	2.084644376921120645e-01	1.316001485884801814e-01	2.779414623315633048e-01	1.743846529575270587e-01	8.166625862123438884e-02	3.568222202718011188e-02	9.026081778172971581e-02
1.567437549224311852e+03	2.071687615549956674e-01	1.307147149229274941e-01	2.787696525985880469e-01	1.749647492545279570e-01	8.190875306079918594e-02	3.585243029759079686e-02	9.062093831039766401e-02
1.581950859865277607e+03	2.058954325345214720e-01	1.298440152776056122e-01	2.795834432313279994e-01	1.755347884798117430e-01	8.214733261887713356e-02	3.602018522286351554e-02	9.097480263481931562e-02
1.596464170506243590e+03	2.046440631914600294e-01	1.289878051364185263e-01	2.803831010117510680e-01	1.760949384947399776e-01	8.238206017240111423e-02	3.618551380121590166e-02	9.132251819184007691e-02
1.610977481147209119e+03	2.034142729069678135e-01	1.281458439963460705e-01	2.811688871150454516e-01	1.766453645462776889e-01	8.261299758138225535e-02	3.634844313036586505e-02	9.166419072344150765e-02
1.625490791788175102e+03	2.022056877577131373e-01	1.273178953036951389e-01	2.819410572542178084e-01	1.771862293036740310e-01	8.284020570737808675e-02	3.650900038285014720e-02	9.199992429029825447e-02
1.640004102429141085e+03	2.010179403935101750e-01	1.265037263912723586e-01	2.826998618199422775e-01	1.777176928945582990e-01	8.306374443140963904e-02	3.666721278277584178e-02	9.232982128635797148e-02
1.654517413070107068e+03	1.998506699173996093e-01	1.257031084164686729e-01	2.834455460158514795e-01	1.782399129404801386e-01	8.328367267136053964e-02	3.682310758393188277e-02	9.265398245433421887e-02
1.669030723711072824e+03	1.987035217681178412e-01	1.249158163002460353e-01	2.841783499894504628e-01	1.787530445919208733e-01	8.350004839888887365e-02	3.697671204919190935e-02	9.297250690201054601e-02
1.683544034352038352e+03	1.975761476048975285e-01	1.241416286670170288e-01	2.848985089588279007e-01	1.792572405627996524e-01	8.371292865587975918e-02	3.712805343114285866e-02	9.328549211926177864e-02
1.698057344993004335e+03	1.964682051945446650e-01	1.233803277854075425e-01	2.856062533353299626e-01	1.797526511644962632e-01	8.392236957046457502e-02	3.727715895387759965e-02	9.359303399570592652e-02
1.712570655633970318e+03	1.953793583007386592e-01	1.226316995098929441e-01	2.863018088423553431e-01	1.802394243394099538e-01	8.412842637263025225e-02	3.742405579589258569e-02	9.389522683890678956e-02
1.727083966274936301e+03	1.943092765755038143e-01	1.218955332232979638e-01	2.869853966304229953e-01	1.807177056940725557e-01	8.433115340944061233e-02	3.756877107403486238e-02	9.419216339305362673e-02
1.741597276915902057e+03	1.932576354528021956e-01	1.211716217801506179e-01	2.876572333886570076e-01	1.811876385318313687e-01	8.453060415988976339e-02	3.771133182844549347e-02	9.448393485805008096e-02
1.756110587556867813e+03	1.922241160441985897e-01	1.204597614508802067e-01	2.883175314528257371e-01	1.816493638851167935e-01	8.472683124940605381e-02	3.785176500844907033e-02	9.477063090895006259e-02
1.770623898197833569e+03	1.912084050365514265e-01	1.197597518668500061e-01	2.889664989100692583e-01	1.821030205473074814e-01	8.491988646402343077e-02	3.799009745934159993e-02	9.505233971568326223e-02
1.785137208838799552e+03	1.902101945916826742e-01	1.190713959662142440e-01	2.896043397004393061e-01	1.825487451042049902e-01	8.510982076423624643e-02	3.812635591003144669e-02	9.532914796301750204e-02
1.799650519479765535e+03	1.892291822479833241e-01	1.183944999405901755e-01	2.902312537153728389e-01	1.829866719651283558e-01	8.529668429855158385e-02	3.826056696149025826e-02	9.560114087070986644e-02
1.814163830120731291e+03	1.882650708239101411e-01	1.177288731825348878e-01	2.908474368932150167e-01	1.834169333936385704e-01	8.548052641675304986e-02	3.839275707597286647e-02	9.586840221380193983e-02
1.828677140761696819e+03	1.873175683233326838e-01	1.170743282338175956e-01	2.914530813119011188e-01	1.838396595379009624e-01	8.566139568288791417e-02	3.852295256696737502e-02	9.613101434301887793e-02
1.843190451402663257e+03	1.863863878426892939e-01	1.164306807344770711e-01	2.920483752789030385e-01	1.842549784606941077e-01	8.583933988798948811e-02	3.865117958983842888e-02	9.638905820523505086e-02
1.857703762043628785e+03	1.854712474799124489e-01	1.157977493726549401e-01	2.926335034185416628e-01	1.846630161690713812e-01	8.601440606254522059e-02	3.877746413312840174e-02	9.664261336397242386e-02
1.872217072684594768e+03	1.845718702450849791e-01	1.151753558351948648e-01	2.932086467567603383e-01	1.850638966436819743e-01	8.618664048872040628e-02	3.890183201048323658e-02	9.689175801990063119e-02
1.886730383325560297e+03	1.836879839727895980e-01	1.145633247589978587e-01	2.937739828034534040e-01	1.854577418677571254e-01	8.635608871234677630e-02	3.902430885317104831e-02	9.713656903131064058e-02
1.901243693966526507e+03	1.828193212361154674e-01	1.139614836831241707e-01	2.943296856324364996e-01	1.858446718557663080e-01	8.652279555468438133e-02	3.914492010316326931e-02	9.737712193453634812e-02
1.915757004607492036e+03	1.819656192622859936e-01	1.133696630016321760e-01	2.948759259591446358e-01	1.862248046817482350e-01	8.668680512396499671e-02	3.926369100674956952e-02	9.761349096430083083e-02
1.930270315248458019e+03	1.811266198498734936e-01	1.127876959171445342e-01	2.954128712161379622e-01	1.865982565073210364e-01	8.684816082672405790e-02	3.938064660865920469e-02	9.784574907396609289e-02
1.944783625889424002e+03	1.803020692875671738e-01	1.122154183951321188e-01	2.959406856264934493e-01	1.869651416093749963e-01	8.700690537892845355e-02	3.949581174666273731e-02	9.807396795566741821e-02
1.959296936530389530e+03	1.794917182744614204e-01	1.116526691189062975e-01	2.964595302751564798e-01	1.873255724074515127e-01	8.716308081690643528e-02	3.960921104662935149e-02	9.829821806031484310e-02
1.973810247171355968e+03	1.786953218418326772e-01	1.110992894453100982e-01	2.969695631783236256e-01	1.876796594908115012e-01	8.731672850808572250e-02	3.972086891801614172e-02	9.851856861744652527e-02
1.988323557812321269e+03	1.779126392763738518e-01	1.105551233610987671e-01	2.974709393509249455e-01	1.880275116451960160e-01	8.746788916154563109e-02	3.983080954976703919e-02	9.873508765492004791e-02
2.002836868453287707e+03	1.771434340448558575e-01	1.100200174400006725e-01	2.979638108722709733e-01	1.883692358792815602e-01	8.761660283838823560e-02	3.993905690659985824e-02	9.894784201842914129e-02
2.017350179094252780e+03	1.763874737201868714e-01	1.094938208004490321e-01	2.984483269499271785e-01	1.887049374508329713e-01	8.776290896193399138e-02	4.004563472566122911e-02	9.915689739083498322e-02
2.031863489735218764e+03	1.756445299088404965e-01	1.089763850639754450e-01	2.989246339818765752e-01	1.890347198925555194e-01	8.790684632774614649e-02	4.015056651353002271e-02	9.936231831130201697e-02
2.046376800376184747e+03	1.749143781796247410e-01	1.084675643142560264e-01	2.993928756170271543e-01	1.893586850376488828e-01	8.804845311348864778e-02	4.025387554355083081e-02	9.956416819422998776e-02
2.060890111017150957e+03	1.741967979937645017e-01	1.079672150568011663e-01	2.998531928141201508e-01	1.896769330450645552e-01	8.818776688862157986e-02	4.035558485347996022e-02	9.976250934797430137e-02
2.075403421658116713e+03	1.734915726362708799e-01	1.074751961792799887e-01	3.003057238990927136e-01	1.899895624244689885e-01	8.832482462393817513e-02	4.045571724342716946e-02	9.995740299334830714e-02
2.089916732299082469e+03	1.727984891485712104e-01	1.069913689124703804e-01	3.007506046209446615e-01	1.902966700609136641e-01	8.845966270094715589e-02	4.055429527407734130e-02	1.001489092819017740e-01
2.104430042940048224e+03	1.721173382623746306e-01	1.065155967918260810e-01	3.011879682061594510e-01	1.905983512392145363e-01	8.859231692110389189e-02	4.065134126517683244e-02	1.003370873139707159e-01
2.118943353581013525e+03	1.714479143347479584e-01	1.060477456196519536e-01	3.016179454117260406e-01	1.908946996680417341e-01	8.872282251489382876e-02	4.074687729427015070e-02	1.005219951564944036e-01
2.133456664221980191e+03	1.707900152843781494e-01	1.055876834278786508e-01	3.020406645768066722e-01	1.911858075037217719e-01	8.885121415077128215e-02	4.084092519567315144e-02	1.007036898605963571e-01
2.147969974862945492e+03	1.701434425289975183e-01	1.051352804414283221e-01	3.024562516730938122e-01	1.914717653737534331e-01	8.897752594395688663e-02	4.093350655966972867e-02	1.008822274789262508e-01
2.162483285503912157e+03	1.695080009239482988e-01	1.046904090421628547e-01	3.028648303538987729e-01	1.917526624000391589e-01	8.910179146509634995e-02	4.102464273191947647e-02	1.010576630827609707e-01
2.176996596144877003e+03	1.688834987018649203e-01	1.042529437334059200e-01	3.032665220020110408e-01	1.920285862218331085e-01	8.922404374878348254e-02	4.111435481306454504e-02	1.012300507788628512e-01
2.191509906785843214e+03	1.682697474134507709e-01	1.038227611050309834e-01	3.036614457763676111e-01	1.922996230184080280e-01	8.934431530195005577e-02	4.120266365852429113e-02	1.013994437260941628e-01
2.206023217426809424e+03	1.676665618693291560e-01	1.033997397991066186e-01	3.040497186575690791e-01	1.925658575314417587e-01	8.946263811212518124e-02	4.128958987846707146e-02	1.015658941517871006e-01
2.220536528067775180e+03	1.670737600829464709e-01	1.029837604760911740e-01	3.044314554922783467e-01	1.928273730871256086e-01	8.957904365556652870e-02	4.137515383794880541e-02	1.017294533678690521e-01
2.235049838708740936e+03	1.664911632145076592e-01	1.025747057815687979e-01	3.048067690365361959e-01	1.930842516179956114e-01	8.969356290526586672e-02	4.145937565720870382e-02	1.018901717867431445e-01
2.249563149349706237e+03	1.659185955159237225e-01	1.021724603135185511e-01	3.051757699980265914e-01	1.933365736844885607e-01	8.980622633883102168e-02	4.154227521211274754e-02	1.020480989369247360e-01
2.264076459990672902e+03	1.653558842767514359e-01	1.017769105901090987e-01	3.055385670773239082e-01	1.935844184962243197e-01	8.991706394624664200e-02	4.162387213473617981e-02	1.022032834784342842e-01
2.278589770631638203e+03	1.648028597711065635e-01	1.013879450180107805e-01	3.058952670081522274e-01	1.938278639330160424e-01	9.002610523751580773e-02	4.170418581407649150e-02	1.023557732179479068e-01
2.293103081272604413e+03	1.642593552055312822e-01	1.010054538612176894e-01	3.062459745966864544e-01	1.940669865656101667e-01	9.013337925018446994e-02	4.178323539688899579e-02	1.025056151237067892e-01
2.307616391913570169e+03	1.637252066677980233e-01	1.006293292103719456e-01	3.065907927599236249e-01	1.943018616761572614e-01	9.023891455675070450e-02	4.186103978863729008e-02	1.026528553401869076e-01
2.322129702554535925e+03	1.632002530766313853e-01	1.002594649525826026e-01	3.069298225631522659e-01	1.945325632784162817e-01	9.034273927196084797e-02	4.193761765455135404e-02	1.027975392025309437e-01
2.336643013195502135e+03	1.626843361323307147e-01	9.989575674173188646e-02	3.072631632565448467e-01	1.947591641376934246e-01	9.044488105999413941e-02	4.201298742078648368e-02	1.029397112507441231e-01
2.351156323836467891e+03	1.621773002682762865e-01	9.953810196926130005e-02	3.075909123109004106e-01	1.949817357905173354e-01	9.054536714153788024e-02	4.208716727567626825e-02	1.030794152436560751e-01
2.365669634477433647e+03	1.616789926033020686e-01	9.918639973543032229e-02	3.079131654525608108e-01	1.952003485640528835e-01	9.064422430075468051e-02	4.216017517107364942e-02	1.032166941726510995e-01
2.380182945118399402e+03	1.611892628949190276e-01	9.884055082104059586e-02	3.082300166975244227e-01	1.954150715952550077e-01	9.074147889214372042e-02	4.223202882377383172e-02	1.033515902751688670e-01
2.394696255759364703e+03	1.607079634933724910e-01	9.850045765961837341e-02	3.085415583847805898e-01	1.956259728497647676e-01	9.083715684729745665e-02	4.230274571701356928e-02	1.034841450479782182e-01
2.409209566400331823e+03	1.602349492965181033e-01	9.816602431004847751e-02	3.088478812088861214e-01	1.958331191405491278e-01	9.093128368155556362e-02	4.237234310204138904e-02	1.036143992602266417e-01
2.423722877041296670e+03	1.597700777055007237e-01	9.783715642965251647e-02	3.091490742518058776e-01	1.960365761462870837e-01	9.102388450055756697e-02	4.244083799975367083e-02	1.037423929662679156e-01
2.438236187682262880e+03	1.593132085812217213e-01	9.751376124770479159e-02	3.094452250140372618e-01	1.962364084295033506e-01	9.111498400669586217e-02	4.250824720239161636e-02	1.038681655182707164e-01
2.452749498323228636e+03	1.588642042015790956e-01	9.719574753937910983e-02	3.097364194450387687e-01	1.964326794544522248e-01	9.120460650547057568e-02	4.257458727529460363e-02	1.039917555786109421e-01
2.467262808964194392e+03	1.584229292194666849e-01	9.688302560011971543e-02	3.100227419729817413e-01	1.966254516047533929e-01	9.129277591174758677e-02	4.263987455870550669e-02	1.041132011320506784e-01
2.481776119605160602e+03	1.579892506215180847e-01	9.657550722042992919e-02	3.103042755338438763e-01	1.968147862007817994e-01	9.137951575592140330e-02	4.270412516962370647e-02	1.042325394977065139e-01
2.496289430246126358e+03	1.575630376875812033e-01	9.627310566107205592e-02	3.105811015998619085e-01	1.970007435168137366e-01	9.146484918998415425e-02	4.276735500370199006e-02	1.043498073408102023e-01
2.510802740887092114e+03	1.571441619509102716e-01	9.597573562867191266e-02	3.108533002073613494e-01	1.971833827979312670e-01	9.154879899350226724e-02	4.282957973718342498e-02	1.044650406842647233e-01
2.525316051528057415e+03	1.567324971590617066e-01	9.568331325172192703e-02	3.111209499839794890e-01	1.973627622766869760e-01	9.163138757950185787e-02	4.289081482887471819e-02	1.045782749199985207e-01
2.539829362169024080e+03	1.563279192354808389e-01	9.539575605697651894e-02	3.113841281752980361e-01	1.975389391895316371e-01	9.171263700026453802e-02	4.295107552215260416e-02	1.046895448201209528e-01
2.554342672809989381e+03	1.559303062417671804e-01	9.511298294623353466e-02	3.116429106709009411e-01	1.977119697930064812e-01	9.179256895303476715e-02	4.301037684700013963e-02	1.047988845478820263e-01
2.568855983450955591e+03	1.555395383406048826e-01	9.483491417349590447e-02	3.118973720298724439e-01	1.978819093797027362e-01	9.187120478564006487e-02	4.306873362206968536e-02	1.049063276684393253e-01
2.583369294091921347e+03	1.551554977593470608e-01	9.456147132250720955e-02	3.121475855057500581e-01	1.980488122939903783e-01	9.194856550202534784e-02	4.312616045676985477e-02	1.050119071594351194e-01
2.597882604732887103e+03	1.547780687542414657e-01	9.429257728465559318e-02	3.123936230709463691e-01	1.982127319475186222e-01	9.202467176770279256e-02	4.318267175337354991e-02	1.051156554213867195e-01
2.612395915373853313e+03	1.544071375752857633e-01	9.402815623724010419e-02	3.126355554406535786e-01	1.983737208344901470e-01	9.209954391511808447e-02	4.323828170914453817e-02	1.052176042878929241e-01
2.626909226014819069e+03	1.540425924317011253e-01	9.376813362209367175e-02	3.128734520962443422e-01	1.985318305467115296e-01	9.217320194893471874e-02	4.329300431848007169e-02	1.053177850356596806e-01
2.641422536655784825e+03	1.536843234580126671e-01	9.351243612455720222e-02	3.131073813081808321e-01	1.986871117884222437e-01	9.224566555123725475e-02	4.334685337506723191e-02	1.054162283943477774e-01
2.655935847296750580e+03	1.533322226807257160e-01	9.326099165279908010e-02	3.133374101584449622e-01	1.988396143909044178e-01	9.231695408665469005e-02	4.339984247405081347e-02	1.055129645562455504e-01
2.670449157937716336e+03	1.529861839855870542e-01	9.301372931747475814e-02	3.135636045625021517e-01	1.989893873268757662e-01	9.238708660740535539e-02	4.345198501421056181e-02	1.056080231857695201e-01
2.684962468578682547e+03	1.526461030854205092e-01	9.277057941172095479e-02	3.137860292908099535e-01	1.991364787246678592e-01	9.245608185826414971e-02	4.350329420014585613e-02	1.057014334287958157e-01
2.699475779219648302e+03	1.523118774885265647e-01	9.253147339147911599e-02	3.140047479898822047e-01	1.992809358821924781e-01	9.252395828145343337e-02	4.355378304446598514e-02	1.057932239218252468e-01
2.713989089860614058e+03	1.519834064676355012e-01	9.229634385614285397e-02	3.142198232029210225e-01	1.994228052806979179e-01	9.259073402145870380e-02	4.360346436998413511e-02	1.058834228009848943e-01
2.728502400501579814e+03	1.516605910294044346e-01	9.206512452952435310e-02	3.144313163900257502e-01	1.995621325983179817e-01	9.265642692977002493e-02	4.365235081191357752e-02	1.059720577108689415e-01
2.743015711142545115e+03	1.513433338844479004e-01	9.183775024113441376e-02	3.146392879479907867e-01	1.996989627234158349e-01	9.272105456955027913e-02	4.370045482006432169e-02	1.060591558132215617e-01
2.757529021783511780e+03	1.510315394178930737e-01	9.161415690777140186e-02	3.148437972297005172e-01	1.998333397677251322e-01	9.278463422023150442e-02	4.374778866103881669e-02	1.061447437954646522e-01
2.772042332424477081e+03	1.507251136604493835e-01	9.139428151541378886e-02	3.150449025631325006e-01	1.999653070792908882e-01	9.284718288204010794e-02	4.379436442042534960e-02	1.062288478790729962e-01
2.786555643065443292e+03	1.504239642599839166e-01	9.117806210141177203e-02	3.152426612699777420e-01	2.000949072552122010e-01	9.290871728045213551e-02	4.384019400498770369e-02	1.063114938277995719e-01
2.801068953706408593e+03	1.501280004535929802e-01	9.096543773697295110e-02	3.154371296838864303e-01	2.002221821541894931e-01	9.296925387057956847e-02	4.388528914484991772e-02	1.063927069557537158e-01
2.815582264347374803e+03	1.498371330401613577e-01	9.075634850993730129e-02	3.156283631683496349e-01	2.003471729088785180e-01	9.302880884148866103e-02	4.392966139567495987e-02	1.064725121353346238e-01
2.830095574988341014e+03	1.495512743534003486e-01	9.055073550783700187e-02	3.158164161342240650e-01	2.004699199380533259e-01	9.308739812045127571e-02	4.397332214083619212e-02	1.065509338050228266e-01
2.844608885629306769e+03	1.492703382353558483e-01	9.034854080123624898e-02	3.160013420569091624e-01	2.005904629585807675e-01	9.314503737713032694e-02	4.401628259358059819e-02	1.066279959770321112e-01
2.859122196270272525e+03	1.489942400103781706e-01	9.014970742734683407e-02	3.161831934931839116e-01	2.007088409972088427e-01	9.320174202770001304e-02	4.405855379918284520e-02	1.067037222448244116e-01
2.873635506911238281e+03	1.487228964595456449e-01	8.995417937391467222e-02	3.163620220977119701e-01	2.008250924021712236e-01	9.325752723890211315e-02	4.410014663708921451e-02	1.067781357904901834e-01
2.888148817552204036e+03	1.484562257955333864e-01	8.976190156337328363e-02	3.165378786392222255e-01	2.009392548546101165e-01	9.331240793203904316e-02	4.414107182305057608e-02	1.068512593919964254e-01
2.902662128193170247e+03	1.481941476379196043e-01	8.957281983725955132e-02	3.167108130163722723e-01	2.010513653798201017e-01	9.336639878690475292e-02	4.418133991124365695e-02	1.069231154303050685e-01
2.917175438834136003e+03	1.479365829889216499e-01	8.938688094088774461e-02	3.168808742733026373e-01	2.011614603583150584e-01	9.341951424565429762e-02	4.422096129637975714e-02	1.069937258963638144e-01
2.931688749475101758e+03	1.476834542095540326e-01	8.920403250827756148e-02	3.170481106148878570e-01	2.012695755367204242e-01	9.347176851661295749e-02	4.425994621580034427e-02	1.070631123979717825e-01
2.946202060116067514e+03	1.474346849962009931e-01	8.902422304733191571e-02	3.172125694216917369e-01	2.013757460384932585e-01	9.352317557802590497e-02	4.429830475155876329e-02	1.071312961665223246e-01
2.960715370757033725e+03	1.471902003575962792e-01	8.884740192526069391e-02	3.173742972646336202e-01	2.014800063744724146e-01	9.357374918174916900e-02	4.433604683248761752e-02	1.071982980636250887e-01
2.975228681397999480e+03	1.469499265922026843e-01	8.867351935424613862e-02	3.175333399193718265e-01	2.015823904532607624e-01	9.362350285688288143e-02	4.437318223625105751e-02	1.072641385876095671e-01
2.989741992038964781e+03	1.467137912659846333e-01	8.850252637734623562e-02	3.176897423804103116e-01	2.016829315914421550e-01	9.367244991334751358e-02	4.440972059138165867e-02	1.073288378799124032e-01
3.004255302679930992e+03	1.464817231905666817e-01	8.833437485463201122e-02	3.178435488749352666e-01	2.017816625236350525e-01	9.372060344540418531e-02	4.444567137930132555e-02	1.073924157313503325e-01
3.018768613320896748e+03	1.462536524017708506e-01	8.816901744955502052e-02	3.179948028763874279e-01	2.018786154123851651e-01	9.376797633511954611e-02	4.448104393632577175e-02	1.074548915882810318e-01
3.033281923961862958e+03	1.460295101385264416e-01	8.800640761554126557e-02	3.181435471177752605e-01	2.019738218578993882e-01	9.381458125577635254e-02	4.451584745565220075e-02	1.075162845586538490e-01
3.047795234602828714e+03	1.458092288221456145e-01	8.784649958280774107e-02	3.182898236047356777e-01	2.020673129076230312e-01	9.386043067523043570e-02	4.455009098932984080e-02	1.075766134179524380e-01
3.062308545243794470e+03	1.455927420359583169e-01	8.768924834539817970e-02	3.184336736283467362e-01	2.021591190656626957e-01	9.390553685921475269e-02	4.458378345021295902e-02	1.076358966150311042e-01
3.076821855884760225e+03	1.453799845053001805e-01	8.753460964843411130e-02	3.185751377776988025e-01	2.022492703020568883e-01	9.394991187459153514e-02	4.461693361389608425e-02	1.076941522778471633e-01
3.091335166525725526e+03	1.451708920778470024e-01	8.738253997557803021e-02	3.187142559522280760e-01	2.023377960618965854e-01	9.399356759255307614e-02	4.464955012063107770e-02	1.077513982190908409e-01
3.105848477166692192e+03	1.449654017042901200e-01	8.723299653670495146e-02	3.188510673738189083e-01	2.024247252742978065e-01	9.403651569177218228e-02	4.468164147722596125e-02	1.078076519417147522e-01
3.120361787807657493e+03	1.447634514193462674e-01	8.708593725577903899e-02	3.189856105986785817e-01	2.025100863612281643e-01	9.407876766150269354e-02	4.471321605892513568e-02	1.078629306443647656e-01
3.134875098448624158e+03	1.445649803230962815e-01	8.694132075893194755e-02	3.191179235289903771e-01	2.025939072461898360e-01	9.412033480463125046e-02	4.474428211127085692e-02	1.079172512267140838e-01
3.149388409089589004e+03	1.443699285626466600e-01	8.679910636273951985e-02	3.192480434243488707e-01	2.026762153627607588e-01	9.416122824068068331e-02	4.477484775194575523e-02	1.079706302947023022e-01
3.163901719730555214e+03	1.441782373141086149e-01	8.665925406269364695e-02	3.193760069129827905e-01	2.027570376629961590e-01	9.420145890876596706e-02	4.480492097259633488e-02	1.080230841656809743e-01
3.178415030371521425e+03	1.439898487648886838e-01	8.652172452186596141e-02	3.195018500027690389e-01	2.028364006256924701e-01	9.424103757050331098e-02	4.483450964063720456e-02	1.080746288734678734e-01
3.192928341012487181e+03	1.438047060962856505e-01	8.638647905976032382e-02	3.196256080920427123e-01	2.029143302645156077e-01	9.427997481287321568e-02	4.486362150103598984e-02	1.081252801733110086e-01
3.207441651653452936e+03	1.436227534663885030e-01	8.625347964135103573e-02	3.197473159802076137e-01	2.029908521359956863e-01	9.431828105103817750e-02	4.489226417807889308e-02	1.081750535467645574e-01
3.221954962294418237e+03	1.434439359932697666e-01	8.612268886630353171e-02	3.198670078781506998e-01	2.030659913473901179e-01	9.435596653111562315e-02	4.492044517711667184e-02	1.082239642064779933e-01
3.236468272935384903e+03	1.432681997384695760e-01	8.599406995837464984e-02	3.199847174184650700e-01	2.031397725644169538e-01	9.439304133290687959e-02	4.494817188629113974e-02	1.082720271009001561e-01
3.250981583576350204e+03	1.430954916907647423e-01	8.586758675498962212e-02	3.201004776654851058e-01	2.032122200188604400e-01	9.442951537258276185e-02	4.497545157824205803e-02	1.083192569188997090e-01
3.265494894217316414e+03	1.429257597502185950e-01	8.574320369699270361e-02	3.202143211251376465e-01	2.032833575160508111e-01	9.446539840532654220e-02	4.500229141179443171e-02	1.083656680943036604e-01
3.280008204858282170e+03	1.427589527125060764e-01	8.562088581856862335e-02	3.203262797546133078e-01	2.033532084422202402e-01	9.450070002793478641e-02	4.502869843362613395e-02	1.084112748103552154e-01
3.294521515499247926e+03	1.425950202535093969e-01	8.550059873733209526e-02	3.204363849718609436e-01	2.034217957717363578e-01	9.453542968137693125e-02	4.505467957991597661e-02	1.084560910040926890e-01
3.309034826140214136e+03	1.424339129141798665e-01	8.538230864458251634e-02	3.205446676649093551e-01	2.034891420742159507e-01	9.456959665331393650e-02	4.508024167797211601e-02	1.085001303706506631e-01
