4.208860085880095880e+02	4.263503805791385437e-01	2.749453685117438373e-01	1.305215885519129260e-01	7.826514202649433039e-02	4.239681643532996341e-02	1.476973186117525212e-02	3.275097203403284224e-02
4.353993192289755143e+02	4.212431220148024624e-01	2.716904148965901267e-01	1.342633622571187679e-01	8.048524393573963653e-02	4.334835383692704769e-02	1.505362332737873385e-02	3.391587973127082462e-02
4.499126298699413837e+02	4.162269831046055413e-01	2.684887604583826026e-01	1.379218705214986795e-01	8.266592981634883486e-02	4.427719080735433022e-02	1.534425970497817725e-02	3.507500558665943569e-02
4.644259405109071963e+02	4.113002224323534239e-01	2.653395600423119616e-01	1.414993570733393269e-01	8.480811850250218054e-02	4.518440920597339289e-02	1.564090410423885080e-02	3.622742863910837635e-02
4.789392511518730657e+02	4.064611382747559398e-01	2.622419808881862879e-01	1.449980050036389634e-01	8.691268791485264045e-02	4.607100258302055523e-02	1.594287237878123931e-02	3.737231295659187297e-02
4.934525617928388783e+02	4.017080673383897071e-01	2.591952024654291531e-01	1.484199366637569684e-01	8.898047788618229648e-02	4.693788479108926270e-02	1.624952914409529686e-02	3.850890171088483527e-02
5.079658724338048046e+02	3.970393835557437523e-01	2.561984163126349578e-01	1.517672138879389565e-01	9.101229277477140833e-02	4.778589771197286340e-02	1.656028413426909734e-02	3.963651162249652582e-02
5.224791830747705035e+02	3.924534969367116100e-01	2.532508258811417834e-01	1.550418384882062961e-01	9.300890388123671249e-02	4.861581819190034792e-02	1.687458886523827972e-02	4.075452775539252503e-02
5.369924937157364866e+02	3.879488524721574905e-01	2.503516463821532367e-01	1.582457529758439507e-01	9.497105168344396886e-02	4.942836426827296181e-02	1.719193357602848138e-02	4.186239864192746463e-02
5.515058043567023560e+02	3.835239290864254635e-01	2.475001046370011171e-01	1.613808414696667193e-01	9.689944790303202382e-02	5.022420076215357992e-02	1.751184442230016916e-02	4.295963171924844365e-02
5.660191149976681118e+02	3.791772386358824853e-01	2.446954389301974619e-01	1.644489307564811764e-01	9.879477741609533903e-02	5.100394430285775521e-02	1.783388089904919260e-02	4.404578905926408855e-02
5.805324256386339812e+02	3.749073249507914873e-01	2.419368988649704399e-01	1.674517914737693736e-01	1.006577000196541977e-01	5.176816784394203813e-02	1.815763347159750699e-02	4.512048337510242424e-02
5.950457362795999643e+02	3.707127629179995387e-01	2.392237452210222159e-01	1.703911393886748948e-01	1.024888520646902862e-01	5.251740472358961548e-02	1.848272139605514758e-02	4.618337428779571013e-02
6.095590469205657200e+02	3.665921576020991224e-01	2.365552498142837745e-01	1.732686367509345682e-01	1.042888479657362449e-01	5.325215231677359051e-02	1.880879071227094246e-02	4.723416483772913121e-02
6.240723575615315895e+02	3.625441434028821019e-01	2.339306953584740223e-01	1.760858937005272684e-01	1.060582815962752695e-01	5.397287532156124640e-02	1.913551239393826778e-02	4.827259822616924989e-02
6.385856682024975726e+02	3.585673832470531175e-01	2.313493753282995502e-01	1.788444697135559702e-01	1.077977275785282490e-01	5.468000871744306546e-02	1.946258064200260748e-02	4.929845477294488715e-02
6.530989788434633283e+02	3.546605678123070371e-01	2.288105938241564996e-01	1.815458750722833969e-01	1.095077424755763473e-01	5.537396042957064279e-02	1.978971130884784116e-02	5.031154907708570295e-02
6.676122894844290840e+02	3.508224147820002137e-01	2.263136654382176816e-01	1.841915723473472599e-01	1.111888658931824564e-01	5.605511372921519186e-02	2.011664044193355386e-02	5.131172736793107592e-02
6.821256001253949535e+02	3.470516681287638683e-01	2.238579151218073326e-01	1.867829778820208897e-01	1.128416214981340093e-01	5.672382939756828724e-02	2.044312293663049646e-02	5.229886503490249750e-02
6.966389107663608229e+02	3.433470974255145025e-01	2.214426780539824891e-01	1.893214632699928290e-01	1.144665179594269305e-01	5.738044767715606842e-02	2.076893128896792687e-02	5.327286432478658962e-02
7.111522214073266923e+02	3.397074971824180500e-01	2.190672995112550037e-01	1.918083568195386723e-01	1.160640498181446795e-01	5.802529003259244283e-02	2.109385443987664421e-02	5.423365219600189552e-02
7.256655320482924481e+02	3.361316862084556822e-01	2.167311347383996112e-01	1.942449449981794862e-01	1.176346982914544537e-01	5.865866074012144465e-02	2.141769670329462041e-02	5.518117831992196826e-02
7.401788426892584312e+02	3.326185069963280005e-01	2.144335488203059636e-01	1.966324738529792726e-01	1.191789320157417426e-01	5.928084832336617122e-02	2.174027677120749305e-02	5.611541321989865078e-02
7.546921533302243006e+02	3.291668251295098435e-01	2.121739165548396922e-01	1.989721504025538656e-01	1.206972077335329158e-01	5.989212685088438071e-02	2.206142678933194212e-02	5.703634653917459552e-02
7.692054639711900563e+02	3.257755287103480946e-01	2.099516223266882087e-01	2.012651439976580470e-01	1.221899709285108326e-01	6.049275710950672430e-02	2.238099149772300803e-02	5.794398542939241392e-02
7.837187746121558121e+02	3.224435278081568823e-01	2.077660599821712917e-01	2.035125876479050300e-01	1.236576564126087852e-01	6.108298766598126844e-02	2.269882743110344589e-02	5.883835305190063258e-02
7.982320852531219089e+02	3.191697539263355643e-01	2.056166327050042153e-01	2.057155793127623256e-01	1.251006888688719343e-01	6.166305582814939068e-02	2.301480217417971666e-02	5.971948718452419619e-02
8.127453958940876646e+02	3.159531594875885641e-01	2.035027528930047902e-01	2.078751831554755958e-01	1.265194833535003283e-01	6.223318851571677662e-02	2.332879366763067341e-02	6.058743892691061811e-02
8.272587065350534203e+02	3.127927173363851954e-01	2.014238420357407633e-01	2.099924307590059769e-01	1.279144457602327534e-01	6.279360304964436146e-02	2.364068956083564821e-02	6.144227149798258542e-02
8.417720171760191761e+02	3.096874202578477342e-01	1.993793305931168547e-01	2.120683223034351972e-01	1.292859732499949954e-01	6.334450786825451818e-02	2.395038660775290762e-02	6.228405911942509754e-02
8.562853278169851592e+02	3.066362805123042934e-01	1.973686578749035136e-01	2.141038277046065919e-01	1.306344546485156133e-01	6.388610317731630017e-02	2.425779010267074473e-02	6.311288597951020263e-02
8.707986384579510286e+02	3.036383293847876863e-01	1.953912719212125837e-01	2.160998877140339891e-01	1.319602708144112790e-01	6.441858154062873876e-02	2.456281335283547196e-02	6.392884527191743105e-02
8.853119490989170117e+02	3.006926167488040980e-01	1.934466293839253448e-01	2.180574149803315154e-01	1.332637949800533905e-01	6.494212841695520821e-02	2.486537718521576040e-02	6.473203830454181407e-02
8.998252597398827675e+02	2.977982106437325749e-01	1.915341954090816756e-01	2.199772950726018583e-01	1.345453930673547738e-01	6.545692264856488307e-02	2.516540948489424945e-02	6.552257367359710927e-02
9.143385703808486369e+02	2.949541968652545920e-01	1.896534435202385793e-01	2.218603874663720443e-01	1.358054239804525332e-01	6.596313690610300373e-02	2.546284476278725187e-02	6.630056649861912343e-02
9.288518810218145063e+02	2.921596785682458730e-01	1.878038555028079815e-01	2.237075264927892992e-01	1.370442398771140047e-01	6.646093809403302854e-02	2.575762375058381071e-02	6.706613771425309900e-02
9.433651916627801484e+02	2.894137758815947259e-01	1.859849212893840698e-01	2.255195222518888987e-01	1.382621864205530460e-01	6.695048772046462149e-02	2.604969302096843409e-02	6.781941341497334241e-02
9.578785023037459041e+02	2.867156255344404103e-01	1.841961388460703897e-01	2.272971614908240456e-01	1.394596030132158326e-01	6.743194223479730132e-02	2.633900463134908679e-02	6.856052424913000598e-02
9.723918129447120009e+02	2.840643804933538630e-01	1.824370140598173540e-01	2.290412084480085431e-01	1.406368230139761755e-01	6.790545333626468727e-02	2.662551578945504538e-02	6.928960485895140076e-02
9.869051235856777566e+02	2.814592096100074214e-01	1.807070606267808244e-01	2.307524056641667154e-01	1.417941739400690737e-01	6.837116825615538462e-02	2.690918853929941817e-02	7.000679336334819647e-02
1.001418434226643626e+03	2.788992972789068880e-01	1.790057999417118961e-01	2.324314747613172027e-01	1.429319776549900223e-01	6.882923001620952497e-02	2.718998946611977247e-02	7.071223088057172756e-02
1.015931744867609382e+03	2.763838431047789812e-01	1.773327609883877110e-01	2.340791171907374291e-01	1.440505505434920841e-01	6.927977766544117511e-02	2.746788941901842293e-02	7.140606108797120655e-02
1.030445055508575479e+03	2.739120615792320912e-01	1.756874802310933459e-01	2.356960149509645941e-01	1.451502036747254198e-01	6.972294649741385408e-02	2.774286325012258192e-02	7.208842981627511248e-02
1.044958366149541234e+03	2.714831817663251878e-01	1.740695015071634377e-01	2.372828312768932857e-01	1.462312429544823100e-01	7.015886824979573888e-02	2.801488956917467382e-02	7.275948467599226144e-02
1.059471676790506763e+03	2.690964469967009887e-01	1.724783759205922862e-01	2.388402113010236749e-01	1.472939692674362089e-01	7.058767128784194933e-02	2.828395051254546655e-02	7.341937471368631396e-02
1.073984987431472746e+03	2.667511145699548170e-01	1.709136617367200683e-01	2.403687826879047917e-01	1.483386786101931754e-01	7.100948077328908536e-02	2.855003152573790115e-02	7.406825009602702181e-02
1.088498298072438729e+03	2.644464554649298416e-01	1.693749242780030473e-01	2.418691562428024189e-01	1.493656622159099390e-01	7.142441882000238884e-02	2.881312115851847322e-02	7.470626181966076584e-02
1.103011608713404712e+03	2.621817540576424355e-01	1.678617358208738530e-01	2.433419264956022676e-01	1.503752066711729896e-01	7.183260463758554815e-02	2.907321087187616712e-02	7.533356144507359631e-02
1.117524919354370468e+03	2.599563078465578769e-01	1.663736754936979145e-01	2.447876722609373668e-01	1.513675940257786789e-01	7.223415466404542462e-02	2.933029485606678671e-02	7.595030085274279141e-02
1.132038229995336451e+03	2.577694271849492735e-01	1.649103291758313439e-01	2.462069571755041708e-01	1.523431018960025585e-01	7.262918268849917480e-02	2.958436985905368508e-02	7.655663201998667844e-02
1.146551540636302207e+03	2.556204350200861342e-01	1.634712893977849357e-01	2.476003302135058870e-01	1.533020035618993249e-01	7.301779996481558288e-02	2.983543502470472134e-02	7.715270681703037536e-02
1.161064851277267962e+03	2.535086666390110044e-01	1.620561552424977791e-01	2.489683261811338200e-01	1.542445680591316426e-01	7.340011531699774938e-02	3.008349174015005970e-02	7.773867682090492004e-02
1.175578161918233945e+03	2.514334694206745158e-01	1.606645322477237570e-01	2.503114661909690564e-01	1.551710602657851157e-01	7.377623523703676078e-02	3.032854349174671921e-02	7.831469314589101227e-02
1.190091472559199701e+03	2.493942025942091079e-01	1.592960323095332920e-01	2.516302581171571129e-01	1.560817409845902115e-01	7.414626397589710316e-02	3.057059572913383219e-02	7.888090628930631565e-02
1.204604783200165684e+03	2.473902370031327569e-01	1.579502735869321162e-01	2.529251970321786391e-01	1.569768670209369388e-01	7.451030362823193864e-02	3.080965573689749271e-02	7.943746599151706167e-02
1.219118093841131440e+03	2.454209548752834258e-01	1.566268804075982013e-01	2.541967656260102904e-01	1.578566912570368019e-01	7.486845421137051926e-02	3.104573251339647066e-02	7.998452110913129021e-02
1.233631404482097196e+03	2.434857495982939157e-01	1.553254831747368225e-01	2.554454346084382710e-01	1.587214627225571884e-01	7.522081373906855384e-02	3.127883665632981425e-02	8.052221950040243381e-02
1.248144715123063179e+03	2.415840255004256254e-01	1.540457182750540610e-01	2.566716630952596834e-01	1.595714266620261168e-01	7.556747829046744913e-02	3.150898025465496965e-02	8.105070792193905249e-02
1.262658025764028707e+03	2.397151976365874959e-01	1.527872279878473016e-01	2.578758989790760348e-01	1.604068245992808228e-01	7.590854207466647685e-02	3.173617678649051643e-02	8.157013193587832334e-02
1.277171336404994690e+03	2.378786915793742462e-01	1.515496603952117827e-01	2.590585792853556391e-01	1.612278943992095925e-01	7.624409749127478153e-02	3.196044102266118458e-02	8.208063582673973124e-02
1.291684647045960673e+03	2.360739432149657480e-01	1.503326692933606434e-01	2.602201305144132837e-01	1.620348703270166613e-01	7.657423518727669853e-02	3.218178893556460779e-02	8.258236252722926662e-02
1.306197957686926657e+03	2.343003985437350223e-01	1.491359141050561665e-01	2.613609689699286087e-01	1.628279831052189264e-01	7.689904411051302902e-02	3.240023761305970557e-02	8.307545355231539530e-02
1.320711268327892412e+03	2.325575134854202808e-01	1.479590597931489393e-01	2.624815010745971677e-01	1.636074599685660436e-01	7.721861156005387083e-02	3.261580517709513488e-02	8.356004894094549995e-02
1.335224578968857941e+03	2.308447536887213436e-01	1.468017767752212155e-01	2.635821236734832707e-01	1.643735247170587110e-01	7.753302323371341620e-02	3.282851070681386263e-02	8.403628720481520764e-02
1.349737889609823924e+03	2.291615943451875415e-01	1.456637408393303135e-01	2.646632243256192285e-01	1.651263977672245420e-01	7.784236327293457547e-02	3.303837416588606413e-02	8.450430528364473448e-02
1.364251200250789907e+03	2.275075200072687875e-01	1.445446330608477492e-01	2.657251815843695852e-01	1.658662962017972142e-01	7.814671430525145512e-02	3.324541633383769346e-02	8.496423850645451470e-02
1.378764510891755890e+03	2.258820244104076669e-01	1.434441397203883306e-01	2.667683652670574945e-01	1.665934338179311247e-01	7.844615748451846948e-02	3.344965874115590765e-02	8.541622055836804728e-02
1.393277821532721646e+03	2.242846102990546930e-01	1.423619522228243839e-01	2.677931367143270291e-01	1.673080211740723688e-01	7.874077252907886459e-02	3.365112360796597424e-02	8.586038345250374126e-02
1.407791132173687402e+03	2.227147892564937393e-01	1.412977670173789224e-01	2.687998490396947271e-01	1.680102656355957902e-01	7.903063775802976476e-02	3.384983378608603932e-02	8.629685750654808585e-02
1.422304442814653157e+03	2.211720815383691197e-01	1.402512855187914298e-01	2.697888473697210854e-01	1.687003714193077708e-01	7.931583012572768210e-02	3.404581270427783912e-02	8.672577132363212815e-02
1.436817753455619140e+03	2.196560159098103204e-01	1.392222140295497346e-01	2.707604690752150045e-01	1.693785396369051344e-01	7.959642525466525953e-02	3.423908431652188805e-02	8.714725177715967885e-02
1.451331064096585123e+03	2.181661294860537670e-01	1.382102636631809545e-01	2.717150439938637585e-01	1.700449683374724852e-01	7.987249746683938723e-02	3.442967305315560583e-02	8.756142399926103437e-02
1.465844374737550879e+03	2.167019675764656761e-01	1.372151502685942659e-01	2.726528946446629686e-01	1.706998525490920071e-01	8.014411981371992455e-02	3.461760377472219985e-02	8.796841137256997123e-02
1.480357685378516862e+03	2.152630835318726232e-01	1.362365943554678105e-01	2.735743364345045725e-01	1.713433843196330852e-01	8.041136410491975250e-02	3.480290172838663293e-02	8.836833552504255729e-02
1.494870996019482618e+03	2.138490385951110351e-01	1.352743210206719948e-01	2.744796778572629603e-01	1.719757527567825628e-01	8.067430093565727822e-02	3.498559250678330568e-02	8.876131632755789036e-02
1.509384306660448374e+03	2.124594017547094260e-01	1.343280598757212174e-01	2.753692206857040747e-01	1.725971440673700896e-01	8.093299971309594887e-02	3.516570200916752792e-02	8.914747189405870798e-02
1.523897617301414357e+03	2.110937496016202786e-01	1.333975449752449749e-01	2.762432601565273371e-01	1.732077415960383837e-01	8.118752868163751912e-02	3.534325640475008412e-02	8.952691858400846359e-02
1.538410927942380113e+03	2.097516661889220202e-01	1.324825147464709363e-01	2.771020851488346093e-01	1.738077258633021760e-01	8.143795494723964079e-02	3.551828209810079656e-02	8.989977100695689671e-02
1.552924238583346096e+03	2.084327428944137972e-01	1.315827119197098827e-01	2.779459783563085207e-01	1.743972746030363619e-01	8.168434450082277809e-02	3.569080569651335300e-02	9.026614202902237538e-02
1.567437549224311852e+03	2.071365782860287441e-01	1.306978834598347960e-01	2.787752164533671695e-01	1.749765627994285533e-01	8.192676224082573455e-02	3.586085397922944562e-02	9.062614278111257027e-02
1.581950859865277607e+03	2.058627779899940557e-01	1.298277804987439388e-01	2.795900702555512707e-01	1.755457627234282836e-01	8.216527199496455325e-02	3.602845386842592340e-02	9.097988266871905039e-02
1.596464170506243590e+03	2.046109545616685566e-01	1.289721582687991530e-01	2.803908048743862236e-01	1.761050439687212310e-01	8.239993654124493083e-02	3.619363240187375985e-02	9.132746938313318630e-02
1.610977481147209119e+03	2.033807273589909592e-01	1.281307760372299709e-01	2.811776798669527455e-01	1.766545734872539686e-01	8.263081762827449717e-02	3.635641670718254420e-02	9.166900891394240414e-02
1.625490791788175102e+03	2.021717224184736705e-01	1.273033970414935712e-01	2.819509493803852851e-01	1.771945156243320552e-01	8.285797599491732945e-02	3.651683397754887372e-02	9.200460556267631151e-02
1.640004102429141085e+03	2.009835723336806101e-01	1.264897884255813676e-01	2.827108622915106562e-01	1.777250321533108413e-01	8.308147138933003051e-02	3.667491144893125082e-02	9.233436195748236097e-02
1.654517413070107068e+03	1.998159161361273695e-01	1.256897211772620981e-01	2.834576623418269548e-01	1.782462823098973359e-01	8.330136258741532851e-02	3.683067637857832116e-02	9.265837906871972340e-02
1.669030723711072824e+03	1.986683991785461456e-01	1.249029700662516035e-01	2.841915882680144390e-01	1.787584228260787889e-01	8.351770741072669924e-02	3.698415602484092513e-02	9.297675622536856477e-02
1.683544034352038352e+03	1.975406730204585237e-01	1.241293135832994138e-01	2.849128739281613365e-01	1.792616079636910331e-01	8.373056274385451414e-02	3.713537762820229293e-02	9.328959113216010735e-02
1.698057344993004335e+03	1.964323953160012071e-01	1.233685338801820131e-01	2.856217484238787185e-01	1.797559895476391889e-01	8.393998455132234415e-02	3.728436839346394027e-02	9.359697988733975405e-02
1.712570655633970318e+03	1.953432297039518484e-01	1.226204167105928167e-01	2.863184362184706400e-01	1.802417169987812207e-01	8.414602789401938454e-02	3.743115547302818674e-02	9.389901700098303439e-02
1.727083966274936301e+03	1.942728456999033848e-01	1.218847513719185371e-01	2.870031572513175311e-01	1.807189373664828957e-01	8.434874694519357841e-02	3.757576595122118918e-02	9.419579541379004273e-02
1.741597276915902057e+03	1.932209185905370274e-01	1.211613306478918628e-01	2.876761270486247746e-01	1.811877953608526381e-01	8.454819500602765714e-02	3.771822682960326856e-02	9.448740651628995124e-02
1.756110587556867813e+03	1.921871293299458328e-01	1.204499507521103463e-01	2.883375568306800751e-01	1.816484333846626886e-01	8.474442452081901167e-02	3.785856501321611944e-02	9.477394016839309210e-02
1.770623898197833569e+03	1.911711644379617547e-01	1.197504112724110115e-01	2.889876536157581222e-01	1.821009915649622612e-01	8.493748709178261524e-02	3.799680729771886395e-02	9.505548471923253029e-02
1.785137208838799552e+03	1.901727159004408252e-01	1.190625151160906448e-01	2.896266203208027190e-01	1.825456077843879144e-01	8.512743349349506661e-02	3.813298035736754910e-02	9.533212702724248866e-02
1.799650519479765535e+03	1.891914810714623030e-01	1.183860684559614740e-01	2.902546558590126113e-01	1.829824177121750217e-01	8.531431368699611550e-02	3.826711073379496925e-02	9.560395248042469207e-02
1.814163830120731291e+03	1.882271625773991042e-01	1.177208806772318955e-01	2.908719552344510295e-01	1.834115548348738134e-01	8.549817683356328302e-02	3.839922482554961741e-02	9.587104501675834667e-02
1.828677140761696819e+03	1.872794682228177132e-01	1.170667643252022438e-01	2.914787096337925210e-01	1.838331504867729560e-01	8.567907130817392636e-02	3.852934887835497701e-02	9.613348714471277312e-02
1.843190451402663257e+03	1.863481108981673851e-01	1.164235350537650149e-01	2.920751065153163739e-01	1.842473338800326432e-01	8.585704471266800142e-02	3.865750897605214204e-02	9.639135996382554306e-02
1.857703762043628785e+03	1.854328084892192530e-01	1.157910115746996760e-01	2.926613296952518817e-01	1.846542321345296112e-01	8.603214388862416573e-02	3.878373103219051599e-02	9.664474318531199315e-02
1.872217072684594768e+03	1.845332837882174004e-01	1.151690156077517097e-01	2.932375594315739242e-01	1.850539703074150777e-01	8.620441492996064325e-02	3.890804078223327606e-02	9.689371515267510004e-02
1.886730383325560297e+03	1.836492644067045654e-01	1.145573718314858713e-01	2.938039725053450124e-01	1.854466714223868273e-01	8.637390319527170346e-02	3.903046377634585007e-02	9.713835286228728050e-02
1.901243693966526507e+03	1.827804826899865898e-01	1.139559078349034194e-01	2.943607422996946110e-01	1.858324564986763849e-01	8.654065331991014909e-02	3.915102537273720124e-02	9.737873198391872043e-02
1.915757004607492036e+03	1.819266756332005575e-01	1.133644540698132835e-01	2.949080388765225602e-01	1.862114445797520557e-01	8.670470922782484713e-02	3.926975073152527002e-02	9.761492688118847405e-02
1.930270315248458019e+03	1.810875847989523169e-01	1.127828438039473746e-01	2.954460290510102505e-01	1.865837527617376368e-01	8.686611414316257329e-02	3.938666480909931711e-02	9.784701063191759973e-02
1.944783625889424002e+03	1.802629562364904126e-01	1.122109130748097233e-01	2.959748764640188212e-01	1.869494962215478007e-01	8.702491060164216363e-02	3.950179235295318836e-02	9.807505504836497301e-02
1.959296936530389530e+03	1.794525404023838422e-01	1.116485006442498179e-01	2.964947416524514323e-01	1.873087882447395380e-01	8.718114046170896692e-02	3.961515789696491707e-02	9.829913069732855446e-02
1.973810247171355968e+03	1.786560920826726351e-01	1.110954479537502038e-01	2.970057821176511070e-01	1.876617402530803280e-01	8.733484491547680029e-02	3.972678575709920334e-02	9.851930692009681911e-02
1.988323557812321269e+03	1.778733703164598057e-01	1.105515990804185056e-01	2.975081523919052007e-01	1.880084618318324796e-01	8.748606449946434716e-02	3.983670002751044797e-02	9.873565185223624752e-02
2.002836868453287707e+03	1.771041383209157050e-01	1.100168006936743242e-01	2.980020041031231082e-01	1.883490607567537556e-01	8.763483910513239494e-02	3.994492457702518429e-02	9.894823244320258282e-02
2.017350179094252780e+03	1.763481634176649049e-01	1.094909020126211552e-01	2.984874860377503270e-01	1.886836430208141402e-01	8.778120798922803281e-02	4.005148304598369485e-02	9.915711447576475157e-02
2.031863489735218764e+03	1.756052169605278324e-01	1.089737547640938636e-01	2.989647442019814916e-01	1.890123128606286673e-01	8.792520978394162412e-02	4.015639884342162014e-02	9.936236258523184484e-02
2.046376800376184747e+03	1.748750742645891476e-01	1.084652131413723908e-01	2.994339218813301118e-01	1.893351727826057818e-01	8.806688250688188280e-02	4.025969514457342774e-02	9.956404027847419458e-02
2.060890111017150957e+03	1.741575145365661104e-01	1.079651337635518099e-01	2.998951596986115797e-01	1.896523235888118164e-01	8.820626357087409108e-02	4.036139488868015907e-02	9.976220995273141212e-02
2.075403421658116713e+03	1.734523208064504551e-01	1.074733756355598507e-01	3.003485956703934590e-01	1.899638644025508361e-01	8.834338979358667687e-02	4.046152077708516093e-02	9.995693291420051918e-02
2.089916732299082469e+03	1.727592798603982405e-01	1.069898001088124828e-01	3.007943652619652353e-01	1.902698926936602641e-01	8.847829740699020284e-02	4.056009527160193973e-02	1.001482693963986065e-01
2.104430042940048224e+03	1.720781821748427476e-01	1.065142708424982460e-01	3.012326014408758801e-01	1.905705043035219037e-01	8.861102206665363856e-02	4.065714059313921269e-02	1.003362785782952876e-01
2.118943353581013525e+03	1.714088218518059481e-01	1.060466537654824876e-01	3.016634347290881313e-01	1.908657934697889080e-01	8.874159886088173188e-02	4.075267872056900775e-02	1.005210186022107016e-01
2.133456664221980191e+03	1.707509965553844766e-01	1.055868170388222504e-01	3.020869932537941782e-01	1.911558528508284782e-01	8.887006231969750425e-02	4.084673138982418406e-02	1.007025465914758999e-01
2.147969974862945492e+03	1.701045074493871823e-01	1.051346310188830263e-01	3.025034027969373818e-01	1.914407735498806218e-01	8.899644642367357528e-02	4.093932009321248067e-02	1.008809186678526898e-01
2.162483285503912157e+03	1.694691591361014993e-01	1.046899682210486043e-01	3.029127868434814408e-01	1.917206451389333599e-01	8.912078461261607742e-02	4.103046607893496428e-02	1.010561899687110188e-01
2.176996596144877003e+03	1.688447595961661274e-01	1.042527032840151885e-01	3.033152666284675281e-01	1.919955556823146614e-01	8.924310979410422784e-02	4.112019035079705204e-02	1.012284146639621935e-01
2.191509906785843214e+03	1.682311201295288994e-01	1.038227129346610961e-01	3.037109611828983091e-01	1.922655917600015751e-01	8.936345435188913777e-02	4.120851366810118072e-02	1.013976459727467805e-01
2.206023217426809424e+03	1.676280552974681315e-01	1.033998759534836692e-01	3.040999873784862029e-01	1.925308384906471992e-01	8.948185015415473231e-02	4.129545654571041557e-02	1.015639361798766904e-01
2.220536528067775180e+03	1.670353828656570561e-01	1.029840731405946980e-01	3.044824599713013002e-01	1.927913795543259590e-01	8.959832856164387516e-02	4.138103925427304153e-02	1.017273366520310973e-01
2.235049838708740936e+03	1.664529237482513802e-01	1.025751872822661670e-01	3.048584916443535242e-01	1.930472972149983868e-01	8.971292043565261276e-02	4.146528182059860956e-02	1.018878978537063745e-01
2.249563149349706237e+03	1.658805019529795144e-01	1.021731031180180965e-01	3.052281930491425044e-01	1.932986723426952380e-01	8.982565614589498038e-02	4.154820402817624436e-02	1.020456693629204631e-01
2.264076459990672902e+03	1.653179445272169312e-01	1.017777073082400119e-01	3.055916728462062526e-01	1.935455844354231347e-01	8.993656557824145081e-02	4.162982541782669216e-02	1.022006998866725053e-01
2.278589770631638203e+03	1.647650815050253070e-01	1.013888884023383397e-01	3.059490377446997811e-01	1.937881116407917659e-01	9.004567814233317702e-02	4.171016528847974747e-02	1.023530372761588397e-01
2.293103081272604413e+03	1.642217458551381848e-01	1.010065368074014591e-01	3.063003925410328065e-01	1.940263307773639478e-01	9.015302277907463746e-02	4.178924269806943287e-02	1.025027285417465517e-01
2.307616391913570169e+03	1.636877734298749498e-01	1.006305447573747069e-01	3.066458401565949621e-01	1.942603173557299889e-01	9.025862796800696031e-02	4.186707646453925735e-02	1.026498198677062157e-01
2.322129702554535925e+03	1.631630029149658823e-01	1.002608062827373414e-01	3.069854816745958836e-01	1.944901455993073847e-01	9.036252173456436887e-02	4.194368516695064913e-02	1.027943566267055103e-01
2.336643013195502135e+03	1.626472757802703561e-01	9.989721718067398615e-02	3.073194163760464281e-01	1.947158884648670929e-01	9.046473165721563570e-02	4.201908714668779049e-02	1.029363833940657169e-01
2.351156323836467891e+03	1.621404362313719205e-01	9.953967498573282335e-02	3.076477417749058363e-01	1.949376176627879709e-01	9.056528487449297393e-02	4.209330050875245699e-02	1.030759439617830175e-01
2.365669634477433647e+03	1.616423311620333869e-01	9.918807894096295930e-02	3.079705536524199316e-01	1.951554036770407619e-01	9.066420809191012842e-02	4.216634312314271327e-02	1.032130813523170210e-01
2.380182945118399402e+03	1.611528101074959918e-01	9.884232996952384276e-02	3.082879460906732816e-01	1.953693157849032691e-01	9.076152758877195637e-02	4.223823262630985176e-02	1.033478378321487368e-01
2.394696255759364703e+03	1.606717251986063411e-01	9.850233064675896488e-02	3.086000115053780246e-01	1.955794220764080493e-01	9.085726922487710744e-02	4.230898642268788451e-02	1.034802549251105652e-01
2.409209566400331823e+03	1.601989311167563712e-01	9.816798517272705416e-02	3.089068406779215126e-01	1.957857894735248461e-01	9.095145844711595429e-02	4.237862168629052961e-02	1.036103734254907177e-01
2.423722877041296670e+03	1.597342850496205335e-01	9.783919934518341133e-02	3.092085227866929742e-01	1.959884837490790399e-01	9.104412029596536948e-02	4.244715536237061299e-02	1.037382334109149956e-01
2.438236187682262880e+03	1.592776466476756303e-01	9.751588053300438985e-02	3.095051454377108491e-01	1.961875695454082247e-01	9.113527941188225012e-02	4.251460416913725032e-02	1.038638742550083566e-01
2.452749498323228636e+03	1.588288779814887308e-01	9.719793765004801356e-02	3.097967946945686668e-01	1.963831103927586030e-01	9.122496004159745542e-02	4.258098459952634057e-02	1.039873346398392240e-01
2.467262808964194392e+03	1.583878434997589846e-01	9.688528112944404247e-02	3.100835551077196772e-01	1.965751687274231163e-01	9.131318604431178099e-02	4.264631292302002025e-02	1.041086525681494401e-01
2.481776119605160602e+03	1.579544099880992869e-01	9.657782289830665889e-02	3.103655097431178289e-01	1.967638059096237235e-01	9.139998089779576007e-02	4.271060518751116503e-02	1.042278653753725970e-01
2.496289430246126358e+03	1.575284465285441970e-01	9.627547635286300143e-02	3.106427402102329705e-01	1.969490822411393005e-01	9.148536770439466559e-02	4.277387722120906677e-02	1.043450097414438116e-01
2.510802740887092114e+03	1.571098244597707860e-01	9.597815633399112145e-02	3.109153266894567613e-01	1.971310569826815740e-01	9.156936919694037835e-02	4.283614463458256666e-02	1.044601217024038464e-01
2.525316051528057415e+03	1.566984173380192580e-01	9.568577910316082569e-02	3.111833479589162232e-01	1.973097883710210887e-01	9.165200774457168964e-02	4.289742282233736936e-02	1.045732366618005171e-01
2.539829362169024080e+03	1.562941008987004943e-01	9.539826231877106266e-02	3.114468814207109748e-01	1.974853336358655953e-01	9.173330535846438427e-02	4.295772696542408259e-02	1.046843894018904542e-01
2.554342672809989381e+03	1.558967530186779471e-01	9.511552501287737216e-02	3.117060031265880271e-01	1.976577490164928286e-01	9.181328369747265850e-02	4.301707203307402611e-02	1.047936140946441747e-01
2.568855983450955591e+03	1.555062536792117811e-01	9.483748756830352733e-02	3.119607878030712933e-01	1.978270897781400084e-01	9.189196407368316333e-02	4.307547278485974324e-02	1.049009443125574759e-01
2.583369294091921347e+03	1.551224849295526897e-01	9.456407169613081920e-02	3.122113088760579136e-01	1.979934102281525610e-01	9.196936745788325540e-02	4.313294377277757108e-02	1.050064130392721340e-01
2.597882604732887103e+03	1.547453308511742009e-01	9.429520041355932136e-02	3.124576384948964392e-01	1.981567637318939479e-01	9.204551448494457944e-02	4.318949934334946616e-02	1.051100526800090168e-01
2.612395915373853313e+03	1.543746775226312318e-01	9.403079802213497318e-02	3.126998475559598645e-01	1.983172027284193228e-01	9.212042545912343949e-02	4.324515363974174020e-02	1.052118950718163581e-01
2.626909226014819069e+03	1.540104129850341230e-01	9.377079008633666668e-02	3.129380057257268311e-01	1.984747787459153201e-01	9.219412035927929128e-02	4.329992060389821484e-02	1.053119714936364970e-01
2.641422536655784825e+03	1.536524272081264686e-01	9.351510341251759173e-02	3.131721814633829370e-01	1.986295424169081669e-01	9.226661884401247959e-02	4.335381397868561665e-02	1.054103126761937320e-01
2.655935847296750580e+03	1.533006120569562480e-01	9.326366602819506635e-02	3.134024420429545876e-01	1.987815434932428960e-01	9.233794025672265038e-02	4.340684731004909591e-02	1.055069488117064413e-01
2.670449157937716336e+03	1.529548612591292711e-01	9.301640716168341205e-02	3.136288535749875983e-01	1.989308308608357112e-01	9.240810363058893362e-02	4.345903394917583623e-02	1.056019095634262994e-01
2.684962468578682547e+03	1.526150703726346369e-01	9.277325722206399006e-02	3.138514810277808209e-01	1.990774525542021167e-01	9.247712769347314621e-02	4.351038705466486745e-02	1.056952240750074490e-01
2.699475779219648302e+03	1.522811367542317440e-01	9.253414777948755499e-02	3.140703882481870046e-01	1.992214557707636113e-01	9.254503087274713879e-02	4.356091959470132641e-02	1.057869209797086263e-01
2.713989089860614058e+03	1.519529595283887757e-01	9.229901154580281986e-02	3.142856379819907175e-01	1.993628868849346980e-01	9.261183130004566055e-02	4.361064434923342392e-02	1.058770284094309039e-01
2.728502400501579814e+03	1.516304395567628915e-01	9.206778235550650002e-02	3.144972918938741535e-01	1.995017914619933996e-01	9.267754681594551902e-02	4.365957391215054967e-02	1.059655740035940347e-01
2.743015711142545115e+03	1.513134794082122980e-01	9.184039514700952089e-02	3.147054105869802609e-01	1.996382142717374464e-01	9.274219497457251993e-02	4.370772069346099548e-02	1.060525849178540064e-01
2.757529021783511780e+03	1.510019833293307912e-01	9.161678594421393540e-02	3.149100536220840185e-01	1.997721993019287434e-01	9.280579304813700581e-02	4.375509692146793694e-02	1.061380878326646932e-01
2.772042332424477081e+03	1.506958572154951659e-01	9.139689183839601327e-02	3.151112795363797958e-01	1.999037897715283119e-01	9.286835803139928402e-02	4.380171464494224398e-02	1.062221089616863373e-01
2.786555643065443292e+03	1.503950085824166394e-01	9.118065097039015909e-02	3.153091458618952347e-01	2.000330281437250335e-01	9.292990664606581852e-02	4.384758573529095455e-02	1.063046740600432638e-01
2.801068953706408593e+03	1.500993465381872394e-01	9.096800251306881580e-02	3.155037091435399232e-01	2.001599561387595871e-01	9.299045534511748978e-02	4.389272188872015562e-02	1.063858084324338232e-01
2.815582264347374803e+03	1.498087817558120260e-01	9.075888665411363521e-02	3.156950249567974098e-01	2.002846147465471016e-01	9.305002031707060306e-02	4.393713462839121675e-02	1.064655369410950209e-01
2.830095574988341014e+03	1.495232264462190430e-01	9.055324457907311386e-02	3.158831479250687746e-01	2.004070442391004403e-01	9.310861749017201872e-02	4.398083530656930751e-02	1.065438840136243015e-01
2.844608885629306769e+03	1.492425943317378934e-01	9.035101845470198956e-02	3.160681317366767495e-01	2.005272841827567820e-01	9.316626253652908474e-02	4.402383510676322054e-02	1.066208736506612104e-01
2.859122196270272525e+03	1.489668006200392525e-01	9.015215141257783282e-02	3.162500291615373271e-01	2.006453734502101349e-01	9.322297087617559264e-02	4.406614504585557729e-02	1.066965294334312198e-01
2.873635506911238281e+03	1.486957619785265472e-01	8.995658753299021204e-02	3.164288920675062955e-01	2.007613502323521426e-01	9.327875768107465881e-02	4.410777597622260460e-02	1.067708745311544694e-01
2.888148817552204036e+03	1.484293965091721679e-01	8.976427182909811620e-02	3.166047714364095267e-01	2.008752520499236527e-01	9.333363787905933628e-02	4.414873858784259392e-02	1.068439317083215018e-01
2.902662128193170247e+03	1.481676237237903038e-01	8.957515023135111110e-02	3.167777173797627355e-01	2.009871157649796292e-01	9.338762615771205311e-02	4.418904341039240485e-02	1.069157233318386441e-01
2.917175438834136003e+03	1.479103645197384631e-01	8.938916957217001025e-02	3.169477791541883138e-01	2.010969775921698788e-01	9.344073696818387675e-02	4.422870081533119418e-02	1.069862713780451863e-01
2.931688749475101758e+03	1.476575411560403228e-01	8.920627757088259169e-02	3.171150051765362354e-01	2.012048731098379228e-01	9.349298452895417333e-02	4.426772101797080139e-02	1.070555974396048687e-01
2.946202060116067514e+03	1.474090772299225804e-01	8.902642281891047504e-02	3.172794430387153031e-01	2.013108372709406790e-01	9.354438282953195238e-02	4.430611407953220088e-02	1.071237227322737184e-01
2.960715370757033725e+03	1.471648976537578146e-01	8.884955476520280115e-02	3.174411395222415111e-01	2.014149044137911737e-01	9.359494563409949397e-02	4.434388990918738949e-02	1.071906681015466906e-01
2.975228681397999480e+03	1.469249286324072756e-01	8.867562370191264809e-02	3.176001406125093518e-01	2.015171082726269769e-01	9.364468648509934046e-02	4.438105826608618881e-02	1.072564540291851415e-01
2.989741992038964781e+03	1.466890976409555847e-01	8.850458075031249205e-02	3.177564915127923939e-01	2.016174819880063029e-01	9.369361870676522208e-02	4.441762876136760851e-02	1.073211006396273537e-01
3.004255302679930992e+03	1.464573334028310969e-01	8.833637784694420292e-02	3.179102366579792949e-01	2.017160581170348022e-01	9.374175540859810973e-02	4.445361086015515301e-02	1.073846277062842774e-01
3.018768613320896748e+03	1.462295658683047950e-01	8.817096773000034082e-02	3.180614197280505762e-01	2.018128686434249586e-01	9.378910948878795006e-02	4.448901388353580094e-02	1.074470546577224600e-01
3.033281923961862958e+03	1.460057261933611628e-01	8.800830392593247953e-02	3.182100836613021011e-01	2.019079449873905363e-01	9.383569363758199888e-02	4.452384701052219257e-02	1.075084005837363826e-01
3.047795234602828714e+03	1.457857467189345169e-01	8.784834073628303153e-02	3.183562706673203069e-01	2.020013180153786003e-01	9.388152034060064099e-02	4.455811927999774047e-02	1.075686842413120653e-01
3.062308545243794470e+03	1.455695609505044397e-01	8.769103322473680018e-02	3.185000222397148528e-01	2.020930180496412210e-01	9.392660188210125161e-02	4.459183959264435143e-02	1.076279240604839649e-01
3.076821855884760225e+03	1.453571035380439025e-01	8.753633720438863675e-02	3.186413791686142916e-01	2.021830748776493603e-01	9.397095034819120951e-02	4.462501671285242638e-02	1.076861381500870685e-01
3.091335166525725526e+03	1.451483102563140004e-01	8.738420922522370515e-02	3.187803815529283158e-01	2.022715177613511051e-01	9.401457762999054779e-02	4.465765927061293716e-02	1.077433443034063049e-01
3.105848477166692192e+03	1.449431179854992480e-01	8.723460656180664907e-02	3.189170688123833530e-01	2.023583754462764672e-01	9.405749542674508856e-02	4.468977576339133728e-02	1.077995600037248564e-01
3.120361787807657493e+03	1.447414646921771075e-01	8.708748720117642783e-02	3.190514796993348945e-01	2.024436761704911936e-01	9.409971524889100547e-02	4.472137455798308459e-02	1.078548024297732860e-01
3.134875098448624158e+03	1.445432894106167820e-01	8.694280983094332393e-02	3.191836523103618317e-01	2.025274476734017781e-01	9.414124842107110536e-02	4.475246389235061628e-02	1.079090884610815204e-01
3.149388409089589004e+03	1.443485322244004165e-01	8.680053382758459724e-02	3.193136240976475748e-01	2.026097172044135086e-01	9.418210608510411974e-02	4.478305187744164445e-02	1.079624346832351034e-01
3.163901719730555214e+03	1.441571342483618789e-01	8.666061924493582980e-02	3.194414318801513941e-01	2.026905115314444339e-01	9.422229920290722816e-02	4.481314649898852920e-02	1.080148573930377748e-01
3.178415030371521425e+03	1.439690376108372361e-01	8.652302680287445036e-02	3.195671118545753142e-01	2.027698569492966396e-01	9.426183855937278477e-02	4.484275561928875026e-02	1.080663726035818728e-01
3.192928341012487181e+03	1.437841854362217620e-01	8.638771787619237141e-02	3.196906996061306128e-01	2.028477792878876917e-01	9.430073476519992837e-02	4.487188697896633133e-02	1.081169960492283505e-01
3.207441651653452936e+03	1.436025218278275117e-01	8.625465448365451926e-02	3.198122301191073102e-01	2.029243039203439125e-01	9.433899825968164454e-02	4.490054819871405756e-02	1.081667431904980714e-01
3.221954962294418237e+03	1.434239918510370748e-01	8.612379927724019002e-02	3.199317377872517576e-01	2.029994557709575431e-01	9.437663931344811297e-02	4.492874678101652780e-02	1.082156292188758140e-01
3.236468272935384903e+03	1.432485415167477627e-01	8.599511553156431731e-02	3.200492564239549864e-01	2.030732593230102911e-01	9.441366803116678363e-02	4.495649011185397226e-02	1.082636690615289554e-01
3.250981583576350204e+03	1.430761177651012628e-01	8.586856713347551517e-02	3.201648192722565955e-01	2.031457386264649834e-01	9.445009435420013977e-02	4.498378546238673836e-02	1.083108773859418478e-01
3.265494894217316414e+03	1.429066684494939565e-01	8.574411857182787089e-02	3.202784590146678378e-01	2.032169173055273226e-01	9.448592806322149429e-02	4.501063999062053511e-02	1.083572686044680516e-01
3.280008204858282170e+03	1.427401423208628506e-01	8.562173492742397585e-02	3.203902077828167938e-01	2.032868185660799965e-01	9.452117878078970803e-02	4.503706074305233870e-02	1.084028568788013569e-01
3.294521515499247926e+03	1.425764890122425410e-01	8.550138186312583599e-02	3.205000971669200172e-01	2.033554652029909704e-01	9.455585597388325991e-02	4.506305465629701495e-02	1.084476561243673948e-01
3.309034826140214136e+03	1.424156590235882702e-01	8.538302561413133041e-02	3.206081582250832618e-01	2.034228796072979628e-01	9.458996895639432134e-02	4.508862855869465863e-02	1.084916800146372290e-01
