4.208860085880095880e+02	4.263503805791385437e-01	2.749453685117438373e-01	1.305215885519129260e-01	7.826514202649433039e-02	4.239681643532996341e-02	1.476973186117525212e-02	3.275097203403284224e-02
4.353993192289755143e+02	4.212420205595430733e-01	2.716894956657789906e-01	1.342796762526381749e-01	8.046541367395972089e-02	4.335338846110962929e-02	1.505169432457476551e-02	3.391831106222328168e-02
4.499126298699413837e+02	4.162249254861410952e-01	2.684868850827245024e-01	1.379523149470014975e-01	8.262903142644027754e-02	4.428673431103986174e-02	1.534083267053109635e-02	3.507927607594927416e-02
4.644259405109071963e+02	4.112973391042610838e-01	2.653367005514825627e-01	1.415419381015694256e-01	8.475664012146091886e-02	4.519797990282731215e-02	1.563636492039331694e-02	3.623303729783299010e-02
4.789392511518730657e+02	4.064575460564270881e-01	2.622381173266882248e-01	1.450509057839705906e-01	8.684886727708353293e-02	4.608815923257054276e-02	1.593756570925092611e-02	3.737883861383671513e-02
4.934525617928388783e+02	4.017038705404182286e-01	2.591903220370538885e-01	1.484815051967778854e-01	8.890632405238617364e-02	4.695822332505838331e-02	1.624376198827163012e-02	3.851599285986141707e-02
5.079658724338048046e+02	3.970346750302934380e-01	2.561925125936214687e-01	1.518359515262402426e-01	9.092960613430271788e-02	4.780904826125335905e-02	1.655432909211779213e-02	3.964387736199863344e-02
5.224791830747705035e+02	3.924483590566758551e-01	2.532438980975866283e-01	1.551163890501793263e-01	9.291929455679771854e-02	4.864144238080402027e-02	1.686868713722874946e-02	4.076192972055538155e-02
5.369924937157364866e+02	3.879433580428381378e-01	2.503436987474317865e-01	1.583248924567578209e-01	9.487595645785218412e-02	4.945615274687947815e-02	1.718629772018591753e-02	4.186964382788239264e-02
5.515058043567023560e+02	3.835181421933592238e-01	2.474911457451653973e-01	1.614634683323236397e-01	9.680014577928072739e-02	5.025387095121820052e-02	1.750666088844879745e-02	4.296656611003175918e-02
5.660191149976681118e+02	3.791712154323350625e-01	2.446854812015198388e-01	1.645340567822434763e-01	9.869240391398445555e-02	5.103523832890603795e-02	1.782931235850136048e-02	4.405229198233744092e-02
5.805324256386339812e+02	3.749011143883245190e-01	2.419259580400034693e-01	1.675385331536514699e-01	1.005532603048646251e-01	5.180085064493192976e-02	1.815382095891362318e-02	4.512646250913799478e-02
5.950457362795999643e+02	3.707064074233926698e-01	2.392118398997417072e-01	1.704787098334345496e-01	1.023832329992745982e-01	5.255126230791540981e-02	1.847978627803348317e-02	4.618876125803521998e-02
6.095590469205657200e+02	3.665856937037860197e-01	2.365424010370734964e-01	1.733563380986281877e-01	1.041828291625707115e-01	5.328699016046786752e-02	1.880683649800586263e-02	4.723891133929557229e-02
6.240723575615315895e+02	3.625376023099304290e-01	2.339169262258969650e-01	1.761731099997675409e-01	1.059525455540319822e-01	5.400851689036131886e-02	1.913462639859440928e-02	4.827667262124502034e-02
6.385856682024975726e+02	3.585607913835912597e-01	2.313347106567801292e-01	1.789306602606865471e-01	1.076928689681531381e-01	5.471629410196329063e-02	1.946283551587691882e-02	4.930183911277638553e-02
6.530989788434633283e+02	3.546539473101697482e-01	2.287950598348708064e-01	1.816305681808308981e-01	1.094042766440719155e-01	5.541074508319169395e-02	1.979116644231860081e-02	5.031423650437399919e-02
6.676122894844290840e+02	3.508157839342392892e-01	2.262972894766554499e-01	1.842743595283956037e-01	1.110872366456686494e-01	5.609226729949394474e-02	2.011934325601460669e-02	5.131371985936009766e-02
6.821256001253949535e+02	3.470450418065423870e-01	2.238407254056280493e-01	1.868635084145504055e-01	1.127422082146719295e-01	5.676123464300978499e-02	2.044711006804997636e-02	5.230017144737512946e-02
6.966389107663608229e+02	3.433404874607794421e-01	2.214247034469400965e-01	1.893994391407149147e-01	1.143696420989165075e-01	5.741799946209362460e-02	2.077422967796547365e-02	5.327349871241759960e-02
7.111522214073266923e+02	3.397009127186243482e-01	2.190485693211099705e-01	1.918835280123179776e-01	1.159699808577278751e-01	5.806289439371001976e-02	2.110048232825333450e-02	5.423363236808412258e-02
7.256655320482924481e+02	3.361251340214969630e-01	2.167116785368751741e-01	1.943171051137504712e-01	1.175436591462499514e-01	5.869623401884048464e-02	2.142566454964924677e-02	5.518052461296538841e-02
7.401788426892584312e+02	3.326119917877123910e-01	2.144133962832750206e-01	1.967014560403224643e-01	1.190911039803874416e-01	5.931831635891943177e-02	2.174958808974525662e-02	5.611414745946571858e-02
7.546921533302243006e+02	3.291603497937106715e-01	2.121530973210537518e-01	1.990378235839838084e-01	1.206127349839013763e-01	5.992942422942462016e-02	2.207207891813160044e-02	5.703449116962187870e-02
7.692054639711900563e+02	3.257690945781483438e-01	2.099301658734750720e-01	2.013274093703820988e-01	1.221089646190741812e-01	6.052982646505770253e-02	2.239297630189152066e-02	5.794156279179875357e-02
7.837187746121558121e+02	3.224371348677061433e-01	2.077439955166398011e-01	2.035713754455294455e-01	1.235801984022475569e-01	6.111977902944160795e-02	2.271213194582881803e-02	5.883538479243437258e-02
7.982320852531219089e+02	3.191634010235346319e-01	2.055939890693977146e-01	2.057708458109440142e-01	1.250268351054338589e-01	6.169952602091370586e-02	2.302940919230950234e-02	5.971599377729422398e-02
8.127453958940876646e+02	3.159468445073257969e-01	2.034795584829432458e-01	2.079269079066377868e-01	1.264492669451060258e-01	6.226930058479007019e-02	2.334468227605177373e-02	6.058343929697301150e-02
8.272587065350534203e+02	3.127864373660529385e-01	2.014001247301833442e-01	2.100406140417479806e-01	1.278478797591835470e-01	6.282932574140016879e-02	2.365783562960808994e-02	6.143778273165162451e-02
8.417720171760191761e+02	3.096811717344833403e-01	1.993551176949633907e-01	2.121129827729688611e-01	1.292230531731518306e-01	6.337981513823016944e-02	2.396876323565318503e-02	6.227909625037692659e-02
8.562853278169851592e+02	3.066300593546145148e-01	1.973439760612346605e-01	2.141450002312384193e-01	1.305751607561775329e-01	6.392097373365340784e-02	2.427736802252695308e-02	6.310746184038222573e-02
8.707986384579510286e+02	3.036321311112376575e-01	1.953661472022437395e-01	2.161376213973821847e-01	1.319045701680147675e-01	6.445299841895860138e-02	2.458356129978438512e-02	6.392297040220648596e-02
8.853119490989170117e+02	3.006864365828746388e-01	1.934210870698214180e-01	2.180917713276188941e-01	1.332116432974334852e-01	6.497607858469871267e-02	2.488726223077980873e-02	6.472572090660076716e-02
8.998252597398827675e+02	2.977920436073808186e-01	1.915082600838460269e-01	2.200083463299953579e-01	1.344967363928441240e-01	6.549039663676876899e-02	2.518839733956176191e-02	6.551581960943080041e-02
9.143385703808486369e+02	2.949480378615418896e-01	1.896271390219511355e-01	2.218882150929486208e-01	1.357602001857382279e-01	6.599612846707117453e-02	2.548690004958121397e-02	6.629337932099538255e-02
9.288518810218145063e+02	2.921535224540346420e-01	1.877772049095463580e-01	2.237322197672938495e-01	1.370023800075165221e-01	6.649344388313403742e-02	2.578271025192116830e-02	6.705851872638106392e-02
9.433651916627801484e+02	2.894076175311544596e-01	1.859579469102146665e-01	2.255411770030130714e-01	1.382236159002297182e-01	6.698250700060780216e-02	2.607577390094247341e-02	6.781136175366546393e-02
9.578785023037459041e+02	2.867094598947453887e-01	1.841688622165477129e-01	2.273158789422741743e-01	1.394242427217158853e-01	6.746347660217039133e-02	2.636604263541051513e-02	6.855203698696364645e-02
9.723918129447120009e+02	2.840582026318009823e-01	1.824094559414759231e-01	2.290570941701469687e-01	1.406045902455793639e-01	6.793650646601727405e-02	2.665347342332189187e-02	6.928067712148527901e-02
9.869051235856777566e+02	2.814530147552314898e-01	1.806792410101481228e-01	2.307655686245040361e-01	1.417649832564212009e-01	6.840174566679622925e-02	2.693802822879125258e-02	6.999741845793534811e-02
1.001418434226643626e+03	2.788930808553216623e-01	1.789777380524106287e-01	2.324420264666026137e-01	1.429057416406970538e-01	6.885933885156220180e-02	2.721967369948662813e-02	7.070240043374681482e-02
1.015931744867609382e+03	2.763776007614287544e-01	1.773044752959342663e-01	2.340871709138409029e-01	1.440271804735496763e-01	6.930942649307288150e-02	2.749838087321895136e-02	7.139576518878219813e-02
1.030445055508575479e+03	2.739057892134932337e-01	1.756589884600328333e-01	2.357016850361708937e-01	1.451296101019340923e-01	6.975214512251706744e-02	2.777412490239823326e-02	7.207765716328125294e-02
1.044958366149541234e+03	2.714768755429595726e-01	1.740408206502150890e-01	2.372862325176303688e-01	1.462133362243284163e-01	7.018762754356287770e-02	2.804688479516688135e-02	7.274822272596444261e-02
1.059471676790506763e+03	2.690901033627236538e-01	1.724495222535079586e-01	2.388414583844306882e-01	1.472786599672989694e-01	7.061600302942853957e-02	2.831664317210987741e-02	7.340760983032795783e-02
1.073984987431472746e+03	2.667447302657446340e-01	1.708846508345872317e-01	2.403679897010076449e-01	1.483258779591671017e-01	7.103739750451314172e-02	2.858338603752355947e-02	7.405596769728435558e-02
1.088498298072438729e+03	2.644400275319770954e-01	1.693457710327478938e-01	2.418664362354067676e-01	1.493552824010044022e-01	7.145193371197634813e-02	2.884710256429971753e-02	7.469344652241541316e-02
1.103011608713404712e+03	2.621752798432979703e-01	1.678324544597446788e-01	2.433373910953382790e-01	1.503671611351644899e-01	7.185973136852223664e-02	2.910778489155053939e-02	7.532019720620948544e-02
1.117524919354370468e+03	2.599497850061180393e-01	1.663442795985304035e-01	2.447814313361958427e-01	1.513617977115423452e-01	7.226090730752239566e-02	2.936542793416306238e-02	7.593637110575555960e-02
1.132038229995336451e+03	2.577628536813854065e-01	1.648808317029169523e-01	2.461991185422924000e-01	1.523394714517365411e-01	7.265557561150573496e-02	2.962002920352985527e-02	7.654211980646070945e-02
1.146551540636302207e+03	2.556138091217008412e-01	1.634417026981825338e-01	2.475909993825229916e-01	1.533004575112747736e-01	7.304384773494450311e-02	2.987158863875589293e-02	7.713759491244610855e-02
1.161064851277267962e+03	2.535019869152803640e-01	1.620264910826452742e-01	2.489576061416213237e-01	1.542450269400496843e-01	7.342583261817939300e-02	3.012010844769076948e-02	7.772294785436086040e-02
1.175578161918233945e+03	2.514267347365137795e-01	1.606348018302221625e-01	2.502994572281329599e-01	1.551734467410999796e-01	7.380163679324680537e-02	3.036559295718048099e-02	7.829832971343145265e-02
1.190091472559199701e+03	2.493874121028782920e-01	1.592662462939899437e-01	2.516170576601846065e-01	1.560859799278598026e-01	7.417136448230106371e-02	3.060804847197468384e-02	7.886389106063920740e-02
1.204604783200165684e+03	2.473833901379802191e-01	1.579204421107625045e-01	2.529108995300847762e-01	1.569828855799891565e-01	7.453511768925970282e-02	3.084748314176386300e-02	7.941978180998736370e-02
1.219118093841131440e+03	2.454140513405074775e-01	1.565970131066981852e-01	2.541814624487490071e-01	1.578644188978884089e-01	7.489299628524243024e-02	3.108390683585608716e-02	7.996615108488597246e-02
1.233631404482097196e+03	2.434787893588863383e-01	1.552955892039478147e-01	2.554292139709005149e-01	1.587308312559907730e-01	7.524509808832222091e-02	3.131733102503603955e-02	8.050314709674384617e-02
1.248144715123063179e+03	2.415770087714453063e-01	1.540158063283535994e-01	2.566546100019557186e-01	1.595823702549190315e-01	7.559151893805951539e-02	3.154776867017913128e-02	8.103091703491521747e-02
1.262658025764028707e+03	2.397081248718987423e-01	1.527573063182068036e-01	2.578580951874639982e-01	1.604192797725845498e-01	7.593235276524833155e-02	3.177523411722164154e-02	8.154960696720345292e-02
1.277171336404994690e+03	2.378715634599715689e-01	1.515197368340711059e-01	2.590401032859319663e-01	1.612418000142996077e-01	7.626769165726428323e-02	3.199974299811376988e-02	8.205936175017526646e-02
1.291684647045960673e+03	2.360667606369933336e-01	1.503027512696771539e-01	2.602010575258247305e-01	1.620501675619687443e-01	7.659762591936986054e-02	3.222131213740654643e-02	8.256032494858717152e-02
1.306197957686926657e+03	2.342931626063002037e-01	1.491060086638922311e-01	2.613413709474999291e-01	1.628446154224175713e-01	7.692224413230067115e-02	3.243995946414589271e-02	8.305263876327100003e-02
1.320711268327892412e+03	2.325502254782878808e-01	1.479291736137682556e-01	2.624614467307945231e-01	1.636253730749130109e-01	7.724163320642794817e-02	3.265570392876779304e-02	8.353644396686808749e-02
1.335224578968857941e+03	2.308374150799677171e-01	1.467719161886701928e-01	2.635616785089503478e-01	1.643926665179236135e-01	7.755587843276653959e-02	3.286856542470789622e-02	8.401187984684120591e-02
1.349737889609823924e+03	2.291542067688834838e-01	1.456339118454852699e-01	2.646424506695326251e-01	1.651467183151642537e-01	7.786506353107439105e-02	3.307856471445661667e-02	8.447908415523090742e-02
1.364251200250789907e+03	2.275000852512531480e-01	1.445148413449132141e-01	2.657041386429621621e-01	1.658877476409652552e-01	7.816927069526810601e-02	3.328572335980758967e-02	8.493819306465813512e-02
1.378764510891755890e+03	2.258745444042054018e-01	1.434143906688364334e-01	2.667471091792535942e-01	1.666159703250021107e-01	7.846858063635990532e-02	3.349006365606269769e-02	8.538934113010748783e-02
1.393277821532721646e+03	2.242770871019869605e-01	1.423322509387682233e-01	2.677717206135221684e-01	1.673315988964183265e-01	7.876307262310382196e-02	3.369160856997143599e-02	8.583266125605666652e-02
1.407791132173687402e+03	2.227072250460208624e-01	1.412681183353763359e-01	2.687783231207936940e-01	1.680348426273715057e-01	7.905282452052288245e-02	3.389038168119583999e-02	8.626828466854651045e-02
1.422304442814653157e+03	2.211644785987021133e-01	1.402216940190785244e-01	2.697672589606261440e-01	1.687259075760285665e-01	7.933791282647474630e-02	3.408640712710449966e-02	8.669634089181293968e-02
1.436817753455619140e+03	2.196483766208208732e-01	1.391926840517060393e-01	2.707388627120269065e-01	1.694049966290348541e-01	7.961841270639991031e-02	3.427970955071135695e-02	8.711695772912754487e-02
1.451331064096585123e+03	2.181584563125083254e-01	1.381807993192301909e-01	2.716934614991233232e-01	1.700723095434779064e-01	7.989439802638473309e-02	3.447031405158545309e-02	8.753026124751753234e-02
1.465844374737550879e+03	2.166942630576046414e-01	1.371857554555467040e-01	2.726313752080237740e-01	1.707280429883657469e-01	8.016594138466044683e-02	3.465824613956833972e-02	8.793637576605775608e-02
1.480357685378516862e+03	2.152553502713521472e-01	1.362072727673122041e-01	2.735529166952828661e-01	1.713723905856367469e-01	8.043311414164953932e-02	3.484353169114522142e-02	8.833542384744853815e-02
1.494870996019482618e+03	2.138412792513209870e-01	1.352450761598262552e-01	2.744583919883643031e-01	1.720055429507166833e-01	8.069598644866164683e-02	3.502619690832496635e-02	8.872752629261237978e-02
1.509384306660448374e+03	2.124516190314778008e-01	1.342988950639520118e-01	2.753481004784743003e-01	1.726276877326365089e-01	8.095462727533288272e-02	3.520626827989247615e-02	8.911280213806113681e-02
1.523897617301414357e+03	2.110859462393120112e-01	1.333684633640686568e-01	2.762223351061211529e-01	1.732390096537235469e-01	8.120910443589500483e-02	3.538377254490460838e-02	8.949136865580210876e-02
1.538410927942380113e+03	2.097438449559369533e-01	1.324535193270472422e-01	2.770813825397365759e-01	1.738396905488766575e-01	8.145948461435374710e-02	3.555873665830839442e-02	8.986334135556757474e-02
1.552924238583346096e+03	2.084249065790864941e-01	1.315538055322428290e-01	2.779255233476787823e-01	1.744299094044351739e-01	8.170583338864956247e-02	3.573118775856704704e-02	9.022883398916729802e-02
1.567437549224311852e+03	2.071287296889307294e-01	1.306690688024936542e-01	2.787550321639211681e-01	1.750098423966504058e-01	8.194821525386798700e-02	3.590115313718574008e-02	9.058795855677743980e-02
1.581950859865277607e+03	2.058549199166372634e-01	1.297990601361194707e-01	2.795701778477139299e-01	1.755796629297671219e-01	8.218669364456174242e-02	3.606866021003521383e-02	9.094082531499245170e-02
1.596464170506243590e+03	2.046030898156069866e-01	1.289435346399094573e-01	2.803712236374920619e-01	1.761395416737213115e-01	8.242133095624175343e-02	3.623373649037692212e-02	9.128754278647871478e-02
1.610977481147209119e+03	2.033728587353160200e-01	1.281022514630910103e-01	2.811584272992904698e-01	1.766896466014609146e-01	8.265218856608984310e-02	3.639640956349887019e-02	9.162821777108015597e-02
1.625490791788175102e+03	2.021638526976978767e-01	1.272749737322697583e-01	2.819320412699111711e-01	1.772301430258938215e-01	8.287932685294174817e-02	3.655670706287619115e-02	9.196295535823674483e-02
1.640004102429141085e+03	2.009757042760024481e-01	1.264614684873313355e-01	2.826923127950777270e-01	1.777611936364683065e-01	8.310280521658552910e-02	3.671465664777533860e-02	9.229185894058669626e-02
1.654517413070107068e+03	1.998080524760698362e-01	1.256615066182950879e-01	2.834394840627986745e-01	1.782829585353891966e-01	8.332268209641686962e-02	3.687028598222515108e-02	9.261503022863261381e-02
1.669030723711072824e+03	1.986605426199603841e-01	1.248748628031097624e-01	2.841737923321513981e-01	1.787955952734738285e-01	8.353901498948951287e-02	3.702362271528219367e-02	9.293256926636038473e-02
1.683544034352038352e+03	1.975328262318831463e-01	1.241013154463811718e-01	2.848954700576861176e-01	1.792992588856503200e-01	8.375186046799666661e-02	3.717469446252193860e-02	9.324457444770806180e-02
1.698057344993004335e+03	1.964245609263676196e-01	1.233406466190216239e-01	2.856047450096417251e-01	1.797941019261007634e-01	8.396127419621596255e-02	3.732352878869065610e-02	9.355114253378903066e-02
1.712570655633970318e+03	1.953354102986249174e-01	1.225926419988107446e-01	2.863018403901531617e-01	1.802802745030518961e-01	8.416731094694850090e-02	3.747015319145673845e-02	9.385236867078143586e-02
1.727083966274936301e+03	1.942650438170470950e-01	1.218570908118574853e-01	2.869869749456224195e-01	1.807579243132148294e-01	8.437002461748012438e-02	3.761459508620337150e-02	9.414834640840201441e-02
1.741597276915902057e+03	1.932131367177939152e-01	1.211337857749527763e-01	2.876603630754175911e-01	1.812271966758757236e-01	8.456946824509113669e-02	3.775688179180738263e-02	9.443916771888882788e-02
1.756110587556867813e+03	1.921793699014187062e-01	1.204225230388022289e-01	2.883222149370536225e-01	1.816882345666388232e-01	8.476569402213857130e-02	3.789704051735230672e-02	9.472492301642310153e-02
1.770623898197833569e+03	1.911634298314867642e-01	1.197231021321285144e-01	2.889727365480032617e-01	1.821411786508231878e-01	8.495875331073354797e-02	3.803509834972625125e-02	9.500570117692586081e-02
1.785137208838799552e+03	1.901650084351397263e-01	1.190353259066327107e-01	2.896121298842787017e-01	1.825861673165141419e-01	8.514869665703454771e-02	3.817108224205786188e-02	9.528158955816962150e-02
1.799650519479765535e+03	1.891838030055629782e-01	1.183590004828039832e-01	2.902405929759168668e-01	1.830233367072705841e-01	8.533557380517593771e-02	3.830501900294609741e-02	9.555267402015076017e-02
1.814163830120731291e+03	1.882195161063123512e-01	1.176939351965672065e-01	2.908583199994950741e-01	1.834528207544889877e-01	8.551943371084994028e-02	3.843693528644185481e-02	9.581903894567177227e-02
1.828677140761696819e+03	1.872718554774589483e-01	1.170399425467575777e-01	2.914655013677984186e-01	1.838747512094248415e-01	8.570032455455842135e-02	3.856685758274163572e-02	9.608076726108732979e-02
1.843190451402663257e+03	1.863405339435118546e-01	1.163968381434118543e-01	2.920623238167534552e-01	1.842892576748726419e-01	8.587829375455048597e-02	3.869481220955569428e-02	9.633794045717115895e-02
1.857703762043628785e+03	1.854252693230796500e-01	1.157644406568655304e-01	2.926489704897375366e-01	1.846964676365047131e-01	8.605338797946006368e-02	3.882082530411472276e-02	9.659063861006499108e-02
1.872217072684594768e+03	1.845257843402322850e-01	1.151425717676454047e-01	2.932256210193677770e-01	1.850965064938699389e-01	8.622565316065716745e-02	3.894492281578133819e-02	9.683894040227331024e-02
1.886730383325560297e+03	1.836418065375272635e-01	1.145310561171469510e-01	2.937924516068692316e-01	1.854894975910529042e-01	8.639513450432523278e-02	3.906713049923421499e-02	9.708292314367143738e-02
1.901243693966526507e+03	1.827730681906635513e-01	1.139297212590861252e-01	2.943496350991159360e-01	1.858755622469942526e-01	8.656187650327652749e-02	3.918747390819428411e-02	9.732266279249661423e-02
1.915757004607492036e+03	1.819193062247285164e-01	1.133383976117149222e-01	2.948973410634354586e-01	1.862548197854729803e-01	8.672592294851630412e-02	3.930597838966416041e-02	9.755823397629492799e-02
1.930270315248458019e+03	1.810802621320045935e-01	1.127569184107905659e-01	2.954357358602624495e-01	1.866273875647513347e-01	8.688731694056614496e-02	3.942266907865334818e-02	9.778971001279886111e-02
1.944783625889424002e+03	1.802556818913017556e-01	1.121851196632876607e-01	2.959649827137226241e-01	1.869933810068832025e-01	8.704610090055588112e-02	3.953757089336316921e-02	9.801716293071303931e-02
1.959296936530389530e+03	1.794453158887846511e-01	1.116228401018433819e-01	2.964852417802252837e-01	1.873529136266868789e-01	8.720231658109309225e-02	3.965070853080667618e-02	9.824066349038734769e-02
1.973810247171355968e+03	1.786489188402626549e-01	1.110699211399251707e-01	2.969966702151390914e-01	1.877060970603827428e-01	8.735600507691858307e-02	3.976210646284016048e-02	9.846028120435884601e-02
1.988323557812321269e+03	1.778662497149128274e-01	1.105262068277109294e-01	2.974994222376209363e-01	1.880530410938973107e-01	8.750720683535564981e-02	3.987178893258393891e-02	9.867608435774566367e-02
2.002836868453287707e+03	1.770970716604056971e-01	1.099915438086716268e-01	2.979936491936664988e-01	1.883938536908341399e-01	8.765596166656033916e-02	3.997977995121131112e-02	9.888814002847766405e-02
2.017350179094252780e+03	1.763411519294056651e-01	1.094657812768463218e-01	2.984794996174467974e-01	1.887286410201128584e-01	8.780230875357973586e-02	4.008610329508559278e-02	9.909651410735027810e-02
2.031863489735218764e+03	1.755982618074177215e-01	1.089487709347996824e-01	2.989571192909918351e-01	1.890575074832776259e-01	8.794628666222471802e-02	4.019078250322623974e-02	9.930127131788932249e-02
2.046376800376184747e+03	1.748681765419530243e-01	1.084403669522520930e-01	2.994266513022812437e-01	1.893805557414757479e-01	8.808793335076314790e-02	4.029384087508586926e-02	9.950247523601600530e-02
2.060890111017150957e+03	1.741506752729868046e-01	1.079404259253727294e-01	2.998882361017968790e-01	1.896978867421078851e-01	8.822728617943924323e-02	4.039530146862104626e-02	9.970018830950244659e-02
2.075403421658116713e+03	1.734455409646826485e-01	1.074488068367259047e-01	3.003420115575925475e-01	1.900095997451515806e-01	8.836438191982454171e-02	4.049518709864057681e-02	9.989447187720923438e-02
2.089916732299082469e+03	1.727525603383576192e-01	1.069653710158610382e-01	3.007881130089308797e-01	1.903157923491586578e-01	8.849925676400545449e-02	4.059352033541566845e-02	1.000853861880977580e-01
2.104430042940048224e+03	1.720715238066638508e-01	1.064899821005368535e-01	3.012266733185374190e-01	1.906165605169286847e-01	8.863194633361221042e-02	4.069032350353739974e-02	1.002729904200106575e-01
2.118943353581013525e+03	1.714022254089620778e-01	1.060225059985703960e-01	3.016578229235189479e-01	1.909119986008596392e-01	8.876248568869360422e-02	4.078561868100737814e-02	1.004573426982150464e-01
2.133456664221980191e+03	1.707444627478638954e-01	1.055628108503017248e-01	3.020816898849900123e-01	1.912021993679775544e-01	8.889090933644187842e-02	4.087942769854839564e-02	1.006385001137035801e-01
2.147969974862945492e+03	1.700980369269196602e-01	1.051107669916647447e-01	3.024983999364522225e-01	1.914872540246465027e-01	8.901725123977176357e-02	4.097177213912238380e-02	1.008165187412497360e-01
2.162483285503912157e+03	1.694627524894293802e-01	1.046662469178555599e-01	3.029080765309661860e-01	1.917672522409611113e-01	8.914154482575739613e-02	4.106267333764373334e-02	1.009914536572136673e-01
2.176996596144877003e+03	1.688384173583551140e-01	1.042291252475889690e-01	3.033108408871562633e-01	1.920422821748229425e-01	8.926382299393073594e-02	4.115215238087661237e-02	1.011633589570962999e-01
2.191509906785843214e+03	1.682248427773131716e-01	1.037992786879344681e-01	3.037068120340863375e-01	1.923124304957029851e-01	8.938411812444495286e-02	4.124023010750536844e-02	1.013322877728396743e-01
2.206023217426809424e+03	1.676218432526251634e-01	1.033765859997228670e-01	3.040961068550415702e-01	1.925777824080917022e-01	8.950246208610593279e-02	4.132692710836783495e-02	1.014982922898718526e-01
2.220536528067775180e+03	1.670292364964079401e-01	1.029609279635148589e-01	3.044788401302524483e-01	1.928384216746392710e-01	8.961888624427513661e-02	4.141226372684169571e-02	1.016614237638956003e-01
2.235049838708740936e+03	1.664468433706817185e-01	1.025521873461229805e-01	3.048551245785933173e-01	1.930944306389874299e-01	8.973342146864650426e-02	4.149626005937467887e-02	1.018217325374203147e-01
2.249563149349706237e+03	1.658744878324775462e-01	1.021502488676785253e-01	3.052250708982883198e-01	1.933458902482952935e-01	8.984609814090047109e-02	4.157893595614976789e-02	1.019792680560369647e-01
2.264076459990672902e+03	1.653119968799249551e-01	1.017549991692349304e-01	3.055887878066543828e-01	1.935928800754614931e-01	8.995694616223749718e-02	4.166031102187699175e-02	1.021340788844366243e-01
2.278589770631638203e+03	1.647592004993003734e-01	1.013663267808995183e-01	3.059463820789118382e-01	1.938354783410444204e-01	9.006599496079388534e-02	4.174040461670393276e-02	1.022862127221728368e-01
2.293103081272604413e+03	1.642159316130194502e-01	1.009841220904853509e-01	3.062979585860902687e-01	1.940737619348832377e-01	9.017327349894219135e-02	4.181923585723729131e-02	1.024357164191690983e-01
2.307616391913570169e+03	1.636820260285540007e-01	1.006082773126750901e-01	3.066436203320566656e-01	1.943078064374215708e-01	9.027881028047857193e-02	4.189682361766840224e-02	1.025826359909725316e-01
2.322129702554535925e+03	1.631573223882573365e-01	1.002386864586890525e-01	3.069834684896933230e-01	1.945376861407366875e-01	9.038263335769931850e-02	4.197318653099585406e-02	1.027270166337552748e-01
2.336643013195502135e+03	1.626416621200798551e-01	9.987524530644946441e-02	3.073176024362486158e-01	1.947634740692761046e-01	9.048477033836872796e-02	4.204834299033875789e-02	1.028689027390652655e-01
2.351156323836467891e+03	1.621348893891592091e-01	9.951785137123325686e-02	3.076461197878865295e-01	1.949852420003044817e-01	9.058524839258035033e-02	4.212231115033444884e-02	1.030083379083284456e-01
2.365669634477433647e+03	1.616368510502678713e-01	9.916640387680572544e-02	3.079691164334573683e-01	1.952030604840628292e-01	9.068409425951359792e-02	4.219510892861486062e-02	1.031453649671044831e-01
2.380182945118399402e+03	1.611473966011025272e-01	9.882080372702754800e-02	3.082866865675119028e-01	1.954169988636430544e-01	9.078133425408758950e-02	4.226675400735597360e-02	1.032800259790981889e-01
2.394696255759364703e+03	1.606663781363995291e-01	9.848095347792761023e-02	3.085989227225813258e-01	1.956271252945798456e-01	9.087699427351420001e-02	4.233726383489503503e-02	1.034123622599292941e-01
2.409209566400331823e+03	1.601936503028610626e-01	9.814675731023445038e-02	3.089059158007427253e-01	1.958335067641630567e-01	9.097109980375187033e-02	4.240665562741068734e-02	1.035424143906629874e-01
2.423722877041296670e+03	1.597290702548771757e-01	9.781812100235900975e-02	3.092077551044908890e-01	1.960362091104726201e-01	9.106367592586206428e-02	4.247494637066109163e-02	1.036702222311039340e-01
2.438236187682262880e+03	1.592724976110286017e-01	9.749495190382155563e-02	3.095045283669353164e-01	1.962352970411390118e-01	9.115474732227001053e-02	4.254215282177564034e-02	1.037958249328566340e-01
2.452749498323228636e+03	1.588237944113562727e-01	9.717715890911562959e-02	3.097963217813405890e-01	1.964308341518320178e-01	9.124433828293124216e-02	4.260829151109591512e-02	1.039192609521550209e-01
2.467262808964194392e+03	1.583828250753835098e-01	9.686465243200240161e-02	3.100832200300293606e-01	1.966228829444798820e-01	9.133247271140552959e-02	4.267337874406196274e-02	1.040405680624641171e-01
2.481776119605160602e+03	1.579494563608766222e-01	9.655734438022814392e-02	3.103653063126630696e-01	1.968115048452222793e-01	9.141917413083978927e-02	4.273743060313983655e-02	1.041597833668569673e-01
2.496289430246126358e+03	1.575235573233310649e-01	9.625514813065845499e-02	3.106426623739195758e-01	1.969967602220994707e-01	9.150446568986139728e-02	4.280046294978694793e-02	1.042769433101698034e-01
2.510802740887092114e+03	1.571049992761690828e-01	9.595797850482240543e-02	3.109153685305814929e-01	1.971787084024801961e-01	9.158837016838314304e-02	4.286249142645164045e-02	1.043920836909386640e-01
2.525316051528057415e+03	1.566936557516366013e-01	9.566575174486006972e-02	3.111835036980524216e-01	1.973574076902316066e-01	9.167090998332161345e-02	4.292353145860376695e-02	1.045052396731205036e-01
2.539829362169024080e+03	1.562894024623860678e-01	9.537838548986701803e-02	3.114471454163146857e-01	1.975329153826334561e-01	9.175210719422997874e-02	4.298359825679311935e-02	1.046164457976022089e-01
2.554342672809989381e+03	1.558921172637331432e-01	9.509579875262937076e-02	3.117063698753444467e-01	1.977052877870395797e-01	9.183198350884662353e-02	4.304270681873277604e-02	1.047257359935004767e-01
2.568855983450955591e+03	1.555016801165749196e-01	9.481791189674314280e-02	3.119612519399972417e-01	1.978745802372895157e-01	9.191056028856102456e-02	4.310087193140460515e-02	1.048331435892560226e-01
2.583369294091921347e+03	1.551179730509574251e-01	9.454464661411188242e-02	3.122118651743770457e-01	1.980408471098728806e-01	9.198785855379792986e-02	4.315810817318418979e-02	1.049387013235251187e-01
2.597882604732887103e+03	1.547408801302809778e-01	9.427592590281598517e-02	3.124582818657040129e-01	1.982041418398494959e-01	9.206389898932121341e-02	4.321442991598280214e-02	1.050424413558720127e-01
2.612395915373853313e+03	1.543702874161317351e-01	9.401167404534847838e-02	3.127005730476908330e-01	1.983645169365277627e-01	9.213870194945857073e-02	4.326985132740392148e-02	1.051443952772651569e-01
2.626909226014819069e+03	1.540060829337283332e-01	9.375181658721069844e-02	3.129388085234419692e-01	1.985220239989045066e-01	9.221228746324811043e-02	4.332438637291212424e-02	1.052445941203806745e-01
2.641422536655784825e+03	1.536481566379719332e-01	9.349628031586228183e-02	3.131730568878865473e-01	1.986767137308688425e-01	9.228467523950825702e-02	4.337804881801225060e-02	1.053430683697162279e-01
2.655935847296750580e+03	1.532964003800898478e-01	9.324499324001976619e-02	3.134033855497571630e-01	1.988286359561727279e-01	9.235588467183172834e-02	4.343085223043671034e-02	1.054398479715184384e-01
2.670449157937716336e+03	1.529507078748607862e-01	9.299788456929820868e-02	3.136298607531244897e-01	1.989778396331713661e-01	9.242593484350503097e-02	4.348280998233924194e-02	1.055349623435272027e-01
2.684962468578682547e+03	1.526109746684128077e-01	9.275488469419010396e-02	3.138525475985001201e-01	1.991243728693359860e-01	9.249484453235432002e-02	4.353393525249307783e-02	1.056284403845398900e-01
2.699475779219648302e+03	1.522770981065821039e-01	9.251592516637612007e-02	3.140715100635165791e-01	1.992682829355419405e-01	9.256263221551884468e-02	4.358424102849208642e-02	1.057203104837986102e-01
2.713989089860614058e+03	1.519489773038238956e-01	9.228093867936248973e-02	3.142868110231953338e-01	1.994096162801347882e-01	9.262931607415288149e-02	4.363374010895306604e-02	1.058106005302037467e-01
2.728502400501579814e+03	1.516265131126649790e-01	9.204985904943951969e-02	3.144985122698126245e-01	1.995484185427771895e-01	9.269491399805726561e-02	4.368244510571785144e-02	1.058993379213567232e-01
2.743015711142545115e+03	1.513096080936881527e-01	9.182262119695600022e-02	3.147066745323721104e-01	1.996847345680794472e-01	9.275944359024154706e-02	4.373036844605370649e-02	1.059865495724351819e-01
2.757529021783511780e+03	1.509981664860393646e-01	9.159916112790458809e-02	3.149113574956940997e-01	1.998186084190163303e-01	9.282292217141764612e-02	4.377752237485072612e-02	1.060722619249033910e-01
2.772042332424477081e+03	1.506920941784481716e-01	9.137941591581269507e-02	3.151126198191300243e-01	1.999500833901330377e-01	9.288536678442615990e-02	4.382391895681496397e-02	1.061565009550611005e-01
2.786555643065443292e+03	1.503912986807521279e-01	9.116332368393437191e-02	3.153105191549108732e-01	2.000792020205430510e-01	9.294679419859605551e-02	4.386957007865609215e-02	1.062392921824335812e-01
2.801068953706408593e+03	1.500956890959166679e-01	9.095082358773783071e-02	3.155051121661379132e-01	2.002060061067204022e-01	9.300722091403887393e-02	4.391448745126851766e-02	1.063206606780058294e-01
2.815582264347374803e+03	1.498051760925411813e-01	9.074185579768409560e-02	3.156964545444242987e-01	2.003305367150893523e-01	9.306666316587836052e-02	4.395868261190487292e-02	1.064006310723038945e-01
2.830095574988341014e+03	1.495196718778427081e-01	9.053636148229181335e-02	3.158846010271944005e-01	2.004528341944138981e-01	9.312513692841625779e-02	4.400216692634089516e-02	1.064792275633260482e-01
2.844608885629306769e+03	1.492390901711093398e-01	9.033428279148361661e-02	3.160696054146502343e-01	2.005729381879900741e-01	9.318265791923538433e-02	4.404495159103082036e-02	1.065564739243265169e-01
2.859122196270272525e+03	1.489633461776142531e-01	9.013556284020944609e-02	3.162515205864109835e-01	2.006908876456433566e-01	9.323924160324083277e-02	4.408704763525236187e-02	1.066323935114547178e-01
2.873635506911238281e+03	1.486923565629828248e-01	8.994014569234221046e-02	3.164303985178336664e-01	2.008067208355342470e-01	9.329490319663992504e-02	4.412846592324054518e-02	1.067070092712525259e-01
2.888148817552204036e+03	1.484260394280043083e-01	8.974797634484139863e-02	3.166062902960219416e-01	2.009204753557742029e-01	9.334965767086220167e-02	4.416921715630958006e-02	1.067803437480123324e-01
2.902662128193170247e+03	1.481643142838807992e-01	8.955900071218024505e-02	3.167792461355295464e-01	2.010321881458548843e-01	9.340351975641991711e-02	4.420931187496208309e-02	1.068524190909984489e-01
2.917175438834136003e+03	1.479071020279052739e-01	8.937316561103197943e-02	3.169493153937657515e-01	2.011418954978932139e-01	9.345650394671015104e-02	4.424876046098503990e-02	1.069232570615344935e-01
2.931688749475101758e+03	1.476543249195614305e-01	8.919041874521103919e-02	3.171165465861086052e-01	2.012496330676946110e-01	9.350862450175914664e-02	4.428757313953181340e-02	1.069928790399592433e-01
2.946202060116067514e+03	1.474059065570376970e-01	8.901070869086503967e-02	3.172809874007329056e-01	2.013554358856372295e-01	9.355989545190984691e-02	4.432575998118971905e-02	1.070613060324534793e-01
2.960715370757033725e+03	1.471617718541484154e-01	8.883398488191331099e-02	3.174426847131584517e-01	2.014593383673795590e-01	9.361033060145339257e-02	4.436333090403256352e-02	1.071285586777402377e-01
2.975228681397999480e+03	1.469218470176547053e-01	8.866019759572794923e-02	3.176016846005252359e-01	2.015613743243941103e-01	9.365994353220524760e-02	4.440029567565775132e-02	1.071946572536608827e-01
2.989741992038964781e+03	1.466860595249781518e-01	8.848929793905342678e-02	3.177580323556012387e-01	2.016615769743291819e-01	9.370874760702703477e-02	4.443666391520739722e-02	1.072596216836294580e-01
3.004255302679930992e+03	1.464543381023004631e-01	8.832123783416082063e-02	3.179117725005276562e-01	2.017599789512018738e-01	9.375675597329449773e-02	4.447244509537313928e-02	1.073234715429674246e-01
3.018768613320896748e+03	1.462266127030421581e-01	8.815597000523266169e-02	3.180629488003089422e-01	2.018566123154240943e-01	9.380398156631257478e-02	4.450764854438419432e-02	1.073862260651212708e-01
3.033281923961862958e+03	1.460028144867138444e-01	8.799344796497492183e-02	3.182116042760506636e-01	2.019515085636645335e-01	9.385043711267834765e-02	4.454228344797836470e-02	1.074479041477652136e-01
3.047795234602828714e+03	1.457828757981334267e-01	8.783362600145190602e-02	3.183577812179528843e-01	2.020446986385485977e-01	9.389613513359244823e-02	4.457635885135561443e-02	1.075085243587910189e-01
3.062308545243794470e+03	1.455667301470026653e-01	8.767645916514077431e-02	3.185015211980622984e-01	2.021362129381989725e-01	9.394108794811978358e-02	4.460988366111402065e-02	1.075681049421873536e-01
3.076821855884760225e+03	1.453543121878374256e-01	8.752190325620191891e-02	3.186428650827890507e-01	2.022260813256189227e-01	9.398530767640031480e-02	4.464286664716772546e-02	1.076266638238104895e-01
3.091335166525725526e+03	1.451455577002444541e-01	8.736991481196157427e-02	3.187818530451929644e-01	2.023143331379207710e-01	9.402880624281051425e-02	4.467531644464676349e-02	1.076842186170487575e-01
3.105848477166692192e+03	1.449404035695395776e-01	8.722045109460321854e-02	3.189185245770438937e-01	2.024009971954018883e-01	9.407159537907622271e-02	4.470724155577845277e-02	1.077407866283825316e-01
3.120361787807657493e+03	1.447387877677005219e-01	8.707347007906425518e-02	3.190529185006605317e-01	2.024861018104705257e-01	9.411368662733772539e-02	4.473865035175023097e-02	1.077963848628419319e-01
3.134875098448624158e+03	1.445406493346495791e-01	8.692893044113465806e-02	3.191850729805327247e-01	2.025696747964233213e-01	9.415509134316758788e-02	4.476955107455379140e-02	1.078510300293640117e-01
3.149388409089589004e+03	1.443459283598588772e-01	8.678679154575412447e-02	3.193150255347314004e-01	2.026517434760773950e-01	9.419582069854195994e-02	4.479995183881030352e-02	1.079047385460516206e-01
3.163901719730555214e+03	1.441545659642740618e-01	8.664701343550454404e-02	3.194428130461102189e-01	2.027323346902585866e-01	9.423588568476611027e-02	4.482986063357657924e-02	1.079575265453354971e-01
3.178415030371521425e+03	1.439665042825500063e-01	8.650955681929445307e-02	3.195684717733038860e-01	2.028114748061484729e-01	9.427529711535471979e-02	4.485928532413224756e-02	1.080094098790417845e-01
3.192928341012487181e+03	1.437816864455932209e-01	8.637438306123240706e-02	3.196920373615259603e-01	2.028891897254921084e-01	9.431406562886771039e-02	4.488823365374763202e-02	1.080604041233665380e-01
3.207441651653452936e+03	1.436000565634059645e-01	8.624145416968601041e-02	3.198135448531715941e-01	2.029655048926683747e-01	9.435220169170212279e-02	4.491671324543240751e-02	1.081105245837591100e-01
3.221954962294418237e+03	1.434215597082263705e-01	8.611073278652356389e-02	3.199330286982279281e-01	2.030404453026257716e-01	9.438971560084084833e-02	4.494473160366493220e-02	1.081597862997161624e-01
3.236468272935384903e+03	1.432461418979595891e-01	8.598218217653541551e-02	3.200505227644966921e-01	2.031140355086849258e-01	9.442661748655870046e-02	4.497229611610222000e-02	1.082082040494879438e-01
3.250981583576350204e+03	1.430737500798951178e-01	8.585576621703183697e-02	3.201660603476324529e-01	2.031862996302103708e-01	9.446291731508649203e-02	4.499941405527053268e-02	1.082557923546986489e-01
3.265494894217316414e+03	1.429043321147049350e-01	8.573144938761453893e-02	3.202796741810000625e-01	2.032572613601532630e-01	9.449862489123370124e-02	4.502609258023659855e-02	1.083025654848823044e-01
3.280008204858282170e+03	1.427378367607178844e-01	8.560919676011910506e-02	3.203913964453549701e-01	2.033269439724675054e-01	9.453374986097042021e-02	4.505233873825942315e-02	1.083485374619360259e-01
3.294521515499247926e+03	1.425742136584652875e-01	8.548897398872533360e-02	3.205012587783500622e-01	2.033953703294007487e-01	9.456830171396915508e-02	4.507815946642274030e-02	1.083937220644920069e-01
3.309034826140214136e+03	1.424134133154931203e-01	8.537074730023268276e-02	3.206092922838717496e-01	2.034625628886627124e-01	9.460228978610693562e-02	4.510356159324811071e-02	1.084381328322099741e-01
