4.208860085880095880e+02	4.263503805791385437e-01	2.749453685117438373e-01	1.305215885519129260e-01	7.826514202649433039e-02	4.239681643532996341e-02	1.476973186117525212e-02	3.275097203403284224e-02
4.353993192289755143e+02	4.212511195484394122e-01	2.716808606413081972e-01	1.342809900327971429e-01	8.046940352199716262e-02	4.335630890887809397e-02	1.505035923455077390e-02	3.391095811185698000e-02
4.499126298699413837e+02	4.162421893609616896e-01	2.684705297116330991e-01	1.379540840573669769e-01	8.263644456341263933e-02	4.429207754660996477e-02	1.533839849899748184e-02	3.506627626084591470e-02
4.644259405109071963e+02	4.113219071152799944e-01	2.653134635723353174e-01	1.415434712299205033e-01	8.476696261524227505e-02	4.520528135585819007e-02	1.563304001053519507e-02	3.621587410065633950e-02
4.789392511518730657e+02	4.064886253757710732e-01	2.622087674582243566e-01	1.450516562972508916e-01	8.686163374318403574e-02	4.609698848610170596e-02	1.593353311360599933e-02	3.735879552568976275e-02
4.934525617928388783e+02	4.017407312324517421e-01	2.591555634470698588e-01	1.484810512779573821e-01	8.892111385846575289e-02	4.696818450163890712e-02	1.623918172156647161e-02	3.849417396067773139e-02
5.079658724338048046e+02	3.970766453928553097e-01	2.561529899515740949e-01	1.518339786231544530e-01	9.094603987122454325e-02	4.781977986263724612e-02	1.654934025745760998e-02	3.962122604092460643e-02
5.224791830747705035e+02	3.924948213047944057e-01	2.532002012425542126e-01	1.551126743835343491e-01	9.293703075968211269e-02	4.865261669254297011e-02	1.686340992335097141e-02	4.073924569336891122e-02
5.369924937157364866e+02	3.879937443088776750e-01	2.502963670006214669e-01	1.583192913617797737e-01	9.489468856137174557e-02	4.946747490198456776e-02	1.718083526952420351e-02	4.184759859566844487e-02
5.515058043567023560e+02	3.835719308196699484e-01	2.474406718939042016e-01	1.614559022328456439e-01	9.681959929221489736e-02	5.026507773225585146e-02	1.750110103738692843e-02	4.294571699155044081e-02
5.660191149976681118e+02	3.792279275344092593e-01	2.446323151795917472e-01	1.645245026176931358e-01	9.871233379881998171e-02	5.104609677513750193e-02	1.782372925248748574e-02	4.403309484168885235e-02
5.805324256386339812e+02	3.749603106682252163e-01	2.418705103272874024e-01	1.675270140987174805e-01	1.005734485489830771e-01	5.181115652013400935e-02	1.814827654610797272e-02	4.510928329037282997e-02
5.950457362795999643e+02	3.707676852148304447e-01	2.391544846623466225e-01	1.704652871674154635e-01	1.024034863650042926e-01	5.256083847510001350e-02	1.847433168592282904e-02	4.617388642920831204e-02
6.095590469205657200e+02	3.666486842316890038e-01	2.364834790275477105e-01	1.733411040968281247e-01	1.042029771040955954e-01	5.329568490164641320e-02	1.880151329797512955e-02	4.722655734004604922e-02
6.240723575615315895e+02	3.626019681486979951e-01	2.338567474615962372e-01	1.761561817330083157e-01	1.059724382898415418e-01	5.401620220259827770e-02	1.912946776383401756e-02	4.826699440025167265e-02
6.385856682024975726e+02	3.586262240994516626e-01	2.312735568931039154e-01	1.789121742012354244e-01	1.077123756983834751e-01	5.472286399507651083e-02	1.945786727825261214e-02	4.929493783432444681e-02
6.530989788434633283e+02	3.547201652741889255e-01	2.287331868488082509e-01	1.816106755239598192e-01	1.094232839027276805e-01	5.541611389944912924e-02	1.978640805396376934e-02	5.031016649673049346e-02
6.676122894844290840e+02	3.508825302935603685e-01	2.262349291749124747e-01	1.842532221485325972e-01	1.111056467783275020e-01	5.609636807140889331e-02	2.011480866144442492e-02	5.131249487164182138e-02
6.821256001253949535e+02	3.471120826023820771e-01	2.237780877705290439e-01	1.868412953836879331e-01	1.127599379728575629e-01	5.676401750174614458e-02	2.044280849256046445e-02	5.230177027606494611e-02
6.966389107663608229e+02	3.434076098825766254e-01	2.213619783323020340e-01	1.893763237445133529e-01	1.143866213428824663e-01	5.741943010596859548e-02	2.077016633798385234e-02	5.327787025360132545e-02
7.111522214073266923e+02	3.397679234845338292e-01	2.189859281093682608e-01	1.918596852062879055e-01	1.159861513599231009e-01	5.806295262374637500e-02	2.109665906916215888e-02	5.424070014680665297e-02
7.256655320482924481e+02	3.361918578761552423e-01	2.166492756678928822e-01	1.942927093681033890e-01	1.175589734882381693e-01	5.869491234620446973e-02	2.142208041642636521e-02	5.519019083680780369e-02
7.401788426892584312e+02	3.326782701088761840e-01	2.143513706644837591e-01	1.966766795276268243e-01	1.191055245364670001e-01	5.931561868732541931e-02	2.174623983555402235e-02	5.612629663949508796e-02
7.546921533302243006e+02	3.292260392999901697e-01	2.120915736278517483e-01	1.990128346687217165e-01	1.206262329851203741e-01	5.992536461414119109e-02	2.206896145576874718e-02	5.704899334823435031e-02
7.692054639711900563e+02	3.258340661306276531e-01	2.098692557481402488e-01	2.013023713639353618e-01	1.221215192917585596e-01	6.052442794896738948e-02	2.239008310275989594e-02	5.795827641363917454e-02
7.837187746121558121e+02	3.225012723587716845e-01	2.076837986733980346e-01	2.035464455940878548e-01	1.235917961755585714e-01	6.111307255564948915e-02	2.270945539085411635e-02	5.885415925150855321e-02
7.982320852531219089e+02	3.192266003467173485e-01	2.055345943127165620e-01	2.057461744873740339e-01	1.250374688828460312e-01	6.169154942063433816e-02	2.302694087896861239e-02	5.973667167057143679e-02
8.127453958940876646e+02	3.160090126024098778e-01	2.034210446455938237e-01	2.079026379805208880e-01	1.264589354350489081e-01	6.226009763863897539e-02	2.334241328542888821e-02	6.060585841218701225e-02
8.272587065350534203e+02	3.128474913341205421e-01	2.013425615371264299e-01	2.100168804046339266e-01	1.278565868604217282e-01	6.281894531174997409e-02	2.365575675714606113e-02	6.146177779462964896e-02
8.417720171760191761e+02	3.097410380179438372e-01	1.992985665586640698e-01	2.120899119984265835e-01	1.292308074107871019e-01	6.336831036994111654e-02	2.396686518902400170e-02	6.230450045504158652e-02
8.562853278169851592e+02	3.066886729776226450e-01	1.972884908135937865e-01	2.141227103515561669e-01	1.305819747644480777e-01	6.390840132023414832e-02	2.427564158980860531e-02	6.313410818256487422e-02
8.707986384579510286e+02	3.036894349762301326e-01	1.953117747679488647e-01	2.161162217807994779e-01	1.319104602163378714e-01	6.443941793104020210e-02	2.458199749090279190e-02	6.395069283656902581e-02
8.853119490989170117e+02	3.007423808192590253e-01	1.933678680855627496e-01	2.180713626417880580e-01	1.332166288563923773e-01	6.496155185759881767e-02	2.488585239495515536e-02	6.475435534427219364e-02
8.998252597398827675e+02	2.978465849686882660e-01	1.914562294675129783e-01	2.199890205789950814e-01	1.345008397370569819e-01	6.547498721387212672e-02	2.518713326128913313e-02	6.554520477241380927e-02
9.143385703808486369e+02	2.950011391676171657e-01	1.895763264956199234e-01	2.218700557166245202e-01	1.357634460307693691e-01	6.597990109574634887e-02	2.548577402547613779e-02	6.632335746797485276e-02
9.288518810218145063e+02	2.922051520750761355e-01	1.877276354797857150e-01	2.237153017929998100e-01	1.370047951781959983e-01	6.647646405993713759e-02	2.578171515057220073e-02	6.708893626326137283e-02
9.433651916627801484e+02	2.894577489106394119e-01	1.859096413089755817e-01	2.255255672409879064e-01	1.382252290279408491e-01	6.696484056258318607e-02	2.607490320773483625e-02	6.784206974096664011e-02
9.578785023037459041e+02	2.867580711084838363e-01	1.841218373056599245e-01	2.273016362169271720e-01	1.394250839683896515e-01	6.744518936114067553e-02	2.636529048411746443e-02	6.858289155510965962e-02
9.723918129447120009e+02	2.841052759805531847e-01	1.823637250835505874e-01	2.290442695804516537e-01	1.406046910523016391e-01	6.791766388285511158e-02	2.665283461610359894e-02	6.931153980401261183e-02
9.869051235856777566e+02	2.814985363885015857e-01	1.806348144084768959e-01	2.307542058275289520e-01	1.417643761147143466e-01	6.838241256278311531e-02	2.693749824609414575e-02	7.002815645172937031e-02
1.001418434226643626e+03	2.789370404241068302e-01	1.789346230622603506e-01	2.324321619789467552e-01	1.429044598846823388e-01	6.883957915406205275e-02	2.721924870119938125e-02	7.073288679457073735e-02
1.015931744867609382e+03	2.764199910978561436e-01	1.772626767094565292e-01	2.340788344264016219e-01	1.440252580913312097e-01	6.928930301287723748e-02	2.749805769231393818e-02	7.142587896959175231e-02
1.030445055508575479e+03	2.739466060354210919e-01	1.756185087668440947e-01	2.356948997382606603e-01	1.451270815646698020e-01	6.973171936035114926e-02	2.777390103216920841e-02	7.210728350211241533e-02
1.044958366149541234e+03	2.715161171817509489e-01	1.740016602755486419e-01	2.372810154269826832e-01	1.462102363315696263e-01	7.016695952337620446e-02	2.804675837106416353e-02	7.277725288953613980e-02
1.059471676790506763e+03	2.691277705125253439e-01	1.724116797756984620e-01	2.388378206801036741e-01	1.472750237072880386e-01	7.059515115622796988e-02	2.831661294907333523e-02	7.343594121891168502e-02
1.073984987431472746e+03	2.667808257527191640e-01	1.708481231835156933e-01	2.403659370566085529e-01	1.483217403828818171e-01	7.101641844462933117e-02	2.858345136362040392e-02	7.408350381585356026e-02
1.088498298072438729e+03	2.644745561020431790e-01	1.693105536707550096e-01	2.418659691504312648e-01	1.493506785088307975e-01	7.143088229378469212e-02	2.884726335138838166e-02	7.472009692259515279e-02
1.103011608713404712e+03	2.622082479670335697e-01	1.677985415464060548e-01	2.433385052227457768e-01	1.503621257751657225e-01	7.183866050176636320e-02	2.910804158361317978e-02	7.534587740309776904e-02
1.117524919354370468e+03	2.599812006995741998e-01	1.663116641405834872e-01	2.447841178046340216e-01	1.513563654883702536e-01	7.223986791951146624e-02	2.936578147387700413e-02	7.596100247327801369e-02
1.132038229995336451e+03	2.577927263416446846e-01	1.648495056905325273e-01	2.462033642716417725e-01	1.523336766453064484e-01	7.263461659857456398e-02	2.962048099758224709e-02	7.656562945454625790e-02
1.146551540636302207e+03	2.556421493760954178e-01	1.634116572286836711e-01	2.475967873916606610e-01	1.532943340043922131e-01	7.302301592767941607e-02	2.987214052234562003e-02	7.715991554897151661e-02
1.161064851277267962e+03	2.535288064832599830e-01	1.619977164726935370e-01	2.489649158475050195e-01	1.542386081542409526e-01	7.340517275902058714e-02	3.012076264860666028e-02	7.774401763450175529e-02
1.175578161918233945e+03	2.514520463032230424e-01	1.606072877174135882e-01	2.503082647354835100e-01	1.551667655799564838e-01	7.378119152518124169e-02	3.036635205979491825e-02	7.831809207877565848e-02
1.190091472559199701e+03	2.494112292035689793e-01	1.592399817287321051e-01	2.516273360412020765e-01	1.560790687272601562e-01	7.415117434745698011e-02	3.060891538144647900e-02	7.888229457016161794e-02
1.204604783200165684e+03	2.474057270524444574e-01	1.578954156392377850e-01	2.529226190937698404e-01	1.569757760646132705e-01	7.451522113630658362e-02	3.084846104870308386e-02	7.943677996475334568e-02
1.219118093841131440e+03	2.454349229967745516e-01	1.565732128456564232e-01	2.541945909995222408e-01	1.578571421434835365e-01	7.487342968458679526e-02	3.108499918166655884e-02	7.998170214813825341e-02
1.233631404482097196e+03	2.434982112454787406e-01	1.552730029080155449e-01	2.554437170563161885e-01	1.587234176568922961e-01	7.522589575417129582e-02	3.131854146811775125e-02	8.051721391083653534e-02
1.248144715123063179e+03	2.415949968575390738e-01	1.539944214504935238e-01	2.566704511493981822e-01	1.595748494963681874e-01	7.557271315650168630e-02	3.154910105314274321e-02	8.104346683638498361e-02
1.262658025764028707e+03	2.397246955347788477e-01	1.527371100639128565e-01	2.578752361297935725e-01	1.604116808074212974e-01	7.591397382757081314e-02	3.177669243524035986e-02	8.156061120111059159e-02
1.277171336404994690e+03	2.378867334192159289e-01	1.515007162098390980e-01	2.590585041761158114e-01	1.612341510436431369e-01	7.624976789779557007e-02	3.200133136851367188e-02	8.206879588470515630e-02
1.291684647045960673e+03	2.360805468948596331e-01	1.502848931262489585e-01	2.602206771406452290e-01	1.620424960195282482e-01	7.658018375719682913e-02	3.222303477057499033e-02	8.256816829077452680e-02
1.306197957686926657e+03	2.343055823938259286e-01	1.490892997347327276e-01	2.613621668804839704e-01	1.628369479621051275e-01	7.690530811626865304e-02	3.244182063581849823e-02	8.305887427659351674e-02
1.320711268327892412e+03	2.325612962066497535e-01	1.479136005491985262e-01	2.624833755745488717e-01	1.636177355614565898e-01	7.722522606288573233e-02	3.265770795373759694e-02	8.354105809135144167e-02
1.335224578968857941e+03	2.308471542966784584e-01	1.467574655860464927e-01	2.635846960271229777e-01	1.643850840202026597e-01	7.754002111556869414e-02	3.287071663198520843e-02	8.401486232222409034e-02
1.349737889609823924e+03	2.291626321184343507e-01	1.456205702757834008e-01	2.646665119586493753e-01	1.651392151020125709e-01	7.784977527339970171e-02	3.308086742389512724e-02	8.448042784765406876e-02
1.364251200250789907e+03	2.275072144398387897e-01	1.445025953760484538e-01	2.657291982844124378e-01	1.658803471792066053e-01	7.815456906285564442e-02	3.328818186020063297e-02	8.493789379726607303e-02
1.378764510891755890e+03	2.258803951681939148e-01	1.434032268860235271e-01	2.667731213817164937e-01	1.666086952795032550e-01	7.845448158180412523e-02	3.349268218470373426e-02	8.538739751788369803e-02
1.393277821532721646e+03	2.242816771798222808e-01	1.423221559622007970e-01	2.677986393461403436e-01	1.673244711319617495e-01	7.874959054088651045e-02	3.369439129366404162e-02	8.582907454515301127e-02
1.407791132173687402e+03	2.227105721532679494e-01	1.412590788354831095e-01	2.688061022374136910e-01	1.680278832121660237e-01	7.903997230249357187e-02	3.389333267869104604e-02	8.626305858031335649e-02
1.422304442814653157e+03	2.211666004059660295e-01	1.402136967295920800e-01	2.697958523154312949e-01	1.687191367866913427e-01	7.932570191752202904e-02	3.408953037293725036e-02	8.668948147168874241e-02
1.436817753455619140e+03	2.196492907342913470e-01	1.391857157807610268e-01	2.707682242668937866e-01	1.693984339568915254e-01	7.960685316008464518e-02	3.428300890040220095e-02	8.710847320050427167e-02
1.451331064096585123e+03	2.181581802568993422e-01	1.381748469586898953e-01	2.717235454230365610e-01	1.700659737020410178e-01	7.988349856033215290e-02	3.447379322816937486e-02	8.752016187066047337e-02
1.465844374737550879e+03	2.166928142612761787e-01	1.371808059887401898e-01	2.726621359688838342e-01	1.707219519218623471e-01	8.015570943553201877e-02	3.466190872140891693e-02	8.792467370212536659e-02
1.480357685378516862e+03	2.152527460534169601e-01	1.362033132753486808e-01	2.735843091444400965e-01	1.713665614784678215e-01	8.042355591953732896e-02	3.484738110098940800e-02	8.832213302762859097e-02
1.494870996019482618e+03	2.138375368105542018e-01	1.352420938266397643e-01	2.744903714382103677e-01	1.719999922377397350e-01	8.068710699076774018e-02	3.503023640355151097e-02	8.871266229236556000e-02
1.509384306660448374e+03	2.124467554368617561e-01	1.342968771802161287e-01	2.753806227734171275e-01	1.726224311101731412e-01	8.094643049881473928e-02	3.521050094390525131e-02	8.909638205644075659e-02
1.523897617301414357e+03	2.110799784220605546e-01	1.333673973301085225e-01	2.762553566872644195e-01	1.732340620912008744e-01	8.120159318977407392e-02	3.538820127962092471e-02	8.947341099979949641e-02
1.538410927942380113e+03	2.097367897028562522e-01	1.324533926548659701e-01	2.771148605035791967e-01	1.738350663010200525e-01	8.145266073039962584e-02	3.556336417769164621e-02	8.984386592941624727e-02
1.552924238583346096e+03	2.084167805271403551e-01	1.315546058467679524e-01	2.779594154991411048e-01	1.744256220239365773e-01	8.169969773116576850e-02	3.573601658315256335e-02	9.020786178852470416e-02
1.567437549224311852e+03	2.071195493208891347e-01	1.306707838421407586e-01	2.787892970639986867e-01	1.750059047472428131e-01	8.194276776831756204e-02	3.590618558954875028e-02	9.056551166769129246e-02
1.581950859865277607e+03	2.058447015576959360e-01	1.298016777527606358e-01	2.796047748560495094e-01	1.755760871996420447e-01	8.218193340498224086e-02	3.607389841115003076e-02	9.091692681754856564e-02
1.596464170506243590e+03	2.045918496308753443e-01	1.289470427983267775e-01	2.804061129501499439e-01	1.761363393892317886e-01	8.241725621140912061e-02	3.623918235681706373e-02	9.126221666301892466e-02
1.610977481147209119e+03	2.033606127280791487e-01	1.281066382399873582e-01	2.811935699820053980e-01	1.766868286410568367e-01	8.264879678439970845e-02	3.640206480542840933e-02	9.160148881887211769e-02
1.625490791788175102e+03	2.021506167083656769e-01	1.272802273149027663e-01	2.819673992870773693e-01	1.772277196342422201e-01	8.287661476598495724e-02	3.656257318278369889e-02	9.193484910647224673e-02
1.640004102429141085e+03	2.009614939816665724e-01	1.264675771718296871e-01	2.827278490347330253e-01	1.777591744387143347e-01	8.310076886140183028e-02	3.672073493990272997e-02	9.226240157158079047e-02
1.654517413070107068e+03	1.997928833905956991e-01	1.256684588077108256e-01	2.834751623578486979e-01	1.782813525515185848e-01	8.332131685641723517e-02	3.687657753264504679e-02	9.258424850309292242e-02
1.669030723711072824e+03	1.986444300945477415e-01	1.248826470052547821e-01	2.842095774780701856e-01	1.787944109327400943e-01	8.353831563404347238e-02	3.703012840257875055e-02	9.290049045259399230e-02
1.683544034352038352e+03	1.975157854560342929e-01	1.241099202714913002e-01	2.849313278269199334e-01	1.792985040410343400e-01	8.375182119068597109e-02	3.718141495903133642e-02	9.321122625463180988e-02
1.698057344993004335e+03	1.964066069292079442e-01	1.233500607772871904e-01	2.856406421629322234e-01	1.797937838687728163e-01	8.396188865176061611e-02	3.733046456225914272e-02	9.351655304760905785e-02
1.712570655633970318e+03	1.953165579505254101e-01	1.226028542978083308e-01	2.863377446849878494e-01	1.802803999768091137e-01	8.416857228681512426e-02	3.747730450767546018e-02	9.381656629520768176e-02
1.727083966274936301e+03	1.942453078315026227e-01	1.218680901539138939e-01	2.870228551420112018e-01	1.807584995288698815e-01	8.437192552418613933e-02	3.762196201108089499e-02	9.411135980826423886e-02
1.741597276915902057e+03	1.931925316535158810e-01	1.211455611544686312e-01	2.876961889391841942e-01	1.812282273255745035e-01	8.457200096522139721e-02	3.776446419484239675e-02	9.440102576702193160e-02
1.756110587556867813e+03	1.921579101646043453e-01	1.204350635395596558e-01	2.883579572408221381e-01	1.816897258380875124e-01	8.476885039809339828e-02	3.790483807497051216e-02	9.468565474369136648e-02
1.770623898197833569e+03	1.911411296782307423e-01	1.197363969246043741e-01	2.890083670700525631e-01	1.821431352414067395e-01	8.496252481122991418e-02	3.804311054904715300e-02	9.496533572525753253e-02
1.785137208838799552e+03	1.901418819739575938e-01	1.190493642453361173e-01	2.896476214054268250e-01	1.825885934472902816e-01	8.515307440638360259e-02	3.817930838495871976e-02	9.524015613647590639e-02
1.799650519479765535e+03	1.891598641999985841e-01	1.183737717036546649e-01	2.902759192745912875e-01	1.830262361368249213e-01	8.534054861136210202e-02	3.831345821039192079e-02	9.551020186300562820e-02
1.814163830120731291e+03	1.881947787776043768e-01	1.177094287143287260e-01	2.908934558451358177e-01	1.834561967926384984e-01	8.552499609243773004e-02	3.844558650305181929e-02	9.577555727463210600e-02
1.828677140761696819e+03	1.872463333072446889e-01	1.170561478525377758e-01	2.915004225127336146e-01	1.838786067307585093e-01	8.570646476645485401e-02	3.857571958156394420e-02	9.603630524853566663e-02
1.843190451402663257e+03	1.863142404765480153e-01	1.164137448022409399e-01	2.920970069866788421e-01	1.842935951321190702e-01	8.588500181265117106e-02	3.870388359702428560e-02	9.629252719256674309e-02
1.857703762043628785e+03	1.853982179699628918e-01	1.157820383053604352e-01	2.926833933729251491e-01	1.847012890737178559e-01	8.606065368420826034e-02	3.883010452516285488e-02	9.654430306849168253e-02
1.872217072684594768e+03	1.844979883801040610e-01	1.151608501117677430e-01	2.932597622547215011e-01	1.851018135594252600e-01	8.623346611954527119e-02	3.895440815908841892e-02	9.679171141517689536e-02
1.886730383325560297e+03	1.836132791207489290e-01	1.145500049300605949e-01	2.938262907709385252e-01	1.854952915504472499e-01	8.640348415336882026e-02	3.907682010258359956e-02	9.703482937168148026e-02
1.901243693966526507e+03	1.827438223414502849e-01	1.139493303791187656e-01	2.943831526921723563e-01	1.858818439954434409e-01	8.657075212749094917e-02	3.919736576392129912e-02	9.727373270023215168e-02
1.915757004607492036e+03	1.818893548437314212e-01	1.133586569404276129e-01	2.949305184947106917e-01	1.862615898603024178e-01	8.673531370142616159e-02	3.931607035017471719e-02	9.750849580905618375e-02
1.930270315248458019e+03	1.810496179988320964e-01	1.127778179111575130e-01	2.954685554324406604e-01	1.866346461575750793e-01	8.689721186277778175e-02	3.943295886199488925e-02	9.773919177505115130e-02
1.944783625889424002e+03	1.802243576669728953e-01	1.122066493579882696e-01	2.959974276067739440e-01	1.870011279755683931e-01	8.705648893742298777e-02	3.954805608883091989e-02	9.796589236627178954e-02
1.959296936530389530e+03	1.794133241181075367e-01	1.116449900716671717e-01	2.965172960346625919e-01	1.873611485071001170e-01	8.721318659950534624e-02	3.966138660456927645e-02	9.818866806421722160e-02
1.973810247171355968e+03	1.786162719541330990e-01	1.110926815222900155e-01	2.970283187147738091e-01	1.877148190779167891e-01	8.736734588124273060e-02	3.977297476356991823e-02	9.840758808590291395e-02
1.988323557812321269e+03	1.778329600325286308e-01	1.105495678152942085e-01	2.975306506918904415e-01	1.880622491747758751e-01	8.751900718255817280e-02	3.988284469707804175e-02	9.862272040570391196e-02
2.002836868453287707e+03	1.770631513913932531e-01	1.100154956481531748e-01	2.980244441195994409e-01	1.884035464731938225e-01	8.766821028054072595e-02	3.999102030999133334e-02	9.883413177695755947e-02
2.017350179094252780e+03	1.763066131758564692e-01	1.094903142677619012e-01	2.985098483213287635e-01	1.887388168648613251e-01	8.781499433874234706e-02	4.009752527796360544e-02	9.904188775331498884e-02
2.031863489735218764e+03	1.755631165658324833e-01	1.089738754285029670e-01	2.989870098497896533e-01	1.890681644847276854e-01	8.795939791631710025e-02	4.020238304482681019e-02	9.924605270983265226e-02
2.046376800376184747e+03	1.748324367050925754e-01	1.084660333509830515e-01	2.994560725448804916e-01	1.893916917377552744e-01	8.810145897700807915e-02	4.030561682031413850e-02	9.944668986379578968e-02
2.060890111017150957e+03	1.741143526316289991e-01	1.079666446814298575e-01	2.999171775901020021e-01	1.897094993253462536e-01	8.824121489798705809e-02	4.040724957806789142e-02	9.964386129526731084e-02
2.075403421658116713e+03	1.734086472092853104e-01	1.074755684517392368e-01	3.003704635675371049e-01	1.900216862714427524e-01	8.837870247855182659e-02	4.050730405391663597e-02	9.983762796735659584e-02
2.089916732299082469e+03	1.727151070606277594e-01	1.069926660401631507e-01	3.008160665114406052e-01	1.903283499483022223e-01	8.851395794868542610e-02	4.060580274440691445e-02	1.000280497462033569e-01
2.104430042940048224e+03	1.720335225010341251e-01	1.065178011326285146e-01	3.012541199604866771e-01	1.906295861019501325e-01	8.864701697748163245e-02	4.070276790557546959e-02	1.002151854206729392e-01
2.118943353581013525e+03	1.713636874739757898e-01	1.060508396846774198e-01	3.016847550087162211e-01	1.909254888773108949e-01	8.877791468144027864e-02	4.079822155194871153e-02	1.003990927217601747e-01
2.133456664221980191e+03	1.707053994874696279e-01	1.055916498840193812e-01	3.021081003552278932e-01	1.912161508430199053e-01	8.890668563263627588e-02	4.089218545575684649e-02	1.005798283416995814e-01
2.147969974862945492e+03	1.700584595516778375e-01	1.051401021136863928e-01	3.025242823526516633e-01	1.915016630159173672e-01	8.903336386676548309e-02	4.098468114635053089e-02	1.007574479527802852e-01
2.162483285503912157e+03	1.694226721176325667e-01	1.046960689157814123e-01	3.029334250544445939e-01	1.917821148852268121e-01	8.915798289107058905e-02	4.107572990980876138e-02	1.009320062258649009e-01
2.176996596144877003e+03	1.687978450170643796e-01	1.042594249558114750e-01	3.033356502610448646e-01	1.920575944364197873e-01	8.928057569215006040e-02	4.116535278872705816e-02	1.011035568486120251e-01
2.191509906785843214e+03	1.681837894033130221e-01	1.038300469875964305e-01	3.037310775649207373e-01	1.923281881747685995e-01	8.940117474365280592e-02	4.125357058217571371e-02	1.012721525434023551e-01
2.206023217426809424e+03	1.675803196932996453e-01	1.034078138187444762e-01	3.041198243945475443e-01	1.925939811485894437e-01	8.951981201386109699e-02	4.134040384581821881e-02	1.014378450849692248e-01
2.220536528067775180e+03	1.669872535105405009e-01	1.029926062766858691e-01	3.045020060573457865e-01	1.928550569721778629e-01	8.963651897316439465e-02	4.142587289218060964e-02	1.016006853177346403e-01
2.235049838708740936e+03	1.664044116291820141e-01	1.025843071752562674e-01	3.048777357816117028e-01	1.931114978484387845e-01	8.975132660142606800e-02	4.150999779106281234e-02	1.017607231728520356e-01
2.249563149349706237e+03	1.658316179190378048e-01	1.021828012818211950e-01	3.052471247574708446e-01	1.933633845912130778e-01	8.986426539524546009e-02	4.159279837008363068e-02	1.019180076849576511e-01
2.264076459990672902e+03	1.652686992916088393e-01	1.017879752849334268e-01	3.056102821768831856e-01	1.936107966473031572e-01	8.997536537511713339e-02	4.167429421535128603e-02	1.020725870086326287e-01
2.278589770631638203e+03	1.647154856470678941e-01	1.013997177625149404e-01	3.059673152727278578e-01	1.938538121181996865e-01	9.008465609248936246e-02	4.175450467225194640e-02	1.022245084345779487e-01
2.293103081272604413e+03	1.641718098221902900e-01	1.010179191505554130e-01	3.063183293569943233e-01	1.940925077815118249e-01	9.019216663672366407e-02	4.183344884634896538e-02	1.023738184055051625e-01
2.307616391913570169e+03	1.636375075392129952e-01	1.006424717123192841e-01	3.066634278581057971e-01	1.943269591121032924e-01	9.029792564195707194e-02	4.191114560438594094e-02	1.025205625317451991e-01
2.322129702554535925e+03	1.631124173556044443e-01	1.002732695080535974e-01	3.070027123574000649e-01	1.945572403029367792e-01	9.040196129386889046e-02	4.198761357538711297e-02	1.026647856065787540e-01
2.336643013195502135e+03	1.625963806147285307e-01	9.991020836518862969e-02	3.073362826247905688e-01	1.947834242856287812e-01	9.050430133635341268e-02	4.206287115184868808e-02	1.028065316212909974e-01
2.351156323836467891e+03	1.620892413973855362e-01	9.955318584902381196e-02	3.076642366536325723e-01	1.950055827507179429e-01	9.060497307810026768e-02	4.213693649101539485e-02	1.029458437799541243e-01
2.365669634477433647e+03	1.615908464742137063e-01	9.920210123389139323e-02	3.079866706948147237e-01	1.952237861676485720e-01	9.070400339908372966e-02	4.220982751623645474e-02	1.030827645139410637e-01
2.380182945118399402e+03	1.611010452589356490e-01	9.885685547479036717e-02	3.083036792900989420e-01	1.954381038044728236e-01	9.080141875696230713e-02	4.228156191839571587e-02	1.032173354961739564e-01
2.394696255759364703e+03	1.606196897624337372e-01	9.851735117948327847e-02	3.086153553047276676e-01	1.956486037472731920e-01	9.089724519339023590e-02	4.235215715741078024e-02	1.033495976551108558e-01
2.409209566400331823e+03	1.601466345476389441e-01	9.818349258104877575e-02	3.089217899593206806e-01	1.958553529193085285e-01	9.099150834024177792e-02	4.242163046379635732e-02	1.034795911884746761e-01
2.423722877041296670e+03	1.596817366852184561e-01	9.785518551088259742e-02	3.092230728610780299e-01	1.960584170998859455e-01	9.108423342574993586e-02	4.248999884028716034e-02	1.036073555767276777e-01
2.438236187682262880e+03	1.592248557100467421e-01	9.753233737214027366e-02	3.095192920343093901e-01	1.962578609429611598e-01	9.117544528056047148e-02	4.255727906351602224e-02	1.037329295962957781e-01
2.452749498323228636e+03	1.587758535784460634e-01	9.721485711361416149e-02	3.098105339503077760e-01	1.964537479954701071e-01	9.126516834370253239e-02	4.262348768574304725e-02	1.038563513325461984e-01
2.467262808964194392e+03	1.583345946261821291e-01	9.690265520403841537e-02	3.100968835565831583e-01	1.966461407153945740e-01	9.135342666847713622e-02	4.268864103663188442e-02	1.039776581925225679e-01
2.481776119605160602e+03	1.579009455272009088e-01	9.659564360681487105e-02	3.103784243054751313e-01	1.968351004895642076e-01	9.144024392826434477e-02	4.275275522506925135e-02	1.040968869174411365e-01
2.496289430246126358e+03	1.574747752530930855e-01	9.629373575515327854e-02	3.106552381821587328e-01	1.970206876511978455e-01	9.152564342225033567e-02	4.281584614102430103e-02	1.042140735949523278e-01
2.510802740887092114e+03	1.570559550332726317e-01	9.599684652761945880e-02	3.109274057320600138e-01	1.972029614971868294e-01	9.160964808107543988e-02	4.287792945744428597e-02	1.043292536711712265e-01
2.525316051528057415e+03	1.566443583158568242e-01	9.570489222408462560e-02	3.111950060876966240e-01	1.973819803051232169e-01	9.169228047240401969e-02	4.293902063218341808e-02	1.044424619624811229e-01
2.539829362169024080e+03	1.562398607292344588e-01	9.541779054206996069e-02	3.114581169949569572e-01	1.975578013500752794e-01	9.177356280641732478e-02	4.299913490996177395e-02	1.045537326671140133e-01
2.554342672809989381e+03	1.558423400443099405e-01	9.513546055347972541e-02	3.117168148388334004e-01	1.977304809211132830e-01	9.185351694123022881e-02	4.305828732435137279e-02	1.046630993765118312e-01
2.568855983450955591e+03	1.554516761374107325e-01	9.485782268171701059e-02	3.119711746686219533e-01	1.979000743375884108e-01	9.193216438823267889e-02	4.311649269978670013e-02	1.047705950864723928e-01
2.583369294091921347e+03	1.550677509538465892e-01	9.458479867917594930e-02	3.122212702226024317e-01	1.980666359651670760e-01	9.200952631735703768e-02	4.317376565359700574e-02	1.048762522080837895e-01
2.597882604732887103e+03	1.546904484721079720e-01	9.431631160510450806e-02	3.124671739522120739e-01	1.982302192316242329e-01	9.208562356227199819e-02	4.323012059805791951e-02	1.049801025784511954e-01
2.612395915373853313e+03	1.543196546686926296e-01	9.405228580383163950e-02	3.127089570457241563e-01	1.983908766423976844e-01	9.216047662550398700e-02	4.328557174246003975e-02	1.050821774712197426e-01
2.626909226014819069e+03	1.539552574835489351e-01	9.379264688335343936e-02	3.129466894514443820e-01	1.985486597959064681e-01	9.223410568348716643e-02	4.334013309519223200e-02	1.051825076068972770e-01
2.641422536655784825e+03	1.535971467861243778e-01	9.353732169427210474e-02	3.131804399004364803e-01	1.987036193986362886e-01	9.230653059154256268e-02	4.339381846583752200e-02	1.052811231629805777e-01
2.655935847296750580e+03	1.532452143420088286e-01	9.328623830908240600e-02	3.134102759287883955e-01	1.988558052799943299e-01	9.237777088878741660e-02	4.344664146727957726e-02	1.053780537838889947e-01
2.670449157937716336e+03	1.528993537801614233e-01	9.303932600179989909e-02	3.136362638994299457e-01	1.990052664069364985e-01	9.244784580297553400e-02	4.349861551781793179e-02	1.054733285907087509e-01
2.684962468578682547e+03	1.525594605607107357e-01	9.279651522792546625e-02	3.138584690235125541e-01	1.991520508983699589e-01	9.251677425526941279e-02	4.354975384329004551e-02	1.055669761907518100e-01
2.699475779219648302e+03	1.522254319433179737e-01	9.255773760474075851e-02	3.140769553813616000e-01	1.992962060393334567e-01	9.258457486494506283e-02	4.360006947919855408e-02	1.056590246869325844e-01
2.713989089860614058e+03	1.518971669560928717e-01	9.232292589192932220e-02	3.142917859430111038e-01	1.994377782949582067e-01	9.265126595403015697e-02	4.364957527284213379e-02	1.057495016869661464e-01
2.728502400501579814e+03	1.515745663650525654e-01	9.209201397251794152e-02	3.145030225883308495e-01	1.995768133242123710e-01	9.271686555187659551e-02	4.369828388544835102e-02	1.058384343123912608e-01
2.743015711142545115e+03	1.512575326441135126e-01	9.186493683413329836e-02	3.147107261267548806e-01	1.997133559934314295e-01	9.278139139966794235e-02	4.374620779430716394e-02	1.059258492074216795e-01
2.757529021783511780e+03	1.509459699456071058e-01	9.164163055056863405e-02	3.149149563166211974e-01	1.998474503896375820e-01	9.284486095486284285e-02	4.379335929490362628e-02	1.060117725476289602e-01
2.772042332424477081e+03	1.506397840713094294e-01	9.142203226365572255e-02	3.151157718841307021e-01	1.999791398336505377e-01	9.290729139557486749e-02	4.383975050304854404e-02	1.060962300484601245e-01
2.786555643065443292e+03	1.503388824439760851e-01	9.120608016543670094e-02	3.153132305419353298e-01	2.001084668929926647e-01	9.296869962488986394e-02	4.388539335700591265e-02	1.061792469735933636e-01
2.801068953706408593e+03	1.500431740793729263e-01	9.099371348063155229e-02	3.155073890073623599e-01	2.002354733945910237e-01	9.302910227512131702e-02	4.393029961961585073e-02	1.062608481431349117e-01
2.815582264347374803e+03	1.497525695587940131e-01	9.078487244939584255e-02	3.156983030202838991e-01	2.003602004372790346e-01	9.308851571200466024e-02	4.397448088041213538e-02	1.063410579416603358e-01
2.830095574988341014e+03	1.494669810020580747e-01	9.057949831036454791e-02	3.158860273606395319e-01	2.004826884041003288e-01	9.314695603883120512e-02	4.401794855773317333e-02	1.064199003261030868e-01
2.844608885629306769e+03	1.491863220409747615e-01	9.037753328397682417e-02	3.160706158656196307e-01	2.006029769744174795e-01	9.320443910052228498e-02	4.406071390082552663e-02	1.064973988334934618e-01
2.859122196270272525e+03	1.489105077932726118e-01	9.017892055607756863e-02	3.162521214465167096e-01	2.007211051358283871e-01	9.326098048764476511e-02	4.410278799193904226e-02	1.065735765885509334e-01
2.873635506911238281e+03	1.486394548369802671e-01	8.998360426179109750e-02	3.164305961052525928e-01	2.008371111958925648e-01	9.331659554036805804e-02	4.414418174841280851e-02	1.066484563111326361e-01
2.888148817552204036e+03	1.483730811852530806e-01	8.979152946966241500e-02	3.166060909505883370e-01	2.009510327936703256e-01	9.337129935236386513e-02	4.418490592475107781e-02	1.067220603235409238e-01
2.902662128193170247e+03	1.481113062616371545e-01	8.960264216606202148e-02	3.167786562140232909e-01	2.010629069110772826e-01	9.342510677464910263e-02	4.422497111468843417e-02	1.067944105576927594e-01
2.917175438834136003e+03	1.478540508757629213e-01	8.941688923984952853e-02	3.169483412653912313e-01	2.011727698840563017e-01	9.347803241937283070e-02	4.426438775324352537e-02	1.068655285621537554e-01
2.931688749475101758e+03	1.476012371994608885e-01	8.923421846729234774e-02	3.171151946281588474e-01	2.012806574135702353e-01	9.353009066354768530e-02	4.430316611876072147e-02	1.069354355090393754e-01
2.946202060116067514e+03	1.473527887432917738e-01	8.905457849723497077e-02	3.172792639944340132e-01	2.013866045764173551e-01	9.358129565272688133e-02	4.434131633493899188e-02	1.070041522007860874e-01
2.960715370757033725e+03	1.471086303334842027e-01	8.887791883651470493e-02	3.174405962396895653e-01	2.014906458358720620e-01	9.363166130462703685e-02	4.437884837284755690e-02	1.070716990767949517e-01
2.975228681397999480e+03	1.468686880892720314e-01	8.870418983562010362e-02	3.175992374372084703e-01	2.015928150521535400e-01	9.368120131269787321e-02	4.441577205292775166e-02	1.071380962199502823e-01
2.989741992038964781e+03	1.466328894006249661e-01	8.853334267458802531e-02	3.177552328722570985e-01	2.016931454927245460e-01	9.372992914963917954e-02	4.445209704698054737e-02	1.072033633630156829e-01
3.004255302679930992e+03	1.464011629063650954e-01	8.836532934913518544e-02	3.179086270559912664e-01	2.017916698424231103e-01	9.377785807086595760e-02	4.448783288013932746e-02	1.072675198949101377e-01
3.018768613320896748e+03	1.461734384726626201e-01	8.820010265702071806e-02	3.180594637391017110e-01	2.018884202134290928e-01	9.382500111792223263e-02	4.452298893282753689e-02	1.073305848668662243e-01
3.033281923961862958e+03	1.459496471719040345e-01	8.803761618463562533e-02	3.182077859252039342e-01	2.019834281550683952e-01	9.387137112184426591e-02	4.455757444270071199e-02	1.073925769984731132e-01
3.047795234602828714e+03	1.457297212619267646e-01	8.787782429381575666e-02	3.183536358839778591e-01	2.020767246634568859e-01	9.391698070647383489e-02	4.459159850657257868e-02	1.074535146836064076e-01
3.062308545243794470e+03	1.455135941656126586e-01	8.772068210887426498e-02	3.184970551640622927e-01	2.021683401909866451e-01	9.396184229172216407e-02	4.462507008232496908e-02	1.075134159962471275e-01
3.076821855884760225e+03	1.453012004508352217e-01	8.756614550385027895e-02	3.186380846057096927e-01	2.022583046556564179e-01	9.400596809678525567e-02	4.465799799080112653e-02	1.075722986961920591e-01
3.091335166525725526e+03	1.450924758107536294e-01	8.741417108996989149e-02	3.187767643532063433e-01	2.023466474502492729e-01	9.404937014331109235e-02	4.469039091768216287e-02	1.076301802346576741e-01
3.105848477166692192e+03	1.448873570444477177e-01	8.726471620331634205e-02	3.189131338670615490e-01	2.024333974513588263e-01	9.409206025851955812e-02	4.472225741534649468e-02	1.076870777597795509e-01
3.120361787807657493e+03	1.446857820378879000e-01	8.711773889270570115e-02	3.190472319359723974e-01	2.025185830282670574e-01	9.413405007827553572e-02	4.475360590471189753e-02	1.077430081220095565e-01
3.134875098448624158e+03	1.444876897452341269e-01	8.697319790776465720e-02	3.191790966885670322e-01	2.026022320516756015e-01	9.417535105011580476e-02	4.478444467706012289e-02	1.077979878794126656e-01
3.149388409089589004e+03	1.442930201704582249e-01	8.683105268720738013e-02	3.193087656049320433e-01	2.026843719022925205e-01	9.421597443623051793e-02	4.481478189584376520e-02	1.078520333028654826e-01
3.163901719730555214e+03	1.441017143492837327e-01	8.669126334730771488e-02	3.194362755279281374e-01	2.027650294792771313e-01	9.425593131639962985e-02	4.484462559847528923e-02	1.079051603811583548e-01
3.178415030371521425e+03	1.439137143314377365e-01	8.655379067056387377e-02	3.195616626742974753e-01	2.028442312085446952e-01	9.429523259088506970e-02	4.487398369809807858e-02	1.079573848260030194e-01
3.192928341012487181e+03	1.437289631632095999e-01	8.641859609455232460e-02	3.196849626455685045e-01	2.029220030509334416e-01	9.433388898327914329e-02	4.490286398533932521e-02	1.080087220769476303e-01
3.207441651653452936e+03	1.435474048703106742e-01	8.628564170096762742e-02	3.198062104387606186e-01	2.029983705102355040e-01	9.437191104330985847e-02	4.493127413004471132e-02	1.080591873062008990e-01
3.221954962294418237e+03	1.433689844410300507e-01	8.615489020484540239e-02	3.199254404568943611e-01	2.030733586410944091e-01	9.440930914960360409e-02	4.495922168299480021e-02	1.081087954233673210e-01
3.236468272935384903e+03	1.431936478096810517e-01	8.602630494396512617e-02	3.200426865193091719e-01	2.031469920567706700e-01	9.444609351240593198e-02	4.498671407760300445e-02	1.081575610800949994e-01
3.250981583576350204e+03	1.430213418403336323e-01	8.589984986843000880e-02	3.201579818717943393e-01	2.032192949367779278e-01	9.448227417626089975e-02	4.501375863159511048e-02	1.082054986746379677e-01
3.265494894217316414e+03	1.428520143108272522e-01	8.577548953042087032e-02	3.202713591965358209e-01	2.032902910343914182e-01	9.451786102264961298e-02	4.504036254867034572e-02	1.082526223563346213e-01
3.280008204858282170e+03	1.426856138970598042e-01	8.565318907412125538e-02	3.203828506218822092e-01	2.033600036840306213e-01	9.455286377258843855e-02	4.506653292014389106e-02	1.082989460300037843e-01
3.294521515499247926e+03	1.425220901575473265e-01	8.553291422581085768e-02	3.204924877319348386e-01	2.034284558085182604e-01	9.458729198918752745e-02	4.509227672657086655e-02	1.083444833602602436e-01
3.309034826140214136e+03	1.423613935182504175e-01	8.541463128412447869e-02	3.206003015759643082e-01	2.034956699262175928e-01	9.462115508017021615e-02	4.511760083935179716e-02	1.083892477757511519e-01
