4.208860085880095880e+02	4.263503805791385437e-01	2.749453685117438373e-01	1.305215885519129260e-01	7.826514202649433039e-02	4.239681643532996341e-02	1.476973186117525212e-02	3.275097203403284224e-02
4.353993192289755143e+02	4.212537697562778183e-01	2.716808337088001402e-01	1.342868856681946887e-01	8.047454270026020706e-02	4.328601435647417423e-02	1.509980954869247910e-02	3.391814426112822745e-02
4.499126298699413837e+02	4.162473210295036807e-01	2.684701527922196407e-01	1.379641482116121809e-01	8.264689731714702781e-02	4.416065697515370037e-02	1.543153626948901708e-02	3.507928740470244583e-02
4.644259405109071963e+02	4.113293499061414504e-01	2.653124625016839433e-01	1.415562773152372888e-01	8.478281018863174923e-02	4.502098680772829292e-02	1.576460115255395519e-02	3.623351212785100306e-02
4.789392511518730657e+02	4.064982085868107387e-01	2.622069118361902151e-01	1.450660390815502465e-01	8.688287624842100376e-02	4.586724216002624477e-02	1.609871128443428334e-02	3.738001080239496121e-02
4.934525617928388783e+02	4.017522848665969204e-01	2.591526619831487355e-01	1.484960722339387917e-01	8.894768118165626014e-02	4.669965720679158938e-02	1.643359075607252889e-02	3.851805177162277716e-02
5.079658724338048046e+02	3.970900010842325911e-01	2.561488862402174771e-01	1.518488952995400154e-01	9.097780155299697857e-02	4.751846206937141576e-02	1.676897976238899204e-02	3.964697399108015746e-02
5.224791830747705035e+02	3.925098131166266380e-01	2.531947699305315269e-01	1.551269133529119548e-01	9.297380493355782149e-02	4.832388289169408518e-02	1.710463375152295601e-02	4.076618202298266935e-02
5.369924937157364866e+02	3.880102094162405924e-01	2.502895103119415765e-01	1.583324243481513405e-01	9.493625002667881174e-02	4.911614191458708173e-02	1.744032262083530793e-02	4.187514136139287163e-02
5.515058043567023560e+02	3.835897100889651412e-01	2.474323164808315545e-01	1.614676250653186707e-01	9.686568679250902314e-02	4.989545754848138254e-02	1.777582995695101836e-02	4.297337406677074340e-02
5.660191149976681118e+02	3.792468660102907285e-01	2.446224092710465592e-01	1.645346166953914058e-01	9.876265657138696974e-02	5.066204444454740219e-02	1.811095231728532956e-02	4.406045468987913188e-02
5.805324256386339812e+02	3.749802579777009037e-01	2.418590211484261676e-01	1.675354100864286933e-01	1.006276922060024837e-01	5.141611356430583757e-02	1.844549855065232696e-02	4.513600646631117652e-02
5.950457362795999643e+02	3.707884958973429734e-01	2.391413961014019485e-01	1.704719306721910743e-01	1.024613181623269947e-01	5.215787224775514375e-02	1.877928915469994492e-02	4.619969776410946805e-02
6.095590469205657200e+02	3.666702180031462532e-01	2.364687895280875585e-01	1.733460231031130616e-01	1.042640506493004993e-01	5.288752428005578238e-02	1.911215566805165786e-02	4.725123876807275913e-02
6.240723575615315895e+02	3.626240901066690725e-01	2.338404681202578272e-01	1.761594555982623211e-01	1.060363977372656835e-01	5.360526995680998247e-02	1.944394009516303354e-02	4.829037838539963073e-02
6.385856682024975726e+02	3.586488048760600456e-01	2.312557097445864795e-01	1.789139240357402183e-01	1.077788594751404316e-01	5.431130614797419903e-02	1.977449436202110764e-02	4.931690135830509719e-02
6.530989788434633283e+02	3.547430811426131592e-01	2.287138033214847765e-01	1.816110557978707074e-01	1.094919280063223199e-01	5.500582636044027557e-02	2.010367980092709478e-02	5.033062557016921429e-02
6.676122894844290840e+02	3.509056632334897063e-01	2.262140487018594881e-01	1.842524133864900659e-01	1.111760876833191303e-01	5.568902079932000482e-02	2.043136666270833207e-02	5.133139953264082012e-02
6.821256001253949535e+02	3.471353203292628642e-01	2.237557565420848493e-01	1.868394978226792236e-01	1.128318151811012610e-01	5.636107642796643613e-02	2.075743365480452879e-02	5.231910004192835695e-02
6.966389107663608229e+02	3.434308458450219814e-01	2.213382481774622823e-01	1.893737518443734669e-01	1.144595796091729401e-01	5.702217702676423000e-02	2.108176750376603015e-02	5.329362999326657524e-02
7.111522214073266923e+02	3.397910568338471382e-01	2.189608554944210417e-01	1.918565629144331763e-01	1.160598426223601459e-01	5.767250325072038886e-02	2.140426254078911864e-02	5.425491634325649293e-02
7.256655320482924481e+02	3.362147934115355952e-01	2.166229208016946239e-01	1.942892660509637770e-01	1.176330585303143605e-01	5.831223268588520137e-02	2.172482030899507144e-02	5.520290821043889046e-02
7.401788426892584312e+02	3.327009182015265298e-01	2.143237967006902112e-01	1.966731464909271809e-01	1.191796744057320445e-01	5.894153990463280729e-02	2.204334919123642975e-02	5.613757510508238929e-02
7.546921533302243006e+02	3.292483157990327980e-01	2.120628459552515721e-01	1.990094421973893912e-01	1.207001301912907915e-01	5.956059651982930497e-02	2.235976405728598224e-02	5.705890527974787768e-02
7.692054639711900563e+02	3.258558922534459112e-01	2.098394413610010500e-01	2.012993462200949601e-01	1.221948588053039797e-01	6.016957123791571299e-02	2.267398592933157417e-02	5.796690419273457795e-02
7.837187746121558121e+02	3.225225745681348233e-01	2.076529656144321390e-01	2.035440089184471779e-01	1.236642862460963083e-01	6.076862991093210514e-02	2.298594166476320214e-02	5.886159307702204524e-02
7.982320852531219089e+02	3.192473102168093546e-01	2.055028111819101611e-01	2.057445400553993275e-01	1.251088316951036727e-01	6.135793558750844701e-02	2.329556365529863657e-02	5.974300760779822222e-02
8.127453958940876646e+02	3.160290666756674360e-01	2.033883801687268456e-01	2.079020107702265474e-01	1.265289076187011419e-01	6.193764856284672549e-02	2.360278954154951606e-02	6.061119666210956769e-02
8.272587065350534203e+02	3.128668309705905370e-01	2.013090841883426185e-01	2.100174554376436631e-01	1.279249198687640032e-01	6.250792642771837992e-02	2.390756194218250988e-02	6.146622116458604762e-02
8.417720171760191761e+02	3.097596092386917799e-01	1.992643442319396996e-01	2.120918734202658085e-01	1.292972677819665406e-01	6.306892411650012742e-02	2.420982819687943557e-02	6.230815301358436781e-02
8.562853278169851592e+02	3.067064263035629845e-01	1.972535905383989152e-01	2.141262307209657878e-01	1.306463442778250106e-01	6.362079395427068518e-02	2.450954012234648344e-02	6.313707408245781971e-02
8.707986384579510286e+02	3.037063252636023614e-01	1.952762624648042844e-01	2.161214615412710149e-01	1.319725359554904387e-01	6.416368570299016416e-02	2.480665378066627957e-02	6.395307529100309474e-02
8.853119490989170117e+02	3.007583670928393738e-01	1.933318083575695789e-01	2.180784697515553427e-01	1.332762231892985760e-01	6.469774660678319356e-02	2.510112925932726433e-02	6.475625574245426341e-02
8.998252597398827675e+02	2.978616302537069327e-01	1.914196854242740387e-01	2.199981302784196902e-01	1.345577802230837894e-01	6.522312143634627357e-02	2.539293046230340148e-02	6.554672192169345990e-02
9.143385703808486369e+02	2.950152103212402288e-01	1.895393596062860397e-01	2.218812904143158959e-01	1.358175752632648225e-01	6.573995253249942383e-02	2.568202491159308348e-02	6.632458695062802556e-02
9.288518810218145063e+02	2.922182196182115388e-01	1.876903054522469083e-01	2.237287710541514540e-01	1.370559705707102005e-01	6.624837984890112608e-02	2.596838355866026501e-02	6.708996989694593349e-02
9.433651916627801484e+02	2.894697868607365443e-01	1.858720059924799106e-01	2.255413678633141350e-01	1.382733225513921582e-01	6.674854099394557372e-02	2.625198060525241878e-02	6.784299513270672377e-02
9.578785023037459041e+02	2.867690568139127372e-01	1.840839526143839000e-01	2.273198523812788863e-01	1.394699818458369212e-01	6.724057127186028326e-02	2.653279333310001181e-02	6.858379173945473861e-02
9.723918129447120009e+02	2.841151899570759642e-01	1.823256449388649947e-01	2.290649730646968085e-01	1.406462934173812740e-01	6.772460372302195608e-02	2.681080194203031009e-02	6.931249295675612210e-02
9.869051235856777566e+02	2.815073621582818708e-01	1.805965906978542757e-01	2.307774562736226998e-01	1.418025966392440496e-01	6.820076916350746588e-02	2.708598939605472156e-02	7.002923567126233262e-02
1.001418434226643626e+03	2.789447643576395408e-01	1.788963056129551921e-01	2.324580072043088141e-01	1.429392253804223356e-01	6.866919622389712485e-02	2.735834127701378127e-02	7.073415994359071035e-02
1.015931744867609382e+03	2.764266022591468364e-01	1.772243132752583661e-01	2.341073107717777102e-01	1.440565080904221140e-01	6.913001138734617412e-02	2.762784564538726950e-02	7.142740857048905656e-02
1.030445055508575479e+03	2.739520960306937591e-01	1.755801450263591856e-01	2.357260324451867228e-01	1.451547678828333521e-01	6.958333902694043005e-02	2.789449290789895383e-02	7.210912667991517533e-02
1.044958366149541234e+03	2.715204800119168094e-01	1.739633398406073561e-01	2.373148190388087164e-01	1.462343226177596212e-01	7.002930144235151866e-02	2.815827569156612378e-02	7.277946135681737094e-02
1.059471676790506763e+03	2.691310024296065251e-01	1.723734442086160279e-01	2.388742994612771675e-01	1.472954849831126234e-01	7.046801889580665834e-02	2.841918872386350187e-02	7.343856129754507134e-02
1.073984987431472746e+03	2.667829251203822638e-01	1.708100120220527873e-01	2.404050854255788405e-01	1.483385625747820069e-01	7.089960964738757643e-02	2.867722871868954096e-02	7.408657649095452824e-02
1.088498298072438729e+03	2.644755232603666628e-01	1.692726044597332724e-01	2.419077721221233046e-01	1.493638579756913776e-01	7.132418998967275658e-02	2.893239426784020851e-02	7.472365792439999987e-02
1.103011608713404712e+03	2.622080851016017622e-01	1.677607898750338444e-01	2.433829388570728780e-01	1.503716688337509433e-01	7.174187428173692260e-02	2.918468573771169222e-02	7.534995731291958820e-02
1.117524919354370468e+03	2.599799117149656502e-01	1.662741436846379428e-01	2.448311496579816671e-01	1.513622879387178655e-01	7.215277498252116450e-02	2.943410517096864756e-02	7.596562685003478699e-02
1.132038229995336451e+03	2.577903167393574280e-01	1.648122482586277526e-01	2.462529538486650516e-01	1.523360032979750867e-01	7.255700268358682148e-02	2.968065619292901969e-02	7.657081897868658893e-02
1.146551540636302207e+03	2.556386261369315016e-01	1.633746928119305108e-01	2.476488865951020912e-01	1.532930982112400142e-01	7.295466614126611127e-02	2.992434392242998564e-02	7.716568618092749243e-02
1.161064851277267962e+03	2.535241779541724250e-01	1.619610732971269451e-01	2.490194694240616125e-01	1.542338513442135517e-01	7.334587230822167681e-02	3.016517488695234436e-02	7.775038078507914840e-02
1.175578161918233945e+03	2.514463220886110073e-01	1.605709922986268412e-01	2.503652107160380669e-01	1.551585368011814403e-01	7.373072636442751238e-02	3.040315694179260980e-02	7.832505478915025021e-02
1.190091472559199701e+03	2.494044200609931705e-01	1.592040589282150975e-01	2.516866061739863603e-01	1.560674241965784026e-01	7.410933174758302378e-02	3.063829919308346320e-02	7.888985969938819287e-02
1.204604783200165684e+03	2.473978447927210611e-01	1.578598887219700153e-01	2.529841392692520619e-01	1.569607787255268561e-01	7.448179018297168552e-02	3.087061192447382307e-02	7.944494638291214883e-02
1.219118093841131440e+03	2.454259803883944990e-01	1.565381035385541575e-01	2.542582816660076683e-01	1.578388612333612162e-01	7.484820171277575818e-02	3.110010652728984609e-02	7.999046493344452724e-02
1.233631404482097196e+03	2.434882219232893108e-01	1.552383314588756946e-01	2.555094936254253546e-01	1.587019282841489187e-01	7.520866472485808474e-02	3.132679543400765376e-02	8.052656454922260676e-02
1.248144715123063179e+03	2.415839752356158665e-01	1.539602066871184061e-01	2.567382243907416761e-01	1.595502322282200958e-01	7.556327598102152709e-02	3.155069205487744805e-02	8.105339342223255583e-02
1.262658025764028707e+03	2.397126567234090233e-01	1.527033694531358399e-01	2.579449125542973564e-01	1.603840212687166200e-01	7.591213064475670069e-02	3.177181071754722752e-02	8.157109863796477289e-02
1.277171336404994690e+03	2.378736931459068393e-01	1.514674659162045522e-01	2.591299864075709003e-01	1.612035395271720351e-01	7.625532230848823534e-02	3.199016660954209779e-02	8.207982608494289456e-02
1.291684647045960673e+03	2.360665214292818059e-01	1.502521480701309031e-01	2.602938642751613796e-01	1.620090271081335298e-01	7.659294302032959578e-02	3.220577572346276091e-02	8.257972037332760029e-02
1.306197957686926657e+03	2.342905884765946189e-01	1.490570736497035531e-01	2.614369548336182847e-01	1.628007201628377532e-01	7.692508331035603775e-02	3.241865480477378741e-02	8.307092476194351260e-02
1.320711268327892412e+03	2.325453509818459219e-01	1.478819060384845840e-01	2.625596574159609342e-01	1.635788509519510159e-01	7.725183221640555264e-02	3.262882130205903286e-02	8.355358109312041592e-02
1.335224578968857941e+03	2.308302752480065057e-01	1.467263141779299451e-01	2.636623623026803642e-01	1.643436479073855094e-01	7.757327730941683541e-02	3.283629331962766018e-02	8.402782973478058193e-02
1.349737889609823924e+03	2.291448370089121667e-01	1.455899724778302873e-01	2.647454509999661032e-01	1.650953356932027549e-01	7.788950471831353195e-02	3.304108957236042560e-02	8.449380952924211152e-02
1.364251200250789907e+03	2.274885212549137281e-01	1.444725607280617774e-01	2.658092965058581614e-01	1.658341352656152456e-01	7.820059915444367571e-02	3.324322934269134666e-02	8.495165774824335603e-02
1.378764510891755890e+03	2.258608220621770302e-01	1.433737640116365120e-01	2.668542635649810979e-01	1.665602639320975242e-01	7.850664393558293153e-02	3.344273243962510300e-02	8.540151005372700888e-02
1.393277821532721646e+03	2.242612424255327752e-01	1.422932726190413721e-01	2.678807089124763952e-01	1.672739354096177689e-01	7.880772100951013992e-02	3.363961915969575917e-02	8.584350046395301803e-02
1.407791132173687402e+03	2.226892940947791111e-01	1.412307819638534967e-01	2.688889815077145640e-01	1.679753598820006300e-01	7.910391097716361342e-02	3.383391024977695088e-02	8.627776132453887636e-02
1.422304442814653157e+03	2.211444974143444153e-01	1.401859924996207984e-01	2.698794227583324323e-01	1.686647440564327249e-01	7.939529311538610912e-02	3.402562687165820027e-02	8.670442328405260357e-02
1.436817753455619140e+03	2.196263811662211851e-01	1.391586096379943682e-01	2.708523667351087072e-01	1.693422912191211160e-01	7.968194539926660991e-02	3.421479056830622340e-02	8.712361527380908799e-02
1.451331064096585123e+03	2.181344824160852403e-01	1.381483436681006649e-01	2.718081403781599792e-01	1.700082012901161788e-01	7.996394452408649156e-02	3.440142323173425720e-02	8.753546449154452069e-02
1.465844374737550879e+03	2.166683463625177219e-01	1.371549096771401133e-01	2.727470636949114735e-01	1.706626708773091305e-01	8.024136592687780567e-02	3.458554707240590192e-02	8.794009638866510936e-02
1.480357685378516862e+03	2.152275261892504787e-01	1.361780274721991202e-01	2.736694499502701494e-01	1.713058933296150166e-01	8.051428380760110304e-02	3.476718459010393059e-02	8.833763466078749238e-02
1.494870996019482618e+03	2.138115829203587337e-01	1.352174215032612148e-01	2.745756058494002727e-01	1.719380587893520607e-01	8.078277114994993069e-02	3.494635854619762561e-02	8.872820124130745278e-02
1.509384306660448374e+03	2.124200852783269255e-01	1.342728207874046564e-01	2.754658317134821566e-01	1.725593542438274286e-01	8.104689974178935774e-02	3.512309193724551248e-02	8.911191629775128131e-02
1.523897617301414357e+03	2.110526095449170580e-01	1.333439588341717441e-01	2.763404216488080656e-01	1.731699635761401734e-01	8.130674019523516372e-02	3.529740796987340667e-02	8.948889823068169325e-02
1.538410927942380113e+03	2.097087394247708902e-01	1.324305735720961996e-01	2.771996637095520133e-01	1.737700676152117429e-01	8.156236196638078084e-02	3.546933003687056940e-02	8.985926367494502520e-02
1.552924238583346096e+03	2.083880659116799650e-01	1.315324072763744967e-01	2.780438400545283684e-01	1.743598441850541247e-01	8.181383337467855454e-02	3.563888169444947435e-02	9.022312750306217544e-02
1.567437549224311852e+03	2.070901871574594988e-01	1.306492064976667589e-01	2.788732270982371975e-01	1.749394681532860374e-01	8.206122162198171976e-02	3.580608664061722679e-02	9.058060283057874085e-02
1.581950859865277607e+03	2.058147083433646829e-01	1.297807219920129873e-01	2.796880956564765097e-01	1.755091114789070761e-01	8.230459281125365734e-02	3.597096869460925800e-02	9.093180102320298774e-02
1.596464170506243590e+03	2.045612415539898588e-01	1.289267086518505467e-01	2.804887110867855249e-01	1.760689432593402493e-01	8.254401196495055049e-02	3.613355177733806184e-02	9.127683170557232550e-02
1.610977481147209119e+03	2.033294056535923655e-01	1.280869254381181155e-01	2.812753334239686542e-01	1.766191297767520929e-01	8.277954304308365874e-02	3.629385989281211367e-02	9.161580277150010998e-02
1.625490791788175102e+03	2.021188261647862139e-01	1.272611353134320278e-01	2.820482175109335077e-01	1.771598345436612154e-01	8.301124896096712114e-02	3.645191711048204747e-02	9.194882039556499798e-02
1.640004102429141085e+03	2.009291351495506583e-01	1.264491051763207974e-01	2.828076131250662484e-01	1.776912183478441820e-01	8.323919160665707584e-02	3.660774754847329754e-02	9.227598904591488571e-02
1.654517413070107068e+03	1.997599710925023475e-01	1.256506057965028622e-01	2.835537651003521842e-01	1.782134392965487313e-01	8.346343185808803578e-02	3.676137535766611786e-02	9.259741149816685946e-02
1.669030723711072824e+03	1.986109787863794551e-01	1.248654117511942274e-01	2.842869134454389934e-01	1.787266528600240101e-01	8.368402959991204371e-02	3.691282470658590470e-02	9.291318885029253849e-02
1.683544034352038352e+03	1.974818092196896635e-01	1.240933013624307552e-01	2.850072934578286032e-01	1.792310119143771530e-01	8.390104374004592191e-02	3.706211976706816347e-02	9.322342053838683640e-02
1.698057344993004335e+03	1.963721194664736214e-01	1.233340566353916534e-01	2.857151358343744674e-01	1.797266667837656706e-01	8.411453222593243129e-02	3.720928470066429267e-02	9.352820435322496684e-02
1.712570655633970318e+03	1.952815725781381351e-01	1.225874631977096341e-01	2.864106667782485016e-01	1.802137652819347791e-01	8.432455206052021091e-02	3.735434364575591915e-02	9.382763645751988901e-02
1.727083966274936301e+03	1.942098374773142955e-01	1.218533102397538481e-01	2.870941081025366604e-01	1.806924527531091063e-01	8.453115931796784110e-02	3.749732070534662898e-02	9.412181140379867472e-02
1.741597276915902057e+03	1.931565888536967146e-01	1.211313904558716792e-01	2.877656773306096483e-01	1.811628721122477415e-01	8.473440915907712312e-02	3.763823993550182573e-02	9.441082215282231571e-02
1.756110587556867813e+03	1.921215070618219334e-01	1.204214999865754615e-01	2.884255877934102097e-01	1.816251638846715089e-01	8.493435584646055747e-02	3.777712533440828746e-02	9.469476009247908277e-02
1.770623898197833569e+03	1.911042780207449776e-01	1.197234383616603143e-01	2.890740487237887235e-01	1.820794662450717916e-01	8.513105275944773953e-02	3.791400083202657589e-02	9.497371505708694650e-02
1.785137208838799552e+03	1.901045931155736501e-01	1.190370084442395893e-01	2.897112653480132805e-01	1.825259150559091215e-01	8.532455240873562663e-02	3.804889028031049197e-02	9.524777534704528814e-02
1.799650519479765535e+03	1.891221491008224787e-01	1.183620163756843036e-01	2.903374389745727036e-01	1.829646439052106943e-01	8.551490645078715924e-02	3.818181744396895866e-02	9.551702774878073621e-02
1.814163830120731291e+03	1.881566480055478774e-01	1.176982715214531100e-01	2.909527670803843669e-01	1.833957841437754699e-01	8.570216570198302408e-02	3.831280599174666929e-02	9.578155755493651669e-02
1.828677140761696819e+03	1.872077970402283298e-01	1.170455864177996214e-01	2.915574433945144484e-01	1.838194649217947951e-01	8.588638015253079183e-02	3.844187948820110973e-02	9.604144858475791025e-02
1.843190451402663257e+03	1.862753085053534541e-01	1.164037767193437378e-01	2.921516579795104818e-01	1.842358132248978486e-01	8.606759898013616183e-02	3.856906138595424943e-02	9.629678320463112839e-02
1.857703762043628785e+03	1.853588997016872852e-01	1.157726611474942657e-01	2.927355973104421305e-01	1.846449539096293446e-01	8.624587056344022729e-02	3.869437501839837618e-02	9.654764234873541850e-02
1.872217072684594768e+03	1.844582928421719115e-01	1.151520614397095049e-01	2.933094443517414440e-01	1.850470097383684065e-01	8.642124249522732671e-02	3.881784359283629859e-02	9.679410553977207954e-02
1.886730383325560297e+03	1.835732149654382417e-01	1.145418022995833701e-01	2.938733786319277508e-01	1.854421014136964085e-01	8.659376159540746465e-02	3.893949018403700807e-02	9.703625090973666545e-02
1.901243693966526507e+03	1.827033978508918188e-01	1.139417113477443622e-01	2.944275763162991777e-01	1.858303476122219189e-01	8.676347392377728451e-02	3.905933772818869637e-02	9.727415522070363696e-02
1.915757004607492036e+03	1.818485779353421483e-01	1.133516190735547741e-01	2.949722102776685673e-01	1.862118650178704593e-01	8.693042479256378463e-02	3.917740901723189978e-02	9.750789388559520654e-02
1.930270315248458019e+03	1.810084962311452328e-01	1.127713587875979334e-01	2.955074501652169006e-01	1.865867683546475475e-01	8.709465877875456619e-02	3.929372669355606085e-02	9.773754098890855002e-02
1.944783625889424002e+03	1.801828982458289208e-01	1.122007665749412825e-01	2.960334624715347807e-01	1.869551704188819052e-01	8.725621973621830452e-02	3.940831324504374261e-02	9.796316930737783424e-02
1.959296936530389530e+03	1.793715339031723699e-01	1.116396812491631529e-01	2.965504105979178129e-01	1.873171821109572144e-01	8.741515080761953771e-02	3.952119100044720196e-02	9.818485033054949462e-02
1.973810247171355968e+03	1.785741574657108977e-01	1.110879443071314393e-01	2.970584549179795530e-01	1.876729124665396931e-01	8.757149443613103379e-02	3.963238212508276431e-02	9.840265428125136160e-02
1.988323557812321269e+03	1.777905274586386308e-01	1.105453998845224717e-01	2.975577528396423643e-01	1.880224686873088469e-01	8.772529237694773330e-02	3.974190861682910109e-02	9.861665013593762241e-02
2.002836868453287707e+03	1.770204065950816696e-01	1.100118947120683061e-01	2.980484588655627487e-01	1.883659561711988895e-01	8.787658570860550078e-02	3.984979230241588594e-02	9.882690564489375606e-02
2.017350179094252780e+03	1.762635617027153156e-01	1.094872780725212047e-01	2.985307246520466640e-01	1.887034785421583538e-01	8.802541484410836281e-02	3.995605483399019414e-02	9.903348735228671706e-02
2.031863489735218764e+03	1.755197636516994675e-01	1.089714017583238437e-01	2.990046990665057858e-01	1.890351376794345561e-01	8.817181954186747994e-02	4.006071768594816895e-02	9.923646061604747548e-02
2.046376800376184747e+03	1.747887872839071211e-01	1.084641200299741731e-01	2.994705282435052851e-01	1.893610337463906002e-01	8.831583891645540529e-02	4.016380215202031145e-02	9.943588962757383964e-02
2.060890111017150957e+03	1.740704113434208833e-01	1.079652895750739527e-01	2.999283556394496952e-01	1.896812652188613335e-01	8.845751144917854414e-02	4.026532934259901414e-02	9.963183743124334746e-02
2.075403421658116713e+03	1.733644184082734629e-01	1.074747694680501381e-01	3.003783220859518321e-01	1.899959289130556950e-01	8.859687499847150594e-02	4.036532018229752744e-02	9.982436594372658123e-02
2.089916732299082469e+03	1.726705948234088239e-01	1.069924211305383066e-01	3.008205658419287332e-01	1.903051200130120579e-01	8.873396681011601339e-02	4.046379540772999939e-02	1.000135359730928430e-01
2.104430042940048224e+03	1.719887306348403810e-01	1.065181082924176736e-01	3.012552226444645820e-01	1.906089320976131485e-01	8.886882352728783796e-02	4.056077556550258256e-02	1.001994072377005857e-01
2.118943353581013525e+03	1.713186195249840615e-01	1.060516969534872483e-01	3.016824257584809210e-01	1.909074571671675602e-01	8.900148120043456512e-02	4.065628101040610898e-02	1.003820383848663816e-01
2.133456664221980191e+03	1.706600587491439447e-01	1.055930553457729987e-01	3.021023060252506220e-01	1.912007856695640828e-01	8.913197529698729804e-02	4.075033190380111803e-02	1.005614870093067409e-01
2.147969974862945492e+03	1.700128490731289133e-01	1.051420538964557005e-01	3.025149919097929740e-01	1.914890065260055618e-01	8.926034071090907518e-02	4.084294821218644594e-02	1.007378096713480997e-01
2.162483285503912157e+03	1.693767947119788897e-01	1.046985651914097010e-01	3.029206095471829729e-01	1.917722071563284225e-01	8.938661177208312436e-02	4.093414970594300845e-02	1.009110619149006932e-01
2.176996596144877003e+03	1.687517032697806174e-01	1.042624639393427283e-01	3.033192827878077868e-01	1.920504735039145761e-01	8.951082225554332639e-02	4.102395595824467889e-02	1.010812982851930913e-01
2.191509906785843214e+03	1.681373856805518097e-01	1.038336269365269238e-01	3.037111332416036480e-01	1.923238900602013135e-01	8.963300539055021887e-02	4.111238634412836546e-02	1.012485723462645537e-01
2.206023217426809424e+03	1.675336561501746813e-01	1.034119330321118940e-01	3.040962803213004828e-01	1.925925398887961548e-01	8.975319386951466361e-02	4.119946003971604320e-02	1.014129366982128577e-01
2.220536528067775180e+03	1.669403320993587125e-01	1.029972630940100692e-01	3.044748412847065322e-01	1.928565046492017321e-01	8.987141985677232769e-02	4.128519602158146201e-02	1.015744429941959903e-01
2.235049838708740936e+03	1.663572341076141881e-01	1.025894999753452219e-01	3.048469312760575534e-01	1.931158646201575069e-01	8.998771499721119893e-02	4.136961306625470958e-02	1.017331419571864404e-01
2.249563149349706237e+03	1.657841858582173311e-01	1.021885284814551265e-01	3.052126633664602462e-01	1.933706987226038176e-01	9.010211042475495258e-02	4.145272974985806519e-02	1.018890833964772730e-01
2.264076459990672902e+03	1.652210140841492980e-01	1.017942353374392955e-01	3.055721485934532189e-01	1.936210845422740301e-01	9.021463677070457043e-02	4.153456444786681606e-02	1.020423162239395554e-01
2.278589770631638203e+03	1.646675485149909079e-01	1.014065091562429272e-01	3.059254959997114165e-01	1.938670983519207303e-01	9.032532417194066854e-02	4.161513533498899936e-02	1.021928884700311485e-01
2.293103081272604413e+03	1.641236218247552614e-01	1.010252404072684435e-01	3.062728126709172716e-01	1.941088151331814005e-01	9.043420227898896213e-02	4.169446038515822045e-02	1.023408472995571833e-01
2.307616391913570169e+03	1.635890695806419270e-01	1.006503213855059059e-01	3.066142037728215586e-01	1.943463085980893235e-01	9.054130026395131037e-02	4.177255737163401011e-02	1.024862390271827628e-01
2.322129702554535925e+03	1.630637301926947946e-01	1.002816461811741194e-01	3.069497725875150462e-01	1.945796512102350995e-01	9.064664682830453346e-02	4.184944386720431536e-02	1.026291091326988342e-01
2.336643013195502135e+03	1.625474448643481340e-01	9.991911064986377933e-02	3.072796205489337629e-01	1.948089142055841050e-01	9.075027021056940313e-02	4.192513724448507922e-02	1.027695022760424515e-01
2.351156323836467891e+03	1.620400575438437907e-01	9.956261238317476447e-02	3.076038472776159716e-01	1.950341676129556667e-01	9.085219819385205453e-02	4.199965467631187194e-02	1.029074623120725812e-01
2.365669634477433647e+03	1.615414148765044744e-01	9.921205067983933368e-02	3.079225506147322822e-01	1.952554802741684747e-01	9.095245811325990137e-02	4.207301313621888972e-02	1.030430323051034075e-01
2.380182945118399402e+03	1.610513661578469036e-01	9.886732651732337007e-02	3.082358266554067749e-01	1.954729198638580634e-01	9.105107686319435789e-02	4.214522939900082477e-02	1.031762545431964689e-01
2.394696255759364703e+03	1.605697632875203174e-01	9.852834252389791603e-02	3.085437697813476765e-01	1.956865529089713285e-01	9.114808090452233835e-02	4.221632004135318639e-02	1.033071705522140560e-01
2.409209566400331823e+03	1.600964607240546178e-01	9.819500295117308819e-02	3.088464726928047965e-01	1.958964448079428822e-01	9.124349627162889331e-02	4.228630144258690993e-02	1.034358211096356450e-01
2.423722877041296670e+03	1.596313154404040424e-01	9.786721364708718396e-02	3.091440264398714888e-01	1.961026598495584916e-01	9.133734857935267570e-02	4.235518978541327750e-02	1.035622462581396869e-01
2.438236187682262880e+03	1.591741868802721283e-01	9.754488202934311070e-02	3.094365204531462910e-01	1.963052612315104029e-01	9.142966302980640170e-02	4.242300105679525091e-02	1.036864853189532476e-01
2.452749498323228636e+03	1.587249369152032574e-01	9.722791705928508776e-02	3.097240425737713410e-01	1.965043110786492131e-01	9.152046441908449903e-02	4.248975104886158066e-02	1.038085769049718610e-01
2.467262808964194392e+03	1.582834298024275999e-01	9.691622921620836328e-02	3.100066790828617247e-01	1.966998704609374815e-01	9.160977714385944159e-02	4.255545535988008998e-02	1.039285589336521876e-01
2.481776119605160602e+03	1.578495321434455478e-01	9.660973047209471531e-02	3.102845147303413542e-01	1.968919994111092142e-01	9.169762520786901849e-02	4.262012939528683764e-02	1.040464686396801730e-01
2.496289430246126358e+03	1.574231128433386251e-01	9.630833426676688180e-02	3.105576327631993094e-01	1.970807569420404137e-01	9.178403222829632779e-02	4.268378836876773885e-02	1.041623425874175085e-01
2.510802740887092114e+03	1.570040430707936308e-01	9.601195548345500819e-02	3.108261149531806322e-01	1.972662010638346619e-01	9.186902144204418807e-02	4.274644730338970910e-02	1.042762166831289750e-01
2.525316051528057415e+03	1.565921962188272232e-01	9.572051042476831251e-02	3.110900416239246180e-01	1.974483888006287047e-01	9.195261571190593841e-02	4.280812103277818748e-02	1.043881261869938210e-01
2.539829362169024080e+03	1.561874478661985088e-01	9.543391678906532061e-02	3.113494916775640386e-01	1.976273762071224516e-01	9.203483753263436151e-02	4.286882420233827790e-02	1.044981057249038531e-01
2.554342672809989381e+03	1.557896757394974518e-01	9.515209364721612106e-02	3.116045426207978974e-01	1.978032183848371095e-01	9.211570903691033985e-02	4.292857127051661476e-02	1.046061893000512083e-01
2.568855983450955591e+03	1.553987596758967527e-01	9.487496141975022834e-02	3.118552705904493738e-01	1.979759694981068074e-01	9.219525200121315989e-02	4.298737651010149652e-02	1.047124103043089866e-01
2.583369294091921347e+03	1.550145815865553445e-01	9.460244185438362874e-02	3.121017503785211700e-01	1.981456827898067929e-01	9.227348785159388000e-02	4.304525400955858117e-02	1.048168015294073802e-01
2.597882604732887103e+03	1.546370254206624051e-01	9.433445800391883351e-02	3.123440554567597505e-01	1.983124105968234463e-01	9.235043766935374654e-02	4.310221767439983975e-02	1.049193951779086587e-01
2.612395915373853313e+03	1.542659771301096994e-01	9.407093420451174970e-02	3.125822580007398543e-01	1.984762043652693320e-01	9.242612219662892092e-02	4.315828122858342969e-02	1.050202228739837429e-01
2.626909226014819069e+03	1.539013246347816499e-01	9.381179605429933177e-02	3.128164289134786613e-01	1.986371146654478670e-01	9.250056184188333586e-02	4.321345821594212155e-02	1.051193156739937545e-01
2.641422536655784825e+03	1.535429577884519503e-01	9.355697039238217161e-02	3.130466378485925460e-01	1.987951912065714921e-01	9.257377668531109605e-02	4.326776200163839903e-02	1.052167040768790945e-01
2.655935847296750580e+03	1.531907683452757574e-01	9.330638527815596217e-02	3.132729532330044142e-01	1.989504828512370649e-01	9.264578648415015827e-02	4.332120577364392128e-02	1.053124180343594785e-01
2.670449157937716336e+03	1.528446499268673875e-01	9.305996997098626988e-02	3.134954422892123893e-01	1.991030376296626658e-01	9.271661067790853972e-02	4.337380254424161308e-02	1.054064869609478983e-01
2.684962468578682547e+03	1.525044979899524700e-01	9.281765491022085646e-02	3.137141710571297870e-01	1.992529027536893149e-01	9.278626839350472000e-02	4.342556515154838426e-02	1.054989397437812310e-01
2.699475779219648302e+03	1.521702097945849541e-01	9.257937169553405454e-02	3.139292044155050920e-01	1.994001246305515951e-01	9.285477845032354127e-02	4.347650626105668825e-02	1.055898047522708799e-01
2.713989089860614058e+03	1.518416843729183674e-01	9.234505306759756282e-02	3.141406061029313745e-01	1.995447488764207633e-01	9.292215936518928576e-02	4.352663836719329604e-02	1.056791098475761831e-01
2.728502400501579814e+03	1.515188224985223042e-01	9.211463288907242863e-02	3.143484387384540280e-01	1.996868203297240130e-01	9.298842935725690206e-02	4.357597379489350220e-02	1.057668823919036272e-01
2.743015711142545115e+03	1.512015266562335702e-01	9.188804612591694454e-02	3.145527638417853766e-01	1.998263830642434125e-01	9.305360635282323989e-02	4.362452470118939607e-02	1.058531492576348515e-01
2.757529021783511780e+03	1.508897010125332949e-01	9.166522882900497715e-02	3.147536418531342584e-01	1.999634804019982115e-01	9.311770799005932020e-02	4.367230307681042173e-02	1.059379368362862589e-01
2.772042332424477081e+03	1.505832513864401589e-01	9.144611811604991258e-02	3.149511321526594632e-01	2.000981549259138181e-01	9.318075162366502850e-02	4.371932074779507488e-02	1.060212710473032172e-01
2.786555643065443292e+03	1.502820852209111879e-01	9.123065215382890336e-02	3.151452930795540786e-01	2.002304484922810268e-01	9.324275432944764685e-02	4.376558937711220315e-02	1.061031773466916683e-01
2.801068953706408593e+03	1.499861115547403145e-01	9.101877014070269833e-02	3.153361819507690678e-01	2.003604022430087450e-01	9.330373290882532089e-02	4.381112046629056372e-02	1.061836807354900186e-01
2.815582264347374803e+03	1.496952409949469653e-01	9.081041228942590693e-02	3.155238550793835750e-01	2.004880566176735768e-01	9.336370389325698849e-02	4.385592535705558348e-02	1.062628057680841120e-01
2.830095574988341014e+03	1.494093856896450412e-01	9.060551981024318746e-02	3.157083677926294518e-01	2.006134513653695661e-01	9.342268354859967205e-02	4.390001523297189234e-02	1.063405765603679387e-01
2.844608885629306769e+03	1.491284593013844917e-01	9.040403489426628025e-02	3.158897744495761106e-01	2.007366255563614310e-01	9.348068787939466107e-02	4.394340112109065138e-02	1.064170167977530890e-01
2.859122196270272525e+03	1.488523769809569630e-01	9.020590069712756953e-02	3.160681284584846429e-01	2.008576175935441188e-01	9.353773263308357011e-02	4.398609389360052385e-02	1.064921497430293407e-01
2.873635506911238281e+03	1.485810553416570812e-01	9.001106132290541406e-02	3.162434822938359757e-01	2.009764652237121807e-01	9.359383330415547986e-02	4.402810426948127603e-02	1.065659982440792658e-01
2.888148817552204036e+03	1.483144124339918768e-01	8.981946180831672233e-02	3.164158875130412829e-01	2.010932055486418790e-01	9.364900513822645156e-02	4.406944281615898795e-02	1.066385847414494659e-01
2.902662128193170247e+03	1.480523677208298305e-01	8.963104810717248405e-02	3.165853947728400897e-01	2.012078750359889978e-01	9.370326313605241431e-02	4.411011995116193712e-02	1.067099312757809060e-01
2.917175438834136003e+03	1.477948420529823503e-01	8.944576707509183100e-02	3.167520538453930112e-01	2.013205095300054925e-01	9.375662205747643807e-02	4.415014594377634355e-02	1.067800594951011650e-01
2.931688749475101758e+03	1.475417576452098534e-01	8.926356645447028337e-02	3.169159136340750638e-01	2.014311442620777826e-01	9.380909642531186365e-02	4.418953091670094896e-02	1.068489906619807667e-01
2.946202060116067514e+03	1.472930380526449035e-01	8.908439485969804617e-02	3.170770221889758766e-01	2.015398138610896284e-01	9.386070052916190010e-02	4.422828484769981278e-02	1.069167456605564226e-01
2.960715370757033725e+03	1.470486081476251872e-01	8.890820176262430319e-02	3.172354267221117463e-01	2.016465523636124801e-01	9.391144842917700797e-02	4.426641757125238108e-02	1.069833450034234773e-01
2.975228681397999480e+03	1.468083940969292511e-01	8.873493747826310951e-02	3.173911736223568036e-01	2.017513932239260455e-01	9.396135395975115101e-02	4.430393878020019716e-02	1.070488088383999559e-01
2.989741992038964781e+03	1.465723233394076175e-01	8.856455315073732959e-02	3.175443084700977914e-01	2.018543693238717407e-01	9.401043073315776266e-02	4.434085802738958054e-02	1.071131569551646706e-01
3.004255302679930992e+03	1.463403245640025052e-01	8.839700073945623571e-02	3.176948760516180026e-01	2.019555129825420792e-01	9.405869214312655158e-02	4.437718472730946273e-02	1.071764087917716768e-01
3.018768613320896748e+03	1.461123276881495237e-01	8.823223300552324178e-02	3.178429203732161534e-01	2.020548559658081889e-01	9.410615136836203432e-02	4.441292815772394931e-02	1.072385834410433392e-01
3.033281923961862958e+03	1.458882638365543438e-01	8.807020349836980344e-02	3.179884846750656857e-01	2.021524294956885126e-01	9.415282137600487766e-02	4.444809746129881750e-02	1.072996996568443551e-01
3.047795234602828714e+03	1.456680653203378528e-01	8.791086654261161260e-02	3.181316114448183296e-01	2.022482642595611613e-01	9.419871492503693877e-02	4.448270164722156750e-02	1.073597758602389401e-01
3.062308545243794470e+03	1.454516656165434629e-01	8.775417722512365848e-02	3.182723424309586435e-01	2.023423904192221401e-01	9.424384456963084966e-02	4.451674959281434751e-02	1.074188301455332728e-01
3.076821855884760225e+03	1.452389993480001085e-01	8.760009138233032511e-02	3.184107186559130276e-01	2.024348376197925847e-01	9.428822266244532568e-02	4.455025004513936404e-02	1.074768802862055700e-01
3.091335166525725526e+03	1.450300022635347408e-01	8.744856558770709720e-02	3.185467804289189298e-01	2.025256349984769777e-01	9.433186135786676696e-02	4.458321162259615278e-02	1.075339437407255572e-01
3.105848477166692192e+03	1.448246112185282708e-01	8.729955713949019702e-02	3.186805673586582954e-01	2.026148111931748985e-01	9.437477261519830463e-02	4.461564281651047431e-02	1.075900376582657886e-01
3.120361787807657493e+03	1.446227641558085752e-01	8.715302404859091856e-02	3.188121183656601465e-01	2.027023943509487502e-01	9.441696820179702743e-02	4.464755199271418229e-02	1.076451788843066498e-01
3.134875098448624158e+03	1.444244000868753763e-01	8.700892502671100925e-02	3.189414716944768413e-01	2.027884121363499603e-01	9.445845969616024906e-02	4.467894739311582125e-02	1.076993839661369856e-01
3.149388409089589004e+03	1.442294590734505555e-01	8.686721947465601834e-02	3.190686649256381235e-01	2.028728917396055986e-01	9.449925849096180164e-02	4.470983713726153774e-02	1.077526691582525870e-01
3.163901719730555214e+03	1.440378822093484057e-01	8.672786747084308689e-02	3.191937349873875673e-01	2.029558598846681605e-01	9.453937579603891028e-02	4.474022922388590229e-02	1.078050504276541477e-01
3.178415030371521425e+03	1.438496116026603822e-01	8.659082976000023746e-02	3.193167181672051935e-01	2.030373428371303191e-01	9.457882264133080086e-02	4.477013153245241323e-02	1.078565434590468691e-01
3.192928341012487181e+03	1.436645903582486616e-01	8.645606774205362444e-02	3.194376501231206977e-01	2.031173664120070610e-01	9.461760987976951254e-02	4.479955182468322444e-02	1.079071636599433642e-01
3.207441651653452936e+03	1.434827625605431534e-01	8.632354346119991417e-02	3.195565658948214538e-01	2.031959559813877325e-01	9.465574819012398389e-02	4.482849774607799292e-02	1.079569261656719292e-01
3.221954962294418237e+03	1.433040732566368547e-01	8.619321959516067222e-02	3.196734999145583456e-01	2.032731364819592434e-01	9.469324807979792591e-02	4.485697682742140896e-02	1.080058458442916813e-01
3.236468272935384903e+03	1.431284684396739448e-01	8.606505944461551039e-02	3.197884860178548116e-01	2.033489324224034833e-01	9.473011988758250901e-02	4.488499648627924943e-02	1.080539373014165888e-01
3.250981583576350204e+03	1.429558950325258149e-01	8.593902692281144007e-02	3.199015574540212126e-01	2.034233678906705867e-01	9.476637378636436349e-02	4.491256402848271129e-02	1.081012148849499754e-01
3.265494894217316414e+03	1.427863008717500937e-01	8.581508654534508729e-02	3.200127468964790722e-01	2.034964665611299628e-01	9.480201978578975397e-02	4.493968664960077547e-02	1.081476926897312618e-01
3.280008204858282170e+03	1.426196346918273961e-01	8.569320342011510494e-02	3.201220864528992460e-01	2.035682517016013660e-01	9.483706773488576047e-02	4.496637143640043466e-02	1.081933845620966506e-01
3.294521515499247926e+03	1.424558461096711581e-01	8.557334323744200666e-02	3.202296076751561804e-01	2.036387461802678656e-01	9.487152732463885463e-02	4.499262536829458370e-02	1.082383041043552541e-01
3.309034826140214136e+03	1.422948856094057857e-01	8.545547226035243860e-02	3.203353415691032602e-01	2.037079724724727148e-01	9.490540809053188420e-02	4.501845531877739920e-02	1.082824646791823997e-01
