4.208860085880095880e+02	4.263503805791385437e-01	2.749453685117438373e-01	1.305215885519129260e-01	7.826514202649433039e-02	4.239681643532996341e-02	1.476973186117525212e-02	3.275097203403284224e-02
4.353993192289755143e+02	4.212556885083265090e-01	2.716787824318137035e-01	1.342885688218832807e-01	8.047028813794263047e-02	4.328188439732603976e-02	1.510197318366767773e-02	3.392281451886789562e-02
4.499126298699413837e+02	4.162509942179088984e-01	2.684661863002260618e-01	1.379674203318529413e-01	8.263891428682031137e-02	4.415264003019058608e-02	1.543571919478482248e-02	3.508812563804412227e-02
4.644259405109071963e+02	4.113346246093013137e-01	2.653067085513606260e-01	1.415610466627045261e-01	8.477157924099792963e-02	4.500931628072220997e-02	1.577066625925974130e-02	3.624605839548137448e-02
4.789392511518730657e+02	4.065049425095385027e-01	2.621994904046694996e-01	1.450722165900031613e-01	8.686883577199107365e-02	4.585214221228948311e-02	1.610652835774013109e-02	3.739584415359595987e-02
4.934525617928388783e+02	4.017603456238338921e-01	2.591436857599964672e-01	1.485035716879511414e-01	8.893123055165425006e-02	4.668134307408004086e-02	1.644303615089580048e-02	3.853678715141626437e-02
5.079658724338048046e+02	3.970992655327019172e-01	2.561384610878192358e-01	1.518576334702285702e-01	9.095930406312049965e-02	4.749714036887758839e-02	1.677993609525802593e-02	3.966825938182207134e-02
5.224791830747705035e+02	3.925201667312123166e-01	2.531829953149289381e-01	1.551368100966790398e-01	9.295359052496827978e-02	4.829975191941104223e-02	1.711698960777362222e-02	4.078969580485472535e-02
5.369924937157364866e+02	3.880215457080936070e-01	2.502764797060285096e-01	1.583434026729716448e-01	9.491461782766241750e-02	4.908939193331765538e-02	1.745397227623954328e-02	4.190058987551459335e-02
5.515058043567023560e+02	3.836019300625393424e-01	2.474181177416961142e-01	1.614796111686601643e-01	9.684290748137845684e-02	4.986627106676053828e-02	1.779067311295532555e-02	4.300048936583803633e-02
5.660191149976681118e+02	3.792598776566999952e-01	2.446071249931290048e-01	1.645475399774559699e-01	9.873897457437759428e-02	5.063059648673894075e-02	1.812689384909167353e-02	4.408899246233478203e-02
5.805324256386339812e+02	3.749939758019651959e-01	2.418427289940538183e-01	1.675492031420296457e-01	1.006033277411536309e-01	5.138257193212836943e-02	1.846244826742448469e-02	4.516574412107279834e-02
5.950457362795999643e+02	3.708028404772529263e-01	2.391241691101614886e-01	1.704865292642506469e-01	1.024364691396242172e-01	5.212239777348576936e-02	1.879716157122516759e-02	4.623043266382774463e-02
6.095590469205657200e+02	3.666851155776304494e-01	2.364506964063994854e-01	1.733613661204547463e-01	1.042388944366862691e-01	5.285027107165379129e-02	1.913086978723111536e-02	4.728278659977208642e-02
6.240723575615315895e+02	3.626394721916897379e-01	2.338215735124301864e-01	1.761754850000969153e-01	1.060110928015001452e-01	5.356638563519667412e-02	1.946341920074475332e-02	4.832257165816946504e-02
6.385856682024975726e+02	3.586646079061951431e-01	2.312360744865414874e-01	1.789305847849890496e-01	1.077535469059088535e-01	5.427093207669889813e-02	1.979466582102668015e-02	4.934958801846785204e-02
6.530989788434633283e+02	3.547592461366075312e-01	2.286934846782748554e-01	1.816282957852399793e-01	1.094667329314372300e-01	5.496409786795676544e-02	2.012447487525811235e-02	5.036366772505351114e-02
6.676122894844290840e+02	3.509221354821728811e-01	2.261931005900166547e-01	1.842701833470009598e-01	1.111511205823535048e-01	5.564606739409163477e-02	2.045272032945095325e-02	5.136467227474142416e-02
6.821256001253949535e+02	3.471520491043389445e-01	2.237342297377800659e-01	1.868577512461677692e-01	1.128071731043088916e-01	5.631702200661261454e-02	2.077928443478037693e-02	5.235249036583939503e-02
6.966389107663608229e+02	3.434477841273372301e-01	2.213161905113875949e-01	1.893924448813022465e-01	1.144353473081036326e-01	5.697714007545535281e-02	2.110405729790569909e-02	5.332703579833635021e-02
7.111522214073266923e+02	3.398081610598346902e-01	2.189383120342488498e-01	1.918756542782006635e-01	1.160360935981576552e-01	5.762659704002266042e-02	2.142693647393035736e-02	5.428824551543322968e-02
7.256655320482924481e+02	3.362320232366239892e-01	2.165999340229126935e-01	1.943087169177557250e-01	1.176098560052920711e-01	5.826556545925159342e-02	2.174782658073185285e-02	5.523607777726020213e-02
7.401788426892584312e+02	3.327182362793800197e-01	2.143004066465591939e-01	1.966929203980266327e-01	1.191570722234541746e-01	5.889421506073105189e-02	2.206663893346751809e-02	5.617051045820956739e-02
7.546921533302243006e+02	3.292656875755675672e-01	2.120390903865841115e-01	1.990295049407465044e-01	1.206781736500429913e-01	5.951271278889258554e-02	2.238329119813249266e-02	5.709153945986190914e-02
7.692054639711900563e+02	3.258732857746370892e-01	2.098153558964159504e-01	2.013196657518536159e-01	1.221735854295158269e-01	6.012122285229687391e-02	2.269770706311236702e-02	5.799917723199647657e-02
7.837187746121558121e+02	3.225399603006945948e-01	2.076285838616946100e-01	2.035645552450316698e-01	1.236437264999773883e-01	6.071990677003700349e-02	2.300981592773517284e-02	5.889345139465772955e-02
7.982320852531219089e+02	3.192646608808792918e-01	2.054781648609302069e-01	2.057652851366802427e-01	1.250890096424737419e-01	6.130892341727948308e-02	2.331955260688564277e-02	5.977440345469956645e-02
8.127453958940876646e+02	3.160463570887246387e-01	2.033634992267505381e-01	2.079229284202083472e-01	1.265098415327316206e-01	6.188842906996271098e-02	2.362685705079950807e-02	6.064208761065077724e-02
8.272587065350534203e+02	3.128840379018206219e-01	2.012839969078366598e-01	2.100385212270499957e-01	1.279066227951020374e-01	6.245857744867234357e-02	2.393167407920707493e-02	6.149656964013942156e-02
8.417720171760191761e+02	3.097767112731327765e-01	1.992390773316370656e-01	2.121130645813362192e-01	1.292797480584828851e-01	6.301951976171214775e-02	2.423395312904357696e-02	6.233792586448356349e-02
8.562853278169851592e+02	3.067234037153695470e-01	1.972281692679438980e-01	2.141475260547241466e-01	1.306296060140113846e-01	6.357140474738848246e-02	2.453364801498927536e-02	6.316624218540149716e-02
8.707986384579510286e+02	3.037231598978238911e-01	1.952507106934061876e-01	2.161428413274772975e-01	1.319565794743315090e-01	6.411437871552576329e-02	2.483071670214491780e-02	6.398161318911872730e-02
8.853119490989170117e+02	3.007750422551461744e-01	1.933061486570483434e-01	2.180999156615092693e-01	1.332610454342544881e-01	6.464858558822993151e-02	2.512512109018822867e-02	6.478414131345192062e-02
8.998252597398827675e+02	2.978781306075358737e-01	1.913939391468565399e-01	2.200196252907465067e-01	1.345433751326442218e-01	6.517416693991630317e-02	2.541682680839480596e-02	6.557393607373421252e-02
9.143385703808486369e+02	2.950315217918670352e-01	1.895135469574882880e-01	2.219028187338309976e-01	1.358039341153704505e-01	6.569126203661766750e-02	2.570580302094211886e-02	6.635111334371185388e-02
9.288518810218145063e+02	2.922343293032899081e-01	1.876644455591561511e-01	2.237503180338703268e-01	1.370430822991841324e-01	6.620000787458807379e-02	2.599202224194867294e-02	6.711579468779114988e-02
9.433651916627801484e+02	2.894856829468739345e-01	1.858461169677302904e-01	2.255629199296486087e-01	1.382611740363791086e-01	6.670053921821726683e-02	2.627546015973159302e-02	6.786810674124757470e-02
9.578785023037459041e+02	2.867847284988831458e-01	1.840580516161005042e-01	2.273413969624369091e-01	1.394585581801151830e-01	6.719298863727027338e-02	2.655609546979528432e-02	6.860818063522708399e-02
9.723918129447120009e+02	2.841306273772946644e-01	1.822997482268333136e-01	2.290864985222836603e-01	1.406355781502852398e-01	6.767748654346619763e-02	2.683390971609151895e-02	6.933615146357387238e-02
9.869051235856777566e+02	2.815225563211927184e-01	1.805707136861560425e-01	2.307989518374239657e-01	1.417925719998186784e-01	6.815416122641003438e-02	2.710888714011723544e-02	7.005215778870979570e-02
1.001418434226643626e+03	2.789597070786903332e-01	1.788704629192952034e-01	2.324794629102205357e-01	1.429298724813209409e-01	6.862313888889066960e-02	2.738101453744079886e-02	7.075634118397004790e-02
1.015931744867609382e+03	2.764412861030469681e-01	1.771985187671936968e-01	2.341287174028366391e-01	1.440478071139560945e-01	6.908454368155807213e-02	2.765028112127041610e-02	7.144884580996668788e-02
1.030445055508575479e+03	2.739665142566706235e-01	1.755544118646275020e-01	2.357473814756422537e-01	1.451466982504870384e-01	6.953849773699222192e-02	2.791667839270013315e-02	7.212981802270884701e-02
1.044958366149541234e+03	2.715346265227060463e-01	1.739376805197391795e-01	2.373361025811695502e-01	1.462268631443935929e-01	6.998512120317611218e-02	2.818020001728903379e-02	7.279940601135512224e-02
1.059471676790506763e+03	2.691448717239277588e-01	1.723478705950036438e-01	2.388955102162577948e-01	1.472886140169953895e-01	7.042453227638448277e-02	2.844084170764854536e-02	7.345775946361104980e-02
1.073984987431472746e+03	2.667965122486701812e-01	1.707845353896376706e-01	2.404262166348651031e-01	1.483322581245117566e-01	7.085684723350023362e-02	2.869860111173063930e-02	7.410502925691311860e-02
1.088498298072438729e+03	2.644888237835404388e-01	1.692472355234628523e-01	2.419288175238710759e-01	1.493580978249964275e-01	7.128218046376956496e-02	2.895347770652677982e-02	7.474136717366150484e-02
1.103011608713404712e+03	2.622210950526724371e-01	1.677355388222300792e-01	2.434038926440502959e-01	1.503664306450894772e-01	7.170064450000680767e-02	2.920547269690335762e-02	7.536692563887614771e-02
1.117524919354370468e+03	2.599926275632922223e-01	1.662490202044096532e-01	2.448520064382624095e-01	1.513575493465337818e-01	7.211235004925990733e-02	2.945458891931441309e-02	7.598185747875613183e-02
1.132038229995336451e+03	2.578027353573767444e-01	1.647872615694512266e-01	2.462737086087782579e-01	1.523317419924073990e-01	7.251740602294669269e-02	2.970083075014656390e-02	7.658631569872165201e-02
1.146551540636302207e+03	2.556507447691969692e-01	1.633498516875145079e-01	2.476695346655428120e-01	1.532892920130276559e-01	7.291591956647250350e-02	2.994420401846441954e-02	7.718045327960969260e-02
1.161064851277267962e+03	2.535359941885488300e-01	1.619363860906709862e-01	2.490400064470657815e-01	1.542304782714858102e-01	7.330799608833866998e-02	3.018471592293726566e-02	7.776442299078127618e-02
1.175578161918233945e+03	2.514578338294822801e-01	1.605464669655743970e-01	2.503856326155257661e-01	1.551555751287754248e-01	7.369373928875191937e-02	3.042237495273966350e-02	7.833837721897918271e-02
1.190091472559199701e+03	2.494156255043490367e-01	1.591797030475974595e-01	2.517069091275773163e-01	1.560648525084804006e-01	7.407325118774397976e-02	3.065719081222973569e-02	7.890246781185067393e-02
1.204604783200165684e+03	2.474087424029978721e-01	1.578357095164300006e-01	2.530043196822582829e-01	1.569585759609917197e-01	7.444663215281066559e-02	3.088917434921937752e-02	7.945684593512068739e-02
1.219118093841131440e+03	2.454365688769535314e-01	1.565141078931329699e-01	2.542783361473099357e-01	1.578370067272248656e-01	7.481398092607946526e-02	3.111833748666059662e-02	8.000166194246724483e-02
1.233631404482097196e+03	2.434985002284233979e-01	1.552145259386417675e-01	2.555294189651417525e-01	1.587004018018126350e-01	7.517539465101438778e-02	3.134469315758143387e-02	8.053706525721331111e-02
1.248144715123063179e+03	2.415939425039828337e-01	1.539365975537111408e-01	2.567580175395972608e-01	1.595490139957502218e-01	7.553096889866682540e-02	3.156825524311376863e-02	8.106320426500671084e-02
1.262658025764028707e+03	2.397223122927964467e-01	1.526799626802929633e-01	2.579645706046080345e-01	1.603830919984722825e-01	7.588079769348063386e-02	3.178903851346353421e-02	8.158022621671491559e-02
1.277171336404994690e+03	2.378830365292394500e-01	1.514442672043378457e-01	2.591495065757551397e-01	1.612028804393429715e-01	7.622497353865984038e-02	3.200705857168183871e-02	8.208827714081171067e-02
1.291684647045960673e+03	2.360755522997885769e-01	1.502291628600097850e-01	2.603132438856968212e-01	1.620086199485432088e-01	7.656358744110691728e-02	3.222233180010269232e-02	8.258750176458087844e-02
1.306197957686926657e+03	2.342993066540577374e-01	1.490343071353034954e-01	2.614561913043621511e-01	1.628005472173398860e-01	7.689672893593946235e-02	3.243487530932007146e-02	8.307804344350609715e-02
1.320711268327892412e+03	2.325537564198590923e-01	1.478593631790529328e-01	2.625787482447572985e-01	1.635788950577244660e-01	7.722448611059298806e-02	3.264470688958373557e-02	8.356004409825842916e-02
1.335224578968857941e+03	2.308383680221751388e-01	1.467039997093187997e-01	2.636813050551772286e-01	1.643438924614098740e-01	7.754694562851746631e-02	3.285184496449917307e-02	8.403364415873118554e-02
1.349737889609823924e+03	2.291526173059320604e-01	1.455678909231425122e-01	2.647642432985717886e-01	1.650957646581753813e-01	7.786419275247477567e-02	3.305630854692321458e-02	8.449898251460909171e-02
1.364251200250789907e+03	2.274959893624687590e-01	1.444507164076537231e-01	2.658279360197659535e-01	1.658347331735518793e-01	7.817631136744429554e-02	3.325811719695207641e-02	8.495619647199220692e-02
1.378764510891755890e+03	2.258679783596010127e-01	1.433521610525182177e-01	2.668727480011949815e-01	1.665610158858394640e-01	7.848338400314389118e-02	3.345729098190408646e-02	8.540542171562723328e-02
1.393277821532721646e+03	2.242680873751834447e-01	1.422719149637121094e-01	2.678990360077749822e-01	1.672748270824525318e-01	7.878549185617290951e-02	3.365385043820409011e-02	8.584679227632883991e-02
1.407791132173687402e+03	2.226958282340761874e-01	1.412096733786085689e-01	2.689071490214907656e-01	1.679763775155868055e-01	7.908271481178406892e-02	3.384781653508135701e-02	8.628044050320116121e-02
1.422304442814653157e+03	2.211507213484265044e-01	1.401651365823627371e-01	2.698974284662505885e-01	1.686658744572049062e-01	7.937513146529093233e-02	3.403921063999698626e-02	8.670649704029617655e-02
1.436817753455619140e+03	2.196322955611794414e-01	1.391380098255801667e-01	2.708702084235230512e-01	1.693435217533377501e-01	7.966281914311724999e-02	3.422805448572136672e-02	8.712509080736979827e-02
1.451331064096585123e+03	2.181400879927340719e-01	1.381280032432541660e-01	2.718258158392412027e-01	1.700095198776996053e-01	7.994585392349468078e-02	3.441437013898571845e-02	8.753634898441947643e-02
1.465844374737550879e+03	2.166736438906659568e-01	1.371348317749571666e-01	2.727645707224306548e-01	1.706640659846159758e-01	8.022431065681497053e-02	3.459817997063587697e-02	8.794039699970838952e-02
1.480357685378516862e+03	2.152325164824386017e-01	1.361582150862709895e-01	2.736867863359913056e-01	1.713073539612640639e-01	8.049826298564284610e-02	3.477950662721974312e-02	8.833735852100146890e-02
1.494870996019482618e+03	2.138162668310297498e-01	1.351978774914409376e-01	2.745927693800368496e-01	1.719395744792258929e-01	8.076778336439542627e-02	3.495837300394328412e-02	8.872735544975692001e-02
1.509384306660448374e+03	2.124244636934008446e-01	1.342535478772382274e-01	2.754828201681729372e-01	1.725609150453553675e-01	8.103294307869401969e-02	3.513480221893314215e-02	8.911050791803448723e-02
1.523897617301414357e+03	2.110566833817409949e-01	1.333249596280159932e-01	2.763572327970720277e-01	1.731715600519608544e-01	8.129381226439416630e-02	3.530881758874686305e-02	8.948693428789811222e-02
1.538410927942380113e+03	2.097125096274183309e-01	1.324118505519427391e-01	2.772162953096828919e-01	1.737716908263055027e-01	8.155045992629939011e-02	3.548044260507446368e-02	8.985675115310574890e-02
1.552924238583346096e+03	2.083915334475746339e-01	1.315139628083984713e-01	2.780602898523926725e-01	1.743614856794277468e-01	8.180295395656421442e-02	3.564970091257809587e-02	9.022007334289333658e-02
1.567437549224311852e+03	2.070933530143010126e-01	1.306310428365178578e-01	2.788894928264405437e-01	1.749411199542855733e-01	8.205136115279197673e-02	3.581661628781865336e-02	9.057701392767354698e-02
1.581950859865277607e+03	2.058175735263345074e-01	1.297628412848651491e-01	2.797041750338663535e-01	1.755107660732277419e-01	8.229574723583245321e-02	3.598121261922096470e-02	9.092768422648200843e-02
1.596464170506243590e+03	2.045638070832171140e-01	1.289091129422254289e-01	2.805046018182588696e-01	1.760705935847961257e-01	8.253617686728478842e-02	3.614351388803126869e-02	9.127219381601557602e-02
1.610977481147209119e+03	2.033316725618613818e-01	1.280696166694968441e-01	2.812910332005562619e-01	1.766207692098631932e-01	8.277271366671061503e-02	3.630354415022293141e-02	9.161065054111802719e-02
1.625490791788175102e+03	2.021207954954676866e-01	1.272441153326684671e-01	2.820637240101335208e-01	1.771614568871099082e-01	8.300542022856245705e-02	3.646132751930838967e-02	9.194316052657879046e-02
1.640004102429141085e+03	2.009308079547405257e-01	1.264323757368691348e-01	2.828229240114020215e-01	1.776928178178481810e-01	8.323435813883230117e-02	3.661688815001726272e-02	9.226982819011964043e-02
1.654517413070107068e+03	1.997613484313527921e-01	1.256341685614713877e-01	2.835688780261301778e-01	1.782150105101937831e-01	8.345958799142512430e-02	3.677025022280240585e-02	9.259075625645342422e-02
1.669030723711072824e+03	1.986120617236078745e-01	1.248492682962357714e-01	2.843018260516845808e-01	1.787281908225944183e-01	8.368116940426212347e-02	3.692143792913750444e-02	9.290604577230683614e-02
1.683544034352038352e+03	1.974825988242521480e-01	1.240774531784808593e-01	2.850220033753795290e-01	1.792325120067196076e-01	8.389916103511822765e-02	3.707047545757138213e-02	9.321579612230737610e-02
1.698057344993004335e+03	1.963726168103904768e-01	1.233185051312637726e-01	2.857296406851118631e-01	1.797281247497171663e-01	8.411362059719854067e-02	3.721738698050579275e-02	9.352010504564149673e-02
1.712570655633970318e+03	1.952817787354600987e-01	1.225722097025565283e-01	2.864249641764484156e-01	1.802151772158430421e-01	8.432460487445803121e-02	3.736219664166511717e-02	9.381906865339788293e-02
1.727083966274936301e+03	1.942097535232179817e-01	1.218383560054037418e-01	2.871081956563242277e-01	1.806938150874704829e-01	8.453216973666899392e-02	3.750492854422753791e-02	9.411278144651612221e-02
1.741597276915902057e+03	1.931562158636997428e-01	1.211167366590470834e-01	2.877795526435014128e-01	1.811641816054848086e-01	8.473637015424041741e-02	3.764560673958890907e-02	9.440133633426670001e-02
1.756110587556867813e+03	1.921208461111078847e-01	1.204071477310020982e-01	2.884392484659295541e-01	1.816264176090702509e-01	8.493726021279363048e-02	3.778425521673164228e-02	9.468482465319399966e-02
1.770623898197833569e+03	1.911033301835892984e-01	1.197093886800733586e-01	2.890874923551414732e-01	1.820806615748955248e-01	8.513489312749830673e-02	3.792089789217224782e-02	9.496333618645895480e-02
1.785137208838799552e+03	1.901033594648625646e-01	1.190232623002934892e-01	2.897244895378107143e-01	1.825270496557044875e-01	8.532932125717281047e-02	3.805555860046234279e-02	9.523695918352276246e-02
1.799650519479765535e+03	1.891206307076568061e-01	1.183485746657725324e-01	2.903504413245912574e-01	1.829657157183191274e-01	8.552059611815300555e-02	3.818826108521887475e-02	9.550578038011757476e-02
1.814163830120731291e+03	1.881548459389249528e-01	1.176851350764435145e-01	2.909655451963513717e-01	1.833967913810611305e-01	8.570876839793332980e-02	3.831902899066075285e-02	9.576988501845418167e-02
1.828677140761696819e+03	1.872057123667950074e-01	1.170327560046907633e-01	2.915699948879099668e-01	1.838204060505990445e-01	8.589388796858414554e-02	3.844788585362961947e-02	9.602935686762070766e-02
1.843190451402663257e+03	1.862729422892239750e-01	1.163912530428473091e-01	2.921639804693772491e-01	1.842366869582282296e-01	8.607600389994891910e-02	3.857485509607381374e-02	9.628427824412975899e-02
1.857703762043628785e+03	1.853562530043205148e-01	1.157604448515481832e-01	2.927476884251951628e-01	1.846457591955900368e-01	8.625516447262508712e-02	3.869996001797531421e-02	9.653473003257495577e-02
1.872217072684594768e+03	1.844553667223020610e-01	1.151401531089263214e-01	2.933213017309699300e-01	1.850477457498375389e-01	8.643141719073224594e-02	3.882322379070040491e-02	9.678079170636079420e-02
1.886730383325560297e+03	1.835700104790541631e-01	1.145302024606378727e-01	2.938849999281830661e-01	1.854427675382544494e-01	8.660480879447120250e-02	3.894466945075551745e-02	9.702254134847307365e-02
1.901243693966526507e+03	1.826999160512603471e-01	1.139304204707044660e-01	2.944389591968626929e-01	1.858309434423346396e-01	8.677538527247741218e-02	3.906431989393070042e-02	9.726005567225913528e-02
1.915757004607492036e+03	1.818448198730711618e-01	1.133406375731591392e-01	2.949833524262940876e-01	1.862123903413286097e-01	8.694319187397224480e-02	3.918219786981363278e-02	9.749341004219048978e-02
1.930270315248458019e+03	1.810044629542817696e-01	1.127606870244839132e-01	2.955183492838432402e-01	1.865872231452646024e-01	8.710827312071550699e-02	3.929832597665819383e-02	9.772267849458214639e-02
1.944783625889424002e+03	1.801785907999892689e-01	1.121904048568261869e-01	2.960441162819633654e-01	1.869555548274506318e-01	8.727067281876252358e-02	3.941272665659185936e-02	9.794793375824560611e-02
1.959296936530389530e+03	1.793669533317001630e-01	1.116296298319818525e-01	2.965608168434522574e-01	1.873174964564648104e-01	8.743043407002899781e-02	3.952542219114723449e-02	9.816924727505413339e-02
1.973810247171355968e+03	1.785693048098602187e-01	1.110782033961331822e-01	2.970686113650237714e-01	1.876731572276407189e-01	8.758759928366700864e-02	3.963643469710339401e-02	9.838668922040115505e-02
1.988323557812321269e+03	1.777854037577788482e-01	1.105359696353293703e-01	2.975676572792537722e-01	1.880226444940547581e-01	8.774221018725515686e-02	3.974578612262347210e-02	9.860032852353411981e-02
2.002836868453287707e+03	1.770150128869212580e-01	1.100027752316980051e-01	2.980581091149587247e-01	1.883660637970221707e-01	8.789430783780596834e-02	3.985349824367535182e-02	9.881023288774803959e-02
2.017350179094252780e+03	1.762578990235421916e-01	1.094784694203759789e-01	2.985401185560615511e-01	1.887035188961088406e-01	8.804393263259377433e-02	3.995959266072301314e-02	9.901646881042423798e-02
2.031863489735218764e+03	1.755138330366353694e-01	1.089629039471482069e-01	2.990138344989969332e-01	1.890351117986653062e-01	8.819112431980587197e-02	4.006409079567650744e-02	9.921910160290145497e-02
2.046376800376184747e+03	1.747825897671735629e-01	1.084559330267831079e-01	2.994794031087064656e-01	1.893609427888899299e-01	8.833592200901992098e-02	4.016701388908907461e-02	9.941819541016758133e-02
2.060890111017150957e+03	1.740639479586149341e-01	1.079574133020535093e-01	2.999369678732705657e-01	1.896811104564280481e-01	8.847836418151061588e-02	4.026838299759037676e-02	9.961381323036162805e-02
2.075403421658116713e+03	1.733576901886513255e-01	1.074672038034320681e-01	3.003866696572228823e-01	1.899957117245131555e-01	8.861848870038833981e-02	4.036821899154523913e-02	9.980601693407664676e-02
2.089916732299082469e+03	1.726636028021754088e-01	1.069851659094504526e-01	3.008286467535905562e-01	1.903048418776574491e-01	8.875633282057264484e-02	4.046654255292784358e-02	9.999486728345534370e-02
2.104430042940048224e+03	1.719814758454432102e-01	1.065111633077116676e-01	3.012630349347010794e-01	1.906085945888977284e-01	8.889193319860325126e-02	4.056337417340159790e-02	1.001804239510711847e-01
2.118943353581013525e+03	1.713111030014102254e-01	1.060450619565448394e-01	3.016899675017962190e-01	1.909070619466032015e-01	8.902532590229132736e-02	4.065873415259540352e-02	1.003627455385884826e-01
2.133456664221980191e+03	1.706522815262183912e-01	1.055867300472922293e-01	3.021095753334900325e-01	1.912003344808519134e-01	8.915654642021371423e-02	4.075264259656734278e-02	1.005418895951959851e-01
2.147969974862945492e+03	1.700048121868132089e-01	1.051360379672183626e-01	3.025219869331071676e-01	1.914885011893817379e-01	8.928562967105256598e-02	4.084511941644722310e-02	1.007179126358093146e-01
2.162483285503912157e+03	1.693684991996690370e-01	1.046928582630310828e-01	3.029273284749361417e-01	1.917716495631223705e-01	8.941261001278315301e-02	4.093618432724981798e-02	1.008908701590380264e-01
2.176996596144877003e+03	1.687431501706029013e-01	1.042570656050046951e-01	3.033257238494304620e-01	1.920498656113147629e-01	8.953752125171213216e-02	4.102585684685079725e-02	1.010608166649139272e-01
2.191509906785843214e+03	1.681285760356558412e-01	1.038285367516954549e-01	3.037172947073898399e-01	1.923232338862238266e-01	8.966039665136898984e-02	4.111415629511793596e-02	1.012278056723778658e-01
2.206023217426809424e+03	1.675245910030225827e-01	1.034071505152398263e-01	3.041021605031509756e-01	1.925918375074504862e-01	8.978126894125289248e-02	4.120110179319017019e-02	1.013918897365229110e-01
2.220536528067775180e+03	1.669310124960098618e-01	1.029927877272259623e-01	3.044804385368174993e-01	1.928557581858496017e-01	8.990017032543738684e-02	4.128671226289767904e-02	1.015531204655917979e-01
2.235049838708740936e+03	1.663476610970045788e-01	1.025853312051292765e-01	3.048522439955573260e-01	1.931150762470590920e-01	9.001713249103543424e-02	4.137100642631624109e-02	1.017115485377279027e-01
2.249563149349706237e+03	1.657743604924331038e-01	1.021846657193026808e-01	3.052176899939928467e-01	1.933698706546465029e-01	9.013218661652680486e-02	4.145400280544943999e-02	1.018672237174785000e-01
2.264076459990672902e+03	1.652109374186938040e-01	1.017906779605126932e-01	3.055768876137116008e-01	1.936202190328787098e-01	9.024536337995039958e-02	4.153571972203260604e-02	1.020201948720500656e-01
2.278589770631638203e+03	1.646572216090447238e-01	1.014032565080124210e-01	3.059299459419203560e-01	1.938661976891207506e-01	9.035669296696348385e-02	4.161617529745259558e-02	1.021705099873156108e-01
2.293103081272604413e+03	1.641130457414287092e-01	1.010222917981426632e-01	3.062769721092674646e-01	1.941078816358689230e-01	9.046620507877026207e-02	4.169538745277764219e-02	1.023182161835742426e-01
2.307616391913570169e+03	1.635782453872197395e-01	1.006476760934525566e-01	3.066180713268557567e-01	1.943453446124245310e-01	9.057392893992166627e-02	4.177337390889202667e-02	1.024633597310636163e-01
2.322129702554535925e+03	1.630526589608725929e-01	1.002793034523312005e-01	3.069533469224681177e-01	1.945786591062129700e-01	9.067989330598875963e-02	4.185015218673014681e-02	1.026059860652260847e-01
2.336643013195502135e+03	1.625361276704603286e-01	9.991706969914201930e-02	3.072829003760267352e-01	1.948078963737544522e-01	9.078412647111161471e-02	4.192573960760512947e-02	1.027461398017296412e-01
2.351156323836467891e+03	1.620284954690827117e-01	9.956087239485152118e-02	3.076068313543064425e-01	1.950331264612911730e-01	9.088665627542587278e-02	4.200015329362708633e-02	1.028838647512451410e-01
2.365669634477433647e+03	1.615296090071303703e-01	9.921061080814458366e-02	3.079252377449220313e-01	1.952544182250763316e-01	9.098751011236885788e-02	4.207341016820646817e-02	1.030192039339813126e-01
2.380182945118399402e+03	1.610393175853888914e-01	9.886618588701795440e-02	3.082382156896077974e-01	1.954718393513308061e-01	9.108671493586734114e-02	4.214552695663804915e-02	1.031521995939791714e-01
2.394696255759364703e+03	1.605574731089677853e-01	9.852750023084438924e-02	3.085458596168078604e-01	1.956854563758717858e-01	9.118429726740884256e-02	4.221652018676133600e-02	1.032828932131679978e-01
2.409209566400331823e+03	1.600839300420392186e-01	9.819445806289975320e-02	3.088482622735953531e-01	1.958953347034192716e-01	9.128028320299838572e-02	4.228640618969326664e-02	1.034113255251848246e-01
2.423722877041296670e+03	1.596185453633721385e-01	9.786696520334517424e-02	3.091455147569360240e-01	1.961015386265852478e-01	9.137469842000255082e-02	4.235520110062936106e-02	1.035375365289596672e-01
2.438236187682262880e+03	1.591611785226474396e-01	9.754492904265719966e-02	3.094377065443142949e-01	1.963041313445500757e-01	9.146756818388279697e-02	4.242292085970949395e-02	1.036615655020688559e-01
2.452749498323228636e+03	1.587116913975399890e-01	9.722825851549818377e-02	3.097249255237366494e-01	1.965031749814318829e-01	9.155891735481970495e-02	4.248958121294482693e-02	1.037834510138589406e-01
2.467262808964194392e+03	1.582699482515537437e-01	9.691686407502007883e-02	3.100072580231273411e-01	1.966987306043529726e-01	9.164877039423008354e-02	4.255519771320226408e-02	1.039032309383436797e-01
2.481776119605160602e+03	1.578358156925966649e-01	9.661065766759412143e-02	3.102847888391321307e-01	1.968908582412086661e-01	9.173715137117850749e-02	4.261978572124325987e-02	1.040209424668768062e-01
2.496289430246126358e+03	1.574091626322817183e-01	9.630955270795969747e-02	3.105576012653436524e-01	1.970796168981427399e-01	9.182408396868525779e-02	4.268336040681379451e-02	1.041366221206032755e-01
2.510802740887092114e+03	1.569898602459414705e-01	9.601346405478537738e-02	3.108257771199623987e-01	1.972650645767346778e-01	9.190959148993214922e-02	4.274593674978235947e-02	1.042503057626916613e-01
2.525316051528057415e+03	1.565777819333432352e-01	9.572230798663532159e-02	3.110893967729068121e-01	1.974472582909028717e-01	9.199369686436800753e-02	4.280752954132318461e-02	1.043620286103506684e-01
2.539829362169024080e+03	1.561728032800920873e-01	9.543600217833435317e-02	3.113485391723854745e-01	1.976262540835282966e-01	9.207642265371544787e-02	4.286815338514177176e-02	1.044718252466326630e-01
2.554342672809989381e+03	1.557748020197099459e-01	9.515446567772528619e-02	3.116032818709434382e-01	1.978021070428037098e-01	9.215779105788053649e-02	4.292782269874019507e-02	1.045797296320269687e-01
2.568855983450955591e+03	1.553836579963780162e-01	9.487761888281186218e-02	3.118537010509959684e-01	1.979748713183119291e-01	9.223782392076693148e-02	4.298655171471939956e-02	1.046857751158459943e-01
2.583369294091921347e+03	1.549992531283313490e-01	9.460538351928104994e-02	3.120998715498602416e-01	1.981446001368380450e-01	9.231654273599608496e-02	4.304435448211620802e-02	1.047899944474072337e-01
2.597882604732887103e+03	1.546214713718936096e-01	9.433768261839843572e-02	3.123418668842969925e-01	1.983113458179196764e-01	9.239396865253496349e-02	4.310124486777261454e-02	1.048924197870138991e-01
2.612395915373853313e+03	1.542501986861407326e-01	9.407444049527050045e-02	3.125797592745739317e-01	1.984751597891395991e-01	9.247012248023295244e-02	4.315723655773501255e-02	1.049930827167374625e-01
2.626909226014819069e+03	1.538853229981821391e-01	9.381558272746776117e-02	3.128136196680600944e-01	1.986360926011645767e-01	9.254502469526924846e-02	4.321234305868137254e-02	1.050920142510049921e-01
2.641422536655784825e+03	1.535267341690486620e-01	9.356103613400293395e-02	3.130435177623632770e-01	1.987941939425347526e-01	9.261869544551229461e-02	4.326657769937404530e-02	1.051892448469941843e-01
2.655935847296750580e+03	1.531743239601765783e-01	9.331072875465801220e-02	3.132695220280193316e-01	1.989495126542077108e-01	9.269115455579272911e-02	4.331995363213642786e-02	1.052848044148393947e-01
2.670449157937716336e+03	1.528279860004768120e-01	9.306458982965466753e-02	3.134916997307441999e-01	1.991020967438606182e-01	9.276242153309113836e-02	4.337248383435145932e-02	1.053787223276513169e-01
2.684962468578682547e+03	1.524876157539791222e-01	9.282254977966232501e-02	3.137101169532577338e-01	1.992519933999550574e-01	9.283251557164212686e-02	4.342418110998012837e-02	1.054710274313537116e-01
2.699475779219648302e+03	1.521531104880411156e-01	9.258454018613827829e-02	3.139248386166888505e-01	1.993992490055679079e-01	9.290145555795605026e-02	4.347505809109826480e-02	1.055617480543397380e-01
2.713989089860614058e+03	1.518243692421120117e-01	9.235049377199433529e-02	3.141359285015710712e-01	1.995439091519921049e-01	9.296926007575953554e-02	4.352512723944994971e-02	1.056509120169512317e-01
2.728502400501579814e+03	1.515012927970412204e-01	9.212034438258459579e-02	3.143434492684371029e-01	1.996860186521112190e-01	9.303594741085657871e-02	4.357440084801592062e-02	1.057385466407836372e-01
2.743015711142545115e+03	1.511837836449226036e-01	9.189402696700914308e-02	3.145474624780209560e-01	1.998256215535514357e-01	9.310153555591095531e-02	4.362289104259546579e-02	1.058246787578197429e-01
2.757529021783511780e+03	1.508717459594640931e-01	9.167147755972832046e-02	3.147480286110768133e-01	1.999627611516142378e-01	9.316604221515167872e-02	4.367060978340030208e-02	1.059093347193947876e-01
2.772042332424477081e+03	1.505650855668742016e-01	9.145263326248248559e-02	3.149452070878217547e-01	2.000974800019939548e-01	9.322948480900249135e-02	4.371756886665907615e-02	1.059925404049962411e-01
2.786555643065443292e+03	1.502637099172558222e-01	9.123743222651230222e-02	3.151390562870103329e-01	2.002298199332830930e-01	9.329188047863674893e-02	4.376377992623113611e-02	1.060743212309008254e-01
2.801068953706408593e+03	1.499675280564985447e-01	9.102581363507435130e-02	3.153296335646494364e-01	2.003598220592691936e-01	9.335324609045884958e-02	4.380925443522827589e-02	1.061547021586517064e-01
2.815582264347374803e+03	1.496764505986606375e-01	9.081771768624738450e-02	3.155169952723604898e-01	2.004875267910266323e-01	9.341359824051337357e-02	4.385400370764326594e-02	1.062337077033785465e-01
2.830095574988341014e+03	1.493903896988319491e-01	9.061308557602443248e-02	3.157011967753965420e-01	2.006129738488065806e-01	9.347295325882332140e-02	4.389803889998399739e-02	1.063113619419634587e-01
2.844608885629306769e+03	1.491092590264696538e-01	9.041185948168579956e-02	3.158822924703207913e-01	2.007362022737284313e-01	9.353132721365828295e-02	4.394137101291206715e-02	1.063876885210552764e-01
2.859122196270272525e+03	1.488329737391979601e-01	9.021398254544853168e-02	3.160603358023542087e-01	2.008572504392760194e-01	9.358873591573388384e-02	4.398401089288482557e-02	1.064627106649349425e-01
2.873635506911238281e+03	1.485614504570639538e-01	9.001939885838766697e-02	3.162353792823986431e-01	2.009761560626017463e-01	9.364519492234361919e-02	4.402596923379984567e-02	1.065364511832348621e-01
2.888148817552204036e+03	1.482946072372416380e-01	8.982805344462482799e-02	3.164074745037426806e-01	2.010929562156417716e-01	9.370071954142404624e-02	4.406725657864079410e-02	1.066089324785145925e-01
2.902662128193170247e+03	1.480323635491757606e-01	8.963989224577965931e-02	3.165766721584554189e-01	2.012076873360454099e-01	9.375532483555461261e-02	4.410788332112386412e-02	1.066801765536956742e-01
2.917175438834136003e+03	1.477746402501585454e-01	8.945486210567978047e-02	3.167430220534757646e-01	2.013203852379216174e-01	9.380902562589293892e-02	4.414785970734385473e-02	1.067502050193579327e-01
2.931688749475101758e+03	1.475213595613306949e-01	8.927291075532499398e-02	3.169065731264030239e-01	2.014310851224057897e-01	9.386183649604684653e-02	4.418719583741904239e-02	1.068190391009000567e-01
2.946202060116067514e+03	1.472724450441001143e-01	8.909398679810158483e-02	3.170673734609942840e-01	2.015398215880497002e-01	9.391377179588400459e-02	4.422590166713407517e-02	1.068866996455666990e-01
2.960715370757033725e+03	1.470278215769706687e-01	8.891803969524236795e-02	3.172254703023750233e-01	2.016466286410373565e-01	9.396484564528023720e-02	4.426398700958014687e-02	1.069532071293447240e-01
2.975228681397999480e+03	1.467874153327733411e-01	8.874501975152866706e-02	3.173809100719685583e-01	2.017515397052299098e-01	9.401507193780747618e-02	4.430146153679168780e-02	1.070185816637308496e-01
2.989741992038964781e+03	1.465511537562936006e-01	8.857487810123006178e-02	3.175337383821499881e-01	2.018545876320422261e-01	9.406446434436241399e-02	4.433833478137895467e-02	1.070828430023732375e-01
3.004255302679930992e+03	1.463189655422872659e-01	8.840756669427796144e-02	3.176840000506296335e-01	2.019558047101539244e-01	9.411303631673673120e-02	4.437461613815579103e-02	1.071460105475891822e-01
3.018768613320896748e+03	1.460907806138785625e-01	8.824303828266917560e-02	3.178317391145718540e-01	2.020552226750575164e-01	9.416080109112989760e-02	4.441031486576202392e-02	1.072081033567614250e-01
3.033281923961862958e+03	1.458665301013331583e-01	8.808124640709570630e-02	3.179769988444546835e-01	2.021528727184466190e-01	9.420777169160540754e-02	4.444544008827984449e-02	1.072691401486150636e-01
3.047795234602828714e+03	1.456461463212003205e-01	8.792214538379691802e-02	3.181198217576741150e-01	2.022487854974465149e-01	9.425396093349144855e-02	4.448000079684365921e-02	1.073291393093775692e-01
3.062308545243794470e+03	1.454295627558168380e-01	8.776569029163036606e-02	3.182602496318996388e-01	2.023429911436899487e-01	9.429938142672689150e-02	4.451400585124293263e-02	1.073881188988239643e-01
3.076821855884760225e+03	1.452167140331671602e-01	8.761183695935788329e-02	3.183983235181848670e-01	2.024355192722405439e-01	9.434404557915340717e-02	4.454746398151739756e-02	1.074460966562092445e-01
3.091335166525725526e+03	1.450075359070932823e-01	8.746054195314303947e-02	3.185340837538385150e-01	2.025263989903663409e-01	9.438796559975472233e-02	4.458038378954430614e-02	1.075030900060903599e-01
3.105848477166692192e+03	1.448019652378476629e-01	8.731176256425676740e-02	3.186675699750597390e-01	2.026156589061659519e-01	9.443115350184369539e-02	4.461277375061719480e-02	1.075591160640395894e-01
3.120361787807657493e+03	1.445999399729842594e-01	8.716545679698745053e-02	3.187988211293432683e-01	2.027033271370500267e-01	9.447362110619819675e-02	4.464464221501578817e-02	1.076141916422516109e-01
3.134875098448624158e+03	1.444013991285807708e-01	8.702158335675221068e-02	3.189278754876584410e-01	2.027894313180799157e-01	9.451538004414659910e-02	4.467599740956662568e-02	1.076683332550460170e-01
3.149388409089589004e+03	1.442062827707869532e-01	8.688010163840616251e-02	3.190547706564060282e-01	2.028739986101663340e-01	9.455644176060361283e-02	4.470684743919406401e-02	1.077215571242674530e-01
3.163901719730555214e+03	1.440145319976928739e-01	8.674097171474601242e-02	3.191795435891577326e-01	2.029570557081301629e-01	9.459681751705736885e-02	4.473720028846130126e-02	1.077738791845852251e-01
3.178415030371521425e+03	1.438260889215117466e-01	8.660415432520518486e-02	3.193022305981824682e-01	2.030386288486275281e-01	9.463651839450847036e-02	4.476706382310108312e-02	1.078253150886942374e-01
3.192928341012487181e+03	1.436408966510718255e-01	8.646961086473692326e-02	3.194228673657633077e-01	2.031187438179418159e-01	9.467555529636183242e-02	4.479644579153581330e-02	1.078758802124192562e-01
3.207441651653452936e+03	1.434588992746119729e-01	8.633730337288257617e-02	3.195414889553089277e-01	2.031974259596443233e-01	9.471393895127200313e-02	4.482535382638677679e-02	1.079255896597241804e-01
3.221954962294418237e+03	1.432800418428754330e-01	8.620719452302177954e-02	3.196581298222641587e-01	2.032747001821261223e-01	9.475167991594288242e-02	4.485379544597221241e-02	1.079744582676282344e-01
3.236468272935384903e+03	1.431042703524966764e-01	8.607924761180155149e-02	3.197728238248225274e-01	2.033505909660029976e-01	9.478878857788229639e-02	4.488177805579397078e-02	1.080225006110308028e-01
3.250981583576350204e+03	1.429315317296764309e-01	8.595342654874138510e-02	3.198856042344455086e-01	2.034251223713958445e-01	9.482527515811245422e-02	4.490930895001252199e-02	1.080697310074466844e-01
3.265494894217316414e+03	1.427617738141395143e-01	8.582969584601134183e-02	3.199965037461912631e-01	2.034983180450881946e-01	9.486114971383685646e-02	4.493639531291018785e-02	1.081161635216533606e-01
3.280008204858282170e+03	1.425949453433708325e-01	8.570802060838043912e-02	3.201055544888574134e-01	2.035702012275634742e-01	9.489642214106429330e-02	4.496304422034225201e-02	1.081618119702520697e-01
3.294521515499247926e+03	1.424309959371242718e-01	8.558836652333220996e-02	3.202127880349401323e-01	2.036407947599231938e-01	9.493110217719075150e-02	4.498926264117592000e-02	1.082066899261443088e-01
3.309034826140214136e+03	1.422698760822003472e-01	8.547069985134499170e-02	3.203182354104144869e-01	2.037101210906890059e-01	9.496519940353985445e-02	4.501505743871683091e-02	1.082508107229252503e-01
