4.208860085880095880e+02	4.263503805791385437e-01	2.749453685117438373e-01	1.305215885519129260e-01	7.826514202649433039e-02	4.239681643532996341e-02	1.476973186117525212e-02	3.275097203403284224e-02
4.353993192289755143e+02	4.212585064244767641e-01	2.716757671763651572e-01	1.342930639167809470e-01	8.047083067255768329e-02	4.328152269066866398e-02	1.510376495715031950e-02	3.391654416182813409e-02
4.499126298699413837e+02	4.162564793666106433e-01	2.684603415774908797e-01	1.379753843154797599e-01	8.263984477067695678e-02	4.415193433769756814e-02	1.543910765930275875e-02	3.507690797256900195e-02
4.644259405109071963e+02	4.113426343446779376e-01	2.652982065309091864e-01	1.415715958959403720e-01	8.477276242742819157e-02	4.500828377735854868e-02	1.577546777642378426e-02	3.623104924708952373e-02
4.789392511518730657e+02	4.065153417328228325e-01	2.621884907851229074e-01	1.450845945384119373e-01	8.687015401619579968e-02	4.585079955183028744e-02	1.611257040438358878e-02	3.737804897106015295e-02
4.934525617928388783e+02	4.017730063164764998e-01	2.591303368272182550e-01	1.485171349181859668e-01	8.893258220487808285e-02	4.667970641225720890e-02	1.645015697335661109e-02	3.851707634745494407e-02
5.079658724338048046e+02	3.971140663127808446e-01	2.561229006900249683e-01	1.518718389788316081e-01	9.096060198887789827e-02	4.749522538510149439e-02	1.678798435067598710e-02	3.964738229353470533e-02
5.224791830747705035e+02	3.925369924326485016e-01	2.531653517606580750e-01	1.551512038552567696e-01	9.295476072893868458e-02	4.829757383715669455e-02	1.712582399585643386e-02	4.076829338931238500e-02
5.369924937157364866e+02	3.880402869821113487e-01	2.502568725905204294e-01	1.583576092832636451e-01	9.491559819341656434e-02	4.908696553925966100e-02	1.746346116454913777e-02	4.187920624670677522e-02
5.515058043567023560e+02	3.836224830007601838e-01	2.473966587068412992e-01	1.614933245298034170e-01	9.684364660460646757e-02	4.986361072873612965e-02	1.780069415840174890e-02	4.297958227067827375e-02
5.660191149976681118e+02	3.792821434352168231e-01	2.445839184258149501e-01	1.645605148758354785e-01	9.873943068876689377e-02	5.062771617061380403e-02	1.813733361799226701e-02	4.406894278558731726e-02
5.805324256386339812e+02	3.750178603457101634e-01	2.418178726673992363e-01	1.675612476815516727e-01	1.006034677295117863e-01	5.137948521763536364e-02	1.847320185618827118e-02	4.514686450183096750e-02
5.950457362795999643e+02	3.708282541439493207e-01	2.390977547718274865e-01	1.704974980617281199e-01	1.024362676242611264e-01	5.211911786910256722e-02	1.880813222945355509e-02	4.621297529950528504e-02
6.095590469205657200e+02	3.667119728606004769e-01	2.364228103178798168e-01	1.733711541971005576e-01	1.042383329434626721e-01	5.284681082858149609e-02	1.914196854478355039e-02	4.726695030741884934e-02
6.240723575615315895e+02	3.626676914407803709e-01	2.337922969429569175e-01	1.761840223059217281e-01	1.060101589923173465e-01	5.356275756049762998e-02	1.947456450009987100e-02	4.830850825725350323e-02
6.385856682024975726e+02	3.586941110660777365e-01	2.312054841649921477e-01	1.789378312982367603e-01	1.077522338747591707e-01	5.426714834564855261e-02	1.980578315607310971e-02	4.933740809403993482e-02
6.530989788434633283e+02	3.547899585017068036e-01	2.286616532062347995e-01	1.816342371339000061e-01	1.094650385594577169e-01	5.496017033566089754e-02	2.013549643747309867e-02	5.035344582539404840e-02
6.676122894844290840e+02	3.509539854674845194e-01	2.261600968189321770e-01	1.842748269039466424e-01	1.111490469476276721e-01	5.564200760641727084e-02	2.046358466226697384e-02	5.135645159315209429e-02
6.821256001253949535e+02	3.471849680314015862e-01	2.237001191129343591e-01	1.868611226536163461e-01	1.128047259424443810e-01	5.631284121047794300e-02	2.078993609679880353e-02	5.234628695215388927e-02
6.966389107663608229e+02	3.434817060246349585e-01	2.212810353852421863e-01	1.893945849641001100e-01	1.144325355198791555e-01	5.697284922852110384e-02	2.111444653549042483e-02	5.332284234195935890e-02
7.111522214073266923e+02	3.398430224769194430e-01	2.189021719515147624e-01	1.918766163089362931e-01	1.160329288007803800e-01	5.762220681982477277e-02	2.143701890360200438e-02	5.428603473824963194e-02
7.256655320482924481e+02	3.362677630712611609e-01	2.165628659795508226e-01	1.943085641999154900e-01	1.176063521240394288e-01	5.826108627181263155e-02	2.175756288168334898e-02	5.523580547156441145e-02
7.401788426892584312e+02	3.327547956170380794e-01	2.142624653247540978e-01	1.966917241363581592e-01	1.191532451206914478e-01	5.888965704868529688e-02	2.207599455043341222e-02	5.617211820186675253e-02
7.546921533302243006e+02	3.293030095405911073e-01	2.120003283675908068e-01	1.990273423707008271e-01	1.206740407888115818e-01	5.950808583915766919e-02	2.239223605476609036e-02	5.709495703820919449e-02
7.692054639711900563e+02	3.259113153924601547e-01	2.097758238530448294e-01	2.013166185024612143e-01	1.221691655690778366e-01	6.011653660332261229e-02	2.270621528595600375e-02	5.800432479350463993e-02
7.837187746121558121e+02	3.225786443704741768e-01	2.075883307320739446e-01	2.035607079118444407e-01	1.236390394208801979e-01	6.071517061866028853e-02	2.301786558080841719e-02	5.890024136508578007e-02
7.982320852531219089e+02	3.193039478579480228e-01	2.054372380050674685e-01	2.057607240435002094e-01	1.250840758988651658e-01	6.130414652521207902e-02	2.332712543686346618e-02	5.978274223237083768e-02
8.127453958940876646e+02	3.160861969762838175e-01	2.033219445673050407e-01	2.079177405502378173e-01	1.265046822298122597e-01	6.188362036993712983e-02	2.363393824270651825e-02	6.065187706354469716e-02
8.272587065350534203e+02	3.129243821513168489e-01	2.012418590564133136e-01	2.100327933058510066e-01	1.279012593897470573e-01	6.245374565026941965e-02	2.393825202251411918e-02	6.150770842371546671e-02
8.417720171760191761e+02	3.098175126927833478e-01	1.991963997018162957e-01	2.121068822955936017e-01	1.292742021812024467e-01	6.301467335689227289e-02	2.424001919401894481e-02	6.235031057752034311e-02
8.562853278169851592e+02	3.067646163863232411e-01	1.971849941761731895e-01	2.141409733922765568e-01	1.306238993105459933e-01	6.356655201574701319e-02	2.453919633912765227e-02	6.317976837963357184e-02
8.707986384579510286e+02	3.037647390974671513e-01	1.952070794487963112e-01	2.161360000254258229e-01	1.319507334652976205e-01	6.410952772929198740e-02	2.483574398647252213e-02	6.399617624707580610e-02
8.853119490989170117e+02	3.008169443870847282e-01	1.932621016410404624e-01	2.180928647504443152e-01	1.332550813913680465e-01	6.464374421702732965e-02	2.512962640522216698e-02	6.479963720764012058e-02
8.998252597398827675e+02	2.979203131378049818e-01	1.913495158836536203e-01	2.200124407242587121e-01	1.345373139701529774e-01	6.516934285530090465e-02	2.542081140951763657e-02	6.559026201913829845e-02
9.143385703808486369e+02	2.950739431909436550e-01	1.894687861760779302e-01	2.218955730935004700e-01	1.357977962954236006e-01	6.568646271641018219e-02	2.570927017293900274e-02	6.636816835453224206e-02
9.288518810218145063e+02	2.922769489935008180e-01	1.876193852476892854e-01	2.237430803008676750e-01	1.370368877499585358e-01	6.619524060701426071e-02	2.599497705244365950e-02	6.713348004835285876e-02
9.433651916627801484e+02	2.895284612548147396e-01	1.858007944209619511e-01	2.255557553149394323e-01	1.382549420818668939e-01	6.669581110587016748e-02	2.627790942125131715e-02	6.788632640012259856e-02
9.578785023037459041e+02	2.868276266124826224e-01	1.840125034765450474e-01	2.273343667883633568e-01	1.394523074805554264e-01	6.718830660090685525e-02	2.655804751018244966e-02	6.862684153079125216e-02
9.723918129447120009e+02	2.841736073071778335e-01	1.822540105202359595e-01	2.290796601490115991e-01	1.406293266522977425e-01	6.767285732565028744e-02	2.683537425698651752e-02	6.935516378846708074e-02
9.869051235856777566e+02	2.815655808660146309e-01	1.805248218518356040e-01	2.307923586283938122e-01	1.417863368953661829e-01	6.814959139501235164e-02	2.710987516322412721e-02	7.007143519998036696e-02
1.001418434226643626e+03	2.790027397941304832e-01	1.788244518358698132e-01	2.324731642313333513e-01	1.429236701746905147e-01	6.861863484045621631e-02	2.738153815829318799e-02	7.077580096505343976e-02
1.015931744867609382e+03	2.764842912741728442e-01	1.771524227741602120e-01	2.341227586506466063e-01	1.440416531960111990e-01	6.908011164455028774e-02	2.765035347021356851e-02	7.146840899007227133e-02
1.030445055508575479e+03	2.740094568733937863e-01	1.755082647802279627e-01	2.357418041303173672e-01	1.451406074794966139e-01	6.953414377492281306e-02	2.791631350280750212e-02	7.214940945866094024e-02
1.044958366149541234e+03	2.715774722580714395e-01	1.738915156555128072e-01	2.373309442804291958e-01	1.462208494327980890e-01	6.998085121762839811e-02	2.817941271893440597e-02	7.281895443645260146e-02
1.059471676790506763e+03	2.691875869149926159e-01	1.723017207673899209e-01	2.388908048469009782e-01	1.472826904235174927e-01	7.042035200993827793e-02	2.843964752945874266e-02	7.347719750762891910e-02
1.073984987431472746e+03	2.668390638797428771e-01	1.707384329289662050e-01	2.404219944388717445e-01	1.483264368510653075e-01	7.085276227256484538e-02	2.869701618764839215e-02	7.412429344096758965e-02
1.088498298072438729e+03	2.645311794715645148e-01	1.692012122806381968e-01	2.419251052163923221e-01	1.493523902178890972e-01	7.127819624133165111e-02	2.895151868871852566e-02	7.476039788329269520e-02
1.103011608713404712e+03	2.622632230345547932e-01	1.676896261733920868e-01	2.434007135409068101e-01	1.503608472000544649e-01	7.169676629829907499e-02	2.920315667425251241e-02	7.538566707836724667e-02
1.117524919354370468e+03	2.600344966849870154e-01	1.662032490538279672e-01	2.448493805908435461e-01	1.513520997171622640e-01	7.210858300235609142e-02	2.945193334124681511e-02	7.600025760940326558e-02
1.132038229995336451e+03	2.578443150645488569e-01	1.647416623508882738e-01	2.462716529444829994e-01	1.523264350015876012e-01	7.251375511928820350e-02	2.969785335554139816e-02	7.660432616348962498e-02
1.146551540636302207e+03	2.556920050993018445e-01	1.633044543642722390e-01	2.476680631321273029e-01	1.532841356670279209e-01	7.291238965133121919e-02	2.994092276941070010e-02	7.719802931635572074e-02
1.161064851277267962e+03	2.535769057641749091e-01	1.618912201545160134e-01	2.490391301594647444e-01	1.542254797763493723e-01	7.330459186622045875e-02	3.018114894310304150e-02	7.778152333599842871e-02
1.175578161918233945e+03	2.514983678528146527e-01	1.605015614347194697e-01	2.503853600038972727e-01	1.551507409087210243e-01	7.369046532574484443e-02	3.041854047012830520e-02	7.835496400380136117e-02
1.190091472559199701e+03	2.494557537526223001e-01	1.591350864639004270e-01	2.517072460854846705e-01	1.560601882260291007e-01	7.407011191381494830e-02	3.065310710610497785e-02	7.891850645187055424e-02
1.204604783200165684e+03	2.474484372248155484e-01	1.577914099419558680e-01	2.530052697140507401e-01	1.569540865385636585e-01	7.444363186405392185e-02	3.088485970098818131e-02	7.947230501539905012e-02
1.219118093841131440e+03	2.454758031893612136e-01	1.564701529062116625e-01	2.542799005138960400e-01	1.578326963699720753e-01	7.481112378692010567e-02	3.111381013451025926e-02	8.001651309895557729e-02
1.233631404482097196e+03	2.435372475146309612e-01	1.551709426295399541e-01	2.555315968274687322e-01	1.586962740214737932e-01	7.517268469636984030e-02	3.133997125467481021e-02	8.055128305566883196e-02
1.248144715123063179e+03	2.416321768116391489e-01	1.538934125200254188e-01	2.567608060992560004e-01	1.595450716353329357e-01	7.552841003606884651e-02	3.156335681915373864e-02	8.107676607835082039e-02
1.262658025764028707e+03	2.397600082327282223e-01	1.526372020221606063e-01	2.579679652410779012e-01	1.603793372575854081e-01	7.587839370516036297e-02	3.178398143944520526e-02	8.159311210166923789e-02
1.277171336404994690e+03	2.379201692745722962e-01	1.514019565195504069e-01	2.591535009798886513e-01	1.611993149000184589e-01	7.622272808359806251e-02	3.200186052765805617e-02	8.210046971454094955e-02
1.291684647045960673e+03	2.361120975853760184e-01	1.501873272391066882e-01	2.603178301891191926e-01	1.620052446014012271e-01	7.656150405705164363e-02	3.221701024579552014e-02	8.259898608197660530e-02
1.306197957686926657e+03	2.343352407761496448e-01	1.489929711567131165e-01	2.614613602045277596e-01	1.627973624879656411e-01	7.689481104139263279e-02	3.242944745741792312e-02	8.308880687566010115e-02
1.320711268327892412e+03	2.325890562359475833e-01	1.478185509043413171e-01	2.625844891254642266e-01	1.635759008331378328e-01	7.722273700676809960e-02	3.263918968157041717e-02	8.357007621259726626e-02
1.335224578968857941e+03	2.308730109509614103e-01	1.466637346785985008e-01	2.636876061023944451e-01	1.643410881165206228e-01	7.754536850126950154e-02	3.284625504886799080e-02	8.404293660121428533e-02
1.349737889609823924e+03	2.291865813273627484e-01	1.455281961506879607e-01	2.647710916114778268e-01	1.650931490821282155e-01	7.786279067420391609e-02	3.305066225963550208e-02	8.450752889433055248e-02
1.364251200250789907e+03	2.275292530177957795e-01	1.444116143777629258e-01	2.658353177169407999e-01	1.658323047958754071e-01	7.817508729897484909e-02	3.325243054400599946e-02	8.496399224847094034e-02
1.378764510891755890e+03	2.259005207514233338e-01	1.433136737156550378e-01	2.668806483219403058e-01	1.665587727023230269e-01	7.848234079557930842e-02	3.345157962388557726e-02	8.541246408902013199e-02
1.393277821532721646e+03	2.242998881674334866e-01	1.422340637329584934e-01	2.679074394085688149e-01	1.672727666806827773e-01	7.878463225272813730e-02	3.364812967669768978e-02	8.585308008075737130e-02
1.407791132173687402e+03	2.227268676519176260e-01	1.411724791264513945e-01	2.689160392676104294e-01	1.679744971000846354e-01	7.908204144959615767e-02	3.384210130082455220e-02	8.628597410334198914e-02
1.422304442814653157e+03	2.211809801780343088e-01	1.401286196378354332e-01	2.699067887186192838e-01	1.686641708741102863e-01	7.937464687720863221e-02	3.403351548266717735e-02	8.671127823135162116e-02
1.436817753455619140e+03	2.196617551493759424e-01	1.391021899717758137e-01	2.708800213208555352e-01	1.693419915145967514e-01	7.966252575947045667e-02	3.422239356524985759e-02	8.712912271850231649e-02
1.451331064096585123e+03	2.181687302464588030e-01	1.380928997152230109e-01	2.718360635755804333e-01	1.700081591847142637e-01	7.994575407384442445e-02	3.440875721829847467e-02	8.753963598570725646e-02
1.465844374737550879e+03	2.167014512762595602e-01	1.371004632579982396e-01	2.727752351201807590e-01	1.706628707513233589e-01	8.022440657168448952e-02	3.459262840972560094e-02	8.794294461265460272e-02
1.480357685378516862e+03	2.152594720247240911e-01	1.361245997146248443e-01	2.736978489145641680e-01	1.713063198366158169e-01	8.049855679823032795e-02	3.477402937845879699e-02	8.833917333260855875e-02
1.494870996019482618e+03	2.138423541121767524e-01	1.351650328473877061e-01	2.746042114202383311e-01	1.719386968690445328e-01	8.076827711226886031e-02	3.495298260855151523e-02	8.872844503015889228e-02
1.509384306660448374e+03	2.124496668515615527e-01	1.342214909906032649e-01	2.754946227724621721e-01	1.725601891335481752e-01	8.103363870546868852e-02	3.512951080451907210e-02	8.911088074166370609e-02
1.523897617301414357e+03	2.110809871094478651e-01	1.332937069760825044e-01	2.763693769458333560e-01	1.731709808210755708e-01	8.129471162139295659e-02	3.530363686784503824e-02	8.948659965814928507e-02
1.538410927942380113e+03	2.097358991697361730e-01	1.323814180597700230e-01	2.772287619136540315e-01	1.737712530774161157e-01	8.155156477419646388e-02	3.547538387460588694e-02	8.985571913044790304e-02
1.552924238583346096e+03	2.084139946000016230e-01	1.314843658495416234e-01	2.780730598013944066e-01	1.743611840513421274e-01	8.180426596701222131e-02	3.564477505416440567e-02	9.021835467637019657e-02
1.567437549224311852e+03	2.071148721204144338e-01	1.306022962341439886e-01	2.789025470345573576e-01	1.749409489420689356e-01	8.205288191003297371e-02	3.581183376888470021e-02	9.057461998972417272e-02
1.581950859865277607e+03	2.058381374751790394e-01	1.297349593132594570e-01	2.797174944812255704e-01	1.755107200460395145e-01	8.229747823829296205e-02	3.597658349482384804e-02	9.092462695100615722e-02
1.596464170506243590e+03	2.045834033064348190e-01	1.288821093286799113e-01	2.805181675895574434e-01	1.760706668030393440e-01	8.253811952915494909e-02	3.613904780335738115e-02	9.126848563960265892e-02
1.610977481147209119e+03	2.033502890305636246e-01	1.280435045965724050e-01	2.813048265204825538e-01	1.766209558416488579e-01	8.277486931950774063e-02	3.629925034369790859e-02	9.160630434735339556e-02
1.625490791788175102e+03	2.021384207168506753e-01	1.272189074408216769e-01	2.820777262758303872e-01	1.771617510240393600e-01	8.300779012267903156e-02	3.645721482626786830e-02	9.193818959333736884e-02
1.640004102429141085e+03	2.009474309684469995e-01	1.264080841274325684e-01	2.828371168221149867e-01	1.776932134901196003e-01	8.323694344506855913e-02	3.661296500688943079e-02	9.226424613975423017e-02
1.654517413070107068e+03	1.997769588055832990e-01	1.256108047999771604e-01	2.835832432101814127e-01	1.782155017010394193e-01	8.346238980250630934e-02	3.676652467175618721e-02	9.258457700878254537e-02
1.669030723711072824e+03	1.986266495509865226e-01	1.248268434160707957e-01	2.843163456909120201e-01	1.787287714820576245e-01	8.368418873634046740e-02	3.691791762315289882e-02	9.289928350030600412e-02
1.683544034352038352e+03	1.974961547174514664e-01	1.240559776848617762e-01	2.850366598271750207e-01	1.792331760647807581e-01	8.390239882925976111e-02	3.706716766589100015e-02	9.320846521040652977e-02
1.698057344993004335e+03	1.963851318975216864e-01	1.232979890055193317e-01	2.857444166021899656e-01	1.797288661287798905e-01	8.411707772085472157e-02	3.721429859442929033e-02	9.351222005053137776e-02
1.712570655633970318e+03	1.952932446552350099e-01	1.225526624067050374e-01	2.864398425244732982e-01	1.802159898425921836e-01	8.432828212292223236e-02	3.735933418065030820e-02	9.381064426724818051e-02
1.727083966274936301e+03	1.942201624198894860e-01	1.218197864870127073e-01	2.871231597295181293e-01	1.806946929041144956e-01	8.453606783451782236e-02	3.750229816226445523e-02	9.410383246250912659e-02
1.741597276915902057e+03	1.931655603817885869e-01	1.210991533563622463e-01	2.877945860783535093e-01	1.811651185803958286e-01	8.474048975676003181e-02	3.764321423181500592e-02	9.439187761435094415e-02
1.756110587556867813e+03	1.921291193899233030e-01	1.203905585783329873e-01	2.884543352531206972e-01	1.816274077468359172e-01	8.494160190739089011e-02	3.778210602625844267e-02	9.467487109796396405e-02
1.770623898197833569e+03	1.911105258515515826e-01	1.196938011134220936e-01	2.891026168497951576e-01	1.820816989257967033e-01	8.513945743509682140e-02	3.791899711709562776e-02	9.495290270706815972e-02
1.785137208838799552e+03	1.901094716336364510e-01	1.190086832632142044e-01	2.897396364681774084e-01	1.825281283246339425e-01	8.533410863359389142e-02	3.805391100103037300e-02	9.522606067553987530e-02
1.799650519479765535e+03	1.891256539661036462e-01	1.183350106154482384e-01	2.903655957992669068e-01	1.829668298731561282e-01	8.552560695548148961e-02	3.818687109113307054e-02	9.549443169923660379e-02
1.814163830120731291e+03	1.881587753468829671e-01	1.176725919899677397e-01	2.909806927101291629e-01	1.833979352605174806e-01	8.571400302586831832e-02	3.831790070848792307e-02	9.575810095797250565e-02
1.828677140761696819e+03	1.872085434486963074e-01	1.170212393855411120e-01	2.915851213263582209e-01	1.838215739715521879e-01	8.589934665577453332e-02	3.844702307430327565e-02	9.601715213760050882e-02
1.843190451402663257e+03	1.862746710275576811e-01	1.163807679275385698e-01	2.921790721122325962e-01	1.842378733225568388e-01	8.608168685531378261e-02	3.857426130246546792e-02	9.627166745216113319e-02
1.857703762043628785e+03	1.853568758329504906e-01	1.157509958164525676e-01	2.927627319486570956e-01	1.846469584965283184e-01	8.626107184665891825e-02	3.869963839251736037e-02	9.652172766606127718e-02
1.872217072684594768e+03	1.844548805196488672e-01	1.151317442772485794e-01	2.933362842089768385e-01	1.850489525778636068e-01	8.643754907679498944e-02	3.882317722304363949e-02	9.676741211624943773e-02
1.886730383325560297e+03	1.835684125611502515e-01	1.145228375095336537e-01	2.938999088327474696e-01	1.854439765865288636e-01	8.661116523006309742e-02	3.894490054544552660e-02	9.700879873435702683e-02
1.901243693966526507e+03	1.826972041646872658e-01	1.139241026385298533e-01	2.944537823975389990e-01	1.858321495117046807e-01	8.678196624049860919e-02	3.906483097808851473e-02	9.724596406877787647e-02
1.915757004607492036e+03	1.818409921877877922e-01	1.133353696668404353e-01	2.949980781888483783e-01	1.862135883449139995e-01	8.694999730396718585e-02	3.918299100080728514e-02	9.747898330666072975e-02
1.930270315248458019e+03	1.809995180563527817e-01	1.127564714269961299e-01	2.955329662681905889e-01	1.865884081126397698e-01	8.711530289010209482e-02	3.929940294975258624e-02	9.770793029579188937e-02
1.944783625889424002e+03	1.801725276842222889e-01	1.121872435347695818e-01	2.960586135394357443e-01	1.869567219084392884e-01	8.727792675404602574e-02	3.941408901256558683e-02	9.793287756634726227e-02
1.959296936530389530e+03	1.793597713942004790e-01	1.116275243432461040e-01	2.965751838134557672e-01	1.873186409245616857e-01	8.743791194800076827e-02	3.952707122386585337e-02	9.815389635249513467e-02
1.973810247171355968e+03	1.785610038405113509e-01	1.110771548976386552e-01	2.970828378711403150e-01	1.876742744830752763e-01	8.759530083258788846e-02	3.963837146103934422e-02	9.837105661383291344e-02
1.988323557812321269e+03	1.777759839326574776e-01	1.105359788908358287e-01	2.975817335248404083e-01	1.880237300665116296e-01	8.775013508802373408e-02	3.974801144031393785e-02	9.858442705664262340e-02
2.002836868453287707e+03	1.770044747606546731e-01	1.100038426196710828e-01	2.980720256782939392e-01	1.883671133480326609e-01	8.790245572511154459e-02	3.985601271310993537e-02	9.879407515495178260e-02
2.017350179094252780e+03	1.762462435216163859e-01	1.094805949419019042e-01	2.985538663850841878e-01	1.887045282211275710e-01	8.805230309605416306e-02	3.996239666265387347e-02	9.900006717138755408e-02
2.031863489735218764e+03	1.755010614476612274e-01	1.089660872338882036e-01	2.990274049056826922e-01	1.890360768288457949e-01	8.819971690508991713e-02	4.006718450084430228e-02	9.920246817781346038e-02
2.046376800376184747e+03	1.747687037351191852e-01	1.084601733489583969e-01	2.994927877631221591e-01	1.893618595925728454e-01	8.834473621895495843e-02	4.017039726535866218e-02	9.940134207573943226e-02
2.060890111017150957e+03	1.740489494750112331e-01	1.079627095764528616e-01	2.999501587973444350e-01	1.896819752403548220e-01	8.848739947717469689e-02	4.027205581699089265e-02	9.959675161649669817e-02
2.075403421658116713e+03	1.733415815847782482e-01	1.074735546014337489e-01	3.003996592182675007e-01	1.899965208347785262e-01	8.862774450218738331e-02	4.037218083720966327e-02	9.978875842117053419e-02
2.089916732299082469e+03	1.726463867412355302e-01	1.069925694650509657e-01	3.008414276576112378e-01	1.903055918004130931e-01	8.876580850930243516e-02	4.047079282592771360e-02	9.997742300028454598e-02
2.104430042940048224e+03	1.719631553147299152e-01	1.065196175255536948e-01	3.012756002195220995e-01	1.906092819508190817e-01	8.890162811649646168e-02	4.056791209947304550e-02	1.001628047732312093e-01
2.118943353581013525e+03	1.712916813044763897e-01	1.060545644199374915e-01	3.017023105300326025e-01	1.909076835151319873e-01	8.903523935404951406e-02	4.066355878875314162e-02	1.003449620874442977e-01
2.133456664221980191e+03	1.706317622750525009e-01	1.055972780262168093e-01	3.021216897853936101e-01	1.912008871642253138e-01	8.916667767402426670e-02	4.075775283760363354e-02	1.005239522373092970e-01
2.147969974862945492e+03	1.699831992940283587e-01	1.051476284263130612e-01	3.025338667993109354e-01	1.914889820364597817e-01	8.929597795959082207e-02	4.085051400131332888e-02	1.006998314828091018e-01
2.162483285503912157e+03	1.693457968707114403e-01	1.047054878695484886e-01	3.029389680491210712e-01	1.917720557630246681e-01	8.942317453419965090e-02	4.094186184531776324e-02	1.008726550679023559e-01
2.176996596144877003e+03	1.687193628959847425e-01	1.042707307367361919e-01	3.033371177209364111e-01	1.920501944928765525e-01	8.954830117060505468e-02	4.103181574405362353e-02	1.010424772386328690e-01
2.191509906785843214e+03	1.681037085832184086e-01	1.038432335048570104e-01	3.037284377537901592e-01	1.923234829172821847e-01	8.967139109974182898e-02	4.112039487996694415e-02	1.012093512609688051e-01
2.206023217426809424e+03	1.674986484102346795e-01	1.034228747123137060e-01	3.041130478828098505e-01	1.925920042939705534e-01	8.979247701945745896e-02	4.120761824266807455e-02	1.013733294383710459e-01
2.220536528067775180e+03	1.669040000623064623e-01	1.030095349247534264e-01	3.044910656814464045e-01	1.928558404708999585e-01	8.991159110310223412e-02	4.129350462822666684e-02	1.015344631290902577e-01
2.235049838708740936e+03	1.663195843761702819e-01	1.026030967014493478e-01	3.048626066027864678e-01	1.931150719096461632e-01	9.002876500797976633e-02	4.137807263860036888e-02	1.016928027631929521e-01
2.249563149349706237e+03	1.657452252850352969e-01	1.022034445622326537e-01	3.052277840199728587e-01	1.933697777084165403e-01	9.014402988365984026e-02	4.146134068119101262e-02	1.018483978593170830e-01
2.264076459990672902e+03	1.651807497645695344e-01	1.018104649549659152e-01	3.055867092657567619e-01	1.936200356246963461e-01	9.025741638015649659e-02	4.154332696852231638e-02	1.020012970411579151e-01
2.278589770631638203e+03	1.646259877798451621e-01	1.014240462235495160e-01	3.059394916712067092e-01	1.938659220975318953e-01	9.036895465597288846e-02	4.162404951803355679e-02	1.021515480536855230e-01
2.293103081272604413e+03	1.640807722332258412e-01	1.010440785764521870e-01	3.062862386035959950e-01	1.941075122694569111e-01	9.047867438601564505e-02	4.170352615198350682e-02	1.022991977790951162e-01
2.307616391913570169e+03	1.635449389131778952e-01	1.006704540557577382e-01	3.066270555034907863e-01	1.943448800080663508e-01	9.058660476938065753e-02	4.178177449745962280e-02	1.024442922524921862e-01
2.322129702554535925e+03	1.630183264439891699e-01	1.003030665067193850e-01	3.069620459210592456e-01	1.945780979272436206e-01	9.069277453701234115e-02	4.185881198648727652e-02	1.025868766773141566e-01
2.336643013195502135e+03	1.625007762363784580e-01	9.994181154781373033e-02	3.072913115516228144e-01	1.948072374080463132e-01	9.079721195923869115e-02	4.193465585623420977e-02	1.027269954404908814e-01
2.351156323836467891e+03	1.619921324389792527e-01	9.958658654128620114e-02	3.076149522704687556e-01	1.950323686192552419e-01	9.089994485318399209e-02	4.200932314930556216e-02	1.028646921273461412e-01
2.365669634477433647e+03	1.614922418906818702e-01	9.923729056418031935e-02	3.079330661669417712e-01	1.952535605375922689e-01	9.100100059006120679e-02	4.208283071412496912e-02	1.030000095362427759e-01
2.380182945118399402e+03	1.610009540738182865e-01	9.889382437984281515e-02	3.082457495778349044e-01	1.954708809676115044e-01	9.110040610234618197e-02	4.215519520539747628e-02	1.031329896929739920e-01
2.394696255759364703e+03	1.605181210681744519e-01	9.855609040989705971e-02	3.085530971200954320e-01	1.956843965612691805e-01	9.119818789083540544e-02	4.222643308465000300e-02	1.032636738649035935e-01
2.409209566400331823e+03	1.600435975058144555e-01	9.822399270667724058e-02	3.088552017228635704e-01	1.958941728371767776e-01	9.129437203158938252e-02	4.229656062084551776e-02	1.033921025748581329e-01
2.423722877041296670e+03	1.595772405267028293e-01	9.789743692611585502e-02	3.091521546588595903e-01	1.961002741995424015e-01	9.138898418276346358e-02	4.236559389106702572e-02	1.035183156147738565e-01
2.438236187682262880e+03	1.591189097351091430e-01	9.757633030107727701e-02	3.094440455751365504e-01	1.963027639568049876e-01	9.148204959132796854e-02	4.243354878126773255e-02	1.036423520591013697e-01
2.452749498323228636e+03	1.586684671567817340e-01	9.726058161513014000e-02	3.097309625232121943e-01	1.965017043399661656e-01	9.157359309967938454e-02	4.250044098708379015e-02	1.037642502779715786e-01
2.467262808964194392e+03	1.582257771968763882e-01	9.695010117675156858e-02	3.100129919885960539e-01	1.966971565206244721e-01	9.166363915214453817e-02	4.256628601470632128e-02	1.038840479501255964e-01
2.481776119605160602e+03	1.577907065986258461e-01	9.664480079395613987e-02	3.102902189197258020e-01	1.968891806287161317e-01	9.175221180137940746e-02	4.263109918180943425e-02	1.040017820756121980e-01
2.496289430246126358e+03	1.573631244027372256e-01	9.634459374934283005e-02	3.105627267563262350e-01	1.970778357699672079e-01	9.183933471466433629e-02	4.269489561853104242e-02	1.041174889882560267e-01
2.510802740887092114e+03	1.569429019075041787e-01	9.604939477555321514e-02	3.108305974572052599e-01	1.972631800430615368e-01	9.192503118009728857e-02	4.275769026850360921e-02	1.042312043678998296e-01
2.525316051528057415e+03	1.565299126296205712e-01	9.575912003113409843e-02	3.110939115274986566e-01	1.974452705565287181e-01	9.200932411268697431e-02	4.281949788993177908e-02	1.043429632524240369e-01
2.539829362169024080e+03	1.561240322656831658e-01	9.547368707679829147e-02	3.113527480453781027e-01	1.976241634453564655e-01	9.209223606034726284e-02	4.288033305671427181e-02	1.044528000495472814e-01
2.554342672809989381e+03	1.557251386543711258e-01	9.519301485207684599e-02	3.116071846882321750e-01	1.977999138873318130e-01	9.217378920979471535e-02	4.294021015960726440e-02	1.045607485484108534e-01
2.568855983450955591e+03	1.553331117392897920e-01	9.491702365235667183e-02	3.118572977583349282e-01	1.979725761191150069e-01	9.225400539235067976e-02	4.299914340742683194e-02	1.046668419309508824e-01
2.583369294091921347e+03	1.549478335324670220e-01	9.464563510629682430e-02	3.121031622080115975e-01	1.981422034520506081e-01	9.233290608964955792e-02	4.305714682828780393e-02	1.047711127830613514e-01
2.597882604732887103e+03	1.545691880784903494e-01	9.437877215361806238e-02	3.123448516643135275e-01	1.983088482877196079e-01	9.241051243925481329e-02	4.311423427087692634e-02	1.048735931055514714e-01
2.612395915373853313e+03	1.541970614192732514e-01	9.411635902325880820e-02	3.125824384532133737e-01	1.984725621332367740e-01	9.248684524018417619e-02	4.317041940575784553e-02	1.049743143249006194e-01
2.626909226014819069e+03	1.538313415594394773e-01	9.385832121189215116e-02	3.128159936233303462e-01	1.986333956162970316e-01	9.256192495834553169e-02	4.322571572670592249e-02	1.050733073038144227e-01
2.641422536655784825e+03	1.534719184323143082e-01	9.360458546279779024e-02	3.130455869691967097e-01	1.987913984999751249e-01	9.263577173188505820e-02	4.328013655207068461e-02	1.051706023515851796e-01
2.655935847296750580e+03	1.531186838665118399e-01	9.335507974508311380e-02	3.132712870540751982e-01	1.989466196972818901e-01	9.270840537644883805e-02	4.333369502616394447e-02	1.052662292342599892e-01
2.670449157937716336e+03	1.527715315531074369e-01	9.310973323324789330e-02	3.134931612323367811e-01	1.990991072854815525e-01	9.277984539035957767e-02	4.338640412067176766e-02	1.053602171846197838e-01
2.684962468578682547e+03	1.524303570133853092e-01	9.286847628708685964e-02	3.137112756714084960e-01	1.992489085201732957e-01	9.285011095970970019e-02	4.343827663608829798e-02	1.054525949119727718e-01
2.699475779219648302e+03	1.520950575671505822e-01	9.263124043192473567e-02	3.139256953733010058e-01	1.993960698491411554e-01	9.291922096337219827e-02	4.348932520316980965e-02	1.055433906117651949e-01
2.713989089860614058e+03	1.517655323015958679e-01	9.239795833917821555e-02	3.141364841957240417e-01	1.995406369259757340e-01	9.298719397793057950e-02	4.353956228440722387e-02	1.056326319750129639e-01
2.728502400501579814e+03	1.514416820407125941e-01	9.216856380723982556e-02	3.143437048727988348e-01	1.996826546234714006e-01	9.305404828252923644e-02	4.358900017551558398e-02	1.057203461975571163e-01
2.743015711142545115e+03	1.511234093152371283e-01	9.194299174267801800e-02	3.145474190353765853e-01	1.998221670468023348e-01	9.311980186364558765e-02	4.363765100693874077e-02	1.058065599891462177e-01
2.757529021783511780e+03	1.508106183331222039e-01	9.172117814174868267e-02	3.147476872309702967e-01	1.999592175464812716e-01	9.318447241978521089e-02	4.368552674536804042e-02	1.058912995823489689e-01
2.772042332424477081e+03	1.505032149505246830e-01	9.150306007221281623e-02	3.149445689433086337e-01	2.000938487311039182e-01	9.324807736610114806e-02	4.373263919527332899e-02	1.059745907413000704e-01
2.786555643065443292e+03	1.502011066432998865e-01	9.128857565545540897e-02	3.151381226115199108e-01	2.002261024798832056e-01	9.331063383893883900e-02	4.377900000044510770e-02	1.060564587702821637e-01
2.801068953706408593e+03	1.499042024789938587e-01	9.107766404890066392e-02	3.153284056489533138e-01	2.003560199549754839e-01	9.337215870030762810e-02	4.382462064554645126e-02	1.061369285221471087e-01
2.815582264347374803e+03	1.496124130893245752e-01	9.087026542871858015e-02	3.155154744616449070e-01	2.004836416136033805e-01	9.343266854228024498e-02	4.386951245767344715e-02	1.062160244065793735e-01
2.830095574988341014e+03	1.493256506431435704e-01	9.066632097281827896e-02	3.156993844664363613e-01	2.006090072199774033e-01	9.349217969132135597e-02	4.391368660792301093e-02	1.062937703982044513e-01
2.844608885629306769e+03	1.490438288198689953e-01	9.046577284412331277e-02	3.158801901087531783e-01	2.007321558570203390e-01	9.355070821254632407e-02	4.395715411296688413e-02	1.063701900445453569e-01
2.859122196270272525e+03	1.487668627833825252e-01	9.026856417412436329e-02	3.160579448800487912e-01	2.008531259378969758e-01	9.360826991391130170e-02	4.399992583663078771e-02	1.064453064738296456e-01
2.873635506911238281e+03	1.484946691563810983e-01	9.007463904670469368e-02	3.162327013349223170e-01	2.009719552173525603e-01	9.366488035033590509e-02	4.404201249147763481e-02	1.065191424026501882e-01
2.888148817552204036e+03	1.482271659951759080e-01	8.988394248223414984e-02	3.164045111079158978e-01	2.010886808028631290e-01	9.372055482775933088e-02	4.408342464039387287e-02	1.065917201434820744e-01
2.902662128193170247e+03	1.479642727649305989e-01	8.969642042192693676e-02	3.165734249299984593e-01	2.012033391656005143e-01	9.377530840713123317e-02	4.412417269817794224e-02	1.066630616120585878e-01
2.917175438834136003e+03	1.477059103153308128e-01	8.951201971245914546e-02	3.167394926447422709e-01	2.013159661512150811e-01	9.382915590833827701e-02	4.416426693312999752e-02	1.067331883346086807e-01
2.931688749475101758e+03	1.474520008566773677e-01	8.933068809084172834e-02	3.169027632241978587e-01	2.014265969904391329e-01	9.388211191406749256e-02	4.420371746864199675e-02	1.068021214549586956e-01
2.946202060116067514e+03	1.472024679363961586e-01	8.915237416954450989e-02	3.170632847844738755e-01	2.015352663095139607e-01	9.393419077360730396e-02	4.424253428478737427e-02	1.068698817415010272e-01
2.960715370757033725e+03	1.469572364159565381e-01	8.897702742186745783e-02	3.172211046010281477e-01	2.016420081404431408e-01	9.398540660658757928e-02	4.428072721990947147e-02	1.069364895940318472e-01
2.975228681397999480e+03	1.467162324481915969e-01	8.880459816755481572e-02	3.173762691236745592e-01	2.017468559310751086e-01	9.403577330665924272e-02	4.431830597220804552e-02	1.070019650504607372e-01
2.989741992038964781e+03	1.464793834550130736e-01	8.863503755864837741e-02	3.175288239913125476e-01	2.018498425550177000e-01	9.408530454511480901e-02	4.435528010132302329e-02	1.070663277933946028e-01
3.004255302679930992e+03	1.462466181055136205e-01	8.846829756557585134e-02	3.176788140463838173e-01	2.019510003213872140e-01	9.413401377445058948e-02	4.439165902991496632e-02	1.071295971565980609e-01
3.018768613320896748e+03	1.460178662944504047e-01	8.830433096347040101e-02	3.178262833490622663e-01	2.020503609843949944e-01	9.418191423187162459e-02	4.442745204524152502e-02	1.071917921313328553e-01
3.033281923961862958e+03	1.457930591211023252e-01	8.814309131871772562e-02	3.179712751911821234e-01	2.021479557527737503e-01	9.422901894274018919e-02	4.446266830072929943e-02	1.072529313725786027e-01
3.047795234602828714e+03	1.455721288684948544e-01	8.798453297572673970e-02	3.181138321099095112e-01	2.022438152990466698e-01	9.427534072396884235e-02	4.449731681754046098e-02	1.073130332051369235e-01
3.062308545243794470e+03	1.453550089829859504e-01	8.782861104392035434e-02	3.182539959011622122e-01	2.023379697686413514e-01	9.432089218735885405e-02	4.453140648613373304e-02	1.073721156296214979e-01
3.076821855884760225e+03	1.451416340542066308e-01	8.767528138494258549e-02	3.183918076327830193e-01	2.024304487888517468e-01	9.436568574288502209e-02	4.456494606781900847e-02	1.074301963283359473e-01
3.091335166525725526e+03	1.449319397953498234e-01	8.752450060007857524e-02	3.185273076574710038e-01	2.025212814776496673e-01	9.440973360192758679e-02	4.459794419630531276e-02	1.074872926710419146e-01
3.105848477166692192e+03	1.447258630238017763e-01	8.737622601788387622e-02	3.186605356254758048e-01	2.026104964523493257e-01	9.445304778045228444e-02	4.463040937924149520e-02	1.075434217206192727e-01
3.120361787807657493e+03	1.445233416421093375e-01	8.723041568201964080e-02	3.187915304970592723e-01	2.026981218381264938e-01	9.449564010213916398e-02	4.466234999974926650e-02	1.075986002386206258e-01
3.134875098448624158e+03	1.443243146192779436e-01	8.708702833929035658e-02	3.189203305547289036e-01	2.027841852763951069e-01	9.453752220146113827e-02	4.469377431794815947e-02	1.076528446907221576e-01
3.149388409089589004e+03	1.441287219723938751e-01	8.694602342788061711e-02	3.190469734152480696e-01	2.028687139330433431e-01	9.457870552671315822e-02	4.472469047247204510e-02	1.077061712520726439e-01
3.163901719730555214e+03	1.439365047485656746e-01	8.680736106578784694e-02	3.191714960414264168e-01	2.029517345065316447e-01	9.461920134299252327e-02	4.475510648197675301e-02	1.077585958125428650e-01
3.178415030371521425e+03	1.437476050071785361e-01	8.667100203944770598e-02	3.192939347536953298e-01	2.030332732358550718e-01	9.465902073513149384e-02	4.478503024663856719e-02	1.078101339818770404e-01
3.192928341012487181e+03	1.435619658024563927e-01	8.653690779254878673e-02	3.194143252414725631e-01	2.031133559083718176e-01	9.469817461058264996e-02	4.481446954964310447e-02	1.078608010947484236e-01
3.207441651653452936e+03	1.433795311663267069e-01	8.640504041503381527e-02	3.195327025743197602e-01	2.031920078675003571e-01	9.473667370225792583e-02	4.484343205866443693e-02	1.079106122157206527e-01
3.221954962294418237e+03	1.432002460915818842e-01	8.627536263228403890e-02	3.196491012128971354e-01	2.032692540202873377e-01	9.477452857132212527e-02	4.487192532733409733e-02	1.079595821441169251e-01
3.236468272935384903e+03	1.430240565153328702e-01	8.614783779448380308e-02	3.197635550197190368e-01	2.033451188448482938e-01	9.481174960994141754e-02	4.489995679669960688e-02	1.080077254187985225e-01
3.250981583576350204e+03	1.428509093027491017e-01	8.602242986616252807e-02	3.198760972697137772e-01	2.034196263976831842e-01	9.484834704398785454e-02	4.492753379667245583e-02	1.080550563228546146e-01
3.265494894217316414e+03	1.426807522310805931e-01	8.589910341591076859e-02	3.199867606605925618e-01	2.034928003208691660e-01	9.488433093570033949e-02	4.495466354746510684e-02	1.081015888882049386e-01
3.280008204858282170e+03	1.425135339739563300e-01	8.577782360626792779e-02	3.200955773230302337e-01	2.035646638491319937e-01	9.491971118630292137e-02	4.498135316101698616e-02	1.081473369001170609e-01
3.294521515499247926e+03	1.423492040859548613e-01	8.565855618377851699e-02	3.202025788306612775e-01	2.036352398167986244e-01	9.495449753858106745e-02	4.500760964240908824e-02	1.081923139016399277e-01
3.309034826140214136e+03	1.421877129874420942e-01	8.554126746921419944e-02	3.203077962098955234e-01	2.037045506646327497e-01	9.498869957941653841e-02	4.503343989126711022e-02	1.082365331979551204e-01
