4.208860085880095880e+02	4.263503805791385437e-01	2.749453685117438373e-01	1.305215885519129260e-01	7.826514202649433039e-02	4.239681643532996341e-02	1.476973186117525212e-02	3.275097203403284224e-02
4.353993192289755143e+02	4.212595983367706798e-01	2.716738970927149999e-01	1.342962285895094865e-01	8.046686495052922383e-02	4.328376100426558487e-02	1.510112918528404465e-02	3.391852084075370338e-02
4.499126298699413837e+02	4.162585895603473918e-01	2.684567037262896028e-01	1.379813936494395099e-01	8.263236893375190684e-02	4.415628357553190442e-02	1.543407337819334077e-02	3.508058717627408896e-02
4.644259405109071963e+02	4.113456911432727958e-01	2.652929004237244426e-01	1.415801444155148636e-01	8.476220242742013578e-02	4.501462145816578081e-02	1.576825773712071596e-02	3.623618239460902474e-02
4.789392511518730657e+02	4.065192753824534710e-01	2.621816131619235102e-01	1.450953912913359178e-01	8.685690772604406917e-02	4.585900793103015599e-02	1.610339361252489249e-02	3.738441089451578769e-02
4.934525617928388783e+02	4.017777489567916360e-01	2.591219816906764617e-01	1.485299033926565371e-01	8.891702091420403131e-02	4.668967231665221984e-02	1.643920941787328435e-02	3.852446331097360982e-02
5.079658724338048046e+02	3.971195519494609139e-01	2.561131593410614360e-01	1.518863169595834894e-01	9.094307182298387582e-02	4.750684005344300159e-02	1.677544969677146128e-02	3.965561017652363685e-02
5.224791830747705035e+02	3.925431569114993247e-01	2.531543128351078087e-01	1.551671432270059769e-01	9.293558399533242975e-02	4.831073276634806346e-02	1.711187424391908893e-02	4.077719602061511545e-02
5.369924937157364866e+02	3.880470679644115184e-01	2.502446220968064239e-01	1.583747757890882624e-01	9.489507465971083744e-02	4.910156833597648790e-02	1.744825727658401784e-02	4.188863387725033638e-02
5.515058043567023560e+02	3.836298199396154796e-01	2.473832800645465457e-01	1.615114974912663093e-01	9.682205471142510400e-02	4.987956096625346947e-02	1.778438665349849415e-02	4.298940017322249590e-02
5.660191149976681118e+02	3.792899775527078243e-01	2.445694925050511948e-01	1.645794868809582201e-01	9.871702870108305106e-02	5.064492125063975447e-02	1.812006313827960527e-02	4.407902997110824117e-02
5.805324256386339812e+02	3.750261346106463778e-01	2.418024778288758447e-01	1.675808242461150621e-01	1.005804948296509654e-01	5.139785623695938138e-02	1.845509970466153310e-02	4.515711254291872312e-02
5.950457362795999643e+02	3.708369132500679566e-01	2.390814669075290166e-01	1.705174972687981960e-01	1.024129449496198607e-01	5.213856949087537773e-02	1.878932088100011485e-02	4.622328725193732696e-02
6.095590469205657200e+02	3.667209632050721368e-01	2.364057028922667558e-01	1.733914063191538679e-01	1.042148645718234262e-01	5.286726115805131382e-02	1.912256213167213767e-02	4.727723972178814876e-02
6.240723575615315895e+02	3.626769611029025397e-01	2.337744410346081492e-01	1.762043694134668437e-01	1.059867328774793255e-01	5.358412802503539213e-02	1.945466927314292924e-02	4.831869827319263538e-02
6.385856682024975726e+02	3.587036097860559214e-01	2.311869485086131271e-01	1.789581268583953499e-01	1.077290227350541502e-01	5.428936357890178088e-02	1.978549792261709989e-02	4.934743061019039589e-02
6.530989788434633283e+02	3.547996376594403367e-01	2.286425042349594927e-01	1.816543456020177916e-01	1.094422007215777592e-01	5.498315806568292857e-02	2.011491297731944281e-02	5.036324073883009789e-02
6.676122894844290840e+02	3.509637980612863584e-01	2.261403987068511257e-01	1.842946233109477305e-01	1.111267271480580188e-01	5.566569854762500047e-02	2.044278812257637606e-02	5.136596610248330558e-02
6.821256001253949535e+02	3.471948686565961562e-01	2.236799338177858087e-01	1.868804921914910822e-01	1.127830560886693284e-01	5.633716895929746088e-02	2.076900536698378721e-02	5.235547491900433004e-02
6.966389107663608229e+02	3.434916508519894607e-01	2.212604226912060212e-01	1.894134225716240794e-01	1.144116354134100261e-01	5.699775016258658289e-02	2.109345460305502018e-02	5.333166370595679440e-02
7.111522214073266923e+02	3.398529692308727146e-01	2.188811895120541529e-01	1.918948262594535048e-01	1.160129068239436900e-01	5.764762000060155017e-02	2.141603319184359061e-02	5.429445498105875401e-02
7.256655320482924481e+02	3.362776710079247167e-01	2.165415693602487923e-01	1.943260596927798844e-01	1.175873058923581349e-01	5.828695335052073989e-02	2.173664557012966805e-02	5.524379512586608670e-02
7.401788426892584312e+02	3.327646255019510724e-01	2.142409080460958015e-01	1.967084268934116698e-01	1.191352621025934255e-01	5.891592217540474880e-02	2.205520287884738320e-02	5.617965240152395651e-02
7.546921533302243006e+02	3.293127236262172186e-01	2.119785619476463323e-01	1.990431822389722438e-01	1.206571988943066359e-01	5.953469557500185722e-02	2.237162261151268844e-02	5.710201510617102932e-02
7.692054639711900563e+02	3.259208773954225258e-01	2.097538978500093632e-01	2.013315330640946255e-01	1.221535337089565687e-01	6.014343983557048773e-02	2.268582828148855285e-02	5.801088986428586114e-02
7.837187746121558121e+02	3.225880194485269414e-01	2.075662927866252228e-01	2.035746421021095987e-01	1.236246780379054583e-01	6.074231847874265317e-02	2.299774910699646513e-02	5.890630003892166622e-02
7.982320852531219089e+02	3.193131025866892680e-01	2.054151338825039863e-01	2.057736297775953627e-01	1.250710374723489615e-01	6.133149230945126457e-02	2.330731971285076448e-02	5.978828425838845356e-02
8.127453958940876646e+02	3.160950993256183006e-01	2.032998181994298825e-01	2.079295763594701807e-01	1.264930117548975774e-01	6.191111946294363538e-02	2.361447984795541147e-02	6.065689504951309735e-02
8.272587065350534203e+02	3.129330014616799049e-01	2.012197525831319889e-01	2.100435239836662416e-01	1.278909948326447110e-01	6.248135545090251902e-02	2.391917411766196142e-02	6.151219757014077250e-02
8.417720171760191761e+02	3.098258196511399776e-01	1.991743535124186060e-01	2.121164785538253161e-01	1.292653749115674766e-01	6.304235320669557274e-02	2.422135173014279205e-02	6.235426843403839292e-02
8.562853278169851592e+02	3.067725830019593647e-01	1.971630469502717309e-01	2.141494115278973487e-01	1.306165345121168553e-01	6.359426312977319029e-02	2.452096625598536306e-02	6.318319462182424295e-02
8.707986384579510286e+02	3.037723386775907919e-01	1.951852681968964109e-01	2.161432615980015681e-01	1.319448505258630222e-01	6.413723312923431952e-02	2.481797540026176030e-02	6.399907247198026450e-02
8.853119490989170117e+02	3.008241515122572762e-01	1.932404617447179562e-01	2.180989362704228440e-01	1.332506942730712352e-01	6.467140866657877796e-02	2.511234078637306077e-02	6.480200674640698710e-02
8.998252597398827675e+02	2.979271036372233006e-01	1.913280811353193500e-01	2.200173133521620694e-01	1.345344315610915442e-01	6.519693279766461402e-02	2.540402775101058622e-02	6.559210976535673199e-02
9.143385703808486369e+02	2.950802941175952876e-01	1.894475888183090595e-01	2.218992423500346367e-01	1.357964227434538262e-01	6.571394621388798596e-02	2.569300514961576215e-02	6.636950060693168341e-02
9.288518810218145063e+02	2.922828385992142231e-01	1.875984560121096434e-01	2.237455457879165277e-01	1.370370227795670859e-01	6.622258728260266292e-02	2.597924517175759923e-02	6.713430436666051326e-02
9.433651916627801484e+02	2.895338689652283137e-01	1.857801625666553047e-01	2.255570204473669182e-01	1.382565812949284878e-01	6.672299208679582927e-02	2.626272316588157407e-02	6.788665147297186231e-02
9.578785023037459041e+02	2.868325330019541597e-01	1.839921968279861764e-01	2.273344385365126397e-01	1.394554426417545512e-01	6.721529446403631813e-02	2.654341747291642795e-02	6.862667705466798940e-02
9.723918129447120009e+02	2.841779940736586796e-01	1.822340555047265720e-01	2.290785487917570973e-01	1.406339459599527664e-01	6.769962604471077561e-02	2.682130926825593287e-02	6.935452035676650806e-02
9.869051235856777566e+02	2.815694308059108475e-01	1.805052435364329910e-01	2.307900775165769025e-01	1.417924252383571948e-01	6.817611628956304903e-02	2.709638241166133568e-02	7.007032420132594530e-02
1.001418434226643626e+03	2.790060367771741712e-01	1.788052739637977784e-01	2.324697295613885883e-01	1.429312093761579971e-01	6.864489252655164853e-02	2.736862330465701307e-02	7.077423449010115941e-02
1.015931744867609382e+03	2.764870202183247194e-01	1.771336678006926457e-01	2.341181892482063209e-01	1.440506222444583317e-01	6.910607998703932608e-02	2.763802075501709671e-02	7.146639974608988422e-02
1.030445055508575479e+03	2.740116037198002119e-01	1.754899539080370385e-01	2.357361212435672426e-01	1.451509827478982828e-01	6.955980184132901090e-02	2.790456584796437503e-02	7.214697069123222894e-02
1.044958366149541234e+03	2.715790239460959543e-01	1.738736688694746124e-01	2.373241713829732924e-01	1.462326048862883643e-01	7.000617923355952066e-02	2.816825182372489217e-02	7.281609985771177185e-02
1.059471676790506763e+03	2.691885313573429417e-01	1.722843568688414984e-01	2.388829674498855749e-01	1.472957978162003634e-01	7.044533131597417730e-02	2.842907396110240167e-02	7.347394123048142656e-02
1.073984987431472746e+03	2.668393899377134448e-01	1.707215695694087598e-01	2.404131199121081475e-01	1.483408659124667572e-01	7.087737528257531672e-02	2.868702946675627877e-02	7.412064991879975528e-02
1.088498298072438729e+03	2.645308769304131613e-01	1.691848659948820000e-01	2.419152226182136323e-01	1.493681088295429338e-01	7.130242640217709926e-02	2.894211736988476849e-02	7.475638185471486508e-02
1.103011608713404712e+03	2.622622825790321688e-01	1.676738124121404938e-01	2.433898534564890304e-01	1.503778215626909165e-01	7.172059805086873630e-02	2.919433842203248211e-02	7.538129351657466004e-02
1.117524919354370468e+03	2.600329098750361889e-01	1.661879822156971942e-01	2.448375749787188027e-01	1.513702945089454022e-01	7.213200174390012320e-02	2.944369500175720092e-02	7.599554167577358965e-02
1.132038229995336451e+03	2.578420743111922153e-01	1.647269558138616530e-01	2.462589349909717895e-01	1.523458135278264458e-01	7.253674716700127256e-02	2.969019102390603113e-02	7.659928316506911528e-02
1.146551540636302207e+03	2.556891036407300533e-01	1.632903205165876781e-01	2.476544671134168762e-01	1.533046600017659578e-01	7.293494220714699661e-02	2.993383185326517829e-02	7.719267466691584478e-02
1.161064851277267962e+03	2.535733376420542529e-01	1.618776704249863807e-01	2.490246913110614191e-01	1.542471108962168158e-01	7.332669298277758041e-02	3.017462422236081090e-02	7.777587252037135301e-02
1.175578161918233945e+03	2.514941278888261911e-01	1.604886063224861270e-01	2.503701143971832632e-01	1.551734388194175585e-01	7.371210387348635373e-02	3.041257615320102498e-02	7.834903254522812555e-02
1.190091472559199701e+03	2.494508375252460775e-01	1.591227355676206878e-01	2.516912305111126957e-01	1.560839120817858472e-01	7.409127754918456987e-02	3.064769688276057849e-02	7.891230988211826725e-02
1.204604783200165684e+03	2.474428410463726524e-01	1.577796719884260179e-01	2.529885215719134273e-01	1.569787947549176610e-01	7.446431499875361126e-02	3.087999679202111172e-02	7.946585884742421446e-02
1.219118093841131440e+03	2.454695240833253689e-01	1.564590357784269581e-01	2.542624577094119709e-01	1.578583467301702958e-01	7.483131555819473590e-02	3.110948733838987332e-02	8.000983280190952784e-02
1.233631404482097196e+03	2.435302831932201206e-01	1.551604533941945141e-01	2.555134976739305008e-01	1.587228237768093242e-01	7.519237693828582925e-02	3.133618099132973872e-02	8.054438403205875507e-02
1.248144715123063179e+03	2.416245256536974917e-01	1.538835574544546170e-01	2.567420892259927312e-01	1.595724775997013622e-01	7.554759525175476498e-02	3.156009117104233846e-02	8.106966364318556051e-02
1.262658025764028707e+03	2.397516692619074963e-01	1.526279866407290742e-01	2.579486695071890323e-01	1.604075558965362414e-01	7.589706503997867282e-02	3.178123219005488803e-02	8.158582146343355823e-02
1.277171336404994690e+03	2.379111421378212743e-01	1.513933855994896438e-01	2.591336653933120626e-01	1.612283024145636512e-01	7.624087929921803675e-02	3.199961919756919015e-02	8.209300595785508359e-02
1.291684647045960673e+03	2.361023825317455638e-01	1.501794048458059694e-01	2.602974938308032504e-01	1.620349570068305711e-01	7.657912950639458871e-02	3.221526812643901033e-02	8.259136415181002333e-02
1.306197957686926657e+03	2.343248386359203794e-01	1.489857006684683349e-01	2.614405621574826810e-01	1.628277556879075549e-01	7.691190564442144939e-02	3.242819564264915605e-02	8.308104156297946297e-02
1.320711268327892412e+03	2.325779684000868763e-01	1.478119350365659501e-01	2.625632684084746593e-01	1.636069306890926833e-01	7.723929622709420351e-02	3.263841909717624112e-02	8.356218214133841193e-02
1.335224578968857941e+03	2.308612393509147098e-01	1.466577755075022249e-01	2.636660016081825986e-01	1.643727105130834421e-01	7.756138832355101431e-02	3.284595648011764263e-02	8.403492821647738642e-02
1.349737889609823924e+03	2.291741284151846136e-01	1.455228951364277157e-01	2.647491420491120961e-01	1.651253199881079770e-01	7.787826758230979862e-02	3.305082637698084774e-02	8.449942045170603933e-02
1.364251200250789907e+03	2.275161217466250274e-01	1.444069723870718136e-01	2.658130615582914302e-01	1.658649803215079821e-01	7.819001825489045598e-02	3.325304792703133450e-02	8.495579780441107898e-02
1.378764510891755890e+03	2.258867145563056844e-01	1.433096910439551064e-01	2.668581237519911387e-01	1.665919091527665319e-01	7.849672321902993744e-02	3.345264078360211946e-02	8.540419749217859069e-02
1.393277821532721646e+03	2.242854109464952339e-01	1.422307401259628179e-01	2.678846842794003758e-01	1.673063206059750840e-01	7.879846400149743968e-02	3.364962507627333732e-02	8.584475496422488972e-02
1.407791132173687402e+03	2.227117237478927481e-01	1.411698138012618398e-01	2.688930910558751664e-01	1.680084253417345186e-01	7.909532080051739911e-02	3.384402137483478318e-02	8.627760387771268857e-02
1.422304442814653157e+03	2.211651743601471820e-01	1.401266113035421756e-01	2.698836844863380935e-01	1.686984306084863550e-01	7.938737250780741883e-02	3.403585065494880296e-02	8.670287607855922674e-02
1.436817753455619140e+03	2.196452925955811042e-01	1.391008368495646741e-01	2.708567976793689325e-01	1.693765402932703723e-01	7.967469673023808152e-02	3.422513426543524057e-02	8.712070158637079398e-02
1.451331064096585123e+03	2.181516165260391493e-01	1.380921995579977024e-01	2.718127566524962124e-01	1.700429549719060240e-01	7.995736981112180897e-02	3.441189389710390401e-02	8.753120858316439101e-02
1.465844374737550879e+03	2.166836923327832842e-01	1.371004133695236105e-01	2.727518805291641590e-01	1.706978719585954540e-01	8.023546685113730481e-02	3.459615155306378781e-02	8.793452340556164037e-02
1.480357685378516862e+03	2.152410741593606402e-01	1.361251969681980256e-01	2.736744817278233821e-01	1.713414853549466432e-01	8.050906172889646384e-02	3.477792952044202884e-02	8.833077054016204299e-02
1.494870996019482618e+03	2.138233239673719144e-01	1.351662737040439932e-01	2.745808661435645837e-01	1.719739860984156321e-01	8.077822712116004833e-02	3.495725034344855653e-02	8.872007262182460274e-02
1.509384306660448374e+03	2.124300113950705060e-01	1.342233715168633934e-01	2.754713333226884164e-01	1.725955620101672638e-01	8.104303452270858465e-02	3.513413679772574294e-02	8.910255043460549307e-02
1.523897617301414357e+03	2.110607136187257205e-01	1.332962228612486477e-01	2.763461766305813638e-01	1.732063978423548367e-01	8.130355426587480838e-02	3.530861186592536283e-02	8.947832291511868819e-02
1.538410927942380113e+03	2.097150152166845083e-01	1.323845646327770076e-01	2.772056834132455849e-01	1.738066753248184992e-01	8.155985553974358371e-02	3.548069871445785894e-02	8.984750715810241317e-02
1.552924238583346096e+03	2.083925080360692350e-01	1.314881380953707990e-01	2.780501351528075205e-01	1.743965732112039146e-01	8.181200640902538956e-02	3.565042067136160037e-02	9.021021842399097601e-02
1.567437549224311852e+03	2.070927910620507240e-01	1.306066888098067480e-01	2.788798076173125695e-01	1.749762673245020550e-01	8.206007383260927046e-02	3.581780120524231947e-02	9.056657014830574171e-02
1.581950859865277607e+03	2.058154702896373700e-01	1.297399665633574284e-01	2.796949710050935511e-01	1.755459306020119015e-01	8.230412368180095584e-02	3.598286390523541822e-02	9.091667395269284468e-02
1.596464170506243590e+03	2.045601585979235637e-01	1.288877253005486501e-01	2.804958900839835123e-01	1.761057331397279657e-01	8.254422075825179617e-02	3.614563246194586049e-02	9.126063965744807271e-02
1.610977481147209119e+03	2.033264756267422757e-01	1.280497230550166066e-01	2.812828243256279004e-01	1.766558422361550196e-01	8.278042881158395594e-02	3.630613064932265710e-02	9.159857529538108223e-02
1.625490791788175102e+03	2.021140476556677334e-01	1.272257218824478509e-01	2.820560280351349092e-01	1.771964224355523365e-01	8.301281055671748399e-02	3.646438230742694853e-02	9.193058712688224887e-02
1.640004102429141085e+03	2.009225074853166759e-01	1.264154877945872779e-01	2.828157504762903174e-01	1.777276355706108035e-01	8.324142769090427108e-02	3.662041132605452914e-02	9.225677965606561559e-02
1.654517413070107068e+03	1.997514943208975602e-01	1.256187906942973498e-01	2.835622359925482061e-01	1.782496408045652903e-01	8.346634091047443194e-02	3.677424162917553030e-02	9.257725564787110117e-02
1.669030723711072824e+03	1.986006536579587589e-01	1.248354043116536305e-01	2.842957241239974508e-01	1.787625946727460780e-01	8.368760992729991355e-02	3.692589716015567958e-02	9.289211614601788902e-02
1.683544034352038352e+03	1.974696371702882591e-01	1.240651061410607964e-01	2.850164497204925040e-01	1.792666511235729010e-01	8.390529348498047824e-02	3.707540186772519814e-02	9.320146049170924263e-02
1.698057344993004335e+03	1.963581025999186491e-01	1.233076773793741476e-01	2.857246430511251045e-01	1.797619615589949871e-01	8.411944937475698825e-02	3.722277969266286207e-02	9.350538634299665475e-02
1.712570655633970318e+03	1.952657136491924017e-01	1.225629028650114249e-01	2.864205299102049462e-01	1.802486748743810929e-01	8.433013445115676576e-02	3.736805455516441221e-02	9.380398969471837045e-02
1.727083966274936301e+03	1.941921398748440719e-01	1.218305710180401930e-01	2.871043317199060141e-01	1.807269374978639487e-01	8.453740464737564964e-02	3.751125034286558607e-02	9.409736489893399947e-02
1.741597276915902057e+03	1.931370565840565545e-01	1.211104737812259413e-01	2.877762656297278565e-01	1.811968934291428024e-01	8.474131499040152282e-02	3.765239089949166257e-02	9.438560468578312268e-02
1.756110587556867813e+03	1.921001447324505451e-01	1.204024065620266648e-01	2.884365446129117938e-01	1.816586842777487554e-01	8.494191961588382078e-02	3.779150001410658266e-02	9.466880018470133495e-02
1.770623898197833569e+03	1.910810908239665706e-01	1.197061681755191842e-01	2.890853775599445119e-01	1.821124493007773015e-01	8.513927178275339236e-02	3.792860141093570142e-02	9.494704094593284238e-02
1.785137208838799552e+03	1.900795868126008425e-01	1.190215607882436771e-01	2.897229693692742747e-01	1.825583254400925670e-01	8.533342388759708463e-02	3.806371873973769804e-02	9.522041496228336732e-02
1.799650519479765535e+03	1.890953300059566300e-01	1.183483898629517361e-01	2.903495210353577716e-01	1.829964473590080520e-01	8.552442747879150653e-02	3.819687556670196826e-02	9.548900869106183298e-02
1.814163830120731291e+03	1.881280229705739326e-01	1.176864641042448950e-01	2.909652297341496219e-01	1.834269474784485932e-01	8.571233327039989858e-02	3.832809536584899646e-02	9.575290707616361530e-02
1.828677140761696819e+03	1.871773734390013710e-01	1.170355954050894681e-01	2.915702889061395631e-01	1.838499560125984589e-01	8.589719115583650810e-02	3.845740151091218278e-02	9.601219357025199408e-02
1.843190451402663257e+03	1.862430942185752947e-01	1.163955987941946019e-01	2.921648883370382976e-01	1.842656010040405190e-01	8.607905022130230011e-02	3.858481726768044073e-02	9.626695015699816838e-02
1.857703762043628785e+03	1.853249031018710524e-01	1.157662923842402020e-01	2.927492142362053129e-01	1.846740083583914838e-01	8.625795875899609777e-02	3.871036578678180295e-02	9.651725737334367061e-02
1.872217072684594768e+03	1.844225227787936461e-01	1.151474973209416636e-01	2.933234493129098786e-01	1.850753018784382087e-01	8.643396428010503840e-02	3.883407009688923106e-02	9.676319433175202545e-02
1.886730383325560297e+03	1.835356807502745435e-01	1.145390377329385395e-01	2.938877728505081555e-01	1.854696032977803666e-01	8.660711352757811954e-02	3.895595309833041475e-02	9.700483874241962179e-02
1.901243693966526507e+03	1.826641092435428992e-01	1.139407406824943930e-01	2.944423607786187391e-01	1.858570323139845937e-01	8.677745248868662387e-02	3.907603755708432408e-02	9.724226693541816735e-02
1.915757004607492036e+03	1.818075451289400957e-01	1.133524361169954003e-01	2.949873857433719659e-01	1.862377066212551058e-01	8.694502640737511445e-02	3.919434609914786150e-02	9.747555388274425914e-02
1.930270315248458019e+03	1.809657298382470469e-01	1.127739568212351301e-01	2.955230171758051472e-01	1.866117419426263635e-01	8.710987979640656687e-02	3.931090120525668197e-02	9.770477322025286626e-02
1.944783625889424002e+03	1.801384092844946772e-01	1.122051383704735367e-01	2.960494213584735079e-01	1.869792520616826437e-01	8.727205644930527417e-02	3.942572520594508217e-02	9.792999726945506023e-02
1.959296936530389530e+03	1.793253337832284022e-01	1.116458190842580106e-01	2.965667614903409466e-01	1.873403488538104289e-01	8.743159945210096651e-02	3.953884027693014419e-02	9.815129705916086911e-02
1.973810247171355968e+03	1.785262579751985823e-01	1.110958399809945651e-01	2.970751977500134533e-01	1.876951423169880839e-01	8.758855119487747587e-02	3.965026843480635999e-02	9.836874234695124064e-02
1.988323557812321269e+03	1.777409407504489947e-01	1.105550447332576541e-01	2.975748873573737519e-01	1.880437406021187585e-01	8.774295338312948500e-02	3.976003153303711568e-02	9.858240164046393195e-02
2.002836868453287707e+03	1.769691451737764321e-01	1.100232796238267696e-01	2.980659846336737306e-01	1.883862500429117071e-01	8.789484704893048284e-02	3.986815125823033740e-02	9.879234221848030850e-02
2.017350179094252780e+03	1.762106384115346702e-01	1.095003935024388836e-01	2.985486410601369545e-01	1.887227751853170765e-01	8.804427256191532658e-02	3.997464912668585724e-02	9.899863015180099257e-02
2.031863489735218764e+03	1.754651916597576300e-01	1.089862377432451318e-01	2.990230053351239925e-01	1.890534188165198248e-01	8.819126964008040803e-02	4.007954648120270330e-02	9.920133032390014705e-02
2.046376800376184747e+03	1.747325800735755885e-01	1.084806662029608598e-01	2.994892234299068590e-01	1.893782819934978212e-01	8.833587736040475480e-02	4.018286448813498252e-02	9.940050645134898555e-02
2.060890111017150957e+03	1.740125826979004864e-01	1.079835351796981924e-01	2.999474386431006390e-01	1.896974640711496518e-01	8.847813416929485586e-02	4.028462413468540670e-02	9.959622110400064010e-02
2.075403421658116713e+03	1.733049823993556005e-01	1.074947033724701767e-01	3.003977916537950432e-01	1.900110627299972099e-01	8.861807789285659764e-02	4.038484622642610905e-02	9.978853572492922541e-02
2.089916732299082469e+03	1.726095657994264065e-01	1.070140318413562303e-01	3.008404205734284131e-01	1.903191740034683999e-01	8.875574574699680863e-02	4.048355138503663408e-02	9.997751065011713234e-02
2.104430042940048224e+03	1.719261232088089009e-01	1.065413839683181790e-01	3.012754609964448105e-01	1.906218923047654501e-01	8.889117434735772927e-02	4.058076004624956712e-02	1.001632051278854019e-01
2.118943353581013525e+03	1.712544485629335089e-01	1.060766254186567836e-01	3.017030460497715505e-01	1.909193104533235819e-01	8.902439971908704397e-02	4.067649245799452584e-02	1.003456773380630579e-01
2.133456664221980191e+03	1.705943393586416834e-01	1.056196241030985389e-01	3.021233064411547042e-01	1.912115197008658063e-01	8.915545730644626465e-02	4.077076867873161148e-02	1.005249844108914853e-01
2.147969974862945492e+03	1.699455965919939859e-01	1.051702501405027829e-01	3.025363705063870978e-01	1.914986097570587076e-01	8.928438198226022748e-02	4.086360857596595120e-02	1.007011824456613830e-01
2.162483285503912157e+03	1.693080246971881420e-01	1.047283758211793592e-01	3.029423642554628371e-01	1.917806688147743466e-01	8.941120805721060327e-02	4.095503182493501898e-02	1.008743265290798219e-01
2.176996596144877003e+03	1.686814314865666131e-01	1.042938755708069931e-01	3.033414114176901655e-01	1.920577835749636419e-01	8.953596928897572527e-02	4.104505790746098420e-02	1.010444707533660058e-01
2.191509906785843214e+03	1.680656280916928147e-01	1.038666259149429727e-01	3.037336334857936859e-01	1.923300392711460860e-01	8.965869889121960701e-02	4.113370611096053842e-02	1.012116682340744728e-01
2.206023217426809424e+03	1.674604289054766326e-01	1.034465054441147391e-01	3.041191497590349790e-01	1.925975196935210965e-01	8.977942954243257889e-02	4.122099552760496305e-02	1.013759711276452508e-01
2.220536528067775180e+03	1.668656515253293116e-01	1.030333947794839500e-01	3.044980773853806499e-01	1.928603072127060003e-01	8.989819339462613856e-02	4.130694505362354080e-02	1.015374306486807043e-01
2.235049838708740936e+03	1.662811166973288957e-01	1.026271765390740776e-01	3.048705314027446711e-01	1.931184828031052292e-01	9.001502208188436049e-02	4.139157338874362851e-02	1.016960970869495301e-01
2.249563149349706237e+03	1.657066482613769876e-01	1.022277353045524390e-01	3.052366247793306120e-01	1.933721260659165830e-01	9.012994672877451541e-02	4.147489903576091763e-02	1.018520198241183727e-01
2.264076459990672902e+03	1.651420730973292839e-01	1.018349575885579145e-01	3.055964684530999009e-01	1.936213152517785308e-01	9.024299795861891182e-02	4.155694030023390773e-02	1.020052473502120471e-01
2.278589770631638203e+03	1.645872210720810691e-01	1.014487318025654727e-01	3.059501713703888237e-01	1.938661272830640991e-01	9.035420590163072141e-02	4.163771529029654250e-02	1.021558272798037542e-01
2.293103081272604413e+03	1.640419249875907926e-01	1.010689482252790372e-01	3.062978405236990165e-01	1.941066377758258188e-01	9.046360020291581427e-02	4.171724191658336689e-02	1.023038063679366921e-01
2.307616391913570169e+03	1.635060205298236591e-01	1.006954989715442284e-01	3.066395809886821588e-01	1.943429210613967784e-01	9.057121003034288020e-02	4.179553789226186922e-02	1.024492305257789782e-01
2.322129702554535925e+03	1.629793462185993302e-01	1.003282779617725023e-01	3.069754959603414601e-01	1.945750502076524779e-01	9.067706408228416726e-02	4.187262073316666555e-02	1.025921448360139210e-01
2.336643013195502135e+03	1.624617433583262771e-01	9.996718089186870659e-02	3.073056867884703114e-01	1.948030970399380613e-01	9.078119059522894718e-02	4.194850775803050935e-02	1.027325935679677532e-01
2.351156323836467891e+03	1.619530559896068533e-01	9.961210520365382237e-02	3.076302530123474765e-01	1.950271321616658393e-01	9.088361735127183094e-02	4.202321608880742881e-02	1.028706201924773078e-01
2.365669634477433647e+03	1.614531308416974897e-01	9.926295005577481789e-02	3.079492923947090843e-01	1.952472249745876021e-01	9.098437168547807152e-02	4.209676265108322490e-02	1.030062673965002756e-01
2.380182945118399402e+03	1.609618172858076068e-01	9.891961629509415932e-02	3.082629009550149624e-01	1.954634436987463253e-01	9.108348049312796346e-02	4.216916417456895855e-02	1.031395770974706250e-01
2.394696255759364703e+03	1.604789672892229513e-01	9.858200642855084739e-02	3.085711730020274102e-01	1.956758553921118804e-01	9.118097023684218483e-02	4.224043719367311794e-02	1.032705904574021533e-01
2.409209566400331823e+03	1.600044353702374800e-01	9.825002459548551337e-02	3.088742011657205078e-01	1.958845259699052155e-01	9.127686695359041313e-02	4.231059804814842062e-02	1.033993478967429880e-01
2.423722877041296670e+03	1.595380785538795809e-01	9.792357654042230242e-02	3.091720764285351697e-01	1.960895202236153656e-01	9.137119626158476948e-02	4.237966288380928814e-02	1.035258891079841592e-01
2.438236187682262880e+03	1.590797563284179206e-01	9.760256958629982826e-02	3.094648881559972087e-01	1.962909018397138161e-01	9.146398336706032528e-02	4.244764765331619782e-02	1.036502530690253665e-01
2.452749498323228636e+03	1.586293306026330119e-01	9.728691260814417707e-02	3.097527241267136744e-01	1.964887334180707990e-01	9.155525307094447562e-02	4.251456811702328253e-02	1.037724780563012428e-01
2.467262808964194392e+03	1.581866656638404867e-01	9.697651600717673015e-02	3.100356705617626218e-01	1.966830764900771578e-01	9.164502977541696960e-02	4.258043984388572289e-02	1.038926016576710298e-01
2.481776119605160602e+03	1.577516281366523887e-01	9.667129168534979722e-02	3.103138121534901872e-01	1.968739915364768611e-01	9.173333749036248486e-02	4.264527821242359434e-02	1.040106607850754261e-01
2.496289430246126358e+03	1.573240869424634703e-01	9.637115302030313524e-02	3.105872320937301811e-01	1.970615380049139387e-01	9.182019983971760613e-02	4.270909841173890081e-02	1.041266916869635489e-01
2.510802740887092114e+03	1.569039132596488917e-01	9.607601484073449716e-02	3.108560121014590782e-01	1.972457743271979758e-01	9.190564006771380356e-02	4.277191544258280437e-02	1.042407299604937720e-01
2.525316051528057415e+03	1.564909804844609453e-01	9.578579340217756311e-02	3.111202324498999472e-01	1.974267579362926073e-01	9.198968104501828447e-02	4.283374411846997687e-02	1.043528105635114500e-01
2.539829362169024080e+03	1.560851641926120359e-01	9.550040636318057885e-02	3.113799719930883114e-01	1.976045452830307303e-01	9.207234527477445307e-02	4.289459906683737445e-02	1.044629678263072625e-01
2.554342672809989381e+03	1.556863421015314553e-01	9.521977276187920669e-02	3.116353081919118750e-01	1.977791918525607651e-01	9.215365489854343561e-02	4.295449473024457593e-02	1.045712354631594537e-01
2.568855983450955591e+03	1.552943940332839889e-01	9.494381299295728827e-02	3.118863171396364931e-01	1.979507521805277948e-01	9.223363170214865514e-02	4.301344536761318726e-02	1.046776465836633530e-01
2.583369294091921347e+03	1.549092018781384472e-01	9.467244878498903837e-02	3.121330735869304318e-01	1.981192798689936085e-01	9.231229712142469124e-02	4.307146505550274451e-02	1.047822337038517987e-01
2.597882604732887103e+03	1.545306495587742968e-01	9.440560317815659130e-02	3.123756509663976888e-01	1.982848276020994227e-01	9.238967224787235366e-02	4.312856768942068680e-02	1.048850287571096995e-01
2.612395915373853313e+03	1.541586229951152076e-01	9.414320050233682124e-02	3.126141214166317517e-01	1.984474471614752766e-01	9.246577783422131602e-02	4.318476698516419271e-02	1.049860631048862153e-01
2.626909226014819069e+03	1.537930100697779134e-01	9.388516635555123335e-02	3.128485558058004545e-01	1.986071894413997396e-01	9.254063429990194711e-02	4.324007648019157629e-02	1.050853675472079862e-01
2.641422536655784825e+03	1.534337005941259491e-01	9.363142758277322175e-02	3.130790237547722010e-01	1.987641044637138976e-01	9.261426173642779702e-02	4.329450953502116117e-02	1.051829723329966854e-01
2.655935847296750580e+03	1.530805862749167190e-01	9.338191225508676863e-02	3.133055936597939906e-01	1.989182413924931447e-01	9.268667991269029238e-02	4.334807933465559260e-02	1.052789071701944329e-01
2.670449157937716336e+03	1.527335606815317937e-01	9.313654964919090840e-02	3.135283327147310728e-01	1.990696485484804157e-01	9.275790828016694523e-02	4.340079889002967234e-02	1.053732012357001951e-01
2.684962468578682547e+03	1.523925192137799700e-01	9.289527022724418381e-02	3.137473069328770015e-01	1.992183734232846892e-01	9.282796597804475469e-02	4.345268103947980132e-02	1.054658831851205542e-01
2.699475779219648302e+03	1.520573590702627154e-01	9.265800561704365390e-02	3.139625811683449674e-01	1.993644626933481767e-01	9.289687183825999506e-02	4.350373845023328828e-02	1.055569811623381926e-01
2.713989089860614058e+03	1.517279792172919750e-01	9.242468859253302749e-02	3.141742191370476833e-01	1.995079622336855540e-01	9.296464439045583339e-02	4.355398361991576206e-02	1.056465228089012165e-01
2.728502400501579814e+03	1.514042803583505736e-01	9.219525305463435738e-02	3.143822834372760333e-01	1.996489171313991506e-01	9.303130186685920622e-02	4.360342887807512613e-02	1.057345352732365629e-01
2.743015711142545115e+03	1.510861649040857735e-01	9.196963401239825753e-02	3.145868355698844820e-01	1.997873716989732318e-01	9.309686220707820425e-02	4.365208638772043181e-02	1.058210452196906431e-01
2.757529021783511780e+03	1.507735369428258310e-01	9.174776756446716142e-02	3.147879359580914027e-01	1.999233694873506773e-01	9.316134306282138067e-02	4.369996814687412273e-02	1.059060788374004691e-01
2.772042332424477081e+03	1.504663022116111137e-01	9.152959088084676453e-02	3.149856439669029284e-01	2.000569532987956090e-01	9.322476180254010703e-02	4.374708599013637372e-02	1.059896618489981485e-01
2.786555643065443292e+03	1.501643680677299530e-01	9.131504218498029402e-02	3.151800179221682652e-01	2.001881651995451317e-01	9.328713551599547571e-02	4.379345159025994916e-02	1.060718195191519275e-01
2.801068953706408593e+03	1.498676434607506269e-01	9.110406073612098421e-02	3.153711151292736825e-01	2.003170465322537119e-01	9.334848101875081738e-02	4.383907645973443568e-02	1.061525766629467793e-01
2.815582264347374803e+03	1.495760389050404537e-01	9.089658681199756785e-02	3.155589918914831205e-01	2.004436379282328318e-01	9.340881485659112415e-02	4.388397195237846854e-02	1.062319576541074645e-01
2.830095574988341014e+03	1.492894664527637527e-01	9.069256169176821702e-02	3.157437035279327397e-01	2.005679793194898308e-01	9.346815330987061354e-02	4.392814926493886912e-02	1.063099864330670913e-01
2.844608885629306769e+03	1.490078396673495398e-01	9.049192763925797967e-02	3.159253043912864656e-01	2.006901099505683517e-01	9.352651239778952963e-02	4.397161943869542372e-02	1.063866865148838103e-01
2.859122196270272525e+03	1.487310735974212705e-01	9.029462788647521498e-02	3.161038478850599631e-01	2.008100683901940242e-01	9.358390788260152748e-02	4.401439336107028366e-02	1.064620809970088788e-01
2.873635506911238281e+03	1.484590847511800815e-01	9.010060661740240673e-02	3.162793864806186517e-01	2.009278925427280538e-01	9.364035527375255685e-02	4.405648176724097365e-02	1.065361925669084386e-01
2.888148817552204036e+03	1.481917910712335640e-01	8.990980895205682999e-02	3.164519717338581395e-01	2.010436196594320712e-01	9.369586983195250796e-02	4.409789524175589809e-02	1.066090435095421313e-01
2.902662128193170247e+03	1.479291119098624929e-01	8.972218093081660295e-02	3.166216543015721308e-01	2.011572863495466323e-01	9.375046657318078513e-02	4.413864422015149197e-02	1.066806557147010198e-01
2.917175438834136003e+03	1.476709680047171291e-01	8.953766949900773819e-02	3.167884839575148548e-01	2.012689285911870019e-01	9.380416027262673817e-02	4.417873899057008641e-02	1.067510506842075935e-01
2.931688749475101758e+03	1.474172814549362109e-01	8.935622249174816900e-02	3.169525096081640125e-01	2.013785817420586377e-01	9.385696546856615863e-02	4.421818969537757993e-02	1.068202495389804635e-01
2.946202060116067514e+03	1.471679756976806974e-01	8.917778861904403220e-02	3.171137793081902911e-01	2.014862805499951504e-01	9.390889646617475717e-02	4.425700633278016605e-02	1.068882730259661656e-01
2.960715370757033725e+03	1.469229754850752967e-01	8.900231745113444670e-02	3.172723402756394973e-01	2.015920591633218739e-01	9.395996734127989858e-02	4.429519875843927756e-02	1.069551415249409831e-01
2.975228681397999480e+03	1.466822068615501184e-01	8.882975940408066595e-02	3.174282389068328603e-01	2.016959511410475747e-01	9.401019194405131618e-02	4.433277668708398428e-02	1.070208750551847471e-01
2.989741992038964781e+03	1.464455971415760116e-01	8.866006572559524679e-02	3.175815207909912230e-01	2.017979894628870174e-01	9.405958390263195745e-02	4.436974969412022657e-02	1.070854932820295424e-01
3.004255302679930992e+03	1.462130748877860376e-01	8.849318848110773739e-02	3.177322307245887267e-01	2.018982065391172476e-01	9.410815662671004334e-02	4.440612721723612155e-02	1.071490155232853736e-01
3.018768613320896748e+03	1.459845698894768062e-01	8.832908054006259613e-02	3.178804127254407641e-01	2.019966342202699772e-01	9.415592331103313228e-02	4.444191855800273122e-02	1.072114607555453569e-01
3.033281923961862958e+03	1.457600131414825140e-01	8.816769556244577477e-02	3.180261100465329172e-01	2.020933038066626830e-01	9.420289693886513271e-02	4.447713288346966110e-02	1.072728476203726744e-01
3.047795234602828714e+03	1.455393368234157436e-01	8.800898798553599689e-02	3.181693651895941000e-01	2.021882460577714979e-01	9.424909028538744349e-02	4.451177922775500367e-02	1.073331944303715646e-01
3.062308545243794470e+03	1.453224742792677271e-01	8.785291301087722049e-02	3.183102199184206782e-01	2.022814912014475330e-01	9.429451592104480528e-02	4.454586649362893280e-02	1.073925191751445019e-01
3.076821855884760225e+03	1.451093599973625747e-01	8.769942659146835739e-02	3.184487152719548408e-01	2.023730689429800167e-01	9.433918621483709799e-02	4.457940345409059507e-02	1.074508395271379507e-01
3.091335166525725526e+03	1.448999295906588103e-01	8.754848541916697424e-02	3.185848915771237189e-01	2.024630084740079716e-01	9.438311333755772248e-02	4.461239875393762516e-02	1.075081728473786663e-01
3.105848477166692192e+03	1.446941197773922161e-01	8.740004691230321421e-02	3.187187884614425259e-01	2.025513384812834550e-01	9.442630926497945498e-02	4.464486091132801454e-02	1.075645361911027054e-01
3.120361787807657493e+03	1.444918683620539379e-01	8.725406920350049778e-02	3.188504448653870504e-01	2.026380871552881935e-01	9.446878578098892587e-02	4.467679831933377144e-02	1.076199463132791884e-01
3.134875098448624158e+03	1.442931142166982705e-01	8.711051112769972737e-02	3.189798990545400503e-01	2.027232821987064726e-01	9.451055448067013920e-02	4.470821924748596271e-02	1.076744196740309356e-01
3.149388409089589004e+03	1.440977972625736847e-01	8.696933221038342932e-02	3.191071886315152151e-01	2.028069508347562500e-01	9.455162677333822652e-02	4.473913184331079762e-02	1.077279724439539066e-01
3.163901719730555214e+03	1.439058584520722661e-01	8.683049265599659949e-02	3.192323505476641343e-01	2.028891198153807973e-01	9.459201388552400391e-02	4.476954413385642734e-02	1.077806205093373437e-01
3.178415030371521425e+03	1.437172397509912380e-01	8.669395333656104707e-02	3.193554211145691046e-01	2.029698154293033130e-01	9.463172686391031763e-02	4.479946402720993981e-02	1.078323794772865912e-01
3.192928341012487181e+03	1.435318841211017382e-01	8.655967578048008593e-02	3.194764360153273253e-01	2.030490635099466146e-01	9.467077657822083048e-02	4.482889931400447364e-02	1.078832646807505041e-01
3.207441651653452936e+03	1.433497355030188825e-01	8.642762216153010435e-02	3.195954303156295362e-01	2.031268894432198546e-01	9.470917372406208179e-02	4.485785766891590282e-02	1.079332911834552378e-01
3.221954962294418237e+03	1.431707387993683134e-01	8.629775528803633466e-02	3.197124384746370396e-01	2.032033181751750628e-01	9.474692882571966734e-02	4.488634665214901592e-02	1.079824737847461941e-01
3.236468272935384903e+03	1.429948398582438496e-01	8.617003859222951978e-02	3.198274943556618233e-01	2.032783742195346521e-01	9.478405223890908060e-02	4.491437371091279440e-02	1.080308270243399843e-01
3.250981583576350204e+03	1.428219854569509895e-01	8.604443611978049300e-02	3.199406312366524507e-01	2.033520816650928320e-01	9.482055415348224214e-02	4.494194618088458854e-02	1.080783651869880874e-01
3.265494894217316414e+03	1.426521232860316624e-01	8.592091251950977060e-02	3.200518818204905469e-01	2.034244641829927591e-01	9.485644459609011980e-02	4.496907128766296224e-02	1.081251023070539108e-01
3.280008204858282170e+03	1.424852019335649811e-01	8.579943303326925674e-02	3.201612782451000450e-01	2.034955450338810645e-01	9.489173343280245254e-02	4.499575614820901237e-02	1.081710521730049473e-01
3.294521515499247926e+03	1.423211708697393052e-01	8.567996348599321577e-02	3.202688520933744676e-01	2.035653470749421157e-01	9.492643037168510545e-02	4.502200777227590572e-02	1.082162283318216373e-01
3.309034826140214136e+03	1.421599804316908133e-01	8.556247027591562526e-02	3.203746344029245186e-01	2.036338927668139842e-01	9.496054496533573586e-02	4.504783306382651592e-02	1.082606440933246150e-01
