4.208860085880095880e+02	4.263503805791385437e-01	2.749453685117438373e-01	1.305215885519129260e-01	7.826514202649433039e-02	4.239681643532996341e-02	1.476973186117525212e-02	3.275097203403284224e-02
4.353993192289755143e+02	4.212872813791310178e-01	2.715994078661047584e-01	1.341976644851232137e-01	7.982622201561366537e-02	4.408696331085728420e-02	1.495073226034954357e-02	3.405172868264821212e-02
4.499126298699413837e+02	4.163119606347275847e-01	2.683166290981416346e-01	1.375854379170803055e-01	8.173486943397074989e-02	4.561769030847322159e-02	1.512910680916649923e-02	3.530430579826774468e-02
4.644259405109071963e+02	4.114221372080270056e-01	2.650947831323425818e-01	1.408345456358505443e-01	8.378630570276936196e-02	4.702543252951734559e-02	1.530490012670565614e-02	3.653189566461526733e-02
4.789392511518730657e+02	4.066161034902820992e-01	2.619319806432842124e-01	1.440097710064439096e-01	8.588659043554280892e-02	4.833307786991926369e-02	1.547815584381862473e-02	3.774432071053684945e-02
4.934525617928388783e+02	4.018924057675334893e-01	2.588265566519785121e-01	1.471378255842011040e-01	8.799248495151867910e-02	4.955643607069541712e-02	1.564891679066224284e-02	3.894537418323826272e-02
5.079658724338048046e+02	3.972497016336008491e-01	2.557770011213479355e-01	1.502285874144435318e-01	9.008399461039251488e-02	5.070732160593870858e-02	1.581722507983980910e-02	4.013616853426432013e-02
5.224791830747705035e+02	3.926866976205942716e-01	2.527819207557507886e-01	1.532847029074521639e-01	9.215182321749268435e-02	5.179507231822477742e-02	1.598312214331949060e-02	4.131666103699346837e-02
5.369924937157364866e+02	3.882021229615144065e-01	2.498400159704187717e-01	1.563058940728286328e-01	9.419163354844777014e-02	5.282733786543228338e-02	1.614664874942468853e-02	4.248634683176102933e-02
5.515058043567023560e+02	3.837947194477064339e-01	2.469500655792324639e-01	1.592908620519826735e-01	9.620141548554440869e-02	5.381052094614927755e-02	1.630784501168906775e-02	4.364457147752330568e-02
5.660191149976681118e+02	3.794632383029305500e-01	2.441109156848496331e-01	1.622381039380871859e-01	9.818027405472096181e-02	5.475004810897163288e-02	1.646675039478565084e-02	4.479066951548201642e-02
5.805324256386339812e+02	3.752064399853221044e-01	2.413214710678056873e-01	1.651462421237335221e-01	1.001278670634516976e-01	5.565055258591252579e-02	1.662340371976392742e-02	4.592402345383812118e-02
5.950457362795999643e+02	3.710230950962967178e-01	2.385806882127469164e-01	1.680141382258761307e-01	1.020441406276075408e-01	5.651600827461535775e-02	1.677784316949434973e-02	4.704408639319065943e-02
6.095590469205657200e+02	3.669119856029217641e-01	2.358875695063267774e-01	1.708409145829799525e-01	1.039292018862358197e-01	5.734983400758203453e-02	1.693010629463053210e-02	4.815038811915078182e-02
6.240723575615315895e+02	3.628719060430352639e-01	2.332411583327350102e-01	1.736259384978903753e-01	1.057832553837413786e-01	5.815497793684484829e-02	1.708023002014685474e-02	4.924253378543393816e-02
6.385856682024975726e+02	3.589016645884854362e-01	2.306405348892069385e-01	1.763687936093516206e-01	1.076065694047778354e-01	5.893398745221881119e-02	1.722825065240778802e-02	5.032019940337926350e-02
6.530989788434633283e+02	3.550000839316688195e-01	2.280848125955411976e-01	1.790692488542882654e-01	1.093994567348656050e-01	5.968906790054424177e-02	1.737420388669037169e-02	5.138312609622919247e-02
6.676122894844290840e+02	3.511660019979714886e-01	2.255731350018030379e-01	1.817272292381224008e-01	1.111622626405976283e-01	6.042213227414518217e-02	1.751812481507527067e-02	5.243111403211268146e-02
6.821256001253949535e+02	3.473982725008178396e-01	2.231046731177502851e-01	1.843427898704546319e-01	1.128953566790239366e-01	6.113484343486814965e-02	1.766004793462687752e-02	5.346401646228590016e-02
6.966389107663608229e+02	3.436957653599667650e-01	2.206786231011330091e-01	1.869160935390883627e-01	1.145991267031056665e-01	6.182865008004895246e-02	1.780000715579237516e-02	5.448173406069247576e-02
7.111522214073266923e+02	3.400573670033913420e-01	2.182942042523063619e-01	1.894473916178659179e-01	1.162739742457012254e-01	6.250481741978919370e-02	1.793803581095939487e-02	5.548420964981420900e-02
7.256655320482924481e+02	3.364819805711802836e-01	2.159506572707702854e-01	1.919370079386851502e-01	1.179203108482708567e-01	6.316445336490969509e-02	1.807416666312134865e-02	5.647142334289010496e-02
7.401788426892584312e+02	3.329685260375537248e-01	2.136472427359479842e-01	1.943853252270454912e-01	1.195385550853247936e-01	6.380853089467594663e-02	1.820843191460773391e-02	5.744338810467212314e-02
7.546921533302243006e+02	3.295159402647739877e-01	2.113832397801057583e-01	1.967927737235290742e-01	1.211291301281773869e-01	6.443790716907289717e-02	1.834086321584378274e-02	5.840014571832496254e-02
7.692054639711900563e+02	3.261231770006369768e-01	2.091579449260296542e-01	1.991598216553861489e-01	1.226924617406802004e-01	6.505333986458536333e-02	1.847149167411005211e-02	5.934176313839947120e-02
7.837187746121558121e+02	3.227892068293962136e-01	2.069706710660734195e-01	2.014869672676920520e-01	1.242289766277977908e-01	6.565550114072088439e-02	1.860034786227750606e-02	6.026832920586999015e-02
7.982320852531219089e+02	3.195130170844034945e-01	2.048207465625923873e-01	2.037747321662426170e-01	1.257391010756093164e-01	6.624498958404582971e-02	1.872746182749813679e-02	6.117995169943609562e-02
8.127453958940876646e+02	3.162936117294162242e-01	2.027075144526768180e-01	2.060236557623433273e-01	1.272232598334793185e-01	6.682234042527568363e-02	1.885286309983466579e-02	6.207675469680184327e-02
8.272587065350534203e+02	3.131300112143969860e-01	2.006303317425722488e-01	2.082342906425158902e-01	1.286818751981115561e-01	6.738803428143667895e-02	1.897658070081598494e-02	6.295887621997851846e-02
8.417720171760191761e+02	3.100212523106830598e-01	1.985885687792846577e-01	2.104071987141905575e-01	1.301153662661634069e-01	6.794250463808175489e-02	1.909864315190757875e-02	6.382646613951681314e-02
8.562853278169851592e+02	3.069663879296065656e-01	1.965816086886727210e-01	2.125429480022022477e-01	1.315241483276869405e-01	6.848614425500235137e-02	1.921907848288816403e-02	6.467968431376884542e-02
8.707986384579510286e+02	3.039644869279774508e-01	1.946088468708697949e-01	2.146421099909420205e-01	1.329086323772334377e-01	6.901931065199921889e-02	1.933791424012572951e-02	6.551869894068022837e-02
8.853119490989170117e+02	3.010146339032802598e-01	1.926696905451946995e-01	2.167052574238787499e-01	1.342692247232422642e-01	6.954233080836154379e-02	1.945517749474756641e-02	6.634368510112281792e-02
8.998252597398827675e+02	2.981159289809625634e-01	1.907635583378369526e-01	2.187329624863431632e-01	1.356063266794839683e-01	7.005550519016483235e-02	1.957089485070009904e-02	6.715482347433639199e-02
9.143385703808486369e+02	2.952674875957991829e-01	1.888898799065623357e-01	2.207257953093762493e-01	1.369203343249610072e-01	7.055911120283221705e-02	1.968509245269545183e-02	6.795229920760152698e-02
9.288518810218145063e+02	2.924684402689846086e-01	1.870480955975096504e-01	2.226843227424488703e-01	1.382116383208706889e-01	7.105340615218636025e-02	1.979779599404244556e-02	6.873630092378542333e-02
9.433651916627801484e+02	2.897179323823257380e-01	1.852376561298510194e-01	2.246091073512576086e-01	1.394806237750833844e-01	7.153862978508854220e-02	1.990903072436054147e-02	6.950701985186112652e-02
9.578785023037459041e+02	2.870151239506775753e-01	1.834580223046919922e-01	2.265007066038544625e-01	1.407276701461346036e-01	7.201500647040805225e-02	2.001882145717574085e-02	7.026464906688553724e-02
9.723918129447120009e+02	2.843591893935646375e-01	1.817086647351005280e-01	2.283596722142860747e-01	1.419531511800290746e-01	7.248274707222901458e-02	2.012719257739806547e-02	7.100938282722056571e-02
9.869051235856777566e+02	2.817493173067709411e-01	1.799890635945966821e-01	2.301865496178883141e-01	1.431574348742419289e-01	7.294205055965755080e-02	2.023416804868051824e-02	7.174141599799202518e-02
1.001418434226643626e+03	2.791847102345418885e-01	1.782987083818099727e-01	2.319818775565505864e-01	1.443408834642157523e-01	7.339310539115113941e-02	2.033977142065986066e-02	7.246094355089878480e-02
1.015931744867609382e+03	2.766645844429267975e-01	1.766370976993356101e-01	2.337461877557652223e-01	1.455038534284173735e-01	7.383609070579133515e-02	2.044402583607977941e-02	7.316816013151196396e-02
1.030445055508575479e+03	2.741881696946947833e-01	1.750037390450966679e-01	2.354800046782137835e-01	1.466466955086597190e-01	7.427117734922272785e-02	2.054695403779727148e-02	7.386325968614317061e-02
1.044958366149541234e+03	2.717547090261769327e-01	1.733981486147558038e-01	2.371838453411069525e-01	1.477697547429325242e-01	7.469852875796767488e-02	2.064857837567319124e-02	7.454643514121500614e-02
1.059471676790506763e+03	2.693634585263186554e-01	1.718198511139230611e-01	2.388582191865628312e-01	1.488733705084370473e-01	7.511830172239680747e-02	2.074892081334813940e-02	7.521787812884160596e-02
1.073984987431472746e+03	2.670136871181706395e-01	1.702683795790799204e-01	2.405036279960432455e-01	1.499578765728972751e-01	7.553064704570547350e-02	2.084800293490494949e-02	7.587777875302657848e-02
1.088498298072438729e+03	2.647046763430008220e-01	1.687432752062888730e-01	2.421205658413242146e-01	1.510236011525384059e-01	7.593571011374149193e-02	2.094584595141910088e-02	7.652632539151518754e-02
1.103011608713404712e+03	2.624357201471679835e-01	1.672440871868846046e-01	2.437095190656967669e-01	1.520708669753877418e-01	7.633363138838882012e-02	2.104247070739853273e-02	7.716370452890361498e-02
1.117524919354370468e+03	2.602061246718677112e-01	1.657703725494533709e-01	2.452709662901202403e-01	1.530999913487767206e-01	7.672454683538126874e-02	2.113789768711428832e-02	7.779010061711445767e-02
1.132038229995336451e+03	2.580152080458317232e-01	1.643216960074998234e-01	2.468053784399079353e-01	1.541112862301086128e-01	7.710858829585581775e-02	2.123214702082358227e-02	7.840569595980058371e-02
1.146551540636302207e+03	2.558623001810398923e-01	1.628976298122817301e-01	2.483132187882471642e-01	1.551050583001134520e-01	7.748588380961596300e-02	2.132523849088679285e-02	7.901067061764309452e-02
1.161064851277267962e+03	2.537467425714860503e-01	1.614977536103617273e-01	2.497949430134586146e-01	1.560816090379418264e-01	7.785655789693109174e-02	2.141719153778002052e-02	7.960520233186876848e-02
1.175578161918233945e+03	2.516678880950213304e-01	1.601216543054848063e-01	2.512509992674079595e-01	1.570412347975592982e-01	7.822073180471837694e-02	2.150802526600475648e-02	8.018946646363168951e-02
1.190091472559199701e+03	2.496251008182871212e-01	1.587689259244403350e-01	2.526818282529066928e-01	1.579842268849946940e-01	7.857852372211568404e-02	2.159775844989630239e-02	8.076363594718737049e-02
1.204604783200165684e+03	2.476177558047388816e-01	1.574391694866125180e-01	2.540878633082962468e-01	1.589108716360723983e-01	7.893004896973682127e-02	2.168640953933252333e-02	8.132788125503886967e-02
1.219118093841131440e+03	2.456452389257524627e-01	1.561319928769589194e-01	2.554695304977062653e-01	1.598214504943230863e-01	7.927542016628670585e-02	2.177399666534453326e-02	8.188237037345633129e-02
1.233631404482097196e+03	2.437069466747977531e-01	1.548470107221908143e-01	2.568272487057309816e-01	1.607162400888209330e-01	7.961474737568884075e-02	2.186053764563091611e-02	8.242726878696814141e-02
1.248144715123063179e+03	2.418022859846590544e-01	1.535838442699551942e-01	2.581614297354745124e-01	1.615955123117402137e-01	7.994813823742726033e-02	2.194604998997707820e-02	8.296273947059512599e-02
1.262658025764028707e+03	2.399306740476758459e-01	1.523421212708436778e-01	2.594724784090929881e-01	1.624595343954624571e-01	8.027569808242052130e-02	2.203055090558123097e-02	8.348894288875176317e-02
1.277171336404994690e+03	2.380915381389743235e-01	1.511214758630727295e-01	2.607607926701088208e-01	1.633085689890955150e-01	8.059753003641484392e-02	2.211405730228865538e-02	8.400603699987363449e-02
1.291684647045960673e+03	2.362843154426566838e-01	1.499215484596984338e-01	2.620267636868948147e-01	1.641428742342932456e-01	8.091373511260159523e-02	2.219658579773570173e-02	8.451417726594809277e-02
1.306197957686926657e+03	2.345084528809128210e-01	1.487419856382436179e-01	2.632707759568294614e-01	1.649627038402857182e-01	8.122441229492191606e-02	2.227815272240508265e-02	8.501351666622998515e-02
1.320711268327892412e+03	2.327634069460169930e-01	1.475824400326286590e-01	2.644932074107112507e-01	1.657683071580485779e-01	8.152965861331391839e-02	2.235877412459395114e-02	8.550420571451518292e-02
1.335224578968857941e+03	2.310486435351707668e-01	1.464425702273088048e-01	2.656944295170921566e-01	1.665599292535547560e-01	8.182956921198045186e-02	2.243846577529622771e-02	8.598639247942542474e-02
1.349737889609823924e+03	2.293636377881518029e-01	1.453220406535298270e-01	2.668748073862502457e-01	1.673378109800651714e-01	8.212423741160287949e-02	2.251724317300064088e-02	8.646022260722811825e-02
1.364251200250789907e+03	2.277078739277283992e-01	1.442205214876236541e-01	2.680346998735729791e-01	1.681021890494250881e-01	8.241375476629596297e-02	2.259512154840593104e-02	8.692583934677670932e-02
1.378764510891755890e+03	2.260808451027980226e-01	1.431376885512720409e-01	2.691744596821643021e-01	1.688532961023416212e-01	8.269821111598693597e-02	2.267211586905460916e-02	8.738338357621121266e-02
1.393277821532721646e+03	2.244820532342080843e-01	1.420732232136729389e-01	2.702944334645242530e-01	1.695913607776252940e-01	8.297769463480586527e-02	2.274824084388666484e-02	8.783299383110569625e-02
1.407791132173687402e+03	2.229110088632173525e-01	1.410268122955498082e-01	2.713949619231791344e-01	1.703166077803844047e-01	8.325229187599232639e-02	2.282351092771463252e-02	8.827480633379117259e-02
1.422304442814653157e+03	2.213672310025560086e-01	1.399981479749492219e-01	2.724763799101651562e-01	1.710292579491663467e-01	8.352208781375242141e-02	2.289794032562128892e-02	8.870895502361836327e-02
1.436817753455619140e+03	2.198502469900428247e-01	1.389869276947759413e-01	2.735390165252888917e-01	1.717295283220433011e-01	8.378716588244013164e-02	2.297154299728140434e-02	8.913557158795634705e-02
1.451331064096585123e+03	2.183595923447176901e-01	1.379928540720183616e-01	2.745831952131044251e-01	1.724176322016440499e-01	8.404760801338459486e-02	2.304433266120875512e-02	8.955478549375099628e-02
1.465844374737550879e+03	2.168948106254482422e-01	1.370156348086208620e-01	2.756092338585629520e-01	1.730937792191357405e-01	8.430349466964073835e-02	2.311632279892977468e-02	8.996672401949068476e-02
1.480357685378516862e+03	2.154554532919699950e-01	1.360549826039616494e-01	2.766174448812997455e-01	1.737581753971621512e-01	8.455490487890190976e-02	2.318752665908503652e-02	9.037151228744849663e-02
1.494870996019482618e+03	2.140410795683191092e-01	1.351106150688982932e-01	2.776081353285366204e-01	1.744110232117465908e-01	8.480191626478093825e-02	2.325795726145984607e-02	9.076927329608762418e-02
1.509384306660448374e+03	2.126512563086181140e-01	1.341822546413438955e-01	2.785816069665826844e-01	1.750525216531688411e-01	8.504460507663727520e-02	2.332762740094515216e-02	9.116012795253315704e-02
1.523897617301414357e+03	2.112855578651745836e-01	1.332696285033400652e-01	2.795381563709257167e-01	1.756828662858274936e-01	8.528304621810398056e-02	2.339654965142998200e-02	9.154419510502738444e-02
1.538410927942380113e+03	2.099435659588542447e-01	1.323724684995941647e-01	2.804780750149104551e-01	1.763022493070990349e-01	8.551731327444754560e-02	2.346473636962659315e-02	9.192159157529723734e-02
1.552924238583346096e+03	2.086248695516897123e-01	1.314905110574493552e-01	2.814016493570050126e-01	1.769108596052066940e-01	8.574747853887539073e-02	2.353219969882945281e-02	9.229243219077372384e-02
1.567437549224311852e+03	2.073290647216866345e-01	1.306234971082577689e-01	2.823091609266615842e-01	1.775088828161115462e-01	8.597361303789075038e-02	2.359895157260927592e-02	9.265682981661178819e-02
1.581950859865277607e+03	2.060557545397902479e-01	1.297711720101289712e-01	2.832008864087778299e-01	1.780965013794404417e-01	8.619578655578145898e-02	2.366500371844313874e-02	9.301489538746723906e-02
1.596464170506243590e+03	2.048045489489755122e-01	1.289332854720250665e-01	2.840770977267715880e-01	1.786738945934633893e-01	8.641406765831766146e-02	2.373036766128185787e-02	9.336673793899426255e-02
1.610977481147209119e+03	2.035750646454237700e-01	1.281095914791776091e-01	2.849380621242801892e-01	1.792412386691355219e-01	8.662852371572382637e-02	2.379505472705566518e-02	9.371246463903273871e-02
1.625490791788175102e+03	2.023669249617513488e-01	1.272998482197993941e-01	2.857840422454997475e-01	1.797987067832174102e-01	8.683922092498194689e-02	2.385907604611926455e-02	9.405218081846024314e-02
1.640004102429141085e+03	2.011797597522537451e-01	1.265038180130675094e-01	2.866152962141794158e-01	1.803464691304881573e-01	8.704622433151575078e-02	2.392244255663731473e-02	9.438599000168747255e-02
1.654517413070107068e+03	2.000132052801318339e-01	1.257212672383534735e-01	2.874320777112877034e-01	1.808846929750654586e-01	8.724959785029931525e-02	2.398516500791135833e-02	9.471399393678026080e-02
1.669030723711072824e+03	1.988669041066653820e-01	1.249519662656767838e-01	2.882346360513681205e-01	1.814135427008471413e-01	8.744940428642827834e-02	2.404725396364923440e-02	9.503629262519452947e-02
1.683544034352038352e+03	1.977405049823005578e-01	1.241956893873601836e-01	2.890232162576023556e-01	1.819331798610883677e-01	8.764570535518707850e-02	2.410871980517791807e-02	9.535298435111302928e-02
1.698057344993004335e+03	1.966336627396187142e-01	1.234522147508640977e-01	2.897980591355994728e-01	1.824437632271284915e-01	8.783856170164194843e-02	2.416957273460082836e-02	9.566416571037597572e-02
1.712570655633970318e+03	1.955460381881536924e-01	1.227213242927790993e-01	2.905594013459299463e-01	1.829454488362816933e-01	8.802803291978553157e-02	2.422982277790051292e-02	9.596993163899911194e-02
1.727083966274936301e+03	1.944772980110262006e-01	1.220028036739554261e-01	2.913074754754232942e-01	1.834383900389054689e-01	8.821417757125653292e-02	2.428947978798766741e-02	9.627037544127500790e-02
1.741597276915902057e+03	1.934271146633637639e-01	1.212964422157494504e-01	2.920425101072490759e-01	1.839227375446603752e-01	8.839705320365465191e-02	2.434855344769744009e-02	9.656558881745483380e-02
1.756110587556867813e+03	1.923951662724753819e-01	1.206020328373668959e-01	2.927647298897997907e-01	1.843986394679749119e-01	8.857671636846951857e-02	2.440705327273388903e-02	9.685566189100923429e-02
1.770623898197833569e+03	1.913811365397507791e-01	1.199193719942836245e-01	2.934743556043949986e-01	1.848662413727286680e-01	8.875322263863989758e-02	2.446498861456352161e-02	9.714068323546808104e-02
1.785137208838799552e+03	1.903847146442546601e-01	1.192482596177248111e-01	2.941716042318259228e-01	1.853256863161673318e-01	8.892662662575805121e-02	2.452236866325878395e-02	9.742073990084000601e-02
1.799650519479765535e+03	1.894055951479863831e-01	1.185884990551839130e-01	2.948566890177591882e-01	1.857771148920620563e-01	8.909698199693252829e-02	2.457920245029238115e-02	9.769591743961315855e-02
1.814163830120731291e+03	1.884434779027764906e-01	1.179398970119633211e-01	2.955298195370186787e-01	1.862206652731266121e-01	8.926434149132161933e-02	2.463549885128323361e-02	9.796629993233969824e-02
1.828677140761696819e+03	1.874980679587920362e-01	1.173022634937186115e-01	2.961912017567639999e-01	1.866564732527045689e-01	8.942875693634853851e-02	2.469126658869495727e-02	9.823197001280696561e-02
1.843190451402663257e+03	1.865690754746227031e-01	1.166754117499891052e-01	2.968410380985840313e-01	1.870846722857391342e-01	8.959027926360839389e-02	2.474651423448766957e-02	9.849300889279864746e-02
1.857703762043628785e+03	1.856562156289204846e-01	1.160591582186973197e-01	2.974795274995238881e-01	1.875053935290379170e-01	8.974895852447611899e-02	2.480125021272389790e-02	9.874949638645011407e-02
1.872217072684594768e+03	1.847592085335660050e-01	1.154533224716007972e-01	2.981068654720628319e-01	1.879187658808446626e-01	8.990484390542416437e-02	2.485548280212944092e-02	9.900151093420188342e-02
1.886730383325560297e+03	1.838777791483356683e-01	1.148577271606794348e-01	2.987232441630612301e-01	1.883249160197296712e-01	9.005798374305787335e-02	2.490922013860991102e-02	9.924912962635598634e-02
1.901243693966526507e+03	1.830116571970430706e-01	1.142721979654423986e-01	2.993288524116941574e-01	1.887239684428109465e-01	9.020842553887561954e-02	2.496247021772374577e-02	9.949242822623989568e-02
1.915757004607492036e+03	1.821605770851293105e-01	1.136965635411385095e-01	2.999238758063882959e-01	1.891160455033172316e-01	9.035621597376110314e-02	2.501524089711244098e-02	9.973148119298298753e-02
1.930270315248458019e+03	1.813242778186778259e-01	1.131306554678545573e-01	3.005084967407797292e-01	1.895012674475042569e-01	9.050140092221400923e-02	2.506753989888873407e-02	9.996636170391083598e-02
1.944783625889424002e+03	1.805025029248282509e-01	1.125743082004862783e-01	3.010828944687087838e-01	1.898797524509356904e-01	9.064402546632518987e-02	2.511937481198348726e-02	1.001971416765622819e-01
1.959296936530389530e+03	1.796950003735658941e-01	1.120273590195668550e-01	3.016472451582690173e-01	1.902516166541390330e-01	9.078413390950218487e-02	2.517075309445195030e-02	1.004238917903349515e-01
1.973810247171355968e+03	1.789015225008627197e-01	1.114896479829381032e-01	3.022017219449258385e-01	1.906169741976479759e-01	9.092176978995072933e-02	2.522168207574012819e-02	1.006466815077643878e-01
1.988323557812321269e+03	1.781218259331464326e-01	1.109610178782500095e-01	3.027464949837210262e-01	1.909759372564410196e-01	9.105697589391716085e-02	2.527216895891195442e-02	1.008655790954423037e-01
2.002836868453287707e+03	1.773556715130749639e-01	1.104413141762741191e-01	3.032817315005790215e-01	1.913286160737874275e-01	9.118979426869705529e-02	2.532222082283791184e-02	1.010806516445794528e-01
2.017350179094252780e+03	1.766028242265936798e-01	1.099303849850170323e-01	3.038075958427299272e-01	1.916751189945102019e-01	9.132026623541472654e-02	2.537184462434579485e-02	1.012919650912186553e-01
2.031863489735218764e+03	1.758630531312533885e-01	1.094280810046200092e-01	3.043242495282646454e-01	1.920155524976763228e-01	9.144843240157825293e-02	2.542104720033424095e-02	1.014995842361031686e-01
2.046376800376184747e+03	1.751361312857668273e-01	1.089342554830312754e-01	3.048318512948374193e-01	1.923500212287241329e-01	9.157433267341441585e-02	2.546983526984973947e-02	1.017035727642062320e-01
2.060890111017150957e+03	1.744218356807829828e-01	1.084487641724378310e-01	3.053305571475293800e-01	1.926786280310374688e-01	9.169800626798789434e-02	2.551821543612765517e-02	1.019039932639268786e-01
2.075403421658116713e+03	1.737199471708575083e-01	1.079714652864433994e-01	3.058205204058887516e-01	1.930014739769761178e-01	9.181949172510878165e-02	2.556619418859795018e-02	1.021009072459575923e-01
2.089916732299082469e+03	1.730302504075992287e-01	1.075022194579801638e-01	3.063018917501609817e-01	1.933186583983719509e-01	9.193882691903253190e-02	2.561377790485622197e-02	1.022943751618290154e-01
2.104430042940048224e+03	1.723525337739718610e-01	1.070408896979413160e-01	3.067748192667231200e-01	1.936302789164998928e-01	9.205604906995613901e-02	2.566097285260060187e-02	1.024844564221371740e-01
2.118943353581013525e+03	1.716865893197313808e-01	1.065873413545220527e-01	3.072394484927361002e-01	1.939364314715328885e-01	9.217119475531440620e-02	2.570778519153515962e-02	1.026712094144582033e-01
2.133456664221980191e+03	1.710322126979791635e-01	1.061414420732572500e-01	3.076959224600281928e-01	1.942372103514894977e-01	9.228429992087987255e-02	2.575422097524036197e-02	1.028546915209559709e-01
2.147969974862945492e+03	1.703892031028119425e-01	1.057030617577432718e-01	3.081443817382231165e-01	1.945327082206830815e-01	9.239539989167015743e-02	2.580028615301116837e-02	1.030349591356876093e-01
2.162483285503912157e+03	1.697573632080493500e-01	1.052720725310326844e-01	3.085849644771257450e-01	1.948230161476813549e-01	9.250452938266598424e-02	2.584598657166332220e-02	1.032120676816119798e-01
2.176996596144877003e+03	1.691364991070204160e-01	1.048483486976899692e-01	3.090178064483780074e-01	1.951082236327839337e-01	9.261172250934353312e-02	2.589132797730837182e-02	1.033860716273062308e-01
2.191509906785843214e+03	1.685264202533910960e-01	1.044317667064971894e-01	3.094430410863975300e-01	1.953884186350273722e-01	9.271701279802434248e-02	2.593631601709798368e-02	1.035570245033950038e-01
2.206023217426809424e+03	1.679269394030146190e-01	1.040222051137981163e-01	3.098607995286116745e-01	1.956636875987246282e-01	9.282043319604585396e-02	2.598095624093805719e-02	1.037249789186975579e-01
2.220536528067775180e+03	1.673378725567866432e-01	1.036195445474702714e-01	3.102712106549991855e-01	1.959341154795478102e-01	9.292201608175616745e-02	2.602525410317320029e-02	1.038899865760972846e-01
2.235049838708740936e+03	1.667590389044885379e-01	1.032236676715137247e-01	3.106744011269503281e-01	1.961997857701617831e-01	9.302179327433571232e-02	2.606921496424202331e-02	1.040520982881384671e-01
2.249563149349706237e+03	1.661902607696013612e-01	1.028344591512463518e-01	3.110704954254587817e-01	1.964607805254162121e-01	9.311979604344922112e-02	2.611284409230379966e-02	1.042113639923548385e-01
2.264076459990672902e+03	1.656313635550735741e-01	1.024518056190949905e-01	3.114596158886557276e-01	1.967171803871039515e-01	9.321605511873072569e-02	2.615614666483697184e-02	1.043678327663346006e-01
2.278589770631638203e+03	1.650821756900266168e-01	1.020755956409723081e-01	3.118418827486976741e-01	1.969690646082930541e-01	9.331060069910469823e-02	2.619912777020997827e-02	1.045215528425262053e-01
2.293103081272604413e+03	1.645425285773813306e-01	1.017057196832294313e-01	3.122174141680193471e-01	1.972165110772397811e-01	9.340346246194612678e-02	2.624179240922492815e-02	1.046725716227895758e-01
2.307616391913570169e+03	1.640122565423901835e-01	1.013420700801742902e-01	3.125863262749625782e-01	1.974595963408897759e-01	9.349466957208232842e-02	2.628414549663452351e-02	1.048209356926969177e-01
2.322129702554535925e+03	1.634911967820589507e-01	1.009845410021461276e-01	3.129487331987912957e-01	1.976983956279746713e-01	9.358425069063933122e-02	2.632619186263272446e-02	1.049666908355874756e-01
2.336643013195502135e+03	1.629791893154429738e-01	1.006330284241366696e-01	3.133047471041045529e-01	1.979329828717108775e-01	9.367223398373543397e-02	2.636793625431963634e-02	1.051098820463804706e-01
2.351156323836467891e+03	1.624760769348025380e-01	1.002874300949482822e-01	3.136544782246562524e-01	1.981634307321075705e-01	9.375864713102464998e-02	2.640938333714103539e-02	1.052505535451502688e-01
2.365669634477433647e+03	1.619817051576028233e-01	9.994764550688034488e-02	3.139980348965932810e-01	1.983898106178905163e-01	9.384351733409271312e-02	2.645053769630295593e-02	1.053887487904679593e-01
2.380182945118399402e+03	1.614959221793434985e-01	9.961357586593441726e-02	3.143355235911211021e-01	1.986121927080483629e-01	9.392687132470811662e-02	2.649140383816182137e-02	1.055245104925133376e-01
2.394696255759364703e+03	1.610185788272041063e-01	9.928512406252955336e-02	3.146670489466068532e-01	1.988306459730078690e-01	9.400873537293072402e-02	2.653198619159047311e-02	1.056578806259610842e-01
2.409209566400331823e+03	1.605495285144906692e-01	9.896219464271882593e-02	3.149927138001303306e-01	1.990452381954447014e-01	9.408913529508039497e-02	2.657228910932059665e-02	1.057889004426452173e-01
2.423722877041296670e+03	1.600886271958699703e-01	9.864469377989863730e-02	3.153126192184911303e-01	1.992560359907354361e-01	9.416809646156815150e-02	2.661231686926188514e-02	1.059176104840055810e-01
2.438236187682262880e+03	1.596357333233777154e-01	9.833252924700225384e-02	3.156268645286823826e-01	1.994631048270580076e-01	9.424564380459216073e-02	2.665207367579835659e-02	1.060440505933199218e-01
2.452749498323228636e+03	1.591907078031874756e-01	9.802561038916929315e-02	3.159355473478400178e-01	1.996665090451454627e-01	9.432180182570086557e-02	2.669156366106226197e-02	1.061682599277254807e-01
2.467262808964194392e+03	1.587534139531269206e-01	9.772384809688303142e-02	3.162387636126758328e-01	1.998663118776998759e-01	9.439659460322570583e-02	2.673079088618589977e-02	1.062902769700336814e-01
2.481776119605160602e+03	1.583237174609287701e-01	9.742715477956749581e-02	3.165366076084042968e-01	2.000625754684719204e-01	9.447004579958548365e-02	2.676975934253178133e-02	1.064101395403412448e-01
2.496289430246126358e+03	1.579014863432034177e-01	9.713544433963648694e-02	3.168291719971714770e-01	2.002553608910118133e-01	9.454217866846478802e-02	2.680847295290151797e-02	1.065278848074415474e-01
2.510802740887092114e+03	1.574865909051212376e-01	9.684863214698667677e-02	3.171165478459941345e-01	2.004447281670973247e-01	9.461301606186849067e-02	2.684693557272372841e-02	1.066435493000394696e-01
2.525316051528057415e+03	1.570789037007917777e-01	9.656663501392732940e-02	3.173988246542183700e-01	2.006307362848447629e-01	9.468258043705451987e-02	2.688515099122142440e-02	1.067571689177730654e-01
2.539829362169024080e+03	1.566782994943280993e-01	9.628937117053905370e-02	3.176760903805046499e-01	2.008134432165076810e-01	9.475089386334706321e-02	2.692312293255916256e-02	1.068687789420455919e-01
2.554342672809989381e+03	1.562846552215845231e-01	9.601676024045426028e-02	3.179484314693495350e-01	2.009929059359694681e-01	9.481797802883221160e-02	2.696085505697033355e-02	1.069784140466709804e-01
2.568855983450955591e+03	1.558978499525559280e-01	9.574872321705214795e-02	3.182159328771496654e-01	2.011691804359345137e-01	9.488385424693808468e-02	2.699835096186494615e-02	1.070861083083360088e-01
2.583369294091921347e+03	1.555177648544271707e-01	9.548518244006100331e-02	3.184786780978179355e-01	2.013423217448233049e-01	9.494854346290140801e-02	2.703561418291822865e-02	1.071918952168822992e-01
2.597882604732887103e+03	1.551442831552616031e-01	9.522606157256090220e-02	3.187367491879579684e-01	2.015123839433767827e-01	9.501206626012251300e-02	2.707264819514035650e-02	1.072958076854113457e-01
2.612395915373853313e+03	1.547772901083174224e-01	9.497128557838002694e-02	3.189902267916054357e-01	2.016794201809747333e-01	9.507444286641071607e-02	2.710945641392768779e-02	1.073978780602154598e-01
2.626909226014819069e+03	1.544166729569813046e-01	9.472078069987771576e-02	3.192391901645439400e-01	2.018434826916729319e-01	9.513569316012202015e-02	2.714604219609578067e-02	1.074981381305378653e-01
2.641422536655784825e+03	1.540623209003080807e-01	9.447447443610759721e-02	3.194837171982015667e-01	2.020046228099644514e-01	9.519583667619080369e-02	2.718240884089452580e-02	1.075966191381645398e-01
2.655935847296750580e+03	1.537141250591568531e-01	9.423229552135456433e-02	3.197238844431364302e-01	2.021628909862695223e-01	9.525489261205746794e-02	2.721855959100569558e-02	1.076933517868510354e-01
2.670449157937716336e+03	1.533719784429122268e-01	9.399417390403883021e-02	3.199597671321178782e-01	2.023183368021585216e-01	9.531287983349395754e-02	2.725449763352322252e-02	1.077883662515869700e-01
2.684962468578682547e+03	1.530357759167815523e-01	9.376004072598098649e-02	3.201914392028102907e-01	2.024710089853128669e-01	9.536981688032858395e-02	2.729022610091651549e-02	1.078816921877009116e-01
2.699475779219648302e+03	1.527054141696574940e-01	9.352982830202187514e-02	3.204189733200663026e-01	2.026209554242282829e-01	9.542572197207217777e-02	2.732574807197704972e-02	1.079733587398085531e-01
2.713989089860614058e+03	1.523807916825364039e-01	9.330347009999109820e-02	3.206424408978365004e-01	2.027682231826650749e-01	9.548061301344724916e-02	2.736106657274861576e-02	1.080633945506067894e-01
2.728502400501579814e+03	1.520618086974830085e-01	9.308090072101823931e-02	3.208619121207018088e-01	2.029128585138492702e-01	9.553450759982157203e-02	2.739618457744143198e-02	1.081518277695163593e-01
2.743015711142545115e+03	1.517483671871319717e-01	9.286205588018096868e-02	3.210774559650350635e-01	2.030549068744294527e-01	9.558742302254820411e-02	2.743110500933042956e-02	1.082386860611756901e-01
2.757529021783511780e+03	1.514403708247164804e-01	9.264687238748418874e-02	3.212891402197981527e-01	2.031944129381932640e-01	9.563937627421327525e-02	2.746583074163797336e-02	1.083239966137884563e-01
2.772042332424477081e+03	1.511377249546159707e-01	9.243528812916460002e-02	3.214970315069820006e-01	2.033314206095473697e-01	9.569038405379326484e-02	2.750036459840130010e-02	1.084077861473273924e-01
2.786555643065443292e+03	1.508403365634125304e-01	9.222724204931503911e-02	3.217011953016932768e-01	2.034659730367659181e-01	9.574046277172335029e-02	2.753470935532494057e-02	1.084900809215968570e-01
2.801068953706408593e+03	1.505481142514484005e-01	9.202267413182324551e-02	3.219016959518968823e-01	2.035981126250102635e-01	9.578962855487817285e-02	2.756886774061835868e-02	1.085709067441566200e-01
2.815582264347374803e+03	1.502609682048753614e-01	9.182152538261956209e-02	3.220985966978170412e-01	2.037278810491249259e-01	9.583789725146685257e-02	2.760284243581910546e-02	1.086502889781091330e-01
2.830095574988341014e+03	1.499788101681874264e-01	9.162373781222821201e-02	3.222919596910057138e-01	2.038553192662128921e-01	9.588528443584343197e-02	2.763663607660168942e-02	1.087282525497526853e-01
2.844608885629306769e+03	1.497015534172288220e-01	9.142925441861715630e-02	3.224818460130818298e-01	2.039804675279946466e-01	9.593180541323435839e-02	2.767025125357245111e-02	1.088048219561028734e-01
2.859122196270272525e+03	1.494291127326688451e-01	9.123801917034127240e-02	3.226683156941482777e-01	2.041033653929542890e-01	9.597747522438437873e-02	2.770369051305067790e-02	1.088800212722844524e-01
2.873635506911238281e+03	1.491614043739355744e-01	9.104997698997381594e-02	3.228514277308920377e-01	2.042240517382763465e-01	9.602230865012231775e-02	2.773695635783615318e-02	1.089538741587959964e-01
2.888148817552204036e+03	1.488983460536003334e-01	9.086507373782133634e-02	3.230312401043724524e-01	2.043425647715772231e-01	9.606632021584807224e-02	2.777005124796345578e-02	1.090264038686494241e-01
2.902662128193170247e+03	1.486398569122055480e-01	9.068325619591702247e-02	3.232078097975031872e-01	2.044589420424346993e-01	9.610952419594213925e-02	2.780297760144316566e-02	1.090976332543865668e-01
2.917175438834136003e+03	1.483858574935278118e-01	9.050447205228792646e-02	3.233811928122336532e-01	2.045732204537187293e-01	9.615193461809914965e-02	2.783573779499021530e-02	1.091675847749749018e-01
2.931688749475101758e+03	1.481362697202690815e-01	9.032866988549120846e-02	3.235514441864342783e-01	2.046854362727270338e-01	9.619356526758654491e-02	2.786833416473966096e-02	1.092362805025846456e-01
2.946202060116067514e+03	1.478910168701682293e-01	9.015579914941482254e-02	3.237186180104911215e-01	2.047956251421293727e-01	9.623442969142984027e-02	2.790076900695002277e-02	1.093037421292490513e-01
2.960715370757033725e+03	1.476500235525261551e-01	8.998581015833816144e-02	3.238827674436151605e-01	2.049038220907229702e-01	9.627454120252565417e-02	2.793304457869445409e-02	1.093699909734100195e-01
2.975228681397999480e+03	1.474132156851365172e-01	8.981865407224814968e-02	3.240439447298704145e-01	2.050100615440026974e-01	9.631391288368373882e-02	2.796516309853993784e-02	1.094350479863510639e-01
2.989741992038964781e+03	1.471805204716162274e-01	8.965428288240652466e-02	3.242022012139265108e-01	2.051143773345497634e-01	9.635255759159937206e-02	2.799712674721469355e-02	1.094989337585194622e-01
3.004255302679930992e+03	1.469518663791276880e-01	8.949264939716380929e-02	3.243575873565396894e-01	2.052168027122407701e-01	9.639048796075702641e-02	2.802893766826405550e-02	1.095616685257395362e-01
3.018768613320896748e+03	1.467271831164865814e-01	8.933370722801596553e-02	3.245101527497675220e-01	2.053173703542817696e-01	9.642771640726685578e-02	2.806059796869496067e-02	1.096232721753189338e-01
3.033281923961862958e+03	1.465064016126485513e-01	8.917741077589938503e-02	3.246599461319218394e-01	2.054161123750687656e-01	9.646425513263492957e-02	2.809210971960927894e-02	1.096837642520498701e-01
3.047795234602828714e+03	1.462894539955679474e-01	8.902371521772028951e-02	3.248070154022640876e-01	2.055130603358789887e-01	9.650011612746837997e-02	2.812347495682616591e-02	1.097431639641068546e-01
3.062308545243794470e+03	1.460762735714224436e-01	8.887257649311437746e-02	3.249514076354474978e-01	2.056082452543951111e-01	9.653531117511666981e-02	2.815469568149364318e-02	1.098014901888430123e-01
3.076821855884760225e+03	1.458667948041972307e-01	8.872395129143295645e-02	3.250931690957112874e-01	2.057016976140653708e-01	9.656985185524993853e-02	2.818577386068956206e-02	1.098587614784864858e-01
3.091335166525725526e+03	1.456609532956221753e-01	8.857779703895146683e-02	3.252323452508297796e-01	2.057934473733026570e-01	9.660374954737573072e-02	2.821671142801217280e-02	1.099149960657388736e-01
3.105848477166692192e+03	1.454586857654565080e-01	8.843407188629683058e-02	3.253689807858219374e-01	2.058835239745250845e-01	9.663701543429495389e-02	2.824751028416044862e-02	1.099702118692771208e-01
3.120361787807657493e+03	1.452599300321144316e-01	8.829273469608958647e-02	3.255031196164244744e-01	2.059719563530410247e-01	9.666966050549821721e-02	2.827817229750434827e-02	1.100244264991608184e-01
3.134875098448624158e+03	1.450646249936259624e-01	8.815374503079741186e-02	3.256348049023334856e-01	2.060587729457810102e-01	9.670169556050364768e-02	2.830869930464521150e-02	1.100776572621462446e-01
3.149388409089589004e+03	1.448727106089272854e-01	8.801706314079632554e-02	3.257640790602177039e-01	2.061440016998793423e-01	9.673313121213689136e-02	2.833909311096643319e-02	1.101299211669090200e-01
3.163901719730555214e+03	1.446841278794750441e-01	8.788264995263583845e-02	3.258909837765079920e-01	2.062276700811079000e-01	9.676397788975482639e-02	2.836935549117460334e-02	1.101812349291767940e-01
3.178415030371521425e+03	1.444988188311785160e-01	8.775046705750484677e-02	3.260155600199667325e-01	2.063098050821648155e-01	9.679424584241336227e-02	2.839948818983124845e-02	1.102316149767735148e-01
3.192928341012487181e+03	1.443167264966445928e-01	8.762047669989456167e-02	3.261378480540405023e-01	2.063904332308203193e-01	9.682394514198075508e-02	2.842949292187537877e-02	1.102810774545769090e-01
3.207441651653452936e+03	1.441377948977300982e-01	8.749264176645542290e-02	3.262578874490005276e-01	2.064695805979224197e-01	9.685308568619713232e-02	2.845937137313696644e-02	1.103296382293905142e-01
3.221954962294418237e+03	1.439619690283958919e-01	8.736692577504427681e-02	3.263757170938738073e-01	2.065472728052645257e-01	9.688167720168124053e-02	2.848912520084152800e-02	1.103773128947318632e-01
3.236468272935384903e+03	1.437891948378579032e-01	8.724329286395884897e-02	3.264913752081690657e-01	2.066235350333178733e-01	9.690972924688524837e-02	2.851875603410595691e-02	1.104241167755382891e-01
3.250981583576350204e+03	1.436194192140295978e-01	8.712170778135623628e-02	3.266048993534007572e-01	2.066983920288305576e-01	9.693725121499870145e-02	2.854826547442577966e-02	1.104700649327915035e-01
3.265494894217316414e+03	1.434525899672511318e-01	8.700213587485226829e-02	3.267163264444149506e-01	2.067718681122959479e-01	9.696425233680214251e-02	2.857765509615393940e-02	1.105151721680627669e-01
3.280008204858282170e+03	1.432886558142999200e-01	8.688454308129854586e-02	3.268256927605195372e-01	2.068439871852924272e-01	9.699074168347175673e-02	2.860692644697129805e-02	1.105594530279796761e-01
3.294521515499247926e+03	1.431275663626782602e-01	8.676889591673432600e-02	3.269330339564238130e-01	2.069147727376964563e-01	9.701672816933534782e-02	2.863608104834897486e-02	1.106029218086160282e-01
3.309034826140214136e+03	1.429692720951726559e-01	8.665516146650993623e-02	3.270383850729889907e-01	2.069842478547719022e-01	9.704222055458096297e-02	2.866512039600268083e-02	1.106455925598061329e-01
