4.208860085880095880e+02	4.263503805791385437e-01	2.749453685117438373e-01	1.305215885519129260e-01	7.826514202649433039e-02	4.239681643532996341e-02	1.476973186117525212e-02	3.275097203403284224e-02
4.353993192289755143e+02	4.212921101992003203e-01	2.716060496957650172e-01	1.338798809181480920e-01	8.020475442600363825e-02	4.402808551729776171e-02	1.485982672195527640e-02	3.412929252145758402e-02
4.499126298699413837e+02	4.163374187209570865e-01	2.683181225200421127e-01	1.372449910315936272e-01	8.238495838626186396e-02	4.525931261217432111e-02	1.507033225016551209e-02	3.538486447863323225e-02
4.644259405109071963e+02	4.114773525040262836e-01	2.650824338494606192e-01	1.405814539618502890e-01	8.461720490988329513e-02	4.631121664019549611e-02	1.535777863773422208e-02	3.657255949667749528e-02
4.789392511518730657e+02	4.067067665906827778e-01	2.618992076604296226e-01	1.438744380063694817e-01	8.682827808357906907e-02	4.727471891417579786e-02	1.569585114022966493e-02	3.772073960436126555e-02
4.934525617928388783e+02	4.020222112524415858e-01	2.587683216713027035e-01	1.471176434280716816e-01	8.899191829480485039e-02	4.818772486916964026e-02	1.606781234859469554e-02	3.884436813544257794e-02
5.079658724338048046e+02	3.974210450569813924e-01	2.556894418802514446e-01	1.503083590924857993e-01	9.110071165305030916e-02	4.906651251135296654e-02	1.646258038840729340e-02	3.995134941729858169e-02
5.224791830747705035e+02	3.929010536705303536e-01	2.526620946725499084e-01	1.534454418935483067e-01	9.315456065114008366e-02	4.991852831527757162e-02	1.687257818862084036e-02	4.104574260816076792e-02
5.369924937157364866e+02	3.884602785239474332e-01	2.496857099012869952e-01	1.565284861074795475e-01	9.515598416861933972e-02	5.074758440457835529e-02	1.729248798021782926e-02	4.212946891369839103e-02
5.515058043567023560e+02	3.840969338106642872e-01	2.467596492633593874e-01	1.595574755331508887e-01	9.710822939880570104e-02	5.155596035145983136e-02	1.771849529837764281e-02	4.320325634401025322e-02
5.660191149976681118e+02	3.798093617631435048e-01	2.438832263710568049e-01	1.625326309800560476e-01	9.901453950285465933e-02	5.234525017758195897e-02	1.814781223902443841e-02	4.426717896611066100e-02
5.805324256386339812e+02	3.755960054428196804e-01	2.410557215854571556e-01	1.654543369182930324e-01	1.008778936949913385e-01	5.311670423908128325e-02	1.857836759495963205e-02	4.532097052422599109e-02
5.950457362795999643e+02	3.714553902812230413e-01	2.382763932348311020e-01	1.683231006813685759e-01	1.027009377133810408e-01	5.387136972059677897e-02	1.900860053271792929e-02	4.636420783570967957e-02
6.095590469205657200e+02	3.673861105406344696e-01	2.355444861836055170e-01	1.711395256941330156e-01	1.044859883346359875e-01	5.461015178159717154e-02	1.943732041463888671e-02	4.739641705058306870e-02
6.240723575615315895e+02	3.633868189041575825e-01	2.328592383914970254e-01	1.739042914195522982e-01	1.062350641342055396e-01	5.533384378253920072e-02	1.986360984394401966e-02	4.841713352393253039e-02
6.385856682024975726e+02	3.594562182674319040e-01	2.302198859215336124e-01	1.766181371361029429e-01	1.079499230998131748e-01	5.604314544537040976e-02	2.028675647157804005e-02	4.942593365799813343e-02
6.530989788434633283e+02	3.555930551845851162e-01	2.276256667423796343e-01	1.792818483602408863e-01	1.096320994901847645e-01	5.673867608467347140e-02	2.070620424108124413e-02	5.042244989668315247e-02
6.676122894844290840e+02	3.517961146028475428e-01	2.250758235918683403e-01	1.818962453659331568e-01	1.112829372138874062e-01	5.742098550431190551e-02	2.112151795897993650e-02	5.140637576200009218e-02
6.821256001253949535e+02	3.480642156184165503e-01	2.225696061104366352e-01	1.844621734845311167e-01	1.129036190079295010e-01	5.809056345795586551e-02	2.153235712883501407e-02	5.237746519172377380e-02
6.966389107663608229e+02	3.443962080471684173e-01	2.201062724083263922e-01	1.869804949516385151e-01	1.144951914958961536e-01	5.874784797743061449e-02	2.193845631753588502e-02	5.333552880183255185e-02
7.111522214073266923e+02	3.407909696466271399e-01	2.176850901952491479e-01	1.894520821013295220e-01	1.160585864998309458e-01	5.939323268859232618e-02	2.233961019617512408e-02	5.428042867202433064e-02
7.256655320482924481e+02	3.372474038581295130e-01	2.153053375734218233e-01	1.918778117274928807e-01	1.175946390628972438e-01	6.002707319194280911e-02	2.273566197744230147e-02	5.521207260850202053e-02
7.401788426892584312e+02	3.337644379638895487e-01	2.129663035728857345e-01	1.942585604486815332e-01	1.191041026358126420e-01	6.064969258436136296e-02	2.312649435945585141e-02	5.613040843474188801e-02
7.546921533302243006e+02	3.303410215744341238e-01	2.106672884906309329e-01	1.965952009294838765e-01	1.205876618425377050e-01	6.126138620458511375e-02	2.351202234799423460e-02	5.703541861016254294e-02
7.692054639711900563e+02	3.269761253787079602e-01	2.084076040813291897e-01	1.988885988281796358e-01	1.220459431926794597e-01	6.186242568836257394e-02	2.389218750774472697e-02	5.792711532282500408e-02
7.837187746121558121e+02	3.236687401027699695e-01	2.061865736366888802e-01	2.011396103567359983e-01	1.234795240593568461e-01	6.245306241802502101e-02	2.426695331625276786e-02	5.880553610999920966e-02
7.982320852531219089e+02	3.204178756340019252e-01	2.040035319819818727e-01	2.033490803544963643e-01	1.248889401959004247e-01	6.303353044655897464e-02	2.463630137999521866e-02	5.967074000689395058e-02
8.127453958940876646e+02	3.172225602765984531e-01	2.018578254116760728e-01	2.055178407908776483e-01	1.262746920241747117e-01	6.360404896950741516e-02	2.500022833249053097e-02	6.052280419450391247e-02
8.272587065350534203e+02	3.140818401111986069e-01	1.997488115809486209e-01	2.076467096248634514e-01	1.276372498918076082e-01	6.416482441032014816e-02	2.535874327761916333e-02	6.136182110307122906e-02
8.417720171760191761e+02	3.109947784371864254e-01	1.976758593658481944e-01	2.097364899600458743e-01	1.289770584649629348e-01	6.471605217690330758e-02	2.571186567271761814e-02	6.218789592216452528e-02
8.562853278169851592e+02	3.079604552807017614e-01	1.956383487017688272e-01	2.117879694434925686e-01	1.302945403970632854e-01	6.525791813957093623e-02	2.605962356913047243e-02	6.300114446810101132e-02
8.707986384579510286e+02	3.049779669549886885e-01	1.936356704075030410e-01	2.138019198649117325e-01	1.315900993915529171e-01	6.579059987364428708e-02	2.640205214519505961e-02	6.380169136203311941e-02
8.853119490989170117e+02	3.020464256625511879e-01	1.916672260002970918e-01	2.157790969195977626e-01	1.328641227578837569e-01	6.631426770369674983e-02	2.673919247975607705e-02	6.458966847604627470e-02
8.998252597398827675e+02	2.991649591308367939e-01	1.897324275059199539e-01	2.177202401045979785e-01	1.341169835439351421e-01	6.682908558093368645e-02	2.707109052440875852e-02	6.536521360919665680e-02
9.143385703808486369e+02	2.963327102749437336e-01	1.878306972666795582e-01	2.196260727225887444e-01	1.353490423146194999e-01	6.733521182040221043e-02	2.739779624054681367e-02	6.612846936004843079e-02
9.288518810218145063e+02	2.935488368822472549e-01	1.859614677495017854e-01	2.214973019722099035e-01	1.365606486351016446e-01	6.783279972059270968e-02	2.771936287350751718e-02	6.687958216666824163e-02
9.433651916627801484e+02	2.908125113149429009e-01	1.841241813555703488e-01	2.233346191071923226e-01	1.377521423075459828e-01	6.832199808445604816e-02	2.803584634106300738e-02	6.761870148905844979e-02
9.578785023037459041e+02	2.881229202273711820e-01	1.823182902325620469e-01	2.251386996496287374e-01	1.389238544023210231e-01	6.880295165784729161e-02	2.834730471749451891e-02	6.834597911260437142e-02
9.723918129447120009e+02	2.854792642956661131e-01	1.805432560901667760e-01	2.269102036452638194e-01	1.400761081178936995e-01	6.927580149885215199e-02	2.865379779771922222e-02	6.906156855426741348e-02
9.869051235856777566e+02	2.828807579578048181e-01	1.787985500193272348e-01	2.286497759507977456e-01	1.412092194980340831e-01	6.974068528929162902e-02	2.895538672857708024e-02	6.976562455599669144e-02
1.001418434226643626e+03	2.803266291625495787e-01	1.770836523154473152e-01	2.303580465449651393e-01	1.423234980302494901e-01	7.019773759787803491e-02	2.925213369654874884e-02	7.045830265219098221e-02
1.015931744867609382e+03	2.778161191261018792e-01	1.753980523056845597e-01	2.320356308566312309e-01	1.434192471454306950e-01	7.064709010296130187e-02	2.954410166295794171e-02	7.113975880006172259e-02
1.030445055508575479e+03	2.753484820955399148e-01	1.737412481803469189e-01	2.336831301043785780e-01	1.444967646353978730e-01	7.108887178151432340e-02	2.983135413918531348e-02	7.181014906346636084e-02
1.044958366149541234e+03	2.729229851183108124e-01	1.721127468283502882e-01	2.353011316430849154e-01	1.455563430022768778e-01	7.152320906992265526e-02	3.011395499564266387e-02	7.246962934224107644e-02
1.059471676790506763e+03	2.705389078172011352e-01	1.705120636766474240e-01	2.368902093138481324e-01	1.465982697513299182e-01	7.195022600123439360e-02	3.039196829927171689e-02	7.311835514029665917e-02
1.073984987431472746e+03	2.681955421703305364e-01	1.689387225335138576e-01	2.384509237943225612e-01	1.476228276369351833e-01	7.237004432276442079e-02	3.066545817517724384e-02	7.375648136678560063e-02
1.088498298072438729e+03	2.658921922958054629e-01	1.673922554355586345e-01	2.399838229471217832e-01	1.486302948697978965e-01	7.278278359730744329e-02	3.093448868870935994e-02	7.438416216552889981e-02
1.103011608713404712e+03	2.636281742407413642e-01	1.658722024983204646e-01	2.414894421644294964e-01	1.496209452921254124e-01	7.318856129067979888e-02	3.119912374489873866e-02	7.500155076863422587e-02
1.117524919354370468e+03	2.614028157744181513e-01	1.643781117703090044e-01	2.429683047073643576e-01	1.505950485263732319e-01	7.358749284786167411e-02	3.145942700264058034e-02	7.560879937086251168e-02
1.132038229995336451e+03	2.592154561853766692e-01	1.629095390903510798e-01	2.444209220389771398e-01	1.515528701022261227e-01	7.397969175963603483e-02	3.171546180143519633e-02	7.620605902182724101e-02
1.146551540636302207e+03	2.570654460822959786e-01	1.614660479481085376e-01	2.458477941500329667e-01	1.524946715656924079e-01	7.436526962130737828e-02	3.196729109883775233e-02	7.679347953355451784e-02
1.161064851277267962e+03	2.549521471985181642e-01	1.600472093476389968e-01	2.472494098769555393e-01	1.534207105735317656e-01	7.474433618482025088e-02	3.221497741705891399e-02	7.737120940130594315e-02
1.175578161918233945e+03	2.528749322001063171e-01	1.586526016738789291e-01	2.486262472114950939e-01	1.543312409756896764e-01	7.511699940537829023e-02	3.245858279740041624e-02	7.793939573588086478e-02
1.190091472559199701e+03	2.508331844973362701e-01	1.572818105619356588e-01	2.499787736018314888e-01	1.552265128879520284e-01	7.548336548348100195e-02	3.269816876141292544e-02	7.849818420588022816e-02
1.204604783200165684e+03	2.488262980595346563e-01	1.559344287690825892e-01	2.513074462449450541e-01	1.561067727566534113e-01	7.584353890314170232e-02	3.293379627783440955e-02	7.904771898863782731e-02
1.219118093841131440e+03	2.468536772331846596e-01	1.546100560493594289e-01	2.526127123701867871e-01	1.569722634169526398e-01	7.619762246692243779e-02	3.316552573451059249e-02	7.958814272871307660e-02
1.233631404482097196e+03	2.449147365632281526e-01	1.533082990306857407e-01	2.538950095140580232e-01	1.578232241459247565e-01	7.654571732831394471e-02	3.339341691461971545e-02	8.011959650299937952e-02
1.248144715123063179e+03	2.430089006174971367e-01	1.520287710944034920e-01	2.551547657862709984e-01	1.586598907114969981e-01	7.688792302189995098e-02	3.361752897662537154e-02	8.064221979163577192e-02
1.262658025764028707e+03	2.411356038142131730e-01	1.507710922571698642e-01	2.563924001272134823e-01	1.594824954180726617e-01	7.722433749166993100e-02	3.383792043746646633e-02	8.115615045402417571e-02
1.277171336404994690e+03	2.392942902524955728e-01	1.495348890551271570e-01	2.576083225569755220e-01	1.602912671495334285e-01	7.755505711778239164e-02	3.405464915856545871e-02	8.166152470935027219e-02
1.291684647045960673e+03	2.374844135458219763e-01	1.483197944302817040e-01	2.588029344161287826e-01	1.610864314101838335e-01	7.788017674202890595e-02	3.426777233429668945e-02	8.215847712108791112e-02
1.306197957686926657e+03	2.357054366583876959e-01	1.471254476190288762e-01	2.599766285984678738e-01	1.618682103640956549e-01	7.819978969220559017e-02	3.447734648260781382e-02	8.264714058503629113e-02
1.320711268327892412e+03	2.339568317443108114e-01	1.459514940427645291e-01	2.611297897759401465e-01	1.626368228732229249e-01	7.851398780556281820e-02	3.468342743753076440e-02	8.312764632049772506e-02
1.335224578968857941e+03	2.322380799896328063e-01	1.447975852005276287e-01	2.622627946160008272e-01	1.633924845345851029e-01	7.882286145147388012e-02	3.488607034335512030e-02	8.360012386425437481e-02
1.349737889609823924e+03	2.305486714570641471e-01	1.436633785636217409e-01	2.633760119916360165e-01	1.641354077167567760e-01	7.912649955343828423e-02	3.508532965026791434e-02	8.406470106704483358e-02
1.364251200250789907e+03	2.288881049334273721e-01	1.425485374721666143e-01	2.644698031843006891e-01	1.648658015958521794e-01	7.942498961051472350e-02	3.528125911129026404e-02	8.452150409227791872e-02
1.378764510891755890e+03	2.272558877797489496e-01	1.414527310335330357e-01	2.655445220800182193e-01	1.655838721911521705e-01	7.971841771826143619e-02	3.547391178036335413e-02	8.497065741675259576e-02
1.393277821532721646e+03	2.256515357839541658e-01	1.403756340226172405e-01	2.666005153588873466e-01	1.662898224004883407e-01	8.000686858924735412e-02	3.566334001145557431e-02	8.541228383317973905e-02
1.407791132173687402e+03	2.240745730161185778e-01	1.393169267839130254e-01	2.676381226782389433e-01	1.669838520354705591e-01	8.029042557318563644e-02	3.584959545857860364e-02	8.584650445432438770e-02
1.422304442814653157e+03	2.225245316862314304e-01	1.382762951353416203e-01	2.686576768496806711e-01	1.676661578566228383e-01	8.056917067673148580e-02	3.603272907661426300e-02	8.627343871860744529e-02
1.436817753455619140e+03	2.210009520044264597e-01	1.372534302738012413e-01	2.696595040102623408e-01	1.683369336084735990e-01	8.084318458297774790e-02	3.621279112286564933e-02	8.669320439702273007e-02
1.451331064096585123e+03	2.195033820436370076e-01	1.362480286823998521e-01	2.706439237879888493e-01	1.689963700546315284e-01	8.111254667067563373e-02	3.638983115925634171e-02	8.710591760124052063e-02
1.465844374737550879e+03	2.180313776046323981e-01	1.352597920393359965e-01	2.716112494619006279e-01	1.696446550128669351e-01	8.137733503320186690e-02	3.656389805511015001e-02	8.751169279278173119e-02
1.480357685378516862e+03	2.165845020833936929e-01	1.342884271283942832e-01	2.725617881169339896e-01	1.702819733902087018e-01	8.163762649728940890e-02	3.673503999045150265e-02	8.791064279315814745e-02
1.494870996019482618e+03	2.151623263407876074e-01	1.333336457510224393e-01	2.734958407937682634e-01	1.709085072180590026e-01	8.189349664153527941e-02	3.690330445977285656e-02	8.830287879488429859e-02
1.509384306660448374e+03	2.137644285744979833e-01	1.323951646399590121e-01	2.744137026338572816e-01	1.715244356873228682e-01	8.214501981469578273e-02	3.706873827622150785e-02	8.868851037327528386e-02
1.523897617301414357e+03	2.123903941931749584e-01	1.314727053743809104e-01	2.753156630198367316e-01	1.721299351835445524e-01	8.239226915377700911e-02	3.723138757616280270e-02	8.906764549895281047e-02
1.538410927942380113e+03	2.110398156927627000e-01	1.305659942965415043e-01	2.762020057114903948e-01	1.727251793220390130e-01	8.263531660192698081e-02	3.739129782408116831e-02	8.944039055098805535e-02
1.552924238583346096e+03	2.097122925349671485e-01	1.296747624298706381e-01	2.770730089774522953e-01	1.733103389830053798e-01	8.287423292613346759e-02	3.754851381778413766e-02	8.980685033061680533e-02
1.567437549224311852e+03	2.084074310278264119e-01	1.287987453985084685e-01	2.779289457228132920e-01	1.738855823466053663e-01	8.310908773473110744e-02	3.770307969387779595e-02	9.016712807546743702e-02
1.581950859865277607e+03	2.071248442083458152e-01	1.279376833482467057e-01	2.787700836127947612e-01	1.744510749279911122e-01	8.333994949471967839e-02	3.785503893348504678e-02	9.052132547424683595e-02
1.596464170506243590e+03	2.058641517271621313e-01	1.270913208688498330e-01	2.795966851926441343e-01	1.750069796122633581e-01	8.356688554889524223e-02	3.800443436818060072e-02	9.086954268183458638e-02
1.610977481147209119e+03	2.046249797352006905e-01	1.262594069177318257e-01	2.804090080039016164e-01	1.755534566893428017e-01	8.378996213279499283e-02	3.815130818611896235e-02	9.121187833473898277e-02
1.625490791788175102e+03	2.034069607722902850e-01	1.254416947449621955e-01	2.812073046971794166e-01	1.760906638887358711e-01	8.400924439145615596e-02	3.829570193833361363e-02	9.154842956687238298e-02
1.640004102429141085e+03	2.022097336577012572e-01	1.246379418195776856e-01	2.819918231415908250e-01	1.766187564141770694e-01	8.422479639598903778e-02	3.843765654518759012e-02	9.187929202560655984e-02
1.654517413070107068e+03	2.010329433825733259e-01	1.238479097571753285e-01	2.827628065309576999e-01	1.771378869781305432e-01	8.443668115996427748e-02	3.857721230295703407e-02	9.220455988807182979e-02
1.669030723711072824e+03	1.998762410041993454e-01	1.230713642487634013e-01	2.835204934869227644e-01	1.776482058361334437e-01	8.464496065561384619e-02	3.871440889053111289e-02	9.252432587766619421e-02
1.683544034352038352e+03	1.987392835421328274e-01	1.223080749908477677e-01	2.842651181590831189e-01	1.781498608209648171e-01	8.484969582984555614e-02	3.884928537621262779e-02	9.283868128074342085e-02
1.698057344993004335e+03	1.976217338760867248e-01	1.215578156167310686e-01	2.849969103222609323e-01	1.786429973766241741e-01	8.505094662007070538e-02	3.898188022460528923e-02	9.314771596345131077e-02
1.712570655633970318e+03	1.965232606455921960e-01	1.208203636290026833e-01	2.857160954710183942e-01	1.791277585921050297e-01	8.524877196984431693e-02	3.911223130357431577e-02	9.345151838869333871e-02
1.727083966274936301e+03	1.954435381513867920e-01	1.200955003331984350e-01	2.864228949115211753e-01	1.796042852349488406e-01	8.544322984431788892e-02	3.924037589126834480e-02	9.375017563318877034e-02
1.741597276915902057e+03	1.943822462585010069e-01	1.193830107726088219e-01	2.871175258508495975e-01	1.800727157845667392e-01	8.563437724550421182e-02	3.936635068319135899e-02	9.404377340460852441e-02
1.756110587556867813e+03	1.933390703010140488e-01	1.186826836642151800e-01	2.878002014838520473e-01	1.805331864653156870e-01	8.582227022735400279e-02	3.949019179931426149e-02	9.433239605876511669e-02
1.770623898197833569e+03	1.923137009884494097e-01	1.179943113357338341e-01	2.884711310776307824e-01	1.809858312793182211e-01	8.600696391064441282e-02	3.961193479121651040e-02	9.461612661683717340e-02
1.785137208838799552e+03	1.913058343137812867e-01	1.173176896637483368e-01	2.891305200537477860e-01	1.814307820390147485e-01	8.618851249767917055e-02	3.973161464924890307e-02	9.489504678261005688e-02
1.799650519479765535e+03	1.903151714630240965e-01	1.166526180129105333e-01	2.897785700682319332e-01	1.818681683994381737e-01	8.636696928680076546e-02	3.984926580970931526e-02	9.516923695971543640e-02
1.814163830120731291e+03	1.893414187263769421e-01	1.159988991761915361e-01	2.904154790894673543e-01	1.822981178902019495e-01	8.654238668671440649e-02	3.996492216202371384e-02	9.543877626885433063e-02
1.828677140761696819e+03	1.883842874108963839e-01	1.153563393161638195e-01	2.910414414740379874e-01	1.827207559471933640e-01	8.671481623062458899e-02	4.007861705592544177e-02	9.570374256498867527e-02
1.843190451402663257e+03	1.874434937546704816e-01	1.147247479072965037e-01	2.916566480406010409e-01	1.831362059439636814e-01	8.688430859018420049e-02	4.019038330862623187e-02	9.596421245448819026e-02
1.857703762043628785e+03	1.865187588424680187e-01	1.141039376792455928e-01	2.922612861418578678e-01	1.835445892228090847e-01	8.705091358925709510e-02	4.030025321197293342e-02	9.622026131221975143e-02
1.872217072684594768e+03	1.856098085228373162e-01	1.134937245611219864e-01	2.928555397346889189e-01	1.839460251255355117e-01	8.721468021749442801e-02	4.040825853958432412e-02	9.647196329856788655e-02
1.886730383325560297e+03	1.847163733266289631e-01	1.128939276267197228e-01	2.934395894485152256e-01	1.843406310239021351e-01	8.737565664372569374e-02	4.051443055396292126e-02	9.671939137637572403e-02
1.901243693966526507e+03	1.838381883869184275e-01	1.123043690406877598e-01	2.940136126519471427e-01	1.847285223497384665e-01	8.753389022916524542e-02	4.061880001357695558e-02	9.696261732779633269e-02
1.915757004607492036e+03	1.829749933603035950e-01	1.117248740056287215e-01	2.945777835177786352e-01	1.851098126247304465e-01	8.768942754043515531e-02	4.072139717990818503e-02	9.720171177104562632e-02
1.930270315248458019e+03	1.821265323495533384e-01	1.111552707101082366e-01	2.951322730863815136e-01	1.854846134898720522e-01	8.784231436240547142e-02	4.082225182446148903e-02	9.743674417704832613e-02
1.944783625889424002e+03	1.812925538275841075e-01	1.105953902775589637e-01	2.956772493275533487e-01	1.858530347345791478e-01	8.799259571085293885e-02	4.092139323573246862e-02	9.766778288596938973e-02
1.959296936530389530e+03	1.804728105627410317e-01	1.100450667160638024e-01	2.962128772008699173e-01	1.862151843254625794e-01	8.814031584493936533e-02	4.101885022612976328e-02	9.789489512362389845e-02
1.973810247171355968e+03	1.796670595453610797e-01	1.095041368690025246e-01	2.967393187145898614e-01	1.865711684347581556e-01	8.828551827951094944e-02	4.111465113884877481e-02	9.811814701775894987e-02
1.988323557812321269e+03	1.788750619155961563e-01	1.089724403665471714e-01	2.972567329831594107e-01	1.869210914684120706e-01	8.842824579721966782e-02	4.120882385469412656e-02	9.833760361420174068e-02
2.002836868453287707e+03	1.780965828924739314e-01	1.084498195779911578e-01	2.977652762833604694e-01	1.872650560938199649e-01	8.856854046046835904e-02	4.130139579884807566e-02	9.855332889286846920e-02
2.017350179094252780e+03	1.773313917041753618e-01	1.079361195648975286e-01	2.982651021091461963e-01	1.876031632672187921e-01	8.870644362318075293e-02	4.139239394758256751e-02	9.876538578362920040e-02
2.031863489735218764e+03	1.765792615195077853e-01	1.074311880350522219e-01	2.987563612252042144e-01	1.879355122607308526e-01	8.884199594239799991e-02	4.148184483491280244e-02	9.897383618202454381e-02
2.046376800376184747e+03	1.758399693805524633e-01	1.069348752972082567e-01	2.992392017192866405e-01	1.882622006890594668e-01	8.897523738970325446e-02	4.156977455919028119e-02	9.917874096482995339e-02
2.060890111017150957e+03	1.751132961364670060e-01	1.064470342166070060e-01	2.997137690533459020e-01	1.885833245358365939e-01	8.910620726247592271e-02	4.165620878963358781e-02	9.938016000546430473e-02
2.075403421658116713e+03	1.743990263784218342e-01	1.059675201712631798e-01	3.001802061135110944e-01	1.888989781796224787e-01	8.923494419497701724e-02	4.174117277279529303e-02	9.957815218923946055e-02
2.089916732299082469e+03	1.736969483756518329e-01	1.054961910090001093e-01	3.006386532589406246e-01	1.892092544195582426e-01	8.936148616926756216e-02	4.182469133896363905e-02	9.977277542844836811e-02
2.104430042940048224e+03	1.730068540126037113e-01	1.050329070052224423e-01	3.010892483695843391e-01	1.895142445006718357e-01	8.948587052596154723e-02	4.190678890849765248e-02	9.996408667728884367e-02
2.118943353581013525e+03	1.723285387271596969e-01	1.045775308214133420e-01	3.015321268928872200e-01	1.898140381388390696e-01	8.960813397481523501e-02	4.198748949809459619e-02	1.001521419466212953e-01
2.133456664221980191e+03	1.716618014499197709e-01	1.041299274643436579e-01	3.019674218894652373e-01	1.901087235454003432e-01	8.972831260515451435e-02	4.206681672698881630e-02	1.003369963185582331e-01
2.147969974862945492e+03	1.710064445445234893e-01	1.036899642459807314e-01	3.023952640777831657e-01	1.903983874514354468e-01	8.984644189614221510e-02	4.214479382308108923e-02	1.005187039608843869e-01
2.162483285503912157e+03	1.703622737489939587e-01	1.032575107440847351e-01	3.028157818778635102e-01	1.906831151316976669e-01	8.996255672688702187e-02	4.222144362899774711e-02	1.006973181413058499e-01
2.176996596144877003e+03	1.697290981180859804e-01	1.028324387634805964e-01	3.032291014540526852e-01	1.909629904282090229e-01	9.007669138639587403e-02	4.229678860807904034e-02	1.008728912415273182e-01
2.191509906785843214e+03	1.691067299666212387e-01	1.024146222979938625e-01	3.036353467568717046e-01	1.912380957735194120e-01	9.018887958337175326e-02	4.237085085029610593e-02	1.010454747711565515e-01
2.206023217426809424e+03	1.684949848137936024e-01	1.020039374930389320e-01	3.040346395639764165e-01	1.915085122136312989e-01	9.029915445585852407e-02	4.244365207809626395e-02	1.012151193814356531e-01
2.220536528067775180e+03	1.678936813284275797e-01	1.016002626088484684e-01	3.044270995202525421e-01	1.917743194305924770e-01	9.040754858073490885e-02	4.251521365217621196e-02	1.013818748787985446e-01
2.235049838708740936e+03	1.673026412751737468e-01	1.012034779843329901e-01	3.048128441770675545e-01	1.920355957647598699e-01	9.051409398305926279e-02	4.258555657718297166e-02	1.015457902382543992e-01
2.249563149349706237e+03	1.667216894616250222e-01	1.008134660015594652e-01	3.051919890307032146e-01	1.922924182367364843e-01	9.061882214526714718e-02	4.265470150734240740e-02	1.017069136165971860e-01
2.264076459990672902e+03	1.661506536863376071e-01	1.004301110508384887e-01	3.055646475599902989e-01	1.925448625689844817e-01	9.072176401622350506e-02	4.272266875201527481e-02	1.018652923654412706e-01
2.278589770631638203e+03	1.655893646877416858e-01	1.000532994964095090e-01	3.059309312631668387e-01	1.927930032071175082e-01	9.082295002013127116e-02	4.278947828118070951e-02	1.020209730440833490e-01
2.293103081272604413e+03	1.650376560939257331e-01	9.968291964271362715e-02	3.062909496939795750e-01	1.930369133408748605e-01	9.092241006529852565e-02	4.285514973084734308e-02	1.021740014321912277e-01
2.307616391913570169e+03	1.644953643732803283e-01	9.931886170124394619e-02	3.066448104970485589e-01	1.932766649247807389e-01	9.102017355276559307e-02	4.291970240839207418e-02	1.023244225423197429e-01
2.322129702554535925e+03	1.639623287859857115e-01	9.896101775796362077e-02	3.069926194425141586e-01	1.935123286984915814e-01	9.111626938479452931e-02	4.298315529782670286e-02	1.024722806322547336e-01
2.336643013195502135e+03	1.634383913363296470e-01	9.860928174128158474e-02	3.073344804599841273e-01	1.937439742068348403e-01	9.121072597322241182e-02	4.304552706499273351e-02	1.026176192171856516e-01
2.351156323836467891e+03	1.629233967258404137e-01	9.826354939057653504e-02	3.076704956717989936e-01	1.939716698195423361e-01	9.130357124768051502e-02	4.310683606268444351e-02	1.027604810817077108e-01
2.365669634477433647e+03	1.624171923072215418e-01	9.792371822525959557e-02	3.080007654256321503e-01	1.941954827506814085e-01	9.139483266368111924e-02	4.316710033570078653e-02	1.029009082916544221e-01
2.380182945118399402e+03	1.619196280390740594e-01	9.758968751436658540e-02	3.083253883264411854e-01	1.944154790777872233e-01	9.148453721057384080e-02	4.322633762582629019e-02	1.030389422057618187e-01
2.394696255759364703e+03	1.614305564413931748e-01	9.726135824667059282e-02	3.086444612677873289e-01	1.946317237606998707e-01	9.157271141937335657e-02	4.328456537674148924e-02	1.031746234871651902e-01
2.409209566400331823e+03	1.609498325518257389e-01	9.693863310130586275e-02	3.089580794625370053e-01	1.948442806601092536e-01	9.165938137046018841e-02	4.334180073886323425e-02	1.033079921147297131e-01
2.423722877041296670e+03	1.604773138826756373e-01	9.662141641889444854e-02	3.092663364729613673e-01	1.950532125558114838e-01	9.174457270115657370e-02	4.339806057411545182e-02	1.034390873942161171e-01
2.438236187682262880e+03	1.600128603786442893e-01	9.630961417316676043e-02	3.095693242402473566e-01	1.952585811646800340e-01	9.182831061317908716e-02	4.345336146063078636e-02	1.035679479692827726e-01
2.452749498323228636e+03	1.595563343752934848e-01	9.600313394306765613e-02	3.098671331134355555e-01	1.954604471583555048e-01	9.191061987996967941e-02	4.350771969738367190e-02	1.036946118323255478e-01
2.467262808964194392e+03	1.591076005582182096e-01	9.570188488533953874e-02	3.101598518777968216e-01	1.956588701806569464e-01	9.199152485390724165e-02	4.356115130875538866e-02	1.038191163351569052e-01
2.481776119605160602e+03	1.586665259229175784e-01	9.540577770757455167e-02	3.104475677826617486e-01	1.958539088647187065e-01	9.207104947340113976e-02	4.361367204903174311e-02	1.039414981995256254e-01
2.496289430246126358e+03	1.582329797353512757e-01	9.511472464172751606e-02	3.107303665687150551e-01	1.960456208498560782e-01	9.214921726986860517e-02	4.366529740683383620e-02	1.040617935274787409e-01
2.510802740887092114e+03	1.578068334931706507e-01	9.482863941808197805e-02	3.110083324947677252e-01	1.962340627981632446e-01	9.222605137459762015e-02	4.371604260948272480e-02	1.041800378115671638e-01
2.525316051528057415e+03	1.573879608876118386e-01	9.454743723966128888e-02	3.112815483640185010e-01	1.964192904108471860e-01	9.230157452549714314e-02	4.376592262729837868e-02	1.042962659448967849e-01
2.539829362169024080e+03	1.569762377660405828e-01	9.427103475707736269e-02	3.115500955498159419e-01	1.966013584443007944e-01	9.237580907373624250e-02	4.381495217783384216e-02	1.044105122310263201e-01
2.554342672809989381e+03	1.565715420951369619e-01	9.399935004380945147e-02	3.118140540209328182e-01	1.967803207259191667e-01	9.244877699027381768e-02	4.386314573004505141e-02	1.045228103937138331e-01
2.568855983450955591e+03	1.561737539247090301e-01	9.373230257190548476e-02	3.120735023663634977e-01	1.969562301696617113e-01	9.252049987228075367e-02	4.391051750839710527e-02	1.046331935865135593e-01
2.583369294091921347e+03	1.557827553521251851e-01	9.346981318809888251e-02	3.123285178196545386e-01	1.971291387913646498e-01	9.259099894945577169e-02	4.395708149690761429e-02	1.047416944022245000e-01
2.597882604732887103e+03	1.553984304873538835e-01	9.321180409033370806e-02	3.125791762827793696e-01	1.972990977238063548e-01	9.266029509023709920e-02	4.400285144312785640e-02	1.048483448821928010e-01
2.612395915373853313e+03	1.550206654186010169e-01	9.295819880469101404e-02	3.128255523495663271e-01	1.974661572315297153e-01	9.272840880791108353e-02	4.404784086206247479e-02	1.049531765254694549e-01
2.626909226014819069e+03	1.546493481785340962e-01	9.270892216270958108e-02	3.130677193286900972e-01	1.976303667254243890e-01	9.279536026661966419e-02	4.409206304002831478e-02	1.050562202978249510e-01
2.641422536655784825e+03	1.542843687110837803e-01	9.246390027909434650e-02	3.133057492662360000e-01	1.977917747770727985e-01	9.286116928726814712e-02	4.413553103845326009e-02	1.051575066406228304e-01
2.655935847296750580e+03	1.539256188388123392e-01	9.222306052980583368e-02	3.135397129678457739e-01	1.979504291328629262e-01	9.292585535333483526e-02	4.417825769761564436e-02	1.052570654795538518e-01
2.670449157937716336e+03	1.535729922308397277e-01	9.198633153052393485e-02	3.137696800204545222e-01	1.981063767278714582e-01	9.298943761658406970e-02	4.422025564032511930e-02	1.053549262332323377e-01
2.684962468578682547e+03	1.532263843713175810e-01	9.175364311547988538e-02	3.139957188136266453e-01	1.982596636995206107e-01	9.305193490268420797e-02	4.426153727554557604e-02	1.054511178216566564e-01
2.699475779219648302e+03	1.528856925284415857e-01	9.152492631664989331e-02	3.142178965604996987e-01	1.984103354010116893e-01	9.311336571673198281e-02	4.430211480196090401e-02	1.055456686745354505e-01
2.713989089860614058e+03	1.525508157239934270e-01	9.130011334330431771e-02	3.144362793183438365e-01	1.985584364145390746e-01	9.317374824868472627e-02	4.434200021148432258e-02	1.056386067394814859e-01
2.728502400501579814e+03	1.522216547034028200e-01	9.107913756190627597e-02	3.146509320087456651e-01	1.987040105642876309e-01	9.323310037870202738e-02	4.438120529271197962e-02	1.057299594900748263e-01
2.743015711142545115e+03	1.518981119063210761e-01	9.086193347635375395e-02	3.148619184374231161e-01	1.988471009292165914e-01	9.329143968239808626e-02	4.441974163432162170e-02	1.058197539337969312e-01
2.757529021783511780e+03	1.515800914376970732e-01	9.064843670855939062e-02	3.150693013136798837e-01	1.989877498556336943e-01	9.334878343600636064e-02	4.445762062841697448e-02	1.059080166198378137e-01
2.772042332424477081e+03	1.512674990393475527e-01	9.043858397936180293e-02	3.152731422695061458e-01	1.991259989695619292e-01	9.340514862145771202e-02	4.449485347381859635e-02	1.059947736467775348e-01
2.786555643065443292e+03	1.509602420620126118e-01	9.023231308976333020e-02	3.154735018783329514e-01	1.992618891889028077e-01	9.346055193137360606e-02	4.453145117930202429e-02	1.060800506701439772e-01
2.801068953706408593e+03	1.506582294378888687e-01	9.002956290248811944e-02	3.156704396734472673e-01	1.993954607353988495e-01	9.351500977397569914e-02	4.456742456678372544e-02	1.061638729098488138e-01
2.815582264347374803e+03	1.503613716536313927e-01	8.983027332385534747e-02	3.158640141660746803e-01	1.995267531463981447e-01	9.356853827791303257e-02	4.460278427445579785e-02	1.062462651575029476e-01
2.830095574988341014e+03	1.500695807238169865e-01	8.963438528596209820e-02	3.160542828631358603e-01	1.996558052864244870e-01	9.362115329700836097e-02	4.463754075987000358e-02	1.063272517836135189e-01
2.844608885629306769e+03	1.497827701648604681e-01	8.944184072917057970e-02	3.162413022846836119e-01	1.997826553585560494e-01	9.367287041492464161e-02	4.467170430297187633e-02	1.064068567446640884e-01
2.859122196270272525e+03	1.495008549693765953e-01	8.925258258489450480e-02	3.164251279810268991e-01	1.999073409156149339e-01	9.372370494975335031e-02	4.470528500908565323e-02	1.064851035900794135e-01
2.873635506911238281e+03	1.492237515809794746e-01	8.906655475867951421e-02	3.166058145495478926e-01	2.000298988711713966e-01	9.377367195852556736e-02	4.473829281185066897e-02	1.065620154690768429e-01
2.888148817552204036e+03	1.489513778695128743e-01	8.888370211357259076e-02	3.167834156512180366e-01	2.001503655103649415e-01	9.382278624164719361e-02	4.477073747610996191e-02	1.066376151374057724e-01
2.902662128193170247e+03	1.486836531067029787e-01	8.870397045377552414e-02	3.169579840268188509e-01	2.002687765005456422e-01	9.387106234725961507e-02	4.480262860075176490e-02	1.067119249639769951e-01
2.917175438834136003e+03	1.484204979422273363e-01	8.852730650857762451e-02	3.171295715128735204e-01	2.003851669017381876e-01	9.391851457552691240e-02	4.483397562150459592e-02	1.067849669373832078e-01
2.931688749475101758e+03	1.481618343801920645e-01	8.835365791656279999e-02	3.172982290572948783e-01	2.004995711769314570e-01	9.396515698285090590e-02	4.486478781368654495e-02	1.068567626723127550e-01
2.946202060116067514e+03	1.479075857560110951e-01	8.818297321008636280e-02	3.174640067347546113e-01	2.006120232021967320e-01	9.401100338601514617e-02	4.489507429490958296e-02	1.069273334158578753e-01
2.960715370757033725e+03	1.476576767136799639e-01	8.801520180001706772e-02	3.176269537617800176e-01	2.007225562766367655e-01	9.405606736625901632e-02	4.492484402773946894e-02	1.069967000537191265e-01
2.975228681397999480e+03	1.474120331834378184e-01	8.785029396073953945e-02	3.177871185115825892e-01	2.008312031321687896e-01	9.410036227328322234e-02	4.495410582231183783e-02	1.070648831163076714e-01
2.989741992038964781e+03	1.471705823598107310e-01	8.768820081541300882e-02	3.179445485286241935e-01	2.009379959431437934e-01	9.414390122918758763e-02	4.498286833890535741e-02	1.071319027847467964e-01
3.004255302679930992e+03	1.469332526800299910e-01	8.752887432148173663e-02	3.180992905429255169e-01	2.010429663358050401e-01	9.418669713234248397e-02	4.501114009047235687e-02	1.071977788967743289e-01
3.018768613320896748e+03	1.466999738028188505e-01	8.737226725643282288e-02	3.182513904841218766e-01	2.011461453975880997e-01	9.422876266119473154e-02	4.503892944512779412e-02	1.072625309525473414e-01
3.033281923961862958e+03	1.464706765875415651e-01	8.721833320379727972e-02	3.184008934952703984e-01	2.012475636862649520e-01	9.427011027800941134e-02	4.506624462859697144e-02	1.073261781203509180e-01
3.047795234602828714e+03	1.462452930737083157e-01	8.706702653939020486e-02	3.185478439464148881e-01	2.013472512389350433e-01	9.431075223254825612e-02	4.509309372662281823e-02	1.073887392422120252e-01
3.062308545243794470e+03	1.460237564608301564e-01	8.691830241778585042e-02	3.186922854479108391e-01	2.014452375808650775e-01	9.435070056568592434e-02	4.511948468733331663e-02	1.074502328394204564e-01
3.076821855884760225e+03	1.458060010886178537e-01	8.677211675902370136e-02	3.188342608635166275e-01	2.015415517341807572e-01	9.438996711296518405e-02	4.514542532356963234e-02	1.075106771179578785e-01
3.091335166525725526e+03	1.455919624175188998e-01	8.662842623554144195e-02	3.189738123232547795e-01	2.016362222264123927e-01	9.442856350809183952e-02	4.517092331517558873e-02	1.075700899738366856e-01
3.105848477166692192e+03	1.453815770095867044e-01	8.648718825933127130e-02	3.191109812360472531e-01	2.017292770988967643e-01	9.446650118637059390e-02	4.519598621124911592e-02	1.076284889983500082e-01
3.120361787807657493e+03	1.451747825096764144e-01	8.634836096931530758e-02	3.192458083021292858e-01	2.018207439150377092e-01	9.450379138808270851e-02	4.522062143235625054e-02	1.076858914832341252e-01
3.134875098448624158e+03	1.449715176269619210e-01	8.621190321893666686e-02	3.193783335252457500e-01	2.019106497684279300e-01	9.454044516180645785e-02	4.524483627270824843e-02	1.077423144257448617e-01
3.149388409089589004e+03	1.447717221167683088e-01	8.607777456396240034e-02	3.195085962246342892e-01	2.019990212908336635e-01	9.457647336768139346e-02	4.526863790230243462e-02	1.077977745336493598e-01
3.163901719730555214e+03	1.445753367627144736e-01	8.594593525049472327e-02	3.196366350467986228e-01	2.020858846600452063e-01	9.461188668061723539e-02	4.529203336902733190e-02	1.078522882301342356e-01
3.178415030371521425e+03	1.443823033591606075e-01	8.581634620318685791e-02	3.197624879770764039e-01	2.021712656075949632e-01	9.464669559344848770e-02	4.531502960073265085e-02	1.079058716586318994e-01
3.192928341012487181e+03	1.441925646939553884e-01	8.568896901366017393e-02	3.198861923510048499e-01	2.022551894263453498e-01	9.468091042003540236e-02	4.533763340726468943e-02	1.079585406875660375e-01
3.207441651653452936e+03	1.440060645314776844e-01	8.556376592911904555e-02	3.200077848654886425e-01	2.023376809779487140e-01	9.471454129831258228e-02	4.535985148246771126e-02	1.080103109150175877e-01
3.221954962294418237e+03	1.438227475959677482e-01	8.544069984116012262e-02	3.201273015897724283e-01	2.024187647001814971e-01	9.474759819328568144e-02	4.538169040615182281e-02	1.080611976733126811e-01
3.236468272935384903e+03	1.436425595551431011e-01	8.531973427477264338e-02	3.202447779762231383e-01	2.024984646141543831e-01	9.478009089997736780e-02	4.540315664602787710e-02	1.081112160335335193e-01
3.250981583576350204e+03	1.434654470040938601e-01	8.520083337752652752e-02	3.203602488709238472e-01	2.025768043314008782e-01	9.481202904632334005e-02	4.542425655960999342e-02	1.081603808099536601e-01
3.265494894217316414e+03	1.432913574494534270e-01	8.508396190894511324e-02	3.204737485240837236e-01	2.026538070608458197e-01	9.484342209601907825e-02	4.544499639608613750e-02	1.082087065643988488e-01
3.280008204858282170e+03	1.431202392938389079e-01	8.496908523005930469e-02	3.205853106002672925e-01	2.027294956156565076e-01	9.487427935131836909e-02	4.546538229815733079e-02	1.082562076105345189e-01
3.294521515499247926e+03	1.429520418205574850e-01	8.485616929314007684e-02	3.206949681884456171e-01	2.028038924199775384e-01	9.490460995578425818e-02	4.548542030384601642e-02	1.083028980180812673e-01
3.309034826140214136e+03	1.427867151785737476e-01	8.474518063160622894e-02	3.208027538118731758e-01	2.028770195155522593e-01	9.493442289699330350e-02	4.550511634827393570e-02	1.083487916169595944e-01
