4.208860085880095880e+02	4.263503805791385437e-01	2.749453685117438373e-01	1.305215885519129260e-01	7.826514202649433039e-02	4.239681643532996341e-02	1.476973186117525212e-02	3.275097203403284224e-02
4.353993192289755143e+02	4.214400634922237932e-01	2.715482051119147977e-01	1.340501458827403347e-01	8.032567308144145102e-02	4.364054751388855846e-02	1.483391198449779402e-02	3.416145293312088105e-02
4.499126298699413837e+02	4.166142492542749820e-01	2.682123475686646885e-01	1.375186794473659269e-01	8.244606647532060073e-02	4.471806647549830815e-02	1.506083845492326226e-02	3.542975232377983813e-02
4.644259405109071963e+02	4.118709137298388057e-01	2.649354353297798115e-01	1.409282165148687538e-01	8.457665535340722074e-02	4.569504638800454821e-02	1.538101189359703663e-02	3.661272079033148219e-02
4.789392511518730657e+02	4.072083220626945277e-01	2.617157125916712568e-01	1.442797626019097224e-01	8.669070911171403160e-02	4.660829153872750319e-02	1.575404316762984286e-02	3.774315892548076729e-02
4.934525617928388783e+02	4.026249114394155892e-01	2.585517693188698618e-01	1.475743036983472867e-01	8.877420890402595854e-02	4.747854067201895401e-02	1.615640932182867140e-02	3.883985664532139948e-02
5.079658724338048046e+02	3.981192256363868531e-01	2.554423969110391490e-01	1.508128076388897676e-01	9.082016317446606202e-02	4.831758028719724402e-02	1.657436410071522204e-02	3.991346225113336088e-02
5.224791830747705035e+02	3.936898783517026046e-01	2.523865075949531800e-01	1.539962249968034047e-01	9.282544675649564980e-02	4.913219986187204041e-02	1.699983325454719821e-02	4.096990918345354976e-02
5.369924937157364866e+02	3.893355325525785227e-01	2.493830892680225508e-01	1.571254897087909774e-01	9.478904355498636580e-02	4.992639302009367619e-02	1.742803789576319665e-02	4.201241399959233097e-02
5.515058043567023560e+02	3.850548887432886369e-01	2.464311800839696087e-01	1.602015195474556231e-01	9.671107032435322104e-02	5.070258375272780615e-02	1.785611817025877651e-02	4.304263937777397242e-02
5.660191149976681118e+02	3.808466782084866109e-01	2.435298540455534122e-01	1.632252165062405835e-01	9.859223532779960719e-02	5.146231032392839522e-02	1.828233591651625203e-02	4.406136967130280108e-02
5.805324256386339812e+02	3.767096590364752418e-01	2.406782127433957363e-01	1.661974671330736231e-01	1.004335391897442642e-01	5.220660727251105748e-02	1.870561242613390934e-02	4.506890219849381263e-02
5.950457362795999643e+02	3.726426136996260907e-01	2.378753805335497851e-01	1.691191428329892055e-01	1.022361106298426553e-01	5.293621919709201595e-02	1.912526015368967713e-02	4.606527295303825681e-02
6.095590469205657200e+02	3.686443475102257894e-01	2.351205016444937179e-01	1.719911001511106596e-01	1.040011172784163496e-01	5.365172072360059607e-02	1.954082669364077401e-02	4.705038599833973045e-02
6.240723575615315895e+02	3.647136875712588822e-01	2.324127383712098482e-01	1.748141810424145015e-01	1.057297182316661033e-01	5.435358409052090667e-02	1.995200376111178411e-02	4.802408693164553904e-02
6.385856682024975726e+02	3.608494820094705902e-01	2.297512698856303826e-01	1.775892131319290190e-01	1.074230397498815992e-01	5.504221744750378842e-02	2.035857383088828659e-02	4.898620394452392335e-02
6.530989788434633283e+02	3.570505993716484028e-01	2.271352913999637180e-01	1.803170099674699933e-01	1.090821637244981102e-01	5.571798675175507198e-02	2.076037861298064141e-02	4.993657017151160310e-02
6.676122894844290840e+02	3.533159281173019473e-01	2.245640135350829292e-01	1.829983712661474027e-01	1.107081231282740219e-01	5.638122845682679019e-02	2.115730020998451283e-02	5.087503528621000609e-02
6.821256001253949535e+02	3.496443761701066300e-01	2.220366618107862400e-01	1.856340831553886239e-01	1.123019012247962189e-01	5.703225701555415805e-02	2.154924965796945618e-02	5.180147096522623451e-02
6.966389107663608229e+02	3.460348705068094777e-01	2.195524762108937433e-01	1.882249184089481442e-01	1.138644327446301507e-01	5.767136944808784471e-02	2.193615978330232946e-02	5.271577289715587838e-02
7.111522214073266923e+02	3.424863567714401813e-01	2.171107107963985428e-01	1.907716366782160056e-01	1.153966060350710005e-01	5.829884823683707806e-02	2.231798059804804973e-02	5.361786088381666898e-02
7.256655320482924481e+02	3.389977989078097331e-01	2.147106333512615317e-01	1.932749847190482761e-01	1.168992656372265238e-01	5.891496325711501059e-02	2.269467620290432225e-02	5.450767792446210153e-02
7.401788426892584312e+02	3.355681788061671833e-01	2.123515250518376585e-01	1.957356966142892452e-01	1.183732149936347622e-01	5.951997314276549766e-02	2.306622259838311817e-02	5.538518879275007578e-02
7.546921533302243006e+02	3.321964959615205104e-01	2.100326801545375488e-01	1.981544939921241477e-01	1.198192191287120040e-01	6.011412631262062073e-02	2.343260605480751435e-02	5.625037839550515312e-02
7.692054639711900563e+02	3.288817671420562472e-01	2.077534056983829924e-01	2.005320862403816018e-01	1.212380072216459326e-01	6.069766178632018949e-02	2.379382183636331166e-02	5.710325007467728642e-02
7.837187746121558121e+02	3.256230260666236331e-01	2.055130212202912199e-01	2.028691707168922553e-01	1.226302750340938080e-01	6.127080986331569223e-02	2.414987315829046285e-02	5.794382394032035477e-02
7.982320852531219089e+02	3.224193230905612051e-01	2.033108584816083475e-01	2.051664329560018707e-01	1.239966871784464880e-01	6.183379270804892358e-02	2.450077030496838892e-02	5.877213528019219202e-02
8.127453958940876646e+02	3.192697248993235926e-01	2.011462612048142973e-01	2.074245468713300788e-01	1.253378792250075813e-01	6.238682486685872414e-02	2.484652986496963673e-02	5.958823306752356053e-02
8.272587065350534203e+02	3.161733142094820814e-01	1.990185848195700213e-01	2.096441749548618727e-01	1.266544596529977917e-01	6.293011373225612659e-02	2.518717405570115864e-02	6.039217857495836339e-02
8.417720171760191761e+02	3.131291894767416206e-01	1.969271962174319324e-01	2.118259684724542735e-01	1.279470116535070534e-01	6.346385996452971745e-02	2.552273011997750057e-02	6.118404409518530401e-02
8.562853278169851592e+02	3.101364646106634648e-01	1.948714735146617749e-01	2.139705676558375791e-01	1.292160947938860438e-01	6.398825787735137882e-02	2.585322978264103372e-02	6.196391176478610596e-02
8.707986384579510286e+02	3.071942686958185620e-01	1.928508058226336974e-01	2.160786018911869666e-01	1.304622465534353848e-01	6.450349579211123174e-02	2.617870875881803117e-02	6.273187248582348663e-02
8.853119490989170117e+02	3.043017457191201647e-01	1.908645930253928258e-01	2.181506899043381964e-01	1.316859837400856659e-01	6.500975636453705520e-02	2.649920630753414830e-02	6.348802493881930409e-02
8.998252597398827675e+02	3.014580543031048498e-01	1.889122455639634379e-01	2.201874399427175555e-01	1.328878037973281467e-01	6.550721688641766849e-02	2.681476482576362549e-02	6.423247468053210063e-02
9.143385703808486369e+02	2.986623674449474519e-01	1.869931842270393663e-01	2.221894499540549850e-01	1.340681860100980394e-01	6.599604956476771978e-02	2.712542947887488370e-02	6.496533332004490735e-02
9.288518810218145063e+02	2.959138722610107353e-01	1.851068399477188986e-01	2.241573077619461174e-01	1.352275926177114174e-01	6.647642178043790262e-02	2.743124786404694399e-02	6.568671776695536590e-02
9.433651916627801484e+02	2.932117697367409015e-01	1.832526536059736477e-01	2.260915912383272830e-01	1.363664698413537546e-01	6.694849632792966576e-02	2.773226970367556610e-02	6.639674954582651389e-02
9.578785023037459041e+02	2.905552744817349597e-01	1.814300758365635646e-01	2.279928684729254917e-01	1.374852488330369771e-01	6.741243163798332771e-02	2.802854656612770862e-02	6.709555417145530998e-02
9.723918129447120009e+02	2.879436144898119831e-01	1.796385668421316972e-01	2.298616979397437865e-01	1.385843465523918516e-01	6.786838198435410363e-02	2.832013161147570873e-02	6.778326057991820863e-02
9.869051235856777566e+02	2.853760309039340970e-01	1.778775962112313647e-01	2.316986286606398937e-01	1.396641665771492791e-01	6.831649767605965651e-02	2.860707936007011315e-02	6.846000061074286602e-02
1.001418434226643626e+03	2.828517777858282622e-01	1.761466427410562918e-01	2.335042003660554311e-01	1.407250998526880514e-01	6.875692523626880659e-02	2.888944548200563997e-02	6.912590853592479045e-02
1.015931744867609382e+03	2.803701218901690217e-01	1.744451942646600140e-01	2.352789436529503786e-01	1.417675253855862350e-01	6.918980756890052985e-02	2.916728660570683945e-02	6.978112063185416825e-02
1.030445055508575479e+03	2.779303424431914249e-01	1.727727474824657661e-01	2.370233801399966589e-01	1.427918108857093860e-01	6.961528411391161575e-02	2.944066014401321846e-02	7.042577479053910294e-02
1.044958366149541234e+03	2.755317309256066216e-01	1.711288077978816435e-01	2.387380226200828126e-01	1.437983133609950503e-01	7.003349099216989171e-02	2.970962413628181614e-02	7.106001016680930926e-02
1.059471676790506763e+03	2.731735908597025531e-01	1.695128891568481733e-01	2.404233752101810617e-01	1.447873796687519365e-01	7.044456114073514852e-02	2.997423710515040307e-02	7.168396685845787597e-02
1.073984987431472746e+03	2.708552376005157192e-01	1.679245138911569790e-01	2.420799334986255824e-01	1.457593470269772651e-01	7.084862443930226017e-02	3.023455792671843334e-02	7.229778561653092683e-02
1.088498298072438729e+03	2.685759981309663869e-01	1.663632125653900506e-01	2.437081846898508097e-01	1.467145434889077227e-01	7.124580782849865290e-02	3.049064571300709459e-02	7.290160758320647638e-02
1.103011608713404712e+03	2.663352108608542101e-01	1.648285238273382303e-01	2.453086077466366810e-01	1.476532883837549381e-01	7.163623542067178163e-02	3.074255970565469703e-02	7.349557405491663475e-02
1.117524919354370468e+03	2.641322254296166738e-01	1.633199942617673261e-01	2.468816735299068366e-01	1.485758927263330642e-01	7.202002860374993876e-02	3.099035917989113875e-02	7.407982626856221553e-02
1.132038229995336451e+03	2.619664025127558249e-01	1.618371782474078702e-01	2.484278449361244367e-01	1.494826595980643380e-01	7.239730613871203646e-02	3.123410335791459991e-02	7.465450520884812924e-02
1.146551540636302207e+03	2.598371136318443075e-01	1.603796378170527226e-01	2.499475770323295321e-01	1.503738845016432957e-01	7.276818425115841316e-02	3.147385133086696291e-02	7.521975143493200844e-02
1.161064851277267962e+03	2.577437409680249925e-01	1.589469425206530007e-01	2.514413171888609244e-01	1.512498556914529946e-01	7.313277671743448338e-02	3.170966198867145730e-02	7.577570492472934793e-02
1.175578161918233945e+03	2.556856771789212668e-01	1.575386692913104125e-01	2.529095052098042085e-01	1.521108544816553998e-01	7.349119494572198263e-02	3.194159395705738202e-02	7.632250493535654157e-02
1.190091472559199701e+03	2.536623252188791589e-01	1.561544023140692128e-01	2.543525734612068767e-01	1.529571555337194688e-01	7.384354805247929365e-02	3.216970554115324010e-02	7.686028987831994286e-02
1.204604783200165684e+03	2.516730981624660246e-01	1.547937328974167970e-01	2.557709469971005123e-01	1.537890271250063612e-01	7.418994293458104627e-02	3.239405467508112146e-02	7.738919720817545589e-02
1.219118093841131440e+03	2.497174190311520492e-01	1.534562593474071146e-01	2.571650436833691766e-01	1.546067313998982506e-01	7.453048433747865020e-02	3.261469887703273562e-02	7.790936332348934179e-02
1.233631404482097196e+03	2.477947206231049526e-01	1.521415868443262709e-01	2.585352743195027392e-01	1.554105246048356204e-01	7.486527491967767678e-02	3.283169520935069752e-02	7.842092347902930582e-02
1.248144715123063179e+03	2.459044453460294821e-01	1.508493273218229069e-01	2.598820427582723136e-01	1.562006573085159833e-01	7.519441531380383070e-02	3.304510024317878353e-02	7.892401170820395606e-02
1.262658025764028707e+03	2.440460450529871872e-01	1.495790993484316656e-01	2.612057460233637718e-01	1.569773746084049404e-01	7.551800418450745067e-02	3.325497002728109580e-02	7.941876075485115871e-02
1.277171336404994690e+03	2.422189808811325007e-01	1.483305280114202984e-01	2.625067744250070834e-01	1.577409163246159818e-01	7.583613828343604979e-02	3.346136006066381674e-02	7.990530201355150464e-02
1.291684647045960673e+03	2.404227230933052017e-01	1.471032448028953554e-01	2.637855116736351757e-01	1.584915171821297541e-01	7.614891250148642099e-02	3.366432526866383612e-02	8.038376547771144964e-02
1.306197957686926657e+03	2.386567509224193084e-01	1.458968875081045891e-01	2.650423349916075089e-01	1.592294069822438041e-01	7.645641991853041608e-02	3.386391998219669131e-02	8.085427969472487597e-02
1.320711268327892412e+03	2.369205524185920564e-01	1.447111000958765381e-01	2.662776152230321158e-01	1.599548107640718919e-01	7.675875185079303331e-02	3.406019791988210144e-02	8.131697172757940129e-02
1.335224578968857941e+03	2.352136242989572024e-01	1.435455326111418073e-01	2.674917169417194707e-01	1.606679489568448305e-01	7.705599789604744565e-02	3.425321217278905900e-02	8.177196712232731590e-02
1.349737889609823924e+03	2.335354718001092789e-01	1.423998410694816974e-01	2.686849985573002697e-01	1.613690375237040453e-01	7.734824597677809888e-02	3.444301519156413999e-02	8.221938988088958733e-02
1.364251200250789907e+03	2.318856085331267025e-01	1.412736873536535043e-01	2.698578124195395445e-01	1.620582880976227935e-01	7.763558238145121249e-02	3.462965877572665718e-02	8.265936243870664057e-02
1.378764510891755890e+03	2.302635563411231101e-01	1.401667391120432204e-01	2.710105049208783590e-01	1.627359081100388793e-01	7.791809180402096968e-02	3.481319406493238455e-02	8.309200564679011802e-02
1.393277821532721646e+03	2.286688451592779059e-01	1.390786696589990656e-01	2.721434165972331787e-01	1.634021009127349933e-01	7.819585738178938539e-02	3.499367153202451175e-02	8.351743875776797277e-02
1.407791132173687402e+03	2.271010128772983361e-01	1.380091578770008542e-01	2.732568822270838860e-01	1.640570658934601134e-01	7.846896073172868191e-02	3.517114097770567688e-02	8.393577941554943023e-02
1.422304442814653157e+03	2.255596052042664335e-01	1.369578881206220400e-01	2.743512309288796414e-01	1.647009985857451064e-01	7.873748198536650866e-02	3.534565152667903942e-02	8.434714364826823019e-02
1.436817753455619140e+03	2.240441755358258402e-01	1.359245501222434149e-01	2.754267862567912339e-01	1.653340907733295839e-01	7.900149982232623769e-02	3.551725162511930323e-02	8.475164586419142720e-02
1.451331064096585123e+03	2.225542848236641835e-01	1.349088388994784116e-01	2.764838662948390646e-01	1.659565305895837617e-01	7.926109150260760017e-02	3.568598903934636773e-02	8.514939885030767264e-02
1.465844374737550879e+03	2.210895014472483155e-01	1.339104546642722049e-01	2.775227837494241845e-01	1.665685026122776802e-01	7.951633289768633706e-02	3.585191085558503410e-02	8.554051377333325712e-02
1.480357685378516862e+03	2.196494010877703129e-01	1.329291027336372832e-01	2.785438460402904215e-01	1.671701879540225533e-01	7.976729852050522263e-02	3.601506348070439290e-02	8.592510018289672979e-02
1.494870996019482618e+03	2.182335666042638234e-01	1.319644934419904048e-01	2.795473553899435193e-01	1.677617643486832011e-01	8.001406155442347679e-02	3.617549264383931179e-02	8.630326601668314446e-02
1.509384306660448374e+03	2.168415879118498757e-01	1.310163420550566060e-01	2.805336089115547660e-01	1.683434062340363746e-01	8.025669388118640557e-02	3.633324339880504572e-02	8.667511760733770387e-02
1.523897617301414357e+03	2.154730618620746829e-01	1.300843686853070391e-01	2.815028986953747592e-01	1.689152848309282140e-01	8.049526610797223813e-02	3.648836012722340982e-02	8.704075969094637877e-02
1.538410927942380113e+03	2.141275921252999981e-01	1.291682982088986908e-01	2.824555118936823983e-01	1.694775682191642374e-01	8.072984759356913176e-02	3.664088654228625508e-02	8.740029541692599657e-02
1.552924238583346096e+03	2.128047890751098570e-01	1.282678601840852028e-01	2.833917308042947503e-01	1.700304214103464662e-01	8.096050647373104203e-02	3.679086569308812060e-02	8.775382635917138019e-02
1.567437549224311852e+03	2.115042696746966266e-01	1.273827887710686502e-01	2.843118329526618249e-01	1.705740064178560000e-01	8.118730968575751938e-02	3.693833996946599418e-02	8.810145252832023155e-02
1.581950859865277607e+03	2.102256573651914706e-01	1.265128226532633016e-01	2.852160911725711290e-01	1.711084823241634245e-01	8.141032299233962044e-02	3.708335110728953193e-02	8.844327238500840349e-02
1.596464170506243590e+03	2.089685819559038982e-01	1.256577049599431062e-01	2.861047736854849810e-01	1.716340053456353598e-01	8.162961100471008424e-02	3.722594019414991739e-02	8.877938285399952778e-02
1.610977481147209119e+03	2.077326795164367301e-01	1.248171831902456924e-01	2.869781441785344001e-01	1.721507288949925829e-01	8.184523720513421641e-02	3.736614767540011317e-02	8.910987933908312564e-02
1.625490791788175102e+03	2.065175922706430356e-01	1.239910091385060253e-01	2.878364618811922182e-01	1.726588036415629412e-01	8.205726396877441320e-02	3.750401336050356721e-02	8.943485573864456972e-02
1.640004102429141085e+03	2.053229684923924547e-01	1.231789388208943820e-01	2.886799816406482311e-01	1.731583775694612859e-01	8.226575258495946730e-02	3.763957642965190531e-02	8.975440446181905119e-02
1.654517413070107068e+03	2.041484624031149608e-01	1.223807324033329980e-01	2.895089539959076474e-01	1.736495960338189370e-01	8.247076327788695205e-02	3.777287544061603414e-02	9.006861644514913001e-02
1.669030723711072824e+03	2.029937340710908922e-01	1.215961541306673777e-01	2.903236252506361526e-01	1.741326018151751753e-01	8.267235522678595405e-02	3.790394833579788930e-02	9.037758116967317679e-02
1.683544034352038352e+03	2.018584493124560841e-01	1.208249722570680779e-01	2.911242375447711805e-01	1.746075351721355640e-01	8.287058658556435697e-02	3.803283244945331737e-02	9.068138667837802314e-02
1.698057344993004335e+03	2.007422795938930415e-01	1.200669589776401508e-01	2.919110289249212675e-01	1.750745338923932470e-01	8.306551450196410225e-02	3.815956451505896768e-02	9.098011959395575776e-02
1.712570655633970318e+03	1.996449019369776479e-01	1.193218903612173198e-01	2.926842334135744128e-01	1.755337333422030688e-01	8.325719513624581236e-02	3.828418067279878295e-02	9.127386513680947611e-02
1.727083966274936301e+03	1.985659988241532670e-01	1.185895462843191001e-01	2.934440810771345443e-01	1.759852665143906980e-01	8.344568367942289955e-02	3.840671647714772458e-02	9.156270714325828730e-02
1.741597276915902057e+03	1.975052581063034274e-01	1.178697103662490336e-01	2.941907980928072930e-01	1.764292640749738628e-01	8.363103437106375604e-02	3.852720690453251967e-02	9.184672808389658660e-02
1.756110587556867813e+03	1.964623729118957496e-01	1.171621699053134319e-01	2.949246068143537847e-01	1.768658544084666107e-01	8.381330051667953973e-02	3.864568636105111810e-02	9.212600908206622363e-02
1.770623898197833569e+03	1.954370415576696385e-01	1.164667158161397653e-01	2.956457258367317653e-01	1.772951636619322924e-01	8.399253450471402815e-02	3.876218869023418528e-02	9.240062993240480416e-02
1.785137208838799552e+03	1.944289674608409013e-01	1.157831425680748288e-01	2.963543700596432129e-01	1.777173157878468024e-01	8.416878782315061203e-02	3.887674718083360126e-02	9.267066911943645791e-02
1.799650519479765535e+03	1.934378590527973951e-01	1.151112481246430869e-01	2.970507507500070865e-01	1.781324325858288649e-01	8.434211107575084743e-02	3.898939457462437252e-02	9.293620383617473557e-02
1.814163830120731291e+03	1.924634296942597522e-01	1.144508338840460326e-01	2.977350756033745327e-01	1.785406337432898782e-01	8.451255399793808354e-02	3.910016307420768888e-02	9.319731000271036514e-02
1.828677140761696819e+03	1.915053975918818985e-01	1.138017046206837163e-01	2.984075488043061442e-01	1.789420368750529178e-01	8.468016547233861435e-02	3.920908435080397436e-02	9.345406228475910959e-02
1.843190451402663257e+03	1.905634857162667450e-01	1.131636684276803168e-01	2.990683710857268696e-01	1.793367575619862764e-01	8.484499354399235860e-02	3.931618955202604432e-02	9.370653411214771578e-02
1.857703762043628785e+03	1.896374217213726565e-01	1.125365366603957445e-01	2.997177397872778926e-01	1.797249093886945925e-01	8.500708543524405914e-02	3.942150930962334821e-02	9.395479769721808150e-02
1.872217072684594768e+03	1.887269378652867147e-01	1.119201238809056226e-01	3.003558489126805786e-01	1.801066039803069785e-01	8.516648756032563217e-02	3.952507374718927657e-02	9.419892405313159967e-02
1.886730383325560297e+03	1.878317709323413520e-01	1.113142478034325616e-01	3.009828891861310862e-01	1.804819510383994519e-01	8.532324553963950564e-02	3.962691248782434367e-02	9.443898301205799761e-02
1.901243693966526507e+03	1.869516621565516235e-01	1.107187292407118412e-01	3.015990481077406304e-01	1.808510583760866153e-01	8.547740421375227271e-02	3.972705466174881322e-02	9.467504324323443299e-02
1.915757004607492036e+03	1.860863571463498845e-01	1.101333920512750919e-01	3.022045100080382185e-01	1.812140319523142529e-01	8.562900765710759754e-02	3.982552891385900823e-02	9.490717227088214802e-02
1.930270315248458019e+03	1.852356058105963932e-01	1.095580630876356182e-01	3.027994561015514563e-01	1.815709759053842354e-01	8.577809919146657525e-02	3.992236341122226695e-02	9.513543649196960772e-02
1.944783625889424002e+03	1.843991622858433821e-01	1.089925721453597618e-01	3.033840645394816349e-01	1.819219925857395725e-01	8.592472139908358120e-02	4.001758585050605582e-02	9.535990119381210217e-02
1.959296936530389530e+03	1.835767848648317546e-01	1.084367519130086249e-01	3.039585104614874744e-01	1.822671825880363417e-01	8.606891613562510368e-02	4.011122346533719379e-02	9.558063057149950026e-02
1.973810247171355968e+03	1.827682359261987577e-01	1.078904379229349425e-01	3.045229660465938459e-01	1.826066447825277494e-01	8.621072454283870701e-02	4.020330303358787133e-02	9.579768774514410556e-02
1.988323557812321269e+03	1.819732818653765627e-01	1.073534685029201852e-01	3.050776005632386267e-01	1.829404763457839478e-01	8.635018706097881414e-02	4.029385088458525138e-02	9.601113477694250831e-02
2.002836868453287707e+03	1.811916930266611048e-01	1.068256847286372935e-01	3.056225804184743433e-01	1.832687727907696407e-01	8.648734344099581750e-02	4.038289290624218209e-02	9.622103268804547971e-02
2.017350179094252780e+03	1.804232436364311132e-01	1.063069303769246798e-01	3.061580692063368137e-01	1.835916279963005493e-01	8.662223275649481857e-02	4.047045455210666887e-02	9.642744147523117648e-02
2.031863489735218764e+03	1.796677117374981814e-01	1.057970518798572873e-01	3.066842277553967766e-01	1.839091342358980252e-01	8.675489341546960276e-02	4.055656084832826025e-02	9.663042012737765862e-02
2.046376800376184747e+03	1.789248791245681980e-01	1.052958982796010495e-01	3.072012141755067205e-01	1.842213822060613237e-01	8.688536317181769220e-02	4.064123640053967507e-02	9.683002664173105678e-02
2.060890111017150957e+03	1.781945312807955706e-01	1.048033211840370266e-01	3.077091839037578436e-01	1.845284610539742187e-01	8.701367913664165288e-02	4.072450540065235269e-02	9.702631803996702997e-02
2.075403421658116713e+03	1.774764573154111458e-01	1.043191747231420885e-01	3.082082897496595253e-01	1.848304584046632226e-01	8.713987778934198514e-02	4.080639163356489935e-02	9.721935038404286300e-02
2.089916732299082469e+03	1.767704499024063125e-01	1.038433155061128516e-01	3.086986819395550197e-01	1.851274603876228719e-01	8.726399498850639924e-02	4.088691848378347288e-02	9.740917879183880190e-02
2.104430042940048224e+03	1.760763052202545809e-01	1.033756025792202105e-01	3.091805081602863048e-01	1.854195516629235374e-01	8.738606598260016678e-02	4.096610894195355790e-02	9.759585745258730904e-02
2.118943353581013525e+03	1.753938228926535114e-01	1.029158973843818520e-01	3.096539136021206340e-01	1.857068154468153875e-01	8.750612542046222464e-02	4.104398561130262468e-02	9.777943964208934968e-02
2.133456664221980191e+03	1.747228059302695369e-01	1.024640637184403152e-01	3.101190410009508902e-01	1.859893335368427159e-01	8.762420736161134760e-02	4.112057071399338043e-02	9.795997773771741857e-02
2.147969974862945492e+03	1.740630606734683561e-01	1.020199676931344696e-01	3.105760306797827885e-01	1.862671863364808722e-01	8.774034528636649732e-02	4.119588609738752266e-02	9.813752323320501514e-02
2.162483285503912157e+03	1.734143967360146643e-01	1.015834776957525720e-01	3.110250205895208619e-01	1.865404528793088990e-01	8.785457210578555276e-02	4.126995324021993233e-02	9.831212675322303918e-02
2.176996596144877003e+03	1.727766269497245377e-01	1.011544643504550811e-01	3.114661463490642213e-01	1.868092108527286688e-01	8.796692017142625220e-02	4.134279325868352173e-02	9.848383806774324567e-02
2.191509906785843214e+03	1.721495673100540968e-01	1.007328004802558741e-01	3.118995412847249682e-01	1.870735366212427642e-01	8.807742128493305234e-02	4.141442691242486901e-02	9.865270610618995240e-02
2.206023217426809424e+03	1.715330369226087115e-01	1.003183610696504330e-01	3.123253364689799194e-01	1.873335052493010910e-01	8.818610670745369307e-02	4.148487461045113900e-02	9.881877897138058309e-02
2.220536528067775180e+03	1.709268579505575925e-01	9.991102322787996648e-02	3.127436607585670769e-01	1.875891905237269675e-01	8.829300716888896505e-02	4.155415641694856776e-02	9.898210395325637845e-02
2.235049838708740936e+03	1.703308555629375609e-01	9.951066615282058714e-02	3.131546408319385577e-01	1.878406649757320968e-01	8.839815287697894153e-02	4.162229205701308693e-02	9.914272754240464891e-02
2.249563149349706237e+03	1.697448578838315347e-01	9.911717109548688620e-02	3.135584012260794751e-01	1.880879999025305005e-01	8.850157352622924078e-02	4.168930092229379547e-02	9.930069544337399856e-02
2.264076459990672902e+03	1.691686959424067160e-01	9.873042132513920599e-02	3.139550643727050394e-01	1.883312653885602650e-01	8.860329830668024764e-02	4.175520207654968147e-02	9.945605258778428270e-02
2.278589770631638203e+03	1.686022036237979360e-01	9.835030209498460407e-02	3.143447506338453157e-01	1.885705303263214838e-01	8.870335591252265228e-02	4.182001426112056525e-02	9.960884314723289501e-02
2.293103081272604413e+03	1.680452176208218074e-01	9.797670060846096207e-02	3.147275783368285729e-01	1.888058624368395000e-01	8.880177455056224856e-02	4.188375590031283985e-02	9.975911054599950756e-02
2.307616391913570169e+03	1.674975773865076678e-01	9.760950598609467732e-02	3.151036638086733288e-01	1.890373282897610807e-01	8.889858194853671181e-02	4.194644510670092474e-02	9.990689747355102623e-02
2.322129702554535925e+03	1.669591250874313815e-01	9.724860923292184822e-02	3.154731214098985270e-01	1.892649933230917958e-01	8.899380536328765912e-02	4.200809968634522384e-02	1.000522458968490236e-01
2.336643013195502135e+03	1.664297055578383422e-01	9.689390320646344701e-02	3.158360635677625594e-01	1.894889218625815663e-01	8.908747158879036510e-02	4.206873714392749680e-02	1.001951970724616892e-01
2.351156323836467891e+03	1.659091662545426338e-01	9.654528258524498752e-02	3.161926008089401274e-01	1.897091771407666827e-01	8.917960696404400589e-02	4.212837468780454564e-02	1.003357915584824622e-01
2.365669634477433647e+03	1.653973572125888858e-01	9.620264383785154250e-02	3.165428417916468229e-01	1.899258213156742037e-01	8.927023738082508209e-02	4.218702923498110491e-02	1.004740692262577478e-01
2.380182945118399402e+03	1.648941310016640016e-01	9.586588519250865970e-02	3.168868933372204766e-01	1.901389154891966748e-01	8.935938829130654626e-02	4.224471741600301089e-02	1.006100692719259088e-01
2.394696255759364703e+03	1.643993426832460192e-01	9.553490660718057248e-02	3.172248604611689338e-01	1.903485197251431338e-01	8.944708471554513318e-02	4.230145557977147558e-02	1.007438302277700315e-01
2.409209566400331823e+03	1.639128497684777530e-01	9.520960974017661504e-02	3.175568464036922500e-01	1.905546930669731187e-01	8.953335124883943230e-02	4.235725979827956178e-02	1.008753899733865200e-01
2.423722877041296670e+03	1.634345121767528108e-01	9.488989792125743228e-02	3.178829526596898547e-01	1.907574935552200091e-01	8.961821206896086744e-02	4.241214587127183078e-02	1.010047857466724042e-01
2.438236187682262880e+03	1.629641921950021055e-01	9.457567612323206085e-02	3.182032790082597318e-01	1.909569782446097486e-01	8.970169094326016501e-02	4.246612933082816177e-02	1.011320541546332774e-01
2.452749498323228636e+03	1.625017544376686218e-01	9.426685093403808224e-02	3.185179235416991661e-01	1.911532032208805021e-01	8.978381123565146171e-02	4.251922544587273534e-02	1.012572311840146816e-01
2.467262808964194392e+03	1.620470658073593362e-01	9.396333052929609075e-02	3.188269826940152707e-01	1.913462236173097686e-01	8.986459591347618903e-02	4.257144922660930503e-02	1.013803522117592421e-01
2.481776119605160602e+03	1.615999954561624097e-01	9.366502464533074668e-02	3.191305512689534551e-01	1.915360936309538076e-01	8.994406755424916300e-02	4.262281542888365915e-02	1.015014520152919542e-01
2.496289430246126358e+03	1.611604147476184967e-01	9.337184455265028216e-02	3.194287224675521619e-01	1.917228665386051245e-01	9.002224835228869737e-02	4.267333855847436908e-02	1.016205647826360497e-01
2.510802740887092114e+03	1.607281972193351782e-01	9.308370302987678535e-02	3.197215879152317530e-01	1.919065947124734550e-01	9.009916012523304374e-02	4.272303287531286492e-02	1.017377241223621220e-01
2.525316051528057415e+03	1.603032185462335557e-01	9.280051433811943584e-02	3.200092376884253742e-01	1.920873296355952720e-01	9.017482432044510166e-02	4.277191239763376146e-02	1.018529630733726599e-01
2.539829362169024080e+03	1.598853565044164315e-01	9.252219419578336379e-02	3.202917603407598457e-01	1.922651219169769776e-01	9.024926202130731379e-02	4.281999090605664859e-02	1.019663141145245727e-01
2.554342672809989381e+03	1.594744909356472784e-01	9.224865975380651395e-02	3.205692429287937961e-01	1.924400213064762777e-01	9.032249395340899434e-02	4.286728194760013044e-02	1.020778091740920657e-01
2.568855983450955591e+03	1.590705037124301169e-01	9.197982957131732584e-02	3.208417710373209220e-01	1.926120767094273989e-01	9.039454049062753405e-02	4.291379883962932740e-02	1.021874796390723761e-01
2.583369294091921347e+03	1.586732787036795878e-01	9.171562359170609691e-02	3.211094288042452560e-01	1.927813362010139253e-01	9.046542166110578542e-02	4.295955467373771541e-02	1.022953563643366204e-01
2.597882604732887103e+03	1.582827017409716985e-01	9.145596311910296483e-02	3.213722989450360501e-01	1.929478470403945545e-01	9.053515715312716872e-02	4.300456231956437114e-02	1.024014696816282488e-01
2.612395915373853313e+03	1.578986605853652248e-01	9.120077079525547303e-02	3.216304627767691549e-01	1.931116556845857979e-01	9.060376632089048310e-02	4.304883442854757353e-02	1.025058494084113148e-01
2.626909226014819069e+03	1.575210448947841069e-01	9.094997057679929386e-02	3.218840002417623913e-01	1.932728078021062335e-01	9.067126819018608841e-02	4.309238343761582352e-02	1.026085248565710428e-01
2.641422536655784825e+03	1.571497461919513228e-01	9.070348771291485146e-02	3.221329899308109646e-01	1.934313482863865563e-01	9.073768146397512280e-02	4.313522157281714231e-02	1.027095248409689854e-01
2.655935847296750580e+03	1.567846578328649099e-01	9.046124872336379352e-02	3.223775091060303022e-01	1.935873212689497025e-01	9.080302452787364365e-02	4.317736085288770287e-02	1.028088776878548771e-01
2.670449157937716336e+03	1.564256749758073106e-01	9.022318137689869233e-02	3.226176337233125357e-01	1.937407701323649034e-01	9.086731545554310729e-02	4.321881309276070365e-02	1.029066112431377272e-01
2.684962468578682547e+03	1.560726945508782160e-01	8.998921467003936914e-02	3.228534384544037850e-01	1.938917375229799456e-01	9.093057201398904721e-02	4.325958990701648382e-02	1.030027528805181475e-01
2.699475779219648302e+03	1.557256152300430241e-01	8.975927880621015209e-02	3.230849967086079078e-01	1.940402653634354657e-01	9.099281166876936611e-02	4.329970271327474723e-02	1.030973295094842895e-01
2.713989089860614058e+03	1.553843373976875886e-01	8.953330517523129528e-02	3.233123806541234879e-01	1.941863948649653060e-01	9.105405158911387964e-02	4.333916273552988058e-02	1.031903675831734729e-01
2.728502400501579814e+03	1.550487631216705964e-01	8.931122633315911885e-02	3.235356612390202224e-01	1.943301665394862598e-01	9.111430865295669368e-02	4.337798100743020524e-02	1.032818931061018214e-01
2.743015711142545115e+03	1.547187961248657484e-01	8.909297598246851413e-02	3.237549082118605370e-01	1.944716202114813441e-01	9.117359945188283077e-02	4.341616837550218988e-02	1.033719316417637396e-01
2.757529021783511780e+03	1.543943417571848331e-01	8.887848895257223492e-02	3.239701901419728136e-01	1.946107950296802613e-01	9.123194029599068777e-02	4.345373550232038695e-02	1.034605083201036724e-01
2.772042332424477081e+03	1.540753069680739495e-01	8.866770118067116013e-02	3.241815744393818921e-01	1.947477294785401603e-01	9.128934721867158764e-02	4.349069286962401609e-02	1.035476478448621035e-01
2.786555643065443292e+03	1.537616002794746639e-01	8.846054969292992121e-02	3.243891273744025638e-01	1.948824613895305535e-01	9.134583598130822935e-02	4.352705078138111722e-02	1.036333745007977231e-01
2.801068953706408593e+03	1.534531317592426614e-01	8.825697258597239858e-02	3.245929140969020521e-01	1.950150279522258057e-01	9.140142207789292428e-02	4.356281936680105049e-02	1.037177121607878866e-01
2.815582264347374803e+03	1.531498129950151776e-01	8.805690900869153626e-02	3.247929986552365866e-01	1.951454657252083003e-01	9.145612073956742305e-02	4.359800858329622442e-02	1.038006842928095308e-01
2.830095574988341014e+03	1.528515570685208824e-01	8.786029914436828403e-02	3.249894440148683450e-01	1.952738106467857560e-01	9.150994693908549860e-02	4.363262821939391245e-02	1.038823139668021284e-01
2.844608885629306769e+03	1.525582785303238598e-01	8.766708419309435230e-02	3.251823120766672015e-01	1.954000980455259662e-01	9.156291539519959000e-02	4.366668789759890756e-02	1.039626238614149573e-01
2.859122196270272525e+03	1.522698933749945527e-01	8.747720635449350579e-02	3.253716636949034458e-01	1.955243626506120436e-01	9.161504057697292258e-02	4.370019707720788904e-02	1.040416362706404474e-01
2.873635506911238281e+03	1.519863190167005940e-01	8.729060881073658074e-02	3.255575586949364109e-01	1.956466386020211112e-01	9.166633670801821454e-02	4.373316505707627866e-02	1.041193731103355891e-01
2.888148817552204036e+03	1.517074742652103070e-01	8.710723570984493791e-02	3.257400558906038412e-01	1.957669594605298546e-01	9.171681777066442720e-02	4.376560097833837037e-02	1.041958559246330407e-01
2.902662128193170247e+03	1.514332793023018264e-01	8.692703214927767486e-02	3.259192131013175509e-01	1.958853582175495989e-01	9.176649751005262756e-02	4.379751382708151064e-02	1.042711058922440037e-01
2.917175438834136003e+03	1.511636556585712610e-01	8.674994415979769835e-02	3.260950871688698682e-01	1.960018673047940752e-01	9.181538943816228149e-02	4.382891243697506489e-02	1.043451438326545577e-01
2.931688749475101758e+03	1.508985261906327369e-01	8.657591868961179993e-02	3.262677339739564197e-01	1.961165186037825692e-01	9.186350683776906001e-02	4.385980549185497512e-02	1.044179902122172598e-01
2.946202060116067514e+03	1.506378150587041054e-01	8.640490358878039068e-02	3.264372084524190809e-01	1.962293434551814486e-01	9.191086276633543550e-02	4.389020152826462323e-02	1.044896651501397294e-01
2.960715370757033725e+03	1.503814477045714859e-01	8.623684759389191323e-02	3.266035646112149249e-01	1.963403726679867067e-01	9.195747005983523348e-02	4.392010893795267323e-02	1.045601884243718138e-01
2.975228681397999480e+03	1.501293508299264001e-01	8.607170031299780921e-02	3.267668555441148870e-01	1.964496365285504087e-01	9.200334133651308366e-02	4.394953597032874582e-02	1.046295794773934446e-01
2.989741992038964781e+03	1.498814523750691130e-01	8.590941221080326817e-02	3.269271334471370305e-01	1.965571648094535939e-01	9.204848900058003325e-02	4.397849073487745952e-02	1.046978574219041835e-01
3.004255302679930992e+03	1.496376814979721581e-01	8.574993459410973351e-02	3.270844496337195761e-01	1.966629867782282159e-01	9.209292524584648809e-02	4.400698120353168513e-02	1.047650410464168458e-01
3.018768613320896748e+03	1.493979685536975521e-01	8.559321959750472442e-02	3.272388545496364709e-01	1.967671312059309785e-01	9.213666205929335606e-02	4.403501521300560301e-02	1.048311488207561148e-01
3.033281923961862958e+03	1.491622450741623140e-01	8.543922016929468566e-02	3.273903977876613802e-01	1.968696263755712328e-01	9.217971122458250288e-02	4.406260046708826428e-02	1.048961989014643020e-01
3.047795234602828714e+03	1.489304437482459331e-01	8.528789005767693776e-02	3.275391281019844891e-01	1.969705000903958225e-01	9.222208432550769996e-02	4.408974453889831502e-02	1.049602091371154566e-01
3.062308545243794470e+03	1.487024984022340679e-01	8.513918379714656426e-02	3.276850934223839995e-01	1.970697796820329861e-01	9.226379274938686925e-02	4.411645487310054958e-02	1.050231970735395481e-01
3.076821855884760225e+03	1.484783439805930083e-01	8.499305669513418371e-02	3.278283408681598177e-01	1.971674920184978141e-01	9.230484769039679072e-02	4.414273878808496615e-02	1.050851799589580249e-01
3.091335166525725526e+03	1.482579165270689614e-01	8.484946481887079006e-02	3.279689167618304313e-01	1.972636635120619264e-01	9.234526015285107747e-02	4.416860347810881715e-02	1.051461747490325810e-01
3.105848477166692192e+03	1.480411531661072755e-01	8.470836498247583113e-02	3.281068666425990266e-01	1.973583201269890897e-01	9.238504095442263975e-02	4.419405601540245254e-02	1.052061981118282419e-01
3.120361787807657493e+03	1.478279920845853024e-01	8.456971473426448671e-02	3.282422352795917875e-01	1.974514873871397458e-01	9.242420072931130381e-02	4.421910335223945554e-02	1.052652664326923782e-01
3.134875098448624158e+03	1.476183725138544844e-01	8.443347234427078796e-02	3.283750666848723743e-01	1.975431903834461989e-01	9.246274993135772391e-02	4.424375232297172306e-02	1.053233958190511188e-01
3.149388409089589004e+03	1.474122347120857823e-01	8.429959679198262279e-02	3.285054041262364666e-01	1.976334537812606817e-01	9.250069883710443364e-02	4.426800964603001820e-02	1.053806021051243713e-01
3.163901719730555214e+03	1.472095199469136972e-01	8.416804775428510244e-02	3.286332901397899797e-01	1.977223018275790500e-01	9.253805754880484180e-02	4.429188192589066098e-02	1.054369008565610721e-01
3.178415030371521425e+03	1.470101704783736418e-01	8.403878559360891676e-02	3.287587665423148398e-01	1.978097583581412688e-01	9.257483599738117186e-02	4.431537565500887066e-02	1.054923073749957085e-01
3.192928341012487181e+03	1.468141295421279136e-01	8.391177134627984813e-02	3.288818744434256480e-01	1.978958468044116348e-01	9.261104394533231643e-02	4.433849721571932190e-02	1.055468367025277354e-01
3.207441651653452936e+03	1.466213413329749971e-01	8.378696671106641847e-02	3.290026542575208990e-01	1.979805902004403706e-01	9.264669098959214810e-02	4.436125288210451822e-02	1.056005036261249697e-01
3.221954962294418237e+03	1.464317509886378654e-01	8.366433403792206125e-02	3.291211457155323039e-01	1.980640111896087296e-01	9.268178656433939677e-02	4.438364882183147564e-02	1.056533226819524052e-01
3.236468272935384903e+03	1.462453045738263402e-01	8.354383631691844614e-02	3.292373878764752737e-01	1.981461320312594976e-01	9.271633994375985677e-02	4.440569109795724362e-02	1.057053081596275729e-01
3.250981583576350204e+03	1.460619490645686802e-01	8.342543716736704196e-02	3.293514191388042245e-01	1.982269746072149730e-01	9.275036024476157603e-02	4.442738567070386030e-02	1.057564741064037778e-01
3.265494894217316414e+03	1.458816323328083475e-01	8.330910082712537912e-02	3.294632772515764252e-01	1.983065604281841754e-01	9.278385642964413760e-02	4.444873839920317204e-02	1.058068343312824483e-01
3.280008204858282170e+03	1.457043031312609815e-01	8.319479214208501394e-02	3.295729993254264412e-01	1.983849106400614737e-01	9.281683730872247740e-02	4.446975504321207251e-02	1.058564024090556249e-01
3.294521515499247926e+03	1.455299110785273631e-01	8.308247655583812785e-02	3.296806218433556146e-01	1.984620460301179945e-01	9.284931154290623767e-02	4.449044126479871630e-02	1.059051916842800312e-01
3.309034826140214136e+03	1.453584066444581768e-01	8.297212009951970835e-02	3.297861806713388577e-01	1.985379870330881980e-01	9.288128764623540534e-02	4.451080263000001258e-02	1.059532152751836986e-01
