4.208860085880095880e+02	4.263503805791385437e-01	2.749453685117438373e-01	1.305215885519129260e-01	7.826514202649433039e-02	4.239681643532996341e-02	1.476973186117525212e-02	3.275097203403284224e-02
4.353993192289755143e+02	4.213629431359646182e-01	2.716843658242507065e-01	1.340681126260653278e-01	8.045966756805929265e-02	4.346035871967404013e-02	1.493874876892836712e-02	3.402580335688531327e-02
4.499126298699413837e+02	4.164616901966603502e-01	2.684783765070226647e-01	1.375547012514679590e-01	8.262151955354180011e-02	4.446603717828249286e-02	1.516317786462310219e-02	3.525449744822931747e-02
4.644259405109071963e+02	4.116447765167733364e-01	2.653264721448902463e-01	1.409823673356770668e-01	8.474972696387218785e-02	4.542150751134922670e-02	1.543105282565441702e-02	3.644409670161113252e-02
4.789392511518730657e+02	4.069104518490566091e-01	2.622277399948961252e-01	1.443521064114519359e-01	8.684360833230470034e-02	4.633324856258942692e-02	1.573275381311262447e-02	3.760009103641617778e-02
4.934525617928388783e+02	4.022570493438535344e-01	2.591812827209276082e-01	1.476648969762623942e-01	8.890272304825028171e-02	4.720673573916729648e-02	1.606054616286874126e-02	3.872676600849782325e-02
5.079658724338048046e+02	3.976829756206979316e-01	2.561862181329759292e-01	1.509217008187726250e-01	9.092683003713160350e-02	4.804659154109359315e-02	1.640821055222839095e-02	3.982747329692756799e-02
5.224791830747705035e+02	3.931867022878126616e-01	2.532416789309208105e-01	1.541234633336082127e-01	9.291585280750408460e-02	4.885671550518413259e-02	1.677074634344517465e-02	4.090484079135254386e-02
5.369924937157364866e+02	3.887667587097204391e-01	2.503468124527434280e-01	1.572711138255454555e-01	9.486984996830279127e-02	4.964039584934529237e-02	1.714413349724387692e-02	4.196093569692627145e-02
5.515058043567023560e+02	3.844217258461087305e-01	2.475007804270766276e-01	1.603655658041117649e-01	9.678899042585792367e-02	5.040040500093401904e-02	1.752514139036559504e-02	4.299739110537290770e-02
5.660191149976681118e+02	3.801502310067231272e-01	2.447027587300042994e-01	1.634077172694527180e-01	9.867353256981883924e-02	5.113908104187707415e-02	1.791117521497303383e-02	4.401550416697839335e-02
5.805324256386339812e+02	3.759509433870265593e-01	2.419519371460266133e-01	1.663984509902061426e-01	1.005238068480470287e-01	5.185839692663495037e-02	1.830015250671238394e-02	4.501631219517388677e-02
5.950457362795999643e+02	3.718225702674607946e-01	2.392475191331102369e-01	1.693386347740220288e-01	1.023402012123937471e-01	5.256001914304059275e-02	1.869040383930276744e-02	4.600065163049735922e-02
6.095590469205657200e+02	3.677638537753537551e-01	2.365887215917464870e-01	1.722291217312806322e-01	1.041231489901078971e-01	5.324535730121648242e-02	1.908059291374152033e-02	4.696920369638071108e-02
6.240723575615315895e+02	3.637735681228587148e-01	2.339747746379420568e-01	1.750707505324851643e-01	1.058731187998044609e-01	5.391560595898274577e-02	1.946965222077880198e-02	4.792252972697551988e-02
6.385856682024975726e+02	3.598505172469099733e-01	2.314049213800705163e-01	1.778643456597418515e-01	1.075906061870465502e-01	5.457177982746365397e-02	1.985673121488479298e-02	4.886109848371017472e-02
6.530989788434633283e+02	3.559935327881564304e-01	2.288784176995140307e-01	1.806107176526842439e-01	1.092761267033441203e-01	5.521474335010541357e-02	2.024115454520668961e-02	4.978530726081662611e-02
6.676122894844290840e+02	3.522014723553439919e-01	2.263945320350274348e-01	1.833106633491524140e-01	1.109302101944824315e-01	5.584523551283900045e-02	2.062238837478546846e-02	5.069549817819688636e-02
6.821256001253949535e+02	3.484732180298134585e-01	2.239525451707580772e-01	1.859649661208967741e-01	1.125533961002913724e-01	5.646389062258742875e-02	2.100001320809212826e-02	5.159197074738839511e-02
6.966389107663608229e+02	3.448076750718108707e-01	2.215517500278570973e-01	1.885743961045434902e-01	1.141462295989546655e-01	5.707125568509371222e-02	2.137370195827877420e-02	5.247499155328899656e-02
7.111522214073266923e+02	3.412037707963163080e-01	2.191914514596189634e-01	1.911397104280281589e-01	1.157092584553870568e-01	5.766780492016830573e-02	2.174320223498553070e-02	5.334480170532328314e-02
7.256655320482924481e+02	3.376604535912134941e-01	2.168709660500875991e-01	1.936616534326813521e-01	1.172430304556769803e-01	5.825395187177893896e-02	2.210832203351018391e-02	5.420162256487907892e-02
7.401788426892584312e+02	3.341766920549679720e-01	2.145896219160692286e-01	1.961409568911278711e-01	1.187480913286398931e-01	5.883005950072039969e-02	2.246891816653407217e-02	5.504566014176824618e-02
7.546921533302243006e+02	3.307514742346590042e-01	2.123467585124929335e-01	1.985783402211448445e-01	1.202249830716335260e-01	5.939644858769833891e-02	2.282488690830776490e-02	5.587710846389132291e-02
7.692054639711900563e+02	3.273838069483200885e-01	2.101417264410609109e-01	2.009745106956086214e-01	1.216742426113731207e-01	5.995340472338088478e-02	2.317615642454443764e-02	5.669615215553965026e-02
7.837187746121558121e+02	3.240727151781604976e-01	2.079738872621326451e-01	2.033301636486476438e-01	1.230964007419238643e-01	6.050118411823403319e-02	2.352268064429061459e-02	5.750296840643838447e-02
7.982320852531219089e+02	3.208172415234449293e-01	2.058426133097871202e-01	2.056459826781081857e-01	1.244919812916587543e-01	6.104001842777172226e-02	2.386443429677449421e-02	5.829772847228251176e-02
8.127453958940876646e+02	3.176164457036586564e-01	2.037472875100087844e-01	2.079226398444310731e-01	1.258615004790333836e-01	6.157011875732773531e-02	2.420140888989618516e-02	5.908059881547195885e-02
8.272587065350534203e+02	3.144694041041377064e-01	2.016873032019443901e-01	2.101607958660287601e-01	1.272054664237816102e-01	6.209167898380038575e-02	2.453360945020294226e-02	5.985174196993204437e-02
8.417720171760191761e+02	3.113752093576418467e-01	1.996620639621779769e-01	2.123611003112469975e-01	1.285243787857835995e-01	6.260487850933220411e-02	2.486105187895211455e-02	6.061131719469307205e-02
8.562853278169851592e+02	3.083329699564349435e-01	1.976709834319731185e-01	2.145241917869886161e-01	1.298187285085752318e-01	6.310988454295314576e-02	2.518376080686136539e-02	6.135948096604144225e-02
8.707986384579510286e+02	3.053418098903438183e-01	1.957134851474315318e-01	2.166506981240726992e-01	1.310889976484020114e-01	6.360685399030477361e-02	2.550176785270612950e-02	6.209638734656693082e-02
8.853119490989170117e+02	3.024008683070241732e-01	1.937890023725192257e-01	2.187412365593982833e-01	1.323356592730005887e-01	6.409593501821479744e-02	2.581511020911389509e-02	6.282218826055695204e-02
8.998252597398827675e+02	2.995092991912922109e-01	1.918969779349108951e-01	2.207964139149778959e-01	1.335591774170192259e-01	6.457726834971050378e-02	2.612382949357666684e-02	6.353703369834050318e-02
9.143385703808486369e+02	2.966662710609054288e-01	1.900368640646055707e-01	2.228168267739035480e-01	1.347600070832586372e-01	6.505098833570747974e-02	2.642797081454393779e-02	6.424107186690329596e-02
9.288518810218145063e+02	2.938709666766134987e-01	1.882081222352658401e-01	2.248030616533045201e-01	1.359385942808006287e-01	6.551722384179739511e-02	2.672758201201870520e-02	6.493444930002743865e-02
9.433651916627801484e+02	2.911225827646625741e-01	1.864102230082350098e-01	2.267556951743546767e-01	1.370953760926556797e-01	6.597609898204029322e-02	2.702271303980181144e-02	6.561731093807807169e-02
9.578785023037459041e+02	2.884203297502389018e-01	1.846426458791871617e-01	2.286752942293842905e-01	1.382307807668602950e-01	6.642773372623385353e-02	2.731341546277113799e-02	6.628980018515252814e-02
9.723918129447120009e+02	2.857634315005869730e-01	1.829048791273648888e-01	2.305624161461495847e-01	1.393452278260295663e-01	6.687224440260867986e-02	2.759974204762844635e-02	6.695205894946003322e-02
9.869051235856777566e+02	2.831511250767461130e-01	1.811964196673614691e-01	2.324176088493122294e-01	1.404391281912613365e-01	6.730974411413601088e-02	2.788174642962849142e-02	6.760422767138259126e-02
1.001418434226643626e+03	2.805826604930212742e-01	1.795167729034043980e-01	2.342414110191780585e-01	1.415128843170258277e-01	6.774034308350680711e-02	2.815948284110835961e-02	6.824644534258358930e-02
1.015931744867609382e+03	2.780573004834472894e-01	1.778654525860981217e-01	2.360343522477447165e-01	1.425668903342832972e-01	6.816414893924474527e-02	2.843300589030923683e-02	6.887884951870090755e-02
1.030445055508575479e+03	2.755743202746240295e-01	1.762419806715840587e-01	2.377969531921050872e-01	1.436015321995766925e-01	6.858126695326018096e-02	2.870237038114901301e-02	6.950157632752923531e-02
1.044958366149541234e+03	2.731330073643972178e-01	1.746458871830774695e-01	2.395297257252534673e-01	1.446171878482611639e-01	6.899180023836580522e-02	2.896763116635908686e-02	7.011476047411406565e-02
1.059471676790506763e+03	2.707326613059431453e-01	1.730767100747409859e-01	2.412331730843389477e-01	1.456142273503758244e-01	6.939584991279351689e-02	2.922884302782163823e-02	7.071853524381424561e-02
1.073984987431472746e+03	2.683725934968804738e-01	1.715339950978550243e-01	2.429077900164110793e-01	1.465930130679456989e-01	6.979351523752624908e-02	2.948606057909733749e-02	7.131303250411236139e-02
1.088498298072438729e+03	2.660521269730904970e-01	1.700172956692468373e-01	2.445540629217007877e-01	1.475538998127348123e-01	7.018489373124316144e-02	2.973933818606940352e-02	7.189838270574272494e-02
1.103011608713404712e+03	2.637705962069712418e-01	1.685261727419395117e-01	2.461724699944788930e-01	1.484972350036627420e-01	7.057008126683719795e-02	2.998872990238973107e-02	7.247471488354891023e-02
1.117524919354370468e+03	2.615273469098911563e-01	1.670601946779839420e-01	2.477634813615338660e-01	1.494233588232555254e-01	7.094917215277006528e-02	3.023428941702945016e-02	7.304215665736432661e-02
1.132038229995336451e+03	2.593217358386389337e-01	1.656189371234364494e-01	2.493275592183097078e-01	1.503326043726298245e-01	7.132225920195553459e-02	3.047607001173723365e-02	7.360083423312070716e-02
1.146551540636302207e+03	2.571531306056930033e-01	1.642019828854462682e-01	2.508651579627436679e-01	1.512252978246169943e-01	7.168943379038877906e-02	3.071412452661576378e-02	7.415087240432391424e-02
1.161064851277267962e+03	2.550209094931553677e-01	1.628089218114171510e-01	2.523767243268432714e-01	1.521017585747198864e-01	7.205078590734766142e-02	3.094850533235749684e-02	7.469239455398762884e-02
1.175578161918233945e+03	2.529244612702135631e-01	1.614393506702077041e-01	2.538626975060406799e-01	1.529622993896668504e-01	7.240640419866957445e-02	3.117926430794998316e-02	7.522552265708004615e-02
1.190091472559199701e+03	2.508631850140096708e-01	1.600928730353367857e-01	2.553235092863632705e-01	1.538072265533854954e-01	7.275637600434058105e-02	3.140645282287968937e-02	7.575037728351287358e-02
1.204604783200165684e+03	2.488364899338076364e-01	1.587690991701594390e-01	2.567595841694557124e-01	1.546368400102664797e-01	7.310078739141437354e-02	3.163012172304145025e-02	7.626707760168328909e-02
1.219118093841131440e+03	2.468437951983604994e-01	1.574676459149804975e-01	2.581713394954917584e-01	1.554514335056261798e-01	7.343972318309732739e-02	3.185032131970557540e-02	7.677574138256652858e-02
1.233631404482097196e+03	2.448845297663894138e-01	1.561881365760729168e-01	2.595591855640107526e-01	1.562512947233084537e-01	7.377326698468668342e-02	3.206710138101261792e-02	7.727648500434755596e-02
1.248144715123063179e+03	2.429581322200920768e-01	1.549302008165690803e-01	2.609235257527136587e-01	1.570367054203909707e-01	7.410150120692624021e-02	3.228051112556206553e-02	7.776942345757434372e-02
1.262658025764028707e+03	2.410640506016053508e-01	1.536934745491928822e-01	2.622647566342541370e-01	1.578079415589827839e-01	7.442450708724247799e-02	3.249059921773952975e-02	7.825467035081129508e-02
1.277171336404994690e+03	2.392017422523526338e-01	1.524775998308021407e-01	2.635832680910574766e-01	1.585652734351153947e-01	7.474236470924097708e-02	3.269741376449093739e-02	7.873233791676889637e-02
1.291684647045960673e+03	2.373706736552100016e-01	1.512822247587102265e-01	2.648794434282020771e-01	1.593089658047429913e-01	7.505515302077422901e-02	3.290100231330429087e-02	7.920253701888467501e-02
1.306197957686926657e+03	2.355703202794298401e-01	1.501070033687574301e-01	2.661536594843945669e-01	1.600392780068786713e-01	7.536294985083584475e-02	3.310141185120221707e-02	7.966537715832995581e-02
1.320711268327892412e+03	2.338001664282636505e-01	1.489515955351020937e-01	2.674062867410723632e-01	1.607564640839005687e-01	7.566583192548959058e-02	3.329868880458312225e-02	8.012096648141713018e-02
1.335224578968857941e+03	2.320597050892285740e-01	1.478156668717026390e-01	2.686376894296648166e-01	1.614607728990690161e-01	7.596387488300357371e-02	3.349287903977727493e-02	8.056941178738261100e-02
1.349737889609823924e+03	2.303484377869650102e-01	1.466988886354621546e-01	2.698482256370433596e-01	1.621524482513003740e-01	7.625715328832900763e-02	3.368402786420719025e-02	8.101081853652139508e-02
1.364251200250789907e+03	2.286658744386341480e-01	1.456009376310070658e-01	2.710382474091924121e-01	1.628317289872470985e-01	7.654574064703667524e-02	3.387218002806082623e-02	8.144529085865022389e-02
1.378764510891755890e+03	2.270115332118072815e-01	1.445214961170727674e-01	2.722081008531303525e-01	1.634988491107360331e-01	7.682970941880357119e-02	3.405737972640147243e-02	8.187293156187695764e-02
1.393277821532721646e+03	2.253849403847991428e-01	1.434602517144687728e-01	2.733581262371101439e-01	1.641540378896193531e-01	7.710913103052481621e-02	3.423967060165106907e-02	8.229384214165524902e-02
1.407791132173687402e+03	2.237856302094000382e-01	1.424168973155969242e-01	2.744886580891290340e-01	1.647975199600927587e-01	7.738407588911164203e-02	3.441909574639398506e-02	8.270812279010414381e-02
1.422304442814653157e+03	2.222131447759627121e-01	1.413911309954963280e-01	2.756000252937761408e-01	1.654295154285380098e-01	7.765461339402467134e-02	3.459569770645701953e-02	8.311587240557374856e-02
1.436817753455619140e+03	2.206670338808006115e-01	1.403826559243892547e-01	2.766925511874445132e-01	1.660502399709450905e-01	7.792081194958239143e-02	3.476951848422825397e-02	8.351718860243849407e-02
1.451331064096585123e+03	2.191468548958561968e-01	1.393911802817028311e-01	2.777665536519376976e-01	1.666599049299709867e-01	7.818273897707656017e-02	3.494059954218328018e-02	8.391216772110106359e-02
1.465844374737550879e+03	2.176521726405981627e-01	1.384164171715414893e-01	2.788223452064953478e-01	1.672587174096908658e-01	7.844046092672032899e-02	3.510898180659204060e-02	8.430090483819040192e-02
1.480357685378516862e+03	2.161825592561081033e-01	1.374580845395855788e-01	2.798602330982667419e-01	1.678468803680969457e-01	7.869404328944933080e-02	3.527470567138352164e-02	8.468349377693842883e-02
1.494870996019482618e+03	2.147375940813175677e-01	1.365159050913924421e-01	2.808805193912568554e-01	1.684245927074002613e-01	7.894355060859212236e-02	3.543781100214871138e-02	8.506002711772064906e-02
1.509384306660448374e+03	2.133168635313576755e-01	1.355896062120758860e-01	2.818835010537719121e-01	1.689920493621888675e-01	7.918904649142263774e-02	3.559833714026498785e-02	8.543059620874668414e-02
1.523897617301414357e+03	2.119199609779839899e-01	1.346789198873410420e-01	2.828694700443888932e-01	1.695494413854956306e-01	7.943059362060436723e-02	3.575632290712731087e-02	8.579529117688741713e-02
1.538410927942380113e+03	2.105464866320403416e-01	1.337835826258516325e-01	2.838387133964745401e-01	1.700969560328279007e-01	7.966825376553450522e-02	3.591180660847352601e-02	8.615420093862623252e-02
1.552924238583346096e+03	2.091960474279259685e-01	1.329033353829071895e-01	2.847915133012778877e-01	1.706347768442096624e-01	7.990208779359327107e-02	3.606482603879251903e-02	8.650741321112215276e-02
1.567437549224311852e+03	2.078682569100310240e-01	1.320379234854081874e-01	2.857281471896208069e-01	1.711630837242862635e-01	8.013215568130326039e-02	3.621541848580542983e-02	8.685501452337364425e-02
1.581950859865277607e+03	2.065627351211059559e-01	1.311870965580872739e-01	2.866488878122100403e-01	1.716820530205404871e-01	8.035851652540178247e-02	3.636362073501107905e-02	8.719709022747203220e-02
1.596464170506243590e+03	2.052791084925315590e-01	1.303506084509851171e-01	2.875540033185938760e-01	1.721918575996674861e-01	8.058122855382846006e-02	3.650946907428779392e-02	8.753372450993442133e-02
1.610977481147209119e+03	2.040170097364564505e-01	1.295282171681502725e-01	2.884437573347863881e-01	1.726926669221554023e-01	8.080034913662970109e-02	3.665299929854461819e-02	8.786500040310595006e-02
1.625490791788175102e+03	2.027760777397697167e-01	1.287196847975418945e-01	2.893184090395822250e-01	1.731846471151166078e-01	8.101593479678062537e-02	3.679424671441543920e-02	8.819099979662234357e-02
1.640004102429141085e+03	2.015559574598769221e-01	1.279247774421153894e-01	2.901782132395832603e-01	1.736679610434140320e-01	8.122804122092534829e-02	3.693324614499032821e-02	8.851180344892359275e-02
1.654517413070107068e+03	2.003562998222482849e-01	1.271432651520709722e-01	2.910234204429595350e-01	1.741427683791259839e-01	8.143672327003510791e-02	3.707003193457870938e-02	8.882749099881027954e-02
1.669030723711072824e+03	1.991767616197086810e-01	1.263749218582452816e-01	2.918542769319652508e-01	1.746092256693908273e-01	8.164203498998465203e-02	3.720463795349957664e-02	8.913814097703463835e-02
1.683544034352038352e+03	1.980170054134390289e-01	1.256195253066269280e-01	2.926710248342315190e-01	1.750674864026731115e-01	8.184402962204587184e-02	3.733709760289419255e-02	8.944383081791830448e-02
1.698057344993004335e+03	1.968766994356597744e-01	1.248768569939772283e-01	2.934739021928558511e-01	1.755177010734906839e-01	8.204275961329854372e-02	3.746744381955720987e-02	8.974463687098968578e-02
1.712570655633970318e+03	1.957555174939677456e-01	1.241467021045370989e-01	2.942631430353090938e-01	1.759600172456417255e-01	8.223827662695731844e-02	3.759570908078220530e-02	9.004063441263387979e-02
1.727083966274936301e+03	1.946531388772972937e-01	1.234288494478018999e-01	2.950389774411796284e-01	1.763945796139694544e-01	8.243063155261425023e-02	3.772192540921825987e-02	9.033189765774830848e-02
1.741597276915902057e+03	1.935692482634783496e-01	1.227230913973463289e-01	2.958016316087747621e-01	1.768215300647015542e-01	8.261987451639610236e-02	3.784612437773403337e-02	9.061849977139800616e-02
1.756110587556867813e+03	1.925035356283636423e-01	1.220292238306815574e-01	2.965513279205981290e-01	1.772410077343996027e-01	8.280605489103563810e-02	3.796833711428627967e-02	9.090051288046428757e-02
1.770623898197833569e+03	1.914556961564983784e-01	1.213470460701272374e-01	2.972882850077221417e-01	1.776531490675542224e-01	8.298922130585606460e-02	3.808859430678988162e-02	9.117800808528120360e-02
1.785137208838799552e+03	1.904254301533055138e-01	1.206763608246811392e-01	2.980127178130746457e-01	1.780580878728591498e-01	8.316942165666793563e-02	3.820692620798656763e-02	9.145105547125419176e-02
1.799650519479765535e+03	1.894124429587608349e-01	1.200169741328697415e-01	2.987248376536574268e-01	1.784559553781977226e-01	8.334670311557770828e-02	3.832336264030977019e-02	9.171972412045595324e-02
1.814163830120731291e+03	1.884164448625321731e-01	1.193686953065630912e-01	2.994248522817153924e-01	1.788468802843737049e-01	8.352111214070725986e-02	3.843793300074314911e-02	9.198408212319432453e-02
1.828677140761696819e+03	1.874371510205581348e-01	1.187313368757377113e-01	3.001129659448730780e-01	1.792309888176182309e-01	8.369269448582374038e-02	3.855066626567049681e-02	9.224419658954774448e-02
1.843190451402663257e+03	1.864742813730405346e-01	1.181047145341716925e-01	3.007893794452568548e-01	1.796084047809025364e-01	8.386149520987906669e-02	3.866159099571478408e-02	9.250013366086372313e-02
1.857703762043628785e+03	1.855275605638276315e-01	1.174886470860559556e-01	3.014542901976195455e-01	1.799792496040868994e-01	8.402755868645857273e-02	3.877073534056434817e-02	9.275195852121620455e-02
1.872217072684594768e+03	1.845967178611634119e-01	1.168829563935064597e-01	3.021078922864845473e-01	1.803436423929345445e-01	8.419092861313823284e-02	3.887812704378426631e-02	9.299973540881770195e-02
1.886730383325560297e+03	1.836814870797798260e-01	1.162874673249620489e-01	3.027503765223255594e-01	1.807016999770180155e-01	8.435164802075012513e-02	3.898379344761113835e-02	9.324352762738255529e-02
1.901243693966526507e+03	1.827816065043089688e-01	1.157020077044531164e-01	3.033819304967982355e-01	1.810535369565462738e-01	8.450975928255555214e-02	3.908776149772940495e-02	9.348339755743773072e-02
1.915757004607492036e+03	1.818968188139928333e-01	1.151264082617261680e-01	3.040027386370406370e-01	1.813992657481384441e-01	8.466530412332573530e-02	3.919005774802771652e-02	9.371940666757774818e-02
1.930270315248458019e+03	1.810268710086680444e-01	1.145605025832100304e-01	3.046129822590569192e-01	1.817389966295706039e-01	8.481832362832943117e-02	3.929070836533377076e-02	9.395161552566051733e-02
1.944783625889424002e+03	1.801715143360038685e-01	1.140041270638094822e-01	3.052128396202006821e-01	1.820728377835203748e-01	8.496885825222762201e-02	3.938973913412613381e-02	9.418008380994119522e-02
1.959296936530389530e+03	1.793305042199722921e-01	1.134571208595122477e-01	3.058024859707727527e-01	1.824008953403343514e-01	8.511694782787483649e-02	3.948717546122172684e-02	9.440487032014113766e-02
1.973810247171355968e+03	1.785036001905291048e-01	1.129193258407957812e-01	3.063820936047483845e-01	1.827232734198422082e-01	8.526263157502703138e-02	3.958304238043762469e-02	9.462603298844929345e-02
1.988323557812321269e+03	1.776905658144846967e-01	1.123905865468201176e-01	3.069518319096485315e-01	1.830400741722403024e-01	8.540594810895607569e-02	3.967736455722606359e-02	9.484362889045365452e-02
2.002836868453287707e+03	1.768911686275451978e-01	1.118707501403938404e-01	3.075118674155700726e-01	1.833513978180680848e-01	8.554693544897061519e-02	3.977016629328144343e-02	9.505771425600022251e-02
2.017350179094252780e+03	1.761051800675031975e-01	1.113596663636997608e-01	3.080623638433884759e-01	1.836573426872988857e-01	8.568563102684351174e-02	3.986147153111822133e-02	9.526834447997740984e-02
2.031863489735218764e+03	1.753323754085587272e-01	1.108571874947678892e-01	3.086034821521473903e-01	1.839580052575670588e-01	8.582207169514571854e-02	3.995130385861883626e-02	9.547557413302382168e-02
2.046376800376184747e+03	1.745725336967512420e-01	1.103631683046826656e-01	3.091353805856487114e-01	1.842534801915517717e-01	8.595629373548691055e-02	4.003968651355054725e-02	9.567945697215757273e-02
2.060890111017150957e+03	1.738254376864835637e-01	1.098774660155124178e-01	3.096582147182566080e-01	1.845438603735384819e-01	8.608833286666291162e-02	4.012664238805043609e-02	9.588004595132504360e-02
2.075403421658116713e+03	1.730908737781191031e-01	1.093999402589485859e-01	3.101721374999286684e-01	1.848292369451774442e-01	8.621822425271009893e-02	4.021219403307774859e-02	9.607739323186781366e-02
2.089916732299082469e+03	1.723686319566342384e-01	1.089304530356430822e-01	3.106772993004877637e-01	1.851096993404587332e-01	8.634600251086697875e-02	4.029636366283274873e-02	9.627155019290595250e-02
2.104430042940048224e+03	1.716585057313077256e-01	1.084688686752314918e-01	3.111738479531462320e-01	1.853853353199229059e-01	8.647170171944335015e-02	4.037917315914139882e-02	9.646256744163639318e-02
2.118943353581013525e+03	1.709602920764294043e-01	1.080150537970311353e-01	3.116619287972967611e-01	1.856562310041249275e-01	8.659535542559711196e-02	4.046064407580528266e-02	9.665049482354495791e-02
2.133456664221980191e+03	1.702737913730109631e-01	1.075688772714020608e-01	3.121416847205804590e-01	1.859224709063699577e-01	8.671699665301928206e-02	4.054079764291603633e-02	9.683538143253084263e-02
2.147969974862945492e+03	1.695988073514817507e-01	1.071302101817601937e-01	3.126132562002457704e-01	1.861841379647380113e-01	8.683665790952742325e-02	4.061965477113385625e-02	9.701727562094261681e-02
2.162483285503912157e+03	1.689351470353526175e-01	1.066989257872314190e-01	3.130767813438094516e-01	1.864413135734143134e-01	8.695437119456790598e-02	4.069723605592941162e-02	9.719622500952448951e-02
2.176996596144877003e+03	1.682826206858313578e-01	1.062748994859358392e-01	3.135323959290315932e-01	1.866940776133422519e-01	8.707016800662757683e-02	4.077356178178891816e-02	9.737227649727209222e-02
2.191509906785843214e+03	1.676410417473738201e-01	1.058580087788915658e-01	3.139802334432163500e-01	1.869425084822144423e-01	8.718407935055492997e-02	4.084865192638168635e-02	9.754547627119690423e-02
2.206023217426809424e+03	1.670102267941545038e-01	1.054481332345275912e-01	3.144204251218493118e-01	1.871866831238181428e-01	8.729613574479171134e-02	4.092252616468991522e-02	9.771586981599852950e-02
2.220536528067775180e+03	1.663899954774409329e-01	1.050451544537955445e-01	3.148530999865836733e-01	1.874266770567498963e-01	8.740636722851499729e-02	4.099520387310041231e-02	9.788350192364426994e-02
2.235049838708740936e+03	1.657801704738567361e-01	1.046489560358700582e-01	3.152783848825848612e-01	1.876625644025144146e-01	8.751480336869063570e-02	4.106670413345769877e-02	9.804841670285532884e-02
2.249563149349706237e+03	1.651805774345180278e-01	1.042594235444279371e-01	3.156964045152458320e-01	1.878944179130220271e-01	8.762147326703832728e-02	4.113704573707851336e-02	9.821065758849920058e-02
2.264076459990672902e+03	1.645910449350284077e-01	1.038764444744963295e-01	3.161072814862821989e-01	1.881223089974989049e-01	8.772640556690906866e-02	4.120624718872723663e-02	9.837026735088773288e-02
2.278589770631638203e+03	1.640114044263178972e-01	1.034999082198603676e-01	3.165111363292194002e-01	1.883463077488239379e-01	8.782962846007548452e-02	4.127432671055211721e-02	9.852728810498068146e-02
2.293103081272604413e+03	1.634414901863114333e-01	1.031297060410207300e-01	3.169080875442802370e-01	1.885664829693055045e-01	8.793116969343559020e-02	4.134130224598214776e-02	9.868176131949421559e-02
2.307616391913570169e+03	1.628811392724130724e-01	1.027657310336918539e-01	3.172982516326846580e-01	1.887829021959110398e-01	8.803105657563070618e-02	4.140719146358431274e-02	9.883372782591429151e-02
2.322129702554535925e+03	1.623301914747915520e-01	1.024078780978317366e-01	3.176817431303703421e-01	1.889956317249625040e-01	8.812931598357799656e-02	4.147201176088120139e-02	9.898322782741469927e-02
2.336643013195502135e+03	1.617884892704542776e-01	1.020560439071943742e-01	3.180586746411446231e-01	1.892047366363097949e-01	8.822597436891847777e-02	4.153578026812883295e-02	9.913030090767969982e-02
2.351156323836467891e+03	1.612558777780957187e-01	1.017101268793959429e-01	3.184291568692773078e-01	1.894102808169944863e-01	8.832105776438098355e-02	4.159851385205459717e-02	9.927498603963108570e-02
2.365669634477433647e+03	1.607322047137073051e-01	1.013700271464860886e-01	3.187932986515435441e-01	1.896123269844153247e-01	8.841459179006280755e-02	4.166022911955531011e-02	9.941732159405974878e-02
2.380182945118399402e+03	1.602173203469361151e-01	1.010356465260157655e-01	3.191512069887260106e-01	1.898109367090073940e-01	8.850660165962777326e-02	4.172094242135524628e-02	9.955734534816183812e-02
2.394696255759364703e+03	1.597110774581792514e-01	1.007068884925934188e-01	3.195029870765858648e-01	1.900061704364456872e-01	8.859711218642225827e-02	4.178066985562434860e-02	9.969509449397935541e-02
2.409209566400331823e+03	1.592133312964016389e-01	1.003836581499209235e-01	3.198487423363110538e-01	1.901980875093844114e-01	8.868614778951008915e-02	4.183942727155637309e-02	9.983060564674570148e-02
2.423722877041296670e+03	1.587239395376650875e-01	1.000658622033015754e-01	3.201885744444512016e-01	1.903867461887424062e-01	8.877373249962679236e-02	4.189723027290716273e-02	9.996391485313599334e-02
2.438236187682262880e+03	1.582427622443561555e-01	9.975340893261191999e-02	3.205225833623473464e-01	1.905722036745450543e-01	8.885988996505411741e-02	4.195409422149312673e-02	1.000950575994225128e-01
2.452749498323228636e+03	1.577696618251016036e-01	9.944620816572964650e-02	3.208508673650652399e-01	1.907545161263328737e-01	8.894464345741541489e-02	4.201003424064982117e-02	1.002240688195357166e-01
2.467262808964194392e+03	1.573045029953588636e-01	9.914417125240991557e-02	3.211735230698405941e-01	1.909337386831467254e-01	8.902801587739263278e-02	4.206506521865096410e-02	1.003509829030306971e-01
2.481776119605160602e+03	1.568471527386711417e-01	9.884721103860240332e-02	3.214906454640443778e-01	1.911099254830991301e-01	8.911002976036577761e-02	4.211920181208771152e-02	1.004758337029598436e-01
2.496289430246126358e+03	1.563974802685750565e-01	9.855524184120191544e-02	3.218023279326766017e-01	1.912831296825410476e-01	8.919070728197536768e-02	4.217245844920856912e-02	1.005986545436517859e-01
2.510802740887092114e+03	1.559553569911501236e-01	9.826817942322482735e-02	3.221086622853961967e-01	1.914534034748333335e-01	8.927007026360891939e-02	4.222484933321992567e-02	1.007194782283970941e-01
2.525316051528057415e+03	1.555206564681991255e-01	9.798594096940464737e-02	3.224097387830945349e-01	1.916207981087317269e-01	8.934814017781182727e-02	4.227638844554738179e-02	1.008383370470411766e-01
2.539829362169024080e+03	1.550932543810487896e-01	9.770844506219920900e-02	3.227056461640213647e-01	1.917853639063942517e-01	8.942493815362385912e-02	4.232708954905808896e-02	1.009552627834848504e-01
2.554342672809989381e+03	1.546730284949600354e-01	9.743561165820278924e-02	3.229964716694695981e-01	1.919471502810193020e-01	8.950048498184159929e-02	4.237696619124414754e-02	1.010702867230930252e-01
2.568855983450955591e+03	1.542598586241377134e-01	9.716736206495628358e-02	3.232823010690266674e-01	1.921062057541226831e-01	8.957480112020785312e-02	4.242603170736743146e-02	1.011834396600118924e-01
2.583369294091921347e+03	1.538536265973295958e-01	9.690361891814866513e-02	3.235632186854004999e-01	1.922625779724617678e-01	8.964790669852873428e-02	4.247429922356588811e-02	1.012947519043953665e-01
2.597882604732887103e+03	1.534542162240045415e-01	9.664430615920320544e-02	3.238393074188261611e-01	1.924163137246148181e-01	8.971982152371910102e-02	4.252178165992154951e-02	1.014042532895411963e-01
2.612395915373853313e+03	1.530615132611001794e-01	9.638934901324178184e-02	3.241106487710609940e-01	1.925674589572226036e-01	8.979056508477724352e-02	4.256849173349055993e-02	1.015119731789372315e-01
2.626909226014819069e+03	1.526754053803303646e-01	9.613867396742124816e-02	3.243773228689750265e-01	1.927160587909006184e-01	8.986015655768944677e-02	4.261444196129529627e-02	1.016179404732186625e-01
2.641422536655784825e+03	1.522957821360430564e-01	9.589220874963513830e-02	3.246394084877431974e-01	1.928621575358283047e-01	8.992861481026534487e-02	4.265964466327900467e-02	1.017221836170366239e-01
2.655935847296750580e+03	1.519225349336192077e-01	9.564988230757488774e-02	3.248969830736468944e-01	1.930057987070231962e-01	8.999595840690471915e-02	4.270411196522298780e-02	1.018247306058388396e-01
2.670449157937716336e+03	1.515555569984033679e-01	9.541162478814442516e-02	3.251501227664901350e-01	1.931470250393063637e-01	9.006220561329650320e-02	4.274785580162678011e-02	1.019256089925630882e-01
2.684962468578682547e+03	1.511947433451575895e-01	9.517736751722204180e-02	3.253989024216383252e-01	1.932858785019665460e-01	9.012737440105088316e-02	4.279088791855144985e-02	1.020248458942438485e-01
2.699475779219648302e+03	1.508399907480288682e-01	9.494704297976379326e-02	3.256433956316844847e-01	1.934224003131288505e-01	9.019148245226507599e-02	4.283321987642636774e-02	1.021224679985332506e-01
2.713989089860614058e+03	1.504911977110223731e-01	9.472058480024271587e-02	3.258836747477507623e-01	1.935566309538351848e-01	9.025454716402366018e-02	4.287486305281962978e-02	1.022185015701363719e-01
2.728502400501579814e+03	1.501482644389711130e-01	9.449792772341804314e-02	3.261198109004302403e-01	1.936886101818422468e-01	9.031658565283429141e-02	4.291582864517254348e-02	1.023129724571622406e-01
2.743015711142545115e+03	1.498110928089944061e-01	9.427900759542892639e-02	3.263518740203752988e-01	1.938183770451436250e-01	9.037761475899930286e-02	4.295612767349829553e-02	1.024059060973908225e-01
2.757529021783511780e+03	1.494795863424361604e-01	9.406376134520731680e-02	3.265799328585392014e-01	1.939459698952217259e-01	9.043765105092425871e-02	4.299577098304527278e-02	1.024973275244567966e-01
2.772042332424477081e+03	1.491536501772754153e-01	9.385212696620436057e-02	3.268040550060755667e-01	1.940714264000354128e-01	9.049671082936393274e-02	4.303476924692511280e-02	1.025872613739509526e-01
2.786555643065443292e+03	1.488331910410008174e-01	9.364404349842520014e-02	3.270243069139028846e-01	1.941947835567493785e-01	9.055481013160668335e-02	4.307313296870605296e-02	1.026757318894398197e-01
2.801068953706408593e+03	1.485181172239414260e-01	9.343945101076696347e-02	3.272407539119384645e-01	1.943160777042103882e-01	9.061196473559776643e-02	4.311087248497159213e-02	1.027627629284042637e-01
2.815582264347374803e+03	1.482083385530461317e-01	9.323829058365480649e-02	3.274534602280079754e-01	1.944353445351763854e-01	9.066819016400258502e-02	4.314799796784499208e-02	1.028483779680979537e-01
2.830095574988341014e+03	1.479037663661036117e-01	9.304050429197088801e-02	3.276624890064365747e-01	1.945526191083033762e-01	9.072350168821026462e-02	4.318451942747980610e-02	1.029326001113262806e-01
2.844608885629306769e+03	1.476043134863962991e-01	9.284603518827147517e-02	3.278679023263257331e-01	1.946679358598952803e-01	9.077791433227865026e-02	4.322044671451683723e-02	1.030154520921465061e-01
2.859122196270272525e+03	1.473098941977803167e-01	9.265482728628725295e-02	3.280697612195219715e-01	1.947813286154223278e-01	9.083144287682119733e-02	4.325578952250769965e-02	1.030969562814900153e-01
2.873635506911238281e+03	1.470204242201841593e-01	9.246682554470209148e-02	3.282681256882826748e-01	1.948928306008124167e-01	9.088410186283658876e-02	4.329055739030546884e-02	1.031771346927073674e-01
2.888148817552204036e+03	1.467358206855197411e-01	9.228197585120538615e-02	3.284630547226438102e-01	1.950024744535205079e-01	9.093590559548177243e-02	4.332475970442261487e-02	1.032560089870368930e-01
2.902662128193170247e+03	1.464560021139980905e-01	9.210022500681383506e-02	3.286546063174947685e-01	1.951102922333807221e-01	9.098686814778916832e-02	4.335840570135660044e-02	1.033336004789976170e-01
2.917175438834136003e+03	1.461808883908432000e-01	9.192152071045742168e-02	3.288428374893647144e-01	1.952163154332459960e-01	9.103700336432866969e-02	4.339150446988345594e-02	1.034099301417073513e-01
2.931688749475101758e+03	1.459104007433973949e-01	9.174581154382575876e-02	3.290278042929266067e-01	1.953205749894194321e-01	9.108632486481529900e-02	4.342406495331961602e-02	1.034850186121267362e-01
2.946202060116067514e+03	1.456444617186115620e-01	9.157304695647000559e-02	3.292095618372219978e-01	1.954231012918820620e-01	9.113484604766301789e-02	4.345609595175242007e-02	1.035588861962298268e-01
2.960715370757033725e+03	1.453829951609133808e-01	9.140317725115632008e-02	3.293881643016126071e-01	1.955239241943212136e-01	9.118258009348551019e-02	4.348760612423951954e-02	1.036315528741023340e-01
2.975228681397999480e+03	1.451259261904478126e-01	9.123615356946633559e-02	3.295636649514629979e-01	1.956230730239636451e-01	9.122953996854471503e-02	4.351860399097756682e-02	1.037030383049678955e-01
2.989741992038964781e+03	1.448731811816830750e-01	9.107192787764074871e-02	3.297361161535578566e-01	1.957205765912176931e-01	9.127573842814748484e-02	4.354909793544053942e-02	1.037733618321435847e-01
3.004255302679930992e+03	1.446246877423761901e-01	9.091045295266170223e-02	3.299055693912604226e-01	1.958164631991281268e-01	9.132118801999150604e-02	4.357909620648791477e-02	1.038425424879251269e-01
3.018768613320896748e+03	1.443803746928918885e-01	9.075168236857010517e-02	3.300720752794141233e-01	1.959107606526483414e-01	9.136590108746066308e-02	4.360860692044316728e-02	1.039105989984027562e-01
3.033281923961862958e+03	1.441401720458689861e-01	9.059557048301379589e-02	3.302356835789935774e-01	1.960034962677326131e-01	9.140988977287090034e-02	4.363763806314278904e-02	1.039775497882084038e-01
3.047795234602828714e+03	1.439040109862285144e-01	9.044207242402269031e-02	3.303964432115080729e-01	1.960946968802534662e-01	9.145316602066701217e-02	4.366619749195628508e-02	1.040434129851950662e-01
3.062308545243794470e+03	1.436718238515174995e-01	9.029114407700723766e-02	3.305544022731621290e-01	1.961843888547465942e-01	9.149574158057111051e-02	4.369429293777734452e-02	1.041082064250491573e-01
3.076821855884760225e+03	1.434435441125830046e-01	9.014274207197608968e-02	3.307096080487776368e-01	1.962725980929878600e-01	9.153762801068345001e-02	4.372193200698658300e-02	1.041719476558364554e-01
3.091335166525725526e+03	1.432191063545709131e-01	8.999682377096961117e-02	3.308621070254802454e-01	1.963593500424052063e-01	9.157883668053623527e-02	4.374912218338618264e-02	1.042346539424826857e-01
3.105848477166692192e+03	1.429984462582437055e-01	8.985334725570537362e-02	3.310119449061558750e-01	1.964446697043293333e-01	9.161937877410086806e-02	4.377587083010674174e-02	1.042963422711892379e-01
3.120361787807657493e+03	1.427815005816120975e-01	8.971227131543217659e-02	3.311591666226794684e-01	1.965285816420860310e-01	9.165926529274959211e-02	4.380218519148666723e-02	1.043570293537849636e-01
3.134875098448624158e+03	1.425682071418752084e-01	8.957355543498905781e-02	3.313038163489214205e-01	1.966111099889342739e-01	9.169850705817189640e-02	4.382807239492439444e-02	1.044167316320147865e-01
3.149388409089589004e+03	1.423585047976638762e-01	8.943715978306573944e-02	3.314459375135334618e-01	1.966922784558519655e-01	9.173711471524648164e-02	4.385353945270380194e-02	1.044754652817657115e-01
3.163901719730555214e+03	1.421523334315823173e-01	8.930304520066124907e-02	3.315855728125199353e-01	1.967721103391737725e-01	9.177509873486915104e-02	4.387859326379313363e-02	1.045332462172314375e-01
3.178415030371521425e+03	1.419496339330428847e-01	8.917117318973728779e-02	3.317227642215966887e-01	1.968506285280831325e-01	9.181246941673761042e-02	4.390324061561771962e-02	1.045900900950157142e-01
3.192928341012487181e+03	1.417503481813889854e-01	8.904150590206298677e-02	3.318575530083410774e-01	1.969278555119620966e-01	9.184923689209337216e-02	4.392748818580685666e-02	1.046460123181756907e-01
3.207441651653452936e+03	1.415544190293014926e-01	8.891400612824813809e-02	3.319899797441376310e-01	1.970038133876012287e-01	9.188541112642166497e-02	4.395134254391511869e-02	1.047010280402058402e-01
3.221954962294418237e+03	1.413617902864836573e-01	8.878863728696123614e-02	3.321200843159218263e-01	1.970785238662732253e-01	9.192100192210976572e-02	4.397481015311842378e-02	1.047551521689630422e-01
3.236468272935384903e+03	1.411724067036200236e-01	8.866536341432960933e-02	3.322479059377258515e-01	1.971520082806721974e-01	9.195601892106441966e-02	4.399789737188521815e-02	1.048083993705338779e-01
3.250981583576350204e+03	1.409862139566044892e-01	8.854414915351847826e-02	3.323734831620298036e-01	1.972242875917220029e-01	9.199047160728889005e-02	4.402061045562298547e-02	1.048607840730445273e-01
3.265494894217316414e+03	1.408031586310333483e-01	8.842495974448569274e-02	3.324968538909210958e-01	1.972953823952560137e-01	9.202436930942019255e-02	4.404295555830052555e-02	1.049123204704142942e-01
3.280008204858282170e+03	1.406231882069583217e-01	8.830776101390953869e-02	3.326180553870659584e-01	1.973653129285707075e-01	9.205772120322715246e-02	4.406493873404617595e-02	1.049630225260533012e-01
3.294521515499247926e+03	1.404462510438959366e-01	8.819251936528645086e-02	3.327371242844954224e-01	1.974340990768561621e-01	9.209053631406971530e-02	4.408656593872235796e-02	1.050129039765050898e-01
3.309034826140214136e+03	1.402722963660880950e-01	8.807920176919578625e-02	3.328540965992100586e-01	1.975017603795053700e-01	9.212282351932020441e-02	4.410784303147674557e-02	1.050619783350349168e-01
