4.208860085880095880e+02	4.263503805791385437e-01	2.749453685117438373e-01	1.305215885519129260e-01	7.826514202649433039e-02	4.239681643532996341e-02	1.476973186117525212e-02	3.275097203403284224e-02
4.353993192289755143e+02	4.213489523343108556e-01	2.717058324260203661e-01	1.340845368460855669e-01	8.047564167099856280e-02	4.332156916726889739e-02	1.512516432052714126e-02	3.393830323461631548e-02
4.499126298699413837e+02	4.164320220562504060e-01	2.685207144053006756e-01	1.375874728063941066e-01	8.264572435285377772e-02	4.423054390601094399e-02	1.547503240850173212e-02	3.510849006451601667e-02
4.644259405109071963e+02	4.115981597299598338e-01	2.653890998152962921e-01	1.410314055156345614e-01	8.477616353356393075e-02	4.512400775316093016e-02	1.581942896026875683e-02	3.626173469194327731e-02
4.789392511518730657e+02	4.068459596175242887e-01	2.623100893958116298e-01	1.444173270864419489e-01	8.686771689263446394e-02	4.600222328980369674e-02	1.615844524347359590e-02	3.739823847413785429e-02
4.934525617928388783e+02	4.021740398437201880e-01	2.592827990022942841e-01	1.477462129467783103e-01	8.892112667552304339e-02	4.686544865319622333e-02	1.649217098482509344e-02	3.851820189349033224e-02
5.079658724338048046e+02	3.975810419887635949e-01	2.563063593517301286e-01	1.510190221206156869e-01	9.093712003327868165e-02	4.771393761215258350e-02	1.682069439623003898e-02	3.962182449705669435e-02
5.224791830747705035e+02	3.930656306880738748e-01	2.533799157728116591e-01	1.542366975038943766e-01	9.291640935408274071e-02	4.854793964114387239e-02	1.714410220048206632e-02	4.070930483933880156e-02
5.369924937157364866e+02	3.886264932389292825e-01	2.505026279603058681e-01	1.574001661358365167e-01	9.485969258689902484e-02	4.936769999313540824e-02	1.746247965651268053e-02	4.178084042820858629e-02
5.515058043567023560e+02	3.842623392138945770e-01	2.476736697335523985e-01	1.605103394656929860e-01	9.676765355743462138e-02	5.017345977118282258e-02	1.777591058421191736e-02	4.283662767385796460e-02
5.660191149976681118e+02	3.799719000809018143e-01	2.448922287990220048e-01	1.635681136150007320e-01	9.864096227660808236e-02	5.096545599880837607e-02	1.808447738882601810e-02	4.387686184066027367e-02
5.805324256386339812e+02	3.757539288298679114e-01	2.421575065168670993e-01	1.665743696354258785e-01	1.004802752417156275e-01	5.174392168917838625e-02	1.838826108493941264e-02	4.490173700183296146e-02
5.950457362795999643e+02	3.716071996057355165e-01	2.394687176713972410e-01	1.695299737622674996e-01	1.022862357304814562e-01	5.250908591310248646e-02	1.868734132004814738e-02	4.591144599679490568e-02
6.095590469205657200e+02	3.675305073478244977e-01	2.368250902454135665e-01	1.724357776636944173e-01	1.040594740881729402e-01	5.326117386587482516e-02	1.898179639773174207e-02	4.690618039111525001e-02
6.240723575615315895e+02	3.635226674353838061e-01	2.342258651983372131e-01	1.752926186857877433e-01	1.058006080079566397e-01	5.400040693297709221e-02	1.927170330043043861e-02	4.788613043895424692e-02
6.385856682024975726e+02	3.595825153392362972e-01	2.316702962480682582e-01	1.781013200934589702e-01	1.075102428046664643e-01	5.472700275466294006e-02	1.955713771183451716e-02	4.885148504789972590e-02
6.530989788434633283e+02	3.557089062794092649e-01	2.291576496565118082e-01	1.808626913073137499e-01	1.091889716821504985e-01	5.544117528944298573e-02	1.983817403889246572e-02	4.980243174610631679e-02
6.676122894844290840e+02	3.519007148886474368e-01	2.266872040187102866e-01	1.835775281365294442e-01	1.108373759943589026e-01	5.614313487648918410e-02	2.011488543344439744e-02	5.073915665164741018e-02
6.821256001253949535e+02	3.481568348817050129e-01	2.242582500555206082e-01	1.862466130078131998e-01	1.124560255003304587e-01	5.683308829697723136e-02	2.038734381348727281e-02	5.166184444399321563e-02
6.966389107663608229e+02	3.444761787303167178e-01	2.218700904097773152e-01	1.888707151905073267e-01	1.140454786132316378e-01	5.751123883438501866e-02	2.065561988407815450e-02	5.257067833753079067e-02
7.111522214073266923e+02	3.408576773437487772e-01	2.195220394458824442e-01	1.914505910179061243e-01	1.156062826435974161e-01	5.817778633376519820e-02	2.091978315788175363e-02	5.346584005704521636e-02
7.256655320482924481e+02	3.373002797548328435e-01	2.172134230527648091e-01	1.939869841048484367e-01	1.171389740369196408e-01	5.883292726000936834e-02	2.117990197536832528e-02	5.434750981508350981e-02
7.401788426892584312e+02	3.338029528113873878e-01	2.149435784501519675e-01	1.964806255616484421e-01	1.186440786057243735e-01	5.947685475512110714e-02	2.143604352466794288e-02	5.521586629112567451e-02
7.546921533302243006e+02	3.303646808729330253e-01	2.127118539980993317e-01	1.989322342044264891e-01	1.201221117562761564e-01	6.010975869451491704e-02	2.168827386108700822e-02	5.607108661248996068e-02
7.692054639711900563e+02	3.269844655126095678e-01	2.105176090097212738e-01	2.013425167619004030e-01	1.215735787100434978e-01	6.073182574235774095e-02	2.193665792629280464e-02	5.691334633690160738e-02
7.837187746121558121e+02	3.236613252242046546e-01	2.083602135670708233e-01	2.037121680786971034e-01	1.229989747200559008e-01	6.134323940596933533e-02	2.218125956717176619e-02	5.774281943665723199e-02
7.982320852531219089e+02	3.203942951342053647e-01	2.062390483401146946e-01	2.060418713152429582e-01	1.243987852822800722e-01	6.194418008929782754e-02	2.242214155436706227e-02	5.855967828431882932e-02
8.127453958940876646e+02	3.171824267187847712e-01	2.041535044087517126e-01	2.083322981442904676e-01	1.257734863421386962e-01	6.253482514548602822e-02	2.265936560050097609e-02	5.936409363987412563e-02
8.272587065350534203e+02	3.140247875256388932e-01	2.021029830878235400e-01	2.105841089441383152e-01	1.271235444962924566e-01	6.311534892854424317e-02	2.289299237808748236e-02	6.015623463930180187e-02
8.417720171760191761e+02	3.109204609005894460e-01	2.000868957550670513e-01	2.127979529885997700e-01	1.284494171898027115e-01	6.368592284414482940e-02	2.312308153714030465e-02	6.093626878448260564e-02
8.562853278169851592e+02	3.078685457188693464e-01	1.981046636819595863e-01	2.149744686337747013e-01	1.297515529087888975e-01	6.424671539955342792e-02	2.334969172248170868e-02	6.170436193439902961e-02
8.707986384579510286e+02	3.048681561210104252e-01	1.961557178674075419e-01	2.171142835016790784e-01	1.310303913686921562e-01	6.479789225271175013e-02	2.357288059075709000e-02	6.246067829756861423e-02
8.853119490989170117e+02	3.019184212532534661e-01	1.942394988742311979e-01	2.192180146607844993e-01	1.322863636982530566e-01	6.533961626048634397e-02	2.379270482716045604e-02	6.320538042565758408e-02
8.998252597398827675e+02	2.990184850124018023e-01	1.923554566683985112e-01	2.212862688035199532e-01	1.335198926193094104e-01	6.587204752609772396e-02	2.400922016187567384e-02	6.393862920822350471e-02
9.143385703808486369e+02	2.961675057950420853e-01	1.905030504609616093e-01	2.233196424207871678e-01	1.347313926225162661e-01	6.639534344574363200e-02	2.422248138623840294e-02	6.466058386853745787e-02
9.288518810218145063e+02	2.933646562510563438e-01	1.886817485526503801e-01	2.253187219735393876e-01	1.359212701390886679e-01	6.690965875443044553e-02	2.443254236862345968e-02	6.537140196043789153e-02
9.433651916627801484e+02	2.906091230413513915e-01	1.868910281810790830e-01	2.272840840614734903e-01	1.370899237086639910e-01	6.741514557102615268e-02	2.463945607006231761e-02	6.607123936617012583e-02
9.578785023037459041e+02	2.879001065997316422e-01	1.851303753705213495e-01	2.292162955888838172e-01	1.382377441433791931e-01	6.791195344254818966e-02	2.484327455959532346e-02	6.676025029516706455e-02
9.723918129447120009e+02	2.852368208988451670e-01	1.833992847842107476e-01	2.311159139277252361e-01	1.393651146882549097e-01	6.840022938769922678e-02	2.504404902936322244e-02	6.743858728372810474e-02
9.869051235856777566e+02	2.826184932201315503e-01	1.816972595791244705e-01	2.329834870779330103e-01	1.404724111779765416e-01	6.888011793966372642e-02	2.524182980944238847e-02	6.810640119555498584e-02
1.001418434226643626e+03	2.800443639277025443e-01	1.800238112632080445e-01	2.348195538250452408e-01	1.415600021901599892e-01	6.935176118817787394e-02	2.543666638242815525e-02	6.876384122310483238e-02
1.015931744867609382e+03	2.775136862460878540e-01	1.783784595550007290e-01	2.366246438951733755e-01	1.426282491951871290e-01	6.981529882088541306e-02	2.562860739777057459e-02	6.941105488972164339e-02
1.030445055508575479e+03	2.750257260417792171e-01	1.767607322456202779e-01	2.383992781073653588e-01	1.436775067026942188e-01	7.027086816399140401e-02	2.581770068586678249e-02	7.004818805250948022e-02
1.044958366149541234e+03	2.725797616085067765e-01	1.751701650630683449e-01	2.401439685234056376e-01	1.447081224047943870e-01	7.071860422222597808e-02	2.600399327191415741e-02	7.067538490591150635e-02
1.059471676790506763e+03	2.701750834561841286e-01	1.736063015388166764e-01	2.418592185950946549e-01	1.457204373161127831e-01	7.115863971812981525e-02	2.618753138952836790e-02	7.129278798596037914e-02
1.073984987431472746e+03	2.678109941034579333e-01	1.720686928766364532e-01	2.435455233090508265e-01	1.467147859107112706e-01	7.159110513067300230e-02	2.636836049413028224e-02	7.190053817516704748e-02
1.088498298072438729e+03	2.654868078738005233e-01	1.705568978236326472e-01	2.452033693290761041e-01	1.476914962559775779e-01	7.201612873321854014e-02	2.654652527610570564e-02	7.249877470801568968e-02
1.103011608713404712e+03	2.632018506950840053e-01	1.690704825434463654e-01	2.468332351361268717e-01	1.486508901435516228e-01	7.243383663084174140e-02	2.672206967374182729e-02	7.308763517703438517e-02
1.117524919354370468e+03	2.609554599025759591e-01	1.676090204915887949e-01	2.484355911659296701e-01	1.495932832173603177e-01	7.284435279701642618e-02	2.689503688594417283e-02	7.366725553941151639e-02
1.132038229995336451e+03	2.587469840452980008e-01	1.661720922928709987e-01	2.500108999442819946e-01	1.505189850988296885e-01	7.324779910967883778e-02	2.706546938473779890e-02	7.423777012412954845e-02
1.146551540636302207e+03	2.565757826956888699e-01	1.647592856208941192e-01	2.515596162200769426e-01	1.514282995093420292e-01	7.364429538667977004e-02	2.723340892755645587e-02	7.479931163958865314e-02
1.161064851277267962e+03	2.544412262625154741e-01	1.633701950795654889e-01	2.530821870960899278e-01	1.523215243900035987e-01	7.403395942063541180e-02	2.739889656932324030e-02	7.535201118169364276e-02
1.175578161918233945e+03	2.523426958069756587e-01	1.620044220866066753e-01	2.545790521575652665e-01	1.531989520187868603e-01	7.441690701318703915e-02	2.756197267432640777e-02	7.589599824237885928e-02
1.190091472559199701e+03	2.502795828619379659e-01	1.606615747590195153e-01	2.560506435986396045e-01	1.540608691251098006e-01	7.479325200867978363e-02	2.772267692789373225e-02	7.643140071854630235e-02
1.204604783200165684e+03	2.482512892542643734e-01	1.593412678004779981e-01	2.574973863466386015e-01	1.549075570019129156e-01	7.516310632727028762e-02	2.788104834786892319e-02	7.695834492139357053e-02
1.219118093841131440e+03	2.462572269301628036e-01	1.580431223906126614e-01	2.589196981842827872e-01	1.557392916152931239e-01	7.552657999747298956e-02	2.803712529589341695e-02	7.747695558610889766e-02
1.233631404482097196e+03	2.442968177835175558e-01	1.567667660761567217e-01	2.603179898698371186e-01	1.565563437117525325e-01	7.588378118815450324e-02	2.819094548849690809e-02	7.798735588191127444e-02
1.248144715123063179e+03	2.423694934871462037e-01	1.555118326639216564e-01	2.616926652552404864e-01	1.573589789231178149e-01	7.623481623998576429e-02	2.834254600799981580e-02	7.848966742241487993e-02
1.262658025764028707e+03	2.404746953269326359e-01	1.542779621155722369e-01	2.630441214022468666e-01	1.581474578691856869e-01	7.657978969636082545e-02	2.849196331323097450e-02	7.898401027629740889e-02
1.277171336404994690e+03	2.386118740387872528e-01	1.530648004441701460e-01	2.643727486966135909e-01	1.589220362581473811e-01	7.691880433379158499e-02	2.863923325006359835e-02	7.947050297825304643e-02
1.291684647045960673e+03	2.367804896483849952e-01	1.518719996124570926e-01	2.656789309603683757e-01	1.596829649848445221e-01	7.725196119178745491e-02	2.878439106177270099e-02	7.994926254021138268e-02
1.306197957686926657e+03	2.349800113136341351e-01	1.506992174328476708e-01	2.669630455621883058e-01	1.604304902269068356e-01	7.757935960222846206e-02	2.892747139921693356e-02	8.042040446280425414e-02
1.320711268327892412e+03	2.332099171698285289e-01	1.495461174691031514e-01	2.682254635259213593e-01	1.611648535388215953e-01	7.790109721824062250e-02	2.906850833084791141e-02	8.088404274706335884e-02
1.335224578968857941e+03	2.314696941774375127e-01	1.484123689396586177e-01	2.694665496372836144e-01	1.618862919439828241e-01	7.821727004258202665e-02	2.920753535254987099e-02	8.134028990633210277e-02
1.349737889609823924e+03	2.297588379724879448e-01	1.472976466225748293e-01	2.706866625487603928e-01	1.625950380247671856e-01	7.852797245554785088e-02	2.934458539731265095e-02	8.178925697837570452e-02
1.364251200250789907e+03	2.280768527194940720e-01	1.462016307620881972e-01	2.718861548827440355e-01	1.632913200106825835e-01	7.883329724240260850e-02	2.947969084474072465e-02	8.223105353767437564e-02
1.378764510891755890e+03	2.264232509668913651e-01	1.451240069767312513e-01	2.730653733329359567e-01	1.639753618646342115e-01	7.913333562034761959e-02	2.961288353040116700e-02	8.266578770788493569e-02
1.393277821532721646e+03	2.247975535049316076e-01	1.440644661689980954e-01	2.742246587640437272e-01	1.646473833673514076e-01	7.942817726503158260e-02	2.974419475501323407e-02	8.309356617445672055e-02
1.407791132173687402e+03	2.231992892259965500e-01	1.430227044365281197e-01	2.753643463098009447e-01	1.653076002000179734e-01	7.971791033661213000e-02	2.987365529348228257e-02	8.351449419738839197e-02
1.422304442814653157e+03	2.216279949872891619e-01	1.419984229847826296e-01	2.764847654693380341e-01	1.659562240251473975e-01	8.000262150537579275e-02	3.000129540378065549e-02	8.392867562411270022e-02
1.436817753455619140e+03	2.200832154758615433e-01	1.409913280411898007e-01	2.775862402019325659e-01	1.665934625657433665e-01	8.028239597692414520e-02	3.012714483567814627e-02	8.433621290249673774e-02
1.451331064096585123e+03	2.185645030759393037e-01	1.400011307707324515e-01	2.786690890201659054e-01	1.672195196827848396e-01	8.055731751693326337e-02	3.025123283932461271e-02	8.473720709394590156e-02
1.465844374737550879e+03	2.170714177385033028e-01	1.390275471929549866e-01	2.797336250815124492e-01	1.678345954510743476e-01	8.082746847549390767e-02	3.037358817368722777e-02	8.513175788660008736e-02
1.480357685378516862e+03	2.156035268530896720e-01	1.380702981003654184e-01	2.807801562783887594e-01	1.684388862334867953e-01	8.109292981103952136e-02	3.049423911484484828e-02	8.551996360861130464e-02
1.494870996019482618e+03	2.141604051217707860e-01	1.371291089782089856e-01	2.818089853266881883e-01	1.690325847536552351e-01	8.135378111386899758e-02	3.061321346414195080e-02	8.590192124149216568e-02
1.509384306660448374e+03	2.127416344352791866e-01	1.362037099255906103e-01	2.828204098528259158e-01	1.696158801671296679e-01	8.161010062927114006e-02	3.073053855620449040e-02	8.627772643352531190e-02
1.523897617301414357e+03	2.113468037512379882e-01	1.352938355779228219e-01	2.838147224793204360e-01	1.701889581310431221e-01	8.186196528025760366e-02	3.084624126682003475e-02	8.664747351322425739e-02
1.538410927942380113e+03	2.099755089744619607e-01	1.343992250306778602e-01	2.847922109089353615e-01	1.707520008723192873e-01	8.210945068991096218e-02	3.096034802068451872e-02	8.701125550283636545e-02
1.552924238583346096e+03	2.086273528392933452e-01	1.335196217644211147e-01	2.857531580074060273e-01	1.713051872544543996e-01	8.235263120335432896e-02	3.107288479901781572e-02	8.736916413187935382e-02
1.567437549224311852e+03	2.073019447939380977e-01	1.326547735711048337e-01	2.866978418847745957e-01	1.718486928429062699e-01	8.259157990934914984e-02	3.118387714705042266e-02	8.772128985070291873e-02
1.581950859865277607e+03	2.059989008867681159e-01	1.318044324816008139e-01	2.876265359753578665e-01	1.723826899691212333e-01	8.282636866152741362e-02	3.129335018138341279e-02	8.806772184406745640e-02
1.596464170506243590e+03	2.047178436545555313e-01	1.309683546944514776e-01	2.885395091163689418e-01	1.729073477932300817e-01	8.305706809926430290e-02	3.140132859722379044e-02	8.840854804473222139e-02
1.610977481147209119e+03	2.034584020126066484e-01	1.301463005058181299e-01	2.894370256252175588e-01	1.734228323654429527e-01	8.328374766819772457e-02	3.150783667549741929e-02	8.874385514704587197e-02
1.625490791788175102e+03	2.022202111467624741e-01	1.293380342406072470e-01	2.903193453755100739e-01	1.739293066861724302e-01	8.350647564040047932e-02	3.161289828984157474e-02	8.907372862053214435e-02
1.640004102429141085e+03	2.010029124072342244e-01	1.285433241847541985e-01	2.911867238717706918e-01	1.744269307649129463e-01	8.372531913421094041e-02	3.171653691347913612e-02	8.939825272346420271e-02
1.654517413070107068e+03	1.998061532042424704e-01	1.277619425186455049e-01	2.920394123229071437e-01	1.749158616779050157e-01	8.394034413372829240e-02	3.181877562597645176e-02	8.971751051642146146e-02
1.669030723711072824e+03	1.986295869054288676e-01	1.269936652516598929e-01	2.928776577144394655e-01	1.753962536246108372e-01	8.415161550797775614e-02	3.191963711988689278e-02	9.003158387582260724e-02
1.683544034352038352e+03	1.974728727350104629e-01	1.262382721578101108e-01	2.937017028795150808e-01	1.758682579830280202e-01	8.435919702975143430e-02	3.201914370728196207e-02	9.034055350742929702e-02
1.698057344993004335e+03	1.963356756746464371e-01	1.254955467124661550e-01	2.945117865687288394e-01	1.763320233638674406e-01	8.456315139413055071e-02	3.211731732617190832e-02	9.064449895981505079e-02
1.712570655633970318e+03	1.952176663659886124e-01	1.247652760301424940e-01	2.953081435187691062e-01	1.767876956636200425e-01	8.476354023669413484e-02	3.221417954681773943e-02	9.094349863779423171e-02
1.727083966274936301e+03	1.941185210148863305e-01	1.240472508033308441e-01	2.960910045199094953e-01	1.772354181165375908e-01	8.496042415141967508e-02	3.230975157793640473e-02	9.123762981580599285e-02
1.741597276915902057e+03	1.930379212972179181e-01	1.233412652423611783e-01	2.968605964823652354e-01	1.776753313455512184e-01	8.515386270828091686e-02	3.240405427280106110e-02	9.152696865124874959e-02
1.756110587556867813e+03	1.919755542663206804e-01	1.226471170162737045e-01	2.976171425015339267e-01	1.781075734121513043e-01	8.534391447054791302e-02	3.249710813523811609e-02	9.181159019776065355e-02
1.770623898197833569e+03	1.909311122619924139e-01	1.219646071946846183e-01	2.983608619221383984e-01	1.785322798652514975e-01	8.553063701179453027e-02	3.258893332552284527e-02	9.209156841844194641e-02
1.785137208838799552e+03	1.899042928210373238e-01	1.212935401906291982e-01	2.990919704012919289e-01	1.789495837890592855e-01	8.571408693261810263e-02	3.267954966617529072e-02	9.236697619901515499e-02
1.799650519479765535e+03	1.888947985893301706e-01	1.206337237043655641e-01	2.998106799705018144e-01	1.793596158499750071e-01	8.589431987707633886e-02	3.276897664765811985e-02	9.263788536091929759e-02
1.814163830120731291e+03	1.879023372353727794e-01	1.199849686681231098e-01	3.005171990966307716e-01	1.797625043425403468e-01	8.607139054884627161e-02	3.285723343397815160e-02	9.290436667433488171e-02
1.828677140761696819e+03	1.869266213653173192e-01	1.193470891917796095e-01	3.012117327418330492e-01	1.801583752344574907e-01	8.624535272710973088e-02	3.294433886819311819e-02	9.316648987113589075e-02
1.843190451402663257e+03	1.859673684394314574e-01	1.187199025094515387e-01	3.018944824224825685e-01	1.805473522106989248e-01	8.641625928217033792e-02	3.303031147782533455e-02	9.342432365776601189e-02
1.857703762043628785e+03	1.850243006899806308e-01	1.181032289269820929e-01	3.025656462671098557e-01	1.809295567167276964e-01	8.658416219080623810e-02	3.311516948018381618e-02	9.367793572803582991e-02
1.872217072684594768e+03	1.840971450405035070e-01	1.174968917703119314e-01	3.032254190733648658e-01	1.813051080008477589e-01	8.674911255136324995e-02	3.319893078759637850e-02	9.392739277583844748e-02
1.886730383325560297e+03	1.831856330264567401e-01	1.169007173347177547e-01	3.038739923640219609e-01	1.816741231557029157e-01	8.691116059859274601e-02	3.328161301255332105e-02	9.417276050778065899e-02
1.901243693966526507e+03	1.822895007172057602e-01	1.163145348349041014e-01	3.045115544420426978e-01	1.820367171589432898e-01	8.707035571823869280e-02	3.336323347276411860e-02	9.441410365572741603e-02
1.915757004607492036e+03	1.814084886393383667e-01	1.157381763559341553e-01	3.051382904447128563e-01	1.823930029130768626e-01	8.722674646137795751e-02	3.344380919612860437e-02	9.465148598925719747e-02
1.930270315248458019e+03	1.805423417012791965e-01	1.151714768049851845e-01	3.057543823968693064e-01	1.827430912845238731e-01	8.738038055851812813e-02	3.352335692562414399e-02	9.488497032802611919e-02
1.944783625889424002e+03	1.796908091191821710e-01	1.146142738639151226e-01	3.063600092632311478e-01	1.830870911418913671e-01	8.753130493345707974e-02	3.360189312411017426e-02	9.511461855403881283e-02
1.959296936530389530e+03	1.788536443440797707e-01	1.140664079426263466e-01	3.069553469998514972e-01	1.834251093934844978e-01	8.767956571690807555e-02	3.367943397905152209e-02	9.534049162382417231e-02
1.973810247171355968e+03	1.780306049902672660e-01	1.135277221332133130e-01	3.075405686047035236e-01	1.837572510240710610e-01	8.782520825989455215e-02	3.375599540716190533e-02	9.556264958051427505e-02
1.988323557812321269e+03	1.772214527649013660e-01	1.129980621648811051e-01	3.081158441674161086e-01	1.840836191309151160e-01	8.796827714691847488e-02	3.383159305896892705e-02	9.578115156582485412e-02
2.002836868453287707e+03	1.764259533987919126e-01	1.124772763596215280e-01	3.086813409181729528e-01	1.844043149590957886e-01	8.810881620890610721e-02	3.390624232330188836e-02	9.599605583193583647e-02
2.017350179094252780e+03	1.756438765783670253e-01	1.119652155886344119e-01	3.092372232757894523e-01	1.847194379361258021e-01	8.824686853593483038e-02	3.397995833170380786e-02	9.620741975327058715e-02
2.031863489735218764e+03	1.748749958787914616e-01	1.114617332294813162e-01	3.097836528949814983e-01	1.850290857058853322e-01	8.838247648974492665e-02	3.405275596276884781e-02	9.641529983817261062e-02
2.046376800376184747e+03	1.741190886982179609e-01	1.109666851239595603e-01	3.103207887128383580e-01	1.853333541618853442e-01	8.851568171603974022e-02	3.412464984640640325e-02	9.661975174047858494e-02
2.060890111017150957e+03	1.733759361931536680e-01	1.104799295366841322e-01	3.108487869945154025e-01	1.856323374798747594e-01	8.864652515657814313e-02	3.419565436803319314e-02	9.682083027098667416e-02
2.075403421658116713e+03	1.726453232149211259e-01	1.100013271143660126e-01	3.113678013781572829e-01	1.859261281498055252e-01	8.877504706106235932e-02	3.426578367269446368e-02	9.701858940881921689e-02
2.089916732299082469e+03	1.719270382471962677e-01	1.095307408457748127e-01	3.118779829190664876e-01	1.862148170071689368e-01	8.890128699882501873e-02	3.433505166911558770e-02	9.721308231267890287e-02
2.104430042940048224e+03	1.712208733446046460e-01	1.090680360223744566e-01	3.123794801331287174e-01	1.864984932637166748e-01	8.902528387031866108e-02	3.440347203368516321e-02	9.740436133199772972e-02
2.118943353581013525e+03	1.705266240723579130e-01	1.086130801996205847e-01	3.128724390395083432e-01	1.867772445375791845e-01	8.914707591841099232e-02	3.447105821437085327e-02	9.759247801797815702e-02
2.133456664221980191e+03	1.698440894469131768e-01	1.081657431589083534e-01	3.133570032026256613e-01	1.870511568827948057e-01	8.926670073948934914e-02	3.453782343456903575e-02	9.777748313452568063e-02
2.147969974862945492e+03	1.691730718776372766e-01	1.077258968701599734e-01	3.138333137734283240e-01	1.873203148182611966e-01	8.938419529437739708e-02	3.460378069688942876e-02	9.795942666907249408e-02
2.162483285503912157e+03	1.685133771094593502e-01	1.072934154550410218e-01	3.143015095299689921e-01	1.875848013561216276e-01	8.949959591906746226e-02	3.466894278687577408e-02	9.813835784329187628e-02
2.176996596144877003e+03	1.678648141664948468e-01	1.068681751507950944e-01	3.147617269173003662e-01	1.878446980295979951e-01	8.961293833527134156e-02	3.473332227666362654e-02	9.831432512370281984e-02
2.191509906785843214e+03	1.672271952966241926e-01	1.064500542746863315e-01	3.152141000866994225e-01	1.881000849202820457e-01	8.972425766079299148e-02	3.479693152857641497e-02	9.848737623216469173e-02
2.206023217426809424e+03	1.666003359170101505e-01	1.060389331890395220e-01	3.156587609342322853e-01	1.883510406848958041e-01	8.983358841972587105e-02	3.485978269866072538e-02	9.865755815626171821e-02
2.220536528067775180e+03	1.659840545605378026e-01	1.056346942668679595e-01	3.160958391386703425e-01	1.885976425815328317e-01	8.994096455247793664e-02	3.492188774016184716e-02	9.882491715957725242e-02
2.235049838708740936e+03	1.653781728231614734e-01	1.052372218580790442e-01	3.165254621987692030e-01	1.888399664953907542e-01	9.004641942562731372e-02	3.498325840694064409e-02	9.898949879185756084e-02
2.249563149349706237e+03	1.647825153121432185e-01	1.048464022562477643e-01	3.169477554699201005e-01	1.890780869640055206e-01	9.014998584161144912e-02	3.504390625683268673e-02	9.915134789906525359e-02
2.264076459990672902e+03	1.641969095951677782e-01	1.044621236659488417e-01	3.173628422001857352e-01	1.893120772019980524e-01	9.025169604825249159e-02	3.510384265495065242e-02	9.931050863332244183e-02
2.278589770631638203e+03	1.636211861503189535e-01	1.040842761706378683e-01	3.177708435657297659e-01	1.895420091253430528e-01	9.035158174812182863e-02	3.516307877693097828e-02	9.946702446274351128e-02
2.293103081272604413e+03	1.630551783169029156e-01	1.037127517010723865e-01	3.181718787056507791e-01	1.897679533751700232e-01	9.044967410774633343e-02	3.522162561212564824e-02	9.962093818115790034e-02
2.307616391913570169e+03	1.624987222471039605e-01	1.033474440042636416e-01	3.185660647562302272e-01	1.899899793411060911e-01	9.054600376665913886e-02	3.527949396674007893e-02	9.977229191772292449e-02
2.322129702554535925e+03	1.619516568584585536e-01	1.029882486129503477e-01	3.189535168846047708e-01	1.902081551841700024e-01	9.064060084629746439e-02	3.533669446691801302e-02	9.992112714642691074e-02
2.336643013195502135e+03	1.614138237871341752e-01	1.026350628155854039e-01	3.193343483218723522e-01	1.904225478592265486e-01	9.073349495875017434e-02	3.539323756177434332e-02	1.000674846954829889e-01
2.351156323836467891e+03	1.608850673419984501e-01	1.022877856268272628e-01	3.197086703956416587e-01	1.906332231370105601e-01	9.082471521535756542e-02	3.544913352637668602e-02	1.002114047566137617e-01
2.365669634477433647e+03	1.603652344594659884e-01	1.019463177585270830e-01	3.200765925620340235e-01	1.908402456257289881e-01	9.091429023516582608e-02	3.550439246467661930e-02	1.003529268942273955e-01
2.380182945118399402e+03	1.598541746591093660e-01	1.016105615912037130e-01	3.204382224371474797e-01	1.910436787922499269e-01	9.100224815323873506e-02	3.555902431239146150e-02	1.004920900544852419e-01
2.394696255759364703e+03	1.593517400000211415e-01	1.012804211459980286e-01	3.207936658279916808e-01	1.912435849828869883e-01	9.108861662882897225e-02	3.561303883983729657e-02	1.006289325742618507e-01
2.409209566400331823e+03	1.588577850379143952e-01	1.009558020570986842e-01	3.211430267629027946e-01	1.914400254437870763e-01	9.117342285341135943e-02	3.566644565471428080e-02	1.007634921899973335e-01
2.423722877041296670e+03	1.583721667829492974e-01	1.006366115446314241e-01	3.214864075214466932e-01	1.916330603409300559e-01	9.125669355858041787e-02	3.571925420484485525e-02	1.008958060464431317e-01
2.438236187682262880e+03	1.578947446582731340e-01	1.003227583880039325e-01	3.218239086638196578e-01	1.918227487797474762e-01	9.133845502381465753e-02	3.577147378086570351e-02	1.010259107053012723e-01
2.452749498323228636e+03	1.574253804592618267e-01	1.000141528996987828e-01	3.221556290597544780e-01	1.920091488243689248e-01	9.141873308410951304e-02	3.582311351887435685e-02	1.011538421537579308e-01
2.467262808964194392e+03	1.569639383134510402e-01	9.971070689950693733e-02	3.224816659169407185e-01	1.921923175165028141e-01	9.149755313748156316e-02	3.587418240303099498e-02	1.012796358129117585e-01
2.481776119605160602e+03	1.565102846411451643e-01	9.941233368919420721e-02	3.228021148089670334e-01	1.923723108939593418e-01	9.157494015234587947e-02	3.592468926811642760e-02	1.014033265460977662e-01
2.496289430246126358e+03	1.560642881166927898e-01	9.911894802759364798e-02	3.231170697027935246e-01	1.925491840088229267e-01	9.165091867476886367e-02	3.597464280204683285e-02	1.015249486671072204e-01
2.510802740887092114e+03	1.556258196304170782e-01	9.883046610611646854e-02	3.234266229857625241e-01	1.927229909452808088e-01	9.172551283559855773e-02	3.602405154834607826e-02	1.016445359483042765e-01
2.525316051528057415e+03	1.551947522511901156e-01	9.854680552467472154e-02	3.237308654921547957e-01	1.928937848371151953e-01	9.179874635747453659e-02	3.607292390857627651e-02	1.017621216286401092e-01
2.539829362169024080e+03	1.547709611896404824e-01	9.826788526800853130e-02	3.240298865292995378e-01	1.930616178848651998e-01	9.187064256171945109e-02	3.612126814472734621e-02	1.018777384215651671e-01
2.554342672809989381e+03	1.543543237619829922e-01	9.799362568241126725e-02	3.243237739032452382e-01	1.932265413726655667e-01	9.194122437511417778e-02	3.616909238156620215e-02	1.019914185228402714e-01
2.568855983450955591e+03	1.539447193544600245e-01	9.772394845284601561e-02	3.246126139439989844e-01	1.933886056847685941e-01	9.201051433655850487e-02	3.621640460894633845e-02	1.021031936182473371e-01
2.583369294091921347e+03	1.535420293883845988e-01	9.745877658044647951e-02	3.248964915303411694e-01	1.935478603217552496e-01	9.207853460361943576e-02	3.626321268407837334e-02	1.022130948912004927e-01
2.597882604732887103e+03	1.531461372857743364e-01	9.719803436039625710e-02	3.251754901142233090e-01	1.937043539164423345e-01	9.214530695896890056e-02	3.630952433376232608e-02	1.023211530302583216e-01
2.612395915373853313e+03	1.527569284355667079e-01	9.694164736017978068e-02	3.254496917447554649e-01	1.938581342494909154e-01	9.221085281671266565e-02	3.635534715658218785e-02	1.024273982365380004e-01
2.626909226014819069e+03	1.523742901604055178e-01	9.668954239819883834e-02	3.257191770917904905e-01	1.940092482647227112e-01	9.227519322861249540e-02	3.640068862506345287e-02	1.025318602310322791e-01
2.641422536655784825e+03	1.519981116839889679e-01	9.644164752274854424e-02	3.259840254691112049e-01	1.941577420841497925e-01	9.233834889020318959e-02	3.644555608779426886e-02	1.026345682618298172e-01
2.655935847296750580e+03	1.516282840989700842e-01	9.619789199134665125e-02	3.262443148572284346e-01	1.943036610227233396e-01	9.240034014680635621e-02	3.648995677151073425e-02	1.027355511112401087e-01
2.670449157937716336e+03	1.512647003353994879e-01	9.595820625041033558e-02	3.265001219257955833e-01	1.944470496028070927e-01	9.246118699944266828e-02	3.653389778314708458e-02	1.028348371028234148e-01
2.684962468578682547e+03	1.509072551297020170e-01	9.572252191527449994e-02	3.267515220556457822e-01	1.945879515683811289e-01	9.252090911064418666e-02	3.657738611185119143e-02	1.029324541083268679e-01
2.699475779219648302e+03	1.505558449941777344e-01	9.549077175054593303e-02	3.269985893604591132e-01	1.947264098989806291e-01	9.257952581016874738e-02	3.662042863096611617e-02	1.030284295545274009e-01
2.713989089860614058e+03	1.502103681870184670e-01	9.526288965078778814e-02	3.272413967080653463e-01	1.948624668233757962e-01	9.263705610061764850e-02	3.666303209997821139e-02	1.031227904299824583e-01
2.728502400501579814e+03	1.498707246828314688e-01	9.503881062152853831e-02	3.274800157413882973e-01	1.949961638329970604e-01	9.269351866295869047e-02	3.670520316643232500e-02	1.032155632916892801e-01
2.743015711142545115e+03	1.495368161436611276e-01	9.481847076059027324e-02	3.277145168990386326e-01	1.951275416951113173e-01	9.274893186195581896e-02	3.674694836781472462e-02	1.033067742716537729e-01
2.757529021783511780e+03	1.492085458905005046e-01	9.460180723973074524e-02	3.279449694355597300e-01	1.952566404657536947e-01	9.280331375150717432e-02	3.678827413340420710e-02	1.033964490833696181e-01
2.772042332424477081e+03	1.488858188752847367e-01	9.438875828659397393e-02	3.281714414413335335e-01	1.953834995024196219e-01	9.285668207989301870e-02	3.682918678609205243e-02	1.034846130282087440e-01
2.786555643065443292e+03	1.485685416533574221e-01	9.417926316696428879e-02	3.283939998621516199e-01	1.955081574765222263e-01	9.290905429493508116e-02	3.686969254417116204e-02	1.035712910017238392e-01
2.801068953706408593e+03	1.482566223564027175e-01	9.397326216731854975e-02	3.286127105184573627e-01	1.956306523856191359e-01	9.296044754906876428e-02	3.690979752309511697e-02	1.036565074998639369e-01
2.815582264347374803e+03	1.479499706658346236e-01	9.377069657767173050e-02	3.288276381242642987e-01	1.957510215654137409e-01	9.301087870432975246e-02	3.694950773720748899e-02	1.037402866251038863e-01
2.830095574988341014e+03	1.476484977866363013e-01	9.357150867471063227e-02	3.290388463057568047e-01	1.958693017015347149e-01	9.306036433725640988e-02	3.698882910144200148e-02	1.038226520924886292e-01
2.844608885629306769e+03	1.473521164216412549e-01	9.337564170521135687e-02	3.292463976195775799e-01	1.959855288410985441e-01	9.310892074370946681e-02	3.702776743299401874e-02	1.039036272355932239e-01
2.859122196270272525e+03	1.470607407462493355e-01	9.318303986973523745e-02	3.294503535708080411e-01	1.960997384040592262e-01	9.315656394361031267e-02	3.706632845296380097e-02	1.039832350123993665e-01
2.873635506911238281e+03	1.467742863835699851e-01	9.299364830659899439e-02	3.296507746306463482e-01	1.962119651943489973e-01	9.320330968559935314e-02	3.710451778797210082e-02	1.040614980110895205e-01
2.888148817552204036e+03	1.464926703799854513e-01	9.280741307611416191e-02	3.298477202537878350e-01	1.963222434108144732e-01	9.324917345161559679e-02	3.714234097174843457e-02	1.041384384557593190e-01
2.902662128193170247e+03	1.462158111811269479e-01	9.262428114509152488e-02	3.300412488955138945e-01	1.964306066579517562e-01	9.329417046139917846e-02	3.717980344669260390e-02	1.042140782120493520e-01
2.917175438834136003e+03	1.459436286082568535e-01	9.244420037160591685e-02	3.302314180284929290e-01	1.965370879564450057e-01	9.333831567691759645e-02	3.721691056540988446e-02	1.042884387926970302e-01
2.931688749475101758e+03	1.456760438350497844e-01	9.226711949001713264e-02	3.304182841592993025e-01	1.966417197535115513e-01	9.338162380671750917e-02	3.725366759222029089e-02	1.043615413630096661e-01
2.946202060116067514e+03	1.454129793647662983e-01	9.209298809624261173e-02	3.306019028446539609e-01	1.967445339330576581e-01	9.342410931020289633e-02	3.729007970464238292e-02	1.044334067462593663e-01
2.960715370757033725e+03	1.451543590078119006e-01	9.192175663327760426e-02	3.307823287073929919e-01	1.968455618256486905e-01	9.346578640184100006e-02	3.732615199485209839e-02	1.045040554290008888e-01
2.975228681397999480e+03	1.449001078596754144e-01	9.175337637695871185e-02	3.309596154521665667e-01	1.969448342182969491e-01	9.350666905529744777e-02	3.736188947111689779e-02	1.045735075663131591e-01
2.989741992038964781e+03	1.446501522792400518e-01	9.158779942196676460e-02	3.311338158808748156e-01	1.970423813640707622e-01	9.354677100750141694e-02	3.739729705920578906e-02	1.046417829869655397e-01
3.004255302679930992e+03	1.444044198674608870e-01	9.142497866806489903e-02	3.313049819078437430e-01	1.971382329915284115e-01	9.358610576264221603e-02	3.743237960377554518e-02	1.047089011985094797e-01
3.018768613320896748e+03	1.441628394464024576e-01	9.126486780656792308e-02	3.314731645747460154e-01	1.972324183139801124e-01	9.362468659609846089e-02	3.746714186973354455e-02	1.047748813922966676e-01
3.033281923961862958e+03	1.439253410386305554e-01	9.110742130703916586e-02	3.316384140652712809e-01	1.973249660385812398e-01	9.366252655830097085e-02	3.750158854357758809e-02	1.048397424484243806e-01
3.047795234602828714e+03	1.436918558469523211e-01	9.095259440421087083e-02	3.318007797195492437e-01	1.974159043752602150e-01	9.369963847853027272e-02	3.753572423471322750e-02	1.049035029406090169e-01
3.062308545243794470e+03	1.434623162344982050e-01	9.080034308512445473e-02	3.319603100483307090e-01	1.975052610454841318e-01	9.373603496865025309e-02	3.756955347674875018e-02	1.049661811409885737e-01
3.076821855884760225e+03	1.432366557051407696e-01	9.065062407648678822e-02	3.321170527469301526e-01	1.975930632908651507e-01	9.377172842677865272e-02	3.760308072876841767e-02	1.050277950248551251e-01
3.091335166525725526e+03	1.430148088842438381e-01	9.050339483223916737e-02	3.322710547089336997e-01	1.976793378816106284e-01	9.380673104089566616e-02	3.763631037658418665e-02	1.050883622753178565e-01
3.105848477166692192e+03	1.427967114997371334e-01	9.035861352133511826e-02	3.324223620396766776e-01	1.977641111248203132e-01	9.384105479239158998e-02	3.766924673396634948e-02	1.051479002878978747e-01
3.120361787807657493e+03	1.425823003635105224e-01	9.021623901572356496e-02	3.325710200694947383e-01	1.978474088726328850e-01	9.387471145955467167e-02	3.770189404385338588e-02	1.052064261750553092e-01
3.134875098448624158e+03	1.423715133531222865e-01	9.007623087853409982e-02	3.327170733667520475e-01	1.979292565302254447e-01	9.390771262100001959e-02	3.773425647954146978e-02	1.052639567706497165e-01
3.149388409089589004e+03	1.421642893938166174e-01	8.993854935246071991e-02	3.328605657506506499e-01	1.980096790636678705e-01	9.394006965904072581e-02	3.776633814585385329e-02	1.053205086343346614e-01
3.163901719730555214e+03	1.419605684408446200e-01	8.980315534834085178e-02	3.330015403038241173e-01	1.980887010076357035e-01	9.397179376300202058e-02	3.779814308029059988e-02	1.053760980558871851e-01
3.178415030371521425e+03	1.417602914620839649e-01	8.967001043392636150e-02	3.331400393847198105e-01	1.981663464729834512e-01	9.400289593247952713e-02	3.782967525415888155e-02	1.054307410594730876e-01
3.192928341012487181e+03	1.415634004209520569e-01	8.953907682284319158e-02	3.332761046397728077e-01	1.982426391541814159e-01	9.403338698054256040e-02	3.786093857368422189e-02	1.054844534078488022e-01
3.207441651653452936e+03	1.413698382596077496e-01	8.941031736373661332e-02	3.334097770153752194e-01	1.983176023366184093e-01	9.406327753688334403e-02	3.789193688110306657e-02	1.055372506065006682e-01
3.221954962294418237e+03	1.411795488824367228e-01	8.928369552959898592e-02	3.335410967696443296e-01	1.983912589037727936e-01	9.409257805091303384e-02	3.792267395573682698e-02	1.055891479077223916e-01
3.236468272935384903e+03	1.409924771398158028e-01	8.915917540727674728e-02	3.336701034839926194e-01	1.984636313442548206e-01	9.412129879480560235e-02	3.795315351504792434e-02	1.056401603146316370e-01
3.250981583576350204e+03	1.408085688121513690e-01	8.903672168715388857e-02	3.337968360745035001e-01	1.985347417587219054e-01	9.414944986649025072e-02	3.798337921567793846e-02	1.056903025851262945e-01
3.265494894217316414e+03	1.406277705941872957e-01	8.891629965300872074e-02	3.339213328031160333e-01	1.986046118666698335e-01	9.417704119259338869e-02	3.801335465446831208e-02	1.057395892357815004e-01
3.280008204858282170e+03	1.404500300795779588e-01	8.879787517204115743e-02	3.340436312886211900e-01	1.986732630131020361e-01	9.420408253133093213e-02	3.804308336946386065e-02	1.057880345456879284e-01
3.294521515499247926e+03	1.402752957457216176e-01	8.868141468506765546e-02	3.341637685174733141e-01	1.987407161750790185e-01	9.423058347535184787e-02	3.807256884089928878e-02	1.058356525602323628e-01
3.309034826140214136e+03	1.401035169388497870e-01	8.856688519688088457e-02	3.342817808544200631e-01	1.988069919681504927e-01	9.425655345453363976e-02	3.810181449216915733e-02	1.058824570948210947e-01
