4.208860085880095880e+02	4.263503805791385437e-01	2.749453685117438373e-01	1.305215885519129260e-01	7.826514202649433039e-02	4.239681643532996341e-02	1.476973186117525212e-02	3.275097203403284224e-02
4.353993192289755143e+02	4.213176464701188784e-01	2.717207800370824433e-01	1.340897006357359145e-01	8.045364087211893944e-02	4.348510462822647443e-02	1.506220206751365635e-02	3.387092528903132976e-02
4.499126298699413837e+02	4.163726559880390754e-01	2.685501770076322847e-01	1.375978553692144002e-01	8.261611764377695122e-02	4.450464386862069271e-02	1.536168727165191858e-02	3.499686285089227689e-02
4.644259405109071963e+02	4.115134319031618082e-01	2.654326549144750413e-01	1.410470603175173199e-01	8.474895219297393090e-02	4.546755182211582869e-02	1.566680833413362089e-02	3.612354051544992839e-02
4.789392511518730657e+02	4.067381326929548346e-01	2.623673244122645687e-01	1.444383057331186104e-01	8.684953776490039745e-02	4.638336340707219230e-02	1.597643280881055894e-02	3.724690318070623951e-02
4.934525617928388783e+02	4.020450282886910975e-01	2.593533110638216455e-01	1.477725649319987788e-01	8.891605426515949984e-02	4.725959030688559742e-02	1.628962419224350144e-02	3.836382695102728835e-02
5.079658724338048046e+02	3.974324809851069729e-01	2.563897550892694222e-01	1.510507946451400962e-01	9.094729095515810546e-02	4.810215913552072509e-02	1.660560206481062964e-02	3.947191712482144704e-02
5.224791830747705035e+02	3.928989303953708823e-01	2.534758111195773989e-01	1.542739353497099564e-01	9.294250784532485932e-02	4.891575457508064856e-02	1.692371076569972044e-02	4.056934994906389452e-02
5.369924937157364866e+02	3.884428815759852216e-01	2.506106479543969701e-01	1.574429115833901327e-01	9.490132738315178174e-02	4.970408809598831495e-02	1.724339475517751297e-02	4.165474865173742630e-02
5.515058043567023560e+02	3.840628956360518931e-01	2.477934483240824548e-01	1.605586322445767267e-01	9.682364985599145601e-02	5.047010840018244238e-02	1.756417921787668812e-02	4.272708632106572008e-02
5.660191149976681118e+02	3.797575822939742163e-01	2.450234086558011337e-01	1.636219908805997270e-01	9.870958735608929835e-02	5.121616622707587940e-02	1.788565477436372675e-02	4.378560981192343438e-02
5.805324256386339812e+02	3.755255939610724902e-01	2.422997388436424759e-01	1.666338659656615151e-01	1.005594122732418327e-01	5.194414342061483975e-02	1.820746541378022790e-02	4.482978012181408622e-02
5.950457362795999643e+02	3.713656210227499477e-01	2.396216620226433724e-01	1.695951211698401018e-01	1.023735171559066598e-01	5.265555400894244426e-02	1.852929895263281598e-02	4.585922566711212595e-02
6.095590469205657200e+02	3.672763880592371244e-01	2.369884143466506887e-01	1.725066056202264886e-01	1.041523834671359006e-01	5.335162336695491864e-02	1.885087947539077630e-02	4.687370566423158108e-02
6.240723575615315895e+02	3.632566508038489461e-01	2.343992447699466131e-01	1.753691541550479738e-01	1.058965572985502285e-01	5.403335021545710437e-02	1.917196133047980797e-02	4.787308142649685655e-02
6.385856682024975726e+02	3.593051936804733115e-01	2.318534148325661071e-01	1.781835875714596618e-01	1.076066305259642253e-01	5.470155517959152808e-02	1.949232434761688157e-02	4.885729386215580811e-02
6.530989788434633283e+02	3.554208277962986884e-01	2.293501984492379853e-01	1.809507128675525989e-01	1.092832262194756709e-01	5.535691882180086149e-02	1.981177001476134777e-02	4.982634583070038453e-02
6.676122894844290840e+02	3.516023892926406491e-01	2.268888817018840376e-01	1.836713234790218752e-01	1.109269873786185717e-01	5.600001143228688222e-02	2.013011840960454366e-02	5.078028830577097086e-02
6.821256001253949535e+02	3.478487379777583377e-01	2.244687626356126620e-01	1.863461995108564861e-01	1.125385682650432151e-01	5.663131636477006237e-02	2.044720572488540472e-02	5.171920952090140050e-02
6.966389107663608229e+02	3.441587561820211305e-01	2.220891510581453898e-01	1.889761079643469122e-01	1.141186277632550566e-01	5.725124831758890420e-02	2.076288226156659811e-02	5.264322645290359093e-02
7.111522214073266923e+02	3.405313477886862672e-01	2.197493683426163247e-01	1.915618029596564409e-01	1.156678243237171250e-01	5.786016765651483262e-02	2.107701079112058937e-02	5.355247813751602692e-02
7.256655320482924481e+02	3.369654374036489819e-01	2.174487472336859295e-01	1.941040259541614854e-01	1.171868121395374523e-01	5.845839163785666870e-02	2.138946520949093835e-02	5.444712042144605330e-02
7.401788426892584312e+02	3.334599696354407783e-01	2.151866316569122639e-01	1.966035059567350918e-01	1.186762382838479624e-01	5.904620320420337493e-02	2.170012942199077075e-02	5.532732184069728137e-02
7.546921533302243006e+02	3.300139084629468700e-01	2.129623765313234940e-01	1.990609597381216844e-01	1.201367405943971900e-01	5.962385787931935577e-02	2.200889641147899672e-02	5.619326038223982495e-02
7.692054639711900563e+02	3.266262366731706446e-01	2.107753475851376623e-01	2.014770920375331675e-01	1.215689461383980402e-01	6.019158917450182639e-02	2.231566745240047209e-02	5.704512093868562700e-02
7.837187746121558121e+02	3.232959553551716936e-01	2.086249211745751231e-01	2.038525957655787924e-01	1.229734701270916858e-01	6.074961282927585082e-02	2.262035144130299102e-02	5.788309330683129306e-02
7.982320852531219089e+02	3.200220834392858427e-01	2.065104841057126273e-01	2.061881522036299319e-01	1.243509151780000516e-01	6.129813013926588977e-02	2.292286432073288582e-02	5.870737061320012440e-02
8.127453958940876646e+02	3.168036572730668077e-01	2.044314334593260452e-01	2.084844311997104960e-01	1.257018708451579925e-01	6.183733056923683413e-02	2.322312857833917776e-02	5.951814807498998633e-02
8.272587065350534203e+02	3.136397302272171395e-01	2.023871764186723210e-01	2.107420913609955593e-01	1.270269133550855356e-01	6.236739380634744034e-02	2.352107280687821406e-02	6.031562202463114364e-02
8.417720171760191761e+02	3.105293723262100292e-01	2.003771301001604221e-01	2.129617802429944751e-01	1.283266054999334937e-01	6.288849137502504349e-02	2.381663131383823795e-02	6.109998914166563794e-02
8.562853278169851592e+02	3.074716698994244268e-01	1.984007213868627661e-01	2.151441345354892509e-01	1.296014966499346444e-01	6.340078790853158341e-02	2.410974377177670797e-02	6.187144584780789741e-02
8.707986384579510286e+02	3.044657252494963329e-01	1.964573867648195804e-01	2.172897802452948002e-01	1.308521228556638327e-01	6.390444215166500574e-02	2.440035490232464119e-02	6.263018783056303884e-02
8.853119490989170117e+02	3.015106563352785707e-01	1.945465721620883159e-01	2.193993328759039907e-01	1.320790070171597719e-01	6.439960775288863792e-02	2.468841418827246934e-02	6.337640966823543387e-02
8.998252597398827675e+02	2.986055964673423602e-01	1.926677327904931236e-01	2.214733976040773877e-01	1.332826591020819518e-01	6.488643389153242458e-02	2.497387560929786865e-02	6.411030453500210502e-02
9.143385703808486369e+02	2.957496940143778952e-01	1.908203329900277634e-01	2.235125694534350060e-01	1.344635763990810751e-01	6.536506577580572519e-02	2.525669739779588113e-02	6.483206396930379922e-02
9.288518810218145063e+02	2.929421121191843613e-01	1.890038460758682870e-01	2.255174334651056933e-01	1.356222437956911553e-01	6.583564503960490089e-02	2.553684181197863820e-02	6.554187769239416816e-02
9.433651916627801484e+02	2.901820284231994007e-01	1.872177541879511131e-01	2.274885648654868531e-01	1.367591340724957361e-01	6.629831006002592786e-02	2.581427492396780321e-02	6.623993346670026261e-02
9.578785023037459041e+02	2.874686347987269186e-01	1.854615481430736956e-01	2.294265292311668814e-01	1.378747082072311891e-01	6.675319621273584358e-02	2.608896642104036045e-02	6.692641698585224952e-02
9.723918129447120009e+02	2.848011370881778359e-01	1.837347272894749306e-01	2.313318826510600279e-01	1.389694156839786088e-01	6.720043607863339374e-02	2.636088941853299839e-02	6.760151178996930132e-02
9.869051235856777566e+02	2.821787548497711184e-01	1.820367993638543902e-01	2.332051718858032252e-01	1.400436948037584450e-01	6.764015961231263641e-02	2.663002028318220415e-02	6.826539920114511883e-02
1.001418434226643626e+03	2.796007211092378375e-01	1.803672803507886668e-01	2.350469345244618202e-01	1.410979729937459348e-01	6.807249428056037777e-02	2.689633846589207025e-02	6.891825827514043434e-02
1.015931744867609382e+03	2.770662821171520074e-01	1.787256943445051371e-01	2.368576991385917818e-01	1.421326671130303254e-01	6.849756517733023020e-02	2.715982634309190707e-02	6.956026576612570067e-02
1.030445055508575479e+03	2.745746971115735069e-01	1.771115734129734831e-01	2.386379854337032924e-01	1.431481837533868096e-01	6.891549512023648072e-02	2.742046906598078274e-02	7.019159610197268917e-02
1.044958366149541234e+03	2.721252380857375197e-01	1.755244574642755018e-01	2.403883043981708822e-01	1.441449195339551126e-01	6.932640473251480695e-02	2.767825441706352196e-02	7.081242136810968202e-02
1.059471676790506763e+03	2.697171895605637859e-01	1.739638941152158724e-01	2.421091584496335436e-01	1.451232613890461598e-01	6.973041251353898073e-02	2.793317267346857521e-02	7.142291129836007835e-02
1.073984987431472746e+03	2.673498483617909316e-01	1.724294385621355508e-01	2.438010415789281238e-01	1.460835868485511613e-01	7.012763490031098668e-02	2.818521647660693005e-02	7.202323327150335353e-02
1.088498298072438729e+03	2.650225234015637921e-01	1.709206534538910416e-01	2.454644394915977135e-01	1.470262643106231559e-01	7.051818632181587609e-02	2.843438070778674109e-02	7.261355231254870701e-02
1.103011608713404712e+03	2.627345354643244590e-01	1.694371087669634401e-01	2.470998297470166361e-01	1.479516533064482164e-01	7.090217924772153346e-02	2.868066236944318004e-02	7.319403109790953432e-02
1.117524919354370468e+03	2.604852169968702169e-01	1.679783816826611320e-01	2.487076818951725887e-01	1.488601047570385361e-01	7.127972423258081835e-02	2.892406047167972796e-02	7.376482996382391355e-02
1.132038229995336451e+03	2.582739119024578534e-01	1.665440564663811795e-01	2.502884576111455983e-01	1.497519612220637730e-01	7.165092995644189999e-02	2.916457592384708378e-02	7.432610691748962883e-02
1.146551540636302207e+03	2.560999753388411015e-01	1.651337243488948114e-01	2.518426108273228992e-01	1.506275571408017544e-01	7.201590326257491237e-02	2.940221143091087397e-02	7.487801765048066049e-02
1.161064851277267962e+03	2.539627735201397951e-01	1.637469834096233201e-01	2.533705878633883968e-01	1.514872190653366590e-01	7.237474919286900066e-02	2.963697139437998160e-02	7.542071555408975947e-02
1.175578161918233945e+03	2.518616835224433692e-01	1.623834384618704774e-01	2.548728275541246036e-01	1.523312658861666058e-01	7.272757102133285689e-02	2.986886181758498932e-02	7.595435173630404879e-02
1.190091472559199701e+03	2.497960930930593626e-01	1.610427009399789666e-01	2.563497613750628790e-01	1.531600090504074696e-01	7.307447028603743233e-02	3.009789021511099019e-02	7.647907504016984714e-02
1.204604783200165684e+03	2.477654004633219054e-01	1.597243887883785518e-01	2.578018135660204990e-01	1.539737527727952915e-01	7.341554681976580898e-02	3.032406552620203408e-02	7.699503206334286365e-02
1.219118093841131440e+03	2.457690141648792570e-01	1.584281263524942862e-01	2.592294012525583335e-01	1.547727942397004175e-01	7.375089877957730078e-02	3.054739803196547879e-02	7.750236717865180425e-02
1.233631404482097196e+03	2.438063528493831511e-01	1.571535442714832032e-01	2.606329345653958240e-01	1.555574238063729686e-01	7.408062267544779367e-02	3.076789927621448317e-02	7.800122255552936756e-02
1.248144715123063179e+03	2.418768451115065055e-01	1.559002793727692626e-01	2.620128167578166800e-01	1.563279251876402154e-01	7.440481339811322314e-02	3.098558198979549719e-02	7.849173818218541099e-02
1.262658025764028707e+03	2.399799293152178048e-01	1.546679745683460228e-01	2.633694443211000991e-01	1.570845756422776240e-01	7.472356424621529047e-02	3.120046001825552834e-02	7.897405188841444268e-02
1.277171336404994690e+03	2.381150534232442106e-01	1.534562787528178096e-01	2.647032070980102625e-01	1.578276461512725382e-01	7.503696695282742468e-02	3.141254825271101031e-02	7.944829936894352851e-02
1.291684647045960673e+03	2.362816748296563962e-01	1.522648467031496866e-01	2.660144883943778571e-01	1.585574015901956291e-01	7.534511171142201091e-02	3.162186256378658050e-02	7.991461420723861009e-02
1.306197957686926657e+03	2.344792601955115185e-01	1.510933389800980242e-01	2.673036650888044874e-01	1.592741008958909465e-01	7.564808720132674968e-02	3.182841973849805800e-02	8.037312789969690285e-02
1.320711268327892412e+03	2.327072852874915720e-01	1.499414218312932201e-01	2.685711077405231184e-01	1.599779972276900442e-01	7.594598061270829703e-02	3.203223741995948892e-02	8.082396988016092576e-02
1.335224578968857941e+03	2.309652348194765059e-01	1.488087670959469810e-01	2.698171806954444696e-01	1.606693381233491869e-01	7.623887767111292568e-02	3.223333404979919492e-02	8.126726754469738856e-02
1.349737889609823924e+03	2.292526022969932908e-01	1.476950521111567993e-01	2.710422421904210011e-01	1.613483656499034580e-01	7.652686266158818806e-02	3.243172881317470113e-02	8.170314627658925577e-02
1.364251200250789907e+03	2.275688898644835645e-01	1.465999596197810062e-01	2.722466444557579135e-01	1.620153165496236447e-01	7.681001845240459369e-02	3.262744158628094054e-02	8.213172947149503800e-02
1.378764510891755890e+03	2.259136081553338171e-01	1.455231776798578125e-01	2.734307338160011924e-01	1.626704223812570904e-01	7.708842651839278859e-02	3.282049288625037836e-02	8.255313856273371886e-02
1.393277821532721646e+03	2.242862761446133557e-01	1.444643995755428012e-01	2.745948507890310641e-01	1.633139096567257920e-01	7.736216696390871284e-02	3.301090382334794654e-02	8.296749304665708424e-02
1.407791132173687402e+03	2.226864210044671166e-01	1.434233237295390595e-01	2.757393301834908939e-01	1.639459999734493856e-01	7.763131854543715848e-02	3.319869605536741874e-02	8.337491050807573079e-02
1.422304442814653157e+03	2.211135779621112296e-01	1.423996536169949978e-01	2.768645011945776724e-01	1.645669101424539760e-01	7.789595869384248472e-02	3.338389174413958910e-02	8.377550664570670991e-02
1.436817753455619140e+03	2.195672901603805405e-01	1.413930976808455697e-01	2.779706874982234566e-01	1.651768523124221288e-01	7.815616353627377610e-02	3.356651351406626099e-02	8.416939529761492678e-02
1.451331064096585123e+03	2.180471085207783266e-01	1.404033692485719964e-01	2.790582073436937982e-01	1.657760340898326579e-01	7.841200791773084156e-02	3.374658441259731356e-02	8.455668846662169058e-02
1.465844374737550879e+03	2.165525916089802994e-01	1.394301864503570687e-01	2.801273736446304730e-01	1.663646586553335360e-01	7.866356542229699378e-02	3.392412787257137463e-02	8.493749634565678219e-02
1.480357685378516862e+03	2.150833055027449592e-01	1.384732721386119081e-01	2.811784940685644885e-01	1.669429248764857099e-01	7.891090839404335533e-02	3.409916767634391110e-02	8.531192734303212621e-02
1.494870996019482618e+03	2.136388236621842018e-01	1.375323538088514819e-01	2.822118711249251288e-01	1.675110274170097946e-01	7.915410795760964568e-02	3.427172792162912207e-02	8.568008810761705563e-02
1.509384306660448374e+03	2.122187268023491558e-01	1.366071635218964464e-01	2.832278022515701266e-01	1.680691568426624372e-01	7.939323403846580696e-02	3.444183298898541995e-02	8.604208355389698915e-02
1.523897617301414357e+03	2.108226027680863979e-01	1.356974378273785309e-01	2.842265798998632742e-01	1.686174997238644724e-01	7.962835538285846504e-02	3.460950751087654709e-02	8.639801688689861814e-02
1.538410927942380113e+03	2.094500464111220817e-01	1.348029176885283398e-01	2.852084916183215135e-01	1.691562387351980556e-01	7.985953957744641729e-02	3.477477634224330344e-02	8.674798962696654570e-02
1.552924238583346096e+03	2.081006594693307343e-01	1.339233484082233139e-01	2.861738201348580368e-01	1.696855527518848217e-01	8.008685306862882436e-02	3.493766453252333815e-02	8.709210163437718089e-02
1.567437549224311852e+03	2.067740504481477559e-01	1.330584795562754219e-01	2.871228434376434935e-01	1.702056169433533162e-01	8.031036118157000581e-02	3.509819729905878927e-02	8.743045113377752309e-02
1.581950859865277607e+03	2.054698345040852359e-01	1.322080648979370165e-01	2.880558348546090608e-01	1.707166028639993394e-01	8.053012813892466981e-02	3.525640000183403316e-02	8.776313473843694313e-02
1.596464170506243590e+03	2.041876333303108970e-01	1.313718623236053429e-01	2.889730631316148046e-01	1.712186785412386225e-01	8.074621707926692149e-02	3.541229811948801154e-02	8.809024747430158064e-02
1.610977481147209119e+03	2.029270750442515314e-01	1.305496337797049933e-01	2.898747925093048683e-01	1.717120085609477320e-01	8.095869007522707439e-02	3.556591722654776216e-02	8.841188280384218445e-02
1.625490791788175102e+03	2.016877940771832356e-01	1.297411452007283250e-01	2.907612827986720272e-01	1.721967541503847954e-01	8.116760815133977625e-02	3.571728297183186102e-02	8.872813264968620883e-02
1.640004102429141085e+03	2.004694310657705869e-01	1.289461664424153275e-01	2.916327894553532585e-01	1.726730732586785055e-01	8.137303130160698783e-02	3.586642105797450963e-02	8.903908741802710192e-02
1.654517413070107068e+03	1.992716327455189007e-01	1.281644712160530108e-01	2.924895636526782527e-01	1.731411206349700027e-01	8.157501850677970068e-02	3.601335722202296530e-02	8.934483602180340323e-02
1.669030723711072824e+03	1.980940518461035416e-01	1.273958370238759130e-01	2.933318523534910183e-01	1.736010479042893739e-01	8.177362775136177986e-02	3.615811721706273935e-02	8.964546590364184941e-02
1.683544034352038352e+03	1.969363469885413442e-01	1.266400450955491586e-01	2.941598983807657275e-01	1.740530036412446802e-01	8.196891604033962331e-02	3.630072679482695269e-02	8.994106305855872896e-02
1.698057344993004335e+03	1.957981825841703660e-01	1.258968803257159430e-01	2.949739404870366233e-01	1.744971334415988673e-01	8.216093941564152348e-02	3.644121168924788212e-02	9.023171205641494774e-02
1.712570655633970318e+03	1.946792287354036921e-01	1.251661312125917358e-01	2.957742134226629682e-01	1.749335799918071421e-01	8.234975297232983993e-02	3.657959760091026441e-02	9.051749606412046179e-02
1.727083966274936301e+03	1.935791611382251531e-01	1.244475897975873546e-01	2.965609480029473000e-01	1.753624831365838133e-01	8.253541087453025726e-02	3.671591018236772253e-02	9.079849686758441341e-02
1.741597276915902057e+03	1.924976609863944810e-01	1.237410516059439386e-01	2.973343711741275319e-01	1.757839799445658213e-01	8.271796637110109818e-02	3.685017502428510061e-02	9.107479489340798706e-02
1.756110587556867813e+03	1.914344148773304832e-01	1.230463155883627230e-01	2.980947060782607183e-01	1.761982047721369626e-01	8.289747181104681339e-02	3.698241764237095858e-02	9.134646923031729260e-02
1.770623898197833569e+03	1.903891147196412614e-01	1.223631840636130036e-01	2.988421721170180234e-01	1.766052893254745904e-01	8.307397865867899300e-02	3.711266346506591346e-02	9.161359765033413871e-02
1.785137208838799552e+03	1.893614576422714968e-01	1.216914626621017764e-01	2.995769850144088808e-01	1.770053627208784397e-01	8.324753750852845191e-02	3.724093782195389557e-02	9.187625662968290641e-02
1.799650519479765535e+03	1.883511459052369386e-01	1.210309602703891624e-01	3.002993568784522171e-01	1.773985515434384486e-01	8.341819810001212254e-02	3.736726593286467113e-02	9.213452136943231507e-02
1.814163830120731291e+03	1.873578868119170904e-01	1.203814889766333801e-01	3.010094962618125036e-01	1.777849799040965018e-01	8.358600933185822424e-02	3.749167289763724598e-02	9.238846581587088769e-02
1.828677140761696819e+03	1.863813926228778672e-01	1.197428640169501957e-01	3.017076082214183996e-01	1.781647694951554450e-01	8.375101927629319265e-02	3.761418368651502087e-02	9.263816268061574044e-02
1.843190451402663257e+03	1.854213804711959124e-01	1.191149037226710561e-01	3.023938943770804189e-01	1.785380396442855788e-01	8.391327519299396354e-02	3.773482313114466524e-02	9.288368346045419721e-02
1.857703762043628785e+03	1.844775722792578176e-01	1.184974294684850854e-01	3.030685529691253821e-01	1.789049073670782863e-01	8.407282354280908032e-02	3.785361591615183513e-02	9.312509845691829824e-02
1.872217072684594768e+03	1.835496946770069082e-01	1.178902656214500105e-01	3.037317789150630332e-01	1.792654874181934255e-01	8.422971000125203944e-02	3.797058657126796410e-02	9.336247679559234181e-02
1.886730383325560297e+03	1.826374789216117789e-01	1.172932394908576675e-01	3.043837638653022482e-01	1.796198923411461423e-01	8.438397947177039837e-02	3.808575946398334855e-02	9.359588644515409728e-02
1.901243693966526507e+03	1.817406608185304917e-01	1.167061812789394470e-01	3.050246962579318266e-01	1.799682325167768215e-01	8.453567609879390765e-02	3.819915879270276843e-02	9.382539423615036955e-02
1.915757004607492036e+03	1.808589806439454828e-01	1.161289240323978428e-01	3.056547613725824619e-01	1.803106162104458898e-01	8.468484328056534449e-02	3.831080858038084930e-02	9.405106587950774755e-02
1.930270315248458019e+03	1.799921830685442259e-01	1.155613035947501976e-01	3.062741413833845461e-01	1.806471496179945790e-01	8.483152368175692071e-02	3.842073266861525255e-02	9.427296598477985512e-02
1.944783625889424002e+03	1.791400170826215887e-01	1.150031585594708805e-01	3.068830154110376851e-01	1.809779369105101732e-01	8.497575924587609519e-02	3.852895471217678697e-02	9.449115807813236734e-02
1.959296936530389530e+03	1.783022359224799014e-01	1.144543302239188209e-01	3.074815595740061913e-01	1.813030802779334871e-01	8.511759120746373308e-02	3.863549817395617314e-02	9.470570462006717982e-02
1.973810247171355968e+03	1.774785969981036715e-01	1.139146625440369820e-01	3.080699470388560401e-01	1.816226799715449924e-01	8.525706010408796998e-02	3.874038632030828155e-02	9.491666702288750757e-02
1.988323557812321269e+03	1.766688618220857709e-01	1.133840020898108092e-01	3.086483480697467807e-01	1.819368343453642012e-01	8.539420578813702867e-02	3.884364221677517881e-02	9.512410566790564792e-02
2.002836868453287707e+03	1.758727959397828333e-01	1.128621980014731796e-01	3.092169300770935547e-01	1.822456398964962254e-01	8.552906743841405535e-02	3.894528872417029469e-02	9.532807992239528128e-02
2.017350179094252780e+03	1.750901688606778805e-01	1.123491019464431945e-01	3.097758576654122686e-01	1.825491913044576531e-01	8.566168357153733370e-02	3.904534849500668203e-02	9.552864815629040496e-02
2.031863489735218764e+03	1.743207539909286674e-01	1.118445680769863670e-01	3.103252926803625189e-01	1.828475814695132984e-01	8.579209205314868025e-02	3.914384397025289647e-02	9.572586775863296815e-02
2.046376800376184747e+03	1.735643285670803171e-01	1.113484529885844648e-01	3.108653942550008709e-01	1.831409015500538306e-01	8.592033010893342093e-02	3.924079737640099458e-02	9.591979515377146992e-02
2.060890111017150957e+03	1.728206735909217640e-01	1.108606156790026970e-01	3.113963188552585915e-01	1.834292409990432027e-01	8.604643433545471065e-02	3.933623072283148198e-02	9.611048581731287954e-02
2.075403421658116713e+03	1.720895737654655755e-01	1.103809175080429639e-01	3.119182203246561036e-01	1.837126875995642727e-01	8.617044071080534606e-02	3.943016579946089645e-02	9.629799429183008574e-02
2.089916732299082469e+03	1.713708174320310307e-01	1.099092221579713591e-01	3.124312499282678735e-01	1.839913274994892656e-01	8.629238460507993036e-02	3.952262417465817607e-02	9.648237420232763650e-02
2.104430042940048224e+03	1.706641965084109702e-01	1.094453955946087936e-01	3.129355563959488884e-01	1.842652452453015510e-01	8.641230079067041547e-02	3.961362719341657984e-02	9.666367827146803149e-02
2.118943353581013525e+03	1.699695064281034340e-01	1.089893060290735710e-01	3.134312859648372140e-01	1.845345238150934986e-01	8.653022345238779722e-02	3.970319597576850434e-02	9.684195833456119007e-02
2.133456664221980191e+03	1.692865460805886568e-01	1.085408238801650049e-01	3.139185824211425113e-01	1.847992446507651931e-01	8.664618619741290551e-02	3.979135141543101162e-02	9.701726535431989817e-02
2.147969974862945492e+03	1.686151177526333533e-01	1.080998217373773107e-01	3.143975871412343914e-01	1.850594876894470220e-01	8.676022206507896795e-02	3.987811417867045960e-02	9.718964943538363488e-02
2.162483285503912157e+03	1.679550270706041959e-01	1.076661743245331815e-01	3.148684391320411557e-01	1.853153313941689473e-01	8.687236353648879195e-02	3.996350470337508426e-02	9.735915983861370693e-02
2.176996596144877003e+03	1.673060829437722219e-01	1.072397584640268076e-01	3.153312750707711887e-01	1.855668527837984749e-01	8.698264254396931294e-02	4.004754319832477816e-02	9.752584499516224470e-02
2.191509906785843214e+03	1.666680975085911565e-01	1.068204530416659026e-01	3.157862293439677726e-01	1.858141274622681083e-01	8.709109048036613177e-02	4.013024964264792771e-02	9.768975252031800172e-02
2.206023217426809424e+03	1.660408860739321091e-01	1.064081389721029669e-01	3.162334340859091486e-01	1.860572296471130482e-01	8.719773820818066401e-02	4.021164378545548368e-02	9.785092922713155283e-02
2.220536528067775180e+03	1.654242670672581017e-01	1.060026991648455735e-01	3.166730192163645929e-01	1.862962321973384017e-01	8.730261606855266310e-02	4.029174514564283494e-02	9.800942113982276382e-02
2.235049838708740936e+03	1.648180619817218029e-01	1.056040184908363377e-01	3.171051124777168884e-01	1.865312066406354385e-01	8.740575389009044849e-02	4.037057301185055513e-02	9.816527350697341892e-02
2.249563149349706237e+03	1.642220953241700365e-01	1.052119837495927301e-01	3.175298394714626271e-01	1.867622231999647719e-01	8.750718099755158685e-02	4.044814644257541808e-02	9.831853081450768472e-02
2.264076459990672902e+03	1.636361945640396054e-01	1.048264836368975467e-01	3.179473236941000591e-01	1.869893508195245024e-01	8.760692622037645483e-02	4.052448426642345225e-02	9.846923679846324162e-02
2.278589770631638203e+03	1.630601900831281925e-01	1.044474087130306678e-01	3.183576865724151439e-01	1.872126571901205905e-01	8.770501790107705642e-02	4.059960508249714495e-02	9.861743445755610793e-02
2.293103081272604413e+03	1.624939151262256021e-01	1.040746513715331278e-01	3.187610474981758535e-01	1.874322087739558607e-01	8.780148390348356535e-02	4.067352726090928128e-02	9.876316606554162714e-02
2.307616391913570169e+03	1.619372057525898523e-01	1.037081058084945856e-01	3.191575238622447741e-01	1.876480708288536248e-01	8.789635162085113196e-02	4.074626894341618760e-02	9.890647318337474070e-02
2.322129702554535925e+03	1.613899007882536873e-01	1.033476679923553132e-01	3.195472310881194433e-01	1.878603074319317168e-01	8.798964798382898078e-02	4.081784804416354467e-02	9.904739667117223867e-02
2.336643013195502135e+03	1.608518417791464095e-01	1.029932356342141420e-01	3.199302826649103038e-01	1.880689815027418721e-01	8.808139946829435241e-02	4.088828225053809523e-02	9.918597669997972210e-02
2.351156323836467891e+03	1.603228729450177359e-01	1.026447081586339821e-01	3.203067901797655992e-01	1.882741548258888287e-01	8.817163210305355159e-02	4.095758902411903574e-02	9.932225276334616382e-02
2.365669634477433647e+03	1.598028411341487209e-01	1.023019866749364376e-01	3.206768633497524834e-01	1.884758880731431940e-01	8.826037147741223887e-02	4.102578560172296523e-02	9.945626368870882916e-02
2.380182945118399402e+03	1.592915957788365311e-01	1.019649739489773693e-01	3.210406100532037788e-01	1.886742408250620395e-01	8.834764274861714450e-02	4.109288899653673610e-02	9.958804764859129077e-02
2.394696255759364703e+03	1.587889888516396675e-01	1.016335743753953580e-01	3.213981363605386554e-01	1.888692715921297949e-01	8.843347064917152223e-02	4.115891599933265560e-02	9.971764217161721566e-02
2.409209566400331823e+03	1.582948748223699520e-01	1.013076939503251006e-01	3.217495465645671127e-01	1.890610378354327381e-01	8.851787949402639688e-02	4.122388317976072997e-02	9.984508415334281128e-02
2.423722877041296670e+03	1.578091106158188983e-01	1.009872402445680800e-01	3.220949432102854226e-01	1.892495959868791544e-01	8.860089318764965971e-02	4.128780688771308688e-02	9.997040986691049791e-02
2.438236187682262880e+03	1.573315555702050617e-01	1.006721223772126805e-01	3.224344271241728066e-01	1.894350014689769324e-01	8.868253523097514857e-02	4.135070325475555947e-02	1.000936549735264997e-01
2.452749498323228636e+03	1.568620713963304325e-01	1.003622509896962695e-01	3.227680974429965599e-01	1.896173087141806712e-01	8.876282872823364201e-02	4.141258819562204652e-02	1.002148545327650880e-01
2.467262808964194392e+03	1.564005221374328847e-01	1.000575382203018754e-01	3.230960516421339523e-01	1.897965711838187630e-01	8.884179639366793224e-02	4.147347740976721486e-02	1.003340430127020733e-01
2.481776119605160602e+03	1.559467741297235754e-01	9.975789767908219141e-02	3.234183855634194527e-01	1.899728413866121346e-01	8.891946055813379490e-02	4.153338638297331825e-02	1.004512542998801244e-01
2.496289430246126358e+03	1.555006959635963915e-01	9.946324442320368664e-02	3.237351934425253264e-01	1.901461708967945585e-01	8.899584317558886792e-02	4.159233038900723295e-02	1.005665217091085417e-01
2.510802740887092114e+03	1.550621584454983382e-01	9.917349493270383176e-02	3.240465679358823792e-01	1.903166103718447744e-01	8.907096582947125751e-02	4.165032449132384518e-02	1.006798779931001031e-01
2.525316051528057415e+03	1.546310345604496872e-01	9.888856708665437478e-02	3.243526001471502829e-01	1.904842095698407178e-01	8.914484973896986963e-02	4.170738354481227234e-02	1.007913553519473454e-01
2.539829362169024080e+03	1.542071994352018638e-01	9.860838013972421379e-02	3.246533796532431460e-01	1.906490173664447951e-01	8.921751576518822946e-02	4.176352219758133061e-02	1.009009854424409991e-01
2.554342672809989381e+03	1.537905303020226933e-01	9.833285469913476129e-02	3.249489945299194327e-01	1.908110817715302221e-01	8.928898441720349577e-02	4.181875489278109176e-02	1.010087993872328671e-01
2.568855983450955591e+03	1.533809064630981822e-01	9.806191270200141641e-02	3.252395313769425589e-01	1.909704499454565607e-01	8.935927585802279360e-02	4.187309587045729559e-02	1.011148277838457565e-01
2.583369294091921347e+03	1.529782092555393991e-01	9.779547739305474718e-02	3.255250753428196586e-01	1.911271682150041673e-01	8.942840991043810028e-02	4.192655916943572453e-02	1.012191007135327392e-01
2.597882604732887103e+03	1.525823220169854055e-01	9.753347330273487437e-02	3.258057101491255714e-01	1.912812820889749632e-01	8.949640606278191912e-02	4.197915862923359137e-02	1.013216477499883084e-01
2.612395915373853313e+03	1.521931300517902208e-01	9.727582622565285331e-02	3.260815181144188779e-01	1.914328362734686872e-01	8.956328347458505923e-02	4.203090789199535882e-02	1.014224979679135830e-01
2.626909226014819069e+03	1.518105205977854644e-01	9.702246319941297548e-02	3.263525801777573121e-01	1.915818746868419575e-01	8.962906098213843653e-02	4.208182040445033328e-02	1.015216799514381263e-01
2.641422536655784825e+03	1.514343827936073805e-01	9.677331248378977235e-02	3.266189759218189326e-01	1.917284404743581361e-01	8.969375710396032542e-02	4.213190941988958355e-02	1.016192218024004196e-01
2.655935847296750580e+03	1.510646076465795296e-01	9.652830354025404569e-02	3.268807835956351049e-01	1.918725760225355181e-01	8.975739004617078187e-02	4.218118800015994291e-02	1.017151511484895715e-01
2.670449157937716336e+03	1.507010880011407650e-01	9.628736701184174851e-02	3.271380801369430102e-01	1.920143229732009793e-01	8.981997770777493117e-02	4.222966901767273573e-02	1.018094951512502483e-01
2.684962468578682547e+03	1.503437185078098648e-01	9.605043470336024902e-02	3.273909411941630099e-01	1.921537222372564357e-01	8.988153768585635528e-02	4.227736515742530621e-02	1.019022805139531557e-01
2.699475779219648302e+03	1.499923955926769359e-01	9.581743956192616263e-02	3.276394411480078595e-01	1.922908140081645012e-01	8.994208728068245340e-02	4.232428891903324691e-02	1.019935334893332379e-01
2.713989089860614058e+03	1.496470174274130149e-01	9.558831565782933970e-02	3.278836531327292692e-01	1.924256377751605018e-01	9.000164350072306640e-02	4.237045261877139812e-02	1.020832798871978281e-01
2.728502400501579814e+03	1.493074838997887066e-01	9.536299816571727761e-02	3.281236490570086928e-01	1.925582323361972603e-01	9.006022306758391938e-02	4.241586839162191785e-02	1.021715450819066506e-01
2.743015711142545115e+03	1.489736965846931716e-01	9.514142334609496099e-02	3.283594996244977859e-01	1.926886358106284780e-01	9.011784242085629781e-02	4.246054819332771568e-02	1.022583540197260360e-01
2.757529021783511780e+03	1.486455587156449709e-01	9.492352852713449585e-02	3.285912743540141956e-01	1.928168856516374874e-01	9.017451772288442857e-02	4.250450380244950865e-02	1.023437312260593035e-01
2.772042332424477081e+03	1.483229751567861909e-01	9.470925208678956930e-02	3.288190415993993976e-01	1.929430186584167317e-01	9.023026486345195329e-02	4.254774682242516010e-02	1.024277008125552835e-01
2.786555643065443292e+03	1.480058523753516320e-01	9.449853343520958626e-02	3.290428685690430233e-01	1.930670709881044111e-01	9.028509946438888212e-02	4.259028868362968456e-02	1.025102864840970185e-01
2.801068953706408593e+03	1.476940984146048741e-01	9.429131299744836214e-02	3.292628213450802810e-01	1.931890781674830415e-01	9.033903688410031829e-02	4.263214064543466297e-02	1.025915115456727256e-01
2.815582264347374803e+03	1.473876228672332811e-01	9.408753219646248667e-02	3.294789649022674127e-01	1.933090751044461431e-01	9.039209222201834149e-02	4.267331379826571486e-02	1.026713989091308787e-01
2.830095574988341014e+03	1.470863368491941436e-01	9.388713343639468190e-02	3.296913631265406819e-01	1.934270960992381938e-01	9.044428032297849307e-02	4.271381906565686892e-02	1.027499710998211885e-01
2.844608885629306769e+03	1.467901529740040234e-01	9.369006008613697811e-02	3.299000788332644984e-01	1.935431748554726217e-01	9.049561578152177932e-02	4.275366720630055517e-02	1.028272502631237539e-01
2.859122196270272525e+03	1.464989853274638321e-01	9.349625646316955807e-02	3.301051737851734558e-01	1.936573444909333030e-01	9.054611294612394112e-02	4.279286881609230264e-02	1.029032581708678729e-01
2.873635506911238281e+03	1.462127494428123176e-01	9.330566781767003770e-02	3.303067087100133858e-01	1.937696375481643418e-01	9.059578592335280900e-02	4.283143433016897011e-02	1.029780162276423966e-01
2.888148817552204036e+03	1.459313622763003804e-01	9.311824031688921421e-02	3.305047433178873173e-01	1.938800860048527641e-01	9.064464858195522834e-02	4.286937402493962157e-02	1.030515454769997119e-01
2.902662128193170247e+03	1.456547421831793088e-01	9.293392102978847991e-02	3.306993363183099999e-01	1.939887212840088748e-01	9.069271455687469286e-02	4.290669802010810274e-02	1.031238666075547789e-01
2.917175438834136003e+03	1.453828088940955221e-01	9.275265791193459952e-02	3.308905454369769905e-01	1.940955742639485782e-01	9.073999725320078258e-02	4.294341628068649996e-02	1.031949999589812372e-01
2.931688749475101758e+03	1.451154834918852166e-01	9.257439979064756297e-02	3.310784274322524090e-01	1.942006752880825193e-01	9.078650985005169705e-02	4.297953861899866251e-02	1.032649655279061079e-01
2.946202060116067514e+03	1.448526883887617800e-01	9.239909635039725289e-02	3.312630381113805811e-01	1.943040541745157113e-01	9.083226530439099389e-02	4.301507469667299050e-02	1.033337829737048519e-01
2.960715370757033725e+03	1.445943473038896476e-01	9.222669811844479149e-02	3.314444323464255659e-01	1.944057402254621425e-01	9.087727635477950427e-02	4.305003402662391232e-02	1.034014716241986043e-01
2.975228681397999480e+03	1.443403852413374933e-01	9.205715645072440334e-02	3.316226640899438416e-01	1.945057622364784466e-01	9.092155552506377136e-02	4.308442597502125382e-02	1.034680504812549723e-01
2.989741992038964781e+03	1.440907284684048162e-01	9.189042351796182506e-02	3.317977863903939784e-01	1.946041485055204634e-01	9.096511512800192767e-02	4.311825976324695081e-02	1.035335382262941584e-01
3.004255302679930992e+03	1.438453044943151238e-01	9.172645229202530670e-02	3.319698514072884632e-01	1.947009268418265215e-01	9.100796726882809384e-02	4.315154446983852921e-02	1.035979532257020053e-01
3.018768613320896748e+03	1.436040420492697978e-01	9.156519653250513868e-02	3.321389104260910052e-01	1.947961245746311909e-01	9.105012384875652010e-02	4.318428903241883915e-02	1.036613135361514754e-01
3.033281923961862958e+03	1.433668710638562049e-01	9.140661077351823482e-02	3.323050138728645964e-01	1.948897685617131392e-01	9.109159656842612252e-02	4.321650224961152975e-02	1.037236369098341188e-01
3.047795234602828714e+03	1.431337226488041958e-01	9.125065031073356647e-02	3.324682113286736018e-01	1.949818851977808687e-01	9.113239693128687147e-02	4.324819278294170927e-02	1.037849407996030426e-01
3.062308545243794470e+03	1.429045290750851072e-01	9.109727118861508932e-02	3.326285515437450435e-01	1.950725004226993575e-01	9.117253624692871206e-02	4.327936915872162421e-02	1.038452423640289640e-01
3.076821855884760225e+03	1.426792237543471065e-01	9.094643018787829103e-02	3.327860824513917959e-01	1.951616397295613536e-01	9.121202563435409916e-02	4.331003976992064963e-02	1.039045584723705812e-01
3.091335166525725526e+03	1.424577412196817161e-01	9.079808481315700119e-02	3.329408511817030791e-01	1.952493281726065122e-01	9.125087602519514618e-02	4.334021287801946565e-02	1.039629057094609704e-01
3.105848477166692192e+03	1.422400171067152996e-01	9.065219328087673056e-02	3.330929040750050252e-01	1.953355903749914302e-01	9.128909816687624801e-02	4.336989661484796921e-02	1.040203003805112436e-01
3.120361787807657493e+03	1.420259881350201536e-01	9.050871450733115331e-02	3.332422866950958684e-01	1.954204505364138811e-01	9.132670262572324671e-02	4.339909898440670599e-02	1.040767585158329511e-01
3.134875098448624158e+03	1.418155920898402089e-01	9.036760809695838781e-02	3.333890438422591473e-01	1.955039324405943302e-01	9.136369979001977837e-02	4.342782786467143386e-02	1.041322958754806183e-01
3.149388409089589004e+03	1.416087678041252629e-01	9.022883433081373139e-02	3.335332195660590249e-01	1.955860594626175619e-01	9.140009987301200844e-02	4.345609100938067210e-02	1.041869279538156084e-01
3.163901719730555214e+03	1.414054551408690519e-01	9.009235415523531021e-02	3.336748571779208361e-01	1.956668545761371947e-01	9.143591291586253278e-02	4.348389604980600065e-02	1.042406699839929229e-01
3.178415030371521425e+03	1.412055949757456963e-01	8.995812917069989645e-02	3.338139992635009157e-01	1.957463403604464969e-01	9.147114879055412429e-02	4.351125049650478999e-02	1.042935369423718672e-01
3.192928341012487181e+03	1.410091291800396329e-01	8.982612162086518748e-02	3.339506876948493130e-01	1.958245390074175030e-01	9.150581720274447717e-02	4.353816174105540338e-02	1.043455435528522907e-01
3.207441651653452936e+03	1.408160006038639556e-01	8.969629438179572978e-02	3.340849636423681157e-01	1.959014723283116488e-01	9.153992769457254541e-02	4.356463705777448292e-02	1.043967042911372878e-01
3.221954962294418237e+03	1.406261530596622789e-01	8.956861095136937900e-02	3.342168675865699878e-01	1.959771617604643967e-01	9.157348964741748865e-02	4.359068360541631937e-02	1.044470333889238600e-01
3.236468272935384903e+03	1.404395313059892680e-01	8.944303543886121532e-02	3.343464393296392001e-01	1.960516283738464316e-01	9.160651228461080819e-02	4.361630842885418080e-02	1.044965448380226203e-01
3.250981583576350204e+03	1.402560810315651441e-01	8.931953255470187480e-02	3.344737180067988702e-01	1.961248928775039257e-01	9.163900467410272810e-02	4.364151846074341284e-02	1.045452523944077339e-01
3.265494894217316414e+03	1.400757488395996397e-01	8.919806760040756288e-02	3.345987420974880222e-01	1.961969756258802322e-01	9.167097573108336228e-02	4.366632052316635204e-02	1.045931695821984420e-01
3.280008204858282170e+03	1.398984822323803834e-01	8.907860645867868299e-02	3.347215494363511290e-01	1.962678966250217261e-01	9.170243422055962546e-02	4.369072132925887197e-02	1.046403096975731251e-01
3.294521515499247926e+03	1.397242295961220460e-01	8.896111558366444350e-02	3.348421772240433025e-01	1.963376755386695427e-01	9.173338875988844288e-02	4.371472748481858295e-02	1.046866858126171695e-01
3.309034826140214136e+03	1.395529401860707841e-01	8.884556199139041766e-02	3.349606620378545174e-01	1.964063316942401827e-01	9.176384782126728590e-02	4.373834548989461585e-02	1.047323107791057195e-01
